"NUM_POSTE","NOM_USUEL","LAT","LON","ALTI","AAAAMMJJHH","RR1","QRR1","DRR1","QDRR1","FF","QFF","DD","QDD","FXY","QFXY","DXY","QDXY","HXY","QHXY","FXI","QFXI","DXI","QDXI","HXI","QHXI","FF2","QFF2","DD2","QDD2","FXI2","QFXI2","DXI2","QDXI2","HXI2","QHXI2","FXI3S","QFXI3S","DXI3S","QDXI3S","HFXI3S","QHFXI3S","T","QT","TD","QTD","TN","QTN","HTN","QHTN","TX","QTX","HTX","QHTX","DG","QDG","T10","QT10","T20","QT20","T50","QT50","T100","QT100","TNSOL","QTNSOL","TN50","QTN50","TCHAUSSEE","QTCHAUSSEE","DHUMEC","QDHUMEC","U","QU","UN","QUN","HUN","QHUN","UX","QUX","HUX","QHUX","DHUMI40","QDHUMI40","DHUMI80","QDHUMI80","TSV","QTSV","PMER","QPMER","PSTAT","QPSTAT","PMERMIN","QPMERMIN","GEOP","QGEOP","N","QN","NBAS","QNBAS","CL","QCL","CM","QCM","CH","QCH","N1","QN1","C1","QC1","B1","QB1","N2","QN2","C2","QC2","B2","QB2","N3","QN3","C3","QC3","B3","QB3","N4","QN4","C4","QC4","B4","QB4","VV","QVV","DVV200","QDVV200","WW","QWW","W1","QW1","W2","QW2","SOL","QSOL","SOLNG","QSOLNG","TMER","QTMER","VVMER","QVVMER","ETATMER","QETATMER","DIRHOULE","QDIRHOULE","HVAGUE","QHVAGUE","PVAGUE","QPVAGUE","HNEIGEF","QHNEIGEF","NEIGETOT","QNEIGETOT","TSNEIGE","QTSNEIGE","TUBENEIGE","QTUBENEIGE","HNEIGEFI3","QHNEIGEFI3","HNEIGEFI1","QHNEIGEFI1","ESNEIGE","QESNEIGE","CHARGENEIGE","QCHARGENEIGE","GLO","QGLO","GLO2","QGLO2","DIR","QDIR","DIR2","QDIR2","DIF","QDIF","DIF2","QDIF2","UV","QUV","UV2","QUV2","UV_INDICE","QUV_INDICE","INFRAR","QINFRAR","INFRAR2","QINFRAR2","INS","QINS","INS2","QINS2","TLAGON","QTLAGON","TVEGETAUX","QTVEGETAUX","ECOULEMENT","QECOULEMENT"
"09193400","Mijanes",42.7265,2.017,1530,2015010106,"","","","",7.,9,270,9,"","","","","","","","","","","","","","","","","","","","","","","","","","","","",3.,9,-19.6,9,"","","","","","","","","","","","","","","","","","","","","","","","","","",17,9,"","","","","","","","","","","","",1.3,9,"","","","","","","","",0,9,0,9,0,9,0,9,0,9,"","","","","","","","","","","","","","","","","","","","","","","","","","","","",0,9,0,9,0,9,"","","","","","","","","","","","","","","","","","",25,9,-5.4,1,5,1,"","",0,9,0,1,"","","","","","","","","","","","","","","","","","","","","","","","","","","","","","","","","",""
"09193400","Mijanes",42.7265,2.017,1530,2015010112,"","","","",7.,9,270,9,"","","","","","","","","","","","","","","","","","","","","","","","","","","","",6.8,9,-17.2,9,"","","","","","","","","","","","","","","","","","","","","","","","","","",16,9,"","","","","","","","","","","","",1.6,9,"","","","","","","","",0,9,0,9,0,9,0,9,0,9,"","","","","","","","","","","","","","","","","","","","","","","","","","","","",0,9,0,9,0,9,"","","","","","","","","","","","","","","","",0,9,25,9,-1.5,1,5,1,"","","","",0,1,"","","","","","","","","","","","","","","","","","","","","","","","","","","","","","","","","",""
"09193400","Mijanes",42.7265,2.017,1530,2015010206,"","","","",7.,9,270,9,"","","","","","","","","","","","","","","","","","","","","","","","","","","","",5.,9,-12.8,9,"","","","","","","","","","","","","","","","","","","","","","","","","","",26,9,"","","","","","","","","","","","",2.3,9,"","","","","","","","",3,9,0,9,0,9,0,9,2,9,"","","","","","","","","","","","","","","","","","","","","","","","","","","","",0,9,0,9,0,9,"","","","","","","","","","","","","","","","","","",25,9,-4.,1,5,1,"","",0,9,0,1,"","","","","","","","","","","","","","","","","","","","","","","","","","","","","","","","","",""
"09193400","Mijanes",42.7265,2.017,1530,2015010212,"","","","",2.,9,270,9,"","","","","","","","","","","","","","","","","","","","","","","","","","","","",8.8,9,-8.6,9,"","","","","","","","","","","","","","","","","","","","","","","","","","",28,9,"","","","","","","","","","","","",3.2,9,"","","","","","","","",3,9,0,9,0,9,0,9,2,9,"","","","","","","","","","","","","","","","","","","","","","","","","","","","",0,9,0,9,0,9,"","","","","","","","","","","","","","","","",0,9,25,9,-1.2,1,5,1,"","","","",0,1,"","","","","","","","","","","","","","","","","","","","","","","","","","","","","","","","","",""
"09193400","Mijanes",42.7265,2.017,1530,2015010306,"","","","",0.,9,0,9,"","","","","","","","","","","","","","","","","","","","","","","","","","","","",7.,9,1.1,9,"","","","","","","","","","","","","","","","","","","","","","","","","","",66,9,"","","","","","","","","","","","",6.6,9,"","","","","","","","",3,9,0,9,0,9,0,9,2,9,"","","","","","","","","","","","","","","","","","","","","","","","","","","","",0,9,0,9,0,9,"","","","","","","","","","","","","","","","","","",23,9,-1.9,1,1,1,"","",0,9,2,1,"","","","","","","","","","","","","","","","","","","","","","","","","","","","","","","","","",""
"09193400","Mijanes",42.7265,2.017,1530,2015010312,"","","","",7.,9,270,9,"","","","","","","","","","","","","","","","","","","","","","","","","","","","",10.2,9,0.9,9,"","","","","","","","","","","","","","","","","","","","","","","","","","",52,9,"","","","","","","","","","","","",6.5,9,"","","","","","","","",2,9,0,9,0,9,0,9,2,9,"","","","","","","","","","","","","","","","","","","","","","","","","","","","",0,9,0,9,0,9,"","","","","","","","","","","","","","","","",0,9,23,9,-1.,1,4,1,"","","","",2,1,"","","","","","","","","","","","","","","","","","","","","","","","","","","","","","","","","",""
"09193400","Mijanes",42.7265,2.017,1530,2015010406,"","","","",14.,9,270,9,"","","","","","","","","","","","","","","","","","","","","","","","","","","","",5.,9,1.5,9,"","","","","","","","","","","","","","","","","","","","","","","","","","",78,9,"","","","","","","","","","","","",6.8,9,"","","","","","","","",5,9,2,9,0,9,3,9,9,9,"","","","","","","","","","","","","","","","","","","","","","","","","","","","",0,9,0,9,0,9,"","","","","","","","","","","","","","","","","","",20,9,-1.1,1,4,1,"","",0,9,2,1,"","","","","","","","","","","","","","","","","","","","","","","","","","","","","","","","","",""
"09193400","Mijanes",42.7265,2.017,1530,2015010412,"","","","","","","","","","","","","","","","","","","","","","","","","","","","","","","","","","","","",7.9,1,-4.2,1,"","","","","","","","","","","","","","","","","","","","","","","","","","",42,1,"","","","","","","","","","","","",4.5,1,"","","","","","","","","","","","","","","","","","","","","","","","","","","","","","","","","","","","","","","","","","","","","","","","","","","","","","","","","","","","","","","","","","","","","","",18,1,-1.2,1,4,1,"","","","",2,1,"","","","","","","","","","","","","","","","","","","","","","","","","","","","","","","","","",""
"09193400","Mijanes",42.7265,2.017,1530,2015010506,"","","","",0.,9,0,9,"","","","","","","","","","","","","","","","","","","","","","","","","","","","",2.,9,-10.3,9,"","","","","","","","","","","","","","","","","","","","","","","","","","",40,9,"","","","","","","","","","","","",2.8,9,"","","","","","","","",0,9,0,9,0,9,0,9,0,9,"","","","","","","","","","","","","","","","","","","","","","","","","","","","",0,9,0,9,0,9,"","","","","","","","","","","","","","","","","","",17,9,-5.8,1,0,1,"","",0,9,5,1,"","","","","","","","","","","","","","","","","","","","","","","","","","","","","","","","","",""
"09193400","Mijanes",42.7265,2.017,1530,2015010512,"","","","",0.,9,0,9,"","","","","","","","","","","","","","","","","","","","","","","","","","","","",10.,9,-8.6,9,"","","","","","","","","","","","","","","","","","","","","","","","","","",26,9,"","","","","","","","","","","","",3.2,9,"","","","","","","","",0,9,0,9,0,9,0,9,0,9,"","","","","","","","","","","","","","","","","","","","","","","","","","","","",0,9,0,9,0,9,"","","","","","","","","","","","","","","","",0,9,17,9,-1.,1,0,1,"","","","",5,1,"","","","","","","","","","","","","","","","","","","","","","","","","","","","","","","","","",""
"09193400","Mijanes",42.7265,2.017,1530,2015010606,"","","","",2.,9,270,9,"","","","","","","","","","","","","","","","","","","","","","","","","","","","",0.5,9,-10.3,9,"","","","","","","","","","","","","","","","","","","","","","","","","","",44,9,"","","","","","","","","","","","",2.8,9,"","","","","","","","",0,9,0,9,0,9,0,9,0,9,"","","","","","","","","","","","","","","","","","","","","","","","","","","","",0,9,0,9,0,9,"","","","","","","","","","","","","","","","","","",15,9,-5.9,1,0,1,"","",0,9,5,1,"","","","","","","","","","","","","","","","","","","","","","","","","","","","","","","","","",""
"09193400","Mijanes",42.7265,2.017,1530,2015010612,"","","","",0.,9,0,9,"","","","","","","","","","","","","","","","","","","","","","","","","","","","",4.5,9,-1.7,9,"","","","","","","","","","","","","","","","","","","","","","","","","","",64,9,"","","","","","","","","","","","",5.4,9,"","","","","","","","",0,9,0,9,0,9,0,9,0,9,"","","","","","","","","","","","","","","","","","","","","","","","","","","","",0,9,0,9,0,9,"","","","","","","","","","","","","","","","",0,9,15,9,-1.1,1,1,1,"","","","",5,1,"","","","","","","","","","","","","","","","","","","","","","","","","","","","","","","","","",""
"09193400","Mijanes",42.7265,2.017,1530,2015010706,"","","","",2.,9,270,9,"","","","","","","","","","","","","","","","","","","","","","","","","","","","",-3.,9,-4.8,9,"","","","","","","","","","","","","","","","","","","","","","","","","","",88,9,"","","","","","","","","","","","",4.3,9,"","","","","","","","",3,9,1,9,5,9,0,9,2,9,"","","","","","","","","","","","","","","","","","","","","","","","","","","","",0,9,0,9,0,9,"","","","","","","","","","","","","","","","","","",15,9,-6.2,1,0,1,"","",0,9,5,1,"","","","","","","","","","","","","","","","","","","","","","","","","","","","","","","","","",""
"09193400","Mijanes",42.7265,2.017,1530,2015010712,"","","","",0.,9,0,9,"","","","","","","","","","","","","","","","","","","","","","","","","","","","",3.6,9,-1.4,9,"","","","","","","","","","","","","","","","","","","","","","","","","","",69,9,"","","","","","","","","","","","",5.5,9,"","","","","","","","",0,9,0,9,0,9,0,9,0,9,"","","","","","","","","","","","","","","","","","","","","","","","","","","","",0,9,0,9,0,9,"","","","","","","","","","","","","","","","",0,9,15,9,-1.3,1,0,1,"","","","",5,1,"","","","","","","","","","","","","","","","","","","","","","","","","","","","","","","","","",""
"09193400","Mijanes",42.7265,2.017,1530,2015010806,"","","","",2.,9,270,9,"","","","","","","","","","","","","","","","","","","","","","","","","","","","",0.5,9,-9.9,9,"","","","","","","","","","","","","","","","","","","","","","","","","","",46,9,"","","","","","","","","","","","",2.9,9,"","","","","","","","",1,9,0,9,0,9,0,9,2,9,"","","","","","","","","","","","","","","","","","","","","","","","","","","","",0,9,0,9,0,9,"","","","","","","","","","","","","","","","","","",15,9,-2.2,1,0,1,"","",0,9,7,1,"","","","","","","","","","","","","","","","","","","","","","","","","","","","","","","","","",""
"09193400","Mijanes",42.7265,2.017,1530,2015010812,"","","","","","","","","","","","","","","","","","","","","","","","","","","","","","","","","","","","",1.6,1,-10.8,1,"","","","","","","","","","","","","","","","","","","","","","","","","","",39,1,"","","","","","","","","","","","",2.7,1,"","","","","","","","","","","","","","","","","","","","","","","","","","","","","","","","","","","","","","","","","","","","","","","","","","","","","","","","","","","","","","","","","","","","","","",15,1,-1.5,1,1,1,"","","","",7,1,"","","","","","","","","","","","","","","","","","","","","","","","","","","","","","","","","",""
"09193400","Mijanes",42.7265,2.017,1530,2015010906,"","","","",7.,9,270,9,"","","","","","","","","","","","","","","","","","","","","","","","","","","","",3.8,9,-18.,9,"","","","","","","","","","","","","","","","","","","","","","","","","","",19,9,"","","","","","","","","","","","",1.5,9,"","","","","","","","",2,9,0,9,0,9,0,9,2,9,"","","","","","","","","","","","","","","","","","","","","","","","","","","","",0,9,0,9,0,9,"","","","","","","","","","","","","","","","","","",12,9,-1.7,1,0,1,"","",0,9,7,1,"","","","","","","","","","","","","","","","","","","","","","","","","","","","","","","","","",""
"09193400","Mijanes",42.7265,2.017,1530,2015010912,"","","","","","","","","","","","","","","","","","","","","","","","","","","","","","","","","","","","",5.4,1,-18.,1,"","","","","","","","","","","","","","","","","","","","","","","","","","",17,1,"","","","","","","","","","","","",1.5,1,"","","","","","","","","","","","","","","","","","","","","","","","","","","","","","","","","","","","","","","","","","","","","","","","","","","","","","","","","","","","","","","","","","","","","","",12,1,-1.1,1,5,1,"","","","",2,1,"","","","","","","","","","","","","","","","","","","","","","","","","","","","","","","","","",""
"09193400","Mijanes",42.7265,2.017,1530,2015011006,"","","","",14.,9,270,9,"","","","","","","","","","","","","","","","","","","","","","","","","","","","",10.,9,2.9,9,"","","","","","","","","","","","","","","","","","","","","","","","","","",61,9,"","","","","","","","","","","","",7.5,9,"","","","","","","","",0,9,0,9,0,9,0,9,0,9,"","","","","","","","","","","","","","","","","","","","","","","","","","","","",0,9,0,9,0,9,"","","","","","","","","","","","","","","","","","",10,9,-0.2,1,6,1,"","",0,9,2,1,"","","","","","","","","","","","","","","","","","","","","","","","","","","","","","","","","",""
"09193400","Mijanes",42.7265,2.017,1530,2015011012,"","","","",0.,9,0,9,"","","","","","","","","","","","","","","","","","","","","","","","","","","","",13.3,9,0.2,9,"","","","","","","","","","","","","","","","","","","","","","","","","","",41,9,"","","","","","","","","","","","",6.2,9,"","","","","","","","",0,9,0,9,0,9,0,9,0,9,"","","","","","","","","","","","","","","","","","","","","","","","","","","","",0,9,0,9,0,9,"","","","","","","","","","","","","","","","",0,9,8,9,-0.1,1,8,1,"","","","",5,1,"","","","","","","","","","","","","","","","","","","","","","","","","","","","","","","","","",""
"09193400","Mijanes",42.7265,2.017,1530,2015011106,"","","","",14.,9,270,9,"","","","","","","","","","","","","","","","","","","","","","","","","","","","",4.,9,1.3,9,"","","","","","","","","","","","","","","","","","","","","","","","","","",83,9,"","","","","","","","","","","","",6.7,9,"","","","","","","","",6,9,6,9,5,9,0,9,0,9,"","","","","","","","","","","","","","","","","","","","","","","","","","","","",61,9,0,9,0,9,"","","","","","","","","","","","","","","","","","",5,9,-0.3,1,2,1,"","",0,9,2,1,"","","","","","","","","","","","","","","","","","","","","","","","","","","","","","","","","",""
"09193400","Mijanes",42.7265,2.017,1530,2015011112,"","","","","","","","","","","","","","","","","","","","","","","","","","","","","","","","","","","","",2.5,1,0.6,1,"","","","","","","","","","","","","","","","","","","","","","","","","","",88,1,"","","","","","","","","","","","",6.4,1,"","","","","","","","","","","","","","","","","","","","","","","","","","","","","","","","","","","","","","","","","","","","","","","","","","","","","","","","","","","","","","","","","","","","","","",5,1,-0.3,1,5,1,"","","","",2,1,"","","","","","","","","","","","","","","","","","","","","","","","","","","","","","","","","",""
"09193400","Mijanes",42.7265,2.017,1530,2015011706,"","","","",8.,9,270,9,"","","","","","","","","","","","","","","","","","","","","","","","","","","","",-4.,9,-6.4,9,"","","","","","","","","","","","","","","","","","","","","","","","","","",84,9,"","","","","","","","","","","","",3.8,9,"","","","","","","","",4,9,4,9,5,9,0,9,0,9,"","","","","","","","","","","","","","","","","","","","","","","","","","","","",0,9,7,9,0,9,"","","","","","","","","","","","","","","","","","",5,9,-2.9,1,3,1,"","",3,9,0,1,"","","","","","","","","","","","","","","","","","","","","","","","","","","","","","","","","",""
"09193400","Mijanes",42.7265,2.017,1530,2015011712,"","","","","","","","","","","","","","","","","","","","","","","","","","","","","","","","","","","","",-0.8,1,-8.6,1,"","","","","","","","","","","","","","","","","","","","","","","","","","",56,1,"","","","","","","","","","","","",3.2,1,"","","","","","","","","","","","","","","","","","","","","","","","","","","","","","","","","","","","","","","","","","","","","","","","","","","","","","","","","","","","","","","","","","","","","","",5,1,-1.7,1,5,1,"","","","",0,1,"","","","","","","","","","","","","","","","","","","","","","","","","","","","","","","","","",""
"09193400","Mijanes",42.7265,2.017,1530,2015011806,"","","","",2.,9,270,9,"","","","","","","","","","","","","","","","","","","","","","","","","","","","",-5.,9,-10.8,9,"","","","","","","","","","","","","","","","","","","","","","","","","","",64,9,"","","","","","","","","","","","",2.7,9,"","","","","","","","",3,9,3,9,0,9,3,9,0,9,"","","","","","","","","","","","","","","","","","","","","","","","","","","","",0,9,0,9,0,9,"","","","","","","","","","","","","","","","","","",5,9,-4.3,1,3,1,"","",0,9,0,1,"","","","","","","","","","","","","","","","","","","","","","","","","","","","","","","","","",""
"09193400","Mijanes",42.7265,2.017,1530,2015011812,"","","","",0.,9,0,9,"","","","","","","","","","","","","","","","","","","","","","","","","","","","",2.,9,-7.8,9,"","","","","","","","","","","","","","","","","","","","","","","","","","",48,9,"","","","","","","","","","","","",3.4,9,"","","","","","","","",6,9,6,9,0,9,3,9,0,9,"","","","","","","","","","","","","","","","","","","","","","","","","","","","",0,9,0,9,0,9,"","","","","","","","","","","","","","","","",0,9,5,9,-1.7,1,3,1,"","","","",0,1,"","","","","","","","","","","","","","","","","","","","","","","","","","","","","","","","","",""
"09193400","Mijanes",42.7265,2.017,1530,2015011906,"","","","",2.,9,270,9,"","","","","","","","","","","","","","","","","","","","","","","","","","","","",-2.,9,-5.1,9,"","","","","","","","","","","","","","","","","","","","","","","","","","",80,9,"","","","","","","","","","","","",4.2,9,"","","","","","","","",9,9,9,9,"","","","","","","","","","","","","","","","","","","","","","","","","","","","","","","","","","",70,9,7,9,4,9,"","","","","","","","","","","","","","","","","","",6,9,-1.3,1,4,1,"","",1,9,0,1,"","","","","","","","","","","","","","","","","","","","","","","","","","","","","","","","","",""
"09193400","Mijanes",42.7265,2.017,1530,2015011912,"","","","",7.,9,270,9,"","","","","","","","","","","","","","","","","","","","","","","","","","","","",-1.,9,-4.2,9,"","","","","","","","","","","","","","","","","","","","","","","","","","",79,9,"","","","","","","","","","","","",4.5,9,"","","","","","","","",8,9,8,9,5,9,"","","","","","","","","","","","","","","","","","","","","","","","","","","","","","","","",70,9,7,9,0,9,"","","","","","","","","","","","","","","","",1,9,7,9,-1.2,1,5,1,"","","","",0,1,"","","","","","","","","","","","","","","","","","","","","","","","","","","","","","","","","",""
"09193400","Mijanes",42.7265,2.017,1530,2015012006,"","","","",7.,9,270,9,"","","","","","","","","","","","","","","","","","","","","","","","","","","","",-5.,9,-7.5,9,"","","","","","","","","","","","","","","","","","","","","","","","","","",82,9,"","","","","","","","","","","","",3.5,9,"","","","","","","","",6,9,1,9,5,9,3,9,2,9,"","","","","","","","","","","","","","","","","","","","","","","","","","","","",0,9,7,9,0,9,"","","","","","","","","","","","","","","","","","",10,9,-2.1,1,2,1,"","",3,9,0,1,"","","","","","","","","","","","","","","","","","","","","","","","","","","","","","","","","",""
"09193400","Mijanes",42.7265,2.017,1530,2015012012,"","","","","","","","","","","","","","","","","","","","","","","","","","","","","","","","","","","","",0.,1,-5.7,1,"","","","","","","","","","","","","","","","","","","","","","","","","","",65,1,"","","","","","","","","","","","",4.,1,"","","","","","","","","","","","","","","","","","","","","","","","","","","","","","","","","","","","","","","","","","","","","","","","","","","","","","","","","","","","","","","","","","","","","","",10,1,-1.5,1,7,1,"","","","",0,1,"","","","","","","","","","","","","","","","","","","","","","","","","","","","","","","","","",""
"09193400","Mijanes",42.7265,2.017,1530,2015012106,"","","","",7.,9,270,9,"","","","","","","","","","","","","","","","","","","","","","","","","","","","",-5.,9,-11.7,9,"","","","","","","","","","","","","","","","","","","","","","","","","","",60,9,"","","","","","","","","","","","",2.5,9,"","","","","","","","",2,9,2,9,0,9,4,9,0,9,"","","","","","","","","","","","","","","","","","","","","","","","","","","","",0,9,0,9,0,9,"","","","","","","","","","","","","","","","","","",10,9,-4.7,1,7,1,"","",0,9,0,1,"","","","","","","","","","","","","","","","","","","","","","","","","","","","","","","","","",""
"09193400","Mijanes",42.7265,2.017,1530,2015012112,"","","","",2.,9,270,9,"","","","","","","","","","","","","","","","","","","","","","","","","","","","",0.,9,-5.7,9,"","","","","","","","","","","","","","","","","","","","","","","","","","",65,9,"","","","","","","","","","","","",4.,9,"","","","","","","","",7,9,7,9,5,9,"","","","","","","","","","","","","","","","","","","","","","","","","","","","","","","","",0,9,0,9,0,9,"","","","","","","","","","","","","","","","",0,9,10,9,-1.3,1,7,1,"","","","",0,1,"","","","","","","","","","","","","","","","","","","","","","","","","","","","","","","","","",""
"09193400","Mijanes",42.7265,2.017,1530,2015012206,"","","","",2.,9,270,9,"","","","","","","","","","","","","","","","","","","","","","","","","","","","",-5.4,9,-8.2,9,"","","","","","","","","","","","","","","","","","","","","","","","","","",80,9,"","","","","","","","","","","","",3.3,9,"","","","","","","","",1,9,1,9,0,9,3,9,0,9,"","","","","","","","","","","","","","","","","","","","","","","","","","","","",0,9,7,9,0,9,"","","","","","","","","","","","","","","","","","",10,9,-4.2,1,6,1,"","",1,9,0,1,"","","","","","","","","","","","","","","","","","","","","","","","","","","","","","","","","",""
"09193400","Mijanes",42.7265,2.017,1530,2015012212,"","","","","","","","","","","","","","","","","","","","","","","","","","","","","","","","","","","","",-1.,1,-5.7,1,"","","","","","","","","","","","","","","","","","","","","","","","","","",71,1,"","","","","","","","","","","","",4.,1,"","","","","","","","","","","","","","","","","","","","","","","","","","","","","","","","","","","","","","","","","","","","","","","","","","","","","","","","","","","","","","","","","","","","","","",10,1,-1.2,1,6,1,"","","","",0,1,"","","","","","","","","","","","","","","","","","","","","","","","","","","","","","","","","",""
"09193400","Mijanes",42.7265,2.017,1530,2015012306,"","","","",14.,9,270,9,"","","","","","","","","","","","","","","","","","","","","","","","","","","","",-5.2,9,-7.1,9,"","","","","","","","","","","","","","","","","","","","","","","","","","",86,9,"","","","","","","","","","","","",3.6,9,"","","","","","","","",8,9,8,9,5,9,"","","","","","","","","","","","","","","","","","","","","","","","","","","","","","","","",71,9,7,9,0,9,"","","","","","","","","","","","","","","","","","",13,9,-4.2,1,0,1,"","",3,9,0,1,"","","","","","","","","","","","","","","","","","","","","","","","","","","","","","","","","",""
"09193400","Mijanes",42.7265,2.017,1530,2015012312,"","","","","","","","","","","","","","","","","","","","","","","","","","","","","","","","","","","","",-3.,1,-5.4,1,"","","","","","","","","","","","","","","","","","","","","","","","","","",84,1,"","","","","","","","","","","","",4.1,1,"","","","","","","","","","","","","","","","","","","","","","","","","","","","","","","","","","","","","","","","","","","","","","","","","","","","","","","","","","","","","","","","","","","","","","",13,1,-3.3,1,0,1,"","","","",0,1,"","","","","","","","","","","","","","","","","","","","","","","","","","","","","","","","","",""
"09193400","Mijanes",42.7265,2.017,1530,2015012406,"","","","",20.,9,270,9,"","","","","","","","","","","","","","","","","","","","","","","","","","","","",-3.,9,-8.6,9,"","","","","","","","","","","","","","","","","","","","","","","","","","",66,9,"","","","","","","","","","","","",3.2,9,"","","","","","","","",0,9,0,9,0,9,0,9,0,9,"","","","","","","","","","","","","","","","","","","","","","","","","","","","",0,9,0,9,0,9,"","","","","","","","","","","","","","","","","","",13,9,-4.9,1,0,1,"","",0,9,0,1,"","","","","","","","","","","","","","","","","","","","","","","","","","","","","","","","","",""
"09193400","Mijanes",42.7265,2.017,1530,2015012412,"","","","",20.,9,270,9,"","","","","","","","","","","","","","","","","","","","","","","","","","","","",-1.,9,-10.8,9,"","","","","","","","","","","","","","","","","","","","","","","","","","",48,9,"","","","","","","","","","","","",2.7,9,"","","","","","","","",8,9,8,9,0,9,3,9,"","","","","","","","","","","","","","","","","","","","","","","","","","","","","","",0,9,0,9,0,9,"","","","","","","","","","","","","","","","",0,9,13,9,-2.8,1,0,1,"","","","",0,1,"","","","","","","","","","","","","","","","","","","","","","","","","","","","","","","","","",""
"09193400","Mijanes",42.7265,2.017,1530,2015012512,"","","","","","","","","","","","","","","","","","","","","","","","","","","","","","","","","","","","",-4.5,1,-9.4,1,"","","","","","","","","","","","","","","","","","","","","","","","","","",68,1,"","","","","","","","","","","","",3.,1,"","","","","","","","","","","","","","","","","","","","","","","","","","","","","","","","","","","","","","","","","","","","","","","","","","","","","","","","","","","","","","","","","","","","","","",16,1,-4.5,1,2,1,"","","","",0,1,"","","","","","","","","","","","","","","","","","","","","","","","","","","","","","","","","",""
"09193400","Mijanes",42.7265,2.017,1530,2015012606,"","","","",20.,9,270,9,"","","","","","","","","","","","","","","","","","","","","","","","","","","","",-2.,9,-6.,9,"","","","","","","","","","","","","","","","","","","","","","","","","","",73,9,"","","","","","","","","","","","",3.9,9,"","","","","","","","",8,9,8,9,5,9,"","","","","","","","","","","","","","","","","","","","","","","","","","","","","","","","",71,9,7,9,3,9,"","","","","","","","","","","","","","","","","","",15,9,-3.3,1,1,1,"","",0,9,3,1,"","","","","","","","","","","","","","","","","","","","","","","","","","","","","","","","","",""
"09193400","Mijanes",42.7265,2.017,1530,2015012612,"","","","",14.,9,270,9,"","","","","","","","","","","","","","","","","","","","","","","","","","","","",-0.5,9,-6.7,9,"","","","","","","","","","","","","","","","","","","","","","","","","","",63,9,"","","","","","","","","","","","",3.7,9,"","","","","","","","",8,9,8,9,5,9,"","","","","","","","","","","","","","","","","","","","","","","","","","","","","","","","",71,9,7,9,3,9,"","","","","","","","","","","","","","","","",1,9,16,9,-2.8,1,2,1,"","","","",3,1,"","","","","","","","","","","","","","","","","","","","","","","","","","","","","","","","","",""
"09193400","Mijanes",42.7265,2.017,1530,2015012706,"","","","",14.,9,270,9,"","","","","","","","","","","","","","","","","","","","","","","","","","","","",1.,9,-1.2,9,"","","","","","","","","","","","","","","","","","","","","","","","","","",86,9,"","","","","","","","","","","","",5.6,9,"","","","","","","","",8,9,8,9,5,9,"","","","","","","","","","","","","","","","","","","","","","","","","","","","","","","","",71,9,0,9,7,9,"","","","","","","","","","","","","","","","","","",18,9,-1.5,1,3,1,"","",2,9,3,1,"","","","","","","","","","","","","","","","","","","","","","","","","","","","","","","","","",""
"09193400","Mijanes",42.7265,2.017,1530,2015012712,"","","","","","","","","","","","","","","","","","","","","","","","","","","","","","","","","","","","",1.,1,-2.,1,"","","","","","","","","","","","","","","","","","","","","","","","","","",80,1,"","","","","","","","","","","","",5.3,1,"","","","","","","","","","","","","","","","","","","","","","","","","","","","","","","","","","","","","","","","","","","","","","","","","","","","","","","","","","","","","","","","","","","","","","",18,1,-1.3,1,3,1,"","","","",3,1,"","","","","","","","","","","","","","","","","","","","","","","","","","","","","","","","","",""
"09193400","Mijanes",42.7265,2.017,1530,2015012806,"","","","",7.,9,270,9,"","","","","","","","","","","","","","","","","","","","","","","","","","","","",1.,9,-4.8,9,"","","","","","","","","","","","","","","","","","","","","","","","","","",65,9,"","","","","","","","","","","","",4.3,9,"","","","","","","","",2,9,1,9,0,9,3,9,2,9,"","","","","","","","","","","","","","","","","","","","","","","","","","","","",0,9,0,9,7,9,"","","","","","","","","","","","","","","","","","",18,9,-4.2,1,0,1,"","",0,9,3,1,"","","","","","","","","","","","","","","","","","","","","","","","","","","","","","","","","",""
"09193400","Mijanes",42.7265,2.017,1530,2015012812,"","","","",14.,9,270,9,"","","","","","","","","","","","","","","","","","","","","","","","","","","","",-2.,9,-4.5,9,"","","","","","","","","","","","","","","","","","","","","","","","","","",83,9,"","","","","","","","","","","","",4.4,9,"","","","","","","","",8,9,8,9,5,9,"","","","","","","","","","","","","","","","","","","","","","","","","","","","","","","","",0,9,0,9,0,9,"","","","","","","","","","","","","","","","",0,9,18,9,-2.8,1,0,1,"","","","",3,1,"","","","","","","","","","","","","","","","","","","","","","","","","","","","","","","","","",""
"09193400","Mijanes",42.7265,2.017,1530,2015012906,"","","","","","","","","","","","","","","","","","","","","","","","","","","","","","","","","","","","",1.7,9,-4.2,9,"","","","","","","","","","","","","","","","","","","","","","","","","","",65,9,"","","","","","","","","","","","",4.5,9,"","","","","","","","",6,9,6,9,0,9,3,9,0,9,"","","","","","","","","","","","","","","","","","","","","","","","","","","","",0,9,6,9,0,9,"","","","","","","","","","","","","","","","","","",17,9,-1.2,1,0,1,"","",0,9,3,1,"","","","","","","","","","","","","","","","","","","","","","","","","","","","","","","","","",""
"09193400","Mijanes",42.7265,2.017,1530,2015012912,"","","","","","","","","","","","","","","","","","","","","","","","","","","","","","","","","","","","",4.2,1,-4.2,1,"","","","","","","","","","","","","","","","","","","","","","","","","","",55,1,"","","","","","","","","","","","",4.5,1,"","","","","","","","","","","","","","","","","","","","","","","","","","","","","","","","","","","","","","","","","","","","","","","","","","","","","","","","","","","","","","","","","","","","","","",17,1,-1.1,1,1,1,"","","","",3,1,"","","","","","","","","","","","","","","","","","","","","","","","","","","","","","","","","",""
"09193400","Mijanes",42.7265,2.017,1530,2015013006,"","","","",14.,9,270,9,"","","","","","","","","","","","","","","","","","","","","","","","","","","","",-3.7,9,-5.7,9,"","","","","","","","","","","","","","","","","","","","","","","","","","",86,9,"","","","","","","","","","","","",4.,9,"","","","","","","","",9,9,9,9,"","","","","","","","","","","","","","","","","","","","","","","","","","","","","","","","","","",71,9,7,9,6,9,"","","","","","","","","","","","","","","","","","",27,9,-2.2,1,18,1,"","",10,9,0,1,"","","","","","","","","","","","","","","","","","","","","","","","","","","","","","","","","",""
"09193400","Mijanes",42.7265,2.017,1530,2015020112,"","","","",5.,9,260,9,"","","","","","","","","","","","","","","","","","","","","","","","","","","","",-2.,9,-3.3,9,"","","","","","","","","","","","","","","","","","","","","","","","","","",90,9,"","","","","","","","","","","","",4.8,9,"","","","","","","","",9,9,9,9,"","","","","","","","","","","","","","","","","","","","","","","","","","","","","","","","","","",71,9,7,9,7,9,"","","","","","","","","","","","","","","","","","",70,9,-6.1,1,48,1,"","","","",0,1,"","","","","","","","","","","","","","","","","","","","","","","","","","","","","","","","","",""
"09193400","Mijanes",42.7265,2.017,1530,2015020206,"","","","",7.,9,270,9,"","","","","","","","","","","","","","","","","","","","","","","","","","","","",-6.,9,-6.7,9,"","","","","","","","","","","","","","","","","","","","","","","","","","",95,9,"","","","","","","","","","","","",3.7,9,"","","","","","","","",6,9,6,9,5,9,0,9,0,9,"","","","","","","","","","","","","","","","","","","","","","","","","","","","",0,9,7,9,3,9,"","","","","","","","","","","","","","","","","","",72,9,-6.1,1,38,1,"","",2,9,0,1,"","","","","","","","","","","","","","","","","","","","","","","","","","","","","","","","","",""
"09193400","Mijanes",42.7265,2.017,1530,2015020212,"","","","",2.,9,270,9,"","","","","","","","","","","","","","","","","","","","","","","","","","","","",-5.,9,-9.4,9,"","","","","","","","","","","","","","","","","","","","","","","","","","",70,9,"","","","","","","","","","","","",3.,9,"","","","","","","","",5,9,5,9,0,9,3,9,0,9,"","","","","","","","","","","","","","","","","","","","","","","","","","","","",0,9,0,9,0,9,"","","","","","","","","","","","","","","","",0,9,72,9,-4.,1,23,1,"","","","",0,1,"","","","","","","","","","","","","","","","","","","","","","","","","","","","","","","","","",""
"09193400","Mijanes",42.7265,2.017,1530,2015020306,"","","","",7.,9,270,9,"","","","","","","","","","","","","","","","","","","","","","","","","","","","",-6.,9,-7.8,9,"","","","","","","","","","","","","","","","","","","","","","","","","","",88,9,"","","","","","","","","","","","",3.4,9,"","","","","","","","",9,9,9,9,"","","","","","","","","","","","","","","","","","","","","","","","","","","","","","","","","","",71,9,0,9,7,9,"","","","","","","","","","","","","","","","","","",73,9,-5.9,1,28,1,"","",2,9,0,1,"","","","","","","","","","","","","","","","","","","","","","","","","","","","","","","","","",""
"09193400","Mijanes",42.7265,2.017,1530,2015020312,"","","","","","","","","","","","","","","","","","","","","","","","","","","","","","","","","","","","",-8.,1,-9.4,1,"","","","","","","","","","","","","","","","","","","","","","","","","","",90,1,"","","","","","","","","","","","",3.,1,"","","","","","","","","","","","","","","","","","","","","","","","","","","","","","","","","","","","","","","","","","","","","","","","","","","","","","","","","","","","","","","","","","","","","","",80,1,-6.2,1,24,1,"","","","",0,1,"","","","","","","","","","","","","","","","","","","","","","","","","","","","","","","","","",""
"09193400","Mijanes",42.7265,2.017,1530,2015020406,"","","","",14.,9,270,9,"","","","","","","","","","","","","","","","","","","","","","","","","","","","",-9.3,9,-10.8,9,"","","","","","","","","","","","","","","","","","","","","","","","","","",90,9,"","","","","","","","","","","","",2.7,9,"","","","","","","","",9,9,9,9,"","","","","","","","","","","","","","","","","","","","","","","","","","","","","","","","","","",71,9,7,9,7,9,"","","","","","","","","","","","","","","","","","",83,9,-7.2,1,22,1,"","",13,9,0,1,"","","","","","","","","","","","","","","","","","","","","","","","","","","","","","","","","",""
"09193400","Mijanes",42.7265,2.017,1530,2015020506,"","","","",20.,9,270,9,"","","","","","","","","","","","","","","","","","","","","","","","","","","","",-11.,9,-12.8,9,"","","","","","","","","","","","","","","","","","","","","","","","","","",88,9,"","","","","","","","","","","","",2.3,9,"","","","","","","","",9,9,9,9,"","","","","","","","","","","","","","","","","","","","","","","","","","","","","","","","","","",36,9,7,9,3,9,"","","","","","","","","","","","","","","","","","",83,9,-7.1,1,34,1,"","","","",0,1,"","","","","","","","","","","","","","","","","","","","","","","","","","","","","","","","","",""
"09193400","Mijanes",42.7265,2.017,1530,2015020612,"","","","",7.,9,270,9,"","","","","","","","","","","","","","","","","","","","","","","","","","","","",-11.,9,-13.9,9,"","","","","","","","","","","","","","","","","","","","","","","","","","",80,9,"","","","","","","","","","","","",2.1,9,"","","","","","","","",6,9,6,9,6,9,7,9,"","","","","","","","","","","","","","","","","","","","","","","","","","","","","","",0,9,0,9,0,9,"","","","","","","","","","","","","","","","",0,9,85,9,-7.4,1,25,1,"","","","",0,1,"","","","","","","","","","","","","","","","","","","","","","","","","","","","","","","","","",""
"09193400","Mijanes",42.7265,2.017,1530,2015020806,"","","","",7.,9,270,9,"","","","","","","","","","","","","","","","","","","","","","","","","","","","",-5.5,9,-9.,9,"","","","","","","","","","","","","","","","","","","","","","","","","","",77,9,"","","","","","","","","","","","",3.1,9,"","","","","","","","",0,9,0,9,0,9,0,9,0,9,"","","","","","","","","","","","","","","","","","","","","","","","","","","","",0,9,0,9,0,9,"","","","","","","","","","","","","","","","","","",80,9,-7.1,1,8,1,"","",0,9,0,1,"","","","","","","","","","","","","","","","","","","","","","","","","","","","","","","","","",""
"09193400","Mijanes",42.7265,2.017,1530,2015020906,"","","","",2.,9,220,9,"","","","","","","","","","","","","","","","","","","","","","","","","","","","",-10.2,9,-14.5,9,"","","","","","","","","","","","","","","","","","","","","","","","","","",71,9,"","","","","","","","","","","","",2.,9,"","","","","","","","",1,9,1,9,0,9,3,9,2,9,"","","","","","","","","","","","","","","","","","","","","","","","","","","","",0,9,0,9,0,9,"","","","","","","","","","","","","","","","","","",78,9,-7.2,1,0,1,"","",0,9,4,1,"","","","","","","","","","","","","","","","","","","","","","","","","","","","","","","","","",""
"09193400","Mijanes",42.7265,2.017,1530,2015020912,"","","","","","","","","","","","","","","","","","","","","","","","","","","","","","","","","","","","",6.,1,-6.4,1,"","","","","","","","","","","","","","","","","","","","","","","","","","",41,1,"","","","","","","","","","","","",3.8,1,"","","","","","","","","","","","","","","","","","","","","","","","","","","","","","","","","","","","","","","","","","","","","","","","","","","","","","","","","","","","","","","","","","","","","","",78,1,-5.6,1,4,1,"","","","",4,1,"","","","","","","","","","","","","","","","","","","","","","","","","","","","","","","","","",""
"09193400","Mijanes",42.7265,2.017,1530,2015021006,"","","","",2.,9,270,9,"","","","","","","","","","","","","","","","","","","","","","","","","","","","",-4.,9,-7.5,9,"","","","","","","","","","","","","","","","","","","","","","","","","","",76,9,"","","","","","","","","","","","",3.5,9,"","","","","","","","",0,9,0,9,0,9,0,9,0,9,"","","","","","","","","","","","","","","","","","","","","","","","","","","","",0,9,0,9,0,9,"","","","","","","","","","","","","","","","","","",75,9,-7.7,1,5,1,"","",0,9,3,1,"","","","","","","","","","","","","","","","","","","","","","","","","","","","","","","","","",""
"09193400","Mijanes",42.7265,2.017,1530,2015021012,"","","","","","","","","","","","","","","","","","","","","","","","","","","","","","","","","","","","",8.7,1,-4.2,1,"","","","","","","","","","","","","","","","","","","","","","","","","","",40,1,"","","","","","","","","","","","",4.5,1,"","","","","","","","","","","","","","","","","","","","","","","","","","","","","","","","","","","","","","","","","","","","","","","","","","","","","","","","","","","","","","","","","","","","","","",75,1,-4.,1,5,1,"","","","",4,1,"","","","","","","","","","","","","","","","","","","","","","","","","","","","","","","","","",""
"09193400","Mijanes",42.7265,2.017,1530,2015021206,"","","","",2.,9,180,9,"","","","","","","","","","","","","","","","","","","","","","","","","","","","",0.,9,-4.5,9,"","","","","","","","","","","","","","","","","","","","","","","","","","",72,9,"","","","","","","","","","","","",4.4,9,"","","","","","","","",7,9,7,9,0,9,3,9,0,9,"","","","","","","","","","","","","","","","","","","","","","","","","","","","",0,9,0,9,0,9,"","","","","","","","","","","","","","","","","","",70,9,-5.8,1,0,1,"","",0,9,3,1,"","","","","","","","","","","","","","","","","","","","","","","","","","","","","","","","","",""
"09193400","Mijanes",42.7265,2.017,1530,2015021212,"","","","",2.,9,270,9,"","","","","","","","","","","","","","","","","","","","","","","","","","","","",8.9,9,-3.9,9,"","","","","","","","","","","","","","","","","","","","","","","","","","",40,9,"","","","","","","","","","","","",4.6,9,"","","","","","","","",5,9,5,9,0,9,0,9,7,9,"","","","","","","","","","","","","","","","","","","","","","","","","","","","",0,9,0,9,0,9,"","","","","","","","","","","","","","","","",0,9,70,9,-1.6,1,3,1,"","","","",2,1,"","","","","","","","","","","","","","","","","","","","","","","","","","","","","","","","","",""
"09193400","Mijanes",42.7265,2.017,1530,2015021312,"","","","",2.,9,220,9,"","","","","","","","","","","","","","","","","","","","","","","","","","","","",6.8,9,-2.5,9,"","","","","","","","","","","","","","","","","","","","","","","","","","",52,9,"","","","","","","","","","","","",5.1,9,"","","","","","","","",2,9,0,9,0,9,0,9,2,9,"","","","","","","","","","","","","","","","","","","","","","","","","","","","",0,9,0,9,0,9,"","","","","","","","","","","","","","","","",0,9,68,9,-2.1,1,4,1,"","","","",3,1,"","","","","","","","","","","","","","","","","","","","","","","","","","","","","","","","","",""
"09193400","Mijanes",42.7265,2.017,1530,2015021406,"","","","",2.,9,270,9,"","","","","","","","","","","","","","","","","","","","","","","","","","","","",-3.6,9,-5.7,9,"","","","","","","","","","","","","","","","","","","","","","","","","","",85,9,"","","","","","","","","","","","",4.,9,"","","","","","","","",3,9,3,9,5,9,0,9,0,9,"","","","","","","","","","","","","","","","","","","","","","","","","","","","",0,9,0,9,0,9,"","","","","","","","","","","","","","","","","","",60,9,-5.8,1,0,1,"","",0,9,4,1,"","","","","","","","","","","","","","","","","","","","","","","","","","","","","","","","","",""
"09193400","Mijanes",42.7265,2.017,1530,2015021412,"","","","","","","","","","","","","","","","","","","","","","","","","","","","","","","","","","","","",4.,1,-2.7,1,"","","","","","","","","","","","","","","","","","","","","","","","","","",62,1,"","","","","","","","","","","","",5.,1,"","","","","","","","","","","","","","","","","","","","","","","","","","","","","","","","","","","","","","","","","","","","","","","","","","","","","","","","","","","","","","","","","","","","","","",65,1,-1.7,1,4,1,"","","","",3,1,"","","","","","","","","","","","","","","","","","","","","","","","","","","","","","","","","",""
"09193400","Mijanes",42.7265,2.017,1530,2015021506,"","","","",0.,9,0,9,"","","","","","","","","","","","","","","","","","","","","","","","","","","","",0.,9,-2.5,9,"","","","","","","","","","","","","","","","","","","","","","","","","","",83,9,"","","","","","","","","","","","",5.1,9,"","","","","","","","",8,9,8,9,5,9,"","","","","","","","","","","","","","","","","","","","","","","","","","","","","","","","",71,9,7,9,0,9,"","","","","","","","","","","","","","","","","","",68,9,-2.2,1,6,1,"","",5,9,1,1,"","","","","","","","","","","","","","","","","","","","","","","","","","","","","","","","","",""
"09193400","Mijanes",42.7265,2.017,1530,2015021512,"","","","",2.,9,270,9,"","","","","","","","","","","","","","","","","","","","","","","","","","","","",2.2,9,0.,9,"","","","","","","","","","","","","","","","","","","","","","","","","","",85,9,"","","","","","","","","","","","",6.1,9,"","","","","","","","",9,9,9,9,"","","","","","","","","","","","","","","","","","","","","","","","","","","","","","","","","","",71,9,7,9,0,9,"","","","","","","","","","","","","","","","",2,9,69,9,-1.2,1,6,1,"","","","",2,1,"","","","","","","","","","","","","","","","","","","","","","","","","","","","","","","","","",""
"09193400","Mijanes",42.7265,2.017,1530,2015021606,"","","","",7.,9,270,9,"","","","","","","","","","","","","","","","","","","","","","","","","","","","",-3.6,9,-6.,9,"","","","","","","","","","","","","","","","","","","","","","","","","","",84,9,"","","","","","","","","","","","",3.9,9,"","","","","","","","",3,9,3,9,5,9,0,9,0,9,"","","","","","","","","","","","","","","","","","","","","","","","","","","","",0,9,7,9,6,9,"","","","","","","","","","","","","","","","","","",75,9,-2.6,1,10,1,"","",8,9,0,1,"","","","","","","","","","","","","","","","","","","","","","","","","","","","","","","","","",""
"09193400","Mijanes",42.7265,2.017,1530,2015021612,"","","","",7.,9,270,9,"","","","","","","","","","","","","","","","","","","","","","","","","","","","",0.9,9,-5.7,9,"","","","","","","","","","","","","","","","","","","","","","","","","","",62,9,"","","","","","","","","","","","",4.,9,"","","","","","","","",3,9,3,9,0,9,0,9,2,9,"","","","","","","","","","","","","","","","","","","","","","","","","","","","",0,9,0,9,0,9,"","","","","","","","","","","","","","","","",0,9,75,9,-1.7,1,5,1,"","","","",0,1,"","","","","","","","","","","","","","","","","","","","","","","","","","","","","","","","","",""
"09193400","Mijanes",42.7265,2.017,1530,2015021706,"","","","",7.,9,270,9,"","","","","","","","","","","","","","","","","","","","","","","","","","","","",-0.4,9,-2.7,9,"","","","","","","","","","","","","","","","","","","","","","","","","","",85,9,"","","","","","","","","","","","",5.,9,"","","","","","","","",9,9,9,9,"","","","","","","","","","","","","","","","","","","","","","","","","","","","","","","","","","",71,9,7,9,0,9,"","","","","","","","","","","","","","","","","","",75,9,-3.1,1,15,1,"","",1,9,0,1,"","","","","","","","","","","","","","","","","","","","","","","","","","","","","","","","","",""
"09193400","Mijanes",42.7265,2.017,1530,2015021906,"","","","",2.,9,270,9,"","","","","","","","","","","","","","","","","","","","","","","","","","","","",-0.9,9,-6.7,9,"","","","","","","","","","","","","","","","","","","","","","","","","","",65,9,"","","","","","","","","","","","",3.7,9,"","","","","","","","",0,9,0,9,0,9,0,9,0,9,"","","","","","","","","","","","","","","","","","","","","","","","","","","","",0,9,0,9,0,9,"","","","","","","","","","","","","","","","","","",73,9,-7.,1,0,1,"","",0,9,7,1,"","","","","","","","","","","","","","","","","","","","","","","","","","","","","","","","","",""
"09193400","Mijanes",42.7265,2.017,1530,2015022006,"","","","",2.,9,270,9,"","","","","","","","","","","","","","","","","","","","","","","","","","","","",-2.1,9,-6.7,9,"","","","","","","","","","","","","","","","","","","","","","","","","","",70,9,"","","","","","","","","","","","",3.7,9,"","","","","","","","",0,9,0,9,0,9,0,9,0,9,"","","","","","","","","","","","","","","","","","","","","","","","","","","","",0,9,0,9,0,9,"","","","","","","","","","","","","","","","","","",70,9,-7.,1,1,1,"","",0,9,2,1,"","","","","","","","","","","","","","","","","","","","","","","","","","","","","","","","","",""
"09193400","Mijanes",42.7265,2.017,1530,2015022012,"","","","",2.,9,130,9,"","","","","","","","","","","","","","","","","","","","","","","","","","","","",7.6,9,-3.6,9,"","","","","","","","","","","","","","","","","","","","","","","","","","",45,9,"","","","","","","","","","","","",4.7,9,"","","","","","","","",0,9,0,9,0,9,0,9,0,9,"","","","","","","","","","","","","","","","","","","","","","","","","","","","",0,9,0,9,0,9,"","","","","","","","","","","","","","","","",0,9,70,9,-1.1,1,6,1,"","","","",2,1,"","","","","","","","","","","","","","","","","","","","","","","","","","","","","","","","","",""
"09193400","Mijanes",42.7265,2.017,1530,2015022106,"","","","",0.,9,0,9,"","","","","","","","","","","","","","","","","","","","","","","","","","","","",-0.4,9,-2.7,9,"","","","","","","","","","","","","","","","","","","","","","","","","","",84,9,"","","","","","","","","","","","",5.,9,"","","","","","","","",9,9,9,9,"","","","","","","","","","","","","","","","","","","","","","","","","","","","","","","","","","",73,9,0,9,7,9,"","","","","","","","","","","","","","","","","","",70,9,-3.8,1,2,1,"","",1,9,1,1,"","","","","","","","","","","","","","","","","","","","","","","","","","","","","","","","","",""
"09193400","Mijanes",42.7265,2.017,1530,2015022112,"","","","",7.,9,270,9,"","","","","","","","","","","","","","","","","","","","","","","","","","","","",-0.3,9,-2.5,9,"","","","","","","","","","","","","","","","","","","","","","","","","","",85,9,"","","","","","","","","","","","",5.1,9,"","","","","","","","",9,9,9,9,"","","","","","","","","","","","","","","","","","","","","","","","","","","","","","","","","","",71,9,7,9,7,9,"","","","","","","","","","","","","","","","",6,9,75,9,-1.3,1,13,1,"","","","",0,1,"","","","","","","","","","","","","","","","","","","","","","","","","","","","","","","","","",""
"09193400","Mijanes",42.7265,2.017,1530,2015022212,"","","","",20.,9,270,9,"","","","","","","","","","","","","","","","","","","","","","","","","","","","",-6.,9,-9.,9,"","","","","","","","","","","","","","","","","","","","","","","","","","",80,9,"","","","","","","","","","","","",3.1,9,"","","","","","","","",9,9,9,9,"","","","","","","","","","","","","","","","","","","","","","","","","","","","","","","","","","",71,9,7,9,7,9,"","","","","","","","","","","","","","","","",4,9,78,9,-4.9,1,4,1,"","","","",0,1,"","","","","","","","","","","","","","","","","","","","","","","","","","","","","","","","","",""
"09193400","Mijanes",42.7265,2.017,1530,2015022306,"","","","",14.,9,270,9,"","","","","","","","","","","","","","","","","","","","","","","","","","","","",4.6,9,1.5,9,"","","","","","","","","","","","","","","","","","","","","","","","","","",80,9,"","","","","","","","","","","","",6.8,9,"","","","","","","","",9,9,9,9,"","","","","","","","","","","","","","","","","","","","","","","","","","","","","","","","","","",61,9,6,9,6,9,"","","","","","","","","","","","","","","","","","",65,9,-1.1,1,8,1,0,9,"","",2,1,"","","","","","","","","","","","","","","","","","","","","","","","","","","","","","","","","",""
"09193400","Mijanes",42.7265,2.017,1530,2015022406,"","","","",20.,9,270,9,"","","","","","","","","","","","","","","","","","","","","","","","","","","","",-4.1,9,-6.7,9,"","","","","","","","","","","","","","","","","","","","","","","","","","",83,9,"","","","","","","","","","","","",3.7,9,"","","","","","","","",9,9,9,9,"","","","","","","","","","","","","","","","","","","","","","","","","","","","","","","","","","",75,9,7,9,6,9,"","","","","","","","","","","","","","","","","","",75,9,-2.1,1,15,1,"","",15,9,1,1,"","","","","","","","","","","","","","","","","","","","","","","","","","","","","","","","","",""
"09193400","Mijanes",42.7265,2.017,1530,2015022506,"","","","",14.,9,270,9,"","","","","","","","","","","","","","","","","","","","","","","","","","","","",-3.,9,-7.5,9,"","","","","","","","","","","","","","","","","","","","","","","","","","",71,9,"","","","","","","","","","","","",3.5,9,"","","","","","","","",9,9,9,9,"","","","","","","","","","","","","","","","","","","","","","","","","","","","","","","","","","",73,9,7,9,0,9,"","","","","","","","","","","","","","","","","","",100,9,-4.9,1,6,1,"","",25,9,1,1,"","","","","","","","","","","","","","","","","","","","","","","","","","","","","","","","","",""
"09193400","Mijanes",42.7265,2.017,1530,2015022512,"","","","","","","","","","","","","","","","","","","","","","","","","","","","","","","","","","","","",-1.2,1,"","","","","","","","","","","","","","","","","","","","","","","","","","","","","","","","","","","","","","","","","","","","","","","","","","","","","","","","","","","","","","","","","","","","","","","","","","","","","","","","","","","","","","","","","","","","","","","","","","","","","","","","","","","","","","","","","","",110,1,-3.3,1,10,1,"","","","",1,1,"","","","","","","","","","","","","","","","","","","","","","","","","","","","","","","","","",""
"09193400","Mijanes",42.7265,2.017,1530,2015022606,"","","","",2.,9,270,9,"","","","","","","","","","","","","","","","","","","","","","","","","","","","",2.3,9,0.4,9,"","","","","","","","","","","","","","","","","","","","","","","","","","",87,9,"","","","","","","","","","","","",6.3,9,"","","","","","","","",8,9,8,9,5,9,"","","","","","","","","","","","","","","","","","","","","","","","","","","","","","","","",63,9,7,9,6,9,"","","","","","","","","","","","","","","","","","",90,9,-1.2,1,15,1,"","","","",2,1,"","","","","","","","","","","","","","","","","","","","","","","","","","","","","","","","","",""
"09193400","Mijanes",42.7265,2.017,1530,2015022706,"","","","",20.,9,270,9,"","","","","","","","","","","","","","","","","","","","","","","","","","","","",-3.9,9,-6.4,9,"","","","","","","","","","","","","","","","","","","","","","","","","","",83,9,"","","","","","","","","","","","",3.8,9,"","","","","","","","",9,9,9,9,"","","","","","","","","","","","","","","","","","","","","","","","","","","","","","","","","","",75,9,6,9,7,9,"","","","","","","","","","","","","","","","","","",90,9,-2.2,1,10,1,"","","","",3,1,"","","","","","","","","","","","","","","","","","","","","","","","","","","","","","","","","",""
"09193400","Mijanes",42.7265,2.017,1530,2015022712,"","","","",20.,9,270,9,"","","","","","","","","","","","","","","","","","","","","","","","","","","","",-4.1,9,-6.4,9,"","","","","","","","","","","","","","","","","","","","","","","","","","",84,9,"","","","","","","","","","","","",3.8,9,"","","","","","","","",9,9,9,9,"","","","","","","","","","","","","","","","","","","","","","","","","","","","","","","","","","",73,9,7,9,7,9,"","","","","","","","","","","","","","","","","","",95,9,-2.,1,13,1,"","","","",3,1,"","","","","","","","","","","","","","","","","","","","","","","","","","","","","","","","","",""
"09193400","Mijanes",42.7265,2.017,1530,2015022806,"","","","","","","","","","","","","","","","","","","","","","","","","","","","","","","","","","","","",-3.5,1,-5.7,1,"","","","","","","","","","","","","","","","","","","","","","","","","","",84,1,"","","","","","","","","","","","",4.,1,"","","","","","","","","","","","","","","","","","","","","","","","","","","","","","","","","","","","","","","","","","","","","","","","","","","","","","","","","","","","","","","","","","","","","","",95,1,-4.9,1,15,1,"","","","",3,1,"","","","","","","","","","","","","","","","","","","","","","","","","","","","","","","","","",""
"09193400","Mijanes",42.7265,2.017,1530,2015022812,"","","","","","","","","","","","","","","","","","","","","","","","","","","","","","","","","","","","",2.2,1,-2.,1,"","","","","","","","","","","","","","","","","","","","","","","","","","",74,1,"","","","","","","","","","","","",5.3,1,"","","","","","","","","","","","","","","","","","","","","","","","","","","","","","","","","","","","","","","","","","","","","","","","","","","","","","","","","","","","","","","","","","","","","","",95,1,-2.1,1,3,1,"","","","",3,1,"","","","","","","","","","","","","","","","","","","","","","","","","","","","","","","","","",""
"09193400","Mijanes",42.7265,2.017,1530,2015030106,"","","","",7.,9,270,9,"","","","","","","","","","","","","","","","","","","","","","","","","","","","",4.3,9,2.1,9,"","","","","","","","","","","","","","","","","","","","","","","","","","",86,9,"","","","","","","","","","","","",7.1,9,"","","","","","","","",8,9,8,9,5,9,"","","","","","","","","","","","","","","","","","","","","","","","","","","","","","","","",61,9,6,9,0,9,"","","","","","","","","","","","","","","","","","",90,9,-0.9,1,8,1,"","","","",2,1,"","","","","","","","","","","","","","","","","","","","","","","","","","","","","","","","","",""
"09193400","Mijanes",42.7265,2.017,1530,2015030112,"","","","","","","","","","","","","","","","","","","","","","","","","","","","","","","","","","","","",6.,1,3.6,1,"","","","","","","","","","","","","","","","","","","","","","","","","","",85,1,"","","","","","","","","","","","",7.9,1,"","","","","","","","","","","","","","","","","","","","","","","","","","","","","","","","","","","","","","","","","","","","","","","","","","","","","","","","","","","","","","","","","","","","","","",85,1,-1.1,1,6,1,"","","","",2,1,"","","","","","","","","","","","","","","","","","","","","","","","","","","","","","","","","",""
"09193400","Mijanes",42.7265,2.017,1530,2015030206,"","","","",2.,9,270,9,"","","","","","","","","","","","","","","","","","","","","","","","","","","","",7.8,9,4.8,9,"","","","","","","","","","","","","","","","","","","","","","","","","","",81,9,"","","","","","","","","","","","",8.6,9,"","","","","","","","",5,9,5,9,5,9,0,9,0,9,"","","","","","","","","","","","","","","","","","","","","","","","","","","","",60,9,6,9,0,9,"","","","","","","","","","","","","","","","","","",75,9,-0.9,1,3,1,"","","","",2,1,"","","","","","","","","","","","","","","","","","","","","","","","","","","","","","","","","",""
"09193400","Mijanes",42.7265,2.017,1530,2015030212,"","","","","","","","","","","","","","","","","","","","","","","","","","","","","","","","","","","","",7.9,1,4.6,1,"","","","","","","","","","","","","","","","","","","","","","","","","","",80,1,"","","","","","","","","","","","",8.5,1,"","","","","","","","","","","","","","","","","","","","","","","","","","","","","","","","","","","","","","","","","","","","","","","","","","","","","","","","","","","","","","","","","","","","","","",75,1,-0.8,1,13,1,"","","","",2,1,"","","","","","","","","","","","","","","","","","","","","","","","","","","","","","","","","",""
"09193400","Mijanes",42.7265,2.017,1530,2015030306,"","","","",0.,9,0,9,"","","","","","","","","","","","","","","","","","","","","","","","","","","","",3.7,9,1.1,9,"","","","","","","","","","","","","","","","","","","","","","","","","","",83,9,"","","","","","","","","","","","",6.6,9,"","","","","","","","",6,9,1,9,5,9,0,9,0,9,"","","","","","","","","","","","","","","","","","","","","","","","","","","","",0,9,6,9,0,9,"","","","","","","","","","","","","","","","","","",65,9,-1.1,1,1,1,"","",0,9,7,1,"","","","","","","","","","","","","","","","","","","","","","","","","","","","","","","","","",""
"09193400","Mijanes",42.7265,2.017,1530,2015030312,"","","","",0.,9,0,9,"","","","","","","","","","","","","","","","","","","","","","","","","","","","",10.2,9,4.3,9,"","","","","","","","","","","","","","","","","","","","","","","","","","",67,9,"","","","","","","","","","","","",8.3,9,"","","","","","","","",1,9,1,9,5,9,0,9,0,9,"","","","","","","","","","","","","","","","","","","","","","","","","","","","",0,9,0,9,0,9,"","","","","","","","","","","","","","","","",0,9,65,9,-0.9,1,10,1,"","","","",2,1,"","","","","","","","","","","","","","","","","","","","","","","","","","","","","","","","","",""
"09193400","Mijanes",42.7265,2.017,1530,2015030406,"","","","",7.,9,270,9,"","","","","","","","","","","","","","","","","","","","","","","","","","","","",0.9,9,-1.,9,"","","","","","","","","","","","","","","","","","","","","","","","","","",87,9,"","","","","","","","","","","","",5.7,9,"","","","","","","","",9,9,9,9,"","","","","","","","","","","","","","","","","","","","","","","","","","","","","","","","","","",73,9,6,9,0,9,"","","","","","","","","","","","","","","","","","",60,9,-1.1,1,10,1,"","",1,9,2,1,"","","","","","","","","","","","","","","","","","","","","","","","","","","","","","","","","",""
"09193400","Mijanes",42.7265,2.017,1530,2015030412,"","","","","","","","","","","","","","","","","","","","","","","","","","","","","","","","","","","","",-2.7,1,-5.1,1,"","","","","","","","","","","","","","","","","","","","","","","","","","",84,1,"","","","","","","","","","","","",4.2,1,"","","","","","","","","","","","","","","","","","","","","","","","","","","","","","","","","","","","","","","","","","","","","","","","","","","","","","","","","","","","","","","","","","","","","","",68,1,-1.2,1,8,1,"","","","",2,1,"","","","","","","","","","","","","","","","","","","","","","","","","","","","","","","","","",""
"09193400","Mijanes",42.7265,2.017,1530,2015030506,"","","","",14.,9,270,9,"","","","","","","","","","","","","","","","","","","","","","","","","","","","",-5.3,9,-7.1,9,"","","","","","","","","","","","","","","","","","","","","","","","","","",87,9,"","","","","","","","","","","","",3.6,9,"","","","","","","","",2,9,2,9,2,9,0,9,0,9,"","","","","","","","","","","","","","","","","","","","","","","","","","","","",0,9,7,9,3,9,"","","","","","","","","","","","","","","","","","",65,9,-3.5,1,0,1,"","",0,9,3,1,"","","","","","","","","","","","","","","","","","","","","","","","","","","","","","","","","",""
"09193400","Mijanes",42.7265,2.017,1530,2015030512,"","","","",7.,9,270,9,"","","","","","","","","","","","","","","","","","","","","","","","","","","","",-2.9,9,-7.8,9,"","","","","","","","","","","","","","","","","","","","","","","","","","",69,9,"","","","","","","","","","","","",3.4,9,"","","","","","","","",0,9,0,9,0,9,0,9,0,9,"","","","","","","","","","","","","","","","","","","","","","","","","","","","",0,9,0,9,0,9,"","","","","","","","","","","","","","","","",0,9,65,9,-1.9,1,0,1,"","","","",3,1,"","","","","","","","","","","","","","","","","","","","","","","","","","","","","","","","","",""
"09193400","Mijanes",42.7265,2.017,1530,2015030606,"","","","",2.,9,270,9,"","","","","","","","","","","","","","","","","","","","","","","","","","","","",-1.,9,-13.3,9,"","","","","","","","","","","","","","","","","","","","","","","","","","",39,9,"","","","","","","","","","","","",2.2,9,"","","","","","","","",1,9,0,9,0,9,0,9,2,9,"","","","","","","","","","","","","","","","","","","","","","","","","","","","",0,9,0,9,0,9,"","","","","","","","","","","","","","","","","","",65,9,-5.7,1,0,1,"","",0,9,8,1,"","","","","","","","","","","","","","","","","","","","","","","","","","","","","","","","","",""
"09193400","Mijanes",42.7265,2.017,1530,2015030612,"","","","",2.,9,270,9,"","","","","","","","","","","","","","","","","","","","","","","","","","","","",4.5,9,-9.4,9,"","","","","","","","","","","","","","","","","","","","","","","","","","",36,9,"","","","","","","","","","","","",3.,9,"","","","","","","","",0,9,0,9,0,9,0,9,0,9,"","","","","","","","","","","","","","","","","","","","","","","","","","","","",0,9,0,9,0,9,"","","","","","","","","","","","","","","","",0,9,65,9,-1.,1,3,1,"","","","","","","","","","","","","","","","","","","","","","","","","","","","","","","","","","","","","","","",""
"09193400","Mijanes",42.7265,2.017,1530,2015030706,"","","","",0.,9,0,9,"","","","","","","","","","","","","","","","","","","","","","","","","","","","",5.3,9,-7.8,9,"","","","","","","","","","","","","","","","","","","","","","","","","","",38,9,"","","","","","","","","","","","",3.4,9,"","","","","","","","",0,9,0,9,0,9,0,9,0,9,"","","","","","","","","","","","","","","","","","","","","","","","","","","","",0,9,0,9,0,9,"","","","","","","","","","","","","","","","","","",60,9,-3.5,1,0,1,"","",0,9,5,1,"","","","","","","","","","","","","","","","","","","","","","","","","","","","","","","","","",""
"09193400","Mijanes",42.7265,2.017,1530,2015030712,"","","","",0.,9,0,9,"","","","","","","","","","","","","","","","","","","","","","","","","","","","",13.6,9,-9.4,9,"","","","","","","","","","","","","","","","","","","","","","","","","","",19,9,"","","","","","","","","","","","",3.,9,"","","","","","","","",7,9,0,9,0,9,0,9,2,9,"","","","","","","","","","","","","","","","","","","","","","","","","","","","",0,9,0,9,0,9,"","","","","","","","","","","","","","","","",0,9,59,9,-1.,1,4,1,"","","","",5,1,"","","","","","","","","","","","","","","","","","","","","","","","","","","","","","","","","",""
"09193400","Mijanes",42.7265,2.017,1530,2015030806,"","","","",1.,9,20,9,"","","","","","","","","","","","","","","","","","","","","","","","","","","","",6.5,9,-11.2,9,"","","","","","","","","","","","","","","","","","","","","","","","","","",27,9,"","","","","","","","","","","","",2.6,9,"","","","","","","","",5,9,0,9,0,9,0,9,2,9,"","","","","","","","","","","","","","","","","","","","","","","","","","","","",0,9,0,9,0,9,"","","","","","","","","","","","","","","","","","",59,9,-3.1,1,0,1,"","",0,9,5,1,"","","","","","","","","","","","","","","","","","","","","","","","","","","","","","","","","",""
"09193400","Mijanes",42.7265,2.017,1530,2015030812,"","","","","","","","","","","","","","","","","","","","","","","","","","","","","","","","","","","","",10.3,1,-9.9,1,"","","","","","","","","","","","","","","","","","","","","","","","","","",23,1,"","","","","","","","","","","","",2.9,1,"","","","","","","","","","","","","","","","","","","","","","","","","","","","","","","","","","","","","","","","","","","","","","","","","","","","","","","","","","","","","","","","","","","","","","",59,1,-1.1,1,6,1,"","","","",5,1,"","","","","","","","","","","","","","","","","","","","","","","","","","","","","","","","","",""
"09193400","Mijanes",42.7265,2.017,1530,2015030906,"","","","",7.,9,270,9,"","","","","","","","","","","","","","","","","","","","","","","","","","","","",5.2,9,-7.8,9,"","","","","","","","","","","","","","","","","","","","","","","","","","",39,9,"","","","","","","","","","","","",3.4,9,"","","","","","","","",6,9,3,9,0,9,3,9,2,9,"","","","","","","","","","","","","","","","","","","","","","","","","","","","",0,9,0,9,0,9,"","","","","","","","","","","","","","","","","","",55,9,-1.1,1,0,1,"","",0,9,5,1,"","","","","","","","","","","","","","","","","","","","","","","","","","","","","","","","","",""
"09193400","Mijanes",42.7265,2.017,1530,2015031006,"","","","",2.,9,270,9,"","","","","","","","","","","","","","","","","","","","","","","","","","","","",7.7,9,-9.4,9,"","","","","","","","","","","","","","","","","","","","","","","","","","",29,9,"","","","","","","","","","","","",3.,9,"","","","","","","","",5,9,1,9,0,9,3,9,2,9,"","","","","","","","","","","","","","","","","","","","","","","","","","","","",0,9,0,9,0,9,"","","","","","","","","","","","","","","","","","",52,9,-2.4,1,0,1,"","",0,9,5,1,"","","","","","","","","","","","","","","","","","","","","","","","","","","","","","","","","",""
"09193400","Mijanes",42.7265,2.017,1530,2015031206,"","","","",0.,9,0,9,"","","","","","","","","","","","","","","","","","","","","","","","","","","","",5.6,9,0.2,9,"","","","","","","","","","","","","","","","","","","","","","","","","","",68,9,"","","","","","","","","","","","",6.2,9,"","","","","","","","",1,9,0,9,0,9,0,9,2,9,"","","","","","","","","","","","","","","","","","","","","","","","","","","","",0,9,0,9,0,9,"","","","","","","","","","","","","","","","","","",50,9,-0.2,1,0,1,"","",0,9,5,1,"","","","","","","","","","","","","","","","","","","","","","","","","","","","","","","","","",""
"09193400","Mijanes",42.7265,2.017,1530,2015031212,"","","","",0.,9,0,9,"","","","","","","","","","","","","","","","","","","","","","","","","","","","",13.4,9,1.7,9,"","","","","","","","","","","","","","","","","","","","","","","","","","",45,9,"","","","","","","","","","","","",6.9,9,"","","","","","","","",1,9,1,9,0,9,3,9,0,9,"","","","","","","","","","","","","","","","","","","","","","","","","","","","",0,9,0,9,0,9,"","","","","","","","","","","","","","","","",0,9,48,9,-0.1,1,2,1,"","","","",5,1,"","","","","","","","","","","","","","","","","","","","","","","","","","","","","","","","","",""
"09193400","Mijanes",42.7265,2.017,1530,2015031306,"","","","",7.,9,270,9,"","","","","","","","","","","","","","","","","","","","","","","","","","","","",1.,9,-1.4,9,"","","","","","","","","","","","","","","","","","","","","","","","","","",84,9,"","","","","","","","","","","","",5.5,9,"","","","","","","","",8,9,4,9,5,9,7,9,"","","","","","","","","","","","","","","","","","","","","","","","","","","","","","",0,9,0,9,0,9,"","","","","","","","","","","","","","","","","","",45,9,-1.1,1,1,1,"","",0,9,5,1,"","","","","","","","","","","","","","","","","","","","","","","","","","","","","","","","","",""
"09193400","Mijanes",42.7265,2.017,1530,2015031406,"","","","",7.,9,270,9,"","","","","","","","","","","","","","","","","","","","","","","","","","","","",-3.,9,-5.4,9,"","","","","","","","","","","","","","","","","","","","","","","","","","",83,9,"","","","","","","","","","","","",4.1,9,"","","","","","","","",4,9,4,9,5,9,0,9,0,9,"","","","","","","","","","","","","","","","","","","","","","","","","","","","",0,9,7,9,6,9,"","","","","","","","","","","","","","","","","","",50,9,-2.2,1,7,1,"","",5,9,0,1,"","","","","","","","","","","","","","","","","","","","","","","","","","","","","","","","","",""
"09193400","Mijanes",42.7265,2.017,1530,2015031412,"","","","","","","","","","","","","","","","","","","","","","","","","","","","","","","","","","","","",-2.6,1,-4.8,1,"","","","","","","","","","","","","","","","","","","","","","","","","","",85,1,"","","","","","","","","","","","",4.3,1,"","","","","","","","","","","","","","","","","","","","","","","","","","","","","","","","","","","","","","","","","","","","","","","","","","","","","","","","","","","","","","","","","","","","","","",53,1,-2.3,1,8,1,"","","","",1,1,"","","","","","","","","","","","","","","","","","","","","","","","","","","","","","","","","",""
"09193400","Mijanes",42.7265,2.017,1530,2015031506,"","","","",2.,9,270,9,"","","","","","","","","","","","","","","","","","","","","","","","","","","","",-3.5,9,-5.7,9,"","","","","","","","","","","","","","","","","","","","","","","","","","",84,9,"","","","","","","","","","","","",4.,9,"","","","","","","","",9,9,9,9,"","","","","","","","","","","","","","","","","","","","","","","","","","","","","","","","","","",71,9,0,9,7,9,"","","","","","","","","","","","","","","","","","",60,9,-3.5,1,18,1,"","",13,9,1,1,"","","","","","","","","","","","","","","","","","","","","","","","","","","","","","","","","",""
"09193400","Mijanes",42.7265,2.017,1530,2015041406,"","","","","","","","","","","","","","","","","","","","","","","","","","","","","","","","","","","","",9.6,1,1.7,1,"","","","","","","","","","","","","","","","","","","","","","","","","","",58,1,"","","","","","","","","","","","",6.9,1,"","","","","","","","","","","","","","","","","","","","","","","","","","","","","","","","","","","","","","","","","","","","","","","","","","","","","","","","","","","","","","","","","","","","","","",0,1,"","","","","","","","","","","","","","","","","","","","","","","","","","","","","","","","","","","","","","","","","","","",""
"09193400","Mijanes",42.7265,2.017,1530,2015071606,"","","","","","","","","","","","","","","","","","","","","","","","","","","","","","","","","","","","","",1,"","","",1,"",1,"",1,"",1,"",1,"","","","","","","","","","","","","","","","","",1,"",1,"",1,"",1,"",1,"",1,"",1,"","","",1,"","","",1,"",1,"","","","","","","","","","","","","","","","","","","","","","","","","","","","","","","","","","","","","","","","","","","","","","","","","","","","","","","","","","","","","","",0,1,"","","","","","","","","","","","","","","","","","","","","","","","","","","","","","","","","","","","","","","","","","","",""
"09193400","Mijanes",42.7265,2.017,1530,2015113006,"","","","","","","","","","","","","","","","","","","","","","","","","","","","","","","","","","","","",4.6,1,-2.2,1,"","","","","","","","","","","","","","","","","","","","","","","","","","",61,1,"","","","","","","","","","","","",5.2,1,"","","","","","","","","","","","","","","","","","","","","","","","","","","","","","","","","","","","","","","","","","","","","","","","","","","","","","","","","","","","","","","","","","","","","","",0,1,"","","","","","","","","","","","","","","","","","","","","","","","","","","","","","","","","","","","","","","","","","","",""
"09193400","Mijanes",42.7265,2.017,1530,2015120606,"","","","","","","","","","","","","","","","","","","","","","","","","","","","","","","","","","","","",5.1,1,-0.7,1,"","","","","","","","","","","","","","","","","","","","","","","","","","",66,1,"","","","","","","","","","","","",5.8,1,"","","","","","","","","","","","","","","","","","","","","","","","","","","","","","","","","","","","","","","","","","","","","","","","","","","","","","","","","","","","","","","","","","","","","","",0,1,"","","","","","","","","","","","","","","","","","","","","","","","","","","","","","","","","","","","","","","","","","","",""
