"NUM_POSTE","NOM_USUEL","LAT","LON","ALTI","AAAAMMJJHH","RR1","QRR1","DRR1","QDRR1","FF","QFF","DD","QDD","FXY","QFXY","DXY","QDXY","HXY","QHXY","FXI","QFXI","DXI","QDXI","HXI","QHXI","FF2","QFF2","DD2","QDD2","FXI2","QFXI2","DXI2","QDXI2","HXI2","QHXI2","FXI3S","QFXI3S","DXI3S","QDXI3S","HFXI3S","QHFXI3S","T","QT","TD","QTD","TN","QTN","HTN","QHTN","TX","QTX","HTX","QHTX","DG","QDG","T10","QT10","T20","QT20","T50","QT50","T100","QT100","TNSOL","QTNSOL","TN50","QTN50","TCHAUSSEE","QTCHAUSSEE","DHUMEC","QDHUMEC","U","QU","UN","QUN","HUN","QHUN","UX","QUX","HUX","QHUX","DHUMI40","QDHUMI40","DHUMI80","QDHUMI80","TSV","QTSV","PMER","QPMER","PSTAT","QPSTAT","PMERMIN","QPMERMIN","GEOP","QGEOP","N","QN","NBAS","QNBAS","CL","QCL","CM","QCM","CH","QCH","N1","QN1","C1","QC1","B1","QB1","N2","QN2","C2","QC2","B2","QB2","N3","QN3","C3","QC3","B3","QB3","N4","QN4","C4","QC4","B4","QB4","VV","QVV","DVV200","QDVV200","WW","QWW","W1","QW1","W2","QW2","SOL","QSOL","SOLNG","QSOLNG","TMER","QTMER","VVMER","QVVMER","ETATMER","QETATMER","DIRHOULE","QDIRHOULE","HVAGUE","QHVAGUE","PVAGUE","QPVAGUE","HNEIGEF","QHNEIGEF","NEIGETOT","QNEIGETOT","TSNEIGE","QTSNEIGE","TUBENEIGE","QTUBENEIGE","HNEIGEFI3","QHNEIGEFI3","HNEIGEFI1","QHNEIGEFI1","ESNEIGE","QESNEIGE","CHARGENEIGE","QCHARGENEIGE","GLO","QGLO","GLO2","QGLO2","DIR","QDIR","DIR2","QDIR2","DIF","QDIF","DIF2","QDIF2","UV","QUV","UV2","QUV2","UV_INDICE","QUV_INDICE","INFRAR","QINFRAR","INFRAR2","QINFRAR2","INS","QINS","INS2","QINS2","TLAGON","QTLAGON","TVEGETAUX","QTVEGETAUX","ECOULEMENT","QECOULEMENT"
"06163007","TENDE_SAPC",44.043167,7.586,636,2000010100,0.,1,"","","","","","","","","","","","","","","","","","","","","","","","","","","","","","","","","","",-3.2,1,-6.7,1,-3.2,1,"","",-3.,1,"","","","","","","","","","","","","","","","","","","","",77,1,"","","","","","","","","","","","",3.7,1,"","","","","","","","","","","","","","","","","","","","","","","","","","","","","","","","","","","","","","","","","","","","","","","","","","","","","","","","","","","","","","","","","","","","","","","","","","","","","","","","","","","","","","","","","","","","","","","","","","","","","","","","","","","","","","","","","","","",""
"06163007","TENDE_SAPC",44.043167,7.586,636,2000010101,0.,1,"","","","","","","","","","","","","","","","","","","","","","","","","","","","","","","","","","",-3.7,1,-7.,1,-3.8,1,"","",-3.2,1,"","","","","","","","","","","","","","","","","","","","",78,1,"","","","","","","","","","","","",3.6,1,"","","","","","","","","","","","","","","","","","","","","","","","","","","","","","","","","","","","","","","","","","","","","","","","","","","","","","","","","","","","","","","","","","","","","","","","","","","","","","","","","","","","","","","","","","","","","","","","","","","","","","","","","","","","","","","","","","","",""
"06163007","TENDE_SAPC",44.043167,7.586,636,2000010102,0.,1,"","","","","","","","","","","","","","","","","","","","","","","","","","","","","","","","","","",-3.8,1,-7.2,1,-3.9,1,"","",-3.7,1,"","","","","","","","","","","","","","","","","","","","",77,1,"","","","","","","","","","","","",3.6,1,"","","","","","","","","","","","","","","","","","","","","","","","","","","","","","","","","","","","","","","","","","","","","","","","","","","","","","","","","","","","","","","","","","","","","","","","","","","","","","","","","","","","","","","","","","","","","","","","","","","","","","","","","","","","","","","","","","","",""
"06163007","TENDE_SAPC",44.043167,7.586,636,2000010103,0.,1,"","","","","","","","","","","","","","","","","","","","","","","","","","","","","","","","","","",-4.2,1,-7.6,1,-4.2,1,"","",-3.8,1,"","","","","","","","","","","","","","","","","","","","",77,1,"","","","","","","","","","","","",3.5,1,"","","","","","","","","","","","","","","","","","","","","","","","","","","","","","","","","","","","","","","","","","","","","","","","","","","","","","","","","","","","","","","","","","","","","","","","","","","","","","","","","","","","","","","","","","","","","","","","","","","","","","","","","","","","","","","","","","","",""
"06163007","TENDE_SAPC",44.043167,7.586,636,2000010104,0.,1,"","","","","","","","","","","","","","","","","","","","","","","","","","","","","","","","","","",-4.4,1,-8.,1,-4.4,1,"","",-4.2,1,"","","","","","","","","","","","","","","","","","","","",76,1,"","","","","","","","","","","","",3.4,1,"","","","","","","","","","","","","","","","","","","","","","","","","","","","","","","","","","","","","","","","","","","","","","","","","","","","","","","","","","","","","","","","","","","","","","","","","","","","","","","","","","","","","","","","","","","","","","","","","","","","","","","","","","","","","","","","","","","",""
"06163007","TENDE_SAPC",44.043167,7.586,636,2000010105,0.,1,"","","","","","","","","","","","","","","","","","","","","","","","","","","","","","","","","","",-4.9,1,-8.1,1,-4.9,1,"","",-4.4,1,"","","","","","","","","","","","","","","","","","","","",78,1,"","","","","","","","","","","","",3.3,1,"","","","","","","","","","","","","","","","","","","","","","","","","","","","","","","","","","","","","","","","","","","","","","","","","","","","","","","","","","","","","","","","","","","","","","","","","","","","","","","","","","","","","","","","","","","","","","","","","","","","","","","","","","","","","","","","","","","",""
"06163007","TENDE_SAPC",44.043167,7.586,636,2000010106,0.,1,"","","","","","","","","","","","","","","","","","","","","","","","","","","","","","","","","","",-5.1,1,-8.3,1,-5.1,1,"","",-4.9,1,"","","","","","","","","","","","","","","","","","","","",78,1,"","","","","","","","","","","","",3.3,1,"","","","","","","","","","","","","","","","","","","","","","","","","","","","","","","","","","","","","","","","","","","","","","","","","","","","","","","","","","","","","","","","","","","","","","","","","","","","","","","","","","","","","","","","","","","","","","","","","","","","","","","","","","","","","","","","","","","",""
"06163007","TENDE_SAPC",44.043167,7.586,636,2000010107,0.,1,"","","","","","","","","","","","","","","","","","","","","","","","","","","","","","","","","","",-5.3,1,-8.9,1,-5.3,1,"","",-5.,1,"","","","","","","","","","","","","","","","","","","","",76,1,"","","","","","","","","","","","",3.1,1,"","","","","","","","","","","","","","","","","","","","","","","","","","","","","","","","","","","","","","","","","","","","","","","","","","","","","","","","","","","","","","","","","","","","","","","","","","","","","","","","","","","","","","","","","","","","","","","","","","","","","","","","","","","","","","","","","","","",""
"06163007","TENDE_SAPC",44.043167,7.586,636,2000010108,0.,1,"","","","","","","","","","","","","","","","","","","","","","","","","","","","","","","","","","",-4.9,1,-8.7,1,-5.3,1,"","",-4.8,1,"","","","","","","","","","","","","","","","","","","","",75,1,"","","","","","","","","","","","",3.2,1,"","","","","","","","","","","","","","","","","","","","","","","","","","","","","","","","","","","","","","","","","","","","","","","","","","","","","","","","","","","","","","","","","","","","","","","","","","","","","","","","","","","","","","","","","","","","","","","","","","","","","","","","","","","","","","","","","","","",""
"06163007","TENDE_SAPC",44.043167,7.586,636,2000010109,0.,1,"","","","","","","","","","","","","","","","","","","","","","","","","","","","","","","","","","",-4.3,1,-8.6,1,-4.9,1,"","",-4.2,1,"","","","","","","","","","","","","","","","","","","","",72,1,"","","","","","","","","","","","",3.2,1,"","","","","","","","","","","","","","","","","","","","","","","","","","","","","","","","","","","","","","","","","","","","","","","","","","","","","","","","","","","","","","","","","","","","","","","","","","","","","","","","","","","","","","","","","","","","","","","","","","","","","","","","","","","","","","","","","","","",""
"06163007","TENDE_SAPC",44.043167,7.586,636,2000010110,0.,1,"","","","","","","","","","","","","","","","","","","","","","","","","","","","","","","","","","",-3.5,1,-7.6,1,-4.2,1,"","",-3.5,1,"","","","","","","","","","","","","","","","","","","","",73,1,"","","","","","","","","","","","",3.4,1,"","","","","","","","","","","","","","","","","","","","","","","","","","","","","","","","","","","","","","","","","","","","","","","","","","","","","","","","","","","","","","","","","","","","","","","","","","","","","","","","","","","","","","","","","","","","","","","","","","","","","","","","","","","","","","","","","","","",""
"06163007","TENDE_SAPC",44.043167,7.586,636,2000010111,0.,1,"","","","","","","","","","","","","","","","","","","","","","","","","","","","","","","","","","",3.2,1,-4.7,1,-3.5,1,"","",3.2,1,"","","","","","","","","","","","","","","","","","","","",56,1,"","","","","","","","","","","","",4.3,1,"","","","","","","","","","","","","","","","","","","","","","","","","","","","","","","","","","","","","","","","","","","","","","","","","","","","","","","","","","","","","","","","","","","","","","","","","","","","","","","","","","","","","","","","","","","","","","","","","","","","","","","","","","","","","","","","","","","",""
"06163007","TENDE_SAPC",44.043167,7.586,636,2000010112,0.,1,"","","","","","","","","","","","","","","","","","","","","","","","","","","","","","","","","","",5.3,1,-4.3,1,3.2,1,"","",5.3,1,"","","","","","","","","","","","","","","","","","","","",50,1,"","","","","","","","","","","","",4.5,1,"","","","","","","","","","","","","","","","","","","","","","","","","","","","","","","","","","","","","","","","","","","","","","","","","","","","","","","","","","","","","","","","","","","","","","","","","","","","","","","","","","","","","","","","","","","","","","","","","","","","","","","","","","","","","","","","","","","",""
"06163007","TENDE_SAPC",44.043167,7.586,636,2000010113,0.,1,"","","","","","","","","","","","","","","","","","","","","","","","","","","","","","","","","","",6.8,1,-3.7,1,5.4,1,"","",6.9,1,"","","","","","","","","","","","","","","","","","","","",47,1,"","","","","","","","","","","","",4.6,1,"","","","","","","","","","","","","","","","","","","","","","","","","","","","","","","","","","","","","","","","","","","","","","","","","","","","","","","","","","","","","","","","","","","","","","","","","","","","","","","","","","","","","","","","","","","","","","","","","","","","","","","","","","","","","","","","","","","",""
"06163007","TENDE_SAPC",44.043167,7.586,636,2000010114,0.,1,"","","","","","","","","","","","","","","","","","","","","","","","","","","","","","","","","","",5.4,1,-3.2,1,5.2,1,"","",7.,1,"","","","","","","","","","","","","","","","","","","","",54,1,"","","","","","","","","","","","",4.8,1,"","","","","","","","","","","","","","","","","","","","","","","","","","","","","","","","","","","","","","","","","","","","","","","","","","","","","","","","","","","","","","","","","","","","","","","","","","","","","","","","","","","","","","","","","","","","","","","","","","","","","","","","","","","","","","","","","","","",""
"06163007","TENDE_SAPC",44.043167,7.586,636,2000010115,0.,1,"","","","","","","","","","","","","","","","","","","","","","","","","","","","","","","","","","",4.,1,-2.2,1,4.,1,"","",5.3,1,"","","","","","","","","","","","","","","","","","","","",64,1,"","","","","","","","","","","","",5.2,1,"","","","","","","","","","","","","","","","","","","","","","","","","","","","","","","","","","","","","","","","","","","","","","","","","","","","","","","","","","","","","","","","","","","","","","","","","","","","","","","","","","","","","","","","","","","","","","","","","","","","","","","","","","","","","","","","","","","",""
"06163007","TENDE_SAPC",44.043167,7.586,636,2000010116,0.,1,"","","","","","","","","","","","","","","","","","","","","","","","","","","","","","","","","","",1.6,1,-2.9,1,1.6,1,"","",3.9,1,"","","","","","","","","","","","","","","","","","","","",72,1,"","","","","","","","","","","","",4.9,1,"","","","","","","","","","","","","","","","","","","","","","","","","","","","","","","","","","","","","","","","","","","","","","","","","","","","","","","","","","","","","","","","","","","","","","","","","","","","","","","","","","","","","","","","","","","","","","","","","","","","","","","","","","","","","","","","","","","",""
"06163007","TENDE_SAPC",44.043167,7.586,636,2000010117,0.,1,"","","","","","","","","","","","","","","","","","","","","","","","","","","","","","","","","","",0.1,1,-3.3,1,0.1,1,"","",1.6,1,"","","","","","","","","","","","","","","","","","","","",78,1,"","","","","","","","","","","","",4.8,1,"","","","","","","","","","","","","","","","","","","","","","","","","","","","","","","","","","","","","","","","","","","","","","","","","","","","","","","","","","","","","","","","","","","","","","","","","","","","","","","","","","","","","","","","","","","","","","","","","","","","","","","","","","","","","","","","","","","",""
"06163007","TENDE_SAPC",44.043167,7.586,636,2000010118,0.,1,"","","","","","","","","","","","","","","","","","","","","","","","","","","","","","","","","","",-0.9,1,-3.8,1,-0.9,1,"","",0.1,1,"","","","","","","","","","","","","","","","","","","","",81,1,"","","","","","","","","","","","",4.6,1,"","","","","","","","","","","","","","","","","","","","","","","","","","","","","","","","","","","","","","","","","","","","","","","","","","","","","","","","","","","","","","","","","","","","","","","","","","","","","","","","","","","","","","","","","","","","","","","","","","","","","","","","","","","","","","","","","","","",""
"06163007","TENDE_SAPC",44.043167,7.586,636,2000010119,0.,1,"","","","","","","","","","","","","","","","","","","","","","","","","","","","","","","","","","",-0.9,1,-3.6,1,-1.2,1,"","",-0.9,1,"","","","","","","","","","","","","","","","","","","","",82,1,"","","","","","","","","","","","",4.7,1,"","","","","","","","","","","","","","","","","","","","","","","","","","","","","","","","","","","","","","","","","","","","","","","","","","","","","","","","","","","","","","","","","","","","","","","","","","","","","","","","","","","","","","","","","","","","","","","","","","","","","","","","","","","","","","","","","","","",""
"06163007","TENDE_SAPC",44.043167,7.586,636,2000010120,0.,1,"","","","","","","","","","","","","","","","","","","","","","","","","","","","","","","","","","",0.,1,-3.7,1,-0.9,1,"","",0.,1,"","","","","","","","","","","","","","","","","","","","",76,1,"","","","","","","","","","","","",4.6,1,"","","","","","","","","","","","","","","","","","","","","","","","","","","","","","","","","","","","","","","","","","","","","","","","","","","","","","","","","","","","","","","","","","","","","","","","","","","","","","","","","","","","","","","","","","","","","","","","","","","","","","","","","","","","","","","","","","","",""
"06163007","TENDE_SAPC",44.043167,7.586,636,2000010121,0.,1,"","","","","","","","","","","","","","","","","","","","","","","","","","","","","","","","","","",0.2,1,-3.9,1,0.,1,"","",0.2,1,"","","","","","","","","","","","","","","","","","","","",74,1,"","","","","","","","","","","","",4.6,1,"","","","","","","","","","","","","","","","","","","","","","","","","","","","","","","","","","","","","","","","","","","","","","","","","","","","","","","","","","","","","","","","","","","","","","","","","","","","","","","","","","","","","","","","","","","","","","","","","","","","","","","","","","","","","","","","","","","",""
"06163007","TENDE_SAPC",44.043167,7.586,636,2000010122,0.,1,"","","","","","","","","","","","","","","","","","","","","","","","","","","","","","","","","","",-0.7,1,-4.4,1,-0.7,1,"","",0.2,1,"","","","","","","","","","","","","","","","","","","","",76,1,"","","","","","","","","","","","",4.4,1,"","","","","","","","","","","","","","","","","","","","","","","","","","","","","","","","","","","","","","","","","","","","","","","","","","","","","","","","","","","","","","","","","","","","","","","","","","","","","","","","","","","","","","","","","","","","","","","","","","","","","","","","","","","","","","","","","","","",""
"06163007","TENDE_SAPC",44.043167,7.586,636,2000010123,0.,1,"","","","","","","","","","","","","","","","","","","","","","","","","","","","","","","","","","",-1.5,1,-4.7,1,-1.5,1,"","",-0.8,1,"","","","","","","","","","","","","","","","","","","","",79,1,"","","","","","","","","","","","",4.3,1,"","","","","","","","","","","","","","","","","","","","","","","","","","","","","","","","","","","","","","","","","","","","","","","","","","","","","","","","","","","","","","","","","","","","","","","","","","","","","","","","","","","","","","","","","","","","","","","","","","","","","","","","","","","","","","","","","","","",""
"06163007","TENDE_SAPC",44.043167,7.586,636,2000010200,0.,1,"","","","","","","","","","","","","","","","","","","","","","","","","","","","","","","","","","",-1.9,1,-4.7,1,-1.9,1,"","",-1.5,1,"","","","","","","","","","","","","","","","","","","","",81,1,"","","","","","","","","","","","",4.3,1,"","","","","","","","","","","","","","","","","","","","","","","","","","","","","","","","","","","","","","","","","","","","","","","","","","","","","","","","","","","","","","","","","","","","","","","","","","","","","","","","","","","","","","","","","","","","","","","","","","","","","","","","","","","","","","","","","","","",""
"06163007","TENDE_SAPC",44.043167,7.586,636,2000010201,0.,1,"","","","","","","","","","","","","","","","","","","","","","","","","","","","","","","","","","",-1.7,1,-5.2,1,-1.9,1,"","",-1.4,1,"","","","","","","","","","","","","","","","","","","","",77,1,"","","","","","","","","","","","",4.2,1,"","","","","","","","","","","","","","","","","","","","","","","","","","","","","","","","","","","","","","","","","","","","","","","","","","","","","","","","","","","","","","","","","","","","","","","","","","","","","","","","","","","","","","","","","","","","","","","","","","","","","","","","","","","","","","","","","","","",""
"06163007","TENDE_SAPC",44.043167,7.586,636,2000010202,0.,1,"","","","","","","","","","","","","","","","","","","","","","","","","","","","","","","","","","",-2.7,1,-5.7,1,-2.7,1,"","",-1.7,1,"","","","","","","","","","","","","","","","","","","","",80,1,"","","","","","","","","","","","",4.,1,"","","","","","","","","","","","","","","","","","","","","","","","","","","","","","","","","","","","","","","","","","","","","","","","","","","","","","","","","","","","","","","","","","","","","","","","","","","","","","","","","","","","","","","","","","","","","","","","","","","","","","","","","","","","","","","","","","","",""
"06163007","TENDE_SAPC",44.043167,7.586,636,2000010203,0.,1,"","","","","","","","","","","","","","","","","","","","","","","","","","","","","","","","","","",-3.1,1,-5.9,1,-3.2,1,"","",-2.7,1,"","","","","","","","","","","","","","","","","","","","",81,1,"","","","","","","","","","","","",3.9,1,"","","","","","","","","","","","","","","","","","","","","","","","","","","","","","","","","","","","","","","","","","","","","","","","","","","","","","","","","","","","","","","","","","","","","","","","","","","","","","","","","","","","","","","","","","","","","","","","","","","","","","","","","","","","","","","","","","","",""
"06163007","TENDE_SAPC",44.043167,7.586,636,2000010204,0.,1,"","","","","","","","","","","","","","","","","","","","","","","","","","","","","","","","","","",-3.4,1,-6.7,1,-3.4,1,"","",-3.,1,"","","","","","","","","","","","","","","","","","","","",78,1,"","","","","","","","","","","","",3.7,1,"","","","","","","","","","","","","","","","","","","","","","","","","","","","","","","","","","","","","","","","","","","","","","","","","","","","","","","","","","","","","","","","","","","","","","","","","","","","","","","","","","","","","","","","","","","","","","","","","","","","","","","","","","","","","","","","","","","",""
"06163007","TENDE_SAPC",44.043167,7.586,636,2000010205,0.,1,"","","","","","","","","","","","","","","","","","","","","","","","","","","","","","","","","","",-3.7,1,-6.8,1,-3.7,1,"","",-3.3,1,"","","","","","","","","","","","","","","","","","","","",79,1,"","","","","","","","","","","","",3.7,1,"","","","","","","","","","","","","","","","","","","","","","","","","","","","","","","","","","","","","","","","","","","","","","","","","","","","","","","","","","","","","","","","","","","","","","","","","","","","","","","","","","","","","","","","","","","","","","","","","","","","","","","","","","","","","","","","","","","",""
"06163007","TENDE_SAPC",44.043167,7.586,636,2000010206,0.,1,"","","","","","","","","","","","","","","","","","","","","","","","","","","","","","","","","","",-4.1,1,-7.,1,-4.1,1,"","",-3.7,1,"","","","","","","","","","","","","","","","","","","","",80,1,"","","","","","","","","","","","",3.6,1,"","","","","","","","","","","","","","","","","","","","","","","","","","","","","","","","","","","","","","","","","","","","","","","","","","","","","","","","","","","","","","","","","","","","","","","","","","","","","","","","","","","","","","","","","","","","","","","","","","","","","","","","","","","","","","","","","","","",""
"06163007","TENDE_SAPC",44.043167,7.586,636,2000010207,0.,1,"","","","","","","","","","","","","","","","","","","","","","","","","","","","","","","","","","",-3.9,1,-7.5,1,-4.3,1,"","",-3.9,1,"","","","","","","","","","","","","","","","","","","","",76,1,"","","","","","","","","","","","",3.5,1,"","","","","","","","","","","","","","","","","","","","","","","","","","","","","","","","","","","","","","","","","","","","","","","","","","","","","","","","","","","","","","","","","","","","","","","","","","","","","","","","","","","","","","","","","","","","","","","","","","","","","","","","","","","","","","","","","","","",""
"06163007","TENDE_SAPC",44.043167,7.586,636,2000010208,0.,1,"","","","","","","","","","","","","","","","","","","","","","","","","","","","","","","","","","",-3.5,1,-7.6,1,-4.1,1,"","",-3.5,1,"","","","","","","","","","","","","","","","","","","","",73,1,"","","","","","","","","","","","",3.4,1,"","","","","","","","","","","","","","","","","","","","","","","","","","","","","","","","","","","","","","","","","","","","","","","","","","","","","","","","","","","","","","","","","","","","","","","","","","","","","","","","","","","","","","","","","","","","","","","","","","","","","","","","","","","","","","","","","","","",""
"06163007","TENDE_SAPC",44.043167,7.586,636,2000010209,0.,1,"","","","","","","","","","","","","","","","","","","","","","","","","","","","","","","","","","",-2.8,1,-7.5,1,-3.6,1,"","",-2.8,1,"","","","","","","","","","","","","","","","","","","","",70,1,"","","","","","","","","","","","",3.5,1,"","","","","","","","","","","","","","","","","","","","","","","","","","","","","","","","","","","","","","","","","","","","","","","","","","","","","","","","","","","","","","","","","","","","","","","","","","","","","","","","","","","","","","","","","","","","","","","","","","","","","","","","","","","","","","","","","","","",""
"06163007","TENDE_SAPC",44.043167,7.586,636,2000010210,0.,1,"","","","","","","","","","","","","","","","","","","","","","","","","","","","","","","","","","",-2.5,1,-6.7,1,-2.9,1,"","",-2.5,1,"","","","","","","","","","","","","","","","","","","","",73,1,"","","","","","","","","","","","",3.7,1,"","","","","","","","","","","","","","","","","","","","","","","","","","","","","","","","","","","","","","","","","","","","","","","","","","","","","","","","","","","","","","","","","","","","","","","","","","","","","","","","","","","","","","","","","","","","","","","","","","","","","","","","","","","","","","","","","","","",""
"06163007","TENDE_SAPC",44.043167,7.586,636,2000010211,0.,1,"","","","","","","","","","","","","","","","","","","","","","","","","","","","","","","","","","",3.7,1,-5.3,1,-2.5,1,"","",3.7,1,"","","","","","","","","","","","","","","","","","","","",52,1,"","","","","","","","","","","","",4.1,1,"","","","","","","","","","","","","","","","","","","","","","","","","","","","","","","","","","","","","","","","","","","","","","","","","","","","","","","","","","","","","","","","","","","","","","","","","","","","","","","","","","","","","","","","","","","","","","","","","","","","","","","","","","","","","","","","","","","",""
"06163007","TENDE_SAPC",44.043167,7.586,636,2000010212,0.,1,"","","","","","","","","","","","","","","","","","","","","","","","","","","","","","","","","","",7.3,1,-3.9,1,3.9,1,"","",7.6,1,"","","","","","","","","","","","","","","","","","","","",45,1,"","","","","","","","","","","","",4.6,1,"","","","","","","","","","","","","","","","","","","","","","","","","","","","","","","","","","","","","","","","","","","","","","","","","","","","","","","","","","","","","","","","","","","","","","","","","","","","","","","","","","","","","","","","","","","","","","","","","","","","","","","","","","","","","","","","","","","",""
"06163007","TENDE_SAPC",44.043167,7.586,636,2000010213,0.,1,"","","","","","","","","","","","","","","","","","","","","","","","","","","","","","","","","","",8.1,1,-3.7,1,7.3,1,"","",8.3,1,"","","","","","","","","","","","","","","","","","","","",43,1,"","","","","","","","","","","","",4.6,1,"","","","","","","","","","","","","","","","","","","","","","","","","","","","","","","","","","","","","","","","","","","","","","","","","","","","","","","","","","","","","","","","","","","","","","","","","","","","","","","","","","","","","","","","","","","","","","","","","","","","","","","","","","","","","","","","","","","",""
"06163007","TENDE_SAPC",44.043167,7.586,636,2000010214,0.,1,"","","","","","","","","","","","","","","","","","","","","","","","","","","","","","","","","","",4.2,1,-3.6,1,4.2,1,"","",8.3,1,"","","","","","","","","","","","","","","","","","","","",57,1,"","","","","","","","","","","","",4.7,1,"","","","","","","","","","","","","","","","","","","","","","","","","","","","","","","","","","","","","","","","","","","","","","","","","","","","","","","","","","","","","","","","","","","","","","","","","","","","","","","","","","","","","","","","","","","","","","","","","","","","","","","","","","","","","","","","","","","",""
"06163007","TENDE_SAPC",44.043167,7.586,636,2000010215,0.,1,"","","","","","","","","","","","","","","","","","","","","","","","","","","","","","","","","","",2.7,1,-3.,1,2.7,1,"","",4.2,1,"","","","","","","","","","","","","","","","","","","","",66,1,"","","","","","","","","","","","",4.9,1,"","","","","","","","","","","","","","","","","","","","","","","","","","","","","","","","","","","","","","","","","","","","","","","","","","","","","","","","","","","","","","","","","","","","","","","","","","","","","","","","","","","","","","","","","","","","","","","","","","","","","","","","","","","","","","","","","","","",""
"06163007","TENDE_SAPC",44.043167,7.586,636,2000010216,0.,1,"","","","","","","","","","","","","","","","","","","","","","","","","","","","","","","","","","",1.,1,-3.5,1,1.,1,"","",2.6,1,"","","","","","","","","","","","","","","","","","","","",72,1,"","","","","","","","","","","","",4.7,1,"","","","","","","","","","","","","","","","","","","","","","","","","","","","","","","","","","","","","","","","","","","","","","","","","","","","","","","","","","","","","","","","","","","","","","","","","","","","","","","","","","","","","","","","","","","","","","","","","","","","","","","","","","","","","","","","","","","",""
"06163007","TENDE_SAPC",44.043167,7.586,636,2000010217,0.,1,"","","","","","","","","","","","","","","","","","","","","","","","","","","","","","","","","","",0.,1,-3.9,1,0.,1,"","",1.,1,"","","","","","","","","","","","","","","","","","","","",75,1,"","","","","","","","","","","","",4.6,1,"","","","","","","","","","","","","","","","","","","","","","","","","","","","","","","","","","","","","","","","","","","","","","","","","","","","","","","","","","","","","","","","","","","","","","","","","","","","","","","","","","","","","","","","","","","","","","","","","","","","","","","","","","","","","","","","","","","",""
"06163007","TENDE_SAPC",44.043167,7.586,636,2000010218,0.,1,"","","","","","","","","","","","","","","","","","","","","","","","","","","","","","","","","","",-0.5,1,-4.2,1,-0.5,1,"","",0.,1,"","","","","","","","","","","","","","","","","","","","",76,1,"","","","","","","","","","","","",4.5,1,"","","","","","","","","","","","","","","","","","","","","","","","","","","","","","","","","","","","","","","","","","","","","","","","","","","","","","","","","","","","","","","","","","","","","","","","","","","","","","","","","","","","","","","","","","","","","","","","","","","","","","","","","","","","","","","","","","","",""
"06163007","TENDE_SAPC",44.043167,7.586,636,2000010219,0.,1,"","","","","","","","","","","","","","","","","","","","","","","","","","","","","","","","","","",-1.1,1,-4.6,1,-1.1,1,"","",-0.5,1,"","","","","","","","","","","","","","","","","","","","",77,1,"","","","","","","","","","","","",4.3,1,"","","","","","","","","","","","","","","","","","","","","","","","","","","","","","","","","","","","","","","","","","","","","","","","","","","","","","","","","","","","","","","","","","","","","","","","","","","","","","","","","","","","","","","","","","","","","","","","","","","","","","","","","","","","","","","","","","","",""
"06163007","TENDE_SAPC",44.043167,7.586,636,2000010220,0.,1,"","","","","","","","","","","","","","","","","","","","","","","","","","","","","","","","","","",-1.3,1,-4.8,1,-1.4,1,"","",-1.1,1,"","","","","","","","","","","","","","","","","","","","",77,1,"","","","","","","","","","","","",4.3,1,"","","","","","","","","","","","","","","","","","","","","","","","","","","","","","","","","","","","","","","","","","","","","","","","","","","","","","","","","","","","","","","","","","","","","","","","","","","","","","","","","","","","","","","","","","","","","","","","","","","","","","","","","","","","","","","","","","","",""
"06163007","TENDE_SAPC",44.043167,7.586,636,2000010221,0.,1,"","","","","","","","","","","","","","","","","","","","","","","","","","","","","","","","","","",-1.5,1,-4.8,1,-1.5,1,"","",-1.3,1,"","","","","","","","","","","","","","","","","","","","",78,1,"","","","","","","","","","","","",4.3,1,"","","","","","","","","","","","","","","","","","","","","","","","","","","","","","","","","","","","","","","","","","","","","","","","","","","","","","","","","","","","","","","","","","","","","","","","","","","","","","","","","","","","","","","","","","","","","","","","","","","","","","","","","","","","","","","","","","","",""
"06163007","TENDE_SAPC",44.043167,7.586,636,2000010222,0.,1,"","","","","","","","","","","","","","","","","","","","","","","","","","","","","","","","","","",-1.8,1,-5.5,1,-1.9,1,"","",-1.5,1,"","","","","","","","","","","","","","","","","","","","",76,1,"","","","","","","","","","","","",4.1,1,"","","","","","","","","","","","","","","","","","","","","","","","","","","","","","","","","","","","","","","","","","","","","","","","","","","","","","","","","","","","","","","","","","","","","","","","","","","","","","","","","","","","","","","","","","","","","","","","","","","","","","","","","","","","","","","","","","","",""
"06163007","TENDE_SAPC",44.043167,7.586,636,2000010223,0.,1,"","","","","","","","","","","","","","","","","","","","","","","","","","","","","","","","","","",-1.3,1,-5.7,1,-1.9,1,"","",-1.3,1,"","","","","","","","","","","","","","","","","","","","",72,1,"","","","","","","","","","","","",4.,1,"","","","","","","","","","","","","","","","","","","","","","","","","","","","","","","","","","","","","","","","","","","","","","","","","","","","","","","","","","","","","","","","","","","","","","","","","","","","","","","","","","","","","","","","","","","","","","","","","","","","","","","","","","","","","","","","","","","",""
"06163007","TENDE_SAPC",44.043167,7.586,636,2000010300,0.,1,"","","","","","","","","","","","","","","","","","","","","","","","","","","","","","","","","","",-1.7,1,-6.1,1,-1.8,1,"","",-1.2,1,"","","","","","","","","","","","","","","","","","","","",72,1,"","","","","","","","","","","","",3.9,1,"","","","","","","","","","","","","","","","","","","","","","","","","","","","","","","","","","","","","","","","","","","","","","","","","","","","","","","","","","","","","","","","","","","","","","","","","","","","","","","","","","","","","","","","","","","","","","","","","","","","","","","","","","","","","","","","","","","",""
"06163007","TENDE_SAPC",44.043167,7.586,636,2000010301,0.,1,"","","","","","","","","","","","","","","","","","","","","","","","","","","","","","","","","","",-2.1,1,-6.3,1,-2.1,1,"","",-1.7,1,"","","","","","","","","","","","","","","","","","","","",73,1,"","","","","","","","","","","","",3.8,1,"","","","","","","","","","","","","","","","","","","","","","","","","","","","","","","","","","","","","","","","","","","","","","","","","","","","","","","","","","","","","","","","","","","","","","","","","","","","","","","","","","","","","","","","","","","","","","","","","","","","","","","","","","","","","","","","","","","",""
"06163007","TENDE_SAPC",44.043167,7.586,636,2000010302,0.,1,"","","","","","","","","","","","","","","","","","","","","","","","","","","","","","","","","","",-2.3,1,-6.7,1,-2.5,1,"","",-2.1,1,"","","","","","","","","","","","","","","","","","","","",72,1,"","","","","","","","","","","","",3.7,1,"","","","","","","","","","","","","","","","","","","","","","","","","","","","","","","","","","","","","","","","","","","","","","","","","","","","","","","","","","","","","","","","","","","","","","","","","","","","","","","","","","","","","","","","","","","","","","","","","","","","","","","","","","","","","","","","","","","",""
"06163007","TENDE_SAPC",44.043167,7.586,636,2000010303,0.,1,"","","","","","","","","","","","","","","","","","","","","","","","","","","","","","","","","","",-2.4,1,-7.1,1,-2.4,1,"","",-2.3,1,"","","","","","","","","","","","","","","","","","","","",70,1,"","","","","","","","","","","","",3.6,1,"","","","","","","","","","","","","","","","","","","","","","","","","","","","","","","","","","","","","","","","","","","","","","","","","","","","","","","","","","","","","","","","","","","","","","","","","","","","","","","","","","","","","","","","","","","","","","","","","","","","","","","","","","","","","","","","","","","",""
"06163007","TENDE_SAPC",44.043167,7.586,636,2000010304,0.,1,"","","","","","","","","","","","","","","","","","","","","","","","","","","","","","","","","","",-2.6,1,-7.,1,-2.6,1,"","",-2.3,1,"","","","","","","","","","","","","","","","","","","","",72,1,"","","","","","","","","","","","",3.6,1,"","","","","","","","","","","","","","","","","","","","","","","","","","","","","","","","","","","","","","","","","","","","","","","","","","","","","","","","","","","","","","","","","","","","","","","","","","","","","","","","","","","","","","","","","","","","","","","","","","","","","","","","","","","","","","","","","","","",""
"06163007","TENDE_SAPC",44.043167,7.586,636,2000010305,0.,1,"","","","","","","","","","","","","","","","","","","","","","","","","","","","","","","","","","",-2.7,1,-7.6,1,-2.8,1,"","",-2.5,1,"","","","","","","","","","","","","","","","","","","","",69,1,"","","","","","","","","","","","",3.5,1,"","","","","","","","","","","","","","","","","","","","","","","","","","","","","","","","","","","","","","","","","","","","","","","","","","","","","","","","","","","","","","","","","","","","","","","","","","","","","","","","","","","","","","","","","","","","","","","","","","","","","","","","","","","","","","","","","","","",""
"06163007","TENDE_SAPC",44.043167,7.586,636,2000010306,0.,1,"","","","","","","","","","","","","","","","","","","","","","","","","","","","","","","","","","",-2.5,1,-7.8,1,-2.9,1,"","",-2.5,1,"","","","","","","","","","","","","","","","","","","","",67,1,"","","","","","","","","","","","",3.4,1,"","","","","","","","","","","","","","","","","","","","","","","","","","","","","","","","","","","","","","","","","","","","","","","","","","","","","","","","","","","","","","","","","","","","","","","","","","","","","","","","","","","","","","","","","","","","","","","","","","","","","","","","","","","","","","","","","","","",""
"06163007","TENDE_SAPC",44.043167,7.586,636,2000010307,0.,1,"","","","","","","","","","","","","","","","","","","","","","","","","","","","","","","","","","",-2.4,1,-8.1,1,-2.5,1,"","",-2.2,1,"","","","","","","","","","","","","","","","","","","","",65,1,"","","","","","","","","","","","",3.3,1,"","","","","","","","","","","","","","","","","","","","","","","","","","","","","","","","","","","","","","","","","","","","","","","","","","","","","","","","","","","","","","","","","","","","","","","","","","","","","","","","","","","","","","","","","","","","","","","","","","","","","","","","","","","","","","","","","","","",""
"06163007","TENDE_SAPC",44.043167,7.586,636,2000010308,0.,1,"","","","","","","","","","","","","","","","","","","","","","","","","","","","","","","","","","",-2.2,1,-8.1,1,-2.4,1,"","",-2.1,1,"","","","","","","","","","","","","","","","","","","","",64,1,"","","","","","","","","","","","",3.3,1,"","","","","","","","","","","","","","","","","","","","","","","","","","","","","","","","","","","","","","","","","","","","","","","","","","","","","","","","","","","","","","","","","","","","","","","","","","","","","","","","","","","","","","","","","","","","","","","","","","","","","","","","","","","","","","","","","","","",""
"06163007","TENDE_SAPC",44.043167,7.586,636,2000010309,0.,1,"","","","","","","","","","","","","","","","","","","","","","","","","","","","","","","","","","",-2.3,1,-7.6,1,-2.3,1,"","",-2.,1,"","","","","","","","","","","","","","","","","","","","",67,1,"","","","","","","","","","","","",3.5,1,"","","","","","","","","","","","","","","","","","","","","","","","","","","","","","","","","","","","","","","","","","","","","","","","","","","","","","","","","","","","","","","","","","","","","","","","","","","","","","","","","","","","","","","","","","","","","","","","","","","","","","","","","","","","","","","","","","","",""
"06163007","TENDE_SAPC",44.043167,7.586,636,2000010310,0.,1,"","","","","","","","","","","","","","","","","","","","","","","","","","","","","","","","","","",-2.3,1,-6.8,1,-2.3,1,"","",-2.1,1,"","","","","","","","","","","","","","","","","","","","",71,1,"","","","","","","","","","","","",3.7,1,"","","","","","","","","","","","","","","","","","","","","","","","","","","","","","","","","","","","","","","","","","","","","","","","","","","","","","","","","","","","","","","","","","","","","","","","","","","","","","","","","","","","","","","","","","","","","","","","","","","","","","","","","","","","","","","","","","","",""
"06163007","TENDE_SAPC",44.043167,7.586,636,2000010311,0.,1,"","","","","","","","","","","","","","","","","","","","","","","","","","","","","","","","","","",4.7,1,-7.1,1,-2.3,1,"","",4.7,1,"","","","","","","","","","","","","","","","","","","","",42,1,"","","","","","","","","","","","",3.6,1,"","","","","","","","","","","","","","","","","","","","","","","","","","","","","","","","","","","","","","","","","","","","","","","","","","","","","","","","","","","","","","","","","","","","","","","","","","","","","","","","","","","","","","","","","","","","","","","","","","","","","","","","","","","","","","","","","","","",""
"06163007","TENDE_SAPC",44.043167,7.586,636,2000010312,0.,1,"","","","","","","","","","","","","","","","","","","","","","","","","","","","","","","","","","",8.2,1,-6.,1,4.9,1,"","",8.2,1,"","","","","","","","","","","","","","","","","","","","",36,1,"","","","","","","","","","","","",3.9,1,"","","","","","","","","","","","","","","","","","","","","","","","","","","","","","","","","","","","","","","","","","","","","","","","","","","","","","","","","","","","","","","","","","","","","","","","","","","","","","","","","","","","","","","","","","","","","","","","","","","","","","","","","","","","","","","","","","","",""
"06163007","TENDE_SAPC",44.043167,7.586,636,2000010313,0.,1,"","","","","","","","","","","","","","","","","","","","","","","","","","","","","","","","","","",8.5,1,-5.,1,8.3,1,"","",8.9,1,"","","","","","","","","","","","","","","","","","","","",38,1,"","","","","","","","","","","","",4.2,1,"","","","","","","","","","","","","","","","","","","","","","","","","","","","","","","","","","","","","","","","","","","","","","","","","","","","","","","","","","","","","","","","","","","","","","","","","","","","","","","","","","","","","","","","","","","","","","","","","","","","","","","","","","","","","","","","","","","",""
"06163007","TENDE_SAPC",44.043167,7.586,636,2000010314,0.,1,"","","","","","","","","","","","","","","","","","","","","","","","","","","","","","","","","","",5.,1,-5.1,1,5.,1,"","",9.2,1,"","","","","","","","","","","","","","","","","","","","",48,1,"","","","","","","","","","","","",4.2,1,"","","","","","","","","","","","","","","","","","","","","","","","","","","","","","","","","","","","","","","","","","","","","","","","","","","","","","","","","","","","","","","","","","","","","","","","","","","","","","","","","","","","","","","","","","","","","","","","","","","","","","","","","","","","","","","","","","","",""
"06163007","TENDE_SAPC",44.043167,7.586,636,2000010315,0.,1,"","","","","","","","","","","","","","","","","","","","","","","","","","","","","","","","","","",2.7,1,-4.1,1,2.7,1,"","",4.8,1,"","","","","","","","","","","","","","","","","","","","",61,1,"","","","","","","","","","","","",4.5,1,"","","","","","","","","","","","","","","","","","","","","","","","","","","","","","","","","","","","","","","","","","","","","","","","","","","","","","","","","","","","","","","","","","","","","","","","","","","","","","","","","","","","","","","","","","","","","","","","","","","","","","","","","","","","","","","","","","","",""
"06163007","TENDE_SAPC",44.043167,7.586,636,2000010316,0.,1,"","","","","","","","","","","","","","","","","","","","","","","","","","","","","","","","","","",0.8,1,-4.4,1,0.8,1,"","",2.6,1,"","","","","","","","","","","","","","","","","","","","",68,1,"","","","","","","","","","","","",4.4,1,"","","","","","","","","","","","","","","","","","","","","","","","","","","","","","","","","","","","","","","","","","","","","","","","","","","","","","","","","","","","","","","","","","","","","","","","","","","","","","","","","","","","","","","","","","","","","","","","","","","","","","","","","","","","","","","","","","","",""
"06163007","TENDE_SAPC",44.043167,7.586,636,2000010317,0.,1,"","","","","","","","","","","","","","","","","","","","","","","","","","","","","","","","","","",0.1,1,-4.9,1,0.,1,"","",0.8,1,"","","","","","","","","","","","","","","","","","","","",69,1,"","","","","","","","","","","","",4.2,1,"","","","","","","","","","","","","","","","","","","","","","","","","","","","","","","","","","","","","","","","","","","","","","","","","","","","","","","","","","","","","","","","","","","","","","","","","","","","","","","","","","","","","","","","","","","","","","","","","","","","","","","","","","","","","","","","","","","",""
"06163007","TENDE_SAPC",44.043167,7.586,636,2000010318,0.,1,"","","","","","","","","","","","","","","","","","","","","","","","","","","","","","","","","","",0.1,1,-4.9,1,0.,1,"","",0.3,1,"","","","","","","","","","","","","","","","","","","","",69,1,"","","","","","","","","","","","",4.2,1,"","","","","","","","","","","","","","","","","","","","","","","","","","","","","","","","","","","","","","","","","","","","","","","","","","","","","","","","","","","","","","","","","","","","","","","","","","","","","","","","","","","","","","","","","","","","","","","","","","","","","","","","","","","","","","","","","","","",""
"06163007","TENDE_SAPC",44.043167,7.586,636,2000010319,0.,1,"","","","","","","","","","","","","","","","","","","","","","","","","","","","","","","","","","",-0.3,1,-5.3,1,-0.4,1,"","",0.1,1,"","","","","","","","","","","","","","","","","","","","",69,1,"","","","","","","","","","","","",4.1,1,"","","","","","","","","","","","","","","","","","","","","","","","","","","","","","","","","","","","","","","","","","","","","","","","","","","","","","","","","","","","","","","","","","","","","","","","","","","","","","","","","","","","","","","","","","","","","","","","","","","","","","","","","","","","","","","","","","","",""
"06163007","TENDE_SAPC",44.043167,7.586,636,2000010320,0.,1,"","","","","","","","","","","","","","","","","","","","","","","","","","","","","","","","","","",-0.2,1,-6.,1,-0.4,1,"","",-0.1,1,"","","","","","","","","","","","","","","","","","","","",65,1,"","","","","","","","","","","","",3.9,1,"","","","","","","","","","","","","","","","","","","","","","","","","","","","","","","","","","","","","","","","","","","","","","","","","","","","","","","","","","","","","","","","","","","","","","","","","","","","","","","","","","","","","","","","","","","","","","","","","","","","","","","","","","","","","","","","","","","",""
"06163007","TENDE_SAPC",44.043167,7.586,636,2000010321,0.,1,"","","","","","","","","","","","","","","","","","","","","","","","","","","","","","","","","","",-0.1,1,-6.1,1,-0.5,1,"","",-0.1,1,"","","","","","","","","","","","","","","","","","","","",64,1,"","","","","","","","","","","","",3.9,1,"","","","","","","","","","","","","","","","","","","","","","","","","","","","","","","","","","","","","","","","","","","","","","","","","","","","","","","","","","","","","","","","","","","","","","","","","","","","","","","","","","","","","","","","","","","","","","","","","","","","","","","","","","","","","","","","","","","",""
"06163007","TENDE_SAPC",44.043167,7.586,636,2000010322,0.,1,"","","","","","","","","","","","","","","","","","","","","","","","","","","","","","","","","","",-1.1,1,-6.1,1,-1.1,1,"","",-0.1,1,"","","","","","","","","","","","","","","","","","","","",69,1,"","","","","","","","","","","","",3.9,1,"","","","","","","","","","","","","","","","","","","","","","","","","","","","","","","","","","","","","","","","","","","","","","","","","","","","","","","","","","","","","","","","","","","","","","","","","","","","","","","","","","","","","","","","","","","","","","","","","","","","","","","","","","","","","","","","","","","",""
"06163007","TENDE_SAPC",44.043167,7.586,636,2000010323,0.,1,"","","","","","","","","","","","","","","","","","","","","","","","","","","","","","","","","","",-1.,1,-6.6,1,-1.2,1,"","",-0.9,1,"","","","","","","","","","","","","","","","","","","","",66,1,"","","","","","","","","","","","",3.8,1,"","","","","","","","","","","","","","","","","","","","","","","","","","","","","","","","","","","","","","","","","","","","","","","","","","","","","","","","","","","","","","","","","","","","","","","","","","","","","","","","","","","","","","","","","","","","","","","","","","","","","","","","","","","","","","","","","","","",""
"06163007","TENDE_SAPC",44.043167,7.586,636,2000010400,0.,1,"","","","","","","","","","","","","","","","","","","","","","","","","","","","","","","","","","",-1.4,1,-6.5,1,-1.4,1,"","",-1.,1,"","","","","","","","","","","","","","","","","","","","",68,1,"","","","","","","","","","","","",3.8,1,"","","","","","","","","","","","","","","","","","","","","","","","","","","","","","","","","","","","","","","","","","","","","","","","","","","","","","","","","","","","","","","","","","","","","","","","","","","","","","","","","","","","","","","","","","","","","","","","","","","","","","","","","","","","","","","","","","","",""
"06163007","TENDE_SAPC",44.043167,7.586,636,2000010401,0.,1,"","","","","","","","","","","","","","","","","","","","","","","","","","","","","","","","","","",-1.6,1,-6.7,1,-1.7,1,"","",-1.3,1,"","","","","","","","","","","","","","","","","","","","",68,1,"","","","","","","","","","","","",3.7,1,"","","","","","","","","","","","","","","","","","","","","","","","","","","","","","","","","","","","","","","","","","","","","","","","","","","","","","","","","","","","","","","","","","","","","","","","","","","","","","","","","","","","","","","","","","","","","","","","","","","","","","","","","","","","","","","","","","","",""
"06163007","TENDE_SAPC",44.043167,7.586,636,2000010402,0.,1,"","","","","","","","","","","","","","","","","","","","","","","","","","","","","","","","","","",-1.5,1,-7.2,1,-1.8,1,"","",-1.5,1,"","","","","","","","","","","","","","","","","","","","",65,1,"","","","","","","","","","","","",3.6,1,"","","","","","","","","","","","","","","","","","","","","","","","","","","","","","","","","","","","","","","","","","","","","","","","","","","","","","","","","","","","","","","","","","","","","","","","","","","","","","","","","","","","","","","","","","","","","","","","","","","","","","","","","","","","","","","","","","","",""
"06163007","TENDE_SAPC",44.043167,7.586,636,2000010403,0.,1,"","","","","","","","","","","","","","","","","","","","","","","","","","","","","","","","","","",-1.5,1,-7.2,1,-1.5,1,"","",-1.2,1,"","","","","","","","","","","","","","","","","","","","",65,1,"","","","","","","","","","","","",3.6,1,"","","","","","","","","","","","","","","","","","","","","","","","","","","","","","","","","","","","","","","","","","","","","","","","","","","","","","","","","","","","","","","","","","","","","","","","","","","","","","","","","","","","","","","","","","","","","","","","","","","","","","","","","","","","","","","","","","","",""
"06163007","TENDE_SAPC",44.043167,7.586,636,2000010404,0.,1,"","","","","","","","","","","","","","","","","","","","","","","","","","","","","","","","","","",-2.,1,-7.3,1,-2.1,1,"","",-1.3,1,"","","","","","","","","","","","","","","","","","","","",67,1,"","","","","","","","","","","","",3.5,1,"","","","","","","","","","","","","","","","","","","","","","","","","","","","","","","","","","","","","","","","","","","","","","","","","","","","","","","","","","","","","","","","","","","","","","","","","","","","","","","","","","","","","","","","","","","","","","","","","","","","","","","","","","","","","","","","","","","",""
"06163007","TENDE_SAPC",44.043167,7.586,636,2000010405,0.,1,"","","","","","","","","","","","","","","","","","","","","","","","","","","","","","","","","","",-1.8,1,-7.7,1,-2.1,1,"","",-1.7,1,"","","","","","","","","","","","","","","","","","","","",64,1,"","","","","","","","","","","","",3.4,1,"","","","","","","","","","","","","","","","","","","","","","","","","","","","","","","","","","","","","","","","","","","","","","","","","","","","","","","","","","","","","","","","","","","","","","","","","","","","","","","","","","","","","","","","","","","","","","","","","","","","","","","","","","","","","","","","","","","",""
"06163007","TENDE_SAPC",44.043167,7.586,636,2000010406,0.,1,"","","","","","","","","","","","","","","","","","","","","","","","","","","","","","","","","","",-2.,1,-7.5,1,-2.,1,"","",-1.7,1,"","","","","","","","","","","","","","","","","","","","",66,1,"","","","","","","","","","","","",3.5,1,"","","","","","","","","","","","","","","","","","","","","","","","","","","","","","","","","","","","","","","","","","","","","","","","","","","","","","","","","","","","","","","","","","","","","","","","","","","","","","","","","","","","","","","","","","","","","","","","","","","","","","","","","","","","","","","","","","","",""
"06163007","TENDE_SAPC",44.043167,7.586,636,2000010407,0.,1,"","","","","","","","","","","","","","","","","","","","","","","","","","","","","","","","","","",-2.,1,-7.9,1,-2.2,1,"","",-1.9,1,"","","","","","","","","","","","","","","","","","","","",64,1,"","","","","","","","","","","","",3.4,1,"","","","","","","","","","","","","","","","","","","","","","","","","","","","","","","","","","","","","","","","","","","","","","","","","","","","","","","","","","","","","","","","","","","","","","","","","","","","","","","","","","","","","","","","","","","","","","","","","","","","","","","","","","","","","","","","","","","",""
"06163007","TENDE_SAPC",44.043167,7.586,636,2000010408,0.,1,"","","","","","","","","","","","","","","","","","","","","","","","","","","","","","","","","","",-1.7,1,-7.8,1,-2.,1,"","",-1.6,1,"","","","","","","","","","","","","","","","","","","","",63,1,"","","","","","","","","","","","",3.4,1,"","","","","","","","","","","","","","","","","","","","","","","","","","","","","","","","","","","","","","","","","","","","","","","","","","","","","","","","","","","","","","","","","","","","","","","","","","","","","","","","","","","","","","","","","","","","","","","","","","","","","","","","","","","","","","","","","","","",""
"06163007","TENDE_SAPC",44.043167,7.586,636,2000010409,0.,1,"","","","","","","","","","","","","","","","","","","","","","","","","","","","","","","","","","",-1.4,1,-7.7,1,-1.8,1,"","",-1.2,1,"","","","","","","","","","","","","","","","","","","","",62,1,"","","","","","","","","","","","",3.4,1,"","","","","","","","","","","","","","","","","","","","","","","","","","","","","","","","","","","","","","","","","","","","","","","","","","","","","","","","","","","","","","","","","","","","","","","","","","","","","","","","","","","","","","","","","","","","","","","","","","","","","","","","","","","","","","","","","","","",""
"06163007","TENDE_SAPC",44.043167,7.586,636,2000010410,0.,1,"","","","","","","","","","","","","","","","","","","","","","","","","","","","","","","","","","",-1.2,1,-7.4,1,-1.6,1,"","",-1.2,1,"","","","","","","","","","","","","","","","","","","","",63,1,"","","","","","","","","","","","",3.5,1,"","","","","","","","","","","","","","","","","","","","","","","","","","","","","","","","","","","","","","","","","","","","","","","","","","","","","","","","","","","","","","","","","","","","","","","","","","","","","","","","","","","","","","","","","","","","","","","","","","","","","","","","","","","","","","","","","","","",""
"06163007","TENDE_SAPC",44.043167,7.586,636,2000010411,0.,1,"","","","","","","","","","","","","","","","","","","","","","","","","","","","","","","","","","",4.4,1,-6.8,1,-1.2,1,"","",4.4,1,"","","","","","","","","","","","","","","","","","","","",44,1,"","","","","","","","","","","","",3.7,1,"","","","","","","","","","","","","","","","","","","","","","","","","","","","","","","","","","","","","","","","","","","","","","","","","","","","","","","","","","","","","","","","","","","","","","","","","","","","","","","","","","","","","","","","","","","","","","","","","","","","","","","","","","","","","","","","","","","",""
"06163007","TENDE_SAPC",44.043167,7.586,636,2000010412,0.,1,"","","","","","","","","","","","","","","","","","","","","","","","","","","","","","","","","","",9.1,1,-6.4,1,4.5,1,"","",9.1,1,"","","","","","","","","","","","","","","","","","","","",33,1,"","","","","","","","","","","","",3.8,1,"","","","","","","","","","","","","","","","","","","","","","","","","","","","","","","","","","","","","","","","","","","","","","","","","","","","","","","","","","","","","","","","","","","","","","","","","","","","","","","","","","","","","","","","","","","","","","","","","","","","","","","","","","","","","","","","","","","",""
"06163007","TENDE_SAPC",44.043167,7.586,636,2000010413,0.,1,"","","","","","","","","","","","","","","","","","","","","","","","","","","","","","","","","","",10.4,1,-4.8,1,9.1,1,"","",10.8,1,"","","","","","","","","","","","","","","","","","","","",34,1,"","","","","","","","","","","","",4.3,1,"","","","","","","","","","","","","","","","","","","","","","","","","","","","","","","","","","","","","","","","","","","","","","","","","","","","","","","","","","","","","","","","","","","","","","","","","","","","","","","","","","","","","","","","","","","","","","","","","","","","","","","","","","","","","","","","","","","",""
"06163007","TENDE_SAPC",44.043167,7.586,636,2000010414,0.,1,"","","","","","","","","","","","","","","","","","","","","","","","","","","","","","","","","","",5.2,1,-5.5,1,5.2,1,"","",10.3,1,"","","","","","","","","","","","","","","","","","","","",46,1,"","","","","","","","","","","","",4.1,1,"","","","","","","","","","","","","","","","","","","","","","","","","","","","","","","","","","","","","","","","","","","","","","","","","","","","","","","","","","","","","","","","","","","","","","","","","","","","","","","","","","","","","","","","","","","","","","","","","","","","","","","","","","","","","","","","","","","",""
"06163007","TENDE_SAPC",44.043167,7.586,636,2000010415,0.,1,"","","","","","","","","","","","","","","","","","","","","","","","","","","","","","","","","","",2.3,1,-4.7,1,2.3,1,"","",5.1,1,"","","","","","","","","","","","","","","","","","","","",60,1,"","","","","","","","","","","","",4.3,1,"","","","","","","","","","","","","","","","","","","","","","","","","","","","","","","","","","","","","","","","","","","","","","","","","","","","","","","","","","","","","","","","","","","","","","","","","","","","","","","","","","","","","","","","","","","","","","","","","","","","","","","","","","","","","","","","","","","",""
"06163007","TENDE_SAPC",44.043167,7.586,636,2000010416,0.,1,"","","","","","","","","","","","","","","","","","","","","","","","","","","","","","","","","","",1.1,1,-4.8,1,1.1,1,"","",2.4,1,"","","","","","","","","","","","","","","","","","","","",65,1,"","","","","","","","","","","","",4.3,1,"","","","","","","","","","","","","","","","","","","","","","","","","","","","","","","","","","","","","","","","","","","","","","","","","","","","","","","","","","","","","","","","","","","","","","","","","","","","","","","","","","","","","","","","","","","","","","","","","","","","","","","","","","","","","","","","","","","",""
"06163007","TENDE_SAPC",44.043167,7.586,636,2000010417,0.,1,"","","","","","","","","","","","","","","","","","","","","","","","","","","","","","","","","","",0.8,1,-5.2,1,0.6,1,"","",1.1,1,"","","","","","","","","","","","","","","","","","","","",64,1,"","","","","","","","","","","","",4.1,1,"","","","","","","","","","","","","","","","","","","","","","","","","","","","","","","","","","","","","","","","","","","","","","","","","","","","","","","","","","","","","","","","","","","","","","","","","","","","","","","","","","","","","","","","","","","","","","","","","","","","","","","","","","","","","","","","","","","",""
"06163007","TENDE_SAPC",44.043167,7.586,636,2000010418,0.,1,"","","","","","","","","","","","","","","","","","","","","","","","","","","","","","","","","","",0.8,1,-5.7,1,0.6,1,"","",1.,1,"","","","","","","","","","","","","","","","","","","","",62,1,"","","","","","","","","","","","",4.,1,"","","","","","","","","","","","","","","","","","","","","","","","","","","","","","","","","","","","","","","","","","","","","","","","","","","","","","","","","","","","","","","","","","","","","","","","","","","","","","","","","","","","","","","","","","","","","","","","","","","","","","","","","","","","","","","","","","","",""
"06163007","TENDE_SAPC",44.043167,7.586,636,2000010419,0.,1,"","","","","","","","","","","","","","","","","","","","","","","","","","","","","","","","","","",0.8,1,-5.9,1,0.4,1,"","",1.,1,"","","","","","","","","","","","","","","","","","","","",61,1,"","","","","","","","","","","","",4.,1,"","","","","","","","","","","","","","","","","","","","","","","","","","","","","","","","","","","","","","","","","","","","","","","","","","","","","","","","","","","","","","","","","","","","","","","","","","","","","","","","","","","","","","","","","","","","","","","","","","","","","","","","","","","","","","","","","","","",""
"06163007","TENDE_SAPC",44.043167,7.586,636,2000010420,0.,1,"","","","","","","","","","","","","","","","","","","","","","","","","","","","","","","","","","",0.3,1,-5.9,1,0.3,1,"","",0.9,1,"","","","","","","","","","","","","","","","","","","","",63,1,"","","","","","","","","","","","",3.9,1,"","","","","","","","","","","","","","","","","","","","","","","","","","","","","","","","","","","","","","","","","","","","","","","","","","","","","","","","","","","","","","","","","","","","","","","","","","","","","","","","","","","","","","","","","","","","","","","","","","","","","","","","","","","","","","","","","","","",""
"06163007","TENDE_SAPC",44.043167,7.586,636,2000010421,0.,1,"","","","","","","","","","","","","","","","","","","","","","","","","","","","","","","","","","",0.,1,-6.4,1,-0.1,1,"","",0.3,1,"","","","","","","","","","","","","","","","","","","","",62,1,"","","","","","","","","","","","",3.8,1,"","","","","","","","","","","","","","","","","","","","","","","","","","","","","","","","","","","","","","","","","","","","","","","","","","","","","","","","","","","","","","","","","","","","","","","","","","","","","","","","","","","","","","","","","","","","","","","","","","","","","","","","","","","","","","","","","","","",""
"06163007","TENDE_SAPC",44.043167,7.586,636,2000010422,0.,1,"","","","","","","","","","","","","","","","","","","","","","","","","","","","","","","","","","",0.5,1,-6.4,1,-0.1,1,"","",0.5,1,"","","","","","","","","","","","","","","","","","","","",60,1,"","","","","","","","","","","","",3.8,1,"","","","","","","","","","","","","","","","","","","","","","","","","","","","","","","","","","","","","","","","","","","","","","","","","","","","","","","","","","","","","","","","","","","","","","","","","","","","","","","","","","","","","","","","","","","","","","","","","","","","","","","","","","","","","","","","","","","",""
"06163007","TENDE_SAPC",44.043167,7.586,636,2000010423,0.,1,"","","","","","","","","","","","","","","","","","","","","","","","","","","","","","","","","","",0.3,1,-5.9,1,0.,1,"","",0.5,1,"","","","","","","","","","","","","","","","","","","","",63,1,"","","","","","","","","","","","",3.9,1,"","","","","","","","","","","","","","","","","","","","","","","","","","","","","","","","","","","","","","","","","","","","","","","","","","","","","","","","","","","","","","","","","","","","","","","","","","","","","","","","","","","","","","","","","","","","","","","","","","","","","","","","","","","","","","","","","","","",""
"06163007","TENDE_SAPC",44.043167,7.586,636,2000010500,0.,1,"","","","","","","","","","","","","","","","","","","","","","","","","","","","","","","","","","",-0.3,1,-6.1,1,-0.3,1,"","",0.2,1,"","","","","","","","","","","","","","","","","","","","",65,1,"","","","","","","","","","","","",3.9,1,"","","","","","","","","","","","","","","","","","","","","","","","","","","","","","","","","","","","","","","","","","","","","","","","","","","","","","","","","","","","","","","","","","","","","","","","","","","","","","","","","","","","","","","","","","","","","","","","","","","","","","","","","","","","","","","","","","","",""
"06163007","TENDE_SAPC",44.043167,7.586,636,2000010501,0.,1,"","","","","","","","","","","","","","","","","","","","","","","","","","","","","","","","","","",-0.3,1,-5.9,1,-0.7,1,"","",-0.3,1,"","","","","","","","","","","","","","","","","","","","",66,1,"","","","","","","","","","","","",3.9,1,"","","","","","","","","","","","","","","","","","","","","","","","","","","","","","","","","","","","","","","","","","","","","","","","","","","","","","","","","","","","","","","","","","","","","","","","","","","","","","","","","","","","","","","","","","","","","","","","","","","","","","","","","","","","","","","","","","","",""
"06163007","TENDE_SAPC",44.043167,7.586,636,2000010502,0.,1,"","","","","","","","","","","","","","","","","","","","","","","","","","","","","","","","","","",0.9,1,-6.,1,-0.4,1,"","",1.,1,"","","","","","","","","","","","","","","","","","","","",60,1,"","","","","","","","","","","","",3.9,1,"","","","","","","","","","","","","","","","","","","","","","","","","","","","","","","","","","","","","","","","","","","","","","","","","","","","","","","","","","","","","","","","","","","","","","","","","","","","","","","","","","","","","","","","","","","","","","","","","","","","","","","","","","","","","","","","","","","",""
"06163007","TENDE_SAPC",44.043167,7.586,636,2000010503,0.,1,"","","","","","","","","","","","","","","","","","","","","","","","","","","","","","","","","","",0.4,1,-5.2,1,0.4,1,"","",0.9,1,"","","","","","","","","","","","","","","","","","","","",66,1,"","","","","","","","","","","","",4.2,1,"","","","","","","","","","","","","","","","","","","","","","","","","","","","","","","","","","","","","","","","","","","","","","","","","","","","","","","","","","","","","","","","","","","","","","","","","","","","","","","","","","","","","","","","","","","","","","","","","","","","","","","","","","","","","","","","","","","",""
"06163007","TENDE_SAPC",44.043167,7.586,636,2000010504,0.,1,"","","","","","","","","","","","","","","","","","","","","","","","","","","","","","","","","","",-0.3,1,-5.9,1,-0.3,1,"","",0.4,1,"","","","","","","","","","","","","","","","","","","","",66,1,"","","","","","","","","","","","",3.9,1,"","","","","","","","","","","","","","","","","","","","","","","","","","","","","","","","","","","","","","","","","","","","","","","","","","","","","","","","","","","","","","","","","","","","","","","","","","","","","","","","","","","","","","","","","","","","","","","","","","","","","","","","","","","","","","","","","","","",""
"06163007","TENDE_SAPC",44.043167,7.586,636,2000010505,0.,1,"","","","","","","","","","","","","","","","","","","","","","","","","","","","","","","","","","",-0.6,1,-5.6,1,-0.6,1,"","",-0.3,1,"","","","","","","","","","","","","","","","","","","","",69,1,"","","","","","","","","","","","",4.,1,"","","","","","","","","","","","","","","","","","","","","","","","","","","","","","","","","","","","","","","","","","","","","","","","","","","","","","","","","","","","","","","","","","","","","","","","","","","","","","","","","","","","","","","","","","","","","","","","","","","","","","","","","","","","","","","","","","","",""
"06163007","TENDE_SAPC",44.043167,7.586,636,2000010506,0.,1,"","","","","","","","","","","","","","","","","","","","","","","","","","","","","","","","","","",-0.7,1,-6.1,1,-0.7,1,"","",-0.5,1,"","","","","","","","","","","","","","","","","","","","",67,1,"","","","","","","","","","","","",3.9,1,"","","","","","","","","","","","","","","","","","","","","","","","","","","","","","","","","","","","","","","","","","","","","","","","","","","","","","","","","","","","","","","","","","","","","","","","","","","","","","","","","","","","","","","","","","","","","","","","","","","","","","","","","","","","","","","","","","","",""
"06163007","TENDE_SAPC",44.043167,7.586,636,2000010507,0.,1,"","","","","","","","","","","","","","","","","","","","","","","","","","","","","","","","","","",-1.,1,-6.2,1,-1.,1,"","",-0.4,1,"","","","","","","","","","","","","","","","","","","","",68,1,"","","","","","","","","","","","",3.9,1,"","","","","","","","","","","","","","","","","","","","","","","","","","","","","","","","","","","","","","","","","","","","","","","","","","","","","","","","","","","","","","","","","","","","","","","","","","","","","","","","","","","","","","","","","","","","","","","","","","","","","","","","","","","","","","","","","","","",""
"06163007","TENDE_SAPC",44.043167,7.586,636,2000010508,0.,1,"","","","","","","","","","","","","","","","","","","","","","","","","","","","","","","","","","",-0.2,1,-7.3,1,-1.1,1,"","",-0.2,1,"","","","","","","","","","","","","","","","","","","","",59,1,"","","","","","","","","","","","",3.6,1,"","","","","","","","","","","","","","","","","","","","","","","","","","","","","","","","","","","","","","","","","","","","","","","","","","","","","","","","","","","","","","","","","","","","","","","","","","","","","","","","","","","","","","","","","","","","","","","","","","","","","","","","","","","","","","","","","","","",""
"06163007","TENDE_SAPC",44.043167,7.586,636,2000010509,0.,1,"","","","","","","","","","","","","","","","","","","","","","","","","","","","","","","","","","",0.2,1,-5.8,1,-0.3,1,"","",0.3,1,"","","","","","","","","","","","","","","","","","","","",64,1,"","","","","","","","","","","","",4.,1,"","","","","","","","","","","","","","","","","","","","","","","","","","","","","","","","","","","","","","","","","","","","","","","","","","","","","","","","","","","","","","","","","","","","","","","","","","","","","","","","","","","","","","","","","","","","","","","","","","","","","","","","","","","","","","","","","","","",""
"06163007","TENDE_SAPC",44.043167,7.586,636,2000010510,0.,1,"","","","","","","","","","","","","","","","","","","","","","","","","","","","","","","","","","",0.2,1,-5.4,1,0.,1,"","",0.3,1,"","","","","","","","","","","","","","","","","","","","",66,1,"","","","","","","","","","","","",4.1,1,"","","","","","","","","","","","","","","","","","","","","","","","","","","","","","","","","","","","","","","","","","","","","","","","","","","","","","","","","","","","","","","","","","","","","","","","","","","","","","","","","","","","","","","","","","","","","","","","","","","","","","","","","","","","","","","","","","","",""
"06163007","TENDE_SAPC",44.043167,7.586,636,2000010511,0.,1,"","","","","","","","","","","","","","","","","","","","","","","","","","","","","","","","","","",7.,1,-5.4,1,0.3,1,"","",7.,1,"","","","","","","","","","","","","","","","","","","","",41,1,"","","","","","","","","","","","",4.1,1,"","","","","","","","","","","","","","","","","","","","","","","","","","","","","","","","","","","","","","","","","","","","","","","","","","","","","","","","","","","","","","","","","","","","","","","","","","","","","","","","","","","","","","","","","","","","","","","","","","","","","","","","","","","","","","","","","","","",""
"06163007","TENDE_SAPC",44.043167,7.586,636,2000010512,0.,1,"","","","","","","","","","","","","","","","","","","","","","","","","","","","","","","","","","",10.7,1,-4.2,1,7.2,1,"","",10.8,1,"","","","","","","","","","","","","","","","","","","","",35,1,"","","","","","","","","","","","",4.5,1,"","","","","","","","","","","","","","","","","","","","","","","","","","","","","","","","","","","","","","","","","","","","","","","","","","","","","","","","","","","","","","","","","","","","","","","","","","","","","","","","","","","","","","","","","","","","","","","","","","","","","","","","","","","","","","","","","","","",""
"06163007","TENDE_SAPC",44.043167,7.586,636,2000010513,0.,1,"","","","","","","","","","","","","","","","","","","","","","","","","","","","","","","","","","",10.2,1,-2.5,1,10.,1,"","",11.4,1,"","","","","","","","","","","","","","","","","","","","",41,1,"","","","","","","","","","","","",5.1,1,"","","","","","","","","","","","","","","","","","","","","","","","","","","","","","","","","","","","","","","","","","","","","","","","","","","","","","","","","","","","","","","","","","","","","","","","","","","","","","","","","","","","","","","","","","","","","","","","","","","","","","","","","","","","","","","","","","","",""
"06163007","TENDE_SAPC",44.043167,7.586,636,2000010514,0.,1,"","","","","","","","","","","","","","","","","","","","","","","","","","","","","","","","","","",7.8,1,-2.3,1,7.8,1,"","",10.3,1,"","","","","","","","","","","","","","","","","","","","",49,1,"","","","","","","","","","","","",5.2,1,"","","","","","","","","","","","","","","","","","","","","","","","","","","","","","","","","","","","","","","","","","","","","","","","","","","","","","","","","","","","","","","","","","","","","","","","","","","","","","","","","","","","","","","","","","","","","","","","","","","","","","","","","","","","","","","","","","","",""
"06163007","TENDE_SAPC",44.043167,7.586,636,2000010515,0.,1,"","","","","","","","","","","","","","","","","","","","","","","","","","","","","","","","","","",4.,1,-2.2,1,4.,1,"","",7.6,1,"","","","","","","","","","","","","","","","","","","","",64,1,"","","","","","","","","","","","",5.2,1,"","","","","","","","","","","","","","","","","","","","","","","","","","","","","","","","","","","","","","","","","","","","","","","","","","","","","","","","","","","","","","","","","","","","","","","","","","","","","","","","","","","","","","","","","","","","","","","","","","","","","","","","","","","","","","","","","","","",""
"06163007","TENDE_SAPC",44.043167,7.586,636,2000010516,0.,1,"","","","","","","","","","","","","","","","","","","","","","","","","","","","","","","","","","",2.7,1,-2.,1,2.7,1,"","",4.,1,"","","","","","","","","","","","","","","","","","","","",71,1,"","","","","","","","","","","","",5.3,1,"","","","","","","","","","","","","","","","","","","","","","","","","","","","","","","","","","","","","","","","","","","","","","","","","","","","","","","","","","","","","","","","","","","","","","","","","","","","","","","","","","","","","","","","","","","","","","","","","","","","","","","","","","","","","","","","","","","",""
"06163007","TENDE_SAPC",44.043167,7.586,636,2000010517,0.,1,"","","","","","","","","","","","","","","","","","","","","","","","","","","","","","","","","","",2.1,1,-2.6,1,2.1,1,"","",2.7,1,"","","","","","","","","","","","","","","","","","","","",71,1,"","","","","","","","","","","","",5.,1,"","","","","","","","","","","","","","","","","","","","","","","","","","","","","","","","","","","","","","","","","","","","","","","","","","","","","","","","","","","","","","","","","","","","","","","","","","","","","","","","","","","","","","","","","","","","","","","","","","","","","","","","","","","","","","","","","","","",""
"06163007","TENDE_SAPC",44.043167,7.586,636,2000010518,0.,1,"","","","","","","","","","","","","","","","","","","","","","","","","","","","","","","","","","",2.,1,-2.9,1,2.,1,"","",2.2,1,"","","","","","","","","","","","","","","","","","","","",70,1,"","","","","","","","","","","","",4.9,1,"","","","","","","","","","","","","","","","","","","","","","","","","","","","","","","","","","","","","","","","","","","","","","","","","","","","","","","","","","","","","","","","","","","","","","","","","","","","","","","","","","","","","","","","","","","","","","","","","","","","","","","","","","","","","","","","","","","",""
"06163007","TENDE_SAPC",44.043167,7.586,636,2000010519,0.,1,"","","","","","","","","","","","","","","","","","","","","","","","","","","","","","","","","","",1.3,1,-3.4,1,1.2,1,"","",2.1,1,"","","","","","","","","","","","","","","","","","","","",71,1,"","","","","","","","","","","","",4.8,1,"","","","","","","","","","","","","","","","","","","","","","","","","","","","","","","","","","","","","","","","","","","","","","","","","","","","","","","","","","","","","","","","","","","","","","","","","","","","","","","","","","","","","","","","","","","","","","","","","","","","","","","","","","","","","","","","","","","",""
"06163007","TENDE_SAPC",44.043167,7.586,636,2000010520,0.,1,"","","","","","","","","","","","","","","","","","","","","","","","","","","","","","","","","","",0.5,1,-3.6,1,0.5,1,"","",1.4,1,"","","","","","","","","","","","","","","","","","","","",74,1,"","","","","","","","","","","","",4.7,1,"","","","","","","","","","","","","","","","","","","","","","","","","","","","","","","","","","","","","","","","","","","","","","","","","","","","","","","","","","","","","","","","","","","","","","","","","","","","","","","","","","","","","","","","","","","","","","","","","","","","","","","","","","","","","","","","","","","",""
"06163007","TENDE_SAPC",44.043167,7.586,636,2000010521,0.,1,"","","","","","","","","","","","","","","","","","","","","","","","","","","","","","","","","","",-0.7,1,-4.2,1,-0.7,1,"","",0.4,1,"","","","","","","","","","","","","","","","","","","","",77,1,"","","","","","","","","","","","",4.5,1,"","","","","","","","","","","","","","","","","","","","","","","","","","","","","","","","","","","","","","","","","","","","","","","","","","","","","","","","","","","","","","","","","","","","","","","","","","","","","","","","","","","","","","","","","","","","","","","","","","","","","","","","","","","","","","","","","","","",""
"06163007","TENDE_SAPC",44.043167,7.586,636,2000010522,0.,1,"","","","","","","","","","","","","","","","","","","","","","","","","","","","","","","","","","",-1.2,1,-4.5,1,-1.2,1,"","",-0.7,1,"","","","","","","","","","","","","","","","","","","","",78,1,"","","","","","","","","","","","",4.4,1,"","","","","","","","","","","","","","","","","","","","","","","","","","","","","","","","","","","","","","","","","","","","","","","","","","","","","","","","","","","","","","","","","","","","","","","","","","","","","","","","","","","","","","","","","","","","","","","","","","","","","","","","","","","","","","","","","","","",""
"06163007","TENDE_SAPC",44.043167,7.586,636,2000010523,0.,1,"","","","","","","","","","","","","","","","","","","","","","","","","","","","","","","","","","",-1.2,1,-4.7,1,-1.4,1,"","",-1.1,1,"","","","","","","","","","","","","","","","","","","","",77,1,"","","","","","","","","","","","",4.3,1,"","","","","","","","","","","","","","","","","","","","","","","","","","","","","","","","","","","","","","","","","","","","","","","","","","","","","","","","","","","","","","","","","","","","","","","","","","","","","","","","","","","","","","","","","","","","","","","","","","","","","","","","","","","","","","","","","","","",""
"06163007","TENDE_SAPC",44.043167,7.586,636,2000010600,0.,1,"","","","","","","","","","","","","","","","","","","","","","","","","","","","","","","","","","",-1.7,1,-4.9,1,-1.7,1,"","",-1.1,1,"","","","","","","","","","","","","","","","","","","","",79,1,"","","","","","","","","","","","",4.3,1,"","","","","","","","","","","","","","","","","","","","","","","","","","","","","","","","","","","","","","","","","","","","","","","","","","","","","","","","","","","","","","","","","","","","","","","","","","","","","","","","","","","","","","","","","","","","","","","","","","","","","","","","","","","","","","","","","","","",""
"06163007","TENDE_SAPC",44.043167,7.586,636,2000010601,0.,1,"","","","","","","","","","","","","","","","","","","","","","","","","","","","","","","","","","",-2.1,1,-4.9,1,-2.1,1,"","",-1.7,1,"","","","","","","","","","","","","","","","","","","","",81,1,"","","","","","","","","","","","",4.2,1,"","","","","","","","","","","","","","","","","","","","","","","","","","","","","","","","","","","","","","","","","","","","","","","","","","","","","","","","","","","","","","","","","","","","","","","","","","","","","","","","","","","","","","","","","","","","","","","","","","","","","","","","","","","","","","","","","","","",""
"06163007","TENDE_SAPC",44.043167,7.586,636,2000010602,0.,1,"","","","","","","","","","","","","","","","","","","","","","","","","","","","","","","","","","",-2.2,1,-5.,1,-2.2,1,"","",-2.1,1,"","","","","","","","","","","","","","","","","","","","",81,1,"","","","","","","","","","","","",4.2,1,"","","","","","","","","","","","","","","","","","","","","","","","","","","","","","","","","","","","","","","","","","","","","","","","","","","","","","","","","","","","","","","","","","","","","","","","","","","","","","","","","","","","","","","","","","","","","","","","","","","","","","","","","","","","","","","","","","","",""
"06163007","TENDE_SAPC",44.043167,7.586,636,2000010603,0.,1,"","","","","","","","","","","","","","","","","","","","","","","","","","","","","","","","","","",-2.,1,-5.,1,-2.2,1,"","",-2.,1,"","","","","","","","","","","","","","","","","","","","",80,1,"","","","","","","","","","","","",4.2,1,"","","","","","","","","","","","","","","","","","","","","","","","","","","","","","","","","","","","","","","","","","","","","","","","","","","","","","","","","","","","","","","","","","","","","","","","","","","","","","","","","","","","","","","","","","","","","","","","","","","","","","","","","","","","","","","","","","","",""
"06163007","TENDE_SAPC",44.043167,7.586,636,2000010604,0.,1,"","","","","","","","","","","","","","","","","","","","","","","","","","","","","","","","","","",-1.,1,-4.7,1,-2.,1,"","",-1.,1,"","","","","","","","","","","","","","","","","","","","",76,1,"","","","","","","","","","","","",4.3,1,"","","","","","","","","","","","","","","","","","","","","","","","","","","","","","","","","","","","","","","","","","","","","","","","","","","","","","","","","","","","","","","","","","","","","","","","","","","","","","","","","","","","","","","","","","","","","","","","","","","","","","","","","","","","","","","","","","","",""
"06163007","TENDE_SAPC",44.043167,7.586,636,2000010605,0.,1,"","","","","","","","","","","","","","","","","","","","","","","","","","","","","","","","","","",-1.3,1,-5.2,1,-1.3,1,"","",-0.9,1,"","","","","","","","","","","","","","","","","","","","",75,1,"","","","","","","","","","","","",4.2,1,"","","","","","","","","","","","","","","","","","","","","","","","","","","","","","","","","","","","","","","","","","","","","","","","","","","","","","","","","","","","","","","","","","","","","","","","","","","","","","","","","","","","","","","","","","","","","","","","","","","","","","","","","","","","","","","","","","","",""
"06163007","TENDE_SAPC",44.043167,7.586,636,2000010606,0.,1,"","","","","","","","","","","","","","","","","","","","","","","","","","","","","","","","","","",-1.8,1,-5.,1,-1.8,1,"","",-1.3,1,"","","","","","","","","","","","","","","","","","","","",79,1,"","","","","","","","","","","","",4.2,1,"","","","","","","","","","","","","","","","","","","","","","","","","","","","","","","","","","","","","","","","","","","","","","","","","","","","","","","","","","","","","","","","","","","","","","","","","","","","","","","","","","","","","","","","","","","","","","","","","","","","","","","","","","","","","","","","","","","",""
"06163007","TENDE_SAPC",44.043167,7.586,636,2000010607,0.,1,"","","","","","","","","","","","","","","","","","","","","","","","","","","","","","","","","","",-1.9,1,-4.7,1,-1.9,1,"","",-1.6,1,"","","","","","","","","","","","","","","","","","","","",81,1,"","","","","","","","","","","","",4.3,1,"","","","","","","","","","","","","","","","","","","","","","","","","","","","","","","","","","","","","","","","","","","","","","","","","","","","","","","","","","","","","","","","","","","","","","","","","","","","","","","","","","","","","","","","","","","","","","","","","","","","","","","","","","","","","","","","","","","",""
"06163007","TENDE_SAPC",44.043167,7.586,636,2000010608,0.,1,"","","","","","","","","","","","","","","","","","","","","","","","","","","","","","","","","","",-0.8,1,-4.2,1,-1.8,1,"","",-0.8,1,"","","","","","","","","","","","","","","","","","","","",78,1,"","","","","","","","","","","","",4.5,1,"","","","","","","","","","","","","","","","","","","","","","","","","","","","","","","","","","","","","","","","","","","","","","","","","","","","","","","","","","","","","","","","","","","","","","","","","","","","","","","","","","","","","","","","","","","","","","","","","","","","","","","","","","","","","","","","","","","",""
"06163007","TENDE_SAPC",44.043167,7.586,636,2000010609,0.,1,"","","","","","","","","","","","","","","","","","","","","","","","","","","","","","","","","","",0.6,1,-4.1,1,-0.7,1,"","",0.6,1,"","","","","","","","","","","","","","","","","","","","",71,1,"","","","","","","","","","","","",4.5,1,"","","","","","","","","","","","","","","","","","","","","","","","","","","","","","","","","","","","","","","","","","","","","","","","","","","","","","","","","","","","","","","","","","","","","","","","","","","","","","","","","","","","","","","","","","","","","","","","","","","","","","","","","","","","","","","","","","","",""
"06163007","TENDE_SAPC",44.043167,7.586,636,2000010610,0.,1,"","","","","","","","","","","","","","","","","","","","","","","","","","","","","","","","","","",0.9,1,-3.4,1,0.5,1,"","",0.9,1,"","","","","","","","","","","","","","","","","","","","",73,1,"","","","","","","","","","","","",4.8,1,"","","","","","","","","","","","","","","","","","","","","","","","","","","","","","","","","","","","","","","","","","","","","","","","","","","","","","","","","","","","","","","","","","","","","","","","","","","","","","","","","","","","","","","","","","","","","","","","","","","","","","","","","","","","","","","","","","","",""
"06163007","TENDE_SAPC",44.043167,7.586,636,2000010611,0.,1,"","","","","","","","","","","","","","","","","","","","","","","","","","","","","","","","","","",4.8,1,-2.1,1,0.9,1,"","",4.8,1,"","","","","","","","","","","","","","","","","","","","",61,1,"","","","","","","","","","","","",5.2,1,"","","","","","","","","","","","","","","","","","","","","","","","","","","","","","","","","","","","","","","","","","","","","","","","","","","","","","","","","","","","","","","","","","","","","","","","","","","","","","","","","","","","","","","","","","","","","","","","","","","","","","","","","","","","","","","","","","","",""
"06163007","TENDE_SAPC",44.043167,7.586,636,2000010612,0.,1,"","","","","","","","","","","","","","","","","","","","","","","","","","","","","","","","","","",9.,1,0.4,1,4.9,1,"","",9.,1,"","","","","","","","","","","","","","","","","","","","",55,1,"","","","","","","","","","","","",6.3,1,"","","","","","","","","","","","","","","","","","","","","","","","","","","","","","","","","","","","","","","","","","","","","","","","","","","","","","","","","","","","","","","","","","","","","","","","","","","","","","","","","","","","","","","","","","","","","","","","","","","","","","","","","","","","","","","","","","","",""
"06163007","TENDE_SAPC",44.043167,7.586,636,2000010613,0.,1,"","","","","","","","","","","","","","","","","","","","","","","","","","","","","","","","","","",8.6,1,-0.5,1,8.4,1,"","",9.6,1,"","","","","","","","","","","","","","","","","","","","",53,1,"","","","","","","","","","","","",5.9,1,"","","","","","","","","","","","","","","","","","","","","","","","","","","","","","","","","","","","","","","","","","","","","","","","","","","","","","","","","","","","","","","","","","","","","","","","","","","","","","","","","","","","","","","","","","","","","","","","","","","","","","","","","","","","","","","","","","","",""
"06163007","TENDE_SAPC",44.043167,7.586,636,2000010614,0.,1,"","","","","","","","","","","","","","","","","","","","","","","","","","","","","","","","","","",9.1,1,1.7,1,8.7,1,"","",9.7,1,"","","","","","","","","","","","","","","","","","","","",60,1,"","","","","","","","","","","","",6.9,1,"","","","","","","","","","","","","","","","","","","","","","","","","","","","","","","","","","","","","","","","","","","","","","","","","","","","","","","","","","","","","","","","","","","","","","","","","","","","","","","","","","","","","","","","","","","","","","","","","","","","","","","","","","","","","","","","","","","",""
"06163007","TENDE_SAPC",44.043167,7.586,636,2000010615,0.,1,"","","","","","","","","","","","","","","","","","","","","","","","","","","","","","","","","","",6.7,1,2.,1,6.7,1,"","",9.,1,"","","","","","","","","","","","","","","","","","","","",72,1,"","","","","","","","","","","","",7.1,1,"","","","","","","","","","","","","","","","","","","","","","","","","","","","","","","","","","","","","","","","","","","","","","","","","","","","","","","","","","","","","","","","","","","","","","","","","","","","","","","","","","","","","","","","","","","","","","","","","","","","","","","","","","","","","","","","","","","",""
"06163007","TENDE_SAPC",44.043167,7.586,636,2000010616,0.,1,"","","","","","","","","","","","","","","","","","","","","","","","","","","","","","","","","","",3.3,1,0.,1,3.3,1,"","",6.6,1,"","","","","","","","","","","","","","","","","","","","",79,1,"","","","","","","","","","","","",6.1,1,"","","","","","","","","","","","","","","","","","","","","","","","","","","","","","","","","","","","","","","","","","","","","","","","","","","","","","","","","","","","","","","","","","","","","","","","","","","","","","","","","","","","","","","","","","","","","","","","","","","","","","","","","","","","","","","","","","","",""
"06163007","TENDE_SAPC",44.043167,7.586,636,2000010617,0.,1,"","","","","","","","","","","","","","","","","","","","","","","","","","","","","","","","","","",2.4,1,-0.4,1,2.3,1,"","",3.3,1,"","","","","","","","","","","","","","","","","","","","",82,1,"","","","","","","","","","","","",6.,1,"","","","","","","","","","","","","","","","","","","","","","","","","","","","","","","","","","","","","","","","","","","","","","","","","","","","","","","","","","","","","","","","","","","","","","","","","","","","","","","","","","","","","","","","","","","","","","","","","","","","","","","","","","","","","","","","","","","",""
"06163007","TENDE_SAPC",44.043167,7.586,636,2000010618,0.,1,"","","","","","","","","","","","","","","","","","","","","","","","","","","","","","","","","","",3.,1,-0.5,1,2.4,1,"","",3.,1,"","","","","","","","","","","","","","","","","","","","",78,1,"","","","","","","","","","","","",5.9,1,"","","","","","","","","","","","","","","","","","","","","","","","","","","","","","","","","","","","","","","","","","","","","","","","","","","","","","","","","","","","","","","","","","","","","","","","","","","","","","","","","","","","","","","","","","","","","","","","","","","","","","","","","","","","","","","","","","","",""
"06163007","TENDE_SAPC",44.043167,7.586,636,2000010619,0.,1,"","","","","","","","","","","","","","","","","","","","","","","","","","","","","","","","","","",3.3,1,-1.1,1,3.,1,"","",3.3,1,"","","","","","","","","","","","","","","","","","","","",73,1,"","","","","","","","","","","","",5.6,1,"","","","","","","","","","","","","","","","","","","","","","","","","","","","","","","","","","","","","","","","","","","","","","","","","","","","","","","","","","","","","","","","","","","","","","","","","","","","","","","","","","","","","","","","","","","","","","","","","","","","","","","","","","","","","","","","","","","",""
"06163007","TENDE_SAPC",44.043167,7.586,636,2000010620,0.,1,"","","","","","","","","","","","","","","","","","","","","","","","","","","","","","","","","","",3.2,1,-1.2,1,3.2,1,"","",3.4,1,"","","","","","","","","","","","","","","","","","","","",73,1,"","","","","","","","","","","","",5.6,1,"","","","","","","","","","","","","","","","","","","","","","","","","","","","","","","","","","","","","","","","","","","","","","","","","","","","","","","","","","","","","","","","","","","","","","","","","","","","","","","","","","","","","","","","","","","","","","","","","","","","","","","","","","","","","","","","","","","",""
"06163007","TENDE_SAPC",44.043167,7.586,636,2000010621,0.,1,"","","","","","","","","","","","","","","","","","","","","","","","","","","","","","","","","","",3.,1,-1.2,1,3.,1,"","",3.2,1,"","","","","","","","","","","","","","","","","","","","",74,1,"","","","","","","","","","","","",5.6,1,"","","","","","","","","","","","","","","","","","","","","","","","","","","","","","","","","","","","","","","","","","","","","","","","","","","","","","","","","","","","","","","","","","","","","","","","","","","","","","","","","","","","","","","","","","","","","","","","","","","","","","","","","","","","","","","","","","","",""
"06163007","TENDE_SAPC",44.043167,7.586,636,2000010622,0.,1,"","","","","","","","","","","","","","","","","","","","","","","","","","","","","","","","","","",2.8,1,-1.6,1,2.8,1,"","",3.1,1,"","","","","","","","","","","","","","","","","","","","",73,1,"","","","","","","","","","","","",5.5,1,"","","","","","","","","","","","","","","","","","","","","","","","","","","","","","","","","","","","","","","","","","","","","","","","","","","","","","","","","","","","","","","","","","","","","","","","","","","","","","","","","","","","","","","","","","","","","","","","","","","","","","","","","","","","","","","","","","","",""
"06163007","TENDE_SAPC",44.043167,7.586,636,2000010623,0.,1,"","","","","","","","","","","","","","","","","","","","","","","","","","","","","","","","","","",2.2,1,-1.6,1,2.2,1,"","",2.8,1,"","","","","","","","","","","","","","","","","","","","",76,1,"","","","","","","","","","","","",5.4,1,"","","","","","","","","","","","","","","","","","","","","","","","","","","","","","","","","","","","","","","","","","","","","","","","","","","","","","","","","","","","","","","","","","","","","","","","","","","","","","","","","","","","","","","","","","","","","","","","","","","","","","","","","","","","","","","","","","","",""
"06163007","TENDE_SAPC",44.043167,7.586,636,2000010700,0.,1,"","","","","","","","","","","","","","","","","","","","","","","","","","","","","","","","","","",1.2,1,-2.,1,1.2,1,"","",2.2,1,"","","","","","","","","","","","","","","","","","","","",79,1,"","","","","","","","","","","","",5.3,1,"","","","","","","","","","","","","","","","","","","","","","","","","","","","","","","","","","","","","","","","","","","","","","","","","","","","","","","","","","","","","","","","","","","","","","","","","","","","","","","","","","","","","","","","","","","","","","","","","","","","","","","","","","","","","","","","","","","",""
"06163007","TENDE_SAPC",44.043167,7.586,636,2000010701,0.,1,"","","","","","","","","","","","","","","","","","","","","","","","","","","","","","","","","","",0.,1,-2.7,1,0.,1,"","",1.2,1,"","","","","","","","","","","","","","","","","","","","",82,1,"","","","","","","","","","","","",5.,1,"","","","","","","","","","","","","","","","","","","","","","","","","","","","","","","","","","","","","","","","","","","","","","","","","","","","","","","","","","","","","","","","","","","","","","","","","","","","","","","","","","","","","","","","","","","","","","","","","","","","","","","","","","","","","","","","","","","",""
"06163007","TENDE_SAPC",44.043167,7.586,636,2000010702,0.,1,"","","","","","","","","","","","","","","","","","","","","","","","","","","","","","","","","","",-0.7,1,-3.1,1,-0.7,1,"","",0.1,1,"","","","","","","","","","","","","","","","","","","","",84,1,"","","","","","","","","","","","",4.9,1,"","","","","","","","","","","","","","","","","","","","","","","","","","","","","","","","","","","","","","","","","","","","","","","","","","","","","","","","","","","","","","","","","","","","","","","","","","","","","","","","","","","","","","","","","","","","","","","","","","","","","","","","","","","","","","","","","","","",""
"06163007","TENDE_SAPC",44.043167,7.586,636,2000010703,0.,1,"","","","","","","","","","","","","","","","","","","","","","","","","","","","","","","","","","",-0.7,1,-3.6,1,-0.7,1,"","",-0.4,1,"","","","","","","","","","","","","","","","","","","","",81,1,"","","","","","","","","","","","",4.7,1,"","","","","","","","","","","","","","","","","","","","","","","","","","","","","","","","","","","","","","","","","","","","","","","","","","","","","","","","","","","","","","","","","","","","","","","","","","","","","","","","","","","","","","","","","","","","","","","","","","","","","","","","","","","","","","","","","","","",""
"06163007","TENDE_SAPC",44.043167,7.586,636,2000010704,0.,1,"","","","","","","","","","","","","","","","","","","","","","","","","","","","","","","","","","",-1.,1,-3.8,1,-1.,1,"","",-0.7,1,"","","","","","","","","","","","","","","","","","","","",81,1,"","","","","","","","","","","","",4.6,1,"","","","","","","","","","","","","","","","","","","","","","","","","","","","","","","","","","","","","","","","","","","","","","","","","","","","","","","","","","","","","","","","","","","","","","","","","","","","","","","","","","","","","","","","","","","","","","","","","","","","","","","","","","","","","","","","","","","",""
"06163007","TENDE_SAPC",44.043167,7.586,636,2000010705,0.,1,"","","","","","","","","","","","","","","","","","","","","","","","","","","","","","","","","","",-1.4,1,-4.4,1,-1.4,1,"","",-1.,1,"","","","","","","","","","","","","","","","","","","","",80,1,"","","","","","","","","","","","",4.4,1,"","","","","","","","","","","","","","","","","","","","","","","","","","","","","","","","","","","","","","","","","","","","","","","","","","","","","","","","","","","","","","","","","","","","","","","","","","","","","","","","","","","","","","","","","","","","","","","","","","","","","","","","","","","","","","","","","","","",""
"06163007","TENDE_SAPC",44.043167,7.586,636,2000010706,0.,1,"","","","","","","","","","","","","","","","","","","","","","","","","","","","","","","","","","",-1.5,1,-4.8,1,-1.5,1,"","",-1.3,1,"","","","","","","","","","","","","","","","","","","","",78,1,"","","","","","","","","","","","",4.3,1,"","","","","","","","","","","","","","","","","","","","","","","","","","","","","","","","","","","","","","","","","","","","","","","","","","","","","","","","","","","","","","","","","","","","","","","","","","","","","","","","","","","","","","","","","","","","","","","","","","","","","","","","","","","","","","","","","","","",""
"06163007","TENDE_SAPC",44.043167,7.586,636,2000010707,0.,1,"","","","","","","","","","","","","","","","","","","","","","","","","","","","","","","","","","",-1.3,1,-4.8,1,-1.4,1,"","",-1.2,1,"","","","","","","","","","","","","","","","","","","","",77,1,"","","","","","","","","","","","",4.3,1,"","","","","","","","","","","","","","","","","","","","","","","","","","","","","","","","","","","","","","","","","","","","","","","","","","","","","","","","","","","","","","","","","","","","","","","","","","","","","","","","","","","","","","","","","","","","","","","","","","","","","","","","","","","","","","","","","","","",""
"06163007","TENDE_SAPC",44.043167,7.586,636,2000010708,0.,1,"","","","","","","","","","","","","","","","","","","","","","","","","","","","","","","","","","",-0.7,1,-4.4,1,-1.3,1,"","",-0.7,1,"","","","","","","","","","","","","","","","","","","","",76,1,"","","","","","","","","","","","",4.4,1,"","","","","","","","","","","","","","","","","","","","","","","","","","","","","","","","","","","","","","","","","","","","","","","","","","","","","","","","","","","","","","","","","","","","","","","","","","","","","","","","","","","","","","","","","","","","","","","","","","","","","","","","","","","","","","","","","","","",""
"06163007","TENDE_SAPC",44.043167,7.586,636,2000010709,0.,1,"","","","","","","","","","","","","","","","","","","","","","","","","","","","","","","","","","",0.8,1,-4.6,1,-0.7,1,"","",0.8,1,"","","","","","","","","","","","","","","","","","","","",67,1,"","","","","","","","","","","","",4.3,1,"","","","","","","","","","","","","","","","","","","","","","","","","","","","","","","","","","","","","","","","","","","","","","","","","","","","","","","","","","","","","","","","","","","","","","","","","","","","","","","","","","","","","","","","","","","","","","","","","","","","","","","","","","","","","","","","","","","",""
"06163007","TENDE_SAPC",44.043167,7.586,636,2000010710,0.,1,"","","","","","","","","","","","","","","","","","","","","","","","","","","","","","","","","","",1.7,1,-3.6,1,0.8,1,"","",1.7,1,"","","","","","","","","","","","","","","","","","","","",68,1,"","","","","","","","","","","","",4.7,1,"","","","","","","","","","","","","","","","","","","","","","","","","","","","","","","","","","","","","","","","","","","","","","","","","","","","","","","","","","","","","","","","","","","","","","","","","","","","","","","","","","","","","","","","","","","","","","","","","","","","","","","","","","","","","","","","","","","",""
"06163007","TENDE_SAPC",44.043167,7.586,636,2000010711,0.,1,"","","","","","","","","","","","","","","","","","","","","","","","","","","","","","","","","","",4.9,1,-3.2,1,1.8,1,"","",4.9,1,"","","","","","","","","","","","","","","","","","","","",56,1,"","","","","","","","","","","","",4.8,1,"","","","","","","","","","","","","","","","","","","","","","","","","","","","","","","","","","","","","","","","","","","","","","","","","","","","","","","","","","","","","","","","","","","","","","","","","","","","","","","","","","","","","","","","","","","","","","","","","","","","","","","","","","","","","","","","","","","",""
"06163007","TENDE_SAPC",44.043167,7.586,636,2000010712,0.,1,"","","","","","","","","","","","","","","","","","","","","","","","","","","","","","","","","","",7.5,1,0.,1,4.9,1,"","",7.5,1,"","","","","","","","","","","","","","","","","","","","",59,1,"","","","","","","","","","","","",6.1,1,"","","","","","","","","","","","","","","","","","","","","","","","","","","","","","","","","","","","","","","","","","","","","","","","","","","","","","","","","","","","","","","","","","","","","","","","","","","","","","","","","","","","","","","","","","","","","","","","","","","","","","","","","","","","","","","","","","","",""
"06163007","TENDE_SAPC",44.043167,7.586,636,2000010713,0.,1,"","","","","","","","","","","","","","","","","","","","","","","","","","","","","","","","","","",7.6,1,0.8,1,7.3,1,"","",7.6,1,"","","","","","","","","","","","","","","","","","","","",62,1,"","","","","","","","","","","","",6.5,1,"","","","","","","","","","","","","","","","","","","","","","","","","","","","","","","","","","","","","","","","","","","","","","","","","","","","","","","","","","","","","","","","","","","","","","","","","","","","","","","","","","","","","","","","","","","","","","","","","","","","","","","","","","","","","","","","","","","",""
"06163007","TENDE_SAPC",44.043167,7.586,636,2000010714,0.,1,"","","","","","","","","","","","","","","","","","","","","","","","","","","","","","","","","","",7.2,1,1.9,1,7.2,1,"","",7.8,1,"","","","","","","","","","","","","","","","","","","","",69,1,"","","","","","","","","","","","",7.,1,"","","","","","","","","","","","","","","","","","","","","","","","","","","","","","","","","","","","","","","","","","","","","","","","","","","","","","","","","","","","","","","","","","","","","","","","","","","","","","","","","","","","","","","","","","","","","","","","","","","","","","","","","","","","","","","","","","","",""
"06163007","TENDE_SAPC",44.043167,7.586,636,2000010715,0.,1,"","","","","","","","","","","","","","","","","","","","","","","","","","","","","","","","","","",5.7,1,1.8,1,5.7,1,"","",7.1,1,"","","","","","","","","","","","","","","","","","","","",76,1,"","","","","","","","","","","","",7.,1,"","","","","","","","","","","","","","","","","","","","","","","","","","","","","","","","","","","","","","","","","","","","","","","","","","","","","","","","","","","","","","","","","","","","","","","","","","","","","","","","","","","","","","","","","","","","","","","","","","","","","","","","","","","","","","","","","","","",""
"06163007","TENDE_SAPC",44.043167,7.586,636,2000010716,0.,1,"","","","","","","","","","","","","","","","","","","","","","","","","","","","","","","","","","",2.8,1,-0.1,1,2.8,1,"","",5.6,1,"","","","","","","","","","","","","","","","","","","","",81,1,"","","","","","","","","","","","",6.1,1,"","","","","","","","","","","","","","","","","","","","","","","","","","","","","","","","","","","","","","","","","","","","","","","","","","","","","","","","","","","","","","","","","","","","","","","","","","","","","","","","","","","","","","","","","","","","","","","","","","","","","","","","","","","","","","","","","","","",""
"06163007","TENDE_SAPC",44.043167,7.586,636,2000010717,0.,1,"","","","","","","","","","","","","","","","","","","","","","","","","","","","","","","","","","",2.1,1,-0.3,1,2.,1,"","",2.8,1,"","","","","","","","","","","","","","","","","","","","",84,1,"","","","","","","","","","","","",6.,1,"","","","","","","","","","","","","","","","","","","","","","","","","","","","","","","","","","","","","","","","","","","","","","","","","","","","","","","","","","","","","","","","","","","","","","","","","","","","","","","","","","","","","","","","","","","","","","","","","","","","","","","","","","","","","","","","","","","",""
"06163007","TENDE_SAPC",44.043167,7.586,636,2000010718,0.,1,"","","","","","","","","","","","","","","","","","","","","","","","","","","","","","","","","","",2.3,1,-0.3,1,2.1,1,"","",2.4,1,"","","","","","","","","","","","","","","","","","","","",83,1,"","","","","","","","","","","","",6.,1,"","","","","","","","","","","","","","","","","","","","","","","","","","","","","","","","","","","","","","","","","","","","","","","","","","","","","","","","","","","","","","","","","","","","","","","","","","","","","","","","","","","","","","","","","","","","","","","","","","","","","","","","","","","","","","","","","","","",""
"06163007","TENDE_SAPC",44.043167,7.586,636,2000010719,0.,1,"","","","","","","","","","","","","","","","","","","","","","","","","","","","","","","","","","",2.1,1,-0.7,1,2.1,1,"","",2.4,1,"","","","","","","","","","","","","","","","","","","","",82,1,"","","","","","","","","","","","",5.8,1,"","","","","","","","","","","","","","","","","","","","","","","","","","","","","","","","","","","","","","","","","","","","","","","","","","","","","","","","","","","","","","","","","","","","","","","","","","","","","","","","","","","","","","","","","","","","","","","","","","","","","","","","","","","","","","","","","","","",""
"06163007","TENDE_SAPC",44.043167,7.586,636,2000010720,0.,1,"","","","","","","","","","","","","","","","","","","","","","","","","","","","","","","","","","",1.,1,-1.6,1,1.,1,"","",2.,1,"","","","","","","","","","","","","","","","","","","","",83,1,"","","","","","","","","","","","",5.5,1,"","","","","","","","","","","","","","","","","","","","","","","","","","","","","","","","","","","","","","","","","","","","","","","","","","","","","","","","","","","","","","","","","","","","","","","","","","","","","","","","","","","","","","","","","","","","","","","","","","","","","","","","","","","","","","","","","","","",""
"06163007","TENDE_SAPC",44.043167,7.586,636,2000010721,0.,1,"","","","","","","","","","","","","","","","","","","","","","","","","","","","","","","","","","",0.,1,-2.2,1,0.,1,"","",0.9,1,"","","","","","","","","","","","","","","","","","","","",85,1,"","","","","","","","","","","","",5.2,1,"","","","","","","","","","","","","","","","","","","","","","","","","","","","","","","","","","","","","","","","","","","","","","","","","","","","","","","","","","","","","","","","","","","","","","","","","","","","","","","","","","","","","","","","","","","","","","","","","","","","","","","","","","","","","","","","","","","",""
"06163007","TENDE_SAPC",44.043167,7.586,636,2000010722,0.,1,"","","","","","","","","","","","","","","","","","","","","","","","","","","","","","","","","","",-0.6,1,-2.7,1,-0.6,1,"","",0.,1,"","","","","","","","","","","","","","","","","","","","",86,1,"","","","","","","","","","","","",5.,1,"","","","","","","","","","","","","","","","","","","","","","","","","","","","","","","","","","","","","","","","","","","","","","","","","","","","","","","","","","","","","","","","","","","","","","","","","","","","","","","","","","","","","","","","","","","","","","","","","","","","","","","","","","","","","","","","","","","",""
"06163007","TENDE_SAPC",44.043167,7.586,636,2000010723,0.,1,"","","","","","","","","","","","","","","","","","","","","","","","","","","","","","","","","","",-0.9,1,-2.9,1,-0.9,1,"","",-0.5,1,"","","","","","","","","","","","","","","","","","","","",86,1,"","","","","","","","","","","","",4.9,1,"","","","","","","","","","","","","","","","","","","","","","","","","","","","","","","","","","","","","","","","","","","","","","","","","","","","","","","","","","","","","","","","","","","","","","","","","","","","","","","","","","","","","","","","","","","","","","","","","","","","","","","","","","","","","","","","","","","",""
"06163007","TENDE_SAPC",44.043167,7.586,636,2000010800,0.,1,"","","","","","","","","","","","","","","","","","","","","","","","","","","","","","","","","","",-1.3,1,-3.3,1,-1.3,1,"","",-0.9,1,"","","","","","","","","","","","","","","","","","","","",86,1,"","","","","","","","","","","","",4.8,1,"","","","","","","","","","","","","","","","","","","","","","","","","","","","","","","","","","","","","","","","","","","","","","","","","","","","","","","","","","","","","","","","","","","","","","","","","","","","","","","","","","","","","","","","","","","","","","","","","","","","","","","","","","","","","","","","","","","",""
"06163007","TENDE_SAPC",44.043167,7.586,636,2000010801,0.,1,"","","","","","","","","","","","","","","","","","","","","","","","","","","","","","","","","","",-1.4,1,-3.3,1,-1.4,1,"","",-1.2,1,"","","","","","","","","","","","","","","","","","","","",87,1,"","","","","","","","","","","","",4.8,1,"","","","","","","","","","","","","","","","","","","","","","","","","","","","","","","","","","","","","","","","","","","","","","","","","","","","","","","","","","","","","","","","","","","","","","","","","","","","","","","","","","","","","","","","","","","","","","","","","","","","","","","","","","","","","","","","","","","",""
"06163007","TENDE_SAPC",44.043167,7.586,636,2000010802,0.,1,"","","","","","","","","","","","","","","","","","","","","","","","","","","","","","","","","","",-1.5,1,-3.4,1,-1.6,1,"","",-1.4,1,"","","","","","","","","","","","","","","","","","","","",87,1,"","","","","","","","","","","","",4.8,1,"","","","","","","","","","","","","","","","","","","","","","","","","","","","","","","","","","","","","","","","","","","","","","","","","","","","","","","","","","","","","","","","","","","","","","","","","","","","","","","","","","","","","","","","","","","","","","","","","","","","","","","","","","","","","","","","","","","",""
"06163007","TENDE_SAPC",44.043167,7.586,636,2000010803,0.,1,"","","","","","","","","","","","","","","","","","","","","","","","","","","","","","","","","","",-1.8,1,-3.7,1,-1.8,1,"","",-1.5,1,"","","","","","","","","","","","","","","","","","","","",87,1,"","","","","","","","","","","","",4.7,1,"","","","","","","","","","","","","","","","","","","","","","","","","","","","","","","","","","","","","","","","","","","","","","","","","","","","","","","","","","","","","","","","","","","","","","","","","","","","","","","","","","","","","","","","","","","","","","","","","","","","","","","","","","","","","","","","","","","",""
"06163007","TENDE_SAPC",44.043167,7.586,636,2000010804,0.,1,"","","","","","","","","","","","","","","","","","","","","","","","","","","","","","","","","","",-2.,1,-3.9,1,-2.,1,"","",-1.8,1,"","","","","","","","","","","","","","","","","","","","",87,1,"","","","","","","","","","","","",4.6,1,"","","","","","","","","","","","","","","","","","","","","","","","","","","","","","","","","","","","","","","","","","","","","","","","","","","","","","","","","","","","","","","","","","","","","","","","","","","","","","","","","","","","","","","","","","","","","","","","","","","","","","","","","","","","","","","","","","","",""
"06163007","TENDE_SAPC",44.043167,7.586,636,2000010805,0.,1,"","","","","","","","","","","","","","","","","","","","","","","","","","","","","","","","","","",-2.3,1,-4.2,1,-2.3,1,"","",-2.,1,"","","","","","","","","","","","","","","","","","","","",87,1,"","","","","","","","","","","","",4.5,1,"","","","","","","","","","","","","","","","","","","","","","","","","","","","","","","","","","","","","","","","","","","","","","","","","","","","","","","","","","","","","","","","","","","","","","","","","","","","","","","","","","","","","","","","","","","","","","","","","","","","","","","","","","","","","","","","","","","",""
"06163007","TENDE_SAPC",44.043167,7.586,636,2000010806,0.,1,"","","","","","","","","","","","","","","","","","","","","","","","","","","","","","","","","","",-2.2,1,-4.1,1,-2.3,1,"","",-2.2,1,"","","","","","","","","","","","","","","","","","","","",87,1,"","","","","","","","","","","","",4.5,1,"","","","","","","","","","","","","","","","","","","","","","","","","","","","","","","","","","","","","","","","","","","","","","","","","","","","","","","","","","","","","","","","","","","","","","","","","","","","","","","","","","","","","","","","","","","","","","","","","","","","","","","","","","","","","","","","","","","",""
"06163007","TENDE_SAPC",44.043167,7.586,636,2000010807,0.,1,"","","","","","","","","","","","","","","","","","","","","","","","","","","","","","","","","","",-2.4,1,-4.4,1,-2.4,1,"","",-2.2,1,"","","","","","","","","","","","","","","","","","","","",86,1,"","","","","","","","","","","","",4.4,1,"","","","","","","","","","","","","","","","","","","","","","","","","","","","","","","","","","","","","","","","","","","","","","","","","","","","","","","","","","","","","","","","","","","","","","","","","","","","","","","","","","","","","","","","","","","","","","","","","","","","","","","","","","","","","","","","","","","",""
"06163007","TENDE_SAPC",44.043167,7.586,636,2000010808,0.,1,"","","","","","","","","","","","","","","","","","","","","","","","","","","","","","","","","","",-1.8,1,-4.,1,-2.3,1,"","",-1.8,1,"","","","","","","","","","","","","","","","","","","","",85,1,"","","","","","","","","","","","",4.6,1,"","","","","","","","","","","","","","","","","","","","","","","","","","","","","","","","","","","","","","","","","","","","","","","","","","","","","","","","","","","","","","","","","","","","","","","","","","","","","","","","","","","","","","","","","","","","","","","","","","","","","","","","","","","","","","","","","","","",""
"06163007","TENDE_SAPC",44.043167,7.586,636,2000010809,0.,1,"","","","","","","","","","","","","","","","","","","","","","","","","","","","","","","","","","",-0.7,1,-3.4,1,-1.7,1,"","",-0.7,1,"","","","","","","","","","","","","","","","","","","","",82,1,"","","","","","","","","","","","",4.8,1,"","","","","","","","","","","","","","","","","","","","","","","","","","","","","","","","","","","","","","","","","","","","","","","","","","","","","","","","","","","","","","","","","","","","","","","","","","","","","","","","","","","","","","","","","","","","","","","","","","","","","","","","","","","","","","","","","","","",""
"06163007","TENDE_SAPC",44.043167,7.586,636,2000010810,0.,1,"","","","","","","","","","","","","","","","","","","","","","","","","","","","","","","","","","",0.4,1,-2.5,1,-0.7,1,"","",0.4,1,"","","","","","","","","","","","","","","","","","","","",81,1,"","","","","","","","","","","","",5.1,1,"","","","","","","","","","","","","","","","","","","","","","","","","","","","","","","","","","","","","","","","","","","","","","","","","","","","","","","","","","","","","","","","","","","","","","","","","","","","","","","","","","","","","","","","","","","","","","","","","","","","","","","","","","","","","","","","","","","",""
"06163007","TENDE_SAPC",44.043167,7.586,636,2000010811,0.2,1,"","","","","","","","","","","","","","","","","","","","","","","","","","","","","","","","","","",6.8,1,0.,1,0.5,1,"","",6.8,1,"","","","","","","","","","","","","","","","","","","","",62,1,"","","","","","","","","","","","",6.1,1,"","","","","","","","","","","","","","","","","","","","","","","","","","","","","","","","","","","","","","","","","","","","","","","","","","","","","","","","","","","","","","","","","","","","","","","","","","","","","","","","","","","","","","","","","","","","","","","","","","","","","","","","","","","","","","","","","","","",""
"06163007","TENDE_SAPC",44.043167,7.586,636,2000010812,0.,1,"","","","","","","","","","","","","","","","","","","","","","","","","","","","","","","","","","",8.7,1,-0.9,1,6.9,1,"","",8.8,1,"","","","","","","","","","","","","","","","","","","","",51,1,"","","","","","","","","","","","",5.7,1,"","","","","","","","","","","","","","","","","","","","","","","","","","","","","","","","","","","","","","","","","","","","","","","","","","","","","","","","","","","","","","","","","","","","","","","","","","","","","","","","","","","","","","","","","","","","","","","","","","","","","","","","","","","","","","","","","","","",""
"06163007","TENDE_SAPC",44.043167,7.586,636,2000010813,0.,1,"","","","","","","","","","","","","","","","","","","","","","","","","","","","","","","","","","",9.4,1,-0.5,1,8.7,1,"","",9.8,1,"","","","","","","","","","","","","","","","","","","","",50,1,"","","","","","","","","","","","",5.9,1,"","","","","","","","","","","","","","","","","","","","","","","","","","","","","","","","","","","","","","","","","","","","","","","","","","","","","","","","","","","","","","","","","","","","","","","","","","","","","","","","","","","","","","","","","","","","","","","","","","","","","","","","","","","","","","","","","","","",""
"06163007","TENDE_SAPC",44.043167,7.586,636,2000010814,0.,1,"","","","","","","","","","","","","","","","","","","","","","","","","","","","","","","","","","",9.1,1,1.,1,9.,1,"","",9.6,1,"","","","","","","","","","","","","","","","","","","","",57,1,"","","","","","","","","","","","",6.6,1,"","","","","","","","","","","","","","","","","","","","","","","","","","","","","","","","","","","","","","","","","","","","","","","","","","","","","","","","","","","","","","","","","","","","","","","","","","","","","","","","","","","","","","","","","","","","","","","","","","","","","","","","","","","","","","","","","","","",""
"06163007","TENDE_SAPC",44.043167,7.586,636,2000010815,0.,1,"","","","","","","","","","","","","","","","","","","","","","","","","","","","","","","","","","",7.6,1,1.9,1,7.6,1,"","",9.1,1,"","","","","","","","","","","","","","","","","","","","",67,1,"","","","","","","","","","","","",7.,1,"","","","","","","","","","","","","","","","","","","","","","","","","","","","","","","","","","","","","","","","","","","","","","","","","","","","","","","","","","","","","","","","","","","","","","","","","","","","","","","","","","","","","","","","","","","","","","","","","","","","","","","","","","","","","","","","","","","",""
"06163007","TENDE_SAPC",44.043167,7.586,636,2000010816,0.,1,"","","","","","","","","","","","","","","","","","","","","","","","","","","","","","","","","","",6.,1,2.3,1,6.,1,"","",7.6,1,"","","","","","","","","","","","","","","","","","","","",77,1,"","","","","","","","","","","","",7.2,1,"","","","","","","","","","","","","","","","","","","","","","","","","","","","","","","","","","","","","","","","","","","","","","","","","","","","","","","","","","","","","","","","","","","","","","","","","","","","","","","","","","","","","","","","","","","","","","","","","","","","","","","","","","","","","","","","","","","",""
"06163007","TENDE_SAPC",44.043167,7.586,636,2000010817,0.,1,"","","","","","","","","","","","","","","","","","","","","","","","","","","","","","","","","","",3.2,1,-0.1,1,3.2,1,"","",5.9,1,"","","","","","","","","","","","","","","","","","","","",79,1,"","","","","","","","","","","","",6.1,1,"","","","","","","","","","","","","","","","","","","","","","","","","","","","","","","","","","","","","","","","","","","","","","","","","","","","","","","","","","","","","","","","","","","","","","","","","","","","","","","","","","","","","","","","","","","","","","","","","","","","","","","","","","","","","","","","","","","",""
"06163007","TENDE_SAPC",44.043167,7.586,636,2000010818,0.,1,"","","","","","","","","","","","","","","","","","","","","","","","","","","","","","","","","","",2.7,1,-0.8,1,2.7,1,"","",3.2,1,"","","","","","","","","","","","","","","","","","","","",78,1,"","","","","","","","","","","","",5.8,1,"","","","","","","","","","","","","","","","","","","","","","","","","","","","","","","","","","","","","","","","","","","","","","","","","","","","","","","","","","","","","","","","","","","","","","","","","","","","","","","","","","","","","","","","","","","","","","","","","","","","","","","","","","","","","","","","","","","",""
"06163007","TENDE_SAPC",44.043167,7.586,636,2000010819,0.,1,"","","","","","","","","","","","","","","","","","","","","","","","","","","","","","","","","","",1.9,1,-1.4,1,1.9,1,"","",2.8,1,"","","","","","","","","","","","","","","","","","","","",79,1,"","","","","","","","","","","","",5.5,1,"","","","","","","","","","","","","","","","","","","","","","","","","","","","","","","","","","","","","","","","","","","","","","","","","","","","","","","","","","","","","","","","","","","","","","","","","","","","","","","","","","","","","","","","","","","","","","","","","","","","","","","","","","","","","","","","","","","",""
"06163007","TENDE_SAPC",44.043167,7.586,636,2000010820,0.,1,"","","","","","","","","","","","","","","","","","","","","","","","","","","","","","","","","","",1.4,1,-2.,1,1.4,1,"","",1.9,1,"","","","","","","","","","","","","","","","","","","","",78,1,"","","","","","","","","","","","",5.3,1,"","","","","","","","","","","","","","","","","","","","","","","","","","","","","","","","","","","","","","","","","","","","","","","","","","","","","","","","","","","","","","","","","","","","","","","","","","","","","","","","","","","","","","","","","","","","","","","","","","","","","","","","","","","","","","","","","","","",""
"06163007","TENDE_SAPC",44.043167,7.586,636,2000010821,0.,1,"","","","","","","","","","","","","","","","","","","","","","","","","","","","","","","","","","",0.6,1,-2.5,1,0.6,1,"","",1.4,1,"","","","","","","","","","","","","","","","","","","","",80,1,"","","","","","","","","","","","",5.1,1,"","","","","","","","","","","","","","","","","","","","","","","","","","","","","","","","","","","","","","","","","","","","","","","","","","","","","","","","","","","","","","","","","","","","","","","","","","","","","","","","","","","","","","","","","","","","","","","","","","","","","","","","","","","","","","","","","","","",""
"06163007","TENDE_SAPC",44.043167,7.586,636,2000010822,0.,1,"","","","","","","","","","","","","","","","","","","","","","","","","","","","","","","","","","",0.2,1,-2.5,1,0.2,1,"","",0.6,1,"","","","","","","","","","","","","","","","","","","","",82,1,"","","","","","","","","","","","",5.1,1,"","","","","","","","","","","","","","","","","","","","","","","","","","","","","","","","","","","","","","","","","","","","","","","","","","","","","","","","","","","","","","","","","","","","","","","","","","","","","","","","","","","","","","","","","","","","","","","","","","","","","","","","","","","","","","","","","","","",""
"06163007","TENDE_SAPC",44.043167,7.586,636,2000010823,0.,1,"","","","","","","","","","","","","","","","","","","","","","","","","","","","","","","","","","",-0.4,1,-2.8,1,-0.4,1,"","",0.2,1,"","","","","","","","","","","","","","","","","","","","",84,1,"","","","","","","","","","","","",5.,1,"","","","","","","","","","","","","","","","","","","","","","","","","","","","","","","","","","","","","","","","","","","","","","","","","","","","","","","","","","","","","","","","","","","","","","","","","","","","","","","","","","","","","","","","","","","","","","","","","","","","","","","","","","","","","","","","","","","",""
"06163007","TENDE_SAPC",44.043167,7.586,636,2000010900,0.,1,"","","","","","","","","","","","","","","","","","","","","","","","","","","","","","","","","","",-0.9,1,-3.3,1,-0.9,1,"","",-0.4,1,"","","","","","","","","","","","","","","","","","","","",84,1,"","","","","","","","","","","","",4.8,1,"","","","","","","","","","","","","","","","","","","","","","","","","","","","","","","","","","","","","","","","","","","","","","","","","","","","","","","","","","","","","","","","","","","","","","","","","","","","","","","","","","","","","","","","","","","","","","","","","","","","","","","","","","","","","","","","","","","",""
"06163007","TENDE_SAPC",44.043167,7.586,636,2000010901,0.,1,"","","","","","","","","","","","","","","","","","","","","","","","","","","","","","","","","","",-1.1,1,-3.5,1,-1.2,1,"","",-0.9,1,"","","","","","","","","","","","","","","","","","","","",84,1,"","","","","","","","","","","","",4.7,1,"","","","","","","","","","","","","","","","","","","","","","","","","","","","","","","","","","","","","","","","","","","","","","","","","","","","","","","","","","","","","","","","","","","","","","","","","","","","","","","","","","","","","","","","","","","","","","","","","","","","","","","","","","","","","","","","","","","",""
"06163007","TENDE_SAPC",44.043167,7.586,636,2000010902,0.,1,"","","","","","","","","","","","","","","","","","","","","","","","","","","","","","","","","","",-1.4,1,-3.9,1,-1.5,1,"","",-1.1,1,"","","","","","","","","","","","","","","","","","","","",83,1,"","","","","","","","","","","","",4.6,1,"","","","","","","","","","","","","","","","","","","","","","","","","","","","","","","","","","","","","","","","","","","","","","","","","","","","","","","","","","","","","","","","","","","","","","","","","","","","","","","","","","","","","","","","","","","","","","","","","","","","","","","","","","","","","","","","","","","",""
"06163007","TENDE_SAPC",44.043167,7.586,636,2000010903,0.,1,"","","","","","","","","","","","","","","","","","","","","","","","","","","","","","","","","","",-1.1,1,-3.9,1,-1.6,1,"","",-1.1,1,"","","","","","","","","","","","","","","","","","","","",81,1,"","","","","","","","","","","","",4.6,1,"","","","","","","","","","","","","","","","","","","","","","","","","","","","","","","","","","","","","","","","","","","","","","","","","","","","","","","","","","","","","","","","","","","","","","","","","","","","","","","","","","","","","","","","","","","","","","","","","","","","","","","","","","","","","","","","","","","",""
"06163007","TENDE_SAPC",44.043167,7.586,636,2000010904,0.,1,"","","","","","","","","","","","","","","","","","","","","","","","","","","","","","","","","","",-1.8,1,-4.5,1,-1.8,1,"","",-1.2,1,"","","","","","","","","","","","","","","","","","","","",82,1,"","","","","","","","","","","","",4.4,1,"","","","","","","","","","","","","","","","","","","","","","","","","","","","","","","","","","","","","","","","","","","","","","","","","","","","","","","","","","","","","","","","","","","","","","","","","","","","","","","","","","","","","","","","","","","","","","","","","","","","","","","","","","","","","","","","","","","",""
"06163007","TENDE_SAPC",44.043167,7.586,636,2000010905,0.,1,"","","","","","","","","","","","","","","","","","","","","","","","","","","","","","","","","","",-1.7,1,-4.5,1,-1.9,1,"","",-1.7,1,"","","","","","","","","","","","","","","","","","","","",81,1,"","","","","","","","","","","","",4.4,1,"","","","","","","","","","","","","","","","","","","","","","","","","","","","","","","","","","","","","","","","","","","","","","","","","","","","","","","","","","","","","","","","","","","","","","","","","","","","","","","","","","","","","","","","","","","","","","","","","","","","","","","","","","","","","","","","","","","",""
"06163007","TENDE_SAPC",44.043167,7.586,636,2000010906,0.,1,"","","","","","","","","","","","","","","","","","","","","","","","","","","","","","","","","","",-1.5,1,-4.3,1,-1.7,1,"","",-1.5,1,"","","","","","","","","","","","","","","","","","","","",81,1,"","","","","","","","","","","","",4.4,1,"","","","","","","","","","","","","","","","","","","","","","","","","","","","","","","","","","","","","","","","","","","","","","","","","","","","","","","","","","","","","","","","","","","","","","","","","","","","","","","","","","","","","","","","","","","","","","","","","","","","","","","","","","","","","","","","","","","",""
"06163007","TENDE_SAPC",44.043167,7.586,636,2000010907,0.,1,"","","","","","","","","","","","","","","","","","","","","","","","","","","","","","","","","","",-1.6,1,-4.3,1,-1.7,1,"","",-1.4,1,"","","","","","","","","","","","","","","","","","","","",82,1,"","","","","","","","","","","","",4.5,1,"","","","","","","","","","","","","","","","","","","","","","","","","","","","","","","","","","","","","","","","","","","","","","","","","","","","","","","","","","","","","","","","","","","","","","","","","","","","","","","","","","","","","","","","","","","","","","","","","","","","","","","","","","","","","","","","","","","",""
"06163007","TENDE_SAPC",44.043167,7.586,636,2000010908,0.,1,"","","","","","","","","","","","","","","","","","","","","","","","","","","","","","","","","","",-0.9,1,-4.3,1,-1.5,1,"","",-0.9,1,"","","","","","","","","","","","","","","","","","","","",78,1,"","","","","","","","","","","","",4.5,1,"","","","","","","","","","","","","","","","","","","","","","","","","","","","","","","","","","","","","","","","","","","","","","","","","","","","","","","","","","","","","","","","","","","","","","","","","","","","","","","","","","","","","","","","","","","","","","","","","","","","","","","","","","","","","","","","","","","",""
"06163007","TENDE_SAPC",44.043167,7.586,636,2000010909,0.,1,"","","","","","","","","","","","","","","","","","","","","","","","","","","","","","","","","","",-0.5,1,-3.9,1,-0.8,1,"","",-0.4,1,"","","","","","","","","","","","","","","","","","","","",78,1,"","","","","","","","","","","","",4.6,1,"","","","","","","","","","","","","","","","","","","","","","","","","","","","","","","","","","","","","","","","","","","","","","","","","","","","","","","","","","","","","","","","","","","","","","","","","","","","","","","","","","","","","","","","","","","","","","","","","","","","","","","","","","","","","","","","","","","",""
"06163007","TENDE_SAPC",44.043167,7.586,636,2000010910,0.,1,"","","","","","","","","","","","","","","","","","","","","","","","","","","","","","","","","","",-0.5,1,-3.2,1,-0.5,1,"","",-0.5,1,"","","","","","","","","","","","","","","","","","","","",82,1,"","","","","","","","","","","","",4.8,1,"","","","","","","","","","","","","","","","","","","","","","","","","","","","","","","","","","","","","","","","","","","","","","","","","","","","","","","","","","","","","","","","","","","","","","","","","","","","","","","","","","","","","","","","","","","","","","","","","","","","","","","","","","","","","","","","","","","",""
"06163007","TENDE_SAPC",44.043167,7.586,636,2000010911,0.,1,"","","","","","","","","","","","","","","","","","","","","","","","","","","","","","","","","","",1.6,1,-2.5,1,-0.5,1,"","",1.6,1,"","","","","","","","","","","","","","","","","","","","",74,1,"","","","","","","","","","","","",5.1,1,"","","","","","","","","","","","","","","","","","","","","","","","","","","","","","","","","","","","","","","","","","","","","","","","","","","","","","","","","","","","","","","","","","","","","","","","","","","","","","","","","","","","","","","","","","","","","","","","","","","","","","","","","","","","","","","","","","","",""
"06163007","TENDE_SAPC",44.043167,7.586,636,2000010912,0.,1,"","","","","","","","","","","","","","","","","","","","","","","","","","","","","","","","","","",7.7,1,-1.,1,1.7,1,"","",7.7,1,"","","","","","","","","","","","","","","","","","","","",54,1,"","","","","","","","","","","","",5.7,1,"","","","","","","","","","","","","","","","","","","","","","","","","","","","","","","","","","","","","","","","","","","","","","","","","","","","","","","","","","","","","","","","","","","","","","","","","","","","","","","","","","","","","","","","","","","","","","","","","","","","","","","","","","","","","","","","","","","",""
"06163007","TENDE_SAPC",44.043167,7.586,636,2000010913,0.,1,"","","","","","","","","","","","","","","","","","","","","","","","","","","","","","","","","","",7.7,1,-0.3,1,7.7,1,"","",8.,1,"","","","","","","","","","","","","","","","","","","","",57,1,"","","","","","","","","","","","",6.,1,"","","","","","","","","","","","","","","","","","","","","","","","","","","","","","","","","","","","","","","","","","","","","","","","","","","","","","","","","","","","","","","","","","","","","","","","","","","","","","","","","","","","","","","","","","","","","","","","","","","","","","","","","","","","","","","","","","","",""
"06163007","TENDE_SAPC",44.043167,7.586,636,2000010914,0.,1,"","","","","","","","","","","","","","","","","","","","","","","","","","","","","","","","","","",7.,1,0.2,1,7.,1,"","",7.7,1,"","","","","","","","","","","","","","","","","","","","",62,1,"","","","","","","","","","","","",6.2,1,"","","","","","","","","","","","","","","","","","","","","","","","","","","","","","","","","","","","","","","","","","","","","","","","","","","","","","","","","","","","","","","","","","","","","","","","","","","","","","","","","","","","","","","","","","","","","","","","","","","","","","","","","","","","","","","","","","","",""
"06163007","TENDE_SAPC",44.043167,7.586,636,2000010915,0.,1,"","","","","","","","","","","","","","","","","","","","","","","","","","","","","","","","","","",6.3,1,0.6,1,6.3,1,"","",7.,1,"","","","","","","","","","","","","","","","","","","","",67,1,"","","","","","","","","","","","",6.4,1,"","","","","","","","","","","","","","","","","","","","","","","","","","","","","","","","","","","","","","","","","","","","","","","","","","","","","","","","","","","","","","","","","","","","","","","","","","","","","","","","","","","","","","","","","","","","","","","","","","","","","","","","","","","","","","","","","","","",""
"06163007","TENDE_SAPC",44.043167,7.586,636,2000010916,0.,1,"","","","","","","","","","","","","","","","","","","","","","","","","","","","","","","","","","",5.4,1,0.6,1,5.4,1,"","",6.3,1,"","","","","","","","","","","","","","","","","","","","",71,1,"","","","","","","","","","","","",6.4,1,"","","","","","","","","","","","","","","","","","","","","","","","","","","","","","","","","","","","","","","","","","","","","","","","","","","","","","","","","","","","","","","","","","","","","","","","","","","","","","","","","","","","","","","","","","","","","","","","","","","","","","","","","","","","","","","","","","","",""
"06163007","TENDE_SAPC",44.043167,7.586,636,2000010917,0.,1,"","","","","","","","","","","","","","","","","","","","","","","","","","","","","","","","","","",3.4,1,-0.1,1,3.4,1,"","",5.4,1,"","","","","","","","","","","","","","","","","","","","",78,1,"","","","","","","","","","","","",6.1,1,"","","","","","","","","","","","","","","","","","","","","","","","","","","","","","","","","","","","","","","","","","","","","","","","","","","","","","","","","","","","","","","","","","","","","","","","","","","","","","","","","","","","","","","","","","","","","","","","","","","","","","","","","","","","","","","","","","","",""
"06163007","TENDE_SAPC",44.043167,7.586,636,2000010918,0.,1,"","","","","","","","","","","","","","","","","","","","","","","","","","","","","","","","","","",1.8,1,-0.8,1,1.8,1,"","",3.4,1,"","","","","","","","","","","","","","","","","","","","",83,1,"","","","","","","","","","","","",5.8,1,"","","","","","","","","","","","","","","","","","","","","","","","","","","","","","","","","","","","","","","","","","","","","","","","","","","","","","","","","","","","","","","","","","","","","","","","","","","","","","","","","","","","","","","","","","","","","","","","","","","","","","","","","","","","","","","","","","","",""
"06163007","TENDE_SAPC",44.043167,7.586,636,2000010919,0.,1,"","","","","","","","","","","","","","","","","","","","","","","","","","","","","","","","","","",1.2,1,-1.,1,1.2,1,"","",1.8,1,"","","","","","","","","","","","","","","","","","","","",85,1,"","","","","","","","","","","","",5.7,1,"","","","","","","","","","","","","","","","","","","","","","","","","","","","","","","","","","","","","","","","","","","","","","","","","","","","","","","","","","","","","","","","","","","","","","","","","","","","","","","","","","","","","","","","","","","","","","","","","","","","","","","","","","","","","","","","","","","",""
"06163007","TENDE_SAPC",44.043167,7.586,636,2000010920,0.,1,"","","","","","","","","","","","","","","","","","","","","","","","","","","","","","","","","","",1.2,1,-0.9,1,1.1,1,"","",1.3,1,"","","","","","","","","","","","","","","","","","","","",86,1,"","","","","","","","","","","","",5.7,1,"","","","","","","","","","","","","","","","","","","","","","","","","","","","","","","","","","","","","","","","","","","","","","","","","","","","","","","","","","","","","","","","","","","","","","","","","","","","","","","","","","","","","","","","","","","","","","","","","","","","","","","","","","","","","","","","","","","",""
"06163007","TENDE_SAPC",44.043167,7.586,636,2000010921,0.,1,"","","","","","","","","","","","","","","","","","","","","","","","","","","","","","","","","","",1.4,1,-1.,1,1.2,1,"","",1.6,1,"","","","","","","","","","","","","","","","","","","","",84,1,"","","","","","","","","","","","",5.7,1,"","","","","","","","","","","","","","","","","","","","","","","","","","","","","","","","","","","","","","","","","","","","","","","","","","","","","","","","","","","","","","","","","","","","","","","","","","","","","","","","","","","","","","","","","","","","","","","","","","","","","","","","","","","","","","","","","","","",""
"06163007","TENDE_SAPC",44.043167,7.586,636,2000010922,0.,1,"","","","","","","","","","","","","","","","","","","","","","","","","","","","","","","","","","",1.2,1,-1.,1,1.2,1,"","",1.4,1,"","","","","","","","","","","","","","","","","","","","",85,1,"","","","","","","","","","","","",5.7,1,"","","","","","","","","","","","","","","","","","","","","","","","","","","","","","","","","","","","","","","","","","","","","","","","","","","","","","","","","","","","","","","","","","","","","","","","","","","","","","","","","","","","","","","","","","","","","","","","","","","","","","","","","","","","","","","","","","","",""
"06163007","TENDE_SAPC",44.043167,7.586,636,2000010923,0.,1,"","","","","","","","","","","","","","","","","","","","","","","","","","","","","","","","","","",0.4,1,-1.7,1,0.4,1,"","",1.1,1,"","","","","","","","","","","","","","","","","","","","",86,1,"","","","","","","","","","","","",5.4,1,"","","","","","","","","","","","","","","","","","","","","","","","","","","","","","","","","","","","","","","","","","","","","","","","","","","","","","","","","","","","","","","","","","","","","","","","","","","","","","","","","","","","","","","","","","","","","","","","","","","","","","","","","","","","","","","","","","","",""
"06163007","TENDE_SAPC",44.043167,7.586,636,2000011000,0.,1,"","","","","","","","","","","","","","","","","","","","","","","","","","","","","","","","","","",-0.1,1,-2.3,1,-0.1,1,"","",0.4,1,"","","","","","","","","","","","","","","","","","","","",85,1,"","","","","","","","","","","","",5.2,1,"","","","","","","","","","","","","","","","","","","","","","","","","","","","","","","","","","","","","","","","","","","","","","","","","","","","","","","","","","","","","","","","","","","","","","","","","","","","","","","","","","","","","","","","","","","","","","","","","","","","","","","","","","","","","","","","","","","",""
"06163007","TENDE_SAPC",44.043167,7.586,636,2000011001,0.,1,"","","","","","","","","","","","","","","","","","","","","","","","","","","","","","","","","","",-0.6,1,-2.8,1,-0.8,1,"","",0.,1,"","","","","","","","","","","","","","","","","","","","",85,1,"","","","","","","","","","","","",5.,1,"","","","","","","","","","","","","","","","","","","","","","","","","","","","","","","","","","","","","","","","","","","","","","","","","","","","","","","","","","","","","","","","","","","","","","","","","","","","","","","","","","","","","","","","","","","","","","","","","","","","","","","","","","","","","","","","","","","",""
"06163007","TENDE_SAPC",44.043167,7.586,636,2000011002,0.,1,"","","","","","","","","","","","","","","","","","","","","","","","","","","","","","","","","","",-1.,1,-3.,1,-1.1,1,"","",-0.6,1,"","","","","","","","","","","","","","","","","","","","",86,1,"","","","","","","","","","","","",4.9,1,"","","","","","","","","","","","","","","","","","","","","","","","","","","","","","","","","","","","","","","","","","","","","","","","","","","","","","","","","","","","","","","","","","","","","","","","","","","","","","","","","","","","","","","","","","","","","","","","","","","","","","","","","","","","","","","","","","","",""
"06163007","TENDE_SAPC",44.043167,7.586,636,2000011003,0.,1,"","","","","","","","","","","","","","","","","","","","","","","","","","","","","","","","","","",-1.3,1,-3.3,1,-1.3,1,"","",-1.,1,"","","","","","","","","","","","","","","","","","","","",86,1,"","","","","","","","","","","","",4.8,1,"","","","","","","","","","","","","","","","","","","","","","","","","","","","","","","","","","","","","","","","","","","","","","","","","","","","","","","","","","","","","","","","","","","","","","","","","","","","","","","","","","","","","","","","","","","","","","","","","","","","","","","","","","","","","","","","","","","",""
"06163007","TENDE_SAPC",44.043167,7.586,636,2000011004,0.,1,"","","","","","","","","","","","","","","","","","","","","","","","","","","","","","","","","","",-1.4,1,-3.4,1,-1.6,1,"","",-1.3,1,"","","","","","","","","","","","","","","","","","","","",86,1,"","","","","","","","","","","","",4.7,1,"","","","","","","","","","","","","","","","","","","","","","","","","","","","","","","","","","","","","","","","","","","","","","","","","","","","","","","","","","","","","","","","","","","","","","","","","","","","","","","","","","","","","","","","","","","","","","","","","","","","","","","","","","","","","","","","","","","",""
"06163007","TENDE_SAPC",44.043167,7.586,636,2000011005,0.,1,"","","","","","","","","","","","","","","","","","","","","","","","","","","","","","","","","","",-1.6,1,-3.8,1,-1.7,1,"","",-1.5,1,"","","","","","","","","","","","","","","","","","","","",85,1,"","","","","","","","","","","","",4.6,1,"","","","","","","","","","","","","","","","","","","","","","","","","","","","","","","","","","","","","","","","","","","","","","","","","","","","","","","","","","","","","","","","","","","","","","","","","","","","","","","","","","","","","","","","","","","","","","","","","","","","","","","","","","","","","","","","","","","",""
"06163007","TENDE_SAPC",44.043167,7.586,636,2000011006,0.,1,"","","","","","","","","","","","","","","","","","","","","","","","","","","","","","","","","","",-2.,1,-4.2,1,-2.,1,"","",-1.6,1,"","","","","","","","","","","","","","","","","","","","",85,1,"","","","","","","","","","","","",4.5,1,"","","","","","","","","","","","","","","","","","","","","","","","","","","","","","","","","","","","","","","","","","","","","","","","","","","","","","","","","","","","","","","","","","","","","","","","","","","","","","","","","","","","","","","","","","","","","","","","","","","","","","","","","","","","","","","","","","","",""
"06163007","TENDE_SAPC",44.043167,7.586,636,2000011007,0.,1,"","","","","","","","","","","","","","","","","","","","","","","","","","","","","","","","","","",-2.2,1,-4.2,1,-2.2,1,"","",-1.9,1,"","","","","","","","","","","","","","","","","","","","",86,1,"","","","","","","","","","","","",4.5,1,"","","","","","","","","","","","","","","","","","","","","","","","","","","","","","","","","","","","","","","","","","","","","","","","","","","","","","","","","","","","","","","","","","","","","","","","","","","","","","","","","","","","","","","","","","","","","","","","","","","","","","","","","","","","","","","","","","","",""
"06163007","TENDE_SAPC",44.043167,7.586,636,2000011008,0.,1,"","","","","","","","","","","","","","","","","","","","","","","","","","","","","","","","","","",-1.9,1,-4.1,1,-2.2,1,"","",-1.9,1,"","","","","","","","","","","","","","","","","","","","",85,1,"","","","","","","","","","","","",4.5,1,"","","","","","","","","","","","","","","","","","","","","","","","","","","","","","","","","","","","","","","","","","","","","","","","","","","","","","","","","","","","","","","","","","","","","","","","","","","","","","","","","","","","","","","","","","","","","","","","","","","","","","","","","","","","","","","","","","","",""
"06163007","TENDE_SAPC",44.043167,7.586,636,2000011009,0.,1,"","","","","","","","","","","","","","","","","","","","","","","","","","","","","","","","","","",-1.5,1,-4.2,1,-1.9,1,"","",-1.5,1,"","","","","","","","","","","","","","","","","","","","",82,1,"","","","","","","","","","","","",4.5,1,"","","","","","","","","","","","","","","","","","","","","","","","","","","","","","","","","","","","","","","","","","","","","","","","","","","","","","","","","","","","","","","","","","","","","","","","","","","","","","","","","","","","","","","","","","","","","","","","","","","","","","","","","","","","","","","","","","","",""
"06163007","TENDE_SAPC",44.043167,7.586,636,2000011010,0.,1,"","","","","","","","","","","","","","","","","","","","","","","","","","","","","","","","","","",-0.7,1,-3.6,1,-1.5,1,"","",-0.7,1,"","","","","","","","","","","","","","","","","","","","",81,1,"","","","","","","","","","","","",4.7,1,"","","","","","","","","","","","","","","","","","","","","","","","","","","","","","","","","","","","","","","","","","","","","","","","","","","","","","","","","","","","","","","","","","","","","","","","","","","","","","","","","","","","","","","","","","","","","","","","","","","","","","","","","","","","","","","","","","","",""
"06163007","TENDE_SAPC",44.043167,7.586,636,2000011011,0.,1,"","","","","","","","","","","","","","","","","","","","","","","","","","","","","","","","","","",2.8,1,-2.7,1,-0.6,1,"","",2.8,1,"","","","","","","","","","","","","","","","","","","","",67,1,"","","","","","","","","","","","",5.,1,"","","","","","","","","","","","","","","","","","","","","","","","","","","","","","","","","","","","","","","","","","","","","","","","","","","","","","","","","","","","","","","","","","","","","","","","","","","","","","","","","","","","","","","","","","","","","","","","","","","","","","","","","","","","","","","","","","","",""
"06163007","TENDE_SAPC",44.043167,7.586,636,2000011012,0.,1,"","","","","","","","","","","","","","","","","","","","","","","","","","","","","","","","","","",6.9,1,-1.8,1,2.8,1,"","",6.9,1,"","","","","","","","","","","","","","","","","","","","",54,1,"","","","","","","","","","","","",5.4,1,"","","","","","","","","","","","","","","","","","","","","","","","","","","","","","","","","","","","","","","","","","","","","","","","","","","","","","","","","","","","","","","","","","","","","","","","","","","","","","","","","","","","","","","","","","","","","","","","","","","","","","","","","","","","","","","","","","","",""
"06163007","TENDE_SAPC",44.043167,7.586,636,2000011013,0.,1,"","","","","","","","","","","","","","","","","","","","","","","","","","","","","","","","","","",8.7,1,-1.4,1,7.1,1,"","",8.7,1,"","","","","","","","","","","","","","","","","","","","",49,1,"","","","","","","","","","","","",5.5,1,"","","","","","","","","","","","","","","","","","","","","","","","","","","","","","","","","","","","","","","","","","","","","","","","","","","","","","","","","","","","","","","","","","","","","","","","","","","","","","","","","","","","","","","","","","","","","","","","","","","","","","","","","","","","","","","","","","","",""
"06163007","TENDE_SAPC",44.043167,7.586,636,2000011014,0.,1,"","","","","","","","","","","","","","","","","","","","","","","","","","","","","","","","","","",8.5,1,-0.8,1,8.5,1,"","",9.,1,"","","","","","","","","","","","","","","","","","","","",52,1,"","","","","","","","","","","","",5.8,1,"","","","","","","","","","","","","","","","","","","","","","","","","","","","","","","","","","","","","","","","","","","","","","","","","","","","","","","","","","","","","","","","","","","","","","","","","","","","","","","","","","","","","","","","","","","","","","","","","","","","","","","","","","","","","","","","","","","",""
"06163007","TENDE_SAPC",44.043167,7.586,636,2000011015,0.,1,"","","","","","","","","","","","","","","","","","","","","","","","","","","","","","","","","","",6.9,1,-0.3,1,6.9,1,"","",8.4,1,"","","","","","","","","","","","","","","","","","","","",60,1,"","","","","","","","","","","","",6.,1,"","","","","","","","","","","","","","","","","","","","","","","","","","","","","","","","","","","","","","","","","","","","","","","","","","","","","","","","","","","","","","","","","","","","","","","","","","","","","","","","","","","","","","","","","","","","","","","","","","","","","","","","","","","","","","","","","","","",""
"06163007","TENDE_SAPC",44.043167,7.586,636,2000011016,0.,1,"","","","","","","","","","","","","","","","","","","","","","","","","","","","","","","","","","",5.2,1,0.4,1,5.2,1,"","",6.8,1,"","","","","","","","","","","","","","","","","","","","",71,1,"","","","","","","","","","","","",6.3,1,"","","","","","","","","","","","","","","","","","","","","","","","","","","","","","","","","","","","","","","","","","","","","","","","","","","","","","","","","","","","","","","","","","","","","","","","","","","","","","","","","","","","","","","","","","","","","","","","","","","","","","","","","","","","","","","","","","","",""
"06163007","TENDE_SAPC",44.043167,7.586,636,2000011017,0.,1,"","","","","","","","","","","","","","","","","","","","","","","","","","","","","","","","","","",2.2,1,-1.1,1,2.2,1,"","",5.1,1,"","","","","","","","","","","","","","","","","","","","",79,1,"","","","","","","","","","","","",5.7,1,"","","","","","","","","","","","","","","","","","","","","","","","","","","","","","","","","","","","","","","","","","","","","","","","","","","","","","","","","","","","","","","","","","","","","","","","","","","","","","","","","","","","","","","","","","","","","","","","","","","","","","","","","","","","","","","","","","","",""
"06163007","TENDE_SAPC",44.043167,7.586,636,2000011018,0.,1,"","","","","","","","","","","","","","","","","","","","","","","","","","","","","","","","","","",0.9,1,-1.8,1,0.9,1,"","",2.2,1,"","","","","","","","","","","","","","","","","","","","",82,1,"","","","","","","","","","","","",5.3,1,"","","","","","","","","","","","","","","","","","","","","","","","","","","","","","","","","","","","","","","","","","","","","","","","","","","","","","","","","","","","","","","","","","","","","","","","","","","","","","","","","","","","","","","","","","","","","","","","","","","","","","","","","","","","","","","","","","","",""
"06163007","TENDE_SAPC",44.043167,7.586,636,2000011019,0.,1,"","","","","","","","","","","","","","","","","","","","","","","","","","","","","","","","","","",0.3,1,-2.3,1,0.3,1,"","",0.9,1,"","","","","","","","","","","","","","","","","","","","",83,1,"","","","","","","","","","","","",5.2,1,"","","","","","","","","","","","","","","","","","","","","","","","","","","","","","","","","","","","","","","","","","","","","","","","","","","","","","","","","","","","","","","","","","","","","","","","","","","","","","","","","","","","","","","","","","","","","","","","","","","","","","","","","","","","","","","","","","","",""
"06163007","TENDE_SAPC",44.043167,7.586,636,2000011020,0.,1,"","","","","","","","","","","","","","","","","","","","","","","","","","","","","","","","","","",-0.1,1,-2.5,1,-0.1,1,"","",0.2,1,"","","","","","","","","","","","","","","","","","","","",84,1,"","","","","","","","","","","","",5.1,1,"","","","","","","","","","","","","","","","","","","","","","","","","","","","","","","","","","","","","","","","","","","","","","","","","","","","","","","","","","","","","","","","","","","","","","","","","","","","","","","","","","","","","","","","","","","","","","","","","","","","","","","","","","","","","","","","","","","",""
"06163007","TENDE_SAPC",44.043167,7.586,636,2000011021,0.,1,"","","","","","","","","","","","","","","","","","","","","","","","","","","","","","","","","","",-0.6,1,-3.,1,-0.6,1,"","",-0.1,1,"","","","","","","","","","","","","","","","","","","","",84,1,"","","","","","","","","","","","",4.9,1,"","","","","","","","","","","","","","","","","","","","","","","","","","","","","","","","","","","","","","","","","","","","","","","","","","","","","","","","","","","","","","","","","","","","","","","","","","","","","","","","","","","","","","","","","","","","","","","","","","","","","","","","","","","","","","","","","","","",""
"06163007","TENDE_SAPC",44.043167,7.586,636,2000011022,0.,1,"","","","","","","","","","","","","","","","","","","","","","","","","","","","","","","","","","",-1.,1,-3.4,1,-1.,1,"","",-0.5,1,"","","","","","","","","","","","","","","","","","","","",84,1,"","","","","","","","","","","","",4.8,1,"","","","","","","","","","","","","","","","","","","","","","","","","","","","","","","","","","","","","","","","","","","","","","","","","","","","","","","","","","","","","","","","","","","","","","","","","","","","","","","","","","","","","","","","","","","","","","","","","","","","","","","","","","","","","","","","","","","",""
"06163007","TENDE_SAPC",44.043167,7.586,636,2000011023,0.,1,"","","","","","","","","","","","","","","","","","","","","","","","","","","","","","","","","","",-0.6,1,-3.,1,-1.1,1,"","",-0.6,1,"","","","","","","","","","","","","","","","","","","","",84,1,"","","","","","","","","","","","",4.9,1,"","","","","","","","","","","","","","","","","","","","","","","","","","","","","","","","","","","","","","","","","","","","","","","","","","","","","","","","","","","","","","","","","","","","","","","","","","","","","","","","","","","","","","","","","","","","","","","","","","","","","","","","","","","","","","","","","","","",""
"06163007","TENDE_SAPC",44.043167,7.586,636,2000011100,0.,1,"","","","","","","","","","","","","","","","","","","","","","","","","","","","","","","","","","",0.,1,-3.,1,-0.6,1,"","",0.1,1,"","","","","","","","","","","","","","","","","","","","",80,1,"","","","","","","","","","","","",4.9,1,"","","","","","","","","","","","","","","","","","","","","","","","","","","","","","","","","","","","","","","","","","","","","","","","","","","","","","","","","","","","","","","","","","","","","","","","","","","","","","","","","","","","","","","","","","","","","","","","","","","","","","","","","","","","","","","","","","","",""
"06163007","TENDE_SAPC",44.043167,7.586,636,2000011101,0.,1,"","","","","","","","","","","","","","","","","","","","","","","","","","","","","","","","","","",0.,1,-3.6,1,-0.2,1,"","",0.3,1,"","","","","","","","","","","","","","","","","","","","",77,1,"","","","","","","","","","","","",4.7,1,"","","","","","","","","","","","","","","","","","","","","","","","","","","","","","","","","","","","","","","","","","","","","","","","","","","","","","","","","","","","","","","","","","","","","","","","","","","","","","","","","","","","","","","","","","","","","","","","","","","","","","","","","","","","","","","","","","","",""
"06163007","TENDE_SAPC",44.043167,7.586,636,2000011102,0.,1,"","","","","","","","","","","","","","","","","","","","","","","","","","","","","","","","","","",0.1,1,-4.,1,0.,1,"","",0.3,1,"","","","","","","","","","","","","","","","","","","","",74,1,"","","","","","","","","","","","",4.6,1,"","","","","","","","","","","","","","","","","","","","","","","","","","","","","","","","","","","","","","","","","","","","","","","","","","","","","","","","","","","","","","","","","","","","","","","","","","","","","","","","","","","","","","","","","","","","","","","","","","","","","","","","","","","","","","","","","","","",""
"06163007","TENDE_SAPC",44.043167,7.586,636,2000011103,0.,1,"","","","","","","","","","","","","","","","","","","","","","","","","","","","","","","","","","",-0.4,1,-4.1,1,-0.4,1,"","",0.,1,"","","","","","","","","","","","","","","","","","","","",76,1,"","","","","","","","","","","","",4.5,1,"","","","","","","","","","","","","","","","","","","","","","","","","","","","","","","","","","","","","","","","","","","","","","","","","","","","","","","","","","","","","","","","","","","","","","","","","","","","","","","","","","","","","","","","","","","","","","","","","","","","","","","","","","","","","","","","","","","",""
"06163007","TENDE_SAPC",44.043167,7.586,636,2000011104,0.,1,"","","","","","","","","","","","","","","","","","","","","","","","","","","","","","","","","","",-0.3,1,-4.6,1,-0.3,1,"","",0.,1,"","","","","","","","","","","","","","","","","","","","",73,1,"","","","","","","","","","","","",4.4,1,"","","","","","","","","","","","","","","","","","","","","","","","","","","","","","","","","","","","","","","","","","","","","","","","","","","","","","","","","","","","","","","","","","","","","","","","","","","","","","","","","","","","","","","","","","","","","","","","","","","","","","","","","","","","","","","","","","","",""
"06163007","TENDE_SAPC",44.043167,7.586,636,2000011105,0.,1,"","","","","","","","","","","","","","","","","","","","","","","","","","","","","","","","","","",0.3,1,-5.1,1,-0.3,1,"","",0.6,1,"","","","","","","","","","","","","","","","","","","","",67,1,"","","","","","","","","","","","",4.2,1,"","","","","","","","","","","","","","","","","","","","","","","","","","","","","","","","","","","","","","","","","","","","","","","","","","","","","","","","","","","","","","","","","","","","","","","","","","","","","","","","","","","","","","","","","","","","","","","","","","","","","","","","","","","","","","","","","","","",""
"06163007","TENDE_SAPC",44.043167,7.586,636,2000011106,0.,1,"","","","","","","","","","","","","","","","","","","","","","","","","","","","","","","","","","",-0.2,1,-5.4,1,-0.5,1,"","",0.3,1,"","","","","","","","","","","","","","","","","","","","",68,1,"","","","","","","","","","","","",4.1,1,"","","","","","","","","","","","","","","","","","","","","","","","","","","","","","","","","","","","","","","","","","","","","","","","","","","","","","","","","","","","","","","","","","","","","","","","","","","","","","","","","","","","","","","","","","","","","","","","","","","","","","","","","","","","","","","","","","","",""
"06163007","TENDE_SAPC",44.043167,7.586,636,2000011107,0.,1,"","","","","","","","","","","","","","","","","","","","","","","","","","","","","","","","","","",-0.8,1,-5.2,1,-0.8,1,"","",-0.2,1,"","","","","","","","","","","","","","","","","","","","",72,1,"","","","","","","","","","","","",4.2,1,"","","","","","","","","","","","","","","","","","","","","","","","","","","","","","","","","","","","","","","","","","","","","","","","","","","","","","","","","","","","","","","","","","","","","","","","","","","","","","","","","","","","","","","","","","","","","","","","","","","","","","","","","","","","","","","","","","","",""
"06163007","TENDE_SAPC",44.043167,7.586,636,2000011108,0.,1,"","","","","","","","","","","","","","","","","","","","","","","","","","","","","","","","","","",-1.2,1,-5.2,1,-1.2,1,"","",-0.6,1,"","","","","","","","","","","","","","","","","","","","",74,1,"","","","","","","","","","","","",4.1,1,"","","","","","","","","","","","","","","","","","","","","","","","","","","","","","","","","","","","","","","","","","","","","","","","","","","","","","","","","","","","","","","","","","","","","","","","","","","","","","","","","","","","","","","","","","","","","","","","","","","","","","","","","","","","","","","","","","","",""
"06163007","TENDE_SAPC",44.043167,7.586,636,2000011109,0.,1,"","","","","","","","","","","","","","","","","","","","","","","","","","","","","","","","","","",-1.3,1,-5.,1,-1.3,1,"","",-1.,1,"","","","","","","","","","","","","","","","","","","","",76,1,"","","","","","","","","","","","",4.2,1,"","","","","","","","","","","","","","","","","","","","","","","","","","","","","","","","","","","","","","","","","","","","","","","","","","","","","","","","","","","","","","","","","","","","","","","","","","","","","","","","","","","","","","","","","","","","","","","","","","","","","","","","","","","","","","","","","","","",""
"06163007","TENDE_SAPC",44.043167,7.586,636,2000011110,0.,1,"","","","","","","","","","","","","","","","","","","","","","","","","","","","","","","","","","",-1.1,1,-4.5,1,-1.3,1,"","",-1.1,1,"","","","","","","","","","","","","","","","","","","","",78,1,"","","","","","","","","","","","",4.4,1,"","","","","","","","","","","","","","","","","","","","","","","","","","","","","","","","","","","","","","","","","","","","","","","","","","","","","","","","","","","","","","","","","","","","","","","","","","","","","","","","","","","","","","","","","","","","","","","","","","","","","","","","","","","","","","","","","","","",""
"06163007","TENDE_SAPC",44.043167,7.586,636,2000011111,0.,1,"","","","","","","","","","","","","","","","","","","","","","","","","","","","","","","","","","",5.5,1,-3.1,1,-1.1,1,"","",5.5,1,"","","","","","","","","","","","","","","","","","","","",54,1,"","","","","","","","","","","","",4.9,1,"","","","","","","","","","","","","","","","","","","","","","","","","","","","","","","","","","","","","","","","","","","","","","","","","","","","","","","","","","","","","","","","","","","","","","","","","","","","","","","","","","","","","","","","","","","","","","","","","","","","","","","","","","","","","","","","","","","",""
"06163007","TENDE_SAPC",44.043167,7.586,636,2000011112,0.2,1,"","","","","","","","","","","","","","","","","","","","","","","","","","","","","","","","","","",8.,1,-4.2,1,5.6,1,"","",8.,1,"","","","","","","","","","","","","","","","","","","","",42,1,"","","","","","","","","","","","",4.5,1,"","","","","","","","","","","","","","","","","","","","","","","","","","","","","","","","","","","","","","","","","","","","","","","","","","","","","","","","","","","","","","","","","","","","","","","","","","","","","","","","","","","","","","","","","","","","","","","","","","","","","","","","","","","","","","","","","","","",""
"06163007","TENDE_SAPC",44.043167,7.586,636,2000011113,0.,1,"","","","","","","","","","","","","","","","","","","","","","","","","","","","","","","","","","",8.8,1,-3.4,1,8.1,1,"","",8.9,1,"","","","","","","","","","","","","","","","","","","","",42,1,"","","","","","","","","","","","",4.8,1,"","","","","","","","","","","","","","","","","","","","","","","","","","","","","","","","","","","","","","","","","","","","","","","","","","","","","","","","","","","","","","","","","","","","","","","","","","","","","","","","","","","","","","","","","","","","","","","","","","","","","","","","","","","","","","","","","","","",""
"06163007","TENDE_SAPC",44.043167,7.586,636,2000011114,0.,1,"","","","","","","","","","","","","","","","","","","","","","","","","","","","","","","","","","",8.,1,-2.4,1,8.,1,"","",9.1,1,"","","","","","","","","","","","","","","","","","","","",48,1,"","","","","","","","","","","","",5.1,1,"","","","","","","","","","","","","","","","","","","","","","","","","","","","","","","","","","","","","","","","","","","","","","","","","","","","","","","","","","","","","","","","","","","","","","","","","","","","","","","","","","","","","","","","","","","","","","","","","","","","","","","","","","","","","","","","","","","",""
"06163007","TENDE_SAPC",44.043167,7.586,636,2000011115,0.,1,"","","","","","","","","","","","","","","","","","","","","","","","","","","","","","","","","","",6.2,1,-1.5,1,6.2,1,"","",7.9,1,"","","","","","","","","","","","","","","","","","","","",58,1,"","","","","","","","","","","","",5.5,1,"","","","","","","","","","","","","","","","","","","","","","","","","","","","","","","","","","","","","","","","","","","","","","","","","","","","","","","","","","","","","","","","","","","","","","","","","","","","","","","","","","","","","","","","","","","","","","","","","","","","","","","","","","","","","","","","","","","",""
"06163007","TENDE_SAPC",44.043167,7.586,636,2000011116,0.,1,"","","","","","","","","","","","","","","","","","","","","","","","","","","","","","","","","","",4.3,1,-1.5,1,4.3,1,"","",6.2,1,"","","","","","","","","","","","","","","","","","","","",66,1,"","","","","","","","","","","","",5.5,1,"","","","","","","","","","","","","","","","","","","","","","","","","","","","","","","","","","","","","","","","","","","","","","","","","","","","","","","","","","","","","","","","","","","","","","","","","","","","","","","","","","","","","","","","","","","","","","","","","","","","","","","","","","","","","","","","","","","",""
"06163007","TENDE_SAPC",44.043167,7.586,636,2000011117,0.,1,"","","","","","","","","","","","","","","","","","","","","","","","","","","","","","","","","","",3.9,1,-3.6,1,2.7,1,"","",4.2,1,"","","","","","","","","","","","","","","","","","","","",58,1,"","","","","","","","","","","","",4.7,1,"","","","","","","","","","","","","","","","","","","","","","","","","","","","","","","","","","","","","","","","","","","","","","","","","","","","","","","","","","","","","","","","","","","","","","","","","","","","","","","","","","","","","","","","","","","","","","","","","","","","","","","","","","","","","","","","","","","",""
"06163007","TENDE_SAPC",44.043167,7.586,636,2000011118,0.,1,"","","","","","","","","","","","","","","","","","","","","","","","","","","","","","","","","","",2.2,1,-3.7,1,2.2,1,"","",4.5,1,"","","","","","","","","","","","","","","","","","","","",65,1,"","","","","","","","","","","","",4.7,1,"","","","","","","","","","","","","","","","","","","","","","","","","","","","","","","","","","","","","","","","","","","","","","","","","","","","","","","","","","","","","","","","","","","","","","","","","","","","","","","","","","","","","","","","","","","","","","","","","","","","","","","","","","","","","","","","","","","",""
"06163007","TENDE_SAPC",44.043167,7.586,636,2000011119,0.,1,"","","","","","","","","","","","","","","","","","","","","","","","","","","","","","","","","","",1.8,1,-4.1,1,1.8,1,"","",2.3,1,"","","","","","","","","","","","","","","","","","","","",65,1,"","","","","","","","","","","","",4.5,1,"","","","","","","","","","","","","","","","","","","","","","","","","","","","","","","","","","","","","","","","","","","","","","","","","","","","","","","","","","","","","","","","","","","","","","","","","","","","","","","","","","","","","","","","","","","","","","","","","","","","","","","","","","","","","","","","","","","",""
"06163007","TENDE_SAPC",44.043167,7.586,636,2000011120,0.,1,"","","","","","","","","","","","","","","","","","","","","","","","","","","","","","","","","","",1.5,1,-4.2,1,1.,1,"","",1.8,1,"","","","","","","","","","","","","","","","","","","","",66,1,"","","","","","","","","","","","",4.5,1,"","","","","","","","","","","","","","","","","","","","","","","","","","","","","","","","","","","","","","","","","","","","","","","","","","","","","","","","","","","","","","","","","","","","","","","","","","","","","","","","","","","","","","","","","","","","","","","","","","","","","","","","","","","","","","","","","","","",""
"06163007","TENDE_SAPC",44.043167,7.586,636,2000011121,0.,1,"","","","","","","","","","","","","","","","","","","","","","","","","","","","","","","","","","",0.7,1,-4.7,1,0.5,1,"","",1.5,1,"","","","","","","","","","","","","","","","","","","","",67,1,"","","","","","","","","","","","",4.3,1,"","","","","","","","","","","","","","","","","","","","","","","","","","","","","","","","","","","","","","","","","","","","","","","","","","","","","","","","","","","","","","","","","","","","","","","","","","","","","","","","","","","","","","","","","","","","","","","","","","","","","","","","","","","","","","","","","","","",""
"06163007","TENDE_SAPC",44.043167,7.586,636,2000011122,0.,1,"","","","","","","","","","","","","","","","","","","","","","","","","","","","","","","","","","",0.3,1,-4.7,1,0.3,1,"","",0.9,1,"","","","","","","","","","","","","","","","","","","","",69,1,"","","","","","","","","","","","",4.3,1,"","","","","","","","","","","","","","","","","","","","","","","","","","","","","","","","","","","","","","","","","","","","","","","","","","","","","","","","","","","","","","","","","","","","","","","","","","","","","","","","","","","","","","","","","","","","","","","","","","","","","","","","","","","","","","","","","","","",""
"06163007","TENDE_SAPC",44.043167,7.586,636,2000011123,0.,1,"","","","","","","","","","","","","","","","","","","","","","","","","","","","","","","","","","",-0.1,1,-5.1,1,-0.4,1,"","",0.3,1,"","","","","","","","","","","","","","","","","","","","",69,1,"","","","","","","","","","","","",4.2,1,"","","","","","","","","","","","","","","","","","","","","","","","","","","","","","","","","","","","","","","","","","","","","","","","","","","","","","","","","","","","","","","","","","","","","","","","","","","","","","","","","","","","","","","","","","","","","","","","","","","","","","","","","","","","","","","","","","","",""
"06163007","TENDE_SAPC",44.043167,7.586,636,2000011200,0.,1,"","","","","","","","","","","","","","","","","","","","","","","","","","","","","","","","","","",-0.8,1,-5.,1,-0.9,1,"","",0.,1,"","","","","","","","","","","","","","","","","","","","",73,1,"","","","","","","","","","","","",4.2,1,"","","","","","","","","","","","","","","","","","","","","","","","","","","","","","","","","","","","","","","","","","","","","","","","","","","","","","","","","","","","","","","","","","","","","","","","","","","","","","","","","","","","","","","","","","","","","","","","","","","","","","","","","","","","","","","","","","","",""
"06163007","TENDE_SAPC",44.043167,7.586,636,2000011201,0.,1,"","","","","","","","","","","","","","","","","","","","","","","","","","","","","","","","","","",-0.6,1,-5.6,1,-0.9,1,"","",-0.3,1,"","","","","","","","","","","","","","","","","","","","",69,1,"","","","","","","","","","","","",4.,1,"","","","","","","","","","","","","","","","","","","","","","","","","","","","","","","","","","","","","","","","","","","","","","","","","","","","","","","","","","","","","","","","","","","","","","","","","","","","","","","","","","","","","","","","","","","","","","","","","","","","","","","","","","","","","","","","","","","",""
"06163007","TENDE_SAPC",44.043167,7.586,636,2000011202,0.,1,"","","","","","","","","","","","","","","","","","","","","","","","","","","","","","","","","","",-1.1,1,-5.5,1,-1.1,1,"","",-0.5,1,"","","","","","","","","","","","","","","","","","","","",72,1,"","","","","","","","","","","","",4.1,1,"","","","","","","","","","","","","","","","","","","","","","","","","","","","","","","","","","","","","","","","","","","","","","","","","","","","","","","","","","","","","","","","","","","","","","","","","","","","","","","","","","","","","","","","","","","","","","","","","","","","","","","","","","","","","","","","","","","",""
"06163007","TENDE_SAPC",44.043167,7.586,636,2000011203,0.,1,"","","","","","","","","","","","","","","","","","","","","","","","","","","","","","","","","","",-0.6,1,-6.,1,-1.3,1,"","",-0.6,1,"","","","","","","","","","","","","","","","","","","","",67,1,"","","","","","","","","","","","",3.9,1,"","","","","","","","","","","","","","","","","","","","","","","","","","","","","","","","","","","","","","","","","","","","","","","","","","","","","","","","","","","","","","","","","","","","","","","","","","","","","","","","","","","","","","","","","","","","","","","","","","","","","","","","","","","","","","","","","","","",""
"06163007","TENDE_SAPC",44.043167,7.586,636,2000011204,0.,1,"","","","","","","","","","","","","","","","","","","","","","","","","","","","","","","","","","",-1.,1,-6.2,1,-1.3,1,"","",-0.6,1,"","","","","","","","","","","","","","","","","","","","",68,1,"","","","","","","","","","","","",3.9,1,"","","","","","","","","","","","","","","","","","","","","","","","","","","","","","","","","","","","","","","","","","","","","","","","","","","","","","","","","","","","","","","","","","","","","","","","","","","","","","","","","","","","","","","","","","","","","","","","","","","","","","","","","","","","","","","","","","","",""
"06163007","TENDE_SAPC",44.043167,7.586,636,2000011205,0.,1,"","","","","","","","","","","","","","","","","","","","","","","","","","","","","","","","","","",-1.1,1,-6.5,1,-1.2,1,"","",-0.9,1,"","","","","","","","","","","","","","","","","","","","",67,1,"","","","","","","","","","","","",3.8,1,"","","","","","","","","","","","","","","","","","","","","","","","","","","","","","","","","","","","","","","","","","","","","","","","","","","","","","","","","","","","","","","","","","","","","","","","","","","","","","","","","","","","","","","","","","","","","","","","","","","","","","","","","","","","","","","","","","","",""
"06163007","TENDE_SAPC",44.043167,7.586,636,2000011206,0.,1,"","","","","","","","","","","","","","","","","","","","","","","","","","","","","","","","","","",-1.8,1,-6.7,1,-1.8,1,"","",-1.,1,"","","","","","","","","","","","","","","","","","","","",69,1,"","","","","","","","","","","","",3.7,1,"","","","","","","","","","","","","","","","","","","","","","","","","","","","","","","","","","","","","","","","","","","","","","","","","","","","","","","","","","","","","","","","","","","","","","","","","","","","","","","","","","","","","","","","","","","","","","","","","","","","","","","","","","","","","","","","","","","",""
"06163007","TENDE_SAPC",44.043167,7.586,636,2000011207,0.,1,"","","","","","","","","","","","","","","","","","","","","","","","","","","","","","","","","","",-1.7,1,-6.3,1,-1.8,1,"","",-1.3,1,"","","","","","","","","","","","","","","","","","","","",71,1,"","","","","","","","","","","","",3.8,1,"","","","","","","","","","","","","","","","","","","","","","","","","","","","","","","","","","","","","","","","","","","","","","","","","","","","","","","","","","","","","","","","","","","","","","","","","","","","","","","","","","","","","","","","","","","","","","","","","","","","","","","","","","","","","","","","","","","",""
"06163007","TENDE_SAPC",44.043167,7.586,636,2000011208,0.,1,"","","","","","","","","","","","","","","","","","","","","","","","","","","","","","","","","","",-1.5,1,-6.3,1,-1.8,1,"","",-1.5,1,"","","","","","","","","","","","","","","","","","","","",70,1,"","","","","","","","","","","","",3.8,1,"","","","","","","","","","","","","","","","","","","","","","","","","","","","","","","","","","","","","","","","","","","","","","","","","","","","","","","","","","","","","","","","","","","","","","","","","","","","","","","","","","","","","","","","","","","","","","","","","","","","","","","","","","","","","","","","","","","",""
"06163007","TENDE_SAPC",44.043167,7.586,636,2000011209,0.,1,"","","","","","","","","","","","","","","","","","","","","","","","","","","","","","","","","","",-0.9,1,-6.3,1,-1.6,1,"","",-0.9,1,"","","","","","","","","","","","","","","","","","","","",67,1,"","","","","","","","","","","","",3.8,1,"","","","","","","","","","","","","","","","","","","","","","","","","","","","","","","","","","","","","","","","","","","","","","","","","","","","","","","","","","","","","","","","","","","","","","","","","","","","","","","","","","","","","","","","","","","","","","","","","","","","","","","","","","","","","","","","","","","",""
"06163007","TENDE_SAPC",44.043167,7.586,636,2000011210,0.,1,"","","","","","","","","","","","","","","","","","","","","","","","","","","","","","","","","","",3.6,1,-5.4,1,-0.9,1,"","",3.6,1,"","","","","","","","","","","","","","","","","","","","",52,1,"","","","","","","","","","","","",4.1,1,"","","","","","","","","","","","","","","","","","","","","","","","","","","","","","","","","","","","","","","","","","","","","","","","","","","","","","","","","","","","","","","","","","","","","","","","","","","","","","","","","","","","","","","","","","","","","","","","","","","","","","","","","","","","","","","","","","","",""
"06163007","TENDE_SAPC",44.043167,7.586,636,2000011211,0.,1,"","","","","","","","","","","","","","","","","","","","","","","","","","","","","","","","","","",8.1,1,-6.8,1,3.9,1,"","",8.1,1,"","","","","","","","","","","","","","","","","","","","",34,1,"","","","","","","","","","","","",3.7,1,"","","","","","","","","","","","","","","","","","","","","","","","","","","","","","","","","","","","","","","","","","","","","","","","","","","","","","","","","","","","","","","","","","","","","","","","","","","","","","","","","","","","","","","","","","","","","","","","","","","","","","","","","","","","","","","","","","","",""
"06163007","TENDE_SAPC",44.043167,7.586,636,2000011212,0.,1,"","","","","","","","","","","","","","","","","","","","","","","","","","","","","","","","","","",9.2,1,-9.3,1,8.1,1,"","",9.6,1,"","","","","","","","","","","","","","","","","","","","",26,1,"","","","","","","","","","","","",3.,1,"","","","","","","","","","","","","","","","","","","","","","","","","","","","","","","","","","","","","","","","","","","","","","","","","","","","","","","","","","","","","","","","","","","","","","","","","","","","","","","","","","","","","","","","","","","","","","","","","","","","","","","","","","","","","","","","","","","",""
"06163007","TENDE_SAPC",44.043167,7.586,636,2000011213,0.,1,"","","","","","","","","","","","","","","","","","","","","","","","","","","","","","","","","","",9.2,1,-9.3,1,9.2,1,"","",9.7,1,"","","","","","","","","","","","","","","","","","","","",26,1,"","","","","","","","","","","","",3.,1,"","","","","","","","","","","","","","","","","","","","","","","","","","","","","","","","","","","","","","","","","","","","","","","","","","","","","","","","","","","","","","","","","","","","","","","","","","","","","","","","","","","","","","","","","","","","","","","","","","","","","","","","","","","","","","","","","","","",""
"06163007","TENDE_SAPC",44.043167,7.586,636,2000011214,0.,1,"","","","","","","","","","","","","","","","","","","","","","","","","","","","","","","","","","",8.4,1,-3.2,1,8.4,1,"","",9.5,1,"","","","","","","","","","","","","","","","","","","","",44,1,"","","","","","","","","","","","",4.8,1,"","","","","","","","","","","","","","","","","","","","","","","","","","","","","","","","","","","","","","","","","","","","","","","","","","","","","","","","","","","","","","","","","","","","","","","","","","","","","","","","","","","","","","","","","","","","","","","","","","","","","","","","","","","","","","","","","","","",""
"06163007","TENDE_SAPC",44.043167,7.586,636,2000011215,0.,1,"","","","","","","","","","","","","","","","","","","","","","","","","","","","","","","","","","",5.7,1,-1.2,1,5.7,1,"","",8.3,1,"","","","","","","","","","","","","","","","","","","","",61,1,"","","","","","","","","","","","",5.6,1,"","","","","","","","","","","","","","","","","","","","","","","","","","","","","","","","","","","","","","","","","","","","","","","","","","","","","","","","","","","","","","","","","","","","","","","","","","","","","","","","","","","","","","","","","","","","","","","","","","","","","","","","","","","","","","","","","","","",""
"06163007","TENDE_SAPC",44.043167,7.586,636,2000011216,0.,1,"","","","","","","","","","","","","","","","","","","","","","","","","","","","","","","","","","",3.8,1,-1.6,1,3.8,1,"","",5.7,1,"","","","","","","","","","","","","","","","","","","","",68,1,"","","","","","","","","","","","",5.5,1,"","","","","","","","","","","","","","","","","","","","","","","","","","","","","","","","","","","","","","","","","","","","","","","","","","","","","","","","","","","","","","","","","","","","","","","","","","","","","","","","","","","","","","","","","","","","","","","","","","","","","","","","","","","","","","","","","","","",""
"06163007","TENDE_SAPC",44.043167,7.586,636,2000011217,0.,1,"","","","","","","","","","","","","","","","","","","","","","","","","","","","","","","","","","",1.,1,-3.5,1,1.,1,"","",3.8,1,"","","","","","","","","","","","","","","","","","","","",72,1,"","","","","","","","","","","","",4.7,1,"","","","","","","","","","","","","","","","","","","","","","","","","","","","","","","","","","","","","","","","","","","","","","","","","","","","","","","","","","","","","","","","","","","","","","","","","","","","","","","","","","","","","","","","","","","","","","","","","","","","","","","","","","","","","","","","","","","",""
"06163007","TENDE_SAPC",44.043167,7.586,636,2000011218,0.,1,"","","","","","","","","","","","","","","","","","","","","","","","","","","","","","","","","","",-0.4,1,-5.4,1,-0.4,1,"","",0.9,1,"","","","","","","","","","","","","","","","","","","","",69,1,"","","","","","","","","","","","",4.1,1,"","","","","","","","","","","","","","","","","","","","","","","","","","","","","","","","","","","","","","","","","","","","","","","","","","","","","","","","","","","","","","","","","","","","","","","","","","","","","","","","","","","","","","","","","","","","","","","","","","","","","","","","","","","","","","","","","","","",""
"06163007","TENDE_SAPC",44.043167,7.586,636,2000011219,0.,1,"","","","","","","","","","","","","","","","","","","","","","","","","","","","","","","","","","",-1.4,1,-6.,1,-1.4,1,"","",-0.4,1,"","","","","","","","","","","","","","","","","","","","",71,1,"","","","","","","","","","","","",3.9,1,"","","","","","","","","","","","","","","","","","","","","","","","","","","","","","","","","","","","","","","","","","","","","","","","","","","","","","","","","","","","","","","","","","","","","","","","","","","","","","","","","","","","","","","","","","","","","","","","","","","","","","","","","","","","","","","","","","","",""
"06163007","TENDE_SAPC",44.043167,7.586,636,2000011220,0.,1,"","","","","","","","","","","","","","","","","","","","","","","","","","","","","","","","","","",-2.,1,-6.7,1,-2.,1,"","",-1.4,1,"","","","","","","","","","","","","","","","","","","","",70,1,"","","","","","","","","","","","",3.7,1,"","","","","","","","","","","","","","","","","","","","","","","","","","","","","","","","","","","","","","","","","","","","","","","","","","","","","","","","","","","","","","","","","","","","","","","","","","","","","","","","","","","","","","","","","","","","","","","","","","","","","","","","","","","","","","","","","","","",""
"06163007","TENDE_SAPC",44.043167,7.586,636,2000011221,0.,1,"","","","","","","","","","","","","","","","","","","","","","","","","","","","","","","","","","",-2.6,1,-7.1,1,-2.6,1,"","",-2.1,1,"","","","","","","","","","","","","","","","","","","","",71,1,"","","","","","","","","","","","",3.6,1,"","","","","","","","","","","","","","","","","","","","","","","","","","","","","","","","","","","","","","","","","","","","","","","","","","","","","","","","","","","","","","","","","","","","","","","","","","","","","","","","","","","","","","","","","","","","","","","","","","","","","","","","","","","","","","","","","","","",""
"06163007","TENDE_SAPC",44.043167,7.586,636,2000011222,0.,1,"","","","","","","","","","","","","","","","","","","","","","","","","","","","","","","","","","",-2.9,1,-7.8,1,-2.9,1,"","",-2.6,1,"","","","","","","","","","","","","","","","","","","","",69,1,"","","","","","","","","","","","",3.4,1,"","","","","","","","","","","","","","","","","","","","","","","","","","","","","","","","","","","","","","","","","","","","","","","","","","","","","","","","","","","","","","","","","","","","","","","","","","","","","","","","","","","","","","","","","","","","","","","","","","","","","","","","","","","","","","","","","","","",""
"06163007","TENDE_SAPC",44.043167,7.586,636,2000011223,0.,1,"","","","","","","","","","","","","","","","","","","","","","","","","","","","","","","","","","",-3.3,1,-8.,1,-3.3,1,"","",-2.9,1,"","","","","","","","","","","","","","","","","","","","",70,1,"","","","","","","","","","","","",3.4,1,"","","","","","","","","","","","","","","","","","","","","","","","","","","","","","","","","","","","","","","","","","","","","","","","","","","","","","","","","","","","","","","","","","","","","","","","","","","","","","","","","","","","","","","","","","","","","","","","","","","","","","","","","","","","","","","","","","","",""
"06163007","TENDE_SAPC",44.043167,7.586,636,2000011300,0.,1,"","","","","","","","","","","","","","","","","","","","","","","","","","","","","","","","","","",-3.3,1,-8.4,1,-3.5,1,"","",-3.3,1,"","","","","","","","","","","","","","","","","","","","",68,1,"","","","","","","","","","","","",3.3,1,"","","","","","","","","","","","","","","","","","","","","","","","","","","","","","","","","","","","","","","","","","","","","","","","","","","","","","","","","","","","","","","","","","","","","","","","","","","","","","","","","","","","","","","","","","","","","","","","","","","","","","","","","","","","","","","","","","","",""
"06163007","TENDE_SAPC",44.043167,7.586,636,2000011301,0.,1,"","","","","","","","","","","","","","","","","","","","","","","","","","","","","","","","","","",-3.4,1,-8.7,1,-3.6,1,"","",-3.3,1,"","","","","","","","","","","","","","","","","","","","",67,1,"","","","","","","","","","","","",3.2,1,"","","","","","","","","","","","","","","","","","","","","","","","","","","","","","","","","","","","","","","","","","","","","","","","","","","","","","","","","","","","","","","","","","","","","","","","","","","","","","","","","","","","","","","","","","","","","","","","","","","","","","","","","","","","","","","","","","","",""
"06163007","TENDE_SAPC",44.043167,7.586,636,2000011302,0.,1,"","","","","","","","","","","","","","","","","","","","","","","","","","","","","","","","","","",-3.6,1,-9.,1,-3.7,1,"","",-3.4,1,"","","","","","","","","","","","","","","","","","","","",66,1,"","","","","","","","","","","","",3.1,1,"","","","","","","","","","","","","","","","","","","","","","","","","","","","","","","","","","","","","","","","","","","","","","","","","","","","","","","","","","","","","","","","","","","","","","","","","","","","","","","","","","","","","","","","","","","","","","","","","","","","","","","","","","","","","","","","","","","",""
"06163007","TENDE_SAPC",44.043167,7.586,636,2000011303,0.,1,"","","","","","","","","","","","","","","","","","","","","","","","","","","","","","","","","","",-3.9,1,-8.9,1,-3.9,1,"","",-3.5,1,"","","","","","","","","","","","","","","","","","","","",68,1,"","","","","","","","","","","","",3.1,1,"","","","","","","","","","","","","","","","","","","","","","","","","","","","","","","","","","","","","","","","","","","","","","","","","","","","","","","","","","","","","","","","","","","","","","","","","","","","","","","","","","","","","","","","","","","","","","","","","","","","","","","","","","","","","","","","","","","",""
"06163007","TENDE_SAPC",44.043167,7.586,636,2000011304,0.,1,"","","","","","","","","","","","","","","","","","","","","","","","","","","","","","","","","","",-4.2,1,-8.9,1,-4.2,1,"","",-3.9,1,"","","","","","","","","","","","","","","","","","","","",70,1,"","","","","","","","","","","","",3.1,1,"","","","","","","","","","","","","","","","","","","","","","","","","","","","","","","","","","","","","","","","","","","","","","","","","","","","","","","","","","","","","","","","","","","","","","","","","","","","","","","","","","","","","","","","","","","","","","","","","","","","","","","","","","","","","","","","","","","",""
"06163007","TENDE_SAPC",44.043167,7.586,636,2000011305,0.,1,"","","","","","","","","","","","","","","","","","","","","","","","","","","","","","","","","","",-4.4,1,-9.4,1,-4.6,1,"","",-4.2,1,"","","","","","","","","","","","","","","","","","","","",68,1,"","","","","","","","","","","","",3.,1,"","","","","","","","","","","","","","","","","","","","","","","","","","","","","","","","","","","","","","","","","","","","","","","","","","","","","","","","","","","","","","","","","","","","","","","","","","","","","","","","","","","","","","","","","","","","","","","","","","","","","","","","","","","","","","","","","","","",""
"06163007","TENDE_SAPC",44.043167,7.586,636,2000011306,0.,1,"","","","","","","","","","","","","","","","","","","","","","","","","","","","","","","","","","",-4.,1,-10.,1,-4.4,1,"","",-3.9,1,"","","","","","","","","","","","","","","","","","","","",63,1,"","","","","","","","","","","","",2.9,1,"","","","","","","","","","","","","","","","","","","","","","","","","","","","","","","","","","","","","","","","","","","","","","","","","","","","","","","","","","","","","","","","","","","","","","","","","","","","","","","","","","","","","","","","","","","","","","","","","","","","","","","","","","","","","","","","","","","",""
"06163007","TENDE_SAPC",44.043167,7.586,636,2000011307,0.,1,"","","","","","","","","","","","","","","","","","","","","","","","","","","","","","","","","","",-4.8,1,-9.6,1,-4.8,1,"","",-4.,1,"","","","","","","","","","","","","","","","","","","","",69,1,"","","","","","","","","","","","",3.,1,"","","","","","","","","","","","","","","","","","","","","","","","","","","","","","","","","","","","","","","","","","","","","","","","","","","","","","","","","","","","","","","","","","","","","","","","","","","","","","","","","","","","","","","","","","","","","","","","","","","","","","","","","","","","","","","","","","","",""
"06163007","TENDE_SAPC",44.043167,7.586,636,2000011308,0.,1,"","","","","","","","","","","","","","","","","","","","","","","","","","","","","","","","","","",-4.6,1,-9.8,1,-4.8,1,"","",-4.6,1,"","","","","","","","","","","","","","","","","","","","",67,1,"","","","","","","","","","","","",2.9,1,"","","","","","","","","","","","","","","","","","","","","","","","","","","","","","","","","","","","","","","","","","","","","","","","","","","","","","","","","","","","","","","","","","","","","","","","","","","","","","","","","","","","","","","","","","","","","","","","","","","","","","","","","","","","","","","","","","","",""
"06163007","TENDE_SAPC",44.043167,7.586,636,2000011309,0.,1,"","","","","","","","","","","","","","","","","","","","","","","","","","","","","","","","","","",-4.3,1,-9.5,1,-4.7,1,"","",-4.3,1,"","","","","","","","","","","","","","","","","","","","",67,1,"","","","","","","","","","","","",3.,1,"","","","","","","","","","","","","","","","","","","","","","","","","","","","","","","","","","","","","","","","","","","","","","","","","","","","","","","","","","","","","","","","","","","","","","","","","","","","","","","","","","","","","","","","","","","","","","","","","","","","","","","","","","","","","","","","","","","",""
"06163007","TENDE_SAPC",44.043167,7.586,636,2000011310,0.,1,"","","","","","","","","","","","","","","","","","","","","","","","","","","","","","","","","","",-4.,1,-9.2,1,-4.3,1,"","",-4.,1,"","","","","","","","","","","","","","","","","","","","",67,1,"","","","","","","","","","","","",3.,1,"","","","","","","","","","","","","","","","","","","","","","","","","","","","","","","","","","","","","","","","","","","","","","","","","","","","","","","","","","","","","","","","","","","","","","","","","","","","","","","","","","","","","","","","","","","","","","","","","","","","","","","","","","","","","","","","","","","",""
"06163007","TENDE_SAPC",44.043167,7.586,636,2000011311,0.,1,"","","","","","","","","","","","","","","","","","","","","","","","","","","","","","","","","","",2.6,1,-8.5,1,-4.,1,"","",2.6,1,"","","","","","","","","","","","","","","","","","","","",44,1,"","","","","","","","","","","","",3.2,1,"","","","","","","","","","","","","","","","","","","","","","","","","","","","","","","","","","","","","","","","","","","","","","","","","","","","","","","","","","","","","","","","","","","","","","","","","","","","","","","","","","","","","","","","","","","","","","","","","","","","","","","","","","","","","","","","","","","",""
"06163007","TENDE_SAPC",44.043167,7.586,636,2000011312,0.,1,"","","","","","","","","","","","","","","","","","","","","","","","","","","","","","","","","","",5.3,1,-6.,1,2.7,1,"","",5.3,1,"","","","","","","","","","","","","","","","","","","","",44,1,"","","","","","","","","","","","",3.9,1,"","","","","","","","","","","","","","","","","","","","","","","","","","","","","","","","","","","","","","","","","","","","","","","","","","","","","","","","","","","","","","","","","","","","","","","","","","","","","","","","","","","","","","","","","","","","","","","","","","","","","","","","","","","","","","","","","","","",""
"06163007","TENDE_SAPC",44.043167,7.586,636,2000011313,0.,1,"","","","","","","","","","","","","","","","","","","","","","","","","","","","","","","","","","",6.1,1,-5.3,1,5.2,1,"","",6.1,1,"","","","","","","","","","","","","","","","","","","","",44,1,"","","","","","","","","","","","",4.1,1,"","","","","","","","","","","","","","","","","","","","","","","","","","","","","","","","","","","","","","","","","","","","","","","","","","","","","","","","","","","","","","","","","","","","","","","","","","","","","","","","","","","","","","","","","","","","","","","","","","","","","","","","","","","","","","","","","","","",""
"06163007","TENDE_SAPC",44.043167,7.586,636,2000011314,0.,1,"","","","","","","","","","","","","","","","","","","","","","","","","","","","","","","","","","",6.2,1,-4.3,1,6.1,1,"","",6.5,1,"","","","","","","","","","","","","","","","","","","","",47,1,"","","","","","","","","","","","",4.5,1,"","","","","","","","","","","","","","","","","","","","","","","","","","","","","","","","","","","","","","","","","","","","","","","","","","","","","","","","","","","","","","","","","","","","","","","","","","","","","","","","","","","","","","","","","","","","","","","","","","","","","","","","","","","","","","","","","","","",""
"06163007","TENDE_SAPC",44.043167,7.586,636,2000011315,0.,1,"","","","","","","","","","","","","","","","","","","","","","","","","","","","","","","","","","",2.4,1,-4.4,1,2.4,1,"","",6.2,1,"","","","","","","","","","","","","","","","","","","","",61,1,"","","","","","","","","","","","",4.4,1,"","","","","","","","","","","","","","","","","","","","","","","","","","","","","","","","","","","","","","","","","","","","","","","","","","","","","","","","","","","","","","","","","","","","","","","","","","","","","","","","","","","","","","","","","","","","","","","","","","","","","","","","","","","","","","","","","","","",""
"06163007","TENDE_SAPC",44.043167,7.586,636,2000011316,0.,1,"","","","","","","","","","","","","","","","","","","","","","","","","","","","","","","","","","",0.7,1,-4.2,1,0.7,1,"","",2.3,1,"","","","","","","","","","","","","","","","","","","","",70,1,"","","","","","","","","","","","",4.5,1,"","","","","","","","","","","","","","","","","","","","","","","","","","","","","","","","","","","","","","","","","","","","","","","","","","","","","","","","","","","","","","","","","","","","","","","","","","","","","","","","","","","","","","","","","","","","","","","","","","","","","","","","","","","","","","","","","","","",""
"06163007","TENDE_SAPC",44.043167,7.586,636,2000011317,0.,1,"","","","","","","","","","","","","","","","","","","","","","","","","","","","","","","","","","",-0.9,1,-4.4,1,-0.9,1,"","",0.7,1,"","","","","","","","","","","","","","","","","","","","",77,1,"","","","","","","","","","","","",4.4,1,"","","","","","","","","","","","","","","","","","","","","","","","","","","","","","","","","","","","","","","","","","","","","","","","","","","","","","","","","","","","","","","","","","","","","","","","","","","","","","","","","","","","","","","","","","","","","","","","","","","","","","","","","","","","","","","","","","","",""
"06163007","TENDE_SAPC",44.043167,7.586,636,2000011318,0.,1,"","","","","","","","","","","","","","","","","","","","","","","","","","","","","","","","","","",-1.5,1,-5.,1,-1.5,1,"","",-0.9,1,"","","","","","","","","","","","","","","","","","","","",77,1,"","","","","","","","","","","","",4.2,1,"","","","","","","","","","","","","","","","","","","","","","","","","","","","","","","","","","","","","","","","","","","","","","","","","","","","","","","","","","","","","","","","","","","","","","","","","","","","","","","","","","","","","","","","","","","","","","","","","","","","","","","","","","","","","","","","","","","",""
"06163007","TENDE_SAPC",44.043167,7.586,636,2000011319,0.,1,"","","","","","","","","","","","","","","","","","","","","","","","","","","","","","","","","","",-1.6,1,-4.9,1,-1.7,1,"","",-1.5,1,"","","","","","","","","","","","","","","","","","","","",78,1,"","","","","","","","","","","","",4.2,1,"","","","","","","","","","","","","","","","","","","","","","","","","","","","","","","","","","","","","","","","","","","","","","","","","","","","","","","","","","","","","","","","","","","","","","","","","","","","","","","","","","","","","","","","","","","","","","","","","","","","","","","","","","","","","","","","","","","",""
"06163007","TENDE_SAPC",44.043167,7.586,636,2000011320,0.,1,"","","","","","","","","","","","","","","","","","","","","","","","","","","","","","","","","","",-1.9,1,-5.4,1,-1.9,1,"","",-1.6,1,"","","","","","","","","","","","","","","","","","","","",77,1,"","","","","","","","","","","","",4.1,1,"","","","","","","","","","","","","","","","","","","","","","","","","","","","","","","","","","","","","","","","","","","","","","","","","","","","","","","","","","","","","","","","","","","","","","","","","","","","","","","","","","","","","","","","","","","","","","","","","","","","","","","","","","","","","","","","","","","",""
"06163007","TENDE_SAPC",44.043167,7.586,636,2000011321,0.,1,"","","","","","","","","","","","","","","","","","","","","","","","","","","","","","","","","","",-2.1,1,-5.4,1,-2.1,1,"","",-1.8,1,"","","","","","","","","","","","","","","","","","","","",78,1,"","","","","","","","","","","","",4.1,1,"","","","","","","","","","","","","","","","","","","","","","","","","","","","","","","","","","","","","","","","","","","","","","","","","","","","","","","","","","","","","","","","","","","","","","","","","","","","","","","","","","","","","","","","","","","","","","","","","","","","","","","","","","","","","","","","","","","",""
"06163007","TENDE_SAPC",44.043167,7.586,636,2000011322,0.,1,"","","","","","","","","","","","","","","","","","","","","","","","","","","","","","","","","","",-2.4,1,-6.1,1,-2.4,1,"","",-2.,1,"","","","","","","","","","","","","","","","","","","","",76,1,"","","","","","","","","","","","",3.9,1,"","","","","","","","","","","","","","","","","","","","","","","","","","","","","","","","","","","","","","","","","","","","","","","","","","","","","","","","","","","","","","","","","","","","","","","","","","","","","","","","","","","","","","","","","","","","","","","","","","","","","","","","","","","","","","","","","","","",""
"06163007","TENDE_SAPC",44.043167,7.586,636,2000011323,0.,1,"","","","","","","","","","","","","","","","","","","","","","","","","","","","","","","","","","",-2.7,1,-6.2,1,-2.7,1,"","",-2.4,1,"","","","","","","","","","","","","","","","","","","","",77,1,"","","","","","","","","","","","",3.9,1,"","","","","","","","","","","","","","","","","","","","","","","","","","","","","","","","","","","","","","","","","","","","","","","","","","","","","","","","","","","","","","","","","","","","","","","","","","","","","","","","","","","","","","","","","","","","","","","","","","","","","","","","","","","","","","","","","","","",""
"06163007","TENDE_SAPC",44.043167,7.586,636,2000011400,0.,1,"","","","","","","","","","","","","","","","","","","","","","","","","","","","","","","","","","",-2.8,1,-6.4,1,-2.9,1,"","",-2.7,1,"","","","","","","","","","","","","","","","","","","","",76,1,"","","","","","","","","","","","",3.8,1,"","","","","","","","","","","","","","","","","","","","","","","","","","","","","","","","","","","","","","","","","","","","","","","","","","","","","","","","","","","","","","","","","","","","","","","","","","","","","","","","","","","","","","","","","","","","","","","","","","","","","","","","","","","","","","","","","","","",""
"06163007","TENDE_SAPC",44.043167,7.586,636,2000011401,0.,1,"","","","","","","","","","","","","","","","","","","","","","","","","","","","","","","","","","",-2.8,1,-6.8,1,-3.,1,"","",-2.7,1,"","","","","","","","","","","","","","","","","","","","",74,1,"","","","","","","","","","","","",3.7,1,"","","","","","","","","","","","","","","","","","","","","","","","","","","","","","","","","","","","","","","","","","","","","","","","","","","","","","","","","","","","","","","","","","","","","","","","","","","","","","","","","","","","","","","","","","","","","","","","","","","","","","","","","","","","","","","","","","","",""
"06163007","TENDE_SAPC",44.043167,7.586,636,2000011402,0.,1,"","","","","","","","","","","","","","","","","","","","","","","","","","","","","","","","","","",-3.1,1,-6.9,1,-3.2,1,"","",-2.9,1,"","","","","","","","","","","","","","","","","","","","",75,1,"","","","","","","","","","","","",3.7,1,"","","","","","","","","","","","","","","","","","","","","","","","","","","","","","","","","","","","","","","","","","","","","","","","","","","","","","","","","","","","","","","","","","","","","","","","","","","","","","","","","","","","","","","","","","","","","","","","","","","","","","","","","","","","","","","","","","","",""
"06163007","TENDE_SAPC",44.043167,7.586,636,2000011403,0.,1,"","","","","","","","","","","","","","","","","","","","","","","","","","","","","","","","","","",-3.3,1,-7.1,1,-3.3,1,"","",-3.,1,"","","","","","","","","","","","","","","","","","","","",75,1,"","","","","","","","","","","","",3.6,1,"","","","","","","","","","","","","","","","","","","","","","","","","","","","","","","","","","","","","","","","","","","","","","","","","","","","","","","","","","","","","","","","","","","","","","","","","","","","","","","","","","","","","","","","","","","","","","","","","","","","","","","","","","","","","","","","","","","",""
"06163007","TENDE_SAPC",44.043167,7.586,636,2000011404,0.,1,"","","","","","","","","","","","","","","","","","","","","","","","","","","","","","","","","","",-3.,1,-7.,1,-3.4,1,"","",-3.,1,"","","","","","","","","","","","","","","","","","","","",74,1,"","","","","","","","","","","","",3.6,1,"","","","","","","","","","","","","","","","","","","","","","","","","","","","","","","","","","","","","","","","","","","","","","","","","","","","","","","","","","","","","","","","","","","","","","","","","","","","","","","","","","","","","","","","","","","","","","","","","","","","","","","","","","","","","","","","","","","",""
"06163007","TENDE_SAPC",44.043167,7.586,636,2000011405,0.,1,"","","","","","","","","","","","","","","","","","","","","","","","","","","","","","","","","","",-3.3,1,-7.1,1,-3.4,1,"","",-3.,1,"","","","","","","","","","","","","","","","","","","","",75,1,"","","","","","","","","","","","",3.6,1,"","","","","","","","","","","","","","","","","","","","","","","","","","","","","","","","","","","","","","","","","","","","","","","","","","","","","","","","","","","","","","","","","","","","","","","","","","","","","","","","","","","","","","","","","","","","","","","","","","","","","","","","","","","","","","","","","","","",""
"06163007","TENDE_SAPC",44.043167,7.586,636,2000011406,0.,1,"","","","","","","","","","","","","","","","","","","","","","","","","","","","","","","","","","",-3.2,1,-7.2,1,-3.4,1,"","",-3.1,1,"","","","","","","","","","","","","","","","","","","","",74,1,"","","","","","","","","","","","",3.6,1,"","","","","","","","","","","","","","","","","","","","","","","","","","","","","","","","","","","","","","","","","","","","","","","","","","","","","","","","","","","","","","","","","","","","","","","","","","","","","","","","","","","","","","","","","","","","","","","","","","","","","","","","","","","","","","","","","","","",""
"06163007","TENDE_SAPC",44.043167,7.586,636,2000011407,0.,1,"","","","","","","","","","","","","","","","","","","","","","","","","","","","","","","","","","",-3.1,1,-7.6,1,-3.3,1,"","",-2.9,1,"","","","","","","","","","","","","","","","","","","","",71,1,"","","","","","","","","","","","",3.5,1,"","","","","","","","","","","","","","","","","","","","","","","","","","","","","","","","","","","","","","","","","","","","","","","","","","","","","","","","","","","","","","","","","","","","","","","","","","","","","","","","","","","","","","","","","","","","","","","","","","","","","","","","","","","","","","","","","","","",""
"06163007","TENDE_SAPC",44.043167,7.586,636,2000011408,0.,1,"","","","","","","","","","","","","","","","","","","","","","","","","","","","","","","","","","",-0.8,1,-7.6,1,-3.1,1,"","",-0.8,1,"","","","","","","","","","","","","","","","","","","","",60,1,"","","","","","","","","","","","",3.5,1,"","","","","","","","","","","","","","","","","","","","","","","","","","","","","","","","","","","","","","","","","","","","","","","","","","","","","","","","","","","","","","","","","","","","","","","","","","","","","","","","","","","","","","","","","","","","","","","","","","","","","","","","","","","","","","","","","","","",""
"06163007","TENDE_SAPC",44.043167,7.586,636,2000011409,0.,1,"","","","","","","","","","","","","","","","","","","","","","","","","","","","","","","","","","",3.7,1,-8.4,1,-0.7,1,"","",4.1,1,"","","","","","","","","","","","","","","","","","","","",41,1,"","","","","","","","","","","","",3.3,1,"","","","","","","","","","","","","","","","","","","","","","","","","","","","","","","","","","","","","","","","","","","","","","","","","","","","","","","","","","","","","","","","","","","","","","","","","","","","","","","","","","","","","","","","","","","","","","","","","","","","","","","","","","","","","","","","","","","",""
"06163007","TENDE_SAPC",44.043167,7.586,636,2000011410,0.,1,"","","","","","","","","","","","","","","","","","","","","","","","","","","","","","","","","","",4.5,1,-7.,1,3.7,1,"","",4.5,1,"","","","","","","","","","","","","","","","","","","","",43,1,"","","","","","","","","","","","",3.6,1,"","","","","","","","","","","","","","","","","","","","","","","","","","","","","","","","","","","","","","","","","","","","","","","","","","","","","","","","","","","","","","","","","","","","","","","","","","","","","","","","","","","","","","","","","","","","","","","","","","","","","","","","","","","","","","","","","","","",""
"06163007","TENDE_SAPC",44.043167,7.586,636,2000011411,0.,1,"","","","","","","","","","","","","","","","","","","","","","","","","","","","","","","","","","",3.5,1,-4.7,1,3.5,1,"","",4.5,1,"","","","","","","","","","","","","","","","","","","","",55,1,"","","","","","","","","","","","",4.3,1,"","","","","","","","","","","","","","","","","","","","","","","","","","","","","","","","","","","","","","","","","","","","","","","","","","","","","","","","","","","","","","","","","","","","","","","","","","","","","","","","","","","","","","","","","","","","","","","","","","","","","","","","","","","","","","","","","","","",""
"06163007","TENDE_SAPC",44.043167,7.586,636,2000011412,0.,1,"","","","","","","","","","","","","","","","","","","","","","","","","","","","","","","","","","",3.2,1,-4.3,1,2.9,1,"","",3.6,1,"","","","","","","","","","","","","","","","","","","","",58,1,"","","","","","","","","","","","",4.5,1,"","","","","","","","","","","","","","","","","","","","","","","","","","","","","","","","","","","","","","","","","","","","","","","","","","","","","","","","","","","","","","","","","","","","","","","","","","","","","","","","","","","","","","","","","","","","","","","","","","","","","","","","","","","","","","","","","","","",""
"06163007","TENDE_SAPC",44.043167,7.586,636,2000011413,0.,1,"","","","","","","","","","","","","","","","","","","","","","","","","","","","","","","","","","",2.7,1,-4.5,1,1.6,1,"","",3.2,1,"","","","","","","","","","","","","","","","","","","","",59,1,"","","","","","","","","","","","",4.4,1,"","","","","","","","","","","","","","","","","","","","","","","","","","","","","","","","","","","","","","","","","","","","","","","","","","","","","","","","","","","","","","","","","","","","","","","","","","","","","","","","","","","","","","","","","","","","","","","","","","","","","","","","","","","","","","","","","","","",""
"06163007","TENDE_SAPC",44.043167,7.586,636,2000011414,0.2,1,"","","","","","","","","","","","","","","","","","","","","","","","","","","","","","","","","","",2.2,1,-3.7,1,2.1,1,"","",3.2,1,"","","","","","","","","","","","","","","","","","","","",65,1,"","","","","","","","","","","","",4.7,1,"","","","","","","","","","","","","","","","","","","","","","","","","","","","","","","","","","","","","","","","","","","","","","","","","","","","","","","","","","","","","","","","","","","","","","","","","","","","","","","","","","","","","","","","","","","","","","","","","","","","","","","","","","","","","","","","","","","",""
"06163007","TENDE_SAPC",44.043167,7.586,636,2000011415,0.,1,"","","","","","","","","","","","","","","","","","","","","","","","","","","","","","","","","","",3.4,1,-4.3,1,2.3,1,"","",3.5,1,"","","","","","","","","","","","","","","","","","","","",57,1,"","","","","","","","","","","","",4.4,1,"","","","","","","","","","","","","","","","","","","","","","","","","","","","","","","","","","","","","","","","","","","","","","","","","","","","","","","","","","","","","","","","","","","","","","","","","","","","","","","","","","","","","","","","","","","","","","","","","","","","","","","","","","","","","","","","","","","",""
"06163007","TENDE_SAPC",44.043167,7.586,636,2000011416,0.,1,"","","","","","","","","","","","","","","","","","","","","","","","","","","","","","","","","","",2.9,1,-3.9,1,2.9,1,"","",3.4,1,"","","","","","","","","","","","","","","","","","","","",61,1,"","","","","","","","","","","","",4.6,1,"","","","","","","","","","","","","","","","","","","","","","","","","","","","","","","","","","","","","","","","","","","","","","","","","","","","","","","","","","","","","","","","","","","","","","","","","","","","","","","","","","","","","","","","","","","","","","","","","","","","","","","","","","","","","","","","","","","",""
"06163007","TENDE_SAPC",44.043167,7.586,636,2000011417,0.,1,"","","","","","","","","","","","","","","","","","","","","","","","","","","","","","","","","","",3.1,1,-3.7,1,2.7,1,"","",3.1,1,"","","","","","","","","","","","","","","","","","","","",61,1,"","","","","","","","","","","","",4.7,1,"","","","","","","","","","","","","","","","","","","","","","","","","","","","","","","","","","","","","","","","","","","","","","","","","","","","","","","","","","","","","","","","","","","","","","","","","","","","","","","","","","","","","","","","","","","","","","","","","","","","","","","","","","","","","","","","","","","",""
"06163007","TENDE_SAPC",44.043167,7.586,636,2000011418,0.,1,"","","","","","","","","","","","","","","","","","","","","","","","","","","","","","","","","","",4.,1,-4.2,1,3.1,1,"","",4.1,1,"","","","","","","","","","","","","","","","","","","","",55,1,"","","","","","","","","","","","",4.5,1,"","","","","","","","","","","","","","","","","","","","","","","","","","","","","","","","","","","","","","","","","","","","","","","","","","","","","","","","","","","","","","","","","","","","","","","","","","","","","","","","","","","","","","","","","","","","","","","","","","","","","","","","","","","","","","","","","","","",""
"06163007","TENDE_SAPC",44.043167,7.586,636,2000011419,0.,1,"","","","","","","","","","","","","","","","","","","","","","","","","","","","","","","","","","",4.2,1,-4.3,1,3.9,1,"","",4.6,1,"","","","","","","","","","","","","","","","","","","","",54,1,"","","","","","","","","","","","",4.5,1,"","","","","","","","","","","","","","","","","","","","","","","","","","","","","","","","","","","","","","","","","","","","","","","","","","","","","","","","","","","","","","","","","","","","","","","","","","","","","","","","","","","","","","","","","","","","","","","","","","","","","","","","","","","","","","","","","","","",""
"06163007","TENDE_SAPC",44.043167,7.586,636,2000011420,0.,1,"","","","","","","","","","","","","","","","","","","","","","","","","","","","","","","","","","",4.2,1,-4.5,1,2.9,1,"","",4.2,1,"","","","","","","","","","","","","","","","","","","","",53,1,"","","","","","","","","","","","",4.4,1,"","","","","","","","","","","","","","","","","","","","","","","","","","","","","","","","","","","","","","","","","","","","","","","","","","","","","","","","","","","","","","","","","","","","","","","","","","","","","","","","","","","","","","","","","","","","","","","","","","","","","","","","","","","","","","","","","","","",""
"06163007","TENDE_SAPC",44.043167,7.586,636,2000011421,0.,1,"","","","","","","","","","","","","","","","","","","","","","","","","","","","","","","","","","",4.6,1,-4.7,1,4.2,1,"","",4.7,1,"","","","","","","","","","","","","","","","","","","","",51,1,"","","","","","","","","","","","",4.3,1,"","","","","","","","","","","","","","","","","","","","","","","","","","","","","","","","","","","","","","","","","","","","","","","","","","","","","","","","","","","","","","","","","","","","","","","","","","","","","","","","","","","","","","","","","","","","","","","","","","","","","","","","","","","","","","","","","","","",""
"06163007","TENDE_SAPC",44.043167,7.586,636,2000011422,0.,1,"","","","","","","","","","","","","","","","","","","","","","","","","","","","","","","","","","",4.6,1,-4.7,1,4.5,1,"","",4.6,1,"","","","","","","","","","","","","","","","","","","","",51,1,"","","","","","","","","","","","",4.3,1,"","","","","","","","","","","","","","","","","","","","","","","","","","","","","","","","","","","","","","","","","","","","","","","","","","","","","","","","","","","","","","","","","","","","","","","","","","","","","","","","","","","","","","","","","","","","","","","","","","","","","","","","","","","","","","","","","","","",""
"06163007","TENDE_SAPC",44.043167,7.586,636,2000011423,0.,1,"","","","","","","","","","","","","","","","","","","","","","","","","","","","","","","","","","",4.6,1,-4.4,1,4.5,1,"","",4.6,1,"","","","","","","","","","","","","","","","","","","","",52,1,"","","","","","","","","","","","",4.4,1,"","","","","","","","","","","","","","","","","","","","","","","","","","","","","","","","","","","","","","","","","","","","","","","","","","","","","","","","","","","","","","","","","","","","","","","","","","","","","","","","","","","","","","","","","","","","","","","","","","","","","","","","","","","","","","","","","","","",""
"06163007","TENDE_SAPC",44.043167,7.586,636,2000011500,0.,1,"","","","","","","","","","","","","","","","","","","","","","","","","","","","","","","","","","",4.9,1,-4.4,1,4.5,1,"","",4.9,1,"","","","","","","","","","","","","","","","","","","","",51,1,"","","","","","","","","","","","",4.4,1,"","","","","","","","","","","","","","","","","","","","","","","","","","","","","","","","","","","","","","","","","","","","","","","","","","","","","","","","","","","","","","","","","","","","","","","","","","","","","","","","","","","","","","","","","","","","","","","","","","","","","","","","","","","","","","","","","","","",""
"06163007","TENDE_SAPC",44.043167,7.586,636,2000011501,0.,1,"","","","","","","","","","","","","","","","","","","","","","","","","","","","","","","","","","",5.,1,-4.1,1,4.8,1,"","",5.,1,"","","","","","","","","","","","","","","","","","","","",52,1,"","","","","","","","","","","","",4.5,1,"","","","","","","","","","","","","","","","","","","","","","","","","","","","","","","","","","","","","","","","","","","","","","","","","","","","","","","","","","","","","","","","","","","","","","","","","","","","","","","","","","","","","","","","","","","","","","","","","","","","","","","","","","","","","","","","","","","",""
"06163007","TENDE_SAPC",44.043167,7.586,636,2000011502,0.,1,"","","","","","","","","","","","","","","","","","","","","","","","","","","","","","","","","","",5.1,1,-3.2,1,4.5,1,"","",5.1,1,"","","","","","","","","","","","","","","","","","","","",55,1,"","","","","","","","","","","","",4.8,1,"","","","","","","","","","","","","","","","","","","","","","","","","","","","","","","","","","","","","","","","","","","","","","","","","","","","","","","","","","","","","","","","","","","","","","","","","","","","","","","","","","","","","","","","","","","","","","","","","","","","","","","","","","","","","","","","","","","",""
"06163007","TENDE_SAPC",44.043167,7.586,636,2000011503,0.,1,"","","","","","","","","","","","","","","","","","","","","","","","","","","","","","","","","","",6.,1,-3.4,1,4.7,1,"","",6.,1,"","","","","","","","","","","","","","","","","","","","",51,1,"","","","","","","","","","","","",4.8,1,"","","","","","","","","","","","","","","","","","","","","","","","","","","","","","","","","","","","","","","","","","","","","","","","","","","","","","","","","","","","","","","","","","","","","","","","","","","","","","","","","","","","","","","","","","","","","","","","","","","","","","","","","","","","","","","","","","","",""
"06163007","TENDE_SAPC",44.043167,7.586,636,2000011504,0.,1,"","","","","","","","","","","","","","","","","","","","","","","","","","","","","","","","","","",6.1,1,-3.,1,5.9,1,"","",6.3,1,"","","","","","","","","","","","","","","","","","","","",52,1,"","","","","","","","","","","","",4.9,1,"","","","","","","","","","","","","","","","","","","","","","","","","","","","","","","","","","","","","","","","","","","","","","","","","","","","","","","","","","","","","","","","","","","","","","","","","","","","","","","","","","","","","","","","","","","","","","","","","","","","","","","","","","","","","","","","","","","",""
"06163007","TENDE_SAPC",44.043167,7.586,636,2000011505,0.,1,"","","","","","","","","","","","","","","","","","","","","","","","","","","","","","","","","","",5.4,1,-2.,1,5.4,1,"","",6.3,1,"","","","","","","","","","","","","","","","","","","","",59,1,"","","","","","","","","","","","",5.3,1,"","","","","","","","","","","","","","","","","","","","","","","","","","","","","","","","","","","","","","","","","","","","","","","","","","","","","","","","","","","","","","","","","","","","","","","","","","","","","","","","","","","","","","","","","","","","","","","","","","","","","","","","","","","","","","","","","","","",""
"06163007","TENDE_SAPC",44.043167,7.586,636,2000011506,0.,1,"","","","","","","","","","","","","","","","","","","","","","","","","","","","","","","","","","",6.6,1,-3.1,1,5.5,1,"","",6.6,1,"","","","","","","","","","","","","","","","","","","","",50,1,"","","","","","","","","","","","",4.9,1,"","","","","","","","","","","","","","","","","","","","","","","","","","","","","","","","","","","","","","","","","","","","","","","","","","","","","","","","","","","","","","","","","","","","","","","","","","","","","","","","","","","","","","","","","","","","","","","","","","","","","","","","","","","","","","","","","","","",""
"06163007","TENDE_SAPC",44.043167,7.586,636,2000011507,0.,1,"","","","","","","","","","","","","","","","","","","","","","","","","","","","","","","","","","",6.6,1,-2.6,1,6.5,1,"","",6.8,1,"","","","","","","","","","","","","","","","","","","","",52,1,"","","","","","","","","","","","",5.1,1,"","","","","","","","","","","","","","","","","","","","","","","","","","","","","","","","","","","","","","","","","","","","","","","","","","","","","","","","","","","","","","","","","","","","","","","","","","","","","","","","","","","","","","","","","","","","","","","","","","","","","","","","","","","","","","","","","","","",""
"06163007","TENDE_SAPC",44.043167,7.586,636,2000011508,0.,1,"","","","","","","","","","","","","","","","","","","","","","","","","","","","","","","","","","",6.7,1,-2.5,1,6.5,1,"","",6.8,1,"","","","","","","","","","","","","","","","","","","","",52,1,"","","","","","","","","","","","",5.1,1,"","","","","","","","","","","","","","","","","","","","","","","","","","","","","","","","","","","","","","","","","","","","","","","","","","","","","","","","","","","","","","","","","","","","","","","","","","","","","","","","","","","","","","","","","","","","","","","","","","","","","","","","","","","","","","","","","","","",""
"06163007","TENDE_SAPC",44.043167,7.586,636,2000011509,0.,1,"","","","","","","","","","","","","","","","","","","","","","","","","","","","","","","","","","",7.,1,-2.5,1,6.4,1,"","",7.,1,"","","","","","","","","","","","","","","","","","","","",51,1,"","","","","","","","","","","","",5.1,1,"","","","","","","","","","","","","","","","","","","","","","","","","","","","","","","","","","","","","","","","","","","","","","","","","","","","","","","","","","","","","","","","","","","","","","","","","","","","","","","","","","","","","","","","","","","","","","","","","","","","","","","","","","","","","","","","","","","",""
"06163007","TENDE_SAPC",44.043167,7.586,636,2000011510,0.,1,"","","","","","","","","","","","","","","","","","","","","","","","","","","","","","","","","","",7.,1,-1.7,1,6.7,1,"","",7.1,1,"","","","","","","","","","","","","","","","","","","","",54,1,"","","","","","","","","","","","",5.4,1,"","","","","","","","","","","","","","","","","","","","","","","","","","","","","","","","","","","","","","","","","","","","","","","","","","","","","","","","","","","","","","","","","","","","","","","","","","","","","","","","","","","","","","","","","","","","","","","","","","","","","","","","","","","","","","","","","","","",""
"06163007","TENDE_SAPC",44.043167,7.586,636,2000011511,0.,1,"","","","","","","","","","","","","","","","","","","","","","","","","","","","","","","","","","",8.5,1,-1.9,1,7.,1,"","",8.5,1,"","","","","","","","","","","","","","","","","","","","",48,1,"","","","","","","","","","","","",5.3,1,"","","","","","","","","","","","","","","","","","","","","","","","","","","","","","","","","","","","","","","","","","","","","","","","","","","","","","","","","","","","","","","","","","","","","","","","","","","","","","","","","","","","","","","","","","","","","","","","","","","","","","","","","","","","","","","","","","","",""
"06163007","TENDE_SAPC",44.043167,7.586,636,2000011512,0.,1,"","","","","","","","","","","","","","","","","","","","","","","","","","","","","","","","","","",8.8,1,-1.6,1,8.5,1,"","",8.8,1,"","","","","","","","","","","","","","","","","","","","",48,1,"","","","","","","","","","","","",5.4,1,"","","","","","","","","","","","","","","","","","","","","","","","","","","","","","","","","","","","","","","","","","","","","","","","","","","","","","","","","","","","","","","","","","","","","","","","","","","","","","","","","","","","","","","","","","","","","","","","","","","","","","","","","","","","","","","","","","","",""
"06163007","TENDE_SAPC",44.043167,7.586,636,2000011513,0.,1,"","","","","","","","","","","","","","","","","","","","","","","","","","","","","","","","","","",9.,1,-1.7,1,8.7,1,"","",9.1,1,"","","","","","","","","","","","","","","","","","","","",47,1,"","","","","","","","","","","","",5.4,1,"","","","","","","","","","","","","","","","","","","","","","","","","","","","","","","","","","","","","","","","","","","","","","","","","","","","","","","","","","","","","","","","","","","","","","","","","","","","","","","","","","","","","","","","","","","","","","","","","","","","","","","","","","","","","","","","","","","",""
"06163007","TENDE_SAPC",44.043167,7.586,636,2000011514,0.,1,"","","","","","","","","","","","","","","","","","","","","","","","","","","","","","","","","","",9.2,1,-1.5,1,9.,1,"","",9.4,1,"","","","","","","","","","","","","","","","","","","","",47,1,"","","","","","","","","","","","",5.5,1,"","","","","","","","","","","","","","","","","","","","","","","","","","","","","","","","","","","","","","","","","","","","","","","","","","","","","","","","","","","","","","","","","","","","","","","","","","","","","","","","","","","","","","","","","","","","","","","","","","","","","","","","","","","","","","","","","","","",""
"06163007","TENDE_SAPC",44.043167,7.586,636,2000011515,0.,1,"","","","","","","","","","","","","","","","","","","","","","","","","","","","","","","","","","",8.3,1,-1.3,1,8.2,1,"","",9.2,1,"","","","","","","","","","","","","","","","","","","","",51,1,"","","","","","","","","","","","",5.6,1,"","","","","","","","","","","","","","","","","","","","","","","","","","","","","","","","","","","","","","","","","","","","","","","","","","","","","","","","","","","","","","","","","","","","","","","","","","","","","","","","","","","","","","","","","","","","","","","","","","","","","","","","","","","","","","","","","","","",""
"06163007","TENDE_SAPC",44.043167,7.586,636,2000011516,0.,1,"","","","","","","","","","","","","","","","","","","","","","","","","","","","","","","","","","",6.7,1,-0.1,1,6.7,1,"","",8.4,1,"","","","","","","","","","","","","","","","","","","","",62,1,"","","","","","","","","","","","",6.1,1,"","","","","","","","","","","","","","","","","","","","","","","","","","","","","","","","","","","","","","","","","","","","","","","","","","","","","","","","","","","","","","","","","","","","","","","","","","","","","","","","","","","","","","","","","","","","","","","","","","","","","","","","","","","","","","","","","","","",""
"06163007","TENDE_SAPC",44.043167,7.586,636,2000011517,0.,1,"","","","","","","","","","","","","","","","","","","","","","","","","","","","","","","","","","",3.9,1,-0.7,1,3.9,1,"","",6.6,1,"","","","","","","","","","","","","","","","","","","","",72,1,"","","","","","","","","","","","",5.8,1,"","","","","","","","","","","","","","","","","","","","","","","","","","","","","","","","","","","","","","","","","","","","","","","","","","","","","","","","","","","","","","","","","","","","","","","","","","","","","","","","","","","","","","","","","","","","","","","","","","","","","","","","","","","","","","","","","","","",""
"06163007","TENDE_SAPC",44.043167,7.586,636,2000011518,0.,1,"","","","","","","","","","","","","","","","","","","","","","","","","","","","","","","","","","",3.,1,-1.,1,3.,1,"","",3.9,1,"","","","","","","","","","","","","","","","","","","","",75,1,"","","","","","","","","","","","",5.7,1,"","","","","","","","","","","","","","","","","","","","","","","","","","","","","","","","","","","","","","","","","","","","","","","","","","","","","","","","","","","","","","","","","","","","","","","","","","","","","","","","","","","","","","","","","","","","","","","","","","","","","","","","","","","","","","","","","","","",""
"06163007","TENDE_SAPC",44.043167,7.586,636,2000011519,0.,1,"","","","","","","","","","","","","","","","","","","","","","","","","","","","","","","","","","",3.2,1,-1.2,1,2.6,1,"","",3.2,1,"","","","","","","","","","","","","","","","","","","","",73,1,"","","","","","","","","","","","",5.6,1,"","","","","","","","","","","","","","","","","","","","","","","","","","","","","","","","","","","","","","","","","","","","","","","","","","","","","","","","","","","","","","","","","","","","","","","","","","","","","","","","","","","","","","","","","","","","","","","","","","","","","","","","","","","","","","","","","","","",""
"06163007","TENDE_SAPC",44.043167,7.586,636,2000011520,0.,1,"","","","","","","","","","","","","","","","","","","","","","","","","","","","","","","","","","",2.8,1,-1.4,1,2.8,1,"","",3.2,1,"","","","","","","","","","","","","","","","","","","","",74,1,"","","","","","","","","","","","",5.5,1,"","","","","","","","","","","","","","","","","","","","","","","","","","","","","","","","","","","","","","","","","","","","","","","","","","","","","","","","","","","","","","","","","","","","","","","","","","","","","","","","","","","","","","","","","","","","","","","","","","","","","","","","","","","","","","","","","","","",""
"06163007","TENDE_SAPC",44.043167,7.586,636,2000011521,0.,1,"","","","","","","","","","","","","","","","","","","","","","","","","","","","","","","","","","",1.9,1,-1.7,1,1.9,1,"","",2.7,1,"","","","","","","","","","","","","","","","","","","","",77,1,"","","","","","","","","","","","",5.4,1,"","","","","","","","","","","","","","","","","","","","","","","","","","","","","","","","","","","","","","","","","","","","","","","","","","","","","","","","","","","","","","","","","","","","","","","","","","","","","","","","","","","","","","","","","","","","","","","","","","","","","","","","","","","","","","","","","","","",""
"06163007","TENDE_SAPC",44.043167,7.586,636,2000011522,0.,1,"","","","","","","","","","","","","","","","","","","","","","","","","","","","","","","","","","",1.4,1,-2.2,1,1.4,1,"","",1.9,1,"","","","","","","","","","","","","","","","","","","","",77,1,"","","","","","","","","","","","",5.2,1,"","","","","","","","","","","","","","","","","","","","","","","","","","","","","","","","","","","","","","","","","","","","","","","","","","","","","","","","","","","","","","","","","","","","","","","","","","","","","","","","","","","","","","","","","","","","","","","","","","","","","","","","","","","","","","","","","","","",""
"06163007","TENDE_SAPC",44.043167,7.586,636,2000011523,0.,1,"","","","","","","","","","","","","","","","","","","","","","","","","","","","","","","","","","",0.6,1,-2.8,1,0.6,1,"","",1.3,1,"","","","","","","","","","","","","","","","","","","","",78,1,"","","","","","","","","","","","",5.,1,"","","","","","","","","","","","","","","","","","","","","","","","","","","","","","","","","","","","","","","","","","","","","","","","","","","","","","","","","","","","","","","","","","","","","","","","","","","","","","","","","","","","","","","","","","","","","","","","","","","","","","","","","","","","","","","","","","","",""
"06163007","TENDE_SAPC",44.043167,7.586,636,2000011600,0.,1,"","","","","","","","","","","","","","","","","","","","","","","","","","","","","","","","","","",-0.3,1,-3.2,1,-0.3,1,"","",0.5,1,"","","","","","","","","","","","","","","","","","","","",81,1,"","","","","","","","","","","","",4.8,1,"","","","","","","","","","","","","","","","","","","","","","","","","","","","","","","","","","","","","","","","","","","","","","","","","","","","","","","","","","","","","","","","","","","","","","","","","","","","","","","","","","","","","","","","","","","","","","","","","","","","","","","","","","","","","","","","","","","",""
"06163007","TENDE_SAPC",44.043167,7.586,636,2000011601,0.,1,"","","","","","","","","","","","","","","","","","","","","","","","","","","","","","","","","","",-0.8,1,-3.3,1,-0.8,1,"","",-0.3,1,"","","","","","","","","","","","","","","","","","","","",83,1,"","","","","","","","","","","","",4.8,1,"","","","","","","","","","","","","","","","","","","","","","","","","","","","","","","","","","","","","","","","","","","","","","","","","","","","","","","","","","","","","","","","","","","","","","","","","","","","","","","","","","","","","","","","","","","","","","","","","","","","","","","","","","","","","","","","","","","",""
"06163007","TENDE_SAPC",44.043167,7.586,636,2000011602,0.,1,"","","","","","","","","","","","","","","","","","","","","","","","","","","","","","","","","","",-0.9,1,-3.6,1,-0.9,1,"","",-0.6,1,"","","","","","","","","","","","","","","","","","","","",82,1,"","","","","","","","","","","","",4.7,1,"","","","","","","","","","","","","","","","","","","","","","","","","","","","","","","","","","","","","","","","","","","","","","","","","","","","","","","","","","","","","","","","","","","","","","","","","","","","","","","","","","","","","","","","","","","","","","","","","","","","","","","","","","","","","","","","","","","",""
"06163007","TENDE_SAPC",44.043167,7.586,636,2000011603,0.,1,"","","","","","","","","","","","","","","","","","","","","","","","","","","","","","","","","","",-0.9,1,-3.8,1,-1.1,1,"","",-0.9,1,"","","","","","","","","","","","","","","","","","","","",81,1,"","","","","","","","","","","","",4.6,1,"","","","","","","","","","","","","","","","","","","","","","","","","","","","","","","","","","","","","","","","","","","","","","","","","","","","","","","","","","","","","","","","","","","","","","","","","","","","","","","","","","","","","","","","","","","","","","","","","","","","","","","","","","","","","","","","","","","",""
"06163007","TENDE_SAPC",44.043167,7.586,636,2000011604,0.,1,"","","","","","","","","","","","","","","","","","","","","","","","","","","","","","","","","","",-0.8,1,-4.,1,-1.1,1,"","",-0.8,1,"","","","","","","","","","","","","","","","","","","","",79,1,"","","","","","","","","","","","",4.6,1,"","","","","","","","","","","","","","","","","","","","","","","","","","","","","","","","","","","","","","","","","","","","","","","","","","","","","","","","","","","","","","","","","","","","","","","","","","","","","","","","","","","","","","","","","","","","","","","","","","","","","","","","","","","","","","","","","","","",""
"06163007","TENDE_SAPC",44.043167,7.586,636,2000011605,0.,1,"","","","","","","","","","","","","","","","","","","","","","","","","","","","","","","","","","",-0.8,1,-4.3,1,-0.9,1,"","",-0.7,1,"","","","","","","","","","","","","","","","","","","","",77,1,"","","","","","","","","","","","",4.4,1,"","","","","","","","","","","","","","","","","","","","","","","","","","","","","","","","","","","","","","","","","","","","","","","","","","","","","","","","","","","","","","","","","","","","","","","","","","","","","","","","","","","","","","","","","","","","","","","","","","","","","","","","","","","","","","","","","","","",""
"06163007","TENDE_SAPC",44.043167,7.586,636,2000011606,0.,1,"","","","","","","","","","","","","","","","","","","","","","","","","","","","","","","","","","",-0.9,1,-4.4,1,-1.,1,"","",-0.8,1,"","","","","","","","","","","","","","","","","","","","",77,1,"","","","","","","","","","","","",4.4,1,"","","","","","","","","","","","","","","","","","","","","","","","","","","","","","","","","","","","","","","","","","","","","","","","","","","","","","","","","","","","","","","","","","","","","","","","","","","","","","","","","","","","","","","","","","","","","","","","","","","","","","","","","","","","","","","","","","","",""
"06163007","TENDE_SAPC",44.043167,7.586,636,2000011607,0.,1,"","","","","","","","","","","","","","","","","","","","","","","","","","","","","","","","","","",-1.2,1,-4.9,1,-1.3,1,"","",-0.9,1,"","","","","","","","","","","","","","","","","","","","",76,1,"","","","","","","","","","","","",4.3,1,"","","","","","","","","","","","","","","","","","","","","","","","","","","","","","","","","","","","","","","","","","","","","","","","","","","","","","","","","","","","","","","","","","","","","","","","","","","","","","","","","","","","","","","","","","","","","","","","","","","","","","","","","","","","","","","","","","","",""
"06163007","TENDE_SAPC",44.043167,7.586,636,2000011608,0.,1,"","","","","","","","","","","","","","","","","","","","","","","","","","","","","","","","","","",-1.1,1,-5.,1,-1.3,1,"","",-1.,1,"","","","","","","","","","","","","","","","","","","","",75,1,"","","","","","","","","","","","",4.2,1,"","","","","","","","","","","","","","","","","","","","","","","","","","","","","","","","","","","","","","","","","","","","","","","","","","","","","","","","","","","","","","","","","","","","","","","","","","","","","","","","","","","","","","","","","","","","","","","","","","","","","","","","","","","","","","","","","","","",""
"06163007","TENDE_SAPC",44.043167,7.586,636,2000011609,0.,1,"","","","","","","","","","","","","","","","","","","","","","","","","","","","","","","","","","",-1.,1,-4.7,1,-1.1,1,"","",-0.9,1,"","","","","","","","","","","","","","","","","","","","",76,1,"","","","","","","","","","","","",4.3,1,"","","","","","","","","","","","","","","","","","","","","","","","","","","","","","","","","","","","","","","","","","","","","","","","","","","","","","","","","","","","","","","","","","","","","","","","","","","","","","","","","","","","","","","","","","","","","","","","","","","","","","","","","","","","","","","","","","","",""
"06163007","TENDE_SAPC",44.043167,7.586,636,2000011610,0.,1,"","","","","","","","","","","","","","","","","","","","","","","","","","","","","","","","","","",-0.5,1,-4.2,1,-1.,1,"","",-0.5,1,"","","","","","","","","","","","","","","","","","","","",76,1,"","","","","","","","","","","","",4.5,1,"","","","","","","","","","","","","","","","","","","","","","","","","","","","","","","","","","","","","","","","","","","","","","","","","","","","","","","","","","","","","","","","","","","","","","","","","","","","","","","","","","","","","","","","","","","","","","","","","","","","","","","","","","","","","","","","","","","",""
"06163007","TENDE_SAPC",44.043167,7.586,636,2000011611,0.,1,"","","","","","","","","","","","","","","","","","","","","","","","","","","","","","","","","","",6.4,1,-3.3,1,-0.5,1,"","",6.4,1,"","","","","","","","","","","","","","","","","","","","",50,1,"","","","","","","","","","","","",4.8,1,"","","","","","","","","","","","","","","","","","","","","","","","","","","","","","","","","","","","","","","","","","","","","","","","","","","","","","","","","","","","","","","","","","","","","","","","","","","","","","","","","","","","","","","","","","","","","","","","","","","","","","","","","","","","","","","","","","","",""
"06163007","TENDE_SAPC",44.043167,7.586,636,2000011612,0.,1,"","","","","","","","","","","","","","","","","","","","","","","","","","","","","","","","","","",9.1,1,-3.5,1,6.5,1,"","",9.1,1,"","","","","","","","","","","","","","","","","","","","",41,1,"","","","","","","","","","","","",4.7,1,"","","","","","","","","","","","","","","","","","","","","","","","","","","","","","","","","","","","","","","","","","","","","","","","","","","","","","","","","","","","","","","","","","","","","","","","","","","","","","","","","","","","","","","","","","","","","","","","","","","","","","","","","","","","","","","","","","","",""
"06163007","TENDE_SAPC",44.043167,7.586,636,2000011613,0.,1,"","","","","","","","","","","","","","","","","","","","","","","","","","","","","","","","","","",10.1,1,-2.3,1,9.1,1,"","",10.1,1,"","","","","","","","","","","","","","","","","","","","",42,1,"","","","","","","","","","","","",5.2,1,"","","","","","","","","","","","","","","","","","","","","","","","","","","","","","","","","","","","","","","","","","","","","","","","","","","","","","","","","","","","","","","","","","","","","","","","","","","","","","","","","","","","","","","","","","","","","","","","","","","","","","","","","","","","","","","","","","","",""
"06163007","TENDE_SAPC",44.043167,7.586,636,2000011614,0.,1,"","","","","","","","","","","","","","","","","","","","","","","","","","","","","","","","","","",9.9,1,-1.2,1,9.8,1,"","",10.1,1,"","","","","","","","","","","","","","","","","","","","",46,1,"","","","","","","","","","","","",5.6,1,"","","","","","","","","","","","","","","","","","","","","","","","","","","","","","","","","","","","","","","","","","","","","","","","","","","","","","","","","","","","","","","","","","","","","","","","","","","","","","","","","","","","","","","","","","","","","","","","","","","","","","","","","","","","","","","","","","","",""
"06163007","TENDE_SAPC",44.043167,7.586,636,2000011615,0.,1,"","","","","","","","","","","","","","","","","","","","","","","","","","","","","","","","","","",4.8,1,-1.4,1,4.8,1,"","",9.9,1,"","","","","","","","","","","","","","","","","","","","",64,1,"","","","","","","","","","","","",5.5,1,"","","","","","","","","","","","","","","","","","","","","","","","","","","","","","","","","","","","","","","","","","","","","","","","","","","","","","","","","","","","","","","","","","","","","","","","","","","","","","","","","","","","","","","","","","","","","","","","","","","","","","","","","","","","","","","","","","","",""
"06163007","TENDE_SAPC",44.043167,7.586,636,2000011616,0.,1,"","","","","","","","","","","","","","","","","","","","","","","","","","","","","","","","","","",5.4,1,-3.4,1,4.7,1,"","",6.3,1,"","","","","","","","","","","","","","","","","","","","",53,1,"","","","","","","","","","","","",4.8,1,"","","","","","","","","","","","","","","","","","","","","","","","","","","","","","","","","","","","","","","","","","","","","","","","","","","","","","","","","","","","","","","","","","","","","","","","","","","","","","","","","","","","","","","","","","","","","","","","","","","","","","","","","","","","","","","","","","","",""
"06163007","TENDE_SAPC",44.043167,7.586,636,2000011617,0.,1,"","","","","","","","","","","","","","","","","","","","","","","","","","","","","","","","","","",3.5,1,-3.3,1,2.8,1,"","",5.3,1,"","","","","","","","","","","","","","","","","","","","",61,1,"","","","","","","","","","","","",4.8,1,"","","","","","","","","","","","","","","","","","","","","","","","","","","","","","","","","","","","","","","","","","","","","","","","","","","","","","","","","","","","","","","","","","","","","","","","","","","","","","","","","","","","","","","","","","","","","","","","","","","","","","","","","","","","","","","","","","","",""
"06163007","TENDE_SAPC",44.043167,7.586,636,2000011618,0.,1,"","","","","","","","","","","","","","","","","","","","","","","","","","","","","","","","","","",4.2,1,-4.1,1,3.6,1,"","",4.4,1,"","","","","","","","","","","","","","","","","","","","",55,1,"","","","","","","","","","","","",4.5,1,"","","","","","","","","","","","","","","","","","","","","","","","","","","","","","","","","","","","","","","","","","","","","","","","","","","","","","","","","","","","","","","","","","","","","","","","","","","","","","","","","","","","","","","","","","","","","","","","","","","","","","","","","","","","","","","","","","","",""
"06163007","TENDE_SAPC",44.043167,7.586,636,2000011619,0.,1,"","","","","","","","","","","","","","","","","","","","","","","","","","","","","","","","","","",2.1,1,-4.6,1,2.1,1,"","",4.2,1,"","","","","","","","","","","","","","","","","","","","",61,1,"","","","","","","","","","","","",4.3,1,"","","","","","","","","","","","","","","","","","","","","","","","","","","","","","","","","","","","","","","","","","","","","","","","","","","","","","","","","","","","","","","","","","","","","","","","","","","","","","","","","","","","","","","","","","","","","","","","","","","","","","","","","","","","","","","","","","","",""
"06163007","TENDE_SAPC",44.043167,7.586,636,2000011620,0.,1,"","","","","","","","","","","","","","","","","","","","","","","","","","","","","","","","","","",2.2,1,-4.6,1,1.2,1,"","",2.9,1,"","","","","","","","","","","","","","","","","","","","",61,1,"","","","","","","","","","","","",4.4,1,"","","","","","","","","","","","","","","","","","","","","","","","","","","","","","","","","","","","","","","","","","","","","","","","","","","","","","","","","","","","","","","","","","","","","","","","","","","","","","","","","","","","","","","","","","","","","","","","","","","","","","","","","","","","","","","","","","","",""
"06163007","TENDE_SAPC",44.043167,7.586,636,2000011621,0.,1,"","","","","","","","","","","","","","","","","","","","","","","","","","","","","","","","","","",2.5,1,-4.9,1,1.6,1,"","",2.5,1,"","","","","","","","","","","","","","","","","","","","",58,1,"","","","","","","","","","","","",4.2,1,"","","","","","","","","","","","","","","","","","","","","","","","","","","","","","","","","","","","","","","","","","","","","","","","","","","","","","","","","","","","","","","","","","","","","","","","","","","","","","","","","","","","","","","","","","","","","","","","","","","","","","","","","","","","","","","","","","","",""
"06163007","TENDE_SAPC",44.043167,7.586,636,2000011622,0.,1,"","","","","","","","","","","","","","","","","","","","","","","","","","","","","","","","","","",0.3,1,-4.9,1,0.3,1,"","",3.1,1,"","","","","","","","","","","","","","","","","","","","",68,1,"","","","","","","","","","","","",4.2,1,"","","","","","","","","","","","","","","","","","","","","","","","","","","","","","","","","","","","","","","","","","","","","","","","","","","","","","","","","","","","","","","","","","","","","","","","","","","","","","","","","","","","","","","","","","","","","","","","","","","","","","","","","","","","","","","","","","","",""
"06163007","TENDE_SAPC",44.043167,7.586,636,2000011623,0.,1,"","","","","","","","","","","","","","","","","","","","","","","","","","","","","","","","","","",-0.8,1,-5.4,1,-0.8,1,"","",0.2,1,"","","","","","","","","","","","","","","","","","","","",71,1,"","","","","","","","","","","","",4.1,1,"","","","","","","","","","","","","","","","","","","","","","","","","","","","","","","","","","","","","","","","","","","","","","","","","","","","","","","","","","","","","","","","","","","","","","","","","","","","","","","","","","","","","","","","","","","","","","","","","","","","","","","","","","","","","","","","","","","",""
"06163007","TENDE_SAPC",44.043167,7.586,636,2000011700,0.,1,"","","","","","","","","","","","","","","","","","","","","","","","","","","","","","","","","","",-1.2,1,-5.4,1,-1.2,1,"","",-0.8,1,"","","","","","","","","","","","","","","","","","","","",73,1,"","","","","","","","","","","","",4.1,1,"","","","","","","","","","","","","","","","","","","","","","","","","","","","","","","","","","","","","","","","","","","","","","","","","","","","","","","","","","","","","","","","","","","","","","","","","","","","","","","","","","","","","","","","","","","","","","","","","","","","","","","","","","","","","","","","","","","",""
"06163007","TENDE_SAPC",44.043167,7.586,636,2000011701,0.,1,"","","","","","","","","","","","","","","","","","","","","","","","","","","","","","","","","","",-1.7,1,-5.9,1,-1.7,1,"","",-1.2,1,"","","","","","","","","","","","","","","","","","","","",73,1,"","","","","","","","","","","","",3.9,1,"","","","","","","","","","","","","","","","","","","","","","","","","","","","","","","","","","","","","","","","","","","","","","","","","","","","","","","","","","","","","","","","","","","","","","","","","","","","","","","","","","","","","","","","","","","","","","","","","","","","","","","","","","","","","","","","","","","",""
"06163007","TENDE_SAPC",44.043167,7.586,636,2000011702,0.,1,"","","","","","","","","","","","","","","","","","","","","","","","","","","","","","","","","","",-2.1,1,-6.5,1,-2.1,1,"","",-1.7,1,"","","","","","","","","","","","","","","","","","","","",72,1,"","","","","","","","","","","","",3.8,1,"","","","","","","","","","","","","","","","","","","","","","","","","","","","","","","","","","","","","","","","","","","","","","","","","","","","","","","","","","","","","","","","","","","","","","","","","","","","","","","","","","","","","","","","","","","","","","","","","","","","","","","","","","","","","","","","","","","",""
"06163007","TENDE_SAPC",44.043167,7.586,636,2000011703,0.,1,"","","","","","","","","","","","","","","","","","","","","","","","","","","","","","","","","","",-2.7,1,-6.9,1,-2.7,1,"","",-2.1,1,"","","","","","","","","","","","","","","","","","","","",73,1,"","","","","","","","","","","","",3.7,1,"","","","","","","","","","","","","","","","","","","","","","","","","","","","","","","","","","","","","","","","","","","","","","","","","","","","","","","","","","","","","","","","","","","","","","","","","","","","","","","","","","","","","","","","","","","","","","","","","","","","","","","","","","","","","","","","","","","",""
"06163007","TENDE_SAPC",44.043167,7.586,636,2000011704,0.,1,"","","","","","","","","","","","","","","","","","","","","","","","","","","","","","","","","","",-3.2,1,-7.,1,-3.2,1,"","",-2.7,1,"","","","","","","","","","","","","","","","","","","","",75,1,"","","","","","","","","","","","",3.6,1,"","","","","","","","","","","","","","","","","","","","","","","","","","","","","","","","","","","","","","","","","","","","","","","","","","","","","","","","","","","","","","","","","","","","","","","","","","","","","","","","","","","","","","","","","","","","","","","","","","","","","","","","","","","","","","","","","","","",""
"06163007","TENDE_SAPC",44.043167,7.586,636,2000011705,0.,1,"","","","","","","","","","","","","","","","","","","","","","","","","","","","","","","","","","",-3.,1,-7.3,1,-3.3,1,"","",-3.,1,"","","","","","","","","","","","","","","","","","","","",72,1,"","","","","","","","","","","","",3.5,1,"","","","","","","","","","","","","","","","","","","","","","","","","","","","","","","","","","","","","","","","","","","","","","","","","","","","","","","","","","","","","","","","","","","","","","","","","","","","","","","","","","","","","","","","","","","","","","","","","","","","","","","","","","","","","","","","","","","",""
"06163007","TENDE_SAPC",44.043167,7.586,636,2000011706,0.,1,"","","","","","","","","","","","","","","","","","","","","","","","","","","","","","","","","","",-2.5,1,-8.2,1,-3.,1,"","",-2.4,1,"","","","","","","","","","","","","","","","","","","","",65,1,"","","","","","","","","","","","",3.3,1,"","","","","","","","","","","","","","","","","","","","","","","","","","","","","","","","","","","","","","","","","","","","","","","","","","","","","","","","","","","","","","","","","","","","","","","","","","","","","","","","","","","","","","","","","","","","","","","","","","","","","","","","","","","","","","","","","","","",""
"06163007","TENDE_SAPC",44.043167,7.586,636,2000011707,0.,1,"","","","","","","","","","","","","","","","","","","","","","","","","","","","","","","","","","",-2.8,1,-7.7,1,-2.8,1,"","",-2.4,1,"","","","","","","","","","","","","","","","","","","","",69,1,"","","","","","","","","","","","",3.4,1,"","","","","","","","","","","","","","","","","","","","","","","","","","","","","","","","","","","","","","","","","","","","","","","","","","","","","","","","","","","","","","","","","","","","","","","","","","","","","","","","","","","","","","","","","","","","","","","","","","","","","","","","","","","","","","","","","","","",""
"06163007","TENDE_SAPC",44.043167,7.586,636,2000011708,0.,1,"","","","","","","","","","","","","","","","","","","","","","","","","","","","","","","","","","",-2.6,1,-7.7,1,-2.8,1,"","",-2.5,1,"","","","","","","","","","","","","","","","","","","","",68,1,"","","","","","","","","","","","",3.4,1,"","","","","","","","","","","","","","","","","","","","","","","","","","","","","","","","","","","","","","","","","","","","","","","","","","","","","","","","","","","","","","","","","","","","","","","","","","","","","","","","","","","","","","","","","","","","","","","","","","","","","","","","","","","","","","","","","","","",""
"06163007","TENDE_SAPC",44.043167,7.586,636,2000011709,0.,1,"","","","","","","","","","","","","","","","","","","","","","","","","","","","","","","","","","",-2.3,1,-7.8,1,-2.6,1,"","",-2.3,1,"","","","","","","","","","","","","","","","","","","","",66,1,"","","","","","","","","","","","",3.4,1,"","","","","","","","","","","","","","","","","","","","","","","","","","","","","","","","","","","","","","","","","","","","","","","","","","","","","","","","","","","","","","","","","","","","","","","","","","","","","","","","","","","","","","","","","","","","","","","","","","","","","","","","","","","","","","","","","","","",""
"06163007","TENDE_SAPC",44.043167,7.586,636,2000011710,0.,1,"","","","","","","","","","","","","","","","","","","","","","","","","","","","","","","","","","",-1.7,1,-7.,1,-2.3,1,"","",-1.7,1,"","","","","","","","","","","","","","","","","","","","",67,1,"","","","","","","","","","","","",3.6,1,"","","","","","","","","","","","","","","","","","","","","","","","","","","","","","","","","","","","","","","","","","","","","","","","","","","","","","","","","","","","","","","","","","","","","","","","","","","","","","","","","","","","","","","","","","","","","","","","","","","","","","","","","","","","","","","","","","","",""
"06163007","TENDE_SAPC",44.043167,7.586,636,2000011711,0.,1,"","","","","","","","","","","","","","","","","","","","","","","","","","","","","","","","","","",4.7,1,-5.7,1,-1.6,1,"","",4.7,1,"","","","","","","","","","","","","","","","","","","","",47,1,"","","","","","","","","","","","",4.,1,"","","","","","","","","","","","","","","","","","","","","","","","","","","","","","","","","","","","","","","","","","","","","","","","","","","","","","","","","","","","","","","","","","","","","","","","","","","","","","","","","","","","","","","","","","","","","","","","","","","","","","","","","","","","","","","","","","","",""
"06163007","TENDE_SAPC",44.043167,7.586,636,2000011712,0.,1,"","","","","","","","","","","","","","","","","","","","","","","","","","","","","","","","","","",7.6,1,-3.6,1,4.8,1,"","",7.6,1,"","","","","","","","","","","","","","","","","","","","",45,1,"","","","","","","","","","","","",4.7,1,"","","","","","","","","","","","","","","","","","","","","","","","","","","","","","","","","","","","","","","","","","","","","","","","","","","","","","","","","","","","","","","","","","","","","","","","","","","","","","","","","","","","","","","","","","","","","","","","","","","","","","","","","","","","","","","","","","","",""
"06163007","TENDE_SAPC",44.043167,7.586,636,2000011713,0.,1,"","","","","","","","","","","","","","","","","","","","","","","","","","","","","","","","","","",9.4,1,-3.2,1,7.5,1,"","",9.4,1,"","","","","","","","","","","","","","","","","","","","",41,1,"","","","","","","","","","","","",4.8,1,"","","","","","","","","","","","","","","","","","","","","","","","","","","","","","","","","","","","","","","","","","","","","","","","","","","","","","","","","","","","","","","","","","","","","","","","","","","","","","","","","","","","","","","","","","","","","","","","","","","","","","","","","","","","","","","","","","","",""
"06163007","TENDE_SAPC",44.043167,7.586,636,2000011714,0.,1,"","","","","","","","","","","","","","","","","","","","","","","","","","","","","","","","","","",9.5,1,-2.2,1,9.3,1,"","",11.,1,"","","","","","","","","","","","","","","","","","","","",44,1,"","","","","","","","","","","","",5.2,1,"","","","","","","","","","","","","","","","","","","","","","","","","","","","","","","","","","","","","","","","","","","","","","","","","","","","","","","","","","","","","","","","","","","","","","","","","","","","","","","","","","","","","","","","","","","","","","","","","","","","","","","","","","","","","","","","","","","",""
"06163007","TENDE_SAPC",44.043167,7.586,636,2000011715,0.,1,"","","","","","","","","","","","","","","","","","","","","","","","","","","","","","","","","","",5.5,1,-1.7,1,5.5,1,"","",9.4,1,"","","","","","","","","","","","","","","","","","","","",60,1,"","","","","","","","","","","","",5.4,1,"","","","","","","","","","","","","","","","","","","","","","","","","","","","","","","","","","","","","","","","","","","","","","","","","","","","","","","","","","","","","","","","","","","","","","","","","","","","","","","","","","","","","","","","","","","","","","","","","","","","","","","","","","","","","","","","","","","",""
"06163007","TENDE_SAPC",44.043167,7.586,636,2000011716,0.,1,"","","","","","","","","","","","","","","","","","","","","","","","","","","","","","","","","","",4.2,1,-1.4,1,4.2,1,"","",5.4,1,"","","","","","","","","","","","","","","","","","","","",67,1,"","","","","","","","","","","","",5.5,1,"","","","","","","","","","","","","","","","","","","","","","","","","","","","","","","","","","","","","","","","","","","","","","","","","","","","","","","","","","","","","","","","","","","","","","","","","","","","","","","","","","","","","","","","","","","","","","","","","","","","","","","","","","","","","","","","","","","",""
"06163007","TENDE_SAPC",44.043167,7.586,636,2000011717,0.,1,"","","","","","","","","","","","","","","","","","","","","","","","","","","","","","","","","","",3.9,1,-2.1,1,3.7,1,"","",4.2,1,"","","","","","","","","","","","","","","","","","","","",65,1,"","","","","","","","","","","","",5.2,1,"","","","","","","","","","","","","","","","","","","","","","","","","","","","","","","","","","","","","","","","","","","","","","","","","","","","","","","","","","","","","","","","","","","","","","","","","","","","","","","","","","","","","","","","","","","","","","","","","","","","","","","","","","","","","","","","","","","",""
"06163007","TENDE_SAPC",44.043167,7.586,636,2000011718,0.,1,"","","","","","","","","","","","","","","","","","","","","","","","","","","","","","","","","","",3.6,1,-2.6,1,3.6,1,"","",4.,1,"","","","","","","","","","","","","","","","","","","","",64,1,"","","","","","","","","","","","",5.1,1,"","","","","","","","","","","","","","","","","","","","","","","","","","","","","","","","","","","","","","","","","","","","","","","","","","","","","","","","","","","","","","","","","","","","","","","","","","","","","","","","","","","","","","","","","","","","","","","","","","","","","","","","","","","","","","","","","","","",""
"06163007","TENDE_SAPC",44.043167,7.586,636,2000011719,0.,1,"","","","","","","","","","","","","","","","","","","","","","","","","","","","","","","","","","",3.7,1,-3.1,1,3.5,1,"","",4.1,1,"","","","","","","","","","","","","","","","","","","","",61,1,"","","","","","","","","","","","",4.9,1,"","","","","","","","","","","","","","","","","","","","","","","","","","","","","","","","","","","","","","","","","","","","","","","","","","","","","","","","","","","","","","","","","","","","","","","","","","","","","","","","","","","","","","","","","","","","","","","","","","","","","","","","","","","","","","","","","","","",""
"06163007","TENDE_SAPC",44.043167,7.586,636,2000011720,0.,1,"","","","","","","","","","","","","","","","","","","","","","","","","","","","","","","","","","",3.4,1,-3.6,1,3.3,1,"","",4.1,1,"","","","","","","","","","","","","","","","","","","","",60,1,"","","","","","","","","","","","",4.7,1,"","","","","","","","","","","","","","","","","","","","","","","","","","","","","","","","","","","","","","","","","","","","","","","","","","","","","","","","","","","","","","","","","","","","","","","","","","","","","","","","","","","","","","","","","","","","","","","","","","","","","","","","","","","","","","","","","","","",""
"06163007","TENDE_SAPC",44.043167,7.586,636,2000011721,0.,1,"","","","","","","","","","","","","","","","","","","","","","","","","","","","","","","","","","",3.3,1,-4.2,1,2.8,1,"","",3.5,1,"","","","","","","","","","","","","","","","","","","","",58,1,"","","","","","","","","","","","",4.5,1,"","","","","","","","","","","","","","","","","","","","","","","","","","","","","","","","","","","","","","","","","","","","","","","","","","","","","","","","","","","","","","","","","","","","","","","","","","","","","","","","","","","","","","","","","","","","","","","","","","","","","","","","","","","","","","","","","","","",""
"06163007","TENDE_SAPC",44.043167,7.586,636,2000011722,0.,1,"","","","","","","","","","","","","","","","","","","","","","","","","","","","","","","","","","",2.3,1,-4.5,1,2.3,1,"","",3.6,1,"","","","","","","","","","","","","","","","","","","","",61,1,"","","","","","","","","","","","",4.4,1,"","","","","","","","","","","","","","","","","","","","","","","","","","","","","","","","","","","","","","","","","","","","","","","","","","","","","","","","","","","","","","","","","","","","","","","","","","","","","","","","","","","","","","","","","","","","","","","","","","","","","","","","","","","","","","","","","","","",""
"06163007","TENDE_SAPC",44.043167,7.586,636,2000011723,0.,1,"","","","","","","","","","","","","","","","","","","","","","","","","","","","","","","","","","",2.8,1,-4.9,1,2.3,1,"","",2.8,1,"","","","","","","","","","","","","","","","","","","","",57,1,"","","","","","","","","","","","",4.3,1,"","","","","","","","","","","","","","","","","","","","","","","","","","","","","","","","","","","","","","","","","","","","","","","","","","","","","","","","","","","","","","","","","","","","","","","","","","","","","","","","","","","","","","","","","","","","","","","","","","","","","","","","","","","","","","","","","","","",""
"06163007","TENDE_SAPC",44.043167,7.586,636,2000011800,0.,1,"","","","","","","","","","","","","","","","","","","","","","","","","","","","","","","","","","",2.1,1,-4.9,1,1.8,1,"","",2.8,1,"","","","","","","","","","","","","","","","","","","","",60,1,"","","","","","","","","","","","",4.3,1,"","","","","","","","","","","","","","","","","","","","","","","","","","","","","","","","","","","","","","","","","","","","","","","","","","","","","","","","","","","","","","","","","","","","","","","","","","","","","","","","","","","","","","","","","","","","","","","","","","","","","","","","","","","","","","","","","","","",""
"06163007","TENDE_SAPC",44.043167,7.586,636,2000011801,0.,1,"","","","","","","","","","","","","","","","","","","","","","","","","","","","","","","","","","",2.1,1,-5.1,1,1.9,1,"","",2.8,1,"","","","","","","","","","","","","","","","","","","","",59,1,"","","","","","","","","","","","",4.2,1,"","","","","","","","","","","","","","","","","","","","","","","","","","","","","","","","","","","","","","","","","","","","","","","","","","","","","","","","","","","","","","","","","","","","","","","","","","","","","","","","","","","","","","","","","","","","","","","","","","","","","","","","","","","","","","","","","","","",""
"06163007","TENDE_SAPC",44.043167,7.586,636,2000011802,0.,1,"","","","","","","","","","","","","","","","","","","","","","","","","","","","","","","","","","",1.4,1,-5.3,1,1.2,1,"","",2.4,1,"","","","","","","","","","","","","","","","","","","","",61,1,"","","","","","","","","","","","",4.1,1,"","","","","","","","","","","","","","","","","","","","","","","","","","","","","","","","","","","","","","","","","","","","","","","","","","","","","","","","","","","","","","","","","","","","","","","","","","","","","","","","","","","","","","","","","","","","","","","","","","","","","","","","","","","","","","","","","","","",""
"06163007","TENDE_SAPC",44.043167,7.586,636,2000011803,0.,1,"","","","","","","","","","","","","","","","","","","","","","","","","","","","","","","","","","",0.3,1,-5.5,1,0.3,1,"","",1.5,1,"","","","","","","","","","","","","","","","","","","","",65,1,"","","","","","","","","","","","",4.1,1,"","","","","","","","","","","","","","","","","","","","","","","","","","","","","","","","","","","","","","","","","","","","","","","","","","","","","","","","","","","","","","","","","","","","","","","","","","","","","","","","","","","","","","","","","","","","","","","","","","","","","","","","","","","","","","","","","","","",""
"06163007","TENDE_SAPC",44.043167,7.586,636,2000011804,0.,1,"","","","","","","","","","","","","","","","","","","","","","","","","","","","","","","","","","",0.4,1,-6.,1,-0.1,1,"","",0.6,1,"","","","","","","","","","","","","","","","","","","","",62,1,"","","","","","","","","","","","",3.9,1,"","","","","","","","","","","","","","","","","","","","","","","","","","","","","","","","","","","","","","","","","","","","","","","","","","","","","","","","","","","","","","","","","","","","","","","","","","","","","","","","","","","","","","","","","","","","","","","","","","","","","","","","","","","","","","","","","","","",""
"06163007","TENDE_SAPC",44.043167,7.586,636,2000011805,0.,1,"","","","","","","","","","","","","","","","","","","","","","","","","","","","","","","","","","",-0.4,1,-5.4,1,-0.4,1,"","",0.4,1,"","","","","","","","","","","","","","","","","","","","",69,1,"","","","","","","","","","","","",4.1,1,"","","","","","","","","","","","","","","","","","","","","","","","","","","","","","","","","","","","","","","","","","","","","","","","","","","","","","","","","","","","","","","","","","","","","","","","","","","","","","","","","","","","","","","","","","","","","","","","","","","","","","","","","","","","","","","","","","","",""
"06163007","TENDE_SAPC",44.043167,7.586,636,2000011806,0.,1,"","","","","","","","","","","","","","","","","","","","","","","","","","","","","","","","","","",-0.1,1,-6.1,1,-0.5,1,"","",0.1,1,"","","","","","","","","","","","","","","","","","","","",64,1,"","","","","","","","","","","","",3.9,1,"","","","","","","","","","","","","","","","","","","","","","","","","","","","","","","","","","","","","","","","","","","","","","","","","","","","","","","","","","","","","","","","","","","","","","","","","","","","","","","","","","","","","","","","","","","","","","","","","","","","","","","","","","","","","","","","","","","",""
"06163007","TENDE_SAPC",44.043167,7.586,636,2000011807,0.,1,"","","","","","","","","","","","","","","","","","","","","","","","","","","","","","","","","","",1.3,1,-6.8,1,-0.1,1,"","",1.3,1,"","","","","","","","","","","","","","","","","","","","",55,1,"","","","","","","","","","","","",3.7,1,"","","","","","","","","","","","","","","","","","","","","","","","","","","","","","","","","","","","","","","","","","","","","","","","","","","","","","","","","","","","","","","","","","","","","","","","","","","","","","","","","","","","","","","","","","","","","","","","","","","","","","","","","","","","","","","","","","","",""
"06163007","TENDE_SAPC",44.043167,7.586,636,2000011808,0.,1,"","","","","","","","","","","","","","","","","","","","","","","","","","","","","","","","","","",1.7,1,-7.1,1,0.9,1,"","",1.8,1,"","","","","","","","","","","","","","","","","","","","",52,1,"","","","","","","","","","","","",3.6,1,"","","","","","","","","","","","","","","","","","","","","","","","","","","","","","","","","","","","","","","","","","","","","","","","","","","","","","","","","","","","","","","","","","","","","","","","","","","","","","","","","","","","","","","","","","","","","","","","","","","","","","","","","","","","","","","","","","","",""
"06163007","TENDE_SAPC",44.043167,7.586,636,2000011809,0.,1,"","","","","","","","","","","","","","","","","","","","","","","","","","","","","","","","","","",1.6,1,-6.2,1,1.5,1,"","",2.,1,"","","","","","","","","","","","","","","","","","","","",56,1,"","","","","","","","","","","","",3.8,1,"","","","","","","","","","","","","","","","","","","","","","","","","","","","","","","","","","","","","","","","","","","","","","","","","","","","","","","","","","","","","","","","","","","","","","","","","","","","","","","","","","","","","","","","","","","","","","","","","","","","","","","","","","","","","","","","","","","",""
"06163007","TENDE_SAPC",44.043167,7.586,636,2000011810,0.,1,"","","","","","","","","","","","","","","","","","","","","","","","","","","","","","","","","","",3.6,1,-6.4,1,1.3,1,"","",3.6,1,"","","","","","","","","","","","","","","","","","","","",48,1,"","","","","","","","","","","","",3.8,1,"","","","","","","","","","","","","","","","","","","","","","","","","","","","","","","","","","","","","","","","","","","","","","","","","","","","","","","","","","","","","","","","","","","","","","","","","","","","","","","","","","","","","","","","","","","","","","","","","","","","","","","","","","","","","","","","","","","",""
"06163007","TENDE_SAPC",44.043167,7.586,636,2000011811,0.,1,"","","","","","","","","","","","","","","","","","","","","","","","","","","","","","","","","","",10.6,1,-5.,1,3.2,1,"","",10.6,1,"","","","","","","","","","","","","","","","","","","","",33,1,"","","","","","","","","","","","",4.2,1,"","","","","","","","","","","","","","","","","","","","","","","","","","","","","","","","","","","","","","","","","","","","","","","","","","","","","","","","","","","","","","","","","","","","","","","","","","","","","","","","","","","","","","","","","","","","","","","","","","","","","","","","","","","","","","","","","","","",""
"06163007","TENDE_SAPC",44.043167,7.586,636,2000011812,0.,1,"","","","","","","","","","","","","","","","","","","","","","","","","","","","","","","","","","",16.5,1,-6.6,1,10.7,1,"","",17.7,1,"","","","","","","","","","","","","","","","","","","","",20,1,"","","","","","","","","","","","",3.7,1,"","","","","","","","","","","","","","","","","","","","","","","","","","","","","","","","","","","","","","","","","","","","","","","","","","","","","","","","","","","","","","","","","","","","","","","","","","","","","","","","","","","","","","","","","","","","","","","","","","","","","","","","","","","","","","","","","","","",""
"06163007","TENDE_SAPC",44.043167,7.586,636,2000011813,0.,1,"","","","","","","","","","","","","","","","","","","","","","","","","","","","","","","","","","",16.6,1,-3.5,1,15.7,1,"","",17.3,1,"","","","","","","","","","","","","","","","","","","","",25,1,"","","","","","","","","","","","",4.7,1,"","","","","","","","","","","","","","","","","","","","","","","","","","","","","","","","","","","","","","","","","","","","","","","","","","","","","","","","","","","","","","","","","","","","","","","","","","","","","","","","","","","","","","","","","","","","","","","","","","","","","","","","","","","","","","","","","","","",""
"06163007","TENDE_SAPC",44.043167,7.586,636,2000011814,0.,1,"","","","","","","","","","","","","","","","","","","","","","","","","","","","","","","","","","",12.5,1,-4.6,1,12.1,1,"","",16.7,1,"","","","","","","","","","","","","","","","","","","","",30,1,"","","","","","","","","","","","",4.3,1,"","","","","","","","","","","","","","","","","","","","","","","","","","","","","","","","","","","","","","","","","","","","","","","","","","","","","","","","","","","","","","","","","","","","","","","","","","","","","","","","","","","","","","","","","","","","","","","","","","","","","","","","","","","","","","","","","","","",""
"06163007","TENDE_SAPC",44.043167,7.586,636,2000011815,0.,1,"","","","","","","","","","","","","","","","","","","","","","","","","","","","","","","","","","",8.3,1,-3.,1,8.3,1,"","",12.3,1,"","","","","","","","","","","","","","","","","","","","",45,1,"","","","","","","","","","","","",4.9,1,"","","","","","","","","","","","","","","","","","","","","","","","","","","","","","","","","","","","","","","","","","","","","","","","","","","","","","","","","","","","","","","","","","","","","","","","","","","","","","","","","","","","","","","","","","","","","","","","","","","","","","","","","","","","","","","","","","","",""
"06163007","TENDE_SAPC",44.043167,7.586,636,2000011816,0.,1,"","","","","","","","","","","","","","","","","","","","","","","","","","","","","","","","","","",5.6,1,-3.,1,5.6,1,"","",8.3,1,"","","","","","","","","","","","","","","","","","","","",54,1,"","","","","","","","","","","","",4.9,1,"","","","","","","","","","","","","","","","","","","","","","","","","","","","","","","","","","","","","","","","","","","","","","","","","","","","","","","","","","","","","","","","","","","","","","","","","","","","","","","","","","","","","","","","","","","","","","","","","","","","","","","","","","","","","","","","","","","",""
"06163007","TENDE_SAPC",44.043167,7.586,636,2000011817,0.,1,"","","","","","","","","","","","","","","","","","","","","","","","","","","","","","","","","","",4.7,1,-3.3,1,4.6,1,"","",5.6,1,"","","","","","","","","","","","","","","","","","","","",56,1,"","","","","","","","","","","","",4.8,1,"","","","","","","","","","","","","","","","","","","","","","","","","","","","","","","","","","","","","","","","","","","","","","","","","","","","","","","","","","","","","","","","","","","","","","","","","","","","","","","","","","","","","","","","","","","","","","","","","","","","","","","","","","","","","","","","","","","",""
"06163007","TENDE_SAPC",44.043167,7.586,636,2000011818,0.,1,"","","","","","","","","","","","","","","","","","","","","","","","","","","","","","","","","","",4.,1,-3.1,1,4.,1,"","",4.6,1,"","","","","","","","","","","","","","","","","","","","",60,1,"","","","","","","","","","","","",4.9,1,"","","","","","","","","","","","","","","","","","","","","","","","","","","","","","","","","","","","","","","","","","","","","","","","","","","","","","","","","","","","","","","","","","","","","","","","","","","","","","","","","","","","","","","","","","","","","","","","","","","","","","","","","","","","","","","","","","","",""
"06163007","TENDE_SAPC",44.043167,7.586,636,2000011819,0.,1,"","","","","","","","","","","","","","","","","","","","","","","","","","","","","","","","","","",3.3,1,-4.2,1,3.3,1,"","",4.1,1,"","","","","","","","","","","","","","","","","","","","",58,1,"","","","","","","","","","","","",4.5,1,"","","","","","","","","","","","","","","","","","","","","","","","","","","","","","","","","","","","","","","","","","","","","","","","","","","","","","","","","","","","","","","","","","","","","","","","","","","","","","","","","","","","","","","","","","","","","","","","","","","","","","","","","","","","","","","","","","","",""
"06163007","TENDE_SAPC",44.043167,7.586,636,2000011820,0.,1,"","","","","","","","","","","","","","","","","","","","","","","","","","","","","","","","","","",2.8,1,-4.4,1,2.7,1,"","",3.5,1,"","","","","","","","","","","","","","","","","","","","",59,1,"","","","","","","","","","","","",4.4,1,"","","","","","","","","","","","","","","","","","","","","","","","","","","","","","","","","","","","","","","","","","","","","","","","","","","","","","","","","","","","","","","","","","","","","","","","","","","","","","","","","","","","","","","","","","","","","","","","","","","","","","","","","","","","","","","","","","","",""
"06163007","TENDE_SAPC",44.043167,7.586,636,2000011821,0.,1,"","","","","","","","","","","","","","","","","","","","","","","","","","","","","","","","","","",3.1,1,-4.4,1,2.7,1,"","",3.1,1,"","","","","","","","","","","","","","","","","","","","",58,1,"","","","","","","","","","","","",4.4,1,"","","","","","","","","","","","","","","","","","","","","","","","","","","","","","","","","","","","","","","","","","","","","","","","","","","","","","","","","","","","","","","","","","","","","","","","","","","","","","","","","","","","","","","","","","","","","","","","","","","","","","","","","","","","","","","","","","","",""
"06163007","TENDE_SAPC",44.043167,7.586,636,2000011822,0.,1,"","","","","","","","","","","","","","","","","","","","","","","","","","","","","","","","","","",3.8,1,-4.2,1,3.2,1,"","",3.9,1,"","","","","","","","","","","","","","","","","","","","",56,1,"","","","","","","","","","","","",4.5,1,"","","","","","","","","","","","","","","","","","","","","","","","","","","","","","","","","","","","","","","","","","","","","","","","","","","","","","","","","","","","","","","","","","","","","","","","","","","","","","","","","","","","","","","","","","","","","","","","","","","","","","","","","","","","","","","","","","","",""
"06163007","TENDE_SAPC",44.043167,7.586,636,2000011823,0.,1,"","","","","","","","","","","","","","","","","","","","","","","","","","","","","","","","","","",9.9,1,-4.5,1,3.7,1,"","",9.9,1,"","","","","","","","","","","","","","","","","","","","",36,1,"","","","","","","","","","","","",4.4,1,"","","","","","","","","","","","","","","","","","","","","","","","","","","","","","","","","","","","","","","","","","","","","","","","","","","","","","","","","","","","","","","","","","","","","","","","","","","","","","","","","","","","","","","","","","","","","","","","","","","","","","","","","","","","","","","","","","","",""
"06163007","TENDE_SAPC",44.043167,7.586,636,2000011900,0.,1,"","","","","","","","","","","","","","","","","","","","","","","","","","","","","","","","","","",10.1,1,-5.9,1,10.,1,"","",10.8,1,"","","","","","","","","","","","","","","","","","","","",32,1,"","","","","","","","","","","","",3.9,1,"","","","","","","","","","","","","","","","","","","","","","","","","","","","","","","","","","","","","","","","","","","","","","","","","","","","","","","","","","","","","","","","","","","","","","","","","","","","","","","","","","","","","","","","","","","","","","","","","","","","","","","","","","","","","","","","","","","",""
"06163007","TENDE_SAPC",44.043167,7.586,636,2000011901,0.,1,"","","","","","","","","","","","","","","","","","","","","","","","","","","","","","","","","","",10.3,1,-7.4,1,9.8,1,"","",10.4,1,"","","","","","","","","","","","","","","","","","","","",28,1,"","","","","","","","","","","","",3.5,1,"","","","","","","","","","","","","","","","","","","","","","","","","","","","","","","","","","","","","","","","","","","","","","","","","","","","","","","","","","","","","","","","","","","","","","","","","","","","","","","","","","","","","","","","","","","","","","","","","","","","","","","","","","","","","","","","","","","",""
"06163007","TENDE_SAPC",44.043167,7.586,636,2000011902,0.,1,"","","","","","","","","","","","","","","","","","","","","","","","","","","","","","","","","","",9.5,1,-9.6,1,9.3,1,"","",10.4,1,"","","","","","","","","","","","","","","","","","","","",25,1,"","","","","","","","","","","","",3.,1,"","","","","","","","","","","","","","","","","","","","","","","","","","","","","","","","","","","","","","","","","","","","","","","","","","","","","","","","","","","","","","","","","","","","","","","","","","","","","","","","","","","","","","","","","","","","","","","","","","","","","","","","","","","","","","","","","","","",""
"06163007","TENDE_SAPC",44.043167,7.586,636,2000011903,0.,1,"","","","","","","","","","","","","","","","","","","","","","","","","","","","","","","","","","",9.6,1,-11.1,1,9.2,1,"","",9.7,1,"","","","","","","","","","","","","","","","","","","","",22,1,"","","","","","","","","","","","",2.6,1,"","","","","","","","","","","","","","","","","","","","","","","","","","","","","","","","","","","","","","","","","","","","","","","","","","","","","","","","","","","","","","","","","","","","","","","","","","","","","","","","","","","","","","","","","","","","","","","","","","","","","","","","","","","","","","","","","","","",""
"06163007","TENDE_SAPC",44.043167,7.586,636,2000011904,0.,1,"","","","","","","","","","","","","","","","","","","","","","","","","","","","","","","","","","",9.2,1,-11.5,1,8.9,1,"","",9.6,1,"","","","","","","","","","","","","","","","","","","","",22,1,"","","","","","","","","","","","",2.6,1,"","","","","","","","","","","","","","","","","","","","","","","","","","","","","","","","","","","","","","","","","","","","","","","","","","","","","","","","","","","","","","","","","","","","","","","","","","","","","","","","","","","","","","","","","","","","","","","","","","","","","","","","","","","","","","","","","","","",""
"06163007","TENDE_SAPC",44.043167,7.586,636,2000011905,0.,1,"","","","","","","","","","","","","","","","","","","","","","","","","","","","","","","","","","",8.8,1,-11.2,1,8.6,1,"","",9.4,1,"","","","","","","","","","","","","","","","","","","","",23,1,"","","","","","","","","","","","",2.6,1,"","","","","","","","","","","","","","","","","","","","","","","","","","","","","","","","","","","","","","","","","","","","","","","","","","","","","","","","","","","","","","","","","","","","","","","","","","","","","","","","","","","","","","","","","","","","","","","","","","","","","","","","","","","","","","","","","","","",""
"06163007","TENDE_SAPC",44.043167,7.586,636,2000011906,0.,1,"","","","","","","","","","","","","","","","","","","","","","","","","","","","","","","","","","",7.9,1,-10.5,1,7.9,1,"","",8.9,1,"","","","","","","","","","","","","","","","","","","","",26,1,"","","","","","","","","","","","",2.8,1,"","","","","","","","","","","","","","","","","","","","","","","","","","","","","","","","","","","","","","","","","","","","","","","","","","","","","","","","","","","","","","","","","","","","","","","","","","","","","","","","","","","","","","","","","","","","","","","","","","","","","","","","","","","","","","","","","","","",""
"06163007","TENDE_SAPC",44.043167,7.586,636,2000011907,0.,1,"","","","","","","","","","","","","","","","","","","","","","","","","","","","","","","","","","",8.6,1,-12.,1,7.7,1,"","",8.7,1,"","","","","","","","","","","","","","","","","","","","",22,1,"","","","","","","","","","","","",2.5,1,"","","","","","","","","","","","","","","","","","","","","","","","","","","","","","","","","","","","","","","","","","","","","","","","","","","","","","","","","","","","","","","","","","","","","","","","","","","","","","","","","","","","","","","","","","","","","","","","","","","","","","","","","","","","","","","","","","","",""
"06163007","TENDE_SAPC",44.043167,7.586,636,2000011908,0.,1,"","","","","","","","","","","","","","","","","","","","","","","","","","","","","","","","","","",8.4,1,-11.6,1,8.2,1,"","",8.6,1,"","","","","","","","","","","","","","","","","","","","",23,1,"","","","","","","","","","","","",2.5,1,"","","","","","","","","","","","","","","","","","","","","","","","","","","","","","","","","","","","","","","","","","","","","","","","","","","","","","","","","","","","","","","","","","","","","","","","","","","","","","","","","","","","","","","","","","","","","","","","","","","","","","","","","","","","","","","","","","","",""
"06163007","TENDE_SAPC",44.043167,7.586,636,2000011909,0.,1,"","","","","","","","","","","","","","","","","","","","","","","","","","","","","","","","","","",8.8,1,-11.2,1,8.2,1,"","",8.9,1,"","","","","","","","","","","","","","","","","","","","",23,1,"","","","","","","","","","","","",2.6,1,"","","","","","","","","","","","","","","","","","","","","","","","","","","","","","","","","","","","","","","","","","","","","","","","","","","","","","","","","","","","","","","","","","","","","","","","","","","","","","","","","","","","","","","","","","","","","","","","","","","","","","","","","","","","","","","","","","","",""
"06163007","TENDE_SAPC",44.043167,7.586,636,2000011910,0.,1,"","","","","","","","","","","","","","","","","","","","","","","","","","","","","","","","","","",5.9,1,-7.,1,5.9,1,"","",9.,1,"","","","","","","","","","","","","","","","","","","","",39,1,"","","","","","","","","","","","",3.6,1,"","","","","","","","","","","","","","","","","","","","","","","","","","","","","","","","","","","","","","","","","","","","","","","","","","","","","","","","","","","","","","","","","","","","","","","","","","","","","","","","","","","","","","","","","","","","","","","","","","","","","","","","","","","","","","","","","","","",""
"06163007","TENDE_SAPC",44.043167,7.586,636,2000011911,0.,1,"","","","","","","","","","","","","","","","","","","","","","","","","","","","","","","","","","",10.7,1,-5.4,1,5.3,1,"","",10.7,1,"","","","","","","","","","","","","","","","","","","","",32,1,"","","","","","","","","","","","",4.1,1,"","","","","","","","","","","","","","","","","","","","","","","","","","","","","","","","","","","","","","","","","","","","","","","","","","","","","","","","","","","","","","","","","","","","","","","","","","","","","","","","","","","","","","","","","","","","","","","","","","","","","","","","","","","","","","","","","","","",""
"06163007","TENDE_SAPC",44.043167,7.586,636,2000011912,0.,1,"","","","","","","","","","","","","","","","","","","","","","","","","","","","","","","","","","",10.9,1,-2.2,1,10.5,1,"","",10.9,1,"","","","","","","","","","","","","","","","","","","","",40,1,"","","","","","","","","","","","",5.2,1,"","","","","","","","","","","","","","","","","","","","","","","","","","","","","","","","","","","","","","","","","","","","","","","","","","","","","","","","","","","","","","","","","","","","","","","","","","","","","","","","","","","","","","","","","","","","","","","","","","","","","","","","","","","","","","","","","","","",""
"06163007","TENDE_SAPC",44.043167,7.586,636,2000011913,0.,1,"","","","","","","","","","","","","","","","","","","","","","","","","","","","","","","","","","",9.7,1,-0.8,1,9.7,1,"","",10.8,1,"","","","","","","","","","","","","","","","","","","","",48,1,"","","","","","","","","","","","",5.8,1,"","","","","","","","","","","","","","","","","","","","","","","","","","","","","","","","","","","","","","","","","","","","","","","","","","","","","","","","","","","","","","","","","","","","","","","","","","","","","","","","","","","","","","","","","","","","","","","","","","","","","","","","","","","","","","","","","","","",""
"06163007","TENDE_SAPC",44.043167,7.586,636,2000011914,0.,1,"","","","","","","","","","","","","","","","","","","","","","","","","","","","","","","","","","",9.1,1,0.3,1,9.1,1,"","",9.7,1,"","","","","","","","","","","","","","","","","","","","",54,1,"","","","","","","","","","","","",6.2,1,"","","","","","","","","","","","","","","","","","","","","","","","","","","","","","","","","","","","","","","","","","","","","","","","","","","","","","","","","","","","","","","","","","","","","","","","","","","","","","","","","","","","","","","","","","","","","","","","","","","","","","","","","","","","","","","","","","","",""
"06163007","TENDE_SAPC",44.043167,7.586,636,2000011915,0.,1,"","","","","","","","","","","","","","","","","","","","","","","","","","","","","","","","","","",7.6,1,0.6,1,7.6,1,"","",9.,1,"","","","","","","","","","","","","","","","","","","","",61,1,"","","","","","","","","","","","",6.4,1,"","","","","","","","","","","","","","","","","","","","","","","","","","","","","","","","","","","","","","","","","","","","","","","","","","","","","","","","","","","","","","","","","","","","","","","","","","","","","","","","","","","","","","","","","","","","","","","","","","","","","","","","","","","","","","","","","","","",""
"06163007","TENDE_SAPC",44.043167,7.586,636,2000011916,0.,1,"","","","","","","","","","","","","","","","","","","","","","","","","","","","","","","","","","",6.6,1,0.3,1,6.6,1,"","",7.6,1,"","","","","","","","","","","","","","","","","","","","",64,1,"","","","","","","","","","","","",6.2,1,"","","","","","","","","","","","","","","","","","","","","","","","","","","","","","","","","","","","","","","","","","","","","","","","","","","","","","","","","","","","","","","","","","","","","","","","","","","","","","","","","","","","","","","","","","","","","","","","","","","","","","","","","","","","","","","","","","","",""
"06163007","TENDE_SAPC",44.043167,7.586,636,2000011917,0.,1,"","","","","","","","","","","","","","","","","","","","","","","","","","","","","","","","","","",6.,1,0.3,1,6.,1,"","",6.6,1,"","","","","","","","","","","","","","","","","","","","",67,1,"","","","","","","","","","","","",6.3,1,"","","","","","","","","","","","","","","","","","","","","","","","","","","","","","","","","","","","","","","","","","","","","","","","","","","","","","","","","","","","","","","","","","","","","","","","","","","","","","","","","","","","","","","","","","","","","","","","","","","","","","","","","","","","","","","","","","","",""
"06163007","TENDE_SAPC",44.043167,7.586,636,2000011918,0.,1,"","","","","","","","","","","","","","","","","","","","","","","","","","","","","","","","","","",5.7,1,0.,1,5.4,1,"","",6.1,1,"","","","","","","","","","","","","","","","","","","","",67,1,"","","","","","","","","","","","",6.1,1,"","","","","","","","","","","","","","","","","","","","","","","","","","","","","","","","","","","","","","","","","","","","","","","","","","","","","","","","","","","","","","","","","","","","","","","","","","","","","","","","","","","","","","","","","","","","","","","","","","","","","","","","","","","","","","","","","","","",""
"06163007","TENDE_SAPC",44.043167,7.586,636,2000011919,0.,1,"","","","","","","","","","","","","","","","","","","","","","","","","","","","","","","","","","",4.3,1,-1.3,1,4.3,1,"","",5.8,1,"","","","","","","","","","","","","","","","","","","","",67,1,"","","","","","","","","","","","",5.6,1,"","","","","","","","","","","","","","","","","","","","","","","","","","","","","","","","","","","","","","","","","","","","","","","","","","","","","","","","","","","","","","","","","","","","","","","","","","","","","","","","","","","","","","","","","","","","","","","","","","","","","","","","","","","","","","","","","","","",""
"06163007","TENDE_SAPC",44.043167,7.586,636,2000011920,0.,1,"","","","","","","","","","","","","","","","","","","","","","","","","","","","","","","","","","",2.1,1,-1.9,1,2.1,1,"","",4.2,1,"","","","","","","","","","","","","","","","","","","","",75,1,"","","","","","","","","","","","",5.3,1,"","","","","","","","","","","","","","","","","","","","","","","","","","","","","","","","","","","","","","","","","","","","","","","","","","","","","","","","","","","","","","","","","","","","","","","","","","","","","","","","","","","","","","","","","","","","","","","","","","","","","","","","","","","","","","","","","","","",""
"06163007","TENDE_SAPC",44.043167,7.586,636,2000011921,0.,1,"","","","","","","","","","","","","","","","","","","","","","","","","","","","","","","","","","",1.3,1,-2.1,1,1.3,1,"","",2.1,1,"","","","","","","","","","","","","","","","","","","","",78,1,"","","","","","","","","","","","",5.2,1,"","","","","","","","","","","","","","","","","","","","","","","","","","","","","","","","","","","","","","","","","","","","","","","","","","","","","","","","","","","","","","","","","","","","","","","","","","","","","","","","","","","","","","","","","","","","","","","","","","","","","","","","","","","","","","","","","","","",""
"06163007","TENDE_SAPC",44.043167,7.586,636,2000011922,0.,1,"","","","","","","","","","","","","","","","","","","","","","","","","","","","","","","","","","",0.8,1,-2.3,1,0.8,1,"","",1.3,1,"","","","","","","","","","","","","","","","","","","","",80,1,"","","","","","","","","","","","",5.2,1,"","","","","","","","","","","","","","","","","","","","","","","","","","","","","","","","","","","","","","","","","","","","","","","","","","","","","","","","","","","","","","","","","","","","","","","","","","","","","","","","","","","","","","","","","","","","","","","","","","","","","","","","","","","","","","","","","","","",""
"06163007","TENDE_SAPC",44.043167,7.586,636,2000011923,0.,1,"","","","","","","","","","","","","","","","","","","","","","","","","","","","","","","","","","",-0.2,1,-3.4,1,-0.2,1,"","",0.7,1,"","","","","","","","","","","","","","","","","","","","",79,1,"","","","","","","","","","","","",4.8,1,"","","","","","","","","","","","","","","","","","","","","","","","","","","","","","","","","","","","","","","","","","","","","","","","","","","","","","","","","","","","","","","","","","","","","","","","","","","","","","","","","","","","","","","","","","","","","","","","","","","","","","","","","","","","","","","","","","","",""
"06163007","TENDE_SAPC",44.043167,7.586,636,2000012000,0.,1,"","","","","","","","","","","","","","","","","","","","","","","","","","","","","","","","","","",-0.9,1,-3.6,1,-0.9,1,"","",-0.2,1,"","","","","","","","","","","","","","","","","","","","",82,1,"","","","","","","","","","","","",4.7,1,"","","","","","","","","","","","","","","","","","","","","","","","","","","","","","","","","","","","","","","","","","","","","","","","","","","","","","","","","","","","","","","","","","","","","","","","","","","","","","","","","","","","","","","","","","","","","","","","","","","","","","","","","","","","","","","","","","","",""
"06163007","TENDE_SAPC",44.043167,7.586,636,2000012001,0.,1,"","","","","","","","","","","","","","","","","","","","","","","","","","","","","","","","","","",-0.9,1,-4.1,1,-1.,1,"","",-0.7,1,"","","","","","","","","","","","","","","","","","","","",79,1,"","","","","","","","","","","","",4.5,1,"","","","","","","","","","","","","","","","","","","","","","","","","","","","","","","","","","","","","","","","","","","","","","","","","","","","","","","","","","","","","","","","","","","","","","","","","","","","","","","","","","","","","","","","","","","","","","","","","","","","","","","","","","","","","","","","","","","",""
"06163007","TENDE_SAPC",44.043167,7.586,636,2000012002,0.,1,"","","","","","","","","","","","","","","","","","","","","","","","","","","","","","","","","","",-1.3,1,-4.3,1,-1.5,1,"","",-0.9,1,"","","","","","","","","","","","","","","","","","","","",80,1,"","","","","","","","","","","","",4.4,1,"","","","","","","","","","","","","","","","","","","","","","","","","","","","","","","","","","","","","","","","","","","","","","","","","","","","","","","","","","","","","","","","","","","","","","","","","","","","","","","","","","","","","","","","","","","","","","","","","","","","","","","","","","","","","","","","","","","",""
"06163007","TENDE_SAPC",44.043167,7.586,636,2000012003,0.,1,"","","","","","","","","","","","","","","","","","","","","","","","","","","","","","","","","","",-1.3,1,-4.8,1,-1.4,1,"","",-1.1,1,"","","","","","","","","","","","","","","","","","","","",77,1,"","","","","","","","","","","","",4.3,1,"","","","","","","","","","","","","","","","","","","","","","","","","","","","","","","","","","","","","","","","","","","","","","","","","","","","","","","","","","","","","","","","","","","","","","","","","","","","","","","","","","","","","","","","","","","","","","","","","","","","","","","","","","","","","","","","","","","",""
"06163007","TENDE_SAPC",44.043167,7.586,636,2000012004,0.,1,"","","","","","","","","","","","","","","","","","","","","","","","","","","","","","","","","","",-1.6,1,-5.3,1,-1.6,1,"","",-1.1,1,"","","","","","","","","","","","","","","","","","","","",76,1,"","","","","","","","","","","","",4.1,1,"","","","","","","","","","","","","","","","","","","","","","","","","","","","","","","","","","","","","","","","","","","","","","","","","","","","","","","","","","","","","","","","","","","","","","","","","","","","","","","","","","","","","","","","","","","","","","","","","","","","","","","","","","","","","","","","","","","",""
"06163007","TENDE_SAPC",44.043167,7.586,636,2000012005,0.,1,"","","","","","","","","","","","","","","","","","","","","","","","","","","","","","","","","","",-1.8,1,-5.6,1,-1.9,1,"","",-1.6,1,"","","","","","","","","","","","","","","","","","","","",75,1,"","","","","","","","","","","","",4.,1,"","","","","","","","","","","","","","","","","","","","","","","","","","","","","","","","","","","","","","","","","","","","","","","","","","","","","","","","","","","","","","","","","","","","","","","","","","","","","","","","","","","","","","","","","","","","","","","","","","","","","","","","","","","","","","","","","","","",""
"06163007","TENDE_SAPC",44.043167,7.586,636,2000012006,0.,1,"","","","","","","","","","","","","","","","","","","","","","","","","","","","","","","","","","",-2.,1,-5.8,1,-2.,1,"","",-1.6,1,"","","","","","","","","","","","","","","","","","","","",75,1,"","","","","","","","","","","","",4.,1,"","","","","","","","","","","","","","","","","","","","","","","","","","","","","","","","","","","","","","","","","","","","","","","","","","","","","","","","","","","","","","","","","","","","","","","","","","","","","","","","","","","","","","","","","","","","","","","","","","","","","","","","","","","","","","","","","","","",""
"06163007","TENDE_SAPC",44.043167,7.586,636,2000012007,0.,1,"","","","","","","","","","","","","","","","","","","","","","","","","","","","","","","","","","",-2.2,1,-6.4,1,-2.3,1,"","",-2.,1,"","","","","","","","","","","","","","","","","","","","",73,1,"","","","","","","","","","","","",3.8,1,"","","","","","","","","","","","","","","","","","","","","","","","","","","","","","","","","","","","","","","","","","","","","","","","","","","","","","","","","","","","","","","","","","","","","","","","","","","","","","","","","","","","","","","","","","","","","","","","","","","","","","","","","","","","","","","","","","","",""
"06163007","TENDE_SAPC",44.043167,7.586,636,2000012008,0.,1,"","","","","","","","","","","","","","","","","","","","","","","","","","","","","","","","","","",-2.4,1,-6.4,1,-2.5,1,"","",-2.2,1,"","","","","","","","","","","","","","","","","","","","",74,1,"","","","","","","","","","","","",3.8,1,"","","","","","","","","","","","","","","","","","","","","","","","","","","","","","","","","","","","","","","","","","","","","","","","","","","","","","","","","","","","","","","","","","","","","","","","","","","","","","","","","","","","","","","","","","","","","","","","","","","","","","","","","","","","","","","","","","","",""
"06163007","TENDE_SAPC",44.043167,7.586,636,2000012009,0.,1,"","","","","","","","","","","","","","","","","","","","","","","","","","","","","","","","","","",-2.,1,-6.4,1,-2.4,1,"","",-1.9,1,"","","","","","","","","","","","","","","","","","","","",72,1,"","","","","","","","","","","","",3.8,1,"","","","","","","","","","","","","","","","","","","","","","","","","","","","","","","","","","","","","","","","","","","","","","","","","","","","","","","","","","","","","","","","","","","","","","","","","","","","","","","","","","","","","","","","","","","","","","","","","","","","","","","","","","","","","","","","","","","",""
"06163007","TENDE_SAPC",44.043167,7.586,636,2000012010,0.,1,"","","","","","","","","","","","","","","","","","","","","","","","","","","","","","","","","","",-1.7,1,-5.6,1,-2.1,1,"","",-1.7,1,"","","","","","","","","","","","","","","","","","","","",75,1,"","","","","","","","","","","","",4.,1,"","","","","","","","","","","","","","","","","","","","","","","","","","","","","","","","","","","","","","","","","","","","","","","","","","","","","","","","","","","","","","","","","","","","","","","","","","","","","","","","","","","","","","","","","","","","","","","","","","","","","","","","","","","","","","","","","","","",""
"06163007","TENDE_SAPC",44.043167,7.586,636,2000012011,0.,1,"","","","","","","","","","","","","","","","","","","","","","","","","","","","","","","","","","",4.9,1,-4.4,1,-1.7,1,"","",4.9,1,"","","","","","","","","","","","","","","","","","","","",51,1,"","","","","","","","","","","","",4.4,1,"","","","","","","","","","","","","","","","","","","","","","","","","","","","","","","","","","","","","","","","","","","","","","","","","","","","","","","","","","","","","","","","","","","","","","","","","","","","","","","","","","","","","","","","","","","","","","","","","","","","","","","","","","","","","","","","","","","",""
"06163007","TENDE_SAPC",44.043167,7.586,636,2000012012,0.,1,"","","","","","","","","","","","","","","","","","","","","","","","","","","","","","","","","","",7.9,1,-2.7,1,5.,1,"","",7.9,1,"","","","","","","","","","","","","","","","","","","","",47,1,"","","","","","","","","","","","",5.,1,"","","","","","","","","","","","","","","","","","","","","","","","","","","","","","","","","","","","","","","","","","","","","","","","","","","","","","","","","","","","","","","","","","","","","","","","","","","","","","","","","","","","","","","","","","","","","","","","","","","","","","","","","","","","","","","","","","","",""
"06163007","TENDE_SAPC",44.043167,7.586,636,2000012013,0.,1,"","","","","","","","","","","","","","","","","","","","","","","","","","","","","","","","","","",8.9,1,-1.8,1,7.9,1,"","",8.9,1,"","","","","","","","","","","","","","","","","","","","",47,1,"","","","","","","","","","","","",5.4,1,"","","","","","","","","","","","","","","","","","","","","","","","","","","","","","","","","","","","","","","","","","","","","","","","","","","","","","","","","","","","","","","","","","","","","","","","","","","","","","","","","","","","","","","","","","","","","","","","","","","","","","","","","","","","","","","","","","","",""
"06163007","TENDE_SAPC",44.043167,7.586,636,2000012014,0.,1,"","","","","","","","","","","","","","","","","","","","","","","","","","","","","","","","","","",8.8,1,-1.3,1,8.8,1,"","",9.2,1,"","","","","","","","","","","","","","","","","","","","",49,1,"","","","","","","","","","","","",5.5,1,"","","","","","","","","","","","","","","","","","","","","","","","","","","","","","","","","","","","","","","","","","","","","","","","","","","","","","","","","","","","","","","","","","","","","","","","","","","","","","","","","","","","","","","","","","","","","","","","","","","","","","","","","","","","","","","","","","","",""
"06163007","TENDE_SAPC",44.043167,7.586,636,2000012015,0.,1,"","","","","","","","","","","","","","","","","","","","","","","","","","","","","","","","","","",7.3,1,-0.2,1,7.3,1,"","",8.8,1,"","","","","","","","","","","","","","","","","","","","",59,1,"","","","","","","","","","","","",6.,1,"","","","","","","","","","","","","","","","","","","","","","","","","","","","","","","","","","","","","","","","","","","","","","","","","","","","","","","","","","","","","","","","","","","","","","","","","","","","","","","","","","","","","","","","","","","","","","","","","","","","","","","","","","","","","","","","","","","",""
"06163007","TENDE_SAPC",44.043167,7.586,636,2000012016,0.,1,"","","","","","","","","","","","","","","","","","","","","","","","","","","","","","","","","","",4.,1,-1.,1,4.,1,"","",7.3,1,"","","","","","","","","","","","","","","","","","","","",70,1,"","","","","","","","","","","","",5.7,1,"","","","","","","","","","","","","","","","","","","","","","","","","","","","","","","","","","","","","","","","","","","","","","","","","","","","","","","","","","","","","","","","","","","","","","","","","","","","","","","","","","","","","","","","","","","","","","","","","","","","","","","","","","","","","","","","","","","",""
"06163007","TENDE_SAPC",44.043167,7.586,636,2000012017,0.,1,"","","","","","","","","","","","","","","","","","","","","","","","","","","","","","","","","","",2.2,1,-2.1,1,2.2,1,"","",4.,1,"","","","","","","","","","","","","","","","","","","","",73,1,"","","","","","","","","","","","",5.2,1,"","","","","","","","","","","","","","","","","","","","","","","","","","","","","","","","","","","","","","","","","","","","","","","","","","","","","","","","","","","","","","","","","","","","","","","","","","","","","","","","","","","","","","","","","","","","","","","","","","","","","","","","","","","","","","","","","","","",""
"06163007","TENDE_SAPC",44.043167,7.586,636,2000012018,0.,1,"","","","","","","","","","","","","","","","","","","","","","","","","","","","","","","","","","",1.3,1,-2.6,1,1.3,1,"","",2.2,1,"","","","","","","","","","","","","","","","","","","","",75,1,"","","","","","","","","","","","",5.,1,"","","","","","","","","","","","","","","","","","","","","","","","","","","","","","","","","","","","","","","","","","","","","","","","","","","","","","","","","","","","","","","","","","","","","","","","","","","","","","","","","","","","","","","","","","","","","","","","","","","","","","","","","","","","","","","","","","","",""
"06163007","TENDE_SAPC",44.043167,7.586,636,2000012019,0.,1,"","","","","","","","","","","","","","","","","","","","","","","","","","","","","","","","","","",0.5,1,-2.6,1,0.5,1,"","",1.2,1,"","","","","","","","","","","","","","","","","","","","",80,1,"","","","","","","","","","","","",5.1,1,"","","","","","","","","","","","","","","","","","","","","","","","","","","","","","","","","","","","","","","","","","","","","","","","","","","","","","","","","","","","","","","","","","","","","","","","","","","","","","","","","","","","","","","","","","","","","","","","","","","","","","","","","","","","","","","","","","","",""
"06163007","TENDE_SAPC",44.043167,7.586,636,2000012020,0.,1,"","","","","","","","","","","","","","","","","","","","","","","","","","","","","","","","","","",0.,1,-2.9,1,0.,1,"","",0.6,1,"","","","","","","","","","","","","","","","","","","","",81,1,"","","","","","","","","","","","",5.,1,"","","","","","","","","","","","","","","","","","","","","","","","","","","","","","","","","","","","","","","","","","","","","","","","","","","","","","","","","","","","","","","","","","","","","","","","","","","","","","","","","","","","","","","","","","","","","","","","","","","","","","","","","","","","","","","","","","","",""
"06163007","TENDE_SAPC",44.043167,7.586,636,2000012021,0.,1,"","","","","","","","","","","","","","","","","","","","","","","","","","","","","","","","","","",0.,1,-3.,1,-0.1,1,"","",0.1,1,"","","","","","","","","","","","","","","","","","","","",80,1,"","","","","","","","","","","","",4.9,1,"","","","","","","","","","","","","","","","","","","","","","","","","","","","","","","","","","","","","","","","","","","","","","","","","","","","","","","","","","","","","","","","","","","","","","","","","","","","","","","","","","","","","","","","","","","","","","","","","","","","","","","","","","","","","","","","","","","",""
"06163007","TENDE_SAPC",44.043167,7.586,636,2000012022,0.,1,"","","","","","","","","","","","","","","","","","","","","","","","","","","","","","","","","","",-0.5,1,-3.2,1,-0.5,1,"","",-0.1,1,"","","","","","","","","","","","","","","","","","","","",82,1,"","","","","","","","","","","","",4.8,1,"","","","","","","","","","","","","","","","","","","","","","","","","","","","","","","","","","","","","","","","","","","","","","","","","","","","","","","","","","","","","","","","","","","","","","","","","","","","","","","","","","","","","","","","","","","","","","","","","","","","","","","","","","","","","","","","","","","",""
"06163007","TENDE_SAPC",44.043167,7.586,636,2000012023,0.,1,"","","","","","","","","","","","","","","","","","","","","","","","","","","","","","","","","","",-1.2,1,-3.9,1,-1.2,1,"","",-0.6,1,"","","","","","","","","","","","","","","","","","","","",82,1,"","","","","","","","","","","","",4.6,1,"","","","","","","","","","","","","","","","","","","","","","","","","","","","","","","","","","","","","","","","","","","","","","","","","","","","","","","","","","","","","","","","","","","","","","","","","","","","","","","","","","","","","","","","","","","","","","","","","","","","","","","","","","","","","","","","","","","",""
"06163007","TENDE_SAPC",44.043167,7.586,636,2000012100,0.,1,"","","","","","","","","","","","","","","","","","","","","","","","","","","","","","","","","","",-1.1,1,-4.1,1,-1.3,1,"","",-0.8,1,"","","","","","","","","","","","","","","","","","","","",80,1,"","","","","","","","","","","","",4.5,1,"","","","","","","","","","","","","","","","","","","","","","","","","","","","","","","","","","","","","","","","","","","","","","","","","","","","","","","","","","","","","","","","","","","","","","","","","","","","","","","","","","","","","","","","","","","","","","","","","","","","","","","","","","","","","","","","","","","",""
"06163007","TENDE_SAPC",44.043167,7.586,636,2000012101,0.,1,"","","","","","","","","","","","","","","","","","","","","","","","","","","","","","","","","","",-1.1,1,-4.1,1,-1.1,1,"","",-0.9,1,"","","","","","","","","","","","","","","","","","","","",80,1,"","","","","","","","","","","","",4.5,1,"","","","","","","","","","","","","","","","","","","","","","","","","","","","","","","","","","","","","","","","","","","","","","","","","","","","","","","","","","","","","","","","","","","","","","","","","","","","","","","","","","","","","","","","","","","","","","","","","","","","","","","","","","","","","","","","","","","",""
"06163007","TENDE_SAPC",44.043167,7.586,636,2000012102,0.,1,"","","","","","","","","","","","","","","","","","","","","","","","","","","","","","","","","","",-1.3,1,-4.3,1,-1.3,1,"","",-1.,1,"","","","","","","","","","","","","","","","","","","","",80,1,"","","","","","","","","","","","",4.4,1,"","","","","","","","","","","","","","","","","","","","","","","","","","","","","","","","","","","","","","","","","","","","","","","","","","","","","","","","","","","","","","","","","","","","","","","","","","","","","","","","","","","","","","","","","","","","","","","","","","","","","","","","","","","","","","","","","","","",""
"06163007","TENDE_SAPC",44.043167,7.586,636,2000012103,0.,1,"","","","","","","","","","","","","","","","","","","","","","","","","","","","","","","","","","",-1.4,1,-4.9,1,-1.8,1,"","",-1.3,1,"","","","","","","","","","","","","","","","","","","","",77,1,"","","","","","","","","","","","",4.2,1,"","","","","","","","","","","","","","","","","","","","","","","","","","","","","","","","","","","","","","","","","","","","","","","","","","","","","","","","","","","","","","","","","","","","","","","","","","","","","","","","","","","","","","","","","","","","","","","","","","","","","","","","","","","","","","","","","","","",""
"06163007","TENDE_SAPC",44.043167,7.586,636,2000012104,0.,1,"","","","","","","","","","","","","","","","","","","","","","","","","","","","","","","","","","",-1.4,1,-5.6,1,-1.8,1,"","",-1.3,1,"","","","","","","","","","","","","","","","","","","","",73,1,"","","","","","","","","","","","",4.,1,"","","","","","","","","","","","","","","","","","","","","","","","","","","","","","","","","","","","","","","","","","","","","","","","","","","","","","","","","","","","","","","","","","","","","","","","","","","","","","","","","","","","","","","","","","","","","","","","","","","","","","","","","","","","","","","","","","","",""
"06163007","TENDE_SAPC",44.043167,7.586,636,2000012105,0.,1,"","","","","","","","","","","","","","","","","","","","","","","","","","","","","","","","","","",-1.9,1,-6.1,1,-1.9,1,"","",-1.3,1,"","","","","","","","","","","","","","","","","","","","",73,1,"","","","","","","","","","","","",3.9,1,"","","","","","","","","","","","","","","","","","","","","","","","","","","","","","","","","","","","","","","","","","","","","","","","","","","","","","","","","","","","","","","","","","","","","","","","","","","","","","","","","","","","","","","","","","","","","","","","","","","","","","","","","","","","","","","","","","","",""
"06163007","TENDE_SAPC",44.043167,7.586,636,2000012106,0.,1,"","","","","","","","","","","","","","","","","","","","","","","","","","","","","","","","","","",-2.7,1,-6.3,1,-2.7,1,"","",-1.9,1,"","","","","","","","","","","","","","","","","","","","",76,1,"","","","","","","","","","","","",3.8,1,"","","","","","","","","","","","","","","","","","","","","","","","","","","","","","","","","","","","","","","","","","","","","","","","","","","","","","","","","","","","","","","","","","","","","","","","","","","","","","","","","","","","","","","","","","","","","","","","","","","","","","","","","","","","","","","","","","","",""
"06163007","TENDE_SAPC",44.043167,7.586,636,2000012107,0.,1,"","","","","","","","","","","","","","","","","","","","","","","","","","","","","","","","","","",-2.9,1,-6.9,1,-2.9,1,"","",-2.5,1,"","","","","","","","","","","","","","","","","","","","",74,1,"","","","","","","","","","","","",3.7,1,"","","","","","","","","","","","","","","","","","","","","","","","","","","","","","","","","","","","","","","","","","","","","","","","","","","","","","","","","","","","","","","","","","","","","","","","","","","","","","","","","","","","","","","","","","","","","","","","","","","","","","","","","","","","","","","","","","","",""
"06163007","TENDE_SAPC",44.043167,7.586,636,2000012108,0.,1,"","","","","","","","","","","","","","","","","","","","","","","","","","","","","","","","","","",-2.9,1,-7.1,1,-3.,1,"","",-2.9,1,"","","","","","","","","","","","","","","","","","","","",73,1,"","","","","","","","","","","","",3.6,1,"","","","","","","","","","","","","","","","","","","","","","","","","","","","","","","","","","","","","","","","","","","","","","","","","","","","","","","","","","","","","","","","","","","","","","","","","","","","","","","","","","","","","","","","","","","","","","","","","","","","","","","","","","","","","","","","","","","",""
"06163007","TENDE_SAPC",44.043167,7.586,636,2000012109,0.,1,"","","","","","","","","","","","","","","","","","","","","","","","","","","","","","","","","","",-2.3,1,-7.4,1,-3.,1,"","",-2.3,1,"","","","","","","","","","","","","","","","","","","","",68,1,"","","","","","","","","","","","",3.5,1,"","","","","","","","","","","","","","","","","","","","","","","","","","","","","","","","","","","","","","","","","","","","","","","","","","","","","","","","","","","","","","","","","","","","","","","","","","","","","","","","","","","","","","","","","","","","","","","","","","","","","","","","","","","","","","","","","","","",""
"06163007","TENDE_SAPC",44.043167,7.586,636,2000012110,0.,1,"","","","","","","","","","","","","","","","","","","","","","","","","","","","","","","","","","",-1.5,1,-7.2,1,-2.3,1,"","",-1.5,1,"","","","","","","","","","","","","","","","","","","","",65,1,"","","","","","","","","","","","",3.6,1,"","","","","","","","","","","","","","","","","","","","","","","","","","","","","","","","","","","","","","","","","","","","","","","","","","","","","","","","","","","","","","","","","","","","","","","","","","","","","","","","","","","","","","","","","","","","","","","","","","","","","","","","","","","","","","","","","","","",""
"06163007","TENDE_SAPC",44.043167,7.586,636,2000012111,0.,1,"","","","","","","","","","","","","","","","","","","","","","","","","","","","","","","","","","",6.4,1,-6.9,1,-1.4,1,"","",6.4,1,"","","","","","","","","","","","","","","","","","","","",38,1,"","","","","","","","","","","","",3.6,1,"","","","","","","","","","","","","","","","","","","","","","","","","","","","","","","","","","","","","","","","","","","","","","","","","","","","","","","","","","","","","","","","","","","","","","","","","","","","","","","","","","","","","","","","","","","","","","","","","","","","","","","","","","","","","","","","","","","",""
"06163007","TENDE_SAPC",44.043167,7.586,636,2000012112,0.,1,"","","","","","","","","","","","","","","","","","","","","","","","","","","","","","","","","","",8.3,1,-7.1,1,6.5,1,"","",9.1,1,"","","","","","","","","","","","","","","","","","","","",33,1,"","","","","","","","","","","","",3.6,1,"","","","","","","","","","","","","","","","","","","","","","","","","","","","","","","","","","","","","","","","","","","","","","","","","","","","","","","","","","","","","","","","","","","","","","","","","","","","","","","","","","","","","","","","","","","","","","","","","","","","","","","","","","","","","","","","","","","",""
"06163007","TENDE_SAPC",44.043167,7.586,636,2000012113,0.,1,"","","","","","","","","","","","","","","","","","","","","","","","","","","","","","","","","","",9.3,1,-4.3,1,8.3,1,"","",9.3,1,"","","","","","","","","","","","","","","","","","","","",38,1,"","","","","","","","","","","","",4.4,1,"","","","","","","","","","","","","","","","","","","","","","","","","","","","","","","","","","","","","","","","","","","","","","","","","","","","","","","","","","","","","","","","","","","","","","","","","","","","","","","","","","","","","","","","","","","","","","","","","","","","","","","","","","","","","","","","","","","",""
"06163007","TENDE_SAPC",44.043167,7.586,636,2000012114,0.,1,"","","","","","","","","","","","","","","","","","","","","","","","","","","","","","","","","","",9.5,1,-1.9,1,9.4,1,"","",10.1,1,"","","","","","","","","","","","","","","","","","","","",45,1,"","","","","","","","","","","","",5.3,1,"","","","","","","","","","","","","","","","","","","","","","","","","","","","","","","","","","","","","","","","","","","","","","","","","","","","","","","","","","","","","","","","","","","","","","","","","","","","","","","","","","","","","","","","","","","","","","","","","","","","","","","","","","","","","","","","","","","",""
"06163007","TENDE_SAPC",44.043167,7.586,636,2000012115,0.,1,"","","","","","","","","","","","","","","","","","","","","","","","","","","","","","","","","","",4.8,1,-3.5,1,4.7,1,"","",9.4,1,"","","","","","","","","","","","","","","","","","","","",55,1,"","","","","","","","","","","","",4.7,1,"","","","","","","","","","","","","","","","","","","","","","","","","","","","","","","","","","","","","","","","","","","","","","","","","","","","","","","","","","","","","","","","","","","","","","","","","","","","","","","","","","","","","","","","","","","","","","","","","","","","","","","","","","","","","","","","","","","",""
"06163007","TENDE_SAPC",44.043167,7.586,636,2000012116,0.,1,"","","","","","","","","","","","","","","","","","","","","","","","","","","","","","","","","","",2.5,1,-3.8,1,2.5,1,"","",4.8,1,"","","","","","","","","","","","","","","","","","","","",63,1,"","","","","","","","","","","","",4.6,1,"","","","","","","","","","","","","","","","","","","","","","","","","","","","","","","","","","","","","","","","","","","","","","","","","","","","","","","","","","","","","","","","","","","","","","","","","","","","","","","","","","","","","","","","","","","","","","","","","","","","","","","","","","","","","","","","","","","",""
"06163007","TENDE_SAPC",44.043167,7.586,636,2000012117,0.,1,"","","","","","","","","","","","","","","","","","","","","","","","","","","","","","","","","","",1.3,1,-4.2,1,1.3,1,"","",2.5,1,"","","","","","","","","","","","","","","","","","","","",67,1,"","","","","","","","","","","","",4.5,1,"","","","","","","","","","","","","","","","","","","","","","","","","","","","","","","","","","","","","","","","","","","","","","","","","","","","","","","","","","","","","","","","","","","","","","","","","","","","","","","","","","","","","","","","","","","","","","","","","","","","","","","","","","","","","","","","","","","",""
"06163007","TENDE_SAPC",44.043167,7.586,636,2000012118,0.,1,"","","","","","","","","","","","","","","","","","","","","","","","","","","","","","","","","","",0.1,1,-4.4,1,0.1,1,"","",1.3,1,"","","","","","","","","","","","","","","","","","","","",72,1,"","","","","","","","","","","","",4.4,1,"","","","","","","","","","","","","","","","","","","","","","","","","","","","","","","","","","","","","","","","","","","","","","","","","","","","","","","","","","","","","","","","","","","","","","","","","","","","","","","","","","","","","","","","","","","","","","","","","","","","","","","","","","","","","","","","","","","",""
"06163007","TENDE_SAPC",44.043167,7.586,636,2000012119,0.,1,"","","","","","","","","","","","","","","","","","","","","","","","","","","","","","","","","","",-0.7,1,-4.9,1,-0.7,1,"","",0.1,1,"","","","","","","","","","","","","","","","","","","","",73,1,"","","","","","","","","","","","",4.2,1,"","","","","","","","","","","","","","","","","","","","","","","","","","","","","","","","","","","","","","","","","","","","","","","","","","","","","","","","","","","","","","","","","","","","","","","","","","","","","","","","","","","","","","","","","","","","","","","","","","","","","","","","","","","","","","","","","","","",""
"06163007","TENDE_SAPC",44.043167,7.586,636,2000012120,0.,1,"","","","","","","","","","","","","","","","","","","","","","","","","","","","","","","","","","",-0.5,1,-5.7,1,-0.8,1,"","",-0.4,1,"","","","","","","","","","","","","","","","","","","","",68,1,"","","","","","","","","","","","",4.,1,"","","","","","","","","","","","","","","","","","","","","","","","","","","","","","","","","","","","","","","","","","","","","","","","","","","","","","","","","","","","","","","","","","","","","","","","","","","","","","","","","","","","","","","","","","","","","","","","","","","","","","","","","","","","","","","","","","","",""
"06163007","TENDE_SAPC",44.043167,7.586,636,2000012121,0.,1,"","","","","","","","","","","","","","","","","","","","","","","","","","","","","","","","","","",-0.2,1,-6.2,1,-0.5,1,"","",-0.1,1,"","","","","","","","","","","","","","","","","","","","",64,1,"","","","","","","","","","","","",3.9,1,"","","","","","","","","","","","","","","","","","","","","","","","","","","","","","","","","","","","","","","","","","","","","","","","","","","","","","","","","","","","","","","","","","","","","","","","","","","","","","","","","","","","","","","","","","","","","","","","","","","","","","","","","","","","","","","","","","","",""
"06163007","TENDE_SAPC",44.043167,7.586,636,2000012122,0.,1,"","","","","","","","","","","","","","","","","","","","","","","","","","","","","","","","","","",-0.8,1,-6.2,1,-0.8,1,"","",0.,1,"","","","","","","","","","","","","","","","","","","","",67,1,"","","","","","","","","","","","",3.9,1,"","","","","","","","","","","","","","","","","","","","","","","","","","","","","","","","","","","","","","","","","","","","","","","","","","","","","","","","","","","","","","","","","","","","","","","","","","","","","","","","","","","","","","","","","","","","","","","","","","","","","","","","","","","","","","","","","","","",""
"06163007","TENDE_SAPC",44.043167,7.586,636,2000012123,0.,1,"","","","","","","","","","","","","","","","","","","","","","","","","","","","","","","","","","",-1.4,1,-6.7,1,-1.4,1,"","",-0.8,1,"","","","","","","","","","","","","","","","","","","","",67,1,"","","","","","","","","","","","",3.7,1,"","","","","","","","","","","","","","","","","","","","","","","","","","","","","","","","","","","","","","","","","","","","","","","","","","","","","","","","","","","","","","","","","","","","","","","","","","","","","","","","","","","","","","","","","","","","","","","","","","","","","","","","","","","","","","","","","","","",""
"06163007","TENDE_SAPC",44.043167,7.586,636,2000012200,0.,1,"","","","","","","","","","","","","","","","","","","","","","","","","","","","","","","","","","",-1.9,1,-6.8,1,-1.9,1,"","",-1.3,1,"","","","","","","","","","","","","","","","","","","","",69,1,"","","","","","","","","","","","",3.7,1,"","","","","","","","","","","","","","","","","","","","","","","","","","","","","","","","","","","","","","","","","","","","","","","","","","","","","","","","","","","","","","","","","","","","","","","","","","","","","","","","","","","","","","","","","","","","","","","","","","","","","","","","","","","","","","","","","","","",""
"06163007","TENDE_SAPC",44.043167,7.586,636,2000012201,0.,1,"","","","","","","","","","","","","","","","","","","","","","","","","","","","","","","","","","",-2.3,1,-7.4,1,-2.3,1,"","",-2.,1,"","","","","","","","","","","","","","","","","","","","",68,1,"","","","","","","","","","","","",3.5,1,"","","","","","","","","","","","","","","","","","","","","","","","","","","","","","","","","","","","","","","","","","","","","","","","","","","","","","","","","","","","","","","","","","","","","","","","","","","","","","","","","","","","","","","","","","","","","","","","","","","","","","","","","","","","","","","","","","","",""
"06163007","TENDE_SAPC",44.043167,7.586,636,2000012202,0.,1,"","","","","","","","","","","","","","","","","","","","","","","","","","","","","","","","","","",-2.3,1,-7.6,1,-2.4,1,"","",-2.2,1,"","","","","","","","","","","","","","","","","","","","",67,1,"","","","","","","","","","","","",3.5,1,"","","","","","","","","","","","","","","","","","","","","","","","","","","","","","","","","","","","","","","","","","","","","","","","","","","","","","","","","","","","","","","","","","","","","","","","","","","","","","","","","","","","","","","","","","","","","","","","","","","","","","","","","","","","","","","","","","","",""
"06163007","TENDE_SAPC",44.043167,7.586,636,2000012203,0.,1,"","","","","","","","","","","","","","","","","","","","","","","","","","","","","","","","","","",-2.1,1,-7.4,1,-2.3,1,"","",-1.9,1,"","","","","","","","","","","","","","","","","","","","",67,1,"","","","","","","","","","","","",3.5,1,"","","","","","","","","","","","","","","","","","","","","","","","","","","","","","","","","","","","","","","","","","","","","","","","","","","","","","","","","","","","","","","","","","","","","","","","","","","","","","","","","","","","","","","","","","","","","","","","","","","","","","","","","","","","","","","","","","","",""
"06163007","TENDE_SAPC",44.043167,7.586,636,2000012204,0.,1,"","","","","","","","","","","","","","","","","","","","","","","","","","","","","","","","","","",-1.8,1,-7.9,1,-2.2,1,"","",-1.8,1,"","","","","","","","","","","","","","","","","","","","",63,1,"","","","","","","","","","","","",3.4,1,"","","","","","","","","","","","","","","","","","","","","","","","","","","","","","","","","","","","","","","","","","","","","","","","","","","","","","","","","","","","","","","","","","","","","","","","","","","","","","","","","","","","","","","","","","","","","","","","","","","","","","","","","","","","","","","","","","","",""
"06163007","TENDE_SAPC",44.043167,7.586,636,2000012205,0.,1,"","","","","","","","","","","","","","","","","","","","","","","","","","","","","","","","","","",-1.7,1,-7.6,1,-2.2,1,"","",-1.7,1,"","","","","","","","","","","","","","","","","","","","",64,1,"","","","","","","","","","","","",3.5,1,"","","","","","","","","","","","","","","","","","","","","","","","","","","","","","","","","","","","","","","","","","","","","","","","","","","","","","","","","","","","","","","","","","","","","","","","","","","","","","","","","","","","","","","","","","","","","","","","","","","","","","","","","","","","","","","","","","","",""
"06163007","TENDE_SAPC",44.043167,7.586,636,2000012206,0.,1,"","","","","","","","","","","","","","","","","","","","","","","","","","","","","","","","","","",-1.9,1,-8.,1,-2.,1,"","",-1.7,1,"","","","","","","","","","","","","","","","","","","","",63,1,"","","","","","","","","","","","",3.4,1,"","","","","","","","","","","","","","","","","","","","","","","","","","","","","","","","","","","","","","","","","","","","","","","","","","","","","","","","","","","","","","","","","","","","","","","","","","","","","","","","","","","","","","","","","","","","","","","","","","","","","","","","","","","","","","","","","","","",""
"06163007","TENDE_SAPC",44.043167,7.586,636,2000012207,0.,1,"","","","","","","","","","","","","","","","","","","","","","","","","","","","","","","","","","",-1.7,1,-8.2,1,-2.,1,"","",-1.6,1,"","","","","","","","","","","","","","","","","","","","",61,1,"","","","","","","","","","","","",3.3,1,"","","","","","","","","","","","","","","","","","","","","","","","","","","","","","","","","","","","","","","","","","","","","","","","","","","","","","","","","","","","","","","","","","","","","","","","","","","","","","","","","","","","","","","","","","","","","","","","","","","","","","","","","","","","","","","","","","","",""
"06163007","TENDE_SAPC",44.043167,7.586,636,2000012208,0.,1,"","","","","","","","","","","","","","","","","","","","","","","","","","","","","","","","","","",-2.,1,-7.9,1,-2.,1,"","",-1.2,1,"","","","","","","","","","","","","","","","","","","","",64,1,"","","","","","","","","","","","",3.4,1,"","","","","","","","","","","","","","","","","","","","","","","","","","","","","","","","","","","","","","","","","","","","","","","","","","","","","","","","","","","","","","","","","","","","","","","","","","","","","","","","","","","","","","","","","","","","","","","","","","","","","","","","","","","","","","","","","","","",""
"06163007","TENDE_SAPC",44.043167,7.586,636,2000012209,0.,1,"","","","","","","","","","","","","","","","","","","","","","","","","","","","","","","","","","",-2.4,1,-7.9,1,-2.4,1,"","",-2.,1,"","","","","","","","","","","","","","","","","","","","",66,1,"","","","","","","","","","","","",3.4,1,"","","","","","","","","","","","","","","","","","","","","","","","","","","","","","","","","","","","","","","","","","","","","","","","","","","","","","","","","","","","","","","","","","","","","","","","","","","","","","","","","","","","","","","","","","","","","","","","","","","","","","","","","","","","","","","","","","","",""
"06163007","TENDE_SAPC",44.043167,7.586,636,2000012210,0.,1,"","","","","","","","","","","","","","","","","","","","","","","","","","","","","","","","","","",-2.2,1,-7.1,1,-2.5,1,"","",-2.2,1,"","","","","","","","","","","","","","","","","","","","",69,1,"","","","","","","","","","","","",3.6,1,"","","","","","","","","","","","","","","","","","","","","","","","","","","","","","","","","","","","","","","","","","","","","","","","","","","","","","","","","","","","","","","","","","","","","","","","","","","","","","","","","","","","","","","","","","","","","","","","","","","","","","","","","","","","","","","","","","","",""
"06163007","TENDE_SAPC",44.043167,7.586,636,2000012211,0.,1,"","","","","","","","","","","","","","","","","","","","","","","","","","","","","","","","","","",5.8,1,-1.4,1,-2.2,1,"","",5.8,1,"","","","","","","","","","","","","","","","","","","","",60,1,"","","","","","","","","","","","",5.5,1,"","","","","","","","","","","","","","","","","","","","","","","","","","","","","","","","","","","","","","","","","","","","","","","","","","","","","","","","","","","","","","","","","","","","","","","","","","","","","","","","","","","","","","","","","","","","","","","","","","","","","","","","","","","","","","","","","","","",""
"06163007","TENDE_SAPC",44.043167,7.586,636,2000012212,0.,1,"","","","","","","","","","","","","","","","","","","","","","","","","","","","","","","","","","",6.7,1,-1.2,1,5.9,1,"","",6.8,1,"","","","","","","","","","","","","","","","","","","","",57,1,"","","","","","","","","","","","",5.6,1,"","","","","","","","","","","","","","","","","","","","","","","","","","","","","","","","","","","","","","","","","","","","","","","","","","","","","","","","","","","","","","","","","","","","","","","","","","","","","","","","","","","","","","","","","","","","","","","","","","","","","","","","","","","","","","","","","","","",""
"06163007","TENDE_SAPC",44.043167,7.586,636,2000012213,0.,1,"","","","","","","","","","","","","","","","","","","","","","","","","","","","","","","","","","",6.5,1,-0.9,1,6.5,1,"","",7.,1,"","","","","","","","","","","","","","","","","","","","",59,1,"","","","","","","","","","","","",5.7,1,"","","","","","","","","","","","","","","","","","","","","","","","","","","","","","","","","","","","","","","","","","","","","","","","","","","","","","","","","","","","","","","","","","","","","","","","","","","","","","","","","","","","","","","","","","","","","","","","","","","","","","","","","","","","","","","","","","","",""
"06163007","TENDE_SAPC",44.043167,7.586,636,2000012214,0.,1,"","","","","","","","","","","","","","","","","","","","","","","","","","","","","","","","","","",5.3,1,-0.3,1,5.3,1,"","",6.6,1,"","","","","","","","","","","","","","","","","","","","",67,1,"","","","","","","","","","","","",6.,1,"","","","","","","","","","","","","","","","","","","","","","","","","","","","","","","","","","","","","","","","","","","","","","","","","","","","","","","","","","","","","","","","","","","","","","","","","","","","","","","","","","","","","","","","","","","","","","","","","","","","","","","","","","","","","","","","","","","",""
"06163007","TENDE_SAPC",44.043167,7.586,636,2000012215,0.,1,"","","","","","","","","","","","","","","","","","","","","","","","","","","","","","","","","","",4.6,1,-0.2,1,4.6,1,"","",5.3,1,"","","","","","","","","","","","","","","","","","","","",71,1,"","","","","","","","","","","","",6.,1,"","","","","","","","","","","","","","","","","","","","","","","","","","","","","","","","","","","","","","","","","","","","","","","","","","","","","","","","","","","","","","","","","","","","","","","","","","","","","","","","","","","","","","","","","","","","","","","","","","","","","","","","","","","","","","","","","","","",""
"06163007","TENDE_SAPC",44.043167,7.586,636,2000012216,0.,1,"","","","","","","","","","","","","","","","","","","","","","","","","","","","","","","","","","",4.8,1,0.,1,4.2,1,"","",4.8,1,"","","","","","","","","","","","","","","","","","","","",71,1,"","","","","","","","","","","","",6.1,1,"","","","","","","","","","","","","","","","","","","","","","","","","","","","","","","","","","","","","","","","","","","","","","","","","","","","","","","","","","","","","","","","","","","","","","","","","","","","","","","","","","","","","","","","","","","","","","","","","","","","","","","","","","","","","","","","","","","",""
"06163007","TENDE_SAPC",44.043167,7.586,636,2000012217,0.,1,"","","","","","","","","","","","","","","","","","","","","","","","","","","","","","","","","","",4.4,1,0.,1,4.3,1,"","",4.8,1,"","","","","","","","","","","","","","","","","","","","",73,1,"","","","","","","","","","","","",6.1,1,"","","","","","","","","","","","","","","","","","","","","","","","","","","","","","","","","","","","","","","","","","","","","","","","","","","","","","","","","","","","","","","","","","","","","","","","","","","","","","","","","","","","","","","","","","","","","","","","","","","","","","","","","","","","","","","","","","","",""
"06163007","TENDE_SAPC",44.043167,7.586,636,2000012218,0.,1,"","","","","","","","","","","","","","","","","","","","","","","","","","","","","","","","","","",3.3,1,-0.5,1,3.3,1,"","",4.4,1,"","","","","","","","","","","","","","","","","","","","",76,1,"","","","","","","","","","","","",5.9,1,"","","","","","","","","","","","","","","","","","","","","","","","","","","","","","","","","","","","","","","","","","","","","","","","","","","","","","","","","","","","","","","","","","","","","","","","","","","","","","","","","","","","","","","","","","","","","","","","","","","","","","","","","","","","","","","","","","","",""
"06163007","TENDE_SAPC",44.043167,7.586,636,2000012219,0.,1,"","","","","","","","","","","","","","","","","","","","","","","","","","","","","","","","","","",4.4,1,-3.4,1,2.2,1,"","",4.4,1,"","","","","","","","","","","","","","","","","","","","",57,1,"","","","","","","","","","","","",4.8,1,"","","","","","","","","","","","","","","","","","","","","","","","","","","","","","","","","","","","","","","","","","","","","","","","","","","","","","","","","","","","","","","","","","","","","","","","","","","","","","","","","","","","","","","","","","","","","","","","","","","","","","","","","","","","","","","","","","","",""
"06163007","TENDE_SAPC",44.043167,7.586,636,2000012220,0.,1,"","","","","","","","","","","","","","","","","","","","","","","","","","","","","","","","","","",3.9,1,-3.2,1,3.8,1,"","",4.4,1,"","","","","","","","","","","","","","","","","","","","",60,1,"","","","","","","","","","","","",4.8,1,"","","","","","","","","","","","","","","","","","","","","","","","","","","","","","","","","","","","","","","","","","","","","","","","","","","","","","","","","","","","","","","","","","","","","","","","","","","","","","","","","","","","","","","","","","","","","","","","","","","","","","","","","","","","","","","","","","","",""
"06163007","TENDE_SAPC",44.043167,7.586,636,2000012221,0.,1,"","","","","","","","","","","","","","","","","","","","","","","","","","","","","","","","","","",4.4,1,-7.1,1,3.8,1,"","",4.4,1,"","","","","","","","","","","","","","","","","","","","",43,1,"","","","","","","","","","","","",3.6,1,"","","","","","","","","","","","","","","","","","","","","","","","","","","","","","","","","","","","","","","","","","","","","","","","","","","","","","","","","","","","","","","","","","","","","","","","","","","","","","","","","","","","","","","","","","","","","","","","","","","","","","","","","","","","","","","","","","","",""
"06163007","TENDE_SAPC",44.043167,7.586,636,2000012222,0.,1,"","","","","","","","","","","","","","","","","","","","","","","","","","","","","","","","","","",5.1,1,-10.7,1,4.4,1,"","",5.2,1,"","","","","","","","","","","","","","","","","","","","",31,1,"","","","","","","","","","","","",2.7,1,"","","","","","","","","","","","","","","","","","","","","","","","","","","","","","","","","","","","","","","","","","","","","","","","","","","","","","","","","","","","","","","","","","","","","","","","","","","","","","","","","","","","","","","","","","","","","","","","","","","","","","","","","","","","","","","","","","","",""
"06163007","TENDE_SAPC",44.043167,7.586,636,2000012223,0.,1,"","","","","","","","","","","","","","","","","","","","","","","","","","","","","","","","","","",4.9,1,-12.6,1,4.9,1,"","",5.3,1,"","","","","","","","","","","","","","","","","","","","",27,1,"","","","","","","","","","","","",2.3,1,"","","","","","","","","","","","","","","","","","","","","","","","","","","","","","","","","","","","","","","","","","","","","","","","","","","","","","","","","","","","","","","","","","","","","","","","","","","","","","","","","","","","","","","","","","","","","","","","","","","","","","","","","","","","","","","","","","","",""
"06163007","TENDE_SAPC",44.043167,7.586,636,2000012300,0.,1,"","","","","","","","","","","","","","","","","","","","","","","","","","","","","","","","","","",4.5,1,-12.9,1,4.5,1,"","",5.1,1,"","","","","","","","","","","","","","","","","","","","",27,1,"","","","","","","","","","","","",2.3,1,"","","","","","","","","","","","","","","","","","","","","","","","","","","","","","","","","","","","","","","","","","","","","","","","","","","","","","","","","","","","","","","","","","","","","","","","","","","","","","","","","","","","","","","","","","","","","","","","","","","","","","","","","","","","","","","","","","","",""
"06163007","TENDE_SAPC",44.043167,7.586,636,2000012301,0.,1,"","","","","","","","","","","","","","","","","","","","","","","","","","","","","","","","","","",1.8,1,-12.1,1,1.8,1,"","",4.4,1,"","","","","","","","","","","","","","","","","","","","",35,1,"","","","","","","","","","","","",2.4,1,"","","","","","","","","","","","","","","","","","","","","","","","","","","","","","","","","","","","","","","","","","","","","","","","","","","","","","","","","","","","","","","","","","","","","","","","","","","","","","","","","","","","","","","","","","","","","","","","","","","","","","","","","","","","","","","","","","","",""
"06163007","TENDE_SAPC",44.043167,7.586,636,2000012302,0.,1,"","","","","","","","","","","","","","","","","","","","","","","","","","","","","","","","","","",0.1,1,-10.2,1,0.1,1,"","",1.8,1,"","","","","","","","","","","","","","","","","","","","",46,1,"","","","","","","","","","","","",2.8,1,"","","","","","","","","","","","","","","","","","","","","","","","","","","","","","","","","","","","","","","","","","","","","","","","","","","","","","","","","","","","","","","","","","","","","","","","","","","","","","","","","","","","","","","","","","","","","","","","","","","","","","","","","","","","","","","","","","","",""
"06163007","TENDE_SAPC",44.043167,7.586,636,2000012303,0.,1,"","","","","","","","","","","","","","","","","","","","","","","","","","","","","","","","","","",-0.9,1,-10.,1,-1.,1,"","",0.2,1,"","","","","","","","","","","","","","","","","","","","",50,1,"","","","","","","","","","","","",2.9,1,"","","","","","","","","","","","","","","","","","","","","","","","","","","","","","","","","","","","","","","","","","","","","","","","","","","","","","","","","","","","","","","","","","","","","","","","","","","","","","","","","","","","","","","","","","","","","","","","","","","","","","","","","","","","","","","","","","","",""
"06163007","TENDE_SAPC",44.043167,7.586,636,2000012304,0.,1,"","","","","","","","","","","","","","","","","","","","","","","","","","","","","","","","","","",-1.6,1,-10.9,1,-1.6,1,"","",-0.9,1,"","","","","","","","","","","","","","","","","","","","",49,1,"","","","","","","","","","","","",2.7,1,"","","","","","","","","","","","","","","","","","","","","","","","","","","","","","","","","","","","","","","","","","","","","","","","","","","","","","","","","","","","","","","","","","","","","","","","","","","","","","","","","","","","","","","","","","","","","","","","","","","","","","","","","","","","","","","","","","","",""
"06163007","TENDE_SAPC",44.043167,7.586,636,2000012305,0.,1,"","","","","","","","","","","","","","","","","","","","","","","","","","","","","","","","","","",-0.3,1,-11.1,1,-1.8,1,"","",-0.3,1,"","","","","","","","","","","","","","","","","","","","",44,1,"","","","","","","","","","","","",2.6,1,"","","","","","","","","","","","","","","","","","","","","","","","","","","","","","","","","","","","","","","","","","","","","","","","","","","","","","","","","","","","","","","","","","","","","","","","","","","","","","","","","","","","","","","","","","","","","","","","","","","","","","","","","","","","","","","","","","","",""
"06163007","TENDE_SAPC",44.043167,7.586,636,2000012306,0.,1,"","","","","","","","","","","","","","","","","","","","","","","","","","","","","","","","","","",0.2,1,-11.8,1,-0.2,1,"","",0.8,1,"","","","","","","","","","","","","","","","","","","","",40,1,"","","","","","","","","","","","",2.5,1,"","","","","","","","","","","","","","","","","","","","","","","","","","","","","","","","","","","","","","","","","","","","","","","","","","","","","","","","","","","","","","","","","","","","","","","","","","","","","","","","","","","","","","","","","","","","","","","","","","","","","","","","","","","","","","","","","","","",""
"06163007","TENDE_SAPC",44.043167,7.586,636,2000012307,0.,1,"","","","","","","","","","","","","","","","","","","","","","","","","","","","","","","","","","",-0.1,1,-11.8,1,-0.2,1,"","",0.4,1,"","","","","","","","","","","","","","","","","","","","",41,1,"","","","","","","","","","","","",2.5,1,"","","","","","","","","","","","","","","","","","","","","","","","","","","","","","","","","","","","","","","","","","","","","","","","","","","","","","","","","","","","","","","","","","","","","","","","","","","","","","","","","","","","","","","","","","","","","","","","","","","","","","","","","","","","","","","","","","","",""
"06163007","TENDE_SAPC",44.043167,7.586,636,2000012308,0.,1,"","","","","","","","","","","","","","","","","","","","","","","","","","","","","","","","","","",-0.6,1,-11.7,1,-0.6,1,"","",-0.1,1,"","","","","","","","","","","","","","","","","","","","",43,1,"","","","","","","","","","","","",2.5,1,"","","","","","","","","","","","","","","","","","","","","","","","","","","","","","","","","","","","","","","","","","","","","","","","","","","","","","","","","","","","","","","","","","","","","","","","","","","","","","","","","","","","","","","","","","","","","","","","","","","","","","","","","","","","","","","","","","","",""
"06163007","TENDE_SAPC",44.043167,7.586,636,2000012309,0.,1,"","","","","","","","","","","","","","","","","","","","","","","","","","","","","","","","","","",1.2,1,-11.9,1,-1.1,1,"","",1.2,1,"","","","","","","","","","","","","","","","","","","","",37,1,"","","","","","","","","","","","",2.5,1,"","","","","","","","","","","","","","","","","","","","","","","","","","","","","","","","","","","","","","","","","","","","","","","","","","","","","","","","","","","","","","","","","","","","","","","","","","","","","","","","","","","","","","","","","","","","","","","","","","","","","","","","","","","","","","","","","","","",""
"06163007","TENDE_SAPC",44.043167,7.586,636,2000012310,0.,1,"","","","","","","","","","","","","","","","","","","","","","","","","","","","","","","","","","",5.8,1,-16.1,1,1.4,1,"","",5.9,1,"","","","","","","","","","","","","","","","","","","","",19,1,"","","","","","","","","","","","",1.8,1,"","","","","","","","","","","","","","","","","","","","","","","","","","","","","","","","","","","","","","","","","","","","","","","","","","","","","","","","","","","","","","","","","","","","","","","","","","","","","","","","","","","","","","","","","","","","","","","","","","","","","","","","","","","","","","","","","","","",""
"06163007","TENDE_SAPC",44.043167,7.586,636,2000012311,0.,1,"","","","","","","","","","","","","","","","","","","","","","","","","","","","","","","","","","",8.,1,-17.1,1,5.9,1,"","",8.,1,"","","","","","","","","","","","","","","","","","","","",15,1,"","","","","","","","","","","","",1.6,1,"","","","","","","","","","","","","","","","","","","","","","","","","","","","","","","","","","","","","","","","","","","","","","","","","","","","","","","","","","","","","","","","","","","","","","","","","","","","","","","","","","","","","","","","","","","","","","","","","","","","","","","","","","","","","","","","","","","",""
"06163007","TENDE_SAPC",44.043167,7.586,636,2000012312,0.,1,"","","","","","","","","","","","","","","","","","","","","","","","","","","","","","","","","","",9.1,1,"","",8.,1,"","",9.4,1,"","","","","","","","","","","","","","","","","","","","","","","","","","","","","","","","","","","","","","","","","","","","","","","","","","","","","","","","","","","","","","","","","","","","","","","","","","","","","","","","","","","","","","","","","","","","","","","","","","","","","","","","","","","","","","","","","","","","","","","","","","","","","","","","","","","","","","","","","","","","","","","","","","","","","","","",""
"06163007","TENDE_SAPC",44.043167,7.586,636,2000012313,0.,1,"","","","","","","","","","","","","","","","","","","","","","","","","","","","","","","","","","",9.2,1,"","",8.4,1,"","",9.3,1,"","","","","","","","","","","","","","","","","","","","","","","","","","","","","","","","","","","","","","","","","","","","","","","","","","","","","","","","","","","","","","","","","","","","","","","","","","","","","","","","","","","","","","","","","","","","","","","","","","","","","","","","","","","","","","","","","","","","","","","","","","","","","","","","","","","","","","","","","","","","","","","","","","","","","","","",""
"06163007","TENDE_SAPC",44.043167,7.586,636,2000012314,0.,1,"","","","","","","","","","","","","","","","","","","","","","","","","","","","","","","","","","",8.2,1,-12.3,1,6.9,1,"","",9.5,1,"","","","","","","","","","","","","","","","","","","","",22,1,"","","","","","","","","","","","",2.4,1,"","","","","","","","","","","","","","","","","","","","","","","","","","","","","","","","","","","","","","","","","","","","","","","","","","","","","","","","","","","","","","","","","","","","","","","","","","","","","","","","","","","","","","","","","","","","","","","","","","","","","","","","","","","","","","","","","","","",""
"06163007","TENDE_SAPC",44.043167,7.586,636,2000012315,0.,1,"","","","","","","","","","","","","","","","","","","","","","","","","","","","","","","","","","",4.,1,-11.2,1,3.9,1,"","",8.3,1,"","","","","","","","","","","","","","","","","","","","",32,1,"","","","","","","","","","","","",2.6,1,"","","","","","","","","","","","","","","","","","","","","","","","","","","","","","","","","","","","","","","","","","","","","","","","","","","","","","","","","","","","","","","","","","","","","","","","","","","","","","","","","","","","","","","","","","","","","","","","","","","","","","","","","","","","","","","","","","","",""
"06163007","TENDE_SAPC",44.043167,7.586,636,2000012316,0.,1,"","","","","","","","","","","","","","","","","","","","","","","","","","","","","","","","","","",5.6,1,-5.7,1,4.1,1,"","",5.6,1,"","","","","","","","","","","","","","","","","","","","",44,1,"","","","","","","","","","","","",4.,1,"","","","","","","","","","","","","","","","","","","","","","","","","","","","","","","","","","","","","","","","","","","","","","","","","","","","","","","","","","","","","","","","","","","","","","","","","","","","","","","","","","","","","","","","","","","","","","","","","","","","","","","","","","","","","","","","","","","",""
"06163007","TENDE_SAPC",44.043167,7.586,636,2000012317,0.,1,"","","","","","","","","","","","","","","","","","","","","","","","","","","","","","","","","","",1.8,1,-7.8,1,1.8,1,"","",5.5,1,"","","","","","","","","","","","","","","","","","","","",49,1,"","","","","","","","","","","","",3.4,1,"","","","","","","","","","","","","","","","","","","","","","","","","","","","","","","","","","","","","","","","","","","","","","","","","","","","","","","","","","","","","","","","","","","","","","","","","","","","","","","","","","","","","","","","","","","","","","","","","","","","","","","","","","","","","","","","","","","",""
"06163007","TENDE_SAPC",44.043167,7.586,636,2000012318,0.,1,"","","","","","","","","","","","","","","","","","","","","","","","","","","","","","","","","","",0.,1,-8.,1,0.,1,"","",1.7,1,"","","","","","","","","","","","","","","","","","","","",55,1,"","","","","","","","","","","","",3.4,1,"","","","","","","","","","","","","","","","","","","","","","","","","","","","","","","","","","","","","","","","","","","","","","","","","","","","","","","","","","","","","","","","","","","","","","","","","","","","","","","","","","","","","","","","","","","","","","","","","","","","","","","","","","","","","","","","","","","",""
"06163007","TENDE_SAPC",44.043167,7.586,636,2000012319,0.,1,"","","","","","","","","","","","","","","","","","","","","","","","","","","","","","","","","","",-0.9,1,-8.1,1,-0.9,1,"","",-0.1,1,"","","","","","","","","","","","","","","","","","","","",58,1,"","","","","","","","","","","","",3.3,1,"","","","","","","","","","","","","","","","","","","","","","","","","","","","","","","","","","","","","","","","","","","","","","","","","","","","","","","","","","","","","","","","","","","","","","","","","","","","","","","","","","","","","","","","","","","","","","","","","","","","","","","","","","","","","","","","","","","",""
"06163007","TENDE_SAPC",44.043167,7.586,636,2000012320,0.,1,"","","","","","","","","","","","","","","","","","","","","","","","","","","","","","","","","","",-0.9,1,-7.9,1,-1.3,1,"","",-0.9,1,"","","","","","","","","","","","","","","","","","","","",59,1,"","","","","","","","","","","","",3.4,1,"","","","","","","","","","","","","","","","","","","","","","","","","","","","","","","","","","","","","","","","","","","","","","","","","","","","","","","","","","","","","","","","","","","","","","","","","","","","","","","","","","","","","","","","","","","","","","","","","","","","","","","","","","","","","","","","","","","",""
"06163007","TENDE_SAPC",44.043167,7.586,636,2000012321,0.,1,"","","","","","","","","","","","","","","","","","","","","","","","","","","","","","","","","","",-1.8,1,-8.1,1,-1.8,1,"","",-0.9,1,"","","","","","","","","","","","","","","","","","","","",62,1,"","","","","","","","","","","","",3.3,1,"","","","","","","","","","","","","","","","","","","","","","","","","","","","","","","","","","","","","","","","","","","","","","","","","","","","","","","","","","","","","","","","","","","","","","","","","","","","","","","","","","","","","","","","","","","","","","","","","","","","","","","","","","","","","","","","","","","",""
"06163007","TENDE_SAPC",44.043167,7.586,636,2000012322,0.,1,"","","","","","","","","","","","","","","","","","","","","","","","","","","","","","","","","","",-2.1,1,-8.6,1,-2.1,1,"","",-1.8,1,"","","","","","","","","","","","","","","","","","","","",61,1,"","","","","","","","","","","","",3.2,1,"","","","","","","","","","","","","","","","","","","","","","","","","","","","","","","","","","","","","","","","","","","","","","","","","","","","","","","","","","","","","","","","","","","","","","","","","","","","","","","","","","","","","","","","","","","","","","","","","","","","","","","","","","","","","","","","","","","",""
"06163007","TENDE_SAPC",44.043167,7.586,636,2000012323,0.,1,"","","","","","","","","","","","","","","","","","","","","","","","","","","","","","","","","","",-2.2,1,-9.4,1,-2.2,1,"","",-1.9,1,"","","","","","","","","","","","","","","","","","","","",58,1,"","","","","","","","","","","","",3.,1,"","","","","","","","","","","","","","","","","","","","","","","","","","","","","","","","","","","","","","","","","","","","","","","","","","","","","","","","","","","","","","","","","","","","","","","","","","","","","","","","","","","","","","","","","","","","","","","","","","","","","","","","","","","","","","","","","","","",""
"06163007","TENDE_SAPC",44.043167,7.586,636,2000012400,0.,1,"","","","","","","","","","","","","","","","","","","","","","","","","","","","","","","","","","",-2.5,1,-9.9,1,-2.5,1,"","",-2.2,1,"","","","","","","","","","","","","","","","","","","","",57,1,"","","","","","","","","","","","",2.9,1,"","","","","","","","","","","","","","","","","","","","","","","","","","","","","","","","","","","","","","","","","","","","","","","","","","","","","","","","","","","","","","","","","","","","","","","","","","","","","","","","","","","","","","","","","","","","","","","","","","","","","","","","","","","","","","","","","","","",""
"06163007","TENDE_SAPC",44.043167,7.586,636,2000012401,0.,1,"","","","","","","","","","","","","","","","","","","","","","","","","","","","","","","","","","",-2.9,1,-10.,1,-2.9,1,"","",-2.5,1,"","","","","","","","","","","","","","","","","","","","",58,1,"","","","","","","","","","","","",2.9,1,"","","","","","","","","","","","","","","","","","","","","","","","","","","","","","","","","","","","","","","","","","","","","","","","","","","","","","","","","","","","","","","","","","","","","","","","","","","","","","","","","","","","","","","","","","","","","","","","","","","","","","","","","","","","","","","","","","","",""
"06163007","TENDE_SAPC",44.043167,7.586,636,2000012402,0.,1,"","","","","","","","","","","","","","","","","","","","","","","","","","","","","","","","","","",-2.4,1,-10.9,1,-2.9,1,"","",-2.2,1,"","","","","","","","","","","","","","","","","","","","",52,1,"","","","","","","","","","","","",2.7,1,"","","","","","","","","","","","","","","","","","","","","","","","","","","","","","","","","","","","","","","","","","","","","","","","","","","","","","","","","","","","","","","","","","","","","","","","","","","","","","","","","","","","","","","","","","","","","","","","","","","","","","","","","","","","","","","","","","","",""
"06163007","TENDE_SAPC",44.043167,7.586,636,2000012403,0.,1,"","","","","","","","","","","","","","","","","","","","","","","","","","","","","","","","","","",-2.5,1,-10.3,1,-2.5,1,"","",-2.2,1,"","","","","","","","","","","","","","","","","","","","",55,1,"","","","","","","","","","","","",2.8,1,"","","","","","","","","","","","","","","","","","","","","","","","","","","","","","","","","","","","","","","","","","","","","","","","","","","","","","","","","","","","","","","","","","","","","","","","","","","","","","","","","","","","","","","","","","","","","","","","","","","","","","","","","","","","","","","","","","","",""
"06163007","TENDE_SAPC",44.043167,7.586,636,2000012404,0.,1,"","","","","","","","","","","","","","","","","","","","","","","","","","","","","","","","","","",-2.2,1,-10.5,1,-2.6,1,"","",-2.1,1,"","","","","","","","","","","","","","","","","","","","",53,1,"","","","","","","","","","","","",2.8,1,"","","","","","","","","","","","","","","","","","","","","","","","","","","","","","","","","","","","","","","","","","","","","","","","","","","","","","","","","","","","","","","","","","","","","","","","","","","","","","","","","","","","","","","","","","","","","","","","","","","","","","","","","","","","","","","","","","","",""
"06163007","TENDE_SAPC",44.043167,7.586,636,2000012405,0.,1,"","","","","","","","","","","","","","","","","","","","","","","","","","","","","","","","","","",-2.4,1,-11.2,1,-2.5,1,"","",-2.2,1,"","","","","","","","","","","","","","","","","","","","",51,1,"","","","","","","","","","","","",2.6,1,"","","","","","","","","","","","","","","","","","","","","","","","","","","","","","","","","","","","","","","","","","","","","","","","","","","","","","","","","","","","","","","","","","","","","","","","","","","","","","","","","","","","","","","","","","","","","","","","","","","","","","","","","","","","","","","","","","","",""
"06163007","TENDE_SAPC",44.043167,7.586,636,2000012406,0.,1,"","","","","","","","","","","","","","","","","","","","","","","","","","","","","","","","","","",-2.8,1,-11.8,1,-3.2,1,"","",-2.4,1,"","","","","","","","","","","","","","","","","","","","",50,1,"","","","","","","","","","","","",2.5,1,"","","","","","","","","","","","","","","","","","","","","","","","","","","","","","","","","","","","","","","","","","","","","","","","","","","","","","","","","","","","","","","","","","","","","","","","","","","","","","","","","","","","","","","","","","","","","","","","","","","","","","","","","","","","","","","","","","","",""
"06163007","TENDE_SAPC",44.043167,7.586,636,2000012407,0.,1,"","","","","","","","","","","","","","","","","","","","","","","","","","","","","","","","","","",-2.8,1,-11.5,1,-2.9,1,"","",-2.6,1,"","","","","","","","","","","","","","","","","","","","",51,1,"","","","","","","","","","","","",2.5,1,"","","","","","","","","","","","","","","","","","","","","","","","","","","","","","","","","","","","","","","","","","","","","","","","","","","","","","","","","","","","","","","","","","","","","","","","","","","","","","","","","","","","","","","","","","","","","","","","","","","","","","","","","","","","","","","","","","","",""
"06163007","TENDE_SAPC",44.043167,7.586,636,2000012408,0.,1,"","","","","","","","","","","","","","","","","","","","","","","","","","","","","","","","","","",-3.2,1,-11.4,1,-3.3,1,"","",-2.8,1,"","","","","","","","","","","","","","","","","","","","",53,1,"","","","","","","","","","","","",2.6,1,"","","","","","","","","","","","","","","","","","","","","","","","","","","","","","","","","","","","","","","","","","","","","","","","","","","","","","","","","","","","","","","","","","","","","","","","","","","","","","","","","","","","","","","","","","","","","","","","","","","","","","","","","","","","","","","","","","","",""
"06163007","TENDE_SAPC",44.043167,7.586,636,2000012409,0.,1,"","","","","","","","","","","","","","","","","","","","","","","","","","","","","","","","","","",-3.4,1,-11.2,1,-3.5,1,"","",-3.2,1,"","","","","","","","","","","","","","","","","","","","",55,1,"","","","","","","","","","","","",2.6,1,"","","","","","","","","","","","","","","","","","","","","","","","","","","","","","","","","","","","","","","","","","","","","","","","","","","","","","","","","","","","","","","","","","","","","","","","","","","","","","","","","","","","","","","","","","","","","","","","","","","","","","","","","","","","","","","","","","","",""
"06163007","TENDE_SAPC",44.043167,7.586,636,2000012410,0.,1,"","","","","","","","","","","","","","","","","","","","","","","","","","","","","","","","","","",-2.6,1,-10.9,1,-3.5,1,"","",-2.6,1,"","","","","","","","","","","","","","","","","","","","",53,1,"","","","","","","","","","","","",2.7,1,"","","","","","","","","","","","","","","","","","","","","","","","","","","","","","","","","","","","","","","","","","","","","","","","","","","","","","","","","","","","","","","","","","","","","","","","","","","","","","","","","","","","","","","","","","","","","","","","","","","","","","","","","","","","","","","","","","","",""
"06163007","TENDE_SAPC",44.043167,7.586,636,2000012411,0.,1,"","","","","","","","","","","","","","","","","","","","","","","","","","","","","","","","","","",4.4,1,-13.,1,-2.6,1,"","",4.4,1,"","","","","","","","","","","","","","","","","","","","",27,1,"","","","","","","","","","","","",2.3,1,"","","","","","","","","","","","","","","","","","","","","","","","","","","","","","","","","","","","","","","","","","","","","","","","","","","","","","","","","","","","","","","","","","","","","","","","","","","","","","","","","","","","","","","","","","","","","","","","","","","","","","","","","","","","","","","","","","","",""
"06163007","TENDE_SAPC",44.043167,7.586,636,2000012412,0.,1,"","","","","","","","","","","","","","","","","","","","","","","","","","","","","","","","","","",7.7,1,-13.9,1,4.5,1,"","",7.7,1,"","","","","","","","","","","","","","","","","","","","",20,1,"","","","","","","","","","","","",2.1,1,"","","","","","","","","","","","","","","","","","","","","","","","","","","","","","","","","","","","","","","","","","","","","","","","","","","","","","","","","","","","","","","","","","","","","","","","","","","","","","","","","","","","","","","","","","","","","","","","","","","","","","","","","","","","","","","","","","","",""
"06163007","TENDE_SAPC",44.043167,7.586,636,2000012413,0.,1,"","","","","","","","","","","","","","","","","","","","","","","","","","","","","","","","","","",6.4,1,-11.3,1,6.4,1,"","",8.1,1,"","","","","","","","","","","","","","","","","","","","",27,1,"","","","","","","","","","","","",2.6,1,"","","","","","","","","","","","","","","","","","","","","","","","","","","","","","","","","","","","","","","","","","","","","","","","","","","","","","","","","","","","","","","","","","","","","","","","","","","","","","","","","","","","","","","","","","","","","","","","","","","","","","","","","","","","","","","","","","","",""
"06163007","TENDE_SAPC",44.043167,7.586,636,2000012414,0.,1,"","","","","","","","","","","","","","","","","","","","","","","","","","","","","","","","","","",5.4,1,-7.1,1,5.4,1,"","",6.3,1,"","","","","","","","","","","","","","","","","","","","",40,1,"","","","","","","","","","","","",3.6,1,"","","","","","","","","","","","","","","","","","","","","","","","","","","","","","","","","","","","","","","","","","","","","","","","","","","","","","","","","","","","","","","","","","","","","","","","","","","","","","","","","","","","","","","","","","","","","","","","","","","","","","","","","","","","","","","","","","","",""
"06163007","TENDE_SAPC",44.043167,7.586,636,2000012415,0.,1,"","","","","","","","","","","","","","","","","","","","","","","","","","","","","","","","","","",5.1,1,-6.2,1,5.1,1,"","",5.4,1,"","","","","","","","","","","","","","","","","","","","",44,1,"","","","","","","","","","","","",3.9,1,"","","","","","","","","","","","","","","","","","","","","","","","","","","","","","","","","","","","","","","","","","","","","","","","","","","","","","","","","","","","","","","","","","","","","","","","","","","","","","","","","","","","","","","","","","","","","","","","","","","","","","","","","","","","","","","","","","","",""
"06163007","TENDE_SAPC",44.043167,7.586,636,2000012416,0.,1,"","","","","","","","","","","","","","","","","","","","","","","","","","","","","","","","","","",3.4,1,-5.5,1,3.3,1,"","",5.1,1,"","","","","","","","","","","","","","","","","","","","",52,1,"","","","","","","","","","","","",4.1,1,"","","","","","","","","","","","","","","","","","","","","","","","","","","","","","","","","","","","","","","","","","","","","","","","","","","","","","","","","","","","","","","","","","","","","","","","","","","","","","","","","","","","","","","","","","","","","","","","","","","","","","","","","","","","","","","","","","","",""
"06163007","TENDE_SAPC",44.043167,7.586,636,2000012417,0.,1,"","","","","","","","","","","","","","","","","","","","","","","","","","","","","","","","","","",1.3,1,-3.4,1,1.3,1,"","",3.4,1,"","","","","","","","","","","","","","","","","","","","",71,1,"","","","","","","","","","","","",4.8,1,"","","","","","","","","","","","","","","","","","","","","","","","","","","","","","","","","","","","","","","","","","","","","","","","","","","","","","","","","","","","","","","","","","","","","","","","","","","","","","","","","","","","","","","","","","","","","","","","","","","","","","","","","","","","","","","","","","","",""
"06163007","TENDE_SAPC",44.043167,7.586,636,2000012418,0.,1,"","","","","","","","","","","","","","","","","","","","","","","","","","","","","","","","","","",0.5,1,-3.4,1,0.5,1,"","",1.2,1,"","","","","","","","","","","","","","","","","","","","",75,1,"","","","","","","","","","","","",4.8,1,"","","","","","","","","","","","","","","","","","","","","","","","","","","","","","","","","","","","","","","","","","","","","","","","","","","","","","","","","","","","","","","","","","","","","","","","","","","","","","","","","","","","","","","","","","","","","","","","","","","","","","","","","","","","","","","","","","","",""
"06163007","TENDE_SAPC",44.043167,7.586,636,2000012419,0.,1,"","","","","","","","","","","","","","","","","","","","","","","","","","","","","","","","","","",1.9,1,-10.3,1,0.4,1,"","",1.9,1,"","","","","","","","","","","","","","","","","","","","",40,1,"","","","","","","","","","","","",2.8,1,"","","","","","","","","","","","","","","","","","","","","","","","","","","","","","","","","","","","","","","","","","","","","","","","","","","","","","","","","","","","","","","","","","","","","","","","","","","","","","","","","","","","","","","","","","","","","","","","","","","","","","","","","","","","","","","","","","","",""
"06163007","TENDE_SAPC",44.043167,7.586,636,2000012420,0.,1,"","","","","","","","","","","","","","","","","","","","","","","","","","","","","","","","","","",2.4,1,-10.8,1,2.,1,"","",2.5,1,"","","","","","","","","","","","","","","","","","","","",37,1,"","","","","","","","","","","","",2.7,1,"","","","","","","","","","","","","","","","","","","","","","","","","","","","","","","","","","","","","","","","","","","","","","","","","","","","","","","","","","","","","","","","","","","","","","","","","","","","","","","","","","","","","","","","","","","","","","","","","","","","","","","","","","","","","","","","","","","",""
"06163007","TENDE_SAPC",44.043167,7.586,636,2000012421,0.,1,"","","","","","","","","","","","","","","","","","","","","","","","","","","","","","","","","","",1.6,1,-9.4,1,1.6,1,"","",2.4,1,"","","","","","","","","","","","","","","","","","","","",44,1,"","","","","","","","","","","","",3.,1,"","","","","","","","","","","","","","","","","","","","","","","","","","","","","","","","","","","","","","","","","","","","","","","","","","","","","","","","","","","","","","","","","","","","","","","","","","","","","","","","","","","","","","","","","","","","","","","","","","","","","","","","","","","","","","","","","","","",""
"06163007","TENDE_SAPC",44.043167,7.586,636,2000012422,0.,1,"","","","","","","","","","","","","","","","","","","","","","","","","","","","","","","","","","",1.2,1,-8.6,1,1.2,1,"","",1.5,1,"","","","","","","","","","","","","","","","","","","","",48,1,"","","","","","","","","","","","",3.2,1,"","","","","","","","","","","","","","","","","","","","","","","","","","","","","","","","","","","","","","","","","","","","","","","","","","","","","","","","","","","","","","","","","","","","","","","","","","","","","","","","","","","","","","","","","","","","","","","","","","","","","","","","","","","","","","","","","","","",""
"06163007","TENDE_SAPC",44.043167,7.586,636,2000012423,0.,1,"","","","","","","","","","","","","","","","","","","","","","","","","","","","","","","","","","",0.7,1,-8.3,1,0.7,1,"","",1.2,1,"","","","","","","","","","","","","","","","","","","","",51,1,"","","","","","","","","","","","",3.3,1,"","","","","","","","","","","","","","","","","","","","","","","","","","","","","","","","","","","","","","","","","","","","","","","","","","","","","","","","","","","","","","","","","","","","","","","","","","","","","","","","","","","","","","","","","","","","","","","","","","","","","","","","","","","","","","","","","","","",""
"06163007","TENDE_SAPC",44.043167,7.586,636,2000012500,0.,1,"","","","","","","","","","","","","","","","","","","","","","","","","","","","","","","","","","",0.7,1,-8.8,1,0.5,1,"","",0.7,1,"","","","","","","","","","","","","","","","","","","","",49,1,"","","","","","","","","","","","",3.2,1,"","","","","","","","","","","","","","","","","","","","","","","","","","","","","","","","","","","","","","","","","","","","","","","","","","","","","","","","","","","","","","","","","","","","","","","","","","","","","","","","","","","","","","","","","","","","","","","","","","","","","","","","","","","","","","","","","","","",""
"06163007","TENDE_SAPC",44.043167,7.586,636,2000012501,0.,1,"","","","","","","","","","","","","","","","","","","","","","","","","","","","","","","","","","",0.5,1,-8.7,1,0.5,1,"","",0.8,1,"","","","","","","","","","","","","","","","","","","","",50,1,"","","","","","","","","","","","",3.2,1,"","","","","","","","","","","","","","","","","","","","","","","","","","","","","","","","","","","","","","","","","","","","","","","","","","","","","","","","","","","","","","","","","","","","","","","","","","","","","","","","","","","","","","","","","","","","","","","","","","","","","","","","","","","","","","","","","","","",""
"06163007","TENDE_SAPC",44.043167,7.586,636,2000012502,0.,1,"","","","","","","","","","","","","","","","","","","","","","","","","","","","","","","","","","",0.4,1,-8.8,1,0.3,1,"","",0.8,1,"","","","","","","","","","","","","","","","","","","","",50,1,"","","","","","","","","","","","",3.1,1,"","","","","","","","","","","","","","","","","","","","","","","","","","","","","","","","","","","","","","","","","","","","","","","","","","","","","","","","","","","","","","","","","","","","","","","","","","","","","","","","","","","","","","","","","","","","","","","","","","","","","","","","","","","","","","","","","","","",""
"06163007","TENDE_SAPC",44.043167,7.586,636,2000012503,0.,1,"","","","","","","","","","","","","","","","","","","","","","","","","","","","","","","","","","",0.2,1,-9.,1,0.2,1,"","",0.7,1,"","","","","","","","","","","","","","","","","","","","",50,1,"","","","","","","","","","","","",3.1,1,"","","","","","","","","","","","","","","","","","","","","","","","","","","","","","","","","","","","","","","","","","","","","","","","","","","","","","","","","","","","","","","","","","","","","","","","","","","","","","","","","","","","","","","","","","","","","","","","","","","","","","","","","","","","","","","","","","","",""
"06163007","TENDE_SAPC",44.043167,7.586,636,2000012504,0.,1,"","","","","","","","","","","","","","","","","","","","","","","","","","","","","","","","","","",-0.5,1,-9.7,1,-0.5,1,"","",0.2,1,"","","","","","","","","","","","","","","","","","","","",50,1,"","","","","","","","","","","","",2.9,1,"","","","","","","","","","","","","","","","","","","","","","","","","","","","","","","","","","","","","","","","","","","","","","","","","","","","","","","","","","","","","","","","","","","","","","","","","","","","","","","","","","","","","","","","","","","","","","","","","","","","","","","","","","","","","","","","","","","",""
"06163007","TENDE_SAPC",44.043167,7.586,636,2000012505,0.,1,"","","","","","","","","","","","","","","","","","","","","","","","","","","","","","","","","","",-1.,1,-10.1,1,-1.,1,"","",-0.5,1,"","","","","","","","","","","","","","","","","","","","",50,1,"","","","","","","","","","","","",2.8,1,"","","","","","","","","","","","","","","","","","","","","","","","","","","","","","","","","","","","","","","","","","","","","","","","","","","","","","","","","","","","","","","","","","","","","","","","","","","","","","","","","","","","","","","","","","","","","","","","","","","","","","","","","","","","","","","","","","","",""
"06163007","TENDE_SAPC",44.043167,7.586,636,2000012506,0.,1,"","","","","","","","","","","","","","","","","","","","","","","","","","","","","","","","","","",-1.2,1,-10.6,1,-1.6,1,"","",-1.,1,"","","","","","","","","","","","","","","","","","","","",49,1,"","","","","","","","","","","","",2.7,1,"","","","","","","","","","","","","","","","","","","","","","","","","","","","","","","","","","","","","","","","","","","","","","","","","","","","","","","","","","","","","","","","","","","","","","","","","","","","","","","","","","","","","","","","","","","","","","","","","","","","","","","","","","","","","","","","","","","",""
"06163007","TENDE_SAPC",44.043167,7.586,636,2000012507,0.,1,"","","","","","","","","","","","","","","","","","","","","","","","","","","","","","","","","","",-2.1,1,-9.9,1,-2.1,1,"","",-1.2,1,"","","","","","","","","","","","","","","","","","","","",55,1,"","","","","","","","","","","","",2.9,1,"","","","","","","","","","","","","","","","","","","","","","","","","","","","","","","","","","","","","","","","","","","","","","","","","","","","","","","","","","","","","","","","","","","","","","","","","","","","","","","","","","","","","","","","","","","","","","","","","","","","","","","","","","","","","","","","","","","",""
"06163007","TENDE_SAPC",44.043167,7.586,636,2000012508,0.,1,"","","","","","","","","","","","","","","","","","","","","","","","","","","","","","","","","","",-1.1,1,-10.7,1,-2.3,1,"","",-1.1,1,"","","","","","","","","","","","","","","","","","","","",48,1,"","","","","","","","","","","","",2.7,1,"","","","","","","","","","","","","","","","","","","","","","","","","","","","","","","","","","","","","","","","","","","","","","","","","","","","","","","","","","","","","","","","","","","","","","","","","","","","","","","","","","","","","","","","","","","","","","","","","","","","","","","","","","","","","","","","","","","",""
"06163007","TENDE_SAPC",44.043167,7.586,636,2000012509,0.,1,"","","","","","","","","","","","","","","","","","","","","","","","","","","","","","","","","","",-0.7,1,-11.8,1,-1.1,1,"","",-0.7,1,"","","","","","","","","","","","","","","","","","","","",43,1,"","","","","","","","","","","","",2.5,1,"","","","","","","","","","","","","","","","","","","","","","","","","","","","","","","","","","","","","","","","","","","","","","","","","","","","","","","","","","","","","","","","","","","","","","","","","","","","","","","","","","","","","","","","","","","","","","","","","","","","","","","","","","","","","","","","","","","",""
"06163007","TENDE_SAPC",44.043167,7.586,636,2000012510,0.,1,"","","","","","","","","","","","","","","","","","","","","","","","","","","","","","","","","","",-0.3,1,-13.3,1,-0.7,1,"","",-0.3,1,"","","","","","","","","","","","","","","","","","","","",37,1,"","","","","","","","","","","","",2.2,1,"","","","","","","","","","","","","","","","","","","","","","","","","","","","","","","","","","","","","","","","","","","","","","","","","","","","","","","","","","","","","","","","","","","","","","","","","","","","","","","","","","","","","","","","","","","","","","","","","","","","","","","","","","","","","","","","","","","",""
"06163007","TENDE_SAPC",44.043167,7.586,636,2000012511,0.,1,"","","","","","","","","","","","","","","","","","","","","","","","","","","","","","","","","","",0.4,1,-13.7,1,-0.2,1,"","",0.7,1,"","","","","","","","","","","","","","","","","","","","",34,1,"","","","","","","","","","","","",2.1,1,"","","","","","","","","","","","","","","","","","","","","","","","","","","","","","","","","","","","","","","","","","","","","","","","","","","","","","","","","","","","","","","","","","","","","","","","","","","","","","","","","","","","","","","","","","","","","","","","","","","","","","","","","","","","","","","","","","","",""
"06163007","TENDE_SAPC",44.043167,7.586,636,2000012512,0.,1,"","","","","","","","","","","","","","","","","","","","","","","","","","","","","","","","","","",1.4,1,-13.2,1,0.5,1,"","",1.4,1,"","","","","","","","","","","","","","","","","","","","",33,1,"","","","","","","","","","","","",2.2,1,"","","","","","","","","","","","","","","","","","","","","","","","","","","","","","","","","","","","","","","","","","","","","","","","","","","","","","","","","","","","","","","","","","","","","","","","","","","","","","","","","","","","","","","","","","","","","","","","","","","","","","","","","","","","","","","","","","","",""
"06163007","TENDE_SAPC",44.043167,7.586,636,2000012513,0.,1,"","","","","","","","","","","","","","","","","","","","","","","","","","","","","","","","","","",1.2,1,-13.3,1,0.8,1,"","",1.6,1,"","","","","","","","","","","","","","","","","","","","",33,1,"","","","","","","","","","","","",2.2,1,"","","","","","","","","","","","","","","","","","","","","","","","","","","","","","","","","","","","","","","","","","","","","","","","","","","","","","","","","","","","","","","","","","","","","","","","","","","","","","","","","","","","","","","","","","","","","","","","","","","","","","","","","","","","","","","","","","","",""
"06163007","TENDE_SAPC",44.043167,7.586,636,2000012514,0.,1,"","","","","","","","","","","","","","","","","","","","","","","","","","","","","","","","","","",-0.1,1,-12.7,1,-0.1,1,"","",1.3,1,"","","","","","","","","","","","","","","","","","","","",38,1,"","","","","","","","","","","","",2.3,1,"","","","","","","","","","","","","","","","","","","","","","","","","","","","","","","","","","","","","","","","","","","","","","","","","","","","","","","","","","","","","","","","","","","","","","","","","","","","","","","","","","","","","","","","","","","","","","","","","","","","","","","","","","","","","","","","","","","",""
"06163007","TENDE_SAPC",44.043167,7.586,636,2000012515,0.,1,"","","","","","","","","","","","","","","","","","","","","","","","","","","","","","","","","","",-0.3,1,-12.6,1,-0.3,1,"","",-0.1,1,"","","","","","","","","","","","","","","","","","","","",39,1,"","","","","","","","","","","","",2.3,1,"","","","","","","","","","","","","","","","","","","","","","","","","","","","","","","","","","","","","","","","","","","","","","","","","","","","","","","","","","","","","","","","","","","","","","","","","","","","","","","","","","","","","","","","","","","","","","","","","","","","","","","","","","","","","","","","","","","",""
"06163007","TENDE_SAPC",44.043167,7.586,636,2000012516,0.,1,"","","","","","","","","","","","","","","","","","","","","","","","","","","","","","","","","","",-1.1,1,-12.4,1,-1.1,1,"","",-0.3,1,"","","","","","","","","","","","","","","","","","","","",42,1,"","","","","","","","","","","","",2.4,1,"","","","","","","","","","","","","","","","","","","","","","","","","","","","","","","","","","","","","","","","","","","","","","","","","","","","","","","","","","","","","","","","","","","","","","","","","","","","","","","","","","","","","","","","","","","","","","","","","","","","","","","","","","","","","","","","","","","",""
"06163007","TENDE_SAPC",44.043167,7.586,636,2000012517,0.,1,"","","","","","","","","","","","","","","","","","","","","","","","","","","","","","","","","","",-1.3,1,-12.9,1,-1.4,1,"","",-1.1,1,"","","","","","","","","","","","","","","","","","","","",41,1,"","","","","","","","","","","","",2.3,1,"","","","","","","","","","","","","","","","","","","","","","","","","","","","","","","","","","","","","","","","","","","","","","","","","","","","","","","","","","","","","","","","","","","","","","","","","","","","","","","","","","","","","","","","","","","","","","","","","","","","","","","","","","","","","","","","","","","",""
"06163007","TENDE_SAPC",44.043167,7.586,636,2000012518,0.,1,"","","","","","","","","","","","","","","","","","","","","","","","","","","","","","","","","","",-1.2,1,-13.1,1,-1.3,1,"","",-1.2,1,"","","","","","","","","","","","","","","","","","","","",40,1,"","","","","","","","","","","","",2.2,1,"","","","","","","","","","","","","","","","","","","","","","","","","","","","","","","","","","","","","","","","","","","","","","","","","","","","","","","","","","","","","","","","","","","","","","","","","","","","","","","","","","","","","","","","","","","","","","","","","","","","","","","","","","","","","","","","","","","",""
"06163007","TENDE_SAPC",44.043167,7.586,636,2000012519,0.,1,"","","","","","","","","","","","","","","","","","","","","","","","","","","","","","","","","","",-1.7,1,-12.4,1,-1.7,1,"","",-1.2,1,"","","","","","","","","","","","","","","","","","","","",44,1,"","","","","","","","","","","","",2.4,1,"","","","","","","","","","","","","","","","","","","","","","","","","","","","","","","","","","","","","","","","","","","","","","","","","","","","","","","","","","","","","","","","","","","","","","","","","","","","","","","","","","","","","","","","","","","","","","","","","","","","","","","","","","","","","","","","","","","",""
"06163007","TENDE_SAPC",44.043167,7.586,636,2000012520,0.,1,"","","","","","","","","","","","","","","","","","","","","","","","","","","","","","","","","","",-2.,1,-12.1,1,-2.,1,"","",-1.7,1,"","","","","","","","","","","","","","","","","","","","",46,1,"","","","","","","","","","","","",2.4,1,"","","","","","","","","","","","","","","","","","","","","","","","","","","","","","","","","","","","","","","","","","","","","","","","","","","","","","","","","","","","","","","","","","","","","","","","","","","","","","","","","","","","","","","","","","","","","","","","","","","","","","","","","","","","","","","","","","","",""
"06163007","TENDE_SAPC",44.043167,7.586,636,2000012521,0.,1,"","","","","","","","","","","","","","","","","","","","","","","","","","","","","","","","","","",-2.8,1,-11.8,1,-2.8,1,"","",-2.,1,"","","","","","","","","","","","","","","","","","","","",50,1,"","","","","","","","","","","","",2.5,1,"","","","","","","","","","","","","","","","","","","","","","","","","","","","","","","","","","","","","","","","","","","","","","","","","","","","","","","","","","","","","","","","","","","","","","","","","","","","","","","","","","","","","","","","","","","","","","","","","","","","","","","","","","","","","","","","","","","",""
"06163007","TENDE_SAPC",44.043167,7.586,636,2000012522,0.,1,"","","","","","","","","","","","","","","","","","","","","","","","","","","","","","","","","","",-3.6,1,-12.,1,-3.6,1,"","",-2.8,1,"","","","","","","","","","","","","","","","","","","","",52,1,"","","","","","","","","","","","",2.4,1,"","","","","","","","","","","","","","","","","","","","","","","","","","","","","","","","","","","","","","","","","","","","","","","","","","","","","","","","","","","","","","","","","","","","","","","","","","","","","","","","","","","","","","","","","","","","","","","","","","","","","","","","","","","","","","","","","","","",""
"06163007","TENDE_SAPC",44.043167,7.586,636,2000012523,0.,1,"","","","","","","","","","","","","","","","","","","","","","","","","","","","","","","","","","",-4.4,1,-12.1,1,-4.4,1,"","",-3.6,1,"","","","","","","","","","","","","","","","","","","","",55,1,"","","","","","","","","","","","",2.4,1,"","","","","","","","","","","","","","","","","","","","","","","","","","","","","","","","","","","","","","","","","","","","","","","","","","","","","","","","","","","","","","","","","","","","","","","","","","","","","","","","","","","","","","","","","","","","","","","","","","","","","","","","","","","","","","","","","","","",""
"06163007","TENDE_SAPC",44.043167,7.586,636,2000012600,0.,1,"","","","","","","","","","","","","","","","","","","","","","","","","","","","","","","","","","",-5.2,1,-12.2,1,-5.2,1,"","",-4.4,1,"","","","","","","","","","","","","","","","","","","","",58,1,"","","","","","","","","","","","",2.4,1,"","","","","","","","","","","","","","","","","","","","","","","","","","","","","","","","","","","","","","","","","","","","","","","","","","","","","","","","","","","","","","","","","","","","","","","","","","","","","","","","","","","","","","","","","","","","","","","","","","","","","","","","","","","","","","","","","","","",""
"06163007","TENDE_SAPC",44.043167,7.586,636,2000012601,0.,1,"","","","","","","","","","","","","","","","","","","","","","","","","","","","","","","","","","",-5.8,1,-11.9,1,-5.9,1,"","",-5.2,1,"","","","","","","","","","","","","","","","","","","","",62,1,"","","","","","","","","","","","",2.5,1,"","","","","","","","","","","","","","","","","","","","","","","","","","","","","","","","","","","","","","","","","","","","","","","","","","","","","","","","","","","","","","","","","","","","","","","","","","","","","","","","","","","","","","","","","","","","","","","","","","","","","","","","","","","","","","","","","","","",""
"06163007","TENDE_SAPC",44.043167,7.586,636,2000012602,0.,1,"","","","","","","","","","","","","","","","","","","","","","","","","","","","","","","","","","",-6.,1,-12.1,1,-6.,1,"","",-5.7,1,"","","","","","","","","","","","","","","","","","","","",62,1,"","","","","","","","","","","","",2.4,1,"","","","","","","","","","","","","","","","","","","","","","","","","","","","","","","","","","","","","","","","","","","","","","","","","","","","","","","","","","","","","","","","","","","","","","","","","","","","","","","","","","","","","","","","","","","","","","","","","","","","","","","","","","","","","","","","","","","",""
"06163007","TENDE_SAPC",44.043167,7.586,636,2000012603,0.,1,"","","","","","","","","","","","","","","","","","","","","","","","","","","","","","","","","","",-5.6,1,-13.,1,-6.,1,"","",-5.5,1,"","","","","","","","","","","","","","","","","","","","",56,1,"","","","","","","","","","","","",2.3,1,"","","","","","","","","","","","","","","","","","","","","","","","","","","","","","","","","","","","","","","","","","","","","","","","","","","","","","","","","","","","","","","","","","","","","","","","","","","","","","","","","","","","","","","","","","","","","","","","","","","","","","","","","","","","","","","","","","","",""
"06163007","TENDE_SAPC",44.043167,7.586,636,2000012604,0.,1,"","","","","","","","","","","","","","","","","","","","","","","","","","","","","","","","","","",-5.5,1,-13.1,1,-5.6,1,"","",-5.1,1,"","","","","","","","","","","","","","","","","","","","",55,1,"","","","","","","","","","","","",2.2,1,"","","","","","","","","","","","","","","","","","","","","","","","","","","","","","","","","","","","","","","","","","","","","","","","","","","","","","","","","","","","","","","","","","","","","","","","","","","","","","","","","","","","","","","","","","","","","","","","","","","","","","","","","","","","","","","","","","","",""
"06163007","TENDE_SAPC",44.043167,7.586,636,2000012605,0.,1,"","","","","","","","","","","","","","","","","","","","","","","","","","","","","","","","","","",-6.6,1,-12.9,1,-6.6,1,"","",-5.5,1,"","","","","","","","","","","","","","","","","","","","",61,1,"","","","","","","","","","","","",2.3,1,"","","","","","","","","","","","","","","","","","","","","","","","","","","","","","","","","","","","","","","","","","","","","","","","","","","","","","","","","","","","","","","","","","","","","","","","","","","","","","","","","","","","","","","","","","","","","","","","","","","","","","","","","","","","","","","","","","","",""
"06163007","TENDE_SAPC",44.043167,7.586,636,2000012606,0.,1,"","","","","","","","","","","","","","","","","","","","","","","","","","","","","","","","","","",-7.1,1,-13.,1,-7.1,1,"","",-6.6,1,"","","","","","","","","","","","","","","","","","","","",63,1,"","","","","","","","","","","","",2.3,1,"","","","","","","","","","","","","","","","","","","","","","","","","","","","","","","","","","","","","","","","","","","","","","","","","","","","","","","","","","","","","","","","","","","","","","","","","","","","","","","","","","","","","","","","","","","","","","","","","","","","","","","","","","","","","","","","","","","",""
"06163007","TENDE_SAPC",44.043167,7.586,636,2000012607,0.,1,"","","","","","","","","","","","","","","","","","","","","","","","","","","","","","","","","","",-6.8,1,-13.1,1,-7.1,1,"","",-6.8,1,"","","","","","","","","","","","","","","","","","","","",61,1,"","","","","","","","","","","","",2.2,1,"","","","","","","","","","","","","","","","","","","","","","","","","","","","","","","","","","","","","","","","","","","","","","","","","","","","","","","","","","","","","","","","","","","","","","","","","","","","","","","","","","","","","","","","","","","","","","","","","","","","","","","","","","","","","","","","","","","",""
"06163007","TENDE_SAPC",44.043167,7.586,636,2000012608,0.,1,"","","","","","","","","","","","","","","","","","","","","","","","","","","","","","","","","","",-6.4,1,-13.3,1,-6.8,1,"","",-6.4,1,"","","","","","","","","","","","","","","","","","","","",58,1,"","","","","","","","","","","","",2.2,1,"","","","","","","","","","","","","","","","","","","","","","","","","","","","","","","","","","","","","","","","","","","","","","","","","","","","","","","","","","","","","","","","","","","","","","","","","","","","","","","","","","","","","","","","","","","","","","","","","","","","","","","","","","","","","","","","","","","",""
"06163007","TENDE_SAPC",44.043167,7.586,636,2000012609,0.,1,"","","","","","","","","","","","","","","","","","","","","","","","","","","","","","","","","","",-6.2,1,-13.3,1,-6.5,1,"","",-6.2,1,"","","","","","","","","","","","","","","","","","","","",57,1,"","","","","","","","","","","","",2.2,1,"","","","","","","","","","","","","","","","","","","","","","","","","","","","","","","","","","","","","","","","","","","","","","","","","","","","","","","","","","","","","","","","","","","","","","","","","","","","","","","","","","","","","","","","","","","","","","","","","","","","","","","","","","","","","","","","","","","",""
"06163007","TENDE_SAPC",44.043167,7.586,636,2000012610,0.,1,"","","","","","","","","","","","","","","","","","","","","","","","","","","","","","","","","","",-5.9,1,-12.,1,-6.2,1,"","",-5.9,1,"","","","","","","","","","","","","","","","","","","","",62,1,"","","","","","","","","","","","",2.4,1,"","","","","","","","","","","","","","","","","","","","","","","","","","","","","","","","","","","","","","","","","","","","","","","","","","","","","","","","","","","","","","","","","","","","","","","","","","","","","","","","","","","","","","","","","","","","","","","","","","","","","","","","","","","","","","","","","","","",""
"06163007","TENDE_SAPC",44.043167,7.586,636,2000012611,0.,1,"","","","","","","","","","","","","","","","","","","","","","","","","","","","","","","","","","",1.4,1,-12.8,1,-5.9,1,"","",1.4,1,"","","","","","","","","","","","","","","","","","","","",34,1,"","","","","","","","","","","","",2.3,1,"","","","","","","","","","","","","","","","","","","","","","","","","","","","","","","","","","","","","","","","","","","","","","","","","","","","","","","","","","","","","","","","","","","","","","","","","","","","","","","","","","","","","","","","","","","","","","","","","","","","","","","","","","","","","","","","","","","",""
"06163007","TENDE_SAPC",44.043167,7.586,636,2000012612,0.,1,"","","","","","","","","","","","","","","","","","","","","","","","","","","","","","","","","","",3.2,1,-10.5,1,1.5,1,"","",3.2,1,"","","","","","","","","","","","","","","","","","","","",36,1,"","","","","","","","","","","","",2.8,1,"","","","","","","","","","","","","","","","","","","","","","","","","","","","","","","","","","","","","","","","","","","","","","","","","","","","","","","","","","","","","","","","","","","","","","","","","","","","","","","","","","","","","","","","","","","","","","","","","","","","","","","","","","","","","","","","","","","",""
"06163007","TENDE_SAPC",44.043167,7.586,636,2000012613,0.,1,"","","","","","","","","","","","","","","","","","","","","","","","","","","","","","","","","","",4.5,1,-9.7,1,3.2,1,"","",4.5,1,"","","","","","","","","","","","","","","","","","","","",35,1,"","","","","","","","","","","","",2.9,1,"","","","","","","","","","","","","","","","","","","","","","","","","","","","","","","","","","","","","","","","","","","","","","","","","","","","","","","","","","","","","","","","","","","","","","","","","","","","","","","","","","","","","","","","","","","","","","","","","","","","","","","","","","","","","","","","","","","",""
"06163007","TENDE_SAPC",44.043167,7.586,636,2000012614,0.,1,"","","","","","","","","","","","","","","","","","","","","","","","","","","","","","","","","","",4.4,1,-8.7,1,4.3,1,"","",4.8,1,"","","","","","","","","","","","","","","","","","","","",38,1,"","","","","","","","","","","","",3.2,1,"","","","","","","","","","","","","","","","","","","","","","","","","","","","","","","","","","","","","","","","","","","","","","","","","","","","","","","","","","","","","","","","","","","","","","","","","","","","","","","","","","","","","","","","","","","","","","","","","","","","","","","","","","","","","","","","","","","",""
"06163007","TENDE_SAPC",44.043167,7.586,636,2000012615,0.,1,"","","","","","","","","","","","","","","","","","","","","","","","","","","","","","","","","","",2.9,1,-7.6,1,2.9,1,"","",4.3,1,"","","","","","","","","","","","","","","","","","","","",46,1,"","","","","","","","","","","","",3.5,1,"","","","","","","","","","","","","","","","","","","","","","","","","","","","","","","","","","","","","","","","","","","","","","","","","","","","","","","","","","","","","","","","","","","","","","","","","","","","","","","","","","","","","","","","","","","","","","","","","","","","","","","","","","","","","","","","","","","",""
"06163007","TENDE_SAPC",44.043167,7.586,636,2000012616,0.,1,"","","","","","","","","","","","","","","","","","","","","","","","","","","","","","","","","","",0.4,1,-7.6,1,0.4,1,"","",2.8,1,"","","","","","","","","","","","","","","","","","","","",55,1,"","","","","","","","","","","","",3.5,1,"","","","","","","","","","","","","","","","","","","","","","","","","","","","","","","","","","","","","","","","","","","","","","","","","","","","","","","","","","","","","","","","","","","","","","","","","","","","","","","","","","","","","","","","","","","","","","","","","","","","","","","","","","","","","","","","","","","",""
"06163007","TENDE_SAPC",44.043167,7.586,636,2000012617,0.,1,"","","","","","","","","","","","","","","","","","","","","","","","","","","","","","","","","","",-1.9,1,-7.6,1,-1.9,1,"","",0.3,1,"","","","","","","","","","","","","","","","","","","","",65,1,"","","","","","","","","","","","",3.5,1,"","","","","","","","","","","","","","","","","","","","","","","","","","","","","","","","","","","","","","","","","","","","","","","","","","","","","","","","","","","","","","","","","","","","","","","","","","","","","","","","","","","","","","","","","","","","","","","","","","","","","","","","","","","","","","","","","","","",""
"06163007","TENDE_SAPC",44.043167,7.586,636,2000012618,0.,1,"","","","","","","","","","","","","","","","","","","","","","","","","","","","","","","","","","",-2.3,1,-8.,1,-2.4,1,"","",-1.9,1,"","","","","","","","","","","","","","","","","","","","",65,1,"","","","","","","","","","","","",3.4,1,"","","","","","","","","","","","","","","","","","","","","","","","","","","","","","","","","","","","","","","","","","","","","","","","","","","","","","","","","","","","","","","","","","","","","","","","","","","","","","","","","","","","","","","","","","","","","","","","","","","","","","","","","","","","","","","","","","","",""
"06163007","TENDE_SAPC",44.043167,7.586,636,2000012619,0.,1,"","","","","","","","","","","","","","","","","","","","","","","","","","","","","","","","","","",-2.7,1,-8.2,1,-3.,1,"","",-2.3,1,"","","","","","","","","","","","","","","","","","","","",66,1,"","","","","","","","","","","","",3.3,1,"","","","","","","","","","","","","","","","","","","","","","","","","","","","","","","","","","","","","","","","","","","","","","","","","","","","","","","","","","","","","","","","","","","","","","","","","","","","","","","","","","","","","","","","","","","","","","","","","","","","","","","","","","","","","","","","","","","",""
"06163007","TENDE_SAPC",44.043167,7.586,636,2000012620,0.,1,"","","","","","","","","","","","","","","","","","","","","","","","","","","","","","","","","","",-2.7,1,-8.8,1,-2.9,1,"","",-2.5,1,"","","","","","","","","","","","","","","","","","","","",63,1,"","","","","","","","","","","","",3.2,1,"","","","","","","","","","","","","","","","","","","","","","","","","","","","","","","","","","","","","","","","","","","","","","","","","","","","","","","","","","","","","","","","","","","","","","","","","","","","","","","","","","","","","","","","","","","","","","","","","","","","","","","","","","","","","","","","","","","",""
"06163007","TENDE_SAPC",44.043167,7.586,636,2000012621,0.,1,"","","","","","","","","","","","","","","","","","","","","","","","","","","","","","","","","","",-3.3,1,-9.1,1,-3.3,1,"","",-2.4,1,"","","","","","","","","","","","","","","","","","","","",64,1,"","","","","","","","","","","","",3.1,1,"","","","","","","","","","","","","","","","","","","","","","","","","","","","","","","","","","","","","","","","","","","","","","","","","","","","","","","","","","","","","","","","","","","","","","","","","","","","","","","","","","","","","","","","","","","","","","","","","","","","","","","","","","","","","","","","","","","",""
"06163007","TENDE_SAPC",44.043167,7.586,636,2000012622,0.,1,"","","","","","","","","","","","","","","","","","","","","","","","","","","","","","","","","","",-3.6,1,-9.4,1,-3.6,1,"","",-3.2,1,"","","","","","","","","","","","","","","","","","","","",64,1,"","","","","","","","","","","","",3.,1,"","","","","","","","","","","","","","","","","","","","","","","","","","","","","","","","","","","","","","","","","","","","","","","","","","","","","","","","","","","","","","","","","","","","","","","","","","","","","","","","","","","","","","","","","","","","","","","","","","","","","","","","","","","","","","","","","","","",""
"06163007","TENDE_SAPC",44.043167,7.586,636,2000012623,0.,1,"","","","","","","","","","","","","","","","","","","","","","","","","","","","","","","","","","",-4.3,1,-9.9,1,-4.3,1,"","",-3.6,1,"","","","","","","","","","","","","","","","","","","","",65,1,"","","","","","","","","","","","",2.9,1,"","","","","","","","","","","","","","","","","","","","","","","","","","","","","","","","","","","","","","","","","","","","","","","","","","","","","","","","","","","","","","","","","","","","","","","","","","","","","","","","","","","","","","","","","","","","","","","","","","","","","","","","","","","","","","","","","","","",""
"06163007","TENDE_SAPC",44.043167,7.586,636,2000012700,0.,1,"","","","","","","","","","","","","","","","","","","","","","","","","","","","","","","","","","",-4.6,1,-10.6,1,-4.6,1,"","",-4.1,1,"","","","","","","","","","","","","","","","","","","","",63,1,"","","","","","","","","","","","",2.7,1,"","","","","","","","","","","","","","","","","","","","","","","","","","","","","","","","","","","","","","","","","","","","","","","","","","","","","","","","","","","","","","","","","","","","","","","","","","","","","","","","","","","","","","","","","","","","","","","","","","","","","","","","","","","","","","","","","","","",""
"06163007","TENDE_SAPC",44.043167,7.586,636,2000012701,0.,1,"","","","","","","","","","","","","","","","","","","","","","","","","","","","","","","","","","",-5.1,1,-10.5,1,-5.1,1,"","",-4.6,1,"","","","","","","","","","","","","","","","","","","","",66,1,"","","","","","","","","","","","",2.8,1,"","","","","","","","","","","","","","","","","","","","","","","","","","","","","","","","","","","","","","","","","","","","","","","","","","","","","","","","","","","","","","","","","","","","","","","","","","","","","","","","","","","","","","","","","","","","","","","","","","","","","","","","","","","","","","","","","","","",""
"06163007","TENDE_SAPC",44.043167,7.586,636,2000012702,0.,1,"","","","","","","","","","","","","","","","","","","","","","","","","","","","","","","","","","",-5.2,1,-10.8,1,-5.4,1,"","",-5.2,1,"","","","","","","","","","","","","","","","","","","","",65,1,"","","","","","","","","","","","",2.7,1,"","","","","","","","","","","","","","","","","","","","","","","","","","","","","","","","","","","","","","","","","","","","","","","","","","","","","","","","","","","","","","","","","","","","","","","","","","","","","","","","","","","","","","","","","","","","","","","","","","","","","","","","","","","","","","","","","","","",""
"06163007","TENDE_SAPC",44.043167,7.586,636,2000012703,0.,1,"","","","","","","","","","","","","","","","","","","","","","","","","","","","","","","","","","",-5.1,1,-11.1,1,-5.2,1,"","",-4.7,1,"","","","","","","","","","","","","","","","","","","","",63,1,"","","","","","","","","","","","",2.6,1,"","","","","","","","","","","","","","","","","","","","","","","","","","","","","","","","","","","","","","","","","","","","","","","","","","","","","","","","","","","","","","","","","","","","","","","","","","","","","","","","","","","","","","","","","","","","","","","","","","","","","","","","","","","","","","","","","","","",""
"06163007","TENDE_SAPC",44.043167,7.586,636,2000012704,0.,1,"","","","","","","","","","","","","","","","","","","","","","","","","","","","","","","","","","",-5.4,1,-11.,1,-5.5,1,"","",-5.,1,"","","","","","","","","","","","","","","","","","","","",65,1,"","","","","","","","","","","","",2.7,1,"","","","","","","","","","","","","","","","","","","","","","","","","","","","","","","","","","","","","","","","","","","","","","","","","","","","","","","","","","","","","","","","","","","","","","","","","","","","","","","","","","","","","","","","","","","","","","","","","","","","","","","","","","","","","","","","","","","",""
"06163007","TENDE_SAPC",44.043167,7.586,636,2000012705,0.,1,"","","","","","","","","","","","","","","","","","","","","","","","","","","","","","","","","","",-5.6,1,-10.9,1,-5.8,1,"","",-5.4,1,"","","","","","","","","","","","","","","","","","","","",66,1,"","","","","","","","","","","","",2.7,1,"","","","","","","","","","","","","","","","","","","","","","","","","","","","","","","","","","","","","","","","","","","","","","","","","","","","","","","","","","","","","","","","","","","","","","","","","","","","","","","","","","","","","","","","","","","","","","","","","","","","","","","","","","","","","","","","","","","",""
"06163007","TENDE_SAPC",44.043167,7.586,636,2000012706,0.,1,"","","","","","","","","","","","","","","","","","","","","","","","","","","","","","","","","","",-5.9,1,-11.4,1,-5.9,1,"","",-5.7,1,"","","","","","","","","","","","","","","","","","","","",65,1,"","","","","","","","","","","","",2.6,1,"","","","","","","","","","","","","","","","","","","","","","","","","","","","","","","","","","","","","","","","","","","","","","","","","","","","","","","","","","","","","","","","","","","","","","","","","","","","","","","","","","","","","","","","","","","","","","","","","","","","","","","","","","","","","","","","","","","",""
"06163007","TENDE_SAPC",44.043167,7.586,636,2000012707,0.,1,"","","","","","","","","","","","","","","","","","","","","","","","","","","","","","","","","","",-5.4,1,-11.7,1,-5.9,1,"","",-5.3,1,"","","","","","","","","","","","","","","","","","","","",61,1,"","","","","","","","","","","","",2.5,1,"","","","","","","","","","","","","","","","","","","","","","","","","","","","","","","","","","","","","","","","","","","","","","","","","","","","","","","","","","","","","","","","","","","","","","","","","","","","","","","","","","","","","","","","","","","","","","","","","","","","","","","","","","","","","","","","","","","",""
"06163007","TENDE_SAPC",44.043167,7.586,636,2000012708,0.,1,"","","","","","","","","","","","","","","","","","","","","","","","","","","","","","","","","","",-5.5,1,-11.6,1,-5.5,1,"","",-5.3,1,"","","","","","","","","","","","","","","","","","","","",62,1,"","","","","","","","","","","","",2.5,1,"","","","","","","","","","","","","","","","","","","","","","","","","","","","","","","","","","","","","","","","","","","","","","","","","","","","","","","","","","","","","","","","","","","","","","","","","","","","","","","","","","","","","","","","","","","","","","","","","","","","","","","","","","","","","","","","","","","",""
"06163007","TENDE_SAPC",44.043167,7.586,636,2000012709,0.,1,"","","","","","","","","","","","","","","","","","","","","","","","","","","","","","","","","","",-4.7,1,-11.5,1,-5.5,1,"","",-4.7,1,"","","","","","","","","","","","","","","","","","","","",59,1,"","","","","","","","","","","","",2.5,1,"","","","","","","","","","","","","","","","","","","","","","","","","","","","","","","","","","","","","","","","","","","","","","","","","","","","","","","","","","","","","","","","","","","","","","","","","","","","","","","","","","","","","","","","","","","","","","","","","","","","","","","","","","","","","","","","","","","",""
"06163007","TENDE_SAPC",44.043167,7.586,636,2000012710,0.,1,"","","","","","","","","","","","","","","","","","","","","","","","","","","","","","","","","","",-4.2,1,-10.6,1,-4.7,1,"","",-4.2,1,"","","","","","","","","","","","","","","","","","","","",61,1,"","","","","","","","","","","","",2.7,1,"","","","","","","","","","","","","","","","","","","","","","","","","","","","","","","","","","","","","","","","","","","","","","","","","","","","","","","","","","","","","","","","","","","","","","","","","","","","","","","","","","","","","","","","","","","","","","","","","","","","","","","","","","","","","","","","","","","",""
"06163007","TENDE_SAPC",44.043167,7.586,636,2000012711,0.,1,"","","","","","","","","","","","","","","","","","","","","","","","","","","","","","","","","","",3.8,1,-12.2,1,-4.2,1,"","",3.8,1,"","","","","","","","","","","","","","","","","","","","",30,1,"","","","","","","","","","","","",2.4,1,"","","","","","","","","","","","","","","","","","","","","","","","","","","","","","","","","","","","","","","","","","","","","","","","","","","","","","","","","","","","","","","","","","","","","","","","","","","","","","","","","","","","","","","","","","","","","","","","","","","","","","","","","","","","","","","","","","","",""
"06163007","TENDE_SAPC",44.043167,7.586,636,2000012712,0.,1,"","","","","","","","","","","","","","","","","","","","","","","","","","","","","","","","","","",6.3,1,-9.6,1,3.9,1,"","",6.3,1,"","","","","","","","","","","","","","","","","","","","",31,1,"","","","","","","","","","","","",3.,1,"","","","","","","","","","","","","","","","","","","","","","","","","","","","","","","","","","","","","","","","","","","","","","","","","","","","","","","","","","","","","","","","","","","","","","","","","","","","","","","","","","","","","","","","","","","","","","","","","","","","","","","","","","","","","","","","","","","",""
"06163007","TENDE_SAPC",44.043167,7.586,636,2000012713,0.,1,"","","","","","","","","","","","","","","","","","","","","","","","","","","","","","","","","","",7.4,1,-7.5,1,6.3,1,"","",7.5,1,"","","","","","","","","","","","","","","","","","","","",34,1,"","","","","","","","","","","","",3.5,1,"","","","","","","","","","","","","","","","","","","","","","","","","","","","","","","","","","","","","","","","","","","","","","","","","","","","","","","","","","","","","","","","","","","","","","","","","","","","","","","","","","","","","","","","","","","","","","","","","","","","","","","","","","","","","","","","","","","",""
"06163007","TENDE_SAPC",44.043167,7.586,636,2000012714,0.,1,"","","","","","","","","","","","","","","","","","","","","","","","","","","","","","","","","","",8.,1,-6.6,1,7.5,1,"","",8.3,1,"","","","","","","","","","","","","","","","","","","","",35,1,"","","","","","","","","","","","",3.8,1,"","","","","","","","","","","","","","","","","","","","","","","","","","","","","","","","","","","","","","","","","","","","","","","","","","","","","","","","","","","","","","","","","","","","","","","","","","","","","","","","","","","","","","","","","","","","","","","","","","","","","","","","","","","","","","","","","","","",""
"06163007","TENDE_SAPC",44.043167,7.586,636,2000012715,0.,1,"","","","","","","","","","","","","","","","","","","","","","","","","","","","","","","","","","",6.2,1,-5.2,1,6.2,1,"","",8.,1,"","","","","","","","","","","","","","","","","","","","",44,1,"","","","","","","","","","","","",4.2,1,"","","","","","","","","","","","","","","","","","","","","","","","","","","","","","","","","","","","","","","","","","","","","","","","","","","","","","","","","","","","","","","","","","","","","","","","","","","","","","","","","","","","","","","","","","","","","","","","","","","","","","","","","","","","","","","","","","","",""
"06163007","TENDE_SAPC",44.043167,7.586,636,2000012716,0.,1,"","","","","","","","","","","","","","","","","","","","","","","","","","","","","","","","","","",4.7,1,-3.6,1,4.7,1,"","",6.2,1,"","","","","","","","","","","","","","","","","","","","",55,1,"","","","","","","","","","","","",4.7,1,"","","","","","","","","","","","","","","","","","","","","","","","","","","","","","","","","","","","","","","","","","","","","","","","","","","","","","","","","","","","","","","","","","","","","","","","","","","","","","","","","","","","","","","","","","","","","","","","","","","","","","","","","","","","","","","","","","","",""
"06163007","TENDE_SAPC",44.043167,7.586,636,2000012717,0.,1,"","","","","","","","","","","","","","","","","","","","","","","","","","","","","","","","","","",1.5,1,-4.,1,1.5,1,"","",4.7,1,"","","","","","","","","","","","","","","","","","","","",67,1,"","","","","","","","","","","","",4.6,1,"","","","","","","","","","","","","","","","","","","","","","","","","","","","","","","","","","","","","","","","","","","","","","","","","","","","","","","","","","","","","","","","","","","","","","","","","","","","","","","","","","","","","","","","","","","","","","","","","","","","","","","","","","","","","","","","","","","",""
"06163007","TENDE_SAPC",44.043167,7.586,636,2000012718,0.,1,"","","","","","","","","","","","","","","","","","","","","","","","","","","","","","","","","","",-0.4,1,-4.8,1,-0.4,1,"","",1.4,1,"","","","","","","","","","","","","","","","","","","","",72,1,"","","","","","","","","","","","",4.3,1,"","","","","","","","","","","","","","","","","","","","","","","","","","","","","","","","","","","","","","","","","","","","","","","","","","","","","","","","","","","","","","","","","","","","","","","","","","","","","","","","","","","","","","","","","","","","","","","","","","","","","","","","","","","","","","","","","","","",""
"06163007","TENDE_SAPC",44.043167,7.586,636,2000012719,0.,1,"","","","","","","","","","","","","","","","","","","","","","","","","","","","","","","","","","",-0.5,1,-5.1,1,-0.8,1,"","",-0.4,1,"","","","","","","","","","","","","","","","","","","","",71,1,"","","","","","","","","","","","",4.2,1,"","","","","","","","","","","","","","","","","","","","","","","","","","","","","","","","","","","","","","","","","","","","","","","","","","","","","","","","","","","","","","","","","","","","","","","","","","","","","","","","","","","","","","","","","","","","","","","","","","","","","","","","","","","","","","","","","","","",""
"06163007","TENDE_SAPC",44.043167,7.586,636,2000012720,0.,1,"","","","","","","","","","","","","","","","","","","","","","","","","","","","","","","","","","",-0.1,1,-5.3,1,-0.6,1,"","",0.,1,"","","","","","","","","","","","","","","","","","","","",68,1,"","","","","","","","","","","","",4.1,1,"","","","","","","","","","","","","","","","","","","","","","","","","","","","","","","","","","","","","","","","","","","","","","","","","","","","","","","","","","","","","","","","","","","","","","","","","","","","","","","","","","","","","","","","","","","","","","","","","","","","","","","","","","","","","","","","","","","",""
"06163007","TENDE_SAPC",44.043167,7.586,636,2000012721,0.,1,"","","","","","","","","","","","","","","","","","","","","","","","","","","","","","","","","","",0.5,1,-5.1,1,-0.1,1,"","",0.7,1,"","","","","","","","","","","","","","","","","","","","",66,1,"","","","","","","","","","","","",4.2,1,"","","","","","","","","","","","","","","","","","","","","","","","","","","","","","","","","","","","","","","","","","","","","","","","","","","","","","","","","","","","","","","","","","","","","","","","","","","","","","","","","","","","","","","","","","","","","","","","","","","","","","","","","","","","","","","","","","","",""
"06163007","TENDE_SAPC",44.043167,7.586,636,2000012722,0.,1,"","","","","","","","","","","","","","","","","","","","","","","","","","","","","","","","","","",0.2,1,-5.2,1,0.2,1,"","",0.5,1,"","","","","","","","","","","","","","","","","","","","",67,1,"","","","","","","","","","","","",4.2,1,"","","","","","","","","","","","","","","","","","","","","","","","","","","","","","","","","","","","","","","","","","","","","","","","","","","","","","","","","","","","","","","","","","","","","","","","","","","","","","","","","","","","","","","","","","","","","","","","","","","","","","","","","","","","","","","","","","","",""
"06163007","TENDE_SAPC",44.043167,7.586,636,2000012723,0.,1,"","","","","","","","","","","","","","","","","","","","","","","","","","","","","","","","","","",-1.4,1,-5.4,1,-1.4,1,"","",0.2,1,"","","","","","","","","","","","","","","","","","","","",74,1,"","","","","","","","","","","","",4.1,1,"","","","","","","","","","","","","","","","","","","","","","","","","","","","","","","","","","","","","","","","","","","","","","","","","","","","","","","","","","","","","","","","","","","","","","","","","","","","","","","","","","","","","","","","","","","","","","","","","","","","","","","","","","","","","","","","","","","",""
"06163007","TENDE_SAPC",44.043167,7.586,636,2000012800,0.,1,"","","","","","","","","","","","","","","","","","","","","","","","","","","","","","","","","","",-1.7,1,-5.6,1,-1.9,1,"","",-1.4,1,"","","","","","","","","","","","","","","","","","","","",75,1,"","","","","","","","","","","","",4.,1,"","","","","","","","","","","","","","","","","","","","","","","","","","","","","","","","","","","","","","","","","","","","","","","","","","","","","","","","","","","","","","","","","","","","","","","","","","","","","","","","","","","","","","","","","","","","","","","","","","","","","","","","","","","","","","","","","","","",""
"06163007","TENDE_SAPC",44.043167,7.586,636,2000012801,0.,1,"","","","","","","","","","","","","","","","","","","","","","","","","","","","","","","","","","",-1.3,1,-5.3,1,-1.8,1,"","",-1.3,1,"","","","","","","","","","","","","","","","","","","","",74,1,"","","","","","","","","","","","",4.1,1,"","","","","","","","","","","","","","","","","","","","","","","","","","","","","","","","","","","","","","","","","","","","","","","","","","","","","","","","","","","","","","","","","","","","","","","","","","","","","","","","","","","","","","","","","","","","","","","","","","","","","","","","","","","","","","","","","","","",""
"06163007","TENDE_SAPC",44.043167,7.586,636,2000012802,0.,1,"","","","","","","","","","","","","","","","","","","","","","","","","","","","","","","","","","",-1.2,1,-5.6,1,-1.5,1,"","",-1.2,1,"","","","","","","","","","","","","","","","","","","","",72,1,"","","","","","","","","","","","",4.,1,"","","","","","","","","","","","","","","","","","","","","","","","","","","","","","","","","","","","","","","","","","","","","","","","","","","","","","","","","","","","","","","","","","","","","","","","","","","","","","","","","","","","","","","","","","","","","","","","","","","","","","","","","","","","","","","","","","","",""
"06163007","TENDE_SAPC",44.043167,7.586,636,2000012803,0.,1,"","","","","","","","","","","","","","","","","","","","","","","","","","","","","","","","","","",-1.3,1,-6.3,1,-1.5,1,"","",-0.8,1,"","","","","","","","","","","","","","","","","","","","",69,1,"","","","","","","","","","","","",3.8,1,"","","","","","","","","","","","","","","","","","","","","","","","","","","","","","","","","","","","","","","","","","","","","","","","","","","","","","","","","","","","","","","","","","","","","","","","","","","","","","","","","","","","","","","","","","","","","","","","","","","","","","","","","","","","","","","","","","","",""
"06163007","TENDE_SAPC",44.043167,7.586,636,2000012804,0.,1,"","","","","","","","","","","","","","","","","","","","","","","","","","","","","","","","","","",-2.,1,-6.6,1,-2.,1,"","",-1.3,1,"","","","","","","","","","","","","","","","","","","","",71,1,"","","","","","","","","","","","",3.7,1,"","","","","","","","","","","","","","","","","","","","","","","","","","","","","","","","","","","","","","","","","","","","","","","","","","","","","","","","","","","","","","","","","","","","","","","","","","","","","","","","","","","","","","","","","","","","","","","","","","","","","","","","","","","","","","","","","","","",""
"06163007","TENDE_SAPC",44.043167,7.586,636,2000012805,0.,1,"","","","","","","","","","","","","","","","","","","","","","","","","","","","","","","","","","",-1.9,1,-7.6,1,-2.2,1,"","",-1.4,1,"","","","","","","","","","","","","","","","","","","","",65,1,"","","","","","","","","","","","",3.5,1,"","","","","","","","","","","","","","","","","","","","","","","","","","","","","","","","","","","","","","","","","","","","","","","","","","","","","","","","","","","","","","","","","","","","","","","","","","","","","","","","","","","","","","","","","","","","","","","","","","","","","","","","","","","","","","","","","","","",""
"06163007","TENDE_SAPC",44.043167,7.586,636,2000012806,0.,1,"","","","","","","","","","","","","","","","","","","","","","","","","","","","","","","","","","",-1.8,1,-8.6,1,-2.3,1,"","",-1.7,1,"","","","","","","","","","","","","","","","","","","","",60,1,"","","","","","","","","","","","",3.2,1,"","","","","","","","","","","","","","","","","","","","","","","","","","","","","","","","","","","","","","","","","","","","","","","","","","","","","","","","","","","","","","","","","","","","","","","","","","","","","","","","","","","","","","","","","","","","","","","","","","","","","","","","","","","","","","","","","","","",""
"06163007","TENDE_SAPC",44.043167,7.586,636,2000012807,0.,1,"","","","","","","","","","","","","","","","","","","","","","","","","","","","","","","","","","",-2.3,1,-9.,1,-2.4,1,"","",-1.8,1,"","","","","","","","","","","","","","","","","","","","",60,1,"","","","","","","","","","","","",3.1,1,"","","","","","","","","","","","","","","","","","","","","","","","","","","","","","","","","","","","","","","","","","","","","","","","","","","","","","","","","","","","","","","","","","","","","","","","","","","","","","","","","","","","","","","","","","","","","","","","","","","","","","","","","","","","","","","","","","","",""
"06163007","TENDE_SAPC",44.043167,7.586,636,2000012808,0.,1,"","","","","","","","","","","","","","","","","","","","","","","","","","","","","","","","","","",-2.2,1,-9.1,1,-2.6,1,"","",-2.1,1,"","","","","","","","","","","","","","","","","","","","",59,1,"","","","","","","","","","","","",3.1,1,"","","","","","","","","","","","","","","","","","","","","","","","","","","","","","","","","","","","","","","","","","","","","","","","","","","","","","","","","","","","","","","","","","","","","","","","","","","","","","","","","","","","","","","","","","","","","","","","","","","","","","","","","","","","","","","","","","","",""
"06163007","TENDE_SAPC",44.043167,7.586,636,2000012809,0.,1,"","","","","","","","","","","","","","","","","","","","","","","","","","","","","","","","","","",-1.1,1,-9.,1,-2.2,1,"","",-1.1,1,"","","","","","","","","","","","","","","","","","","","",55,1,"","","","","","","","","","","","",3.1,1,"","","","","","","","","","","","","","","","","","","","","","","","","","","","","","","","","","","","","","","","","","","","","","","","","","","","","","","","","","","","","","","","","","","","","","","","","","","","","","","","","","","","","","","","","","","","","","","","","","","","","","","","","","","","","","","","","","","",""
"06163007","TENDE_SAPC",44.043167,7.586,636,2000012810,0.,1,"","","","","","","","","","","","","","","","","","","","","","","","","","","","","","","","","","",1.,1,-8.5,1,-1.1,1,"","",1.,1,"","","","","","","","","","","","","","","","","","","","",49,1,"","","","","","","","","","","","",3.2,1,"","","","","","","","","","","","","","","","","","","","","","","","","","","","","","","","","","","","","","","","","","","","","","","","","","","","","","","","","","","","","","","","","","","","","","","","","","","","","","","","","","","","","","","","","","","","","","","","","","","","","","","","","","","","","","","","","","","",""
"06163007","TENDE_SAPC",44.043167,7.586,636,2000012811,0.,1,"","","","","","","","","","","","","","","","","","","","","","","","","","","","","","","","","","",5.7,1,-8.6,1,1.1,1,"","",5.7,1,"","","","","","","","","","","","","","","","","","","","",35,1,"","","","","","","","","","","","",3.2,1,"","","","","","","","","","","","","","","","","","","","","","","","","","","","","","","","","","","","","","","","","","","","","","","","","","","","","","","","","","","","","","","","","","","","","","","","","","","","","","","","","","","","","","","","","","","","","","","","","","","","","","","","","","","","","","","","","","","",""
"06163007","TENDE_SAPC",44.043167,7.586,636,2000012812,0.,1,"","","","","","","","","","","","","","","","","","","","","","","","","","","","","","","","","","",8.4,1,-7.4,1,5.7,1,"","",8.5,1,"","","","","","","","","","","","","","","","","","","","",32,1,"","","","","","","","","","","","",3.5,1,"","","","","","","","","","","","","","","","","","","","","","","","","","","","","","","","","","","","","","","","","","","","","","","","","","","","","","","","","","","","","","","","","","","","","","","","","","","","","","","","","","","","","","","","","","","","","","","","","","","","","","","","","","","","","","","","","","","",""
"06163007","TENDE_SAPC",44.043167,7.586,636,2000012813,0.,1,"","","","","","","","","","","","","","","","","","","","","","","","","","","","","","","","","","",10.5,1,-7.7,1,8.5,1,"","",11.4,1,"","","","","","","","","","","","","","","","","","","","",27,1,"","","","","","","","","","","","",3.4,1,"","","","","","","","","","","","","","","","","","","","","","","","","","","","","","","","","","","","","","","","","","","","","","","","","","","","","","","","","","","","","","","","","","","","","","","","","","","","","","","","","","","","","","","","","","","","","","","","","","","","","","","","","","","","","","","","","","","",""
"06163007","TENDE_SAPC",44.043167,7.586,636,2000012814,0.,1,"","","","","","","","","","","","","","","","","","","","","","","","","","","","","","","","","","",10.,1,-2.3,1,10.,1,"","",10.6,1,"","","","","","","","","","","","","","","","","","","","",42,1,"","","","","","","","","","","","",5.1,1,"","","","","","","","","","","","","","","","","","","","","","","","","","","","","","","","","","","","","","","","","","","","","","","","","","","","","","","","","","","","","","","","","","","","","","","","","","","","","","","","","","","","","","","","","","","","","","","","","","","","","","","","","","","","","","","","","","","",""
"06163007","TENDE_SAPC",44.043167,7.586,636,2000012815,0.,1,"","","","","","","","","","","","","","","","","","","","","","","","","","","","","","","","","","",7.7,1,0.4,1,7.7,1,"","",10.,1,"","","","","","","","","","","","","","","","","","","","",60,1,"","","","","","","","","","","","",6.3,1,"","","","","","","","","","","","","","","","","","","","","","","","","","","","","","","","","","","","","","","","","","","","","","","","","","","","","","","","","","","","","","","","","","","","","","","","","","","","","","","","","","","","","","","","","","","","","","","","","","","","","","","","","","","","","","","","","","","",""
"06163007","TENDE_SAPC",44.043167,7.586,636,2000012816,0.,1,"","","","","","","","","","","","","","","","","","","","","","","","","","","","","","","","","","",6.3,1,0.6,1,6.3,1,"","",7.7,1,"","","","","","","","","","","","","","","","","","","","",67,1,"","","","","","","","","","","","",6.4,1,"","","","","","","","","","","","","","","","","","","","","","","","","","","","","","","","","","","","","","","","","","","","","","","","","","","","","","","","","","","","","","","","","","","","","","","","","","","","","","","","","","","","","","","","","","","","","","","","","","","","","","","","","","","","","","","","","","","",""
"06163007","TENDE_SAPC",44.043167,7.586,636,2000012817,0.,1,"","","","","","","","","","","","","","","","","","","","","","","","","","","","","","","","","","",3.3,1,-0.5,1,3.3,1,"","",6.3,1,"","","","","","","","","","","","","","","","","","","","",76,1,"","","","","","","","","","","","",5.9,1,"","","","","","","","","","","","","","","","","","","","","","","","","","","","","","","","","","","","","","","","","","","","","","","","","","","","","","","","","","","","","","","","","","","","","","","","","","","","","","","","","","","","","","","","","","","","","","","","","","","","","","","","","","","","","","","","","","","",""
"06163007","TENDE_SAPC",44.043167,7.586,636,2000012818,0.,1,"","","","","","","","","","","","","","","","","","","","","","","","","","","","","","","","","","",1.3,1,-1.9,1,1.3,1,"","",3.2,1,"","","","","","","","","","","","","","","","","","","","",79,1,"","","","","","","","","","","","",5.3,1,"","","","","","","","","","","","","","","","","","","","","","","","","","","","","","","","","","","","","","","","","","","","","","","","","","","","","","","","","","","","","","","","","","","","","","","","","","","","","","","","","","","","","","","","","","","","","","","","","","","","","","","","","","","","","","","","","","","",""
"06163007","TENDE_SAPC",44.043167,7.586,636,2000012819,0.,1,"","","","","","","","","","","","","","","","","","","","","","","","","","","","","","","","","","",0.7,1,-2.5,1,0.6,1,"","",1.3,1,"","","","","","","","","","","","","","","","","","","","",79,1,"","","","","","","","","","","","",5.1,1,"","","","","","","","","","","","","","","","","","","","","","","","","","","","","","","","","","","","","","","","","","","","","","","","","","","","","","","","","","","","","","","","","","","","","","","","","","","","","","","","","","","","","","","","","","","","","","","","","","","","","","","","","","","","","","","","","","","",""
"06163007","TENDE_SAPC",44.043167,7.586,636,2000012820,0.,1,"","","","","","","","","","","","","","","","","","","","","","","","","","","","","","","","","","",-0.5,1,-3.5,1,-0.5,1,"","",0.7,1,"","","","","","","","","","","","","","","","","","","","",80,1,"","","","","","","","","","","","",4.7,1,"","","","","","","","","","","","","","","","","","","","","","","","","","","","","","","","","","","","","","","","","","","","","","","","","","","","","","","","","","","","","","","","","","","","","","","","","","","","","","","","","","","","","","","","","","","","","","","","","","","","","","","","","","","","","","","","","","","",""
"06163007","TENDE_SAPC",44.043167,7.586,636,2000012821,0.,1,"","","","","","","","","","","","","","","","","","","","","","","","","","","","","","","","","","",-0.7,1,-3.4,1,-1.1,1,"","",-0.5,1,"","","","","","","","","","","","","","","","","","","","",82,1,"","","","","","","","","","","","",4.8,1,"","","","","","","","","","","","","","","","","","","","","","","","","","","","","","","","","","","","","","","","","","","","","","","","","","","","","","","","","","","","","","","","","","","","","","","","","","","","","","","","","","","","","","","","","","","","","","","","","","","","","","","","","","","","","","","","","","","",""
"06163007","TENDE_SAPC",44.043167,7.586,636,2000012822,0.,1,"","","","","","","","","","","","","","","","","","","","","","","","","","","","","","","","","","",-1.,1,-4.7,1,-1.,1,"","",-0.5,1,"","","","","","","","","","","","","","","","","","","","",76,1,"","","","","","","","","","","","",4.3,1,"","","","","","","","","","","","","","","","","","","","","","","","","","","","","","","","","","","","","","","","","","","","","","","","","","","","","","","","","","","","","","","","","","","","","","","","","","","","","","","","","","","","","","","","","","","","","","","","","","","","","","","","","","","","","","","","","","","",""
"06163007","TENDE_SAPC",44.043167,7.586,636,2000012823,0.,1,"","","","","","","","","","","","","","","","","","","","","","","","","","","","","","","","","","",-1.9,1,-4.9,1,-1.9,1,"","",-1.1,1,"","","","","","","","","","","","","","","","","","","","",80,1,"","","","","","","","","","","","",4.3,1,"","","","","","","","","","","","","","","","","","","","","","","","","","","","","","","","","","","","","","","","","","","","","","","","","","","","","","","","","","","","","","","","","","","","","","","","","","","","","","","","","","","","","","","","","","","","","","","","","","","","","","","","","","","","","","","","","","","",""
"06163007","TENDE_SAPC",44.043167,7.586,636,2000012900,0.,1,"","","","","","","","","","","","","","","","","","","","","","","","","","","","","","","","","","",-1.6,1,-5.6,1,-2.,1,"","",-1.6,1,"","","","","","","","","","","","","","","","","","","","",74,1,"","","","","","","","","","","","",4.,1,"","","","","","","","","","","","","","","","","","","","","","","","","","","","","","","","","","","","","","","","","","","","","","","","","","","","","","","","","","","","","","","","","","","","","","","","","","","","","","","","","","","","","","","","","","","","","","","","","","","","","","","","","","","","","","","","","","","",""
"06163007","TENDE_SAPC",44.043167,7.586,636,2000012901,0.,1,"","","","","","","","","","","","","","","","","","","","","","","","","","","","","","","","","","",-2.2,1,-6.8,1,-2.2,1,"","",-1.2,1,"","","","","","","","","","","","","","","","","","","","",71,1,"","","","","","","","","","","","",3.7,1,"","","","","","","","","","","","","","","","","","","","","","","","","","","","","","","","","","","","","","","","","","","","","","","","","","","","","","","","","","","","","","","","","","","","","","","","","","","","","","","","","","","","","","","","","","","","","","","","","","","","","","","","","","","","","","","","","","","",""
"06163007","TENDE_SAPC",44.043167,7.586,636,2000012902,0.,1,"","","","","","","","","","","","","","","","","","","","","","","","","","","","","","","","","","",-3.,1,-7.2,1,-3.,1,"","",-2.2,1,"","","","","","","","","","","","","","","","","","","","",73,1,"","","","","","","","","","","","",3.6,1,"","","","","","","","","","","","","","","","","","","","","","","","","","","","","","","","","","","","","","","","","","","","","","","","","","","","","","","","","","","","","","","","","","","","","","","","","","","","","","","","","","","","","","","","","","","","","","","","","","","","","","","","","","","","","","","","","","","",""
"06163007","TENDE_SAPC",44.043167,7.586,636,2000012903,0.,1,"","","","","","","","","","","","","","","","","","","","","","","","","","","","","","","","","","",-3.3,1,-7.6,1,-3.4,1,"","",-3.,1,"","","","","","","","","","","","","","","","","","","","",72,1,"","","","","","","","","","","","",3.5,1,"","","","","","","","","","","","","","","","","","","","","","","","","","","","","","","","","","","","","","","","","","","","","","","","","","","","","","","","","","","","","","","","","","","","","","","","","","","","","","","","","","","","","","","","","","","","","","","","","","","","","","","","","","","","","","","","","","","",""
"06163007","TENDE_SAPC",44.043167,7.586,636,2000012904,0.,1,"","","","","","","","","","","","","","","","","","","","","","","","","","","","","","","","","","",-3.5,1,-8.2,1,-3.6,1,"","",-3.2,1,"","","","","","","","","","","","","","","","","","","","",70,1,"","","","","","","","","","","","",3.3,1,"","","","","","","","","","","","","","","","","","","","","","","","","","","","","","","","","","","","","","","","","","","","","","","","","","","","","","","","","","","","","","","","","","","","","","","","","","","","","","","","","","","","","","","","","","","","","","","","","","","","","","","","","","","","","","","","","","","",""
"06163007","TENDE_SAPC",44.043167,7.586,636,2000012905,0.,1,"","","","","","","","","","","","","","","","","","","","","","","","","","","","","","","","","","",-3.2,1,-8.7,1,-3.6,1,"","",-3.1,1,"","","","","","","","","","","","","","","","","","","","",66,1,"","","","","","","","","","","","",3.2,1,"","","","","","","","","","","","","","","","","","","","","","","","","","","","","","","","","","","","","","","","","","","","","","","","","","","","","","","","","","","","","","","","","","","","","","","","","","","","","","","","","","","","","","","","","","","","","","","","","","","","","","","","","","","","","","","","","","","",""
"06163007","TENDE_SAPC",44.043167,7.586,636,2000012906,0.,1,"","","","","","","","","","","","","","","","","","","","","","","","","","","","","","","","","","",-4.,1,-8.9,1,-4.,1,"","",-3.2,1,"","","","","","","","","","","","","","","","","","","","",69,1,"","","","","","","","","","","","",3.1,1,"","","","","","","","","","","","","","","","","","","","","","","","","","","","","","","","","","","","","","","","","","","","","","","","","","","","","","","","","","","","","","","","","","","","","","","","","","","","","","","","","","","","","","","","","","","","","","","","","","","","","","","","","","","","","","","","","","","",""
"06163007","TENDE_SAPC",44.043167,7.586,636,2000012907,0.,1,"","","","","","","","","","","","","","","","","","","","","","","","","","","","","","","","","","",-4.1,1,-9.1,1,-4.1,1,"","",-3.9,1,"","","","","","","","","","","","","","","","","","","","",68,1,"","","","","","","","","","","","",3.1,1,"","","","","","","","","","","","","","","","","","","","","","","","","","","","","","","","","","","","","","","","","","","","","","","","","","","","","","","","","","","","","","","","","","","","","","","","","","","","","","","","","","","","","","","","","","","","","","","","","","","","","","","","","","","","","","","","","","","",""
"06163007","TENDE_SAPC",44.043167,7.586,636,2000012908,0.,1,"","","","","","","","","","","","","","","","","","","","","","","","","","","","","","","","","","",-3.5,1,-9.1,1,-4.1,1,"","",-3.5,1,"","","","","","","","","","","","","","","","","","","","",65,1,"","","","","","","","","","","","",3.1,1,"","","","","","","","","","","","","","","","","","","","","","","","","","","","","","","","","","","","","","","","","","","","","","","","","","","","","","","","","","","","","","","","","","","","","","","","","","","","","","","","","","","","","","","","","","","","","","","","","","","","","","","","","","","","","","","","","","","",""
"06163007","TENDE_SAPC",44.043167,7.586,636,2000012909,0.,1,"","","","","","","","","","","","","","","","","","","","","","","","","","","","","","","","","","",-2.6,1,-9.1,1,-3.5,1,"","",-2.6,1,"","","","","","","","","","","","","","","","","","","","",61,1,"","","","","","","","","","","","",3.1,1,"","","","","","","","","","","","","","","","","","","","","","","","","","","","","","","","","","","","","","","","","","","","","","","","","","","","","","","","","","","","","","","","","","","","","","","","","","","","","","","","","","","","","","","","","","","","","","","","","","","","","","","","","","","","","","","","","","","",""
"06163007","TENDE_SAPC",44.043167,7.586,636,2000012910,0.,1,"","","","","","","","","","","","","","","","","","","","","","","","","","","","","","","","","","",-2.3,1,-7.8,1,-2.6,1,"","",-2.3,1,"","","","","","","","","","","","","","","","","","","","",66,1,"","","","","","","","","","","","",3.4,1,"","","","","","","","","","","","","","","","","","","","","","","","","","","","","","","","","","","","","","","","","","","","","","","","","","","","","","","","","","","","","","","","","","","","","","","","","","","","","","","","","","","","","","","","","","","","","","","","","","","","","","","","","","","","","","","","","","","",""
"06163007","TENDE_SAPC",44.043167,7.586,636,2000012911,0.,1,"","","","","","","","","","","","","","","","","","","","","","","","","","","","","","","","","","",5.7,1,-4.8,1,-2.3,1,"","",5.7,1,"","","","","","","","","","","","","","","","","","","","",47,1,"","","","","","","","","","","","",4.3,1,"","","","","","","","","","","","","","","","","","","","","","","","","","","","","","","","","","","","","","","","","","","","","","","","","","","","","","","","","","","","","","","","","","","","","","","","","","","","","","","","","","","","","","","","","","","","","","","","","","","","","","","","","","","","","","","","","","","",""
"06163007","TENDE_SAPC",44.043167,7.586,636,2000012912,0.,1,"","","","","","","","","","","","","","","","","","","","","","","","","","","","","","","","","","",7.7,1,-2.1,1,5.8,1,"","",7.7,1,"","","","","","","","","","","","","","","","","","","","",50,1,"","","","","","","","","","","","",5.2,1,"","","","","","","","","","","","","","","","","","","","","","","","","","","","","","","","","","","","","","","","","","","","","","","","","","","","","","","","","","","","","","","","","","","","","","","","","","","","","","","","","","","","","","","","","","","","","","","","","","","","","","","","","","","","","","","","","","","",""
"06163007","TENDE_SAPC",44.043167,7.586,636,2000012913,0.,1,"","","","","","","","","","","","","","","","","","","","","","","","","","","","","","","","","","",7.7,1,-1.,1,7.6,1,"","",8.,1,"","","","","","","","","","","","","","","","","","","","",54,1,"","","","","","","","","","","","",5.7,1,"","","","","","","","","","","","","","","","","","","","","","","","","","","","","","","","","","","","","","","","","","","","","","","","","","","","","","","","","","","","","","","","","","","","","","","","","","","","","","","","","","","","","","","","","","","","","","","","","","","","","","","","","","","","","","","","","","","",""
"06163007","TENDE_SAPC",44.043167,7.586,636,2000012914,0.,1,"","","","","","","","","","","","","","","","","","","","","","","","","","","","","","","","","","",7.3,1,-0.7,1,7.3,1,"","",7.7,1,"","","","","","","","","","","","","","","","","","","","",57,1,"","","","","","","","","","","","",5.8,1,"","","","","","","","","","","","","","","","","","","","","","","","","","","","","","","","","","","","","","","","","","","","","","","","","","","","","","","","","","","","","","","","","","","","","","","","","","","","","","","","","","","","","","","","","","","","","","","","","","","","","","","","","","","","","","","","","","","",""
"06163007","TENDE_SAPC",44.043167,7.586,636,2000012915,0.,1,"","","","","","","","","","","","","","","","","","","","","","","","","","","","","","","","","","",6.8,1,0.5,1,6.8,1,"","",7.3,1,"","","","","","","","","","","","","","","","","","","","",64,1,"","","","","","","","","","","","",6.3,1,"","","","","","","","","","","","","","","","","","","","","","","","","","","","","","","","","","","","","","","","","","","","","","","","","","","","","","","","","","","","","","","","","","","","","","","","","","","","","","","","","","","","","","","","","","","","","","","","","","","","","","","","","","","","","","","","","","","",""
"06163007","TENDE_SAPC",44.043167,7.586,636,2000012916,0.,1,"","","","","","","","","","","","","","","","","","","","","","","","","","","","","","","","","","",5.,1,0.4,1,5.,1,"","",6.7,1,"","","","","","","","","","","","","","","","","","","","",72,1,"","","","","","","","","","","","",6.3,1,"","","","","","","","","","","","","","","","","","","","","","","","","","","","","","","","","","","","","","","","","","","","","","","","","","","","","","","","","","","","","","","","","","","","","","","","","","","","","","","","","","","","","","","","","","","","","","","","","","","","","","","","","","","","","","","","","","","",""
"06163007","TENDE_SAPC",44.043167,7.586,636,2000012917,0.,1,"","","","","","","","","","","","","","","","","","","","","","","","","","","","","","","","","","",2.9,1,-1.1,1,2.9,1,"","",5.,1,"","","","","","","","","","","","","","","","","","","","",75,1,"","","","","","","","","","","","",5.6,1,"","","","","","","","","","","","","","","","","","","","","","","","","","","","","","","","","","","","","","","","","","","","","","","","","","","","","","","","","","","","","","","","","","","","","","","","","","","","","","","","","","","","","","","","","","","","","","","","","","","","","","","","","","","","","","","","","","","",""
"06163007","TENDE_SAPC",44.043167,7.586,636,2000012918,0.,1,"","","","","","","","","","","","","","","","","","","","","","","","","","","","","","","","","","",4.6,1,-1.8,1,2.8,1,"","",4.7,1,"","","","","","","","","","","","","","","","","","","","",63,1,"","","","","","","","","","","","",5.3,1,"","","","","","","","","","","","","","","","","","","","","","","","","","","","","","","","","","","","","","","","","","","","","","","","","","","","","","","","","","","","","","","","","","","","","","","","","","","","","","","","","","","","","","","","","","","","","","","","","","","","","","","","","","","","","","","","","","","",""
"06163007","TENDE_SAPC",44.043167,7.586,636,2000012919,0.,1,"","","","","","","","","","","","","","","","","","","","","","","","","","","","","","","","","","",2.2,1,-2.3,1,2.2,1,"","",4.7,1,"","","","","","","","","","","","","","","","","","","","",72,1,"","","","","","","","","","","","",5.2,1,"","","","","","","","","","","","","","","","","","","","","","","","","","","","","","","","","","","","","","","","","","","","","","","","","","","","","","","","","","","","","","","","","","","","","","","","","","","","","","","","","","","","","","","","","","","","","","","","","","","","","","","","","","","","","","","","","","","",""
"06163007","TENDE_SAPC",44.043167,7.586,636,2000012920,0.,1,"","","","","","","","","","","","","","","","","","","","","","","","","","","","","","","","","","",0.8,1,-3.1,1,0.8,1,"","",2.2,1,"","","","","","","","","","","","","","","","","","","","",75,1,"","","","","","","","","","","","",4.9,1,"","","","","","","","","","","","","","","","","","","","","","","","","","","","","","","","","","","","","","","","","","","","","","","","","","","","","","","","","","","","","","","","","","","","","","","","","","","","","","","","","","","","","","","","","","","","","","","","","","","","","","","","","","","","","","","","","","","",""
"06163007","TENDE_SAPC",44.043167,7.586,636,2000012921,0.,1,"","","","","","","","","","","","","","","","","","","","","","","","","","","","","","","","","","",0.1,1,-4.,1,0.1,1,"","",0.8,1,"","","","","","","","","","","","","","","","","","","","",74,1,"","","","","","","","","","","","",4.6,1,"","","","","","","","","","","","","","","","","","","","","","","","","","","","","","","","","","","","","","","","","","","","","","","","","","","","","","","","","","","","","","","","","","","","","","","","","","","","","","","","","","","","","","","","","","","","","","","","","","","","","","","","","","","","","","","","","","","",""
"06163007","TENDE_SAPC",44.043167,7.586,636,2000012922,0.,1,"","","","","","","","","","","","","","","","","","","","","","","","","","","","","","","","","","",-0.6,1,-4.5,1,-0.6,1,"","",0.1,1,"","","","","","","","","","","","","","","","","","","","",75,1,"","","","","","","","","","","","",4.4,1,"","","","","","","","","","","","","","","","","","","","","","","","","","","","","","","","","","","","","","","","","","","","","","","","","","","","","","","","","","","","","","","","","","","","","","","","","","","","","","","","","","","","","","","","","","","","","","","","","","","","","","","","","","","","","","","","","","","",""
"06163007","TENDE_SAPC",44.043167,7.586,636,2000012923,0.,1,"","","","","","","","","","","","","","","","","","","","","","","","","","","","","","","","","","",-0.5,1,-4.9,1,-0.6,1,"","",-0.4,1,"","","","","","","","","","","","","","","","","","","","",72,1,"","","","","","","","","","","","",4.2,1,"","","","","","","","","","","","","","","","","","","","","","","","","","","","","","","","","","","","","","","","","","","","","","","","","","","","","","","","","","","","","","","","","","","","","","","","","","","","","","","","","","","","","","","","","","","","","","","","","","","","","","","","","","","","","","","","","","","",""
"06163007","TENDE_SAPC",44.043167,7.586,636,2000013000,0.,1,"","","","","","","","","","","","","","","","","","","","","","","","","","","","","","","","","","",-1.2,1,-4.9,1,-1.2,1,"","",-0.4,1,"","","","","","","","","","","","","","","","","","","","",76,1,"","","","","","","","","","","","",4.3,1,"","","","","","","","","","","","","","","","","","","","","","","","","","","","","","","","","","","","","","","","","","","","","","","","","","","","","","","","","","","","","","","","","","","","","","","","","","","","","","","","","","","","","","","","","","","","","","","","","","","","","","","","","","","","","","","","","","","",""
"06163007","TENDE_SAPC",44.043167,7.586,636,2000013001,0.,1,"","","","","","","","","","","","","","","","","","","","","","","","","","","","","","","","","","",-1.6,1,-5.3,1,-1.6,1,"","",-1.2,1,"","","","","","","","","","","","","","","","","","","","",76,1,"","","","","","","","","","","","",4.1,1,"","","","","","","","","","","","","","","","","","","","","","","","","","","","","","","","","","","","","","","","","","","","","","","","","","","","","","","","","","","","","","","","","","","","","","","","","","","","","","","","","","","","","","","","","","","","","","","","","","","","","","","","","","","","","","","","","","","",""
"06163007","TENDE_SAPC",44.043167,7.586,636,2000013002,0.,1,"","","","","","","","","","","","","","","","","","","","","","","","","","","","","","","","","","",-1.7,1,-5.,1,-1.8,1,"","",-1.4,1,"","","","","","","","","","","","","","","","","","","","",78,1,"","","","","","","","","","","","",4.2,1,"","","","","","","","","","","","","","","","","","","","","","","","","","","","","","","","","","","","","","","","","","","","","","","","","","","","","","","","","","","","","","","","","","","","","","","","","","","","","","","","","","","","","","","","","","","","","","","","","","","","","","","","","","","","","","","","","","","",""
"06163007","TENDE_SAPC",44.043167,7.586,636,2000013003,0.,1,"","","","","","","","","","","","","","","","","","","","","","","","","","","","","","","","","","",-1.9,1,-5.1,1,-1.9,1,"","",-1.7,1,"","","","","","","","","","","","","","","","","","","","",79,1,"","","","","","","","","","","","",4.2,1,"","","","","","","","","","","","","","","","","","","","","","","","","","","","","","","","","","","","","","","","","","","","","","","","","","","","","","","","","","","","","","","","","","","","","","","","","","","","","","","","","","","","","","","","","","","","","","","","","","","","","","","","","","","","","","","","","","","",""
"06163007","TENDE_SAPC",44.043167,7.586,636,2000013004,0.,1,"","","","","","","","","","","","","","","","","","","","","","","","","","","","","","","","","","",-1.2,1,-4.7,1,-1.9,1,"","",-1.1,1,"","","","","","","","","","","","","","","","","","","","",77,1,"","","","","","","","","","","","",4.3,1,"","","","","","","","","","","","","","","","","","","","","","","","","","","","","","","","","","","","","","","","","","","","","","","","","","","","","","","","","","","","","","","","","","","","","","","","","","","","","","","","","","","","","","","","","","","","","","","","","","","","","","","","","","","","","","","","","","","",""
"06163007","TENDE_SAPC",44.043167,7.586,636,2000013005,0.,1,"","","","","","","","","","","","","","","","","","","","","","","","","","","","","","","","","","",-1.1,1,-4.6,1,-1.2,1,"","",-0.4,1,"","","","","","","","","","","","","","","","","","","","",77,1,"","","","","","","","","","","","",4.3,1,"","","","","","","","","","","","","","","","","","","","","","","","","","","","","","","","","","","","","","","","","","","","","","","","","","","","","","","","","","","","","","","","","","","","","","","","","","","","","","","","","","","","","","","","","","","","","","","","","","","","","","","","","","","","","","","","","","","",""
"06163007","TENDE_SAPC",44.043167,7.586,636,2000013006,0.,1,"","","","","","","","","","","","","","","","","","","","","","","","","","","","","","","","","","",-1.6,1,-4.6,1,-1.6,1,"","",-1.1,1,"","","","","","","","","","","","","","","","","","","","",80,1,"","","","","","","","","","","","",4.4,1,"","","","","","","","","","","","","","","","","","","","","","","","","","","","","","","","","","","","","","","","","","","","","","","","","","","","","","","","","","","","","","","","","","","","","","","","","","","","","","","","","","","","","","","","","","","","","","","","","","","","","","","","","","","","","","","","","","","",""
"06163007","TENDE_SAPC",44.043167,7.586,636,2000013007,0.,1,"","","","","","","","","","","","","","","","","","","","","","","","","","","","","","","","","","",-0.7,1,-4.1,1,-1.6,1,"","",-0.7,1,"","","","","","","","","","","","","","","","","","","","",78,1,"","","","","","","","","","","","",4.5,1,"","","","","","","","","","","","","","","","","","","","","","","","","","","","","","","","","","","","","","","","","","","","","","","","","","","","","","","","","","","","","","","","","","","","","","","","","","","","","","","","","","","","","","","","","","","","","","","","","","","","","","","","","","","","","","","","","","","",""
"06163007","TENDE_SAPC",44.043167,7.586,636,2000013008,0.,1,"","","","","","","","","","","","","","","","","","","","","","","","","","","","","","","","","","",-0.7,1,-3.7,1,-0.8,1,"","",-0.4,1,"","","","","","","","","","","","","","","","","","","","",80,1,"","","","","","","","","","","","",4.6,1,"","","","","","","","","","","","","","","","","","","","","","","","","","","","","","","","","","","","","","","","","","","","","","","","","","","","","","","","","","","","","","","","","","","","","","","","","","","","","","","","","","","","","","","","","","","","","","","","","","","","","","","","","","","","","","","","","","","",""
"06163007","TENDE_SAPC",44.043167,7.586,636,2000013009,0.,1,"","","","","","","","","","","","","","","","","","","","","","","","","","","","","","","","","","",-0.1,1,-3.5,1,-0.7,1,"","",-0.1,1,"","","","","","","","","","","","","","","","","","","","",78,1,"","","","","","","","","","","","",4.7,1,"","","","","","","","","","","","","","","","","","","","","","","","","","","","","","","","","","","","","","","","","","","","","","","","","","","","","","","","","","","","","","","","","","","","","","","","","","","","","","","","","","","","","","","","","","","","","","","","","","","","","","","","","","","","","","","","","","","",""
"06163007","TENDE_SAPC",44.043167,7.586,636,2000013010,0.,1,"","","","","","","","","","","","","","","","","","","","","","","","","","","","","","","","","","",0.5,1,-2.9,1,-0.1,1,"","",0.5,1,"","","","","","","","","","","","","","","","","","","","",78,1,"","","","","","","","","","","","",4.9,1,"","","","","","","","","","","","","","","","","","","","","","","","","","","","","","","","","","","","","","","","","","","","","","","","","","","","","","","","","","","","","","","","","","","","","","","","","","","","","","","","","","","","","","","","","","","","","","","","","","","","","","","","","","","","","","","","","","","",""
"06163007","TENDE_SAPC",44.043167,7.586,636,2000013011,0.,1,"","","","","","","","","","","","","","","","","","","","","","","","","","","","","","","","","","",9.5,1,-1.3,1,0.7,1,"","",9.5,1,"","","","","","","","","","","","","","","","","","","","",47,1,"","","","","","","","","","","","",5.6,1,"","","","","","","","","","","","","","","","","","","","","","","","","","","","","","","","","","","","","","","","","","","","","","","","","","","","","","","","","","","","","","","","","","","","","","","","","","","","","","","","","","","","","","","","","","","","","","","","","","","","","","","","","","","","","","","","","","","",""
"06163007","TENDE_SAPC",44.043167,7.586,636,2000013012,0.,1,"","","","","","","","","","","","","","","","","","","","","","","","","","","","","","","","","","",11.8,1,-0.1,1,9.6,1,"","",11.8,1,"","","","","","","","","","","","","","","","","","","","",44,1,"","","","","","","","","","","","",6.1,1,"","","","","","","","","","","","","","","","","","","","","","","","","","","","","","","","","","","","","","","","","","","","","","","","","","","","","","","","","","","","","","","","","","","","","","","","","","","","","","","","","","","","","","","","","","","","","","","","","","","","","","","","","","","","","","","","","","","",""
"06163007","TENDE_SAPC",44.043167,7.586,636,2000013013,0.,1,"","","","","","","","","","","","","","","","","","","","","","","","","","","","","","","","","","",12.3,1,1.,1,11.6,1,"","",12.3,1,"","","","","","","","","","","","","","","","","","","","",46,1,"","","","","","","","","","","","",6.6,1,"","","","","","","","","","","","","","","","","","","","","","","","","","","","","","","","","","","","","","","","","","","","","","","","","","","","","","","","","","","","","","","","","","","","","","","","","","","","","","","","","","","","","","","","","","","","","","","","","","","","","","","","","","","","","","","","","","","",""
"06163007","TENDE_SAPC",44.043167,7.586,636,2000013014,0.,1,"","","","","","","","","","","","","","","","","","","","","","","","","","","","","","","","","","",12.,1,2.2,1,11.9,1,"","",12.4,1,"","","","","","","","","","","","","","","","","","","","",51,1,"","","","","","","","","","","","",7.1,1,"","","","","","","","","","","","","","","","","","","","","","","","","","","","","","","","","","","","","","","","","","","","","","","","","","","","","","","","","","","","","","","","","","","","","","","","","","","","","","","","","","","","","","","","","","","","","","","","","","","","","","","","","","","","","","","","","","","",""
"06163007","TENDE_SAPC",44.043167,7.586,636,2000013015,0.,1,"","","","","","","","","","","","","","","","","","","","","","","","","","","","","","","","","","",9.8,1,3.1,1,9.8,1,"","",11.9,1,"","","","","","","","","","","","","","","","","","","","",63,1,"","","","","","","","","","","","",7.6,1,"","","","","","","","","","","","","","","","","","","","","","","","","","","","","","","","","","","","","","","","","","","","","","","","","","","","","","","","","","","","","","","","","","","","","","","","","","","","","","","","","","","","","","","","","","","","","","","","","","","","","","","","","","","","","","","","","","","",""
"06163007","TENDE_SAPC",44.043167,7.586,636,2000013016,0.,1,"","","","","","","","","","","","","","","","","","","","","","","","","","","","","","","","","","",6.6,1,1.1,1,6.6,1,"","",9.9,1,"","","","","","","","","","","","","","","","","","","","",68,1,"","","","","","","","","","","","",6.6,1,"","","","","","","","","","","","","","","","","","","","","","","","","","","","","","","","","","","","","","","","","","","","","","","","","","","","","","","","","","","","","","","","","","","","","","","","","","","","","","","","","","","","","","","","","","","","","","","","","","","","","","","","","","","","","","","","","","","",""
"06163007","TENDE_SAPC",44.043167,7.586,636,2000013017,0.,1,"","","","","","","","","","","","","","","","","","","","","","","","","","","","","","","","","","",5.,1,0.9,1,5.,1,"","",6.6,1,"","","","","","","","","","","","","","","","","","","","",75,1,"","","","","","","","","","","","",6.5,1,"","","","","","","","","","","","","","","","","","","","","","","","","","","","","","","","","","","","","","","","","","","","","","","","","","","","","","","","","","","","","","","","","","","","","","","","","","","","","","","","","","","","","","","","","","","","","","","","","","","","","","","","","","","","","","","","","","","",""
"06163007","TENDE_SAPC",44.043167,7.586,636,2000013018,0.,1,"","","","","","","","","","","","","","","","","","","","","","","","","","","","","","","","","","",5.1,1,0.7,1,5.,1,"","",5.5,1,"","","","","","","","","","","","","","","","","","","","",73,1,"","","","","","","","","","","","",6.4,1,"","","","","","","","","","","","","","","","","","","","","","","","","","","","","","","","","","","","","","","","","","","","","","","","","","","","","","","","","","","","","","","","","","","","","","","","","","","","","","","","","","","","","","","","","","","","","","","","","","","","","","","","","","","","","","","","","","","",""
"06163007","TENDE_SAPC",44.043167,7.586,636,2000013019,0.,1,"","","","","","","","","","","","","","","","","","","","","","","","","","","","","","","","","","",3.4,1,-0.1,1,3.4,1,"","",5.1,1,"","","","","","","","","","","","","","","","","","","","",78,1,"","","","","","","","","","","","",6.1,1,"","","","","","","","","","","","","","","","","","","","","","","","","","","","","","","","","","","","","","","","","","","","","","","","","","","","","","","","","","","","","","","","","","","","","","","","","","","","","","","","","","","","","","","","","","","","","","","","","","","","","","","","","","","","","","","","","","","",""
"06163007","TENDE_SAPC",44.043167,7.586,636,2000013020,0.,1,"","","","","","","","","","","","","","","","","","","","","","","","","","","","","","","","","","",3.3,1,-0.5,1,2.9,1,"","",3.5,1,"","","","","","","","","","","","","","","","","","","","",76,1,"","","","","","","","","","","","",5.9,1,"","","","","","","","","","","","","","","","","","","","","","","","","","","","","","","","","","","","","","","","","","","","","","","","","","","","","","","","","","","","","","","","","","","","","","","","","","","","","","","","","","","","","","","","","","","","","","","","","","","","","","","","","","","","","","","","","","","",""
"06163007","TENDE_SAPC",44.043167,7.586,636,2000013021,0.,1,"","","","","","","","","","","","","","","","","","","","","","","","","","","","","","","","","","",2.9,1,-1.1,1,2.9,1,"","",3.5,1,"","","","","","","","","","","","","","","","","","","","",75,1,"","","","","","","","","","","","",5.6,1,"","","","","","","","","","","","","","","","","","","","","","","","","","","","","","","","","","","","","","","","","","","","","","","","","","","","","","","","","","","","","","","","","","","","","","","","","","","","","","","","","","","","","","","","","","","","","","","","","","","","","","","","","","","","","","","","","","","",""
"06163007","TENDE_SAPC",44.043167,7.586,636,2000013022,0.,1,"","","","","","","","","","","","","","","","","","","","","","","","","","","","","","","","","","",3.1,1,-1.7,1,2.7,1,"","",3.2,1,"","","","","","","","","","","","","","","","","","","","",71,1,"","","","","","","","","","","","",5.4,1,"","","","","","","","","","","","","","","","","","","","","","","","","","","","","","","","","","","","","","","","","","","","","","","","","","","","","","","","","","","","","","","","","","","","","","","","","","","","","","","","","","","","","","","","","","","","","","","","","","","","","","","","","","","","","","","","","","","",""
"06163007","TENDE_SAPC",44.043167,7.586,636,2000013023,0.,1,"","","","","","","","","","","","","","","","","","","","","","","","","","","","","","","","","","",2.7,1,-1.8,1,2.6,1,"","",3.4,1,"","","","","","","","","","","","","","","","","","","","",72,1,"","","","","","","","","","","","",5.3,1,"","","","","","","","","","","","","","","","","","","","","","","","","","","","","","","","","","","","","","","","","","","","","","","","","","","","","","","","","","","","","","","","","","","","","","","","","","","","","","","","","","","","","","","","","","","","","","","","","","","","","","","","","","","","","","","","","","","",""
"06163007","TENDE_SAPC",44.043167,7.586,636,2000013100,0.,1,"","","","","","","","","","","","","","","","","","","","","","","","","","","","","","","","","","",1.6,1,-2.5,1,1.5,1,"","",2.7,1,"","","","","","","","","","","","","","","","","","","","",74,1,"","","","","","","","","","","","",5.1,1,"","","","","","","","","","","","","","","","","","","","","","","","","","","","","","","","","","","","","","","","","","","","","","","","","","","","","","","","","","","","","","","","","","","","","","","","","","","","","","","","","","","","","","","","","","","","","","","","","","","","","","","","","","","","","","","","","","","",""
"06163007","TENDE_SAPC",44.043167,7.586,636,2000013101,0.,1,"","","","","","","","","","","","","","","","","","","","","","","","","","","","","","","","","","",1.2,1,-2.9,1,1.2,1,"","",1.8,1,"","","","","","","","","","","","","","","","","","","","",74,1,"","","","","","","","","","","","",4.9,1,"","","","","","","","","","","","","","","","","","","","","","","","","","","","","","","","","","","","","","","","","","","","","","","","","","","","","","","","","","","","","","","","","","","","","","","","","","","","","","","","","","","","","","","","","","","","","","","","","","","","","","","","","","","","","","","","","","","",""
"06163007","TENDE_SAPC",44.043167,7.586,636,2000013102,0.,1,"","","","","","","","","","","","","","","","","","","","","","","","","","","","","","","","","","",0.1,1,-3.3,1,0.1,1,"","",1.2,1,"","","","","","","","","","","","","","","","","","","","",78,1,"","","","","","","","","","","","",4.8,1,"","","","","","","","","","","","","","","","","","","","","","","","","","","","","","","","","","","","","","","","","","","","","","","","","","","","","","","","","","","","","","","","","","","","","","","","","","","","","","","","","","","","","","","","","","","","","","","","","","","","","","","","","","","","","","","","","","","",""
"06163007","TENDE_SAPC",44.043167,7.586,636,2000013103,0.,1,"","","","","","","","","","","","","","","","","","","","","","","","","","","","","","","","","","",-0.1,1,-3.5,1,-0.3,1,"","",0.1,1,"","","","","","","","","","","","","","","","","","","","",78,1,"","","","","","","","","","","","",4.7,1,"","","","","","","","","","","","","","","","","","","","","","","","","","","","","","","","","","","","","","","","","","","","","","","","","","","","","","","","","","","","","","","","","","","","","","","","","","","","","","","","","","","","","","","","","","","","","","","","","","","","","","","","","","","","","","","","","","","",""
"06163007","TENDE_SAPC",44.043167,7.586,636,2000013104,0.,1,"","","","","","","","","","","","","","","","","","","","","","","","","","","","","","","","","","",-0.4,1,-3.6,1,-0.5,1,"","",-0.1,1,"","","","","","","","","","","","","","","","","","","","",79,1,"","","","","","","","","","","","",4.7,1,"","","","","","","","","","","","","","","","","","","","","","","","","","","","","","","","","","","","","","","","","","","","","","","","","","","","","","","","","","","","","","","","","","","","","","","","","","","","","","","","","","","","","","","","","","","","","","","","","","","","","","","","","","","","","","","","","","","",""
"06163007","TENDE_SAPC",44.043167,7.586,636,2000013105,0.,1,"","","","","","","","","","","","","","","","","","","","","","","","","","","","","","","","","","",-0.4,1,-3.6,1,-0.4,1,"","",-0.2,1,"","","","","","","","","","","","","","","","","","","","",79,1,"","","","","","","","","","","","",4.7,1,"","","","","","","","","","","","","","","","","","","","","","","","","","","","","","","","","","","","","","","","","","","","","","","","","","","","","","","","","","","","","","","","","","","","","","","","","","","","","","","","","","","","","","","","","","","","","","","","","","","","","","","","","","","","","","","","","","","",""
"06163007","TENDE_SAPC",44.043167,7.586,636,2000013106,0.,1,"","","","","","","","","","","","","","","","","","","","","","","","","","","","","","","","","","",-0.8,1,-3.8,1,-0.8,1,"","",-0.3,1,"","","","","","","","","","","","","","","","","","","","",80,1,"","","","","","","","","","","","",4.6,1,"","","","","","","","","","","","","","","","","","","","","","","","","","","","","","","","","","","","","","","","","","","","","","","","","","","","","","","","","","","","","","","","","","","","","","","","","","","","","","","","","","","","","","","","","","","","","","","","","","","","","","","","","","","","","","","","","","","",""
"06163007","TENDE_SAPC",44.043167,7.586,636,2000013107,0.,1,"","","","","","","","","","","","","","","","","","","","","","","","","","","","","","","","","","",-0.7,1,-3.9,1,-0.9,1,"","",-0.7,1,"","","","","","","","","","","","","","","","","","","","",79,1,"","","","","","","","","","","","",4.6,1,"","","","","","","","","","","","","","","","","","","","","","","","","","","","","","","","","","","","","","","","","","","","","","","","","","","","","","","","","","","","","","","","","","","","","","","","","","","","","","","","","","","","","","","","","","","","","","","","","","","","","","","","","","","","","","","","","","","",""
"06163007","TENDE_SAPC",44.043167,7.586,636,2000013108,0.,1,"","","","","","","","","","","","","","","","","","","","","","","","","","","","","","","","","","",0.,1,-3.7,1,-0.8,1,"","",0.,1,"","","","","","","","","","","","","","","","","","","","",76,1,"","","","","","","","","","","","",4.6,1,"","","","","","","","","","","","","","","","","","","","","","","","","","","","","","","","","","","","","","","","","","","","","","","","","","","","","","","","","","","","","","","","","","","","","","","","","","","","","","","","","","","","","","","","","","","","","","","","","","","","","","","","","","","","","","","","","","","",""
"06163007","TENDE_SAPC",44.043167,7.586,636,2000013109,0.,1,"","","","","","","","","","","","","","","","","","","","","","","","","","","","","","","","","","",0.6,1,-3.3,1,0.,1,"","",0.6,1,"","","","","","","","","","","","","","","","","","","","",75,1,"","","","","","","","","","","","",4.8,1,"","","","","","","","","","","","","","","","","","","","","","","","","","","","","","","","","","","","","","","","","","","","","","","","","","","","","","","","","","","","","","","","","","","","","","","","","","","","","","","","","","","","","","","","","","","","","","","","","","","","","","","","","","","","","","","","","","","",""
"06163007","TENDE_SAPC",44.043167,7.586,636,2000013110,0.,1,"","","","","","","","","","","","","","","","","","","","","","","","","","","","","","","","","","",3.5,1,-2.7,1,0.6,1,"","",3.5,1,"","","","","","","","","","","","","","","","","","","","",64,1,"","","","","","","","","","","","",5.,1,"","","","","","","","","","","","","","","","","","","","","","","","","","","","","","","","","","","","","","","","","","","","","","","","","","","","","","","","","","","","","","","","","","","","","","","","","","","","","","","","","","","","","","","","","","","","","","","","","","","","","","","","","","","","","","","","","","","",""
"06163007","TENDE_SAPC",44.043167,7.586,636,2000013111,0.,1,"","","","","","","","","","","","","","","","","","","","","","","","","","","","","","","","","","",7.7,1,-2.1,1,3.6,1,"","",7.7,1,"","","","","","","","","","","","","","","","","","","","",50,1,"","","","","","","","","","","","",5.2,1,"","","","","","","","","","","","","","","","","","","","","","","","","","","","","","","","","","","","","","","","","","","","","","","","","","","","","","","","","","","","","","","","","","","","","","","","","","","","","","","","","","","","","","","","","","","","","","","","","","","","","","","","","","","","","","","","","","","",""
"06163007","TENDE_SAPC",44.043167,7.586,636,2000013112,0.,1,"","","","","","","","","","","","","","","","","","","","","","","","","","","","","","","","","","",10.1,1,2.,1,7.8,1,"","",10.3,1,"","","","","","","","","","","","","","","","","","","","",57,1,"","","","","","","","","","","","",7.,1,"","","","","","","","","","","","","","","","","","","","","","","","","","","","","","","","","","","","","","","","","","","","","","","","","","","","","","","","","","","","","","","","","","","","","","","","","","","","","","","","","","","","","","","","","","","","","","","","","","","","","","","","","","","","","","","","","","","",""
"06163007","TENDE_SAPC",44.043167,7.586,636,2000013113,0.,1,"","","","","","","","","","","","","","","","","","","","","","","","","","","","","","","","","","",10.3,1,2.6,1,9.9,1,"","",10.7,1,"","","","","","","","","","","","","","","","","","","","",59,1,"","","","","","","","","","","","",7.4,1,"","","","","","","","","","","","","","","","","","","","","","","","","","","","","","","","","","","","","","","","","","","","","","","","","","","","","","","","","","","","","","","","","","","","","","","","","","","","","","","","","","","","","","","","","","","","","","","","","","","","","","","","","","","","","","","","","","","",""
"06163007","TENDE_SAPC",44.043167,7.586,636,2000013114,0.,1,"","","","","","","","","","","","","","","","","","","","","","","","","","","","","","","","","","",10.,1,3.5,1,9.9,1,"","",10.4,1,"","","","","","","","","","","","","","","","","","","","",64,1,"","","","","","","","","","","","",7.8,1,"","","","","","","","","","","","","","","","","","","","","","","","","","","","","","","","","","","","","","","","","","","","","","","","","","","","","","","","","","","","","","","","","","","","","","","","","","","","","","","","","","","","","","","","","","","","","","","","","","","","","","","","","","","","","","","","","","","",""
"06163007","TENDE_SAPC",44.043167,7.586,636,2000013115,0.,1,"","","","","","","","","","","","","","","","","","","","","","","","","","","","","","","","","","",9.6,1,4.2,1,9.6,1,"","",10.1,1,"","","","","","","","","","","","","","","","","","","","",69,1,"","","","","","","","","","","","",8.2,1,"","","","","","","","","","","","","","","","","","","","","","","","","","","","","","","","","","","","","","","","","","","","","","","","","","","","","","","","","","","","","","","","","","","","","","","","","","","","","","","","","","","","","","","","","","","","","","","","","","","","","","","","","","","","","","","","","","","",""
"06163007","TENDE_SAPC",44.043167,7.586,636,2000013116,0.,1,"","","","","","","","","","","","","","","","","","","","","","","","","","","","","","","","","","",8.5,1,4.9,1,8.5,1,"","",9.6,1,"","","","","","","","","","","","","","","","","","","","",78,1,"","","","","","","","","","","","",8.6,1,"","","","","","","","","","","","","","","","","","","","","","","","","","","","","","","","","","","","","","","","","","","","","","","","","","","","","","","","","","","","","","","","","","","","","","","","","","","","","","","","","","","","","","","","","","","","","","","","","","","","","","","","","","","","","","","","","","","",""
"06163007","TENDE_SAPC",44.043167,7.586,636,2000013117,0.,1,"","","","","","","","","","","","","","","","","","","","","","","","","","","","","","","","","","",6.9,1,4.6,1,6.9,1,"","",8.5,1,"","","","","","","","","","","","","","","","","","","","",85,1,"","","","","","","","","","","","",8.4,1,"","","","","","","","","","","","","","","","","","","","","","","","","","","","","","","","","","","","","","","","","","","","","","","","","","","","","","","","","","","","","","","","","","","","","","","","","","","","","","","","","","","","","","","","","","","","","","","","","","","","","","","","","","","","","","","","","","","",""
"06163007","TENDE_SAPC",44.043167,7.586,636,2000013118,0.,1,"","","","","","","","","","","","","","","","","","","","","","","","","","","","","","","","","","",5.9,1,2.7,1,5.6,1,"","",7.,1,"","","","","","","","","","","","","","","","","","","","",80,1,"","","","","","","","","","","","",7.4,1,"","","","","","","","","","","","","","","","","","","","","","","","","","","","","","","","","","","","","","","","","","","","","","","","","","","","","","","","","","","","","","","","","","","","","","","","","","","","","","","","","","","","","","","","","","","","","","","","","","","","","","","","","","","","","","","","","","","",""
"06163007","TENDE_SAPC",44.043167,7.586,636,2000013119,0.,1,"","","","","","","","","","","","","","","","","","","","","","","","","","","","","","","","","","",4.5,1,1.9,1,4.5,1,"","",6.1,1,"","","","","","","","","","","","","","","","","","","","",83,1,"","","","","","","","","","","","",7.,1,"","","","","","","","","","","","","","","","","","","","","","","","","","","","","","","","","","","","","","","","","","","","","","","","","","","","","","","","","","","","","","","","","","","","","","","","","","","","","","","","","","","","","","","","","","","","","","","","","","","","","","","","","","","","","","","","","","","",""
"06163007","TENDE_SAPC",44.043167,7.586,636,2000013120,0.,1,"","","","","","","","","","","","","","","","","","","","","","","","","","","","","","","","","","",3.,1,0.7,1,3.,1,"","",4.5,1,"","","","","","","","","","","","","","","","","","","","",85,1,"","","","","","","","","","","","",6.4,1,"","","","","","","","","","","","","","","","","","","","","","","","","","","","","","","","","","","","","","","","","","","","","","","","","","","","","","","","","","","","","","","","","","","","","","","","","","","","","","","","","","","","","","","","","","","","","","","","","","","","","","","","","","","","","","","","","","","",""
"06163007","TENDE_SAPC",44.043167,7.586,636,2000013121,0.,1,"","","","","","","","","","","","","","","","","","","","","","","","","","","","","","","","","","",2.4,1,0.3,1,2.3,1,"","",3.,1,"","","","","","","","","","","","","","","","","","","","",86,1,"","","","","","","","","","","","",6.2,1,"","","","","","","","","","","","","","","","","","","","","","","","","","","","","","","","","","","","","","","","","","","","","","","","","","","","","","","","","","","","","","","","","","","","","","","","","","","","","","","","","","","","","","","","","","","","","","","","","","","","","","","","","","","","","","","","","","","",""
"06163007","TENDE_SAPC",44.043167,7.586,636,2000013122,0.,1,"","","","","","","","","","","","","","","","","","","","","","","","","","","","","","","","","","",1.7,1,-0.4,1,1.7,1,"","",2.4,1,"","","","","","","","","","","","","","","","","","","","",86,1,"","","","","","","","","","","","",5.9,1,"","","","","","","","","","","","","","","","","","","","","","","","","","","","","","","","","","","","","","","","","","","","","","","","","","","","","","","","","","","","","","","","","","","","","","","","","","","","","","","","","","","","","","","","","","","","","","","","","","","","","","","","","","","","","","","","","","","",""
"06163007","TENDE_SAPC",44.043167,7.586,636,2000013123,0.,1,"","","","","","","","","","","","","","","","","","","","","","","","","","","","","","","","","","",0.6,1,-1.3,1,0.6,1,"","",1.7,1,"","","","","","","","","","","","","","","","","","","","",87,1,"","","","","","","","","","","","",5.6,1,"","","","","","","","","","","","","","","","","","","","","","","","","","","","","","","","","","","","","","","","","","","","","","","","","","","","","","","","","","","","","","","","","","","","","","","","","","","","","","","","","","","","","","","","","","","","","","","","","","","","","","","","","","","","","","","","","","","",""
"06163007","TENDE_SAPC",44.043167,7.586,636,2000020100,0.,1,"","","","","","","","","","","","","","","","","","","","","","","","","","","","","","","","","","",1.2,1,-0.7,1,0.3,1,"","",1.2,1,"","","","","","","","","","","","","","","","","","","","",87,1,"","","","","","","","","","","","",5.8,1,"","","","","","","","","","","","","","","","","","","","","","","","","","","","","","","","","","","","","","","","","","","","","","","","","","","","","","","","","","","","","","","","","","","","","","","","","","","","","","","","","","","","","","","","","","","","","","","","","","","","","","","","","","","","","","","","","","","",""
"06163007","TENDE_SAPC",44.043167,7.586,636,2000020101,0.,1,"","","","","","","","","","","","","","","","","","","","","","","","","","","","","","","","","","",0.6,1,-1.8,1,0.6,1,"","",1.3,1,"","","","","","","","","","","","","","","","","","","","",84,1,"","","","","","","","","","","","",5.4,1,"","","","","","","","","","","","","","","","","","","","","","","","","","","","","","","","","","","","","","","","","","","","","","","","","","","","","","","","","","","","","","","","","","","","","","","","","","","","","","","","","","","","","","","","","","","","","","","","","","","","","","","","","","","","","","","","","","","",""
"06163007","TENDE_SAPC",44.043167,7.586,636,2000020102,0.,1,"","","","","","","","","","","","","","","","","","","","","","","","","","","","","","","","","","",0.5,1,-1.6,1,0.2,1,"","",0.6,1,"","","","","","","","","","","","","","","","","","","","",86,1,"","","","","","","","","","","","",5.4,1,"","","","","","","","","","","","","","","","","","","","","","","","","","","","","","","","","","","","","","","","","","","","","","","","","","","","","","","","","","","","","","","","","","","","","","","","","","","","","","","","","","","","","","","","","","","","","","","","","","","","","","","","","","","","","","","","","","","",""
"06163007","TENDE_SAPC",44.043167,7.586,636,2000020103,0.,1,"","","","","","","","","","","","","","","","","","","","","","","","","","","","","","","","","","",1.1,1,-1.8,1,0.5,1,"","",1.1,1,"","","","","","","","","","","","","","","","","","","","",81,1,"","","","","","","","","","","","",5.4,1,"","","","","","","","","","","","","","","","","","","","","","","","","","","","","","","","","","","","","","","","","","","","","","","","","","","","","","","","","","","","","","","","","","","","","","","","","","","","","","","","","","","","","","","","","","","","","","","","","","","","","","","","","","","","","","","","","","","",""
"06163007","TENDE_SAPC",44.043167,7.586,636,2000020104,0.,1,"","","","","","","","","","","","","","","","","","","","","","","","","","","","","","","","","","",1.5,1,-1.9,1,1.1,1,"","",1.5,1,"","","","","","","","","","","","","","","","","","","","",78,1,"","","","","","","","","","","","",5.3,1,"","","","","","","","","","","","","","","","","","","","","","","","","","","","","","","","","","","","","","","","","","","","","","","","","","","","","","","","","","","","","","","","","","","","","","","","","","","","","","","","","","","","","","","","","","","","","","","","","","","","","","","","","","","","","","","","","","","",""
"06163007","TENDE_SAPC",44.043167,7.586,636,2000020105,0.,1,"","","","","","","","","","","","","","","","","","","","","","","","","","","","","","","","","","",1.7,1,-1.4,1,1.5,1,"","",1.8,1,"","","","","","","","","","","","","","","","","","","","",80,1,"","","","","","","","","","","","",5.5,1,"","","","","","","","","","","","","","","","","","","","","","","","","","","","","","","","","","","","","","","","","","","","","","","","","","","","","","","","","","","","","","","","","","","","","","","","","","","","","","","","","","","","","","","","","","","","","","","","","","","","","","","","","","","","","","","","","","","",""
"06163007","TENDE_SAPC",44.043167,7.586,636,2000020106,0.,1,"","","","","","","","","","","","","","","","","","","","","","","","","","","","","","","","","","",1.2,1,-2.,1,1.2,1,"","",1.7,1,"","","","","","","","","","","","","","","","","","","","",79,1,"","","","","","","","","","","","",5.3,1,"","","","","","","","","","","","","","","","","","","","","","","","","","","","","","","","","","","","","","","","","","","","","","","","","","","","","","","","","","","","","","","","","","","","","","","","","","","","","","","","","","","","","","","","","","","","","","","","","","","","","","","","","","","","","","","","","","","",""
"06163007","TENDE_SAPC",44.043167,7.586,636,2000020107,0.,1,"","","","","","","","","","","","","","","","","","","","","","","","","","","","","","","","","","",1.2,1,-2.7,1,1.1,1,"","",1.2,1,"","","","","","","","","","","","","","","","","","","","",75,1,"","","","","","","","","","","","",5.,1,"","","","","","","","","","","","","","","","","","","","","","","","","","","","","","","","","","","","","","","","","","","","","","","","","","","","","","","","","","","","","","","","","","","","","","","","","","","","","","","","","","","","","","","","","","","","","","","","","","","","","","","","","","","","","","","","","","","",""
"06163007","TENDE_SAPC",44.043167,7.586,636,2000020108,0.,1,"","","","","","","","","","","","","","","","","","","","","","","","","","","","","","","","","","",1.,1,-2.9,1,1.,1,"","",1.3,1,"","","","","","","","","","","","","","","","","","","","",75,1,"","","","","","","","","","","","",4.9,1,"","","","","","","","","","","","","","","","","","","","","","","","","","","","","","","","","","","","","","","","","","","","","","","","","","","","","","","","","","","","","","","","","","","","","","","","","","","","","","","","","","","","","","","","","","","","","","","","","","","","","","","","","","","","","","","","","","","",""
"06163007","TENDE_SAPC",44.043167,7.586,636,2000020109,0.,1,"","","","","","","","","","","","","","","","","","","","","","","","","","","","","","","","","","",2.,1,-2.,1,1.,1,"","",2.,1,"","","","","","","","","","","","","","","","","","","","",75,1,"","","","","","","","","","","","",5.3,1,"","","","","","","","","","","","","","","","","","","","","","","","","","","","","","","","","","","","","","","","","","","","","","","","","","","","","","","","","","","","","","","","","","","","","","","","","","","","","","","","","","","","","","","","","","","","","","","","","","","","","","","","","","","","","","","","","","","",""
"06163007","TENDE_SAPC",44.043167,7.586,636,2000020110,0.,1,"","","","","","","","","","","","","","","","","","","","","","","","","","","","","","","","","","",4.2,1,-1.6,1,2.,1,"","",4.2,1,"","","","","","","","","","","","","","","","","","","","",66,1,"","","","","","","","","","","","",5.4,1,"","","","","","","","","","","","","","","","","","","","","","","","","","","","","","","","","","","","","","","","","","","","","","","","","","","","","","","","","","","","","","","","","","","","","","","","","","","","","","","","","","","","","","","","","","","","","","","","","","","","","","","","","","","","","","","","","","","",""
"06163007","TENDE_SAPC",44.043167,7.586,636,2000020111,0.,1,"","","","","","","","","","","","","","","","","","","","","","","","","","","","","","","","","","",8.4,1,0.6,1,4.3,1,"","",8.4,1,"","","","","","","","","","","","","","","","","","","","",58,1,"","","","","","","","","","","","",6.4,1,"","","","","","","","","","","","","","","","","","","","","","","","","","","","","","","","","","","","","","","","","","","","","","","","","","","","","","","","","","","","","","","","","","","","","","","","","","","","","","","","","","","","","","","","","","","","","","","","","","","","","","","","","","","","","","","","","","","",""
"06163007","TENDE_SAPC",44.043167,7.586,636,2000020112,0.,1,"","","","","","","","","","","","","","","","","","","","","","","","","","","","","","","","","","",10.1,1,2.2,1,8.4,1,"","",10.1,1,"","","","","","","","","","","","","","","","","","","","",58,1,"","","","","","","","","","","","",7.2,1,"","","","","","","","","","","","","","","","","","","","","","","","","","","","","","","","","","","","","","","","","","","","","","","","","","","","","","","","","","","","","","","","","","","","","","","","","","","","","","","","","","","","","","","","","","","","","","","","","","","","","","","","","","","","","","","","","","","",""
"06163007","TENDE_SAPC",44.043167,7.586,636,2000020113,0.,1,"","","","","","","","","","","","","","","","","","","","","","","","","","","","","","","","","","",11.2,1,2.7,1,10.1,1,"","",11.2,1,"","","","","","","","","","","","","","","","","","","","",56,1,"","","","","","","","","","","","",7.4,1,"","","","","","","","","","","","","","","","","","","","","","","","","","","","","","","","","","","","","","","","","","","","","","","","","","","","","","","","","","","","","","","","","","","","","","","","","","","","","","","","","","","","","","","","","","","","","","","","","","","","","","","","","","","","","","","","","","","",""
"06163007","TENDE_SAPC",44.043167,7.586,636,2000020114,0.,1,"","","","","","","","","","","","","","","","","","","","","","","","","","","","","","","","","","",10.9,1,3.,1,10.9,1,"","",11.3,1,"","","","","","","","","","","","","","","","","","","","",58,1,"","","","","","","","","","","","",7.6,1,"","","","","","","","","","","","","","","","","","","","","","","","","","","","","","","","","","","","","","","","","","","","","","","","","","","","","","","","","","","","","","","","","","","","","","","","","","","","","","","","","","","","","","","","","","","","","","","","","","","","","","","","","","","","","","","","","","","",""
"06163007","TENDE_SAPC",44.043167,7.586,636,2000020115,0.,1,"","","","","","","","","","","","","","","","","","","","","","","","","","","","","","","","","","",9.6,1,3.6,1,9.6,1,"","",10.9,1,"","","","","","","","","","","","","","","","","","","","",66,1,"","","","","","","","","","","","",7.9,1,"","","","","","","","","","","","","","","","","","","","","","","","","","","","","","","","","","","","","","","","","","","","","","","","","","","","","","","","","","","","","","","","","","","","","","","","","","","","","","","","","","","","","","","","","","","","","","","","","","","","","","","","","","","","","","","","","","","",""
"06163007","TENDE_SAPC",44.043167,7.586,636,2000020116,0.,1,"","","","","","","","","","","","","","","","","","","","","","","","","","","","","","","","","","",8.3,1,3.7,1,8.3,1,"","",9.6,1,"","","","","","","","","","","","","","","","","","","","",73,1,"","","","","","","","","","","","",8.,1,"","","","","","","","","","","","","","","","","","","","","","","","","","","","","","","","","","","","","","","","","","","","","","","","","","","","","","","","","","","","","","","","","","","","","","","","","","","","","","","","","","","","","","","","","","","","","","","","","","","","","","","","","","","","","","","","","","","",""
"06163007","TENDE_SAPC",44.043167,7.586,636,2000020117,0.,1,"","","","","","","","","","","","","","","","","","","","","","","","","","","","","","","","","","",6.9,1,3.5,1,6.9,1,"","",8.3,1,"","","","","","","","","","","","","","","","","","","","",79,1,"","","","","","","","","","","","",7.9,1,"","","","","","","","","","","","","","","","","","","","","","","","","","","","","","","","","","","","","","","","","","","","","","","","","","","","","","","","","","","","","","","","","","","","","","","","","","","","","","","","","","","","","","","","","","","","","","","","","","","","","","","","","","","","","","","","","","","",""
"06163007","TENDE_SAPC",44.043167,7.586,636,2000020118,0.,1,"","","","","","","","","","","","","","","","","","","","","","","","","","","","","","","","","","",4.6,1,1.8,1,4.6,1,"","",6.9,1,"","","","","","","","","","","","","","","","","","","","",82,1,"","","","","","","","","","","","",7.,1,"","","","","","","","","","","","","","","","","","","","","","","","","","","","","","","","","","","","","","","","","","","","","","","","","","","","","","","","","","","","","","","","","","","","","","","","","","","","","","","","","","","","","","","","","","","","","","","","","","","","","","","","","","","","","","","","","","","",""
"06163007","TENDE_SAPC",44.043167,7.586,636,2000020119,0.,1,"","","","","","","","","","","","","","","","","","","","","","","","","","","","","","","","","","",4.4,1,1.8,1,4.3,1,"","",4.6,1,"","","","","","","","","","","","","","","","","","","","",83,1,"","","","","","","","","","","","",6.9,1,"","","","","","","","","","","","","","","","","","","","","","","","","","","","","","","","","","","","","","","","","","","","","","","","","","","","","","","","","","","","","","","","","","","","","","","","","","","","","","","","","","","","","","","","","","","","","","","","","","","","","","","","","","","","","","","","","","","",""
"06163007","TENDE_SAPC",44.043167,7.586,636,2000020120,0.,1,"","","","","","","","","","","","","","","","","","","","","","","","","","","","","","","","","","",4.6,1,1.6,1,4.2,1,"","",4.6,1,"","","","","","","","","","","","","","","","","","","","",81,1,"","","","","","","","","","","","",6.9,1,"","","","","","","","","","","","","","","","","","","","","","","","","","","","","","","","","","","","","","","","","","","","","","","","","","","","","","","","","","","","","","","","","","","","","","","","","","","","","","","","","","","","","","","","","","","","","","","","","","","","","","","","","","","","","","","","","","","",""
"06163007","TENDE_SAPC",44.043167,7.586,636,2000020121,0.,1,"","","","","","","","","","","","","","","","","","","","","","","","","","","","","","","","","","",5.1,1,1.9,1,4.6,1,"","",5.1,1,"","","","","","","","","","","","","","","","","","","","",80,1,"","","","","","","","","","","","",7.,1,"","","","","","","","","","","","","","","","","","","","","","","","","","","","","","","","","","","","","","","","","","","","","","","","","","","","","","","","","","","","","","","","","","","","","","","","","","","","","","","","","","","","","","","","","","","","","","","","","","","","","","","","","","","","","","","","","","","",""
"06163007","TENDE_SAPC",44.043167,7.586,636,2000020122,0.,1,"","","","","","","","","","","","","","","","","","","","","","","","","","","","","","","","","","",5.1,1,1.9,1,5.1,1,"","",5.3,1,"","","","","","","","","","","","","","","","","","","","",80,1,"","","","","","","","","","","","",7.,1,"","","","","","","","","","","","","","","","","","","","","","","","","","","","","","","","","","","","","","","","","","","","","","","","","","","","","","","","","","","","","","","","","","","","","","","","","","","","","","","","","","","","","","","","","","","","","","","","","","","","","","","","","","","","","","","","","","","",""
"06163007","TENDE_SAPC",44.043167,7.586,636,2000020123,0.,1,"","","","","","","","","","","","","","","","","","","","","","","","","","","","","","","","","","",4.9,1,1.9,1,4.9,1,"","",5.1,1,"","","","","","","","","","","","","","","","","","","","",81,1,"","","","","","","","","","","","",7.,1,"","","","","","","","","","","","","","","","","","","","","","","","","","","","","","","","","","","","","","","","","","","","","","","","","","","","","","","","","","","","","","","","","","","","","","","","","","","","","","","","","","","","","","","","","","","","","","","","","","","","","","","","","","","","","","","","","","","",""
"06163007","TENDE_SAPC",44.043167,7.586,636,2000020200,0.,1,"","","","","","","","","","","","","","","","","","","","","","","","","","","","","","","","","","",4.5,1,1.5,1,4.5,1,"","",4.9,1,"","","","","","","","","","","","","","","","","","","","",81,1,"","","","","","","","","","","","",6.8,1,"","","","","","","","","","","","","","","","","","","","","","","","","","","","","","","","","","","","","","","","","","","","","","","","","","","","","","","","","","","","","","","","","","","","","","","","","","","","","","","","","","","","","","","","","","","","","","","","","","","","","","","","","","","","","","","","","","","",""
"06163007","TENDE_SAPC",44.043167,7.586,636,2000020201,0.,1,"","","","","","","","","","","","","","","","","","","","","","","","","","","","","","","","","","",4.4,1,1.6,1,4.3,1,"","",4.5,1,"","","","","","","","","","","","","","","","","","","","",82,1,"","","","","","","","","","","","",6.9,1,"","","","","","","","","","","","","","","","","","","","","","","","","","","","","","","","","","","","","","","","","","","","","","","","","","","","","","","","","","","","","","","","","","","","","","","","","","","","","","","","","","","","","","","","","","","","","","","","","","","","","","","","","","","","","","","","","","","",""
"06163007","TENDE_SAPC",44.043167,7.586,636,2000020202,0.,1,"","","","","","","","","","","","","","","","","","","","","","","","","","","","","","","","","","",3.7,1,1.1,1,3.7,1,"","",4.4,1,"","","","","","","","","","","","","","","","","","","","",83,1,"","","","","","","","","","","","",6.6,1,"","","","","","","","","","","","","","","","","","","","","","","","","","","","","","","","","","","","","","","","","","","","","","","","","","","","","","","","","","","","","","","","","","","","","","","","","","","","","","","","","","","","","","","","","","","","","","","","","","","","","","","","","","","","","","","","","","","",""
"06163007","TENDE_SAPC",44.043167,7.586,636,2000020203,0.,1,"","","","","","","","","","","","","","","","","","","","","","","","","","","","","","","","","","",2.8,1,0.5,1,2.8,1,"","",3.7,1,"","","","","","","","","","","","","","","","","","","","",85,1,"","","","","","","","","","","","",6.3,1,"","","","","","","","","","","","","","","","","","","","","","","","","","","","","","","","","","","","","","","","","","","","","","","","","","","","","","","","","","","","","","","","","","","","","","","","","","","","","","","","","","","","","","","","","","","","","","","","","","","","","","","","","","","","","","","","","","","",""
"06163007","TENDE_SAPC",44.043167,7.586,636,2000020204,0.,1,"","","","","","","","","","","","","","","","","","","","","","","","","","","","","","","","","","",2.1,1,-0.2,1,2.1,1,"","",2.9,1,"","","","","","","","","","","","","","","","","","","","",85,1,"","","","","","","","","","","","",6.,1,"","","","","","","","","","","","","","","","","","","","","","","","","","","","","","","","","","","","","","","","","","","","","","","","","","","","","","","","","","","","","","","","","","","","","","","","","","","","","","","","","","","","","","","","","","","","","","","","","","","","","","","","","","","","","","","","","","","",""
"06163007","TENDE_SAPC",44.043167,7.586,636,2000020205,0.,1,"","","","","","","","","","","","","","","","","","","","","","","","","","","","","","","","","","",1.7,1,-0.2,1,1.5,1,"","",2.1,1,"","","","","","","","","","","","","","","","","","","","",87,1,"","","","","","","","","","","","",6.,1,"","","","","","","","","","","","","","","","","","","","","","","","","","","","","","","","","","","","","","","","","","","","","","","","","","","","","","","","","","","","","","","","","","","","","","","","","","","","","","","","","","","","","","","","","","","","","","","","","","","","","","","","","","","","","","","","","","","",""
"06163007","TENDE_SAPC",44.043167,7.586,636,2000020206,0.,1,"","","","","","","","","","","","","","","","","","","","","","","","","","","","","","","","","","",2.2,1,-0.6,1,1.7,1,"","",2.2,1,"","","","","","","","","","","","","","","","","","","","",82,1,"","","","","","","","","","","","",5.9,1,"","","","","","","","","","","","","","","","","","","","","","","","","","","","","","","","","","","","","","","","","","","","","","","","","","","","","","","","","","","","","","","","","","","","","","","","","","","","","","","","","","","","","","","","","","","","","","","","","","","","","","","","","","","","","","","","","","","",""
"06163007","TENDE_SAPC",44.043167,7.586,636,2000020207,0.,1,"","","","","","","","","","","","","","","","","","","","","","","","","","","","","","","","","","",2.6,1,-0.3,1,2.2,1,"","",2.6,1,"","","","","","","","","","","","","","","","","","","","",81,1,"","","","","","","","","","","","",6.,1,"","","","","","","","","","","","","","","","","","","","","","","","","","","","","","","","","","","","","","","","","","","","","","","","","","","","","","","","","","","","","","","","","","","","","","","","","","","","","","","","","","","","","","","","","","","","","","","","","","","","","","","","","","","","","","","","","","","",""
"06163007","TENDE_SAPC",44.043167,7.586,636,2000020208,0.,1,"","","","","","","","","","","","","","","","","","","","","","","","","","","","","","","","","","",3.7,1,0.,1,2.6,1,"","",3.7,1,"","","","","","","","","","","","","","","","","","","","",77,1,"","","","","","","","","","","","",6.1,1,"","","","","","","","","","","","","","","","","","","","","","","","","","","","","","","","","","","","","","","","","","","","","","","","","","","","","","","","","","","","","","","","","","","","","","","","","","","","","","","","","","","","","","","","","","","","","","","","","","","","","","","","","","","","","","","","","","","",""
"06163007","TENDE_SAPC",44.043167,7.586,636,2000020209,0.,1,"","","","","","","","","","","","","","","","","","","","","","","","","","","","","","","","","","",5.3,1,0.5,1,3.7,1,"","",5.3,1,"","","","","","","","","","","","","","","","","","","","",71,1,"","","","","","","","","","","","",6.3,1,"","","","","","","","","","","","","","","","","","","","","","","","","","","","","","","","","","","","","","","","","","","","","","","","","","","","","","","","","","","","","","","","","","","","","","","","","","","","","","","","","","","","","","","","","","","","","","","","","","","","","","","","","","","","","","","","","","","",""
"06163007","TENDE_SAPC",44.043167,7.586,636,2000020210,0.,1,"","","","","","","","","","","","","","","","","","","","","","","","","","","","","","","","","","",7.1,1,0.7,1,5.4,1,"","",7.1,1,"","","","","","","","","","","","","","","","","","","","",64,1,"","","","","","","","","","","","",6.4,1,"","","","","","","","","","","","","","","","","","","","","","","","","","","","","","","","","","","","","","","","","","","","","","","","","","","","","","","","","","","","","","","","","","","","","","","","","","","","","","","","","","","","","","","","","","","","","","","","","","","","","","","","","","","","","","","","","","","",""
"06163007","TENDE_SAPC",44.043167,7.586,636,2000020211,0.,1,"","","","","","","","","","","","","","","","","","","","","","","","","","","","","","","","","","",8.5,1,1.4,1,7.2,1,"","",8.5,1,"","","","","","","","","","","","","","","","","","","","",61,1,"","","","","","","","","","","","",6.8,1,"","","","","","","","","","","","","","","","","","","","","","","","","","","","","","","","","","","","","","","","","","","","","","","","","","","","","","","","","","","","","","","","","","","","","","","","","","","","","","","","","","","","","","","","","","","","","","","","","","","","","","","","","","","","","","","","","","","",""
"06163007","TENDE_SAPC",44.043167,7.586,636,2000020212,0.,1,"","","","","","","","","","","","","","","","","","","","","","","","","","","","","","","","","","",9.4,1,2.,1,8.5,1,"","",9.6,1,"","","","","","","","","","","","","","","","","","","","",60,1,"","","","","","","","","","","","",7.1,1,"","","","","","","","","","","","","","","","","","","","","","","","","","","","","","","","","","","","","","","","","","","","","","","","","","","","","","","","","","","","","","","","","","","","","","","","","","","","","","","","","","","","","","","","","","","","","","","","","","","","","","","","","","","","","","","","","","","",""
"06163007","TENDE_SAPC",44.043167,7.586,636,2000020213,0.,1,"","","","","","","","","","","","","","","","","","","","","","","","","","","","","","","","","","",8.8,1,2.6,1,8.8,1,"","",9.4,1,"","","","","","","","","","","","","","","","","","","","",65,1,"","","","","","","","","","","","",7.4,1,"","","","","","","","","","","","","","","","","","","","","","","","","","","","","","","","","","","","","","","","","","","","","","","","","","","","","","","","","","","","","","","","","","","","","","","","","","","","","","","","","","","","","","","","","","","","","","","","","","","","","","","","","","","","","","","","","","","",""
"06163007","TENDE_SAPC",44.043167,7.586,636,2000020214,0.,1,"","","","","","","","","","","","","","","","","","","","","","","","","","","","","","","","","","",8.6,1,2.8,1,8.6,1,"","",8.9,1,"","","","","","","","","","","","","","","","","","","","",67,1,"","","","","","","","","","","","",7.5,1,"","","","","","","","","","","","","","","","","","","","","","","","","","","","","","","","","","","","","","","","","","","","","","","","","","","","","","","","","","","","","","","","","","","","","","","","","","","","","","","","","","","","","","","","","","","","","","","","","","","","","","","","","","","","","","","","","","","",""
"06163007","TENDE_SAPC",44.043167,7.586,636,2000020215,0.,1,"","","","","","","","","","","","","","","","","","","","","","","","","","","","","","","","","","",8.1,1,3.4,1,8.1,1,"","",8.6,1,"","","","","","","","","","","","","","","","","","","","",72,1,"","","","","","","","","","","","",7.8,1,"","","","","","","","","","","","","","","","","","","","","","","","","","","","","","","","","","","","","","","","","","","","","","","","","","","","","","","","","","","","","","","","","","","","","","","","","","","","","","","","","","","","","","","","","","","","","","","","","","","","","","","","","","","","","","","","","","","",""
"06163007","TENDE_SAPC",44.043167,7.586,636,2000020216,0.,1,"","","","","","","","","","","","","","","","","","","","","","","","","","","","","","","","","","",7.3,1,3.5,1,7.3,1,"","",8.1,1,"","","","","","","","","","","","","","","","","","","","",77,1,"","","","","","","","","","","","",7.9,1,"","","","","","","","","","","","","","","","","","","","","","","","","","","","","","","","","","","","","","","","","","","","","","","","","","","","","","","","","","","","","","","","","","","","","","","","","","","","","","","","","","","","","","","","","","","","","","","","","","","","","","","","","","","","","","","","","","","",""
"06163007","TENDE_SAPC",44.043167,7.586,636,2000020217,0.,1,"","","","","","","","","","","","","","","","","","","","","","","","","","","","","","","","","","",6.5,1,3.3,1,6.5,1,"","",7.3,1,"","","","","","","","","","","","","","","","","","","","",80,1,"","","","","","","","","","","","",7.7,1,"","","","","","","","","","","","","","","","","","","","","","","","","","","","","","","","","","","","","","","","","","","","","","","","","","","","","","","","","","","","","","","","","","","","","","","","","","","","","","","","","","","","","","","","","","","","","","","","","","","","","","","","","","","","","","","","","","","",""
"06163007","TENDE_SAPC",44.043167,7.586,636,2000020218,0.,1,"","","","","","","","","","","","","","","","","","","","","","","","","","","","","","","","","","",5.3,1,2.6,1,5.3,1,"","",6.4,1,"","","","","","","","","","","","","","","","","","","","",83,1,"","","","","","","","","","","","",7.4,1,"","","","","","","","","","","","","","","","","","","","","","","","","","","","","","","","","","","","","","","","","","","","","","","","","","","","","","","","","","","","","","","","","","","","","","","","","","","","","","","","","","","","","","","","","","","","","","","","","","","","","","","","","","","","","","","","","","","",""
"06163007","TENDE_SAPC",44.043167,7.586,636,2000020219,0.,1,"","","","","","","","","","","","","","","","","","","","","","","","","","","","","","","","","","",4.7,1,2.2,1,4.7,1,"","",5.3,1,"","","","","","","","","","","","","","","","","","","","",84,1,"","","","","","","","","","","","",7.2,1,"","","","","","","","","","","","","","","","","","","","","","","","","","","","","","","","","","","","","","","","","","","","","","","","","","","","","","","","","","","","","","","","","","","","","","","","","","","","","","","","","","","","","","","","","","","","","","","","","","","","","","","","","","","","","","","","","","","",""
"06163007","TENDE_SAPC",44.043167,7.586,636,2000020220,0.,1,"","","","","","","","","","","","","","","","","","","","","","","","","","","","","","","","","","",4.1,1,1.8,1,4.1,1,"","",4.7,1,"","","","","","","","","","","","","","","","","","","","",85,1,"","","","","","","","","","","","",7.,1,"","","","","","","","","","","","","","","","","","","","","","","","","","","","","","","","","","","","","","","","","","","","","","","","","","","","","","","","","","","","","","","","","","","","","","","","","","","","","","","","","","","","","","","","","","","","","","","","","","","","","","","","","","","","","","","","","","","",""
"06163007","TENDE_SAPC",44.043167,7.586,636,2000020221,0.,1,"","","","","","","","","","","","","","","","","","","","","","","","","","","","","","","","","","",3.4,1,1.3,1,3.4,1,"","",4.,1,"","","","","","","","","","","","","","","","","","","","",86,1,"","","","","","","","","","","","",6.7,1,"","","","","","","","","","","","","","","","","","","","","","","","","","","","","","","","","","","","","","","","","","","","","","","","","","","","","","","","","","","","","","","","","","","","","","","","","","","","","","","","","","","","","","","","","","","","","","","","","","","","","","","","","","","","","","","","","","","",""
"06163007","TENDE_SAPC",44.043167,7.586,636,2000020222,0.,1,"","","","","","","","","","","","","","","","","","","","","","","","","","","","","","","","","","",2.7,1,0.8,1,2.7,1,"","",3.4,1,"","","","","","","","","","","","","","","","","","","","",87,1,"","","","","","","","","","","","",6.5,1,"","","","","","","","","","","","","","","","","","","","","","","","","","","","","","","","","","","","","","","","","","","","","","","","","","","","","","","","","","","","","","","","","","","","","","","","","","","","","","","","","","","","","","","","","","","","","","","","","","","","","","","","","","","","","","","","","","","",""
"06163007","TENDE_SAPC",44.043167,7.586,636,2000020223,0.,1,"","","","","","","","","","","","","","","","","","","","","","","","","","","","","","","","","","",2.7,1,0.8,1,2.6,1,"","",2.7,1,"","","","","","","","","","","","","","","","","","","","",87,1,"","","","","","","","","","","","",6.5,1,"","","","","","","","","","","","","","","","","","","","","","","","","","","","","","","","","","","","","","","","","","","","","","","","","","","","","","","","","","","","","","","","","","","","","","","","","","","","","","","","","","","","","","","","","","","","","","","","","","","","","","","","","","","","","","","","","","","",""
"06163007","TENDE_SAPC",44.043167,7.586,636,2000020300,0.,1,"","","","","","","","","","","","","","","","","","","","","","","","","","","","","","","","","","",2.3,1,0.4,1,2.3,1,"","",2.7,1,"","","","","","","","","","","","","","","","","","","","",87,1,"","","","","","","","","","","","",6.3,1,"","","","","","","","","","","","","","","","","","","","","","","","","","","","","","","","","","","","","","","","","","","","","","","","","","","","","","","","","","","","","","","","","","","","","","","","","","","","","","","","","","","","","","","","","","","","","","","","","","","","","","","","","","","","","","","","","","","",""
"06163007","TENDE_SAPC",44.043167,7.586,636,2000020301,0.,1,"","","","","","","","","","","","","","","","","","","","","","","","","","","","","","","","","","",2.,1,0.1,1,2.,1,"","",2.5,1,"","","","","","","","","","","","","","","","","","","","",87,1,"","","","","","","","","","","","",6.1,1,"","","","","","","","","","","","","","","","","","","","","","","","","","","","","","","","","","","","","","","","","","","","","","","","","","","","","","","","","","","","","","","","","","","","","","","","","","","","","","","","","","","","","","","","","","","","","","","","","","","","","","","","","","","","","","","","","","","",""
"06163007","TENDE_SAPC",44.043167,7.586,636,2000020302,0.,1,"","","","","","","","","","","","","","","","","","","","","","","","","","","","","","","","","","",1.7,1,-0.1,1,1.7,1,"","",2.,1,"","","","","","","","","","","","","","","","","","","","",88,1,"","","","","","","","","","","","",6.1,1,"","","","","","","","","","","","","","","","","","","","","","","","","","","","","","","","","","","","","","","","","","","","","","","","","","","","","","","","","","","","","","","","","","","","","","","","","","","","","","","","","","","","","","","","","","","","","","","","","","","","","","","","","","","","","","","","","","","",""
"06163007","TENDE_SAPC",44.043167,7.586,636,2000020303,0.,1,"","","","","","","","","","","","","","","","","","","","","","","","","","","","","","","","","","",1.,1,-0.8,1,1.,1,"","",1.7,1,"","","","","","","","","","","","","","","","","","","","",88,1,"","","","","","","","","","","","",5.8,1,"","","","","","","","","","","","","","","","","","","","","","","","","","","","","","","","","","","","","","","","","","","","","","","","","","","","","","","","","","","","","","","","","","","","","","","","","","","","","","","","","","","","","","","","","","","","","","","","","","","","","","","","","","","","","","","","","","","",""
"06163007","TENDE_SAPC",44.043167,7.586,636,2000020304,0.,1,"","","","","","","","","","","","","","","","","","","","","","","","","","","","","","","","","","",0.5,1,-1.3,1,0.4,1,"","",1.,1,"","","","","","","","","","","","","","","","","","","","",88,1,"","","","","","","","","","","","",5.6,1,"","","","","","","","","","","","","","","","","","","","","","","","","","","","","","","","","","","","","","","","","","","","","","","","","","","","","","","","","","","","","","","","","","","","","","","","","","","","","","","","","","","","","","","","","","","","","","","","","","","","","","","","","","","","","","","","","","","",""
"06163007","TENDE_SAPC",44.043167,7.586,636,2000020305,0.,1,"","","","","","","","","","","","","","","","","","","","","","","","","","","","","","","","","","",0.7,1,-0.9,1,0.4,1,"","",0.7,1,"","","","","","","","","","","","","","","","","","","","",89,1,"","","","","","","","","","","","",5.7,1,"","","","","","","","","","","","","","","","","","","","","","","","","","","","","","","","","","","","","","","","","","","","","","","","","","","","","","","","","","","","","","","","","","","","","","","","","","","","","","","","","","","","","","","","","","","","","","","","","","","","","","","","","","","","","","","","","","","",""
"06163007","TENDE_SAPC",44.043167,7.586,636,2000020306,0.,1,"","","","","","","","","","","","","","","","","","","","","","","","","","","","","","","","","","",0.8,1,-0.8,1,0.6,1,"","",0.9,1,"","","","","","","","","","","","","","","","","","","","",89,1,"","","","","","","","","","","","",5.8,1,"","","","","","","","","","","","","","","","","","","","","","","","","","","","","","","","","","","","","","","","","","","","","","","","","","","","","","","","","","","","","","","","","","","","","","","","","","","","","","","","","","","","","","","","","","","","","","","","","","","","","","","","","","","","","","","","","","","",""
"06163007","TENDE_SAPC",44.043167,7.586,636,2000020307,0.,1,"","","","","","","","","","","","","","","","","","","","","","","","","","","","","","","","","","",1.4,1,-0.8,1,0.9,1,"","",1.5,1,"","","","","","","","","","","","","","","","","","","","",85,1,"","","","","","","","","","","","",5.7,1,"","","","","","","","","","","","","","","","","","","","","","","","","","","","","","","","","","","","","","","","","","","","","","","","","","","","","","","","","","","","","","","","","","","","","","","","","","","","","","","","","","","","","","","","","","","","","","","","","","","","","","","","","","","","","","","","","","","",""
"06163007","TENDE_SAPC",44.043167,7.586,636,2000020308,0.,1,"","","","","","","","","","","","","","","","","","","","","","","","","","","","","","","","","","",2.6,1,-0.5,1,1.3,1,"","",2.6,1,"","","","","","","","","","","","","","","","","","","","",80,1,"","","","","","","","","","","","",5.9,1,"","","","","","","","","","","","","","","","","","","","","","","","","","","","","","","","","","","","","","","","","","","","","","","","","","","","","","","","","","","","","","","","","","","","","","","","","","","","","","","","","","","","","","","","","","","","","","","","","","","","","","","","","","","","","","","","","","","",""
"06163007","TENDE_SAPC",44.043167,7.586,636,2000020309,0.,1,"","","","","","","","","","","","","","","","","","","","","","","","","","","","","","","","","","",5.3,1,0.1,1,2.6,1,"","",5.3,1,"","","","","","","","","","","","","","","","","","","","",69,1,"","","","","","","","","","","","",6.1,1,"","","","","","","","","","","","","","","","","","","","","","","","","","","","","","","","","","","","","","","","","","","","","","","","","","","","","","","","","","","","","","","","","","","","","","","","","","","","","","","","","","","","","","","","","","","","","","","","","","","","","","","","","","","","","","","","","","","",""
"06163007","TENDE_SAPC",44.043167,7.586,636,2000020310,0.,1,"","","","","","","","","","","","","","","","","","","","","","","","","","","","","","","","","","",13.5,1,-1.3,1,5.4,1,"","",13.6,1,"","","","","","","","","","","","","","","","","","","","",36,1,"","","","","","","","","","","","",5.6,1,"","","","","","","","","","","","","","","","","","","","","","","","","","","","","","","","","","","","","","","","","","","","","","","","","","","","","","","","","","","","","","","","","","","","","","","","","","","","","","","","","","","","","","","","","","","","","","","","","","","","","","","","","","","","","","","","","","","",""
"06163007","TENDE_SAPC",44.043167,7.586,636,2000020311,0.,1,"","","","","","","","","","","","","","","","","","","","","","","","","","","","","","","","","","",15.6,1,-2.9,1,13.3,1,"","",15.6,1,"","","","","","","","","","","","","","","","","","","","",28,1,"","","","","","","","","","","","",5.,1,"","","","","","","","","","","","","","","","","","","","","","","","","","","","","","","","","","","","","","","","","","","","","","","","","","","","","","","","","","","","","","","","","","","","","","","","","","","","","","","","","","","","","","","","","","","","","","","","","","","","","","","","","","","","","","","","","","","",""
"06163007","TENDE_SAPC",44.043167,7.586,636,2000020312,0.,1,"","","","","","","","","","","","","","","","","","","","","","","","","","","","","","","","","","",17.5,1,-3.9,1,15.6,1,"","",17.5,1,"","","","","","","","","","","","","","","","","","","","",23,1,"","","","","","","","","","","","",4.6,1,"","","","","","","","","","","","","","","","","","","","","","","","","","","","","","","","","","","","","","","","","","","","","","","","","","","","","","","","","","","","","","","","","","","","","","","","","","","","","","","","","","","","","","","","","","","","","","","","","","","","","","","","","","","","","","","","","","","",""
"06163007","TENDE_SAPC",44.043167,7.586,636,2000020313,0.,1,"","","","","","","","","","","","","","","","","","","","","","","","","","","","","","","","","","",18.4,1,-8.7,1,17.5,1,"","",18.4,1,"","","","","","","","","","","","","","","","","","","","",15,1,"","","","","","","","","","","","",3.2,1,"","","","","","","","","","","","","","","","","","","","","","","","","","","","","","","","","","","","","","","","","","","","","","","","","","","","","","","","","","","","","","","","","","","","","","","","","","","","","","","","","","","","","","","","","","","","","","","","","","","","","","","","","","","","","","","","","","","",""
"06163007","TENDE_SAPC",44.043167,7.586,636,2000020314,0.,1,"","","","","","","","","","","","","","","","","","","","","","","","","","","","","","","","","","",18.2,1,"","",18.2,1,"","",18.7,1,"","","","","","","","","","","","","","","","","","","","","","","","","","","","","","","","","","","","","","","","","","","","","","","","","","","","","","","","","","","","","","","","","","","","","","","","","","","","","","","","","","","","","","","","","","","","","","","","","","","","","","","","","","","","","","","","","","","","","","","","","","","","","","","","","","","","","","","","","","","","","","","","","","","","","","","",""
"06163007","TENDE_SAPC",44.043167,7.586,636,2000020315,0.,1,"","","","","","","","","","","","","","","","","","","","","","","","","","","","","","","","","","",14.8,1,2.3,1,14.8,1,"","",18.3,1,"","","","","","","","","","","","","","","","","","","","",43,1,"","","","","","","","","","","","",7.2,1,"","","","","","","","","","","","","","","","","","","","","","","","","","","","","","","","","","","","","","","","","","","","","","","","","","","","","","","","","","","","","","","","","","","","","","","","","","","","","","","","","","","","","","","","","","","","","","","","","","","","","","","","","","","","","","","","","","","",""
"06163007","TENDE_SAPC",44.043167,7.586,636,2000020316,0.,1,"","","","","","","","","","","","","","","","","","","","","","","","","","","","","","","","","","",12.2,1,2.3,1,12.1,1,"","",14.8,1,"","","","","","","","","","","","","","","","","","","","",51,1,"","","","","","","","","","","","",7.2,1,"","","","","","","","","","","","","","","","","","","","","","","","","","","","","","","","","","","","","","","","","","","","","","","","","","","","","","","","","","","","","","","","","","","","","","","","","","","","","","","","","","","","","","","","","","","","","","","","","","","","","","","","","","","","","","","","","","","",""
"06163007","TENDE_SAPC",44.043167,7.586,636,2000020317,0.,1,"","","","","","","","","","","","","","","","","","","","","","","","","","","","","","","","","","",7.7,1,0.4,1,7.7,1,"","",12.2,1,"","","","","","","","","","","","","","","","","","","","",60,1,"","","","","","","","","","","","",6.3,1,"","","","","","","","","","","","","","","","","","","","","","","","","","","","","","","","","","","","","","","","","","","","","","","","","","","","","","","","","","","","","","","","","","","","","","","","","","","","","","","","","","","","","","","","","","","","","","","","","","","","","","","","","","","","","","","","","","","",""
"06163007","TENDE_SAPC",44.043167,7.586,636,2000020318,0.,1,"","","","","","","","","","","","","","","","","","","","","","","","","","","","","","","","","","",5.4,1,-0.9,1,5.4,1,"","",7.6,1,"","","","","","","","","","","","","","","","","","","","",64,1,"","","","","","","","","","","","",5.7,1,"","","","","","","","","","","","","","","","","","","","","","","","","","","","","","","","","","","","","","","","","","","","","","","","","","","","","","","","","","","","","","","","","","","","","","","","","","","","","","","","","","","","","","","","","","","","","","","","","","","","","","","","","","","","","","","","","","","",""
"06163007","TENDE_SAPC",44.043167,7.586,636,2000020319,0.,1,"","","","","","","","","","","","","","","","","","","","","","","","","","","","","","","","","","",4.7,1,-0.9,1,4.7,1,"","",5.4,1,"","","","","","","","","","","","","","","","","","","","",67,1,"","","","","","","","","","","","",5.7,1,"","","","","","","","","","","","","","","","","","","","","","","","","","","","","","","","","","","","","","","","","","","","","","","","","","","","","","","","","","","","","","","","","","","","","","","","","","","","","","","","","","","","","","","","","","","","","","","","","","","","","","","","","","","","","","","","","","","",""
"06163007","TENDE_SAPC",44.043167,7.586,636,2000020320,0.,1,"","","","","","","","","","","","","","","","","","","","","","","","","","","","","","","","","","",4.,1,-0.8,1,3.9,1,"","",4.6,1,"","","","","","","","","","","","","","","","","","","","",71,1,"","","","","","","","","","","","",5.8,1,"","","","","","","","","","","","","","","","","","","","","","","","","","","","","","","","","","","","","","","","","","","","","","","","","","","","","","","","","","","","","","","","","","","","","","","","","","","","","","","","","","","","","","","","","","","","","","","","","","","","","","","","","","","","","","","","","","","",""
"06163007","TENDE_SAPC",44.043167,7.586,636,2000020321,0.,1,"","","","","","","","","","","","","","","","","","","","","","","","","","","","","","","","","","",3.5,1,-1.1,1,3.5,1,"","",4.,1,"","","","","","","","","","","","","","","","","","","","",72,1,"","","","","","","","","","","","",5.7,1,"","","","","","","","","","","","","","","","","","","","","","","","","","","","","","","","","","","","","","","","","","","","","","","","","","","","","","","","","","","","","","","","","","","","","","","","","","","","","","","","","","","","","","","","","","","","","","","","","","","","","","","","","","","","","","","","","","","",""
"06163007","TENDE_SAPC",44.043167,7.586,636,2000020322,0.,1,"","","","","","","","","","","","","","","","","","","","","","","","","","","","","","","","","","",2.8,1,-1.2,1,2.8,1,"","",3.5,1,"","","","","","","","","","","","","","","","","","","","",75,1,"","","","","","","","","","","","",5.6,1,"","","","","","","","","","","","","","","","","","","","","","","","","","","","","","","","","","","","","","","","","","","","","","","","","","","","","","","","","","","","","","","","","","","","","","","","","","","","","","","","","","","","","","","","","","","","","","","","","","","","","","","","","","","","","","","","","","","",""
"06163007","TENDE_SAPC",44.043167,7.586,636,2000020323,0.,1,"","","","","","","","","","","","","","","","","","","","","","","","","","","","","","","","","","",2.7,1,-1.5,1,2.6,1,"","",2.9,1,"","","","","","","","","","","","","","","","","","","","",74,1,"","","","","","","","","","","","",5.5,1,"","","","","","","","","","","","","","","","","","","","","","","","","","","","","","","","","","","","","","","","","","","","","","","","","","","","","","","","","","","","","","","","","","","","","","","","","","","","","","","","","","","","","","","","","","","","","","","","","","","","","","","","","","","","","","","","","","","",""
"06163007","TENDE_SAPC",44.043167,7.586,636,2000020400,0.,1,"","","","","","","","","","","","","","","","","","","","","","","","","","","","","","","","","","",2.7,1,-1.5,1,2.5,1,"","",2.9,1,"","","","","","","","","","","","","","","","","","","","",74,1,"","","","","","","","","","","","",5.5,1,"","","","","","","","","","","","","","","","","","","","","","","","","","","","","","","","","","","","","","","","","","","","","","","","","","","","","","","","","","","","","","","","","","","","","","","","","","","","","","","","","","","","","","","","","","","","","","","","","","","","","","","","","","","","","","","","","","","",""
"06163007","TENDE_SAPC",44.043167,7.586,636,2000020401,0.,1,"","","","","","","","","","","","","","","","","","","","","","","","","","","","","","","","","","",2.1,1,-1.7,1,2.,1,"","",2.7,1,"","","","","","","","","","","","","","","","","","","","",76,1,"","","","","","","","","","","","",5.4,1,"","","","","","","","","","","","","","","","","","","","","","","","","","","","","","","","","","","","","","","","","","","","","","","","","","","","","","","","","","","","","","","","","","","","","","","","","","","","","","","","","","","","","","","","","","","","","","","","","","","","","","","","","","","","","","","","","","","",""
"06163007","TENDE_SAPC",44.043167,7.586,636,2000020402,0.,1,"","","","","","","","","","","","","","","","","","","","","","","","","","","","","","","","","","",2.6,1,-1.9,1,2.1,1,"","",2.6,1,"","","","","","","","","","","","","","","","","","","","",72,1,"","","","","","","","","","","","",5.3,1,"","","","","","","","","","","","","","","","","","","","","","","","","","","","","","","","","","","","","","","","","","","","","","","","","","","","","","","","","","","","","","","","","","","","","","","","","","","","","","","","","","","","","","","","","","","","","","","","","","","","","","","","","","","","","","","","","","","",""
"06163007","TENDE_SAPC",44.043167,7.586,636,2000020403,0.,1,"","","","","","","","","","","","","","","","","","","","","","","","","","","","","","","","","","",2.6,1,-1.9,1,2.1,1,"","",3.,1,"","","","","","","","","","","","","","","","","","","","",72,1,"","","","","","","","","","","","",5.3,1,"","","","","","","","","","","","","","","","","","","","","","","","","","","","","","","","","","","","","","","","","","","","","","","","","","","","","","","","","","","","","","","","","","","","","","","","","","","","","","","","","","","","","","","","","","","","","","","","","","","","","","","","","","","","","","","","","","","",""
"06163007","TENDE_SAPC",44.043167,7.586,636,2000020404,0.,1,"","","","","","","","","","","","","","","","","","","","","","","","","","","","","","","","","","",3.4,1,-2.4,1,2.5,1,"","",3.4,1,"","","","","","","","","","","","","","","","","","","","",66,1,"","","","","","","","","","","","",5.1,1,"","","","","","","","","","","","","","","","","","","","","","","","","","","","","","","","","","","","","","","","","","","","","","","","","","","","","","","","","","","","","","","","","","","","","","","","","","","","","","","","","","","","","","","","","","","","","","","","","","","","","","","","","","","","","","","","","","","",""
"06163007","TENDE_SAPC",44.043167,7.586,636,2000020405,0.,1,"","","","","","","","","","","","","","","","","","","","","","","","","","","","","","","","","","",3.6,1,-3.2,1,3.4,1,"","",3.7,1,"","","","","","","","","","","","","","","","","","","","",61,1,"","","","","","","","","","","","",4.8,1,"","","","","","","","","","","","","","","","","","","","","","","","","","","","","","","","","","","","","","","","","","","","","","","","","","","","","","","","","","","","","","","","","","","","","","","","","","","","","","","","","","","","","","","","","","","","","","","","","","","","","","","","","","","","","","","","","","","",""
"06163007","TENDE_SAPC",44.043167,7.586,636,2000020406,0.,1,"","","","","","","","","","","","","","","","","","","","","","","","","","","","","","","","","","",2.6,1,-4.2,1,2.6,1,"","",3.6,1,"","","","","","","","","","","","","","","","","","","","",61,1,"","","","","","","","","","","","",4.5,1,"","","","","","","","","","","","","","","","","","","","","","","","","","","","","","","","","","","","","","","","","","","","","","","","","","","","","","","","","","","","","","","","","","","","","","","","","","","","","","","","","","","","","","","","","","","","","","","","","","","","","","","","","","","","","","","","","","","",""
"06163007","TENDE_SAPC",44.043167,7.586,636,2000020407,0.,1,"","","","","","","","","","","","","","","","","","","","","","","","","","","","","","","","","","",2.5,1,-5.4,1,2.,1,"","",2.7,1,"","","","","","","","","","","","","","","","","","","","",56,1,"","","","","","","","","","","","",4.1,1,"","","","","","","","","","","","","","","","","","","","","","","","","","","","","","","","","","","","","","","","","","","","","","","","","","","","","","","","","","","","","","","","","","","","","","","","","","","","","","","","","","","","","","","","","","","","","","","","","","","","","","","","","","","","","","","","","","","",""
"06163007","TENDE_SAPC",44.043167,7.586,636,2000020408,0.,1,"","","","","","","","","","","","","","","","","","","","","","","","","","","","","","","","","","",2.4,1,-5.3,1,2.1,1,"","",2.8,1,"","","","","","","","","","","","","","","","","","","","",57,1,"","","","","","","","","","","","",4.1,1,"","","","","","","","","","","","","","","","","","","","","","","","","","","","","","","","","","","","","","","","","","","","","","","","","","","","","","","","","","","","","","","","","","","","","","","","","","","","","","","","","","","","","","","","","","","","","","","","","","","","","","","","","","","","","","","","","","","",""
"06163007","TENDE_SAPC",44.043167,7.586,636,2000020409,0.,1,"","","","","","","","","","","","","","","","","","","","","","","","","","","","","","","","","","",2.7,1,-5.9,1,1.8,1,"","",2.7,1,"","","","","","","","","","","","","","","","","","","","",53,1,"","","","","","","","","","","","",3.9,1,"","","","","","","","","","","","","","","","","","","","","","","","","","","","","","","","","","","","","","","","","","","","","","","","","","","","","","","","","","","","","","","","","","","","","","","","","","","","","","","","","","","","","","","","","","","","","","","","","","","","","","","","","","","","","","","","","","","",""
"06163007","TENDE_SAPC",44.043167,7.586,636,2000020410,0.,1,"","","","","","","","","","","","","","","","","","","","","","","","","","","","","","","","","","",4.,1,-4.2,1,2.5,1,"","",4.,1,"","","","","","","","","","","","","","","","","","","","",55,1,"","","","","","","","","","","","",4.5,1,"","","","","","","","","","","","","","","","","","","","","","","","","","","","","","","","","","","","","","","","","","","","","","","","","","","","","","","","","","","","","","","","","","","","","","","","","","","","","","","","","","","","","","","","","","","","","","","","","","","","","","","","","","","","","","","","","","","",""
"06163007","TENDE_SAPC",44.043167,7.586,636,2000020411,0.,1,"","","","","","","","","","","","","","","","","","","","","","","","","","","","","","","","","","",11.4,1,-5.2,1,4.1,1,"","",11.4,1,"","","","","","","","","","","","","","","","","","","","",31,1,"","","","","","","","","","","","",4.2,1,"","","","","","","","","","","","","","","","","","","","","","","","","","","","","","","","","","","","","","","","","","","","","","","","","","","","","","","","","","","","","","","","","","","","","","","","","","","","","","","","","","","","","","","","","","","","","","","","","","","","","","","","","","","","","","","","","","","",""
"06163007","TENDE_SAPC",44.043167,7.586,636,2000020412,0.,1,"","","","","","","","","","","","","","","","","","","","","","","","","","","","","","","","","","",13.4,1,-4.3,1,11.6,1,"","",13.4,1,"","","","","","","","","","","","","","","","","","","","",29,1,"","","","","","","","","","","","",4.4,1,"","","","","","","","","","","","","","","","","","","","","","","","","","","","","","","","","","","","","","","","","","","","","","","","","","","","","","","","","","","","","","","","","","","","","","","","","","","","","","","","","","","","","","","","","","","","","","","","","","","","","","","","","","","","","","","","","","","",""
"06163007","TENDE_SAPC",44.043167,7.586,636,2000020413,0.,1,"","","","","","","","","","","","","","","","","","","","","","","","","","","","","","","","","","",13.6,1,-2.,1,13.4,1,"","",13.7,1,"","","","","","","","","","","","","","","","","","","","",34,1,"","","","","","","","","","","","",5.3,1,"","","","","","","","","","","","","","","","","","","","","","","","","","","","","","","","","","","","","","","","","","","","","","","","","","","","","","","","","","","","","","","","","","","","","","","","","","","","","","","","","","","","","","","","","","","","","","","","","","","","","","","","","","","","","","","","","","","",""
"06163007","TENDE_SAPC",44.043167,7.586,636,2000020414,0.,1,"","","","","","","","","","","","","","","","","","","","","","","","","","","","","","","","","","",12.4,1,0.2,1,12.4,1,"","",13.6,1,"","","","","","","","","","","","","","","","","","","","",43,1,"","","","","","","","","","","","",6.2,1,"","","","","","","","","","","","","","","","","","","","","","","","","","","","","","","","","","","","","","","","","","","","","","","","","","","","","","","","","","","","","","","","","","","","","","","","","","","","","","","","","","","","","","","","","","","","","","","","","","","","","","","","","","","","","","","","","","","",""
"06163007","TENDE_SAPC",44.043167,7.586,636,2000020415,0.,1,"","","","","","","","","","","","","","","","","","","","","","","","","","","","","","","","","","",10.5,1,0.8,1,10.5,1,"","",12.4,1,"","","","","","","","","","","","","","","","","","","","",51,1,"","","","","","","","","","","","",6.5,1,"","","","","","","","","","","","","","","","","","","","","","","","","","","","","","","","","","","","","","","","","","","","","","","","","","","","","","","","","","","","","","","","","","","","","","","","","","","","","","","","","","","","","","","","","","","","","","","","","","","","","","","","","","","","","","","","","","","",""
"06163007","TENDE_SAPC",44.043167,7.586,636,2000020416,0.,1,"","","","","","","","","","","","","","","","","","","","","","","","","","","","","","","","","","",9.4,1,0.8,1,9.4,1,"","",10.4,1,"","","","","","","","","","","","","","","","","","","","",55,1,"","","","","","","","","","","","",6.5,1,"","","","","","","","","","","","","","","","","","","","","","","","","","","","","","","","","","","","","","","","","","","","","","","","","","","","","","","","","","","","","","","","","","","","","","","","","","","","","","","","","","","","","","","","","","","","","","","","","","","","","","","","","","","","","","","","","","","",""
"06163007","TENDE_SAPC",44.043167,7.586,636,2000020417,0.,1,"","","","","","","","","","","","","","","","","","","","","","","","","","","","","","","","","","",7.,1,0.6,1,7.,1,"","",9.4,1,"","","","","","","","","","","","","","","","","","","","",64,1,"","","","","","","","","","","","",6.4,1,"","","","","","","","","","","","","","","","","","","","","","","","","","","","","","","","","","","","","","","","","","","","","","","","","","","","","","","","","","","","","","","","","","","","","","","","","","","","","","","","","","","","","","","","","","","","","","","","","","","","","","","","","","","","","","","","","","","",""
"06163007","TENDE_SAPC",44.043167,7.586,636,2000020418,0.,1,"","","","","","","","","","","","","","","","","","","","","","","","","","","","","","","","","","",4.1,1,-0.3,1,4.1,1,"","",7.,1,"","","","","","","","","","","","","","","","","","","","",73,1,"","","","","","","","","","","","",6.,1,"","","","","","","","","","","","","","","","","","","","","","","","","","","","","","","","","","","","","","","","","","","","","","","","","","","","","","","","","","","","","","","","","","","","","","","","","","","","","","","","","","","","","","","","","","","","","","","","","","","","","","","","","","","","","","","","","","","",""
"06163007","TENDE_SAPC",44.043167,7.586,636,2000020419,0.,1,"","","","","","","","","","","","","","","","","","","","","","","","","","","","","","","","","","",2.9,1,-0.9,1,2.9,1,"","",4.,1,"","","","","","","","","","","","","","","","","","","","",76,1,"","","","","","","","","","","","",5.7,1,"","","","","","","","","","","","","","","","","","","","","","","","","","","","","","","","","","","","","","","","","","","","","","","","","","","","","","","","","","","","","","","","","","","","","","","","","","","","","","","","","","","","","","","","","","","","","","","","","","","","","","","","","","","","","","","","","","","",""
"06163007","TENDE_SAPC",44.043167,7.586,636,2000020420,0.,1,"","","","","","","","","","","","","","","","","","","","","","","","","","","","","","","","","","",2.,1,-1.3,1,2.,1,"","",2.8,1,"","","","","","","","","","","","","","","","","","","","",79,1,"","","","","","","","","","","","",5.6,1,"","","","","","","","","","","","","","","","","","","","","","","","","","","","","","","","","","","","","","","","","","","","","","","","","","","","","","","","","","","","","","","","","","","","","","","","","","","","","","","","","","","","","","","","","","","","","","","","","","","","","","","","","","","","","","","","","","","",""
"06163007","TENDE_SAPC",44.043167,7.586,636,2000020421,0.,1,"","","","","","","","","","","","","","","","","","","","","","","","","","","","","","","","","","",1.5,1,-1.6,1,1.5,1,"","",2.,1,"","","","","","","","","","","","","","","","","","","","",80,1,"","","","","","","","","","","","",5.4,1,"","","","","","","","","","","","","","","","","","","","","","","","","","","","","","","","","","","","","","","","","","","","","","","","","","","","","","","","","","","","","","","","","","","","","","","","","","","","","","","","","","","","","","","","","","","","","","","","","","","","","","","","","","","","","","","","","","","",""
"06163007","TENDE_SAPC",44.043167,7.586,636,2000020422,0.,1,"","","","","","","","","","","","","","","","","","","","","","","","","","","","","","","","","","",1.1,1,-2.,1,1.1,1,"","",1.6,1,"","","","","","","","","","","","","","","","","","","","",80,1,"","","","","","","","","","","","",5.3,1,"","","","","","","","","","","","","","","","","","","","","","","","","","","","","","","","","","","","","","","","","","","","","","","","","","","","","","","","","","","","","","","","","","","","","","","","","","","","","","","","","","","","","","","","","","","","","","","","","","","","","","","","","","","","","","","","","","","",""
"06163007","TENDE_SAPC",44.043167,7.586,636,2000020423,0.,1,"","","","","","","","","","","","","","","","","","","","","","","","","","","","","","","","","","",0.5,1,-2.1,1,0.4,1,"","",1.1,1,"","","","","","","","","","","","","","","","","","","","",83,1,"","","","","","","","","","","","",5.3,1,"","","","","","","","","","","","","","","","","","","","","","","","","","","","","","","","","","","","","","","","","","","","","","","","","","","","","","","","","","","","","","","","","","","","","","","","","","","","","","","","","","","","","","","","","","","","","","","","","","","","","","","","","","","","","","","","","","","",""
"06163007","TENDE_SAPC",44.043167,7.586,636,2000020500,0.,1,"","","","","","","","","","","","","","","","","","","","","","","","","","","","","","","","","","",0.4,1,-2.2,1,0.4,1,"","",0.6,1,"","","","","","","","","","","","","","","","","","","","",83,1,"","","","","","","","","","","","",5.2,1,"","","","","","","","","","","","","","","","","","","","","","","","","","","","","","","","","","","","","","","","","","","","","","","","","","","","","","","","","","","","","","","","","","","","","","","","","","","","","","","","","","","","","","","","","","","","","","","","","","","","","","","","","","","","","","","","","","","",""
"06163007","TENDE_SAPC",44.043167,7.586,636,2000020501,0.,1,"","","","","","","","","","","","","","","","","","","","","","","","","","","","","","","","","","",0.4,1,-2.2,1,0.2,1,"","",0.4,1,"","","","","","","","","","","","","","","","","","","","",83,1,"","","","","","","","","","","","",5.2,1,"","","","","","","","","","","","","","","","","","","","","","","","","","","","","","","","","","","","","","","","","","","","","","","","","","","","","","","","","","","","","","","","","","","","","","","","","","","","","","","","","","","","","","","","","","","","","","","","","","","","","","","","","","","","","","","","","","","",""
"06163007","TENDE_SAPC",44.043167,7.586,636,2000020502,0.,1,"","","","","","","","","","","","","","","","","","","","","","","","","","","","","","","","","","",0.4,1,-2.2,1,0.4,1,"","",0.6,1,"","","","","","","","","","","","","","","","","","","","",83,1,"","","","","","","","","","","","",5.2,1,"","","","","","","","","","","","","","","","","","","","","","","","","","","","","","","","","","","","","","","","","","","","","","","","","","","","","","","","","","","","","","","","","","","","","","","","","","","","","","","","","","","","","","","","","","","","","","","","","","","","","","","","","","","","","","","","","","","",""
"06163007","TENDE_SAPC",44.043167,7.586,636,2000020503,0.,1,"","","","","","","","","","","","","","","","","","","","","","","","","","","","","","","","","","",0.6,1,-2.,1,0.3,1,"","",0.6,1,"","","","","","","","","","","","","","","","","","","","",83,1,"","","","","","","","","","","","",5.3,1,"","","","","","","","","","","","","","","","","","","","","","","","","","","","","","","","","","","","","","","","","","","","","","","","","","","","","","","","","","","","","","","","","","","","","","","","","","","","","","","","","","","","","","","","","","","","","","","","","","","","","","","","","","","","","","","","","","","",""
"06163007","TENDE_SAPC",44.043167,7.586,636,2000020504,0.,1,"","","","","","","","","","","","","","","","","","","","","","","","","","","","","","","","","","",0.6,1,-2.1,1,0.5,1,"","",0.8,1,"","","","","","","","","","","","","","","","","","","","",82,1,"","","","","","","","","","","","",5.2,1,"","","","","","","","","","","","","","","","","","","","","","","","","","","","","","","","","","","","","","","","","","","","","","","","","","","","","","","","","","","","","","","","","","","","","","","","","","","","","","","","","","","","","","","","","","","","","","","","","","","","","","","","","","","","","","","","","","","",""
"06163007","TENDE_SAPC",44.043167,7.586,636,2000020505,0.,1,"","","","","","","","","","","","","","","","","","","","","","","","","","","","","","","","","","",0.4,1,-2.2,1,0.4,1,"","",0.6,1,"","","","","","","","","","","","","","","","","","","","",83,1,"","","","","","","","","","","","",5.2,1,"","","","","","","","","","","","","","","","","","","","","","","","","","","","","","","","","","","","","","","","","","","","","","","","","","","","","","","","","","","","","","","","","","","","","","","","","","","","","","","","","","","","","","","","","","","","","","","","","","","","","","","","","","","","","","","","","","","",""
"06163007","TENDE_SAPC",44.043167,7.586,636,2000020506,0.,1,"","","","","","","","","","","","","","","","","","","","","","","","","","","","","","","","","","",0.9,1,-1.8,1,0.3,1,"","",0.9,1,"","","","","","","","","","","","","","","","","","","","",82,1,"","","","","","","","","","","","",5.3,1,"","","","","","","","","","","","","","","","","","","","","","","","","","","","","","","","","","","","","","","","","","","","","","","","","","","","","","","","","","","","","","","","","","","","","","","","","","","","","","","","","","","","","","","","","","","","","","","","","","","","","","","","","","","","","","","","","","","",""
"06163007","TENDE_SAPC",44.043167,7.586,636,2000020507,0.,1,"","","","","","","","","","","","","","","","","","","","","","","","","","","","","","","","","","",0.6,1,-2.1,1,0.6,1,"","",0.9,1,"","","","","","","","","","","","","","","","","","","","",82,1,"","","","","","","","","","","","",5.2,1,"","","","","","","","","","","","","","","","","","","","","","","","","","","","","","","","","","","","","","","","","","","","","","","","","","","","","","","","","","","","","","","","","","","","","","","","","","","","","","","","","","","","","","","","","","","","","","","","","","","","","","","","","","","","","","","","","","","",""
"06163007","TENDE_SAPC",44.043167,7.586,636,2000020508,0.,1,"","","","","","","","","","","","","","","","","","","","","","","","","","","","","","","","","","",1.5,1,-1.6,1,0.6,1,"","",1.5,1,"","","","","","","","","","","","","","","","","","","","",80,1,"","","","","","","","","","","","",5.4,1,"","","","","","","","","","","","","","","","","","","","","","","","","","","","","","","","","","","","","","","","","","","","","","","","","","","","","","","","","","","","","","","","","","","","","","","","","","","","","","","","","","","","","","","","","","","","","","","","","","","","","","","","","","","","","","","","","","","",""
"06163007","TENDE_SAPC",44.043167,7.586,636,2000020509,0.,1,"","","","","","","","","","","","","","","","","","","","","","","","","","","","","","","","","","",3.,1,-1.,1,1.5,1,"","",3.,1,"","","","","","","","","","","","","","","","","","","","",75,1,"","","","","","","","","","","","",5.7,1,"","","","","","","","","","","","","","","","","","","","","","","","","","","","","","","","","","","","","","","","","","","","","","","","","","","","","","","","","","","","","","","","","","","","","","","","","","","","","","","","","","","","","","","","","","","","","","","","","","","","","","","","","","","","","","","","","","","",""
"06163007","TENDE_SAPC",44.043167,7.586,636,2000020510,0.,1,"","","","","","","","","","","","","","","","","","","","","","","","","","","","","","","","","","",5.5,1,-0.4,1,3.,1,"","",5.5,1,"","","","","","","","","","","","","","","","","","","","",66,1,"","","","","","","","","","","","",6.,1,"","","","","","","","","","","","","","","","","","","","","","","","","","","","","","","","","","","","","","","","","","","","","","","","","","","","","","","","","","","","","","","","","","","","","","","","","","","","","","","","","","","","","","","","","","","","","","","","","","","","","","","","","","","","","","","","","","","",""
"06163007","TENDE_SAPC",44.043167,7.586,636,2000020511,0.,1,"","","","","","","","","","","","","","","","","","","","","","","","","","","","","","","","","","",8.8,1,-1.3,1,5.6,1,"","",8.8,1,"","","","","","","","","","","","","","","","","","","","",49,1,"","","","","","","","","","","","",5.5,1,"","","","","","","","","","","","","","","","","","","","","","","","","","","","","","","","","","","","","","","","","","","","","","","","","","","","","","","","","","","","","","","","","","","","","","","","","","","","","","","","","","","","","","","","","","","","","","","","","","","","","","","","","","","","","","","","","","","",""
"06163007","TENDE_SAPC",44.043167,7.586,636,2000020512,0.,1,"","","","","","","","","","","","","","","","","","","","","","","","","","","","","","","","","","",10.3,1,-0.5,1,8.9,1,"","",10.3,1,"","","","","","","","","","","","","","","","","","","","",47,1,"","","","","","","","","","","","",5.9,1,"","","","","","","","","","","","","","","","","","","","","","","","","","","","","","","","","","","","","","","","","","","","","","","","","","","","","","","","","","","","","","","","","","","","","","","","","","","","","","","","","","","","","","","","","","","","","","","","","","","","","","","","","","","","","","","","","","","",""
"06163007","TENDE_SAPC",44.043167,7.586,636,2000020513,0.,1,"","","","","","","","","","","","","","","","","","","","","","","","","","","","","","","","","","",11.5,1,0.,1,10.3,1,"","",11.5,1,"","","","","","","","","","","","","","","","","","","","",45,1,"","","","","","","","","","","","",6.1,1,"","","","","","","","","","","","","","","","","","","","","","","","","","","","","","","","","","","","","","","","","","","","","","","","","","","","","","","","","","","","","","","","","","","","","","","","","","","","","","","","","","","","","","","","","","","","","","","","","","","","","","","","","","","","","","","","","","","",""
"06163007","TENDE_SAPC",44.043167,7.586,636,2000020514,0.,1,"","","","","","","","","","","","","","","","","","","","","","","","","","","","","","","","","","",11.9,1,1.2,1,11.5,1,"","",12.,1,"","","","","","","","","","","","","","","","","","","","",48,1,"","","","","","","","","","","","",6.7,1,"","","","","","","","","","","","","","","","","","","","","","","","","","","","","","","","","","","","","","","","","","","","","","","","","","","","","","","","","","","","","","","","","","","","","","","","","","","","","","","","","","","","","","","","","","","","","","","","","","","","","","","","","","","","","","","","","","","",""
"06163007","TENDE_SAPC",44.043167,7.586,636,2000020515,0.,1,"","","","","","","","","","","","","","","","","","","","","","","","","","","","","","","","","","",10.,1,2.6,1,10.,1,"","",11.9,1,"","","","","","","","","","","","","","","","","","","","",60,1,"","","","","","","","","","","","",7.4,1,"","","","","","","","","","","","","","","","","","","","","","","","","","","","","","","","","","","","","","","","","","","","","","","","","","","","","","","","","","","","","","","","","","","","","","","","","","","","","","","","","","","","","","","","","","","","","","","","","","","","","","","","","","","","","","","","","","","",""
"06163007","TENDE_SAPC",44.043167,7.586,636,2000020516,0.,1,"","","","","","","","","","","","","","","","","","","","","","","","","","","","","","","","","","",7.6,1,2.7,1,7.6,1,"","",10.,1,"","","","","","","","","","","","","","","","","","","","",71,1,"","","","","","","","","","","","",7.4,1,"","","","","","","","","","","","","","","","","","","","","","","","","","","","","","","","","","","","","","","","","","","","","","","","","","","","","","","","","","","","","","","","","","","","","","","","","","","","","","","","","","","","","","","","","","","","","","","","","","","","","","","","","","","","","","","","","","","",""
"06163007","TENDE_SAPC",44.043167,7.586,636,2000020517,0.,1,"","","","","","","","","","","","","","","","","","","","","","","","","","","","","","","","","","",4.5,1,0.6,1,4.5,1,"","",7.5,1,"","","","","","","","","","","","","","","","","","","","",76,1,"","","","","","","","","","","","",6.4,1,"","","","","","","","","","","","","","","","","","","","","","","","","","","","","","","","","","","","","","","","","","","","","","","","","","","","","","","","","","","","","","","","","","","","","","","","","","","","","","","","","","","","","","","","","","","","","","","","","","","","","","","","","","","","","","","","","","","",""
"06163007","TENDE_SAPC",44.043167,7.586,636,2000020518,0.,1,"","","","","","","","","","","","","","","","","","","","","","","","","","","","","","","","","","",3.5,1,0.4,1,3.5,1,"","",4.5,1,"","","","","","","","","","","","","","","","","","","","",80,1,"","","","","","","","","","","","",6.3,1,"","","","","","","","","","","","","","","","","","","","","","","","","","","","","","","","","","","","","","","","","","","","","","","","","","","","","","","","","","","","","","","","","","","","","","","","","","","","","","","","","","","","","","","","","","","","","","","","","","","","","","","","","","","","","","","","","","","",""
"06163007","TENDE_SAPC",44.043167,7.586,636,2000020519,0.,1,"","","","","","","","","","","","","","","","","","","","","","","","","","","","","","","","","","",2.3,1,-0.6,1,2.3,1,"","",3.5,1,"","","","","","","","","","","","","","","","","","","","",81,1,"","","","","","","","","","","","",5.8,1,"","","","","","","","","","","","","","","","","","","","","","","","","","","","","","","","","","","","","","","","","","","","","","","","","","","","","","","","","","","","","","","","","","","","","","","","","","","","","","","","","","","","","","","","","","","","","","","","","","","","","","","","","","","","","","","","","","","",""
"06163007","TENDE_SAPC",44.043167,7.586,636,2000020520,0.,1,"","","","","","","","","","","","","","","","","","","","","","","","","","","","","","","","","","",1.5,1,-1.2,1,1.5,1,"","",2.4,1,"","","","","","","","","","","","","","","","","","","","",82,1,"","","","","","","","","","","","",5.6,1,"","","","","","","","","","","","","","","","","","","","","","","","","","","","","","","","","","","","","","","","","","","","","","","","","","","","","","","","","","","","","","","","","","","","","","","","","","","","","","","","","","","","","","","","","","","","","","","","","","","","","","","","","","","","","","","","","","","",""
"06163007","TENDE_SAPC",44.043167,7.586,636,2000020521,0.,1,"","","","","","","","","","","","","","","","","","","","","","","","","","","","","","","","","","",0.7,1,-1.9,1,0.7,1,"","",1.5,1,"","","","","","","","","","","","","","","","","","","","",83,1,"","","","","","","","","","","","",5.3,1,"","","","","","","","","","","","","","","","","","","","","","","","","","","","","","","","","","","","","","","","","","","","","","","","","","","","","","","","","","","","","","","","","","","","","","","","","","","","","","","","","","","","","","","","","","","","","","","","","","","","","","","","","","","","","","","","","","","",""
"06163007","TENDE_SAPC",44.043167,7.586,636,2000020522,0.,1,"","","","","","","","","","","","","","","","","","","","","","","","","","","","","","","","","","",0.2,1,-2.3,1,0.2,1,"","",0.7,1,"","","","","","","","","","","","","","","","","","","","",83,1,"","","","","","","","","","","","",5.1,1,"","","","","","","","","","","","","","","","","","","","","","","","","","","","","","","","","","","","","","","","","","","","","","","","","","","","","","","","","","","","","","","","","","","","","","","","","","","","","","","","","","","","","","","","","","","","","","","","","","","","","","","","","","","","","","","","","","","",""
"06163007","TENDE_SAPC",44.043167,7.586,636,2000020523,0.,1,"","","","","","","","","","","","","","","","","","","","","","","","","","","","","","","","","","",-0.4,1,-2.9,1,-0.4,1,"","",0.2,1,"","","","","","","","","","","","","","","","","","","","",83,1,"","","","","","","","","","","","",4.9,1,"","","","","","","","","","","","","","","","","","","","","","","","","","","","","","","","","","","","","","","","","","","","","","","","","","","","","","","","","","","","","","","","","","","","","","","","","","","","","","","","","","","","","","","","","","","","","","","","","","","","","","","","","","","","","","","","","","","",""
"06163007","TENDE_SAPC",44.043167,7.586,636,2000020600,0.,1,"","","","","","","","","","","","","","","","","","","","","","","","","","","","","","","","","","",-0.8,1,-3.3,1,-0.8,1,"","",-0.4,1,"","","","","","","","","","","","","","","","","","","","",83,1,"","","","","","","","","","","","",4.8,1,"","","","","","","","","","","","","","","","","","","","","","","","","","","","","","","","","","","","","","","","","","","","","","","","","","","","","","","","","","","","","","","","","","","","","","","","","","","","","","","","","","","","","","","","","","","","","","","","","","","","","","","","","","","","","","","","","","","",""
"06163007","TENDE_SAPC",44.043167,7.586,636,2000020601,0.,1,"","","","","","","","","","","","","","","","","","","","","","","","","","","","","","","","","","",-1.2,1,-3.6,1,-1.2,1,"","",-0.8,1,"","","","","","","","","","","","","","","","","","","","",84,1,"","","","","","","","","","","","",4.7,1,"","","","","","","","","","","","","","","","","","","","","","","","","","","","","","","","","","","","","","","","","","","","","","","","","","","","","","","","","","","","","","","","","","","","","","","","","","","","","","","","","","","","","","","","","","","","","","","","","","","","","","","","","","","","","","","","","","","",""
"06163007","TENDE_SAPC",44.043167,7.586,636,2000020602,0.,1,"","","","","","","","","","","","","","","","","","","","","","","","","","","","","","","","","","",-1.6,1,-4.,1,-1.7,1,"","",-1.2,1,"","","","","","","","","","","","","","","","","","","","",84,1,"","","","","","","","","","","","",4.6,1,"","","","","","","","","","","","","","","","","","","","","","","","","","","","","","","","","","","","","","","","","","","","","","","","","","","","","","","","","","","","","","","","","","","","","","","","","","","","","","","","","","","","","","","","","","","","","","","","","","","","","","","","","","","","","","","","","","","",""
"06163007","TENDE_SAPC",44.043167,7.586,636,2000020603,0.,1,"","","","","","","","","","","","","","","","","","","","","","","","","","","","","","","","","","",-1.7,1,-4.2,1,-1.8,1,"","",-1.6,1,"","","","","","","","","","","","","","","","","","","","",83,1,"","","","","","","","","","","","",4.5,1,"","","","","","","","","","","","","","","","","","","","","","","","","","","","","","","","","","","","","","","","","","","","","","","","","","","","","","","","","","","","","","","","","","","","","","","","","","","","","","","","","","","","","","","","","","","","","","","","","","","","","","","","","","","","","","","","","","","",""
"06163007","TENDE_SAPC",44.043167,7.586,636,2000020604,0.,1,"","","","","","","","","","","","","","","","","","","","","","","","","","","","","","","","","","",-1.8,1,-4.3,1,-1.9,1,"","",-1.7,1,"","","","","","","","","","","","","","","","","","","","",83,1,"","","","","","","","","","","","",4.4,1,"","","","","","","","","","","","","","","","","","","","","","","","","","","","","","","","","","","","","","","","","","","","","","","","","","","","","","","","","","","","","","","","","","","","","","","","","","","","","","","","","","","","","","","","","","","","","","","","","","","","","","","","","","","","","","","","","","","",""
"06163007","TENDE_SAPC",44.043167,7.586,636,2000020605,0.,1,"","","","","","","","","","","","","","","","","","","","","","","","","","","","","","","","","","",-1.7,1,-4.4,1,-1.8,1,"","",-1.7,1,"","","","","","","","","","","","","","","","","","","","",82,1,"","","","","","","","","","","","",4.4,1,"","","","","","","","","","","","","","","","","","","","","","","","","","","","","","","","","","","","","","","","","","","","","","","","","","","","","","","","","","","","","","","","","","","","","","","","","","","","","","","","","","","","","","","","","","","","","","","","","","","","","","","","","","","","","","","","","","","",""
"06163007","TENDE_SAPC",44.043167,7.586,636,2000020606,0.,1,"","","","","","","","","","","","","","","","","","","","","","","","","","","","","","","","","","",-1.9,1,-4.6,1,-2.,1,"","",-1.6,1,"","","","","","","","","","","","","","","","","","","","",82,1,"","","","","","","","","","","","",4.4,1,"","","","","","","","","","","","","","","","","","","","","","","","","","","","","","","","","","","","","","","","","","","","","","","","","","","","","","","","","","","","","","","","","","","","","","","","","","","","","","","","","","","","","","","","","","","","","","","","","","","","","","","","","","","","","","","","","","","",""
"06163007","TENDE_SAPC",44.043167,7.586,636,2000020607,0.,1,"","","","","","","","","","","","","","","","","","","","","","","","","","","","","","","","","","",-2.1,1,-4.8,1,-2.2,1,"","",-1.9,1,"","","","","","","","","","","","","","","","","","","","",82,1,"","","","","","","","","","","","",4.3,1,"","","","","","","","","","","","","","","","","","","","","","","","","","","","","","","","","","","","","","","","","","","","","","","","","","","","","","","","","","","","","","","","","","","","","","","","","","","","","","","","","","","","","","","","","","","","","","","","","","","","","","","","","","","","","","","","","","","",""
"06163007","TENDE_SAPC",44.043167,7.586,636,2000020608,0.,1,"","","","","","","","","","","","","","","","","","","","","","","","","","","","","","","","","","",-1.8,1,-4.6,1,-2.2,1,"","",-1.8,1,"","","","","","","","","","","","","","","","","","","","",81,1,"","","","","","","","","","","","",4.3,1,"","","","","","","","","","","","","","","","","","","","","","","","","","","","","","","","","","","","","","","","","","","","","","","","","","","","","","","","","","","","","","","","","","","","","","","","","","","","","","","","","","","","","","","","","","","","","","","","","","","","","","","","","","","","","","","","","","","",""
"06163007","TENDE_SAPC",44.043167,7.586,636,2000020609,0.,1,"","","","","","","","","","","","","","","","","","","","","","","","","","","","","","","","","","",-1.5,1,-4.3,1,-1.8,1,"","",-1.5,1,"","","","","","","","","","","","","","","","","","","","",81,1,"","","","","","","","","","","","",4.4,1,"","","","","","","","","","","","","","","","","","","","","","","","","","","","","","","","","","","","","","","","","","","","","","","","","","","","","","","","","","","","","","","","","","","","","","","","","","","","","","","","","","","","","","","","","","","","","","","","","","","","","","","","","","","","","","","","","","","",""
"06163007","TENDE_SAPC",44.043167,7.586,636,2000020610,0.,1,"","","","","","","","","","","","","","","","","","","","","","","","","","","","","","","","","","",1.9,1,-2.2,1,-1.5,1,"","",1.9,1,"","","","","","","","","","","","","","","","","","","","",74,1,"","","","","","","","","","","","",5.2,1,"","","","","","","","","","","","","","","","","","","","","","","","","","","","","","","","","","","","","","","","","","","","","","","","","","","","","","","","","","","","","","","","","","","","","","","","","","","","","","","","","","","","","","","","","","","","","","","","","","","","","","","","","","","","","","","","","","","",""
"06163007","TENDE_SAPC",44.043167,7.586,636,2000020611,0.,1,"","","","","","","","","","","","","","","","","","","","","","","","","","","","","","","","","","",7.8,1,0.7,1,2.3,1,"","",7.8,1,"","","","","","","","","","","","","","","","","","","","",61,1,"","","","","","","","","","","","",6.4,1,"","","","","","","","","","","","","","","","","","","","","","","","","","","","","","","","","","","","","","","","","","","","","","","","","","","","","","","","","","","","","","","","","","","","","","","","","","","","","","","","","","","","","","","","","","","","","","","","","","","","","","","","","","","","","","","","","","","",""
"06163007","TENDE_SAPC",44.043167,7.586,636,2000020612,0.,1,"","","","","","","","","","","","","","","","","","","","","","","","","","","","","","","","","","",9.2,1,1.1,1,7.8,1,"","",9.3,1,"","","","","","","","","","","","","","","","","","","","",57,1,"","","","","","","","","","","","",6.6,1,"","","","","","","","","","","","","","","","","","","","","","","","","","","","","","","","","","","","","","","","","","","","","","","","","","","","","","","","","","","","","","","","","","","","","","","","","","","","","","","","","","","","","","","","","","","","","","","","","","","","","","","","","","","","","","","","","","","",""
"06163007","TENDE_SAPC",44.043167,7.586,636,2000020613,0.,1,"","","","","","","","","","","","","","","","","","","","","","","","","","","","","","","","","","",9.6,1,1.2,1,9.2,1,"","",9.8,1,"","","","","","","","","","","","","","","","","","","","",56,1,"","","","","","","","","","","","",6.7,1,"","","","","","","","","","","","","","","","","","","","","","","","","","","","","","","","","","","","","","","","","","","","","","","","","","","","","","","","","","","","","","","","","","","","","","","","","","","","","","","","","","","","","","","","","","","","","","","","","","","","","","","","","","","","","","","","","","","",""
"06163007","TENDE_SAPC",44.043167,7.586,636,2000020614,0.,1,"","","","","","","","","","","","","","","","","","","","","","","","","","","","","","","","","","",10.4,1,1.5,1,9.5,1,"","",10.5,1,"","","","","","","","","","","","","","","","","","","","",54,1,"","","","","","","","","","","","",6.8,1,"","","","","","","","","","","","","","","","","","","","","","","","","","","","","","","","","","","","","","","","","","","","","","","","","","","","","","","","","","","","","","","","","","","","","","","","","","","","","","","","","","","","","","","","","","","","","","","","","","","","","","","","","","","","","","","","","","","",""
"06163007","TENDE_SAPC",44.043167,7.586,636,2000020615,0.,1,"","","","","","","","","","","","","","","","","","","","","","","","","","","","","","","","","","",9.3,1,2.4,1,9.3,1,"","",10.5,1,"","","","","","","","","","","","","","","","","","","","",62,1,"","","","","","","","","","","","",7.3,1,"","","","","","","","","","","","","","","","","","","","","","","","","","","","","","","","","","","","","","","","","","","","","","","","","","","","","","","","","","","","","","","","","","","","","","","","","","","","","","","","","","","","","","","","","","","","","","","","","","","","","","","","","","","","","","","","","","","",""
"06163007","TENDE_SAPC",44.043167,7.586,636,2000020616,0.,1,"","","","","","","","","","","","","","","","","","","","","","","","","","","","","","","","","","",8.2,1,2.8,1,8.2,1,"","",9.2,1,"","","","","","","","","","","","","","","","","","","","",69,1,"","","","","","","","","","","","",7.5,1,"","","","","","","","","","","","","","","","","","","","","","","","","","","","","","","","","","","","","","","","","","","","","","","","","","","","","","","","","","","","","","","","","","","","","","","","","","","","","","","","","","","","","","","","","","","","","","","","","","","","","","","","","","","","","","","","","","","",""
"06163007","TENDE_SAPC",44.043167,7.586,636,2000020617,0.,1,"","","","","","","","","","","","","","","","","","","","","","","","","","","","","","","","","","",6.,1,2.5,1,6.,1,"","",8.2,1,"","","","","","","","","","","","","","","","","","","","",78,1,"","","","","","","","","","","","",7.3,1,"","","","","","","","","","","","","","","","","","","","","","","","","","","","","","","","","","","","","","","","","","","","","","","","","","","","","","","","","","","","","","","","","","","","","","","","","","","","","","","","","","","","","","","","","","","","","","","","","","","","","","","","","","","","","","","","","","","",""
"06163007","TENDE_SAPC",44.043167,7.586,636,2000020618,0.,1,"","","","","","","","","","","","","","","","","","","","","","","","","","","","","","","","","","",3.9,1,1.1,1,3.9,1,"","",6.,1,"","","","","","","","","","","","","","","","","","","","",82,1,"","","","","","","","","","","","",6.6,1,"","","","","","","","","","","","","","","","","","","","","","","","","","","","","","","","","","","","","","","","","","","","","","","","","","","","","","","","","","","","","","","","","","","","","","","","","","","","","","","","","","","","","","","","","","","","","","","","","","","","","","","","","","","","","","","","","","","",""
"06163007","TENDE_SAPC",44.043167,7.586,636,2000020619,0.,1,"","","","","","","","","","","","","","","","","","","","","","","","","","","","","","","","","","",4.6,1,0.9,1,3.9,1,"","",4.6,1,"","","","","","","","","","","","","","","","","","","","",77,1,"","","","","","","","","","","","",6.5,1,"","","","","","","","","","","","","","","","","","","","","","","","","","","","","","","","","","","","","","","","","","","","","","","","","","","","","","","","","","","","","","","","","","","","","","","","","","","","","","","","","","","","","","","","","","","","","","","","","","","","","","","","","","","","","","","","","","","",""
"06163007","TENDE_SAPC",44.043167,7.586,636,2000020620,0.,1,"","","","","","","","","","","","","","","","","","","","","","","","","","","","","","","","","","",4.8,1,0.9,1,4.6,1,"","",4.8,1,"","","","","","","","","","","","","","","","","","","","",76,1,"","","","","","","","","","","","",6.5,1,"","","","","","","","","","","","","","","","","","","","","","","","","","","","","","","","","","","","","","","","","","","","","","","","","","","","","","","","","","","","","","","","","","","","","","","","","","","","","","","","","","","","","","","","","","","","","","","","","","","","","","","","","","","","","","","","","","","",""
"06163007","TENDE_SAPC",44.043167,7.586,636,2000020621,0.,1,"","","","","","","","","","","","","","","","","","","","","","","","","","","","","","","","","","",4.8,1,0.7,1,4.8,1,"","",4.9,1,"","","","","","","","","","","","","","","","","","","","",75,1,"","","","","","","","","","","","",6.4,1,"","","","","","","","","","","","","","","","","","","","","","","","","","","","","","","","","","","","","","","","","","","","","","","","","","","","","","","","","","","","","","","","","","","","","","","","","","","","","","","","","","","","","","","","","","","","","","","","","","","","","","","","","","","","","","","","","","","",""
"06163007","TENDE_SAPC",44.043167,7.586,636,2000020622,0.,1,"","","","","","","","","","","","","","","","","","","","","","","","","","","","","","","","","","",4.8,1,1.1,1,4.7,1,"","",4.8,1,"","","","","","","","","","","","","","","","","","","","",77,1,"","","","","","","","","","","","",6.6,1,"","","","","","","","","","","","","","","","","","","","","","","","","","","","","","","","","","","","","","","","","","","","","","","","","","","","","","","","","","","","","","","","","","","","","","","","","","","","","","","","","","","","","","","","","","","","","","","","","","","","","","","","","","","","","","","","","","","",""
"06163007","TENDE_SAPC",44.043167,7.586,636,2000020623,0.,1,"","","","","","","","","","","","","","","","","","","","","","","","","","","","","","","","","","",5.1,1,0.8,1,4.8,1,"","",5.1,1,"","","","","","","","","","","","","","","","","","","","",74,1,"","","","","","","","","","","","",6.5,1,"","","","","","","","","","","","","","","","","","","","","","","","","","","","","","","","","","","","","","","","","","","","","","","","","","","","","","","","","","","","","","","","","","","","","","","","","","","","","","","","","","","","","","","","","","","","","","","","","","","","","","","","","","","","","","","","","","","",""
"06163007","TENDE_SAPC",44.043167,7.586,636,2000020700,0.,1,"","","","","","","","","","","","","","","","","","","","","","","","","","","","","","","","","","",5.,1,0.7,1,5.,1,"","",5.1,1,"","","","","","","","","","","","","","","","","","","","",74,1,"","","","","","","","","","","","",6.5,1,"","","","","","","","","","","","","","","","","","","","","","","","","","","","","","","","","","","","","","","","","","","","","","","","","","","","","","","","","","","","","","","","","","","","","","","","","","","","","","","","","","","","","","","","","","","","","","","","","","","","","","","","","","","","","","","","","","","",""
"06163007","TENDE_SAPC",44.043167,7.586,636,2000020701,0.,1,"","","","","","","","","","","","","","","","","","","","","","","","","","","","","","","","","","",4.8,1,0.4,1,4.8,1,"","",5.,1,"","","","","","","","","","","","","","","","","","","","",73,1,"","","","","","","","","","","","",6.3,1,"","","","","","","","","","","","","","","","","","","","","","","","","","","","","","","","","","","","","","","","","","","","","","","","","","","","","","","","","","","","","","","","","","","","","","","","","","","","","","","","","","","","","","","","","","","","","","","","","","","","","","","","","","","","","","","","","","","",""
"06163007","TENDE_SAPC",44.043167,7.586,636,2000020702,0.,1,"","","","","","","","","","","","","","","","","","","","","","","","","","","","","","","","","","",4.8,1,0.6,1,4.8,1,"","",4.8,1,"","","","","","","","","","","","","","","","","","","","",74,1,"","","","","","","","","","","","",6.4,1,"","","","","","","","","","","","","","","","","","","","","","","","","","","","","","","","","","","","","","","","","","","","","","","","","","","","","","","","","","","","","","","","","","","","","","","","","","","","","","","","","","","","","","","","","","","","","","","","","","","","","","","","","","","","","","","","","","","",""
"06163007","TENDE_SAPC",44.043167,7.586,636,2000020703,0.,1,"","","","","","","","","","","","","","","","","","","","","","","","","","","","","","","","","","",4.7,1,0.5,1,4.7,1,"","",4.9,1,"","","","","","","","","","","","","","","","","","","","",74,1,"","","","","","","","","","","","",6.3,1,"","","","","","","","","","","","","","","","","","","","","","","","","","","","","","","","","","","","","","","","","","","","","","","","","","","","","","","","","","","","","","","","","","","","","","","","","","","","","","","","","","","","","","","","","","","","","","","","","","","","","","","","","","","","","","","","","","","",""
"06163007","TENDE_SAPC",44.043167,7.586,636,2000020704,0.,1,"","","","","","","","","","","","","","","","","","","","","","","","","","","","","","","","","","",4.4,1,0.5,1,4.4,1,"","",4.7,1,"","","","","","","","","","","","","","","","","","","","",76,1,"","","","","","","","","","","","",6.4,1,"","","","","","","","","","","","","","","","","","","","","","","","","","","","","","","","","","","","","","","","","","","","","","","","","","","","","","","","","","","","","","","","","","","","","","","","","","","","","","","","","","","","","","","","","","","","","","","","","","","","","","","","","","","","","","","","","","","",""
"06163007","TENDE_SAPC",44.043167,7.586,636,2000020705,0.,1,"","","","","","","","","","","","","","","","","","","","","","","","","","","","","","","","","","",4.2,1,0.5,1,4.1,1,"","",4.4,1,"","","","","","","","","","","","","","","","","","","","",77,1,"","","","","","","","","","","","",6.3,1,"","","","","","","","","","","","","","","","","","","","","","","","","","","","","","","","","","","","","","","","","","","","","","","","","","","","","","","","","","","","","","","","","","","","","","","","","","","","","","","","","","","","","","","","","","","","","","","","","","","","","","","","","","","","","","","","","","","",""
"06163007","TENDE_SAPC",44.043167,7.586,636,2000020706,0.,1,"","","","","","","","","","","","","","","","","","","","","","","","","","","","","","","","","","",4.2,1,0.2,1,4.2,1,"","",4.2,1,"","","","","","","","","","","","","","","","","","","","",75,1,"","","","","","","","","","","","",6.2,1,"","","","","","","","","","","","","","","","","","","","","","","","","","","","","","","","","","","","","","","","","","","","","","","","","","","","","","","","","","","","","","","","","","","","","","","","","","","","","","","","","","","","","","","","","","","","","","","","","","","","","","","","","","","","","","","","","","","",""
"06163007","TENDE_SAPC",44.043167,7.586,636,2000020707,0.,1,"","","","","","","","","","","","","","","","","","","","","","","","","","","","","","","","","","",3.9,1,-0.3,1,3.8,1,"","",4.2,1,"","","","","","","","","","","","","","","","","","","","",74,1,"","","","","","","","","","","","",6.,1,"","","","","","","","","","","","","","","","","","","","","","","","","","","","","","","","","","","","","","","","","","","","","","","","","","","","","","","","","","","","","","","","","","","","","","","","","","","","","","","","","","","","","","","","","","","","","","","","","","","","","","","","","","","","","","","","","","","",""
"06163007","TENDE_SAPC",44.043167,7.586,636,2000020708,0.,1,"","","","","","","","","","","","","","","","","","","","","","","","","","","","","","","","","","",3.7,1,-0.1,1,3.7,1,"","",4.,1,"","","","","","","","","","","","","","","","","","","","",76,1,"","","","","","","","","","","","",6.,1,"","","","","","","","","","","","","","","","","","","","","","","","","","","","","","","","","","","","","","","","","","","","","","","","","","","","","","","","","","","","","","","","","","","","","","","","","","","","","","","","","","","","","","","","","","","","","","","","","","","","","","","","","","","","","","","","","","","",""
"06163007","TENDE_SAPC",44.043167,7.586,636,2000020709,0.,1,"","","","","","","","","","","","","","","","","","","","","","","","","","","","","","","","","","",3.6,1,-0.1,1,3.5,1,"","",3.7,1,"","","","","","","","","","","","","","","","","","","","",77,1,"","","","","","","","","","","","",6.1,1,"","","","","","","","","","","","","","","","","","","","","","","","","","","","","","","","","","","","","","","","","","","","","","","","","","","","","","","","","","","","","","","","","","","","","","","","","","","","","","","","","","","","","","","","","","","","","","","","","","","","","","","","","","","","","","","","","","","",""
"06163007","TENDE_SAPC",44.043167,7.586,636,2000020710,0.,1,"","","","","","","","","","","","","","","","","","","","","","","","","","","","","","","","","","",6.3,1,0.6,1,3.5,1,"","",6.3,1,"","","","","","","","","","","","","","","","","","","","",67,1,"","","","","","","","","","","","",6.4,1,"","","","","","","","","","","","","","","","","","","","","","","","","","","","","","","","","","","","","","","","","","","","","","","","","","","","","","","","","","","","","","","","","","","","","","","","","","","","","","","","","","","","","","","","","","","","","","","","","","","","","","","","","","","","","","","","","","","",""
"06163007","TENDE_SAPC",44.043167,7.586,636,2000020711,0.,1,"","","","","","","","","","","","","","","","","","","","","","","","","","","","","","","","","","",9.7,1,0.8,1,6.4,1,"","",9.7,1,"","","","","","","","","","","","","","","","","","","","",54,1,"","","","","","","","","","","","",6.5,1,"","","","","","","","","","","","","","","","","","","","","","","","","","","","","","","","","","","","","","","","","","","","","","","","","","","","","","","","","","","","","","","","","","","","","","","","","","","","","","","","","","","","","","","","","","","","","","","","","","","","","","","","","","","","","","","","","","","",""
"06163007","TENDE_SAPC",44.043167,7.586,636,2000020712,0.,1,"","","","","","","","","","","","","","","","","","","","","","","","","","","","","","","","","","",11.,1,1.2,1,9.7,1,"","",11.,1,"","","","","","","","","","","","","","","","","","","","",51,1,"","","","","","","","","","","","",6.7,1,"","","","","","","","","","","","","","","","","","","","","","","","","","","","","","","","","","","","","","","","","","","","","","","","","","","","","","","","","","","","","","","","","","","","","","","","","","","","","","","","","","","","","","","","","","","","","","","","","","","","","","","","","","","","","","","","","","","",""
"06163007","TENDE_SAPC",44.043167,7.586,636,2000020713,0.,1,"","","","","","","","","","","","","","","","","","","","","","","","","","","","","","","","","","",11.8,1,2.,1,11.,1,"","",11.8,1,"","","","","","","","","","","","","","","","","","","","",51,1,"","","","","","","","","","","","",7.,1,"","","","","","","","","","","","","","","","","","","","","","","","","","","","","","","","","","","","","","","","","","","","","","","","","","","","","","","","","","","","","","","","","","","","","","","","","","","","","","","","","","","","","","","","","","","","","","","","","","","","","","","","","","","","","","","","","","","",""
"06163007","TENDE_SAPC",44.043167,7.586,636,2000020714,0.,1,"","","","","","","","","","","","","","","","","","","","","","","","","","","","","","","","","","",11.5,1,2.8,1,11.5,1,"","",11.8,1,"","","","","","","","","","","","","","","","","","","","",55,1,"","","","","","","","","","","","",7.5,1,"","","","","","","","","","","","","","","","","","","","","","","","","","","","","","","","","","","","","","","","","","","","","","","","","","","","","","","","","","","","","","","","","","","","","","","","","","","","","","","","","","","","","","","","","","","","","","","","","","","","","","","","","","","","","","","","","","","",""
"06163007","TENDE_SAPC",44.043167,7.586,636,2000020715,0.,1,"","","","","","","","","","","","","","","","","","","","","","","","","","","","","","","","","","",10.6,1,3.6,1,10.6,1,"","",11.5,1,"","","","","","","","","","","","","","","","","","","","",62,1,"","","","","","","","","","","","",7.9,1,"","","","","","","","","","","","","","","","","","","","","","","","","","","","","","","","","","","","","","","","","","","","","","","","","","","","","","","","","","","","","","","","","","","","","","","","","","","","","","","","","","","","","","","","","","","","","","","","","","","","","","","","","","","","","","","","","","","",""
"06163007","TENDE_SAPC",44.043167,7.586,636,2000020716,0.,1,"","","","","","","","","","","","","","","","","","","","","","","","","","","","","","","","","","",7.9,1,3.2,1,7.9,1,"","",10.6,1,"","","","","","","","","","","","","","","","","","","","",72,1,"","","","","","","","","","","","",7.7,1,"","","","","","","","","","","","","","","","","","","","","","","","","","","","","","","","","","","","","","","","","","","","","","","","","","","","","","","","","","","","","","","","","","","","","","","","","","","","","","","","","","","","","","","","","","","","","","","","","","","","","","","","","","","","","","","","","","","",""
"06163007","TENDE_SAPC",44.043167,7.586,636,2000020717,0.,1,"","","","","","","","","","","","","","","","","","","","","","","","","","","","","","","","","","",5.5,1,2.1,1,5.5,1,"","",7.8,1,"","","","","","","","","","","","","","","","","","","","",79,1,"","","","","","","","","","","","",7.1,1,"","","","","","","","","","","","","","","","","","","","","","","","","","","","","","","","","","","","","","","","","","","","","","","","","","","","","","","","","","","","","","","","","","","","","","","","","","","","","","","","","","","","","","","","","","","","","","","","","","","","","","","","","","","","","","","","","","","",""
"06163007","TENDE_SAPC",44.043167,7.586,636,2000020718,0.,1,"","","","","","","","","","","","","","","","","","","","","","","","","","","","","","","","","","",4.3,1,1.7,1,4.2,1,"","",5.5,1,"","","","","","","","","","","","","","","","","","","","",83,1,"","","","","","","","","","","","",6.9,1,"","","","","","","","","","","","","","","","","","","","","","","","","","","","","","","","","","","","","","","","","","","","","","","","","","","","","","","","","","","","","","","","","","","","","","","","","","","","","","","","","","","","","","","","","","","","","","","","","","","","","","","","","","","","","","","","","","","",""
"06163007","TENDE_SAPC",44.043167,7.586,636,2000020719,0.,1,"","","","","","","","","","","","","","","","","","","","","","","","","","","","","","","","","","",4.3,1,1.5,1,3.9,1,"","",4.3,1,"","","","","","","","","","","","","","","","","","","","",82,1,"","","","","","","","","","","","",6.8,1,"","","","","","","","","","","","","","","","","","","","","","","","","","","","","","","","","","","","","","","","","","","","","","","","","","","","","","","","","","","","","","","","","","","","","","","","","","","","","","","","","","","","","","","","","","","","","","","","","","","","","","","","","","","","","","","","","","","",""
"06163007","TENDE_SAPC",44.043167,7.586,636,2000020720,0.,1,"","","","","","","","","","","","","","","","","","","","","","","","","","","","","","","","","","",4.9,1,1.4,1,4.3,1,"","",5.,1,"","","","","","","","","","","","","","","","","","","","",78,1,"","","","","","","","","","","","",6.8,1,"","","","","","","","","","","","","","","","","","","","","","","","","","","","","","","","","","","","","","","","","","","","","","","","","","","","","","","","","","","","","","","","","","","","","","","","","","","","","","","","","","","","","","","","","","","","","","","","","","","","","","","","","","","","","","","","","","","",""
"06163007","TENDE_SAPC",44.043167,7.586,636,2000020721,0.,1,"","","","","","","","","","","","","","","","","","","","","","","","","","","","","","","","","","",5.1,1,1.4,1,4.9,1,"","",5.1,1,"","","","","","","","","","","","","","","","","","","","",77,1,"","","","","","","","","","","","",6.8,1,"","","","","","","","","","","","","","","","","","","","","","","","","","","","","","","","","","","","","","","","","","","","","","","","","","","","","","","","","","","","","","","","","","","","","","","","","","","","","","","","","","","","","","","","","","","","","","","","","","","","","","","","","","","","","","","","","","","",""
"06163007","TENDE_SAPC",44.043167,7.586,636,2000020722,0.,1,"","","","","","","","","","","","","","","","","","","","","","","","","","","","","","","","","","",5.2,1,1.3,1,5.1,1,"","",5.3,1,"","","","","","","","","","","","","","","","","","","","",76,1,"","","","","","","","","","","","",6.7,1,"","","","","","","","","","","","","","","","","","","","","","","","","","","","","","","","","","","","","","","","","","","","","","","","","","","","","","","","","","","","","","","","","","","","","","","","","","","","","","","","","","","","","","","","","","","","","","","","","","","","","","","","","","","","","","","","","","","",""
"06163007","TENDE_SAPC",44.043167,7.586,636,2000020723,0.,1,"","","","","","","","","","","","","","","","","","","","","","","","","","","","","","","","","","",4.3,1,1.2,1,4.3,1,"","",5.2,1,"","","","","","","","","","","","","","","","","","","","",80,1,"","","","","","","","","","","","",6.6,1,"","","","","","","","","","","","","","","","","","","","","","","","","","","","","","","","","","","","","","","","","","","","","","","","","","","","","","","","","","","","","","","","","","","","","","","","","","","","","","","","","","","","","","","","","","","","","","","","","","","","","","","","","","","","","","","","","","","",""
"06163007","TENDE_SAPC",44.043167,7.586,636,2000020800,0.,1,"","","","","","","","","","","","","","","","","","","","","","","","","","","","","","","","","","",2.6,1,0.2,1,2.6,1,"","",4.2,1,"","","","","","","","","","","","","","","","","","","","",84,1,"","","","","","","","","","","","",6.2,1,"","","","","","","","","","","","","","","","","","","","","","","","","","","","","","","","","","","","","","","","","","","","","","","","","","","","","","","","","","","","","","","","","","","","","","","","","","","","","","","","","","","","","","","","","","","","","","","","","","","","","","","","","","","","","","","","","","","",""
"06163007","TENDE_SAPC",44.043167,7.586,636,2000020801,0.,1,"","","","","","","","","","","","","","","","","","","","","","","","","","","","","","","","","","",3.3,1,0.5,1,2.5,1,"","",3.3,1,"","","","","","","","","","","","","","","","","","","","",82,1,"","","","","","","","","","","","",6.3,1,"","","","","","","","","","","","","","","","","","","","","","","","","","","","","","","","","","","","","","","","","","","","","","","","","","","","","","","","","","","","","","","","","","","","","","","","","","","","","","","","","","","","","","","","","","","","","","","","","","","","","","","","","","","","","","","","","","","",""
"06163007","TENDE_SAPC",44.043167,7.586,636,2000020802,0.,1,"","","","","","","","","","","","","","","","","","","","","","","","","","","","","","","","","","",3.1,1,0.,1,3.1,1,"","",3.6,1,"","","","","","","","","","","","","","","","","","","","",80,1,"","","","","","","","","","","","",6.1,1,"","","","","","","","","","","","","","","","","","","","","","","","","","","","","","","","","","","","","","","","","","","","","","","","","","","","","","","","","","","","","","","","","","","","","","","","","","","","","","","","","","","","","","","","","","","","","","","","","","","","","","","","","","","","","","","","","","","",""
"06163007","TENDE_SAPC",44.043167,7.586,636,2000020803,0.,1,"","","","","","","","","","","","","","","","","","","","","","","","","","","","","","","","","","",1.9,1,-1.,1,1.9,1,"","",3.1,1,"","","","","","","","","","","","","","","","","","","","",81,1,"","","","","","","","","","","","",5.7,1,"","","","","","","","","","","","","","","","","","","","","","","","","","","","","","","","","","","","","","","","","","","","","","","","","","","","","","","","","","","","","","","","","","","","","","","","","","","","","","","","","","","","","","","","","","","","","","","","","","","","","","","","","","","","","","","","","","","",""
"06163007","TENDE_SAPC",44.043167,7.586,636,2000020804,0.,1,"","","","","","","","","","","","","","","","","","","","","","","","","","","","","","","","","","",0.8,1,-1.4,1,0.8,1,"","",1.9,1,"","","","","","","","","","","","","","","","","","","","",85,1,"","","","","","","","","","","","",5.5,1,"","","","","","","","","","","","","","","","","","","","","","","","","","","","","","","","","","","","","","","","","","","","","","","","","","","","","","","","","","","","","","","","","","","","","","","","","","","","","","","","","","","","","","","","","","","","","","","","","","","","","","","","","","","","","","","","","","","",""
"06163007","TENDE_SAPC",44.043167,7.586,636,2000020805,0.,1,"","","","","","","","","","","","","","","","","","","","","","","","","","","","","","","","","","",0.9,1,-1.2,1,0.5,1,"","",0.9,1,"","","","","","","","","","","","","","","","","","","","",86,1,"","","","","","","","","","","","",5.6,1,"","","","","","","","","","","","","","","","","","","","","","","","","","","","","","","","","","","","","","","","","","","","","","","","","","","","","","","","","","","","","","","","","","","","","","","","","","","","","","","","","","","","","","","","","","","","","","","","","","","","","","","","","","","","","","","","","","","",""
"06163007","TENDE_SAPC",44.043167,7.586,636,2000020806,0.,1,"","","","","","","","","","","","","","","","","","","","","","","","","","","","","","","","","","",0.9,1,-1.7,1,0.9,1,"","",1.3,1,"","","","","","","","","","","","","","","","","","","","",83,1,"","","","","","","","","","","","",5.4,1,"","","","","","","","","","","","","","","","","","","","","","","","","","","","","","","","","","","","","","","","","","","","","","","","","","","","","","","","","","","","","","","","","","","","","","","","","","","","","","","","","","","","","","","","","","","","","","","","","","","","","","","","","","","","","","","","","","","",""
"06163007","TENDE_SAPC",44.043167,7.586,636,2000020807,0.,1,"","","","","","","","","","","","","","","","","","","","","","","","","","","","","","","","","","",0.3,1,-1.9,1,0.3,1,"","",1.,1,"","","","","","","","","","","","","","","","","","","","",85,1,"","","","","","","","","","","","",5.3,1,"","","","","","","","","","","","","","","","","","","","","","","","","","","","","","","","","","","","","","","","","","","","","","","","","","","","","","","","","","","","","","","","","","","","","","","","","","","","","","","","","","","","","","","","","","","","","","","","","","","","","","","","","","","","","","","","","","","",""
"06163007","TENDE_SAPC",44.043167,7.586,636,2000020808,0.,1,"","","","","","","","","","","","","","","","","","","","","","","","","","","","","","","","","","",0.2,1,-1.9,1,0.1,1,"","",0.3,1,"","","","","","","","","","","","","","","","","","","","",86,1,"","","","","","","","","","","","",5.3,1,"","","","","","","","","","","","","","","","","","","","","","","","","","","","","","","","","","","","","","","","","","","","","","","","","","","","","","","","","","","","","","","","","","","","","","","","","","","","","","","","","","","","","","","","","","","","","","","","","","","","","","","","","","","","","","","","","","","",""
"06163007","TENDE_SAPC",44.043167,7.586,636,2000020809,0.,1,"","","","","","","","","","","","","","","","","","","","","","","","","","","","","","","","","","",0.5,1,-1.6,1,0.1,1,"","",0.5,1,"","","","","","","","","","","","","","","","","","","","",86,1,"","","","","","","","","","","","",5.4,1,"","","","","","","","","","","","","","","","","","","","","","","","","","","","","","","","","","","","","","","","","","","","","","","","","","","","","","","","","","","","","","","","","","","","","","","","","","","","","","","","","","","","","","","","","","","","","","","","","","","","","","","","","","","","","","","","","","","",""
"06163007","TENDE_SAPC",44.043167,7.586,636,2000020810,0.,1,"","","","","","","","","","","","","","","","","","","","","","","","","","","","","","","","","","",3.7,1,-0.1,1,0.5,1,"","",3.7,1,"","","","","","","","","","","","","","","","","","","","",76,1,"","","","","","","","","","","","",6.,1,"","","","","","","","","","","","","","","","","","","","","","","","","","","","","","","","","","","","","","","","","","","","","","","","","","","","","","","","","","","","","","","","","","","","","","","","","","","","","","","","","","","","","","","","","","","","","","","","","","","","","","","","","","","","","","","","","","","",""
"06163007","TENDE_SAPC",44.043167,7.586,636,2000020811,0.,1,"","","","","","","","","","","","","","","","","","","","","","","","","","","","","","","","","","",9.8,1,1.7,1,3.8,1,"","",9.8,1,"","","","","","","","","","","","","","","","","","","","",57,1,"","","","","","","","","","","","",6.9,1,"","","","","","","","","","","","","","","","","","","","","","","","","","","","","","","","","","","","","","","","","","","","","","","","","","","","","","","","","","","","","","","","","","","","","","","","","","","","","","","","","","","","","","","","","","","","","","","","","","","","","","","","","","","","","","","","","","","",""
"06163007","TENDE_SAPC",44.043167,7.586,636,2000020812,0.,1,"","","","","","","","","","","","","","","","","","","","","","","","","","","","","","","","","","",11.9,1,2.1,1,9.9,1,"","",11.9,1,"","","","","","","","","","","","","","","","","","","","",51,1,"","","","","","","","","","","","",7.1,1,"","","","","","","","","","","","","","","","","","","","","","","","","","","","","","","","","","","","","","","","","","","","","","","","","","","","","","","","","","","","","","","","","","","","","","","","","","","","","","","","","","","","","","","","","","","","","","","","","","","","","","","","","","","","","","","","","","","",""
"06163007","TENDE_SAPC",44.043167,7.586,636,2000020813,0.,1,"","","","","","","","","","","","","","","","","","","","","","","","","","","","","","","","","","",12.8,1,2.6,1,11.9,1,"","",12.8,1,"","","","","","","","","","","","","","","","","","","","",50,1,"","","","","","","","","","","","",7.4,1,"","","","","","","","","","","","","","","","","","","","","","","","","","","","","","","","","","","","","","","","","","","","","","","","","","","","","","","","","","","","","","","","","","","","","","","","","","","","","","","","","","","","","","","","","","","","","","","","","","","","","","","","","","","","","","","","","","","",""
"06163007","TENDE_SAPC",44.043167,7.586,636,2000020814,0.,1,"","","","","","","","","","","","","","","","","","","","","","","","","","","","","","","","","","",12.9,1,3.5,1,12.6,1,"","",13.,1,"","","","","","","","","","","","","","","","","","","","",53,1,"","","","","","","","","","","","",7.9,1,"","","","","","","","","","","","","","","","","","","","","","","","","","","","","","","","","","","","","","","","","","","","","","","","","","","","","","","","","","","","","","","","","","","","","","","","","","","","","","","","","","","","","","","","","","","","","","","","","","","","","","","","","","","","","","","","","","","",""
"06163007","TENDE_SAPC",44.043167,7.586,636,2000020815,0.,1,"","","","","","","","","","","","","","","","","","","","","","","","","","","","","","","","","","",11.3,1,4.3,1,11.3,1,"","",12.9,1,"","","","","","","","","","","","","","","","","","","","",62,1,"","","","","","","","","","","","",8.3,1,"","","","","","","","","","","","","","","","","","","","","","","","","","","","","","","","","","","","","","","","","","","","","","","","","","","","","","","","","","","","","","","","","","","","","","","","","","","","","","","","","","","","","","","","","","","","","","","","","","","","","","","","","","","","","","","","","","","",""
"06163007","TENDE_SAPC",44.043167,7.586,636,2000020816,0.,1,"","","","","","","","","","","","","","","","","","","","","","","","","","","","","","","","","","",9.6,1,4.6,1,9.6,1,"","",11.3,1,"","","","","","","","","","","","","","","","","","","","",71,1,"","","","","","","","","","","","",8.5,1,"","","","","","","","","","","","","","","","","","","","","","","","","","","","","","","","","","","","","","","","","","","","","","","","","","","","","","","","","","","","","","","","","","","","","","","","","","","","","","","","","","","","","","","","","","","","","","","","","","","","","","","","","","","","","","","","","","","",""
"06163007","TENDE_SAPC",44.043167,7.586,636,2000020817,0.,1,"","","","","","","","","","","","","","","","","","","","","","","","","","","","","","","","","","",7.9,1,4.5,1,7.8,1,"","",9.5,1,"","","","","","","","","","","","","","","","","","","","",79,1,"","","","","","","","","","","","",8.4,1,"","","","","","","","","","","","","","","","","","","","","","","","","","","","","","","","","","","","","","","","","","","","","","","","","","","","","","","","","","","","","","","","","","","","","","","","","","","","","","","","","","","","","","","","","","","","","","","","","","","","","","","","","","","","","","","","","","","",""
"06163007","TENDE_SAPC",44.043167,7.586,636,2000020818,0.,1,"","","","","","","","","","","","","","","","","","","","","","","","","","","","","","","","","","",7.6,1,4.7,1,7.2,1,"","",7.9,1,"","","","","","","","","","","","","","","","","","","","",82,1,"","","","","","","","","","","","",8.5,1,"","","","","","","","","","","","","","","","","","","","","","","","","","","","","","","","","","","","","","","","","","","","","","","","","","","","","","","","","","","","","","","","","","","","","","","","","","","","","","","","","","","","","","","","","","","","","","","","","","","","","","","","","","","","","","","","","","","",""
"06163007","TENDE_SAPC",44.043167,7.586,636,2000020819,0.,1,"","","","","","","","","","","","","","","","","","","","","","","","","","","","","","","","","","",6.3,1,3.6,1,6.3,1,"","",7.6,1,"","","","","","","","","","","","","","","","","","","","",83,1,"","","","","","","","","","","","",7.9,1,"","","","","","","","","","","","","","","","","","","","","","","","","","","","","","","","","","","","","","","","","","","","","","","","","","","","","","","","","","","","","","","","","","","","","","","","","","","","","","","","","","","","","","","","","","","","","","","","","","","","","","","","","","","","","","","","","","","",""
"06163007","TENDE_SAPC",44.043167,7.586,636,2000020820,0.,1,"","","","","","","","","","","","","","","","","","","","","","","","","","","","","","","","","","",5.6,1,3.1,1,5.6,1,"","",6.3,1,"","","","","","","","","","","","","","","","","","","","",84,1,"","","","","","","","","","","","",7.6,1,"","","","","","","","","","","","","","","","","","","","","","","","","","","","","","","","","","","","","","","","","","","","","","","","","","","","","","","","","","","","","","","","","","","","","","","","","","","","","","","","","","","","","","","","","","","","","","","","","","","","","","","","","","","","","","","","","","","",""
"06163007","TENDE_SAPC",44.043167,7.586,636,2000020821,0.,1,"","","","","","","","","","","","","","","","","","","","","","","","","","","","","","","","","","",5.6,1,3.1,1,5.6,1,"","",5.9,1,"","","","","","","","","","","","","","","","","","","","",84,1,"","","","","","","","","","","","",7.6,1,"","","","","","","","","","","","","","","","","","","","","","","","","","","","","","","","","","","","","","","","","","","","","","","","","","","","","","","","","","","","","","","","","","","","","","","","","","","","","","","","","","","","","","","","","","","","","","","","","","","","","","","","","","","","","","","","","","","",""
"06163007","TENDE_SAPC",44.043167,7.586,636,2000020822,0.,1,"","","","","","","","","","","","","","","","","","","","","","","","","","","","","","","","","","",5.6,1,3.1,1,5.5,1,"","",5.6,1,"","","","","","","","","","","","","","","","","","","","",84,1,"","","","","","","","","","","","",7.6,1,"","","","","","","","","","","","","","","","","","","","","","","","","","","","","","","","","","","","","","","","","","","","","","","","","","","","","","","","","","","","","","","","","","","","","","","","","","","","","","","","","","","","","","","","","","","","","","","","","","","","","","","","","","","","","","","","","","","",""
"06163007","TENDE_SAPC",44.043167,7.586,636,2000020823,0.,1,"","","","","","","","","","","","","","","","","","","","","","","","","","","","","","","","","","",6.,1,3.,1,5.5,1,"","",6.,1,"","","","","","","","","","","","","","","","","","","","",81,1,"","","","","","","","","","","","",7.6,1,"","","","","","","","","","","","","","","","","","","","","","","","","","","","","","","","","","","","","","","","","","","","","","","","","","","","","","","","","","","","","","","","","","","","","","","","","","","","","","","","","","","","","","","","","","","","","","","","","","","","","","","","","","","","","","","","","","","",""
"06163007","TENDE_SAPC",44.043167,7.586,636,2000020900,0.,1,"","","","","","","","","","","","","","","","","","","","","","","","","","","","","","","","","","",5.,1,2.4,1,5.,1,"","",6.,1,"","","","","","","","","","","","","","","","","","","","",83,1,"","","","","","","","","","","","",7.2,1,"","","","","","","","","","","","","","","","","","","","","","","","","","","","","","","","","","","","","","","","","","","","","","","","","","","","","","","","","","","","","","","","","","","","","","","","","","","","","","","","","","","","","","","","","","","","","","","","","","","","","","","","","","","","","","","","","","","",""
"06163007","TENDE_SAPC",44.043167,7.586,636,2000020901,0.,1,"","","","","","","","","","","","","","","","","","","","","","","","","","","","","","","","","","",3.5,1,1.4,1,3.5,1,"","",5.,1,"","","","","","","","","","","","","","","","","","","","",86,1,"","","","","","","","","","","","",6.7,1,"","","","","","","","","","","","","","","","","","","","","","","","","","","","","","","","","","","","","","","","","","","","","","","","","","","","","","","","","","","","","","","","","","","","","","","","","","","","","","","","","","","","","","","","","","","","","","","","","","","","","","","","","","","","","","","","","","","",""
"06163007","TENDE_SAPC",44.043167,7.586,636,2000020902,0.,1,"","","","","","","","","","","","","","","","","","","","","","","","","","","","","","","","","","",2.8,1,0.8,1,2.7,1,"","",3.5,1,"","","","","","","","","","","","","","","","","","","","",87,1,"","","","","","","","","","","","",6.5,1,"","","","","","","","","","","","","","","","","","","","","","","","","","","","","","","","","","","","","","","","","","","","","","","","","","","","","","","","","","","","","","","","","","","","","","","","","","","","","","","","","","","","","","","","","","","","","","","","","","","","","","","","","","","","","","","","","","","",""
"06163007","TENDE_SAPC",44.043167,7.586,636,2000020903,0.,1,"","","","","","","","","","","","","","","","","","","","","","","","","","","","","","","","","","",2.,1,0.1,1,1.9,1,"","",3.,1,"","","","","","","","","","","","","","","","","","","","",87,1,"","","","","","","","","","","","",6.1,1,"","","","","","","","","","","","","","","","","","","","","","","","","","","","","","","","","","","","","","","","","","","","","","","","","","","","","","","","","","","","","","","","","","","","","","","","","","","","","","","","","","","","","","","","","","","","","","","","","","","","","","","","","","","","","","","","","","","",""
"06163007","TENDE_SAPC",44.043167,7.586,636,2000020904,0.,1,"","","","","","","","","","","","","","","","","","","","","","","","","","","","","","","","","","",1.5,1,-0.3,1,1.5,1,"","",2.1,1,"","","","","","","","","","","","","","","","","","","","",88,1,"","","","","","","","","","","","",6.,1,"","","","","","","","","","","","","","","","","","","","","","","","","","","","","","","","","","","","","","","","","","","","","","","","","","","","","","","","","","","","","","","","","","","","","","","","","","","","","","","","","","","","","","","","","","","","","","","","","","","","","","","","","","","","","","","","","","","",""
"06163007","TENDE_SAPC",44.043167,7.586,636,2000020905,0.,1,"","","","","","","","","","","","","","","","","","","","","","","","","","","","","","","","","","",0.8,1,-1.,1,0.8,1,"","",1.5,1,"","","","","","","","","","","","","","","","","","","","",88,1,"","","","","","","","","","","","",5.7,1,"","","","","","","","","","","","","","","","","","","","","","","","","","","","","","","","","","","","","","","","","","","","","","","","","","","","","","","","","","","","","","","","","","","","","","","","","","","","","","","","","","","","","","","","","","","","","","","","","","","","","","","","","","","","","","","","","","","",""
"06163007","TENDE_SAPC",44.043167,7.586,636,2000020906,0.,1,"","","","","","","","","","","","","","","","","","","","","","","","","","","","","","","","","","",0.3,1,-1.5,1,0.3,1,"","",0.8,1,"","","","","","","","","","","","","","","","","","","","",88,1,"","","","","","","","","","","","",5.5,1,"","","","","","","","","","","","","","","","","","","","","","","","","","","","","","","","","","","","","","","","","","","","","","","","","","","","","","","","","","","","","","","","","","","","","","","","","","","","","","","","","","","","","","","","","","","","","","","","","","","","","","","","","","","","","","","","","","","",""
"06163007","TENDE_SAPC",44.043167,7.586,636,2000020907,0.,1,"","","","","","","","","","","","","","","","","","","","","","","","","","","","","","","","","","",0.5,1,-1.1,1,0.2,1,"","",0.5,1,"","","","","","","","","","","","","","","","","","","","",89,1,"","","","","","","","","","","","",5.6,1,"","","","","","","","","","","","","","","","","","","","","","","","","","","","","","","","","","","","","","","","","","","","","","","","","","","","","","","","","","","","","","","","","","","","","","","","","","","","","","","","","","","","","","","","","","","","","","","","","","","","","","","","","","","","","","","","","","","",""
"06163007","TENDE_SAPC",44.043167,7.586,636,2000020908,0.,1,"","","","","","","","","","","","","","","","","","","","","","","","","","","","","","","","","","",1.3,1,-1.1,1,0.5,1,"","",1.3,1,"","","","","","","","","","","","","","","","","","","","",84,1,"","","","","","","","","","","","",5.6,1,"","","","","","","","","","","","","","","","","","","","","","","","","","","","","","","","","","","","","","","","","","","","","","","","","","","","","","","","","","","","","","","","","","","","","","","","","","","","","","","","","","","","","","","","","","","","","","","","","","","","","","","","","","","","","","","","","","","",""
"06163007","TENDE_SAPC",44.043167,7.586,636,2000020909,0.,1,"","","","","","","","","","","","","","","","","","","","","","","","","","","","","","","","","","",10.8,1,-9.5,1,1.4,1,"","",10.9,1,"","","","","","","","","","","","","","","","","","","","",23,1,"","","","","","","","","","","","",3.,1,"","","","","","","","","","","","","","","","","","","","","","","","","","","","","","","","","","","","","","","","","","","","","","","","","","","","","","","","","","","","","","","","","","","","","","","","","","","","","","","","","","","","","","","","","","","","","","","","","","","","","","","","","","","","","","","","","","","",""
"06163007","TENDE_SAPC",44.043167,7.586,636,2000020910,0.,1,"","","","","","","","","","","","","","","","","","","","","","","","","","","","","","","","","","",13.3,1,"","",10.9,1,"","",13.3,1,"","","","","","","","","","","","","","","","","","","","","","","","","","","","","","","","","","","","","","","","","","","","","","","","","","","","","","","","","","","","","","","","","","","","","","","","","","","","","","","","","","","","","","","","","","","","","","","","","","","","","","","","","","","","","","","","","","","","","","","","","","","","","","","","","","","","","","","","","","","","","","","","","","","","","","","",""
"06163007","TENDE_SAPC",44.043167,7.586,636,2000020911,0.,1,"","","","","","","","","","","","","","","","","","","","","","","","","","","","","","","","","","",14.5,1,"","",13.3,1,"","",14.5,1,"","","","","","","","","","","","","","","","","","","","","","","","","","","","","","","","","","","","","","","","","","","","","","","","","","","","","","","","","","","","","","","","","","","","","","","","","","","","","","","","","","","","","","","","","","","","","","","","","","","","","","","","","","","","","","","","","","","","","","","","","","","","","","","","","","","","","","","","","","","","","","","","","","","","","","","",""
"06163007","TENDE_SAPC",44.043167,7.586,636,2000020912,0.,1,"","","","","","","","","","","","","","","","","","","","","","","","","","","","","","","","","","",14.7,1,"","",14.4,1,"","",14.8,1,"","","","","","","","","","","","","","","","","","","","","","","","","","","","","","","","","","","","","","","","","","","","","","","","","","","","","","","","","","","","","","","","","","","","","","","","","","","","","","","","","","","","","","","","","","","","","","","","","","","","","","","","","","","","","","","","","","","","","","","","","","","","","","","","","","","","","","","","","","","","","","","","","","","","","","","",""
"06163007","TENDE_SAPC",44.043167,7.586,636,2000020913,0.,1,"","","","","","","","","","","","","","","","","","","","","","","","","","","","","","","","","","",14.3,1,"","",14.3,1,"","",14.9,1,"","","","","","","","","","","","","","","","","","","","","","","","","","","","","","","","","","","","","","","","","","","","","","","","","","","","","","","","","","","","","","","","","","","","","","","","","","","","","","","","","","","","","","","","","","","","","","","","","","","","","","","","","","","","","","","","","","","","","","","","","","","","","","","","","","","","","","","","","","","","","","","","","","","","","","","",""
"06163007","TENDE_SAPC",44.043167,7.586,636,2000020914,0.,1,"","","","","","","","","","","","","","","","","","","","","","","","","","","","","","","","","","",13.8,1,"","",13.8,1,"","",14.3,1,"","","","","","","","","","","","","","","","","","","","","","","","","","","","","","","","","","","","","","","","","","","","","","","","","","","","","","","","","","","","","","","","","","","","","","","","","","","","","","","","","","","","","","","","","","","","","","","","","","","","","","","","","","","","","","","","","","","","","","","","","","","","","","","","","","","","","","","","","","","","","","","","","","","","","","","",""
"06163007","TENDE_SAPC",44.043167,7.586,636,2000020915,0.,1,"","","","","","","","","","","","","","","","","","","","","","","","","","","","","","","","","","",12.4,1,"","",12.4,1,"","",13.8,1,"","","","","","","","","","","","","","","","","","","","","","","","","","","","","","","","","","","","","","","","","","","","","","","","","","","","","","","","","","","","","","","","","","","","","","","","","","","","","","","","","","","","","","","","","","","","","","","","","","","","","","","","","","","","","","","","","","","","","","","","","","","","","","","","","","","","","","","","","","","","","","","","","","","","","","","",""
"06163007","TENDE_SAPC",44.043167,7.586,636,2000020916,0.,1,"","","","","","","","","","","","","","","","","","","","","","","","","","","","","","","","","","",11.6,1,"","",11.6,1,"","",12.4,1,"","","","","","","","","","","","","","","","","","","","","","","","","","","","","","","","","","","","","","","","","","","","","","","","","","","","","","","","","","","","","","","","","","","","","","","","","","","","","","","","","","","","","","","","","","","","","","","","","","","","","","","","","","","","","","","","","","","","","","","","","","","","","","","","","","","","","","","","","","","","","","","","","","","","","","","",""
"06163007","TENDE_SAPC",44.043167,7.586,636,2000020917,0.,1,"","","","","","","","","","","","","","","","","","","","","","","","","","","","","","","","","","",10.4,1,"","",10.4,1,"","",11.6,1,"","","","","","","","","","","","","","","","","","","","","","","","","","","","","","","","","","","","","","","","","","","","","","","","","","","","","","","","","","","","","","","","","","","","","","","","","","","","","","","","","","","","","","","","","","","","","","","","","","","","","","","","","","","","","","","","","","","","","","","","","","","","","","","","","","","","","","","","","","","","","","","","","","","","","","","",""
"06163007","TENDE_SAPC",44.043167,7.586,636,2000020918,0.,1,"","","","","","","","","","","","","","","","","","","","","","","","","","","","","","","","","","",10.2,1,"","",10.,1,"","",10.6,1,"","","","","","","","","","","","","","","","","","","","","","","","","","","","","","","","","","","","","","","","","","","","","","","","","","","","","","","","","","","","","","","","","","","","","","","","","","","","","","","","","","","","","","","","","","","","","","","","","","","","","","","","","","","","","","","","","","","","","","","","","","","","","","","","","","","","","","","","","","","","","","","","","","","","","","","",""
"06163007","TENDE_SAPC",44.043167,7.586,636,2000020919,0.,1,"","","","","","","","","","","","","","","","","","","","","","","","","","","","","","","","","","",9.7,1,-15.,1,7.8,1,"","",10.4,1,"","","","","","","","","","","","","","","","","","","","",16,1,"","","","","","","","","","","","",1.9,1,"","","","","","","","","","","","","","","","","","","","","","","","","","","","","","","","","","","","","","","","","","","","","","","","","","","","","","","","","","","","","","","","","","","","","","","","","","","","","","","","","","","","","","","","","","","","","","","","","","","","","","","","","","","","","","","","","","","",""
"06163007","TENDE_SAPC",44.043167,7.586,636,2000020920,0.,1,"","","","","","","","","","","","","","","","","","","","","","","","","","","","","","","","","","",9.2,1,-13.9,1,8.8,1,"","",9.7,1,"","","","","","","","","","","","","","","","","","","","",18,1,"","","","","","","","","","","","",2.1,1,"","","","","","","","","","","","","","","","","","","","","","","","","","","","","","","","","","","","","","","","","","","","","","","","","","","","","","","","","","","","","","","","","","","","","","","","","","","","","","","","","","","","","","","","","","","","","","","","","","","","","","","","","","","","","","","","","","","",""
"06163007","TENDE_SAPC",44.043167,7.586,636,2000020921,0.,1,"","","","","","","","","","","","","","","","","","","","","","","","","","","","","","","","","","",8.6,1,-13.1,1,8.3,1,"","",9.5,1,"","","","","","","","","","","","","","","","","","","","",20,1,"","","","","","","","","","","","",2.2,1,"","","","","","","","","","","","","","","","","","","","","","","","","","","","","","","","","","","","","","","","","","","","","","","","","","","","","","","","","","","","","","","","","","","","","","","","","","","","","","","","","","","","","","","","","","","","","","","","","","","","","","","","","","","","","","","","","","","",""
"06163007","TENDE_SAPC",44.043167,7.586,636,2000020922,0.,1,"","","","","","","","","","","","","","","","","","","","","","","","","","","","","","","","","","",7.5,1,-11.3,1,7.4,1,"","",8.6,1,"","","","","","","","","","","","","","","","","","","","",25,1,"","","","","","","","","","","","",2.6,1,"","","","","","","","","","","","","","","","","","","","","","","","","","","","","","","","","","","","","","","","","","","","","","","","","","","","","","","","","","","","","","","","","","","","","","","","","","","","","","","","","","","","","","","","","","","","","","","","","","","","","","","","","","","","","","","","","","","",""
"06163007","TENDE_SAPC",44.043167,7.586,636,2000020923,0.,1,"","","","","","","","","","","","","","","","","","","","","","","","","","","","","","","","","","",7.2,1,-11.1,1,7.2,1,"","",7.7,1,"","","","","","","","","","","","","","","","","","","","",26,1,"","","","","","","","","","","","",2.6,1,"","","","","","","","","","","","","","","","","","","","","","","","","","","","","","","","","","","","","","","","","","","","","","","","","","","","","","","","","","","","","","","","","","","","","","","","","","","","","","","","","","","","","","","","","","","","","","","","","","","","","","","","","","","","","","","","","","","",""
"06163007","TENDE_SAPC",44.043167,7.586,636,2000021007,0.,1,"","","","","","","","","","","","","","","","","","","","","","","","","","","","","","","","","","",0.6,1,-8.9,1,0.5,1,"","",1.2,1,"","","","","","","","","","","","","","","","","","","","",49,1,"","","","","","","","","","","","",3.1,1,"","","","","","","","","","","","","","","","","","","","","","","","","","","","","","","","","","","","","","","","","","","","","","","","","","","","","","","","","","","","","","","","","","","","","","","","","","","","","","","","","","","","","","","","","","","","","","","","","","","","","","","","","","","","","","","","","","","",""
"06163007","TENDE_SAPC",44.043167,7.586,636,2000021008,0.,1,"","","","","","","","","","","","","","","","","","","","","","","","","","","","","","","","","","",0.3,1,-8.4,1,0.3,1,"","",0.6,1,"","","","","","","","","","","","","","","","","","","","",52,1,"","","","","","","","","","","","",3.2,1,"","","","","","","","","","","","","","","","","","","","","","","","","","","","","","","","","","","","","","","","","","","","","","","","","","","","","","","","","","","","","","","","","","","","","","","","","","","","","","","","","","","","","","","","","","","","","","","","","","","","","","","","","","","","","","","","","","","",""
"06163007","TENDE_SAPC",44.043167,7.586,636,2000021009,0.,1,"","","","","","","","","","","","","","","","","","","","","","","","","","","","","","","","","","",0.5,1,-8.5,1,0.3,1,"","",0.5,1,"","","","","","","","","","","","","","","","","","","","",51,1,"","","","","","","","","","","","",3.2,1,"","","","","","","","","","","","","","","","","","","","","","","","","","","","","","","","","","","","","","","","","","","","","","","","","","","","","","","","","","","","","","","","","","","","","","","","","","","","","","","","","","","","","","","","","","","","","","","","","","","","","","","","","","","","","","","","","","","",""
"06163007","TENDE_SAPC",44.043167,7.586,636,2000021010,0.,1,"","","","","","","","","","","","","","","","","","","","","","","","","","","","","","","","","","",4.2,1,-7.9,1,0.6,1,"","",4.2,1,"","","","","","","","","","","","","","","","","","","","",41,1,"","","","","","","","","","","","",3.4,1,"","","","","","","","","","","","","","","","","","","","","","","","","","","","","","","","","","","","","","","","","","","","","","","","","","","","","","","","","","","","","","","","","","","","","","","","","","","","","","","","","","","","","","","","","","","","","","","","","","","","","","","","","","","","","","","","","","","",""
"06163007","TENDE_SAPC",44.043167,7.586,636,2000021011,0.,1,"","","","","","","","","","","","","","","","","","","","","","","","","","","","","","","","","","",10.7,1,-8.1,1,4.4,1,"","",11.,1,"","","","","","","","","","","","","","","","","","","","",26,1,"","","","","","","","","","","","",3.3,1,"","","","","","","","","","","","","","","","","","","","","","","","","","","","","","","","","","","","","","","","","","","","","","","","","","","","","","","","","","","","","","","","","","","","","","","","","","","","","","","","","","","","","","","","","","","","","","","","","","","","","","","","","","","","","","","","","","","",""
"06163007","TENDE_SAPC",44.043167,7.586,636,2000021012,0.,1,"","","","","","","","","","","","","","","","","","","","","","","","","","","","","","","","","","",13.9,1,-10.1,1,10.8,1,"","",13.9,1,"","","","","","","","","","","","","","","","","","","","",18,1,"","","","","","","","","","","","",2.9,1,"","","","","","","","","","","","","","","","","","","","","","","","","","","","","","","","","","","","","","","","","","","","","","","","","","","","","","","","","","","","","","","","","","","","","","","","","","","","","","","","","","","","","","","","","","","","","","","","","","","","","","","","","","","","","","","","","","","",""
"06163007","TENDE_SAPC",44.043167,7.586,636,2000021013,0.,1,"","","","","","","","","","","","","","","","","","","","","","","","","","","","","","","","","","",14.4,1,-9.7,1,13.9,1,"","",14.6,1,"","","","","","","","","","","","","","","","","","","","",18,1,"","","","","","","","","","","","",2.9,1,"","","","","","","","","","","","","","","","","","","","","","","","","","","","","","","","","","","","","","","","","","","","","","","","","","","","","","","","","","","","","","","","","","","","","","","","","","","","","","","","","","","","","","","","","","","","","","","","","","","","","","","","","","","","","","","","","","","",""
"06163007","TENDE_SAPC",44.043167,7.586,636,2000021014,0.,1,"","","","","","","","","","","","","","","","","","","","","","","","","","","","","","","","","","",13.7,1,-6.,1,13.7,1,"","",15.5,1,"","","","","","","","","","","","","","","","","","","","",25,1,"","","","","","","","","","","","",3.9,1,"","","","","","","","","","","","","","","","","","","","","","","","","","","","","","","","","","","","","","","","","","","","","","","","","","","","","","","","","","","","","","","","","","","","","","","","","","","","","","","","","","","","","","","","","","","","","","","","","","","","","","","","","","","","","","","","","","","",""
"06163007","TENDE_SAPC",44.043167,7.586,636,2000021015,0.,1,"","","","","","","","","","","","","","","","","","","","","","","","","","","","","","","","","","",11.2,1,-5.3,1,11.2,1,"","",13.6,1,"","","","","","","","","","","","","","","","","","","","",31,1,"","","","","","","","","","","","",4.1,1,"","","","","","","","","","","","","","","","","","","","","","","","","","","","","","","","","","","","","","","","","","","","","","","","","","","","","","","","","","","","","","","","","","","","","","","","","","","","","","","","","","","","","","","","","","","","","","","","","","","","","","","","","","","","","","","","","","","",""
"06163007","TENDE_SAPC",44.043167,7.586,636,2000021016,0.,1,"","","","","","","","","","","","","","","","","","","","","","","","","","","","","","","","","","",9.4,1,-5.7,1,9.4,1,"","",11.2,1,"","","","","","","","","","","","","","","","","","","","",34,1,"","","","","","","","","","","","",4.,1,"","","","","","","","","","","","","","","","","","","","","","","","","","","","","","","","","","","","","","","","","","","","","","","","","","","","","","","","","","","","","","","","","","","","","","","","","","","","","","","","","","","","","","","","","","","","","","","","","","","","","","","","","","","","","","","","","","","",""
"06163007","TENDE_SAPC",44.043167,7.586,636,2000021017,0.,1,"","","","","","","","","","","","","","","","","","","","","","","","","","","","","","","","","","",5.8,1,-4.9,1,5.8,1,"","",9.4,1,"","","","","","","","","","","","","","","","","","","","",46,1,"","","","","","","","","","","","",4.2,1,"","","","","","","","","","","","","","","","","","","","","","","","","","","","","","","","","","","","","","","","","","","","","","","","","","","","","","","","","","","","","","","","","","","","","","","","","","","","","","","","","","","","","","","","","","","","","","","","","","","","","","","","","","","","","","","","","","","",""
"06163007","TENDE_SAPC",44.043167,7.586,636,2000021018,0.,1,"","","","","","","","","","","","","","","","","","","","","","","","","","","","","","","","","","",3.1,1,-4.8,1,3.1,1,"","",5.7,1,"","","","","","","","","","","","","","","","","","","","",56,1,"","","","","","","","","","","","",4.3,1,"","","","","","","","","","","","","","","","","","","","","","","","","","","","","","","","","","","","","","","","","","","","","","","","","","","","","","","","","","","","","","","","","","","","","","","","","","","","","","","","","","","","","","","","","","","","","","","","","","","","","","","","","","","","","","","","","","","",""
"06163007","TENDE_SAPC",44.043167,7.586,636,2000021019,0.,1,"","","","","","","","","","","","","","","","","","","","","","","","","","","","","","","","","","",2.,1,-5.6,1,2.,1,"","",3.1,1,"","","","","","","","","","","","","","","","","","","","",57,1,"","","","","","","","","","","","",4.,1,"","","","","","","","","","","","","","","","","","","","","","","","","","","","","","","","","","","","","","","","","","","","","","","","","","","","","","","","","","","","","","","","","","","","","","","","","","","","","","","","","","","","","","","","","","","","","","","","","","","","","","","","","","","","","","","","","","","",""
"06163007","TENDE_SAPC",44.043167,7.586,636,2000021020,0.,1,"","","","","","","","","","","","","","","","","","","","","","","","","","","","","","","","","","",1.2,1,-5.5,1,1.2,1,"","",2.,1,"","","","","","","","","","","","","","","","","","","","",61,1,"","","","","","","","","","","","",4.1,1,"","","","","","","","","","","","","","","","","","","","","","","","","","","","","","","","","","","","","","","","","","","","","","","","","","","","","","","","","","","","","","","","","","","","","","","","","","","","","","","","","","","","","","","","","","","","","","","","","","","","","","","","","","","","","","","","","","","",""
"06163007","TENDE_SAPC",44.043167,7.586,636,2000021021,0.,1,"","","","","","","","","","","","","","","","","","","","","","","","","","","","","","","","","","",0.9,1,-6.,1,0.8,1,"","",1.2,1,"","","","","","","","","","","","","","","","","","","","",60,1,"","","","","","","","","","","","",3.9,1,"","","","","","","","","","","","","","","","","","","","","","","","","","","","","","","","","","","","","","","","","","","","","","","","","","","","","","","","","","","","","","","","","","","","","","","","","","","","","","","","","","","","","","","","","","","","","","","","","","","","","","","","","","","","","","","","","","","",""
"06163007","TENDE_SAPC",44.043167,7.586,636,2000021022,0.,1,"","","","","","","","","","","","","","","","","","","","","","","","","","","","","","","","","","",0.6,1,-5.9,1,0.6,1,"","",0.9,1,"","","","","","","","","","","","","","","","","","","","",62,1,"","","","","","","","","","","","",4.,1,"","","","","","","","","","","","","","","","","","","","","","","","","","","","","","","","","","","","","","","","","","","","","","","","","","","","","","","","","","","","","","","","","","","","","","","","","","","","","","","","","","","","","","","","","","","","","","","","","","","","","","","","","","","","","","","","","","","",""
"06163007","TENDE_SAPC",44.043167,7.586,636,2000021023,0.,1,"","","","","","","","","","","","","","","","","","","","","","","","","","","","","","","","","","",0.9,1,-6.4,1,0.4,1,"","",0.9,1,"","","","","","","","","","","","","","","","","","","","",58,1,"","","","","","","","","","","","",3.8,1,"","","","","","","","","","","","","","","","","","","","","","","","","","","","","","","","","","","","","","","","","","","","","","","","","","","","","","","","","","","","","","","","","","","","","","","","","","","","","","","","","","","","","","","","","","","","","","","","","","","","","","","","","","","","","","","","","","","",""
"06163007","TENDE_SAPC",44.043167,7.586,636,2000021100,0.,1,"","","","","","","","","","","","","","","","","","","","","","","","","","","","","","","","","","",0.,1,-6.4,1,0.,1,"","",0.9,1,"","","","","","","","","","","","","","","","","","","","",62,1,"","","","","","","","","","","","",3.8,1,"","","","","","","","","","","","","","","","","","","","","","","","","","","","","","","","","","","","","","","","","","","","","","","","","","","","","","","","","","","","","","","","","","","","","","","","","","","","","","","","","","","","","","","","","","","","","","","","","","","","","","","","","","","","","","","","","","","",""
"06163007","TENDE_SAPC",44.043167,7.586,636,2000021101,0.,1,"","","","","","","","","","","","","","","","","","","","","","","","","","","","","","","","","","",0.6,1,-6.1,1,0.,1,"","",0.8,1,"","","","","","","","","","","","","","","","","","","","",61,1,"","","","","","","","","","","","",3.9,1,"","","","","","","","","","","","","","","","","","","","","","","","","","","","","","","","","","","","","","","","","","","","","","","","","","","","","","","","","","","","","","","","","","","","","","","","","","","","","","","","","","","","","","","","","","","","","","","","","","","","","","","","","","","","","","","","","","","",""
"06163007","TENDE_SAPC",44.043167,7.586,636,2000021102,0.,1,"","","","","","","","","","","","","","","","","","","","","","","","","","","","","","","","","","",1.,1,-6.6,1,0.4,1,"","",1.,1,"","","","","","","","","","","","","","","","","","","","",57,1,"","","","","","","","","","","","",3.7,1,"","","","","","","","","","","","","","","","","","","","","","","","","","","","","","","","","","","","","","","","","","","","","","","","","","","","","","","","","","","","","","","","","","","","","","","","","","","","","","","","","","","","","","","","","","","","","","","","","","","","","","","","","","","","","","","","","","","",""
"06163007","TENDE_SAPC",44.043167,7.586,636,2000021103,0.,1,"","","","","","","","","","","","","","","","","","","","","","","","","","","","","","","","","","",0.8,1,-5.9,1,0.8,1,"","",1.4,1,"","","","","","","","","","","","","","","","","","","","",61,1,"","","","","","","","","","","","",4.,1,"","","","","","","","","","","","","","","","","","","","","","","","","","","","","","","","","","","","","","","","","","","","","","","","","","","","","","","","","","","","","","","","","","","","","","","","","","","","","","","","","","","","","","","","","","","","","","","","","","","","","","","","","","","","","","","","","","","",""
"06163007","TENDE_SAPC",44.043167,7.586,636,2000021104,0.,1,"","","","","","","","","","","","","","","","","","","","","","","","","","","","","","","","","","",1.1,1,-5.8,1,0.6,1,"","",1.1,1,"","","","","","","","","","","","","","","","","","","","",60,1,"","","","","","","","","","","","",4.,1,"","","","","","","","","","","","","","","","","","","","","","","","","","","","","","","","","","","","","","","","","","","","","","","","","","","","","","","","","","","","","","","","","","","","","","","","","","","","","","","","","","","","","","","","","","","","","","","","","","","","","","","","","","","","","","","","","","","",""
"06163007","TENDE_SAPC",44.043167,7.586,636,2000021105,0.,1,"","","","","","","","","","","","","","","","","","","","","","","","","","","","","","","","","","",1.8,1,-6.1,1,1.1,1,"","",1.9,1,"","","","","","","","","","","","","","","","","","","","",56,1,"","","","","","","","","","","","",3.9,1,"","","","","","","","","","","","","","","","","","","","","","","","","","","","","","","","","","","","","","","","","","","","","","","","","","","","","","","","","","","","","","","","","","","","","","","","","","","","","","","","","","","","","","","","","","","","","","","","","","","","","","","","","","","","","","","","","","","",""
"06163007","TENDE_SAPC",44.043167,7.586,636,2000021106,0.,1,"","","","","","","","","","","","","","","","","","","","","","","","","","","","","","","","","","",2.2,1,-5.,1,1.8,1,"","",2.4,1,"","","","","","","","","","","","","","","","","","","","",59,1,"","","","","","","","","","","","",4.2,1,"","","","","","","","","","","","","","","","","","","","","","","","","","","","","","","","","","","","","","","","","","","","","","","","","","","","","","","","","","","","","","","","","","","","","","","","","","","","","","","","","","","","","","","","","","","","","","","","","","","","","","","","","","","","","","","","","","","",""
"06163007","TENDE_SAPC",44.043167,7.586,636,2000021107,0.,1,"","","","","","","","","","","","","","","","","","","","","","","","","","","","","","","","","","",1.7,1,-5.,1,1.6,1,"","",2.2,1,"","","","","","","","","","","","","","","","","","","","",61,1,"","","","","","","","","","","","",4.2,1,"","","","","","","","","","","","","","","","","","","","","","","","","","","","","","","","","","","","","","","","","","","","","","","","","","","","","","","","","","","","","","","","","","","","","","","","","","","","","","","","","","","","","","","","","","","","","","","","","","","","","","","","","","","","","","","","","","","",""
"06163007","TENDE_SAPC",44.043167,7.586,636,2000021108,0.,1,"","","","","","","","","","","","","","","","","","","","","","","","","","","","","","","","","","",2.7,1,-5.7,1,1.7,1,"","",2.7,1,"","","","","","","","","","","","","","","","","","","","",54,1,"","","","","","","","","","","","",4.,1,"","","","","","","","","","","","","","","","","","","","","","","","","","","","","","","","","","","","","","","","","","","","","","","","","","","","","","","","","","","","","","","","","","","","","","","","","","","","","","","","","","","","","","","","","","","","","","","","","","","","","","","","","","","","","","","","","","","",""
"06163007","TENDE_SAPC",44.043167,7.586,636,2000021109,0.,1,"","","","","","","","","","","","","","","","","","","","","","","","","","","","","","","","","","",3.9,1,-5.3,1,2.7,1,"","",3.9,1,"","","","","","","","","","","","","","","","","","","","",51,1,"","","","","","","","","","","","",4.1,1,"","","","","","","","","","","","","","","","","","","","","","","","","","","","","","","","","","","","","","","","","","","","","","","","","","","","","","","","","","","","","","","","","","","","","","","","","","","","","","","","","","","","","","","","","","","","","","","","","","","","","","","","","","","","","","","","","","","",""
"06163007","TENDE_SAPC",44.043167,7.586,636,2000021110,0.,1,"","","","","","","","","","","","","","","","","","","","","","","","","","","","","","","","","","",6.,1,-6.,1,4.,1,"","",6.,1,"","","","","","","","","","","","","","","","","","","","",42,1,"","","","","","","","","","","","",3.9,1,"","","","","","","","","","","","","","","","","","","","","","","","","","","","","","","","","","","","","","","","","","","","","","","","","","","","","","","","","","","","","","","","","","","","","","","","","","","","","","","","","","","","","","","","","","","","","","","","","","","","","","","","","","","","","","","","","","","",""
"06163007","TENDE_SAPC",44.043167,7.586,636,2000021111,0.,1,"","","","","","","","","","","","","","","","","","","","","","","","","","","","","","","","","","",8.1,1,-7.2,1,6.,1,"","",8.1,1,"","","","","","","","","","","","","","","","","","","","",33,1,"","","","","","","","","","","","",3.6,1,"","","","","","","","","","","","","","","","","","","","","","","","","","","","","","","","","","","","","","","","","","","","","","","","","","","","","","","","","","","","","","","","","","","","","","","","","","","","","","","","","","","","","","","","","","","","","","","","","","","","","","","","","","","","","","","","","","","",""
"06163007","TENDE_SAPC",44.043167,7.586,636,2000021112,0.,1,"","","","","","","","","","","","","","","","","","","","","","","","","","","","","","","","","","",10.,1,-8.2,1,8.1,1,"","",10.,1,"","","","","","","","","","","","","","","","","","","","",27,1,"","","","","","","","","","","","",3.3,1,"","","","","","","","","","","","","","","","","","","","","","","","","","","","","","","","","","","","","","","","","","","","","","","","","","","","","","","","","","","","","","","","","","","","","","","","","","","","","","","","","","","","","","","","","","","","","","","","","","","","","","","","","","","","","","","","","","","",""
"06163007","TENDE_SAPC",44.043167,7.586,636,2000021113,0.,1,"","","","","","","","","","","","","","","","","","","","","","","","","","","","","","","","","","",10.2,1,-7.5,1,9.1,1,"","",10.2,1,"","","","","","","","","","","","","","","","","","","","",28,1,"","","","","","","","","","","","",3.5,1,"","","","","","","","","","","","","","","","","","","","","","","","","","","","","","","","","","","","","","","","","","","","","","","","","","","","","","","","","","","","","","","","","","","","","","","","","","","","","","","","","","","","","","","","","","","","","","","","","","","","","","","","","","","","","","","","","","","",""
"06163007","TENDE_SAPC",44.043167,7.586,636,2000021114,0.,1,"","","","","","","","","","","","","","","","","","","","","","","","","","","","","","","","","","",10.4,1,-6.9,1,10.2,1,"","",10.6,1,"","","","","","","","","","","","","","","","","","","","",29,1,"","","","","","","","","","","","",3.7,1,"","","","","","","","","","","","","","","","","","","","","","","","","","","","","","","","","","","","","","","","","","","","","","","","","","","","","","","","","","","","","","","","","","","","","","","","","","","","","","","","","","","","","","","","","","","","","","","","","","","","","","","","","","","","","","","","","","","",""
"06163007","TENDE_SAPC",44.043167,7.586,636,2000021115,0.,1,"","","","","","","","","","","","","","","","","","","","","","","","","","","","","","","","","","",8.9,1,-4.3,1,8.9,1,"","",10.4,1,"","","","","","","","","","","","","","","","","","","","",39,1,"","","","","","","","","","","","",4.4,1,"","","","","","","","","","","","","","","","","","","","","","","","","","","","","","","","","","","","","","","","","","","","","","","","","","","","","","","","","","","","","","","","","","","","","","","","","","","","","","","","","","","","","","","","","","","","","","","","","","","","","","","","","","","","","","","","","","","",""
"06163007","TENDE_SAPC",44.043167,7.586,636,2000021116,0.,1,"","","","","","","","","","","","","","","","","","","","","","","","","","","","","","","","","","",8.,1,-0.8,1,8.,1,"","",8.9,1,"","","","","","","","","","","","","","","","","","","","",54,1,"","","","","","","","","","","","",5.8,1,"","","","","","","","","","","","","","","","","","","","","","","","","","","","","","","","","","","","","","","","","","","","","","","","","","","","","","","","","","","","","","","","","","","","","","","","","","","","","","","","","","","","","","","","","","","","","","","","","","","","","","","","","","","","","","","","","","","",""
"06163007","TENDE_SAPC",44.043167,7.586,636,2000021117,0.,1,"","","","","","","","","","","","","","","","","","","","","","","","","","","","","","","","","","",6.9,1,0.8,1,6.9,1,"","",8.,1,"","","","","","","","","","","","","","","","","","","","",65,1,"","","","","","","","","","","","",6.5,1,"","","","","","","","","","","","","","","","","","","","","","","","","","","","","","","","","","","","","","","","","","","","","","","","","","","","","","","","","","","","","","","","","","","","","","","","","","","","","","","","","","","","","","","","","","","","","","","","","","","","","","","","","","","","","","","","","","","",""
"06163007","TENDE_SAPC",44.043167,7.586,636,2000021118,0.,1,"","","","","","","","","","","","","","","","","","","","","","","","","","","","","","","","","","",5.4,1,0.,1,5.4,1,"","",6.8,1,"","","","","","","","","","","","","","","","","","","","",68,1,"","","","","","","","","","","","",6.1,1,"","","","","","","","","","","","","","","","","","","","","","","","","","","","","","","","","","","","","","","","","","","","","","","","","","","","","","","","","","","","","","","","","","","","","","","","","","","","","","","","","","","","","","","","","","","","","","","","","","","","","","","","","","","","","","","","","","","",""
"06163007","TENDE_SAPC",44.043167,7.586,636,2000021119,0.,1,"","","","","","","","","","","","","","","","","","","","","","","","","","","","","","","","","","",4.3,1,-0.5,1,4.3,1,"","",5.4,1,"","","","","","","","","","","","","","","","","","","","",71,1,"","","","","","","","","","","","",5.9,1,"","","","","","","","","","","","","","","","","","","","","","","","","","","","","","","","","","","","","","","","","","","","","","","","","","","","","","","","","","","","","","","","","","","","","","","","","","","","","","","","","","","","","","","","","","","","","","","","","","","","","","","","","","","","","","","","","","","",""
"06163007","TENDE_SAPC",44.043167,7.586,636,2000021120,0.,1,"","","","","","","","","","","","","","","","","","","","","","","","","","","","","","","","","","",5.8,1,-6.1,1,4.1,1,"","",5.8,1,"","","","","","","","","","","","","","","","","","","","",42,1,"","","","","","","","","","","","",3.9,1,"","","","","","","","","","","","","","","","","","","","","","","","","","","","","","","","","","","","","","","","","","","","","","","","","","","","","","","","","","","","","","","","","","","","","","","","","","","","","","","","","","","","","","","","","","","","","","","","","","","","","","","","","","","","","","","","","","","",""
"06163007","TENDE_SAPC",44.043167,7.586,636,2000021121,0.,1,"","","","","","","","","","","","","","","","","","","","","","","","","","","","","","","","","","",6.5,1,-5.5,1,5.9,1,"","",6.5,1,"","","","","","","","","","","","","","","","","","","","",42,1,"","","","","","","","","","","","",4.1,1,"","","","","","","","","","","","","","","","","","","","","","","","","","","","","","","","","","","","","","","","","","","","","","","","","","","","","","","","","","","","","","","","","","","","","","","","","","","","","","","","","","","","","","","","","","","","","","","","","","","","","","","","","","","","","","","","","","","",""
"06163007","TENDE_SAPC",44.043167,7.586,636,2000021122,0.,1,"","","","","","","","","","","","","","","","","","","","","","","","","","","","","","","","","","",6.5,1,-4.9,1,6.2,1,"","",6.6,1,"","","","","","","","","","","","","","","","","","","","",44,1,"","","","","","","","","","","","",4.3,1,"","","","","","","","","","","","","","","","","","","","","","","","","","","","","","","","","","","","","","","","","","","","","","","","","","","","","","","","","","","","","","","","","","","","","","","","","","","","","","","","","","","","","","","","","","","","","","","","","","","","","","","","","","","","","","","","","","","",""
"06163007","TENDE_SAPC",44.043167,7.586,636,2000021123,0.,1,"","","","","","","","","","","","","","","","","","","","","","","","","","","","","","","","","","",6.6,1,-4.8,1,6.5,1,"","",6.9,1,"","","","","","","","","","","","","","","","","","","","",44,1,"","","","","","","","","","","","",4.3,1,"","","","","","","","","","","","","","","","","","","","","","","","","","","","","","","","","","","","","","","","","","","","","","","","","","","","","","","","","","","","","","","","","","","","","","","","","","","","","","","","","","","","","","","","","","","","","","","","","","","","","","","","","","","","","","","","","","","",""
"06163007","TENDE_SAPC",44.043167,7.586,636,2000021200,0.,1,"","","","","","","","","","","","","","","","","","","","","","","","","","","","","","","","","","",5.1,1,-4.5,1,5.1,1,"","",6.6,1,"","","","","","","","","","","","","","","","","","","","",50,1,"","","","","","","","","","","","",4.4,1,"","","","","","","","","","","","","","","","","","","","","","","","","","","","","","","","","","","","","","","","","","","","","","","","","","","","","","","","","","","","","","","","","","","","","","","","","","","","","","","","","","","","","","","","","","","","","","","","","","","","","","","","","","","","","","","","","","","",""
"06163007","TENDE_SAPC",44.043167,7.586,636,2000021201,0.,1,"","","","","","","","","","","","","","","","","","","","","","","","","","","","","","","","","","",4.8,1,-3.7,1,4.8,1,"","",5.1,1,"","","","","","","","","","","","","","","","","","","","",54,1,"","","","","","","","","","","","",4.6,1,"","","","","","","","","","","","","","","","","","","","","","","","","","","","","","","","","","","","","","","","","","","","","","","","","","","","","","","","","","","","","","","","","","","","","","","","","","","","","","","","","","","","","","","","","","","","","","","","","","","","","","","","","","","","","","","","","","","",""
"06163007","TENDE_SAPC",44.043167,7.586,636,2000021202,0.,1,"","","","","","","","","","","","","","","","","","","","","","","","","","","","","","","","","","",6.8,1,-4.3,1,4.8,1,"","",7.,1,"","","","","","","","","","","","","","","","","","","","",45,1,"","","","","","","","","","","","",4.4,1,"","","","","","","","","","","","","","","","","","","","","","","","","","","","","","","","","","","","","","","","","","","","","","","","","","","","","","","","","","","","","","","","","","","","","","","","","","","","","","","","","","","","","","","","","","","","","","","","","","","","","","","","","","","","","","","","","","","",""
"06163007","TENDE_SAPC",44.043167,7.586,636,2000021203,0.,1,"","","","","","","","","","","","","","","","","","","","","","","","","","","","","","","","","","",7.,1,-3.6,1,6.8,1,"","",7.1,1,"","","","","","","","","","","","","","","","","","","","",47,1,"","","","","","","","","","","","",4.7,1,"","","","","","","","","","","","","","","","","","","","","","","","","","","","","","","","","","","","","","","","","","","","","","","","","","","","","","","","","","","","","","","","","","","","","","","","","","","","","","","","","","","","","","","","","","","","","","","","","","","","","","","","","","","","","","","","","","","",""
"06163007","TENDE_SAPC",44.043167,7.586,636,2000021204,0.,1,"","","","","","","","","","","","","","","","","","","","","","","","","","","","","","","","","","",6.5,1,-3.2,1,6.5,1,"","",7.1,1,"","","","","","","","","","","","","","","","","","","","",50,1,"","","","","","","","","","","","",4.8,1,"","","","","","","","","","","","","","","","","","","","","","","","","","","","","","","","","","","","","","","","","","","","","","","","","","","","","","","","","","","","","","","","","","","","","","","","","","","","","","","","","","","","","","","","","","","","","","","","","","","","","","","","","","","","","","","","","","","",""
"06163007","TENDE_SAPC",44.043167,7.586,636,2000021205,0.,1,"","","","","","","","","","","","","","","","","","","","","","","","","","","","","","","","","","",6.1,1,-2.8,1,6.1,1,"","",6.4,1,"","","","","","","","","","","","","","","","","","","","",53,1,"","","","","","","","","","","","",5.,1,"","","","","","","","","","","","","","","","","","","","","","","","","","","","","","","","","","","","","","","","","","","","","","","","","","","","","","","","","","","","","","","","","","","","","","","","","","","","","","","","","","","","","","","","","","","","","","","","","","","","","","","","","","","","","","","","","","","",""
"06163007","TENDE_SAPC",44.043167,7.586,636,2000021206,0.,1,"","","","","","","","","","","","","","","","","","","","","","","","","","","","","","","","","","",6.1,1,-3.6,1,5.7,1,"","",6.2,1,"","","","","","","","","","","","","","","","","","","","",50,1,"","","","","","","","","","","","",4.7,1,"","","","","","","","","","","","","","","","","","","","","","","","","","","","","","","","","","","","","","","","","","","","","","","","","","","","","","","","","","","","","","","","","","","","","","","","","","","","","","","","","","","","","","","","","","","","","","","","","","","","","","","","","","","","","","","","","","","",""
"06163007","TENDE_SAPC",44.043167,7.586,636,2000021207,0.,1,"","","","","","","","","","","","","","","","","","","","","","","","","","","","","","","","","","",6.,1,-4.8,1,6.,1,"","",6.4,1,"","","","","","","","","","","","","","","","","","","","",46,1,"","","","","","","","","","","","",4.3,1,"","","","","","","","","","","","","","","","","","","","","","","","","","","","","","","","","","","","","","","","","","","","","","","","","","","","","","","","","","","","","","","","","","","","","","","","","","","","","","","","","","","","","","","","","","","","","","","","","","","","","","","","","","","","","","","","","","","",""
"06163007","TENDE_SAPC",44.043167,7.586,636,2000021208,0.,1,"","","","","","","","","","","","","","","","","","","","","","","","","","","","","","","","","","",6.8,1,-5.6,1,5.2,1,"","",6.8,1,"","","","","","","","","","","","","","","","","","","","",41,1,"","","","","","","","","","","","",4.,1,"","","","","","","","","","","","","","","","","","","","","","","","","","","","","","","","","","","","","","","","","","","","","","","","","","","","","","","","","","","","","","","","","","","","","","","","","","","","","","","","","","","","","","","","","","","","","","","","","","","","","","","","","","","","","","","","","","","",""
"06163007","TENDE_SAPC",44.043167,7.586,636,2000021209,0.,1,"","","","","","","","","","","","","","","","","","","","","","","","","","","","","","","","","","",7.3,1,-7.9,1,6.8,1,"","",7.3,1,"","","","","","","","","","","","","","","","","","","","",33,1,"","","","","","","","","","","","",3.4,1,"","","","","","","","","","","","","","","","","","","","","","","","","","","","","","","","","","","","","","","","","","","","","","","","","","","","","","","","","","","","","","","","","","","","","","","","","","","","","","","","","","","","","","","","","","","","","","","","","","","","","","","","","","","","","","","","","","","",""
"06163007","TENDE_SAPC",44.043167,7.586,636,2000021210,0.,1,"","","","","","","","","","","","","","","","","","","","","","","","","","","","","","","","","","",9.6,1,-7.6,1,7.2,1,"","",9.6,1,"","","","","","","","","","","","","","","","","","","","",29,1,"","","","","","","","","","","","",3.5,1,"","","","","","","","","","","","","","","","","","","","","","","","","","","","","","","","","","","","","","","","","","","","","","","","","","","","","","","","","","","","","","","","","","","","","","","","","","","","","","","","","","","","","","","","","","","","","","","","","","","","","","","","","","","","","","","","","","","",""
"06163007","TENDE_SAPC",44.043167,7.586,636,2000021211,0.,1,"","","","","","","","","","","","","","","","","","","","","","","","","","","","","","","","","","",11.4,1,-9.6,1,9.7,1,"","",11.4,1,"","","","","","","","","","","","","","","","","","","","",22,1,"","","","","","","","","","","","",3.,1,"","","","","","","","","","","","","","","","","","","","","","","","","","","","","","","","","","","","","","","","","","","","","","","","","","","","","","","","","","","","","","","","","","","","","","","","","","","","","","","","","","","","","","","","","","","","","","","","","","","","","","","","","","","","","","","","","","","",""
"06163007","TENDE_SAPC",44.043167,7.586,636,2000021212,0.,1,"","","","","","","","","","","","","","","","","","","","","","","","","","","","","","","","","","",12.6,1,-8.,1,11.6,1,"","",12.6,1,"","","","","","","","","","","","","","","","","","","","",23,1,"","","","","","","","","","","","",3.3,1,"","","","","","","","","","","","","","","","","","","","","","","","","","","","","","","","","","","","","","","","","","","","","","","","","","","","","","","","","","","","","","","","","","","","","","","","","","","","","","","","","","","","","","","","","","","","","","","","","","","","","","","","","","","","","","","","","","","",""
"06163007","TENDE_SAPC",44.043167,7.586,636,2000021213,0.,1,"","","","","","","","","","","","","","","","","","","","","","","","","","","","","","","","","","",11.7,1,-4.1,1,11.6,1,"","",13.4,1,"","","","","","","","","","","","","","","","","","","","",33,1,"","","","","","","","","","","","",4.5,1,"","","","","","","","","","","","","","","","","","","","","","","","","","","","","","","","","","","","","","","","","","","","","","","","","","","","","","","","","","","","","","","","","","","","","","","","","","","","","","","","","","","","","","","","","","","","","","","","","","","","","","","","","","","","","","","","","","","",""
"06163007","TENDE_SAPC",44.043167,7.586,636,2000021214,0.,1,"","","","","","","","","","","","","","","","","","","","","","","","","","","","","","","","","","",10.9,1,-2.5,1,10.8,1,"","",11.7,1,"","","","","","","","","","","","","","","","","","","","",39,1,"","","","","","","","","","","","",5.1,1,"","","","","","","","","","","","","","","","","","","","","","","","","","","","","","","","","","","","","","","","","","","","","","","","","","","","","","","","","","","","","","","","","","","","","","","","","","","","","","","","","","","","","","","","","","","","","","","","","","","","","","","","","","","","","","","","","","","",""
"06163007","TENDE_SAPC",44.043167,7.586,636,2000021215,0.,1,"","","","","","","","","","","","","","","","","","","","","","","","","","","","","","","","","","",9.4,1,-1.7,1,9.4,1,"","",10.8,1,"","","","","","","","","","","","","","","","","","","","",46,1,"","","","","","","","","","","","",5.4,1,"","","","","","","","","","","","","","","","","","","","","","","","","","","","","","","","","","","","","","","","","","","","","","","","","","","","","","","","","","","","","","","","","","","","","","","","","","","","","","","","","","","","","","","","","","","","","","","","","","","","","","","","","","","","","","","","","","","",""
"06163007","TENDE_SAPC",44.043167,7.586,636,2000021216,0.,1,"","","","","","","","","","","","","","","","","","","","","","","","","","","","","","","","","","",8.3,1,-1.,1,8.3,1,"","",9.4,1,"","","","","","","","","","","","","","","","","","","","",52,1,"","","","","","","","","","","","",5.7,1,"","","","","","","","","","","","","","","","","","","","","","","","","","","","","","","","","","","","","","","","","","","","","","","","","","","","","","","","","","","","","","","","","","","","","","","","","","","","","","","","","","","","","","","","","","","","","","","","","","","","","","","","","","","","","","","","","","","",""
"06163007","TENDE_SAPC",44.043167,7.586,636,2000021217,0.,1,"","","","","","","","","","","","","","","","","","","","","","","","","","","","","","","","","","",6.5,1,0.,1,6.5,1,"","",8.3,1,"","","","","","","","","","","","","","","","","","","","",63,1,"","","","","","","","","","","","",6.1,1,"","","","","","","","","","","","","","","","","","","","","","","","","","","","","","","","","","","","","","","","","","","","","","","","","","","","","","","","","","","","","","","","","","","","","","","","","","","","","","","","","","","","","","","","","","","","","","","","","","","","","","","","","","","","","","","","","","","",""
"06163007","TENDE_SAPC",44.043167,7.586,636,2000021218,0.,1,"","","","","","","","","","","","","","","","","","","","","","","","","","","","","","","","","","",3.9,1,-0.9,1,3.9,1,"","",6.5,1,"","","","","","","","","","","","","","","","","","","","",71,1,"","","","","","","","","","","","",5.7,1,"","","","","","","","","","","","","","","","","","","","","","","","","","","","","","","","","","","","","","","","","","","","","","","","","","","","","","","","","","","","","","","","","","","","","","","","","","","","","","","","","","","","","","","","","","","","","","","","","","","","","","","","","","","","","","","","","","","",""
"06163007","TENDE_SAPC",44.043167,7.586,636,2000021219,0.,1,"","","","","","","","","","","","","","","","","","","","","","","","","","","","","","","","","","",2.4,1,-1.8,1,2.4,1,"","",3.8,1,"","","","","","","","","","","","","","","","","","","","",74,1,"","","","","","","","","","","","",5.4,1,"","","","","","","","","","","","","","","","","","","","","","","","","","","","","","","","","","","","","","","","","","","","","","","","","","","","","","","","","","","","","","","","","","","","","","","","","","","","","","","","","","","","","","","","","","","","","","","","","","","","","","","","","","","","","","","","","","","",""
"06163007","TENDE_SAPC",44.043167,7.586,636,2000021220,0.,1,"","","","","","","","","","","","","","","","","","","","","","","","","","","","","","","","","","",2.,1,-2.,1,1.9,1,"","",2.4,1,"","","","","","","","","","","","","","","","","","","","",75,1,"","","","","","","","","","","","",5.3,1,"","","","","","","","","","","","","","","","","","","","","","","","","","","","","","","","","","","","","","","","","","","","","","","","","","","","","","","","","","","","","","","","","","","","","","","","","","","","","","","","","","","","","","","","","","","","","","","","","","","","","","","","","","","","","","","","","","","",""
"06163007","TENDE_SAPC",44.043167,7.586,636,2000021221,0.,1,"","","","","","","","","","","","","","","","","","","","","","","","","","","","","","","","","","",1.6,1,-2.5,1,1.5,1,"","",2.,1,"","","","","","","","","","","","","","","","","","","","",74,1,"","","","","","","","","","","","",5.1,1,"","","","","","","","","","","","","","","","","","","","","","","","","","","","","","","","","","","","","","","","","","","","","","","","","","","","","","","","","","","","","","","","","","","","","","","","","","","","","","","","","","","","","","","","","","","","","","","","","","","","","","","","","","","","","","","","","","","",""
"06163007","TENDE_SAPC",44.043167,7.586,636,2000021222,0.,1,"","","","","","","","","","","","","","","","","","","","","","","","","","","","","","","","","","",1.2,1,-2.9,1,1.2,1,"","",1.6,1,"","","","","","","","","","","","","","","","","","","","",74,1,"","","","","","","","","","","","",4.9,1,"","","","","","","","","","","","","","","","","","","","","","","","","","","","","","","","","","","","","","","","","","","","","","","","","","","","","","","","","","","","","","","","","","","","","","","","","","","","","","","","","","","","","","","","","","","","","","","","","","","","","","","","","","","","","","","","","","","",""
"06163007","TENDE_SAPC",44.043167,7.586,636,2000021223,0.,1,"","","","","","","","","","","","","","","","","","","","","","","","","","","","","","","","","","",1.1,1,-3.2,1,1.,1,"","",1.2,1,"","","","","","","","","","","","","","","","","","","","",73,1,"","","","","","","","","","","","",4.8,1,"","","","","","","","","","","","","","","","","","","","","","","","","","","","","","","","","","","","","","","","","","","","","","","","","","","","","","","","","","","","","","","","","","","","","","","","","","","","","","","","","","","","","","","","","","","","","","","","","","","","","","","","","","","","","","","","","","","",""
"06163007","TENDE_SAPC",44.043167,7.586,636,2000021300,0.,1,"","","","","","","","","","","","","","","","","","","","","","","","","","","","","","","","","","",0.2,1,-3.7,1,0.2,1,"","",1.1,1,"","","","","","","","","","","","","","","","","","","","",75,1,"","","","","","","","","","","","",4.7,1,"","","","","","","","","","","","","","","","","","","","","","","","","","","","","","","","","","","","","","","","","","","","","","","","","","","","","","","","","","","","","","","","","","","","","","","","","","","","","","","","","","","","","","","","","","","","","","","","","","","","","","","","","","","","","","","","","","","",""
"06163007","TENDE_SAPC",44.043167,7.586,636,2000021301,0.,1,"","","","","","","","","","","","","","","","","","","","","","","","","","","","","","","","","","",-0.1,1,-4.2,1,-0.1,1,"","",0.3,1,"","","","","","","","","","","","","","","","","","","","",74,1,"","","","","","","","","","","","",4.5,1,"","","","","","","","","","","","","","","","","","","","","","","","","","","","","","","","","","","","","","","","","","","","","","","","","","","","","","","","","","","","","","","","","","","","","","","","","","","","","","","","","","","","","","","","","","","","","","","","","","","","","","","","","","","","","","","","","","","",""
"06163007","TENDE_SAPC",44.043167,7.586,636,2000021302,0.,1,"","","","","","","","","","","","","","","","","","","","","","","","","","","","","","","","","","",-0.5,1,-4.9,1,-0.5,1,"","",-0.1,1,"","","","","","","","","","","","","","","","","","","","",72,1,"","","","","","","","","","","","",4.2,1,"","","","","","","","","","","","","","","","","","","","","","","","","","","","","","","","","","","","","","","","","","","","","","","","","","","","","","","","","","","","","","","","","","","","","","","","","","","","","","","","","","","","","","","","","","","","","","","","","","","","","","","","","","","","","","","","","","","",""
"06163007","TENDE_SAPC",44.043167,7.586,636,2000021303,0.,1,"","","","","","","","","","","","","","","","","","","","","","","","","","","","","","","","","","",-0.4,1,-5.8,1,-0.6,1,"","",-0.3,1,"","","","","","","","","","","","","","","","","","","","",67,1,"","","","","","","","","","","","",4.,1,"","","","","","","","","","","","","","","","","","","","","","","","","","","","","","","","","","","","","","","","","","","","","","","","","","","","","","","","","","","","","","","","","","","","","","","","","","","","","","","","","","","","","","","","","","","","","","","","","","","","","","","","","","","","","","","","","","","",""
"06163007","TENDE_SAPC",44.043167,7.586,636,2000021304,0.,1,"","","","","","","","","","","","","","","","","","","","","","","","","","","","","","","","","","",-0.5,1,-5.9,1,-0.6,1,"","",-0.3,1,"","","","","","","","","","","","","","","","","","","","",67,1,"","","","","","","","","","","","",3.9,1,"","","","","","","","","","","","","","","","","","","","","","","","","","","","","","","","","","","","","","","","","","","","","","","","","","","","","","","","","","","","","","","","","","","","","","","","","","","","","","","","","","","","","","","","","","","","","","","","","","","","","","","","","","","","","","","","","","","",""
"06163007","TENDE_SAPC",44.043167,7.586,636,2000021305,0.,1,"","","","","","","","","","","","","","","","","","","","","","","","","","","","","","","","","","",-0.4,1,-6.,1,-0.5,1,"","",-0.3,1,"","","","","","","","","","","","","","","","","","","","",66,1,"","","","","","","","","","","","",3.9,1,"","","","","","","","","","","","","","","","","","","","","","","","","","","","","","","","","","","","","","","","","","","","","","","","","","","","","","","","","","","","","","","","","","","","","","","","","","","","","","","","","","","","","","","","","","","","","","","","","","","","","","","","","","","","","","","","","","","",""
"06163007","TENDE_SAPC",44.043167,7.586,636,2000021306,0.,1,"","","","","","","","","","","","","","","","","","","","","","","","","","","","","","","","","","",0.2,1,-5.8,1,-0.4,1,"","",0.2,1,"","","","","","","","","","","","","","","","","","","","",64,1,"","","","","","","","","","","","",4.,1,"","","","","","","","","","","","","","","","","","","","","","","","","","","","","","","","","","","","","","","","","","","","","","","","","","","","","","","","","","","","","","","","","","","","","","","","","","","","","","","","","","","","","","","","","","","","","","","","","","","","","","","","","","","","","","","","","","","",""
"06163007","TENDE_SAPC",44.043167,7.586,636,2000021307,0.,1,"","","","","","","","","","","","","","","","","","","","","","","","","","","","","","","","","","",0.9,1,-6.,1,0.1,1,"","",0.9,1,"","","","","","","","","","","","","","","","","","","","",60,1,"","","","","","","","","","","","",3.9,1,"","","","","","","","","","","","","","","","","","","","","","","","","","","","","","","","","","","","","","","","","","","","","","","","","","","","","","","","","","","","","","","","","","","","","","","","","","","","","","","","","","","","","","","","","","","","","","","","","","","","","","","","","","","","","","","","","","","",""
"06163007","TENDE_SAPC",44.043167,7.586,636,2000021308,0.,1,"","","","","","","","","","","","","","","","","","","","","","","","","","","","","","","","","","",1.7,1,-6.2,1,0.9,1,"","",1.7,1,"","","","","","","","","","","","","","","","","","","","",56,1,"","","","","","","","","","","","",3.9,1,"","","","","","","","","","","","","","","","","","","","","","","","","","","","","","","","","","","","","","","","","","","","","","","","","","","","","","","","","","","","","","","","","","","","","","","","","","","","","","","","","","","","","","","","","","","","","","","","","","","","","","","","","","","","","","","","","","","",""
"06163007","TENDE_SAPC",44.043167,7.586,636,2000021309,0.,1,"","","","","","","","","","","","","","","","","","","","","","","","","","","","","","","","","","",3.7,1,-5.5,1,1.7,1,"","",3.7,1,"","","","","","","","","","","","","","","","","","","","",51,1,"","","","","","","","","","","","",4.1,1,"","","","","","","","","","","","","","","","","","","","","","","","","","","","","","","","","","","","","","","","","","","","","","","","","","","","","","","","","","","","","","","","","","","","","","","","","","","","","","","","","","","","","","","","","","","","","","","","","","","","","","","","","","","","","","","","","","","",""
"06163007","TENDE_SAPC",44.043167,7.586,636,2000021310,0.,1,"","","","","","","","","","","","","","","","","","","","","","","","","","","","","","","","","","",6.4,1,-5.3,1,3.7,1,"","",6.4,1,"","","","","","","","","","","","","","","","","","","","",43,1,"","","","","","","","","","","","",4.1,1,"","","","","","","","","","","","","","","","","","","","","","","","","","","","","","","","","","","","","","","","","","","","","","","","","","","","","","","","","","","","","","","","","","","","","","","","","","","","","","","","","","","","","","","","","","","","","","","","","","","","","","","","","","","","","","","","","","","",""
"06163007","TENDE_SAPC",44.043167,7.586,636,2000021311,0.,1,"","","","","","","","","","","","","","","","","","","","","","","","","","","","","","","","","","",9.9,1,-6.1,1,6.4,1,"","",9.9,1,"","","","","","","","","","","","","","","","","","","","",32,1,"","","","","","","","","","","","",3.9,1,"","","","","","","","","","","","","","","","","","","","","","","","","","","","","","","","","","","","","","","","","","","","","","","","","","","","","","","","","","","","","","","","","","","","","","","","","","","","","","","","","","","","","","","","","","","","","","","","","","","","","","","","","","","","","","","","","","","",""
"06163007","TENDE_SAPC",44.043167,7.586,636,2000021312,0.,1,"","","","","","","","","","","","","","","","","","","","","","","","","","","","","","","","","","",12.2,1,-4.9,1,10.,1,"","",12.4,1,"","","","","","","","","","","","","","","","","","","","",30,1,"","","","","","","","","","","","",4.3,1,"","","","","","","","","","","","","","","","","","","","","","","","","","","","","","","","","","","","","","","","","","","","","","","","","","","","","","","","","","","","","","","","","","","","","","","","","","","","","","","","","","","","","","","","","","","","","","","","","","","","","","","","","","","","","","","","","","","",""
"06163007","TENDE_SAPC",44.043167,7.586,636,2000021313,0.,1,"","","","","","","","","","","","","","","","","","","","","","","","","","","","","","","","","","",12.,1,-4.6,1,12.,1,"","",12.3,1,"","","","","","","","","","","","","","","","","","","","",31,1,"","","","","","","","","","","","",4.3,1,"","","","","","","","","","","","","","","","","","","","","","","","","","","","","","","","","","","","","","","","","","","","","","","","","","","","","","","","","","","","","","","","","","","","","","","","","","","","","","","","","","","","","","","","","","","","","","","","","","","","","","","","","","","","","","","","","","","",""
"06163007","TENDE_SAPC",44.043167,7.586,636,2000021314,0.,1,"","","","","","","","","","","","","","","","","","","","","","","","","","","","","","","","","","",12.3,1,-6.7,1,11.9,1,"","",12.3,1,"","","","","","","","","","","","","","","","","","","","",26,1,"","","","","","","","","","","","",3.7,1,"","","","","","","","","","","","","","","","","","","","","","","","","","","","","","","","","","","","","","","","","","","","","","","","","","","","","","","","","","","","","","","","","","","","","","","","","","","","","","","","","","","","","","","","","","","","","","","","","","","","","","","","","","","","","","","","","","","",""
"06163007","TENDE_SAPC",44.043167,7.586,636,2000021315,0.,1,"","","","","","","","","","","","","","","","","","","","","","","","","","","","","","","","","","",10.5,1,-0.9,1,10.5,1,"","",12.3,1,"","","","","","","","","","","","","","","","","","","","",45,1,"","","","","","","","","","","","",5.7,1,"","","","","","","","","","","","","","","","","","","","","","","","","","","","","","","","","","","","","","","","","","","","","","","","","","","","","","","","","","","","","","","","","","","","","","","","","","","","","","","","","","","","","","","","","","","","","","","","","","","","","","","","","","","","","","","","","","","",""
"06163007","TENDE_SAPC",44.043167,7.586,636,2000021316,0.,1,"","","","","","","","","","","","","","","","","","","","","","","","","","","","","","","","","","",8.9,1,-0.7,1,8.9,1,"","",10.4,1,"","","","","","","","","","","","","","","","","","","","",51,1,"","","","","","","","","","","","",5.8,1,"","","","","","","","","","","","","","","","","","","","","","","","","","","","","","","","","","","","","","","","","","","","","","","","","","","","","","","","","","","","","","","","","","","","","","","","","","","","","","","","","","","","","","","","","","","","","","","","","","","","","","","","","","","","","","","","","","","",""
"06163007","TENDE_SAPC",44.043167,7.586,636,2000021317,0.,1,"","","","","","","","","","","","","","","","","","","","","","","","","","","","","","","","","","",6.3,1,-1.4,1,6.3,1,"","",8.9,1,"","","","","","","","","","","","","","","","","","","","",58,1,"","","","","","","","","","","","",5.5,1,"","","","","","","","","","","","","","","","","","","","","","","","","","","","","","","","","","","","","","","","","","","","","","","","","","","","","","","","","","","","","","","","","","","","","","","","","","","","","","","","","","","","","","","","","","","","","","","","","","","","","","","","","","","","","","","","","","","",""
"06163007","TENDE_SAPC",44.043167,7.586,636,2000021318,0.,1,"","","","","","","","","","","","","","","","","","","","","","","","","","","","","","","","","","",3.6,1,-1.8,1,3.6,1,"","",6.2,1,"","","","","","","","","","","","","","","","","","","","",68,1,"","","","","","","","","","","","",5.4,1,"","","","","","","","","","","","","","","","","","","","","","","","","","","","","","","","","","","","","","","","","","","","","","","","","","","","","","","","","","","","","","","","","","","","","","","","","","","","","","","","","","","","","","","","","","","","","","","","","","","","","","","","","","","","","","","","","","","",""
"06163007","TENDE_SAPC",44.043167,7.586,636,2000021319,0.,1,"","","","","","","","","","","","","","","","","","","","","","","","","","","","","","","","","","",2.3,1,-2.,1,2.3,1,"","",3.6,1,"","","","","","","","","","","","","","","","","","","","",73,1,"","","","","","","","","","","","",5.3,1,"","","","","","","","","","","","","","","","","","","","","","","","","","","","","","","","","","","","","","","","","","","","","","","","","","","","","","","","","","","","","","","","","","","","","","","","","","","","","","","","","","","","","","","","","","","","","","","","","","","","","","","","","","","","","","","","","","","",""
"06163007","TENDE_SAPC",44.043167,7.586,636,2000021320,0.,1,"","","","","","","","","","","","","","","","","","","","","","","","","","","","","","","","","","",1.9,1,-3.2,1,1.9,1,"","",2.4,1,"","","","","","","","","","","","","","","","","","","","",69,1,"","","","","","","","","","","","",4.8,1,"","","","","","","","","","","","","","","","","","","","","","","","","","","","","","","","","","","","","","","","","","","","","","","","","","","","","","","","","","","","","","","","","","","","","","","","","","","","","","","","","","","","","","","","","","","","","","","","","","","","","","","","","","","","","","","","","","","",""
"06163007","TENDE_SAPC",44.043167,7.586,636,2000021321,0.,1,"","","","","","","","","","","","","","","","","","","","","","","","","","","","","","","","","","",1.4,1,-3.5,1,1.4,1,"","",2.1,1,"","","","","","","","","","","","","","","","","","","","",70,1,"","","","","","","","","","","","",4.7,1,"","","","","","","","","","","","","","","","","","","","","","","","","","","","","","","","","","","","","","","","","","","","","","","","","","","","","","","","","","","","","","","","","","","","","","","","","","","","","","","","","","","","","","","","","","","","","","","","","","","","","","","","","","","","","","","","","","","",""
"06163007","TENDE_SAPC",44.043167,7.586,636,2000021322,0.,1,"","","","","","","","","","","","","","","","","","","","","","","","","","","","","","","","","","",0.6,1,-3.7,1,0.6,1,"","",1.4,1,"","","","","","","","","","","","","","","","","","","","",73,1,"","","","","","","","","","","","",4.7,1,"","","","","","","","","","","","","","","","","","","","","","","","","","","","","","","","","","","","","","","","","","","","","","","","","","","","","","","","","","","","","","","","","","","","","","","","","","","","","","","","","","","","","","","","","","","","","","","","","","","","","","","","","","","","","","","","","","","",""
"06163007","TENDE_SAPC",44.043167,7.586,636,2000021323,0.,1,"","","","","","","","","","","","","","","","","","","","","","","","","","","","","","","","","","",-0.2,1,-4.3,1,-0.2,1,"","",0.6,1,"","","","","","","","","","","","","","","","","","","","",74,1,"","","","","","","","","","","","",4.5,1,"","","","","","","","","","","","","","","","","","","","","","","","","","","","","","","","","","","","","","","","","","","","","","","","","","","","","","","","","","","","","","","","","","","","","","","","","","","","","","","","","","","","","","","","","","","","","","","","","","","","","","","","","","","","","","","","","","","",""
"06163007","TENDE_SAPC",44.043167,7.586,636,2000021400,0.,1,"","","","","","","","","","","","","","","","","","","","","","","","","","","","","","","","","","",-0.7,1,-4.8,1,-0.7,1,"","",-0.2,1,"","","","","","","","","","","","","","","","","","","","",74,1,"","","","","","","","","","","","",4.3,1,"","","","","","","","","","","","","","","","","","","","","","","","","","","","","","","","","","","","","","","","","","","","","","","","","","","","","","","","","","","","","","","","","","","","","","","","","","","","","","","","","","","","","","","","","","","","","","","","","","","","","","","","","","","","","","","","","","","",""
"06163007","TENDE_SAPC",44.043167,7.586,636,2000021401,0.,1,"","","","","","","","","","","","","","","","","","","","","","","","","","","","","","","","","","",-0.7,1,-4.9,1,-0.7,1,"","",-0.5,1,"","","","","","","","","","","","","","","","","","","","",73,1,"","","","","","","","","","","","",4.2,1,"","","","","","","","","","","","","","","","","","","","","","","","","","","","","","","","","","","","","","","","","","","","","","","","","","","","","","","","","","","","","","","","","","","","","","","","","","","","","","","","","","","","","","","","","","","","","","","","","","","","","","","","","","","","","","","","","","","",""
"06163007","TENDE_SAPC",44.043167,7.586,636,2000021402,0.,1,"","","","","","","","","","","","","","","","","","","","","","","","","","","","","","","","","","",-0.6,1,-5.2,1,-0.9,1,"","",-0.6,1,"","","","","","","","","","","","","","","","","","","","",71,1,"","","","","","","","","","","","",4.2,1,"","","","","","","","","","","","","","","","","","","","","","","","","","","","","","","","","","","","","","","","","","","","","","","","","","","","","","","","","","","","","","","","","","","","","","","","","","","","","","","","","","","","","","","","","","","","","","","","","","","","","","","","","","","","","","","","","","","",""
"06163007","TENDE_SAPC",44.043167,7.586,636,2000021403,0.,1,"","","","","","","","","","","","","","","","","","","","","","","","","","","","","","","","","","",-0.8,1,-5.6,1,-0.8,1,"","",-0.5,1,"","","","","","","","","","","","","","","","","","","","",70,1,"","","","","","","","","","","","",4.,1,"","","","","","","","","","","","","","","","","","","","","","","","","","","","","","","","","","","","","","","","","","","","","","","","","","","","","","","","","","","","","","","","","","","","","","","","","","","","","","","","","","","","","","","","","","","","","","","","","","","","","","","","","","","","","","","","","","","",""
"06163007","TENDE_SAPC",44.043167,7.586,636,2000021404,0.,1,"","","","","","","","","","","","","","","","","","","","","","","","","","","","","","","","","","",-1.1,1,-5.3,1,-1.1,1,"","",-0.7,1,"","","","","","","","","","","","","","","","","","","","",73,1,"","","","","","","","","","","","",4.1,1,"","","","","","","","","","","","","","","","","","","","","","","","","","","","","","","","","","","","","","","","","","","","","","","","","","","","","","","","","","","","","","","","","","","","","","","","","","","","","","","","","","","","","","","","","","","","","","","","","","","","","","","","","","","","","","","","","","","",""
"06163007","TENDE_SAPC",44.043167,7.586,636,2000021405,0.,1,"","","","","","","","","","","","","","","","","","","","","","","","","","","","","","","","","","",-1.3,1,-5.3,1,-1.4,1,"","",-1.1,1,"","","","","","","","","","","","","","","","","","","","",74,1,"","","","","","","","","","","","",4.1,1,"","","","","","","","","","","","","","","","","","","","","","","","","","","","","","","","","","","","","","","","","","","","","","","","","","","","","","","","","","","","","","","","","","","","","","","","","","","","","","","","","","","","","","","","","","","","","","","","","","","","","","","","","","","","","","","","","","","",""
"06163007","TENDE_SAPC",44.043167,7.586,636,2000021406,0.,1,"","","","","","","","","","","","","","","","","","","","","","","","","","","","","","","","","","",-0.2,1,-5.,1,-1.3,1,"","",-0.1,1,"","","","","","","","","","","","","","","","","","","","",70,1,"","","","","","","","","","","","",4.2,1,"","","","","","","","","","","","","","","","","","","","","","","","","","","","","","","","","","","","","","","","","","","","","","","","","","","","","","","","","","","","","","","","","","","","","","","","","","","","","","","","","","","","","","","","","","","","","","","","","","","","","","","","","","","","","","","","","","","",""
"06163007","TENDE_SAPC",44.043167,7.586,636,2000021407,0.,1,"","","","","","","","","","","","","","","","","","","","","","","","","","","","","","","","","","",0.7,1,-4.7,1,-0.4,1,"","",0.7,1,"","","","","","","","","","","","","","","","","","","","",67,1,"","","","","","","","","","","","",4.3,1,"","","","","","","","","","","","","","","","","","","","","","","","","","","","","","","","","","","","","","","","","","","","","","","","","","","","","","","","","","","","","","","","","","","","","","","","","","","","","","","","","","","","","","","","","","","","","","","","","","","","","","","","","","","","","","","","","","","",""
"06163007","TENDE_SAPC",44.043167,7.586,636,2000021408,0.,1,"","","","","","","","","","","","","","","","","","","","","","","","","","","","","","","","","","",0.7,1,-4.7,1,0.5,1,"","",0.9,1,"","","","","","","","","","","","","","","","","","","","",67,1,"","","","","","","","","","","","",4.3,1,"","","","","","","","","","","","","","","","","","","","","","","","","","","","","","","","","","","","","","","","","","","","","","","","","","","","","","","","","","","","","","","","","","","","","","","","","","","","","","","","","","","","","","","","","","","","","","","","","","","","","","","","","","","","","","","","","","","",""
"06163007","TENDE_SAPC",44.043167,7.586,636,2000021409,0.,1,"","","","","","","","","","","","","","","","","","","","","","","","","","","","","","","","","","",0.3,1,-3.8,1,0.3,1,"","",0.7,1,"","","","","","","","","","","","","","","","","","","","",74,1,"","","","","","","","","","","","",4.6,1,"","","","","","","","","","","","","","","","","","","","","","","","","","","","","","","","","","","","","","","","","","","","","","","","","","","","","","","","","","","","","","","","","","","","","","","","","","","","","","","","","","","","","","","","","","","","","","","","","","","","","","","","","","","","","","","","","","","",""
"06163007","TENDE_SAPC",44.043167,7.586,636,2000021410,0.,1,"","","","","","","","","","","","","","","","","","","","","","","","","","","","","","","","","","",3.6,1,-4.6,1,0.2,1,"","",3.6,1,"","","","","","","","","","","","","","","","","","","","",55,1,"","","","","","","","","","","","",4.3,1,"","","","","","","","","","","","","","","","","","","","","","","","","","","","","","","","","","","","","","","","","","","","","","","","","","","","","","","","","","","","","","","","","","","","","","","","","","","","","","","","","","","","","","","","","","","","","","","","","","","","","","","","","","","","","","","","","","","",""
"06163007","TENDE_SAPC",44.043167,7.586,636,2000021411,0.,1,"","","","","","","","","","","","","","","","","","","","","","","","","","","","","","","","","","",11.3,1,-4.4,1,3.8,1,"","",11.3,1,"","","","","","","","","","","","","","","","","","","","",33,1,"","","","","","","","","","","","",4.4,1,"","","","","","","","","","","","","","","","","","","","","","","","","","","","","","","","","","","","","","","","","","","","","","","","","","","","","","","","","","","","","","","","","","","","","","","","","","","","","","","","","","","","","","","","","","","","","","","","","","","","","","","","","","","","","","","","","","","",""
"06163007","TENDE_SAPC",44.043167,7.586,636,2000021412,0.,1,"","","","","","","","","","","","","","","","","","","","","","","","","","","","","","","","","","",14.4,1,-3.4,1,11.4,1,"","",14.4,1,"","","","","","","","","","","","","","","","","","","","",29,1,"","","","","","","","","","","","",4.7,1,"","","","","","","","","","","","","","","","","","","","","","","","","","","","","","","","","","","","","","","","","","","","","","","","","","","","","","","","","","","","","","","","","","","","","","","","","","","","","","","","","","","","","","","","","","","","","","","","","","","","","","","","","","","","","","","","","","","",""
"06163007","TENDE_SAPC",44.043167,7.586,636,2000021413,0.,1,"","","","","","","","","","","","","","","","","","","","","","","","","","","","","","","","","","",14.9,1,-1.7,1,14.4,1,"","",15.1,1,"","","","","","","","","","","","","","","","","","","","",32,1,"","","","","","","","","","","","",5.4,1,"","","","","","","","","","","","","","","","","","","","","","","","","","","","","","","","","","","","","","","","","","","","","","","","","","","","","","","","","","","","","","","","","","","","","","","","","","","","","","","","","","","","","","","","","","","","","","","","","","","","","","","","","","","","","","","","","","","",""
"06163007","TENDE_SAPC",44.043167,7.586,636,2000021414,0.,1,"","","","","","","","","","","","","","","","","","","","","","","","","","","","","","","","","","",15.1,1,-0.3,1,14.8,1,"","",15.1,1,"","","","","","","","","","","","","","","","","","","","",35,1,"","","","","","","","","","","","",6.,1,"","","","","","","","","","","","","","","","","","","","","","","","","","","","","","","","","","","","","","","","","","","","","","","","","","","","","","","","","","","","","","","","","","","","","","","","","","","","","","","","","","","","","","","","","","","","","","","","","","","","","","","","","","","","","","","","","","","",""
"06163007","TENDE_SAPC",44.043167,7.586,636,2000021415,0.,1,"","","","","","","","","","","","","","","","","","","","","","","","","","","","","","","","","","",13.3,1,0.,1,13.3,1,"","",15.,1,"","","","","","","","","","","","","","","","","","","","",40,1,"","","","","","","","","","","","",6.1,1,"","","","","","","","","","","","","","","","","","","","","","","","","","","","","","","","","","","","","","","","","","","","","","","","","","","","","","","","","","","","","","","","","","","","","","","","","","","","","","","","","","","","","","","","","","","","","","","","","","","","","","","","","","","","","","","","","","","",""
"06163007","TENDE_SAPC",44.043167,7.586,636,2000021416,0.,1,"","","","","","","","","","","","","","","","","","","","","","","","","","","","","","","","","","",11.4,1,-0.4,1,11.4,1,"","",13.2,1,"","","","","","","","","","","","","","","","","","","","",44,1,"","","","","","","","","","","","",5.9,1,"","","","","","","","","","","","","","","","","","","","","","","","","","","","","","","","","","","","","","","","","","","","","","","","","","","","","","","","","","","","","","","","","","","","","","","","","","","","","","","","","","","","","","","","","","","","","","","","","","","","","","","","","","","","","","","","","","","",""
"06163007","TENDE_SAPC",44.043167,7.586,636,2000021417,0.,1,"","","","","","","","","","","","","","","","","","","","","","","","","","","","","","","","","","",6.7,1,-0.8,1,6.7,1,"","",11.3,1,"","","","","","","","","","","","","","","","","","","","",59,1,"","","","","","","","","","","","",5.8,1,"","","","","","","","","","","","","","","","","","","","","","","","","","","","","","","","","","","","","","","","","","","","","","","","","","","","","","","","","","","","","","","","","","","","","","","","","","","","","","","","","","","","","","","","","","","","","","","","","","","","","","","","","","","","","","","","","","","",""
"06163007","TENDE_SAPC",44.043167,7.586,636,2000021418,0.,1,"","","","","","","","","","","","","","","","","","","","","","","","","","","","","","","","","","",4.8,1,-1.,1,4.8,1,"","",6.6,1,"","","","","","","","","","","","","","","","","","","","",66,1,"","","","","","","","","","","","",5.7,1,"","","","","","","","","","","","","","","","","","","","","","","","","","","","","","","","","","","","","","","","","","","","","","","","","","","","","","","","","","","","","","","","","","","","","","","","","","","","","","","","","","","","","","","","","","","","","","","","","","","","","","","","","","","","","","","","","","","",""
"06163007","TENDE_SAPC",44.043167,7.586,636,2000021419,0.,1,"","","","","","","","","","","","","","","","","","","","","","","","","","","","","","","","","","",4.7,1,-1.5,1,4.6,1,"","",4.8,1,"","","","","","","","","","","","","","","","","","","","",64,1,"","","","","","","","","","","","",5.5,1,"","","","","","","","","","","","","","","","","","","","","","","","","","","","","","","","","","","","","","","","","","","","","","","","","","","","","","","","","","","","","","","","","","","","","","","","","","","","","","","","","","","","","","","","","","","","","","","","","","","","","","","","","","","","","","","","","","","",""
"06163007","TENDE_SAPC",44.043167,7.586,636,2000021420,0.,1,"","","","","","","","","","","","","","","","","","","","","","","","","","","","","","","","","","",3.9,1,-2.3,1,3.9,1,"","",4.7,1,"","","","","","","","","","","","","","","","","","","","",64,1,"","","","","","","","","","","","",5.2,1,"","","","","","","","","","","","","","","","","","","","","","","","","","","","","","","","","","","","","","","","","","","","","","","","","","","","","","","","","","","","","","","","","","","","","","","","","","","","","","","","","","","","","","","","","","","","","","","","","","","","","","","","","","","","","","","","","","","",""
"06163007","TENDE_SAPC",44.043167,7.586,636,2000021421,0.,1,"","","","","","","","","","","","","","","","","","","","","","","","","","","","","","","","","","",3.5,1,-2.7,1,3.5,1,"","",4.2,1,"","","","","","","","","","","","","","","","","","","","",64,1,"","","","","","","","","","","","",5.,1,"","","","","","","","","","","","","","","","","","","","","","","","","","","","","","","","","","","","","","","","","","","","","","","","","","","","","","","","","","","","","","","","","","","","","","","","","","","","","","","","","","","","","","","","","","","","","","","","","","","","","","","","","","","","","","","","","","","",""
"06163007","TENDE_SAPC",44.043167,7.586,636,2000021422,0.,1,"","","","","","","","","","","","","","","","","","","","","","","","","","","","","","","","","","",2.6,1,-3.1,1,2.6,1,"","",3.4,1,"","","","","","","","","","","","","","","","","","","","",66,1,"","","","","","","","","","","","",4.9,1,"","","","","","","","","","","","","","","","","","","","","","","","","","","","","","","","","","","","","","","","","","","","","","","","","","","","","","","","","","","","","","","","","","","","","","","","","","","","","","","","","","","","","","","","","","","","","","","","","","","","","","","","","","","","","","","","","","","",""
"06163007","TENDE_SAPC",44.043167,7.586,636,2000021423,0.,1,"","","","","","","","","","","","","","","","","","","","","","","","","","","","","","","","","","",1.6,1,-3.7,1,1.6,1,"","",2.6,1,"","","","","","","","","","","","","","","","","","","","",68,1,"","","","","","","","","","","","",4.7,1,"","","","","","","","","","","","","","","","","","","","","","","","","","","","","","","","","","","","","","","","","","","","","","","","","","","","","","","","","","","","","","","","","","","","","","","","","","","","","","","","","","","","","","","","","","","","","","","","","","","","","","","","","","","","","","","","","","","",""
"06163007","TENDE_SAPC",44.043167,7.586,636,2000021500,0.,1,"","","","","","","","","","","","","","","","","","","","","","","","","","","","","","","","","","",0.6,1,-4.1,1,0.6,1,"","",1.6,1,"","","","","","","","","","","","","","","","","","","","",71,1,"","","","","","","","","","","","",4.5,1,"","","","","","","","","","","","","","","","","","","","","","","","","","","","","","","","","","","","","","","","","","","","","","","","","","","","","","","","","","","","","","","","","","","","","","","","","","","","","","","","","","","","","","","","","","","","","","","","","","","","","","","","","","","","","","","","","","","",""
"06163007","TENDE_SAPC",44.043167,7.586,636,2000021501,0.,1,"","","","","","","","","","","","","","","","","","","","","","","","","","","","","","","","","","",0.3,1,-4.7,1,0.2,1,"","",0.6,1,"","","","","","","","","","","","","","","","","","","","",69,1,"","","","","","","","","","","","",4.3,1,"","","","","","","","","","","","","","","","","","","","","","","","","","","","","","","","","","","","","","","","","","","","","","","","","","","","","","","","","","","","","","","","","","","","","","","","","","","","","","","","","","","","","","","","","","","","","","","","","","","","","","","","","","","","","","","","","","","",""
"06163007","TENDE_SAPC",44.043167,7.586,636,2000021502,0.,1,"","","","","","","","","","","","","","","","","","","","","","","","","","","","","","","","","","",0.8,1,-5.5,1,0.1,1,"","",0.8,1,"","","","","","","","","","","","","","","","","","","","",63,1,"","","","","","","","","","","","",4.1,1,"","","","","","","","","","","","","","","","","","","","","","","","","","","","","","","","","","","","","","","","","","","","","","","","","","","","","","","","","","","","","","","","","","","","","","","","","","","","","","","","","","","","","","","","","","","","","","","","","","","","","","","","","","","","","","","","","","","",""
"06163007","TENDE_SAPC",44.043167,7.586,636,2000021503,0.,1,"","","","","","","","","","","","","","","","","","","","","","","","","","","","","","","","","","",1.2,1,-5.7,1,0.9,1,"","",1.6,1,"","","","","","","","","","","","","","","","","","","","",60,1,"","","","","","","","","","","","",4.,1,"","","","","","","","","","","","","","","","","","","","","","","","","","","","","","","","","","","","","","","","","","","","","","","","","","","","","","","","","","","","","","","","","","","","","","","","","","","","","","","","","","","","","","","","","","","","","","","","","","","","","","","","","","","","","","","","","","","",""
"06163007","TENDE_SAPC",44.043167,7.586,636,2000021504,0.,1,"","","","","","","","","","","","","","","","","","","","","","","","","","","","","","","","","","",0.9,1,-5.6,1,0.9,1,"","",1.3,1,"","","","","","","","","","","","","","","","","","","","",62,1,"","","","","","","","","","","","",4.,1,"","","","","","","","","","","","","","","","","","","","","","","","","","","","","","","","","","","","","","","","","","","","","","","","","","","","","","","","","","","","","","","","","","","","","","","","","","","","","","","","","","","","","","","","","","","","","","","","","","","","","","","","","","","","","","","","","","","",""
"06163007","TENDE_SAPC",44.043167,7.586,636,2000021505,0.,1,"","","","","","","","","","","","","","","","","","","","","","","","","","","","","","","","","","",1.1,1,-4.8,1,0.8,1,"","",1.1,1,"","","","","","","","","","","","","","","","","","","","",65,1,"","","","","","","","","","","","",4.3,1,"","","","","","","","","","","","","","","","","","","","","","","","","","","","","","","","","","","","","","","","","","","","","","","","","","","","","","","","","","","","","","","","","","","","","","","","","","","","","","","","","","","","","","","","","","","","","","","","","","","","","","","","","","","","","","","","","","","",""
"06163007","TENDE_SAPC",44.043167,7.586,636,2000021506,0.,1,"","","","","","","","","","","","","","","","","","","","","","","","","","","","","","","","","","",0.6,1,-5.2,1,0.6,1,"","",1.2,1,"","","","","","","","","","","","","","","","","","","","",65,1,"","","","","","","","","","","","",4.1,1,"","","","","","","","","","","","","","","","","","","","","","","","","","","","","","","","","","","","","","","","","","","","","","","","","","","","","","","","","","","","","","","","","","","","","","","","","","","","","","","","","","","","","","","","","","","","","","","","","","","","","","","","","","","","","","","","","","","",""
"06163007","TENDE_SAPC",44.043167,7.586,636,2000021507,0.,1,"","","","","","","","","","","","","","","","","","","","","","","","","","","","","","","","","","",0.,1,-5.4,1,-0.1,1,"","",0.6,1,"","","","","","","","","","","","","","","","","","","","",67,1,"","","","","","","","","","","","",4.1,1,"","","","","","","","","","","","","","","","","","","","","","","","","","","","","","","","","","","","","","","","","","","","","","","","","","","","","","","","","","","","","","","","","","","","","","","","","","","","","","","","","","","","","","","","","","","","","","","","","","","","","","","","","","","","","","","","","","","",""
"06163007","TENDE_SAPC",44.043167,7.586,636,2000021508,0.,1,"","","","","","","","","","","","","","","","","","","","","","","","","","","","","","","","","","",0.3,1,-5.5,1,0.,1,"","",0.3,1,"","","","","","","","","","","","","","","","","","","","",65,1,"","","","","","","","","","","","",4.1,1,"","","","","","","","","","","","","","","","","","","","","","","","","","","","","","","","","","","","","","","","","","","","","","","","","","","","","","","","","","","","","","","","","","","","","","","","","","","","","","","","","","","","","","","","","","","","","","","","","","","","","","","","","","","","","","","","","","","",""
"06163007","TENDE_SAPC",44.043167,7.586,636,2000021509,0.,1,"","","","","","","","","","","","","","","","","","","","","","","","","","","","","","","","","","",1.1,1,-5.2,1,0.4,1,"","",1.1,1,"","","","","","","","","","","","","","","","","","","","",63,1,"","","","","","","","","","","","",4.2,1,"","","","","","","","","","","","","","","","","","","","","","","","","","","","","","","","","","","","","","","","","","","","","","","","","","","","","","","","","","","","","","","","","","","","","","","","","","","","","","","","","","","","","","","","","","","","","","","","","","","","","","","","","","","","","","","","","","","",""
"06163007","TENDE_SAPC",44.043167,7.586,636,2000021510,0.,1,"","","","","","","","","","","","","","","","","","","","","","","","","","","","","","","","","","",5.5,1,-4.4,1,1.,1,"","",5.5,1,"","","","","","","","","","","","","","","","","","","","",49,1,"","","","","","","","","","","","",4.4,1,"","","","","","","","","","","","","","","","","","","","","","","","","","","","","","","","","","","","","","","","","","","","","","","","","","","","","","","","","","","","","","","","","","","","","","","","","","","","","","","","","","","","","","","","","","","","","","","","","","","","","","","","","","","","","","","","","","","",""
"06163007","TENDE_SAPC",44.043167,7.586,636,2000021511,0.,1,"","","","","","","","","","","","","","","","","","","","","","","","","","","","","","","","","","",11.2,1,0.,1,5.8,1,"","",11.2,1,"","","","","","","","","","","","","","","","","","","","",46,1,"","","","","","","","","","","","",6.1,1,"","","","","","","","","","","","","","","","","","","","","","","","","","","","","","","","","","","","","","","","","","","","","","","","","","","","","","","","","","","","","","","","","","","","","","","","","","","","","","","","","","","","","","","","","","","","","","","","","","","","","","","","","","","","","","","","","","","",""
"06163007","TENDE_SAPC",44.043167,7.586,636,2000021512,0.,1,"","","","","","","","","","","","","","","","","","","","","","","","","","","","","","","","","","",13.,1,0.4,1,11.2,1,"","",13.,1,"","","","","","","","","","","","","","","","","","","","",42,1,"","","","","","","","","","","","",6.3,1,"","","","","","","","","","","","","","","","","","","","","","","","","","","","","","","","","","","","","","","","","","","","","","","","","","","","","","","","","","","","","","","","","","","","","","","","","","","","","","","","","","","","","","","","","","","","","","","","","","","","","","","","","","","","","","","","","","","",""
"06163007","TENDE_SAPC",44.043167,7.586,636,2000021513,0.,1,"","","","","","","","","","","","","","","","","","","","","","","","","","","","","","","","","","",13.4,1,2.,1,13.,1,"","",13.5,1,"","","","","","","","","","","","","","","","","","","","",46,1,"","","","","","","","","","","","",7.1,1,"","","","","","","","","","","","","","","","","","","","","","","","","","","","","","","","","","","","","","","","","","","","","","","","","","","","","","","","","","","","","","","","","","","","","","","","","","","","","","","","","","","","","","","","","","","","","","","","","","","","","","","","","","","","","","","","","","","",""
"06163007","TENDE_SAPC",44.043167,7.586,636,2000021514,0.,1,"","","","","","","","","","","","","","","","","","","","","","","","","","","","","","","","","","",12.9,1,3.5,1,12.9,1,"","",13.5,1,"","","","","","","","","","","","","","","","","","","","",53,1,"","","","","","","","","","","","",7.9,1,"","","","","","","","","","","","","","","","","","","","","","","","","","","","","","","","","","","","","","","","","","","","","","","","","","","","","","","","","","","","","","","","","","","","","","","","","","","","","","","","","","","","","","","","","","","","","","","","","","","","","","","","","","","","","","","","","","","",""
"06163007","TENDE_SAPC",44.043167,7.586,636,2000021515,0.,1,"","","","","","","","","","","","","","","","","","","","","","","","","","","","","","","","","","",11.1,1,4.8,1,11.1,1,"","",13.,1,"","","","","","","","","","","","","","","","","","","","",65,1,"","","","","","","","","","","","",8.6,1,"","","","","","","","","","","","","","","","","","","","","","","","","","","","","","","","","","","","","","","","","","","","","","","","","","","","","","","","","","","","","","","","","","","","","","","","","","","","","","","","","","","","","","","","","","","","","","","","","","","","","","","","","","","","","","","","","","","",""
"06163007","TENDE_SAPC",44.043167,7.586,636,2000021516,0.,1,"","","","","","","","","","","","","","","","","","","","","","","","","","","","","","","","","","",9.5,1,5.1,1,9.5,1,"","",11.1,1,"","","","","","","","","","","","","","","","","","","","",74,1,"","","","","","","","","","","","",8.8,1,"","","","","","","","","","","","","","","","","","","","","","","","","","","","","","","","","","","","","","","","","","","","","","","","","","","","","","","","","","","","","","","","","","","","","","","","","","","","","","","","","","","","","","","","","","","","","","","","","","","","","","","","","","","","","","","","","","","",""
"06163007","TENDE_SAPC",44.043167,7.586,636,2000021517,0.,1,"","","","","","","","","","","","","","","","","","","","","","","","","","","","","","","","","","",8.5,1,5.1,1,8.5,1,"","",9.5,1,"","","","","","","","","","","","","","","","","","","","",79,1,"","","","","","","","","","","","",8.8,1,"","","","","","","","","","","","","","","","","","","","","","","","","","","","","","","","","","","","","","","","","","","","","","","","","","","","","","","","","","","","","","","","","","","","","","","","","","","","","","","","","","","","","","","","","","","","","","","","","","","","","","","","","","","","","","","","","","","",""
"06163007","TENDE_SAPC",44.043167,7.586,636,2000021518,0.,1,"","","","","","","","","","","","","","","","","","","","","","","","","","","","","","","","","","",7.,1,2.9,1,6.9,1,"","",8.5,1,"","","","","","","","","","","","","","","","","","","","",75,1,"","","","","","","","","","","","",7.5,1,"","","","","","","","","","","","","","","","","","","","","","","","","","","","","","","","","","","","","","","","","","","","","","","","","","","","","","","","","","","","","","","","","","","","","","","","","","","","","","","","","","","","","","","","","","","","","","","","","","","","","","","","","","","","","","","","","","","",""
"06163007","TENDE_SAPC",44.043167,7.586,636,2000021519,0.,1,"","","","","","","","","","","","","","","","","","","","","","","","","","","","","","","","","","",7.5,1,3.5,1,7.,1,"","",8.,1,"","","","","","","","","","","","","","","","","","","","",76,1,"","","","","","","","","","","","",7.9,1,"","","","","","","","","","","","","","","","","","","","","","","","","","","","","","","","","","","","","","","","","","","","","","","","","","","","","","","","","","","","","","","","","","","","","","","","","","","","","","","","","","","","","","","","","","","","","","","","","","","","","","","","","","","","","","","","","","","",""
"06163007","TENDE_SAPC",44.043167,7.586,636,2000021520,0.,1,"","","","","","","","","","","","","","","","","","","","","","","","","","","","","","","","","","",7.5,1,4.3,1,7.2,1,"","",7.6,1,"","","","","","","","","","","","","","","","","","","","",80,1,"","","","","","","","","","","","",8.3,1,"","","","","","","","","","","","","","","","","","","","","","","","","","","","","","","","","","","","","","","","","","","","","","","","","","","","","","","","","","","","","","","","","","","","","","","","","","","","","","","","","","","","","","","","","","","","","","","","","","","","","","","","","","","","","","","","","","","",""
"06163007","TENDE_SAPC",44.043167,7.586,636,2000021521,0.,1,"","","","","","","","","","","","","","","","","","","","","","","","","","","","","","","","","","",7.3,1,4.3,1,7.3,1,"","",7.5,1,"","","","","","","","","","","","","","","","","","","","",81,1,"","","","","","","","","","","","",8.3,1,"","","","","","","","","","","","","","","","","","","","","","","","","","","","","","","","","","","","","","","","","","","","","","","","","","","","","","","","","","","","","","","","","","","","","","","","","","","","","","","","","","","","","","","","","","","","","","","","","","","","","","","","","","","","","","","","","","","",""
"06163007","TENDE_SAPC",44.043167,7.586,636,2000021522,0.,1,"","","","","","","","","","","","","","","","","","","","","","","","","","","","","","","","","","",6.6,1,2.9,1,6.6,1,"","",7.3,1,"","","","","","","","","","","","","","","","","","","","",77,1,"","","","","","","","","","","","",7.5,1,"","","","","","","","","","","","","","","","","","","","","","","","","","","","","","","","","","","","","","","","","","","","","","","","","","","","","","","","","","","","","","","","","","","","","","","","","","","","","","","","","","","","","","","","","","","","","","","","","","","","","","","","","","","","","","","","","","","",""
"06163007","TENDE_SAPC",44.043167,7.586,636,2000021523,0.,1,"","","","","","","","","","","","","","","","","","","","","","","","","","","","","","","","","","",6.3,1,1.4,1,6.3,1,"","",6.6,1,"","","","","","","","","","","","","","","","","","","","",71,1,"","","","","","","","","","","","",6.8,1,"","","","","","","","","","","","","","","","","","","","","","","","","","","","","","","","","","","","","","","","","","","","","","","","","","","","","","","","","","","","","","","","","","","","","","","","","","","","","","","","","","","","","","","","","","","","","","","","","","","","","","","","","","","","","","","","","","","",""
"06163007","TENDE_SAPC",44.043167,7.586,636,2000021600,0.,1,"","","","","","","","","","","","","","","","","","","","","","","","","","","","","","","","","","",6.2,1,0.9,1,6.2,1,"","",6.4,1,"","","","","","","","","","","","","","","","","","","","",69,1,"","","","","","","","","","","","",6.5,1,"","","","","","","","","","","","","","","","","","","","","","","","","","","","","","","","","","","","","","","","","","","","","","","","","","","","","","","","","","","","","","","","","","","","","","","","","","","","","","","","","","","","","","","","","","","","","","","","","","","","","","","","","","","","","","","","","","","",""
"06163007","TENDE_SAPC",44.043167,7.586,636,2000021601,0.,1,"","","","","","","","","","","","","","","","","","","","","","","","","","","","","","","","","","",6.,1,0.1,1,6.,1,"","",6.2,1,"","","","","","","","","","","","","","","","","","","","",66,1,"","","","","","","","","","","","",6.2,1,"","","","","","","","","","","","","","","","","","","","","","","","","","","","","","","","","","","","","","","","","","","","","","","","","","","","","","","","","","","","","","","","","","","","","","","","","","","","","","","","","","","","","","","","","","","","","","","","","","","","","","","","","","","","","","","","","","","",""
"06163007","TENDE_SAPC",44.043167,7.586,636,2000021602,0.,1,"","","","","","","","","","","","","","","","","","","","","","","","","","","","","","","","","","",6.1,1,0.2,1,6.,1,"","",6.2,1,"","","","","","","","","","","","","","","","","","","","",66,1,"","","","","","","","","","","","",6.2,1,"","","","","","","","","","","","","","","","","","","","","","","","","","","","","","","","","","","","","","","","","","","","","","","","","","","","","","","","","","","","","","","","","","","","","","","","","","","","","","","","","","","","","","","","","","","","","","","","","","","","","","","","","","","","","","","","","","","",""
"06163007","TENDE_SAPC",44.043167,7.586,636,2000021603,0.,1,"","","","","","","","","","","","","","","","","","","","","","","","","","","","","","","","","","",6.,1,-0.3,1,5.9,1,"","",6.1,1,"","","","","","","","","","","","","","","","","","","","",64,1,"","","","","","","","","","","","",6.,1,"","","","","","","","","","","","","","","","","","","","","","","","","","","","","","","","","","","","","","","","","","","","","","","","","","","","","","","","","","","","","","","","","","","","","","","","","","","","","","","","","","","","","","","","","","","","","","","","","","","","","","","","","","","","","","","","","","","",""
"06163007","TENDE_SAPC",44.043167,7.586,636,2000021604,0.,1,"","","","","","","","","","","","","","","","","","","","","","","","","","","","","","","","","","",5.2,1,-1.1,1,5.2,1,"","",5.9,1,"","","","","","","","","","","","","","","","","","","","",64,1,"","","","","","","","","","","","",5.7,1,"","","","","","","","","","","","","","","","","","","","","","","","","","","","","","","","","","","","","","","","","","","","","","","","","","","","","","","","","","","","","","","","","","","","","","","","","","","","","","","","","","","","","","","","","","","","","","","","","","","","","","","","","","","","","","","","","","","",""
"06163007","TENDE_SAPC",44.043167,7.586,636,2000021605,0.,1,"","","","","","","","","","","","","","","","","","","","","","","","","","","","","","","","","","",3.1,1,-1.1,1,3.1,1,"","",5.2,1,"","","","","","","","","","","","","","","","","","","","",74,1,"","","","","","","","","","","","",5.6,1,"","","","","","","","","","","","","","","","","","","","","","","","","","","","","","","","","","","","","","","","","","","","","","","","","","","","","","","","","","","","","","","","","","","","","","","","","","","","","","","","","","","","","","","","","","","","","","","","","","","","","","","","","","","","","","","","","","","",""
"06163007","TENDE_SAPC",44.043167,7.586,636,2000021606,0.,1,"","","","","","","","","","","","","","","","","","","","","","","","","","","","","","","","","","",2.8,1,-1.,1,2.5,1,"","",3.1,1,"","","","","","","","","","","","","","","","","","","","",76,1,"","","","","","","","","","","","",5.7,1,"","","","","","","","","","","","","","","","","","","","","","","","","","","","","","","","","","","","","","","","","","","","","","","","","","","","","","","","","","","","","","","","","","","","","","","","","","","","","","","","","","","","","","","","","","","","","","","","","","","","","","","","","","","","","","","","","","","",""
"06163007","TENDE_SAPC",44.043167,7.586,636,2000021607,0.,1,"","","","","","","","","","","","","","","","","","","","","","","","","","","","","","","","","","",2.4,1,-1.4,1,2.4,1,"","",2.9,1,"","","","","","","","","","","","","","","","","","","","",76,1,"","","","","","","","","","","","",5.5,1,"","","","","","","","","","","","","","","","","","","","","","","","","","","","","","","","","","","","","","","","","","","","","","","","","","","","","","","","","","","","","","","","","","","","","","","","","","","","","","","","","","","","","","","","","","","","","","","","","","","","","","","","","","","","","","","","","","","",""
"06163007","TENDE_SAPC",44.043167,7.586,636,2000021608,0.,1,"","","","","","","","","","","","","","","","","","","","","","","","","","","","","","","","","","",3.4,1,-1.4,1,2.4,1,"","",3.4,1,"","","","","","","","","","","","","","","","","","","","",71,1,"","","","","","","","","","","","",5.5,1,"","","","","","","","","","","","","","","","","","","","","","","","","","","","","","","","","","","","","","","","","","","","","","","","","","","","","","","","","","","","","","","","","","","","","","","","","","","","","","","","","","","","","","","","","","","","","","","","","","","","","","","","","","","","","","","","","","","",""
"06163007","TENDE_SAPC",44.043167,7.586,636,2000021609,0.,1,"","","","","","","","","","","","","","","","","","","","","","","","","","","","","","","","","","",3.9,1,-0.7,1,3.4,1,"","",3.9,1,"","","","","","","","","","","","","","","","","","","","",72,1,"","","","","","","","","","","","",5.8,1,"","","","","","","","","","","","","","","","","","","","","","","","","","","","","","","","","","","","","","","","","","","","","","","","","","","","","","","","","","","","","","","","","","","","","","","","","","","","","","","","","","","","","","","","","","","","","","","","","","","","","","","","","","","","","","","","","","","",""
"06163007","TENDE_SAPC",44.043167,7.586,636,2000021610,0.,1,"","","","","","","","","","","","","","","","","","","","","","","","","","","","","","","","","","",6.6,1,-1.6,1,3.9,1,"","",6.6,1,"","","","","","","","","","","","","","","","","","","","",56,1,"","","","","","","","","","","","",5.5,1,"","","","","","","","","","","","","","","","","","","","","","","","","","","","","","","","","","","","","","","","","","","","","","","","","","","","","","","","","","","","","","","","","","","","","","","","","","","","","","","","","","","","","","","","","","","","","","","","","","","","","","","","","","","","","","","","","","","",""
"06163007","TENDE_SAPC",44.043167,7.586,636,2000021611,0.,1,"","","","","","","","","","","","","","","","","","","","","","","","","","","","","","","","","","",10.6,1,-1.5,1,6.7,1,"","",10.6,1,"","","","","","","","","","","","","","","","","","","","",43,1,"","","","","","","","","","","","",5.5,1,"","","","","","","","","","","","","","","","","","","","","","","","","","","","","","","","","","","","","","","","","","","","","","","","","","","","","","","","","","","","","","","","","","","","","","","","","","","","","","","","","","","","","","","","","","","","","","","","","","","","","","","","","","","","","","","","","","","",""
"06163007","TENDE_SAPC",44.043167,7.586,636,2000021612,0.,1,"","","","","","","","","","","","","","","","","","","","","","","","","","","","","","","","","","",12.5,1,-1.5,1,10.7,1,"","",12.5,1,"","","","","","","","","","","","","","","","","","","","",38,1,"","","","","","","","","","","","",5.5,1,"","","","","","","","","","","","","","","","","","","","","","","","","","","","","","","","","","","","","","","","","","","","","","","","","","","","","","","","","","","","","","","","","","","","","","","","","","","","","","","","","","","","","","","","","","","","","","","","","","","","","","","","","","","","","","","","","","","",""
"06163007","TENDE_SAPC",44.043167,7.586,636,2000021613,0.,1,"","","","","","","","","","","","","","","","","","","","","","","","","","","","","","","","","","",13.7,1,-1.9,1,12.6,1,"","",14.3,1,"","","","","","","","","","","","","","","","","","","","",34,1,"","","","","","","","","","","","",5.3,1,"","","","","","","","","","","","","","","","","","","","","","","","","","","","","","","","","","","","","","","","","","","","","","","","","","","","","","","","","","","","","","","","","","","","","","","","","","","","","","","","","","","","","","","","","","","","","","","","","","","","","","","","","","","","","","","","","","","",""
"06163007","TENDE_SAPC",44.043167,7.586,636,2000021614,0.,1,"","","","","","","","","","","","","","","","","","","","","","","","","","","","","","","","","","",11.1,1,-5.9,1,10.8,1,"","",13.6,1,"","","","","","","","","","","","","","","","","","","","",30,1,"","","","","","","","","","","","",4.,1,"","","","","","","","","","","","","","","","","","","","","","","","","","","","","","","","","","","","","","","","","","","","","","","","","","","","","","","","","","","","","","","","","","","","","","","","","","","","","","","","","","","","","","","","","","","","","","","","","","","","","","","","","","","","","","","","","","","",""
"06163007","TENDE_SAPC",44.043167,7.586,636,2000021615,0.,1,"","","","","","","","","","","","","","","","","","","","","","","","","","","","","","","","","","",11.5,1,-13.5,1,11.1,1,"","",12.5,1,"","","","","","","","","","","","","","","","","","","","",16,1,"","","","","","","","","","","","",2.2,1,"","","","","","","","","","","","","","","","","","","","","","","","","","","","","","","","","","","","","","","","","","","","","","","","","","","","","","","","","","","","","","","","","","","","","","","","","","","","","","","","","","","","","","","","","","","","","","","","","","","","","","","","","","","","","","","","","","","",""
"06163007","TENDE_SAPC",44.043167,7.586,636,2000021616,0.,1,"","","","","","","","","","","","","","","","","","","","","","","","","","","","","","","","","","",10.3,1,-14.5,1,10.3,1,"","",11.5,1,"","","","","","","","","","","","","","","","","","","","",16,1,"","","","","","","","","","","","",2.,1,"","","","","","","","","","","","","","","","","","","","","","","","","","","","","","","","","","","","","","","","","","","","","","","","","","","","","","","","","","","","","","","","","","","","","","","","","","","","","","","","","","","","","","","","","","","","","","","","","","","","","","","","","","","","","","","","","","","",""
"06163007","TENDE_SAPC",44.043167,7.586,636,2000021617,0.,1,"","","","","","","","","","","","","","","","","","","","","","","","","","","","","","","","","","",6.1,1,-9.4,1,6.1,1,"","",10.3,1,"","","","","","","","","","","","","","","","","","","","",32,1,"","","","","","","","","","","","",3.,1,"","","","","","","","","","","","","","","","","","","","","","","","","","","","","","","","","","","","","","","","","","","","","","","","","","","","","","","","","","","","","","","","","","","","","","","","","","","","","","","","","","","","","","","","","","","","","","","","","","","","","","","","","","","","","","","","","","","",""
"06163007","TENDE_SAPC",44.043167,7.586,636,2000021618,0.,1,"","","","","","","","","","","","","","","","","","","","","","","","","","","","","","","","","","",4.2,1,-9.2,1,4.2,1,"","",5.9,1,"","","","","","","","","","","","","","","","","","","","",37,1,"","","","","","","","","","","","",3.1,1,"","","","","","","","","","","","","","","","","","","","","","","","","","","","","","","","","","","","","","","","","","","","","","","","","","","","","","","","","","","","","","","","","","","","","","","","","","","","","","","","","","","","","","","","","","","","","","","","","","","","","","","","","","","","","","","","","","","",""
"06163007","TENDE_SAPC",44.043167,7.586,636,2000021619,0.,1,"","","","","","","","","","","","","","","","","","","","","","","","","","","","","","","","","","",2.7,1,-9.3,1,2.7,1,"","",4.2,1,"","","","","","","","","","","","","","","","","","","","",41,1,"","","","","","","","","","","","",3.,1,"","","","","","","","","","","","","","","","","","","","","","","","","","","","","","","","","","","","","","","","","","","","","","","","","","","","","","","","","","","","","","","","","","","","","","","","","","","","","","","","","","","","","","","","","","","","","","","","","","","","","","","","","","","","","","","","","","","",""
"06163007","TENDE_SAPC",44.043167,7.586,636,2000021620,0.,1,"","","","","","","","","","","","","","","","","","","","","","","","","","","","","","","","","","",1.8,1,-10.7,1,1.8,1,"","",2.7,1,"","","","","","","","","","","","","","","","","","","","",39,1,"","","","","","","","","","","","",2.7,1,"","","","","","","","","","","","","","","","","","","","","","","","","","","","","","","","","","","","","","","","","","","","","","","","","","","","","","","","","","","","","","","","","","","","","","","","","","","","","","","","","","","","","","","","","","","","","","","","","","","","","","","","","","","","","","","","","","","",""
"06163007","TENDE_SAPC",44.043167,7.586,636,2000021621,0.,1,"","","","","","","","","","","","","","","","","","","","","","","","","","","","","","","","","","",1.1,1,-9.8,1,1.1,1,"","",1.8,1,"","","","","","","","","","","","","","","","","","","","",44,1,"","","","","","","","","","","","",2.9,1,"","","","","","","","","","","","","","","","","","","","","","","","","","","","","","","","","","","","","","","","","","","","","","","","","","","","","","","","","","","","","","","","","","","","","","","","","","","","","","","","","","","","","","","","","","","","","","","","","","","","","","","","","","","","","","","","","","","",""
"06163007","TENDE_SAPC",44.043167,7.586,636,2000021622,0.,1,"","","","","","","","","","","","","","","","","","","","","","","","","","","","","","","","","","",0.1,1,-9.9,1,0.,1,"","",1.1,1,"","","","","","","","","","","","","","","","","","","","",47,1,"","","","","","","","","","","","",2.9,1,"","","","","","","","","","","","","","","","","","","","","","","","","","","","","","","","","","","","","","","","","","","","","","","","","","","","","","","","","","","","","","","","","","","","","","","","","","","","","","","","","","","","","","","","","","","","","","","","","","","","","","","","","","","","","","","","","","","",""
"06163007","TENDE_SAPC",44.043167,7.586,636,2000021623,0.,1,"","","","","","","","","","","","","","","","","","","","","","","","","","","","","","","","","","",0.5,1,-9.5,1,-0.3,1,"","",0.5,1,"","","","","","","","","","","","","","","","","","","","",47,1,"","","","","","","","","","","","",3.,1,"","","","","","","","","","","","","","","","","","","","","","","","","","","","","","","","","","","","","","","","","","","","","","","","","","","","","","","","","","","","","","","","","","","","","","","","","","","","","","","","","","","","","","","","","","","","","","","","","","","","","","","","","","","","","","","","","","","",""
"06163007","TENDE_SAPC",44.043167,7.586,636,2000021700,0.,1,"","","","","","","","","","","","","","","","","","","","","","","","","","","","","","","","","","",4.8,1,-11.8,1,0.5,1,"","",4.8,1,"","","","","","","","","","","","","","","","","","","","",29,1,"","","","","","","","","","","","",2.5,1,"","","","","","","","","","","","","","","","","","","","","","","","","","","","","","","","","","","","","","","","","","","","","","","","","","","","","","","","","","","","","","","","","","","","","","","","","","","","","","","","","","","","","","","","","","","","","","","","","","","","","","","","","","","","","","","","","","","",""
"06163007","TENDE_SAPC",44.043167,7.586,636,2000021701,0.,1,"","","","","","","","","","","","","","","","","","","","","","","","","","","","","","","","","","",2.1,1,-10.4,1,2.,1,"","",4.9,1,"","","","","","","","","","","","","","","","","","","","",39,1,"","","","","","","","","","","","",2.8,1,"","","","","","","","","","","","","","","","","","","","","","","","","","","","","","","","","","","","","","","","","","","","","","","","","","","","","","","","","","","","","","","","","","","","","","","","","","","","","","","","","","","","","","","","","","","","","","","","","","","","","","","","","","","","","","","","","","","",""
"06163007","TENDE_SAPC",44.043167,7.586,636,2000021702,0.,1,"","","","","","","","","","","","","","","","","","","","","","","","","","","","","","","","","","",3.9,1,-13.4,1,2.1,1,"","",4.8,1,"","","","","","","","","","","","","","","","","","","","",27,1,"","","","","","","","","","","","",2.2,1,"","","","","","","","","","","","","","","","","","","","","","","","","","","","","","","","","","","","","","","","","","","","","","","","","","","","","","","","","","","","","","","","","","","","","","","","","","","","","","","","","","","","","","","","","","","","","","","","","","","","","","","","","","","","","","","","","","","",""
"06163007","TENDE_SAPC",44.043167,7.586,636,2000021703,0.,1,"","","","","","","","","","","","","","","","","","","","","","","","","","","","","","","","","","",4.2,1,-17.4,1,3.9,1,"","",4.8,1,"","","","","","","","","","","","","","","","","","","","",19,1,"","","","","","","","","","","","",1.6,1,"","","","","","","","","","","","","","","","","","","","","","","","","","","","","","","","","","","","","","","","","","","","","","","","","","","","","","","","","","","","","","","","","","","","","","","","","","","","","","","","","","","","","","","","","","","","","","","","","","","","","","","","","","","","","","","","","","","",""
"06163007","TENDE_SAPC",44.043167,7.586,636,2000021704,0.,1,"","","","","","","","","","","","","","","","","","","","","","","","","","","","","","","","","","",4.4,1,-17.3,1,4.1,1,"","",4.7,1,"","","","","","","","","","","","","","","","","","","","",19,1,"","","","","","","","","","","","",1.6,1,"","","","","","","","","","","","","","","","","","","","","","","","","","","","","","","","","","","","","","","","","","","","","","","","","","","","","","","","","","","","","","","","","","","","","","","","","","","","","","","","","","","","","","","","","","","","","","","","","","","","","","","","","","","","","","","","","","","",""
"06163007","TENDE_SAPC",44.043167,7.586,636,2000021705,0.,1,"","","","","","","","","","","","","","","","","","","","","","","","","","","","","","","","","","",1.2,1,-15.3,1,1.2,1,"","",4.4,1,"","","","","","","","","","","","","","","","","","","","",28,1,"","","","","","","","","","","","",1.9,1,"","","","","","","","","","","","","","","","","","","","","","","","","","","","","","","","","","","","","","","","","","","","","","","","","","","","","","","","","","","","","","","","","","","","","","","","","","","","","","","","","","","","","","","","","","","","","","","","","","","","","","","","","","","","","","","","","","","",""
"06163007","TENDE_SAPC",44.043167,7.586,636,2000021706,0.,1,"","","","","","","","","","","","","","","","","","","","","","","","","","","","","","","","","","",-1.3,1,-13.5,1,-1.3,1,"","",1.1,1,"","","","","","","","","","","","","","","","","","","","",39,1,"","","","","","","","","","","","",2.2,1,"","","","","","","","","","","","","","","","","","","","","","","","","","","","","","","","","","","","","","","","","","","","","","","","","","","","","","","","","","","","","","","","","","","","","","","","","","","","","","","","","","","","","","","","","","","","","","","","","","","","","","","","","","","","","","","","","","","",""
"06163007","TENDE_SAPC",44.043167,7.586,636,2000021707,0.,1,"","","","","","","","","","","","","","","","","","","","","","","","","","","","","","","","","","",-2.1,1,-15.2,1,-2.1,1,"","",-1.3,1,"","","","","","","","","","","","","","","","","","","","",36,1,"","","","","","","","","","","","",1.9,1,"","","","","","","","","","","","","","","","","","","","","","","","","","","","","","","","","","","","","","","","","","","","","","","","","","","","","","","","","","","","","","","","","","","","","","","","","","","","","","","","","","","","","","","","","","","","","","","","","","","","","","","","","","","","","","","","","","","",""
"06163007","TENDE_SAPC",44.043167,7.586,636,2000021708,0.,1,"","","","","","","","","","","","","","","","","","","","","","","","","","","","","","","","","","",-2.1,1,-15.2,1,-2.2,1,"","",-2.,1,"","","","","","","","","","","","","","","","","","","","",36,1,"","","","","","","","","","","","",1.9,1,"","","","","","","","","","","","","","","","","","","","","","","","","","","","","","","","","","","","","","","","","","","","","","","","","","","","","","","","","","","","","","","","","","","","","","","","","","","","","","","","","","","","","","","","","","","","","","","","","","","","","","","","","","","","","","","","","","","",""
"06163007","TENDE_SAPC",44.043167,7.586,636,2000021709,0.,1,"","","","","","","","","","","","","","","","","","","","","","","","","","","","","","","","","","",-1.9,1,-14.7,1,-2.2,1,"","",-1.9,1,"","","","","","","","","","","","","","","","","","","","",37,1,"","","","","","","","","","","","",2.,1,"","","","","","","","","","","","","","","","","","","","","","","","","","","","","","","","","","","","","","","","","","","","","","","","","","","","","","","","","","","","","","","","","","","","","","","","","","","","","","","","","","","","","","","","","","","","","","","","","","","","","","","","","","","","","","","","","","","",""
"06163007","TENDE_SAPC",44.043167,7.586,636,2000021710,0.,1,"","","","","","","","","","","","","","","","","","","","","","","","","","","","","","","","","","",4.1,1,-15.2,1,-1.9,1,"","",4.1,1,"","","","","","","","","","","","","","","","","","","","",23,1,"","","","","","","","","","","","",1.9,1,"","","","","","","","","","","","","","","","","","","","","","","","","","","","","","","","","","","","","","","","","","","","","","","","","","","","","","","","","","","","","","","","","","","","","","","","","","","","","","","","","","","","","","","","","","","","","","","","","","","","","","","","","","","","","","","","","","","",""
"06163007","TENDE_SAPC",44.043167,7.586,636,2000021711,0.,1,"","","","","","","","","","","","","","","","","","","","","","","","","","","","","","","","","","",8.2,1,"","",4.,1,"","",8.2,1,"","","","","","","","","","","","","","","","","","","","","","","","","","","","","","","","","","","","","","","","","","","","","","","","","","","","","","","","","","","","","","","","","","","","","","","","","","","","","","","","","","","","","","","","","","","","","","","","","","","","","","","","","","","","","","","","","","","","","","","","","","","","","","","","","","","","","","","","","","","","","","","","","","","","","","","",""
"06163007","TENDE_SAPC",44.043167,7.586,636,2000021712,0.,1,"","","","","","","","","","","","","","","","","","","","","","","","","","","","","","","","","","",9.5,1,"","",8.3,1,"","",9.8,1,"","","","","","","","","","","","","","","","","","","","","","","","","","","","","","","","","","","","","","","","","","","","","","","","","","","","","","","","","","","","","","","","","","","","","","","","","","","","","","","","","","","","","","","","","","","","","","","","","","","","","","","","","","","","","","","","","","","","","","","","","","","","","","","","","","","","","","","","","","","","","","","","","","","","","","","",""
"06163007","TENDE_SAPC",44.043167,7.586,636,2000021713,0.,1,"","","","","","","","","","","","","","","","","","","","","","","","","","","","","","","","","","",9.,1,"","",8.8,1,"","",9.7,1,"","","","","","","","","","","","","","","","","","","","","","","","","","","","","","","","","","","","","","","","","","","","","","","","","","","","","","","","","","","","","","","","","","","","","","","","","","","","","","","","","","","","","","","","","","","","","","","","","","","","","","","","","","","","","","","","","","","","","","","","","","","","","","","","","","","","","","","","","","","","","","","","","","","","","","","",""
"06163007","TENDE_SAPC",44.043167,7.586,636,2000021714,0.,1,"","","","","","","","","","","","","","","","","","","","","","","","","","","","","","","","","","",9.3,1,"","",8.9,1,"","",9.4,1,"","","","","","","","","","","","","","","","","","","","","","","","","","","","","","","","","","","","","","","","","","","","","","","","","","","","","","","","","","","","","","","","","","","","","","","","","","","","","","","","","","","","","","","","","","","","","","","","","","","","","","","","","","","","","","","","","","","","","","","","","","","","","","","","","","","","","","","","","","","","","","","","","","","","","","","",""
"06163007","TENDE_SAPC",44.043167,7.586,636,2000021715,0.,1,"","","","","","","","","","","","","","","","","","","","","","","","","","","","","","","","","","",8.2,1,"","",8.2,1,"","",9.3,1,"","","","","","","","","","","","","","","","","","","","","","","","","","","","","","","","","","","","","","","","","","","","","","","","","","","","","","","","","","","","","","","","","","","","","","","","","","","","","","","","","","","","","","","","","","","","","","","","","","","","","","","","","","","","","","","","","","","","","","","","","","","","","","","","","","","","","","","","","","","","","","","","","","","","","","","",""
"06163007","TENDE_SAPC",44.043167,7.586,636,2000021716,0.,1,"","","","","","","","","","","","","","","","","","","","","","","","","","","","","","","","","","",7.2,1,-16.3,1,7.2,1,"","",8.2,1,"","","","","","","","","","","","","","","","","","","","",17,1,"","","","","","","","","","","","",1.7,1,"","","","","","","","","","","","","","","","","","","","","","","","","","","","","","","","","","","","","","","","","","","","","","","","","","","","","","","","","","","","","","","","","","","","","","","","","","","","","","","","","","","","","","","","","","","","","","","","","","","","","","","","","","","","","","","","","","","",""
"06163007","TENDE_SAPC",44.043167,7.586,636,2000021717,0.,1,"","","","","","","","","","","","","","","","","","","","","","","","","","","","","","","","","","",6.4,1,-15.6,1,6.4,1,"","",7.2,1,"","","","","","","","","","","","","","","","","","","","",19,1,"","","","","","","","","","","","",1.8,1,"","","","","","","","","","","","","","","","","","","","","","","","","","","","","","","","","","","","","","","","","","","","","","","","","","","","","","","","","","","","","","","","","","","","","","","","","","","","","","","","","","","","","","","","","","","","","","","","","","","","","","","","","","","","","","","","","","","",""
"06163007","TENDE_SAPC",44.043167,7.586,636,2000021718,0.,1,"","","","","","","","","","","","","","","","","","","","","","","","","","","","","","","","","","",5.3,1,-15.3,1,5.3,1,"","",6.3,1,"","","","","","","","","","","","","","","","","","","","",21,1,"","","","","","","","","","","","",1.9,1,"","","","","","","","","","","","","","","","","","","","","","","","","","","","","","","","","","","","","","","","","","","","","","","","","","","","","","","","","","","","","","","","","","","","","","","","","","","","","","","","","","","","","","","","","","","","","","","","","","","","","","","","","","","","","","","","","","","",""
"06163007","TENDE_SAPC",44.043167,7.586,636,2000021719,0.,1,"","","","","","","","","","","","","","","","","","","","","","","","","","","","","","","","","","",3.8,1,-13.1,1,3.5,1,"","",5.4,1,"","","","","","","","","","","","","","","","","","","","",28,1,"","","","","","","","","","","","",2.2,1,"","","","","","","","","","","","","","","","","","","","","","","","","","","","","","","","","","","","","","","","","","","","","","","","","","","","","","","","","","","","","","","","","","","","","","","","","","","","","","","","","","","","","","","","","","","","","","","","","","","","","","","","","","","","","","","","","","","",""
"06163007","TENDE_SAPC",44.043167,7.586,636,2000021720,0.,1,"","","","","","","","","","","","","","","","","","","","","","","","","","","","","","","","","","",2.6,1,-12.9,1,2.6,1,"","",3.7,1,"","","","","","","","","","","","","","","","","","","","",31,1,"","","","","","","","","","","","",2.3,1,"","","","","","","","","","","","","","","","","","","","","","","","","","","","","","","","","","","","","","","","","","","","","","","","","","","","","","","","","","","","","","","","","","","","","","","","","","","","","","","","","","","","","","","","","","","","","","","","","","","","","","","","","","","","","","","","","","","",""
"06163007","TENDE_SAPC",44.043167,7.586,636,2000021721,0.,1,"","","","","","","","","","","","","","","","","","","","","","","","","","","","","","","","","","",1.6,1,-13.4,1,1.6,1,"","",2.6,1,"","","","","","","","","","","","","","","","","","","","",32,1,"","","","","","","","","","","","",2.2,1,"","","","","","","","","","","","","","","","","","","","","","","","","","","","","","","","","","","","","","","","","","","","","","","","","","","","","","","","","","","","","","","","","","","","","","","","","","","","","","","","","","","","","","","","","","","","","","","","","","","","","","","","","","","","","","","","","","","",""
"06163007","TENDE_SAPC",44.043167,7.586,636,2000021722,0.,1,"","","","","","","","","","","","","","","","","","","","","","","","","","","","","","","","","","",0.5,1,-13.6,1,0.5,1,"","",1.7,1,"","","","","","","","","","","","","","","","","","","","",34,1,"","","","","","","","","","","","",2.2,1,"","","","","","","","","","","","","","","","","","","","","","","","","","","","","","","","","","","","","","","","","","","","","","","","","","","","","","","","","","","","","","","","","","","","","","","","","","","","","","","","","","","","","","","","","","","","","","","","","","","","","","","","","","","","","","","","","","","",""
"06163007","TENDE_SAPC",44.043167,7.586,636,2000021723,0.,1,"","","","","","","","","","","","","","","","","","","","","","","","","","","","","","","","","","",-1.1,1,-12.7,1,-1.1,1,"","",0.5,1,"","","","","","","","","","","","","","","","","","","","",41,1,"","","","","","","","","","","","",2.3,1,"","","","","","","","","","","","","","","","","","","","","","","","","","","","","","","","","","","","","","","","","","","","","","","","","","","","","","","","","","","","","","","","","","","","","","","","","","","","","","","","","","","","","","","","","","","","","","","","","","","","","","","","","","","","","","","","","","","",""
"06163007","TENDE_SAPC",44.043167,7.586,636,2000021800,0.,1,"","","","","","","","","","","","","","","","","","","","","","","","","","","","","","","","","","",-1.7,1,-12.7,1,-1.7,1,"","",-1.2,1,"","","","","","","","","","","","","","","","","","","","",43,1,"","","","","","","","","","","","",2.3,1,"","","","","","","","","","","","","","","","","","","","","","","","","","","","","","","","","","","","","","","","","","","","","","","","","","","","","","","","","","","","","","","","","","","","","","","","","","","","","","","","","","","","","","","","","","","","","","","","","","","","","","","","","","","","","","","","","","","",""
"06163007","TENDE_SAPC",44.043167,7.586,636,2000021801,0.,1,"","","","","","","","","","","","","","","","","","","","","","","","","","","","","","","","","","",-2.1,1,-11.7,1,-2.1,1,"","",-1.7,1,"","","","","","","","","","","","","","","","","","","","",48,1,"","","","","","","","","","","","",2.5,1,"","","","","","","","","","","","","","","","","","","","","","","","","","","","","","","","","","","","","","","","","","","","","","","","","","","","","","","","","","","","","","","","","","","","","","","","","","","","","","","","","","","","","","","","","","","","","","","","","","","","","","","","","","","","","","","","","","","",""
"06163007","TENDE_SAPC",44.043167,7.586,636,2000021802,0.,1,"","","","","","","","","","","","","","","","","","","","","","","","","","","","","","","","","","",-2.3,1,-11.3,1,-2.4,1,"","",-2.,1,"","","","","","","","","","","","","","","","","","","","",50,1,"","","","","","","","","","","","",2.6,1,"","","","","","","","","","","","","","","","","","","","","","","","","","","","","","","","","","","","","","","","","","","","","","","","","","","","","","","","","","","","","","","","","","","","","","","","","","","","","","","","","","","","","","","","","","","","","","","","","","","","","","","","","","","","","","","","","","","",""
"06163007","TENDE_SAPC",44.043167,7.586,636,2000021803,0.,1,"","","","","","","","","","","","","","","","","","","","","","","","","","","","","","","","","","",-2.1,1,-12.5,1,-2.4,1,"","",-2.,1,"","","","","","","","","","","","","","","","","","","","",45,1,"","","","","","","","","","","","",2.4,1,"","","","","","","","","","","","","","","","","","","","","","","","","","","","","","","","","","","","","","","","","","","","","","","","","","","","","","","","","","","","","","","","","","","","","","","","","","","","","","","","","","","","","","","","","","","","","","","","","","","","","","","","","","","","","","","","","","","",""
"06163007","TENDE_SAPC",44.043167,7.586,636,2000021804,0.,1,"","","","","","","","","","","","","","","","","","","","","","","","","","","","","","","","","","",-2.,1,-13.2,1,-2.4,1,"","",-1.9,1,"","","","","","","","","","","","","","","","","","","","",42,1,"","","","","","","","","","","","",2.2,1,"","","","","","","","","","","","","","","","","","","","","","","","","","","","","","","","","","","","","","","","","","","","","","","","","","","","","","","","","","","","","","","","","","","","","","","","","","","","","","","","","","","","","","","","","","","","","","","","","","","","","","","","","","","","","","","","","","","",""
"06163007","TENDE_SAPC",44.043167,7.586,636,2000021805,0.,1,"","","","","","","","","","","","","","","","","","","","","","","","","","","","","","","","","","",-2.2,1,-13.1,1,-2.5,1,"","",-2.,1,"","","","","","","","","","","","","","","","","","","","",43,1,"","","","","","","","","","","","",2.2,1,"","","","","","","","","","","","","","","","","","","","","","","","","","","","","","","","","","","","","","","","","","","","","","","","","","","","","","","","","","","","","","","","","","","","","","","","","","","","","","","","","","","","","","","","","","","","","","","","","","","","","","","","","","","","","","","","","","","",""
"06163007","TENDE_SAPC",44.043167,7.586,636,2000021806,0.,1,"","","","","","","","","","","","","","","","","","","","","","","","","","","","","","","","","","",-2.5,1,-13.1,1,-2.6,1,"","",-2.3,1,"","","","","","","","","","","","","","","","","","","","",44,1,"","","","","","","","","","","","",2.2,1,"","","","","","","","","","","","","","","","","","","","","","","","","","","","","","","","","","","","","","","","","","","","","","","","","","","","","","","","","","","","","","","","","","","","","","","","","","","","","","","","","","","","","","","","","","","","","","","","","","","","","","","","","","","","","","","","","","","",""
"06163007","TENDE_SAPC",44.043167,7.586,636,2000021807,0.,1,"","","","","","","","","","","","","","","","","","","","","","","","","","","","","","","","","","",-2.3,1,-13.5,1,-2.7,1,"","",-2.3,1,"","","","","","","","","","","","","","","","","","","","",42,1,"","","","","","","","","","","","",2.2,1,"","","","","","","","","","","","","","","","","","","","","","","","","","","","","","","","","","","","","","","","","","","","","","","","","","","","","","","","","","","","","","","","","","","","","","","","","","","","","","","","","","","","","","","","","","","","","","","","","","","","","","","","","","","","","","","","","","","",""
"06163007","TENDE_SAPC",44.043167,7.586,636,2000021808,0.,1,"","","","","","","","","","","","","","","","","","","","","","","","","","","","","","","","","","",-2.1,1,-13.6,1,-2.4,1,"","",-2.1,1,"","","","","","","","","","","","","","","","","","","","",41,1,"","","","","","","","","","","","",2.1,1,"","","","","","","","","","","","","","","","","","","","","","","","","","","","","","","","","","","","","","","","","","","","","","","","","","","","","","","","","","","","","","","","","","","","","","","","","","","","","","","","","","","","","","","","","","","","","","","","","","","","","","","","","","","","","","","","","","","",""
"06163007","TENDE_SAPC",44.043167,7.586,636,2000021809,0.,1,"","","","","","","","","","","","","","","","","","","","","","","","","","","","","","","","","","",-2.,1,-12.4,1,-2.1,1,"","",-1.9,1,"","","","","","","","","","","","","","","","","","","","",45,1,"","","","","","","","","","","","",2.4,1,"","","","","","","","","","","","","","","","","","","","","","","","","","","","","","","","","","","","","","","","","","","","","","","","","","","","","","","","","","","","","","","","","","","","","","","","","","","","","","","","","","","","","","","","","","","","","","","","","","","","","","","","","","","","","","","","","","","",""
"06163007","TENDE_SAPC",44.043167,7.586,636,2000021810,0.,1,"","","","","","","","","","","","","","","","","","","","","","","","","","","","","","","","","","",3.1,1,-12.8,1,-1.9,1,"","",3.1,1,"","","","","","","","","","","","","","","","","","","","",30,1,"","","","","","","","","","","","",2.3,1,"","","","","","","","","","","","","","","","","","","","","","","","","","","","","","","","","","","","","","","","","","","","","","","","","","","","","","","","","","","","","","","","","","","","","","","","","","","","","","","","","","","","","","","","","","","","","","","","","","","","","","","","","","","","","","","","","","","",""
"06163007","TENDE_SAPC",44.043167,7.586,636,2000021811,0.,1,"","","","","","","","","","","","","","","","","","","","","","","","","","","","","","","","","","",8.6,1,-13.8,1,3.5,1,"","",8.6,1,"","","","","","","","","","","","","","","","","","","","",19,1,"","","","","","","","","","","","",2.1,1,"","","","","","","","","","","","","","","","","","","","","","","","","","","","","","","","","","","","","","","","","","","","","","","","","","","","","","","","","","","","","","","","","","","","","","","","","","","","","","","","","","","","","","","","","","","","","","","","","","","","","","","","","","","","","","","","","","","",""
"06163007","TENDE_SAPC",44.043167,7.586,636,2000021812,0.,1,"","","","","","","","","","","","","","","","","","","","","","","","","","","","","","","","","","",10.,1,-13.3,1,8.6,1,"","",10.,1,"","","","","","","","","","","","","","","","","","","","",18,1,"","","","","","","","","","","","",2.2,1,"","","","","","","","","","","","","","","","","","","","","","","","","","","","","","","","","","","","","","","","","","","","","","","","","","","","","","","","","","","","","","","","","","","","","","","","","","","","","","","","","","","","","","","","","","","","","","","","","","","","","","","","","","","","","","","","","","","",""
"06163007","TENDE_SAPC",44.043167,7.586,636,2000021813,0.,1,"","","","","","","","","","","","","","","","","","","","","","","","","","","","","","","","","","",10.8,1,-10.7,1,10.,1,"","",10.8,1,"","","","","","","","","","","","","","","","","","","","",21,1,"","","","","","","","","","","","",2.7,1,"","","","","","","","","","","","","","","","","","","","","","","","","","","","","","","","","","","","","","","","","","","","","","","","","","","","","","","","","","","","","","","","","","","","","","","","","","","","","","","","","","","","","","","","","","","","","","","","","","","","","","","","","","","","","","","","","","","",""
"06163007","TENDE_SAPC",44.043167,7.586,636,2000021814,0.,1,"","","","","","","","","","","","","","","","","","","","","","","","","","","","","","","","","","",10.7,1,-8.1,1,10.5,1,"","",11.,1,"","","","","","","","","","","","","","","","","","","","",26,1,"","","","","","","","","","","","",3.3,1,"","","","","","","","","","","","","","","","","","","","","","","","","","","","","","","","","","","","","","","","","","","","","","","","","","","","","","","","","","","","","","","","","","","","","","","","","","","","","","","","","","","","","","","","","","","","","","","","","","","","","","","","","","","","","","","","","","","",""
"06163007","TENDE_SAPC",44.043167,7.586,636,2000021815,0.,1,"","","","","","","","","","","","","","","","","","","","","","","","","","","","","","","","","","",9.1,1,-6.,1,9.1,1,"","",10.6,1,"","","","","","","","","","","","","","","","","","","","",34,1,"","","","","","","","","","","","",3.9,1,"","","","","","","","","","","","","","","","","","","","","","","","","","","","","","","","","","","","","","","","","","","","","","","","","","","","","","","","","","","","","","","","","","","","","","","","","","","","","","","","","","","","","","","","","","","","","","","","","","","","","","","","","","","","","","","","","","","",""
"06163007","TENDE_SAPC",44.043167,7.586,636,2000021816,0.,1,"","","","","","","","","","","","","","","","","","","","","","","","","","","","","","","","","","",8.,1,-5.5,1,8.,1,"","",9.1,1,"","","","","","","","","","","","","","","","","","","","",38,1,"","","","","","","","","","","","",4.1,1,"","","","","","","","","","","","","","","","","","","","","","","","","","","","","","","","","","","","","","","","","","","","","","","","","","","","","","","","","","","","","","","","","","","","","","","","","","","","","","","","","","","","","","","","","","","","","","","","","","","","","","","","","","","","","","","","","","","",""
"06163007","TENDE_SAPC",44.043167,7.586,636,2000021817,0.,1,"","","","","","","","","","","","","","","","","","","","","","","","","","","","","","","","","","",4.6,1,-5.2,1,4.6,1,"","",8.,1,"","","","","","","","","","","","","","","","","","","","",49,1,"","","","","","","","","","","","",4.2,1,"","","","","","","","","","","","","","","","","","","","","","","","","","","","","","","","","","","","","","","","","","","","","","","","","","","","","","","","","","","","","","","","","","","","","","","","","","","","","","","","","","","","","","","","","","","","","","","","","","","","","","","","","","","","","","","","","","","",""
"06163007","TENDE_SAPC",44.043167,7.586,636,2000021818,0.,1,"","","","","","","","","","","","","","","","","","","","","","","","","","","","","","","","","","",2.6,1,-6.,1,2.6,1,"","",4.5,1,"","","","","","","","","","","","","","","","","","","","",53,1,"","","","","","","","","","","","",3.9,1,"","","","","","","","","","","","","","","","","","","","","","","","","","","","","","","","","","","","","","","","","","","","","","","","","","","","","","","","","","","","","","","","","","","","","","","","","","","","","","","","","","","","","","","","","","","","","","","","","","","","","","","","","","","","","","","","","","","",""
"06163007","TENDE_SAPC",44.043167,7.586,636,2000021819,0.,1,"","","","","","","","","","","","","","","","","","","","","","","","","","","","","","","","","","",1.6,1,-6.,1,1.6,1,"","",2.6,1,"","","","","","","","","","","","","","","","","","","","",57,1,"","","","","","","","","","","","",3.9,1,"","","","","","","","","","","","","","","","","","","","","","","","","","","","","","","","","","","","","","","","","","","","","","","","","","","","","","","","","","","","","","","","","","","","","","","","","","","","","","","","","","","","","","","","","","","","","","","","","","","","","","","","","","","","","","","","","","","",""
"06163007","TENDE_SAPC",44.043167,7.586,636,2000021820,0.,1,"","","","","","","","","","","","","","","","","","","","","","","","","","","","","","","","","","",1.2,1,-6.2,1,1.,1,"","",1.6,1,"","","","","","","","","","","","","","","","","","","","",58,1,"","","","","","","","","","","","",3.9,1,"","","","","","","","","","","","","","","","","","","","","","","","","","","","","","","","","","","","","","","","","","","","","","","","","","","","","","","","","","","","","","","","","","","","","","","","","","","","","","","","","","","","","","","","","","","","","","","","","","","","","","","","","","","","","","","","","","","",""
"06163007","TENDE_SAPC",44.043167,7.586,636,2000021821,0.,1,"","","","","","","","","","","","","","","","","","","","","","","","","","","","","","","","","","",1.,1,-6.3,1,0.8,1,"","",1.1,1,"","","","","","","","","","","","","","","","","","","","",58,1,"","","","","","","","","","","","",3.8,1,"","","","","","","","","","","","","","","","","","","","","","","","","","","","","","","","","","","","","","","","","","","","","","","","","","","","","","","","","","","","","","","","","","","","","","","","","","","","","","","","","","","","","","","","","","","","","","","","","","","","","","","","","","","","","","","","","","","",""
"06163007","TENDE_SAPC",44.043167,7.586,636,2000021822,0.,1,"","","","","","","","","","","","","","","","","","","","","","","","","","","","","","","","","","",0.,1,-6.4,1,-0.2,1,"","",1.,1,"","","","","","","","","","","","","","","","","","","","",62,1,"","","","","","","","","","","","",3.8,1,"","","","","","","","","","","","","","","","","","","","","","","","","","","","","","","","","","","","","","","","","","","","","","","","","","","","","","","","","","","","","","","","","","","","","","","","","","","","","","","","","","","","","","","","","","","","","","","","","","","","","","","","","","","","","","","","","","","",""
"06163007","TENDE_SAPC",44.043167,7.586,636,2000021823,0.,1,"","","","","","","","","","","","","","","","","","","","","","","","","","","","","","","","","","",0.4,1,-7.1,1,0.1,1,"","",0.6,1,"","","","","","","","","","","","","","","","","","","","",57,1,"","","","","","","","","","","","",3.6,1,"","","","","","","","","","","","","","","","","","","","","","","","","","","","","","","","","","","","","","","","","","","","","","","","","","","","","","","","","","","","","","","","","","","","","","","","","","","","","","","","","","","","","","","","","","","","","","","","","","","","","","","","","","","","","","","","","","","",""
"06163007","TENDE_SAPC",44.043167,7.586,636,2000021900,0.,1,"","","","","","","","","","","","","","","","","","","","","","","","","","","","","","","","","","",-0.7,1,-6.7,1,-0.7,1,"","",0.4,1,"","","","","","","","","","","","","","","","","","","","",64,1,"","","","","","","","","","","","",3.7,1,"","","","","","","","","","","","","","","","","","","","","","","","","","","","","","","","","","","","","","","","","","","","","","","","","","","","","","","","","","","","","","","","","","","","","","","","","","","","","","","","","","","","","","","","","","","","","","","","","","","","","","","","","","","","","","","","","","","",""
"06163007","TENDE_SAPC",44.043167,7.586,636,2000021901,0.,1,"","","","","","","","","","","","","","","","","","","","","","","","","","","","","","","","","","",-0.8,1,-6.8,1,-0.8,1,"","",-0.7,1,"","","","","","","","","","","","","","","","","","","","",64,1,"","","","","","","","","","","","",3.7,1,"","","","","","","","","","","","","","","","","","","","","","","","","","","","","","","","","","","","","","","","","","","","","","","","","","","","","","","","","","","","","","","","","","","","","","","","","","","","","","","","","","","","","","","","","","","","","","","","","","","","","","","","","","","","","","","","","","","",""
"06163007","TENDE_SAPC",44.043167,7.586,636,2000021902,0.,1,"","","","","","","","","","","","","","","","","","","","","","","","","","","","","","","","","","",-0.2,1,-6.6,1,-0.9,1,"","",-0.2,1,"","","","","","","","","","","","","","","","","","","","",62,1,"","","","","","","","","","","","",3.7,1,"","","","","","","","","","","","","","","","","","","","","","","","","","","","","","","","","","","","","","","","","","","","","","","","","","","","","","","","","","","","","","","","","","","","","","","","","","","","","","","","","","","","","","","","","","","","","","","","","","","","","","","","","","","","","","","","","","","",""
"06163007","TENDE_SAPC",44.043167,7.586,636,2000021903,0.,1,"","","","","","","","","","","","","","","","","","","","","","","","","","","","","","","","","","",0.1,1,-6.8,1,-0.2,1,"","",0.5,1,"","","","","","","","","","","","","","","","","","","","",60,1,"","","","","","","","","","","","",3.7,1,"","","","","","","","","","","","","","","","","","","","","","","","","","","","","","","","","","","","","","","","","","","","","","","","","","","","","","","","","","","","","","","","","","","","","","","","","","","","","","","","","","","","","","","","","","","","","","","","","","","","","","","","","","","","","","","","","","","",""
"06163007","TENDE_SAPC",44.043167,7.586,636,2000021904,0.,1,"","","","","","","","","","","","","","","","","","","","","","","","","","","","","","","","","","",-1.,1,-6.4,1,-1.,1,"","",0.2,1,"","","","","","","","","","","","","","","","","","","","",67,1,"","","","","","","","","","","","",3.8,1,"","","","","","","","","","","","","","","","","","","","","","","","","","","","","","","","","","","","","","","","","","","","","","","","","","","","","","","","","","","","","","","","","","","","","","","","","","","","","","","","","","","","","","","","","","","","","","","","","","","","","","","","","","","","","","","","","","","",""
"06163007","TENDE_SAPC",44.043167,7.586,636,2000021905,0.,1,"","","","","","","","","","","","","","","","","","","","","","","","","","","","","","","","","","",-1.3,1,-6.6,1,-1.4,1,"","",-0.9,1,"","","","","","","","","","","","","","","","","","","","",67,1,"","","","","","","","","","","","",3.7,1,"","","","","","","","","","","","","","","","","","","","","","","","","","","","","","","","","","","","","","","","","","","","","","","","","","","","","","","","","","","","","","","","","","","","","","","","","","","","","","","","","","","","","","","","","","","","","","","","","","","","","","","","","","","","","","","","","","","",""
"06163007","TENDE_SAPC",44.043167,7.586,636,2000021906,0.,1,"","","","","","","","","","","","","","","","","","","","","","","","","","","","","","","","","","",-1.,1,-6.6,1,-1.3,1,"","",-0.8,1,"","","","","","","","","","","","","","","","","","","","",66,1,"","","","","","","","","","","","",3.8,1,"","","","","","","","","","","","","","","","","","","","","","","","","","","","","","","","","","","","","","","","","","","","","","","","","","","","","","","","","","","","","","","","","","","","","","","","","","","","","","","","","","","","","","","","","","","","","","","","","","","","","","","","","","","","","","","","","","","",""
"06163007","TENDE_SAPC",44.043167,7.586,636,2000021907,0.,1,"","","","","","","","","","","","","","","","","","","","","","","","","","","","","","","","","","",-1.2,1,-7.1,1,-1.3,1,"","",-1.,1,"","","","","","","","","","","","","","","","","","","","",64,1,"","","","","","","","","","","","",3.6,1,"","","","","","","","","","","","","","","","","","","","","","","","","","","","","","","","","","","","","","","","","","","","","","","","","","","","","","","","","","","","","","","","","","","","","","","","","","","","","","","","","","","","","","","","","","","","","","","","","","","","","","","","","","","","","","","","","","","",""
"06163007","TENDE_SAPC",44.043167,7.586,636,2000021908,0.,1,"","","","","","","","","","","","","","","","","","","","","","","","","","","","","","","","","","",-0.1,1,-7.2,1,-1.2,1,"","",-0.1,1,"","","","","","","","","","","","","","","","","","","","",59,1,"","","","","","","","","","","","",3.6,1,"","","","","","","","","","","","","","","","","","","","","","","","","","","","","","","","","","","","","","","","","","","","","","","","","","","","","","","","","","","","","","","","","","","","","","","","","","","","","","","","","","","","","","","","","","","","","","","","","","","","","","","","","","","","","","","","","","","",""
"06163007","TENDE_SAPC",44.043167,7.586,636,2000021909,0.,1,"","","","","","","","","","","","","","","","","","","","","","","","","","","","","","","","","","",0.8,1,-7.,1,-0.1,1,"","",0.8,1,"","","","","","","","","","","","","","","","","","","","",56,1,"","","","","","","","","","","","",3.6,1,"","","","","","","","","","","","","","","","","","","","","","","","","","","","","","","","","","","","","","","","","","","","","","","","","","","","","","","","","","","","","","","","","","","","","","","","","","","","","","","","","","","","","","","","","","","","","","","","","","","","","","","","","","","","","","","","","","","",""
"06163007","TENDE_SAPC",44.043167,7.586,636,2000021910,0.,1,"","","","","","","","","","","","","","","","","","","","","","","","","","","","","","","","","","",5.8,1,-5.5,1,0.9,1,"","",5.8,1,"","","","","","","","","","","","","","","","","","","","",44,1,"","","","","","","","","","","","",4.1,1,"","","","","","","","","","","","","","","","","","","","","","","","","","","","","","","","","","","","","","","","","","","","","","","","","","","","","","","","","","","","","","","","","","","","","","","","","","","","","","","","","","","","","","","","","","","","","","","","","","","","","","","","","","","","","","","","","","","",""
"06163007","TENDE_SAPC",44.043167,7.586,636,2000021911,0.,1,"","","","","","","","","","","","","","","","","","","","","","","","","","","","","","","","","","",12.5,1,-6.,1,6.1,1,"","",12.5,1,"","","","","","","","","","","","","","","","","","","","",27,1,"","","","","","","","","","","","",3.9,1,"","","","","","","","","","","","","","","","","","","","","","","","","","","","","","","","","","","","","","","","","","","","","","","","","","","","","","","","","","","","","","","","","","","","","","","","","","","","","","","","","","","","","","","","","","","","","","","","","","","","","","","","","","","","","","","","","","","",""
"06163007","TENDE_SAPC",44.043167,7.586,636,2000021912,0.,1,"","","","","","","","","","","","","","","","","","","","","","","","","","","","","","","","","","",15.1,1,-5.9,1,12.6,1,"","",15.1,1,"","","","","","","","","","","","","","","","","","","","",23,1,"","","","","","","","","","","","",3.9,1,"","","","","","","","","","","","","","","","","","","","","","","","","","","","","","","","","","","","","","","","","","","","","","","","","","","","","","","","","","","","","","","","","","","","","","","","","","","","","","","","","","","","","","","","","","","","","","","","","","","","","","","","","","","","","","","","","","","",""
"06163007","TENDE_SAPC",44.043167,7.586,636,2000021913,0.,1,"","","","","","","","","","","","","","","","","","","","","","","","","","","","","","","","","","",15.5,1,"","",15.2,1,"","",16.2,1,"","","","","","","","","","","","","","","","","","","","","","","","","","","","","","","","","","","","","","","","","","","","","","","","","","","","","","","","","","","","","","","","","","","","","","","","","","","","","","","","","","","","","","","","","","","","","","","","","","","","","","","","","","","","","","","","","","","","","","","","","","","","","","","","","","","","","","","","","","","","","","","","","","","","","","","",""
"06163007","TENDE_SAPC",44.043167,7.586,636,2000021914,0.,1,"","","","","","","","","","","","","","","","","","","","","","","","","","","","","","","","","","",14.8,1,-10.1,1,14.8,1,"","",15.6,1,"","","","","","","","","","","","","","","","","","","","",17,1,"","","","","","","","","","","","",2.9,1,"","","","","","","","","","","","","","","","","","","","","","","","","","","","","","","","","","","","","","","","","","","","","","","","","","","","","","","","","","","","","","","","","","","","","","","","","","","","","","","","","","","","","","","","","","","","","","","","","","","","","","","","","","","","","","","","","","","",""
"06163007","TENDE_SAPC",44.043167,7.586,636,2000021915,0.,1,"","","","","","","","","","","","","","","","","","","","","","","","","","","","","","","","","","",13.1,1,-8.2,1,13.1,1,"","",14.8,1,"","","","","","","","","","","","","","","","","","","","",22,1,"","","","","","","","","","","","",3.3,1,"","","","","","","","","","","","","","","","","","","","","","","","","","","","","","","","","","","","","","","","","","","","","","","","","","","","","","","","","","","","","","","","","","","","","","","","","","","","","","","","","","","","","","","","","","","","","","","","","","","","","","","","","","","","","","","","","","","",""
"06163007","TENDE_SAPC",44.043167,7.586,636,2000021916,0.,1,"","","","","","","","","","","","","","","","","","","","","","","","","","","","","","","","","","",10.9,1,0.,1,10.9,1,"","",13.1,1,"","","","","","","","","","","","","","","","","","","","",47,1,"","","","","","","","","","","","",6.1,1,"","","","","","","","","","","","","","","","","","","","","","","","","","","","","","","","","","","","","","","","","","","","","","","","","","","","","","","","","","","","","","","","","","","","","","","","","","","","","","","","","","","","","","","","","","","","","","","","","","","","","","","","","","","","","","","","","","","",""
"06163007","TENDE_SAPC",44.043167,7.586,636,2000021917,0.,1,"","","","","","","","","","","","","","","","","","","","","","","","","","","","","","","","","","",7.1,1,-2.1,1,7.1,1,"","",10.9,1,"","","","","","","","","","","","","","","","","","","","",52,1,"","","","","","","","","","","","",5.2,1,"","","","","","","","","","","","","","","","","","","","","","","","","","","","","","","","","","","","","","","","","","","","","","","","","","","","","","","","","","","","","","","","","","","","","","","","","","","","","","","","","","","","","","","","","","","","","","","","","","","","","","","","","","","","","","","","","","","",""
"06163007","TENDE_SAPC",44.043167,7.586,636,2000021918,0.,1,"","","","","","","","","","","","","","","","","","","","","","","","","","","","","","","","","","",4.7,1,-3.3,1,4.7,1,"","",7.,1,"","","","","","","","","","","","","","","","","","","","",56,1,"","","","","","","","","","","","",4.8,1,"","","","","","","","","","","","","","","","","","","","","","","","","","","","","","","","","","","","","","","","","","","","","","","","","","","","","","","","","","","","","","","","","","","","","","","","","","","","","","","","","","","","","","","","","","","","","","","","","","","","","","","","","","","","","","","","","","","",""
"06163007","TENDE_SAPC",44.043167,7.586,636,2000021919,0.,1,"","","","","","","","","","","","","","","","","","","","","","","","","","","","","","","","","","",3.,1,-5.9,1,3.,1,"","",4.6,1,"","","","","","","","","","","","","","","","","","","","",52,1,"","","","","","","","","","","","",3.9,1,"","","","","","","","","","","","","","","","","","","","","","","","","","","","","","","","","","","","","","","","","","","","","","","","","","","","","","","","","","","","","","","","","","","","","","","","","","","","","","","","","","","","","","","","","","","","","","","","","","","","","","","","","","","","","","","","","","","",""
"06163007","TENDE_SAPC",44.043167,7.586,636,2000021920,0.,1,"","","","","","","","","","","","","","","","","","","","","","","","","","","","","","","","","","",2.2,1,-7.2,1,2.2,1,"","",3.,1,"","","","","","","","","","","","","","","","","","","","",50,1,"","","","","","","","","","","","",3.6,1,"","","","","","","","","","","","","","","","","","","","","","","","","","","","","","","","","","","","","","","","","","","","","","","","","","","","","","","","","","","","","","","","","","","","","","","","","","","","","","","","","","","","","","","","","","","","","","","","","","","","","","","","","","","","","","","","","","","",""
"06163007","TENDE_SAPC",44.043167,7.586,636,2000021921,0.,1,"","","","","","","","","","","","","","","","","","","","","","","","","","","","","","","","","","",2.4,1,-8.1,1,1.7,1,"","",2.4,1,"","","","","","","","","","","","","","","","","","","","",46,1,"","","","","","","","","","","","",3.3,1,"","","","","","","","","","","","","","","","","","","","","","","","","","","","","","","","","","","","","","","","","","","","","","","","","","","","","","","","","","","","","","","","","","","","","","","","","","","","","","","","","","","","","","","","","","","","","","","","","","","","","","","","","","","","","","","","","","","",""
"06163007","TENDE_SAPC",44.043167,7.586,636,2000021922,0.,1,"","","","","","","","","","","","","","","","","","","","","","","","","","","","","","","","","","",1.,1,-8.3,1,1.,1,"","",2.4,1,"","","","","","","","","","","","","","","","","","","","",50,1,"","","","","","","","","","","","",3.3,1,"","","","","","","","","","","","","","","","","","","","","","","","","","","","","","","","","","","","","","","","","","","","","","","","","","","","","","","","","","","","","","","","","","","","","","","","","","","","","","","","","","","","","","","","","","","","","","","","","","","","","","","","","","","","","","","","","","","",""
"06163007","TENDE_SAPC",44.043167,7.586,636,2000021923,0.,1,"","","","","","","","","","","","","","","","","","","","","","","","","","","","","","","","","","",0.3,1,-8.9,1,0.3,1,"","",1.,1,"","","","","","","","","","","","","","","","","","","","",50,1,"","","","","","","","","","","","",3.1,1,"","","","","","","","","","","","","","","","","","","","","","","","","","","","","","","","","","","","","","","","","","","","","","","","","","","","","","","","","","","","","","","","","","","","","","","","","","","","","","","","","","","","","","","","","","","","","","","","","","","","","","","","","","","","","","","","","","","",""
"06163007","TENDE_SAPC",44.043167,7.586,636,2000022000,0.,1,"","","","","","","","","","","","","","","","","","","","","","","","","","","","","","","","","","",0.4,1,-8.1,1,0.,1,"","",0.5,1,"","","","","","","","","","","","","","","","","","","","",53,1,"","","","","","","","","","","","",3.3,1,"","","","","","","","","","","","","","","","","","","","","","","","","","","","","","","","","","","","","","","","","","","","","","","","","","","","","","","","","","","","","","","","","","","","","","","","","","","","","","","","","","","","","","","","","","","","","","","","","","","","","","","","","","","","","","","","","","","",""
"06163007","TENDE_SAPC",44.043167,7.586,636,2000022001,0.,1,"","","","","","","","","","","","","","","","","","","","","","","","","","","","","","","","","","",-0.3,1,-8.5,1,-0.3,1,"","",0.5,1,"","","","","","","","","","","","","","","","","","","","",54,1,"","","","","","","","","","","","",3.2,1,"","","","","","","","","","","","","","","","","","","","","","","","","","","","","","","","","","","","","","","","","","","","","","","","","","","","","","","","","","","","","","","","","","","","","","","","","","","","","","","","","","","","","","","","","","","","","","","","","","","","","","","","","","","","","","","","","","","",""
"06163007","TENDE_SAPC",44.043167,7.586,636,2000022002,0.,1,"","","","","","","","","","","","","","","","","","","","","","","","","","","","","","","","","","",-0.1,1,-9.8,1,-0.4,1,"","",0.,1,"","","","","","","","","","","","","","","","","","","","",48,1,"","","","","","","","","","","","",2.9,1,"","","","","","","","","","","","","","","","","","","","","","","","","","","","","","","","","","","","","","","","","","","","","","","","","","","","","","","","","","","","","","","","","","","","","","","","","","","","","","","","","","","","","","","","","","","","","","","","","","","","","","","","","","","","","","","","","","","",""
"06163007","TENDE_SAPC",44.043167,7.586,636,2000022003,0.,1,"","","","","","","","","","","","","","","","","","","","","","","","","","","","","","","","","","",-0.5,1,-9.2,1,-0.6,1,"","",-0.1,1,"","","","","","","","","","","","","","","","","","","","",52,1,"","","","","","","","","","","","",3.1,1,"","","","","","","","","","","","","","","","","","","","","","","","","","","","","","","","","","","","","","","","","","","","","","","","","","","","","","","","","","","","","","","","","","","","","","","","","","","","","","","","","","","","","","","","","","","","","","","","","","","","","","","","","","","","","","","","","","","",""
"06163007","TENDE_SAPC",44.043167,7.586,636,2000022004,0.,1,"","","","","","","","","","","","","","","","","","","","","","","","","","","","","","","","","","",-0.7,1,-9.1,1,-0.7,1,"","",-0.5,1,"","","","","","","","","","","","","","","","","","","","",53,1,"","","","","","","","","","","","",3.1,1,"","","","","","","","","","","","","","","","","","","","","","","","","","","","","","","","","","","","","","","","","","","","","","","","","","","","","","","","","","","","","","","","","","","","","","","","","","","","","","","","","","","","","","","","","","","","","","","","","","","","","","","","","","","","","","","","","","","",""
"06163007","TENDE_SAPC",44.043167,7.586,636,2000022005,0.,1,"","","","","","","","","","","","","","","","","","","","","","","","","","","","","","","","","","",0.3,1,-9.2,1,-0.7,1,"","",0.4,1,"","","","","","","","","","","","","","","","","","","","",49,1,"","","","","","","","","","","","",3.1,1,"","","","","","","","","","","","","","","","","","","","","","","","","","","","","","","","","","","","","","","","","","","","","","","","","","","","","","","","","","","","","","","","","","","","","","","","","","","","","","","","","","","","","","","","","","","","","","","","","","","","","","","","","","","","","","","","","","","",""
"06163007","TENDE_SAPC",44.043167,7.586,636,2000022006,0.,1,"","","","","","","","","","","","","","","","","","","","","","","","","","","","","","","","","","",0.2,1,-9.3,1,0.,1,"","",0.7,1,"","","","","","","","","","","","","","","","","","","","",49,1,"","","","","","","","","","","","",3.,1,"","","","","","","","","","","","","","","","","","","","","","","","","","","","","","","","","","","","","","","","","","","","","","","","","","","","","","","","","","","","","","","","","","","","","","","","","","","","","","","","","","","","","","","","","","","","","","","","","","","","","","","","","","","","","","","","","","","",""
"06163007","TENDE_SAPC",44.043167,7.586,636,2000022007,0.,1,"","","","","","","","","","","","","","","","","","","","","","","","","","","","","","","","","","",0.6,1,-10.,1,-0.3,1,"","",0.6,1,"","","","","","","","","","","","","","","","","","","","",45,1,"","","","","","","","","","","","",2.9,1,"","","","","","","","","","","","","","","","","","","","","","","","","","","","","","","","","","","","","","","","","","","","","","","","","","","","","","","","","","","","","","","","","","","","","","","","","","","","","","","","","","","","","","","","","","","","","","","","","","","","","","","","","","","","","","","","","","","",""
"06163007","TENDE_SAPC",44.043167,7.586,636,2000022008,0.,1,"","","","","","","","","","","","","","","","","","","","","","","","","","","","","","","","","","",2.4,1,-10.2,1,0.6,1,"","",2.4,1,"","","","","","","","","","","","","","","","","","","","",39,1,"","","","","","","","","","","","",2.8,1,"","","","","","","","","","","","","","","","","","","","","","","","","","","","","","","","","","","","","","","","","","","","","","","","","","","","","","","","","","","","","","","","","","","","","","","","","","","","","","","","","","","","","","","","","","","","","","","","","","","","","","","","","","","","","","","","","","","",""
"06163007","TENDE_SAPC",44.043167,7.586,636,2000022009,0.,1,"","","","","","","","","","","","","","","","","","","","","","","","","","","","","","","","","","",7.4,1,-13.6,1,2.5,1,"","",7.4,1,"","","","","","","","","","","","","","","","","","","","",21,1,"","","","","","","","","","","","",2.2,1,"","","","","","","","","","","","","","","","","","","","","","","","","","","","","","","","","","","","","","","","","","","","","","","","","","","","","","","","","","","","","","","","","","","","","","","","","","","","","","","","","","","","","","","","","","","","","","","","","","","","","","","","","","","","","","","","","","","",""
"06163007","TENDE_SAPC",44.043167,7.586,636,2000022010,0.,1,"","","","","","","","","","","","","","","","","","","","","","","","","","","","","","","","","","",9.7,1,-14.2,1,7.2,1,"","",9.7,1,"","","","","","","","","","","","","","","","","","","","",17,1,"","","","","","","","","","","","",2.,1,"","","","","","","","","","","","","","","","","","","","","","","","","","","","","","","","","","","","","","","","","","","","","","","","","","","","","","","","","","","","","","","","","","","","","","","","","","","","","","","","","","","","","","","","","","","","","","","","","","","","","","","","","","","","","","","","","","","",""
"06163007","TENDE_SAPC",44.043167,7.586,636,2000022011,0.,1,"","","","","","","","","","","","","","","","","","","","","","","","","","","","","","","","","","",10.2,1,-14.6,1,9.8,1,"","",10.4,1,"","","","","","","","","","","","","","","","","","","","",16,1,"","","","","","","","","","","","",2.,1,"","","","","","","","","","","","","","","","","","","","","","","","","","","","","","","","","","","","","","","","","","","","","","","","","","","","","","","","","","","","","","","","","","","","","","","","","","","","","","","","","","","","","","","","","","","","","","","","","","","","","","","","","","","","","","","","","","","",""
"06163007","TENDE_SAPC",44.043167,7.586,636,2000022012,0.,1,"","","","","","","","","","","","","","","","","","","","","","","","","","","","","","","","","","",10.2,1,-14.6,1,9.8,1,"","",10.3,1,"","","","","","","","","","","","","","","","","","","","",16,1,"","","","","","","","","","","","",2.,1,"","","","","","","","","","","","","","","","","","","","","","","","","","","","","","","","","","","","","","","","","","","","","","","","","","","","","","","","","","","","","","","","","","","","","","","","","","","","","","","","","","","","","","","","","","","","","","","","","","","","","","","","","","","","","","","","","","","",""
"06163007","TENDE_SAPC",44.043167,7.586,636,2000022013,0.,1,"","","","","","","","","","","","","","","","","","","","","","","","","","","","","","","","","","",10.2,1,-14.6,1,9.9,1,"","",10.4,1,"","","","","","","","","","","","","","","","","","","","",16,1,"","","","","","","","","","","","",2.,1,"","","","","","","","","","","","","","","","","","","","","","","","","","","","","","","","","","","","","","","","","","","","","","","","","","","","","","","","","","","","","","","","","","","","","","","","","","","","","","","","","","","","","","","","","","","","","","","","","","","","","","","","","","","","","","","","","","","",""
"06163007","TENDE_SAPC",44.043167,7.586,636,2000022014,0.,1,"","","","","","","","","","","","","","","","","","","","","","","","","","","","","","","","","","",8.6,1,-13.8,1,8.6,1,"","",10.3,1,"","","","","","","","","","","","","","","","","","","","",19,1,"","","","","","","","","","","","",2.1,1,"","","","","","","","","","","","","","","","","","","","","","","","","","","","","","","","","","","","","","","","","","","","","","","","","","","","","","","","","","","","","","","","","","","","","","","","","","","","","","","","","","","","","","","","","","","","","","","","","","","","","","","","","","","","","","","","","","","",""
"06163007","TENDE_SAPC",44.043167,7.586,636,2000022015,0.,1,"","","","","","","","","","","","","","","","","","","","","","","","","","","","","","","","","","",8.7,1,-13.1,1,8.5,1,"","",8.9,1,"","","","","","","","","","","","","","","","","","","","",20,1,"","","","","","","","","","","","",2.2,1,"","","","","","","","","","","","","","","","","","","","","","","","","","","","","","","","","","","","","","","","","","","","","","","","","","","","","","","","","","","","","","","","","","","","","","","","","","","","","","","","","","","","","","","","","","","","","","","","","","","","","","","","","","","","","","","","","","","",""
"06163007","TENDE_SAPC",44.043167,7.586,636,2000022016,0.,1,"","","","","","","","","","","","","","","","","","","","","","","","","","","","","","","","","","",7.5,1,-12.9,1,7.5,1,"","",8.7,1,"","","","","","","","","","","","","","","","","","","","",22,1,"","","","","","","","","","","","",2.3,1,"","","","","","","","","","","","","","","","","","","","","","","","","","","","","","","","","","","","","","","","","","","","","","","","","","","","","","","","","","","","","","","","","","","","","","","","","","","","","","","","","","","","","","","","","","","","","","","","","","","","","","","","","","","","","","","","","","","",""
"06163007","TENDE_SAPC",44.043167,7.586,636,2000022017,0.,1,"","","","","","","","","","","","","","","","","","","","","","","","","","","","","","","","","","",5.8,1,-13.3,1,5.8,1,"","",7.6,1,"","","","","","","","","","","","","","","","","","","","",24,1,"","","","","","","","","","","","",2.2,1,"","","","","","","","","","","","","","","","","","","","","","","","","","","","","","","","","","","","","","","","","","","","","","","","","","","","","","","","","","","","","","","","","","","","","","","","","","","","","","","","","","","","","","","","","","","","","","","","","","","","","","","","","","","","","","","","","","","",""
"06163007","TENDE_SAPC",44.043167,7.586,636,2000022018,0.,1,"","","","","","","","","","","","","","","","","","","","","","","","","","","","","","","","","","",3.5,1,-11.7,1,3.5,1,"","",5.8,1,"","","","","","","","","","","","","","","","","","","","",32,1,"","","","","","","","","","","","",2.5,1,"","","","","","","","","","","","","","","","","","","","","","","","","","","","","","","","","","","","","","","","","","","","","","","","","","","","","","","","","","","","","","","","","","","","","","","","","","","","","","","","","","","","","","","","","","","","","","","","","","","","","","","","","","","","","","","","","","","",""
"06163007","TENDE_SAPC",44.043167,7.586,636,2000022019,0.,1,"","","","","","","","","","","","","","","","","","","","","","","","","","","","","","","","","","",3.1,1,-12.,1,3.1,1,"","",4.,1,"","","","","","","","","","","","","","","","","","","","",32,1,"","","","","","","","","","","","",2.4,1,"","","","","","","","","","","","","","","","","","","","","","","","","","","","","","","","","","","","","","","","","","","","","","","","","","","","","","","","","","","","","","","","","","","","","","","","","","","","","","","","","","","","","","","","","","","","","","","","","","","","","","","","","","","","","","","","","","","",""
"06163007","TENDE_SAPC",44.043167,7.586,636,2000022020,0.,1,"","","","","","","","","","","","","","","","","","","","","","","","","","","","","","","","","","",1.6,1,-10.9,1,1.6,1,"","",3.1,1,"","","","","","","","","","","","","","","","","","","","",39,1,"","","","","","","","","","","","",2.7,1,"","","","","","","","","","","","","","","","","","","","","","","","","","","","","","","","","","","","","","","","","","","","","","","","","","","","","","","","","","","","","","","","","","","","","","","","","","","","","","","","","","","","","","","","","","","","","","","","","","","","","","","","","","","","","","","","","","","",""
"06163007","TENDE_SAPC",44.043167,7.586,636,2000022021,0.,1,"","","","","","","","","","","","","","","","","","","","","","","","","","","","","","","","","","",0.2,1,-10.9,1,0.2,1,"","",1.5,1,"","","","","","","","","","","","","","","","","","","","",43,1,"","","","","","","","","","","","",2.7,1,"","","","","","","","","","","","","","","","","","","","","","","","","","","","","","","","","","","","","","","","","","","","","","","","","","","","","","","","","","","","","","","","","","","","","","","","","","","","","","","","","","","","","","","","","","","","","","","","","","","","","","","","","","","","","","","","","","","",""
"06163007","TENDE_SAPC",44.043167,7.586,636,2000022022,0.,1,"","","","","","","","","","","","","","","","","","","","","","","","","","","","","","","","","","",-0.5,1,-10.7,1,-0.5,1,"","",0.1,1,"","","","","","","","","","","","","","","","","","","","",46,1,"","","","","","","","","","","","",2.7,1,"","","","","","","","","","","","","","","","","","","","","","","","","","","","","","","","","","","","","","","","","","","","","","","","","","","","","","","","","","","","","","","","","","","","","","","","","","","","","","","","","","","","","","","","","","","","","","","","","","","","","","","","","","","","","","","","","","","",""
"06163007","TENDE_SAPC",44.043167,7.586,636,2000022023,0.,1,"","","","","","","","","","","","","","","","","","","","","","","","","","","","","","","","","","",-1.3,1,-11.7,1,-1.3,1,"","",-0.4,1,"","","","","","","","","","","","","","","","","","","","",45,1,"","","","","","","","","","","","",2.5,1,"","","","","","","","","","","","","","","","","","","","","","","","","","","","","","","","","","","","","","","","","","","","","","","","","","","","","","","","","","","","","","","","","","","","","","","","","","","","","","","","","","","","","","","","","","","","","","","","","","","","","","","","","","","","","","","","","","","",""
"06163007","TENDE_SAPC",44.043167,7.586,636,2000022100,0.,1,"","","","","","","","","","","","","","","","","","","","","","","","","","","","","","","","","","",0.,1,-13.,1,-1.6,1,"","",0.,1,"","","","","","","","","","","","","","","","","","","","",37,1,"","","","","","","","","","","","",2.3,1,"","","","","","","","","","","","","","","","","","","","","","","","","","","","","","","","","","","","","","","","","","","","","","","","","","","","","","","","","","","","","","","","","","","","","","","","","","","","","","","","","","","","","","","","","","","","","","","","","","","","","","","","","","","","","","","","","","","",""
"06163007","TENDE_SAPC",44.043167,7.586,636,2000022101,0.,1,"","","","","","","","","","","","","","","","","","","","","","","","","","","","","","","","","","",0.2,1,-13.1,1,0.,1,"","",1.6,1,"","","","","","","","","","","","","","","","","","","","",36,1,"","","","","","","","","","","","",2.2,1,"","","","","","","","","","","","","","","","","","","","","","","","","","","","","","","","","","","","","","","","","","","","","","","","","","","","","","","","","","","","","","","","","","","","","","","","","","","","","","","","","","","","","","","","","","","","","","","","","","","","","","","","","","","","","","","","","","","",""
"06163007","TENDE_SAPC",44.043167,7.586,636,2000022102,0.,1,"","","","","","","","","","","","","","","","","","","","","","","","","","","","","","","","","","",-0.4,1,-13.3,1,-0.6,1,"","",0.2,1,"","","","","","","","","","","","","","","","","","","","",37,1,"","","","","","","","","","","","",2.2,1,"","","","","","","","","","","","","","","","","","","","","","","","","","","","","","","","","","","","","","","","","","","","","","","","","","","","","","","","","","","","","","","","","","","","","","","","","","","","","","","","","","","","","","","","","","","","","","","","","","","","","","","","","","","","","","","","","","","",""
"06163007","TENDE_SAPC",44.043167,7.586,636,2000022103,0.,1,"","","","","","","","","","","","","","","","","","","","","","","","","","","","","","","","","","",-1.6,1,-13.5,1,-1.7,1,"","",-0.5,1,"","","","","","","","","","","","","","","","","","","","",40,1,"","","","","","","","","","","","",2.2,1,"","","","","","","","","","","","","","","","","","","","","","","","","","","","","","","","","","","","","","","","","","","","","","","","","","","","","","","","","","","","","","","","","","","","","","","","","","","","","","","","","","","","","","","","","","","","","","","","","","","","","","","","","","","","","","","","","","","",""
"06163007","TENDE_SAPC",44.043167,7.586,636,2000022104,0.,1,"","","","","","","","","","","","","","","","","","","","","","","","","","","","","","","","","","",-1.6,1,-13.8,1,-1.8,1,"","",-1.4,1,"","","","","","","","","","","","","","","","","","","","",39,1,"","","","","","","","","","","","",2.1,1,"","","","","","","","","","","","","","","","","","","","","","","","","","","","","","","","","","","","","","","","","","","","","","","","","","","","","","","","","","","","","","","","","","","","","","","","","","","","","","","","","","","","","","","","","","","","","","","","","","","","","","","","","","","","","","","","","","","",""
"06163007","TENDE_SAPC",44.043167,7.586,636,2000022105,0.,1,"","","","","","","","","","","","","","","","","","","","","","","","","","","","","","","","","","",-1.7,1,-13.9,1,-1.7,1,"","",-1.3,1,"","","","","","","","","","","","","","","","","","","","",39,1,"","","","","","","","","","","","",2.1,1,"","","","","","","","","","","","","","","","","","","","","","","","","","","","","","","","","","","","","","","","","","","","","","","","","","","","","","","","","","","","","","","","","","","","","","","","","","","","","","","","","","","","","","","","","","","","","","","","","","","","","","","","","","","","","","","","","","","",""
"06163007","TENDE_SAPC",44.043167,7.586,636,2000022106,0.,1,"","","","","","","","","","","","","","","","","","","","","","","","","","","","","","","","","","",-2.3,1,-13.8,1,-2.3,1,"","",-1.6,1,"","","","","","","","","","","","","","","","","","","","",41,1,"","","","","","","","","","","","",2.1,1,"","","","","","","","","","","","","","","","","","","","","","","","","","","","","","","","","","","","","","","","","","","","","","","","","","","","","","","","","","","","","","","","","","","","","","","","","","","","","","","","","","","","","","","","","","","","","","","","","","","","","","","","","","","","","","","","","","","",""
"06163007","TENDE_SAPC",44.043167,7.586,636,2000022107,0.,1,"","","","","","","","","","","","","","","","","","","","","","","","","","","","","","","","","","",-2.7,1,-14.2,1,-2.9,1,"","",-2.4,1,"","","","","","","","","","","","","","","","","","","","",41,1,"","","","","","","","","","","","",2.1,1,"","","","","","","","","","","","","","","","","","","","","","","","","","","","","","","","","","","","","","","","","","","","","","","","","","","","","","","","","","","","","","","","","","","","","","","","","","","","","","","","","","","","","","","","","","","","","","","","","","","","","","","","","","","","","","","","","","","",""
"06163007","TENDE_SAPC",44.043167,7.586,636,2000022108,0.,1,"","","","","","","","","","","","","","","","","","","","","","","","","","","","","","","","","","",-2.6,1,-13.8,1,-2.7,1,"","",-2.5,1,"","","","","","","","","","","","","","","","","","","","",42,1,"","","","","","","","","","","","",2.1,1,"","","","","","","","","","","","","","","","","","","","","","","","","","","","","","","","","","","","","","","","","","","","","","","","","","","","","","","","","","","","","","","","","","","","","","","","","","","","","","","","","","","","","","","","","","","","","","","","","","","","","","","","","","","","","","","","","","","",""
"06163007","TENDE_SAPC",44.043167,7.586,636,2000022109,0.,1,"","","","","","","","","","","","","","","","","","","","","","","","","","","","","","","","","","",-2.7,1,-12.2,1,-2.9,1,"","",-2.6,1,"","","","","","","","","","","","","","","","","","","","",48,1,"","","","","","","","","","","","",2.4,1,"","","","","","","","","","","","","","","","","","","","","","","","","","","","","","","","","","","","","","","","","","","","","","","","","","","","","","","","","","","","","","","","","","","","","","","","","","","","","","","","","","","","","","","","","","","","","","","","","","","","","","","","","","","","","","","","","","","",""
"06163007","TENDE_SAPC",44.043167,7.586,636,2000022110,0.,1,"","","","","","","","","","","","","","","","","","","","","","","","","","","","","","","","","","",3.5,1,-12.9,1,-2.7,1,"","",3.5,1,"","","","","","","","","","","","","","","","","","","","",29,1,"","","","","","","","","","","","",2.3,1,"","","","","","","","","","","","","","","","","","","","","","","","","","","","","","","","","","","","","","","","","","","","","","","","","","","","","","","","","","","","","","","","","","","","","","","","","","","","","","","","","","","","","","","","","","","","","","","","","","","","","","","","","","","","","","","","","","","",""
"06163007","TENDE_SAPC",44.043167,7.586,636,2000022111,0.,1,"","","","","","","","","","","","","","","","","","","","","","","","","","","","","","","","","","",8.9,1,-10.1,1,3.7,1,"","",9.,1,"","","","","","","","","","","","","","","","","","","","",25,1,"","","","","","","","","","","","",2.8,1,"","","","","","","","","","","","","","","","","","","","","","","","","","","","","","","","","","","","","","","","","","","","","","","","","","","","","","","","","","","","","","","","","","","","","","","","","","","","","","","","","","","","","","","","","","","","","","","","","","","","","","","","","","","","","","","","","","","",""
"06163007","TENDE_SAPC",44.043167,7.586,636,2000022112,0.,1,"","","","","","","","","","","","","","","","","","","","","","","","","","","","","","","","","","",9.9,1,-8.7,1,9.,1,"","",10.,1,"","","","","","","","","","","","","","","","","","","","",26,1,"","","","","","","","","","","","",3.2,1,"","","","","","","","","","","","","","","","","","","","","","","","","","","","","","","","","","","","","","","","","","","","","","","","","","","","","","","","","","","","","","","","","","","","","","","","","","","","","","","","","","","","","","","","","","","","","","","","","","","","","","","","","","","","","","","","","","","",""
"06163007","TENDE_SAPC",44.043167,7.586,636,2000022113,0.,1,"","","","","","","","","","","","","","","","","","","","","","","","","","","","","","","","","","",9.6,1,-5.9,1,9.6,1,"","",10.,1,"","","","","","","","","","","","","","","","","","","","",33,1,"","","","","","","","","","","","",3.9,1,"","","","","","","","","","","","","","","","","","","","","","","","","","","","","","","","","","","","","","","","","","","","","","","","","","","","","","","","","","","","","","","","","","","","","","","","","","","","","","","","","","","","","","","","","","","","","","","","","","","","","","","","","","","","","","","","","","","",""
"06163007","TENDE_SAPC",44.043167,7.586,636,2000022114,0.,1,"","","","","","","","","","","","","","","","","","","","","","","","","","","","","","","","","","",9.1,1,-4.8,1,9.1,1,"","",9.6,1,"","","","","","","","","","","","","","","","","","","","",37,1,"","","","","","","","","","","","",4.3,1,"","","","","","","","","","","","","","","","","","","","","","","","","","","","","","","","","","","","","","","","","","","","","","","","","","","","","","","","","","","","","","","","","","","","","","","","","","","","","","","","","","","","","","","","","","","","","","","","","","","","","","","","","","","","","","","","","","","",""
"06163007","TENDE_SAPC",44.043167,7.586,636,2000022115,0.,1,"","","","","","","","","","","","","","","","","","","","","","","","","","","","","","","","","","",7.7,1,-2.4,1,7.7,1,"","",9.1,1,"","","","","","","","","","","","","","","","","","","","",49,1,"","","","","","","","","","","","",5.1,1,"","","","","","","","","","","","","","","","","","","","","","","","","","","","","","","","","","","","","","","","","","","","","","","","","","","","","","","","","","","","","","","","","","","","","","","","","","","","","","","","","","","","","","","","","","","","","","","","","","","","","","","","","","","","","","","","","","","",""
"06163007","TENDE_SAPC",44.043167,7.586,636,2000022116,0.,1,"","","","","","","","","","","","","","","","","","","","","","","","","","","","","","","","","","",6.6,1,-1.6,1,6.6,1,"","",7.7,1,"","","","","","","","","","","","","","","","","","","","",56,1,"","","","","","","","","","","","",5.5,1,"","","","","","","","","","","","","","","","","","","","","","","","","","","","","","","","","","","","","","","","","","","","","","","","","","","","","","","","","","","","","","","","","","","","","","","","","","","","","","","","","","","","","","","","","","","","","","","","","","","","","","","","","","","","","","","","","","","",""
"06163007","TENDE_SAPC",44.043167,7.586,636,2000022117,0.,1,"","","","","","","","","","","","","","","","","","","","","","","","","","","","","","","","","","",6.2,1,-0.8,1,6.2,1,"","",6.6,1,"","","","","","","","","","","","","","","","","","","","",61,1,"","","","","","","","","","","","",5.8,1,"","","","","","","","","","","","","","","","","","","","","","","","","","","","","","","","","","","","","","","","","","","","","","","","","","","","","","","","","","","","","","","","","","","","","","","","","","","","","","","","","","","","","","","","","","","","","","","","","","","","","","","","","","","","","","","","","","","",""
"06163007","TENDE_SAPC",44.043167,7.586,636,2000022118,0.,1,"","","","","","","","","","","","","","","","","","","","","","","","","","","","","","","","","","",5.7,1,-1.,1,5.7,1,"","",6.2,1,"","","","","","","","","","","","","","","","","","","","",62,1,"","","","","","","","","","","","",5.7,1,"","","","","","","","","","","","","","","","","","","","","","","","","","","","","","","","","","","","","","","","","","","","","","","","","","","","","","","","","","","","","","","","","","","","","","","","","","","","","","","","","","","","","","","","","","","","","","","","","","","","","","","","","","","","","","","","","","","",""
"06163007","TENDE_SAPC",44.043167,7.586,636,2000022119,0.,1,"","","","","","","","","","","","","","","","","","","","","","","","","","","","","","","","","","",4.7,1,-1.8,1,4.7,1,"","",5.6,1,"","","","","","","","","","","","","","","","","","","","",63,1,"","","","","","","","","","","","",5.4,1,"","","","","","","","","","","","","","","","","","","","","","","","","","","","","","","","","","","","","","","","","","","","","","","","","","","","","","","","","","","","","","","","","","","","","","","","","","","","","","","","","","","","","","","","","","","","","","","","","","","","","","","","","","","","","","","","","","","",""
"06163007","TENDE_SAPC",44.043167,7.586,636,2000022120,0.,1,"","","","","","","","","","","","","","","","","","","","","","","","","","","","","","","","","","",4.,1,-1.6,1,4.,1,"","",4.7,1,"","","","","","","","","","","","","","","","","","","","",67,1,"","","","","","","","","","","","",5.4,1,"","","","","","","","","","","","","","","","","","","","","","","","","","","","","","","","","","","","","","","","","","","","","","","","","","","","","","","","","","","","","","","","","","","","","","","","","","","","","","","","","","","","","","","","","","","","","","","","","","","","","","","","","","","","","","","","","","","",""
"06163007","TENDE_SAPC",44.043167,7.586,636,2000022121,0.,1,"","","","","","","","","","","","","","","","","","","","","","","","","","","","","","","","","","",2.2,1,-2.1,1,2.2,1,"","",3.9,1,"","","","","","","","","","","","","","","","","","","","",73,1,"","","","","","","","","","","","",5.2,1,"","","","","","","","","","","","","","","","","","","","","","","","","","","","","","","","","","","","","","","","","","","","","","","","","","","","","","","","","","","","","","","","","","","","","","","","","","","","","","","","","","","","","","","","","","","","","","","","","","","","","","","","","","","","","","","","","","","",""
"06163007","TENDE_SAPC",44.043167,7.586,636,2000022122,0.,1,"","","","","","","","","","","","","","","","","","","","","","","","","","","","","","","","","","",1.6,1,-2.4,1,1.6,1,"","",2.2,1,"","","","","","","","","","","","","","","","","","","","",75,1,"","","","","","","","","","","","",5.1,1,"","","","","","","","","","","","","","","","","","","","","","","","","","","","","","","","","","","","","","","","","","","","","","","","","","","","","","","","","","","","","","","","","","","","","","","","","","","","","","","","","","","","","","","","","","","","","","","","","","","","","","","","","","","","","","","","","","","",""
"06163007","TENDE_SAPC",44.043167,7.586,636,2000022123,0.,1,"","","","","","","","","","","","","","","","","","","","","","","","","","","","","","","","","","",1.9,1,-2.4,1,1.5,1,"","",1.9,1,"","","","","","","","","","","","","","","","","","","","",73,1,"","","","","","","","","","","","",5.1,1,"","","","","","","","","","","","","","","","","","","","","","","","","","","","","","","","","","","","","","","","","","","","","","","","","","","","","","","","","","","","","","","","","","","","","","","","","","","","","","","","","","","","","","","","","","","","","","","","","","","","","","","","","","","","","","","","","","","",""
"06163007","TENDE_SAPC",44.043167,7.586,636,2000022200,0.,1,"","","","","","","","","","","","","","","","","","","","","","","","","","","","","","","","","","",1.4,1,-2.9,1,1.4,1,"","",1.9,1,"","","","","","","","","","","","","","","","","","","","",73,1,"","","","","","","","","","","","",4.9,1,"","","","","","","","","","","","","","","","","","","","","","","","","","","","","","","","","","","","","","","","","","","","","","","","","","","","","","","","","","","","","","","","","","","","","","","","","","","","","","","","","","","","","","","","","","","","","","","","","","","","","","","","","","","","","","","","","","","",""
"06163007","TENDE_SAPC",44.043167,7.586,636,2000022201,0.,1,"","","","","","","","","","","","","","","","","","","","","","","","","","","","","","","","","","",0.7,1,-2.9,1,0.7,1,"","",1.4,1,"","","","","","","","","","","","","","","","","","","","",77,1,"","","","","","","","","","","","",5.,1,"","","","","","","","","","","","","","","","","","","","","","","","","","","","","","","","","","","","","","","","","","","","","","","","","","","","","","","","","","","","","","","","","","","","","","","","","","","","","","","","","","","","","","","","","","","","","","","","","","","","","","","","","","","","","","","","","","","",""
"06163007","TENDE_SAPC",44.043167,7.586,636,2000022202,0.,1,"","","","","","","","","","","","","","","","","","","","","","","","","","","","","","","","","","",0.7,1,-3.,1,0.5,1,"","",0.7,1,"","","","","","","","","","","","","","","","","","","","",76,1,"","","","","","","","","","","","",4.9,1,"","","","","","","","","","","","","","","","","","","","","","","","","","","","","","","","","","","","","","","","","","","","","","","","","","","","","","","","","","","","","","","","","","","","","","","","","","","","","","","","","","","","","","","","","","","","","","","","","","","","","","","","","","","","","","","","","","","",""
"06163007","TENDE_SAPC",44.043167,7.586,636,2000022203,0.,1,"","","","","","","","","","","","","","","","","","","","","","","","","","","","","","","","","","",0.2,1,-3.2,1,0.2,1,"","",0.7,1,"","","","","","","","","","","","","","","","","","","","",78,1,"","","","","","","","","","","","",4.8,1,"","","","","","","","","","","","","","","","","","","","","","","","","","","","","","","","","","","","","","","","","","","","","","","","","","","","","","","","","","","","","","","","","","","","","","","","","","","","","","","","","","","","","","","","","","","","","","","","","","","","","","","","","","","","","","","","","","","",""
"06163007","TENDE_SAPC",44.043167,7.586,636,2000022204,0.,1,"","","","","","","","","","","","","","","","","","","","","","","","","","","","","","","","","","",-0.3,1,-3.7,1,-0.3,1,"","",0.2,1,"","","","","","","","","","","","","","","","","","","","",78,1,"","","","","","","","","","","","",4.7,1,"","","","","","","","","","","","","","","","","","","","","","","","","","","","","","","","","","","","","","","","","","","","","","","","","","","","","","","","","","","","","","","","","","","","","","","","","","","","","","","","","","","","","","","","","","","","","","","","","","","","","","","","","","","","","","","","","","","",""
"06163007","TENDE_SAPC",44.043167,7.586,636,2000022205,0.,1,"","","","","","","","","","","","","","","","","","","","","","","","","","","","","","","","","","",-1.,1,-4.2,1,-1.,1,"","",-0.3,1,"","","","","","","","","","","","","","","","","","","","",79,1,"","","","","","","","","","","","",4.5,1,"","","","","","","","","","","","","","","","","","","","","","","","","","","","","","","","","","","","","","","","","","","","","","","","","","","","","","","","","","","","","","","","","","","","","","","","","","","","","","","","","","","","","","","","","","","","","","","","","","","","","","","","","","","","","","","","","","","",""
"06163007","TENDE_SAPC",44.043167,7.586,636,2000022206,0.,1,"","","","","","","","","","","","","","","","","","","","","","","","","","","","","","","","","","",-1.5,1,-4.5,1,-1.5,1,"","",-1.,1,"","","","","","","","","","","","","","","","","","","","",80,1,"","","","","","","","","","","","",4.4,1,"","","","","","","","","","","","","","","","","","","","","","","","","","","","","","","","","","","","","","","","","","","","","","","","","","","","","","","","","","","","","","","","","","","","","","","","","","","","","","","","","","","","","","","","","","","","","","","","","","","","","","","","","","","","","","","","","","","",""
"06163007","TENDE_SAPC",44.043167,7.586,636,2000022207,0.,1,"","","","","","","","","","","","","","","","","","","","","","","","","","","","","","","","","","",-1.4,1,-4.4,1,-1.6,1,"","",-1.4,1,"","","","","","","","","","","","","","","","","","","","",80,1,"","","","","","","","","","","","",4.4,1,"","","","","","","","","","","","","","","","","","","","","","","","","","","","","","","","","","","","","","","","","","","","","","","","","","","","","","","","","","","","","","","","","","","","","","","","","","","","","","","","","","","","","","","","","","","","","","","","","","","","","","","","","","","","","","","","","","","",""
"06163007","TENDE_SAPC",44.043167,7.586,636,2000022208,0.,1,"","","","","","","","","","","","","","","","","","","","","","","","","","","","","","","","","","",-0.7,1,-4.4,1,-1.4,1,"","",-0.7,1,"","","","","","","","","","","","","","","","","","","","",76,1,"","","","","","","","","","","","",4.4,1,"","","","","","","","","","","","","","","","","","","","","","","","","","","","","","","","","","","","","","","","","","","","","","","","","","","","","","","","","","","","","","","","","","","","","","","","","","","","","","","","","","","","","","","","","","","","","","","","","","","","","","","","","","","","","","","","","","","",""
"06163007","TENDE_SAPC",44.043167,7.586,636,2000022209,0.,1,"","","","","","","","","","","","","","","","","","","","","","","","","","","","","","","","","","",0.,1,-4.1,1,-0.8,1,"","",0.,1,"","","","","","","","","","","","","","","","","","","","",74,1,"","","","","","","","","","","","",4.5,1,"","","","","","","","","","","","","","","","","","","","","","","","","","","","","","","","","","","","","","","","","","","","","","","","","","","","","","","","","","","","","","","","","","","","","","","","","","","","","","","","","","","","","","","","","","","","","","","","","","","","","","","","","","","","","","","","","","","",""
"06163007","TENDE_SAPC",44.043167,7.586,636,2000022210,0.,1,"","","","","","","","","","","","","","","","","","","","","","","","","","","","","","","","","","",4.5,1,-4.,1,0.,1,"","",4.5,1,"","","","","","","","","","","","","","","","","","","","",54,1,"","","","","","","","","","","","",4.5,1,"","","","","","","","","","","","","","","","","","","","","","","","","","","","","","","","","","","","","","","","","","","","","","","","","","","","","","","","","","","","","","","","","","","","","","","","","","","","","","","","","","","","","","","","","","","","","","","","","","","","","","","","","","","","","","","","","","","",""
"06163007","TENDE_SAPC",44.043167,7.586,636,2000022211,0.,1,"","","","","","","","","","","","","","","","","","","","","","","","","","","","","","","","","","",6.1,1,-3.8,1,4.6,1,"","",6.1,1,"","","","","","","","","","","","","","","","","","","","",49,1,"","","","","","","","","","","","",4.6,1,"","","","","","","","","","","","","","","","","","","","","","","","","","","","","","","","","","","","","","","","","","","","","","","","","","","","","","","","","","","","","","","","","","","","","","","","","","","","","","","","","","","","","","","","","","","","","","","","","","","","","","","","","","","","","","","","","","","",""
"06163007","TENDE_SAPC",44.043167,7.586,636,2000022212,0.,1,"","","","","","","","","","","","","","","","","","","","","","","","","","","","","","","","","","",6.9,1,-3.9,1,6.1,1,"","",6.9,1,"","","","","","","","","","","","","","","","","","","","",46,1,"","","","","","","","","","","","",4.6,1,"","","","","","","","","","","","","","","","","","","","","","","","","","","","","","","","","","","","","","","","","","","","","","","","","","","","","","","","","","","","","","","","","","","","","","","","","","","","","","","","","","","","","","","","","","","","","","","","","","","","","","","","","","","","","","","","","","","",""
"06163007","TENDE_SAPC",44.043167,7.586,636,2000022213,0.,1,"","","","","","","","","","","","","","","","","","","","","","","","","","","","","","","","","","",6.8,1,-4.3,1,6.8,1,"","",7.,1,"","","","","","","","","","","","","","","","","","","","",45,1,"","","","","","","","","","","","",4.4,1,"","","","","","","","","","","","","","","","","","","","","","","","","","","","","","","","","","","","","","","","","","","","","","","","","","","","","","","","","","","","","","","","","","","","","","","","","","","","","","","","","","","","","","","","","","","","","","","","","","","","","","","","","","","","","","","","","","","",""
"06163007","TENDE_SAPC",44.043167,7.586,636,2000022214,0.,1,"","","","","","","","","","","","","","","","","","","","","","","","","","","","","","","","","","",6.8,1,-4.6,1,6.7,1,"","",6.9,1,"","","","","","","","","","","","","","","","","","","","",44,1,"","","","","","","","","","","","",4.3,1,"","","","","","","","","","","","","","","","","","","","","","","","","","","","","","","","","","","","","","","","","","","","","","","","","","","","","","","","","","","","","","","","","","","","","","","","","","","","","","","","","","","","","","","","","","","","","","","","","","","","","","","","","","","","","","","","","","","",""
"06163007","TENDE_SAPC",44.043167,7.586,636,2000022215,0.,1,"","","","","","","","","","","","","","","","","","","","","","","","","","","","","","","","","","",6.6,1,-4.5,1,6.6,1,"","",6.8,1,"","","","","","","","","","","","","","","","","","","","",45,1,"","","","","","","","","","","","",4.4,1,"","","","","","","","","","","","","","","","","","","","","","","","","","","","","","","","","","","","","","","","","","","","","","","","","","","","","","","","","","","","","","","","","","","","","","","","","","","","","","","","","","","","","","","","","","","","","","","","","","","","","","","","","","","","","","","","","","","",""
"06163007","TENDE_SAPC",44.043167,7.586,636,2000022216,0.,1,"","","","","","","","","","","","","","","","","","","","","","","","","","","","","","","","","","",6.3,1,-3.4,1,6.3,1,"","",6.6,1,"","","","","","","","","","","","","","","","","","","","",50,1,"","","","","","","","","","","","",4.8,1,"","","","","","","","","","","","","","","","","","","","","","","","","","","","","","","","","","","","","","","","","","","","","","","","","","","","","","","","","","","","","","","","","","","","","","","","","","","","","","","","","","","","","","","","","","","","","","","","","","","","","","","","","","","","","","","","","","","",""
"06163007","TENDE_SAPC",44.043167,7.586,636,2000022217,0.,1,"","","","","","","","","","","","","","","","","","","","","","","","","","","","","","","","","","",5.2,1,-2.2,1,5.2,1,"","",6.3,1,"","","","","","","","","","","","","","","","","","","","",59,1,"","","","","","","","","","","","",5.2,1,"","","","","","","","","","","","","","","","","","","","","","","","","","","","","","","","","","","","","","","","","","","","","","","","","","","","","","","","","","","","","","","","","","","","","","","","","","","","","","","","","","","","","","","","","","","","","","","","","","","","","","","","","","","","","","","","","","","",""
"06163007","TENDE_SAPC",44.043167,7.586,636,2000022218,0.,1,"","","","","","","","","","","","","","","","","","","","","","","","","","","","","","","","","","",4.,1,-2.,1,4.,1,"","",5.1,1,"","","","","","","","","","","","","","","","","","","","",65,1,"","","","","","","","","","","","",5.3,1,"","","","","","","","","","","","","","","","","","","","","","","","","","","","","","","","","","","","","","","","","","","","","","","","","","","","","","","","","","","","","","","","","","","","","","","","","","","","","","","","","","","","","","","","","","","","","","","","","","","","","","","","","","","","","","","","","","","",""
"06163007","TENDE_SAPC",44.043167,7.586,636,2000022219,0.,1,"","","","","","","","","","","","","","","","","","","","","","","","","","","","","","","","","","",3.2,1,-3.,1,3.2,1,"","",4.,1,"","","","","","","","","","","","","","","","","","","","",64,1,"","","","","","","","","","","","",4.9,1,"","","","","","","","","","","","","","","","","","","","","","","","","","","","","","","","","","","","","","","","","","","","","","","","","","","","","","","","","","","","","","","","","","","","","","","","","","","","","","","","","","","","","","","","","","","","","","","","","","","","","","","","","","","","","","","","","","","",""
"06163007","TENDE_SAPC",44.043167,7.586,636,2000022220,0.,1,"","","","","","","","","","","","","","","","","","","","","","","","","","","","","","","","","","",2.8,1,-3.6,1,2.8,1,"","",3.2,1,"","","","","","","","","","","","","","","","","","","","",63,1,"","","","","","","","","","","","",4.7,1,"","","","","","","","","","","","","","","","","","","","","","","","","","","","","","","","","","","","","","","","","","","","","","","","","","","","","","","","","","","","","","","","","","","","","","","","","","","","","","","","","","","","","","","","","","","","","","","","","","","","","","","","","","","","","","","","","","","",""
"06163007","TENDE_SAPC",44.043167,7.586,636,2000022221,0.,1,"","","","","","","","","","","","","","","","","","","","","","","","","","","","","","","","","","",2.7,1,-3.2,1,2.7,1,"","",2.9,1,"","","","","","","","","","","","","","","","","","","","",65,1,"","","","","","","","","","","","",4.8,1,"","","","","","","","","","","","","","","","","","","","","","","","","","","","","","","","","","","","","","","","","","","","","","","","","","","","","","","","","","","","","","","","","","","","","","","","","","","","","","","","","","","","","","","","","","","","","","","","","","","","","","","","","","","","","","","","","","","",""
"06163007","TENDE_SAPC",44.043167,7.586,636,2000022222,0.,1,"","","","","","","","","","","","","","","","","","","","","","","","","","","","","","","","","","",1.5,1,-3.6,1,1.5,1,"","",2.7,1,"","","","","","","","","","","","","","","","","","","","",69,1,"","","","","","","","","","","","",4.7,1,"","","","","","","","","","","","","","","","","","","","","","","","","","","","","","","","","","","","","","","","","","","","","","","","","","","","","","","","","","","","","","","","","","","","","","","","","","","","","","","","","","","","","","","","","","","","","","","","","","","","","","","","","","","","","","","","","","","",""
"06163007","TENDE_SAPC",44.043167,7.586,636,2000022223,0.,1,"","","","","","","","","","","","","","","","","","","","","","","","","","","","","","","","","","",-0.1,1,-4.2,1,-0.1,1,"","",1.5,1,"","","","","","","","","","","","","","","","","","","","",74,1,"","","","","","","","","","","","",4.5,1,"","","","","","","","","","","","","","","","","","","","","","","","","","","","","","","","","","","","","","","","","","","","","","","","","","","","","","","","","","","","","","","","","","","","","","","","","","","","","","","","","","","","","","","","","","","","","","","","","","","","","","","","","","","","","","","","","","","",""
"06163007","TENDE_SAPC",44.043167,7.586,636,2000022300,0.,1,"","","","","","","","","","","","","","","","","","","","","","","","","","","","","","","","","","",-0.7,1,-4.6,1,-0.7,1,"","",-0.1,1,"","","","","","","","","","","","","","","","","","","","",75,1,"","","","","","","","","","","","",4.4,1,"","","","","","","","","","","","","","","","","","","","","","","","","","","","","","","","","","","","","","","","","","","","","","","","","","","","","","","","","","","","","","","","","","","","","","","","","","","","","","","","","","","","","","","","","","","","","","","","","","","","","","","","","","","","","","","","","","","",""
"06163007","TENDE_SAPC",44.043167,7.586,636,2000022301,0.,1,"","","","","","","","","","","","","","","","","","","","","","","","","","","","","","","","","","",-1.3,1,-5.,1,-1.3,1,"","",-0.7,1,"","","","","","","","","","","","","","","","","","","","",76,1,"","","","","","","","","","","","",4.2,1,"","","","","","","","","","","","","","","","","","","","","","","","","","","","","","","","","","","","","","","","","","","","","","","","","","","","","","","","","","","","","","","","","","","","","","","","","","","","","","","","","","","","","","","","","","","","","","","","","","","","","","","","","","","","","","","","","","","",""
"06163007","TENDE_SAPC",44.043167,7.586,636,2000022302,0.,1,"","","","","","","","","","","","","","","","","","","","","","","","","","","","","","","","","","",-1.6,1,-5.1,1,-1.6,1,"","",-1.3,1,"","","","","","","","","","","","","","","","","","","","",77,1,"","","","","","","","","","","","",4.2,1,"","","","","","","","","","","","","","","","","","","","","","","","","","","","","","","","","","","","","","","","","","","","","","","","","","","","","","","","","","","","","","","","","","","","","","","","","","","","","","","","","","","","","","","","","","","","","","","","","","","","","","","","","","","","","","","","","","","",""
"06163007","TENDE_SAPC",44.043167,7.586,636,2000022303,0.,1,"","","","","","","","","","","","","","","","","","","","","","","","","","","","","","","","","","",-2.,1,-5.3,1,-2.,1,"","",-1.6,1,"","","","","","","","","","","","","","","","","","","","",78,1,"","","","","","","","","","","","",4.1,1,"","","","","","","","","","","","","","","","","","","","","","","","","","","","","","","","","","","","","","","","","","","","","","","","","","","","","","","","","","","","","","","","","","","","","","","","","","","","","","","","","","","","","","","","","","","","","","","","","","","","","","","","","","","","","","","","","","","",""
"06163007","TENDE_SAPC",44.043167,7.586,636,2000022304,0.,1,"","","","","","","","","","","","","","","","","","","","","","","","","","","","","","","","","","",-2.3,1,-5.4,1,-2.4,1,"","",-2.,1,"","","","","","","","","","","","","","","","","","","","",79,1,"","","","","","","","","","","","",4.1,1,"","","","","","","","","","","","","","","","","","","","","","","","","","","","","","","","","","","","","","","","","","","","","","","","","","","","","","","","","","","","","","","","","","","","","","","","","","","","","","","","","","","","","","","","","","","","","","","","","","","","","","","","","","","","","","","","","","","",""
"06163007","TENDE_SAPC",44.043167,7.586,636,2000022305,0.,1,"","","","","","","","","","","","","","","","","","","","","","","","","","","","","","","","","","",-2.2,1,-5.7,1,-2.4,1,"","",-2.1,1,"","","","","","","","","","","","","","","","","","","","",77,1,"","","","","","","","","","","","",4.,1,"","","","","","","","","","","","","","","","","","","","","","","","","","","","","","","","","","","","","","","","","","","","","","","","","","","","","","","","","","","","","","","","","","","","","","","","","","","","","","","","","","","","","","","","","","","","","","","","","","","","","","","","","","","","","","","","","","","",""
"06163007","TENDE_SAPC",44.043167,7.586,636,2000022306,0.,1,"","","","","","","","","","","","","","","","","","","","","","","","","","","","","","","","","","",-2.7,1,-5.8,1,-2.7,1,"","",-2.2,1,"","","","","","","","","","","","","","","","","","","","",79,1,"","","","","","","","","","","","",4.,1,"","","","","","","","","","","","","","","","","","","","","","","","","","","","","","","","","","","","","","","","","","","","","","","","","","","","","","","","","","","","","","","","","","","","","","","","","","","","","","","","","","","","","","","","","","","","","","","","","","","","","","","","","","","","","","","","","","","",""
"06163007","TENDE_SAPC",44.043167,7.586,636,2000022307,0.,1,"","","","","","","","","","","","","","","","","","","","","","","","","","","","","","","","","","",-2.6,1,-5.9,1,-2.8,1,"","",-2.6,1,"","","","","","","","","","","","","","","","","","","","",78,1,"","","","","","","","","","","","",3.9,1,"","","","","","","","","","","","","","","","","","","","","","","","","","","","","","","","","","","","","","","","","","","","","","","","","","","","","","","","","","","","","","","","","","","","","","","","","","","","","","","","","","","","","","","","","","","","","","","","","","","","","","","","","","","","","","","","","","","",""
"06163007","TENDE_SAPC",44.043167,7.586,636,2000022308,0.,1,"","","","","","","","","","","","","","","","","","","","","","","","","","","","","","","","","","",-2.1,1,-5.8,1,-2.6,1,"","",-2.1,1,"","","","","","","","","","","","","","","","","","","","",76,1,"","","","","","","","","","","","",4.,1,"","","","","","","","","","","","","","","","","","","","","","","","","","","","","","","","","","","","","","","","","","","","","","","","","","","","","","","","","","","","","","","","","","","","","","","","","","","","","","","","","","","","","","","","","","","","","","","","","","","","","","","","","","","","","","","","","","","",""
"06163007","TENDE_SAPC",44.043167,7.586,636,2000022309,0.,1,"","","","","","","","","","","","","","","","","","","","","","","","","","","","","","","","","","",-1.3,1,-5.,1,-2.,1,"","",-1.3,1,"","","","","","","","","","","","","","","","","","","","",76,1,"","","","","","","","","","","","",4.2,1,"","","","","","","","","","","","","","","","","","","","","","","","","","","","","","","","","","","","","","","","","","","","","","","","","","","","","","","","","","","","","","","","","","","","","","","","","","","","","","","","","","","","","","","","","","","","","","","","","","","","","","","","","","","","","","","","","","","",""
"06163007","TENDE_SAPC",44.043167,7.586,636,2000022310,0.,1,"","","","","","","","","","","","","","","","","","","","","","","","","","","","","","","","","","",4.3,1,-3.7,1,-1.3,1,"","",4.3,1,"","","","","","","","","","","","","","","","","","","","",56,1,"","","","","","","","","","","","",4.6,1,"","","","","","","","","","","","","","","","","","","","","","","","","","","","","","","","","","","","","","","","","","","","","","","","","","","","","","","","","","","","","","","","","","","","","","","","","","","","","","","","","","","","","","","","","","","","","","","","","","","","","","","","","","","","","","","","","","","",""
"06163007","TENDE_SAPC",44.043167,7.586,636,2000022311,0.,1,"","","","","","","","","","","","","","","","","","","","","","","","","","","","","","","","","","",7.3,1,-3.6,1,4.5,1,"","",7.3,1,"","","","","","","","","","","","","","","","","","","","",46,1,"","","","","","","","","","","","",4.7,1,"","","","","","","","","","","","","","","","","","","","","","","","","","","","","","","","","","","","","","","","","","","","","","","","","","","","","","","","","","","","","","","","","","","","","","","","","","","","","","","","","","","","","","","","","","","","","","","","","","","","","","","","","","","","","","","","","","","",""
"06163007","TENDE_SAPC",44.043167,7.586,636,2000022312,0.,1,"","","","","","","","","","","","","","","","","","","","","","","","","","","","","","","","","","",8.,1,-3.2,1,7.3,1,"","",8.,1,"","","","","","","","","","","","","","","","","","","","",45,1,"","","","","","","","","","","","",4.8,1,"","","","","","","","","","","","","","","","","","","","","","","","","","","","","","","","","","","","","","","","","","","","","","","","","","","","","","","","","","","","","","","","","","","","","","","","","","","","","","","","","","","","","","","","","","","","","","","","","","","","","","","","","","","","","","","","","","","",""
"06163007","TENDE_SAPC",44.043167,7.586,636,2000022313,0.,1,"","","","","","","","","","","","","","","","","","","","","","","","","","","","","","","","","","",7.8,1,-3.1,1,7.6,1,"","",8.2,1,"","","","","","","","","","","","","","","","","","","","",46,1,"","","","","","","","","","","","",4.9,1,"","","","","","","","","","","","","","","","","","","","","","","","","","","","","","","","","","","","","","","","","","","","","","","","","","","","","","","","","","","","","","","","","","","","","","","","","","","","","","","","","","","","","","","","","","","","","","","","","","","","","","","","","","","","","","","","","","","",""
"06163007","TENDE_SAPC",44.043167,7.586,636,2000022314,0.,1,"","","","","","","","","","","","","","","","","","","","","","","","","","","","","","","","","","",7.6,1,-2.7,1,7.5,1,"","",7.9,1,"","","","","","","","","","","","","","","","","","","","",48,1,"","","","","","","","","","","","",5.,1,"","","","","","","","","","","","","","","","","","","","","","","","","","","","","","","","","","","","","","","","","","","","","","","","","","","","","","","","","","","","","","","","","","","","","","","","","","","","","","","","","","","","","","","","","","","","","","","","","","","","","","","","","","","","","","","","","","","",""
"06163007","TENDE_SAPC",44.043167,7.586,636,2000022315,0.,1,"","","","","","","","","","","","","","","","","","","","","","","","","","","","","","","","","","",6.9,1,-2.,1,6.9,1,"","",7.6,1,"","","","","","","","","","","","","","","","","","","","",53,1,"","","","","","","","","","","","",5.3,1,"","","","","","","","","","","","","","","","","","","","","","","","","","","","","","","","","","","","","","","","","","","","","","","","","","","","","","","","","","","","","","","","","","","","","","","","","","","","","","","","","","","","","","","","","","","","","","","","","","","","","","","","","","","","","","","","","","","",""
"06163007","TENDE_SAPC",44.043167,7.586,636,2000022316,0.,1,"","","","","","","","","","","","","","","","","","","","","","","","","","","","","","","","","","",6.,1,-1.9,1,6.,1,"","",6.9,1,"","","","","","","","","","","","","","","","","","","","",57,1,"","","","","","","","","","","","",5.3,1,"","","","","","","","","","","","","","","","","","","","","","","","","","","","","","","","","","","","","","","","","","","","","","","","","","","","","","","","","","","","","","","","","","","","","","","","","","","","","","","","","","","","","","","","","","","","","","","","","","","","","","","","","","","","","","","","","","","",""
"06163007","TENDE_SAPC",44.043167,7.586,636,2000022317,0.,1,"","","","","","","","","","","","","","","","","","","","","","","","","","","","","","","","","","",5.5,1,-1.7,1,5.5,1,"","",6.,1,"","","","","","","","","","","","","","","","","","","","",60,1,"","","","","","","","","","","","",5.4,1,"","","","","","","","","","","","","","","","","","","","","","","","","","","","","","","","","","","","","","","","","","","","","","","","","","","","","","","","","","","","","","","","","","","","","","","","","","","","","","","","","","","","","","","","","","","","","","","","","","","","","","","","","","","","","","","","","","","",""
"06163007","TENDE_SAPC",44.043167,7.586,636,2000022318,0.,1,"","","","","","","","","","","","","","","","","","","","","","","","","","","","","","","","","","",3.5,1,-2.3,1,3.5,1,"","",5.5,1,"","","","","","","","","","","","","","","","","","","","",66,1,"","","","","","","","","","","","",5.2,1,"","","","","","","","","","","","","","","","","","","","","","","","","","","","","","","","","","","","","","","","","","","","","","","","","","","","","","","","","","","","","","","","","","","","","","","","","","","","","","","","","","","","","","","","","","","","","","","","","","","","","","","","","","","","","","","","","","","",""
"06163007","TENDE_SAPC",44.043167,7.586,636,2000022319,0.,1,"","","","","","","","","","","","","","","","","","","","","","","","","","","","","","","","","","",1.3,1,-2.8,1,1.3,1,"","",3.5,1,"","","","","","","","","","","","","","","","","","","","",74,1,"","","","","","","","","","","","",5.,1,"","","","","","","","","","","","","","","","","","","","","","","","","","","","","","","","","","","","","","","","","","","","","","","","","","","","","","","","","","","","","","","","","","","","","","","","","","","","","","","","","","","","","","","","","","","","","","","","","","","","","","","","","","","","","","","","","","","",""
"06163007","TENDE_SAPC",44.043167,7.586,636,2000022320,0.,1,"","","","","","","","","","","","","","","","","","","","","","","","","","","","","","","","","","",0.1,1,-3.3,1,0.1,1,"","",1.2,1,"","","","","","","","","","","","","","","","","","","","",78,1,"","","","","","","","","","","","",4.8,1,"","","","","","","","","","","","","","","","","","","","","","","","","","","","","","","","","","","","","","","","","","","","","","","","","","","","","","","","","","","","","","","","","","","","","","","","","","","","","","","","","","","","","","","","","","","","","","","","","","","","","","","","","","","","","","","","","","","",""
"06163007","TENDE_SAPC",44.043167,7.586,636,2000022321,0.,1,"","","","","","","","","","","","","","","","","","","","","","","","","","","","","","","","","","",-0.7,1,-3.7,1,-0.7,1,"","",0.,1,"","","","","","","","","","","","","","","","","","","","",80,1,"","","","","","","","","","","","",4.6,1,"","","","","","","","","","","","","","","","","","","","","","","","","","","","","","","","","","","","","","","","","","","","","","","","","","","","","","","","","","","","","","","","","","","","","","","","","","","","","","","","","","","","","","","","","","","","","","","","","","","","","","","","","","","","","","","","","","","",""
"06163007","TENDE_SAPC",44.043167,7.586,636,2000022322,0.,1,"","","","","","","","","","","","","","","","","","","","","","","","","","","","","","","","","","",-1.3,1,-4.1,1,-1.3,1,"","",-0.7,1,"","","","","","","","","","","","","","","","","","","","",81,1,"","","","","","","","","","","","",4.5,1,"","","","","","","","","","","","","","","","","","","","","","","","","","","","","","","","","","","","","","","","","","","","","","","","","","","","","","","","","","","","","","","","","","","","","","","","","","","","","","","","","","","","","","","","","","","","","","","","","","","","","","","","","","","","","","","","","","","",""
"06163007","TENDE_SAPC",44.043167,7.586,636,2000022323,0.,1,"","","","","","","","","","","","","","","","","","","","","","","","","","","","","","","","","","",-1.1,1,-4.1,1,-1.3,1,"","",-1.,1,"","","","","","","","","","","","","","","","","","","","",80,1,"","","","","","","","","","","","",4.5,1,"","","","","","","","","","","","","","","","","","","","","","","","","","","","","","","","","","","","","","","","","","","","","","","","","","","","","","","","","","","","","","","","","","","","","","","","","","","","","","","","","","","","","","","","","","","","","","","","","","","","","","","","","","","","","","","","","","","",""
"06163007","TENDE_SAPC",44.043167,7.586,636,2000022400,0.,1,"","","","","","","","","","","","","","","","","","","","","","","","","","","","","","","","","","",-1.8,1,-4.8,1,-1.8,1,"","",-1.1,1,"","","","","","","","","","","","","","","","","","","","",80,1,"","","","","","","","","","","","",4.3,1,"","","","","","","","","","","","","","","","","","","","","","","","","","","","","","","","","","","","","","","","","","","","","","","","","","","","","","","","","","","","","","","","","","","","","","","","","","","","","","","","","","","","","","","","","","","","","","","","","","","","","","","","","","","","","","","","","","","",""
"06163007","TENDE_SAPC",44.043167,7.586,636,2000022401,0.,1,"","","","","","","","","","","","","","","","","","","","","","","","","","","","","","","","","","",-2.1,1,-5.1,1,-2.1,1,"","",-1.7,1,"","","","","","","","","","","","","","","","","","","","",80,1,"","","","","","","","","","","","",4.2,1,"","","","","","","","","","","","","","","","","","","","","","","","","","","","","","","","","","","","","","","","","","","","","","","","","","","","","","","","","","","","","","","","","","","","","","","","","","","","","","","","","","","","","","","","","","","","","","","","","","","","","","","","","","","","","","","","","","","",""
"06163007","TENDE_SAPC",44.043167,7.586,636,2000022402,0.,1,"","","","","","","","","","","","","","","","","","","","","","","","","","","","","","","","","","",-2.3,1,-5.4,1,-2.4,1,"","",-2.1,1,"","","","","","","","","","","","","","","","","","","","",79,1,"","","","","","","","","","","","",4.1,1,"","","","","","","","","","","","","","","","","","","","","","","","","","","","","","","","","","","","","","","","","","","","","","","","","","","","","","","","","","","","","","","","","","","","","","","","","","","","","","","","","","","","","","","","","","","","","","","","","","","","","","","","","","","","","","","","","","","",""
"06163007","TENDE_SAPC",44.043167,7.586,636,2000022403,0.,1,"","","","","","","","","","","","","","","","","","","","","","","","","","","","","","","","","","",-2.3,1,-6.3,1,-2.3,1,"","",-2.1,1,"","","","","","","","","","","","","","","","","","","","",74,1,"","","","","","","","","","","","",3.8,1,"","","","","","","","","","","","","","","","","","","","","","","","","","","","","","","","","","","","","","","","","","","","","","","","","","","","","","","","","","","","","","","","","","","","","","","","","","","","","","","","","","","","","","","","","","","","","","","","","","","","","","","","","","","","","","","","","","","",""
"06163007","TENDE_SAPC",44.043167,7.586,636,2000022404,0.,1,"","","","","","","","","","","","","","","","","","","","","","","","","","","","","","","","","","",-2.2,1,-7.1,1,-2.4,1,"","",-2.1,1,"","","","","","","","","","","","","","","","","","","","",69,1,"","","","","","","","","","","","",3.6,1,"","","","","","","","","","","","","","","","","","","","","","","","","","","","","","","","","","","","","","","","","","","","","","","","","","","","","","","","","","","","","","","","","","","","","","","","","","","","","","","","","","","","","","","","","","","","","","","","","","","","","","","","","","","","","","","","","","","",""
"06163007","TENDE_SAPC",44.043167,7.586,636,2000022405,0.,1,"","","","","","","","","","","","","","","","","","","","","","","","","","","","","","","","","","",-2.4,1,-7.3,1,-2.4,1,"","",-2.2,1,"","","","","","","","","","","","","","","","","","","","",69,1,"","","","","","","","","","","","",3.5,1,"","","","","","","","","","","","","","","","","","","","","","","","","","","","","","","","","","","","","","","","","","","","","","","","","","","","","","","","","","","","","","","","","","","","","","","","","","","","","","","","","","","","","","","","","","","","","","","","","","","","","","","","","","","","","","","","","","","",""
"06163007","TENDE_SAPC",44.043167,7.586,636,2000022406,0.,1,"","","","","","","","","","","","","","","","","","","","","","","","","","","","","","","","","","",-3.,1,-7.7,1,-3.,1,"","",-2.4,1,"","","","","","","","","","","","","","","","","","","","",70,1,"","","","","","","","","","","","",3.4,1,"","","","","","","","","","","","","","","","","","","","","","","","","","","","","","","","","","","","","","","","","","","","","","","","","","","","","","","","","","","","","","","","","","","","","","","","","","","","","","","","","","","","","","","","","","","","","","","","","","","","","","","","","","","","","","","","","","","",""
"06163007","TENDE_SAPC",44.043167,7.586,636,2000022407,0.,1,"","","","","","","","","","","","","","","","","","","","","","","","","","","","","","","","","","",-3.2,1,-7.5,1,-3.2,1,"","",-3.,1,"","","","","","","","","","","","","","","","","","","","",72,1,"","","","","","","","","","","","",3.5,1,"","","","","","","","","","","","","","","","","","","","","","","","","","","","","","","","","","","","","","","","","","","","","","","","","","","","","","","","","","","","","","","","","","","","","","","","","","","","","","","","","","","","","","","","","","","","","","","","","","","","","","","","","","","","","","","","","","","",""
"06163007","TENDE_SAPC",44.043167,7.586,636,2000022408,0.,1,"","","","","","","","","","","","","","","","","","","","","","","","","","","","","","","","","","",-2.8,1,-7.9,1,-3.2,1,"","",-2.7,1,"","","","","","","","","","","","","","","","","","","","",68,1,"","","","","","","","","","","","",3.4,1,"","","","","","","","","","","","","","","","","","","","","","","","","","","","","","","","","","","","","","","","","","","","","","","","","","","","","","","","","","","","","","","","","","","","","","","","","","","","","","","","","","","","","","","","","","","","","","","","","","","","","","","","","","","","","","","","","","","",""
"06163007","TENDE_SAPC",44.043167,7.586,636,2000022409,0.,1,"","","","","","","","","","","","","","","","","","","","","","","","","","","","","","","","","","",-2.4,1,-7.1,1,-2.8,1,"","",-2.4,1,"","","","","","","","","","","","","","","","","","","","",70,1,"","","","","","","","","","","","",3.6,1,"","","","","","","","","","","","","","","","","","","","","","","","","","","","","","","","","","","","","","","","","","","","","","","","","","","","","","","","","","","","","","","","","","","","","","","","","","","","","","","","","","","","","","","","","","","","","","","","","","","","","","","","","","","","","","","","","","","",""
"06163007","TENDE_SAPC",44.043167,7.586,636,2000022410,0.,1,"","","","","","","","","","","","","","","","","","","","","","","","","","","","","","","","","","",5.3,1,-4.6,1,-2.4,1,"","",5.3,1,"","","","","","","","","","","","","","","","","","","","",49,1,"","","","","","","","","","","","",4.4,1,"","","","","","","","","","","","","","","","","","","","","","","","","","","","","","","","","","","","","","","","","","","","","","","","","","","","","","","","","","","","","","","","","","","","","","","","","","","","","","","","","","","","","","","","","","","","","","","","","","","","","","","","","","","","","","","","","","","",""
"06163007","TENDE_SAPC",44.043167,7.586,636,2000022411,0.,1,"","","","","","","","","","","","","","","","","","","","","","","","","","","","","","","","","","",8.6,1,-3.6,1,5.6,1,"","",8.6,1,"","","","","","","","","","","","","","","","","","","","",42,1,"","","","","","","","","","","","",4.7,1,"","","","","","","","","","","","","","","","","","","","","","","","","","","","","","","","","","","","","","","","","","","","","","","","","","","","","","","","","","","","","","","","","","","","","","","","","","","","","","","","","","","","","","","","","","","","","","","","","","","","","","","","","","","","","","","","","","","",""
"06163007","TENDE_SAPC",44.043167,7.586,636,2000022412,0.,1,"","","","","","","","","","","","","","","","","","","","","","","","","","","","","","","","","","",10.,1,-3.,1,8.6,1,"","",10.,1,"","","","","","","","","","","","","","","","","","","","",40,1,"","","","","","","","","","","","",4.9,1,"","","","","","","","","","","","","","","","","","","","","","","","","","","","","","","","","","","","","","","","","","","","","","","","","","","","","","","","","","","","","","","","","","","","","","","","","","","","","","","","","","","","","","","","","","","","","","","","","","","","","","","","","","","","","","","","","","","",""
"06163007","TENDE_SAPC",44.043167,7.586,636,2000022413,0.,1,"","","","","","","","","","","","","","","","","","","","","","","","","","","","","","","","","","",10.4,1,-1.,1,10.,1,"","",10.4,1,"","","","","","","","","","","","","","","","","","","","",45,1,"","","","","","","","","","","","",5.7,1,"","","","","","","","","","","","","","","","","","","","","","","","","","","","","","","","","","","","","","","","","","","","","","","","","","","","","","","","","","","","","","","","","","","","","","","","","","","","","","","","","","","","","","","","","","","","","","","","","","","","","","","","","","","","","","","","","","","",""
"06163007","TENDE_SAPC",44.043167,7.586,636,2000022414,0.,1,"","","","","","","","","","","","","","","","","","","","","","","","","","","","","","","","","","",9.8,1,0.4,1,9.8,1,"","",10.4,1,"","","","","","","","","","","","","","","","","","","","",52,1,"","","","","","","","","","","","",6.3,1,"","","","","","","","","","","","","","","","","","","","","","","","","","","","","","","","","","","","","","","","","","","","","","","","","","","","","","","","","","","","","","","","","","","","","","","","","","","","","","","","","","","","","","","","","","","","","","","","","","","","","","","","","","","","","","","","","","","",""
"06163007","TENDE_SAPC",44.043167,7.586,636,2000022415,0.,1,"","","","","","","","","","","","","","","","","","","","","","","","","","","","","","","","","","",8.4,1,1.3,1,8.4,1,"","",9.8,1,"","","","","","","","","","","","","","","","","","","","",61,1,"","","","","","","","","","","","",6.7,1,"","","","","","","","","","","","","","","","","","","","","","","","","","","","","","","","","","","","","","","","","","","","","","","","","","","","","","","","","","","","","","","","","","","","","","","","","","","","","","","","","","","","","","","","","","","","","","","","","","","","","","","","","","","","","","","","","","","",""
"06163007","TENDE_SAPC",44.043167,7.586,636,2000022416,0.,1,"","","","","","","","","","","","","","","","","","","","","","","","","","","","","","","","","","",7.1,1,1.6,1,7.1,1,"","",8.4,1,"","","","","","","","","","","","","","","","","","","","",68,1,"","","","","","","","","","","","",6.9,1,"","","","","","","","","","","","","","","","","","","","","","","","","","","","","","","","","","","","","","","","","","","","","","","","","","","","","","","","","","","","","","","","","","","","","","","","","","","","","","","","","","","","","","","","","","","","","","","","","","","","","","","","","","","","","","","","","","","",""
"06163007","TENDE_SAPC",44.043167,7.586,636,2000022417,0.,1,"","","","","","","","","","","","","","","","","","","","","","","","","","","","","","","","","","",6.2,1,1.7,1,6.1,1,"","",7.1,1,"","","","","","","","","","","","","","","","","","","","",73,1,"","","","","","","","","","","","",6.9,1,"","","","","","","","","","","","","","","","","","","","","","","","","","","","","","","","","","","","","","","","","","","","","","","","","","","","","","","","","","","","","","","","","","","","","","","","","","","","","","","","","","","","","","","","","","","","","","","","","","","","","","","","","","","","","","","","","","","",""
"06163007","TENDE_SAPC",44.043167,7.586,636,2000022418,0.,1,"","","","","","","","","","","","","","","","","","","","","","","","","","","","","","","","","","",4.9,1,0.3,1,4.7,1,"","",6.2,1,"","","","","","","","","","","","","","","","","","","","",72,1,"","","","","","","","","","","","",6.2,1,"","","","","","","","","","","","","","","","","","","","","","","","","","","","","","","","","","","","","","","","","","","","","","","","","","","","","","","","","","","","","","","","","","","","","","","","","","","","","","","","","","","","","","","","","","","","","","","","","","","","","","","","","","","","","","","","","","","",""
"06163007","TENDE_SAPC",44.043167,7.586,636,2000022419,0.,1,"","","","","","","","","","","","","","","","","","","","","","","","","","","","","","","","","","",5.1,1,0.3,1,4.9,1,"","",5.1,1,"","","","","","","","","","","","","","","","","","","","",71,1,"","","","","","","","","","","","",6.2,1,"","","","","","","","","","","","","","","","","","","","","","","","","","","","","","","","","","","","","","","","","","","","","","","","","","","","","","","","","","","","","","","","","","","","","","","","","","","","","","","","","","","","","","","","","","","","","","","","","","","","","","","","","","","","","","","","","","","",""
"06163007","TENDE_SAPC",44.043167,7.586,636,2000022420,0.,1,"","","","","","","","","","","","","","","","","","","","","","","","","","","","","","","","","","",5.1,1,0.3,1,5.1,1,"","",5.1,1,"","","","","","","","","","","","","","","","","","","","",71,1,"","","","","","","","","","","","",6.2,1,"","","","","","","","","","","","","","","","","","","","","","","","","","","","","","","","","","","","","","","","","","","","","","","","","","","","","","","","","","","","","","","","","","","","","","","","","","","","","","","","","","","","","","","","","","","","","","","","","","","","","","","","","","","","","","","","","","","",""
"06163007","TENDE_SAPC",44.043167,7.586,636,2000022421,0.,1,"","","","","","","","","","","","","","","","","","","","","","","","","","","","","","","","","","",4.8,1,-0.2,1,4.8,1,"","",5.1,1,"","","","","","","","","","","","","","","","","","","","",70,1,"","","","","","","","","","","","",6.,1,"","","","","","","","","","","","","","","","","","","","","","","","","","","","","","","","","","","","","","","","","","","","","","","","","","","","","","","","","","","","","","","","","","","","","","","","","","","","","","","","","","","","","","","","","","","","","","","","","","","","","","","","","","","","","","","","","","","",""
"06163007","TENDE_SAPC",44.043167,7.586,636,2000022422,0.,1,"","","","","","","","","","","","","","","","","","","","","","","","","","","","","","","","","","",4.7,1,-0.1,1,4.7,1,"","",4.8,1,"","","","","","","","","","","","","","","","","","","","",71,1,"","","","","","","","","","","","",6.1,1,"","","","","","","","","","","","","","","","","","","","","","","","","","","","","","","","","","","","","","","","","","","","","","","","","","","","","","","","","","","","","","","","","","","","","","","","","","","","","","","","","","","","","","","","","","","","","","","","","","","","","","","","","","","","","","","","","","","",""
"06163007","TENDE_SAPC",44.043167,7.586,636,2000022423,0.,1,"","","","","","","","","","","","","","","","","","","","","","","","","","","","","","","","","","",4.7,1,-0.7,1,4.6,1,"","",4.8,1,"","","","","","","","","","","","","","","","","","","","",68,1,"","","","","","","","","","","","",5.8,1,"","","","","","","","","","","","","","","","","","","","","","","","","","","","","","","","","","","","","","","","","","","","","","","","","","","","","","","","","","","","","","","","","","","","","","","","","","","","","","","","","","","","","","","","","","","","","","","","","","","","","","","","","","","","","","","","","","","",""
"06163007","TENDE_SAPC",44.043167,7.586,636,2000022500,0.,1,"","","","","","","","","","","","","","","","","","","","","","","","","","","","","","","","","","",4.1,1,-0.9,1,4.1,1,"","",4.7,1,"","","","","","","","","","","","","","","","","","","","",70,1,"","","","","","","","","","","","",5.7,1,"","","","","","","","","","","","","","","","","","","","","","","","","","","","","","","","","","","","","","","","","","","","","","","","","","","","","","","","","","","","","","","","","","","","","","","","","","","","","","","","","","","","","","","","","","","","","","","","","","","","","","","","","","","","","","","","","","","",""
"06163007","TENDE_SAPC",44.043167,7.586,636,2000022501,0.,1,"","","","","","","","","","","","","","","","","","","","","","","","","","","","","","","","","","",3.7,1,-0.7,1,3.7,1,"","",4.1,1,"","","","","","","","","","","","","","","","","","","","",73,1,"","","","","","","","","","","","",5.8,1,"","","","","","","","","","","","","","","","","","","","","","","","","","","","","","","","","","","","","","","","","","","","","","","","","","","","","","","","","","","","","","","","","","","","","","","","","","","","","","","","","","","","","","","","","","","","","","","","","","","","","","","","","","","","","","","","","","","",""
"06163007","TENDE_SAPC",44.043167,7.586,636,2000022502,0.,1,"","","","","","","","","","","","","","","","","","","","","","","","","","","","","","","","","","",3.3,1,-1.1,1,3.3,1,"","",4.,1,"","","","","","","","","","","","","","","","","","","","",73,1,"","","","","","","","","","","","",5.6,1,"","","","","","","","","","","","","","","","","","","","","","","","","","","","","","","","","","","","","","","","","","","","","","","","","","","","","","","","","","","","","","","","","","","","","","","","","","","","","","","","","","","","","","","","","","","","","","","","","","","","","","","","","","","","","","","","","","","",""
"06163007","TENDE_SAPC",44.043167,7.586,636,2000022503,0.,1,"","","","","","","","","","","","","","","","","","","","","","","","","","","","","","","","","","",1.5,1,-1.6,1,1.5,1,"","",3.3,1,"","","","","","","","","","","","","","","","","","","","",80,1,"","","","","","","","","","","","",5.4,1,"","","","","","","","","","","","","","","","","","","","","","","","","","","","","","","","","","","","","","","","","","","","","","","","","","","","","","","","","","","","","","","","","","","","","","","","","","","","","","","","","","","","","","","","","","","","","","","","","","","","","","","","","","","","","","","","","","","",""
"06163007","TENDE_SAPC",44.043167,7.586,636,2000022504,0.,1,"","","","","","","","","","","","","","","","","","","","","","","","","","","","","","","","","","",2.,1,-1.6,1,1.3,1,"","",2.1,1,"","","","","","","","","","","","","","","","","","","","",77,1,"","","","","","","","","","","","",5.4,1,"","","","","","","","","","","","","","","","","","","","","","","","","","","","","","","","","","","","","","","","","","","","","","","","","","","","","","","","","","","","","","","","","","","","","","","","","","","","","","","","","","","","","","","","","","","","","","","","","","","","","","","","","","","","","","","","","","","",""
"06163007","TENDE_SAPC",44.043167,7.586,636,2000022505,0.,1,"","","","","","","","","","","","","","","","","","","","","","","","","","","","","","","","","","",1.9,1,-1.7,1,1.5,1,"","",2.,1,"","","","","","","","","","","","","","","","","","","","",77,1,"","","","","","","","","","","","",5.4,1,"","","","","","","","","","","","","","","","","","","","","","","","","","","","","","","","","","","","","","","","","","","","","","","","","","","","","","","","","","","","","","","","","","","","","","","","","","","","","","","","","","","","","","","","","","","","","","","","","","","","","","","","","","","","","","","","","","","",""
"06163007","TENDE_SAPC",44.043167,7.586,636,2000022506,0.,1,"","","","","","","","","","","","","","","","","","","","","","","","","","","","","","","","","","",1.,1,-2.4,1,1.,1,"","",1.9,1,"","","","","","","","","","","","","","","","","","","","",78,1,"","","","","","","","","","","","",5.1,1,"","","","","","","","","","","","","","","","","","","","","","","","","","","","","","","","","","","","","","","","","","","","","","","","","","","","","","","","","","","","","","","","","","","","","","","","","","","","","","","","","","","","","","","","","","","","","","","","","","","","","","","","","","","","","","","","","","","",""
"06163007","TENDE_SAPC",44.043167,7.586,636,2000022507,0.,1,"","","","","","","","","","","","","","","","","","","","","","","","","","","","","","","","","","",-0.2,1,-3.2,1,-0.2,1,"","",0.9,1,"","","","","","","","","","","","","","","","","","","","",80,1,"","","","","","","","","","","","",4.8,1,"","","","","","","","","","","","","","","","","","","","","","","","","","","","","","","","","","","","","","","","","","","","","","","","","","","","","","","","","","","","","","","","","","","","","","","","","","","","","","","","","","","","","","","","","","","","","","","","","","","","","","","","","","","","","","","","","","","",""
"06163007","TENDE_SAPC",44.043167,7.586,636,2000022508,0.,1,"","","","","","","","","","","","","","","","","","","","","","","","","","","","","","","","","","",-0.3,1,-3.2,1,-0.4,1,"","",-0.2,1,"","","","","","","","","","","","","","","","","","","","",81,1,"","","","","","","","","","","","",4.8,1,"","","","","","","","","","","","","","","","","","","","","","","","","","","","","","","","","","","","","","","","","","","","","","","","","","","","","","","","","","","","","","","","","","","","","","","","","","","","","","","","","","","","","","","","","","","","","","","","","","","","","","","","","","","","","","","","","","","",""
"06163007","TENDE_SAPC",44.043167,7.586,636,2000022509,0.,1,"","","","","","","","","","","","","","","","","","","","","","","","","","","","","","","","","","",0.2,1,-2.7,1,-0.3,1,"","",0.2,1,"","","","","","","","","","","","","","","","","","","","",81,1,"","","","","","","","","","","","",5.,1,"","","","","","","","","","","","","","","","","","","","","","","","","","","","","","","","","","","","","","","","","","","","","","","","","","","","","","","","","","","","","","","","","","","","","","","","","","","","","","","","","","","","","","","","","","","","","","","","","","","","","","","","","","","","","","","","","","","",""
"06163007","TENDE_SAPC",44.043167,7.586,636,2000022510,0.,1,"","","","","","","","","","","","","","","","","","","","","","","","","","","","","","","","","","",6.9,1,-0.6,1,0.2,1,"","",6.9,1,"","","","","","","","","","","","","","","","","","","","",59,1,"","","","","","","","","","","","",5.9,1,"","","","","","","","","","","","","","","","","","","","","","","","","","","","","","","","","","","","","","","","","","","","","","","","","","","","","","","","","","","","","","","","","","","","","","","","","","","","","","","","","","","","","","","","","","","","","","","","","","","","","","","","","","","","","","","","","","","",""
"06163007","TENDE_SAPC",44.043167,7.586,636,2000022511,0.,1,"","","","","","","","","","","","","","","","","","","","","","","","","","","","","","","","","","",9.7,1,-0.5,1,7.,1,"","",9.7,1,"","","","","","","","","","","","","","","","","","","","",49,1,"","","","","","","","","","","","",5.9,1,"","","","","","","","","","","","","","","","","","","","","","","","","","","","","","","","","","","","","","","","","","","","","","","","","","","","","","","","","","","","","","","","","","","","","","","","","","","","","","","","","","","","","","","","","","","","","","","","","","","","","","","","","","","","","","","","","","","",""
"06163007","TENDE_SAPC",44.043167,7.586,636,2000022512,0.,1,"","","","","","","","","","","","","","","","","","","","","","","","","","","","","","","","","","",11.6,1,0.1,1,9.8,1,"","",11.6,1,"","","","","","","","","","","","","","","","","","","","",45,1,"","","","","","","","","","","","",6.1,1,"","","","","","","","","","","","","","","","","","","","","","","","","","","","","","","","","","","","","","","","","","","","","","","","","","","","","","","","","","","","","","","","","","","","","","","","","","","","","","","","","","","","","","","","","","","","","","","","","","","","","","","","","","","","","","","","","","","",""
"06163007","TENDE_SAPC",44.043167,7.586,636,2000022513,0.,1,"","","","","","","","","","","","","","","","","","","","","","","","","","","","","","","","","","",12.5,1,1.2,1,11.5,1,"","",12.6,1,"","","","","","","","","","","","","","","","","","","","",46,1,"","","","","","","","","","","","",6.7,1,"","","","","","","","","","","","","","","","","","","","","","","","","","","","","","","","","","","","","","","","","","","","","","","","","","","","","","","","","","","","","","","","","","","","","","","","","","","","","","","","","","","","","","","","","","","","","","","","","","","","","","","","","","","","","","","","","","","",""
"06163007","TENDE_SAPC",44.043167,7.586,636,2000022514,0.,1,"","","","","","","","","","","","","","","","","","","","","","","","","","","","","","","","","","",12.1,1,2.,1,12.1,1,"","",12.7,1,"","","","","","","","","","","","","","","","","","","","",50,1,"","","","","","","","","","","","",7.,1,"","","","","","","","","","","","","","","","","","","","","","","","","","","","","","","","","","","","","","","","","","","","","","","","","","","","","","","","","","","","","","","","","","","","","","","","","","","","","","","","","","","","","","","","","","","","","","","","","","","","","","","","","","","","","","","","","","","",""
"06163007","TENDE_SAPC",44.043167,7.586,636,2000022515,0.,1,"","","","","","","","","","","","","","","","","","","","","","","","","","","","","","","","","","",10.8,1,3.3,1,10.8,1,"","",12.,1,"","","","","","","","","","","","","","","","","","","","",60,1,"","","","","","","","","","","","",7.8,1,"","","","","","","","","","","","","","","","","","","","","","","","","","","","","","","","","","","","","","","","","","","","","","","","","","","","","","","","","","","","","","","","","","","","","","","","","","","","","","","","","","","","","","","","","","","","","","","","","","","","","","","","","","","","","","","","","","","",""
"06163007","TENDE_SAPC",44.043167,7.586,636,2000022516,0.,1,"","","","","","","","","","","","","","","","","","","","","","","","","","","","","","","","","","",9.9,1,3.4,1,9.9,1,"","",10.8,1,"","","","","","","","","","","","","","","","","","","","",64,1,"","","","","","","","","","","","",7.8,1,"","","","","","","","","","","","","","","","","","","","","","","","","","","","","","","","","","","","","","","","","","","","","","","","","","","","","","","","","","","","","","","","","","","","","","","","","","","","","","","","","","","","","","","","","","","","","","","","","","","","","","","","","","","","","","","","","","","",""
"06163007","TENDE_SAPC",44.043167,7.586,636,2000022517,0.,1,"","","","","","","","","","","","","","","","","","","","","","","","","","","","","","","","","","",7.8,1,3.1,1,7.8,1,"","",9.9,1,"","","","","","","","","","","","","","","","","","","","",72,1,"","","","","","","","","","","","",7.6,1,"","","","","","","","","","","","","","","","","","","","","","","","","","","","","","","","","","","","","","","","","","","","","","","","","","","","","","","","","","","","","","","","","","","","","","","","","","","","","","","","","","","","","","","","","","","","","","","","","","","","","","","","","","","","","","","","","","","",""
"06163007","TENDE_SAPC",44.043167,7.586,636,2000022518,0.,1,"","","","","","","","","","","","","","","","","","","","","","","","","","","","","","","","","","",5.,1,1.7,1,5.,1,"","",7.8,1,"","","","","","","","","","","","","","","","","","","","",79,1,"","","","","","","","","","","","",6.9,1,"","","","","","","","","","","","","","","","","","","","","","","","","","","","","","","","","","","","","","","","","","","","","","","","","","","","","","","","","","","","","","","","","","","","","","","","","","","","","","","","","","","","","","","","","","","","","","","","","","","","","","","","","","","","","","","","","","","",""
"06163007","TENDE_SAPC",44.043167,7.586,636,2000022519,0.,1,"","","","","","","","","","","","","","","","","","","","","","","","","","","","","","","","","","",3.9,1,0.9,1,3.9,1,"","",5.,1,"","","","","","","","","","","","","","","","","","","","",81,1,"","","","","","","","","","","","",6.5,1,"","","","","","","","","","","","","","","","","","","","","","","","","","","","","","","","","","","","","","","","","","","","","","","","","","","","","","","","","","","","","","","","","","","","","","","","","","","","","","","","","","","","","","","","","","","","","","","","","","","","","","","","","","","","","","","","","","","",""
"06163007","TENDE_SAPC",44.043167,7.586,636,2000022520,0.,1,"","","","","","","","","","","","","","","","","","","","","","","","","","","","","","","","","","",2.9,1,0.3,1,2.9,1,"","",3.9,1,"","","","","","","","","","","","","","","","","","","","",83,1,"","","","","","","","","","","","",6.2,1,"","","","","","","","","","","","","","","","","","","","","","","","","","","","","","","","","","","","","","","","","","","","","","","","","","","","","","","","","","","","","","","","","","","","","","","","","","","","","","","","","","","","","","","","","","","","","","","","","","","","","","","","","","","","","","","","","","","",""
"06163007","TENDE_SAPC",44.043167,7.586,636,2000022521,0.,1,"","","","","","","","","","","","","","","","","","","","","","","","","","","","","","","","","","",2.2,1,-0.1,1,2.2,1,"","",2.9,1,"","","","","","","","","","","","","","","","","","","","",85,1,"","","","","","","","","","","","",6.1,1,"","","","","","","","","","","","","","","","","","","","","","","","","","","","","","","","","","","","","","","","","","","","","","","","","","","","","","","","","","","","","","","","","","","","","","","","","","","","","","","","","","","","","","","","","","","","","","","","","","","","","","","","","","","","","","","","","","","",""
"06163007","TENDE_SAPC",44.043167,7.586,636,2000022522,0.,1,"","","","","","","","","","","","","","","","","","","","","","","","","","","","","","","","","","",1.5,1,-0.7,1,1.5,1,"","",2.1,1,"","","","","","","","","","","","","","","","","","","","",85,1,"","","","","","","","","","","","",5.8,1,"","","","","","","","","","","","","","","","","","","","","","","","","","","","","","","","","","","","","","","","","","","","","","","","","","","","","","","","","","","","","","","","","","","","","","","","","","","","","","","","","","","","","","","","","","","","","","","","","","","","","","","","","","","","","","","","","","","",""
"06163007","TENDE_SAPC",44.043167,7.586,636,2000022523,0.,1,"","","","","","","","","","","","","","","","","","","","","","","","","","","","","","","","","","",0.8,1,-1.3,1,0.8,1,"","",1.5,1,"","","","","","","","","","","","","","","","","","","","",86,1,"","","","","","","","","","","","",5.6,1,"","","","","","","","","","","","","","","","","","","","","","","","","","","","","","","","","","","","","","","","","","","","","","","","","","","","","","","","","","","","","","","","","","","","","","","","","","","","","","","","","","","","","","","","","","","","","","","","","","","","","","","","","","","","","","","","","","","",""
"06163007","TENDE_SAPC",44.043167,7.586,636,2000022600,0.,1,"","","","","","","","","","","","","","","","","","","","","","","","","","","","","","","","","","",1.7,1,-0.4,1,0.8,1,"","",1.7,1,"","","","","","","","","","","","","","","","","","","","",86,1,"","","","","","","","","","","","",5.9,1,"","","","","","","","","","","","","","","","","","","","","","","","","","","","","","","","","","","","","","","","","","","","","","","","","","","","","","","","","","","","","","","","","","","","","","","","","","","","","","","","","","","","","","","","","","","","","","","","","","","","","","","","","","","","","","","","","","","",""
"06163007","TENDE_SAPC",44.043167,7.586,636,2000022601,0.,1,"","","","","","","","","","","","","","","","","","","","","","","","","","","","","","","","","","",2.4,1,-0.9,1,1.7,1,"","",2.4,1,"","","","","","","","","","","","","","","","","","","","",79,1,"","","","","","","","","","","","",5.7,1,"","","","","","","","","","","","","","","","","","","","","","","","","","","","","","","","","","","","","","","","","","","","","","","","","","","","","","","","","","","","","","","","","","","","","","","","","","","","","","","","","","","","","","","","","","","","","","","","","","","","","","","","","","","","","","","","","","","",""
"06163007","TENDE_SAPC",44.043167,7.586,636,2000022602,0.,1,"","","","","","","","","","","","","","","","","","","","","","","","","","","","","","","","","","",2.1,1,-1.3,1,2.1,1,"","",2.5,1,"","","","","","","","","","","","","","","","","","","","",78,1,"","","","","","","","","","","","",5.5,1,"","","","","","","","","","","","","","","","","","","","","","","","","","","","","","","","","","","","","","","","","","","","","","","","","","","","","","","","","","","","","","","","","","","","","","","","","","","","","","","","","","","","","","","","","","","","","","","","","","","","","","","","","","","","","","","","","","","",""
"06163007","TENDE_SAPC",44.043167,7.586,636,2000022603,0.,1,"","","","","","","","","","","","","","","","","","","","","","","","","","","","","","","","","","",0.4,1,-2.2,1,0.4,1,"","",2.1,1,"","","","","","","","","","","","","","","","","","","","",83,1,"","","","","","","","","","","","",5.2,1,"","","","","","","","","","","","","","","","","","","","","","","","","","","","","","","","","","","","","","","","","","","","","","","","","","","","","","","","","","","","","","","","","","","","","","","","","","","","","","","","","","","","","","","","","","","","","","","","","","","","","","","","","","","","","","","","","","","",""
"06163007","TENDE_SAPC",44.043167,7.586,636,2000022604,0.,1,"","","","","","","","","","","","","","","","","","","","","","","","","","","","","","","","","","",1.,1,-2.2,1,0.4,1,"","",1.,1,"","","","","","","","","","","","","","","","","","","","",79,1,"","","","","","","","","","","","",5.2,1,"","","","","","","","","","","","","","","","","","","","","","","","","","","","","","","","","","","","","","","","","","","","","","","","","","","","","","","","","","","","","","","","","","","","","","","","","","","","","","","","","","","","","","","","","","","","","","","","","","","","","","","","","","","","","","","","","","","",""
"06163007","TENDE_SAPC",44.043167,7.586,636,2000022605,0.,1,"","","","","","","","","","","","","","","","","","","","","","","","","","","","","","","","","","",0.6,1,-2.6,1,0.6,1,"","",1.2,1,"","","","","","","","","","","","","","","","","","","","",79,1,"","","","","","","","","","","","",5.,1,"","","","","","","","","","","","","","","","","","","","","","","","","","","","","","","","","","","","","","","","","","","","","","","","","","","","","","","","","","","","","","","","","","","","","","","","","","","","","","","","","","","","","","","","","","","","","","","","","","","","","","","","","","","","","","","","","","","",""
"06163007","TENDE_SAPC",44.043167,7.586,636,2000022606,0.,1,"","","","","","","","","","","","","","","","","","","","","","","","","","","","","","","","","","",-0.5,1,-3.,1,-0.5,1,"","",0.6,1,"","","","","","","","","","","","","","","","","","","","",83,1,"","","","","","","","","","","","",4.9,1,"","","","","","","","","","","","","","","","","","","","","","","","","","","","","","","","","","","","","","","","","","","","","","","","","","","","","","","","","","","","","","","","","","","","","","","","","","","","","","","","","","","","","","","","","","","","","","","","","","","","","","","","","","","","","","","","","","","",""
"06163007","TENDE_SAPC",44.043167,7.586,636,2000022607,0.,1,"","","","","","","","","","","","","","","","","","","","","","","","","","","","","","","","","","",-0.6,1,-3.,1,-0.8,1,"","",-0.5,1,"","","","","","","","","","","","","","","","","","","","",84,1,"","","","","","","","","","","","",4.9,1,"","","","","","","","","","","","","","","","","","","","","","","","","","","","","","","","","","","","","","","","","","","","","","","","","","","","","","","","","","","","","","","","","","","","","","","","","","","","","","","","","","","","","","","","","","","","","","","","","","","","","","","","","","","","","","","","","","","",""
"06163007","TENDE_SAPC",44.043167,7.586,636,2000022608,0.,1,"","","","","","","","","","","","","","","","","","","","","","","","","","","","","","","","","","",-0.2,1,-2.9,1,-0.6,1,"","",-0.2,1,"","","","","","","","","","","","","","","","","","","","",82,1,"","","","","","","","","","","","",4.9,1,"","","","","","","","","","","","","","","","","","","","","","","","","","","","","","","","","","","","","","","","","","","","","","","","","","","","","","","","","","","","","","","","","","","","","","","","","","","","","","","","","","","","","","","","","","","","","","","","","","","","","","","","","","","","","","","","","","","",""
"06163007","TENDE_SAPC",44.043167,7.586,636,2000022609,0.,1,"","","","","","","","","","","","","","","","","","","","","","","","","","","","","","","","","","",0.5,1,-2.1,1,-0.2,1,"","",0.5,1,"","","","","","","","","","","","","","","","","","","","",83,1,"","","","","","","","","","","","",5.3,1,"","","","","","","","","","","","","","","","","","","","","","","","","","","","","","","","","","","","","","","","","","","","","","","","","","","","","","","","","","","","","","","","","","","","","","","","","","","","","","","","","","","","","","","","","","","","","","","","","","","","","","","","","","","","","","","","","","","",""
"06163007","TENDE_SAPC",44.043167,7.586,636,2000022610,0.,1,"","","","","","","","","","","","","","","","","","","","","","","","","","","","","","","","","","",8.4,1,1.5,1,0.5,1,"","",8.4,1,"","","","","","","","","","","","","","","","","","","","",62,1,"","","","","","","","","","","","",6.8,1,"","","","","","","","","","","","","","","","","","","","","","","","","","","","","","","","","","","","","","","","","","","","","","","","","","","","","","","","","","","","","","","","","","","","","","","","","","","","","","","","","","","","","","","","","","","","","","","","","","","","","","","","","","","","","","","","","","","",""
"06163007","TENDE_SAPC",44.043167,7.586,636,2000022611,0.,1,"","","","","","","","","","","","","","","","","","","","","","","","","","","","","","","","","","",12.,1,2.2,1,8.6,1,"","",12.,1,"","","","","","","","","","","","","","","","","","","","",51,1,"","","","","","","","","","","","",7.1,1,"","","","","","","","","","","","","","","","","","","","","","","","","","","","","","","","","","","","","","","","","","","","","","","","","","","","","","","","","","","","","","","","","","","","","","","","","","","","","","","","","","","","","","","","","","","","","","","","","","","","","","","","","","","","","","","","","","","",""
"06163007","TENDE_SAPC",44.043167,7.586,636,2000022612,0.,1,"","","","","","","","","","","","","","","","","","","","","","","","","","","","","","","","","","",13.,1,2.5,1,12.1,1,"","",13.,1,"","","","","","","","","","","","","","","","","","","","",49,1,"","","","","","","","","","","","",7.3,1,"","","","","","","","","","","","","","","","","","","","","","","","","","","","","","","","","","","","","","","","","","","","","","","","","","","","","","","","","","","","","","","","","","","","","","","","","","","","","","","","","","","","","","","","","","","","","","","","","","","","","","","","","","","","","","","","","","","",""
"06163007","TENDE_SAPC",44.043167,7.586,636,2000022613,0.,1,"","","","","","","","","","","","","","","","","","","","","","","","","","","","","","","","","","",11.4,1,3.7,1,11.3,1,"","",12.9,1,"","","","","","","","","","","","","","","","","","","","",59,1,"","","","","","","","","","","","",7.9,1,"","","","","","","","","","","","","","","","","","","","","","","","","","","","","","","","","","","","","","","","","","","","","","","","","","","","","","","","","","","","","","","","","","","","","","","","","","","","","","","","","","","","","","","","","","","","","","","","","","","","","","","","","","","","","","","","","","","",""
"06163007","TENDE_SAPC",44.043167,7.586,636,2000022614,0.,1,"","","","","","","","","","","","","","","","","","","","","","","","","","","","","","","","","","",10.6,1,4.3,1,10.5,1,"","",11.4,1,"","","","","","","","","","","","","","","","","","","","",65,1,"","","","","","","","","","","","",8.3,1,"","","","","","","","","","","","","","","","","","","","","","","","","","","","","","","","","","","","","","","","","","","","","","","","","","","","","","","","","","","","","","","","","","","","","","","","","","","","","","","","","","","","","","","","","","","","","","","","","","","","","","","","","","","","","","","","","","","",""
"06163007","TENDE_SAPC",44.043167,7.586,636,2000022615,0.,1,"","","","","","","","","","","","","","","","","","","","","","","","","","","","","","","","","","",9.6,1,5.,1,9.6,1,"","",10.6,1,"","","","","","","","","","","","","","","","","","","","",73,1,"","","","","","","","","","","","",8.7,1,"","","","","","","","","","","","","","","","","","","","","","","","","","","","","","","","","","","","","","","","","","","","","","","","","","","","","","","","","","","","","","","","","","","","","","","","","","","","","","","","","","","","","","","","","","","","","","","","","","","","","","","","","","","","","","","","","","","",""
"06163007","TENDE_SAPC",44.043167,7.586,636,2000022616,0.,1,"","","","","","","","","","","","","","","","","","","","","","","","","","","","","","","","","","",8.2,1,5.3,1,8.2,1,"","",9.6,1,"","","","","","","","","","","","","","","","","","","","",82,1,"","","","","","","","","","","","",8.9,1,"","","","","","","","","","","","","","","","","","","","","","","","","","","","","","","","","","","","","","","","","","","","","","","","","","","","","","","","","","","","","","","","","","","","","","","","","","","","","","","","","","","","","","","","","","","","","","","","","","","","","","","","","","","","","","","","","","","",""
"06163007","TENDE_SAPC",44.043167,7.586,636,2000022617,0.,1,"","","","","","","","","","","","","","","","","","","","","","","","","","","","","","","","","","",7.8,1,4.7,1,7.8,1,"","",8.2,1,"","","","","","","","","","","","","","","","","","","","",81,1,"","","","","","","","","","","","",8.6,1,"","","","","","","","","","","","","","","","","","","","","","","","","","","","","","","","","","","","","","","","","","","","","","","","","","","","","","","","","","","","","","","","","","","","","","","","","","","","","","","","","","","","","","","","","","","","","","","","","","","","","","","","","","","","","","","","","","","",""
"06163007","TENDE_SAPC",44.043167,7.586,636,2000022618,0.,1,"","","","","","","","","","","","","","","","","","","","","","","","","","","","","","","","","","",7.5,1,4.6,1,7.5,1,"","",7.8,1,"","","","","","","","","","","","","","","","","","","","",82,1,"","","","","","","","","","","","",8.5,1,"","","","","","","","","","","","","","","","","","","","","","","","","","","","","","","","","","","","","","","","","","","","","","","","","","","","","","","","","","","","","","","","","","","","","","","","","","","","","","","","","","","","","","","","","","","","","","","","","","","","","","","","","","","","","","","","","","","",""
"06163007","TENDE_SAPC",44.043167,7.586,636,2000022619,0.,1,"","","","","","","","","","","","","","","","","","","","","","","","","","","","","","","","","","",7.2,1,4.5,1,7.2,1,"","",7.5,1,"","","","","","","","","","","","","","","","","","","","",83,1,"","","","","","","","","","","","",8.4,1,"","","","","","","","","","","","","","","","","","","","","","","","","","","","","","","","","","","","","","","","","","","","","","","","","","","","","","","","","","","","","","","","","","","","","","","","","","","","","","","","","","","","","","","","","","","","","","","","","","","","","","","","","","","","","","","","","","","",""
"06163007","TENDE_SAPC",44.043167,7.586,636,2000022620,0.,1,"","","","","","","","","","","","","","","","","","","","","","","","","","","","","","","","","","",7.,1,4.5,1,7.,1,"","",7.2,1,"","","","","","","","","","","","","","","","","","","","",84,1,"","","","","","","","","","","","",8.4,1,"","","","","","","","","","","","","","","","","","","","","","","","","","","","","","","","","","","","","","","","","","","","","","","","","","","","","","","","","","","","","","","","","","","","","","","","","","","","","","","","","","","","","","","","","","","","","","","","","","","","","","","","","","","","","","","","","","","",""
"06163007","TENDE_SAPC",44.043167,7.586,636,2000022621,0.,1,"","","","","","","","","","","","","","","","","","","","","","","","","","","","","","","","","","",6.9,1,4.4,1,6.9,1,"","",7.1,1,"","","","","","","","","","","","","","","","","","","","",84,1,"","","","","","","","","","","","",8.3,1,"","","","","","","","","","","","","","","","","","","","","","","","","","","","","","","","","","","","","","","","","","","","","","","","","","","","","","","","","","","","","","","","","","","","","","","","","","","","","","","","","","","","","","","","","","","","","","","","","","","","","","","","","","","","","","","","","","","",""
"06163007","TENDE_SAPC",44.043167,7.586,636,2000022622,0.,1,"","","","","","","","","","","","","","","","","","","","","","","","","","","","","","","","","","",6.7,1,4.4,1,6.7,1,"","",6.9,1,"","","","","","","","","","","","","","","","","","","","",85,1,"","","","","","","","","","","","",8.3,1,"","","","","","","","","","","","","","","","","","","","","","","","","","","","","","","","","","","","","","","","","","","","","","","","","","","","","","","","","","","","","","","","","","","","","","","","","","","","","","","","","","","","","","","","","","","","","","","","","","","","","","","","","","","","","","","","","","","",""
"06163007","TENDE_SAPC",44.043167,7.586,636,2000022623,0.,1,"","","","","","","","","","","","","","","","","","","","","","","","","","","","","","","","","","",6.7,1,4.4,1,6.6,1,"","",6.7,1,"","","","","","","","","","","","","","","","","","","","",85,1,"","","","","","","","","","","","",8.3,1,"","","","","","","","","","","","","","","","","","","","","","","","","","","","","","","","","","","","","","","","","","","","","","","","","","","","","","","","","","","","","","","","","","","","","","","","","","","","","","","","","","","","","","","","","","","","","","","","","","","","","","","","","","","","","","","","","","","",""
"06163007","TENDE_SAPC",44.043167,7.586,636,2000022700,0.,1,"","","","","","","","","","","","","","","","","","","","","","","","","","","","","","","","","","",6.5,1,4.2,1,6.5,1,"","",6.7,1,"","","","","","","","","","","","","","","","","","","","",85,1,"","","","","","","","","","","","",8.2,1,"","","","","","","","","","","","","","","","","","","","","","","","","","","","","","","","","","","","","","","","","","","","","","","","","","","","","","","","","","","","","","","","","","","","","","","","","","","","","","","","","","","","","","","","","","","","","","","","","","","","","","","","","","","","","","","","","","","",""
"06163007","TENDE_SAPC",44.043167,7.586,636,2000022701,0.,1,"","","","","","","","","","","","","","","","","","","","","","","","","","","","","","","","","","",6.3,1,4.,1,6.3,1,"","",6.5,1,"","","","","","","","","","","","","","","","","","","","",85,1,"","","","","","","","","","","","",8.1,1,"","","","","","","","","","","","","","","","","","","","","","","","","","","","","","","","","","","","","","","","","","","","","","","","","","","","","","","","","","","","","","","","","","","","","","","","","","","","","","","","","","","","","","","","","","","","","","","","","","","","","","","","","","","","","","","","","","","",""
"06163007","TENDE_SAPC",44.043167,7.586,636,2000022702,0.,1,"","","","","","","","","","","","","","","","","","","","","","","","","","","","","","","","","","",6.3,1,4.,1,6.2,1,"","",6.3,1,"","","","","","","","","","","","","","","","","","","","",85,1,"","","","","","","","","","","","",8.1,1,"","","","","","","","","","","","","","","","","","","","","","","","","","","","","","","","","","","","","","","","","","","","","","","","","","","","","","","","","","","","","","","","","","","","","","","","","","","","","","","","","","","","","","","","","","","","","","","","","","","","","","","","","","","","","","","","","","","",""
"06163007","TENDE_SAPC",44.043167,7.586,636,2000022703,0.,1,"","","","","","","","","","","","","","","","","","","","","","","","","","","","","","","","","","",6.,1,3.7,1,6.,1,"","",6.3,1,"","","","","","","","","","","","","","","","","","","","",85,1,"","","","","","","","","","","","",7.9,1,"","","","","","","","","","","","","","","","","","","","","","","","","","","","","","","","","","","","","","","","","","","","","","","","","","","","","","","","","","","","","","","","","","","","","","","","","","","","","","","","","","","","","","","","","","","","","","","","","","","","","","","","","","","","","","","","","","","",""
"06163007","TENDE_SAPC",44.043167,7.586,636,2000022704,0.,1,"","","","","","","","","","","","","","","","","","","","","","","","","","","","","","","","","","",6.,1,3.7,1,6.,1,"","",6.,1,"","","","","","","","","","","","","","","","","","","","",85,1,"","","","","","","","","","","","",7.9,1,"","","","","","","","","","","","","","","","","","","","","","","","","","","","","","","","","","","","","","","","","","","","","","","","","","","","","","","","","","","","","","","","","","","","","","","","","","","","","","","","","","","","","","","","","","","","","","","","","","","","","","","","","","","","","","","","","","","",""
"06163007","TENDE_SAPC",44.043167,7.586,636,2000022705,0.,1,"","","","","","","","","","","","","","","","","","","","","","","","","","","","","","","","","","",5.9,1,3.4,1,5.9,1,"","",6.,1,"","","","","","","","","","","","","","","","","","","","",84,1,"","","","","","","","","","","","",7.8,1,"","","","","","","","","","","","","","","","","","","","","","","","","","","","","","","","","","","","","","","","","","","","","","","","","","","","","","","","","","","","","","","","","","","","","","","","","","","","","","","","","","","","","","","","","","","","","","","","","","","","","","","","","","","","","","","","","","","",""
"06163007","TENDE_SAPC",44.043167,7.586,636,2000022706,0.,1,"","","","","","","","","","","","","","","","","","","","","","","","","","","","","","","","","","",5.9,1,3.2,1,5.9,1,"","",6.,1,"","","","","","","","","","","","","","","","","","","","",83,1,"","","","","","","","","","","","",7.7,1,"","","","","","","","","","","","","","","","","","","","","","","","","","","","","","","","","","","","","","","","","","","","","","","","","","","","","","","","","","","","","","","","","","","","","","","","","","","","","","","","","","","","","","","","","","","","","","","","","","","","","","","","","","","","","","","","","","","",""
"06163007","TENDE_SAPC",44.043167,7.586,636,2000022707,0.,1,"","","","","","","","","","","","","","","","","","","","","","","","","","","","","","","","","","",6.1,1,3.3,1,5.9,1,"","",6.1,1,"","","","","","","","","","","","","","","","","","","","",82,1,"","","","","","","","","","","","",7.7,1,"","","","","","","","","","","","","","","","","","","","","","","","","","","","","","","","","","","","","","","","","","","","","","","","","","","","","","","","","","","","","","","","","","","","","","","","","","","","","","","","","","","","","","","","","","","","","","","","","","","","","","","","","","","","","","","","","","","",""
"06163007","TENDE_SAPC",44.043167,7.586,636,2000022708,0.,1,"","","","","","","","","","","","","","","","","","","","","","","","","","","","","","","","","","",7.4,1,3.1,1,6.1,1,"","",7.4,1,"","","","","","","","","","","","","","","","","","","","",74,1,"","","","","","","","","","","","",7.6,1,"","","","","","","","","","","","","","","","","","","","","","","","","","","","","","","","","","","","","","","","","","","","","","","","","","","","","","","","","","","","","","","","","","","","","","","","","","","","","","","","","","","","","","","","","","","","","","","","","","","","","","","","","","","","","","","","","","","",""
"06163007","TENDE_SAPC",44.043167,7.586,636,2000022709,0.,1,"","","","","","","","","","","","","","","","","","","","","","","","","","","","","","","","","","",8.7,1,2.9,1,7.4,1,"","",8.7,1,"","","","","","","","","","","","","","","","","","","","",67,1,"","","","","","","","","","","","",7.5,1,"","","","","","","","","","","","","","","","","","","","","","","","","","","","","","","","","","","","","","","","","","","","","","","","","","","","","","","","","","","","","","","","","","","","","","","","","","","","","","","","","","","","","","","","","","","","","","","","","","","","","","","","","","","","","","","","","","","",""
"06163007","TENDE_SAPC",44.043167,7.586,636,2000022710,0.,1,"","","","","","","","","","","","","","","","","","","","","","","","","","","","","","","","","","",9.5,1,2.3,1,8.7,1,"","",9.5,1,"","","","","","","","","","","","","","","","","","","","",61,1,"","","","","","","","","","","","",7.2,1,"","","","","","","","","","","","","","","","","","","","","","","","","","","","","","","","","","","","","","","","","","","","","","","","","","","","","","","","","","","","","","","","","","","","","","","","","","","","","","","","","","","","","","","","","","","","","","","","","","","","","","","","","","","","","","","","","","","",""
"06163007","TENDE_SAPC",44.043167,7.586,636,2000022711,0.,1,"","","","","","","","","","","","","","","","","","","","","","","","","","","","","","","","","","",10.5,1,2.3,1,9.5,1,"","",10.5,1,"","","","","","","","","","","","","","","","","","","","",57,1,"","","","","","","","","","","","",7.2,1,"","","","","","","","","","","","","","","","","","","","","","","","","","","","","","","","","","","","","","","","","","","","","","","","","","","","","","","","","","","","","","","","","","","","","","","","","","","","","","","","","","","","","","","","","","","","","","","","","","","","","","","","","","","","","","","","","","","",""
"06163007","TENDE_SAPC",44.043167,7.586,636,2000022712,0.,1,"","","","","","","","","","","","","","","","","","","","","","","","","","","","","","","","","","",12.1,1,1.7,1,10.5,1,"","",12.1,1,"","","","","","","","","","","","","","","","","","","","",49,1,"","","","","","","","","","","","",6.9,1,"","","","","","","","","","","","","","","","","","","","","","","","","","","","","","","","","","","","","","","","","","","","","","","","","","","","","","","","","","","","","","","","","","","","","","","","","","","","","","","","","","","","","","","","","","","","","","","","","","","","","","","","","","","","","","","","","","","",""
"06163007","TENDE_SAPC",44.043167,7.586,636,2000022713,0.,1,"","","","","","","","","","","","","","","","","","","","","","","","","","","","","","","","","","",12.7,1,2.,1,12.1,1,"","",12.7,1,"","","","","","","","","","","","","","","","","","","","",48,1,"","","","","","","","","","","","",7.,1,"","","","","","","","","","","","","","","","","","","","","","","","","","","","","","","","","","","","","","","","","","","","","","","","","","","","","","","","","","","","","","","","","","","","","","","","","","","","","","","","","","","","","","","","","","","","","","","","","","","","","","","","","","","","","","","","","","","",""
"06163007","TENDE_SAPC",44.043167,7.586,636,2000022714,0.,1,"","","","","","","","","","","","","","","","","","","","","","","","","","","","","","","","","","",12.5,1,2.3,1,12.5,1,"","",12.8,1,"","","","","","","","","","","","","","","","","","","","",50,1,"","","","","","","","","","","","",7.2,1,"","","","","","","","","","","","","","","","","","","","","","","","","","","","","","","","","","","","","","","","","","","","","","","","","","","","","","","","","","","","","","","","","","","","","","","","","","","","","","","","","","","","","","","","","","","","","","","","","","","","","","","","","","","","","","","","","","","",""
"06163007","TENDE_SAPC",44.043167,7.586,636,2000022715,0.,1,"","","","","","","","","","","","","","","","","","","","","","","","","","","","","","","","","","",11.7,1,3.2,1,11.7,1,"","",12.5,1,"","","","","","","","","","","","","","","","","","","","",56,1,"","","","","","","","","","","","",7.7,1,"","","","","","","","","","","","","","","","","","","","","","","","","","","","","","","","","","","","","","","","","","","","","","","","","","","","","","","","","","","","","","","","","","","","","","","","","","","","","","","","","","","","","","","","","","","","","","","","","","","","","","","","","","","","","","","","","","","",""
"06163007","TENDE_SAPC",44.043167,7.586,636,2000022716,0.,1,"","","","","","","","","","","","","","","","","","","","","","","","","","","","","","","","","","",10.7,1,4.2,1,10.7,1,"","",11.7,1,"","","","","","","","","","","","","","","","","","","","",64,1,"","","","","","","","","","","","",8.2,1,"","","","","","","","","","","","","","","","","","","","","","","","","","","","","","","","","","","","","","","","","","","","","","","","","","","","","","","","","","","","","","","","","","","","","","","","","","","","","","","","","","","","","","","","","","","","","","","","","","","","","","","","","","","","","","","","","","","",""
"06163007","TENDE_SAPC",44.043167,7.586,636,2000022717,0.,1,"","","","","","","","","","","","","","","","","","","","","","","","","","","","","","","","","","",9.2,1,4.2,1,9.2,1,"","",10.6,1,"","","","","","","","","","","","","","","","","","","","",71,1,"","","","","","","","","","","","",8.3,1,"","","","","","","","","","","","","","","","","","","","","","","","","","","","","","","","","","","","","","","","","","","","","","","","","","","","","","","","","","","","","","","","","","","","","","","","","","","","","","","","","","","","","","","","","","","","","","","","","","","","","","","","","","","","","","","","","","","",""
"06163007","TENDE_SAPC",44.043167,7.586,636,2000022718,0.,1,"","","","","","","","","","","","","","","","","","","","","","","","","","","","","","","","","","",6.9,1,3.5,1,6.9,1,"","",9.2,1,"","","","","","","","","","","","","","","","","","","","",79,1,"","","","","","","","","","","","",7.9,1,"","","","","","","","","","","","","","","","","","","","","","","","","","","","","","","","","","","","","","","","","","","","","","","","","","","","","","","","","","","","","","","","","","","","","","","","","","","","","","","","","","","","","","","","","","","","","","","","","","","","","","","","","","","","","","","","","","","",""
"06163007","TENDE_SAPC",44.043167,7.586,636,2000022719,0.,1,"","","","","","","","","","","","","","","","","","","","","","","","","","","","","","","","","","",5.6,1,2.4,1,5.6,1,"","",6.9,1,"","","","","","","","","","","","","","","","","","","","",80,1,"","","","","","","","","","","","",7.3,1,"","","","","","","","","","","","","","","","","","","","","","","","","","","","","","","","","","","","","","","","","","","","","","","","","","","","","","","","","","","","","","","","","","","","","","","","","","","","","","","","","","","","","","","","","","","","","","","","","","","","","","","","","","","","","","","","","","","",""
"06163007","TENDE_SAPC",44.043167,7.586,636,2000022720,0.,1,"","","","","","","","","","","","","","","","","","","","","","","","","","","","","","","","","","",6.2,1,1.9,1,5.5,1,"","",6.2,1,"","","","","","","","","","","","","","","","","","","","",74,1,"","","","","","","","","","","","",7.,1,"","","","","","","","","","","","","","","","","","","","","","","","","","","","","","","","","","","","","","","","","","","","","","","","","","","","","","","","","","","","","","","","","","","","","","","","","","","","","","","","","","","","","","","","","","","","","","","","","","","","","","","","","","","","","","","","","","","",""
"06163007","TENDE_SAPC",44.043167,7.586,636,2000022721,0.,1,"","","","","","","","","","","","","","","","","","","","","","","","","","","","","","","","","","",6.5,1,1.6,1,6.2,1,"","",6.6,1,"","","","","","","","","","","","","","","","","","","","",71,1,"","","","","","","","","","","","",6.9,1,"","","","","","","","","","","","","","","","","","","","","","","","","","","","","","","","","","","","","","","","","","","","","","","","","","","","","","","","","","","","","","","","","","","","","","","","","","","","","","","","","","","","","","","","","","","","","","","","","","","","","","","","","","","","","","","","","","","",""
"06163007","TENDE_SAPC",44.043167,7.586,636,2000022722,0.,1,"","","","","","","","","","","","","","","","","","","","","","","","","","","","","","","","","","",7.1,1,0.5,1,6.5,1,"","",7.1,1,"","","","","","","","","","","","","","","","","","","","",63,1,"","","","","","","","","","","","",6.3,1,"","","","","","","","","","","","","","","","","","","","","","","","","","","","","","","","","","","","","","","","","","","","","","","","","","","","","","","","","","","","","","","","","","","","","","","","","","","","","","","","","","","","","","","","","","","","","","","","","","","","","","","","","","","","","","","","","","","",""
"06163007","TENDE_SAPC",44.043167,7.586,636,2000022723,0.,1,"","","","","","","","","","","","","","","","","","","","","","","","","","","","","","","","","","",7.1,1,-1.6,1,6.9,1,"","",7.2,1,"","","","","","","","","","","","","","","","","","","","",54,1,"","","","","","","","","","","","",5.4,1,"","","","","","","","","","","","","","","","","","","","","","","","","","","","","","","","","","","","","","","","","","","","","","","","","","","","","","","","","","","","","","","","","","","","","","","","","","","","","","","","","","","","","","","","","","","","","","","","","","","","","","","","","","","","","","","","","","","",""
"06163007","TENDE_SAPC",44.043167,7.586,636,2000022800,0.,1,"","","","","","","","","","","","","","","","","","","","","","","","","","","","","","","","","","",5.8,1,-0.7,1,5.8,1,"","",7.1,1,"","","","","","","","","","","","","","","","","","","","",63,1,"","","","","","","","","","","","",5.8,1,"","","","","","","","","","","","","","","","","","","","","","","","","","","","","","","","","","","","","","","","","","","","","","","","","","","","","","","","","","","","","","","","","","","","","","","","","","","","","","","","","","","","","","","","","","","","","","","","","","","","","","","","","","","","","","","","","","","",""
"06163007","TENDE_SAPC",44.043167,7.586,636,2000022801,0.,1,"","","","","","","","","","","","","","","","","","","","","","","","","","","","","","","","","","",3.8,1,0.3,1,3.8,1,"","",5.8,1,"","","","","","","","","","","","","","","","","","","","",78,1,"","","","","","","","","","","","",6.3,1,"","","","","","","","","","","","","","","","","","","","","","","","","","","","","","","","","","","","","","","","","","","","","","","","","","","","","","","","","","","","","","","","","","","","","","","","","","","","","","","","","","","","","","","","","","","","","","","","","","","","","","","","","","","","","","","","","","","",""
"06163007","TENDE_SAPC",44.043167,7.586,636,2000022802,0.,1,"","","","","","","","","","","","","","","","","","","","","","","","","","","","","","","","","","",2.7,1,-0.4,1,2.7,1,"","",3.8,1,"","","","","","","","","","","","","","","","","","","","",80,1,"","","","","","","","","","","","",5.9,1,"","","","","","","","","","","","","","","","","","","","","","","","","","","","","","","","","","","","","","","","","","","","","","","","","","","","","","","","","","","","","","","","","","","","","","","","","","","","","","","","","","","","","","","","","","","","","","","","","","","","","","","","","","","","","","","","","","","",""
"06163007","TENDE_SAPC",44.043167,7.586,636,2000022803,0.,1,"","","","","","","","","","","","","","","","","","","","","","","","","","","","","","","","","","",2.3,1,-1.,1,2.3,1,"","",2.7,1,"","","","","","","","","","","","","","","","","","","","",79,1,"","","","","","","","","","","","",5.7,1,"","","","","","","","","","","","","","","","","","","","","","","","","","","","","","","","","","","","","","","","","","","","","","","","","","","","","","","","","","","","","","","","","","","","","","","","","","","","","","","","","","","","","","","","","","","","","","","","","","","","","","","","","","","","","","","","","","","",""
"06163007","TENDE_SAPC",44.043167,7.586,636,2000022804,0.,1,"","","","","","","","","","","","","","","","","","","","","","","","","","","","","","","","","","",1.8,1,-1.5,1,1.8,1,"","",2.4,1,"","","","","","","","","","","","","","","","","","","","",79,1,"","","","","","","","","","","","",5.5,1,"","","","","","","","","","","","","","","","","","","","","","","","","","","","","","","","","","","","","","","","","","","","","","","","","","","","","","","","","","","","","","","","","","","","","","","","","","","","","","","","","","","","","","","","","","","","","","","","","","","","","","","","","","","","","","","","","","","",""
"06163007","TENDE_SAPC",44.043167,7.586,636,2000022805,0.,1,"","","","","","","","","","","","","","","","","","","","","","","","","","","","","","","","","","",1.4,1,-1.7,1,1.4,1,"","",1.8,1,"","","","","","","","","","","","","","","","","","","","",80,1,"","","","","","","","","","","","",5.4,1,"","","","","","","","","","","","","","","","","","","","","","","","","","","","","","","","","","","","","","","","","","","","","","","","","","","","","","","","","","","","","","","","","","","","","","","","","","","","","","","","","","","","","","","","","","","","","","","","","","","","","","","","","","","","","","","","","","","",""
"06163007","TENDE_SAPC",44.043167,7.586,636,2000022806,0.,1,"","","","","","","","","","","","","","","","","","","","","","","","","","","","","","","","","","",0.9,1,-2.,1,0.9,1,"","",1.4,1,"","","","","","","","","","","","","","","","","","","","",81,1,"","","","","","","","","","","","",5.3,1,"","","","","","","","","","","","","","","","","","","","","","","","","","","","","","","","","","","","","","","","","","","","","","","","","","","","","","","","","","","","","","","","","","","","","","","","","","","","","","","","","","","","","","","","","","","","","","","","","","","","","","","","","","","","","","","","","","","",""
"06163007","TENDE_SAPC",44.043167,7.586,636,2000022807,0.,1,"","","","","","","","","","","","","","","","","","","","","","","","","","","","","","","","","","",0.9,1,-2.,1,0.7,1,"","",1.,1,"","","","","","","","","","","","","","","","","","","","",81,1,"","","","","","","","","","","","",5.3,1,"","","","","","","","","","","","","","","","","","","","","","","","","","","","","","","","","","","","","","","","","","","","","","","","","","","","","","","","","","","","","","","","","","","","","","","","","","","","","","","","","","","","","","","","","","","","","","","","","","","","","","","","","","","","","","","","","","","",""
"06163007","TENDE_SAPC",44.043167,7.586,636,2000022808,0.,1,"","","","","","","","","","","","","","","","","","","","","","","","","","","","","","","","","","",1.3,1,-1.6,1,0.9,1,"","",1.3,1,"","","","","","","","","","","","","","","","","","","","",81,1,"","","","","","","","","","","","",5.4,1,"","","","","","","","","","","","","","","","","","","","","","","","","","","","","","","","","","","","","","","","","","","","","","","","","","","","","","","","","","","","","","","","","","","","","","","","","","","","","","","","","","","","","","","","","","","","","","","","","","","","","","","","","","","","","","","","","","","",""
"06163007","TENDE_SAPC",44.043167,7.586,636,2000022809,0.,1,"","","","","","","","","","","","","","","","","","","","","","","","","","","","","","","","","","",2.6,1,-0.3,1,1.3,1,"","",2.6,1,"","","","","","","","","","","","","","","","","","","","",81,1,"","","","","","","","","","","","",6.,1,"","","","","","","","","","","","","","","","","","","","","","","","","","","","","","","","","","","","","","","","","","","","","","","","","","","","","","","","","","","","","","","","","","","","","","","","","","","","","","","","","","","","","","","","","","","","","","","","","","","","","","","","","","","","","","","","","","","",""
"06163007","TENDE_SAPC",44.043167,7.586,636,2000022810,0.,1,"","","","","","","","","","","","","","","","","","","","","","","","","","","","","","","","","","",9.8,1,-1.,1,2.7,1,"","",9.8,1,"","","","","","","","","","","","","","","","","","","","",47,1,"","","","","","","","","","","","",5.7,1,"","","","","","","","","","","","","","","","","","","","","","","","","","","","","","","","","","","","","","","","","","","","","","","","","","","","","","","","","","","","","","","","","","","","","","","","","","","","","","","","","","","","","","","","","","","","","","","","","","","","","","","","","","","","","","","","","","","",""
"06163007","TENDE_SAPC",44.043167,7.586,636,2000022811,0.,1,"","","","","","","","","","","","","","","","","","","","","","","","","","","","","","","","","","",11.9,1,-0.6,1,10.,1,"","",11.9,1,"","","","","","","","","","","","","","","","","","","","",42,1,"","","","","","","","","","","","",5.8,1,"","","","","","","","","","","","","","","","","","","","","","","","","","","","","","","","","","","","","","","","","","","","","","","","","","","","","","","","","","","","","","","","","","","","","","","","","","","","","","","","","","","","","","","","","","","","","","","","","","","","","","","","","","","","","","","","","","","",""
"06163007","TENDE_SAPC",44.043167,7.586,636,2000022812,0.,1,"","","","","","","","","","","","","","","","","","","","","","","","","","","","","","","","","","",12.9,1,-0.7,1,12.,1,"","",13.1,1,"","","","","","","","","","","","","","","","","","","","",39,1,"","","","","","","","","","","","",5.8,1,"","","","","","","","","","","","","","","","","","","","","","","","","","","","","","","","","","","","","","","","","","","","","","","","","","","","","","","","","","","","","","","","","","","","","","","","","","","","","","","","","","","","","","","","","","","","","","","","","","","","","","","","","","","","","","","","","","","",""
"06163007","TENDE_SAPC",44.043167,7.586,636,2000022813,0.,1,"","","","","","","","","","","","","","","","","","","","","","","","","","","","","","","","","","",12.,1,0.7,1,12.,1,"","",13.2,1,"","","","","","","","","","","","","","","","","","","","",46,1,"","","","","","","","","","","","",6.4,1,"","","","","","","","","","","","","","","","","","","","","","","","","","","","","","","","","","","","","","","","","","","","","","","","","","","","","","","","","","","","","","","","","","","","","","","","","","","","","","","","","","","","","","","","","","","","","","","","","","","","","","","","","","","","","","","","","","","",""
"06163007","TENDE_SAPC",44.043167,7.586,636,2000022814,0.,1,"","","","","","","","","","","","","","","","","","","","","","","","","","","","","","","","","","",10.7,1,1.8,1,10.7,1,"","",12.1,1,"","","","","","","","","","","","","","","","","","","","",54,1,"","","","","","","","","","","","",6.9,1,"","","","","","","","","","","","","","","","","","","","","","","","","","","","","","","","","","","","","","","","","","","","","","","","","","","","","","","","","","","","","","","","","","","","","","","","","","","","","","","","","","","","","","","","","","","","","","","","","","","","","","","","","","","","","","","","","","","",""
"06163007","TENDE_SAPC",44.043167,7.586,636,2000022815,0.,1,"","","","","","","","","","","","","","","","","","","","","","","","","","","","","","","","","","",10.1,1,1.5,1,10.1,1,"","",10.7,1,"","","","","","","","","","","","","","","","","","","","",55,1,"","","","","","","","","","","","",6.8,1,"","","","","","","","","","","","","","","","","","","","","","","","","","","","","","","","","","","","","","","","","","","","","","","","","","","","","","","","","","","","","","","","","","","","","","","","","","","","","","","","","","","","","","","","","","","","","","","","","","","","","","","","","","","","","","","","","","","",""
"06163007","TENDE_SAPC",44.043167,7.586,636,2000022816,0.,1,"","","","","","","","","","","","","","","","","","","","","","","","","","","","","","","","","","",9.4,1,0.8,1,9.4,1,"","",10.,1,"","","","","","","","","","","","","","","","","","","","",55,1,"","","","","","","","","","","","",6.5,1,"","","","","","","","","","","","","","","","","","","","","","","","","","","","","","","","","","","","","","","","","","","","","","","","","","","","","","","","","","","","","","","","","","","","","","","","","","","","","","","","","","","","","","","","","","","","","","","","","","","","","","","","","","","","","","","","","","","",""
"06163007","TENDE_SAPC",44.043167,7.586,636,2000022817,0.,1,"","","","","","","","","","","","","","","","","","","","","","","","","","","","","","","","","","",8.9,1,0.3,1,8.9,1,"","",9.4,1,"","","","","","","","","","","","","","","","","","","","",55,1,"","","","","","","","","","","","",6.3,1,"","","","","","","","","","","","","","","","","","","","","","","","","","","","","","","","","","","","","","","","","","","","","","","","","","","","","","","","","","","","","","","","","","","","","","","","","","","","","","","","","","","","","","","","","","","","","","","","","","","","","","","","","","","","","","","","","","","",""
"06163007","TENDE_SAPC",44.043167,7.586,636,2000022818,0.,1,"","","","","","","","","","","","","","","","","","","","","","","","","","","","","","","","","","",8.5,1,-0.3,1,8.5,1,"","",8.8,1,"","","","","","","","","","","","","","","","","","","","",54,1,"","","","","","","","","","","","",6.,1,"","","","","","","","","","","","","","","","","","","","","","","","","","","","","","","","","","","","","","","","","","","","","","","","","","","","","","","","","","","","","","","","","","","","","","","","","","","","","","","","","","","","","","","","","","","","","","","","","","","","","","","","","","","","","","","","","","","",""
"06163007","TENDE_SAPC",44.043167,7.586,636,2000022819,0.,1,"","","","","","","","","","","","","","","","","","","","","","","","","","","","","","","","","","",7.9,1,-0.3,1,7.9,1,"","",8.5,1,"","","","","","","","","","","","","","","","","","","","",56,1,"","","","","","","","","","","","",6.,1,"","","","","","","","","","","","","","","","","","","","","","","","","","","","","","","","","","","","","","","","","","","","","","","","","","","","","","","","","","","","","","","","","","","","","","","","","","","","","","","","","","","","","","","","","","","","","","","","","","","","","","","","","","","","","","","","","","","",""
"06163007","TENDE_SAPC",44.043167,7.586,636,2000022820,0.,1,"","","","","","","","","","","","","","","","","","","","","","","","","","","","","","","","","","",7.,1,0.,1,7.,1,"","",7.9,1,"","","","","","","","","","","","","","","","","","","","",61,1,"","","","","","","","","","","","",6.1,1,"","","","","","","","","","","","","","","","","","","","","","","","","","","","","","","","","","","","","","","","","","","","","","","","","","","","","","","","","","","","","","","","","","","","","","","","","","","","","","","","","","","","","","","","","","","","","","","","","","","","","","","","","","","","","","","","","","","",""
"06163007","TENDE_SAPC",44.043167,7.586,636,2000022821,0.,1,"","","","","","","","","","","","","","","","","","","","","","","","","","","","","","","","","","",6.7,1,0.1,1,6.7,1,"","",7.,1,"","","","","","","","","","","","","","","","","","","","",63,1,"","","","","","","","","","","","",6.2,1,"","","","","","","","","","","","","","","","","","","","","","","","","","","","","","","","","","","","","","","","","","","","","","","","","","","","","","","","","","","","","","","","","","","","","","","","","","","","","","","","","","","","","","","","","","","","","","","","","","","","","","","","","","","","","","","","","","","",""
"06163007","TENDE_SAPC",44.043167,7.586,636,2000022822,0.,1,"","","","","","","","","","","","","","","","","","","","","","","","","","","","","","","","","","",6.4,1,0.1,1,6.4,1,"","",6.7,1,"","","","","","","","","","","","","","","","","","","","",64,1,"","","","","","","","","","","","",6.1,1,"","","","","","","","","","","","","","","","","","","","","","","","","","","","","","","","","","","","","","","","","","","","","","","","","","","","","","","","","","","","","","","","","","","","","","","","","","","","","","","","","","","","","","","","","","","","","","","","","","","","","","","","","","","","","","","","","","","",""
"06163007","TENDE_SAPC",44.043167,7.586,636,2000022823,0.,1,"","","","","","","","","","","","","","","","","","","","","","","","","","","","","","","","","","",6.2,1,0.3,1,6.2,1,"","",6.4,1,"","","","","","","","","","","","","","","","","","","","",66,1,"","","","","","","","","","","","",6.3,1,"","","","","","","","","","","","","","","","","","","","","","","","","","","","","","","","","","","","","","","","","","","","","","","","","","","","","","","","","","","","","","","","","","","","","","","","","","","","","","","","","","","","","","","","","","","","","","","","","","","","","","","","","","","","","","","","","","","",""
"06163007","TENDE_SAPC",44.043167,7.586,636,2000022900,0.,1,"","","","","","","","","","","","","","","","","","","","","","","","","","","","","","","","","","",6.,1,0.3,1,6.,1,"","",6.2,1,"","","","","","","","","","","","","","","","","","","","",67,1,"","","","","","","","","","","","",6.3,1,"","","","","","","","","","","","","","","","","","","","","","","","","","","","","","","","","","","","","","","","","","","","","","","","","","","","","","","","","","","","","","","","","","","","","","","","","","","","","","","","","","","","","","","","","","","","","","","","","","","","","","","","","","","","","","","","","","","",""
"06163007","TENDE_SAPC",44.043167,7.586,636,2000022901,0.,1,"","","","","","","","","","","","","","","","","","","","","","","","","","","","","","","","","","",5.8,1,0.3,1,5.8,1,"","",6.,1,"","","","","","","","","","","","","","","","","","","","",68,1,"","","","","","","","","","","","",6.3,1,"","","","","","","","","","","","","","","","","","","","","","","","","","","","","","","","","","","","","","","","","","","","","","","","","","","","","","","","","","","","","","","","","","","","","","","","","","","","","","","","","","","","","","","","","","","","","","","","","","","","","","","","","","","","","","","","","","","",""
"06163007","TENDE_SAPC",44.043167,7.586,636,2000022902,0.,1,"","","","","","","","","","","","","","","","","","","","","","","","","","","","","","","","","","",5.7,1,0.5,1,5.7,1,"","",5.8,1,"","","","","","","","","","","","","","","","","","","","",69,1,"","","","","","","","","","","","",6.3,1,"","","","","","","","","","","","","","","","","","","","","","","","","","","","","","","","","","","","","","","","","","","","","","","","","","","","","","","","","","","","","","","","","","","","","","","","","","","","","","","","","","","","","","","","","","","","","","","","","","","","","","","","","","","","","","","","","","","",""
"06163007","TENDE_SAPC",44.043167,7.586,636,2000022903,0.,1,"","","","","","","","","","","","","","","","","","","","","","","","","","","","","","","","","","",5.5,1,0.5,1,5.5,1,"","",5.7,1,"","","","","","","","","","","","","","","","","","","","",70,1,"","","","","","","","","","","","",6.3,1,"","","","","","","","","","","","","","","","","","","","","","","","","","","","","","","","","","","","","","","","","","","","","","","","","","","","","","","","","","","","","","","","","","","","","","","","","","","","","","","","","","","","","","","","","","","","","","","","","","","","","","","","","","","","","","","","","","","",""
"06163007","TENDE_SAPC",44.043167,7.586,636,2000022904,0.,1,"","","","","","","","","","","","","","","","","","","","","","","","","","","","","","","","","","",5.2,1,0.2,1,5.2,1,"","",5.5,1,"","","","","","","","","","","","","","","","","","","","",70,1,"","","","","","","","","","","","",6.2,1,"","","","","","","","","","","","","","","","","","","","","","","","","","","","","","","","","","","","","","","","","","","","","","","","","","","","","","","","","","","","","","","","","","","","","","","","","","","","","","","","","","","","","","","","","","","","","","","","","","","","","","","","","","","","","","","","","","","",""
"06163007","TENDE_SAPC",44.043167,7.586,636,2000022905,0.,1,"","","","","","","","","","","","","","","","","","","","","","","","","","","","","","","","","","",3.8,1,-0.4,1,3.8,1,"","",5.2,1,"","","","","","","","","","","","","","","","","","","","",74,1,"","","","","","","","","","","","",5.9,1,"","","","","","","","","","","","","","","","","","","","","","","","","","","","","","","","","","","","","","","","","","","","","","","","","","","","","","","","","","","","","","","","","","","","","","","","","","","","","","","","","","","","","","","","","","","","","","","","","","","","","","","","","","","","","","","","","","","",""
"06163007","TENDE_SAPC",44.043167,7.586,636,2000022906,0.,1,"","","","","","","","","","","","","","","","","","","","","","","","","","","","","","","","","","",2.7,1,-0.8,1,2.7,1,"","",3.8,1,"","","","","","","","","","","","","","","","","","","","",78,1,"","","","","","","","","","","","",5.8,1,"","","","","","","","","","","","","","","","","","","","","","","","","","","","","","","","","","","","","","","","","","","","","","","","","","","","","","","","","","","","","","","","","","","","","","","","","","","","","","","","","","","","","","","","","","","","","","","","","","","","","","","","","","","","","","","","","","","",""
"06163007","TENDE_SAPC",44.043167,7.586,636,2000022907,0.,1,"","","","","","","","","","","","","","","","","","","","","","","","","","","","","","","","","","",2.,1,-1.4,1,2.,1,"","",2.6,1,"","","","","","","","","","","","","","","","","","","","",78,1,"","","","","","","","","","","","",5.5,1,"","","","","","","","","","","","","","","","","","","","","","","","","","","","","","","","","","","","","","","","","","","","","","","","","","","","","","","","","","","","","","","","","","","","","","","","","","","","","","","","","","","","","","","","","","","","","","","","","","","","","","","","","","","","","","","","","","","",""
"06163007","TENDE_SAPC",44.043167,7.586,636,2000022908,0.,1,"","","","","","","","","","","","","","","","","","","","","","","","","","","","","","","","","","",3.1,1,-1.3,1,2.,1,"","",3.1,1,"","","","","","","","","","","","","","","","","","","","",73,1,"","","","","","","","","","","","",5.6,1,"","","","","","","","","","","","","","","","","","","","","","","","","","","","","","","","","","","","","","","","","","","","","","","","","","","","","","","","","","","","","","","","","","","","","","","","","","","","","","","","","","","","","","","","","","","","","","","","","","","","","","","","","","","","","","","","","","","",""
"06163007","TENDE_SAPC",44.043167,7.586,636,2000022909,0.,1,"","","","","","","","","","","","","","","","","","","","","","","","","","","","","","","","","","",4.1,1,-0.7,1,3.1,1,"","",4.1,1,"","","","","","","","","","","","","","","","","","","","",71,1,"","","","","","","","","","","","",5.8,1,"","","","","","","","","","","","","","","","","","","","","","","","","","","","","","","","","","","","","","","","","","","","","","","","","","","","","","","","","","","","","","","","","","","","","","","","","","","","","","","","","","","","","","","","","","","","","","","","","","","","","","","","","","","","","","","","","","","",""
"06163007","TENDE_SAPC",44.043167,7.586,636,2000022910,0.,1,"","","","","","","","","","","","","","","","","","","","","","","","","","","","","","","","","","",8.5,1,-0.5,1,4.2,1,"","",8.5,1,"","","","","","","","","","","","","","","","","","","","",53,1,"","","","","","","","","","","","",5.9,1,"","","","","","","","","","","","","","","","","","","","","","","","","","","","","","","","","","","","","","","","","","","","","","","","","","","","","","","","","","","","","","","","","","","","","","","","","","","","","","","","","","","","","","","","","","","","","","","","","","","","","","","","","","","","","","","","","","","",""
"06163007","TENDE_SAPC",44.043167,7.586,636,2000022911,0.,1,"","","","","","","","","","","","","","","","","","","","","","","","","","","","","","","","","","",10.1,1,-0.1,1,8.6,1,"","",10.1,1,"","","","","","","","","","","","","","","","","","","","",49,1,"","","","","","","","","","","","",6.,1,"","","","","","","","","","","","","","","","","","","","","","","","","","","","","","","","","","","","","","","","","","","","","","","","","","","","","","","","","","","","","","","","","","","","","","","","","","","","","","","","","","","","","","","","","","","","","","","","","","","","","","","","","","","","","","","","","","","",""
"06163007","TENDE_SAPC",44.043167,7.586,636,2000022912,0.,1,"","","","","","","","","","","","","","","","","","","","","","","","","","","","","","","","","","",10.7,1,0.1,1,10.1,1,"","",11.7,1,"","","","","","","","","","","","","","","","","","","","",48,1,"","","","","","","","","","","","",6.2,1,"","","","","","","","","","","","","","","","","","","","","","","","","","","","","","","","","","","","","","","","","","","","","","","","","","","","","","","","","","","","","","","","","","","","","","","","","","","","","","","","","","","","","","","","","","","","","","","","","","","","","","","","","","","","","","","","","","","",""
"06163007","TENDE_SAPC",44.043167,7.586,636,2000022913,0.,1,"","","","","","","","","","","","","","","","","","","","","","","","","","","","","","","","","","",10.9,1,0.3,1,10.4,1,"","",11.3,1,"","","","","","","","","","","","","","","","","","","","",48,1,"","","","","","","","","","","","",6.2,1,"","","","","","","","","","","","","","","","","","","","","","","","","","","","","","","","","","","","","","","","","","","","","","","","","","","","","","","","","","","","","","","","","","","","","","","","","","","","","","","","","","","","","","","","","","","","","","","","","","","","","","","","","","","","","","","","","","","",""
"06163007","TENDE_SAPC",44.043167,7.586,636,2000022914,0.,1,"","","","","","","","","","","","","","","","","","","","","","","","","","","","","","","","","","",9.5,1,1.4,1,9.5,1,"","",10.8,1,"","","","","","","","","","","","","","","","","","","","",57,1,"","","","","","","","","","","","",6.8,1,"","","","","","","","","","","","","","","","","","","","","","","","","","","","","","","","","","","","","","","","","","","","","","","","","","","","","","","","","","","","","","","","","","","","","","","","","","","","","","","","","","","","","","","","","","","","","","","","","","","","","","","","","","","","","","","","","","","",""
"06163007","TENDE_SAPC",44.043167,7.586,636,2000022915,0.,1,"","","","","","","","","","","","","","","","","","","","","","","","","","","","","","","","","","",9.1,1,1.5,1,9.1,1,"","",9.5,1,"","","","","","","","","","","","","","","","","","","","",59,1,"","","","","","","","","","","","",6.8,1,"","","","","","","","","","","","","","","","","","","","","","","","","","","","","","","","","","","","","","","","","","","","","","","","","","","","","","","","","","","","","","","","","","","","","","","","","","","","","","","","","","","","","","","","","","","","","","","","","","","","","","","","","","","","","","","","","","","",""
"06163007","TENDE_SAPC",44.043167,7.586,636,2000022916,0.,1,"","","","","","","","","","","","","","","","","","","","","","","","","","","","","","","","","","",9.,1,1.6,1,9.,1,"","",9.1,1,"","","","","","","","","","","","","","","","","","","","",60,1,"","","","","","","","","","","","",6.9,1,"","","","","","","","","","","","","","","","","","","","","","","","","","","","","","","","","","","","","","","","","","","","","","","","","","","","","","","","","","","","","","","","","","","","","","","","","","","","","","","","","","","","","","","","","","","","","","","","","","","","","","","","","","","","","","","","","","","",""
"06163007","TENDE_SAPC",44.043167,7.586,636,2000022917,0.,1,"","","","","","","","","","","","","","","","","","","","","","","","","","","","","","","","","","",9.4,1,0.5,1,8.7,1,"","",9.4,1,"","","","","","","","","","","","","","","","","","","","",54,1,"","","","","","","","","","","","",6.4,1,"","","","","","","","","","","","","","","","","","","","","","","","","","","","","","","","","","","","","","","","","","","","","","","","","","","","","","","","","","","","","","","","","","","","","","","","","","","","","","","","","","","","","","","","","","","","","","","","","","","","","","","","","","","","","","","","","","","",""
"06163007","TENDE_SAPC",44.043167,7.586,636,2000022918,0.,1,"","","","","","","","","","","","","","","","","","","","","","","","","","","","","","","","","","",8.6,1,1.9,1,8.6,1,"","",9.5,1,"","","","","","","","","","","","","","","","","","","","",63,1,"","","","","","","","","","","","",7.,1,"","","","","","","","","","","","","","","","","","","","","","","","","","","","","","","","","","","","","","","","","","","","","","","","","","","","","","","","","","","","","","","","","","","","","","","","","","","","","","","","","","","","","","","","","","","","","","","","","","","","","","","","","","","","","","","","","","","",""
"06163007","TENDE_SAPC",44.043167,7.586,636,2000022919,0.,1,"","","","","","","","","","","","","","","","","","","","","","","","","","","","","","","","","","",8.1,1,3.,1,8.1,1,"","",8.6,1,"","","","","","","","","","","","","","","","","","","","",70,1,"","","","","","","","","","","","",7.6,1,"","","","","","","","","","","","","","","","","","","","","","","","","","","","","","","","","","","","","","","","","","","","","","","","","","","","","","","","","","","","","","","","","","","","","","","","","","","","","","","","","","","","","","","","","","","","","","","","","","","","","","","","","","","","","","","","","","","",""
"06163007","TENDE_SAPC",44.043167,7.586,636,2000022920,0.2,1,"","","","","","","","","","","","","","","","","","","","","","","","","","","","","","","","","","",7.1,1,3.3,1,7.1,1,"","",8.3,1,"","","","","","","","","","","","","","","","","","","","",77,1,"","","","","","","","","","","","",7.8,1,"","","","","","","","","","","","","","","","","","","","","","","","","","","","","","","","","","","","","","","","","","","","","","","","","","","","","","","","","","","","","","","","","","","","","","","","","","","","","","","","","","","","","","","","","","","","","","","","","","","","","","","","","","","","","","","","","","","",""
"06163007","TENDE_SAPC",44.043167,7.586,636,2000022921,0.6,1,"","","","","","","","","","","","","","","","","","","","","","","","","","","","","","","","","","",6.7,1,3.7,1,6.6,1,"","",7.1,1,"","","","","","","","","","","","","","","","","","","","",81,1,"","","","","","","","","","","","",7.9,1,"","","","","","","","","","","","","","","","","","","","","","","","","","","","","","","","","","","","","","","","","","","","","","","","","","","","","","","","","","","","","","","","","","","","","","","","","","","","","","","","","","","","","","","","","","","","","","","","","","","","","","","","","","","","","","","","","","","",""
"06163007","TENDE_SAPC",44.043167,7.586,636,2000022922,0.6,1,"","","","","","","","","","","","","","","","","","","","","","","","","","","","","","","","","","",6.9,1,3.9,1,6.7,1,"","",6.9,1,"","","","","","","","","","","","","","","","","","","","",81,1,"","","","","","","","","","","","",8.1,1,"","","","","","","","","","","","","","","","","","","","","","","","","","","","","","","","","","","","","","","","","","","","","","","","","","","","","","","","","","","","","","","","","","","","","","","","","","","","","","","","","","","","","","","","","","","","","","","","","","","","","","","","","","","","","","","","","","","",""
"06163007","TENDE_SAPC",44.043167,7.586,636,2000022923,0.4,1,"","","","","","","","","","","","","","","","","","","","","","","","","","","","","","","","","","",6.9,1,3.9,1,6.7,1,"","",6.9,1,"","","","","","","","","","","","","","","","","","","","",81,1,"","","","","","","","","","","","",8.1,1,"","","","","","","","","","","","","","","","","","","","","","","","","","","","","","","","","","","","","","","","","","","","","","","","","","","","","","","","","","","","","","","","","","","","","","","","","","","","","","","","","","","","","","","","","","","","","","","","","","","","","","","","","","","","","","","","","","","",""
"06163007","TENDE_SAPC",44.043167,7.586,636,2000030100,0.2,1,"","","","","","","","","","","","","","","","","","","","","","","","","","","","","","","","","","",8.1,1,3.2,1,6.9,1,"","",8.1,1,"","","","","","","","","","","","","","","","","","","","",71,1,"","","","","","","","","","","","",7.7,1,"","","","","","","","","","","","","","","","","","","","","","","","","","","","","","","","","","","","","","","","","","","","","","","","","","","","","","","","","","","","","","","","","","","","","","","","","","","","","","","","","","","","","","","","","","","","","","","","","","","","","","","","","","","","","","","","","","","",""
"06163007","TENDE_SAPC",44.043167,7.586,636,2000030101,0.2,1,"","","","","","","","","","","","","","","","","","","","","","","","","","","","","","","","","","",9.2,1,2.7,1,8.2,1,"","",9.2,1,"","","","","","","","","","","","","","","","","","","","",64,1,"","","","","","","","","","","","",7.4,1,"","","","","","","","","","","","","","","","","","","","","","","","","","","","","","","","","","","","","","","","","","","","","","","","","","","","","","","","","","","","","","","","","","","","","","","","","","","","","","","","","","","","","","","","","","","","","","","","","","","","","","","","","","","","","","","","","","","",""
"06163007","TENDE_SAPC",44.043167,7.586,636,2000030102,0.,1,"","","","","","","","","","","","","","","","","","","","","","","","","","","","","","","","","","",9.5,1,1.6,1,9.2,1,"","",9.6,1,"","","","","","","","","","","","","","","","","","","","",58,1,"","","","","","","","","","","","",6.9,1,"","","","","","","","","","","","","","","","","","","","","","","","","","","","","","","","","","","","","","","","","","","","","","","","","","","","","","","","","","","","","","","","","","","","","","","","","","","","","","","","","","","","","","","","","","","","","","","","","","","","","","","","","","","","","","","","","","","",""
"06163007","TENDE_SAPC",44.043167,7.586,636,2000030103,0.,1,"","","","","","","","","","","","","","","","","","","","","","","","","","","","","","","","","","",8.6,1,2.4,1,8.6,1,"","",9.6,1,"","","","","","","","","","","","","","","","","","","","",65,1,"","","","","","","","","","","","",7.3,1,"","","","","","","","","","","","","","","","","","","","","","","","","","","","","","","","","","","","","","","","","","","","","","","","","","","","","","","","","","","","","","","","","","","","","","","","","","","","","","","","","","","","","","","","","","","","","","","","","","","","","","","","","","","","","","","","","","","",""
"06163007","TENDE_SAPC",44.043167,7.586,636,2000030104,0.,1,"","","","","","","","","","","","","","","","","","","","","","","","","","","","","","","","","","",5.5,1,2.,1,5.5,1,"","",8.6,1,"","","","","","","","","","","","","","","","","","","","",78,1,"","","","","","","","","","","","",7.,1,"","","","","","","","","","","","","","","","","","","","","","","","","","","","","","","","","","","","","","","","","","","","","","","","","","","","","","","","","","","","","","","","","","","","","","","","","","","","","","","","","","","","","","","","","","","","","","","","","","","","","","","","","","","","","","","","","","","",""
"06163007","TENDE_SAPC",44.043167,7.586,636,2000030105,0.,1,"","","","","","","","","","","","","","","","","","","","","","","","","","","","","","","","","","",4.4,1,1.4,1,4.4,1,"","",5.4,1,"","","","","","","","","","","","","","","","","","","","",81,1,"","","","","","","","","","","","",6.8,1,"","","","","","","","","","","","","","","","","","","","","","","","","","","","","","","","","","","","","","","","","","","","","","","","","","","","","","","","","","","","","","","","","","","","","","","","","","","","","","","","","","","","","","","","","","","","","","","","","","","","","","","","","","","","","","","","","","","",""
"06163007","TENDE_SAPC",44.043167,7.586,636,2000030106,0.,1,"","","","","","","","","","","","","","","","","","","","","","","","","","","","","","","","","","",3.3,1,0.9,1,3.3,1,"","",4.3,1,"","","","","","","","","","","","","","","","","","","","",84,1,"","","","","","","","","","","","",6.5,1,"","","","","","","","","","","","","","","","","","","","","","","","","","","","","","","","","","","","","","","","","","","","","","","","","","","","","","","","","","","","","","","","","","","","","","","","","","","","","","","","","","","","","","","","","","","","","","","","","","","","","","","","","","","","","","","","","","","",""
"06163007","TENDE_SAPC",44.043167,7.586,636,2000030107,0.,1,"","","","","","","","","","","","","","","","","","","","","","","","","","","","","","","","","","",3.9,1,1.3,1,3.1,1,"","",3.9,1,"","","","","","","","","","","","","","","","","","","","",83,1,"","","","","","","","","","","","",6.7,1,"","","","","","","","","","","","","","","","","","","","","","","","","","","","","","","","","","","","","","","","","","","","","","","","","","","","","","","","","","","","","","","","","","","","","","","","","","","","","","","","","","","","","","","","","","","","","","","","","","","","","","","","","","","","","","","","","","","",""
"06163007","TENDE_SAPC",44.043167,7.586,636,2000030108,0.,1,"","","","","","","","","","","","","","","","","","","","","","","","","","","","","","","","","","",5.6,1,1.7,1,3.9,1,"","",5.7,1,"","","","","","","","","","","","","","","","","","","","",76,1,"","","","","","","","","","","","",6.9,1,"","","","","","","","","","","","","","","","","","","","","","","","","","","","","","","","","","","","","","","","","","","","","","","","","","","","","","","","","","","","","","","","","","","","","","","","","","","","","","","","","","","","","","","","","","","","","","","","","","","","","","","","","","","","","","","","","","","",""
"06163007","TENDE_SAPC",44.043167,7.586,636,2000030109,0.,1,"","","","","","","","","","","","","","","","","","","","","","","","","","","","","","","","","","",7.6,1,1.9,1,5.7,1,"","",7.6,1,"","","","","","","","","","","","","","","","","","","","",67,1,"","","","","","","","","","","","",7.,1,"","","","","","","","","","","","","","","","","","","","","","","","","","","","","","","","","","","","","","","","","","","","","","","","","","","","","","","","","","","","","","","","","","","","","","","","","","","","","","","","","","","","","","","","","","","","","","","","","","","","","","","","","","","","","","","","","","","",""
"06163007","TENDE_SAPC",44.043167,7.586,636,2000030110,0.,1,"","","","","","","","","","","","","","","","","","","","","","","","","","","","","","","","","","",12.9,1,-0.4,1,7.7,1,"","",13.2,1,"","","","","","","","","","","","","","","","","","","","",40,1,"","","","","","","","","","","","",5.9,1,"","","","","","","","","","","","","","","","","","","","","","","","","","","","","","","","","","","","","","","","","","","","","","","","","","","","","","","","","","","","","","","","","","","","","","","","","","","","","","","","","","","","","","","","","","","","","","","","","","","","","","","","","","","","","","","","","","","",""
"06163007","TENDE_SAPC",44.043167,7.586,636,2000030111,0.,1,"","","","","","","","","","","","","","","","","","","","","","","","","","","","","","","","","","",13.9,1,-0.6,1,12.8,1,"","",13.9,1,"","","","","","","","","","","","","","","","","","","","",37,1,"","","","","","","","","","","","",5.9,1,"","","","","","","","","","","","","","","","","","","","","","","","","","","","","","","","","","","","","","","","","","","","","","","","","","","","","","","","","","","","","","","","","","","","","","","","","","","","","","","","","","","","","","","","","","","","","","","","","","","","","","","","","","","","","","","","","","","",""
"06163007","TENDE_SAPC",44.043167,7.586,636,2000030112,0.,1,"","","","","","","","","","","","","","","","","","","","","","","","","","","","","","","","","","",11.9,1,0.9,1,11.8,1,"","",13.9,1,"","","","","","","","","","","","","","","","","","","","",47,1,"","","","","","","","","","","","",6.5,1,"","","","","","","","","","","","","","","","","","","","","","","","","","","","","","","","","","","","","","","","","","","","","","","","","","","","","","","","","","","","","","","","","","","","","","","","","","","","","","","","","","","","","","","","","","","","","","","","","","","","","","","","","","","","","","","","","","","",""
"06163007","TENDE_SAPC",44.043167,7.586,636,2000030113,0.,1,"","","","","","","","","","","","","","","","","","","","","","","","","","","","","","","","","","",11.,1,0.4,1,10.9,1,"","",12.,1,"","","","","","","","","","","","","","","","","","","","",48,1,"","","","","","","","","","","","",6.3,1,"","","","","","","","","","","","","","","","","","","","","","","","","","","","","","","","","","","","","","","","","","","","","","","","","","","","","","","","","","","","","","","","","","","","","","","","","","","","","","","","","","","","","","","","","","","","","","","","","","","","","","","","","","","","","","","","","","","",""
"06163007","TENDE_SAPC",44.043167,7.586,636,2000030114,0.,1,"","","","","","","","","","","","","","","","","","","","","","","","","","","","","","","","","","",12.3,1,-0.6,1,11.,1,"","",12.7,1,"","","","","","","","","","","","","","","","","","","","",41,1,"","","","","","","","","","","","",5.9,1,"","","","","","","","","","","","","","","","","","","","","","","","","","","","","","","","","","","","","","","","","","","","","","","","","","","","","","","","","","","","","","","","","","","","","","","","","","","","","","","","","","","","","","","","","","","","","","","","","","","","","","","","","","","","","","","","","","","",""
"06163007","TENDE_SAPC",44.043167,7.586,636,2000030115,0.,1,"","","","","","","","","","","","","","","","","","","","","","","","","","","","","","","","","","",11.7,1,0.4,1,11.7,1,"","",12.3,1,"","","","","","","","","","","","","","","","","","","","",46,1,"","","","","","","","","","","","",6.3,1,"","","","","","","","","","","","","","","","","","","","","","","","","","","","","","","","","","","","","","","","","","","","","","","","","","","","","","","","","","","","","","","","","","","","","","","","","","","","","","","","","","","","","","","","","","","","","","","","","","","","","","","","","","","","","","","","","","","",""
"06163007","TENDE_SAPC",44.043167,7.586,636,2000030116,0.,1,"","","","","","","","","","","","","","","","","","","","","","","","","","","","","","","","","","",10.,1,0.8,1,10.,1,"","",11.7,1,"","","","","","","","","","","","","","","","","","","","",53,1,"","","","","","","","","","","","",6.5,1,"","","","","","","","","","","","","","","","","","","","","","","","","","","","","","","","","","","","","","","","","","","","","","","","","","","","","","","","","","","","","","","","","","","","","","","","","","","","","","","","","","","","","","","","","","","","","","","","","","","","","","","","","","","","","","","","","","","",""
"06163007","TENDE_SAPC",44.043167,7.586,636,2000030117,0.,1,"","","","","","","","","","","","","","","","","","","","","","","","","","","","","","","","","","",7.6,1,1.,1,7.6,1,"","",10.,1,"","","","","","","","","","","","","","","","","","","","",63,1,"","","","","","","","","","","","",6.6,1,"","","","","","","","","","","","","","","","","","","","","","","","","","","","","","","","","","","","","","","","","","","","","","","","","","","","","","","","","","","","","","","","","","","","","","","","","","","","","","","","","","","","","","","","","","","","","","","","","","","","","","","","","","","","","","","","","","","",""
"06163007","TENDE_SAPC",44.043167,7.586,636,2000030118,0.,1,"","","","","","","","","","","","","","","","","","","","","","","","","","","","","","","","","","",6.1,1,0.8,1,6.1,1,"","",7.5,1,"","","","","","","","","","","","","","","","","","","","",69,1,"","","","","","","","","","","","",6.5,1,"","","","","","","","","","","","","","","","","","","","","","","","","","","","","","","","","","","","","","","","","","","","","","","","","","","","","","","","","","","","","","","","","","","","","","","","","","","","","","","","","","","","","","","","","","","","","","","","","","","","","","","","","","","","","","","","","","","",""
"06163007","TENDE_SAPC",44.043167,7.586,636,2000030119,0.,1,"","","","","","","","","","","","","","","","","","","","","","","","","","","","","","","","","","",5.4,1,0.6,1,5.4,1,"","",6.1,1,"","","","","","","","","","","","","","","","","","","","",71,1,"","","","","","","","","","","","",6.4,1,"","","","","","","","","","","","","","","","","","","","","","","","","","","","","","","","","","","","","","","","","","","","","","","","","","","","","","","","","","","","","","","","","","","","","","","","","","","","","","","","","","","","","","","","","","","","","","","","","","","","","","","","","","","","","","","","","","","",""
"06163007","TENDE_SAPC",44.043167,7.586,636,2000030120,0.,1,"","","","","","","","","","","","","","","","","","","","","","","","","","","","","","","","","","",5.1,1,-0.1,1,5.,1,"","",5.4,1,"","","","","","","","","","","","","","","","","","","","",69,1,"","","","","","","","","","","","",6.1,1,"","","","","","","","","","","","","","","","","","","","","","","","","","","","","","","","","","","","","","","","","","","","","","","","","","","","","","","","","","","","","","","","","","","","","","","","","","","","","","","","","","","","","","","","","","","","","","","","","","","","","","","","","","","","","","","","","","","",""
"06163007","TENDE_SAPC",44.043167,7.586,636,2000030121,0.,1,"","","","","","","","","","","","","","","","","","","","","","","","","","","","","","","","","","",3.6,1,-1.,1,3.6,1,"","",5.1,1,"","","","","","","","","","","","","","","","","","","","",72,1,"","","","","","","","","","","","",5.7,1,"","","","","","","","","","","","","","","","","","","","","","","","","","","","","","","","","","","","","","","","","","","","","","","","","","","","","","","","","","","","","","","","","","","","","","","","","","","","","","","","","","","","","","","","","","","","","","","","","","","","","","","","","","","","","","","","","","","",""
"06163007","TENDE_SAPC",44.043167,7.586,636,2000030122,0.,1,"","","","","","","","","","","","","","","","","","","","","","","","","","","","","","","","","","",3.2,1,-2.1,1,3.1,1,"","",3.6,1,"","","","","","","","","","","","","","","","","","","","",68,1,"","","","","","","","","","","","",5.2,1,"","","","","","","","","","","","","","","","","","","","","","","","","","","","","","","","","","","","","","","","","","","","","","","","","","","","","","","","","","","","","","","","","","","","","","","","","","","","","","","","","","","","","","","","","","","","","","","","","","","","","","","","","","","","","","","","","","","",""
"06163007","TENDE_SAPC",44.043167,7.586,636,2000030123,0.,1,"","","","","","","","","","","","","","","","","","","","","","","","","","","","","","","","","","",8.4,1,-5.8,1,3.1,1,"","",8.4,1,"","","","","","","","","","","","","","","","","","","","",36,1,"","","","","","","","","","","","",4.,1,"","","","","","","","","","","","","","","","","","","","","","","","","","","","","","","","","","","","","","","","","","","","","","","","","","","","","","","","","","","","","","","","","","","","","","","","","","","","","","","","","","","","","","","","","","","","","","","","","","","","","","","","","","","","","","","","","","","",""
"06163007","TENDE_SAPC",44.043167,7.586,636,2000030200,0.,1,"","","","","","","","","","","","","","","","","","","","","","","","","","","","","","","","","","",9.3,1,-7.,1,8.6,1,"","",9.6,1,"","","","","","","","","","","","","","","","","","","","",31,1,"","","","","","","","","","","","",3.6,1,"","","","","","","","","","","","","","","","","","","","","","","","","","","","","","","","","","","","","","","","","","","","","","","","","","","","","","","","","","","","","","","","","","","","","","","","","","","","","","","","","","","","","","","","","","","","","","","","","","","","","","","","","","","","","","","","","","","",""
"06163007","TENDE_SAPC",44.043167,7.586,636,2000030201,0.,1,"","","","","","","","","","","","","","","","","","","","","","","","","","","","","","","","","","",9.1,1,-10.5,1,8.9,1,"","",9.5,1,"","","","","","","","","","","","","","","","","","","","",24,1,"","","","","","","","","","","","",2.8,1,"","","","","","","","","","","","","","","","","","","","","","","","","","","","","","","","","","","","","","","","","","","","","","","","","","","","","","","","","","","","","","","","","","","","","","","","","","","","","","","","","","","","","","","","","","","","","","","","","","","","","","","","","","","","","","","","","","","",""
"06163007","TENDE_SAPC",44.043167,7.586,636,2000030202,0.,1,"","","","","","","","","","","","","","","","","","","","","","","","","","","","","","","","","","",8.6,1,-13.1,1,8.6,1,"","",9.1,1,"","","","","","","","","","","","","","","","","","","","",20,1,"","","","","","","","","","","","",2.2,1,"","","","","","","","","","","","","","","","","","","","","","","","","","","","","","","","","","","","","","","","","","","","","","","","","","","","","","","","","","","","","","","","","","","","","","","","","","","","","","","","","","","","","","","","","","","","","","","","","","","","","","","","","","","","","","","","","","","",""
"06163007","TENDE_SAPC",44.043167,7.586,636,2000030203,0.,1,"","","","","","","","","","","","","","","","","","","","","","","","","","","","","","","","","","",8.,1,-14.9,1,7.8,1,"","",8.6,1,"","","","","","","","","","","","","","","","","","","","",18,1,"","","","","","","","","","","","",1.9,1,"","","","","","","","","","","","","","","","","","","","","","","","","","","","","","","","","","","","","","","","","","","","","","","","","","","","","","","","","","","","","","","","","","","","","","","","","","","","","","","","","","","","","","","","","","","","","","","","","","","","","","","","","","","","","","","","","","","",""
"06163007","TENDE_SAPC",44.043167,7.586,636,2000030204,0.,1,"","","","","","","","","","","","","","","","","","","","","","","","","","","","","","","","","","",7.3,1,-14.9,1,7.2,1,"","",7.9,1,"","","","","","","","","","","","","","","","","","","","",19,1,"","","","","","","","","","","","",1.9,1,"","","","","","","","","","","","","","","","","","","","","","","","","","","","","","","","","","","","","","","","","","","","","","","","","","","","","","","","","","","","","","","","","","","","","","","","","","","","","","","","","","","","","","","","","","","","","","","","","","","","","","","","","","","","","","","","","","","",""
"06163007","TENDE_SAPC",44.043167,7.586,636,2000030205,0.,1,"","","","","","","","","","","","","","","","","","","","","","","","","","","","","","","","","","",6.9,1,-15.8,1,6.8,1,"","",7.4,1,"","","","","","","","","","","","","","","","","","","","",18,1,"","","","","","","","","","","","",1.8,1,"","","","","","","","","","","","","","","","","","","","","","","","","","","","","","","","","","","","","","","","","","","","","","","","","","","","","","","","","","","","","","","","","","","","","","","","","","","","","","","","","","","","","","","","","","","","","","","","","","","","","","","","","","","","","","","","","","","",""
"06163007","TENDE_SAPC",44.043167,7.586,636,2000030206,0.,1,"","","","","","","","","","","","","","","","","","","","","","","","","","","","","","","","","","",7.,1,-17.2,1,6.7,1,"","",7.1,1,"","","","","","","","","","","","","","","","","","","","",16,1,"","","","","","","","","","","","",1.6,1,"","","","","","","","","","","","","","","","","","","","","","","","","","","","","","","","","","","","","","","","","","","","","","","","","","","","","","","","","","","","","","","","","","","","","","","","","","","","","","","","","","","","","","","","","","","","","","","","","","","","","","","","","","","","","","","","","","","",""
"06163007","TENDE_SAPC",44.043167,7.586,636,2000030207,0.,1,"","","","","","","","","","","","","","","","","","","","","","","","","","","","","","","","","","",6.7,1,-16.7,1,6.5,1,"","",6.9,1,"","","","","","","","","","","","","","","","","","","","",17,1,"","","","","","","","","","","","",1.7,1,"","","","","","","","","","","","","","","","","","","","","","","","","","","","","","","","","","","","","","","","","","","","","","","","","","","","","","","","","","","","","","","","","","","","","","","","","","","","","","","","","","","","","","","","","","","","","","","","","","","","","","","","","","","","","","","","","","","",""
"06163007","TENDE_SAPC",44.043167,7.586,636,2000030208,0.,1,"","","","","","","","","","","","","","","","","","","","","","","","","","","","","","","","","","",7.1,1,-17.9,1,6.7,1,"","",7.1,1,"","","","","","","","","","","","","","","","","","","","",15,1,"","","","","","","","","","","","",1.5,1,"","","","","","","","","","","","","","","","","","","","","","","","","","","","","","","","","","","","","","","","","","","","","","","","","","","","","","","","","","","","","","","","","","","","","","","","","","","","","","","","","","","","","","","","","","","","","","","","","","","","","","","","","","","","","","","","","","","",""
"06163007","TENDE_SAPC",44.043167,7.586,636,2000030209,0.,1,"","","","","","","","","","","","","","","","","","","","","","","","","","","","","","","","","","",7.8,1,"","",7.1,1,"","",7.8,1,"","","","","","","","","","","","","","","","","","","","","","","","","","","","","","","","","","","","","","","","","","","","","","","","","","","","","","","","","","","","","","","","","","","","","","","","","","","","","","","","","","","","","","","","","","","","","","","","","","","","","","","","","","","","","","","","","","","","","","","","","","","","","","","","","","","","","","","","","","","","","","","","","","","","","","","",""
"06163007","TENDE_SAPC",44.043167,7.586,636,2000030210,0.,1,"","","","","","","","","","","","","","","","","","","","","","","","","","","","","","","","","","",10.1,1,"","",7.7,1,"","",10.1,1,"","","","","","","","","","","","","","","","","","","","","","","","","","","","","","","","","","","","","","","","","","","","","","","","","","","","","","","","","","","","","","","","","","","","","","","","","","","","","","","","","","","","","","","","","","","","","","","","","","","","","","","","","","","","","","","","","","","","","","","","","","","","","","","","","","","","","","","","","","","","","","","","","","","","","","","",""
"06163007","TENDE_SAPC",44.043167,7.586,636,2000030211,0.,1,"","","","","","","","","","","","","","","","","","","","","","","","","","","","","","","","","","",10.9,1,"","",10.,1,"","",11.,1,"","","","","","","","","","","","","","","","","","","","","","","","","","","","","","","","","","","","","","","","","","","","","","","","","","","","","","","","","","","","","","","","","","","","","","","","","","","","","","","","","","","","","","","","","","","","","","","","","","","","","","","","","","","","","","","","","","","","","","","","","","","","","","","","","","","","","","","","","","","","","","","","","","","","","","","",""
"06163007","TENDE_SAPC",44.043167,7.586,636,2000030212,0.,1,"","","","","","","","","","","","","","","","","","","","","","","","","","","","","","","","","","",11.8,1,"","",10.7,1,"","",11.8,1,"","","","","","","","","","","","","","","","","","","","","","","","","","","","","","","","","","","","","","","","","","","","","","","","","","","","","","","","","","","","","","","","","","","","","","","","","","","","","","","","","","","","","","","","","","","","","","","","","","","","","","","","","","","","","","","","","","","","","","","","","","","","","","","","","","","","","","","","","","","","","","","","","","","","","","","",""
"06163007","TENDE_SAPC",44.043167,7.586,636,2000030213,0.,1,"","","","","","","","","","","","","","","","","","","","","","","","","","","","","","","","","","",13.4,1,"","",11.6,1,"","",13.5,1,"","","","","","","","","","","","","","","","","","","","","","","","","","","","","","","","","","","","","","","","","","","","","","","","","","","","","","","","","","","","","","","","","","","","","","","","","","","","","","","","","","","","","","","","","","","","","","","","","","","","","","","","","","","","","","","","","","","","","","","","","","","","","","","","","","","","","","","","","","","","","","","","","","","","","","","",""
"06163007","TENDE_SAPC",44.043167,7.586,636,2000030214,0.,1,"","","","","","","","","","","","","","","","","","","","","","","","","","","","","","","","","","",14.5,1,"","",13.5,1,"","",14.5,1,"","","","","","","","","","","","","","","","","","","","","","","","","","","","","","","","","","","","","","","","","","","","","","","","","","","","","","","","","","","","","","","","","","","","","","","","","","","","","","","","","","","","","","","","","","","","","","","","","","","","","","","","","","","","","","","","","","","","","","","","","","","","","","","","","","","","","","","","","","","","","","","","","","","","","","","",""
"06163007","TENDE_SAPC",44.043167,7.586,636,2000030215,0.,1,"","","","","","","","","","","","","","","","","","","","","","","","","","","","","","","","","","",12.,1,"","",12.,1,"","",14.7,1,"","","","","","","","","","","","","","","","","","","","","","","","","","","","","","","","","","","","","","","","","","","","","","","","","","","","","","","","","","","","","","","","","","","","","","","","","","","","","","","","","","","","","","","","","","","","","","","","","","","","","","","","","","","","","","","","","","","","","","","","","","","","","","","","","","","","","","","","","","","","","","","","","","","","","","","",""
"06163007","TENDE_SAPC",44.043167,7.586,636,2000030216,0.,1,"","","","","","","","","","","","","","","","","","","","","","","","","","","","","","","","","","",10.8,1,-11.3,1,10.8,1,"","",12.,1,"","","","","","","","","","","","","","","","","","","","",20,1,"","","","","","","","","","","","",2.6,1,"","","","","","","","","","","","","","","","","","","","","","","","","","","","","","","","","","","","","","","","","","","","","","","","","","","","","","","","","","","","","","","","","","","","","","","","","","","","","","","","","","","","","","","","","","","","","","","","","","","","","","","","","","","","","","","","","","","",""
"06163007","TENDE_SAPC",44.043167,7.586,636,2000030217,0.,1,"","","","","","","","","","","","","","","","","","","","","","","","","","","","","","","","","","",9.4,1,-9.7,1,9.4,1,"","",10.7,1,"","","","","","","","","","","","","","","","","","","","",25,1,"","","","","","","","","","","","",2.9,1,"","","","","","","","","","","","","","","","","","","","","","","","","","","","","","","","","","","","","","","","","","","","","","","","","","","","","","","","","","","","","","","","","","","","","","","","","","","","","","","","","","","","","","","","","","","","","","","","","","","","","","","","","","","","","","","","","","","",""
"06163007","TENDE_SAPC",44.043167,7.586,636,2000030218,0.,1,"","","","","","","","","","","","","","","","","","","","","","","","","","","","","","","","","","",6.,1,-7.3,1,6.,1,"","",9.4,1,"","","","","","","","","","","","","","","","","","","","",38,1,"","","","","","","","","","","","",3.6,1,"","","","","","","","","","","","","","","","","","","","","","","","","","","","","","","","","","","","","","","","","","","","","","","","","","","","","","","","","","","","","","","","","","","","","","","","","","","","","","","","","","","","","","","","","","","","","","","","","","","","","","","","","","","","","","","","","","","",""
"06163007","TENDE_SAPC",44.043167,7.586,636,2000030219,0.,1,"","","","","","","","","","","","","","","","","","","","","","","","","","","","","","","","","","",3.9,1,-7.6,1,3.9,1,"","",6.,1,"","","","","","","","","","","","","","","","","","","","",43,1,"","","","","","","","","","","","",3.5,1,"","","","","","","","","","","","","","","","","","","","","","","","","","","","","","","","","","","","","","","","","","","","","","","","","","","","","","","","","","","","","","","","","","","","","","","","","","","","","","","","","","","","","","","","","","","","","","","","","","","","","","","","","","","","","","","","","","","",""
"06163007","TENDE_SAPC",44.043167,7.586,636,2000030220,0.,1,"","","","","","","","","","","","","","","","","","","","","","","","","","","","","","","","","","",3.1,1,-8.,1,3.1,1,"","",3.9,1,"","","","","","","","","","","","","","","","","","","","",44,1,"","","","","","","","","","","","",3.4,1,"","","","","","","","","","","","","","","","","","","","","","","","","","","","","","","","","","","","","","","","","","","","","","","","","","","","","","","","","","","","","","","","","","","","","","","","","","","","","","","","","","","","","","","","","","","","","","","","","","","","","","","","","","","","","","","","","","","",""
"06163007","TENDE_SAPC",44.043167,7.586,636,2000030221,0.,1,"","","","","","","","","","","","","","","","","","","","","","","","","","","","","","","","","","",2.6,1,-8.5,1,2.4,1,"","",3.,1,"","","","","","","","","","","","","","","","","","","","",44,1,"","","","","","","","","","","","",3.2,1,"","","","","","","","","","","","","","","","","","","","","","","","","","","","","","","","","","","","","","","","","","","","","","","","","","","","","","","","","","","","","","","","","","","","","","","","","","","","","","","","","","","","","","","","","","","","","","","","","","","","","","","","","","","","","","","","","","","",""
"06163007","TENDE_SAPC",44.043167,7.586,636,2000030222,0.,1,"","","","","","","","","","","","","","","","","","","","","","","","","","","","","","","","","","",2.3,1,-8.7,1,1.7,1,"","",2.6,1,"","","","","","","","","","","","","","","","","","","","",44,1,"","","","","","","","","","","","",3.2,1,"","","","","","","","","","","","","","","","","","","","","","","","","","","","","","","","","","","","","","","","","","","","","","","","","","","","","","","","","","","","","","","","","","","","","","","","","","","","","","","","","","","","","","","","","","","","","","","","","","","","","","","","","","","","","","","","","","","",""
"06163007","TENDE_SAPC",44.043167,7.586,636,2000030223,0.,1,"","","","","","","","","","","","","","","","","","","","","","","","","","","","","","","","","","",2.,1,-8.4,1,2.,1,"","",2.4,1,"","","","","","","","","","","","","","","","","","","","",46,1,"","","","","","","","","","","","",3.2,1,"","","","","","","","","","","","","","","","","","","","","","","","","","","","","","","","","","","","","","","","","","","","","","","","","","","","","","","","","","","","","","","","","","","","","","","","","","","","","","","","","","","","","","","","","","","","","","","","","","","","","","","","","","","","","","","","","","","",""
"06163007","TENDE_SAPC",44.043167,7.586,636,2000030300,0.,1,"","","","","","","","","","","","","","","","","","","","","","","","","","","","","","","","","","",1.5,1,-8.3,1,1.5,1,"","",2.1,1,"","","","","","","","","","","","","","","","","","","","",48,1,"","","","","","","","","","","","",3.3,1,"","","","","","","","","","","","","","","","","","","","","","","","","","","","","","","","","","","","","","","","","","","","","","","","","","","","","","","","","","","","","","","","","","","","","","","","","","","","","","","","","","","","","","","","","","","","","","","","","","","","","","","","","","","","","","","","","","","",""
"06163007","TENDE_SAPC",44.043167,7.586,636,2000030301,0.,1,"","","","","","","","","","","","","","","","","","","","","","","","","","","","","","","","","","",0.4,1,-7.8,1,0.4,1,"","",1.4,1,"","","","","","","","","","","","","","","","","","","","",54,1,"","","","","","","","","","","","",3.4,1,"","","","","","","","","","","","","","","","","","","","","","","","","","","","","","","","","","","","","","","","","","","","","","","","","","","","","","","","","","","","","","","","","","","","","","","","","","","","","","","","","","","","","","","","","","","","","","","","","","","","","","","","","","","","","","","","","","","",""
"06163007","TENDE_SAPC",44.043167,7.586,636,2000030302,0.,1,"","","","","","","","","","","","","","","","","","","","","","","","","","","","","","","","","","",0.4,1,-8.1,1,0.1,1,"","",0.6,1,"","","","","","","","","","","","","","","","","","","","",53,1,"","","","","","","","","","","","",3.3,1,"","","","","","","","","","","","","","","","","","","","","","","","","","","","","","","","","","","","","","","","","","","","","","","","","","","","","","","","","","","","","","","","","","","","","","","","","","","","","","","","","","","","","","","","","","","","","","","","","","","","","","","","","","","","","","","","","","","",""
"06163007","TENDE_SAPC",44.043167,7.586,636,2000030303,0.,1,"","","","","","","","","","","","","","","","","","","","","","","","","","","","","","","","","","",-0.3,1,-8.,1,-0.3,1,"","",0.5,1,"","","","","","","","","","","","","","","","","","","","",56,1,"","","","","","","","","","","","",3.3,1,"","","","","","","","","","","","","","","","","","","","","","","","","","","","","","","","","","","","","","","","","","","","","","","","","","","","","","","","","","","","","","","","","","","","","","","","","","","","","","","","","","","","","","","","","","","","","","","","","","","","","","","","","","","","","","","","","","","",""
"06163007","TENDE_SAPC",44.043167,7.586,636,2000030304,0.,1,"","","","","","","","","","","","","","","","","","","","","","","","","","","","","","","","","","",-0.9,1,-8.1,1,-0.9,1,"","",-0.3,1,"","","","","","","","","","","","","","","","","","","","",58,1,"","","","","","","","","","","","",3.3,1,"","","","","","","","","","","","","","","","","","","","","","","","","","","","","","","","","","","","","","","","","","","","","","","","","","","","","","","","","","","","","","","","","","","","","","","","","","","","","","","","","","","","","","","","","","","","","","","","","","","","","","","","","","","","","","","","","","","",""
"06163007","TENDE_SAPC",44.043167,7.586,636,2000030305,0.,1,"","","","","","","","","","","","","","","","","","","","","","","","","","","","","","","","","","",-0.3,1,-8.5,1,-0.9,1,"","",-0.3,1,"","","","","","","","","","","","","","","","","","","","",54,1,"","","","","","","","","","","","",3.2,1,"","","","","","","","","","","","","","","","","","","","","","","","","","","","","","","","","","","","","","","","","","","","","","","","","","","","","","","","","","","","","","","","","","","","","","","","","","","","","","","","","","","","","","","","","","","","","","","","","","","","","","","","","","","","","","","","","","","",""
"06163007","TENDE_SAPC",44.043167,7.586,636,2000030306,0.,1,"","","","","","","","","","","","","","","","","","","","","","","","","","","","","","","","","","",-0.7,1,-8.4,1,-0.7,1,"","",-0.2,1,"","","","","","","","","","","","","","","","","","","","",56,1,"","","","","","","","","","","","",3.3,1,"","","","","","","","","","","","","","","","","","","","","","","","","","","","","","","","","","","","","","","","","","","","","","","","","","","","","","","","","","","","","","","","","","","","","","","","","","","","","","","","","","","","","","","","","","","","","","","","","","","","","","","","","","","","","","","","","","","",""
"06163007","TENDE_SAPC",44.043167,7.586,636,2000030307,0.,1,"","","","","","","","","","","","","","","","","","","","","","","","","","","","","","","","","","",-0.3,1,-8.7,1,-0.9,1,"","",-0.3,1,"","","","","","","","","","","","","","","","","","","","",53,1,"","","","","","","","","","","","",3.2,1,"","","","","","","","","","","","","","","","","","","","","","","","","","","","","","","","","","","","","","","","","","","","","","","","","","","","","","","","","","","","","","","","","","","","","","","","","","","","","","","","","","","","","","","","","","","","","","","","","","","","","","","","","","","","","","","","","","","",""
"06163007","TENDE_SAPC",44.043167,7.586,636,2000030308,0.,1,"","","","","","","","","","","","","","","","","","","","","","","","","","","","","","","","","","",-0.4,1,-8.1,1,-0.4,1,"","",-0.3,1,"","","","","","","","","","","","","","","","","","","","",56,1,"","","","","","","","","","","","",3.3,1,"","","","","","","","","","","","","","","","","","","","","","","","","","","","","","","","","","","","","","","","","","","","","","","","","","","","","","","","","","","","","","","","","","","","","","","","","","","","","","","","","","","","","","","","","","","","","","","","","","","","","","","","","","","","","","","","","","","",""
"06163007","TENDE_SAPC",44.043167,7.586,636,2000030309,0.,1,"","","","","","","","","","","","","","","","","","","","","","","","","","","","","","","","","","",0.2,1,-6.7,1,-0.4,1,"","",0.2,1,"","","","","","","","","","","","","","","","","","","","",60,1,"","","","","","","","","","","","",3.7,1,"","","","","","","","","","","","","","","","","","","","","","","","","","","","","","","","","","","","","","","","","","","","","","","","","","","","","","","","","","","","","","","","","","","","","","","","","","","","","","","","","","","","","","","","","","","","","","","","","","","","","","","","","","","","","","","","","","","",""
"06163007","TENDE_SAPC",44.043167,7.586,636,2000030310,0.,1,"","","","","","","","","","","","","","","","","","","","","","","","","","","","","","","","","","",9.,1,-9.,1,0.1,1,"","",9.,1,"","","","","","","","","","","","","","","","","","","","",27,1,"","","","","","","","","","","","",3.1,1,"","","","","","","","","","","","","","","","","","","","","","","","","","","","","","","","","","","","","","","","","","","","","","","","","","","","","","","","","","","","","","","","","","","","","","","","","","","","","","","","","","","","","","","","","","","","","","","","","","","","","","","","","","","","","","","","","","","",""
"06163007","TENDE_SAPC",44.043167,7.586,636,2000030311,0.,1,"","","","","","","","","","","","","","","","","","","","","","","","","","","","","","","","","","",11.8,1,-8.7,1,9.1,1,"","",11.8,1,"","","","","","","","","","","","","","","","","","","","",23,1,"","","","","","","","","","","","",3.2,1,"","","","","","","","","","","","","","","","","","","","","","","","","","","","","","","","","","","","","","","","","","","","","","","","","","","","","","","","","","","","","","","","","","","","","","","","","","","","","","","","","","","","","","","","","","","","","","","","","","","","","","","","","","","","","","","","","","","",""
"06163007","TENDE_SAPC",44.043167,7.586,636,2000030312,0.,1,"","","","","","","","","","","","","","","","","","","","","","","","","","","","","","","","","","",12.8,1,-5.8,1,11.8,1,"","",12.8,1,"","","","","","","","","","","","","","","","","","","","",27,1,"","","","","","","","","","","","",4.,1,"","","","","","","","","","","","","","","","","","","","","","","","","","","","","","","","","","","","","","","","","","","","","","","","","","","","","","","","","","","","","","","","","","","","","","","","","","","","","","","","","","","","","","","","","","","","","","","","","","","","","","","","","","","","","","","","","","","",""
"06163007","TENDE_SAPC",44.043167,7.586,636,2000030313,0.,1,"","","","","","","","","","","","","","","","","","","","","","","","","","","","","","","","","","",13.5,1,-3.3,1,12.6,1,"","",13.5,1,"","","","","","","","","","","","","","","","","","","","",31,1,"","","","","","","","","","","","",4.8,1,"","","","","","","","","","","","","","","","","","","","","","","","","","","","","","","","","","","","","","","","","","","","","","","","","","","","","","","","","","","","","","","","","","","","","","","","","","","","","","","","","","","","","","","","","","","","","","","","","","","","","","","","","","","","","","","","","","","",""
"06163007","TENDE_SAPC",44.043167,7.586,636,2000030314,0.,1,"","","","","","","","","","","","","","","","","","","","","","","","","","","","","","","","","","",12.5,1,0.2,1,12.5,1,"","",13.6,1,"","","","","","","","","","","","","","","","","","","","",43,1,"","","","","","","","","","","","",6.2,1,"","","","","","","","","","","","","","","","","","","","","","","","","","","","","","","","","","","","","","","","","","","","","","","","","","","","","","","","","","","","","","","","","","","","","","","","","","","","","","","","","","","","","","","","","","","","","","","","","","","","","","","","","","","","","","","","","","","",""
"06163007","TENDE_SAPC",44.043167,7.586,636,2000030315,0.,1,"","","","","","","","","","","","","","","","","","","","","","","","","","","","","","","","","","",11.3,1,1.5,1,11.3,1,"","",12.5,1,"","","","","","","","","","","","","","","","","","","","",51,1,"","","","","","","","","","","","",6.8,1,"","","","","","","","","","","","","","","","","","","","","","","","","","","","","","","","","","","","","","","","","","","","","","","","","","","","","","","","","","","","","","","","","","","","","","","","","","","","","","","","","","","","","","","","","","","","","","","","","","","","","","","","","","","","","","","","","","","",""
"06163007","TENDE_SAPC",44.043167,7.586,636,2000030316,0.,1,"","","","","","","","","","","","","","","","","","","","","","","","","","","","","","","","","","",11.2,1,1.7,1,11.2,1,"","",11.4,1,"","","","","","","","","","","","","","","","","","","","",52,1,"","","","","","","","","","","","",6.9,1,"","","","","","","","","","","","","","","","","","","","","","","","","","","","","","","","","","","","","","","","","","","","","","","","","","","","","","","","","","","","","","","","","","","","","","","","","","","","","","","","","","","","","","","","","","","","","","","","","","","","","","","","","","","","","","","","","","","",""
"06163007","TENDE_SAPC",44.043167,7.586,636,2000030317,0.,1,"","","","","","","","","","","","","","","","","","","","","","","","","","","","","","","","","","",9.9,1,0.8,1,9.9,1,"","",11.2,1,"","","","","","","","","","","","","","","","","","","","",53,1,"","","","","","","","","","","","",6.5,1,"","","","","","","","","","","","","","","","","","","","","","","","","","","","","","","","","","","","","","","","","","","","","","","","","","","","","","","","","","","","","","","","","","","","","","","","","","","","","","","","","","","","","","","","","","","","","","","","","","","","","","","","","","","","","","","","","","","",""
"06163007","TENDE_SAPC",44.043167,7.586,636,2000030318,0.,1,"","","","","","","","","","","","","","","","","","","","","","","","","","","","","","","","","","",7.9,1,-0.1,1,7.9,1,"","",9.9,1,"","","","","","","","","","","","","","","","","","","","",57,1,"","","","","","","","","","","","",6.1,1,"","","","","","","","","","","","","","","","","","","","","","","","","","","","","","","","","","","","","","","","","","","","","","","","","","","","","","","","","","","","","","","","","","","","","","","","","","","","","","","","","","","","","","","","","","","","","","","","","","","","","","","","","","","","","","","","","","","",""
"06163007","TENDE_SAPC",44.043167,7.586,636,2000030319,0.,1,"","","","","","","","","","","","","","","","","","","","","","","","","","","","","","","","","","",5.7,1,-0.4,1,5.7,1,"","",7.9,1,"","","","","","","","","","","","","","","","","","","","",65,1,"","","","","","","","","","","","",5.9,1,"","","","","","","","","","","","","","","","","","","","","","","","","","","","","","","","","","","","","","","","","","","","","","","","","","","","","","","","","","","","","","","","","","","","","","","","","","","","","","","","","","","","","","","","","","","","","","","","","","","","","","","","","","","","","","","","","","","",""
"06163007","TENDE_SAPC",44.043167,7.586,636,2000030320,0.,1,"","","","","","","","","","","","","","","","","","","","","","","","","","","","","","","","","","",5.3,1,-0.5,1,5.1,1,"","",5.7,1,"","","","","","","","","","","","","","","","","","","","",66,1,"","","","","","","","","","","","",5.9,1,"","","","","","","","","","","","","","","","","","","","","","","","","","","","","","","","","","","","","","","","","","","","","","","","","","","","","","","","","","","","","","","","","","","","","","","","","","","","","","","","","","","","","","","","","","","","","","","","","","","","","","","","","","","","","","","","","","","",""
"06163007","TENDE_SAPC",44.043167,7.586,636,2000030321,0.,1,"","","","","","","","","","","","","","","","","","","","","","","","","","","","","","","","","","",4.5,1,-0.9,1,4.5,1,"","",5.7,1,"","","","","","","","","","","","","","","","","","","","",68,1,"","","","","","","","","","","","",5.7,1,"","","","","","","","","","","","","","","","","","","","","","","","","","","","","","","","","","","","","","","","","","","","","","","","","","","","","","","","","","","","","","","","","","","","","","","","","","","","","","","","","","","","","","","","","","","","","","","","","","","","","","","","","","","","","","","","","","","",""
"06163007","TENDE_SAPC",44.043167,7.586,636,2000030322,0.,1,"","","","","","","","","","","","","","","","","","","","","","","","","","","","","","","","","","",3.9,1,-1.1,1,3.9,1,"","",4.5,1,"","","","","","","","","","","","","","","","","","","","",70,1,"","","","","","","","","","","","",5.7,1,"","","","","","","","","","","","","","","","","","","","","","","","","","","","","","","","","","","","","","","","","","","","","","","","","","","","","","","","","","","","","","","","","","","","","","","","","","","","","","","","","","","","","","","","","","","","","","","","","","","","","","","","","","","","","","","","","","","",""
"06163007","TENDE_SAPC",44.043167,7.586,636,2000030323,0.,1,"","","","","","","","","","","","","","","","","","","","","","","","","","","","","","","","","","",3.6,1,-1.2,1,3.4,1,"","",3.9,1,"","","","","","","","","","","","","","","","","","","","",71,1,"","","","","","","","","","","","",5.6,1,"","","","","","","","","","","","","","","","","","","","","","","","","","","","","","","","","","","","","","","","","","","","","","","","","","","","","","","","","","","","","","","","","","","","","","","","","","","","","","","","","","","","","","","","","","","","","","","","","","","","","","","","","","","","","","","","","","","",""
"06163007","TENDE_SAPC",44.043167,7.586,636,2000030400,0.,1,"","","","","","","","","","","","","","","","","","","","","","","","","","","","","","","","","","",3.3,1,-1.7,1,3.3,1,"","",3.6,1,"","","","","","","","","","","","","","","","","","","","",70,1,"","","","","","","","","","","","",5.4,1,"","","","","","","","","","","","","","","","","","","","","","","","","","","","","","","","","","","","","","","","","","","","","","","","","","","","","","","","","","","","","","","","","","","","","","","","","","","","","","","","","","","","","","","","","","","","","","","","","","","","","","","","","","","","","","","","","","","",""
"06163007","TENDE_SAPC",44.043167,7.586,636,2000030401,0.,1,"","","","","","","","","","","","","","","","","","","","","","","","","","","","","","","","","","",3.5,1,-2.3,1,3.2,1,"","",3.6,1,"","","","","","","","","","","","","","","","","","","","",66,1,"","","","","","","","","","","","",5.2,1,"","","","","","","","","","","","","","","","","","","","","","","","","","","","","","","","","","","","","","","","","","","","","","","","","","","","","","","","","","","","","","","","","","","","","","","","","","","","","","","","","","","","","","","","","","","","","","","","","","","","","","","","","","","","","","","","","","","",""
"06163007","TENDE_SAPC",44.043167,7.586,636,2000030402,0.,1,"","","","","","","","","","","","","","","","","","","","","","","","","","","","","","","","","","",3.1,1,-2.2,1,3.,1,"","",3.5,1,"","","","","","","","","","","","","","","","","","","","",68,1,"","","","","","","","","","","","",5.2,1,"","","","","","","","","","","","","","","","","","","","","","","","","","","","","","","","","","","","","","","","","","","","","","","","","","","","","","","","","","","","","","","","","","","","","","","","","","","","","","","","","","","","","","","","","","","","","","","","","","","","","","","","","","","","","","","","","","","",""
"06163007","TENDE_SAPC",44.043167,7.586,636,2000030403,0.,1,"","","","","","","","","","","","","","","","","","","","","","","","","","","","","","","","","","",2.7,1,-2.4,1,2.7,1,"","",3.1,1,"","","","","","","","","","","","","","","","","","","","",69,1,"","","","","","","","","","","","",5.1,1,"","","","","","","","","","","","","","","","","","","","","","","","","","","","","","","","","","","","","","","","","","","","","","","","","","","","","","","","","","","","","","","","","","","","","","","","","","","","","","","","","","","","","","","","","","","","","","","","","","","","","","","","","","","","","","","","","","","",""
"06163007","TENDE_SAPC",44.043167,7.586,636,2000030404,0.,1,"","","","","","","","","","","","","","","","","","","","","","","","","","","","","","","","","","",2.4,1,-2.3,1,2.4,1,"","",2.9,1,"","","","","","","","","","","","","","","","","","","","",71,1,"","","","","","","","","","","","",5.2,1,"","","","","","","","","","","","","","","","","","","","","","","","","","","","","","","","","","","","","","","","","","","","","","","","","","","","","","","","","","","","","","","","","","","","","","","","","","","","","","","","","","","","","","","","","","","","","","","","","","","","","","","","","","","","","","","","","","","",""
"06163007","TENDE_SAPC",44.043167,7.586,636,2000030405,0.,1,"","","","","","","","","","","","","","","","","","","","","","","","","","","","","","","","","","",2.2,1,-2.9,1,2.2,1,"","",2.6,1,"","","","","","","","","","","","","","","","","","","","",69,1,"","","","","","","","","","","","",4.9,1,"","","","","","","","","","","","","","","","","","","","","","","","","","","","","","","","","","","","","","","","","","","","","","","","","","","","","","","","","","","","","","","","","","","","","","","","","","","","","","","","","","","","","","","","","","","","","","","","","","","","","","","","","","","","","","","","","","","",""
"06163007","TENDE_SAPC",44.043167,7.586,636,2000030406,0.,1,"","","","","","","","","","","","","","","","","","","","","","","","","","","","","","","","","","",2.7,1,-3.2,1,2.1,1,"","",2.7,1,"","","","","","","","","","","","","","","","","","","","",65,1,"","","","","","","","","","","","",4.8,1,"","","","","","","","","","","","","","","","","","","","","","","","","","","","","","","","","","","","","","","","","","","","","","","","","","","","","","","","","","","","","","","","","","","","","","","","","","","","","","","","","","","","","","","","","","","","","","","","","","","","","","","","","","","","","","","","","","","",""
"06163007","TENDE_SAPC",44.043167,7.586,636,2000030407,0.,1,"","","","","","","","","","","","","","","","","","","","","","","","","","","","","","","","","","",3.8,1,-3.7,1,2.6,1,"","",3.8,1,"","","","","","","","","","","","","","","","","","","","",58,1,"","","","","","","","","","","","",4.6,1,"","","","","","","","","","","","","","","","","","","","","","","","","","","","","","","","","","","","","","","","","","","","","","","","","","","","","","","","","","","","","","","","","","","","","","","","","","","","","","","","","","","","","","","","","","","","","","","","","","","","","","","","","","","","","","","","","","","",""
"06163007","TENDE_SAPC",44.043167,7.586,636,2000030408,0.,1,"","","","","","","","","","","","","","","","","","","","","","","","","","","","","","","","","","",5.1,1,-3.5,1,3.8,1,"","",5.1,1,"","","","","","","","","","","","","","","","","","","","",54,1,"","","","","","","","","","","","",4.7,1,"","","","","","","","","","","","","","","","","","","","","","","","","","","","","","","","","","","","","","","","","","","","","","","","","","","","","","","","","","","","","","","","","","","","","","","","","","","","","","","","","","","","","","","","","","","","","","","","","","","","","","","","","","","","","","","","","","","",""
"06163007","TENDE_SAPC",44.043167,7.586,636,2000030409,0.,1,"","","","","","","","","","","","","","","","","","","","","","","","","","","","","","","","","","",6.5,1,-2.7,1,5.1,1,"","",6.5,1,"","","","","","","","","","","","","","","","","","","","",52,1,"","","","","","","","","","","","",5.,1,"","","","","","","","","","","","","","","","","","","","","","","","","","","","","","","","","","","","","","","","","","","","","","","","","","","","","","","","","","","","","","","","","","","","","","","","","","","","","","","","","","","","","","","","","","","","","","","","","","","","","","","","","","","","","","","","","","","",""
"06163007","TENDE_SAPC",44.043167,7.586,636,2000030410,0.,1,"","","","","","","","","","","","","","","","","","","","","","","","","","","","","","","","","","",9.7,1,-2.9,1,6.5,1,"","",9.7,1,"","","","","","","","","","","","","","","","","","","","",41,1,"","","","","","","","","","","","",4.9,1,"","","","","","","","","","","","","","","","","","","","","","","","","","","","","","","","","","","","","","","","","","","","","","","","","","","","","","","","","","","","","","","","","","","","","","","","","","","","","","","","","","","","","","","","","","","","","","","","","","","","","","","","","","","","","","","","","","","",""
"06163007","TENDE_SAPC",44.043167,7.586,636,2000030411,0.,1,"","","","","","","","","","","","","","","","","","","","","","","","","","","","","","","","","","",12.9,1,-3.,1,9.7,1,"","",12.9,1,"","","","","","","","","","","","","","","","","","","","",33,1,"","","","","","","","","","","","",4.9,1,"","","","","","","","","","","","","","","","","","","","","","","","","","","","","","","","","","","","","","","","","","","","","","","","","","","","","","","","","","","","","","","","","","","","","","","","","","","","","","","","","","","","","","","","","","","","","","","","","","","","","","","","","","","","","","","","","","","",""
"06163007","TENDE_SAPC",44.043167,7.586,636,2000030412,0.,1,"","","","","","","","","","","","","","","","","","","","","","","","","","","","","","","","","","",13.8,1,-1.4,1,12.9,1,"","",13.9,1,"","","","","","","","","","","","","","","","","","","","",35,1,"","","","","","","","","","","","",5.5,1,"","","","","","","","","","","","","","","","","","","","","","","","","","","","","","","","","","","","","","","","","","","","","","","","","","","","","","","","","","","","","","","","","","","","","","","","","","","","","","","","","","","","","","","","","","","","","","","","","","","","","","","","","","","","","","","","","","","",""
"06163007","TENDE_SAPC",44.043167,7.586,636,2000030413,0.,1,"","","","","","","","","","","","","","","","","","","","","","","","","","","","","","","","","","",14.5,1,0.,1,13.9,1,"","",14.5,1,"","","","","","","","","","","","","","","","","","","","",37,1,"","","","","","","","","","","","",6.1,1,"","","","","","","","","","","","","","","","","","","","","","","","","","","","","","","","","","","","","","","","","","","","","","","","","","","","","","","","","","","","","","","","","","","","","","","","","","","","","","","","","","","","","","","","","","","","","","","","","","","","","","","","","","","","","","","","","","","",""
"06163007","TENDE_SAPC",44.043167,7.586,636,2000030414,0.,1,"","","","","","","","","","","","","","","","","","","","","","","","","","","","","","","","","","",14.3,1,1.2,1,14.3,1,"","",14.7,1,"","","","","","","","","","","","","","","","","","","","",41,1,"","","","","","","","","","","","",6.7,1,"","","","","","","","","","","","","","","","","","","","","","","","","","","","","","","","","","","","","","","","","","","","","","","","","","","","","","","","","","","","","","","","","","","","","","","","","","","","","","","","","","","","","","","","","","","","","","","","","","","","","","","","","","","","","","","","","","","",""
"06163007","TENDE_SAPC",44.043167,7.586,636,2000030415,0.,1,"","","","","","","","","","","","","","","","","","","","","","","","","","","","","","","","","","",12.8,1,2.6,1,12.8,1,"","",14.3,1,"","","","","","","","","","","","","","","","","","","","",50,1,"","","","","","","","","","","","",7.4,1,"","","","","","","","","","","","","","","","","","","","","","","","","","","","","","","","","","","","","","","","","","","","","","","","","","","","","","","","","","","","","","","","","","","","","","","","","","","","","","","","","","","","","","","","","","","","","","","","","","","","","","","","","","","","","","","","","","","",""
"06163007","TENDE_SAPC",44.043167,7.586,636,2000030416,0.,1,"","","","","","","","","","","","","","","","","","","","","","","","","","","","","","","","","","",11.7,1,2.9,1,11.7,1,"","",12.8,1,"","","","","","","","","","","","","","","","","","","","",55,1,"","","","","","","","","","","","",7.5,1,"","","","","","","","","","","","","","","","","","","","","","","","","","","","","","","","","","","","","","","","","","","","","","","","","","","","","","","","","","","","","","","","","","","","","","","","","","","","","","","","","","","","","","","","","","","","","","","","","","","","","","","","","","","","","","","","","","","",""
"06163007","TENDE_SAPC",44.043167,7.586,636,2000030417,0.,1,"","","","","","","","","","","","","","","","","","","","","","","","","","","","","","","","","","",9.8,1,3.1,1,9.8,1,"","",11.7,1,"","","","","","","","","","","","","","","","","","","","",63,1,"","","","","","","","","","","","",7.6,1,"","","","","","","","","","","","","","","","","","","","","","","","","","","","","","","","","","","","","","","","","","","","","","","","","","","","","","","","","","","","","","","","","","","","","","","","","","","","","","","","","","","","","","","","","","","","","","","","","","","","","","","","","","","","","","","","","","","",""
"06163007","TENDE_SAPC",44.043167,7.586,636,2000030418,0.,1,"","","","","","","","","","","","","","","","","","","","","","","","","","","","","","","","","","",6.8,1,2.3,1,6.8,1,"","",9.8,1,"","","","","","","","","","","","","","","","","","","","",73,1,"","","","","","","","","","","","",7.2,1,"","","","","","","","","","","","","","","","","","","","","","","","","","","","","","","","","","","","","","","","","","","","","","","","","","","","","","","","","","","","","","","","","","","","","","","","","","","","","","","","","","","","","","","","","","","","","","","","","","","","","","","","","","","","","","","","","","","",""
"06163007","TENDE_SAPC",44.043167,7.586,636,2000030419,0.,1,"","","","","","","","","","","","","","","","","","","","","","","","","","","","","","","","","","",5.2,1,1.5,1,5.2,1,"","",6.8,1,"","","","","","","","","","","","","","","","","","","","",77,1,"","","","","","","","","","","","",6.8,1,"","","","","","","","","","","","","","","","","","","","","","","","","","","","","","","","","","","","","","","","","","","","","","","","","","","","","","","","","","","","","","","","","","","","","","","","","","","","","","","","","","","","","","","","","","","","","","","","","","","","","","","","","","","","","","","","","","","",""
"06163007","TENDE_SAPC",44.043167,7.586,636,2000030420,0.,1,"","","","","","","","","","","","","","","","","","","","","","","","","","","","","","","","","","",4.5,1,0.8,1,4.5,1,"","",5.3,1,"","","","","","","","","","","","","","","","","","","","",77,1,"","","","","","","","","","","","",6.5,1,"","","","","","","","","","","","","","","","","","","","","","","","","","","","","","","","","","","","","","","","","","","","","","","","","","","","","","","","","","","","","","","","","","","","","","","","","","","","","","","","","","","","","","","","","","","","","","","","","","","","","","","","","","","","","","","","","","","",""
"06163007","TENDE_SAPC",44.043167,7.586,636,2000030421,0.,1,"","","","","","","","","","","","","","","","","","","","","","","","","","","","","","","","","","",3.2,1,-0.1,1,3.2,1,"","",4.5,1,"","","","","","","","","","","","","","","","","","","","",79,1,"","","","","","","","","","","","",6.1,1,"","","","","","","","","","","","","","","","","","","","","","","","","","","","","","","","","","","","","","","","","","","","","","","","","","","","","","","","","","","","","","","","","","","","","","","","","","","","","","","","","","","","","","","","","","","","","","","","","","","","","","","","","","","","","","","","","","","",""
"06163007","TENDE_SAPC",44.043167,7.586,636,2000030422,0.,1,"","","","","","","","","","","","","","","","","","","","","","","","","","","","","","","","","","",2.7,1,-1.1,1,2.6,1,"","",3.2,1,"","","","","","","","","","","","","","","","","","","","",76,1,"","","","","","","","","","","","",5.6,1,"","","","","","","","","","","","","","","","","","","","","","","","","","","","","","","","","","","","","","","","","","","","","","","","","","","","","","","","","","","","","","","","","","","","","","","","","","","","","","","","","","","","","","","","","","","","","","","","","","","","","","","","","","","","","","","","","","","",""
"06163007","TENDE_SAPC",44.043167,7.586,636,2000030423,0.,1,"","","","","","","","","","","","","","","","","","","","","","","","","","","","","","","","","","",2.6,1,-2.1,1,2.5,1,"","",2.7,1,"","","","","","","","","","","","","","","","","","","","",71,1,"","","","","","","","","","","","",5.2,1,"","","","","","","","","","","","","","","","","","","","","","","","","","","","","","","","","","","","","","","","","","","","","","","","","","","","","","","","","","","","","","","","","","","","","","","","","","","","","","","","","","","","","","","","","","","","","","","","","","","","","","","","","","","","","","","","","","","",""
"06163007","TENDE_SAPC",44.043167,7.586,636,2000030500,0.,1,"","","","","","","","","","","","","","","","","","","","","","","","","","","","","","","","","","",3.7,1,-3.4,1,2.5,1,"","",3.7,1,"","","","","","","","","","","","","","","","","","","","",60,1,"","","","","","","","","","","","",4.8,1,"","","","","","","","","","","","","","","","","","","","","","","","","","","","","","","","","","","","","","","","","","","","","","","","","","","","","","","","","","","","","","","","","","","","","","","","","","","","","","","","","","","","","","","","","","","","","","","","","","","","","","","","","","","","","","","","","","","",""
"06163007","TENDE_SAPC",44.043167,7.586,636,2000030501,0.,1,"","","","","","","","","","","","","","","","","","","","","","","","","","","","","","","","","","",8.6,1,-1.,1,3.6,1,"","",8.6,1,"","","","","","","","","","","","","","","","","","","","",51,1,"","","","","","","","","","","","",5.7,1,"","","","","","","","","","","","","","","","","","","","","","","","","","","","","","","","","","","","","","","","","","","","","","","","","","","","","","","","","","","","","","","","","","","","","","","","","","","","","","","","","","","","","","","","","","","","","","","","","","","","","","","","","","","","","","","","","","","",""
"06163007","TENDE_SAPC",44.043167,7.586,636,2000030502,0.,1,"","","","","","","","","","","","","","","","","","","","","","","","","","","","","","","","","","",8.1,1,-2.8,1,8.1,1,"","",8.7,1,"","","","","","","","","","","","","","","","","","","","",46,1,"","","","","","","","","","","","",5.,1,"","","","","","","","","","","","","","","","","","","","","","","","","","","","","","","","","","","","","","","","","","","","","","","","","","","","","","","","","","","","","","","","","","","","","","","","","","","","","","","","","","","","","","","","","","","","","","","","","","","","","","","","","","","","","","","","","","","",""
"06163007","TENDE_SAPC",44.043167,7.586,636,2000030503,0.,1,"","","","","","","","","","","","","","","","","","","","","","","","","","","","","","","","","","",7.4,1,-4.4,1,7.4,1,"","",8.1,1,"","","","","","","","","","","","","","","","","","","","",43,1,"","","","","","","","","","","","",4.4,1,"","","","","","","","","","","","","","","","","","","","","","","","","","","","","","","","","","","","","","","","","","","","","","","","","","","","","","","","","","","","","","","","","","","","","","","","","","","","","","","","","","","","","","","","","","","","","","","","","","","","","","","","","","","","","","","","","","","",""
"06163007","TENDE_SAPC",44.043167,7.586,636,2000030504,0.,1,"","","","","","","","","","","","","","","","","","","","","","","","","","","","","","","","","","",7.,1,-6.,1,6.9,1,"","",7.4,1,"","","","","","","","","","","","","","","","","","","","",39,1,"","","","","","","","","","","","",3.9,1,"","","","","","","","","","","","","","","","","","","","","","","","","","","","","","","","","","","","","","","","","","","","","","","","","","","","","","","","","","","","","","","","","","","","","","","","","","","","","","","","","","","","","","","","","","","","","","","","","","","","","","","","","","","","","","","","","","","",""
"06163007","TENDE_SAPC",44.043167,7.586,636,2000030505,0.,1,"","","","","","","","","","","","","","","","","","","","","","","","","","","","","","","","","","",6.7,1,-7.3,1,6.7,1,"","",7.,1,"","","","","","","","","","","","","","","","","","","","",36,1,"","","","","","","","","","","","",3.5,1,"","","","","","","","","","","","","","","","","","","","","","","","","","","","","","","","","","","","","","","","","","","","","","","","","","","","","","","","","","","","","","","","","","","","","","","","","","","","","","","","","","","","","","","","","","","","","","","","","","","","","","","","","","","","","","","","","","","",""
"06163007","TENDE_SAPC",44.043167,7.586,636,2000030506,0.,1,"","","","","","","","","","","","","","","","","","","","","","","","","","","","","","","","","","",2.9,1,-7.1,1,2.9,1,"","",6.6,1,"","","","","","","","","","","","","","","","","","","","",48,1,"","","","","","","","","","","","",3.6,1,"","","","","","","","","","","","","","","","","","","","","","","","","","","","","","","","","","","","","","","","","","","","","","","","","","","","","","","","","","","","","","","","","","","","","","","","","","","","","","","","","","","","","","","","","","","","","","","","","","","","","","","","","","","","","","","","","","","",""
"06163007","TENDE_SAPC",44.043167,7.586,636,2000030507,0.,1,"","","","","","","","","","","","","","","","","","","","","","","","","","","","","","","","","","",1.9,1,-6.2,1,1.9,1,"","",2.8,1,"","","","","","","","","","","","","","","","","","","","",55,1,"","","","","","","","","","","","",3.9,1,"","","","","","","","","","","","","","","","","","","","","","","","","","","","","","","","","","","","","","","","","","","","","","","","","","","","","","","","","","","","","","","","","","","","","","","","","","","","","","","","","","","","","","","","","","","","","","","","","","","","","","","","","","","","","","","","","","","",""
"06163007","TENDE_SAPC",44.043167,7.586,636,2000030508,0.,1,"","","","","","","","","","","","","","","","","","","","","","","","","","","","","","","","","","",1.3,1,-5.8,1,1.2,1,"","",1.9,1,"","","","","","","","","","","","","","","","","","","","",59,1,"","","","","","","","","","","","",4.,1,"","","","","","","","","","","","","","","","","","","","","","","","","","","","","","","","","","","","","","","","","","","","","","","","","","","","","","","","","","","","","","","","","","","","","","","","","","","","","","","","","","","","","","","","","","","","","","","","","","","","","","","","","","","","","","","","","","","",""
"06163007","TENDE_SAPC",44.043167,7.586,636,2000030509,0.,1,"","","","","","","","","","","","","","","","","","","","","","","","","","","","","","","","","","",1.4,1,-4.7,1,1.3,1,"","",1.4,1,"","","","","","","","","","","","","","","","","","","","",64,1,"","","","","","","","","","","","",4.3,1,"","","","","","","","","","","","","","","","","","","","","","","","","","","","","","","","","","","","","","","","","","","","","","","","","","","","","","","","","","","","","","","","","","","","","","","","","","","","","","","","","","","","","","","","","","","","","","","","","","","","","","","","","","","","","","","","","","","",""
"06163007","TENDE_SAPC",44.043167,7.586,636,2000030510,0.,1,"","","","","","","","","","","","","","","","","","","","","","","","","","","","","","","","","","",9.9,1,-1.8,1,1.4,1,"","",9.9,1,"","","","","","","","","","","","","","","","","","","","",44,1,"","","","","","","","","","","","",5.4,1,"","","","","","","","","","","","","","","","","","","","","","","","","","","","","","","","","","","","","","","","","","","","","","","","","","","","","","","","","","","","","","","","","","","","","","","","","","","","","","","","","","","","","","","","","","","","","","","","","","","","","","","","","","","","","","","","","","","",""
"06163007","TENDE_SAPC",44.043167,7.586,636,2000030511,0.,1,"","","","","","","","","","","","","","","","","","","","","","","","","","","","","","","","","","",12.1,1,-0.8,1,9.9,1,"","",12.1,1,"","","","","","","","","","","","","","","","","","","","",41,1,"","","","","","","","","","","","",5.8,1,"","","","","","","","","","","","","","","","","","","","","","","","","","","","","","","","","","","","","","","","","","","","","","","","","","","","","","","","","","","","","","","","","","","","","","","","","","","","","","","","","","","","","","","","","","","","","","","","","","","","","","","","","","","","","","","","","","","",""
"06163007","TENDE_SAPC",44.043167,7.586,636,2000030512,0.,1,"","","","","","","","","","","","","","","","","","","","","","","","","","","","","","","","","","",12.2,1,-0.4,1,12.1,1,"","",12.4,1,"","","","","","","","","","","","","","","","","","","","",42,1,"","","","","","","","","","","","",6.,1,"","","","","","","","","","","","","","","","","","","","","","","","","","","","","","","","","","","","","","","","","","","","","","","","","","","","","","","","","","","","","","","","","","","","","","","","","","","","","","","","","","","","","","","","","","","","","","","","","","","","","","","","","","","","","","","","","","","",""
"06163007","TENDE_SAPC",44.043167,7.586,636,2000030513,0.,1,"","","","","","","","","","","","","","","","","","","","","","","","","","","","","","","","","","",12.2,1,-1.,1,12.1,1,"","",12.5,1,"","","","","","","","","","","","","","","","","","","","",40,1,"","","","","","","","","","","","",5.7,1,"","","","","","","","","","","","","","","","","","","","","","","","","","","","","","","","","","","","","","","","","","","","","","","","","","","","","","","","","","","","","","","","","","","","","","","","","","","","","","","","","","","","","","","","","","","","","","","","","","","","","","","","","","","","","","","","","","","",""
"06163007","TENDE_SAPC",44.043167,7.586,636,2000030514,0.,1,"","","","","","","","","","","","","","","","","","","","","","","","","","","","","","","","","","",12.,1,-1.9,1,11.8,1,"","",12.3,1,"","","","","","","","","","","","","","","","","","","","",38,1,"","","","","","","","","","","","",5.3,1,"","","","","","","","","","","","","","","","","","","","","","","","","","","","","","","","","","","","","","","","","","","","","","","","","","","","","","","","","","","","","","","","","","","","","","","","","","","","","","","","","","","","","","","","","","","","","","","","","","","","","","","","","","","","","","","","","","","",""
"06163007","TENDE_SAPC",44.043167,7.586,636,2000030515,0.,1,"","","","","","","","","","","","","","","","","","","","","","","","","","","","","","","","","","",10.8,1,-2.3,1,10.8,1,"","",12.,1,"","","","","","","","","","","","","","","","","","","","",40,1,"","","","","","","","","","","","",5.2,1,"","","","","","","","","","","","","","","","","","","","","","","","","","","","","","","","","","","","","","","","","","","","","","","","","","","","","","","","","","","","","","","","","","","","","","","","","","","","","","","","","","","","","","","","","","","","","","","","","","","","","","","","","","","","","","","","","","","",""
"06163007","TENDE_SAPC",44.043167,7.586,636,2000030516,0.,1,"","","","","","","","","","","","","","","","","","","","","","","","","","","","","","","","","","",9.6,1,-3.,1,9.6,1,"","",10.7,1,"","","","","","","","","","","","","","","","","","","","",41,1,"","","","","","","","","","","","",4.9,1,"","","","","","","","","","","","","","","","","","","","","","","","","","","","","","","","","","","","","","","","","","","","","","","","","","","","","","","","","","","","","","","","","","","","","","","","","","","","","","","","","","","","","","","","","","","","","","","","","","","","","","","","","","","","","","","","","","","",""
"06163007","TENDE_SAPC",44.043167,7.586,636,2000030517,0.,1,"","","","","","","","","","","","","","","","","","","","","","","","","","","","","","","","","","",8.3,1,-3.9,1,8.3,1,"","",9.6,1,"","","","","","","","","","","","","","","","","","","","",42,1,"","","","","","","","","","","","",4.6,1,"","","","","","","","","","","","","","","","","","","","","","","","","","","","","","","","","","","","","","","","","","","","","","","","","","","","","","","","","","","","","","","","","","","","","","","","","","","","","","","","","","","","","","","","","","","","","","","","","","","","","","","","","","","","","","","","","","","",""
"06163007","TENDE_SAPC",44.043167,7.586,636,2000030518,0.,1,"","","","","","","","","","","","","","","","","","","","","","","","","","","","","","","","","","",6.3,1,-4.5,1,6.3,1,"","",8.2,1,"","","","","","","","","","","","","","","","","","","","",46,1,"","","","","","","","","","","","",4.4,1,"","","","","","","","","","","","","","","","","","","","","","","","","","","","","","","","","","","","","","","","","","","","","","","","","","","","","","","","","","","","","","","","","","","","","","","","","","","","","","","","","","","","","","","","","","","","","","","","","","","","","","","","","","","","","","","","","","","",""
"06163007","TENDE_SAPC",44.043167,7.586,636,2000030519,0.,1,"","","","","","","","","","","","","","","","","","","","","","","","","","","","","","","","","","",4.,1,-4.,1,4.,1,"","",6.3,1,"","","","","","","","","","","","","","","","","","","","",56,1,"","","","","","","","","","","","",4.6,1,"","","","","","","","","","","","","","","","","","","","","","","","","","","","","","","","","","","","","","","","","","","","","","","","","","","","","","","","","","","","","","","","","","","","","","","","","","","","","","","","","","","","","","","","","","","","","","","","","","","","","","","","","","","","","","","","","","","",""
"06163007","TENDE_SAPC",44.043167,7.586,636,2000030520,0.,1,"","","","","","","","","","","","","","","","","","","","","","","","","","","","","","","","","","",2.5,1,-4.3,1,2.5,1,"","",3.9,1,"","","","","","","","","","","","","","","","","","","","",61,1,"","","","","","","","","","","","",4.5,1,"","","","","","","","","","","","","","","","","","","","","","","","","","","","","","","","","","","","","","","","","","","","","","","","","","","","","","","","","","","","","","","","","","","","","","","","","","","","","","","","","","","","","","","","","","","","","","","","","","","","","","","","","","","","","","","","","","","",""
"06163007","TENDE_SAPC",44.043167,7.586,636,2000030521,0.,1,"","","","","","","","","","","","","","","","","","","","","","","","","","","","","","","","","","",2.,1,-4.3,1,2.,1,"","",2.6,1,"","","","","","","","","","","","","","","","","","","","",63,1,"","","","","","","","","","","","",4.4,1,"","","","","","","","","","","","","","","","","","","","","","","","","","","","","","","","","","","","","","","","","","","","","","","","","","","","","","","","","","","","","","","","","","","","","","","","","","","","","","","","","","","","","","","","","","","","","","","","","","","","","","","","","","","","","","","","","","","",""
"06163007","TENDE_SAPC",44.043167,7.586,636,2000030522,0.,1,"","","","","","","","","","","","","","","","","","","","","","","","","","","","","","","","","","",1.4,1,-4.9,1,1.4,1,"","",2.1,1,"","","","","","","","","","","","","","","","","","","","",63,1,"","","","","","","","","","","","",4.3,1,"","","","","","","","","","","","","","","","","","","","","","","","","","","","","","","","","","","","","","","","","","","","","","","","","","","","","","","","","","","","","","","","","","","","","","","","","","","","","","","","","","","","","","","","","","","","","","","","","","","","","","","","","","","","","","","","","","","",""
"06163007","TENDE_SAPC",44.043167,7.586,636,2000030523,0.,1,"","","","","","","","","","","","","","","","","","","","","","","","","","","","","","","","","","",1.1,1,-5.,1,0.9,1,"","",1.4,1,"","","","","","","","","","","","","","","","","","","","",64,1,"","","","","","","","","","","","",4.2,1,"","","","","","","","","","","","","","","","","","","","","","","","","","","","","","","","","","","","","","","","","","","","","","","","","","","","","","","","","","","","","","","","","","","","","","","","","","","","","","","","","","","","","","","","","","","","","","","","","","","","","","","","","","","","","","","","","","","",""
"06163007","TENDE_SAPC",44.043167,7.586,636,2000030600,0.,1,"","","","","","","","","","","","","","","","","","","","","","","","","","","","","","","","","","",0.5,1,-4.7,1,0.4,1,"","",1.1,1,"","","","","","","","","","","","","","","","","","","","",68,1,"","","","","","","","","","","","",4.3,1,"","","","","","","","","","","","","","","","","","","","","","","","","","","","","","","","","","","","","","","","","","","","","","","","","","","","","","","","","","","","","","","","","","","","","","","","","","","","","","","","","","","","","","","","","","","","","","","","","","","","","","","","","","","","","","","","","","","",""
"06163007","TENDE_SAPC",44.043167,7.586,636,2000030601,0.,1,"","","","","","","","","","","","","","","","","","","","","","","","","","","","","","","","","","",0.9,1,-5.1,1,0.4,1,"","",1.,1,"","","","","","","","","","","","","","","","","","","","",64,1,"","","","","","","","","","","","",4.2,1,"","","","","","","","","","","","","","","","","","","","","","","","","","","","","","","","","","","","","","","","","","","","","","","","","","","","","","","","","","","","","","","","","","","","","","","","","","","","","","","","","","","","","","","","","","","","","","","","","","","","","","","","","","","","","","","","","","","",""
"06163007","TENDE_SAPC",44.043167,7.586,636,2000030602,0.,1,"","","","","","","","","","","","","","","","","","","","","","","","","","","","","","","","","","",0.1,1,-5.3,1,0.1,1,"","",0.9,1,"","","","","","","","","","","","","","","","","","","","",67,1,"","","","","","","","","","","","",4.1,1,"","","","","","","","","","","","","","","","","","","","","","","","","","","","","","","","","","","","","","","","","","","","","","","","","","","","","","","","","","","","","","","","","","","","","","","","","","","","","","","","","","","","","","","","","","","","","","","","","","","","","","","","","","","","","","","","","","","",""
"06163007","TENDE_SAPC",44.043167,7.586,636,2000030603,0.,1,"","","","","","","","","","","","","","","","","","","","","","","","","","","","","","","","","","",-0.2,1,-5.4,1,-0.3,1,"","",0.2,1,"","","","","","","","","","","","","","","","","","","","",68,1,"","","","","","","","","","","","",4.1,1,"","","","","","","","","","","","","","","","","","","","","","","","","","","","","","","","","","","","","","","","","","","","","","","","","","","","","","","","","","","","","","","","","","","","","","","","","","","","","","","","","","","","","","","","","","","","","","","","","","","","","","","","","","","","","","","","","","","",""
"06163007","TENDE_SAPC",44.043167,7.586,636,2000030604,0.,1,"","","","","","","","","","","","","","","","","","","","","","","","","","","","","","","","","","",-0.6,1,-5.2,1,-0.7,1,"","",-0.2,1,"","","","","","","","","","","","","","","","","","","","",71,1,"","","","","","","","","","","","",4.2,1,"","","","","","","","","","","","","","","","","","","","","","","","","","","","","","","","","","","","","","","","","","","","","","","","","","","","","","","","","","","","","","","","","","","","","","","","","","","","","","","","","","","","","","","","","","","","","","","","","","","","","","","","","","","","","","","","","","","",""
"06163007","TENDE_SAPC",44.043167,7.586,636,2000030605,0.,1,"","","","","","","","","","","","","","","","","","","","","","","","","","","","","","","","","","",-0.8,1,-5.4,1,-0.8,1,"","",-0.6,1,"","","","","","","","","","","","","","","","","","","","",71,1,"","","","","","","","","","","","",4.1,1,"","","","","","","","","","","","","","","","","","","","","","","","","","","","","","","","","","","","","","","","","","","","","","","","","","","","","","","","","","","","","","","","","","","","","","","","","","","","","","","","","","","","","","","","","","","","","","","","","","","","","","","","","","","","","","","","","","","",""
"06163007","TENDE_SAPC",44.043167,7.586,636,2000030606,0.,1,"","","","","","","","","","","","","","","","","","","","","","","","","","","","","","","","","","",-0.9,1,-5.5,1,-0.9,1,"","",-0.7,1,"","","","","","","","","","","","","","","","","","","","",71,1,"","","","","","","","","","","","",4.1,1,"","","","","","","","","","","","","","","","","","","","","","","","","","","","","","","","","","","","","","","","","","","","","","","","","","","","","","","","","","","","","","","","","","","","","","","","","","","","","","","","","","","","","","","","","","","","","","","","","","","","","","","","","","","","","","","","","","","",""
"06163007","TENDE_SAPC",44.043167,7.586,636,2000030607,0.,1,"","","","","","","","","","","","","","","","","","","","","","","","","","","","","","","","","","",-0.4,1,-5.4,1,-1.,1,"","",-0.4,1,"","","","","","","","","","","","","","","","","","","","",69,1,"","","","","","","","","","","","",4.1,1,"","","","","","","","","","","","","","","","","","","","","","","","","","","","","","","","","","","","","","","","","","","","","","","","","","","","","","","","","","","","","","","","","","","","","","","","","","","","","","","","","","","","","","","","","","","","","","","","","","","","","","","","","","","","","","","","","","","",""
"06163007","TENDE_SAPC",44.043167,7.586,636,2000030608,0.,1,"","","","","","","","","","","","","","","","","","","","","","","","","","","","","","","","","","",-0.1,1,-5.1,1,-0.4,1,"","",-0.1,1,"","","","","","","","","","","","","","","","","","","","",69,1,"","","","","","","","","","","","",4.2,1,"","","","","","","","","","","","","","","","","","","","","","","","","","","","","","","","","","","","","","","","","","","","","","","","","","","","","","","","","","","","","","","","","","","","","","","","","","","","","","","","","","","","","","","","","","","","","","","","","","","","","","","","","","","","","","","","","","","",""
"06163007","TENDE_SAPC",44.043167,7.586,636,2000030609,0.,1,"","","","","","","","","","","","","","","","","","","","","","","","","","","","","","","","","","",0.5,1,-4.,1,0.,1,"","",0.5,1,"","","","","","","","","","","","","","","","","","","","",72,1,"","","","","","","","","","","","",4.6,1,"","","","","","","","","","","","","","","","","","","","","","","","","","","","","","","","","","","","","","","","","","","","","","","","","","","","","","","","","","","","","","","","","","","","","","","","","","","","","","","","","","","","","","","","","","","","","","","","","","","","","","","","","","","","","","","","","","","",""
"06163007","TENDE_SAPC",44.043167,7.586,636,2000030610,0.,1,"","","","","","","","","","","","","","","","","","","","","","","","","","","","","","","","","","",8.5,1,-7.3,1,0.5,1,"","",8.5,1,"","","","","","","","","","","","","","","","","","","","",32,1,"","","","","","","","","","","","",3.5,1,"","","","","","","","","","","","","","","","","","","","","","","","","","","","","","","","","","","","","","","","","","","","","","","","","","","","","","","","","","","","","","","","","","","","","","","","","","","","","","","","","","","","","","","","","","","","","","","","","","","","","","","","","","","","","","","","","","","",""
"06163007","TENDE_SAPC",44.043167,7.586,636,2000030611,0.,1,"","","","","","","","","","","","","","","","","","","","","","","","","","","","","","","","","","",11.6,1,-7.8,1,8.6,1,"","",11.6,1,"","","","","","","","","","","","","","","","","","","","",25,1,"","","","","","","","","","","","",3.4,1,"","","","","","","","","","","","","","","","","","","","","","","","","","","","","","","","","","","","","","","","","","","","","","","","","","","","","","","","","","","","","","","","","","","","","","","","","","","","","","","","","","","","","","","","","","","","","","","","","","","","","","","","","","","","","","","","","","","",""
"06163007","TENDE_SAPC",44.043167,7.586,636,2000030612,0.,1,"","","","","","","","","","","","","","","","","","","","","","","","","","","","","","","","","","",12.4,1,-6.6,1,11.6,1,"","",12.4,1,"","","","","","","","","","","","","","","","","","","","",26,1,"","","","","","","","","","","","",3.7,1,"","","","","","","","","","","","","","","","","","","","","","","","","","","","","","","","","","","","","","","","","","","","","","","","","","","","","","","","","","","","","","","","","","","","","","","","","","","","","","","","","","","","","","","","","","","","","","","","","","","","","","","","","","","","","","","","","","","",""
"06163007","TENDE_SAPC",44.043167,7.586,636,2000030613,0.,1,"","","","","","","","","","","","","","","","","","","","","","","","","","","","","","","","","","",12.,1,-3.,1,11.9,1,"","",12.5,1,"","","","","","","","","","","","","","","","","","","","",35,1,"","","","","","","","","","","","",4.9,1,"","","","","","","","","","","","","","","","","","","","","","","","","","","","","","","","","","","","","","","","","","","","","","","","","","","","","","","","","","","","","","","","","","","","","","","","","","","","","","","","","","","","","","","","","","","","","","","","","","","","","","","","","","","","","","","","","","","",""
"06163007","TENDE_SAPC",44.043167,7.586,636,2000030614,0.,1,"","","","","","","","","","","","","","","","","","","","","","","","","","","","","","","","","","",11.,1,-1.8,1,11.,1,"","",11.9,1,"","","","","","","","","","","","","","","","","","","","",41,1,"","","","","","","","","","","","",5.4,1,"","","","","","","","","","","","","","","","","","","","","","","","","","","","","","","","","","","","","","","","","","","","","","","","","","","","","","","","","","","","","","","","","","","","","","","","","","","","","","","","","","","","","","","","","","","","","","","","","","","","","","","","","","","","","","","","","","","",""
"06163007","TENDE_SAPC",44.043167,7.586,636,2000030615,0.,1,"","","","","","","","","","","","","","","","","","","","","","","","","","","","","","","","","","",9.8,1,-1.,1,9.8,1,"","",11.,1,"","","","","","","","","","","","","","","","","","","","",47,1,"","","","","","","","","","","","",5.7,1,"","","","","","","","","","","","","","","","","","","","","","","","","","","","","","","","","","","","","","","","","","","","","","","","","","","","","","","","","","","","","","","","","","","","","","","","","","","","","","","","","","","","","","","","","","","","","","","","","","","","","","","","","","","","","","","","","","","",""
"06163007","TENDE_SAPC",44.043167,7.586,636,2000030616,0.,1,"","","","","","","","","","","","","","","","","","","","","","","","","","","","","","","","","","",8.9,1,-1.5,1,8.9,1,"","",9.8,1,"","","","","","","","","","","","","","","","","","","","",48,1,"","","","","","","","","","","","",5.5,1,"","","","","","","","","","","","","","","","","","","","","","","","","","","","","","","","","","","","","","","","","","","","","","","","","","","","","","","","","","","","","","","","","","","","","","","","","","","","","","","","","","","","","","","","","","","","","","","","","","","","","","","","","","","","","","","","","","","",""
"06163007","TENDE_SAPC",44.043167,7.586,636,2000030617,0.,1,"","","","","","","","","","","","","","","","","","","","","","","","","","","","","","","","","","",7.7,1,-1.5,1,7.7,1,"","",8.9,1,"","","","","","","","","","","","","","","","","","","","",52,1,"","","","","","","","","","","","",5.5,1,"","","","","","","","","","","","","","","","","","","","","","","","","","","","","","","","","","","","","","","","","","","","","","","","","","","","","","","","","","","","","","","","","","","","","","","","","","","","","","","","","","","","","","","","","","","","","","","","","","","","","","","","","","","","","","","","","","","",""
"06163007","TENDE_SAPC",44.043167,7.586,636,2000030618,0.,1,"","","","","","","","","","","","","","","","","","","","","","","","","","","","","","","","","","",5.3,1,-1.6,1,5.3,1,"","",7.6,1,"","","","","","","","","","","","","","","","","","","","",61,1,"","","","","","","","","","","","",5.4,1,"","","","","","","","","","","","","","","","","","","","","","","","","","","","","","","","","","","","","","","","","","","","","","","","","","","","","","","","","","","","","","","","","","","","","","","","","","","","","","","","","","","","","","","","","","","","","","","","","","","","","","","","","","","","","","","","","","","",""
"06163007","TENDE_SAPC",44.043167,7.586,636,2000030619,0.,1,"","","","","","","","","","","","","","","","","","","","","","","","","","","","","","","","","","",4.,1,-1.8,1,3.9,1,"","",5.2,1,"","","","","","","","","","","","","","","","","","","","",66,1,"","","","","","","","","","","","",5.4,1,"","","","","","","","","","","","","","","","","","","","","","","","","","","","","","","","","","","","","","","","","","","","","","","","","","","","","","","","","","","","","","","","","","","","","","","","","","","","","","","","","","","","","","","","","","","","","","","","","","","","","","","","","","","","","","","","","","","",""
"06163007","TENDE_SAPC",44.043167,7.586,636,2000030620,0.,1,"","","","","","","","","","","","","","","","","","","","","","","","","","","","","","","","","","",3.4,1,-2.4,1,3.4,1,"","",4.2,1,"","","","","","","","","","","","","","","","","","","","",66,1,"","","","","","","","","","","","",5.1,1,"","","","","","","","","","","","","","","","","","","","","","","","","","","","","","","","","","","","","","","","","","","","","","","","","","","","","","","","","","","","","","","","","","","","","","","","","","","","","","","","","","","","","","","","","","","","","","","","","","","","","","","","","","","","","","","","","","","",""
"06163007","TENDE_SAPC",44.043167,7.586,636,2000030621,0.,1,"","","","","","","","","","","","","","","","","","","","","","","","","","","","","","","","","","",2.1,1,-2.2,1,2.1,1,"","",3.4,1,"","","","","","","","","","","","","","","","","","","","",73,1,"","","","","","","","","","","","",5.2,1,"","","","","","","","","","","","","","","","","","","","","","","","","","","","","","","","","","","","","","","","","","","","","","","","","","","","","","","","","","","","","","","","","","","","","","","","","","","","","","","","","","","","","","","","","","","","","","","","","","","","","","","","","","","","","","","","","","","",""
"06163007","TENDE_SAPC",44.043167,7.586,636,2000030622,0.,1,"","","","","","","","","","","","","","","","","","","","","","","","","","","","","","","","","","",1.5,1,-2.6,1,1.5,1,"","",2.1,1,"","","","","","","","","","","","","","","","","","","","",74,1,"","","","","","","","","","","","",5.,1,"","","","","","","","","","","","","","","","","","","","","","","","","","","","","","","","","","","","","","","","","","","","","","","","","","","","","","","","","","","","","","","","","","","","","","","","","","","","","","","","","","","","","","","","","","","","","","","","","","","","","","","","","","","","","","","","","","","",""
"06163007","TENDE_SAPC",44.043167,7.586,636,2000030623,0.,1,"","","","","","","","","","","","","","","","","","","","","","","","","","","","","","","","","","",0.9,1,-2.9,1,0.9,1,"","",1.5,1,"","","","","","","","","","","","","","","","","","","","",76,1,"","","","","","","","","","","","",5.,1,"","","","","","","","","","","","","","","","","","","","","","","","","","","","","","","","","","","","","","","","","","","","","","","","","","","","","","","","","","","","","","","","","","","","","","","","","","","","","","","","","","","","","","","","","","","","","","","","","","","","","","","","","","","","","","","","","","","",""
"06163007","TENDE_SAPC",44.043167,7.586,636,2000030700,0.,1,"","","","","","","","","","","","","","","","","","","","","","","","","","","","","","","","","","",0.9,1,-3.,1,0.8,1,"","",1.,1,"","","","","","","","","","","","","","","","","","","","",75,1,"","","","","","","","","","","","",4.9,1,"","","","","","","","","","","","","","","","","","","","","","","","","","","","","","","","","","","","","","","","","","","","","","","","","","","","","","","","","","","","","","","","","","","","","","","","","","","","","","","","","","","","","","","","","","","","","","","","","","","","","","","","","","","","","","","","","","","",""
"06163007","TENDE_SAPC",44.043167,7.586,636,2000030701,0.,1,"","","","","","","","","","","","","","","","","","","","","","","","","","","","","","","","","","",1.1,1,-3.,1,0.7,1,"","",1.1,1,"","","","","","","","","","","","","","","","","","","","",74,1,"","","","","","","","","","","","",4.9,1,"","","","","","","","","","","","","","","","","","","","","","","","","","","","","","","","","","","","","","","","","","","","","","","","","","","","","","","","","","","","","","","","","","","","","","","","","","","","","","","","","","","","","","","","","","","","","","","","","","","","","","","","","","","","","","","","","","","",""
"06163007","TENDE_SAPC",44.043167,7.586,636,2000030702,0.,1,"","","","","","","","","","","","","","","","","","","","","","","","","","","","","","","","","","",1.9,1,-2.8,1,1.1,1,"","",1.9,1,"","","","","","","","","","","","","","","","","","","","",71,1,"","","","","","","","","","","","",5.,1,"","","","","","","","","","","","","","","","","","","","","","","","","","","","","","","","","","","","","","","","","","","","","","","","","","","","","","","","","","","","","","","","","","","","","","","","","","","","","","","","","","","","","","","","","","","","","","","","","","","","","","","","","","","","","","","","","","","",""
"06163007","TENDE_SAPC",44.043167,7.586,636,2000030703,0.,1,"","","","","","","","","","","","","","","","","","","","","","","","","","","","","","","","","","",1.7,1,-3.,1,1.7,1,"","",2.2,1,"","","","","","","","","","","","","","","","","","","","",71,1,"","","","","","","","","","","","",4.9,1,"","","","","","","","","","","","","","","","","","","","","","","","","","","","","","","","","","","","","","","","","","","","","","","","","","","","","","","","","","","","","","","","","","","","","","","","","","","","","","","","","","","","","","","","","","","","","","","","","","","","","","","","","","","","","","","","","","","",""
"06163007","TENDE_SAPC",44.043167,7.586,636,2000030704,0.,1,"","","","","","","","","","","","","","","","","","","","","","","","","","","","","","","","","","",1.7,1,-2.4,1,1.4,1,"","",1.7,1,"","","","","","","","","","","","","","","","","","","","",74,1,"","","","","","","","","","","","",5.1,1,"","","","","","","","","","","","","","","","","","","","","","","","","","","","","","","","","","","","","","","","","","","","","","","","","","","","","","","","","","","","","","","","","","","","","","","","","","","","","","","","","","","","","","","","","","","","","","","","","","","","","","","","","","","","","","","","","","","",""
"06163007","TENDE_SAPC",44.043167,7.586,636,2000030705,0.,1,"","","","","","","","","","","","","","","","","","","","","","","","","","","","","","","","","","",1.2,1,-2.6,1,1.2,1,"","",1.8,1,"","","","","","","","","","","","","","","","","","","","",76,1,"","","","","","","","","","","","",5.1,1,"","","","","","","","","","","","","","","","","","","","","","","","","","","","","","","","","","","","","","","","","","","","","","","","","","","","","","","","","","","","","","","","","","","","","","","","","","","","","","","","","","","","","","","","","","","","","","","","","","","","","","","","","","","","","","","","","","","",""
"06163007","TENDE_SAPC",44.043167,7.586,636,2000030706,0.,1,"","","","","","","","","","","","","","","","","","","","","","","","","","","","","","","","","","",0.5,1,-2.9,1,0.5,1,"","",1.3,1,"","","","","","","","","","","","","","","","","","","","",78,1,"","","","","","","","","","","","",4.9,1,"","","","","","","","","","","","","","","","","","","","","","","","","","","","","","","","","","","","","","","","","","","","","","","","","","","","","","","","","","","","","","","","","","","","","","","","","","","","","","","","","","","","","","","","","","","","","","","","","","","","","","","","","","","","","","","","","","","",""
"06163007","TENDE_SAPC",44.043167,7.586,636,2000030707,0.,1,"","","","","","","","","","","","","","","","","","","","","","","","","","","","","","","","","","",0.6,1,-2.8,1,0.5,1,"","",0.6,1,"","","","","","","","","","","","","","","","","","","","",78,1,"","","","","","","","","","","","",5.,1,"","","","","","","","","","","","","","","","","","","","","","","","","","","","","","","","","","","","","","","","","","","","","","","","","","","","","","","","","","","","","","","","","","","","","","","","","","","","","","","","","","","","","","","","","","","","","","","","","","","","","","","","","","","","","","","","","","","",""
"06163007","TENDE_SAPC",44.043167,7.586,636,2000030708,0.,1,"","","","","","","","","","","","","","","","","","","","","","","","","","","","","","","","","","",2.7,1,-2.6,1,0.6,1,"","",2.7,1,"","","","","","","","","","","","","","","","","","","","",68,1,"","","","","","","","","","","","",5.,1,"","","","","","","","","","","","","","","","","","","","","","","","","","","","","","","","","","","","","","","","","","","","","","","","","","","","","","","","","","","","","","","","","","","","","","","","","","","","","","","","","","","","","","","","","","","","","","","","","","","","","","","","","","","","","","","","","","","",""
"06163007","TENDE_SAPC",44.043167,7.586,636,2000030709,0.,1,"","","","","","","","","","","","","","","","","","","","","","","","","","","","","","","","","","",5.4,1,-2.2,1,2.7,1,"","",5.4,1,"","","","","","","","","","","","","","","","","","","","",58,1,"","","","","","","","","","","","",5.2,1,"","","","","","","","","","","","","","","","","","","","","","","","","","","","","","","","","","","","","","","","","","","","","","","","","","","","","","","","","","","","","","","","","","","","","","","","","","","","","","","","","","","","","","","","","","","","","","","","","","","","","","","","","","","","","","","","","","","",""
"06163007","TENDE_SAPC",44.043167,7.586,636,2000030710,0.,1,"","","","","","","","","","","","","","","","","","","","","","","","","","","","","","","","","","",8.8,1,-1.3,1,5.5,1,"","",8.8,1,"","","","","","","","","","","","","","","","","","","","",49,1,"","","","","","","","","","","","",5.5,1,"","","","","","","","","","","","","","","","","","","","","","","","","","","","","","","","","","","","","","","","","","","","","","","","","","","","","","","","","","","","","","","","","","","","","","","","","","","","","","","","","","","","","","","","","","","","","","","","","","","","","","","","","","","","","","","","","","","",""
"06163007","TENDE_SAPC",44.043167,7.586,636,2000030711,0.,1,"","","","","","","","","","","","","","","","","","","","","","","","","","","","","","","","","","",10.,1,-1.4,1,8.8,1,"","",10.,1,"","","","","","","","","","","","","","","","","","","","",45,1,"","","","","","","","","","","","",5.5,1,"","","","","","","","","","","","","","","","","","","","","","","","","","","","","","","","","","","","","","","","","","","","","","","","","","","","","","","","","","","","","","","","","","","","","","","","","","","","","","","","","","","","","","","","","","","","","","","","","","","","","","","","","","","","","","","","","","","",""
"06163007","TENDE_SAPC",44.043167,7.586,636,2000030712,0.,1,"","","","","","","","","","","","","","","","","","","","","","","","","","","","","","","","","","",11.,1,-1.1,1,10.1,1,"","",11.1,1,"","","","","","","","","","","","","","","","","","","","",43,1,"","","","","","","","","","","","",5.6,1,"","","","","","","","","","","","","","","","","","","","","","","","","","","","","","","","","","","","","","","","","","","","","","","","","","","","","","","","","","","","","","","","","","","","","","","","","","","","","","","","","","","","","","","","","","","","","","","","","","","","","","","","","","","","","","","","","","","",""
"06163007","TENDE_SAPC",44.043167,7.586,636,2000030713,0.,1,"","","","","","","","","","","","","","","","","","","","","","","","","","","","","","","","","","",11.3,1,-0.2,1,11.,1,"","",11.5,1,"","","","","","","","","","","","","","","","","","","","",45,1,"","","","","","","","","","","","",6.,1,"","","","","","","","","","","","","","","","","","","","","","","","","","","","","","","","","","","","","","","","","","","","","","","","","","","","","","","","","","","","","","","","","","","","","","","","","","","","","","","","","","","","","","","","","","","","","","","","","","","","","","","","","","","","","","","","","","","",""
"06163007","TENDE_SAPC",44.043167,7.586,636,2000030714,0.,1,"","","","","","","","","","","","","","","","","","","","","","","","","","","","","","","","","","",10.9,1,1.1,1,10.9,1,"","",11.5,1,"","","","","","","","","","","","","","","","","","","","",51,1,"","","","","","","","","","","","",6.6,1,"","","","","","","","","","","","","","","","","","","","","","","","","","","","","","","","","","","","","","","","","","","","","","","","","","","","","","","","","","","","","","","","","","","","","","","","","","","","","","","","","","","","","","","","","","","","","","","","","","","","","","","","","","","","","","","","","","","",""
"06163007","TENDE_SAPC",44.043167,7.586,636,2000030715,0.,1,"","","","","","","","","","","","","","","","","","","","","","","","","","","","","","","","","","",9.4,1,2.,1,9.4,1,"","",10.9,1,"","","","","","","","","","","","","","","","","","","","",60,1,"","","","","","","","","","","","",7.1,1,"","","","","","","","","","","","","","","","","","","","","","","","","","","","","","","","","","","","","","","","","","","","","","","","","","","","","","","","","","","","","","","","","","","","","","","","","","","","","","","","","","","","","","","","","","","","","","","","","","","","","","","","","","","","","","","","","","","",""
"06163007","TENDE_SAPC",44.043167,7.586,636,2000030716,0.,1,"","","","","","","","","","","","","","","","","","","","","","","","","","","","","","","","","","",8.5,1,2.7,1,8.5,1,"","",9.3,1,"","","","","","","","","","","","","","","","","","","","",67,1,"","","","","","","","","","","","",7.4,1,"","","","","","","","","","","","","","","","","","","","","","","","","","","","","","","","","","","","","","","","","","","","","","","","","","","","","","","","","","","","","","","","","","","","","","","","","","","","","","","","","","","","","","","","","","","","","","","","","","","","","","","","","","","","","","","","","","","",""
"06163007","TENDE_SAPC",44.043167,7.586,636,2000030717,0.,1,"","","","","","","","","","","","","","","","","","","","","","","","","","","","","","","","","","",8.1,1,3.4,1,8.1,1,"","",8.5,1,"","","","","","","","","","","","","","","","","","","","",72,1,"","","","","","","","","","","","",7.8,1,"","","","","","","","","","","","","","","","","","","","","","","","","","","","","","","","","","","","","","","","","","","","","","","","","","","","","","","","","","","","","","","","","","","","","","","","","","","","","","","","","","","","","","","","","","","","","","","","","","","","","","","","","","","","","","","","","","","",""
"06163007","TENDE_SAPC",44.043167,7.586,636,2000030718,0.,1,"","","","","","","","","","","","","","","","","","","","","","","","","","","","","","","","","","",7.8,1,3.6,1,7.8,1,"","",8.1,1,"","","","","","","","","","","","","","","","","","","","",75,1,"","","","","","","","","","","","",7.9,1,"","","","","","","","","","","","","","","","","","","","","","","","","","","","","","","","","","","","","","","","","","","","","","","","","","","","","","","","","","","","","","","","","","","","","","","","","","","","","","","","","","","","","","","","","","","","","","","","","","","","","","","","","","","","","","","","","","","",""
"06163007","TENDE_SAPC",44.043167,7.586,636,2000030719,0.,1,"","","","","","","","","","","","","","","","","","","","","","","","","","","","","","","","","","",7.5,1,3.9,1,7.5,1,"","",7.8,1,"","","","","","","","","","","","","","","","","","","","",78,1,"","","","","","","","","","","","",8.1,1,"","","","","","","","","","","","","","","","","","","","","","","","","","","","","","","","","","","","","","","","","","","","","","","","","","","","","","","","","","","","","","","","","","","","","","","","","","","","","","","","","","","","","","","","","","","","","","","","","","","","","","","","","","","","","","","","","","","",""
"06163007","TENDE_SAPC",44.043167,7.586,636,2000030720,0.,1,"","","","","","","","","","","","","","","","","","","","","","","","","","","","","","","","","","",6.9,1,3.7,1,6.9,1,"","",7.5,1,"","","","","","","","","","","","","","","","","","","","",80,1,"","","","","","","","","","","","",8.,1,"","","","","","","","","","","","","","","","","","","","","","","","","","","","","","","","","","","","","","","","","","","","","","","","","","","","","","","","","","","","","","","","","","","","","","","","","","","","","","","","","","","","","","","","","","","","","","","","","","","","","","","","","","","","","","","","","","","",""
"06163007","TENDE_SAPC",44.043167,7.586,636,2000030721,0.,1,"","","","","","","","","","","","","","","","","","","","","","","","","","","","","","","","","","",5.7,1,2.5,1,5.7,1,"","",6.9,1,"","","","","","","","","","","","","","","","","","","","",80,1,"","","","","","","","","","","","",7.3,1,"","","","","","","","","","","","","","","","","","","","","","","","","","","","","","","","","","","","","","","","","","","","","","","","","","","","","","","","","","","","","","","","","","","","","","","","","","","","","","","","","","","","","","","","","","","","","","","","","","","","","","","","","","","","","","","","","","","",""
"06163007","TENDE_SAPC",44.043167,7.586,636,2000030722,0.,1,"","","","","","","","","","","","","","","","","","","","","","","","","","","","","","","","","","",4.6,1,1.4,1,4.5,1,"","",5.7,1,"","","","","","","","","","","","","","","","","","","","",80,1,"","","","","","","","","","","","",6.8,1,"","","","","","","","","","","","","","","","","","","","","","","","","","","","","","","","","","","","","","","","","","","","","","","","","","","","","","","","","","","","","","","","","","","","","","","","","","","","","","","","","","","","","","","","","","","","","","","","","","","","","","","","","","","","","","","","","","","",""
"06163007","TENDE_SAPC",44.043167,7.586,636,2000030723,0.,1,"","","","","","","","","","","","","","","","","","","","","","","","","","","","","","","","","","",5.1,1,0.7,1,4.6,1,"","",5.1,1,"","","","","","","","","","","","","","","","","","","","",73,1,"","","","","","","","","","","","",6.4,1,"","","","","","","","","","","","","","","","","","","","","","","","","","","","","","","","","","","","","","","","","","","","","","","","","","","","","","","","","","","","","","","","","","","","","","","","","","","","","","","","","","","","","","","","","","","","","","","","","","","","","","","","","","","","","","","","","","","",""
"06163007","TENDE_SAPC",44.043167,7.586,636,2000030800,0.,1,"","","","","","","","","","","","","","","","","","","","","","","","","","","","","","","","","","",5.,1,0.6,1,5.,1,"","",5.2,1,"","","","","","","","","","","","","","","","","","","","",73,1,"","","","","","","","","","","","",6.4,1,"","","","","","","","","","","","","","","","","","","","","","","","","","","","","","","","","","","","","","","","","","","","","","","","","","","","","","","","","","","","","","","","","","","","","","","","","","","","","","","","","","","","","","","","","","","","","","","","","","","","","","","","","","","","","","","","","","","",""
"06163007","TENDE_SAPC",44.043167,7.586,636,2000030801,0.,1,"","","","","","","","","","","","","","","","","","","","","","","","","","","","","","","","","","",5.,1,-0.6,1,5.,1,"","",5.2,1,"","","","","","","","","","","","","","","","","","","","",67,1,"","","","","","","","","","","","",5.8,1,"","","","","","","","","","","","","","","","","","","","","","","","","","","","","","","","","","","","","","","","","","","","","","","","","","","","","","","","","","","","","","","","","","","","","","","","","","","","","","","","","","","","","","","","","","","","","","","","","","","","","","","","","","","","","","","","","","","",""
"06163007","TENDE_SAPC",44.043167,7.586,636,2000030802,0.,1,"","","","","","","","","","","","","","","","","","","","","","","","","","","","","","","","","","",3.2,1,-0.6,1,3.2,1,"","",5.,1,"","","","","","","","","","","","","","","","","","","","",76,1,"","","","","","","","","","","","",5.8,1,"","","","","","","","","","","","","","","","","","","","","","","","","","","","","","","","","","","","","","","","","","","","","","","","","","","","","","","","","","","","","","","","","","","","","","","","","","","","","","","","","","","","","","","","","","","","","","","","","","","","","","","","","","","","","","","","","","","",""
"06163007","TENDE_SAPC",44.043167,7.586,636,2000030803,0.,1,"","","","","","","","","","","","","","","","","","","","","","","","","","","","","","","","","","",2.4,1,-0.9,1,2.4,1,"","",3.2,1,"","","","","","","","","","","","","","","","","","","","",79,1,"","","","","","","","","","","","",5.7,1,"","","","","","","","","","","","","","","","","","","","","","","","","","","","","","","","","","","","","","","","","","","","","","","","","","","","","","","","","","","","","","","","","","","","","","","","","","","","","","","","","","","","","","","","","","","","","","","","","","","","","","","","","","","","","","","","","","","",""
"06163007","TENDE_SAPC",44.043167,7.586,636,2000030804,0.,1,"","","","","","","","","","","","","","","","","","","","","","","","","","","","","","","","","","",1.7,1,-1.2,1,1.7,1,"","",2.4,1,"","","","","","","","","","","","","","","","","","","","",81,1,"","","","","","","","","","","","",5.6,1,"","","","","","","","","","","","","","","","","","","","","","","","","","","","","","","","","","","","","","","","","","","","","","","","","","","","","","","","","","","","","","","","","","","","","","","","","","","","","","","","","","","","","","","","","","","","","","","","","","","","","","","","","","","","","","","","","","","",""
"06163007","TENDE_SAPC",44.043167,7.586,636,2000030805,0.,1,"","","","","","","","","","","","","","","","","","","","","","","","","","","","","","","","","","",1.4,1,-1.7,1,1.2,1,"","",1.8,1,"","","","","","","","","","","","","","","","","","","","",80,1,"","","","","","","","","","","","",5.4,1,"","","","","","","","","","","","","","","","","","","","","","","","","","","","","","","","","","","","","","","","","","","","","","","","","","","","","","","","","","","","","","","","","","","","","","","","","","","","","","","","","","","","","","","","","","","","","","","","","","","","","","","","","","","","","","","","","","","",""
"06163007","TENDE_SAPC",44.043167,7.586,636,2000030806,0.,1,"","","","","","","","","","","","","","","","","","","","","","","","","","","","","","","","","","",1.,1,-2.6,1,1.,1,"","",1.6,1,"","","","","","","","","","","","","","","","","","","","",77,1,"","","","","","","","","","","","",5.1,1,"","","","","","","","","","","","","","","","","","","","","","","","","","","","","","","","","","","","","","","","","","","","","","","","","","","","","","","","","","","","","","","","","","","","","","","","","","","","","","","","","","","","","","","","","","","","","","","","","","","","","","","","","","","","","","","","","","","",""
"06163007","TENDE_SAPC",44.043167,7.586,636,2000030807,0.,1,"","","","","","","","","","","","","","","","","","","","","","","","","","","","","","","","","","",0.6,1,-2.8,1,0.5,1,"","",1.,1,"","","","","","","","","","","","","","","","","","","","",78,1,"","","","","","","","","","","","",5.,1,"","","","","","","","","","","","","","","","","","","","","","","","","","","","","","","","","","","","","","","","","","","","","","","","","","","","","","","","","","","","","","","","","","","","","","","","","","","","","","","","","","","","","","","","","","","","","","","","","","","","","","","","","","","","","","","","","","","",""
"06163007","TENDE_SAPC",44.043167,7.586,636,2000030808,0.,1,"","","","","","","","","","","","","","","","","","","","","","","","","","","","","","","","","","",0.7,1,-2.2,1,0.4,1,"","",0.7,1,"","","","","","","","","","","","","","","","","","","","",81,1,"","","","","","","","","","","","",5.2,1,"","","","","","","","","","","","","","","","","","","","","","","","","","","","","","","","","","","","","","","","","","","","","","","","","","","","","","","","","","","","","","","","","","","","","","","","","","","","","","","","","","","","","","","","","","","","","","","","","","","","","","","","","","","","","","","","","","","",""
"06163007","TENDE_SAPC",44.043167,7.586,636,2000030809,0.,1,"","","","","","","","","","","","","","","","","","","","","","","","","","","","","","","","","","",1.2,1,-1.5,1,0.7,1,"","",1.2,1,"","","","","","","","","","","","","","","","","","","","",82,1,"","","","","","","","","","","","",5.5,1,"","","","","","","","","","","","","","","","","","","","","","","","","","","","","","","","","","","","","","","","","","","","","","","","","","","","","","","","","","","","","","","","","","","","","","","","","","","","","","","","","","","","","","","","","","","","","","","","","","","","","","","","","","","","","","","","","","","",""
"06163007","TENDE_SAPC",44.043167,7.586,636,2000030810,0.,1,"","","","","","","","","","","","","","","","","","","","","","","","","","","","","","","","","","",10.3,1,0.9,1,1.3,1,"","",10.3,1,"","","","","","","","","","","","","","","","","","","","",52,1,"","","","","","","","","","","","",6.5,1,"","","","","","","","","","","","","","","","","","","","","","","","","","","","","","","","","","","","","","","","","","","","","","","","","","","","","","","","","","","","","","","","","","","","","","","","","","","","","","","","","","","","","","","","","","","","","","","","","","","","","","","","","","","","","","","","","","","",""
"06163007","TENDE_SAPC",44.043167,7.586,636,2000030811,0.,1,"","","","","","","","","","","","","","","","","","","","","","","","","","","","","","","","","","",12.8,1,0.8,1,10.4,1,"","",12.8,1,"","","","","","","","","","","","","","","","","","","","",44,1,"","","","","","","","","","","","",6.5,1,"","","","","","","","","","","","","","","","","","","","","","","","","","","","","","","","","","","","","","","","","","","","","","","","","","","","","","","","","","","","","","","","","","","","","","","","","","","","","","","","","","","","","","","","","","","","","","","","","","","","","","","","","","","","","","","","","","","",""
"06163007","TENDE_SAPC",44.043167,7.586,636,2000030812,0.,1,"","","","","","","","","","","","","","","","","","","","","","","","","","","","","","","","","","",14.1,1,1.7,1,12.8,1,"","",14.1,1,"","","","","","","","","","","","","","","","","","","","",43,1,"","","","","","","","","","","","",6.9,1,"","","","","","","","","","","","","","","","","","","","","","","","","","","","","","","","","","","","","","","","","","","","","","","","","","","","","","","","","","","","","","","","","","","","","","","","","","","","","","","","","","","","","","","","","","","","","","","","","","","","","","","","","","","","","","","","","","","",""
"06163007","TENDE_SAPC",44.043167,7.586,636,2000030813,0.,1,"","","","","","","","","","","","","","","","","","","","","","","","","","","","","","","","","","",14.5,1,3.,1,14.1,1,"","",14.6,1,"","","","","","","","","","","","","","","","","","","","",46,1,"","","","","","","","","","","","",7.6,1,"","","","","","","","","","","","","","","","","","","","","","","","","","","","","","","","","","","","","","","","","","","","","","","","","","","","","","","","","","","","","","","","","","","","","","","","","","","","","","","","","","","","","","","","","","","","","","","","","","","","","","","","","","","","","","","","","","","",""
"06163007","TENDE_SAPC",44.043167,7.586,636,2000030814,0.,1,"","","","","","","","","","","","","","","","","","","","","","","","","","","","","","","","","","",14.,1,4.,1,14.,1,"","",14.5,1,"","","","","","","","","","","","","","","","","","","","",51,1,"","","","","","","","","","","","",8.1,1,"","","","","","","","","","","","","","","","","","","","","","","","","","","","","","","","","","","","","","","","","","","","","","","","","","","","","","","","","","","","","","","","","","","","","","","","","","","","","","","","","","","","","","","","","","","","","","","","","","","","","","","","","","","","","","","","","","","",""
"06163007","TENDE_SAPC",44.043167,7.586,636,2000030815,0.,1,"","","","","","","","","","","","","","","","","","","","","","","","","","","","","","","","","","",12.6,1,5.3,1,12.6,1,"","",13.9,1,"","","","","","","","","","","","","","","","","","","","",61,1,"","","","","","","","","","","","",8.9,1,"","","","","","","","","","","","","","","","","","","","","","","","","","","","","","","","","","","","","","","","","","","","","","","","","","","","","","","","","","","","","","","","","","","","","","","","","","","","","","","","","","","","","","","","","","","","","","","","","","","","","","","","","","","","","","","","","","","",""
"06163007","TENDE_SAPC",44.043167,7.586,636,2000030816,0.,1,"","","","","","","","","","","","","","","","","","","","","","","","","","","","","","","","","","",11.4,1,5.,1,11.4,1,"","",12.6,1,"","","","","","","","","","","","","","","","","","","","",65,1,"","","","","","","","","","","","",8.7,1,"","","","","","","","","","","","","","","","","","","","","","","","","","","","","","","","","","","","","","","","","","","","","","","","","","","","","","","","","","","","","","","","","","","","","","","","","","","","","","","","","","","","","","","","","","","","","","","","","","","","","","","","","","","","","","","","","","","",""
"06163007","TENDE_SAPC",44.043167,7.586,636,2000030817,0.,1,"","","","","","","","","","","","","","","","","","","","","","","","","","","","","","","","","","",10.,1,5.,1,10.,1,"","",11.4,1,"","","","","","","","","","","","","","","","","","","","",71,1,"","","","","","","","","","","","",8.7,1,"","","","","","","","","","","","","","","","","","","","","","","","","","","","","","","","","","","","","","","","","","","","","","","","","","","","","","","","","","","","","","","","","","","","","","","","","","","","","","","","","","","","","","","","","","","","","","","","","","","","","","","","","","","","","","","","","","","",""
"06163007","TENDE_SAPC",44.043167,7.586,636,2000030818,0.,1,"","","","","","","","","","","","","","","","","","","","","","","","","","","","","","","","","","",7.8,1,4.2,1,7.8,1,"","",10.,1,"","","","","","","","","","","","","","","","","","","","",78,1,"","","","","","","","","","","","",8.2,1,"","","","","","","","","","","","","","","","","","","","","","","","","","","","","","","","","","","","","","","","","","","","","","","","","","","","","","","","","","","","","","","","","","","","","","","","","","","","","","","","","","","","","","","","","","","","","","","","","","","","","","","","","","","","","","","","","","","",""
"06163007","TENDE_SAPC",44.043167,7.586,636,2000030819,0.,1,"","","","","","","","","","","","","","","","","","","","","","","","","","","","","","","","","","",6.3,1,3.5,1,6.3,1,"","",7.7,1,"","","","","","","","","","","","","","","","","","","","",82,1,"","","","","","","","","","","","",7.8,1,"","","","","","","","","","","","","","","","","","","","","","","","","","","","","","","","","","","","","","","","","","","","","","","","","","","","","","","","","","","","","","","","","","","","","","","","","","","","","","","","","","","","","","","","","","","","","","","","","","","","","","","","","","","","","","","","","","","",""
"06163007","TENDE_SAPC",44.043167,7.586,636,2000030820,0.,1,"","","","","","","","","","","","","","","","","","","","","","","","","","","","","","","","","","",5.7,1,3.2,1,5.7,1,"","",6.2,1,"","","","","","","","","","","","","","","","","","","","",84,1,"","","","","","","","","","","","",7.7,1,"","","","","","","","","","","","","","","","","","","","","","","","","","","","","","","","","","","","","","","","","","","","","","","","","","","","","","","","","","","","","","","","","","","","","","","","","","","","","","","","","","","","","","","","","","","","","","","","","","","","","","","","","","","","","","","","","","","",""
"06163007","TENDE_SAPC",44.043167,7.586,636,2000030821,0.,1,"","","","","","","","","","","","","","","","","","","","","","","","","","","","","","","","","","",5.2,1,2.7,1,5.2,1,"","",5.7,1,"","","","","","","","","","","","","","","","","","","","",84,1,"","","","","","","","","","","","",7.4,1,"","","","","","","","","","","","","","","","","","","","","","","","","","","","","","","","","","","","","","","","","","","","","","","","","","","","","","","","","","","","","","","","","","","","","","","","","","","","","","","","","","","","","","","","","","","","","","","","","","","","","","","","","","","","","","","","","","","",""
"06163007","TENDE_SAPC",44.043167,7.586,636,2000030822,0.,1,"","","","","","","","","","","","","","","","","","","","","","","","","","","","","","","","","","",4.8,1,2.3,1,4.8,1,"","",5.3,1,"","","","","","","","","","","","","","","","","","","","",84,1,"","","","","","","","","","","","",7.2,1,"","","","","","","","","","","","","","","","","","","","","","","","","","","","","","","","","","","","","","","","","","","","","","","","","","","","","","","","","","","","","","","","","","","","","","","","","","","","","","","","","","","","","","","","","","","","","","","","","","","","","","","","","","","","","","","","","","","",""
"06163007","TENDE_SAPC",44.043167,7.586,636,2000030823,0.,1,"","","","","","","","","","","","","","","","","","","","","","","","","","","","","","","","","","",4.4,1,2.1,1,4.4,1,"","",4.8,1,"","","","","","","","","","","","","","","","","","","","",85,1,"","","","","","","","","","","","",7.1,1,"","","","","","","","","","","","","","","","","","","","","","","","","","","","","","","","","","","","","","","","","","","","","","","","","","","","","","","","","","","","","","","","","","","","","","","","","","","","","","","","","","","","","","","","","","","","","","","","","","","","","","","","","","","","","","","","","","","",""
"06163007","TENDE_SAPC",44.043167,7.586,636,2000030900,0.,1,"","","","","","","","","","","","","","","","","","","","","","","","","","","","","","","","","","",4.1,1,1.8,1,3.9,1,"","",4.4,1,"","","","","","","","","","","","","","","","","","","","",85,1,"","","","","","","","","","","","",7.,1,"","","","","","","","","","","","","","","","","","","","","","","","","","","","","","","","","","","","","","","","","","","","","","","","","","","","","","","","","","","","","","","","","","","","","","","","","","","","","","","","","","","","","","","","","","","","","","","","","","","","","","","","","","","","","","","","","","","",""
"06163007","TENDE_SAPC",44.043167,7.586,636,2000030901,0.,1,"","","","","","","","","","","","","","","","","","","","","","","","","","","","","","","","","","",3.4,1,1.1,1,3.4,1,"","",4.2,1,"","","","","","","","","","","","","","","","","","","","",85,1,"","","","","","","","","","","","",6.6,1,"","","","","","","","","","","","","","","","","","","","","","","","","","","","","","","","","","","","","","","","","","","","","","","","","","","","","","","","","","","","","","","","","","","","","","","","","","","","","","","","","","","","","","","","","","","","","","","","","","","","","","","","","","","","","","","","","","","",""
"06163007","TENDE_SAPC",44.043167,7.586,636,2000030902,0.,1,"","","","","","","","","","","","","","","","","","","","","","","","","","","","","","","","","","",3.4,1,0.8,1,3.3,1,"","",3.8,1,"","","","","","","","","","","","","","","","","","","","",83,1,"","","","","","","","","","","","",6.5,1,"","","","","","","","","","","","","","","","","","","","","","","","","","","","","","","","","","","","","","","","","","","","","","","","","","","","","","","","","","","","","","","","","","","","","","","","","","","","","","","","","","","","","","","","","","","","","","","","","","","","","","","","","","","","","","","","","","","",""
"06163007","TENDE_SAPC",44.043167,7.586,636,2000030903,0.,1,"","","","","","","","","","","","","","","","","","","","","","","","","","","","","","","","","","",2.3,1,0.,1,2.3,1,"","",3.4,1,"","","","","","","","","","","","","","","","","","","","",85,1,"","","","","","","","","","","","",6.1,1,"","","","","","","","","","","","","","","","","","","","","","","","","","","","","","","","","","","","","","","","","","","","","","","","","","","","","","","","","","","","","","","","","","","","","","","","","","","","","","","","","","","","","","","","","","","","","","","","","","","","","","","","","","","","","","","","","","","",""
"06163007","TENDE_SAPC",44.043167,7.586,636,2000030904,0.,1,"","","","","","","","","","","","","","","","","","","","","","","","","","","","","","","","","","",2.,1,-0.3,1,2.,1,"","",2.3,1,"","","","","","","","","","","","","","","","","","","","",85,1,"","","","","","","","","","","","",6.,1,"","","","","","","","","","","","","","","","","","","","","","","","","","","","","","","","","","","","","","","","","","","","","","","","","","","","","","","","","","","","","","","","","","","","","","","","","","","","","","","","","","","","","","","","","","","","","","","","","","","","","","","","","","","","","","","","","","","",""
"06163007","TENDE_SAPC",44.043167,7.586,636,2000030905,0.,1,"","","","","","","","","","","","","","","","","","","","","","","","","","","","","","","","","","",1.8,1,-0.6,1,1.7,1,"","",2.,1,"","","","","","","","","","","","","","","","","","","","",84,1,"","","","","","","","","","","","",5.8,1,"","","","","","","","","","","","","","","","","","","","","","","","","","","","","","","","","","","","","","","","","","","","","","","","","","","","","","","","","","","","","","","","","","","","","","","","","","","","","","","","","","","","","","","","","","","","","","","","","","","","","","","","","","","","","","","","","","","",""
"06163007","TENDE_SAPC",44.043167,7.586,636,2000030906,0.,1,"","","","","","","","","","","","","","","","","","","","","","","","","","","","","","","","","","",1.9,1,-0.8,1,1.7,1,"","",1.9,1,"","","","","","","","","","","","","","","","","","","","",82,1,"","","","","","","","","","","","",5.7,1,"","","","","","","","","","","","","","","","","","","","","","","","","","","","","","","","","","","","","","","","","","","","","","","","","","","","","","","","","","","","","","","","","","","","","","","","","","","","","","","","","","","","","","","","","","","","","","","","","","","","","","","","","","","","","","","","","","","",""
"06163007","TENDE_SAPC",44.043167,7.586,636,2000030907,0.,1,"","","","","","","","","","","","","","","","","","","","","","","","","","","","","","","","","","",2.2,1,-0.6,1,1.9,1,"","",2.3,1,"","","","","","","","","","","","","","","","","","","","",82,1,"","","","","","","","","","","","",5.9,1,"","","","","","","","","","","","","","","","","","","","","","","","","","","","","","","","","","","","","","","","","","","","","","","","","","","","","","","","","","","","","","","","","","","","","","","","","","","","","","","","","","","","","","","","","","","","","","","","","","","","","","","","","","","","","","","","","","","",""
"06163007","TENDE_SAPC",44.043167,7.586,636,2000030908,0.,1,"","","","","","","","","","","","","","","","","","","","","","","","","","","","","","","","","","",3.,1,0.1,1,2.2,1,"","",3.,1,"","","","","","","","","","","","","","","","","","","","",81,1,"","","","","","","","","","","","",6.1,1,"","","","","","","","","","","","","","","","","","","","","","","","","","","","","","","","","","","","","","","","","","","","","","","","","","","","","","","","","","","","","","","","","","","","","","","","","","","","","","","","","","","","","","","","","","","","","","","","","","","","","","","","","","","","","","","","","","","",""
"06163007","TENDE_SAPC",44.043167,7.586,636,2000030909,0.,1,"","","","","","","","","","","","","","","","","","","","","","","","","","","","","","","","","","",3.6,1,0.6,1,3.,1,"","",3.6,1,"","","","","","","","","","","","","","","","","","","","",81,1,"","","","","","","","","","","","",6.4,1,"","","","","","","","","","","","","","","","","","","","","","","","","","","","","","","","","","","","","","","","","","","","","","","","","","","","","","","","","","","","","","","","","","","","","","","","","","","","","","","","","","","","","","","","","","","","","","","","","","","","","","","","","","","","","","","","","","","",""
"06163007","TENDE_SAPC",44.043167,7.586,636,2000030910,0.,1,"","","","","","","","","","","","","","","","","","","","","","","","","","","","","","","","","","",11.,1,1.8,1,3.6,1,"","",11.,1,"","","","","","","","","","","","","","","","","","","","",53,1,"","","","","","","","","","","","",6.9,1,"","","","","","","","","","","","","","","","","","","","","","","","","","","","","","","","","","","","","","","","","","","","","","","","","","","","","","","","","","","","","","","","","","","","","","","","","","","","","","","","","","","","","","","","","","","","","","","","","","","","","","","","","","","","","","","","","","","",""
"06163007","TENDE_SAPC",44.043167,7.586,636,2000030911,0.,1,"","","","","","","","","","","","","","","","","","","","","","","","","","","","","","","","","","",13.6,1,2.8,1,11.1,1,"","",13.6,1,"","","","","","","","","","","","","","","","","","","","",48,1,"","","","","","","","","","","","",7.5,1,"","","","","","","","","","","","","","","","","","","","","","","","","","","","","","","","","","","","","","","","","","","","","","","","","","","","","","","","","","","","","","","","","","","","","","","","","","","","","","","","","","","","","","","","","","","","","","","","","","","","","","","","","","","","","","","","","","","",""
"06163007","TENDE_SAPC",44.043167,7.586,636,2000030912,0.,1,"","","","","","","","","","","","","","","","","","","","","","","","","","","","","","","","","","",15.,1,4.1,1,13.7,1,"","",15.,1,"","","","","","","","","","","","","","","","","","","","",48,1,"","","","","","","","","","","","",8.2,1,"","","","","","","","","","","","","","","","","","","","","","","","","","","","","","","","","","","","","","","","","","","","","","","","","","","","","","","","","","","","","","","","","","","","","","","","","","","","","","","","","","","","","","","","","","","","","","","","","","","","","","","","","","","","","","","","","","","",""
"06163007","TENDE_SAPC",44.043167,7.586,636,2000030913,0.,1,"","","","","","","","","","","","","","","","","","","","","","","","","","","","","","","","","","",16.2,1,4.9,1,15.,1,"","",16.3,1,"","","","","","","","","","","","","","","","","","","","",47,1,"","","","","","","","","","","","",8.6,1,"","","","","","","","","","","","","","","","","","","","","","","","","","","","","","","","","","","","","","","","","","","","","","","","","","","","","","","","","","","","","","","","","","","","","","","","","","","","","","","","","","","","","","","","","","","","","","","","","","","","","","","","","","","","","","","","","","","",""
"06163007","TENDE_SAPC",44.043167,7.586,636,2000030914,0.,1,"","","","","","","","","","","","","","","","","","","","","","","","","","","","","","","","","","",16.1,1,5.7,1,16.,1,"","",16.5,1,"","","","","","","","","","","","","","","","","","","","",50,1,"","","","","","","","","","","","",9.1,1,"","","","","","","","","","","","","","","","","","","","","","","","","","","","","","","","","","","","","","","","","","","","","","","","","","","","","","","","","","","","","","","","","","","","","","","","","","","","","","","","","","","","","","","","","","","","","","","","","","","","","","","","","","","","","","","","","","","",""
"06163007","TENDE_SAPC",44.043167,7.586,636,2000030915,0.,1,"","","","","","","","","","","","","","","","","","","","","","","","","","","","","","","","","","",14.2,1,6.5,1,14.2,1,"","",16.2,1,"","","","","","","","","","","","","","","","","","","","",60,1,"","","","","","","","","","","","",9.7,1,"","","","","","","","","","","","","","","","","","","","","","","","","","","","","","","","","","","","","","","","","","","","","","","","","","","","","","","","","","","","","","","","","","","","","","","","","","","","","","","","","","","","","","","","","","","","","","","","","","","","","","","","","","","","","","","","","","","",""
"06163007","TENDE_SAPC",44.043167,7.586,636,2000030916,0.,1,"","","","","","","","","","","","","","","","","","","","","","","","","","","","","","","","","","",12.9,1,6.5,1,12.9,1,"","",14.1,1,"","","","","","","","","","","","","","","","","","","","",65,1,"","","","","","","","","","","","",9.7,1,"","","","","","","","","","","","","","","","","","","","","","","","","","","","","","","","","","","","","","","","","","","","","","","","","","","","","","","","","","","","","","","","","","","","","","","","","","","","","","","","","","","","","","","","","","","","","","","","","","","","","","","","","","","","","","","","","","","",""
"06163007","TENDE_SAPC",44.043167,7.586,636,2000030917,0.,1,"","","","","","","","","","","","","","","","","","","","","","","","","","","","","","","","","","",11.3,1,6.2,1,11.3,1,"","",12.9,1,"","","","","","","","","","","","","","","","","","","","",71,1,"","","","","","","","","","","","",9.5,1,"","","","","","","","","","","","","","","","","","","","","","","","","","","","","","","","","","","","","","","","","","","","","","","","","","","","","","","","","","","","","","","","","","","","","","","","","","","","","","","","","","","","","","","","","","","","","","","","","","","","","","","","","","","","","","","","","","","",""
"06163007","TENDE_SAPC",44.043167,7.586,636,2000030918,0.,1,"","","","","","","","","","","","","","","","","","","","","","","","","","","","","","","","","","",8.8,1,5.4,1,8.8,1,"","",11.3,1,"","","","","","","","","","","","","","","","","","","","",79,1,"","","","","","","","","","","","",8.9,1,"","","","","","","","","","","","","","","","","","","","","","","","","","","","","","","","","","","","","","","","","","","","","","","","","","","","","","","","","","","","","","","","","","","","","","","","","","","","","","","","","","","","","","","","","","","","","","","","","","","","","","","","","","","","","","","","","","","",""
"06163007","TENDE_SAPC",44.043167,7.586,636,2000030919,0.,1,"","","","","","","","","","","","","","","","","","","","","","","","","","","","","","","","","","",7.2,1,4.7,1,7.2,1,"","",8.7,1,"","","","","","","","","","","","","","","","","","","","",84,1,"","","","","","","","","","","","",8.5,1,"","","","","","","","","","","","","","","","","","","","","","","","","","","","","","","","","","","","","","","","","","","","","","","","","","","","","","","","","","","","","","","","","","","","","","","","","","","","","","","","","","","","","","","","","","","","","","","","","","","","","","","","","","","","","","","","","","","",""
"06163007","TENDE_SAPC",44.043167,7.586,636,2000030920,0.,1,"","","","","","","","","","","","","","","","","","","","","","","","","","","","","","","","","","",6.4,1,4.4,1,6.2,1,"","",7.2,1,"","","","","","","","","","","","","","","","","","","","",87,1,"","","","","","","","","","","","",8.4,1,"","","","","","","","","","","","","","","","","","","","","","","","","","","","","","","","","","","","","","","","","","","","","","","","","","","","","","","","","","","","","","","","","","","","","","","","","","","","","","","","","","","","","","","","","","","","","","","","","","","","","","","","","","","","","","","","","","","",""
"06163007","TENDE_SAPC",44.043167,7.586,636,2000030921,0.,1,"","","","","","","","","","","","","","","","","","","","","","","","","","","","","","","","","","",5.5,1,3.5,1,5.5,1,"","",6.4,1,"","","","","","","","","","","","","","","","","","","","",87,1,"","","","","","","","","","","","",7.9,1,"","","","","","","","","","","","","","","","","","","","","","","","","","","","","","","","","","","","","","","","","","","","","","","","","","","","","","","","","","","","","","","","","","","","","","","","","","","","","","","","","","","","","","","","","","","","","","","","","","","","","","","","","","","","","","","","","","","",""
"06163007","TENDE_SAPC",44.043167,7.586,636,2000030922,0.,1,"","","","","","","","","","","","","","","","","","","","","","","","","","","","","","","","","","",4.8,1,3.,1,4.8,1,"","",5.5,1,"","","","","","","","","","","","","","","","","","","","",88,1,"","","","","","","","","","","","",7.6,1,"","","","","","","","","","","","","","","","","","","","","","","","","","","","","","","","","","","","","","","","","","","","","","","","","","","","","","","","","","","","","","","","","","","","","","","","","","","","","","","","","","","","","","","","","","","","","","","","","","","","","","","","","","","","","","","","","","","",""
"06163007","TENDE_SAPC",44.043167,7.586,636,2000030923,0.,1,"","","","","","","","","","","","","","","","","","","","","","","","","","","","","","","","","","",4.,1,2.2,1,4.,1,"","",4.8,1,"","","","","","","","","","","","","","","","","","","","",88,1,"","","","","","","","","","","","",7.2,1,"","","","","","","","","","","","","","","","","","","","","","","","","","","","","","","","","","","","","","","","","","","","","","","","","","","","","","","","","","","","","","","","","","","","","","","","","","","","","","","","","","","","","","","","","","","","","","","","","","","","","","","","","","","","","","","","","","","",""
"06163007","TENDE_SAPC",44.043167,7.586,636,2000031000,0.,1,"","","","","","","","","","","","","","","","","","","","","","","","","","","","","","","","","","",3.3,1,1.5,1,3.3,1,"","",4.,1,"","","","","","","","","","","","","","","","","","","","",88,1,"","","","","","","","","","","","",6.8,1,"","","","","","","","","","","","","","","","","","","","","","","","","","","","","","","","","","","","","","","","","","","","","","","","","","","","","","","","","","","","","","","","","","","","","","","","","","","","","","","","","","","","","","","","","","","","","","","","","","","","","","","","","","","","","","","","","","","",""
"06163007","TENDE_SAPC",44.043167,7.586,636,2000031001,0.,1,"","","","","","","","","","","","","","","","","","","","","","","","","","","","","","","","","","",3.1,1,1.,1,3.1,1,"","",3.4,1,"","","","","","","","","","","","","","","","","","","","",86,1,"","","","","","","","","","","","",6.6,1,"","","","","","","","","","","","","","","","","","","","","","","","","","","","","","","","","","","","","","","","","","","","","","","","","","","","","","","","","","","","","","","","","","","","","","","","","","","","","","","","","","","","","","","","","","","","","","","","","","","","","","","","","","","","","","","","","","","",""
"06163007","TENDE_SAPC",44.043167,7.586,636,2000031002,0.,1,"","","","","","","","","","","","","","","","","","","","","","","","","","","","","","","","","","",2.6,1,0.5,1,2.4,1,"","",3.1,1,"","","","","","","","","","","","","","","","","","","","",86,1,"","","","","","","","","","","","",6.3,1,"","","","","","","","","","","","","","","","","","","","","","","","","","","","","","","","","","","","","","","","","","","","","","","","","","","","","","","","","","","","","","","","","","","","","","","","","","","","","","","","","","","","","","","","","","","","","","","","","","","","","","","","","","","","","","","","","","","",""
"06163007","TENDE_SAPC",44.043167,7.586,636,2000031003,0.,1,"","","","","","","","","","","","","","","","","","","","","","","","","","","","","","","","","","",2.,1,-0.8,1,2.,1,"","",2.6,1,"","","","","","","","","","","","","","","","","","","","",82,1,"","","","","","","","","","","","",5.8,1,"","","","","","","","","","","","","","","","","","","","","","","","","","","","","","","","","","","","","","","","","","","","","","","","","","","","","","","","","","","","","","","","","","","","","","","","","","","","","","","","","","","","","","","","","","","","","","","","","","","","","","","","","","","","","","","","","","","",""
"06163007","TENDE_SAPC",44.043167,7.586,636,2000031004,0.,1,"","","","","","","","","","","","","","","","","","","","","","","","","","","","","","","","","","",1.6,1,-1.,1,1.5,1,"","",2.,1,"","","","","","","","","","","","","","","","","","","","",83,1,"","","","","","","","","","","","",5.7,1,"","","","","","","","","","","","","","","","","","","","","","","","","","","","","","","","","","","","","","","","","","","","","","","","","","","","","","","","","","","","","","","","","","","","","","","","","","","","","","","","","","","","","","","","","","","","","","","","","","","","","","","","","","","","","","","","","","","",""
"06163007","TENDE_SAPC",44.043167,7.586,636,2000031005,0.,1,"","","","","","","","","","","","","","","","","","","","","","","","","","","","","","","","","","",1.6,1,-1.5,1,1.5,1,"","",1.6,1,"","","","","","","","","","","","","","","","","","","","",80,1,"","","","","","","","","","","","",5.5,1,"","","","","","","","","","","","","","","","","","","","","","","","","","","","","","","","","","","","","","","","","","","","","","","","","","","","","","","","","","","","","","","","","","","","","","","","","","","","","","","","","","","","","","","","","","","","","","","","","","","","","","","","","","","","","","","","","","","",""
"06163007","TENDE_SAPC",44.043167,7.586,636,2000031006,0.,1,"","","","","","","","","","","","","","","","","","","","","","","","","","","","","","","","","","",1.5,1,-1.6,1,1.4,1,"","",1.6,1,"","","","","","","","","","","","","","","","","","","","",80,1,"","","","","","","","","","","","",5.4,1,"","","","","","","","","","","","","","","","","","","","","","","","","","","","","","","","","","","","","","","","","","","","","","","","","","","","","","","","","","","","","","","","","","","","","","","","","","","","","","","","","","","","","","","","","","","","","","","","","","","","","","","","","","","","","","","","","","","",""
"06163007","TENDE_SAPC",44.043167,7.586,636,2000031007,0.,1,"","","","","","","","","","","","","","","","","","","","","","","","","","","","","","","","","","",2.4,1,-1.,1,1.4,1,"","",2.4,1,"","","","","","","","","","","","","","","","","","","","",78,1,"","","","","","","","","","","","",5.7,1,"","","","","","","","","","","","","","","","","","","","","","","","","","","","","","","","","","","","","","","","","","","","","","","","","","","","","","","","","","","","","","","","","","","","","","","","","","","","","","","","","","","","","","","","","","","","","","","","","","","","","","","","","","","","","","","","","","","",""
"06163007","TENDE_SAPC",44.043167,7.586,636,2000031008,0.,1,"","","","","","","","","","","","","","","","","","","","","","","","","","","","","","","","","","",5.3,1,-1.4,1,2.5,1,"","",5.3,1,"","","","","","","","","","","","","","","","","","","","",62,1,"","","","","","","","","","","","",5.5,1,"","","","","","","","","","","","","","","","","","","","","","","","","","","","","","","","","","","","","","","","","","","","","","","","","","","","","","","","","","","","","","","","","","","","","","","","","","","","","","","","","","","","","","","","","","","","","","","","","","","","","","","","","","","","","","","","","","","",""
"06163007","TENDE_SAPC",44.043167,7.586,636,2000031009,0.,1,"","","","","","","","","","","","","","","","","","","","","","","","","","","","","","","","","","",7.2,1,0.2,1,5.3,1,"","",7.2,1,"","","","","","","","","","","","","","","","","","","","",61,1,"","","","","","","","","","","","",6.2,1,"","","","","","","","","","","","","","","","","","","","","","","","","","","","","","","","","","","","","","","","","","","","","","","","","","","","","","","","","","","","","","","","","","","","","","","","","","","","","","","","","","","","","","","","","","","","","","","","","","","","","","","","","","","","","","","","","","","",""
"06163007","TENDE_SAPC",44.043167,7.586,636,2000031010,0.,1,"","","","","","","","","","","","","","","","","","","","","","","","","","","","","","","","","","",10.9,1,1.4,1,7.3,1,"","",10.9,1,"","","","","","","","","","","","","","","","","","","","",52,1,"","","","","","","","","","","","",6.8,1,"","","","","","","","","","","","","","","","","","","","","","","","","","","","","","","","","","","","","","","","","","","","","","","","","","","","","","","","","","","","","","","","","","","","","","","","","","","","","","","","","","","","","","","","","","","","","","","","","","","","","","","","","","","","","","","","","","","",""
"06163007","TENDE_SAPC",44.043167,7.586,636,2000031011,0.,1,"","","","","","","","","","","","","","","","","","","","","","","","","","","","","","","","","","",14.1,1,2.9,1,11.,1,"","",14.1,1,"","","","","","","","","","","","","","","","","","","","",47,1,"","","","","","","","","","","","",7.5,1,"","","","","","","","","","","","","","","","","","","","","","","","","","","","","","","","","","","","","","","","","","","","","","","","","","","","","","","","","","","","","","","","","","","","","","","","","","","","","","","","","","","","","","","","","","","","","","","","","","","","","","","","","","","","","","","","","","","",""
"06163007","TENDE_SAPC",44.043167,7.586,636,2000031012,0.,1,"","","","","","","","","","","","","","","","","","","","","","","","","","","","","","","","","","",16.1,1,4.8,1,14.2,1,"","",16.1,1,"","","","","","","","","","","","","","","","","","","","",47,1,"","","","","","","","","","","","",8.6,1,"","","","","","","","","","","","","","","","","","","","","","","","","","","","","","","","","","","","","","","","","","","","","","","","","","","","","","","","","","","","","","","","","","","","","","","","","","","","","","","","","","","","","","","","","","","","","","","","","","","","","","","","","","","","","","","","","","","",""
"06163007","TENDE_SAPC",44.043167,7.586,636,2000031013,0.,1,"","","","","","","","","","","","","","","","","","","","","","","","","","","","","","","","","","",17.1,1,5.1,1,16.1,1,"","",17.3,1,"","","","","","","","","","","","","","","","","","","","",45,1,"","","","","","","","","","","","",8.8,1,"","","","","","","","","","","","","","","","","","","","","","","","","","","","","","","","","","","","","","","","","","","","","","","","","","","","","","","","","","","","","","","","","","","","","","","","","","","","","","","","","","","","","","","","","","","","","","","","","","","","","","","","","","","","","","","","","","","",""
"06163007","TENDE_SAPC",44.043167,7.586,636,2000031014,0.,1,"","","","","","","","","","","","","","","","","","","","","","","","","","","","","","","","","","",17.2,1,4.8,1,17.,1,"","",17.3,1,"","","","","","","","","","","","","","","","","","","","",44,1,"","","","","","","","","","","","",8.6,1,"","","","","","","","","","","","","","","","","","","","","","","","","","","","","","","","","","","","","","","","","","","","","","","","","","","","","","","","","","","","","","","","","","","","","","","","","","","","","","","","","","","","","","","","","","","","","","","","","","","","","","","","","","","","","","","","","","","",""
"06163007","TENDE_SAPC",44.043167,7.586,636,2000031015,0.,1,"","","","","","","","","","","","","","","","","","","","","","","","","","","","","","","","","","",15.2,1,6.5,1,15.2,1,"","",17.2,1,"","","","","","","","","","","","","","","","","","","","",56,1,"","","","","","","","","","","","",9.7,1,"","","","","","","","","","","","","","","","","","","","","","","","","","","","","","","","","","","","","","","","","","","","","","","","","","","","","","","","","","","","","","","","","","","","","","","","","","","","","","","","","","","","","","","","","","","","","","","","","","","","","","","","","","","","","","","","","","","",""
"06163007","TENDE_SAPC",44.043167,7.586,636,2000031016,0.,1,"","","","","","","","","","","","","","","","","","","","","","","","","","","","","","","","","","",13.6,1,6.7,1,13.6,1,"","",15.2,1,"","","","","","","","","","","","","","","","","","","","",63,1,"","","","","","","","","","","","",9.8,1,"","","","","","","","","","","","","","","","","","","","","","","","","","","","","","","","","","","","","","","","","","","","","","","","","","","","","","","","","","","","","","","","","","","","","","","","","","","","","","","","","","","","","","","","","","","","","","","","","","","","","","","","","","","","","","","","","","","",""
"06163007","TENDE_SAPC",44.043167,7.586,636,2000031017,0.,1,"","","","","","","","","","","","","","","","","","","","","","","","","","","","","","","","","","",11.7,1,6.6,1,11.7,1,"","",13.6,1,"","","","","","","","","","","","","","","","","","","","",71,1,"","","","","","","","","","","","",9.7,1,"","","","","","","","","","","","","","","","","","","","","","","","","","","","","","","","","","","","","","","","","","","","","","","","","","","","","","","","","","","","","","","","","","","","","","","","","","","","","","","","","","","","","","","","","","","","","","","","","","","","","","","","","","","","","","","","","","","",""
"06163007","TENDE_SAPC",44.043167,7.586,636,2000031018,0.,1,"","","","","","","","","","","","","","","","","","","","","","","","","","","","","","","","","","",9.1,1,5.3,1,9.1,1,"","",11.6,1,"","","","","","","","","","","","","","","","","","","","",77,1,"","","","","","","","","","","","",8.9,1,"","","","","","","","","","","","","","","","","","","","","","","","","","","","","","","","","","","","","","","","","","","","","","","","","","","","","","","","","","","","","","","","","","","","","","","","","","","","","","","","","","","","","","","","","","","","","","","","","","","","","","","","","","","","","","","","","","","",""
"06163007","TENDE_SAPC",44.043167,7.586,636,2000031019,0.,1,"","","","","","","","","","","","","","","","","","","","","","","","","","","","","","","","","","",7.9,1,4.1,1,7.9,1,"","",9.,1,"","","","","","","","","","","","","","","","","","","","",77,1,"","","","","","","","","","","","",8.2,1,"","","","","","","","","","","","","","","","","","","","","","","","","","","","","","","","","","","","","","","","","","","","","","","","","","","","","","","","","","","","","","","","","","","","","","","","","","","","","","","","","","","","","","","","","","","","","","","","","","","","","","","","","","","","","","","","","","","",""
"06163007","TENDE_SAPC",44.043167,7.586,636,2000031020,0.,1,"","","","","","","","","","","","","","","","","","","","","","","","","","","","","","","","","","",7.6,1,2.5,1,7.6,1,"","",7.8,1,"","","","","","","","","","","","","","","","","","","","",70,1,"","","","","","","","","","","","",7.3,1,"","","","","","","","","","","","","","","","","","","","","","","","","","","","","","","","","","","","","","","","","","","","","","","","","","","","","","","","","","","","","","","","","","","","","","","","","","","","","","","","","","","","","","","","","","","","","","","","","","","","","","","","","","","","","","","","","","","",""
"06163007","TENDE_SAPC",44.043167,7.586,636,2000031021,0.,1,"","","","","","","","","","","","","","","","","","","","","","","","","","","","","","","","","","",7.3,1,1.6,1,7.3,1,"","",7.8,1,"","","","","","","","","","","","","","","","","","","","",67,1,"","","","","","","","","","","","",6.8,1,"","","","","","","","","","","","","","","","","","","","","","","","","","","","","","","","","","","","","","","","","","","","","","","","","","","","","","","","","","","","","","","","","","","","","","","","","","","","","","","","","","","","","","","","","","","","","","","","","","","","","","","","","","","","","","","","","","","",""
"06163007","TENDE_SAPC",44.043167,7.586,636,2000031022,0.,1,"","","","","","","","","","","","","","","","","","","","","","","","","","","","","","","","","","",6.4,1,0.9,1,6.4,1,"","",7.3,1,"","","","","","","","","","","","","","","","","","","","",68,1,"","","","","","","","","","","","",6.5,1,"","","","","","","","","","","","","","","","","","","","","","","","","","","","","","","","","","","","","","","","","","","","","","","","","","","","","","","","","","","","","","","","","","","","","","","","","","","","","","","","","","","","","","","","","","","","","","","","","","","","","","","","","","","","","","","","","","","",""
"06163007","TENDE_SAPC",44.043167,7.586,636,2000031023,0.,1,"","","","","","","","","","","","","","","","","","","","","","","","","","","","","","","","","","",5.7,1,0.8,1,5.7,1,"","",6.4,1,"","","","","","","","","","","","","","","","","","","","",71,1,"","","","","","","","","","","","",6.5,1,"","","","","","","","","","","","","","","","","","","","","","","","","","","","","","","","","","","","","","","","","","","","","","","","","","","","","","","","","","","","","","","","","","","","","","","","","","","","","","","","","","","","","","","","","","","","","","","","","","","","","","","","","","","","","","","","","","","",""
"06163007","TENDE_SAPC",44.043167,7.586,636,2000031100,0.,1,"","","","","","","","","","","","","","","","","","","","","","","","","","","","","","","","","","",5.4,1,0.8,1,5.4,1,"","",5.7,1,"","","","","","","","","","","","","","","","","","","","",72,1,"","","","","","","","","","","","",6.5,1,"","","","","","","","","","","","","","","","","","","","","","","","","","","","","","","","","","","","","","","","","","","","","","","","","","","","","","","","","","","","","","","","","","","","","","","","","","","","","","","","","","","","","","","","","","","","","","","","","","","","","","","","","","","","","","","","","","","",""
"06163007","TENDE_SAPC",44.043167,7.586,636,2000031101,0.,1,"","","","","","","","","","","","","","","","","","","","","","","","","","","","","","","","","","",6.,1,0.5,1,5.3,1,"","",6.1,1,"","","","","","","","","","","","","","","","","","","","",68,1,"","","","","","","","","","","","",6.4,1,"","","","","","","","","","","","","","","","","","","","","","","","","","","","","","","","","","","","","","","","","","","","","","","","","","","","","","","","","","","","","","","","","","","","","","","","","","","","","","","","","","","","","","","","","","","","","","","","","","","","","","","","","","","","","","","","","","","",""
"06163007","TENDE_SAPC",44.043167,7.586,636,2000031102,0.,1,"","","","","","","","","","","","","","","","","","","","","","","","","","","","","","","","","","",6.5,1,0.2,1,5.9,1,"","",6.5,1,"","","","","","","","","","","","","","","","","","","","",64,1,"","","","","","","","","","","","",6.2,1,"","","","","","","","","","","","","","","","","","","","","","","","","","","","","","","","","","","","","","","","","","","","","","","","","","","","","","","","","","","","","","","","","","","","","","","","","","","","","","","","","","","","","","","","","","","","","","","","","","","","","","","","","","","","","","","","","","","",""
"06163007","TENDE_SAPC",44.043167,7.586,636,2000031103,0.,1,"","","","","","","","","","","","","","","","","","","","","","","","","","","","","","","","","","",6.,1,0.3,1,5.5,1,"","",6.6,1,"","","","","","","","","","","","","","","","","","","","",67,1,"","","","","","","","","","","","",6.3,1,"","","","","","","","","","","","","","","","","","","","","","","","","","","","","","","","","","","","","","","","","","","","","","","","","","","","","","","","","","","","","","","","","","","","","","","","","","","","","","","","","","","","","","","","","","","","","","","","","","","","","","","","","","","","","","","","","","","",""
"06163007","TENDE_SAPC",44.043167,7.586,636,2000031104,0.,1,"","","","","","","","","","","","","","","","","","","","","","","","","","","","","","","","","","",5.2,1,0.2,1,5.2,1,"","",6.,1,"","","","","","","","","","","","","","","","","","","","",70,1,"","","","","","","","","","","","",6.2,1,"","","","","","","","","","","","","","","","","","","","","","","","","","","","","","","","","","","","","","","","","","","","","","","","","","","","","","","","","","","","","","","","","","","","","","","","","","","","","","","","","","","","","","","","","","","","","","","","","","","","","","","","","","","","","","","","","","","",""
"06163007","TENDE_SAPC",44.043167,7.586,636,2000031105,0.,1,"","","","","","","","","","","","","","","","","","","","","","","","","","","","","","","","","","",4.4,1,0.2,1,4.4,1,"","",5.2,1,"","","","","","","","","","","","","","","","","","","","",74,1,"","","","","","","","","","","","",6.2,1,"","","","","","","","","","","","","","","","","","","","","","","","","","","","","","","","","","","","","","","","","","","","","","","","","","","","","","","","","","","","","","","","","","","","","","","","","","","","","","","","","","","","","","","","","","","","","","","","","","","","","","","","","","","","","","","","","","","",""
"06163007","TENDE_SAPC",44.043167,7.586,636,2000031106,0.,1,"","","","","","","","","","","","","","","","","","","","","","","","","","","","","","","","","","",4.4,1,-0.2,1,4.3,1,"","",4.6,1,"","","","","","","","","","","","","","","","","","","","",72,1,"","","","","","","","","","","","",6.,1,"","","","","","","","","","","","","","","","","","","","","","","","","","","","","","","","","","","","","","","","","","","","","","","","","","","","","","","","","","","","","","","","","","","","","","","","","","","","","","","","","","","","","","","","","","","","","","","","","","","","","","","","","","","","","","","","","","","",""
"06163007","TENDE_SAPC",44.043167,7.586,636,2000031107,0.,1,"","","","","","","","","","","","","","","","","","","","","","","","","","","","","","","","","","",4.9,1,0.1,1,4.3,1,"","",5.,1,"","","","","","","","","","","","","","","","","","","","",71,1,"","","","","","","","","","","","",6.1,1,"","","","","","","","","","","","","","","","","","","","","","","","","","","","","","","","","","","","","","","","","","","","","","","","","","","","","","","","","","","","","","","","","","","","","","","","","","","","","","","","","","","","","","","","","","","","","","","","","","","","","","","","","","","","","","","","","","","",""
"06163007","TENDE_SAPC",44.043167,7.586,636,2000031108,0.,1,"","","","","","","","","","","","","","","","","","","","","","","","","","","","","","","","","","",5.,1,0.6,1,4.8,1,"","",5.,1,"","","","","","","","","","","","","","","","","","","","",73,1,"","","","","","","","","","","","",6.4,1,"","","","","","","","","","","","","","","","","","","","","","","","","","","","","","","","","","","","","","","","","","","","","","","","","","","","","","","","","","","","","","","","","","","","","","","","","","","","","","","","","","","","","","","","","","","","","","","","","","","","","","","","","","","","","","","","","","","",""
"06163007","TENDE_SAPC",44.043167,7.586,636,2000031109,0.,1,"","","","","","","","","","","","","","","","","","","","","","","","","","","","","","","","","","",7.5,1,2.6,1,4.9,1,"","",7.5,1,"","","","","","","","","","","","","","","","","","","","",71,1,"","","","","","","","","","","","",7.4,1,"","","","","","","","","","","","","","","","","","","","","","","","","","","","","","","","","","","","","","","","","","","","","","","","","","","","","","","","","","","","","","","","","","","","","","","","","","","","","","","","","","","","","","","","","","","","","","","","","","","","","","","","","","","","","","","","","","","",""
"06163007","TENDE_SAPC",44.043167,7.586,636,2000031110,0.,1,"","","","","","","","","","","","","","","","","","","","","","","","","","","","","","","","","","",10.6,1,2.7,1,7.5,1,"","",10.6,1,"","","","","","","","","","","","","","","","","","","","",58,1,"","","","","","","","","","","","",7.4,1,"","","","","","","","","","","","","","","","","","","","","","","","","","","","","","","","","","","","","","","","","","","","","","","","","","","","","","","","","","","","","","","","","","","","","","","","","","","","","","","","","","","","","","","","","","","","","","","","","","","","","","","","","","","","","","","","","","","",""
"06163007","TENDE_SAPC",44.043167,7.586,636,2000031111,0.,1,"","","","","","","","","","","","","","","","","","","","","","","","","","","","","","","","","","",11.8,1,3.5,1,10.5,1,"","",11.8,1,"","","","","","","","","","","","","","","","","","","","",57,1,"","","","","","","","","","","","",7.9,1,"","","","","","","","","","","","","","","","","","","","","","","","","","","","","","","","","","","","","","","","","","","","","","","","","","","","","","","","","","","","","","","","","","","","","","","","","","","","","","","","","","","","","","","","","","","","","","","","","","","","","","","","","","","","","","","","","","","",""
"06163007","TENDE_SAPC",44.043167,7.586,636,2000031112,0.,1,"","","","","","","","","","","","","","","","","","","","","","","","","","","","","","","","","","",12.9,1,3.8,1,11.7,1,"","",12.9,1,"","","","","","","","","","","","","","","","","","","","",54,1,"","","","","","","","","","","","",8.,1,"","","","","","","","","","","","","","","","","","","","","","","","","","","","","","","","","","","","","","","","","","","","","","","","","","","","","","","","","","","","","","","","","","","","","","","","","","","","","","","","","","","","","","","","","","","","","","","","","","","","","","","","","","","","","","","","","","","",""
"06163007","TENDE_SAPC",44.043167,7.586,636,2000031113,0.,1,"","","","","","","","","","","","","","","","","","","","","","","","","","","","","","","","","","",13.8,1,4.4,1,13.,1,"","",13.8,1,"","","","","","","","","","","","","","","","","","","","",53,1,"","","","","","","","","","","","",8.3,1,"","","","","","","","","","","","","","","","","","","","","","","","","","","","","","","","","","","","","","","","","","","","","","","","","","","","","","","","","","","","","","","","","","","","","","","","","","","","","","","","","","","","","","","","","","","","","","","","","","","","","","","","","","","","","","","","","","","",""
"06163007","TENDE_SAPC",44.043167,7.586,636,2000031114,0.,1,"","","","","","","","","","","","","","","","","","","","","","","","","","","","","","","","","","",13.,1,4.7,1,13.,1,"","",13.8,1,"","","","","","","","","","","","","","","","","","","","",57,1,"","","","","","","","","","","","",8.5,1,"","","","","","","","","","","","","","","","","","","","","","","","","","","","","","","","","","","","","","","","","","","","","","","","","","","","","","","","","","","","","","","","","","","","","","","","","","","","","","","","","","","","","","","","","","","","","","","","","","","","","","","","","","","","","","","","","","","",""
"06163007","TENDE_SAPC",44.043167,7.586,636,2000031115,0.,1,"","","","","","","","","","","","","","","","","","","","","","","","","","","","","","","","","","",11.4,1,5.5,1,11.4,1,"","",13.,1,"","","","","","","","","","","","","","","","","","","","",67,1,"","","","","","","","","","","","",9.,1,"","","","","","","","","","","","","","","","","","","","","","","","","","","","","","","","","","","","","","","","","","","","","","","","","","","","","","","","","","","","","","","","","","","","","","","","","","","","","","","","","","","","","","","","","","","","","","","","","","","","","","","","","","","","","","","","","","","",""
"06163007","TENDE_SAPC",44.043167,7.586,636,2000031116,0.,1,"","","","","","","","","","","","","","","","","","","","","","","","","","","","","","","","","","",9.9,1,5.3,1,9.9,1,"","",11.3,1,"","","","","","","","","","","","","","","","","","","","",73,1,"","","","","","","","","","","","",8.9,1,"","","","","","","","","","","","","","","","","","","","","","","","","","","","","","","","","","","","","","","","","","","","","","","","","","","","","","","","","","","","","","","","","","","","","","","","","","","","","","","","","","","","","","","","","","","","","","","","","","","","","","","","","","","","","","","","","","","",""
"06163007","TENDE_SAPC",44.043167,7.586,636,2000031117,0.,1,"","","","","","","","","","","","","","","","","","","","","","","","","","","","","","","","","","",8.8,1,5.2,1,8.8,1,"","",9.9,1,"","","","","","","","","","","","","","","","","","","","",78,1,"","","","","","","","","","","","",8.8,1,"","","","","","","","","","","","","","","","","","","","","","","","","","","","","","","","","","","","","","","","","","","","","","","","","","","","","","","","","","","","","","","","","","","","","","","","","","","","","","","","","","","","","","","","","","","","","","","","","","","","","","","","","","","","","","","","","","","",""
"06163007","TENDE_SAPC",44.043167,7.586,636,2000031118,0.,1,"","","","","","","","","","","","","","","","","","","","","","","","","","","","","","","","","","",8.6,1,5.2,1,8.6,1,"","",8.8,1,"","","","","","","","","","","","","","","","","","","","",79,1,"","","","","","","","","","","","",8.8,1,"","","","","","","","","","","","","","","","","","","","","","","","","","","","","","","","","","","","","","","","","","","","","","","","","","","","","","","","","","","","","","","","","","","","","","","","","","","","","","","","","","","","","","","","","","","","","","","","","","","","","","","","","","","","","","","","","","","",""
"06163007","TENDE_SAPC",44.043167,7.586,636,2000031119,0.,1,"","","","","","","","","","","","","","","","","","","","","","","","","","","","","","","","","","",8.3,1,5.2,1,8.3,1,"","",8.6,1,"","","","","","","","","","","","","","","","","","","","",81,1,"","","","","","","","","","","","",8.9,1,"","","","","","","","","","","","","","","","","","","","","","","","","","","","","","","","","","","","","","","","","","","","","","","","","","","","","","","","","","","","","","","","","","","","","","","","","","","","","","","","","","","","","","","","","","","","","","","","","","","","","","","","","","","","","","","","","","","",""
"06163007","TENDE_SAPC",44.043167,7.586,636,2000031120,0.,1,"","","","","","","","","","","","","","","","","","","","","","","","","","","","","","","","","","",8.3,1,5.,1,8.2,1,"","",8.3,1,"","","","","","","","","","","","","","","","","","","","",80,1,"","","","","","","","","","","","",8.7,1,"","","","","","","","","","","","","","","","","","","","","","","","","","","","","","","","","","","","","","","","","","","","","","","","","","","","","","","","","","","","","","","","","","","","","","","","","","","","","","","","","","","","","","","","","","","","","","","","","","","","","","","","","","","","","","","","","","","",""
"06163007","TENDE_SAPC",44.043167,7.586,636,2000031121,0.,1,"","","","","","","","","","","","","","","","","","","","","","","","","","","","","","","","","","",8.,1,5.1,1,8.,1,"","",8.4,1,"","","","","","","","","","","","","","","","","","","","",82,1,"","","","","","","","","","","","",8.8,1,"","","","","","","","","","","","","","","","","","","","","","","","","","","","","","","","","","","","","","","","","","","","","","","","","","","","","","","","","","","","","","","","","","","","","","","","","","","","","","","","","","","","","","","","","","","","","","","","","","","","","","","","","","","","","","","","","","","",""
"06163007","TENDE_SAPC",44.043167,7.586,636,2000031122,0.,1,"","","","","","","","","","","","","","","","","","","","","","","","","","","","","","","","","","",7.8,1,5.1,1,7.8,1,"","",8.,1,"","","","","","","","","","","","","","","","","","","","",83,1,"","","","","","","","","","","","",8.8,1,"","","","","","","","","","","","","","","","","","","","","","","","","","","","","","","","","","","","","","","","","","","","","","","","","","","","","","","","","","","","","","","","","","","","","","","","","","","","","","","","","","","","","","","","","","","","","","","","","","","","","","","","","","","","","","","","","","","",""
"06163007","TENDE_SAPC",44.043167,7.586,636,2000031123,0.,1,"","","","","","","","","","","","","","","","","","","","","","","","","","","","","","","","","","",7.8,1,4.4,1,7.7,1,"","",7.8,1,"","","","","","","","","","","","","","","","","","","","",79,1,"","","","","","","","","","","","",8.3,1,"","","","","","","","","","","","","","","","","","","","","","","","","","","","","","","","","","","","","","","","","","","","","","","","","","","","","","","","","","","","","","","","","","","","","","","","","","","","","","","","","","","","","","","","","","","","","","","","","","","","","","","","","","","","","","","","","","","",""
"06163007","TENDE_SAPC",44.043167,7.586,636,2000031200,0.,1,"","","","","","","","","","","","","","","","","","","","","","","","","","","","","","","","","","",7.4,1,3.8,1,7.4,1,"","",7.8,1,"","","","","","","","","","","","","","","","","","","","",78,1,"","","","","","","","","","","","",8.,1,"","","","","","","","","","","","","","","","","","","","","","","","","","","","","","","","","","","","","","","","","","","","","","","","","","","","","","","","","","","","","","","","","","","","","","","","","","","","","","","","","","","","","","","","","","","","","","","","","","","","","","","","","","","","","","","","","","","",""
"06163007","TENDE_SAPC",44.043167,7.586,636,2000031201,0.,1,"","","","","","","","","","","","","","","","","","","","","","","","","","","","","","","","","","",7.1,1,3.3,1,7.1,1,"","",7.4,1,"","","","","","","","","","","","","","","","","","","","",77,1,"","","","","","","","","","","","",7.8,1,"","","","","","","","","","","","","","","","","","","","","","","","","","","","","","","","","","","","","","","","","","","","","","","","","","","","","","","","","","","","","","","","","","","","","","","","","","","","","","","","","","","","","","","","","","","","","","","","","","","","","","","","","","","","","","","","","","","",""
"06163007","TENDE_SAPC",44.043167,7.586,636,2000031202,0.,1,"","","","","","","","","","","","","","","","","","","","","","","","","","","","","","","","","","",6.7,1,2.9,1,6.7,1,"","",7.1,1,"","","","","","","","","","","","","","","","","","","","",77,1,"","","","","","","","","","","","",7.5,1,"","","","","","","","","","","","","","","","","","","","","","","","","","","","","","","","","","","","","","","","","","","","","","","","","","","","","","","","","","","","","","","","","","","","","","","","","","","","","","","","","","","","","","","","","","","","","","","","","","","","","","","","","","","","","","","","","","","",""
"06163007","TENDE_SAPC",44.043167,7.586,636,2000031203,0.,1,"","","","","","","","","","","","","","","","","","","","","","","","","","","","","","","","","","",6.1,1,2.4,1,6.1,1,"","",6.7,1,"","","","","","","","","","","","","","","","","","","","",77,1,"","","","","","","","","","","","",7.2,1,"","","","","","","","","","","","","","","","","","","","","","","","","","","","","","","","","","","","","","","","","","","","","","","","","","","","","","","","","","","","","","","","","","","","","","","","","","","","","","","","","","","","","","","","","","","","","","","","","","","","","","","","","","","","","","","","","","","",""
"06163007","TENDE_SAPC",44.043167,7.586,636,2000031204,0.,1,"","","","","","","","","","","","","","","","","","","","","","","","","","","","","","","","","","",5.4,1,1.9,1,5.4,1,"","",6.1,1,"","","","","","","","","","","","","","","","","","","","",78,1,"","","","","","","","","","","","",7.,1,"","","","","","","","","","","","","","","","","","","","","","","","","","","","","","","","","","","","","","","","","","","","","","","","","","","","","","","","","","","","","","","","","","","","","","","","","","","","","","","","","","","","","","","","","","","","","","","","","","","","","","","","","","","","","","","","","","","",""
"06163007","TENDE_SAPC",44.043167,7.586,636,2000031205,0.,1,"","","","","","","","","","","","","","","","","","","","","","","","","","","","","","","","","","",4.6,1,1.3,1,4.6,1,"","",5.4,1,"","","","","","","","","","","","","","","","","","","","",79,1,"","","","","","","","","","","","",6.7,1,"","","","","","","","","","","","","","","","","","","","","","","","","","","","","","","","","","","","","","","","","","","","","","","","","","","","","","","","","","","","","","","","","","","","","","","","","","","","","","","","","","","","","","","","","","","","","","","","","","","","","","","","","","","","","","","","","","","",""
"06163007","TENDE_SAPC",44.043167,7.586,636,2000031206,0.,1,"","","","","","","","","","","","","","","","","","","","","","","","","","","","","","","","","","",3.9,1,0.6,1,3.9,1,"","",4.6,1,"","","","","","","","","","","","","","","","","","","","",79,1,"","","","","","","","","","","","",6.4,1,"","","","","","","","","","","","","","","","","","","","","","","","","","","","","","","","","","","","","","","","","","","","","","","","","","","","","","","","","","","","","","","","","","","","","","","","","","","","","","","","","","","","","","","","","","","","","","","","","","","","","","","","","","","","","","","","","","","",""
"06163007","TENDE_SAPC",44.043167,7.586,636,2000031207,0.,1,"","","","","","","","","","","","","","","","","","","","","","","","","","","","","","","","","","",2.7,1,-0.9,1,2.7,1,"","",3.9,1,"","","","","","","","","","","","","","","","","","","","",77,1,"","","","","","","","","","","","",5.7,1,"","","","","","","","","","","","","","","","","","","","","","","","","","","","","","","","","","","","","","","","","","","","","","","","","","","","","","","","","","","","","","","","","","","","","","","","","","","","","","","","","","","","","","","","","","","","","","","","","","","","","","","","","","","","","","","","","","","",""
"06163007","TENDE_SAPC",44.043167,7.586,636,2000031208,0.,1,"","","","","","","","","","","","","","","","","","","","","","","","","","","","","","","","","","",2.5,1,-0.6,1,2.4,1,"","",2.7,1,"","","","","","","","","","","","","","","","","","","","",80,1,"","","","","","","","","","","","",5.9,1,"","","","","","","","","","","","","","","","","","","","","","","","","","","","","","","","","","","","","","","","","","","","","","","","","","","","","","","","","","","","","","","","","","","","","","","","","","","","","","","","","","","","","","","","","","","","","","","","","","","","","","","","","","","","","","","","","","","",""
"06163007","TENDE_SAPC",44.043167,7.586,636,2000031209,0.,1,"","","","","","","","","","","","","","","","","","","","","","","","","","","","","","","","","","",4.4,1,1.4,1,2.5,1,"","",4.4,1,"","","","","","","","","","","","","","","","","","","","",81,1,"","","","","","","","","","","","",6.8,1,"","","","","","","","","","","","","","","","","","","","","","","","","","","","","","","","","","","","","","","","","","","","","","","","","","","","","","","","","","","","","","","","","","","","","","","","","","","","","","","","","","","","","","","","","","","","","","","","","","","","","","","","","","","","","","","","","","","",""
"06163007","TENDE_SAPC",44.043167,7.586,636,2000031210,0.,1,"","","","","","","","","","","","","","","","","","","","","","","","","","","","","","","","","","",10.3,1,2.4,1,4.4,1,"","",10.3,1,"","","","","","","","","","","","","","","","","","","","",58,1,"","","","","","","","","","","","",7.3,1,"","","","","","","","","","","","","","","","","","","","","","","","","","","","","","","","","","","","","","","","","","","","","","","","","","","","","","","","","","","","","","","","","","","","","","","","","","","","","","","","","","","","","","","","","","","","","","","","","","","","","","","","","","","","","","","","","","","",""
"06163007","TENDE_SAPC",44.043167,7.586,636,2000031211,0.,1,"","","","","","","","","","","","","","","","","","","","","","","","","","","","","","","","","","",12.6,1,3.3,1,10.3,1,"","",12.6,1,"","","","","","","","","","","","","","","","","","","","",53,1,"","","","","","","","","","","","",7.7,1,"","","","","","","","","","","","","","","","","","","","","","","","","","","","","","","","","","","","","","","","","","","","","","","","","","","","","","","","","","","","","","","","","","","","","","","","","","","","","","","","","","","","","","","","","","","","","","","","","","","","","","","","","","","","","","","","","","","",""
"06163007","TENDE_SAPC",44.043167,7.586,636,2000031212,0.,1,"","","","","","","","","","","","","","","","","","","","","","","","","","","","","","","","","","",14.6,1,4.,1,12.6,1,"","",14.6,1,"","","","","","","","","","","","","","","","","","","","",49,1,"","","","","","","","","","","","",8.1,1,"","","","","","","","","","","","","","","","","","","","","","","","","","","","","","","","","","","","","","","","","","","","","","","","","","","","","","","","","","","","","","","","","","","","","","","","","","","","","","","","","","","","","","","","","","","","","","","","","","","","","","","","","","","","","","","","","","","",""
"06163007","TENDE_SAPC",44.043167,7.586,636,2000031213,0.,1,"","","","","","","","","","","","","","","","","","","","","","","","","","","","","","","","","","",15.7,1,4.1,1,14.6,1,"","",15.8,1,"","","","","","","","","","","","","","","","","","","","",46,1,"","","","","","","","","","","","",8.2,1,"","","","","","","","","","","","","","","","","","","","","","","","","","","","","","","","","","","","","","","","","","","","","","","","","","","","","","","","","","","","","","","","","","","","","","","","","","","","","","","","","","","","","","","","","","","","","","","","","","","","","","","","","","","","","","","","","","","",""
"06163007","TENDE_SAPC",44.043167,7.586,636,2000031214,0.,1,"","","","","","","","","","","","","","","","","","","","","","","","","","","","","","","","","","",15.9,1,4.6,1,15.7,1,"","",15.9,1,"","","","","","","","","","","","","","","","","","","","",47,1,"","","","","","","","","","","","",8.5,1,"","","","","","","","","","","","","","","","","","","","","","","","","","","","","","","","","","","","","","","","","","","","","","","","","","","","","","","","","","","","","","","","","","","","","","","","","","","","","","","","","","","","","","","","","","","","","","","","","","","","","","","","","","","","","","","","","","","",""
"06163007","TENDE_SAPC",44.043167,7.586,636,2000031215,0.,1,"","","","","","","","","","","","","","","","","","","","","","","","","","","","","","","","","","",14.7,1,5.5,1,14.6,1,"","",15.9,1,"","","","","","","","","","","","","","","","","","","","",54,1,"","","","","","","","","","","","",9.,1,"","","","","","","","","","","","","","","","","","","","","","","","","","","","","","","","","","","","","","","","","","","","","","","","","","","","","","","","","","","","","","","","","","","","","","","","","","","","","","","","","","","","","","","","","","","","","","","","","","","","","","","","","","","","","","","","","","","",""
"06163007","TENDE_SAPC",44.043167,7.586,636,2000031216,0.,1,"","","","","","","","","","","","","","","","","","","","","","","","","","","","","","","","","","",13.7,1,5.6,1,13.7,1,"","",14.7,1,"","","","","","","","","","","","","","","","","","","","",58,1,"","","","","","","","","","","","",9.1,1,"","","","","","","","","","","","","","","","","","","","","","","","","","","","","","","","","","","","","","","","","","","","","","","","","","","","","","","","","","","","","","","","","","","","","","","","","","","","","","","","","","","","","","","","","","","","","","","","","","","","","","","","","","","","","","","","","","","",""
"06163007","TENDE_SAPC",44.043167,7.586,636,2000031217,0.,1,"","","","","","","","","","","","","","","","","","","","","","","","","","","","","","","","","","",12.6,1,5.7,1,12.6,1,"","",13.7,1,"","","","","","","","","","","","","","","","","","","","",63,1,"","","","","","","","","","","","",9.2,1,"","","","","","","","","","","","","","","","","","","","","","","","","","","","","","","","","","","","","","","","","","","","","","","","","","","","","","","","","","","","","","","","","","","","","","","","","","","","","","","","","","","","","","","","","","","","","","","","","","","","","","","","","","","","","","","","","","","",""
"06163007","TENDE_SAPC",44.043167,7.586,636,2000031218,0.,1,"","","","","","","","","","","","","","","","","","","","","","","","","","","","","","","","","","",10.7,1,5.7,1,10.7,1,"","",12.6,1,"","","","","","","","","","","","","","","","","","","","",71,1,"","","","","","","","","","","","",9.1,1,"","","","","","","","","","","","","","","","","","","","","","","","","","","","","","","","","","","","","","","","","","","","","","","","","","","","","","","","","","","","","","","","","","","","","","","","","","","","","","","","","","","","","","","","","","","","","","","","","","","","","","","","","","","","","","","","","","","",""
"06163007","TENDE_SAPC",44.043167,7.586,636,2000031219,0.,1,"","","","","","","","","","","","","","","","","","","","","","","","","","","","","","","","","","",8.6,1,5.,1,8.6,1,"","",10.7,1,"","","","","","","","","","","","","","","","","","","","",78,1,"","","","","","","","","","","","",8.7,1,"","","","","","","","","","","","","","","","","","","","","","","","","","","","","","","","","","","","","","","","","","","","","","","","","","","","","","","","","","","","","","","","","","","","","","","","","","","","","","","","","","","","","","","","","","","","","","","","","","","","","","","","","","","","","","","","","","","",""
"06163007","TENDE_SAPC",44.043167,7.586,636,2000031220,0.,1,"","","","","","","","","","","","","","","","","","","","","","","","","","","","","","","","","","",7.7,1,4.3,1,7.7,1,"","",8.5,1,"","","","","","","","","","","","","","","","","","","","",79,1,"","","","","","","","","","","","",8.3,1,"","","","","","","","","","","","","","","","","","","","","","","","","","","","","","","","","","","","","","","","","","","","","","","","","","","","","","","","","","","","","","","","","","","","","","","","","","","","","","","","","","","","","","","","","","","","","","","","","","","","","","","","","","","","","","","","","","","",""
"06163007","TENDE_SAPC",44.043167,7.586,636,2000031221,0.,1,"","","","","","","","","","","","","","","","","","","","","","","","","","","","","","","","","","",7.3,1,3.9,1,7.2,1,"","",7.7,1,"","","","","","","","","","","","","","","","","","","","",79,1,"","","","","","","","","","","","",8.1,1,"","","","","","","","","","","","","","","","","","","","","","","","","","","","","","","","","","","","","","","","","","","","","","","","","","","","","","","","","","","","","","","","","","","","","","","","","","","","","","","","","","","","","","","","","","","","","","","","","","","","","","","","","","","","","","","","","","","",""
"06163007","TENDE_SAPC",44.043167,7.586,636,2000031222,0.,1,"","","","","","","","","","","","","","","","","","","","","","","","","","","","","","","","","","",6.9,1,3.3,1,6.9,1,"","",7.3,1,"","","","","","","","","","","","","","","","","","","","",78,1,"","","","","","","","","","","","",7.8,1,"","","","","","","","","","","","","","","","","","","","","","","","","","","","","","","","","","","","","","","","","","","","","","","","","","","","","","","","","","","","","","","","","","","","","","","","","","","","","","","","","","","","","","","","","","","","","","","","","","","","","","","","","","","","","","","","","","","",""
"06163007","TENDE_SAPC",44.043167,7.586,636,2000031223,0.,1,"","","","","","","","","","","","","","","","","","","","","","","","","","","","","","","","","","",6.1,1,2.9,1,6.1,1,"","",6.9,1,"","","","","","","","","","","","","","","","","","","","",80,1,"","","","","","","","","","","","",7.5,1,"","","","","","","","","","","","","","","","","","","","","","","","","","","","","","","","","","","","","","","","","","","","","","","","","","","","","","","","","","","","","","","","","","","","","","","","","","","","","","","","","","","","","","","","","","","","","","","","","","","","","","","","","","","","","","","","","","","",""
"06163007","TENDE_SAPC",44.043167,7.586,636,2000031300,0.,1,"","","","","","","","","","","","","","","","","","","","","","","","","","","","","","","","","","",5.7,1,2.3,1,5.7,1,"","",6.2,1,"","","","","","","","","","","","","","","","","","","","",79,1,"","","","","","","","","","","","",7.2,1,"","","","","","","","","","","","","","","","","","","","","","","","","","","","","","","","","","","","","","","","","","","","","","","","","","","","","","","","","","","","","","","","","","","","","","","","","","","","","","","","","","","","","","","","","","","","","","","","","","","","","","","","","","","","","","","","","","","",""
"06163007","TENDE_SAPC",44.043167,7.586,636,2000031301,0.,1,"","","","","","","","","","","","","","","","","","","","","","","","","","","","","","","","","","",5.5,1,2.,1,5.3,1,"","",5.7,1,"","","","","","","","","","","","","","","","","","","","",78,1,"","","","","","","","","","","","",7.,1,"","","","","","","","","","","","","","","","","","","","","","","","","","","","","","","","","","","","","","","","","","","","","","","","","","","","","","","","","","","","","","","","","","","","","","","","","","","","","","","","","","","","","","","","","","","","","","","","","","","","","","","","","","","","","","","","","","","",""
"06163007","TENDE_SAPC",44.043167,7.586,636,2000031302,0.,1,"","","","","","","","","","","","","","","","","","","","","","","","","","","","","","","","","","",5.2,1,1.9,1,5.2,1,"","",5.5,1,"","","","","","","","","","","","","","","","","","","","",79,1,"","","","","","","","","","","","",7.,1,"","","","","","","","","","","","","","","","","","","","","","","","","","","","","","","","","","","","","","","","","","","","","","","","","","","","","","","","","","","","","","","","","","","","","","","","","","","","","","","","","","","","","","","","","","","","","","","","","","","","","","","","","","","","","","","","","","","",""
"06163007","TENDE_SAPC",44.043167,7.586,636,2000031303,0.,1,"","","","","","","","","","","","","","","","","","","","","","","","","","","","","","","","","","",5.2,1,1.5,1,5.1,1,"","",5.3,1,"","","","","","","","","","","","","","","","","","","","",77,1,"","","","","","","","","","","","",6.8,1,"","","","","","","","","","","","","","","","","","","","","","","","","","","","","","","","","","","","","","","","","","","","","","","","","","","","","","","","","","","","","","","","","","","","","","","","","","","","","","","","","","","","","","","","","","","","","","","","","","","","","","","","","","","","","","","","","","","",""
"06163007","TENDE_SAPC",44.043167,7.586,636,2000031304,0.,1,"","","","","","","","","","","","","","","","","","","","","","","","","","","","","","","","","","",5.3,1,1.2,1,4.8,1,"","",5.3,1,"","","","","","","","","","","","","","","","","","","","",75,1,"","","","","","","","","","","","",6.7,1,"","","","","","","","","","","","","","","","","","","","","","","","","","","","","","","","","","","","","","","","","","","","","","","","","","","","","","","","","","","","","","","","","","","","","","","","","","","","","","","","","","","","","","","","","","","","","","","","","","","","","","","","","","","","","","","","","","","",""
"06163007","TENDE_SAPC",44.043167,7.586,636,2000031305,0.,1,"","","","","","","","","","","","","","","","","","","","","","","","","","","","","","","","","","",4.8,1,1.3,1,4.7,1,"","",5.3,1,"","","","","","","","","","","","","","","","","","","","",78,1,"","","","","","","","","","","","",6.7,1,"","","","","","","","","","","","","","","","","","","","","","","","","","","","","","","","","","","","","","","","","","","","","","","","","","","","","","","","","","","","","","","","","","","","","","","","","","","","","","","","","","","","","","","","","","","","","","","","","","","","","","","","","","","","","","","","","","","",""
"06163007","TENDE_SAPC",44.043167,7.586,636,2000031306,0.,1,"","","","","","","","","","","","","","","","","","","","","","","","","","","","","","","","","","",4.4,1,0.9,1,4.4,1,"","",4.8,1,"","","","","","","","","","","","","","","","","","","","",78,1,"","","","","","","","","","","","",6.5,1,"","","","","","","","","","","","","","","","","","","","","","","","","","","","","","","","","","","","","","","","","","","","","","","","","","","","","","","","","","","","","","","","","","","","","","","","","","","","","","","","","","","","","","","","","","","","","","","","","","","","","","","","","","","","","","","","","","","",""
"06163007","TENDE_SAPC",44.043167,7.586,636,2000031307,0.,1,"","","","","","","","","","","","","","","","","","","","","","","","","","","","","","","","","","",4.9,1,1.,1,4.4,1,"","",4.9,1,"","","","","","","","","","","","","","","","","","","","",76,1,"","","","","","","","","","","","",6.6,1,"","","","","","","","","","","","","","","","","","","","","","","","","","","","","","","","","","","","","","","","","","","","","","","","","","","","","","","","","","","","","","","","","","","","","","","","","","","","","","","","","","","","","","","","","","","","","","","","","","","","","","","","","","","","","","","","","","","",""
"06163007","TENDE_SAPC",44.043167,7.586,636,2000031308,0.,1,"","","","","","","","","","","","","","","","","","","","","","","","","","","","","","","","","","",5.9,1,1.4,1,4.9,1,"","",5.9,1,"","","","","","","","","","","","","","","","","","","","",73,1,"","","","","","","","","","","","",6.8,1,"","","","","","","","","","","","","","","","","","","","","","","","","","","","","","","","","","","","","","","","","","","","","","","","","","","","","","","","","","","","","","","","","","","","","","","","","","","","","","","","","","","","","","","","","","","","","","","","","","","","","","","","","","","","","","","","","","","",""
"06163007","TENDE_SAPC",44.043167,7.586,636,2000031309,0.,1,"","","","","","","","","","","","","","","","","","","","","","","","","","","","","","","","","","",7.6,1,2.7,1,5.9,1,"","",7.6,1,"","","","","","","","","","","","","","","","","","","","",71,1,"","","","","","","","","","","","",7.4,1,"","","","","","","","","","","","","","","","","","","","","","","","","","","","","","","","","","","","","","","","","","","","","","","","","","","","","","","","","","","","","","","","","","","","","","","","","","","","","","","","","","","","","","","","","","","","","","","","","","","","","","","","","","","","","","","","","","","",""
"06163007","TENDE_SAPC",44.043167,7.586,636,2000031310,0.,1,"","","","","","","","","","","","","","","","","","","","","","","","","","","","","","","","","","",14.1,1,1.,1,7.8,1,"","",14.1,1,"","","","","","","","","","","","","","","","","","","","",41,1,"","","","","","","","","","","","",6.6,1,"","","","","","","","","","","","","","","","","","","","","","","","","","","","","","","","","","","","","","","","","","","","","","","","","","","","","","","","","","","","","","","","","","","","","","","","","","","","","","","","","","","","","","","","","","","","","","","","","","","","","","","","","","","","","","","","","","","",""
"06163007","TENDE_SAPC",44.043167,7.586,636,2000031311,0.,1,"","","","","","","","","","","","","","","","","","","","","","","","","","","","","","","","","","",15.8,1,0.4,1,14.1,1,"","",15.8,1,"","","","","","","","","","","","","","","","","","","","",35,1,"","","","","","","","","","","","",6.3,1,"","","","","","","","","","","","","","","","","","","","","","","","","","","","","","","","","","","","","","","","","","","","","","","","","","","","","","","","","","","","","","","","","","","","","","","","","","","","","","","","","","","","","","","","","","","","","","","","","","","","","","","","","","","","","","","","","","","",""
"06163007","TENDE_SAPC",44.043167,7.586,636,2000031312,0.,1,"","","","","","","","","","","","","","","","","","","","","","","","","","","","","","","","","","",16.,1,1.3,1,15.8,1,"","",16.2,1,"","","","","","","","","","","","","","","","","","","","",37,1,"","","","","","","","","","","","",6.7,1,"","","","","","","","","","","","","","","","","","","","","","","","","","","","","","","","","","","","","","","","","","","","","","","","","","","","","","","","","","","","","","","","","","","","","","","","","","","","","","","","","","","","","","","","","","","","","","","","","","","","","","","","","","","","","","","","","","","",""
"06163007","TENDE_SAPC",44.043167,7.586,636,2000031313,0.,1,"","","","","","","","","","","","","","","","","","","","","","","","","","","","","","","","","","",16.,1,1.7,1,15.9,1,"","",16.2,1,"","","","","","","","","","","","","","","","","","","","",38,1,"","","","","","","","","","","","",6.9,1,"","","","","","","","","","","","","","","","","","","","","","","","","","","","","","","","","","","","","","","","","","","","","","","","","","","","","","","","","","","","","","","","","","","","","","","","","","","","","","","","","","","","","","","","","","","","","","","","","","","","","","","","","","","","","","","","","","","",""
"06163007","TENDE_SAPC",44.043167,7.586,636,2000031314,0.,1,"","","","","","","","","","","","","","","","","","","","","","","","","","","","","","","","","","",15.1,1,2.6,1,15.1,1,"","",16.,1,"","","","","","","","","","","","","","","","","","","","",43,1,"","","","","","","","","","","","",7.4,1,"","","","","","","","","","","","","","","","","","","","","","","","","","","","","","","","","","","","","","","","","","","","","","","","","","","","","","","","","","","","","","","","","","","","","","","","","","","","","","","","","","","","","","","","","","","","","","","","","","","","","","","","","","","","","","","","","","","",""
"06163007","TENDE_SAPC",44.043167,7.586,636,2000031315,0.,1,"","","","","","","","","","","","","","","","","","","","","","","","","","","","","","","","","","",13.5,1,4.1,1,13.5,1,"","",15.1,1,"","","","","","","","","","","","","","","","","","","","",53,1,"","","","","","","","","","","","",8.2,1,"","","","","","","","","","","","","","","","","","","","","","","","","","","","","","","","","","","","","","","","","","","","","","","","","","","","","","","","","","","","","","","","","","","","","","","","","","","","","","","","","","","","","","","","","","","","","","","","","","","","","","","","","","","","","","","","","","","",""
"06163007","TENDE_SAPC",44.043167,7.586,636,2000031316,0.,1,"","","","","","","","","","","","","","","","","","","","","","","","","","","","","","","","","","",12.6,1,4.,1,12.6,1,"","",13.5,1,"","","","","","","","","","","","","","","","","","","","",56,1,"","","","","","","","","","","","",8.2,1,"","","","","","","","","","","","","","","","","","","","","","","","","","","","","","","","","","","","","","","","","","","","","","","","","","","","","","","","","","","","","","","","","","","","","","","","","","","","","","","","","","","","","","","","","","","","","","","","","","","","","","","","","","","","","","","","","","","",""
"06163007","TENDE_SAPC",44.043167,7.586,636,2000031317,0.,1,"","","","","","","","","","","","","","","","","","","","","","","","","","","","","","","","","","",11.7,1,4.2,1,11.7,1,"","",12.5,1,"","","","","","","","","","","","","","","","","","","","",60,1,"","","","","","","","","","","","",8.2,1,"","","","","","","","","","","","","","","","","","","","","","","","","","","","","","","","","","","","","","","","","","","","","","","","","","","","","","","","","","","","","","","","","","","","","","","","","","","","","","","","","","","","","","","","","","","","","","","","","","","","","","","","","","","","","","","","","","","",""
"06163007","TENDE_SAPC",44.043167,7.586,636,2000031318,0.,1,"","","","","","","","","","","","","","","","","","","","","","","","","","","","","","","","","","",11.,1,4.2,1,11.,1,"","",11.7,1,"","","","","","","","","","","","","","","","","","","","",63,1,"","","","","","","","","","","","",8.3,1,"","","","","","","","","","","","","","","","","","","","","","","","","","","","","","","","","","","","","","","","","","","","","","","","","","","","","","","","","","","","","","","","","","","","","","","","","","","","","","","","","","","","","","","","","","","","","","","","","","","","","","","","","","","","","","","","","","","",""
"06163007","TENDE_SAPC",44.043167,7.586,636,2000031319,0.,1,"","","","","","","","","","","","","","","","","","","","","","","","","","","","","","","","","","",10.5,1,4.2,1,10.5,1,"","",11.,1,"","","","","","","","","","","","","","","","","","","","",65,1,"","","","","","","","","","","","",8.2,1,"","","","","","","","","","","","","","","","","","","","","","","","","","","","","","","","","","","","","","","","","","","","","","","","","","","","","","","","","","","","","","","","","","","","","","","","","","","","","","","","","","","","","","","","","","","","","","","","","","","","","","","","","","","","","","","","","","","",""
"06163007","TENDE_SAPC",44.043167,7.586,636,2000031320,0.,1,"","","","","","","","","","","","","","","","","","","","","","","","","","","","","","","","","","",10.,1,4.4,1,10.,1,"","",10.5,1,"","","","","","","","","","","","","","","","","","","","",68,1,"","","","","","","","","","","","",8.3,1,"","","","","","","","","","","","","","","","","","","","","","","","","","","","","","","","","","","","","","","","","","","","","","","","","","","","","","","","","","","","","","","","","","","","","","","","","","","","","","","","","","","","","","","","","","","","","","","","","","","","","","","","","","","","","","","","","","","",""
"06163007","TENDE_SAPC",44.043167,7.586,636,2000031321,0.,1,"","","","","","","","","","","","","","","","","","","","","","","","","","","","","","","","","","",9.7,1,4.5,1,9.7,1,"","",10.,1,"","","","","","","","","","","","","","","","","","","","",70,1,"","","","","","","","","","","","",8.4,1,"","","","","","","","","","","","","","","","","","","","","","","","","","","","","","","","","","","","","","","","","","","","","","","","","","","","","","","","","","","","","","","","","","","","","","","","","","","","","","","","","","","","","","","","","","","","","","","","","","","","","","","","","","","","","","","","","","","",""
"06163007","TENDE_SAPC",44.043167,7.586,636,2000031322,0.,1,"","","","","","","","","","","","","","","","","","","","","","","","","","","","","","","","","","",9.3,1,4.5,1,9.3,1,"","",9.6,1,"","","","","","","","","","","","","","","","","","","","",72,1,"","","","","","","","","","","","",8.4,1,"","","","","","","","","","","","","","","","","","","","","","","","","","","","","","","","","","","","","","","","","","","","","","","","","","","","","","","","","","","","","","","","","","","","","","","","","","","","","","","","","","","","","","","","","","","","","","","","","","","","","","","","","","","","","","","","","","","",""
"06163007","TENDE_SAPC",44.043167,7.586,636,2000031323,0.,1,"","","","","","","","","","","","","","","","","","","","","","","","","","","","","","","","","","",8.8,1,4.2,1,8.8,1,"","",9.3,1,"","","","","","","","","","","","","","","","","","","","",73,1,"","","","","","","","","","","","",8.3,1,"","","","","","","","","","","","","","","","","","","","","","","","","","","","","","","","","","","","","","","","","","","","","","","","","","","","","","","","","","","","","","","","","","","","","","","","","","","","","","","","","","","","","","","","","","","","","","","","","","","","","","","","","","","","","","","","","","","",""
"06163007","TENDE_SAPC",44.043167,7.586,636,2000031400,0.,1,"","","","","","","","","","","","","","","","","","","","","","","","","","","","","","","","","","",7.,1,3.4,1,7.,1,"","",8.7,1,"","","","","","","","","","","","","","","","","","","","",78,1,"","","","","","","","","","","","",7.8,1,"","","","","","","","","","","","","","","","","","","","","","","","","","","","","","","","","","","","","","","","","","","","","","","","","","","","","","","","","","","","","","","","","","","","","","","","","","","","","","","","","","","","","","","","","","","","","","","","","","","","","","","","","","","","","","","","","","","",""
"06163007","TENDE_SAPC",44.043167,7.586,636,2000031401,0.,1,"","","","","","","","","","","","","","","","","","","","","","","","","","","","","","","","","","",5.7,1,2.9,1,5.7,1,"","",7.,1,"","","","","","","","","","","","","","","","","","","","",82,1,"","","","","","","","","","","","",7.5,1,"","","","","","","","","","","","","","","","","","","","","","","","","","","","","","","","","","","","","","","","","","","","","","","","","","","","","","","","","","","","","","","","","","","","","","","","","","","","","","","","","","","","","","","","","","","","","","","","","","","","","","","","","","","","","","","","","","","",""
"06163007","TENDE_SAPC",44.043167,7.586,636,2000031402,0.,1,"","","","","","","","","","","","","","","","","","","","","","","","","","","","","","","","","","",5.5,1,2.7,1,5.3,1,"","",5.7,1,"","","","","","","","","","","","","","","","","","","","",82,1,"","","","","","","","","","","","",7.4,1,"","","","","","","","","","","","","","","","","","","","","","","","","","","","","","","","","","","","","","","","","","","","","","","","","","","","","","","","","","","","","","","","","","","","","","","","","","","","","","","","","","","","","","","","","","","","","","","","","","","","","","","","","","","","","","","","","","","",""
"06163007","TENDE_SAPC",44.043167,7.586,636,2000031403,0.,1,"","","","","","","","","","","","","","","","","","","","","","","","","","","","","","","","","","",5.5,1,2.1,1,5.5,1,"","",5.6,1,"","","","","","","","","","","","","","","","","","","","",79,1,"","","","","","","","","","","","",7.1,1,"","","","","","","","","","","","","","","","","","","","","","","","","","","","","","","","","","","","","","","","","","","","","","","","","","","","","","","","","","","","","","","","","","","","","","","","","","","","","","","","","","","","","","","","","","","","","","","","","","","","","","","","","","","","","","","","","","","",""
"06163007","TENDE_SAPC",44.043167,7.586,636,2000031404,0.,1,"","","","","","","","","","","","","","","","","","","","","","","","","","","","","","","","","","",4.8,1,2.,1,4.8,1,"","",5.5,1,"","","","","","","","","","","","","","","","","","","","",82,1,"","","","","","","","","","","","",7.,1,"","","","","","","","","","","","","","","","","","","","","","","","","","","","","","","","","","","","","","","","","","","","","","","","","","","","","","","","","","","","","","","","","","","","","","","","","","","","","","","","","","","","","","","","","","","","","","","","","","","","","","","","","","","","","","","","","","","",""
"06163007","TENDE_SAPC",44.043167,7.586,636,2000031405,0.,1,"","","","","","","","","","","","","","","","","","","","","","","","","","","","","","","","","","",4.3,1,1.5,1,4.3,1,"","",4.8,1,"","","","","","","","","","","","","","","","","","","","",82,1,"","","","","","","","","","","","",6.8,1,"","","","","","","","","","","","","","","","","","","","","","","","","","","","","","","","","","","","","","","","","","","","","","","","","","","","","","","","","","","","","","","","","","","","","","","","","","","","","","","","","","","","","","","","","","","","","","","","","","","","","","","","","","","","","","","","","","","",""
"06163007","TENDE_SAPC",44.043167,7.586,636,2000031406,0.,1,"","","","","","","","","","","","","","","","","","","","","","","","","","","","","","","","","","",3.5,1,1.,1,3.5,1,"","",4.3,1,"","","","","","","","","","","","","","","","","","","","",84,1,"","","","","","","","","","","","",6.6,1,"","","","","","","","","","","","","","","","","","","","","","","","","","","","","","","","","","","","","","","","","","","","","","","","","","","","","","","","","","","","","","","","","","","","","","","","","","","","","","","","","","","","","","","","","","","","","","","","","","","","","","","","","","","","","","","","","","","",""
"06163007","TENDE_SAPC",44.043167,7.586,636,2000031407,0.,1,"","","","","","","","","","","","","","","","","","","","","","","","","","","","","","","","","","",4.,1,1.4,1,3.5,1,"","",4.,1,"","","","","","","","","","","","","","","","","","","","",83,1,"","","","","","","","","","","","",6.7,1,"","","","","","","","","","","","","","","","","","","","","","","","","","","","","","","","","","","","","","","","","","","","","","","","","","","","","","","","","","","","","","","","","","","","","","","","","","","","","","","","","","","","","","","","","","","","","","","","","","","","","","","","","","","","","","","","","","","",""
"06163007","TENDE_SAPC",44.043167,7.586,636,2000031408,0.,1,"","","","","","","","","","","","","","","","","","","","","","","","","","","","","","","","","","",5.3,1,1.8,1,4.,1,"","",5.3,1,"","","","","","","","","","","","","","","","","","","","",78,1,"","","","","","","","","","","","",6.9,1,"","","","","","","","","","","","","","","","","","","","","","","","","","","","","","","","","","","","","","","","","","","","","","","","","","","","","","","","","","","","","","","","","","","","","","","","","","","","","","","","","","","","","","","","","","","","","","","","","","","","","","","","","","","","","","","","","","","",""
"06163007","TENDE_SAPC",44.043167,7.586,636,2000031409,0.,1,"","","","","","","","","","","","","","","","","","","","","","","","","","","","","","","","","","",7.9,1,3.,1,5.3,1,"","",7.9,1,"","","","","","","","","","","","","","","","","","","","",71,1,"","","","","","","","","","","","",7.6,1,"","","","","","","","","","","","","","","","","","","","","","","","","","","","","","","","","","","","","","","","","","","","","","","","","","","","","","","","","","","","","","","","","","","","","","","","","","","","","","","","","","","","","","","","","","","","","","","","","","","","","","","","","","","","","","","","","","","",""
"06163007","TENDE_SAPC",44.043167,7.586,636,2000031410,0.,1,"","","","","","","","","","","","","","","","","","","","","","","","","","","","","","","","","","",12.9,1,2.4,1,8.,1,"","",12.9,1,"","","","","","","","","","","","","","","","","","","","",49,1,"","","","","","","","","","","","",7.3,1,"","","","","","","","","","","","","","","","","","","","","","","","","","","","","","","","","","","","","","","","","","","","","","","","","","","","","","","","","","","","","","","","","","","","","","","","","","","","","","","","","","","","","","","","","","","","","","","","","","","","","","","","","","","","","","","","","","","",""
"06163007","TENDE_SAPC",44.043167,7.586,636,2000031411,0.,1,"","","","","","","","","","","","","","","","","","","","","","","","","","","","","","","","","","",14.3,1,2.5,1,12.9,1,"","",14.3,1,"","","","","","","","","","","","","","","","","","","","",45,1,"","","","","","","","","","","","",7.3,1,"","","","","","","","","","","","","","","","","","","","","","","","","","","","","","","","","","","","","","","","","","","","","","","","","","","","","","","","","","","","","","","","","","","","","","","","","","","","","","","","","","","","","","","","","","","","","","","","","","","","","","","","","","","","","","","","","","","",""
"06163007","TENDE_SAPC",44.043167,7.586,636,2000031412,0.,1,"","","","","","","","","","","","","","","","","","","","","","","","","","","","","","","","","","",14.8,1,3.6,1,14.4,1,"","",15.,1,"","","","","","","","","","","","","","","","","","","","",47,1,"","","","","","","","","","","","",7.9,1,"","","","","","","","","","","","","","","","","","","","","","","","","","","","","","","","","","","","","","","","","","","","","","","","","","","","","","","","","","","","","","","","","","","","","","","","","","","","","","","","","","","","","","","","","","","","","","","","","","","","","","","","","","","","","","","","","","","",""
"06163007","TENDE_SAPC",44.043167,7.586,636,2000031413,0.,1,"","","","","","","","","","","","","","","","","","","","","","","","","","","","","","","","","","",15.5,1,4.2,1,14.8,1,"","",15.5,1,"","","","","","","","","","","","","","","","","","","","",47,1,"","","","","","","","","","","","",8.3,1,"","","","","","","","","","","","","","","","","","","","","","","","","","","","","","","","","","","","","","","","","","","","","","","","","","","","","","","","","","","","","","","","","","","","","","","","","","","","","","","","","","","","","","","","","","","","","","","","","","","","","","","","","","","","","","","","","","","",""
"06163007","TENDE_SAPC",44.043167,7.586,636,2000031414,0.,1,"","","","","","","","","","","","","","","","","","","","","","","","","","","","","","","","","","",15.3,1,3.7,1,15.3,1,"","",16.,1,"","","","","","","","","","","","","","","","","","","","",46,1,"","","","","","","","","","","","",8.,1,"","","","","","","","","","","","","","","","","","","","","","","","","","","","","","","","","","","","","","","","","","","","","","","","","","","","","","","","","","","","","","","","","","","","","","","","","","","","","","","","","","","","","","","","","","","","","","","","","","","","","","","","","","","","","","","","","","","",""
"06163007","TENDE_SAPC",44.043167,7.586,636,2000031415,0.,1,"","","","","","","","","","","","","","","","","","","","","","","","","","","","","","","","","","",13.6,1,4.2,1,13.6,1,"","",15.3,1,"","","","","","","","","","","","","","","","","","","","",53,1,"","","","","","","","","","","","",8.2,1,"","","","","","","","","","","","","","","","","","","","","","","","","","","","","","","","","","","","","","","","","","","","","","","","","","","","","","","","","","","","","","","","","","","","","","","","","","","","","","","","","","","","","","","","","","","","","","","","","","","","","","","","","","","","","","","","","","","",""
"06163007","TENDE_SAPC",44.043167,7.586,636,2000031416,0.,1,"","","","","","","","","","","","","","","","","","","","","","","","","","","","","","","","","","",12.4,1,4.1,1,12.4,1,"","",13.6,1,"","","","","","","","","","","","","","","","","","","","",57,1,"","","","","","","","","","","","",8.2,1,"","","","","","","","","","","","","","","","","","","","","","","","","","","","","","","","","","","","","","","","","","","","","","","","","","","","","","","","","","","","","","","","","","","","","","","","","","","","","","","","","","","","","","","","","","","","","","","","","","","","","","","","","","","","","","","","","","","",""
"06163007","TENDE_SAPC",44.043167,7.586,636,2000031417,0.,1,"","","","","","","","","","","","","","","","","","","","","","","","","","","","","","","","","","",11.3,1,4.7,1,11.3,1,"","",12.4,1,"","","","","","","","","","","","","","","","","","","","",64,1,"","","","","","","","","","","","",8.6,1,"","","","","","","","","","","","","","","","","","","","","","","","","","","","","","","","","","","","","","","","","","","","","","","","","","","","","","","","","","","","","","","","","","","","","","","","","","","","","","","","","","","","","","","","","","","","","","","","","","","","","","","","","","","","","","","","","","","",""
"06163007","TENDE_SAPC",44.043167,7.586,636,2000031418,0.,1,"","","","","","","","","","","","","","","","","","","","","","","","","","","","","","","","","","",9.5,1,4.5,1,9.5,1,"","",11.2,1,"","","","","","","","","","","","","","","","","","","","",71,1,"","","","","","","","","","","","",8.4,1,"","","","","","","","","","","","","","","","","","","","","","","","","","","","","","","","","","","","","","","","","","","","","","","","","","","","","","","","","","","","","","","","","","","","","","","","","","","","","","","","","","","","","","","","","","","","","","","","","","","","","","","","","","","","","","","","","","","",""
"06163007","TENDE_SAPC",44.043167,7.586,636,2000031419,0.,1,"","","","","","","","","","","","","","","","","","","","","","","","","","","","","","","","","","",7.7,1,3.9,1,7.7,1,"","",9.5,1,"","","","","","","","","","","","","","","","","","","","",77,1,"","","","","","","","","","","","",8.1,1,"","","","","","","","","","","","","","","","","","","","","","","","","","","","","","","","","","","","","","","","","","","","","","","","","","","","","","","","","","","","","","","","","","","","","","","","","","","","","","","","","","","","","","","","","","","","","","","","","","","","","","","","","","","","","","","","","","","",""
"06163007","TENDE_SAPC",44.043167,7.586,636,2000031420,0.,1,"","","","","","","","","","","","","","","","","","","","","","","","","","","","","","","","","","",6.5,1,3.5,1,6.5,1,"","",7.7,1,"","","","","","","","","","","","","","","","","","","","",81,1,"","","","","","","","","","","","",7.8,1,"","","","","","","","","","","","","","","","","","","","","","","","","","","","","","","","","","","","","","","","","","","","","","","","","","","","","","","","","","","","","","","","","","","","","","","","","","","","","","","","","","","","","","","","","","","","","","","","","","","","","","","","","","","","","","","","","","","",""
"06163007","TENDE_SAPC",44.043167,7.586,636,2000031421,0.,1,"","","","","","","","","","","","","","","","","","","","","","","","","","","","","","","","","","",6.2,1,3.2,1,6.2,1,"","",6.5,1,"","","","","","","","","","","","","","","","","","","","",81,1,"","","","","","","","","","","","",7.7,1,"","","","","","","","","","","","","","","","","","","","","","","","","","","","","","","","","","","","","","","","","","","","","","","","","","","","","","","","","","","","","","","","","","","","","","","","","","","","","","","","","","","","","","","","","","","","","","","","","","","","","","","","","","","","","","","","","","","",""
"06163007","TENDE_SAPC",44.043167,7.586,636,2000031422,0.,1,"","","","","","","","","","","","","","","","","","","","","","","","","","","","","","","","","","",5.7,1,2.7,1,5.7,1,"","",6.2,1,"","","","","","","","","","","","","","","","","","","","",81,1,"","","","","","","","","","","","",7.4,1,"","","","","","","","","","","","","","","","","","","","","","","","","","","","","","","","","","","","","","","","","","","","","","","","","","","","","","","","","","","","","","","","","","","","","","","","","","","","","","","","","","","","","","","","","","","","","","","","","","","","","","","","","","","","","","","","","","","",""
"06163007","TENDE_SAPC",44.043167,7.586,636,2000031423,0.,1,"","","","","","","","","","","","","","","","","","","","","","","","","","","","","","","","","","",5.9,1,2.5,1,5.6,1,"","",6.,1,"","","","","","","","","","","","","","","","","","","","",79,1,"","","","","","","","","","","","",7.3,1,"","","","","","","","","","","","","","","","","","","","","","","","","","","","","","","","","","","","","","","","","","","","","","","","","","","","","","","","","","","","","","","","","","","","","","","","","","","","","","","","","","","","","","","","","","","","","","","","","","","","","","","","","","","","","","","","","","","",""
"06163007","TENDE_SAPC",44.043167,7.586,636,2000031500,0.,1,"","","","","","","","","","","","","","","","","","","","","","","","","","","","","","","","","","",5.2,1,2.2,1,5.2,1,"","",6.,1,"","","","","","","","","","","","","","","","","","","","",81,1,"","","","","","","","","","","","",7.2,1,"","","","","","","","","","","","","","","","","","","","","","","","","","","","","","","","","","","","","","","","","","","","","","","","","","","","","","","","","","","","","","","","","","","","","","","","","","","","","","","","","","","","","","","","","","","","","","","","","","","","","","","","","","","","","","","","","","","",""
"06163007","TENDE_SAPC",44.043167,7.586,636,2000031501,0.,1,"","","","","","","","","","","","","","","","","","","","","","","","","","","","","","","","","","",4.4,1,1.9,1,4.4,1,"","",5.2,1,"","","","","","","","","","","","","","","","","","","","",84,1,"","","","","","","","","","","","",7.,1,"","","","","","","","","","","","","","","","","","","","","","","","","","","","","","","","","","","","","","","","","","","","","","","","","","","","","","","","","","","","","","","","","","","","","","","","","","","","","","","","","","","","","","","","","","","","","","","","","","","","","","","","","","","","","","","","","","","",""
"06163007","TENDE_SAPC",44.043167,7.586,636,2000031502,0.,1,"","","","","","","","","","","","","","","","","","","","","","","","","","","","","","","","","","",4.,1,1.7,1,4.,1,"","",4.4,1,"","","","","","","","","","","","","","","","","","","","",85,1,"","","","","","","","","","","","",6.9,1,"","","","","","","","","","","","","","","","","","","","","","","","","","","","","","","","","","","","","","","","","","","","","","","","","","","","","","","","","","","","","","","","","","","","","","","","","","","","","","","","","","","","","","","","","","","","","","","","","","","","","","","","","","","","","","","","","","","",""
"06163007","TENDE_SAPC",44.043167,7.586,636,2000031503,0.,1,"","","","","","","","","","","","","","","","","","","","","","","","","","","","","","","","","","",4.2,1,1.7,1,3.9,1,"","",4.3,1,"","","","","","","","","","","","","","","","","","","","",84,1,"","","","","","","","","","","","",6.9,1,"","","","","","","","","","","","","","","","","","","","","","","","","","","","","","","","","","","","","","","","","","","","","","","","","","","","","","","","","","","","","","","","","","","","","","","","","","","","","","","","","","","","","","","","","","","","","","","","","","","","","","","","","","","","","","","","","","","",""
"06163007","TENDE_SAPC",44.043167,7.586,636,2000031504,0.,1,"","","","","","","","","","","","","","","","","","","","","","","","","","","","","","","","","","",3.7,1,1.4,1,3.6,1,"","",4.2,1,"","","","","","","","","","","","","","","","","","","","",85,1,"","","","","","","","","","","","",6.8,1,"","","","","","","","","","","","","","","","","","","","","","","","","","","","","","","","","","","","","","","","","","","","","","","","","","","","","","","","","","","","","","","","","","","","","","","","","","","","","","","","","","","","","","","","","","","","","","","","","","","","","","","","","","","","","","","","","","","",""
"06163007","TENDE_SAPC",44.043167,7.586,636,2000031505,0.,1,"","","","","","","","","","","","","","","","","","","","","","","","","","","","","","","","","","",3.2,1,1.1,1,3.1,1,"","",3.7,1,"","","","","","","","","","","","","","","","","","","","",86,1,"","","","","","","","","","","","",6.6,1,"","","","","","","","","","","","","","","","","","","","","","","","","","","","","","","","","","","","","","","","","","","","","","","","","","","","","","","","","","","","","","","","","","","","","","","","","","","","","","","","","","","","","","","","","","","","","","","","","","","","","","","","","","","","","","","","","","","",""
"06163007","TENDE_SAPC",44.043167,7.586,636,2000031506,0.,1,"","","","","","","","","","","","","","","","","","","","","","","","","","","","","","","","","","",2.5,1,0.6,1,2.5,1,"","",3.2,1,"","","","","","","","","","","","","","","","","","","","",87,1,"","","","","","","","","","","","",6.4,1,"","","","","","","","","","","","","","","","","","","","","","","","","","","","","","","","","","","","","","","","","","","","","","","","","","","","","","","","","","","","","","","","","","","","","","","","","","","","","","","","","","","","","","","","","","","","","","","","","","","","","","","","","","","","","","","","","","","",""
"06163007","TENDE_SAPC",44.043167,7.586,636,2000031507,0.,1,"","","","","","","","","","","","","","","","","","","","","","","","","","","","","","","","","","",2.4,1,0.5,1,2.3,1,"","",2.5,1,"","","","","","","","","","","","","","","","","","","","",87,1,"","","","","","","","","","","","",6.3,1,"","","","","","","","","","","","","","","","","","","","","","","","","","","","","","","","","","","","","","","","","","","","","","","","","","","","","","","","","","","","","","","","","","","","","","","","","","","","","","","","","","","","","","","","","","","","","","","","","","","","","","","","","","","","","","","","","","","",""
"06163007","TENDE_SAPC",44.043167,7.586,636,2000031508,0.,1,"","","","","","","","","","","","","","","","","","","","","","","","","","","","","","","","","","",3.9,1,0.9,1,2.5,1,"","",3.9,1,"","","","","","","","","","","","","","","","","","","","",81,1,"","","","","","","","","","","","",6.5,1,"","","","","","","","","","","","","","","","","","","","","","","","","","","","","","","","","","","","","","","","","","","","","","","","","","","","","","","","","","","","","","","","","","","","","","","","","","","","","","","","","","","","","","","","","","","","","","","","","","","","","","","","","","","","","","","","","","","",""
"06163007","TENDE_SAPC",44.043167,7.586,636,2000031509,0.,1,"","","","","","","","","","","","","","","","","","","","","","","","","","","","","","","","","","",6.8,1,2.7,1,3.9,1,"","",6.8,1,"","","","","","","","","","","","","","","","","","","","",75,1,"","","","","","","","","","","","",7.4,1,"","","","","","","","","","","","","","","","","","","","","","","","","","","","","","","","","","","","","","","","","","","","","","","","","","","","","","","","","","","","","","","","","","","","","","","","","","","","","","","","","","","","","","","","","","","","","","","","","","","","","","","","","","","","","","","","","","","",""
"06163007","TENDE_SAPC",44.043167,7.586,636,2000031510,0.,1,"","","","","","","","","","","","","","","","","","","","","","","","","","","","","","","","","","",11.2,1,2.7,1,6.9,1,"","",11.2,1,"","","","","","","","","","","","","","","","","","","","",56,1,"","","","","","","","","","","","",7.4,1,"","","","","","","","","","","","","","","","","","","","","","","","","","","","","","","","","","","","","","","","","","","","","","","","","","","","","","","","","","","","","","","","","","","","","","","","","","","","","","","","","","","","","","","","","","","","","","","","","","","","","","","","","","","","","","","","","","","",""
"06163007","TENDE_SAPC",44.043167,7.586,636,2000031511,0.,1,"","","","","","","","","","","","","","","","","","","","","","","","","","","","","","","","","","",12.4,1,3.1,1,11.2,1,"","",12.4,1,"","","","","","","","","","","","","","","","","","","","",53,1,"","","","","","","","","","","","",7.6,1,"","","","","","","","","","","","","","","","","","","","","","","","","","","","","","","","","","","","","","","","","","","","","","","","","","","","","","","","","","","","","","","","","","","","","","","","","","","","","","","","","","","","","","","","","","","","","","","","","","","","","","","","","","","","","","","","","","","",""
"06163007","TENDE_SAPC",44.043167,7.586,636,2000031512,0.,1,"","","","","","","","","","","","","","","","","","","","","","","","","","","","","","","","","","",12.7,1,3.9,1,12.5,1,"","",12.8,1,"","","","","","","","","","","","","","","","","","","","",55,1,"","","","","","","","","","","","",8.1,1,"","","","","","","","","","","","","","","","","","","","","","","","","","","","","","","","","","","","","","","","","","","","","","","","","","","","","","","","","","","","","","","","","","","","","","","","","","","","","","","","","","","","","","","","","","","","","","","","","","","","","","","","","","","","","","","","","","","",""
"06163007","TENDE_SAPC",44.043167,7.586,636,2000031513,0.,1,"","","","","","","","","","","","","","","","","","","","","","","","","","","","","","","","","","",12.3,1,4.8,1,12.2,1,"","",12.7,1,"","","","","","","","","","","","","","","","","","","","",60,1,"","","","","","","","","","","","",8.6,1,"","","","","","","","","","","","","","","","","","","","","","","","","","","","","","","","","","","","","","","","","","","","","","","","","","","","","","","","","","","","","","","","","","","","","","","","","","","","","","","","","","","","","","","","","","","","","","","","","","","","","","","","","","","","","","","","","","","",""
"06163007","TENDE_SAPC",44.043167,7.586,636,2000031514,0.,1,"","","","","","","","","","","","","","","","","","","","","","","","","","","","","","","","","","",12.5,1,4.7,1,12.1,1,"","",12.6,1,"","","","","","","","","","","","","","","","","","","","",59,1,"","","","","","","","","","","","",8.5,1,"","","","","","","","","","","","","","","","","","","","","","","","","","","","","","","","","","","","","","","","","","","","","","","","","","","","","","","","","","","","","","","","","","","","","","","","","","","","","","","","","","","","","","","","","","","","","","","","","","","","","","","","","","","","","","","","","","","",""
"06163007","TENDE_SAPC",44.043167,7.586,636,2000031515,0.,1,"","","","","","","","","","","","","","","","","","","","","","","","","","","","","","","","","","",13.4,1,3.5,1,11.7,1,"","",13.4,1,"","","","","","","","","","","","","","","","","","","","",51,1,"","","","","","","","","","","","",7.8,1,"","","","","","","","","","","","","","","","","","","","","","","","","","","","","","","","","","","","","","","","","","","","","","","","","","","","","","","","","","","","","","","","","","","","","","","","","","","","","","","","","","","","","","","","","","","","","","","","","","","","","","","","","","","","","","","","","","","",""
"06163007","TENDE_SAPC",44.043167,7.586,636,2000031516,0.,1,"","","","","","","","","","","","","","","","","","","","","","","","","","","","","","","","","","",15.,1,0.8,1,13.3,1,"","",15.1,1,"","","","","","","","","","","","","","","","","","","","",38,1,"","","","","","","","","","","","",6.5,1,"","","","","","","","","","","","","","","","","","","","","","","","","","","","","","","","","","","","","","","","","","","","","","","","","","","","","","","","","","","","","","","","","","","","","","","","","","","","","","","","","","","","","","","","","","","","","","","","","","","","","","","","","","","","","","","","","","","",""
"06163007","TENDE_SAPC",44.043167,7.586,636,2000031517,0.,1,"","","","","","","","","","","","","","","","","","","","","","","","","","","","","","","","","","",12.7,1,3.1,1,12.7,1,"","",15.,1,"","","","","","","","","","","","","","","","","","","","",52,1,"","","","","","","","","","","","",7.6,1,"","","","","","","","","","","","","","","","","","","","","","","","","","","","","","","","","","","","","","","","","","","","","","","","","","","","","","","","","","","","","","","","","","","","","","","","","","","","","","","","","","","","","","","","","","","","","","","","","","","","","","","","","","","","","","","","","","","",""
"06163007","TENDE_SAPC",44.043167,7.586,636,2000031518,0.,1,"","","","","","","","","","","","","","","","","","","","","","","","","","","","","","","","","","",13.,1,1.,1,10.,1,"","",13.,1,"","","","","","","","","","","","","","","","","","","","",44,1,"","","","","","","","","","","","",6.6,1,"","","","","","","","","","","","","","","","","","","","","","","","","","","","","","","","","","","","","","","","","","","","","","","","","","","","","","","","","","","","","","","","","","","","","","","","","","","","","","","","","","","","","","","","","","","","","","","","","","","","","","","","","","","","","","","","","","","",""
"06163007","TENDE_SAPC",44.043167,7.586,636,2000031519,0.,1,"","","","","","","","","","","","","","","","","","","","","","","","","","","","","","","","","","",12.9,1,1.8,1,12.9,1,"","",13.4,1,"","","","","","","","","","","","","","","","","","","","",47,1,"","","","","","","","","","","","",7.,1,"","","","","","","","","","","","","","","","","","","","","","","","","","","","","","","","","","","","","","","","","","","","","","","","","","","","","","","","","","","","","","","","","","","","","","","","","","","","","","","","","","","","","","","","","","","","","","","","","","","","","","","","","","","","","","","","","","","",""
"06163007","TENDE_SAPC",44.043167,7.586,636,2000031520,0.,1,"","","","","","","","","","","","","","","","","","","","","","","","","","","","","","","","","","",12.7,1,2.2,1,12.7,1,"","",13.3,1,"","","","","","","","","","","","","","","","","","","","",49,1,"","","","","","","","","","","","",7.2,1,"","","","","","","","","","","","","","","","","","","","","","","","","","","","","","","","","","","","","","","","","","","","","","","","","","","","","","","","","","","","","","","","","","","","","","","","","","","","","","","","","","","","","","","","","","","","","","","","","","","","","","","","","","","","","","","","","","","",""
"06163007","TENDE_SAPC",44.043167,7.586,636,2000031521,0.,1,"","","","","","","","","","","","","","","","","","","","","","","","","","","","","","","","","","",12.4,1,1.4,1,12.3,1,"","",13.,1,"","","","","","","","","","","","","","","","","","","","",47,1,"","","","","","","","","","","","",6.8,1,"","","","","","","","","","","","","","","","","","","","","","","","","","","","","","","","","","","","","","","","","","","","","","","","","","","","","","","","","","","","","","","","","","","","","","","","","","","","","","","","","","","","","","","","","","","","","","","","","","","","","","","","","","","","","","","","","","","",""
"06163007","TENDE_SAPC",44.043167,7.586,636,2000031522,0.,1,"","","","","","","","","","","","","","","","","","","","","","","","","","","","","","","","","","",11.6,1,-6.8,1,11.6,1,"","",12.3,1,"","","","","","","","","","","","","","","","","","","","",27,1,"","","","","","","","","","","","",3.7,1,"","","","","","","","","","","","","","","","","","","","","","","","","","","","","","","","","","","","","","","","","","","","","","","","","","","","","","","","","","","","","","","","","","","","","","","","","","","","","","","","","","","","","","","","","","","","","","","","","","","","","","","","","","","","","","","","","","","",""
"06163007","TENDE_SAPC",44.043167,7.586,636,2000031523,0.,1,"","","","","","","","","","","","","","","","","","","","","","","","","","","","","","","","","","",10.4,1,-9.9,1,10.4,1,"","",11.6,1,"","","","","","","","","","","","","","","","","","","","",23,1,"","","","","","","","","","","","",2.9,1,"","","","","","","","","","","","","","","","","","","","","","","","","","","","","","","","","","","","","","","","","","","","","","","","","","","","","","","","","","","","","","","","","","","","","","","","","","","","","","","","","","","","","","","","","","","","","","","","","","","","","","","","","","","","","","","","","","","",""
"06163007","TENDE_SAPC",44.043167,7.586,636,2000031600,0.,1,"","","","","","","","","","","","","","","","","","","","","","","","","","","","","","","","","","",9.7,1,-10.5,1,9.7,1,"","",10.4,1,"","","","","","","","","","","","","","","","","","","","",23,1,"","","","","","","","","","","","",2.8,1,"","","","","","","","","","","","","","","","","","","","","","","","","","","","","","","","","","","","","","","","","","","","","","","","","","","","","","","","","","","","","","","","","","","","","","","","","","","","","","","","","","","","","","","","","","","","","","","","","","","","","","","","","","","","","","","","","","","",""
"06163007","TENDE_SAPC",44.043167,7.586,636,2000031601,0.,1,"","","","","","","","","","","","","","","","","","","","","","","","","","","","","","","","","","",9.1,1,-11.,1,9.1,1,"","",9.7,1,"","","","","","","","","","","","","","","","","","","","",23,1,"","","","","","","","","","","","",2.7,1,"","","","","","","","","","","","","","","","","","","","","","","","","","","","","","","","","","","","","","","","","","","","","","","","","","","","","","","","","","","","","","","","","","","","","","","","","","","","","","","","","","","","","","","","","","","","","","","","","","","","","","","","","","","","","","","","","","","",""
"06163007","TENDE_SAPC",44.043167,7.586,636,2000031602,0.,1,"","","","","","","","","","","","","","","","","","","","","","","","","","","","","","","","","","",9.1,1,-10.5,1,8.8,1,"","",9.2,1,"","","","","","","","","","","","","","","","","","","","",24,1,"","","","","","","","","","","","",2.8,1,"","","","","","","","","","","","","","","","","","","","","","","","","","","","","","","","","","","","","","","","","","","","","","","","","","","","","","","","","","","","","","","","","","","","","","","","","","","","","","","","","","","","","","","","","","","","","","","","","","","","","","","","","","","","","","","","","","","",""
"06163007","TENDE_SAPC",44.043167,7.586,636,2000031603,0.,1,"","","","","","","","","","","","","","","","","","","","","","","","","","","","","","","","","","",9.1,1,-11.,1,8.9,1,"","",9.2,1,"","","","","","","","","","","","","","","","","","","","",23,1,"","","","","","","","","","","","",2.7,1,"","","","","","","","","","","","","","","","","","","","","","","","","","","","","","","","","","","","","","","","","","","","","","","","","","","","","","","","","","","","","","","","","","","","","","","","","","","","","","","","","","","","","","","","","","","","","","","","","","","","","","","","","","","","","","","","","","","",""
"06163007","TENDE_SAPC",44.043167,7.586,636,2000031604,0.,1,"","","","","","","","","","","","","","","","","","","","","","","","","","","","","","","","","","",8.4,1,-10.,1,8.4,1,"","",9.3,1,"","","","","","","","","","","","","","","","","","","","",26,1,"","","","","","","","","","","","",2.9,1,"","","","","","","","","","","","","","","","","","","","","","","","","","","","","","","","","","","","","","","","","","","","","","","","","","","","","","","","","","","","","","","","","","","","","","","","","","","","","","","","","","","","","","","","","","","","","","","","","","","","","","","","","","","","","","","","","","","",""
"06163007","TENDE_SAPC",44.043167,7.586,636,2000031605,0.,1,"","","","","","","","","","","","","","","","","","","","","","","","","","","","","","","","","","",5.,1,-8.9,1,5.,1,"","",8.3,1,"","","","","","","","","","","","","","","","","","","","",36,1,"","","","","","","","","","","","",3.1,1,"","","","","","","","","","","","","","","","","","","","","","","","","","","","","","","","","","","","","","","","","","","","","","","","","","","","","","","","","","","","","","","","","","","","","","","","","","","","","","","","","","","","","","","","","","","","","","","","","","","","","","","","","","","","","","","","","","","",""
"06163007","TENDE_SAPC",44.043167,7.586,636,2000031606,0.,1,"","","","","","","","","","","","","","","","","","","","","","","","","","","","","","","","","","",3.3,1,-8.7,1,3.3,1,"","",5.,1,"","","","","","","","","","","","","","","","","","","","",41,1,"","","","","","","","","","","","",3.2,1,"","","","","","","","","","","","","","","","","","","","","","","","","","","","","","","","","","","","","","","","","","","","","","","","","","","","","","","","","","","","","","","","","","","","","","","","","","","","","","","","","","","","","","","","","","","","","","","","","","","","","","","","","","","","","","","","","","","",""
"06163007","TENDE_SAPC",44.043167,7.586,636,2000031607,0.,1,"","","","","","","","","","","","","","","","","","","","","","","","","","","","","","","","","","",3.4,1,-8.6,1,3.1,1,"","",4.,1,"","","","","","","","","","","","","","","","","","","","",41,1,"","","","","","","","","","","","",3.2,1,"","","","","","","","","","","","","","","","","","","","","","","","","","","","","","","","","","","","","","","","","","","","","","","","","","","","","","","","","","","","","","","","","","","","","","","","","","","","","","","","","","","","","","","","","","","","","","","","","","","","","","","","","","","","","","","","","","","",""
"06163007","TENDE_SAPC",44.043167,7.586,636,2000031608,0.,1,"","","","","","","","","","","","","","","","","","","","","","","","","","","","","","","","","","",3.3,1,-7.,1,3.3,1,"","",3.8,1,"","","","","","","","","","","","","","","","","","","","",47,1,"","","","","","","","","","","","",3.6,1,"","","","","","","","","","","","","","","","","","","","","","","","","","","","","","","","","","","","","","","","","","","","","","","","","","","","","","","","","","","","","","","","","","","","","","","","","","","","","","","","","","","","","","","","","","","","","","","","","","","","","","","","","","","","","","","","","","","",""
"06163007","TENDE_SAPC",44.043167,7.586,636,2000031609,0.,1,"","","","","","","","","","","","","","","","","","","","","","","","","","","","","","","","","","",6.1,1,-5.,1,3.1,1,"","",6.1,1,"","","","","","","","","","","","","","","","","","","","",45,1,"","","","","","","","","","","","",4.2,1,"","","","","","","","","","","","","","","","","","","","","","","","","","","","","","","","","","","","","","","","","","","","","","","","","","","","","","","","","","","","","","","","","","","","","","","","","","","","","","","","","","","","","","","","","","","","","","","","","","","","","","","","","","","","","","","","","","","",""
"06163007","TENDE_SAPC",44.043167,7.586,636,2000031610,0.,1,"","","","","","","","","","","","","","","","","","","","","","","","","","","","","","","","","","",12.7,1,-2.8,1,6.3,1,"","",12.7,1,"","","","","","","","","","","","","","","","","","","","",34,1,"","","","","","","","","","","","",5.,1,"","","","","","","","","","","","","","","","","","","","","","","","","","","","","","","","","","","","","","","","","","","","","","","","","","","","","","","","","","","","","","","","","","","","","","","","","","","","","","","","","","","","","","","","","","","","","","","","","","","","","","","","","","","","","","","","","","","",""
"06163007","TENDE_SAPC",44.043167,7.586,636,2000031611,0.,1,"","","","","","","","","","","","","","","","","","","","","","","","","","","","","","","","","","",14.5,1,-3.3,1,12.7,1,"","",14.5,1,"","","","","","","","","","","","","","","","","","","","",29,1,"","","","","","","","","","","","",4.8,1,"","","","","","","","","","","","","","","","","","","","","","","","","","","","","","","","","","","","","","","","","","","","","","","","","","","","","","","","","","","","","","","","","","","","","","","","","","","","","","","","","","","","","","","","","","","","","","","","","","","","","","","","","","","","","","","","","","","",""
"06163007","TENDE_SAPC",44.043167,7.586,636,2000031612,0.,1,"","","","","","","","","","","","","","","","","","","","","","","","","","","","","","","","","","",15.7,1,-1.9,1,14.5,1,"","",15.7,1,"","","","","","","","","","","","","","","","","","","","",30,1,"","","","","","","","","","","","",5.3,1,"","","","","","","","","","","","","","","","","","","","","","","","","","","","","","","","","","","","","","","","","","","","","","","","","","","","","","","","","","","","","","","","","","","","","","","","","","","","","","","","","","","","","","","","","","","","","","","","","","","","","","","","","","","","","","","","","","","",""
"06163007","TENDE_SAPC",44.043167,7.586,636,2000031613,0.,1,"","","","","","","","","","","","","","","","","","","","","","","","","","","","","","","","","","",16.3,1,-0.4,1,15.7,1,"","",16.3,1,"","","","","","","","","","","","","","","","","","","","",32,1,"","","","","","","","","","","","",5.9,1,"","","","","","","","","","","","","","","","","","","","","","","","","","","","","","","","","","","","","","","","","","","","","","","","","","","","","","","","","","","","","","","","","","","","","","","","","","","","","","","","","","","","","","","","","","","","","","","","","","","","","","","","","","","","","","","","","","","",""
"06163007","TENDE_SAPC",44.043167,7.586,636,2000031614,0.,1,"","","","","","","","","","","","","","","","","","","","","","","","","","","","","","","","","","",16.5,1,0.2,1,16.2,1,"","",16.6,1,"","","","","","","","","","","","","","","","","","","","",33,1,"","","","","","","","","","","","",6.2,1,"","","","","","","","","","","","","","","","","","","","","","","","","","","","","","","","","","","","","","","","","","","","","","","","","","","","","","","","","","","","","","","","","","","","","","","","","","","","","","","","","","","","","","","","","","","","","","","","","","","","","","","","","","","","","","","","","","","",""
"06163007","TENDE_SAPC",44.043167,7.586,636,2000031615,0.,1,"","","","","","","","","","","","","","","","","","","","","","","","","","","","","","","","","","",15.3,1,2.1,1,15.3,1,"","",16.5,1,"","","","","","","","","","","","","","","","","","","","",41,1,"","","","","","","","","","","","",7.1,1,"","","","","","","","","","","","","","","","","","","","","","","","","","","","","","","","","","","","","","","","","","","","","","","","","","","","","","","","","","","","","","","","","","","","","","","","","","","","","","","","","","","","","","","","","","","","","","","","","","","","","","","","","","","","","","","","","","","",""
"06163007","TENDE_SAPC",44.043167,7.586,636,2000031616,0.,1,"","","","","","","","","","","","","","","","","","","","","","","","","","","","","","","","","","",14.4,1,2.6,1,14.4,1,"","",15.4,1,"","","","","","","","","","","","","","","","","","","","",45,1,"","","","","","","","","","","","",7.4,1,"","","","","","","","","","","","","","","","","","","","","","","","","","","","","","","","","","","","","","","","","","","","","","","","","","","","","","","","","","","","","","","","","","","","","","","","","","","","","","","","","","","","","","","","","","","","","","","","","","","","","","","","","","","","","","","","","","","",""
"06163007","TENDE_SAPC",44.043167,7.586,636,2000031617,0.,1,"","","","","","","","","","","","","","","","","","","","","","","","","","","","","","","","","","",12.6,1,2.7,1,12.6,1,"","",14.4,1,"","","","","","","","","","","","","","","","","","","","",51,1,"","","","","","","","","","","","",7.4,1,"","","","","","","","","","","","","","","","","","","","","","","","","","","","","","","","","","","","","","","","","","","","","","","","","","","","","","","","","","","","","","","","","","","","","","","","","","","","","","","","","","","","","","","","","","","","","","","","","","","","","","","","","","","","","","","","","","","",""
"06163007","TENDE_SAPC",44.043167,7.586,636,2000031618,0.,1,"","","","","","","","","","","","","","","","","","","","","","","","","","","","","","","","","","",9.5,1,2.3,1,9.5,1,"","",12.5,1,"","","","","","","","","","","","","","","","","","","","",61,1,"","","","","","","","","","","","",7.2,1,"","","","","","","","","","","","","","","","","","","","","","","","","","","","","","","","","","","","","","","","","","","","","","","","","","","","","","","","","","","","","","","","","","","","","","","","","","","","","","","","","","","","","","","","","","","","","","","","","","","","","","","","","","","","","","","","","","","",""
"06163007","TENDE_SAPC",44.043167,7.586,636,2000031619,0.,1,"","","","","","","","","","","","","","","","","","","","","","","","","","","","","","","","","","",9.8,1,1.7,1,9.1,1,"","",9.8,1,"","","","","","","","","","","","","","","","","","","","",57,1,"","","","","","","","","","","","",6.9,1,"","","","","","","","","","","","","","","","","","","","","","","","","","","","","","","","","","","","","","","","","","","","","","","","","","","","","","","","","","","","","","","","","","","","","","","","","","","","","","","","","","","","","","","","","","","","","","","","","","","","","","","","","","","","","","","","","","","",""
"06163007","TENDE_SAPC",44.043167,7.586,636,2000031620,0.,1,"","","","","","","","","","","","","","","","","","","","","","","","","","","","","","","","","","",8.5,1,0.9,1,8.5,1,"","",9.7,1,"","","","","","","","","","","","","","","","","","","","",59,1,"","","","","","","","","","","","",6.5,1,"","","","","","","","","","","","","","","","","","","","","","","","","","","","","","","","","","","","","","","","","","","","","","","","","","","","","","","","","","","","","","","","","","","","","","","","","","","","","","","","","","","","","","","","","","","","","","","","","","","","","","","","","","","","","","","","","","","",""
"06163007","TENDE_SAPC",44.043167,7.586,636,2000031621,0.,1,"","","","","","","","","","","","","","","","","","","","","","","","","","","","","","","","","","",7.9,1,0.4,1,7.9,1,"","",8.6,1,"","","","","","","","","","","","","","","","","","","","",59,1,"","","","","","","","","","","","",6.3,1,"","","","","","","","","","","","","","","","","","","","","","","","","","","","","","","","","","","","","","","","","","","","","","","","","","","","","","","","","","","","","","","","","","","","","","","","","","","","","","","","","","","","","","","","","","","","","","","","","","","","","","","","","","","","","","","","","","","",""
"06163007","TENDE_SAPC",44.043167,7.586,636,2000031622,0.,1,"","","","","","","","","","","","","","","","","","","","","","","","","","","","","","","","","","",6.8,1,-0.9,1,6.7,1,"","",8.1,1,"","","","","","","","","","","","","","","","","","","","",58,1,"","","","","","","","","","","","",5.7,1,"","","","","","","","","","","","","","","","","","","","","","","","","","","","","","","","","","","","","","","","","","","","","","","","","","","","","","","","","","","","","","","","","","","","","","","","","","","","","","","","","","","","","","","","","","","","","","","","","","","","","","","","","","","","","","","","","","","",""
"06163007","TENDE_SAPC",44.043167,7.586,636,2000031623,0.,1,"","","","","","","","","","","","","","","","","","","","","","","","","","","","","","","","","","",5.3,1,-1.4,1,5.3,1,"","",6.8,1,"","","","","","","","","","","","","","","","","","","","",62,1,"","","","","","","","","","","","",5.5,1,"","","","","","","","","","","","","","","","","","","","","","","","","","","","","","","","","","","","","","","","","","","","","","","","","","","","","","","","","","","","","","","","","","","","","","","","","","","","","","","","","","","","","","","","","","","","","","","","","","","","","","","","","","","","","","","","","","","",""
"06163007","TENDE_SAPC",44.043167,7.586,636,2000031700,0.,1,"","","","","","","","","","","","","","","","","","","","","","","","","","","","","","","","","","",4.6,1,-2.3,1,4.6,1,"","",5.2,1,"","","","","","","","","","","","","","","","","","","","",61,1,"","","","","","","","","","","","",5.2,1,"","","","","","","","","","","","","","","","","","","","","","","","","","","","","","","","","","","","","","","","","","","","","","","","","","","","","","","","","","","","","","","","","","","","","","","","","","","","","","","","","","","","","","","","","","","","","","","","","","","","","","","","","","","","","","","","","","","",""
"06163007","TENDE_SAPC",44.043167,7.586,636,2000031701,0.,1,"","","","","","","","","","","","","","","","","","","","","","","","","","","","","","","","","","",4.3,1,-2.8,1,4.1,1,"","",4.6,1,"","","","","","","","","","","","","","","","","","","","",60,1,"","","","","","","","","","","","",5.,1,"","","","","","","","","","","","","","","","","","","","","","","","","","","","","","","","","","","","","","","","","","","","","","","","","","","","","","","","","","","","","","","","","","","","","","","","","","","","","","","","","","","","","","","","","","","","","","","","","","","","","","","","","","","","","","","","","","","",""
"06163007","TENDE_SAPC",44.043167,7.586,636,2000031702,0.,1,"","","","","","","","","","","","","","","","","","","","","","","","","","","","","","","","","","",3.7,1,-2.9,1,3.7,1,"","",4.2,1,"","","","","","","","","","","","","","","","","","","","",62,1,"","","","","","","","","","","","",4.9,1,"","","","","","","","","","","","","","","","","","","","","","","","","","","","","","","","","","","","","","","","","","","","","","","","","","","","","","","","","","","","","","","","","","","","","","","","","","","","","","","","","","","","","","","","","","","","","","","","","","","","","","","","","","","","","","","","","","","",""
"06163007","TENDE_SAPC",44.043167,7.586,636,2000031703,0.,1,"","","","","","","","","","","","","","","","","","","","","","","","","","","","","","","","","","",3.8,1,-3.5,1,3.6,1,"","",4.,1,"","","","","","","","","","","","","","","","","","","","",59,1,"","","","","","","","","","","","",4.7,1,"","","","","","","","","","","","","","","","","","","","","","","","","","","","","","","","","","","","","","","","","","","","","","","","","","","","","","","","","","","","","","","","","","","","","","","","","","","","","","","","","","","","","","","","","","","","","","","","","","","","","","","","","","","","","","","","","","","",""
"06163007","TENDE_SAPC",44.043167,7.586,636,2000031704,0.,1,"","","","","","","","","","","","","","","","","","","","","","","","","","","","","","","","","","",3.5,1,-3.8,1,3.5,1,"","",3.9,1,"","","","","","","","","","","","","","","","","","","","",59,1,"","","","","","","","","","","","",4.6,1,"","","","","","","","","","","","","","","","","","","","","","","","","","","","","","","","","","","","","","","","","","","","","","","","","","","","","","","","","","","","","","","","","","","","","","","","","","","","","","","","","","","","","","","","","","","","","","","","","","","","","","","","","","","","","","","","","","","",""
"06163007","TENDE_SAPC",44.043167,7.586,636,2000031705,0.,1,"","","","","","","","","","","","","","","","","","","","","","","","","","","","","","","","","","",3.2,1,-3.6,1,3.2,1,"","",3.8,1,"","","","","","","","","","","","","","","","","","","","",61,1,"","","","","","","","","","","","",4.7,1,"","","","","","","","","","","","","","","","","","","","","","","","","","","","","","","","","","","","","","","","","","","","","","","","","","","","","","","","","","","","","","","","","","","","","","","","","","","","","","","","","","","","","","","","","","","","","","","","","","","","","","","","","","","","","","","","","","","",""
"06163007","TENDE_SAPC",44.043167,7.586,636,2000031706,0.,1,"","","","","","","","","","","","","","","","","","","","","","","","","","","","","","","","","","",3.2,1,-3.6,1,2.7,1,"","",3.2,1,"","","","","","","","","","","","","","","","","","","","",61,1,"","","","","","","","","","","","",4.7,1,"","","","","","","","","","","","","","","","","","","","","","","","","","","","","","","","","","","","","","","","","","","","","","","","","","","","","","","","","","","","","","","","","","","","","","","","","","","","","","","","","","","","","","","","","","","","","","","","","","","","","","","","","","","","","","","","","","","",""
"06163007","TENDE_SAPC",44.043167,7.586,636,2000031707,0.,1,"","","","","","","","","","","","","","","","","","","","","","","","","","","","","","","","","","",3.3,1,-2.9,1,3.,1,"","",3.5,1,"","","","","","","","","","","","","","","","","","","","",64,1,"","","","","","","","","","","","",5.,1,"","","","","","","","","","","","","","","","","","","","","","","","","","","","","","","","","","","","","","","","","","","","","","","","","","","","","","","","","","","","","","","","","","","","","","","","","","","","","","","","","","","","","","","","","","","","","","","","","","","","","","","","","","","","","","","","","","","",""
"06163007","TENDE_SAPC",44.043167,7.586,636,2000031708,0.,1,"","","","","","","","","","","","","","","","","","","","","","","","","","","","","","","","","","",3.5,1,-1.9,1,3.2,1,"","",3.5,1,"","","","","","","","","","","","","","","","","","","","",68,1,"","","","","","","","","","","","",5.3,1,"","","","","","","","","","","","","","","","","","","","","","","","","","","","","","","","","","","","","","","","","","","","","","","","","","","","","","","","","","","","","","","","","","","","","","","","","","","","","","","","","","","","","","","","","","","","","","","","","","","","","","","","","","","","","","","","","","","",""
"06163007","TENDE_SAPC",44.043167,7.586,636,2000031709,0.,1,"","","","","","","","","","","","","","","","","","","","","","","","","","","","","","","","","","",7.5,1,-0.7,1,3.5,1,"","",7.5,1,"","","","","","","","","","","","","","","","","","","","",56,1,"","","","","","","","","","","","",5.8,1,"","","","","","","","","","","","","","","","","","","","","","","","","","","","","","","","","","","","","","","","","","","","","","","","","","","","","","","","","","","","","","","","","","","","","","","","","","","","","","","","","","","","","","","","","","","","","","","","","","","","","","","","","","","","","","","","","","","",""
"06163007","TENDE_SAPC",44.043167,7.586,636,2000031710,0.,1,"","","","","","","","","","","","","","","","","","","","","","","","","","","","","","","","","","",15.4,1,-4.,1,7.8,1,"","",15.4,1,"","","","","","","","","","","","","","","","","","","","",26,1,"","","","","","","","","","","","",4.5,1,"","","","","","","","","","","","","","","","","","","","","","","","","","","","","","","","","","","","","","","","","","","","","","","","","","","","","","","","","","","","","","","","","","","","","","","","","","","","","","","","","","","","","","","","","","","","","","","","","","","","","","","","","","","","","","","","","","","",""
"06163007","TENDE_SAPC",44.043167,7.586,636,2000031711,0.,1,"","","","","","","","","","","","","","","","","","","","","","","","","","","","","","","","","","",16.7,1,-3.5,1,15.5,1,"","",16.7,1,"","","","","","","","","","","","","","","","","","","","",25,1,"","","","","","","","","","","","",4.7,1,"","","","","","","","","","","","","","","","","","","","","","","","","","","","","","","","","","","","","","","","","","","","","","","","","","","","","","","","","","","","","","","","","","","","","","","","","","","","","","","","","","","","","","","","","","","","","","","","","","","","","","","","","","","","","","","","","","","",""
"06163007","TENDE_SAPC",44.043167,7.586,636,2000031712,0.,1,"","","","","","","","","","","","","","","","","","","","","","","","","","","","","","","","","","",17.1,1,-2.6,1,16.7,1,"","",17.1,1,"","","","","","","","","","","","","","","","","","","","",26,1,"","","","","","","","","","","","",5.1,1,"","","","","","","","","","","","","","","","","","","","","","","","","","","","","","","","","","","","","","","","","","","","","","","","","","","","","","","","","","","","","","","","","","","","","","","","","","","","","","","","","","","","","","","","","","","","","","","","","","","","","","","","","","","","","","","","","","","",""
"06163007","TENDE_SAPC",44.043167,7.586,636,2000031713,0.,1,"","","","","","","","","","","","","","","","","","","","","","","","","","","","","","","","","","",17.,1,-1.7,1,17.,1,"","",17.3,1,"","","","","","","","","","","","","","","","","","","","",28,1,"","","","","","","","","","","","",5.4,1,"","","","","","","","","","","","","","","","","","","","","","","","","","","","","","","","","","","","","","","","","","","","","","","","","","","","","","","","","","","","","","","","","","","","","","","","","","","","","","","","","","","","","","","","","","","","","","","","","","","","","","","","","","","","","","","","","","","",""
"06163007","TENDE_SAPC",44.043167,7.586,636,2000031714,0.,1,"","","","","","","","","","","","","","","","","","","","","","","","","","","","","","","","","","",17.,1,-2.2,1,16.9,1,"","",17.2,1,"","","","","","","","","","","","","","","","","","","","",27,1,"","","","","","","","","","","","",5.2,1,"","","","","","","","","","","","","","","","","","","","","","","","","","","","","","","","","","","","","","","","","","","","","","","","","","","","","","","","","","","","","","","","","","","","","","","","","","","","","","","","","","","","","","","","","","","","","","","","","","","","","","","","","","","","","","","","","","","",""
"06163007","TENDE_SAPC",44.043167,7.586,636,2000031715,0.,1,"","","","","","","","","","","","","","","","","","","","","","","","","","","","","","","","","","",16.3,1,-1.8,1,16.3,1,"","",17.,1,"","","","","","","","","","","","","","","","","","","","",29,1,"","","","","","","","","","","","",5.4,1,"","","","","","","","","","","","","","","","","","","","","","","","","","","","","","","","","","","","","","","","","","","","","","","","","","","","","","","","","","","","","","","","","","","","","","","","","","","","","","","","","","","","","","","","","","","","","","","","","","","","","","","","","","","","","","","","","","","",""
"06163007","TENDE_SAPC",44.043167,7.586,636,2000031716,0.,1,"","","","","","","","","","","","","","","","","","","","","","","","","","","","","","","","","","",15.,1,-0.4,1,15.,1,"","",16.3,1,"","","","","","","","","","","","","","","","","","","","",35,1,"","","","","","","","","","","","",6.,1,"","","","","","","","","","","","","","","","","","","","","","","","","","","","","","","","","","","","","","","","","","","","","","","","","","","","","","","","","","","","","","","","","","","","","","","","","","","","","","","","","","","","","","","","","","","","","","","","","","","","","","","","","","","","","","","","","","","",""
"06163007","TENDE_SAPC",44.043167,7.586,636,2000031717,0.,1,"","","","","","","","","","","","","","","","","","","","","","","","","","","","","","","","","","",12.9,1,0.3,1,12.9,1,"","",15.,1,"","","","","","","","","","","","","","","","","","","","",42,1,"","","","","","","","","","","","",6.2,1,"","","","","","","","","","","","","","","","","","","","","","","","","","","","","","","","","","","","","","","","","","","","","","","","","","","","","","","","","","","","","","","","","","","","","","","","","","","","","","","","","","","","","","","","","","","","","","","","","","","","","","","","","","","","","","","","","","","",""
"06163007","TENDE_SAPC",44.043167,7.586,636,2000031718,0.,1,"","","","","","","","","","","","","","","","","","","","","","","","","","","","","","","","","","",9.7,1,0.6,1,9.7,1,"","",12.9,1,"","","","","","","","","","","","","","","","","","","","",53,1,"","","","","","","","","","","","",6.4,1,"","","","","","","","","","","","","","","","","","","","","","","","","","","","","","","","","","","","","","","","","","","","","","","","","","","","","","","","","","","","","","","","","","","","","","","","","","","","","","","","","","","","","","","","","","","","","","","","","","","","","","","","","","","","","","","","","","","",""
"06163007","TENDE_SAPC",44.043167,7.586,636,2000031719,0.,1,"","","","","","","","","","","","","","","","","","","","","","","","","","","","","","","","","","",8.3,1,0.,1,8.3,1,"","",9.7,1,"","","","","","","","","","","","","","","","","","","","",56,1,"","","","","","","","","","","","",6.1,1,"","","","","","","","","","","","","","","","","","","","","","","","","","","","","","","","","","","","","","","","","","","","","","","","","","","","","","","","","","","","","","","","","","","","","","","","","","","","","","","","","","","","","","","","","","","","","","","","","","","","","","","","","","","","","","","","","","","",""
"06163007","TENDE_SAPC",44.043167,7.586,636,2000031720,0.,1,"","","","","","","","","","","","","","","","","","","","","","","","","","","","","","","","","","",7.4,1,-0.3,1,7.4,1,"","",8.3,1,"","","","","","","","","","","","","","","","","","","","",58,1,"","","","","","","","","","","","",6.,1,"","","","","","","","","","","","","","","","","","","","","","","","","","","","","","","","","","","","","","","","","","","","","","","","","","","","","","","","","","","","","","","","","","","","","","","","","","","","","","","","","","","","","","","","","","","","","","","","","","","","","","","","","","","","","","","","","","","",""
"06163007","TENDE_SAPC",44.043167,7.586,636,2000031721,0.,1,"","","","","","","","","","","","","","","","","","","","","","","","","","","","","","","","","","",8.4,1,-1.2,1,7.1,1,"","",8.5,1,"","","","","","","","","","","","","","","","","","","","",51,1,"","","","","","","","","","","","",5.6,1,"","","","","","","","","","","","","","","","","","","","","","","","","","","","","","","","","","","","","","","","","","","","","","","","","","","","","","","","","","","","","","","","","","","","","","","","","","","","","","","","","","","","","","","","","","","","","","","","","","","","","","","","","","","","","","","","","","","",""
"06163007","TENDE_SAPC",44.043167,7.586,636,2000031722,0.,1,"","","","","","","","","","","","","","","","","","","","","","","","","","","","","","","","","","",7.9,1,-1.6,1,7.9,1,"","",8.9,1,"","","","","","","","","","","","","","","","","","","","",51,1,"","","","","","","","","","","","",5.4,1,"","","","","","","","","","","","","","","","","","","","","","","","","","","","","","","","","","","","","","","","","","","","","","","","","","","","","","","","","","","","","","","","","","","","","","","","","","","","","","","","","","","","","","","","","","","","","","","","","","","","","","","","","","","","","","","","","","","",""
"06163007","TENDE_SAPC",44.043167,7.586,636,2000031723,0.,1,"","","","","","","","","","","","","","","","","","","","","","","","","","","","","","","","","","",7.,1,-1.9,1,7.,1,"","",7.9,1,"","","","","","","","","","","","","","","","","","","","",53,1,"","","","","","","","","","","","",5.3,1,"","","","","","","","","","","","","","","","","","","","","","","","","","","","","","","","","","","","","","","","","","","","","","","","","","","","","","","","","","","","","","","","","","","","","","","","","","","","","","","","","","","","","","","","","","","","","","","","","","","","","","","","","","","","","","","","","","","",""
"06163007","TENDE_SAPC",44.043167,7.586,636,2000031800,0.,1,"","","","","","","","","","","","","","","","","","","","","","","","","","","","","","","","","","",5.9,1,-2.2,1,5.9,1,"","",7.1,1,"","","","","","","","","","","","","","","","","","","","",56,1,"","","","","","","","","","","","",5.2,1,"","","","","","","","","","","","","","","","","","","","","","","","","","","","","","","","","","","","","","","","","","","","","","","","","","","","","","","","","","","","","","","","","","","","","","","","","","","","","","","","","","","","","","","","","","","","","","","","","","","","","","","","","","","","","","","","","","","",""
"06163007","TENDE_SAPC",44.043167,7.586,636,2000031801,0.,1,"","","","","","","","","","","","","","","","","","","","","","","","","","","","","","","","","","",4.9,1,-2.2,1,4.9,1,"","",5.8,1,"","","","","","","","","","","","","","","","","","","","",60,1,"","","","","","","","","","","","",5.2,1,"","","","","","","","","","","","","","","","","","","","","","","","","","","","","","","","","","","","","","","","","","","","","","","","","","","","","","","","","","","","","","","","","","","","","","","","","","","","","","","","","","","","","","","","","","","","","","","","","","","","","","","","","","","","","","","","","","","",""
"06163007","TENDE_SAPC",44.043167,7.586,636,2000031802,0.,1,"","","","","","","","","","","","","","","","","","","","","","","","","","","","","","","","","","",4.4,1,-1.8,1,4.4,1,"","",4.9,1,"","","","","","","","","","","","","","","","","","","","",64,1,"","","","","","","","","","","","",5.4,1,"","","","","","","","","","","","","","","","","","","","","","","","","","","","","","","","","","","","","","","","","","","","","","","","","","","","","","","","","","","","","","","","","","","","","","","","","","","","","","","","","","","","","","","","","","","","","","","","","","","","","","","","","","","","","","","","","","","",""
"06163007","TENDE_SAPC",44.043167,7.586,636,2000031803,0.,1,"","","","","","","","","","","","","","","","","","","","","","","","","","","","","","","","","","",4.1,1,-2.5,1,4.1,1,"","",4.4,1,"","","","","","","","","","","","","","","","","","","","",62,1,"","","","","","","","","","","","",5.1,1,"","","","","","","","","","","","","","","","","","","","","","","","","","","","","","","","","","","","","","","","","","","","","","","","","","","","","","","","","","","","","","","","","","","","","","","","","","","","","","","","","","","","","","","","","","","","","","","","","","","","","","","","","","","","","","","","","","","",""
"06163007","TENDE_SAPC",44.043167,7.586,636,2000031804,0.,1,"","","","","","","","","","","","","","","","","","","","","","","","","","","","","","","","","","",3.7,1,-2.5,1,3.7,1,"","",4.1,1,"","","","","","","","","","","","","","","","","","","","",64,1,"","","","","","","","","","","","",5.1,1,"","","","","","","","","","","","","","","","","","","","","","","","","","","","","","","","","","","","","","","","","","","","","","","","","","","","","","","","","","","","","","","","","","","","","","","","","","","","","","","","","","","","","","","","","","","","","","","","","","","","","","","","","","","","","","","","","","","",""
"06163007","TENDE_SAPC",44.043167,7.586,636,2000031805,0.,1,"","","","","","","","","","","","","","","","","","","","","","","","","","","","","","","","","","",3.5,1,-2.7,1,3.5,1,"","",3.8,1,"","","","","","","","","","","","","","","","","","","","",64,1,"","","","","","","","","","","","",5.,1,"","","","","","","","","","","","","","","","","","","","","","","","","","","","","","","","","","","","","","","","","","","","","","","","","","","","","","","","","","","","","","","","","","","","","","","","","","","","","","","","","","","","","","","","","","","","","","","","","","","","","","","","","","","","","","","","","","","",""
"06163007","TENDE_SAPC",44.043167,7.586,636,2000031806,0.,1,"","","","","","","","","","","","","","","","","","","","","","","","","","","","","","","","","","",3.9,1,-2.7,1,3.4,1,"","",3.9,1,"","","","","","","","","","","","","","","","","","","","",62,1,"","","","","","","","","","","","",5.,1,"","","","","","","","","","","","","","","","","","","","","","","","","","","","","","","","","","","","","","","","","","","","","","","","","","","","","","","","","","","","","","","","","","","","","","","","","","","","","","","","","","","","","","","","","","","","","","","","","","","","","","","","","","","","","","","","","","","",""
"06163007","TENDE_SAPC",44.043167,7.586,636,2000031807,0.,1,"","","","","","","","","","","","","","","","","","","","","","","","","","","","","","","","","","",5.4,1,-2.2,1,3.9,1,"","",5.4,1,"","","","","","","","","","","","","","","","","","","","",58,1,"","","","","","","","","","","","",5.2,1,"","","","","","","","","","","","","","","","","","","","","","","","","","","","","","","","","","","","","","","","","","","","","","","","","","","","","","","","","","","","","","","","","","","","","","","","","","","","","","","","","","","","","","","","","","","","","","","","","","","","","","","","","","","","","","","","","","","",""
"06163007","TENDE_SAPC",44.043167,7.586,636,2000031808,0.,1,"","","","","","","","","","","","","","","","","","","","","","","","","","","","","","","","","","",7.8,1,-1.7,1,5.4,1,"","",7.8,1,"","","","","","","","","","","","","","","","","","","","",51,1,"","","","","","","","","","","","",5.4,1,"","","","","","","","","","","","","","","","","","","","","","","","","","","","","","","","","","","","","","","","","","","","","","","","","","","","","","","","","","","","","","","","","","","","","","","","","","","","","","","","","","","","","","","","","","","","","","","","","","","","","","","","","","","","","","","","","","","",""
"06163007","TENDE_SAPC",44.043167,7.586,636,2000031809,0.,1,"","","","","","","","","","","","","","","","","","","","","","","","","","","","","","","","","","",10.5,1,-0.1,1,7.8,1,"","",10.5,1,"","","","","","","","","","","","","","","","","","","","",48,1,"","","","","","","","","","","","",6.1,1,"","","","","","","","","","","","","","","","","","","","","","","","","","","","","","","","","","","","","","","","","","","","","","","","","","","","","","","","","","","","","","","","","","","","","","","","","","","","","","","","","","","","","","","","","","","","","","","","","","","","","","","","","","","","","","","","","","","",""
"06163007","TENDE_SAPC",44.043167,7.586,636,2000031810,0.,1,"","","","","","","","","","","","","","","","","","","","","","","","","","","","","","","","","","",16.,1,-2.1,1,10.7,1,"","",16.,1,"","","","","","","","","","","","","","","","","","","","",29,1,"","","","","","","","","","","","",5.3,1,"","","","","","","","","","","","","","","","","","","","","","","","","","","","","","","","","","","","","","","","","","","","","","","","","","","","","","","","","","","","","","","","","","","","","","","","","","","","","","","","","","","","","","","","","","","","","","","","","","","","","","","","","","","","","","","","","","","",""
"06163007","TENDE_SAPC",44.043167,7.586,636,2000031811,0.,1,"","","","","","","","","","","","","","","","","","","","","","","","","","","","","","","","","","",17.5,1,-1.7,1,16.,1,"","",17.5,1,"","","","","","","","","","","","","","","","","","","","",27,1,"","","","","","","","","","","","",5.4,1,"","","","","","","","","","","","","","","","","","","","","","","","","","","","","","","","","","","","","","","","","","","","","","","","","","","","","","","","","","","","","","","","","","","","","","","","","","","","","","","","","","","","","","","","","","","","","","","","","","","","","","","","","","","","","","","","","","","",""
"06163007","TENDE_SAPC",44.043167,7.586,636,2000031812,0.,1,"","","","","","","","","","","","","","","","","","","","","","","","","","","","","","","","","","",17.9,1,-0.4,1,17.5,1,"","",17.9,1,"","","","","","","","","","","","","","","","","","","","",29,1,"","","","","","","","","","","","",5.9,1,"","","","","","","","","","","","","","","","","","","","","","","","","","","","","","","","","","","","","","","","","","","","","","","","","","","","","","","","","","","","","","","","","","","","","","","","","","","","","","","","","","","","","","","","","","","","","","","","","","","","","","","","","","","","","","","","","","","",""
"06163007","TENDE_SAPC",44.043167,7.586,636,2000031813,0.,1,"","","","","","","","","","","","","","","","","","","","","","","","","","","","","","","","","","",17.5,1,1.4,1,17.4,1,"","",18.2,1,"","","","","","","","","","","","","","","","","","","","",34,1,"","","","","","","","","","","","",6.8,1,"","","","","","","","","","","","","","","","","","","","","","","","","","","","","","","","","","","","","","","","","","","","","","","","","","","","","","","","","","","","","","","","","","","","","","","","","","","","","","","","","","","","","","","","","","","","","","","","","","","","","","","","","","","","","","","","","","","",""
"06163007","TENDE_SAPC",44.043167,7.586,636,2000031814,0.,1,"","","","","","","","","","","","","","","","","","","","","","","","","","","","","","","","","","",16.9,1,1.3,1,16.8,1,"","",17.5,1,"","","","","","","","","","","","","","","","","","","","",35,1,"","","","","","","","","","","","",6.7,1,"","","","","","","","","","","","","","","","","","","","","","","","","","","","","","","","","","","","","","","","","","","","","","","","","","","","","","","","","","","","","","","","","","","","","","","","","","","","","","","","","","","","","","","","","","","","","","","","","","","","","","","","","","","","","","","","","","","",""
"06163007","TENDE_SAPC",44.043167,7.586,636,2000031815,0.,1,"","","","","","","","","","","","","","","","","","","","","","","","","","","","","","","","","","",16.,1,1.3,1,16.,1,"","",17.,1,"","","","","","","","","","","","","","","","","","","","",37,1,"","","","","","","","","","","","",6.7,1,"","","","","","","","","","","","","","","","","","","","","","","","","","","","","","","","","","","","","","","","","","","","","","","","","","","","","","","","","","","","","","","","","","","","","","","","","","","","","","","","","","","","","","","","","","","","","","","","","","","","","","","","","","","","","","","","","","","",""
"06163007","TENDE_SAPC",44.043167,7.586,636,2000031816,0.,1,"","","","","","","","","","","","","","","","","","","","","","","","","","","","","","","","","","",14.8,1,0.6,1,14.8,1,"","",16.,1,"","","","","","","","","","","","","","","","","","","","",38,1,"","","","","","","","","","","","",6.4,1,"","","","","","","","","","","","","","","","","","","","","","","","","","","","","","","","","","","","","","","","","","","","","","","","","","","","","","","","","","","","","","","","","","","","","","","","","","","","","","","","","","","","","","","","","","","","","","","","","","","","","","","","","","","","","","","","","","","",""
"06163007","TENDE_SAPC",44.043167,7.586,636,2000031817,0.,1,"","","","","","","","","","","","","","","","","","","","","","","","","","","","","","","","","","",14.3,1,0.2,1,14.3,1,"","",14.8,1,"","","","","","","","","","","","","","","","","","","","",38,1,"","","","","","","","","","","","",6.2,1,"","","","","","","","","","","","","","","","","","","","","","","","","","","","","","","","","","","","","","","","","","","","","","","","","","","","","","","","","","","","","","","","","","","","","","","","","","","","","","","","","","","","","","","","","","","","","","","","","","","","","","","","","","","","","","","","","","","",""
"06163007","TENDE_SAPC",44.043167,7.586,636,2000031818,0.,1,"","","","","","","","","","","","","","","","","","","","","","","","","","","","","","","","","","",11.7,1,0.4,1,11.7,1,"","",14.3,1,"","","","","","","","","","","","","","","","","","","","",46,1,"","","","","","","","","","","","",6.3,1,"","","","","","","","","","","","","","","","","","","","","","","","","","","","","","","","","","","","","","","","","","","","","","","","","","","","","","","","","","","","","","","","","","","","","","","","","","","","","","","","","","","","","","","","","","","","","","","","","","","","","","","","","","","","","","","","","","","",""
"06163007","TENDE_SAPC",44.043167,7.586,636,2000031819,0.,1,"","","","","","","","","","","","","","","","","","","","","","","","","","","","","","","","","","",10.3,1,1.1,1,10.3,1,"","",11.7,1,"","","","","","","","","","","","","","","","","","","","",53,1,"","","","","","","","","","","","",6.6,1,"","","","","","","","","","","","","","","","","","","","","","","","","","","","","","","","","","","","","","","","","","","","","","","","","","","","","","","","","","","","","","","","","","","","","","","","","","","","","","","","","","","","","","","","","","","","","","","","","","","","","","","","","","","","","","","","","","","",""
"06163007","TENDE_SAPC",44.043167,7.586,636,2000031820,0.,1,"","","","","","","","","","","","","","","","","","","","","","","","","","","","","","","","","","",12.4,1,0.8,1,10.2,1,"","",12.5,1,"","","","","","","","","","","","","","","","","","","","",45,1,"","","","","","","","","","","","",6.5,1,"","","","","","","","","","","","","","","","","","","","","","","","","","","","","","","","","","","","","","","","","","","","","","","","","","","","","","","","","","","","","","","","","","","","","","","","","","","","","","","","","","","","","","","","","","","","","","","","","","","","","","","","","","","","","","","","","","","",""
"06163007","TENDE_SAPC",44.043167,7.586,636,2000031821,0.,1,"","","","","","","","","","","","","","","","","","","","","","","","","","","","","","","","","","",11.9,1,0.3,1,11.9,1,"","",12.4,1,"","","","","","","","","","","","","","","","","","","","",45,1,"","","","","","","","","","","","",6.3,1,"","","","","","","","","","","","","","","","","","","","","","","","","","","","","","","","","","","","","","","","","","","","","","","","","","","","","","","","","","","","","","","","","","","","","","","","","","","","","","","","","","","","","","","","","","","","","","","","","","","","","","","","","","","","","","","","","","","",""
"06163007","TENDE_SAPC",44.043167,7.586,636,2000031822,0.,1,"","","","","","","","","","","","","","","","","","","","","","","","","","","","","","","","","","",10.9,1,2.5,1,10.9,1,"","",11.9,1,"","","","","","","","","","","","","","","","","","","","",56,1,"","","","","","","","","","","","",7.3,1,"","","","","","","","","","","","","","","","","","","","","","","","","","","","","","","","","","","","","","","","","","","","","","","","","","","","","","","","","","","","","","","","","","","","","","","","","","","","","","","","","","","","","","","","","","","","","","","","","","","","","","","","","","","","","","","","","","","",""
"06163007","TENDE_SAPC",44.043167,7.586,636,2000031823,0.,1,"","","","","","","","","","","","","","","","","","","","","","","","","","","","","","","","","","",10.4,1,1.2,1,10.4,1,"","",10.9,1,"","","","","","","","","","","","","","","","","","","","",53,1,"","","","","","","","","","","","",6.7,1,"","","","","","","","","","","","","","","","","","","","","","","","","","","","","","","","","","","","","","","","","","","","","","","","","","","","","","","","","","","","","","","","","","","","","","","","","","","","","","","","","","","","","","","","","","","","","","","","","","","","","","","","","","","","","","","","","","","",""
"06163007","TENDE_SAPC",44.043167,7.586,636,2000031900,0.,1,"","","","","","","","","","","","","","","","","","","","","","","","","","","","","","","","","","",10.,1,0.3,1,10.,1,"","",10.4,1,"","","","","","","","","","","","","","","","","","","","",51,1,"","","","","","","","","","","","",6.3,1,"","","","","","","","","","","","","","","","","","","","","","","","","","","","","","","","","","","","","","","","","","","","","","","","","","","","","","","","","","","","","","","","","","","","","","","","","","","","","","","","","","","","","","","","","","","","","","","","","","","","","","","","","","","","","","","","","","","",""
"06163007","TENDE_SAPC",44.043167,7.586,636,2000031901,0.,1,"","","","","","","","","","","","","","","","","","","","","","","","","","","","","","","","","","",10.,1,0.,1,9.9,1,"","",10.1,1,"","","","","","","","","","","","","","","","","","","","",50,1,"","","","","","","","","","","","",6.1,1,"","","","","","","","","","","","","","","","","","","","","","","","","","","","","","","","","","","","","","","","","","","","","","","","","","","","","","","","","","","","","","","","","","","","","","","","","","","","","","","","","","","","","","","","","","","","","","","","","","","","","","","","","","","","","","","","","","","",""
"06163007","TENDE_SAPC",44.043167,7.586,636,2000031902,0.,1,"","","","","","","","","","","","","","","","","","","","","","","","","","","","","","","","","","",9.1,1,1.3,1,9.1,1,"","",10.2,1,"","","","","","","","","","","","","","","","","","","","",58,1,"","","","","","","","","","","","",6.7,1,"","","","","","","","","","","","","","","","","","","","","","","","","","","","","","","","","","","","","","","","","","","","","","","","","","","","","","","","","","","","","","","","","","","","","","","","","","","","","","","","","","","","","","","","","","","","","","","","","","","","","","","","","","","","","","","","","","","",""
"06163007","TENDE_SAPC",44.043167,7.586,636,2000031903,0.,1,"","","","","","","","","","","","","","","","","","","","","","","","","","","","","","","","","","",9.2,1,1.1,1,8.8,1,"","",9.2,1,"","","","","","","","","","","","","","","","","","","","",57,1,"","","","","","","","","","","","",6.6,1,"","","","","","","","","","","","","","","","","","","","","","","","","","","","","","","","","","","","","","","","","","","","","","","","","","","","","","","","","","","","","","","","","","","","","","","","","","","","","","","","","","","","","","","","","","","","","","","","","","","","","","","","","","","","","","","","","","","",""
"06163007","TENDE_SAPC",44.043167,7.586,636,2000031904,0.,1,"","","","","","","","","","","","","","","","","","","","","","","","","","","","","","","","","","",7.,1,2.5,1,7.,1,"","",9.2,1,"","","","","","","","","","","","","","","","","","","","",73,1,"","","","","","","","","","","","",7.3,1,"","","","","","","","","","","","","","","","","","","","","","","","","","","","","","","","","","","","","","","","","","","","","","","","","","","","","","","","","","","","","","","","","","","","","","","","","","","","","","","","","","","","","","","","","","","","","","","","","","","","","","","","","","","","","","","","","","","",""
"06163007","TENDE_SAPC",44.043167,7.586,636,2000031905,0.,1,"","","","","","","","","","","","","","","","","","","","","","","","","","","","","","","","","","",6.1,1,3.4,1,6.1,1,"","",7.,1,"","","","","","","","","","","","","","","","","","","","",83,1,"","","","","","","","","","","","",7.8,1,"","","","","","","","","","","","","","","","","","","","","","","","","","","","","","","","","","","","","","","","","","","","","","","","","","","","","","","","","","","","","","","","","","","","","","","","","","","","","","","","","","","","","","","","","","","","","","","","","","","","","","","","","","","","","","","","","","","",""
"06163007","TENDE_SAPC",44.043167,7.586,636,2000031906,0.,1,"","","","","","","","","","","","","","","","","","","","","","","","","","","","","","","","","","",6.2,1,1.1,1,5.9,1,"","",6.7,1,"","","","","","","","","","","","","","","","","","","","",70,1,"","","","","","","","","","","","",6.6,1,"","","","","","","","","","","","","","","","","","","","","","","","","","","","","","","","","","","","","","","","","","","","","","","","","","","","","","","","","","","","","","","","","","","","","","","","","","","","","","","","","","","","","","","","","","","","","","","","","","","","","","","","","","","","","","","","","","","",""
"06163007","TENDE_SAPC",44.043167,7.586,636,2000031907,0.,1,"","","","","","","","","","","","","","","","","","","","","","","","","","","","","","","","","","",6.7,1,-0.3,1,6.3,1,"","",6.7,1,"","","","","","","","","","","","","","","","","","","","",61,1,"","","","","","","","","","","","",6.,1,"","","","","","","","","","","","","","","","","","","","","","","","","","","","","","","","","","","","","","","","","","","","","","","","","","","","","","","","","","","","","","","","","","","","","","","","","","","","","","","","","","","","","","","","","","","","","","","","","","","","","","","","","","","","","","","","","","","",""
"06163007","TENDE_SAPC",44.043167,7.586,636,2000031908,0.,1,"","","","","","","","","","","","","","","","","","","","","","","","","","","","","","","","","","",6.6,1,1.9,1,6.6,1,"","",6.9,1,"","","","","","","","","","","","","","","","","","","","",72,1,"","","","","","","","","","","","",7.,1,"","","","","","","","","","","","","","","","","","","","","","","","","","","","","","","","","","","","","","","","","","","","","","","","","","","","","","","","","","","","","","","","","","","","","","","","","","","","","","","","","","","","","","","","","","","","","","","","","","","","","","","","","","","","","","","","","","","",""
"06163007","TENDE_SAPC",44.043167,7.586,636,2000031909,0.,1,"","","","","","","","","","","","","","","","","","","","","","","","","","","","","","","","","","",7.1,1,1.4,1,6.6,1,"","",7.1,1,"","","","","","","","","","","","","","","","","","","","",67,1,"","","","","","","","","","","","",6.8,1,"","","","","","","","","","","","","","","","","","","","","","","","","","","","","","","","","","","","","","","","","","","","","","","","","","","","","","","","","","","","","","","","","","","","","","","","","","","","","","","","","","","","","","","","","","","","","","","","","","","","","","","","","","","","","","","","","","","",""
"06163007","TENDE_SAPC",44.043167,7.586,636,2000031910,0.,1,"","","","","","","","","","","","","","","","","","","","","","","","","","","","","","","","","","",8.2,1,0.9,1,7.1,1,"","",8.3,1,"","","","","","","","","","","","","","","","","","","","",60,1,"","","","","","","","","","","","",6.5,1,"","","","","","","","","","","","","","","","","","","","","","","","","","","","","","","","","","","","","","","","","","","","","","","","","","","","","","","","","","","","","","","","","","","","","","","","","","","","","","","","","","","","","","","","","","","","","","","","","","","","","","","","","","","","","","","","","","","",""
"06163007","TENDE_SAPC",44.043167,7.586,636,2000031911,0.,1,"","","","","","","","","","","","","","","","","","","","","","","","","","","","","","","","","","",9.,1,1.2,1,8.1,1,"","",9.,1,"","","","","","","","","","","","","","","","","","","","",58,1,"","","","","","","","","","","","",6.6,1,"","","","","","","","","","","","","","","","","","","","","","","","","","","","","","","","","","","","","","","","","","","","","","","","","","","","","","","","","","","","","","","","","","","","","","","","","","","","","","","","","","","","","","","","","","","","","","","","","","","","","","","","","","","","","","","","","","","",""
"06163007","TENDE_SAPC",44.043167,7.586,636,2000031912,0.,1,"","","","","","","","","","","","","","","","","","","","","","","","","","","","","","","","","","",10.9,1,0.3,1,9.,1,"","",11.,1,"","","","","","","","","","","","","","","","","","","","",48,1,"","","","","","","","","","","","",6.2,1,"","","","","","","","","","","","","","","","","","","","","","","","","","","","","","","","","","","","","","","","","","","","","","","","","","","","","","","","","","","","","","","","","","","","","","","","","","","","","","","","","","","","","","","","","","","","","","","","","","","","","","","","","","","","","","","","","","","",""
"06163007","TENDE_SAPC",44.043167,7.586,636,2000031913,0.,1,"","","","","","","","","","","","","","","","","","","","","","","","","","","","","","","","","","",11.5,1,-0.3,1,10.7,1,"","",12.1,1,"","","","","","","","","","","","","","","","","","","","",44,1,"","","","","","","","","","","","",6.,1,"","","","","","","","","","","","","","","","","","","","","","","","","","","","","","","","","","","","","","","","","","","","","","","","","","","","","","","","","","","","","","","","","","","","","","","","","","","","","","","","","","","","","","","","","","","","","","","","","","","","","","","","","","","","","","","","","","","",""
"06163007","TENDE_SAPC",44.043167,7.586,636,2000031914,0.,1,"","","","","","","","","","","","","","","","","","","","","","","","","","","","","","","","","","",11.5,1,0.9,1,11.1,1,"","",11.7,1,"","","","","","","","","","","","","","","","","","","","",48,1,"","","","","","","","","","","","",6.5,1,"","","","","","","","","","","","","","","","","","","","","","","","","","","","","","","","","","","","","","","","","","","","","","","","","","","","","","","","","","","","","","","","","","","","","","","","","","","","","","","","","","","","","","","","","","","","","","","","","","","","","","","","","","","","","","","","","","","",""
"06163007","TENDE_SAPC",44.043167,7.586,636,2000031915,0.,1,"","","","","","","","","","","","","","","","","","","","","","","","","","","","","","","","","","",11.2,1,2.7,1,11.2,1,"","",11.7,1,"","","","","","","","","","","","","","","","","","","","",56,1,"","","","","","","","","","","","",7.4,1,"","","","","","","","","","","","","","","","","","","","","","","","","","","","","","","","","","","","","","","","","","","","","","","","","","","","","","","","","","","","","","","","","","","","","","","","","","","","","","","","","","","","","","","","","","","","","","","","","","","","","","","","","","","","","","","","","","","",""
"06163007","TENDE_SAPC",44.043167,7.586,636,2000031916,0.,1,"","","","","","","","","","","","","","","","","","","","","","","","","","","","","","","","","","",9.6,1,3.1,1,9.6,1,"","",11.2,1,"","","","","","","","","","","","","","","","","","","","",64,1,"","","","","","","","","","","","",7.6,1,"","","","","","","","","","","","","","","","","","","","","","","","","","","","","","","","","","","","","","","","","","","","","","","","","","","","","","","","","","","","","","","","","","","","","","","","","","","","","","","","","","","","","","","","","","","","","","","","","","","","","","","","","","","","","","","","","","","",""
"06163007","TENDE_SAPC",44.043167,7.586,636,2000031917,0.,1,"","","","","","","","","","","","","","","","","","","","","","","","","","","","","","","","","","",8.7,1,3.3,1,8.7,1,"","",9.5,1,"","","","","","","","","","","","","","","","","","","","",69,1,"","","","","","","","","","","","",7.8,1,"","","","","","","","","","","","","","","","","","","","","","","","","","","","","","","","","","","","","","","","","","","","","","","","","","","","","","","","","","","","","","","","","","","","","","","","","","","","","","","","","","","","","","","","","","","","","","","","","","","","","","","","","","","","","","","","","","","",""
"06163007","TENDE_SAPC",44.043167,7.586,636,2000031918,0.,1,"","","","","","","","","","","","","","","","","","","","","","","","","","","","","","","","","","",8.2,1,3.2,1,8.2,1,"","",8.7,1,"","","","","","","","","","","","","","","","","","","","",71,1,"","","","","","","","","","","","",7.7,1,"","","","","","","","","","","","","","","","","","","","","","","","","","","","","","","","","","","","","","","","","","","","","","","","","","","","","","","","","","","","","","","","","","","","","","","","","","","","","","","","","","","","","","","","","","","","","","","","","","","","","","","","","","","","","","","","","","","",""
"06163007","TENDE_SAPC",44.043167,7.586,636,2000031919,0.,1,"","","","","","","","","","","","","","","","","","","","","","","","","","","","","","","","","","",7.2,1,3.2,1,7.2,1,"","",8.2,1,"","","","","","","","","","","","","","","","","","","","",76,1,"","","","","","","","","","","","",7.7,1,"","","","","","","","","","","","","","","","","","","","","","","","","","","","","","","","","","","","","","","","","","","","","","","","","","","","","","","","","","","","","","","","","","","","","","","","","","","","","","","","","","","","","","","","","","","","","","","","","","","","","","","","","","","","","","","","","","","",""
"06163007","TENDE_SAPC",44.043167,7.586,636,2000031920,0.,1,"","","","","","","","","","","","","","","","","","","","","","","","","","","","","","","","","","",5.9,1,2.5,1,5.8,1,"","",7.2,1,"","","","","","","","","","","","","","","","","","","","",79,1,"","","","","","","","","","","","",7.3,1,"","","","","","","","","","","","","","","","","","","","","","","","","","","","","","","","","","","","","","","","","","","","","","","","","","","","","","","","","","","","","","","","","","","","","","","","","","","","","","","","","","","","","","","","","","","","","","","","","","","","","","","","","","","","","","","","","","","",""
"06163007","TENDE_SAPC",44.043167,7.586,636,2000031921,0.,1,"","","","","","","","","","","","","","","","","","","","","","","","","","","","","","","","","","",5.,1,1.7,1,5.,1,"","",5.9,1,"","","","","","","","","","","","","","","","","","","","",79,1,"","","","","","","","","","","","",6.9,1,"","","","","","","","","","","","","","","","","","","","","","","","","","","","","","","","","","","","","","","","","","","","","","","","","","","","","","","","","","","","","","","","","","","","","","","","","","","","","","","","","","","","","","","","","","","","","","","","","","","","","","","","","","","","","","","","","","","",""
"06163007","TENDE_SAPC",44.043167,7.586,636,2000031922,0.,1,"","","","","","","","","","","","","","","","","","","","","","","","","","","","","","","","","","",4.6,1,0.9,1,4.5,1,"","",5.3,1,"","","","","","","","","","","","","","","","","","","","",77,1,"","","","","","","","","","","","",6.5,1,"","","","","","","","","","","","","","","","","","","","","","","","","","","","","","","","","","","","","","","","","","","","","","","","","","","","","","","","","","","","","","","","","","","","","","","","","","","","","","","","","","","","","","","","","","","","","","","","","","","","","","","","","","","","","","","","","","","",""
"06163007","TENDE_SAPC",44.043167,7.586,636,2000031923,0.,1,"","","","","","","","","","","","","","","","","","","","","","","","","","","","","","","","","","",4.4,1,0.2,1,4.4,1,"","",4.8,1,"","","","","","","","","","","","","","","","","","","","",74,1,"","","","","","","","","","","","",6.2,1,"","","","","","","","","","","","","","","","","","","","","","","","","","","","","","","","","","","","","","","","","","","","","","","","","","","","","","","","","","","","","","","","","","","","","","","","","","","","","","","","","","","","","","","","","","","","","","","","","","","","","","","","","","","","","","","","","","","",""
"06163007","TENDE_SAPC",44.043167,7.586,636,2000032000,0.,1,"","","","","","","","","","","","","","","","","","","","","","","","","","","","","","","","","","",4.6,1,-0.2,1,4.3,1,"","",4.6,1,"","","","","","","","","","","","","","","","","","","","",71,1,"","","","","","","","","","","","",6.,1,"","","","","","","","","","","","","","","","","","","","","","","","","","","","","","","","","","","","","","","","","","","","","","","","","","","","","","","","","","","","","","","","","","","","","","","","","","","","","","","","","","","","","","","","","","","","","","","","","","","","","","","","","","","","","","","","","","","",""
"06163007","TENDE_SAPC",44.043167,7.586,636,2000032001,0.,1,"","","","","","","","","","","","","","","","","","","","","","","","","","","","","","","","","","",4.5,1,-0.1,1,4.5,1,"","",4.7,1,"","","","","","","","","","","","","","","","","","","","",72,1,"","","","","","","","","","","","",6.1,1,"","","","","","","","","","","","","","","","","","","","","","","","","","","","","","","","","","","","","","","","","","","","","","","","","","","","","","","","","","","","","","","","","","","","","","","","","","","","","","","","","","","","","","","","","","","","","","","","","","","","","","","","","","","","","","","","","","","",""
"06163007","TENDE_SAPC",44.043167,7.586,636,2000032002,0.,1,"","","","","","","","","","","","","","","","","","","","","","","","","","","","","","","","","","",4.7,1,0.1,1,4.4,1,"","",4.8,1,"","","","","","","","","","","","","","","","","","","","",72,1,"","","","","","","","","","","","",6.1,1,"","","","","","","","","","","","","","","","","","","","","","","","","","","","","","","","","","","","","","","","","","","","","","","","","","","","","","","","","","","","","","","","","","","","","","","","","","","","","","","","","","","","","","","","","","","","","","","","","","","","","","","","","","","","","","","","","","","",""
"06163007","TENDE_SAPC",44.043167,7.586,636,2000032003,0.,1,"","","","","","","","","","","","","","","","","","","","","","","","","","","","","","","","","","",6.9,1,1.,1,4.7,1,"","",6.9,1,"","","","","","","","","","","","","","","","","","","","",66,1,"","","","","","","","","","","","",6.6,1,"","","","","","","","","","","","","","","","","","","","","","","","","","","","","","","","","","","","","","","","","","","","","","","","","","","","","","","","","","","","","","","","","","","","","","","","","","","","","","","","","","","","","","","","","","","","","","","","","","","","","","","","","","","","","","","","","","","",""
"06163007","TENDE_SAPC",44.043167,7.586,636,2000032004,0.6,1,"","","","","","","","","","","","","","","","","","","","","","","","","","","","","","","","","","",5.3,1,0.3,1,5.3,1,"","",6.9,1,"","","","","","","","","","","","","","","","","","","","",70,1,"","","","","","","","","","","","",6.2,1,"","","","","","","","","","","","","","","","","","","","","","","","","","","","","","","","","","","","","","","","","","","","","","","","","","","","","","","","","","","","","","","","","","","","","","","","","","","","","","","","","","","","","","","","","","","","","","","","","","","","","","","","","","","","","","","","","","","",""
"06163007","TENDE_SAPC",44.043167,7.586,636,2000032005,0.,1,"","","","","","","","","","","","","","","","","","","","","","","","","","","","","","","","","","",5.,1,-1.3,1,5.,1,"","",5.5,1,"","","","","","","","","","","","","","","","","","","","",64,1,"","","","","","","","","","","","",5.6,1,"","","","","","","","","","","","","","","","","","","","","","","","","","","","","","","","","","","","","","","","","","","","","","","","","","","","","","","","","","","","","","","","","","","","","","","","","","","","","","","","","","","","","","","","","","","","","","","","","","","","","","","","","","","","","","","","","","","",""
"06163007","TENDE_SAPC",44.043167,7.586,636,2000032006,0.4,1,"","","","","","","","","","","","","","","","","","","","","","","","","","","","","","","","","","",4.5,1,-1.9,1,3.9,1,"","",4.9,1,"","","","","","","","","","","","","","","","","","","","",63,1,"","","","","","","","","","","","",5.3,1,"","","","","","","","","","","","","","","","","","","","","","","","","","","","","","","","","","","","","","","","","","","","","","","","","","","","","","","","","","","","","","","","","","","","","","","","","","","","","","","","","","","","","","","","","","","","","","","","","","","","","","","","","","","","","","","","","","","",""
"06163007","TENDE_SAPC",44.043167,7.586,636,2000032007,0.,1,"","","","","","","","","","","","","","","","","","","","","","","","","","","","","","","","","","",5.6,1,-2.3,1,4.5,1,"","",5.8,1,"","","","","","","","","","","","","","","","","","","","",57,1,"","","","","","","","","","","","",5.2,1,"","","","","","","","","","","","","","","","","","","","","","","","","","","","","","","","","","","","","","","","","","","","","","","","","","","","","","","","","","","","","","","","","","","","","","","","","","","","","","","","","","","","","","","","","","","","","","","","","","","","","","","","","","","","","","","","","","","",""
"06163007","TENDE_SAPC",44.043167,7.586,636,2000032008,0.,1,"","","","","","","","","","","","","","","","","","","","","","","","","","","","","","","","","","",5.4,1,-2.2,1,5.1,1,"","",5.6,1,"","","","","","","","","","","","","","","","","","","","",58,1,"","","","","","","","","","","","",5.2,1,"","","","","","","","","","","","","","","","","","","","","","","","","","","","","","","","","","","","","","","","","","","","","","","","","","","","","","","","","","","","","","","","","","","","","","","","","","","","","","","","","","","","","","","","","","","","","","","","","","","","","","","","","","","","","","","","","","","",""
"06163007","TENDE_SAPC",44.043167,7.586,636,2000032009,0.,1,"","","","","","","","","","","","","","","","","","","","","","","","","","","","","","","","","","",5.9,1,-2.,1,5.3,1,"","",5.9,1,"","","","","","","","","","","","","","","","","","","","",57,1,"","","","","","","","","","","","",5.3,1,"","","","","","","","","","","","","","","","","","","","","","","","","","","","","","","","","","","","","","","","","","","","","","","","","","","","","","","","","","","","","","","","","","","","","","","","","","","","","","","","","","","","","","","","","","","","","","","","","","","","","","","","","","","","","","","","","","","",""
"06163007","TENDE_SAPC",44.043167,7.586,636,2000032010,0.,1,"","","","","","","","","","","","","","","","","","","","","","","","","","","","","","","","","","",7.4,1,-3.2,1,5.9,1,"","",7.5,1,"","","","","","","","","","","","","","","","","","","","",47,1,"","","","","","","","","","","","",4.8,1,"","","","","","","","","","","","","","","","","","","","","","","","","","","","","","","","","","","","","","","","","","","","","","","","","","","","","","","","","","","","","","","","","","","","","","","","","","","","","","","","","","","","","","","","","","","","","","","","","","","","","","","","","","","","","","","","","","","",""
"06163007","TENDE_SAPC",44.043167,7.586,636,2000032011,0.,1,"","","","","","","","","","","","","","","","","","","","","","","","","","","","","","","","","","",8.,1,-3.5,1,7.2,1,"","",8.1,1,"","","","","","","","","","","","","","","","","","","","",44,1,"","","","","","","","","","","","",4.7,1,"","","","","","","","","","","","","","","","","","","","","","","","","","","","","","","","","","","","","","","","","","","","","","","","","","","","","","","","","","","","","","","","","","","","","","","","","","","","","","","","","","","","","","","","","","","","","","","","","","","","","","","","","","","","","","","","","","","",""
"06163007","TENDE_SAPC",44.043167,7.586,636,2000032012,0.,1,"","","","","","","","","","","","","","","","","","","","","","","","","","","","","","","","","","",8.2,1,-4.3,1,8.1,1,"","",8.6,1,"","","","","","","","","","","","","","","","","","","","",41,1,"","","","","","","","","","","","",4.5,1,"","","","","","","","","","","","","","","","","","","","","","","","","","","","","","","","","","","","","","","","","","","","","","","","","","","","","","","","","","","","","","","","","","","","","","","","","","","","","","","","","","","","","","","","","","","","","","","","","","","","","","","","","","","","","","","","","","","",""
"06163007","TENDE_SAPC",44.043167,7.586,636,2000032013,0.,1,"","","","","","","","","","","","","","","","","","","","","","","","","","","","","","","","","","",8.9,1,-5.8,1,8.3,1,"","",9.,1,"","","","","","","","","","","","","","","","","","","","",35,1,"","","","","","","","","","","","",4.,1,"","","","","","","","","","","","","","","","","","","","","","","","","","","","","","","","","","","","","","","","","","","","","","","","","","","","","","","","","","","","","","","","","","","","","","","","","","","","","","","","","","","","","","","","","","","","","","","","","","","","","","","","","","","","","","","","","","","",""
"06163007","TENDE_SAPC",44.043167,7.586,636,2000032014,0.,1,"","","","","","","","","","","","","","","","","","","","","","","","","","","","","","","","","","",9.4,1,-6.1,1,8.9,1,"","",9.7,1,"","","","","","","","","","","","","","","","","","","","",33,1,"","","","","","","","","","","","",3.9,1,"","","","","","","","","","","","","","","","","","","","","","","","","","","","","","","","","","","","","","","","","","","","","","","","","","","","","","","","","","","","","","","","","","","","","","","","","","","","","","","","","","","","","","","","","","","","","","","","","","","","","","","","","","","","","","","","","","","",""
"06163007","TENDE_SAPC",44.043167,7.586,636,2000032015,0.,1,"","","","","","","","","","","","","","","","","","","","","","","","","","","","","","","","","","",8.9,1,-5.4,1,8.9,1,"","",9.6,1,"","","","","","","","","","","","","","","","","","","","",36,1,"","","","","","","","","","","","",4.1,1,"","","","","","","","","","","","","","","","","","","","","","","","","","","","","","","","","","","","","","","","","","","","","","","","","","","","","","","","","","","","","","","","","","","","","","","","","","","","","","","","","","","","","","","","","","","","","","","","","","","","","","","","","","","","","","","","","","","",""
"06163007","TENDE_SAPC",44.043167,7.586,636,2000032016,0.,1,"","","","","","","","","","","","","","","","","","","","","","","","","","","","","","","","","","",8.4,1,-6.2,1,8.4,1,"","",8.9,1,"","","","","","","","","","","","","","","","","","","","",35,1,"","","","","","","","","","","","",3.9,1,"","","","","","","","","","","","","","","","","","","","","","","","","","","","","","","","","","","","","","","","","","","","","","","","","","","","","","","","","","","","","","","","","","","","","","","","","","","","","","","","","","","","","","","","","","","","","","","","","","","","","","","","","","","","","","","","","","","",""
"06163007","TENDE_SAPC",44.043167,7.586,636,2000032017,0.,1,"","","","","","","","","","","","","","","","","","","","","","","","","","","","","","","","","","",7.8,1,-6.4,1,7.8,1,"","",8.4,1,"","","","","","","","","","","","","","","","","","","","",36,1,"","","","","","","","","","","","",3.8,1,"","","","","","","","","","","","","","","","","","","","","","","","","","","","","","","","","","","","","","","","","","","","","","","","","","","","","","","","","","","","","","","","","","","","","","","","","","","","","","","","","","","","","","","","","","","","","","","","","","","","","","","","","","","","","","","","","","","",""
"06163007","TENDE_SAPC",44.043167,7.586,636,2000032018,0.,1,"","","","","","","","","","","","","","","","","","","","","","","","","","","","","","","","","","",6.8,1,-6.6,1,6.8,1,"","",7.8,1,"","","","","","","","","","","","","","","","","","","","",38,1,"","","","","","","","","","","","",3.8,1,"","","","","","","","","","","","","","","","","","","","","","","","","","","","","","","","","","","","","","","","","","","","","","","","","","","","","","","","","","","","","","","","","","","","","","","","","","","","","","","","","","","","","","","","","","","","","","","","","","","","","","","","","","","","","","","","","","","",""
"06163007","TENDE_SAPC",44.043167,7.586,636,2000032019,0.,1,"","","","","","","","","","","","","","","","","","","","","","","","","","","","","","","","","","",4.1,1,-5.1,1,4.1,1,"","",6.8,1,"","","","","","","","","","","","","","","","","","","","",51,1,"","","","","","","","","","","","",4.2,1,"","","","","","","","","","","","","","","","","","","","","","","","","","","","","","","","","","","","","","","","","","","","","","","","","","","","","","","","","","","","","","","","","","","","","","","","","","","","","","","","","","","","","","","","","","","","","","","","","","","","","","","","","","","","","","","","","","","",""
"06163007","TENDE_SAPC",44.043167,7.586,636,2000032020,0.,1,"","","","","","","","","","","","","","","","","","","","","","","","","","","","","","","","","","",2.3,1,-4.5,1,2.3,1,"","",4.1,1,"","","","","","","","","","","","","","","","","","","","",61,1,"","","","","","","","","","","","",4.4,1,"","","","","","","","","","","","","","","","","","","","","","","","","","","","","","","","","","","","","","","","","","","","","","","","","","","","","","","","","","","","","","","","","","","","","","","","","","","","","","","","","","","","","","","","","","","","","","","","","","","","","","","","","","","","","","","","","","","",""
"06163007","TENDE_SAPC",44.043167,7.586,636,2000032021,0.,1,"","","","","","","","","","","","","","","","","","","","","","","","","","","","","","","","","","",1.5,1,-5.9,1,1.5,1,"","",2.3,1,"","","","","","","","","","","","","","","","","","","","",58,1,"","","","","","","","","","","","",3.9,1,"","","","","","","","","","","","","","","","","","","","","","","","","","","","","","","","","","","","","","","","","","","","","","","","","","","","","","","","","","","","","","","","","","","","","","","","","","","","","","","","","","","","","","","","","","","","","","","","","","","","","","","","","","","","","","","","","","","",""
"06163007","TENDE_SAPC",44.043167,7.586,636,2000032022,0.,1,"","","","","","","","","","","","","","","","","","","","","","","","","","","","","","","","","","",0.5,1,-5.9,1,0.5,1,"","",1.5,1,"","","","","","","","","","","","","","","","","","","","",62,1,"","","","","","","","","","","","",3.9,1,"","","","","","","","","","","","","","","","","","","","","","","","","","","","","","","","","","","","","","","","","","","","","","","","","","","","","","","","","","","","","","","","","","","","","","","","","","","","","","","","","","","","","","","","","","","","","","","","","","","","","","","","","","","","","","","","","","","",""
"06163007","TENDE_SAPC",44.043167,7.586,636,2000032023,0.,1,"","","","","","","","","","","","","","","","","","","","","","","","","","","","","","","","","","",0.,1,-6.4,1,0.,1,"","",0.7,1,"","","","","","","","","","","","","","","","","","","","",62,1,"","","","","","","","","","","","",3.8,1,"","","","","","","","","","","","","","","","","","","","","","","","","","","","","","","","","","","","","","","","","","","","","","","","","","","","","","","","","","","","","","","","","","","","","","","","","","","","","","","","","","","","","","","","","","","","","","","","","","","","","","","","","","","","","","","","","","","",""
"06163007","TENDE_SAPC",44.043167,7.586,636,2000032100,0.,1,"","","","","","","","","","","","","","","","","","","","","","","","","","","","","","","","","","",-0.7,1,-6.3,1,-0.7,1,"","",-0.1,1,"","","","","","","","","","","","","","","","","","","","",66,1,"","","","","","","","","","","","",3.8,1,"","","","","","","","","","","","","","","","","","","","","","","","","","","","","","","","","","","","","","","","","","","","","","","","","","","","","","","","","","","","","","","","","","","","","","","","","","","","","","","","","","","","","","","","","","","","","","","","","","","","","","","","","","","","","","","","","","","",""
"06163007","TENDE_SAPC",44.043167,7.586,636,2000032101,0.,1,"","","","","","","","","","","","","","","","","","","","","","","","","","","","","","","","","","",-1.,1,-6.,1,-1.1,1,"","",-0.7,1,"","","","","","","","","","","","","","","","","","","","",69,1,"","","","","","","","","","","","",3.9,1,"","","","","","","","","","","","","","","","","","","","","","","","","","","","","","","","","","","","","","","","","","","","","","","","","","","","","","","","","","","","","","","","","","","","","","","","","","","","","","","","","","","","","","","","","","","","","","","","","","","","","","","","","","","","","","","","","","","",""
"06163007","TENDE_SAPC",44.043167,7.586,636,2000032102,0.,1,"","","","","","","","","","","","","","","","","","","","","","","","","","","","","","","","","","",-1.3,1,-6.8,1,-1.3,1,"","",-0.9,1,"","","","","","","","","","","","","","","","","","","","",66,1,"","","","","","","","","","","","",3.7,1,"","","","","","","","","","","","","","","","","","","","","","","","","","","","","","","","","","","","","","","","","","","","","","","","","","","","","","","","","","","","","","","","","","","","","","","","","","","","","","","","","","","","","","","","","","","","","","","","","","","","","","","","","","","","","","","","","","","",""
"06163007","TENDE_SAPC",44.043167,7.586,636,2000032103,0.,1,"","","","","","","","","","","","","","","","","","","","","","","","","","","","","","","","","","",-1.5,1,-7.2,1,-1.5,1,"","",-1.3,1,"","","","","","","","","","","","","","","","","","","","",65,1,"","","","","","","","","","","","",3.6,1,"","","","","","","","","","","","","","","","","","","","","","","","","","","","","","","","","","","","","","","","","","","","","","","","","","","","","","","","","","","","","","","","","","","","","","","","","","","","","","","","","","","","","","","","","","","","","","","","","","","","","","","","","","","","","","","","","","","",""
"06163007","TENDE_SAPC",44.043167,7.586,636,2000032104,0.,1,"","","","","","","","","","","","","","","","","","","","","","","","","","","","","","","","","","",-1.6,1,-6.7,1,-1.7,1,"","",-1.5,1,"","","","","","","","","","","","","","","","","","","","",68,1,"","","","","","","","","","","","",3.7,1,"","","","","","","","","","","","","","","","","","","","","","","","","","","","","","","","","","","","","","","","","","","","","","","","","","","","","","","","","","","","","","","","","","","","","","","","","","","","","","","","","","","","","","","","","","","","","","","","","","","","","","","","","","","","","","","","","","","",""
"06163007","TENDE_SAPC",44.043167,7.586,636,2000032105,0.,1,"","","","","","","","","","","","","","","","","","","","","","","","","","","","","","","","","","",-1.5,1,-7.2,1,-1.8,1,"","",-1.4,1,"","","","","","","","","","","","","","","","","","","","",65,1,"","","","","","","","","","","","",3.6,1,"","","","","","","","","","","","","","","","","","","","","","","","","","","","","","","","","","","","","","","","","","","","","","","","","","","","","","","","","","","","","","","","","","","","","","","","","","","","","","","","","","","","","","","","","","","","","","","","","","","","","","","","","","","","","","","","","","","",""
"06163007","TENDE_SAPC",44.043167,7.586,636,2000032106,0.,1,"","","","","","","","","","","","","","","","","","","","","","","","","","","","","","","","","","",-1.7,1,-7.2,1,-1.8,1,"","",-1.5,1,"","","","","","","","","","","","","","","","","","","","",66,1,"","","","","","","","","","","","",3.6,1,"","","","","","","","","","","","","","","","","","","","","","","","","","","","","","","","","","","","","","","","","","","","","","","","","","","","","","","","","","","","","","","","","","","","","","","","","","","","","","","","","","","","","","","","","","","","","","","","","","","","","","","","","","","","","","","","","","","",""
"06163007","TENDE_SAPC",44.043167,7.586,636,2000032107,0.,1,"","","","","","","","","","","","","","","","","","","","","","","","","","","","","","","","","","",-0.8,1,-7.,1,-1.7,1,"","",-0.8,1,"","","","","","","","","","","","","","","","","","","","",63,1,"","","","","","","","","","","","",3.6,1,"","","","","","","","","","","","","","","","","","","","","","","","","","","","","","","","","","","","","","","","","","","","","","","","","","","","","","","","","","","","","","","","","","","","","","","","","","","","","","","","","","","","","","","","","","","","","","","","","","","","","","","","","","","","","","","","","","","",""
"06163007","TENDE_SAPC",44.043167,7.586,636,2000032108,0.,1,"","","","","","","","","","","","","","","","","","","","","","","","","","","","","","","","","","",-0.8,1,-6.8,1,-0.9,1,"","",-0.8,1,"","","","","","","","","","","","","","","","","","","","",64,1,"","","","","","","","","","","","",3.7,1,"","","","","","","","","","","","","","","","","","","","","","","","","","","","","","","","","","","","","","","","","","","","","","","","","","","","","","","","","","","","","","","","","","","","","","","","","","","","","","","","","","","","","","","","","","","","","","","","","","","","","","","","","","","","","","","","","","","",""
"06163007","TENDE_SAPC",44.043167,7.586,636,2000032109,0.,1,"","","","","","","","","","","","","","","","","","","","","","","","","","","","","","","","","","",4.9,1,-4.9,1,-0.8,1,"","",4.9,1,"","","","","","","","","","","","","","","","","","","","",49,1,"","","","","","","","","","","","",4.2,1,"","","","","","","","","","","","","","","","","","","","","","","","","","","","","","","","","","","","","","","","","","","","","","","","","","","","","","","","","","","","","","","","","","","","","","","","","","","","","","","","","","","","","","","","","","","","","","","","","","","","","","","","","","","","","","","","","","","",""
"06163007","TENDE_SAPC",44.043167,7.586,636,2000032110,0.,1,"","","","","","","","","","","","","","","","","","","","","","","","","","","","","","","","","","",10.,1,-5.2,1,5.1,1,"","",10.,1,"","","","","","","","","","","","","","","","","","","","",34,1,"","","","","","","","","","","","",4.2,1,"","","","","","","","","","","","","","","","","","","","","","","","","","","","","","","","","","","","","","","","","","","","","","","","","","","","","","","","","","","","","","","","","","","","","","","","","","","","","","","","","","","","","","","","","","","","","","","","","","","","","","","","","","","","","","","","","","","",""
"06163007","TENDE_SAPC",44.043167,7.586,636,2000032111,0.,1,"","","","","","","","","","","","","","","","","","","","","","","","","","","","","","","","","","",11.6,1,-4.2,1,10.,1,"","",11.6,1,"","","","","","","","","","","","","","","","","","","","",33,1,"","","","","","","","","","","","",4.5,1,"","","","","","","","","","","","","","","","","","","","","","","","","","","","","","","","","","","","","","","","","","","","","","","","","","","","","","","","","","","","","","","","","","","","","","","","","","","","","","","","","","","","","","","","","","","","","","","","","","","","","","","","","","","","","","","","","","","",""
"06163007","TENDE_SAPC",44.043167,7.586,636,2000032112,0.,1,"","","","","","","","","","","","","","","","","","","","","","","","","","","","","","","","","","",12.6,1,-2.5,1,11.6,1,"","",12.7,1,"","","","","","","","","","","","","","","","","","","","",35,1,"","","","","","","","","","","","",5.1,1,"","","","","","","","","","","","","","","","","","","","","","","","","","","","","","","","","","","","","","","","","","","","","","","","","","","","","","","","","","","","","","","","","","","","","","","","","","","","","","","","","","","","","","","","","","","","","","","","","","","","","","","","","","","","","","","","","","","",""
"06163007","TENDE_SAPC",44.043167,7.586,636,2000032113,0.,1,"","","","","","","","","","","","","","","","","","","","","","","","","","","","","","","","","","",12.6,1,-1.,1,12.5,1,"","",12.7,1,"","","","","","","","","","","","","","","","","","","","",39,1,"","","","","","","","","","","","",5.7,1,"","","","","","","","","","","","","","","","","","","","","","","","","","","","","","","","","","","","","","","","","","","","","","","","","","","","","","","","","","","","","","","","","","","","","","","","","","","","","","","","","","","","","","","","","","","","","","","","","","","","","","","","","","","","","","","","","","","",""
"06163007","TENDE_SAPC",44.043167,7.586,636,2000032114,0.,1,"","","","","","","","","","","","","","","","","","","","","","","","","","","","","","","","","","",12.3,1,-0.9,1,12.2,1,"","",12.8,1,"","","","","","","","","","","","","","","","","","","","",40,1,"","","","","","","","","","","","",5.7,1,"","","","","","","","","","","","","","","","","","","","","","","","","","","","","","","","","","","","","","","","","","","","","","","","","","","","","","","","","","","","","","","","","","","","","","","","","","","","","","","","","","","","","","","","","","","","","","","","","","","","","","","","","","","","","","","","","","","",""
"06163007","TENDE_SAPC",44.043167,7.586,636,2000032115,0.,1,"","","","","","","","","","","","","","","","","","","","","","","","","","","","","","","","","","",11.5,1,0.3,1,11.5,1,"","",12.5,1,"","","","","","","","","","","","","","","","","","","","",46,1,"","","","","","","","","","","","",6.2,1,"","","","","","","","","","","","","","","","","","","","","","","","","","","","","","","","","","","","","","","","","","","","","","","","","","","","","","","","","","","","","","","","","","","","","","","","","","","","","","","","","","","","","","","","","","","","","","","","","","","","","","","","","","","","","","","","","","","",""
"06163007","TENDE_SAPC",44.043167,7.586,636,2000032116,0.,1,"","","","","","","","","","","","","","","","","","","","","","","","","","","","","","","","","","",10.8,1,0.2,1,10.8,1,"","",11.5,1,"","","","","","","","","","","","","","","","","","","","",48,1,"","","","","","","","","","","","",6.2,1,"","","","","","","","","","","","","","","","","","","","","","","","","","","","","","","","","","","","","","","","","","","","","","","","","","","","","","","","","","","","","","","","","","","","","","","","","","","","","","","","","","","","","","","","","","","","","","","","","","","","","","","","","","","","","","","","","","","",""
"06163007","TENDE_SAPC",44.043167,7.586,636,2000032117,0.,1,"","","","","","","","","","","","","","","","","","","","","","","","","","","","","","","","","","",9.7,1,0.6,1,9.7,1,"","",10.8,1,"","","","","","","","","","","","","","","","","","","","",53,1,"","","","","","","","","","","","",6.4,1,"","","","","","","","","","","","","","","","","","","","","","","","","","","","","","","","","","","","","","","","","","","","","","","","","","","","","","","","","","","","","","","","","","","","","","","","","","","","","","","","","","","","","","","","","","","","","","","","","","","","","","","","","","","","","","","","","","","",""
"06163007","TENDE_SAPC",44.043167,7.586,636,2000032118,0.,1,"","","","","","","","","","","","","","","","","","","","","","","","","","","","","","","","","","",7.1,1,0.5,1,7.1,1,"","",9.6,1,"","","","","","","","","","","","","","","","","","","","",63,1,"","","","","","","","","","","","",6.3,1,"","","","","","","","","","","","","","","","","","","","","","","","","","","","","","","","","","","","","","","","","","","","","","","","","","","","","","","","","","","","","","","","","","","","","","","","","","","","","","","","","","","","","","","","","","","","","","","","","","","","","","","","","","","","","","","","","","","",""
"06163007","TENDE_SAPC",44.043167,7.586,636,2000032119,0.,1,"","","","","","","","","","","","","","","","","","","","","","","","","","","","","","","","","","",5.3,1,0.3,1,5.3,1,"","",7.1,1,"","","","","","","","","","","","","","","","","","","","",70,1,"","","","","","","","","","","","",6.2,1,"","","","","","","","","","","","","","","","","","","","","","","","","","","","","","","","","","","","","","","","","","","","","","","","","","","","","","","","","","","","","","","","","","","","","","","","","","","","","","","","","","","","","","","","","","","","","","","","","","","","","","","","","","","","","","","","","","","",""
"06163007","TENDE_SAPC",44.043167,7.586,636,2000032120,0.,1,"","","","","","","","","","","","","","","","","","","","","","","","","","","","","","","","","","",4.2,1,-0.2,1,4.2,1,"","",5.2,1,"","","","","","","","","","","","","","","","","","","","",73,1,"","","","","","","","","","","","",6.,1,"","","","","","","","","","","","","","","","","","","","","","","","","","","","","","","","","","","","","","","","","","","","","","","","","","","","","","","","","","","","","","","","","","","","","","","","","","","","","","","","","","","","","","","","","","","","","","","","","","","","","","","","","","","","","","","","","","","",""
"06163007","TENDE_SAPC",44.043167,7.586,636,2000032121,0.,1,"","","","","","","","","","","","","","","","","","","","","","","","","","","","","","","","","","",4.1,1,-0.7,1,4.1,1,"","",4.5,1,"","","","","","","","","","","","","","","","","","","","",71,1,"","","","","","","","","","","","",5.8,1,"","","","","","","","","","","","","","","","","","","","","","","","","","","","","","","","","","","","","","","","","","","","","","","","","","","","","","","","","","","","","","","","","","","","","","","","","","","","","","","","","","","","","","","","","","","","","","","","","","","","","","","","","","","","","","","","","","","",""
"06163007","TENDE_SAPC",44.043167,7.586,636,2000032122,0.,1,"","","","","","","","","","","","","","","","","","","","","","","","","","","","","","","","","","",3.4,1,-1.,1,3.4,1,"","",4.1,1,"","","","","","","","","","","","","","","","","","","","",73,1,"","","","","","","","","","","","",5.7,1,"","","","","","","","","","","","","","","","","","","","","","","","","","","","","","","","","","","","","","","","","","","","","","","","","","","","","","","","","","","","","","","","","","","","","","","","","","","","","","","","","","","","","","","","","","","","","","","","","","","","","","","","","","","","","","","","","","","",""
"06163007","TENDE_SAPC",44.043167,7.586,636,2000032123,0.,1,"","","","","","","","","","","","","","","","","","","","","","","","","","","","","","","","","","",2.9,1,-1.1,1,2.7,1,"","",3.4,1,"","","","","","","","","","","","","","","","","","","","",75,1,"","","","","","","","","","","","",5.6,1,"","","","","","","","","","","","","","","","","","","","","","","","","","","","","","","","","","","","","","","","","","","","","","","","","","","","","","","","","","","","","","","","","","","","","","","","","","","","","","","","","","","","","","","","","","","","","","","","","","","","","","","","","","","","","","","","","","","",""
"06163007","TENDE_SAPC",44.043167,7.586,636,2000032200,0.,1,"","","","","","","","","","","","","","","","","","","","","","","","","","","","","","","","","","",2.3,1,-1.5,1,2.3,1,"","",3.,1,"","","","","","","","","","","","","","","","","","","","",76,1,"","","","","","","","","","","","",5.5,1,"","","","","","","","","","","","","","","","","","","","","","","","","","","","","","","","","","","","","","","","","","","","","","","","","","","","","","","","","","","","","","","","","","","","","","","","","","","","","","","","","","","","","","","","","","","","","","","","","","","","","","","","","","","","","","","","","","","",""
"06163007","TENDE_SAPC",44.043167,7.586,636,2000032201,0.,1,"","","","","","","","","","","","","","","","","","","","","","","","","","","","","","","","","","",2.1,1,-2.1,1,2.,1,"","",2.4,1,"","","","","","","","","","","","","","","","","","","","",74,1,"","","","","","","","","","","","",5.3,1,"","","","","","","","","","","","","","","","","","","","","","","","","","","","","","","","","","","","","","","","","","","","","","","","","","","","","","","","","","","","","","","","","","","","","","","","","","","","","","","","","","","","","","","","","","","","","","","","","","","","","","","","","","","","","","","","","","","",""
"06163007","TENDE_SAPC",44.043167,7.586,636,2000032202,0.,1,"","","","","","","","","","","","","","","","","","","","","","","","","","","","","","","","","","",1.7,1,-2.3,1,1.7,1,"","",2.1,1,"","","","","","","","","","","","","","","","","","","","",75,1,"","","","","","","","","","","","",5.2,1,"","","","","","","","","","","","","","","","","","","","","","","","","","","","","","","","","","","","","","","","","","","","","","","","","","","","","","","","","","","","","","","","","","","","","","","","","","","","","","","","","","","","","","","","","","","","","","","","","","","","","","","","","","","","","","","","","","","",""
"06163007","TENDE_SAPC",44.043167,7.586,636,2000032203,0.,1,"","","","","","","","","","","","","","","","","","","","","","","","","","","","","","","","","","",1.1,1,-2.7,1,1.1,1,"","",1.7,1,"","","","","","","","","","","","","","","","","","","","",76,1,"","","","","","","","","","","","",5.,1,"","","","","","","","","","","","","","","","","","","","","","","","","","","","","","","","","","","","","","","","","","","","","","","","","","","","","","","","","","","","","","","","","","","","","","","","","","","","","","","","","","","","","","","","","","","","","","","","","","","","","","","","","","","","","","","","","","","",""
"06163007","TENDE_SAPC",44.043167,7.586,636,2000032204,0.,1,"","","","","","","","","","","","","","","","","","","","","","","","","","","","","","","","","","",1.,1,-3.1,1,0.9,1,"","",1.1,1,"","","","","","","","","","","","","","","","","","","","",74,1,"","","","","","","","","","","","",4.9,1,"","","","","","","","","","","","","","","","","","","","","","","","","","","","","","","","","","","","","","","","","","","","","","","","","","","","","","","","","","","","","","","","","","","","","","","","","","","","","","","","","","","","","","","","","","","","","","","","","","","","","","","","","","","","","","","","","","","",""
"06163007","TENDE_SAPC",44.043167,7.586,636,2000032205,0.,1,"","","","","","","","","","","","","","","","","","","","","","","","","","","","","","","","","","",0.9,1,-4.,1,0.7,1,"","",1.1,1,"","","","","","","","","","","","","","","","","","","","",70,1,"","","","","","","","","","","","",4.6,1,"","","","","","","","","","","","","","","","","","","","","","","","","","","","","","","","","","","","","","","","","","","","","","","","","","","","","","","","","","","","","","","","","","","","","","","","","","","","","","","","","","","","","","","","","","","","","","","","","","","","","","","","","","","","","","","","","","","",""
"06163007","TENDE_SAPC",44.043167,7.586,636,2000032206,0.,1,"","","","","","","","","","","","","","","","","","","","","","","","","","","","","","","","","","",0.6,1,-3.9,1,0.6,1,"","",1.,1,"","","","","","","","","","","","","","","","","","","","",72,1,"","","","","","","","","","","","",4.6,1,"","","","","","","","","","","","","","","","","","","","","","","","","","","","","","","","","","","","","","","","","","","","","","","","","","","","","","","","","","","","","","","","","","","","","","","","","","","","","","","","","","","","","","","","","","","","","","","","","","","","","","","","","","","","","","","","","","","",""
"06163007","TENDE_SAPC",44.043167,7.586,636,2000032207,0.,1,"","","","","","","","","","","","","","","","","","","","","","","","","","","","","","","","","","",1.,1,-4.1,1,0.5,1,"","",1.,1,"","","","","","","","","","","","","","","","","","","","",69,1,"","","","","","","","","","","","",4.5,1,"","","","","","","","","","","","","","","","","","","","","","","","","","","","","","","","","","","","","","","","","","","","","","","","","","","","","","","","","","","","","","","","","","","","","","","","","","","","","","","","","","","","","","","","","","","","","","","","","","","","","","","","","","","","","","","","","","","",""
"06163007","TENDE_SAPC",44.043167,7.586,636,2000032208,0.,1,"","","","","","","","","","","","","","","","","","","","","","","","","","","","","","","","","","",1.1,1,-3.,1,1.,1,"","",1.1,1,"","","","","","","","","","","","","","","","","","","","",74,1,"","","","","","","","","","","","",4.9,1,"","","","","","","","","","","","","","","","","","","","","","","","","","","","","","","","","","","","","","","","","","","","","","","","","","","","","","","","","","","","","","","","","","","","","","","","","","","","","","","","","","","","","","","","","","","","","","","","","","","","","","","","","","","","","","","","","","","",""
"06163007","TENDE_SAPC",44.043167,7.586,636,2000032209,"","","","","","","","","","","","","","","","","","","","","","","","","","","","","","","","","","","","",7.2,1,-3.1,1,"","","","","","","","","","","","","","","","","","","","","","","","","","",48,1,"","","","","","","","","","","","",4.9,1,"","","","","","","","","","","","","","","","","","","","","","","","","","","","","","","","","","","","","","","","","","","","","","","","","","","","","","","","","","","","","","","","","","","","","","","","","","","","","","","","","","","","","","","","","","","","","","","","","","","","","","","","","","","","","","","","","","","",""
"06163007","TENDE_SAPC",44.043167,7.586,636,2000032210,0.,1,"","","","","","","","","","","","","","","","","","","","","","","","","","","","","","","","","","",12.7,1,-6.9,1,7.4,1,"","",12.7,1,"","","","","","","","","","","","","","","","","","","","",25,1,"","","","","","","","","","","","",3.7,1,"","","","","","","","","","","","","","","","","","","","","","","","","","","","","","","","","","","","","","","","","","","","","","","","","","","","","","","","","","","","","","","","","","","","","","","","","","","","","","","","","","","","","","","","","","","","","","","","","","","","","","","","","","","","","","","","","","","",""
"06163007","TENDE_SAPC",44.043167,7.586,636,2000032211,0.,1,"","","","","","","","","","","","","","","","","","","","","","","","","","","","","","","","","","",13.7,1,-5.5,1,12.7,1,"","",13.7,1,"","","","","","","","","","","","","","","","","","","","",26,1,"","","","","","","","","","","","",4.1,1,"","","","","","","","","","","","","","","","","","","","","","","","","","","","","","","","","","","","","","","","","","","","","","","","","","","","","","","","","","","","","","","","","","","","","","","","","","","","","","","","","","","","","","","","","","","","","","","","","","","","","","","","","","","","","","","","","","","",""
"06163007","TENDE_SAPC",44.043167,7.586,636,2000032212,0.,1,"","","","","","","","","","","","","","","","","","","","","","","","","","","","","","","","","","",14.3,1,-5.,1,13.8,1,"","",14.3,1,"","","","","","","","","","","","","","","","","","","","",26,1,"","","","","","","","","","","","",4.2,1,"","","","","","","","","","","","","","","","","","","","","","","","","","","","","","","","","","","","","","","","","","","","","","","","","","","","","","","","","","","","","","","","","","","","","","","","","","","","","","","","","","","","","","","","","","","","","","","","","","","","","","","","","","","","","","","","","","","",""
"06163007","TENDE_SAPC",44.043167,7.586,636,2000032213,0.,1,"","","","","","","","","","","","","","","","","","","","","","","","","","","","","","","","","","",14.7,1,-5.2,1,14.2,1,"","",14.7,1,"","","","","","","","","","","","","","","","","","","","",25,1,"","","","","","","","","","","","",4.2,1,"","","","","","","","","","","","","","","","","","","","","","","","","","","","","","","","","","","","","","","","","","","","","","","","","","","","","","","","","","","","","","","","","","","","","","","","","","","","","","","","","","","","","","","","","","","","","","","","","","","","","","","","","","","","","","","","","","","",""
"06163007","TENDE_SAPC",44.043167,7.586,636,2000032214,0.,1,"","","","","","","","","","","","","","","","","","","","","","","","","","","","","","","","","","",14.6,1,-4.7,1,14.6,1,"","",14.9,1,"","","","","","","","","","","","","","","","","","","","",26,1,"","","","","","","","","","","","",4.3,1,"","","","","","","","","","","","","","","","","","","","","","","","","","","","","","","","","","","","","","","","","","","","","","","","","","","","","","","","","","","","","","","","","","","","","","","","","","","","","","","","","","","","","","","","","","","","","","","","","","","","","","","","","","","","","","","","","","","",""
"06163007","TENDE_SAPC",44.043167,7.586,636,2000032215,0.,1,"","","","","","","","","","","","","","","","","","","","","","","","","","","","","","","","","","",13.2,1,-4.5,1,13.2,1,"","",14.6,1,"","","","","","","","","","","","","","","","","","","","",29,1,"","","","","","","","","","","","",4.4,1,"","","","","","","","","","","","","","","","","","","","","","","","","","","","","","","","","","","","","","","","","","","","","","","","","","","","","","","","","","","","","","","","","","","","","","","","","","","","","","","","","","","","","","","","","","","","","","","","","","","","","","","","","","","","","","","","","","","",""
"06163007","TENDE_SAPC",44.043167,7.586,636,2000032216,0.,1,"","","","","","","","","","","","","","","","","","","","","","","","","","","","","","","","","","",11.8,1,-4.4,1,11.8,1,"","",13.2,1,"","","","","","","","","","","","","","","","","","","","",32,1,"","","","","","","","","","","","",4.4,1,"","","","","","","","","","","","","","","","","","","","","","","","","","","","","","","","","","","","","","","","","","","","","","","","","","","","","","","","","","","","","","","","","","","","","","","","","","","","","","","","","","","","","","","","","","","","","","","","","","","","","","","","","","","","","","","","","","","",""
"06163007","TENDE_SAPC",44.043167,7.586,636,2000032217,0.,1,"","","","","","","","","","","","","","","","","","","","","","","","","","","","","","","","","","",10.7,1,-4.5,1,10.7,1,"","",11.8,1,"","","","","","","","","","","","","","","","","","","","",34,1,"","","","","","","","","","","","",4.4,1,"","","","","","","","","","","","","","","","","","","","","","","","","","","","","","","","","","","","","","","","","","","","","","","","","","","","","","","","","","","","","","","","","","","","","","","","","","","","","","","","","","","","","","","","","","","","","","","","","","","","","","","","","","","","","","","","","","","",""
"06163007","TENDE_SAPC",44.043167,7.586,636,2000032218,0.,1,"","","","","","","","","","","","","","","","","","","","","","","","","","","","","","","","","","",7.6,1,-3.9,1,7.6,1,"","",10.7,1,"","","","","","","","","","","","","","","","","","","","",44,1,"","","","","","","","","","","","",4.6,1,"","","","","","","","","","","","","","","","","","","","","","","","","","","","","","","","","","","","","","","","","","","","","","","","","","","","","","","","","","","","","","","","","","","","","","","","","","","","","","","","","","","","","","","","","","","","","","","","","","","","","","","","","","","","","","","","","","","",""
"06163007","TENDE_SAPC",44.043167,7.586,636,2000032219,0.,1,"","","","","","","","","","","","","","","","","","","","","","","","","","","","","","","","","","",5.7,1,-3.1,1,5.7,1,"","",7.5,1,"","","","","","","","","","","","","","","","","","","","",53,1,"","","","","","","","","","","","",4.9,1,"","","","","","","","","","","","","","","","","","","","","","","","","","","","","","","","","","","","","","","","","","","","","","","","","","","","","","","","","","","","","","","","","","","","","","","","","","","","","","","","","","","","","","","","","","","","","","","","","","","","","","","","","","","","","","","","","","","",""
"06163007","TENDE_SAPC",44.043167,7.586,636,2000032220,0.,1,"","","","","","","","","","","","","","","","","","","","","","","","","","","","","","","","","","",5.,1,-3.3,1,4.7,1,"","",5.7,1,"","","","","","","","","","","","","","","","","","","","",55,1,"","","","","","","","","","","","",4.8,1,"","","","","","","","","","","","","","","","","","","","","","","","","","","","","","","","","","","","","","","","","","","","","","","","","","","","","","","","","","","","","","","","","","","","","","","","","","","","","","","","","","","","","","","","","","","","","","","","","","","","","","","","","","","","","","","","","","","",""
"06163007","TENDE_SAPC",44.043167,7.586,636,2000032221,0.,1,"","","","","","","","","","","","","","","","","","","","","","","","","","","","","","","","","","",4.4,1,-3.4,1,4.4,1,"","",5.,1,"","","","","","","","","","","","","","","","","","","","",57,1,"","","","","","","","","","","","",4.8,1,"","","","","","","","","","","","","","","","","","","","","","","","","","","","","","","","","","","","","","","","","","","","","","","","","","","","","","","","","","","","","","","","","","","","","","","","","","","","","","","","","","","","","","","","","","","","","","","","","","","","","","","","","","","","","","","","","","","",""
"06163007","TENDE_SAPC",44.043167,7.586,636,2000032222,0.,1,"","","","","","","","","","","","","","","","","","","","","","","","","","","","","","","","","","",3.8,1,-3.5,1,3.6,1,"","",4.4,1,"","","","","","","","","","","","","","","","","","","","",59,1,"","","","","","","","","","","","",4.7,1,"","","","","","","","","","","","","","","","","","","","","","","","","","","","","","","","","","","","","","","","","","","","","","","","","","","","","","","","","","","","","","","","","","","","","","","","","","","","","","","","","","","","","","","","","","","","","","","","","","","","","","","","","","","","","","","","","","","",""
"06163007","TENDE_SAPC",44.043167,7.586,636,2000032223,0.,1,"","","","","","","","","","","","","","","","","","","","","","","","","","","","","","","","","","",2.9,1,-3.5,1,2.9,1,"","",3.8,1,"","","","","","","","","","","","","","","","","","","","",63,1,"","","","","","","","","","","","",4.7,1,"","","","","","","","","","","","","","","","","","","","","","","","","","","","","","","","","","","","","","","","","","","","","","","","","","","","","","","","","","","","","","","","","","","","","","","","","","","","","","","","","","","","","","","","","","","","","","","","","","","","","","","","","","","","","","","","","","","",""
"06163007","TENDE_SAPC",44.043167,7.586,636,2000032300,0.,1,"","","","","","","","","","","","","","","","","","","","","","","","","","","","","","","","","","",2.2,1,-3.3,1,2.1,1,"","",2.8,1,"","","","","","","","","","","","","","","","","","","","",67,1,"","","","","","","","","","","","",4.8,1,"","","","","","","","","","","","","","","","","","","","","","","","","","","","","","","","","","","","","","","","","","","","","","","","","","","","","","","","","","","","","","","","","","","","","","","","","","","","","","","","","","","","","","","","","","","","","","","","","","","","","","","","","","","","","","","","","","","",""
"06163007","TENDE_SAPC",44.043167,7.586,636,2000032301,0.,1,"","","","","","","","","","","","","","","","","","","","","","","","","","","","","","","","","","",2.,1,-3.3,1,2.,1,"","",2.3,1,"","","","","","","","","","","","","","","","","","","","",68,1,"","","","","","","","","","","","",4.8,1,"","","","","","","","","","","","","","","","","","","","","","","","","","","","","","","","","","","","","","","","","","","","","","","","","","","","","","","","","","","","","","","","","","","","","","","","","","","","","","","","","","","","","","","","","","","","","","","","","","","","","","","","","","","","","","","","","","","",""
"06163007","TENDE_SAPC",44.043167,7.586,636,2000032302,0.,1,"","","","","","","","","","","","","","","","","","","","","","","","","","","","","","","","","","",1.4,1,-3.3,1,1.4,1,"","",2.,1,"","","","","","","","","","","","","","","","","","","","",71,1,"","","","","","","","","","","","",4.8,1,"","","","","","","","","","","","","","","","","","","","","","","","","","","","","","","","","","","","","","","","","","","","","","","","","","","","","","","","","","","","","","","","","","","","","","","","","","","","","","","","","","","","","","","","","","","","","","","","","","","","","","","","","","","","","","","","","","","",""
"06163007","TENDE_SAPC",44.043167,7.586,636,2000032303,0.,1,"","","","","","","","","","","","","","","","","","","","","","","","","","","","","","","","","","",1.7,1,-3.2,1,1.4,1,"","",1.7,1,"","","","","","","","","","","","","","","","","","","","",70,1,"","","","","","","","","","","","",4.8,1,"","","","","","","","","","","","","","","","","","","","","","","","","","","","","","","","","","","","","","","","","","","","","","","","","","","","","","","","","","","","","","","","","","","","","","","","","","","","","","","","","","","","","","","","","","","","","","","","","","","","","","","","","","","","","","","","","","","",""
"06163007","TENDE_SAPC",44.043167,7.586,636,2000032304,0.,1,"","","","","","","","","","","","","","","","","","","","","","","","","","","","","","","","","","",1.5,1,-3.,1,1.3,1,"","",1.7,1,"","","","","","","","","","","","","","","","","","","","",72,1,"","","","","","","","","","","","",4.9,1,"","","","","","","","","","","","","","","","","","","","","","","","","","","","","","","","","","","","","","","","","","","","","","","","","","","","","","","","","","","","","","","","","","","","","","","","","","","","","","","","","","","","","","","","","","","","","","","","","","","","","","","","","","","","","","","","","","","",""
"06163007","TENDE_SAPC",44.043167,7.586,636,2000032305,0.,1,"","","","","","","","","","","","","","","","","","","","","","","","","","","","","","","","","","",1.4,1,-2.9,1,1.4,1,"","",1.7,1,"","","","","","","","","","","","","","","","","","","","",73,1,"","","","","","","","","","","","",4.9,1,"","","","","","","","","","","","","","","","","","","","","","","","","","","","","","","","","","","","","","","","","","","","","","","","","","","","","","","","","","","","","","","","","","","","","","","","","","","","","","","","","","","","","","","","","","","","","","","","","","","","","","","","","","","","","","","","","","","",""
"06163007","TENDE_SAPC",44.043167,7.586,636,2000032306,0.,1,"","","","","","","","","","","","","","","","","","","","","","","","","","","","","","","","","","",1.9,1,-2.4,1,1.4,1,"","",1.9,1,"","","","","","","","","","","","","","","","","","","","",73,1,"","","","","","","","","","","","",5.1,1,"","","","","","","","","","","","","","","","","","","","","","","","","","","","","","","","","","","","","","","","","","","","","","","","","","","","","","","","","","","","","","","","","","","","","","","","","","","","","","","","","","","","","","","","","","","","","","","","","","","","","","","","","","","","","","","","","","","",""
"06163007","TENDE_SAPC",44.043167,7.586,636,2000032307,0.,1,"","","","","","","","","","","","","","","","","","","","","","","","","","","","","","","","","","",3.2,1,-2.1,1,1.9,1,"","",3.2,1,"","","","","","","","","","","","","","","","","","","","",68,1,"","","","","","","","","","","","",5.2,1,"","","","","","","","","","","","","","","","","","","","","","","","","","","","","","","","","","","","","","","","","","","","","","","","","","","","","","","","","","","","","","","","","","","","","","","","","","","","","","","","","","","","","","","","","","","","","","","","","","","","","","","","","","","","","","","","","","","",""
"06163007","TENDE_SAPC",44.043167,7.586,636,2000032308,0.,1,"","","","","","","","","","","","","","","","","","","","","","","","","","","","","","","","","","",5.3,1,-1.6,1,3.2,1,"","",5.3,1,"","","","","","","","","","","","","","","","","","","","",61,1,"","","","","","","","","","","","",5.4,1,"","","","","","","","","","","","","","","","","","","","","","","","","","","","","","","","","","","","","","","","","","","","","","","","","","","","","","","","","","","","","","","","","","","","","","","","","","","","","","","","","","","","","","","","","","","","","","","","","","","","","","","","","","","","","","","","","","","",""
"06163007","TENDE_SAPC",44.043167,7.586,636,2000032309,0.,1,"","","","","","","","","","","","","","","","","","","","","","","","","","","","","","","","","","",9.5,1,-2.2,1,5.4,1,"","",9.5,1,"","","","","","","","","","","","","","","","","","","","",44,1,"","","","","","","","","","","","",5.2,1,"","","","","","","","","","","","","","","","","","","","","","","","","","","","","","","","","","","","","","","","","","","","","","","","","","","","","","","","","","","","","","","","","","","","","","","","","","","","","","","","","","","","","","","","","","","","","","","","","","","","","","","","","","","","","","","","","","","",""
"06163007","TENDE_SAPC",44.043167,7.586,636,2000032310,0.,1,"","","","","","","","","","","","","","","","","","","","","","","","","","","","","","","","","","",11.5,1,-3.1,1,9.5,1,"","",11.6,1,"","","","","","","","","","","","","","","","","","","","",36,1,"","","","","","","","","","","","",4.9,1,"","","","","","","","","","","","","","","","","","","","","","","","","","","","","","","","","","","","","","","","","","","","","","","","","","","","","","","","","","","","","","","","","","","","","","","","","","","","","","","","","","","","","","","","","","","","","","","","","","","","","","","","","","","","","","","","","","","",""
"06163007","TENDE_SAPC",44.043167,7.586,636,2000032311,0.,1,"","","","","","","","","","","","","","","","","","","","","","","","","","","","","","","","","","",11.6,1,-2.3,1,11.4,1,"","",11.9,1,"","","","","","","","","","","","","","","","","","","","",38,1,"","","","","","","","","","","","",5.2,1,"","","","","","","","","","","","","","","","","","","","","","","","","","","","","","","","","","","","","","","","","","","","","","","","","","","","","","","","","","","","","","","","","","","","","","","","","","","","","","","","","","","","","","","","","","","","","","","","","","","","","","","","","","","","","","","","","","","",""
"06163007","TENDE_SAPC",44.043167,7.586,636,2000032312,0.,1,"","","","","","","","","","","","","","","","","","","","","","","","","","","","","","","","","","",11.3,1,-2.2,1,11.3,1,"","",11.5,1,"","","","","","","","","","","","","","","","","","","","",39,1,"","","","","","","","","","","","",5.2,1,"","","","","","","","","","","","","","","","","","","","","","","","","","","","","","","","","","","","","","","","","","","","","","","","","","","","","","","","","","","","","","","","","","","","","","","","","","","","","","","","","","","","","","","","","","","","","","","","","","","","","","","","","","","","","","","","","","","",""
"06163007","TENDE_SAPC",44.043167,7.586,636,2000032313,0.,1,"","","","","","","","","","","","","","","","","","","","","","","","","","","","","","","","","","",11.1,1,-2.4,1,11.,1,"","",11.3,1,"","","","","","","","","","","","","","","","","","","","",39,1,"","","","","","","","","","","","",5.1,1,"","","","","","","","","","","","","","","","","","","","","","","","","","","","","","","","","","","","","","","","","","","","","","","","","","","","","","","","","","","","","","","","","","","","","","","","","","","","","","","","","","","","","","","","","","","","","","","","","","","","","","","","","","","","","","","","","","","",""
"06163007","TENDE_SAPC",44.043167,7.586,636,2000032314,0.,1,"","","","","","","","","","","","","","","","","","","","","","","","","","","","","","","","","","",11.4,1,-2.1,1,11.,1,"","",11.4,1,"","","","","","","","","","","","","","","","","","","","",39,1,"","","","","","","","","","","","",5.2,1,"","","","","","","","","","","","","","","","","","","","","","","","","","","","","","","","","","","","","","","","","","","","","","","","","","","","","","","","","","","","","","","","","","","","","","","","","","","","","","","","","","","","","","","","","","","","","","","","","","","","","","","","","","","","","","","","","","","",""
"06163007","TENDE_SAPC",44.043167,7.586,636,2000032315,0.,1,"","","","","","","","","","","","","","","","","","","","","","","","","","","","","","","","","","",11.7,1,-2.2,1,11.2,1,"","",11.7,1,"","","","","","","","","","","","","","","","","","","","",38,1,"","","","","","","","","","","","",5.2,1,"","","","","","","","","","","","","","","","","","","","","","","","","","","","","","","","","","","","","","","","","","","","","","","","","","","","","","","","","","","","","","","","","","","","","","","","","","","","","","","","","","","","","","","","","","","","","","","","","","","","","","","","","","","","","","","","","","","",""
"06163007","TENDE_SAPC",44.043167,7.586,636,2000032316,0.,1,"","","","","","","","","","","","","","","","","","","","","","","","","","","","","","","","","","",12.6,1,-1.,1,11.7,1,"","",12.6,1,"","","","","","","","","","","","","","","","","","","","",39,1,"","","","","","","","","","","","",5.7,1,"","","","","","","","","","","","","","","","","","","","","","","","","","","","","","","","","","","","","","","","","","","","","","","","","","","","","","","","","","","","","","","","","","","","","","","","","","","","","","","","","","","","","","","","","","","","","","","","","","","","","","","","","","","","","","","","","","","",""
"06163007","TENDE_SAPC",44.043167,7.586,636,2000032317,0.,1,"","","","","","","","","","","","","","","","","","","","","","","","","","","","","","","","","","",10.7,1,0.7,1,10.7,1,"","",12.7,1,"","","","","","","","","","","","","","","","","","","","",50,1,"","","","","","","","","","","","",6.4,1,"","","","","","","","","","","","","","","","","","","","","","","","","","","","","","","","","","","","","","","","","","","","","","","","","","","","","","","","","","","","","","","","","","","","","","","","","","","","","","","","","","","","","","","","","","","","","","","","","","","","","","","","","","","","","","","","","","","",""
"06163007","TENDE_SAPC",44.043167,7.586,636,2000032318,0.,1,"","","","","","","","","","","","","","","","","","","","","","","","","","","","","","","","","","",10.2,1,0.8,1,10.2,1,"","",10.7,1,"","","","","","","","","","","","","","","","","","","","",52,1,"","","","","","","","","","","","",6.5,1,"","","","","","","","","","","","","","","","","","","","","","","","","","","","","","","","","","","","","","","","","","","","","","","","","","","","","","","","","","","","","","","","","","","","","","","","","","","","","","","","","","","","","","","","","","","","","","","","","","","","","","","","","","","","","","","","","","","",""
"06163007","TENDE_SAPC",44.043167,7.586,636,2000032319,0.,1,"","","","","","","","","","","","","","","","","","","","","","","","","","","","","","","","","","",9.1,1,1.3,1,9.1,1,"","",10.2,1,"","","","","","","","","","","","","","","","","","","","",58,1,"","","","","","","","","","","","",6.7,1,"","","","","","","","","","","","","","","","","","","","","","","","","","","","","","","","","","","","","","","","","","","","","","","","","","","","","","","","","","","","","","","","","","","","","","","","","","","","","","","","","","","","","","","","","","","","","","","","","","","","","","","","","","","","","","","","","","","",""
"06163007","TENDE_SAPC",44.043167,7.586,636,2000032320,0.,1,"","","","","","","","","","","","","","","","","","","","","","","","","","","","","","","","","","",8.4,1,1.1,1,8.4,1,"","",9.1,1,"","","","","","","","","","","","","","","","","","","","",60,1,"","","","","","","","","","","","",6.6,1,"","","","","","","","","","","","","","","","","","","","","","","","","","","","","","","","","","","","","","","","","","","","","","","","","","","","","","","","","","","","","","","","","","","","","","","","","","","","","","","","","","","","","","","","","","","","","","","","","","","","","","","","","","","","","","","","","","","",""
"06163007","TENDE_SAPC",44.043167,7.586,636,2000032321,0.,1,"","","","","","","","","","","","","","","","","","","","","","","","","","","","","","","","","","",7.9,1,0.8,1,7.9,1,"","",8.4,1,"","","","","","","","","","","","","","","","","","","","",61,1,"","","","","","","","","","","","",6.5,1,"","","","","","","","","","","","","","","","","","","","","","","","","","","","","","","","","","","","","","","","","","","","","","","","","","","","","","","","","","","","","","","","","","","","","","","","","","","","","","","","","","","","","","","","","","","","","","","","","","","","","","","","","","","","","","","","","","","",""
"06163007","TENDE_SAPC",44.043167,7.586,636,2000032322,0.,1,"","","","","","","","","","","","","","","","","","","","","","","","","","","","","","","","","","",8.2,1,0.7,1,7.9,1,"","",8.3,1,"","","","","","","","","","","","","","","","","","","","",59,1,"","","","","","","","","","","","",6.4,1,"","","","","","","","","","","","","","","","","","","","","","","","","","","","","","","","","","","","","","","","","","","","","","","","","","","","","","","","","","","","","","","","","","","","","","","","","","","","","","","","","","","","","","","","","","","","","","","","","","","","","","","","","","","","","","","","","","","",""
"06163007","TENDE_SAPC",44.043167,7.586,636,2000032323,0.,1,"","","","","","","","","","","","","","","","","","","","","","","","","","","","","","","","","","",7.6,1,0.3,1,7.6,1,"","",8.2,1,"","","","","","","","","","","","","","","","","","","","",60,1,"","","","","","","","","","","","",6.3,1,"","","","","","","","","","","","","","","","","","","","","","","","","","","","","","","","","","","","","","","","","","","","","","","","","","","","","","","","","","","","","","","","","","","","","","","","","","","","","","","","","","","","","","","","","","","","","","","","","","","","","","","","","","","","","","","","","","","",""
"06163007","TENDE_SAPC",44.043167,7.586,636,2000032400,0.,1,"","","","","","","","","","","","","","","","","","","","","","","","","","","","","","","","","","",6.4,1,0.5,1,6.4,1,"","",7.6,1,"","","","","","","","","","","","","","","","","","","","",66,1,"","","","","","","","","","","","",6.3,1,"","","","","","","","","","","","","","","","","","","","","","","","","","","","","","","","","","","","","","","","","","","","","","","","","","","","","","","","","","","","","","","","","","","","","","","","","","","","","","","","","","","","","","","","","","","","","","","","","","","","","","","","","","","","","","","","","","","",""
"06163007","TENDE_SAPC",44.043167,7.586,636,2000032401,0.,1,"","","","","","","","","","","","","","","","","","","","","","","","","","","","","","","","","","",6.1,1,0.4,1,6.1,1,"","",6.4,1,"","","","","","","","","","","","","","","","","","","","",67,1,"","","","","","","","","","","","",6.3,1,"","","","","","","","","","","","","","","","","","","","","","","","","","","","","","","","","","","","","","","","","","","","","","","","","","","","","","","","","","","","","","","","","","","","","","","","","","","","","","","","","","","","","","","","","","","","","","","","","","","","","","","","","","","","","","","","","","","",""
"06163007","TENDE_SAPC",44.043167,7.586,636,2000032402,0.,1,"","","","","","","","","","","","","","","","","","","","","","","","","","","","","","","","","","",6.2,1,0.5,1,6.,1,"","",6.2,1,"","","","","","","","","","","","","","","","","","","","",67,1,"","","","","","","","","","","","",6.3,1,"","","","","","","","","","","","","","","","","","","","","","","","","","","","","","","","","","","","","","","","","","","","","","","","","","","","","","","","","","","","","","","","","","","","","","","","","","","","","","","","","","","","","","","","","","","","","","","","","","","","","","","","","","","","","","","","","","","",""
"06163007","TENDE_SAPC",44.043167,7.586,636,2000032403,0.,1,"","","","","","","","","","","","","","","","","","","","","","","","","","","","","","","","","","",6.3,1,0.6,1,6.1,1,"","",6.3,1,"","","","","","","","","","","","","","","","","","","","",67,1,"","","","","","","","","","","","",6.4,1,"","","","","","","","","","","","","","","","","","","","","","","","","","","","","","","","","","","","","","","","","","","","","","","","","","","","","","","","","","","","","","","","","","","","","","","","","","","","","","","","","","","","","","","","","","","","","","","","","","","","","","","","","","","","","","","","","","","",""
"06163007","TENDE_SAPC",44.043167,7.586,636,2000032404,0.,1,"","","","","","","","","","","","","","","","","","","","","","","","","","","","","","","","","","",5.8,1,2.8,1,5.8,1,"","",6.3,1,"","","","","","","","","","","","","","","","","","","","",81,1,"","","","","","","","","","","","",7.5,1,"","","","","","","","","","","","","","","","","","","","","","","","","","","","","","","","","","","","","","","","","","","","","","","","","","","","","","","","","","","","","","","","","","","","","","","","","","","","","","","","","","","","","","","","","","","","","","","","","","","","","","","","","","","","","","","","","","","",""
"06163007","TENDE_SAPC",44.043167,7.586,636,2000032405,0.,1,"","","","","","","","","","","","","","","","","","","","","","","","","","","","","","","","","","",5.6,1,3.1,1,5.6,1,"","",5.8,1,"","","","","","","","","","","","","","","","","","","","",84,1,"","","","","","","","","","","","",7.6,1,"","","","","","","","","","","","","","","","","","","","","","","","","","","","","","","","","","","","","","","","","","","","","","","","","","","","","","","","","","","","","","","","","","","","","","","","","","","","","","","","","","","","","","","","","","","","","","","","","","","","","","","","","","","","","","","","","","","",""
"06163007","TENDE_SAPC",44.043167,7.586,636,2000032406,0.,1,"","","","","","","","","","","","","","","","","","","","","","","","","","","","","","","","","","",5.4,1,3.2,1,5.4,1,"","",5.6,1,"","","","","","","","","","","","","","","","","","","","",86,1,"","","","","","","","","","","","",7.7,1,"","","","","","","","","","","","","","","","","","","","","","","","","","","","","","","","","","","","","","","","","","","","","","","","","","","","","","","","","","","","","","","","","","","","","","","","","","","","","","","","","","","","","","","","","","","","","","","","","","","","","","","","","","","","","","","","","","","",""
"06163007","TENDE_SAPC",44.043167,7.586,636,2000032407,0.,1,"","","","","","","","","","","","","","","","","","","","","","","","","","","","","","","","","","",5.8,1,3.8,1,5.4,1,"","",5.8,1,"","","","","","","","","","","","","","","","","","","","",87,1,"","","","","","","","","","","","",8.,1,"","","","","","","","","","","","","","","","","","","","","","","","","","","","","","","","","","","","","","","","","","","","","","","","","","","","","","","","","","","","","","","","","","","","","","","","","","","","","","","","","","","","","","","","","","","","","","","","","","","","","","","","","","","","","","","","","","","",""
"06163007","TENDE_SAPC",44.043167,7.586,636,2000032408,0.,1,"","","","","","","","","","","","","","","","","","","","","","","","","","","","","","","","","","",6.1,1,3.8,1,5.4,1,"","",6.1,1,"","","","","","","","","","","","","","","","","","","","",85,1,"","","","","","","","","","","","",8.,1,"","","","","","","","","","","","","","","","","","","","","","","","","","","","","","","","","","","","","","","","","","","","","","","","","","","","","","","","","","","","","","","","","","","","","","","","","","","","","","","","","","","","","","","","","","","","","","","","","","","","","","","","","","","","","","","","","","","",""
"06163007","TENDE_SAPC",44.043167,7.586,636,2000032409,0.,1,"","","","","","","","","","","","","","","","","","","","","","","","","","","","","","","","","","",7.,1,3.4,1,6.1,1,"","",7.,1,"","","","","","","","","","","","","","","","","","","","",78,1,"","","","","","","","","","","","",7.8,1,"","","","","","","","","","","","","","","","","","","","","","","","","","","","","","","","","","","","","","","","","","","","","","","","","","","","","","","","","","","","","","","","","","","","","","","","","","","","","","","","","","","","","","","","","","","","","","","","","","","","","","","","","","","","","","","","","","","",""
"06163007","TENDE_SAPC",44.043167,7.586,636,2000032410,0.,1,"","","","","","","","","","","","","","","","","","","","","","","","","","","","","","","","","","",7.,1,4.,1,6.8,1,"","",7.1,1,"","","","","","","","","","","","","","","","","","","","",81,1,"","","","","","","","","","","","",8.1,1,"","","","","","","","","","","","","","","","","","","","","","","","","","","","","","","","","","","","","","","","","","","","","","","","","","","","","","","","","","","","","","","","","","","","","","","","","","","","","","","","","","","","","","","","","","","","","","","","","","","","","","","","","","","","","","","","","","","",""
"06163007","TENDE_SAPC",44.043167,7.586,636,2000032411,0.,1,"","","","","","","","","","","","","","","","","","","","","","","","","","","","","","","","","","",7.1,1,4.2,1,6.8,1,"","",7.1,1,"","","","","","","","","","","","","","","","","","","","",82,1,"","","","","","","","","","","","",8.3,1,"","","","","","","","","","","","","","","","","","","","","","","","","","","","","","","","","","","","","","","","","","","","","","","","","","","","","","","","","","","","","","","","","","","","","","","","","","","","","","","","","","","","","","","","","","","","","","","","","","","","","","","","","","","","","","","","","","","",""
"06163007","TENDE_SAPC",44.043167,7.586,636,2000032412,0.,1,"","","","","","","","","","","","","","","","","","","","","","","","","","","","","","","","","","",9.9,1,3.4,1,7.1,1,"","",9.9,1,"","","","","","","","","","","","","","","","","","","","",64,1,"","","","","","","","","","","","",7.8,1,"","","","","","","","","","","","","","","","","","","","","","","","","","","","","","","","","","","","","","","","","","","","","","","","","","","","","","","","","","","","","","","","","","","","","","","","","","","","","","","","","","","","","","","","","","","","","","","","","","","","","","","","","","","","","","","","","","","",""
"06163007","TENDE_SAPC",44.043167,7.586,636,2000032423,"","","","","","","","","","","","","","","","","","","","","","","","","","","","","","","","","","","","",7.6,1,0.3,1,"","","","","","","","","","","","","","","","","","","","","","","","","","",60,1,"","","","","","","","","","","","",6.3,1,"","","","","","","","","","","","","","","","","","","","","","","","","","","","","","","","","","","","","","","","","","","","","","","","","","","","","","","","","","","","","","","","","","","","","","","","","","","","","","","","","","","","","","","","","","","","","","","","","","","","","","","","","","","","","","","","","","","",""
"06163007","TENDE_SAPC",44.043167,7.586,636,2000032500,0.,1,"","","","","","","","","","","","","","","","","","","","","","","","","","","","","","","","","","",6.4,1,0.5,1,6.4,1,"","",7.6,1,"","","","","","","","","","","","","","","","","","","","",66,1,"","","","","","","","","","","","",6.3,1,"","","","","","","","","","","","","","","","","","","","","","","","","","","","","","","","","","","","","","","","","","","","","","","","","","","","","","","","","","","","","","","","","","","","","","","","","","","","","","","","","","","","","","","","","","","","","","","","","","","","","","","","","","","","","","","","","","","",""
"06163007","TENDE_SAPC",44.043167,7.586,636,2000032501,0.,1,"","","","","","","","","","","","","","","","","","","","","","","","","","","","","","","","","","",6.1,1,0.4,1,6.1,1,"","",6.4,1,"","","","","","","","","","","","","","","","","","","","",67,1,"","","","","","","","","","","","",6.3,1,"","","","","","","","","","","","","","","","","","","","","","","","","","","","","","","","","","","","","","","","","","","","","","","","","","","","","","","","","","","","","","","","","","","","","","","","","","","","","","","","","","","","","","","","","","","","","","","","","","","","","","","","","","","","","","","","","","","",""
"06163007","TENDE_SAPC",44.043167,7.586,636,2000032502,0.,1,"","","","","","","","","","","","","","","","","","","","","","","","","","","","","","","","","","",6.2,1,0.5,1,6.,1,"","",6.2,1,"","","","","","","","","","","","","","","","","","","","",67,1,"","","","","","","","","","","","",6.3,1,"","","","","","","","","","","","","","","","","","","","","","","","","","","","","","","","","","","","","","","","","","","","","","","","","","","","","","","","","","","","","","","","","","","","","","","","","","","","","","","","","","","","","","","","","","","","","","","","","","","","","","","","","","","","","","","","","","","",""
"06163007","TENDE_SAPC",44.043167,7.586,636,2000032503,"","","","","","","","","","","","","","","","","","","","","","","","","","","","","","","","","","","","",6.1,1,4.4,1,"","","","","","","","","","","","","","","","","","","","","","","","","","",89,1,"","","","","","","","","","","","",8.4,1,"","","","","","","","","","","","","","","","","","","","","","","","","","","","","","","","","","","","","","","","","","","","","","","","","","","","","","","","","","","","","","","","","","","","","","","","","","","","","","","","","","","","","","","","","","","","","","","","","","","","","","","","","","","","","","","","","","","",""
"06163007","TENDE_SAPC",44.043167,7.586,636,2000032504,0.,1,"","","","","","","","","","","","","","","","","","","","","","","","","","","","","","","","","","",5.5,1,3.8,1,5.5,1,"","",6.,1,"","","","","","","","","","","","","","","","","","","","",89,1,"","","","","","","","","","","","",8.,1,"","","","","","","","","","","","","","","","","","","","","","","","","","","","","","","","","","","","","","","","","","","","","","","","","","","","","","","","","","","","","","","","","","","","","","","","","","","","","","","","","","","","","","","","","","","","","","","","","","","","","","","","","","","","","","","","","","","",""
"06163007","TENDE_SAPC",44.043167,7.586,636,2000032505,0.,1,"","","","","","","","","","","","","","","","","","","","","","","","","","","","","","","","","","",4.7,1,3.,1,4.7,1,"","",5.5,1,"","","","","","","","","","","","","","","","","","","","",89,1,"","","","","","","","","","","","",7.6,1,"","","","","","","","","","","","","","","","","","","","","","","","","","","","","","","","","","","","","","","","","","","","","","","","","","","","","","","","","","","","","","","","","","","","","","","","","","","","","","","","","","","","","","","","","","","","","","","","","","","","","","","","","","","","","","","","","","","",""
"06163007","TENDE_SAPC",44.043167,7.586,636,2000032506,0.,1,"","","","","","","","","","","","","","","","","","","","","","","","","","","","","","","","","","",3.8,1,2.2,1,3.8,1,"","",4.7,1,"","","","","","","","","","","","","","","","","","","","",89,1,"","","","","","","","","","","","",7.1,1,"","","","","","","","","","","","","","","","","","","","","","","","","","","","","","","","","","","","","","","","","","","","","","","","","","","","","","","","","","","","","","","","","","","","","","","","","","","","","","","","","","","","","","","","","","","","","","","","","","","","","","","","","","","","","","","","","","","",""
"06163007","TENDE_SAPC",44.043167,7.586,636,2000032509,"","","","","","","","","","","","","","","","","","","","","","","","","","","","","","","","","","","","",6.4,1,3.2,1,"","","","","","","","","","","","","","","","","","","","","","","","","","",80,1,"","","","","","","","","","","","",7.7,1,"","","","","","","","","","","","","","","","","","","","","","","","","","","","","","","","","","","","","","","","","","","","","","","","","","","","","","","","","","","","","","","","","","","","","","","","","","","","","","","","","","","","","","","","","","","","","","","","","","","","","","","","","","","","","","","","","","","",""
"06163007","TENDE_SAPC",44.043167,7.586,636,2000032510,0.,1,"","","","","","","","","","","","","","","","","","","","","","","","","","","","","","","","","","",9.9,1,3.8,1,6.4,1,"","",9.9,1,"","","","","","","","","","","","","","","","","","","","",66,1,"","","","","","","","","","","","",8.,1,"","","","","","","","","","","","","","","","","","","","","","","","","","","","","","","","","","","","","","","","","","","","","","","","","","","","","","","","","","","","","","","","","","","","","","","","","","","","","","","","","","","","","","","","","","","","","","","","","","","","","","","","","","","","","","","","","","","",""
"06163007","TENDE_SAPC",44.043167,7.586,636,2000032511,0.,1,"","","","","","","","","","","","","","","","","","","","","","","","","","","","","","","","","","",11.,1,2.8,1,10.,1,"","",11.3,1,"","","","","","","","","","","","","","","","","","","","",57,1,"","","","","","","","","","","","",7.5,1,"","","","","","","","","","","","","","","","","","","","","","","","","","","","","","","","","","","","","","","","","","","","","","","","","","","","","","","","","","","","","","","","","","","","","","","","","","","","","","","","","","","","","","","","","","","","","","","","","","","","","","","","","","","","","","","","","","","",""
"06163007","TENDE_SAPC",44.043167,7.586,636,2000032512,0.,1,"","","","","","","","","","","","","","","","","","","","","","","","","","","","","","","","","","",11.8,1,2.8,1,11.,1,"","",11.8,1,"","","","","","","","","","","","","","","","","","","","",54,1,"","","","","","","","","","","","",7.5,1,"","","","","","","","","","","","","","","","","","","","","","","","","","","","","","","","","","","","","","","","","","","","","","","","","","","","","","","","","","","","","","","","","","","","","","","","","","","","","","","","","","","","","","","","","","","","","","","","","","","","","","","","","","","","","","","","","","","",""
"06163007","TENDE_SAPC",44.043167,7.586,636,2000032513,0.,1,"","","","","","","","","","","","","","","","","","","","","","","","","","","","","","","","","","",12.4,1,3.1,1,11.8,1,"","",12.5,1,"","","","","","","","","","","","","","","","","","","","",53,1,"","","","","","","","","","","","",7.6,1,"","","","","","","","","","","","","","","","","","","","","","","","","","","","","","","","","","","","","","","","","","","","","","","","","","","","","","","","","","","","","","","","","","","","","","","","","","","","","","","","","","","","","","","","","","","","","","","","","","","","","","","","","","","","","","","","","","","",""
"06163007","TENDE_SAPC",44.043167,7.586,636,2000032514,0.,1,"","","","","","","","","","","","","","","","","","","","","","","","","","","","","","","","","","",12.9,1,3.3,1,12.4,1,"","",13.5,1,"","","","","","","","","","","","","","","","","","","","",52,1,"","","","","","","","","","","","",7.7,1,"","","","","","","","","","","","","","","","","","","","","","","","","","","","","","","","","","","","","","","","","","","","","","","","","","","","","","","","","","","","","","","","","","","","","","","","","","","","","","","","","","","","","","","","","","","","","","","","","","","","","","","","","","","","","","","","","","","",""
"06163007","TENDE_SAPC",44.043167,7.586,636,2000032515,0.,1,"","","","","","","","","","","","","","","","","","","","","","","","","","","","","","","","","","",11.9,1,4.8,1,11.9,1,"","",12.9,1,"","","","","","","","","","","","","","","","","","","","",62,1,"","","","","","","","","","","","",8.6,1,"","","","","","","","","","","","","","","","","","","","","","","","","","","","","","","","","","","","","","","","","","","","","","","","","","","","","","","","","","","","","","","","","","","","","","","","","","","","","","","","","","","","","","","","","","","","","","","","","","","","","","","","","","","","","","","","","","","",""
"06163007","TENDE_SAPC",44.043167,7.586,636,2000032516,0.,1,"","","","","","","","","","","","","","","","","","","","","","","","","","","","","","","","","","",11.,1,5.1,1,11.,1,"","",11.9,1,"","","","","","","","","","","","","","","","","","","","",67,1,"","","","","","","","","","","","",8.8,1,"","","","","","","","","","","","","","","","","","","","","","","","","","","","","","","","","","","","","","","","","","","","","","","","","","","","","","","","","","","","","","","","","","","","","","","","","","","","","","","","","","","","","","","","","","","","","","","","","","","","","","","","","","","","","","","","","","","",""
"06163007","TENDE_SAPC",44.043167,7.586,636,2000032517,0.,1,"","","","","","","","","","","","","","","","","","","","","","","","","","","","","","","","","","",10.3,1,5.7,1,10.3,1,"","",11.,1,"","","","","","","","","","","","","","","","","","","","",73,1,"","","","","","","","","","","","",9.1,1,"","","","","","","","","","","","","","","","","","","","","","","","","","","","","","","","","","","","","","","","","","","","","","","","","","","","","","","","","","","","","","","","","","","","","","","","","","","","","","","","","","","","","","","","","","","","","","","","","","","","","","","","","","","","","","","","","","","",""
"06163007","TENDE_SAPC",44.043167,7.586,636,2000032518,0.,1,"","","","","","","","","","","","","","","","","","","","","","","","","","","","","","","","","","",9.3,1,6.,1,9.3,1,"","",10.3,1,"","","","","","","","","","","","","","","","","","","","",80,1,"","","","","","","","","","","","",9.4,1,"","","","","","","","","","","","","","","","","","","","","","","","","","","","","","","","","","","","","","","","","","","","","","","","","","","","","","","","","","","","","","","","","","","","","","","","","","","","","","","","","","","","","","","","","","","","","","","","","","","","","","","","","","","","","","","","","","","",""
"06163007","TENDE_SAPC",44.043167,7.586,636,2000032519,0.,1,"","","","","","","","","","","","","","","","","","","","","","","","","","","","","","","","","","",8.9,1,5.6,1,8.9,1,"","",9.3,1,"","","","","","","","","","","","","","","","","","","","",80,1,"","","","","","","","","","","","",9.1,1,"","","","","","","","","","","","","","","","","","","","","","","","","","","","","","","","","","","","","","","","","","","","","","","","","","","","","","","","","","","","","","","","","","","","","","","","","","","","","","","","","","","","","","","","","","","","","","","","","","","","","","","","","","","","","","","","","","","",""
"06163007","TENDE_SAPC",44.043167,7.586,636,2000032520,0.,1,"","","","","","","","","","","","","","","","","","","","","","","","","","","","","","","","","","",8.6,1,5.9,1,8.6,1,"","",8.9,1,"","","","","","","","","","","","","","","","","","","","",83,1,"","","","","","","","","","","","",9.3,1,"","","","","","","","","","","","","","","","","","","","","","","","","","","","","","","","","","","","","","","","","","","","","","","","","","","","","","","","","","","","","","","","","","","","","","","","","","","","","","","","","","","","","","","","","","","","","","","","","","","","","","","","","","","","","","","","","","","",""
"06163007","TENDE_SAPC",44.043167,7.586,636,2000032521,0.,1,"","","","","","","","","","","","","","","","","","","","","","","","","","","","","","","","","","",7.1,1,4.9,1,7.1,1,"","",8.6,1,"","","","","","","","","","","","","","","","","","","","",86,1,"","","","","","","","","","","","",8.7,1,"","","","","","","","","","","","","","","","","","","","","","","","","","","","","","","","","","","","","","","","","","","","","","","","","","","","","","","","","","","","","","","","","","","","","","","","","","","","","","","","","","","","","","","","","","","","","","","","","","","","","","","","","","","","","","","","","","","",""
"06163007","TENDE_SAPC",44.043167,7.586,636,2000032522,0.,1,"","","","","","","","","","","","","","","","","","","","","","","","","","","","","","","","","","",6.6,1,4.6,1,6.6,1,"","",7.1,1,"","","","","","","","","","","","","","","","","","","","",87,1,"","","","","","","","","","","","",8.5,1,"","","","","","","","","","","","","","","","","","","","","","","","","","","","","","","","","","","","","","","","","","","","","","","","","","","","","","","","","","","","","","","","","","","","","","","","","","","","","","","","","","","","","","","","","","","","","","","","","","","","","","","","","","","","","","","","","","","",""
"06163007","TENDE_SAPC",44.043167,7.586,636,2000032523,0.,1,"","","","","","","","","","","","","","","","","","","","","","","","","","","","","","","","","","",5.7,1,3.5,1,5.7,1,"","",6.6,1,"","","","","","","","","","","","","","","","","","","","",86,1,"","","","","","","","","","","","",7.9,1,"","","","","","","","","","","","","","","","","","","","","","","","","","","","","","","","","","","","","","","","","","","","","","","","","","","","","","","","","","","","","","","","","","","","","","","","","","","","","","","","","","","","","","","","","","","","","","","","","","","","","","","","","","","","","","","","","","","",""
"06163007","TENDE_SAPC",44.043167,7.586,636,2000032600,0.,1,"","","","","","","","","","","","","","","","","","","","","","","","","","","","","","","","","","",5.9,1,3.6,1,5.6,1,"","",5.9,1,"","","","","","","","","","","","","","","","","","","","",85,1,"","","","","","","","","","","","",7.9,1,"","","","","","","","","","","","","","","","","","","","","","","","","","","","","","","","","","","","","","","","","","","","","","","","","","","","","","","","","","","","","","","","","","","","","","","","","","","","","","","","","","","","","","","","","","","","","","","","","","","","","","","","","","","","","","","","","","","",""
"06163007","TENDE_SAPC",44.043167,7.586,636,2000032601,0.,1,"","","","","","","","","","","","","","","","","","","","","","","","","","","","","","","","","","",5.5,1,3.2,1,5.5,1,"","",5.9,1,"","","","","","","","","","","","","","","","","","","","",85,1,"","","","","","","","","","","","",7.7,1,"","","","","","","","","","","","","","","","","","","","","","","","","","","","","","","","","","","","","","","","","","","","","","","","","","","","","","","","","","","","","","","","","","","","","","","","","","","","","","","","","","","","","","","","","","","","","","","","","","","","","","","","","","","","","","","","","","","",""
"06163007","TENDE_SAPC",44.043167,7.586,636,2000032602,0.,1,"","","","","","","","","","","","","","","","","","","","","","","","","","","","","","","","","","",4.6,1,2.6,1,4.6,1,"","",5.5,1,"","","","","","","","","","","","","","","","","","","","",87,1,"","","","","","","","","","","","",7.4,1,"","","","","","","","","","","","","","","","","","","","","","","","","","","","","","","","","","","","","","","","","","","","","","","","","","","","","","","","","","","","","","","","","","","","","","","","","","","","","","","","","","","","","","","","","","","","","","","","","","","","","","","","","","","","","","","","","","","",""
"06163007","TENDE_SAPC",44.043167,7.586,636,2000032603,0.,1,"","","","","","","","","","","","","","","","","","","","","","","","","","","","","","","","","","",3.7,1,1.9,1,3.7,1,"","",4.6,1,"","","","","","","","","","","","","","","","","","","","",88,1,"","","","","","","","","","","","",7.,1,"","","","","","","","","","","","","","","","","","","","","","","","","","","","","","","","","","","","","","","","","","","","","","","","","","","","","","","","","","","","","","","","","","","","","","","","","","","","","","","","","","","","","","","","","","","","","","","","","","","","","","","","","","","","","","","","","","","",""
"06163007","TENDE_SAPC",44.043167,7.586,636,2000032604,0.,1,"","","","","","","","","","","","","","","","","","","","","","","","","","","","","","","","","","",3.2,1,1.4,1,3.2,1,"","",3.7,1,"","","","","","","","","","","","","","","","","","","","",88,1,"","","","","","","","","","","","",6.8,1,"","","","","","","","","","","","","","","","","","","","","","","","","","","","","","","","","","","","","","","","","","","","","","","","","","","","","","","","","","","","","","","","","","","","","","","","","","","","","","","","","","","","","","","","","","","","","","","","","","","","","","","","","","","","","","","","","","","",""
"06163007","TENDE_SAPC",44.043167,7.586,636,2000032605,0.,1,"","","","","","","","","","","","","","","","","","","","","","","","","","","","","","","","","","",3.,1,1.2,1,3.,1,"","",3.3,1,"","","","","","","","","","","","","","","","","","","","",88,1,"","","","","","","","","","","","",6.7,1,"","","","","","","","","","","","","","","","","","","","","","","","","","","","","","","","","","","","","","","","","","","","","","","","","","","","","","","","","","","","","","","","","","","","","","","","","","","","","","","","","","","","","","","","","","","","","","","","","","","","","","","","","","","","","","","","","","","",""
"06163007","TENDE_SAPC",44.043167,7.586,636,2000032606,0.,1,"","","","","","","","","","","","","","","","","","","","","","","","","","","","","","","","","","",3.1,1,1.1,1,2.8,1,"","",3.1,1,"","","","","","","","","","","","","","","","","","","","",87,1,"","","","","","","","","","","","",6.6,1,"","","","","","","","","","","","","","","","","","","","","","","","","","","","","","","","","","","","","","","","","","","","","","","","","","","","","","","","","","","","","","","","","","","","","","","","","","","","","","","","","","","","","","","","","","","","","","","","","","","","","","","","","","","","","","","","","","","",""
"06163007","TENDE_SAPC",44.043167,7.586,636,2000032607,0.,1,"","","","","","","","","","","","","","","","","","","","","","","","","","","","","","","","","","",4.1,1,1.1,1,3.,1,"","",4.1,1,"","","","","","","","","","","","","","","","","","","","",81,1,"","","","","","","","","","","","",6.6,1,"","","","","","","","","","","","","","","","","","","","","","","","","","","","","","","","","","","","","","","","","","","","","","","","","","","","","","","","","","","","","","","","","","","","","","","","","","","","","","","","","","","","","","","","","","","","","","","","","","","","","","","","","","","","","","","","","","","",""
"06163007","TENDE_SAPC",44.043167,7.586,636,2000032608,0.,1,"","","","","","","","","","","","","","","","","","","","","","","","","","","","","","","","","","",6.4,1,1.5,1,4.2,1,"","",6.4,1,"","","","","","","","","","","","","","","","","","","","",71,1,"","","","","","","","","","","","",6.8,1,"","","","","","","","","","","","","","","","","","","","","","","","","","","","","","","","","","","","","","","","","","","","","","","","","","","","","","","","","","","","","","","","","","","","","","","","","","","","","","","","","","","","","","","","","","","","","","","","","","","","","","","","","","","","","","","","","","","",""
"06163007","TENDE_SAPC",44.043167,7.586,636,2000032609,0.,1,"","","","","","","","","","","","","","","","","","","","","","","","","","","","","","","","","","",8.3,1,2.1,1,6.5,1,"","",8.4,1,"","","","","","","","","","","","","","","","","","","","",65,1,"","","","","","","","","","","","",7.1,1,"","","","","","","","","","","","","","","","","","","","","","","","","","","","","","","","","","","","","","","","","","","","","","","","","","","","","","","","","","","","","","","","","","","","","","","","","","","","","","","","","","","","","","","","","","","","","","","","","","","","","","","","","","","","","","","","","","","",""
"06163007","TENDE_SAPC",44.043167,7.586,636,2000032610,0.,1,"","","","","","","","","","","","","","","","","","","","","","","","","","","","","","","","","","",9.5,1,2.1,1,8.2,1,"","",9.5,1,"","","","","","","","","","","","","","","","","","","","",60,1,"","","","","","","","","","","","",7.1,1,"","","","","","","","","","","","","","","","","","","","","","","","","","","","","","","","","","","","","","","","","","","","","","","","","","","","","","","","","","","","","","","","","","","","","","","","","","","","","","","","","","","","","","","","","","","","","","","","","","","","","","","","","","","","","","","","","","","",""
"06163007","TENDE_SAPC",44.043167,7.586,636,2000032611,0.,1,"","","","","","","","","","","","","","","","","","","","","","","","","","","","","","","","","","",12.2,1,0.9,1,9.5,1,"","",12.2,1,"","","","","","","","","","","","","","","","","","","","",46,1,"","","","","","","","","","","","",6.5,1,"","","","","","","","","","","","","","","","","","","","","","","","","","","","","","","","","","","","","","","","","","","","","","","","","","","","","","","","","","","","","","","","","","","","","","","","","","","","","","","","","","","","","","","","","","","","","","","","","","","","","","","","","","","","","","","","","","","",""
"06163007","TENDE_SAPC",44.043167,7.586,636,2000032612,0.,1,"","","","","","","","","","","","","","","","","","","","","","","","","","","","","","","","","","",11.9,1,2.3,1,11.6,1,"","",12.8,1,"","","","","","","","","","","","","","","","","","","","",52,1,"","","","","","","","","","","","",7.2,1,"","","","","","","","","","","","","","","","","","","","","","","","","","","","","","","","","","","","","","","","","","","","","","","","","","","","","","","","","","","","","","","","","","","","","","","","","","","","","","","","","","","","","","","","","","","","","","","","","","","","","","","","","","","","","","","","","","","",""
"06163007","TENDE_SAPC",44.043167,7.586,636,2000032613,0.,1,"","","","","","","","","","","","","","","","","","","","","","","","","","","","","","","","","","",12.1,1,2.5,1,11.5,1,"","",12.5,1,"","","","","","","","","","","","","","","","","","","","",52,1,"","","","","","","","","","","","",7.3,1,"","","","","","","","","","","","","","","","","","","","","","","","","","","","","","","","","","","","","","","","","","","","","","","","","","","","","","","","","","","","","","","","","","","","","","","","","","","","","","","","","","","","","","","","","","","","","","","","","","","","","","","","","","","","","","","","","","","",""
"06163007","TENDE_SAPC",44.043167,7.586,636,2000032614,0.,1,"","","","","","","","","","","","","","","","","","","","","","","","","","","","","","","","","","",12.2,1,2.1,1,11.9,1,"","",12.3,1,"","","","","","","","","","","","","","","","","","","","",50,1,"","","","","","","","","","","","",7.1,1,"","","","","","","","","","","","","","","","","","","","","","","","","","","","","","","","","","","","","","","","","","","","","","","","","","","","","","","","","","","","","","","","","","","","","","","","","","","","","","","","","","","","","","","","","","","","","","","","","","","","","","","","","","","","","","","","","","","",""
"06163007","TENDE_SAPC",44.043167,7.586,636,2000032615,0.,1,"","","","","","","","","","","","","","","","","","","","","","","","","","","","","","","","","","",10.9,1,3.2,1,10.9,1,"","",12.3,1,"","","","","","","","","","","","","","","","","","","","",59,1,"","","","","","","","","","","","",7.7,1,"","","","","","","","","","","","","","","","","","","","","","","","","","","","","","","","","","","","","","","","","","","","","","","","","","","","","","","","","","","","","","","","","","","","","","","","","","","","","","","","","","","","","","","","","","","","","","","","","","","","","","","","","","","","","","","","","","","",""
"06163007","TENDE_SAPC",44.043167,7.586,636,2000032616,0.,1,"","","","","","","","","","","","","","","","","","","","","","","","","","","","","","","","","","",10.9,1,3.,1,10.8,1,"","",11.1,1,"","","","","","","","","","","","","","","","","","","","",58,1,"","","","","","","","","","","","",7.6,1,"","","","","","","","","","","","","","","","","","","","","","","","","","","","","","","","","","","","","","","","","","","","","","","","","","","","","","","","","","","","","","","","","","","","","","","","","","","","","","","","","","","","","","","","","","","","","","","","","","","","","","","","","","","","","","","","","","","",""
"06163007","TENDE_SAPC",44.043167,7.586,636,2000032617,0.,1,"","","","","","","","","","","","","","","","","","","","","","","","","","","","","","","","","","",10.9,1,1.4,1,10.9,1,"","",11.2,1,"","","","","","","","","","","","","","","","","","","","",52,1,"","","","","","","","","","","","",6.8,1,"","","","","","","","","","","","","","","","","","","","","","","","","","","","","","","","","","","","","","","","","","","","","","","","","","","","","","","","","","","","","","","","","","","","","","","","","","","","","","","","","","","","","","","","","","","","","","","","","","","","","","","","","","","","","","","","","","","",""
"06163007","TENDE_SAPC",44.043167,7.586,636,2000032618,0.,1,"","","","","","","","","","","","","","","","","","","","","","","","","","","","","","","","","","",8.3,1,0.5,1,8.3,1,"","",10.8,1,"","","","","","","","","","","","","","","","","","","","",58,1,"","","","","","","","","","","","",6.3,1,"","","","","","","","","","","","","","","","","","","","","","","","","","","","","","","","","","","","","","","","","","","","","","","","","","","","","","","","","","","","","","","","","","","","","","","","","","","","","","","","","","","","","","","","","","","","","","","","","","","","","","","","","","","","","","","","","","","",""
"06163007","TENDE_SAPC",44.043167,7.586,636,2000032619,0.,1,"","","","","","","","","","","","","","","","","","","","","","","","","","","","","","","","","","",6.2,1,0.7,1,6.2,1,"","",8.2,1,"","","","","","","","","","","","","","","","","","","","",68,1,"","","","","","","","","","","","",6.4,1,"","","","","","","","","","","","","","","","","","","","","","","","","","","","","","","","","","","","","","","","","","","","","","","","","","","","","","","","","","","","","","","","","","","","","","","","","","","","","","","","","","","","","","","","","","","","","","","","","","","","","","","","","","","","","","","","","","","",""
"06163007","TENDE_SAPC",44.043167,7.586,636,2000032620,0.,1,"","","","","","","","","","","","","","","","","","","","","","","","","","","","","","","","","","",5.1,1,0.5,1,5.1,1,"","",6.2,1,"","","","","","","","","","","","","","","","","","","","",72,1,"","","","","","","","","","","","",6.3,1,"","","","","","","","","","","","","","","","","","","","","","","","","","","","","","","","","","","","","","","","","","","","","","","","","","","","","","","","","","","","","","","","","","","","","","","","","","","","","","","","","","","","","","","","","","","","","","","","","","","","","","","","","","","","","","","","","","","",""
"06163007","TENDE_SAPC",44.043167,7.586,636,2000032621,0.,1,"","","","","","","","","","","","","","","","","","","","","","","","","","","","","","","","","","",4.1,1,-0.5,1,4.1,1,"","",5.1,1,"","","","","","","","","","","","","","","","","","","","",72,1,"","","","","","","","","","","","",5.9,1,"","","","","","","","","","","","","","","","","","","","","","","","","","","","","","","","","","","","","","","","","","","","","","","","","","","","","","","","","","","","","","","","","","","","","","","","","","","","","","","","","","","","","","","","","","","","","","","","","","","","","","","","","","","","","","","","","","","",""
"06163007","TENDE_SAPC",44.043167,7.586,636,2000032622,0.,1,"","","","","","","","","","","","","","","","","","","","","","","","","","","","","","","","","","",3.9,1,-0.9,1,3.4,1,"","",4.1,1,"","","","","","","","","","","","","","","","","","","","",71,1,"","","","","","","","","","","","",5.7,1,"","","","","","","","","","","","","","","","","","","","","","","","","","","","","","","","","","","","","","","","","","","","","","","","","","","","","","","","","","","","","","","","","","","","","","","","","","","","","","","","","","","","","","","","","","","","","","","","","","","","","","","","","","","","","","","","","","","",""
"06163007","TENDE_SAPC",44.043167,7.586,636,2000032623,0.,1,"","","","","","","","","","","","","","","","","","","","","","","","","","","","","","","","","","",2.7,1,-1.3,1,2.7,1,"","",3.9,1,"","","","","","","","","","","","","","","","","","","","",75,1,"","","","","","","","","","","","",5.6,1,"","","","","","","","","","","","","","","","","","","","","","","","","","","","","","","","","","","","","","","","","","","","","","","","","","","","","","","","","","","","","","","","","","","","","","","","","","","","","","","","","","","","","","","","","","","","","","","","","","","","","","","","","","","","","","","","","","","",""
"06163007","TENDE_SAPC",44.043167,7.586,636,2000032700,0.,1,"","","","","","","","","","","","","","","","","","","","","","","","","","","","","","","","","","",2.3,1,-1.5,1,2.3,1,"","",2.6,1,"","","","","","","","","","","","","","","","","","","","",76,1,"","","","","","","","","","","","",5.5,1,"","","","","","","","","","","","","","","","","","","","","","","","","","","","","","","","","","","","","","","","","","","","","","","","","","","","","","","","","","","","","","","","","","","","","","","","","","","","","","","","","","","","","","","","","","","","","","","","","","","","","","","","","","","","","","","","","","","",""
"06163007","TENDE_SAPC",44.043167,7.586,636,2000032701,0.,1,"","","","","","","","","","","","","","","","","","","","","","","","","","","","","","","","","","",1.7,1,-2.1,1,1.7,1,"","",2.4,1,"","","","","","","","","","","","","","","","","","","","",76,1,"","","","","","","","","","","","",5.2,1,"","","","","","","","","","","","","","","","","","","","","","","","","","","","","","","","","","","","","","","","","","","","","","","","","","","","","","","","","","","","","","","","","","","","","","","","","","","","","","","","","","","","","","","","","","","","","","","","","","","","","","","","","","","","","","","","","","","",""
"06163007","TENDE_SAPC",44.043167,7.586,636,2000032702,0.,1,"","","","","","","","","","","","","","","","","","","","","","","","","","","","","","","","","","",1.1,1,-2.1,1,1.1,1,"","",1.7,1,"","","","","","","","","","","","","","","","","","","","",79,1,"","","","","","","","","","","","",5.2,1,"","","","","","","","","","","","","","","","","","","","","","","","","","","","","","","","","","","","","","","","","","","","","","","","","","","","","","","","","","","","","","","","","","","","","","","","","","","","","","","","","","","","","","","","","","","","","","","","","","","","","","","","","","","","","","","","","","","",""
"06163007","TENDE_SAPC",44.043167,7.586,636,2000032703,0.,1,"","","","","","","","","","","","","","","","","","","","","","","","","","","","","","","","","","",0.8,1,-2.4,1,0.8,1,"","",1.1,1,"","","","","","","","","","","","","","","","","","","","",79,1,"","","","","","","","","","","","",5.1,1,"","","","","","","","","","","","","","","","","","","","","","","","","","","","","","","","","","","","","","","","","","","","","","","","","","","","","","","","","","","","","","","","","","","","","","","","","","","","","","","","","","","","","","","","","","","","","","","","","","","","","","","","","","","","","","","","","","","",""
"06163007","TENDE_SAPC",44.043167,7.586,636,2000032704,0.,1,"","","","","","","","","","","","","","","","","","","","","","","","","","","","","","","","","","",0.6,1,-2.8,1,0.5,1,"","",0.8,1,"","","","","","","","","","","","","","","","","","","","",78,1,"","","","","","","","","","","","",5.,1,"","","","","","","","","","","","","","","","","","","","","","","","","","","","","","","","","","","","","","","","","","","","","","","","","","","","","","","","","","","","","","","","","","","","","","","","","","","","","","","","","","","","","","","","","","","","","","","","","","","","","","","","","","","","","","","","","","","",""
"06163007","TENDE_SAPC",44.043167,7.586,636,2000032705,0.,1,"","","","","","","","","","","","","","","","","","","","","","","","","","","","","","","","","","",0.6,1,-3.3,1,0.4,1,"","",0.7,1,"","","","","","","","","","","","","","","","","","","","",75,1,"","","","","","","","","","","","",4.8,1,"","","","","","","","","","","","","","","","","","","","","","","","","","","","","","","","","","","","","","","","","","","","","","","","","","","","","","","","","","","","","","","","","","","","","","","","","","","","","","","","","","","","","","","","","","","","","","","","","","","","","","","","","","","","","","","","","","","",""
"06163007","TENDE_SAPC",44.043167,7.586,636,2000032706,0.,1,"","","","","","","","","","","","","","","","","","","","","","","","","","","","","","","","","","",0.4,1,-3.5,1,0.3,1,"","",0.7,1,"","","","","","","","","","","","","","","","","","","","",75,1,"","","","","","","","","","","","",4.7,1,"","","","","","","","","","","","","","","","","","","","","","","","","","","","","","","","","","","","","","","","","","","","","","","","","","","","","","","","","","","","","","","","","","","","","","","","","","","","","","","","","","","","","","","","","","","","","","","","","","","","","","","","","","","","","","","","","","","",""
"06163007","TENDE_SAPC",44.043167,7.586,636,2000032707,0.,1,"","","","","","","","","","","","","","","","","","","","","","","","","","","","","","","","","","",0.3,1,-3.1,1,0.1,1,"","",0.3,1,"","","","","","","","","","","","","","","","","","","","",78,1,"","","","","","","","","","","","",4.9,1,"","","","","","","","","","","","","","","","","","","","","","","","","","","","","","","","","","","","","","","","","","","","","","","","","","","","","","","","","","","","","","","","","","","","","","","","","","","","","","","","","","","","","","","","","","","","","","","","","","","","","","","","","","","","","","","","","","","",""
"06163007","TENDE_SAPC",44.043167,7.586,636,2000032708,0.,1,"","","","","","","","","","","","","","","","","","","","","","","","","","","","","","","","","","",1.3,1,-2.5,1,0.3,1,"","",1.3,1,"","","","","","","","","","","","","","","","","","","","",76,1,"","","","","","","","","","","","",5.1,1,"","","","","","","","","","","","","","","","","","","","","","","","","","","","","","","","","","","","","","","","","","","","","","","","","","","","","","","","","","","","","","","","","","","","","","","","","","","","","","","","","","","","","","","","","","","","","","","","","","","","","","","","","","","","","","","","","","","",""
"06163007","TENDE_SAPC",44.043167,7.586,636,2000032709,0.,1,"","","","","","","","","","","","","","","","","","","","","","","","","","","","","","","","","","",7.8,1,-2.,1,1.3,1,"","",7.8,1,"","","","","","","","","","","","","","","","","","","","",50,1,"","","","","","","","","","","","",5.3,1,"","","","","","","","","","","","","","","","","","","","","","","","","","","","","","","","","","","","","","","","","","","","","","","","","","","","","","","","","","","","","","","","","","","","","","","","","","","","","","","","","","","","","","","","","","","","","","","","","","","","","","","","","","","","","","","","","","","",""
"06163007","TENDE_SAPC",44.043167,7.586,636,2000032710,0.,1,"","","","","","","","","","","","","","","","","","","","","","","","","","","","","","","","","","",10.6,1,-3.9,1,7.6,1,"","",10.6,1,"","","","","","","","","","","","","","","","","","","","",36,1,"","","","","","","","","","","","",4.6,1,"","","","","","","","","","","","","","","","","","","","","","","","","","","","","","","","","","","","","","","","","","","","","","","","","","","","","","","","","","","","","","","","","","","","","","","","","","","","","","","","","","","","","","","","","","","","","","","","","","","","","","","","","","","","","","","","","","","",""
"06163007","TENDE_SAPC",44.043167,7.586,636,2000032711,0.,1,"","","","","","","","","","","","","","","","","","","","","","","","","","","","","","","","","","",10.8,1,-1.9,1,10.3,1,"","",11.5,1,"","","","","","","","","","","","","","","","","","","","",41,1,"","","","","","","","","","","","",5.3,1,"","","","","","","","","","","","","","","","","","","","","","","","","","","","","","","","","","","","","","","","","","","","","","","","","","","","","","","","","","","","","","","","","","","","","","","","","","","","","","","","","","","","","","","","","","","","","","","","","","","","","","","","","","","","","","","","","","","",""
"06163007","TENDE_SAPC",44.043167,7.586,636,2000032712,0.,1,"","","","","","","","","","","","","","","","","","","","","","","","","","","","","","","","","","",10.2,1,-1.5,1,10.1,1,"","",11.,1,"","","","","","","","","","","","","","","","","","","","",44,1,"","","","","","","","","","","","",5.5,1,"","","","","","","","","","","","","","","","","","","","","","","","","","","","","","","","","","","","","","","","","","","","","","","","","","","","","","","","","","","","","","","","","","","","","","","","","","","","","","","","","","","","","","","","","","","","","","","","","","","","","","","","","","","","","","","","","","","",""
"06163007","TENDE_SAPC",44.043167,7.586,636,2000032713,0.,1,"","","","","","","","","","","","","","","","","","","","","","","","","","","","","","","","","","",10.2,1,-1.2,1,10.,1,"","",10.3,1,"","","","","","","","","","","","","","","","","","","","",45,1,"","","","","","","","","","","","",5.6,1,"","","","","","","","","","","","","","","","","","","","","","","","","","","","","","","","","","","","","","","","","","","","","","","","","","","","","","","","","","","","","","","","","","","","","","","","","","","","","","","","","","","","","","","","","","","","","","","","","","","","","","","","","","","","","","","","","","","",""
"06163007","TENDE_SAPC",44.043167,7.586,636,2000032714,0.,1,"","","","","","","","","","","","","","","","","","","","","","","","","","","","","","","","","","",10.9,1,-2.5,1,10.2,1,"","",11.1,1,"","","","","","","","","","","","","","","","","","","","",39,1,"","","","","","","","","","","","",5.1,1,"","","","","","","","","","","","","","","","","","","","","","","","","","","","","","","","","","","","","","","","","","","","","","","","","","","","","","","","","","","","","","","","","","","","","","","","","","","","","","","","","","","","","","","","","","","","","","","","","","","","","","","","","","","","","","","","","","","",""
"06163007","TENDE_SAPC",44.043167,7.586,636,2000032715,0.,1,"","","","","","","","","","","","","","","","","","","","","","","","","","","","","","","","","","",9.7,1,1.1,1,9.7,1,"","",10.9,1,"","","","","","","","","","","","","","","","","","","","",55,1,"","","","","","","","","","","","",6.6,1,"","","","","","","","","","","","","","","","","","","","","","","","","","","","","","","","","","","","","","","","","","","","","","","","","","","","","","","","","","","","","","","","","","","","","","","","","","","","","","","","","","","","","","","","","","","","","","","","","","","","","","","","","","","","","","","","","","","",""
"06163007","TENDE_SAPC",44.043167,7.586,636,2000032716,0.,1,"","","","","","","","","","","","","","","","","","","","","","","","","","","","","","","","","","",8.8,1,0.,1,8.,1,"","",9.6,1,"","","","","","","","","","","","","","","","","","","","",54,1,"","","","","","","","","","","","",6.1,1,"","","","","","","","","","","","","","","","","","","","","","","","","","","","","","","","","","","","","","","","","","","","","","","","","","","","","","","","","","","","","","","","","","","","","","","","","","","","","","","","","","","","","","","","","","","","","","","","","","","","","","","","","","","","","","","","","","","",""
"06163007","TENDE_SAPC",44.043167,7.586,636,2000032717,0.,1,"","","","","","","","","","","","","","","","","","","","","","","","","","","","","","","","","","",8.6,1,0.6,1,8.6,1,"","",8.9,1,"","","","","","","","","","","","","","","","","","","","",57,1,"","","","","","","","","","","","",6.4,1,"","","","","","","","","","","","","","","","","","","","","","","","","","","","","","","","","","","","","","","","","","","","","","","","","","","","","","","","","","","","","","","","","","","","","","","","","","","","","","","","","","","","","","","","","","","","","","","","","","","","","","","","","","","","","","","","","","","",""
"06163007","TENDE_SAPC",44.043167,7.586,636,2000032718,0.,1,"","","","","","","","","","","","","","","","","","","","","","","","","","","","","","","","","","",7.4,1,0.6,1,7.4,1,"","",8.5,1,"","","","","","","","","","","","","","","","","","","","",62,1,"","","","","","","","","","","","",6.4,1,"","","","","","","","","","","","","","","","","","","","","","","","","","","","","","","","","","","","","","","","","","","","","","","","","","","","","","","","","","","","","","","","","","","","","","","","","","","","","","","","","","","","","","","","","","","","","","","","","","","","","","","","","","","","","","","","","","","",""
"06163007","TENDE_SAPC",44.043167,7.586,636,2000032719,0.,1,"","","","","","","","","","","","","","","","","","","","","","","","","","","","","","","","","","",5.7,1,0.2,1,5.7,1,"","",7.4,1,"","","","","","","","","","","","","","","","","","","","",68,1,"","","","","","","","","","","","",6.2,1,"","","","","","","","","","","","","","","","","","","","","","","","","","","","","","","","","","","","","","","","","","","","","","","","","","","","","","","","","","","","","","","","","","","","","","","","","","","","","","","","","","","","","","","","","","","","","","","","","","","","","","","","","","","","","","","","","","","",""
"06163007","TENDE_SAPC",44.043167,7.586,636,2000032720,0.,1,"","","","","","","","","","","","","","","","","","","","","","","","","","","","","","","","","","",4.,1,-0.2,1,4.,1,"","",5.7,1,"","","","","","","","","","","","","","","","","","","","",74,1,"","","","","","","","","","","","",6.,1,"","","","","","","","","","","","","","","","","","","","","","","","","","","","","","","","","","","","","","","","","","","","","","","","","","","","","","","","","","","","","","","","","","","","","","","","","","","","","","","","","","","","","","","","","","","","","","","","","","","","","","","","","","","","","","","","","","","",""
"06163007","TENDE_SAPC",44.043167,7.586,636,2000032721,0.,1,"","","","","","","","","","","","","","","","","","","","","","","","","","","","","","","","","","",2.6,1,-0.7,1,2.6,1,"","",3.9,1,"","","","","","","","","","","","","","","","","","","","",79,1,"","","","","","","","","","","","",5.8,1,"","","","","","","","","","","","","","","","","","","","","","","","","","","","","","","","","","","","","","","","","","","","","","","","","","","","","","","","","","","","","","","","","","","","","","","","","","","","","","","","","","","","","","","","","","","","","","","","","","","","","","","","","","","","","","","","","","","",""
"06163007","TENDE_SAPC",44.043167,7.586,636,2000032722,0.,1,"","","","","","","","","","","","","","","","","","","","","","","","","","","","","","","","","","",1.7,1,-1.6,1,1.7,1,"","",2.6,1,"","","","","","","","","","","","","","","","","","","","",79,1,"","","","","","","","","","","","",5.5,1,"","","","","","","","","","","","","","","","","","","","","","","","","","","","","","","","","","","","","","","","","","","","","","","","","","","","","","","","","","","","","","","","","","","","","","","","","","","","","","","","","","","","","","","","","","","","","","","","","","","","","","","","","","","","","","","","","","","",""
"06163007","TENDE_SAPC",44.043167,7.586,636,2000032723,0.,1,"","","","","","","","","","","","","","","","","","","","","","","","","","","","","","","","","","",1.3,1,-1.8,1,1.2,1,"","",1.7,1,"","","","","","","","","","","","","","","","","","","","",80,1,"","","","","","","","","","","","",5.4,1,"","","","","","","","","","","","","","","","","","","","","","","","","","","","","","","","","","","","","","","","","","","","","","","","","","","","","","","","","","","","","","","","","","","","","","","","","","","","","","","","","","","","","","","","","","","","","","","","","","","","","","","","","","","","","","","","","","","",""
"06163007","TENDE_SAPC",44.043167,7.586,636,2000032800,0.,1,"","","","","","","","","","","","","","","","","","","","","","","","","","","","","","","","","","",1.2,1,-2.,1,1.,1,"","",1.5,1,"","","","","","","","","","","","","","","","","","","","",79,1,"","","","","","","","","","","","",5.3,1,"","","","","","","","","","","","","","","","","","","","","","","","","","","","","","","","","","","","","","","","","","","","","","","","","","","","","","","","","","","","","","","","","","","","","","","","","","","","","","","","","","","","","","","","","","","","","","","","","","","","","","","","","","","","","","","","","","","",""
"06163007","TENDE_SAPC",44.043167,7.586,636,2000032801,0.,1,"","","","","","","","","","","","","","","","","","","","","","","","","","","","","","","","","","",1.1,1,-2.1,1,1.1,1,"","",1.4,1,"","","","","","","","","","","","","","","","","","","","",79,1,"","","","","","","","","","","","",5.2,1,"","","","","","","","","","","","","","","","","","","","","","","","","","","","","","","","","","","","","","","","","","","","","","","","","","","","","","","","","","","","","","","","","","","","","","","","","","","","","","","","","","","","","","","","","","","","","","","","","","","","","","","","","","","","","","","","","","","",""
"06163007","TENDE_SAPC",44.043167,7.586,636,2000032802,0.,1,"","","","","","","","","","","","","","","","","","","","","","","","","","","","","","","","","","",0.8,1,-2.4,1,0.8,1,"","",1.1,1,"","","","","","","","","","","","","","","","","","","","",79,1,"","","","","","","","","","","","",5.1,1,"","","","","","","","","","","","","","","","","","","","","","","","","","","","","","","","","","","","","","","","","","","","","","","","","","","","","","","","","","","","","","","","","","","","","","","","","","","","","","","","","","","","","","","","","","","","","","","","","","","","","","","","","","","","","","","","","","","",""
"06163007","TENDE_SAPC",44.043167,7.586,636,2000032803,0.,1,"","","","","","","","","","","","","","","","","","","","","","","","","","","","","","","","","","",0.9,1,-2.2,1,0.7,1,"","",0.9,1,"","","","","","","","","","","","","","","","","","","","",80,1,"","","","","","","","","","","","",5.2,1,"","","","","","","","","","","","","","","","","","","","","","","","","","","","","","","","","","","","","","","","","","","","","","","","","","","","","","","","","","","","","","","","","","","","","","","","","","","","","","","","","","","","","","","","","","","","","","","","","","","","","","","","","","","","","","","","","","","",""
"06163007","TENDE_SAPC",44.043167,7.586,636,2000032804,0.,1,"","","","","","","","","","","","","","","","","","","","","","","","","","","","","","","","","","",0.7,1,-2.2,1,0.5,1,"","",0.9,1,"","","","","","","","","","","","","","","","","","","","",81,1,"","","","","","","","","","","","",5.2,1,"","","","","","","","","","","","","","","","","","","","","","","","","","","","","","","","","","","","","","","","","","","","","","","","","","","","","","","","","","","","","","","","","","","","","","","","","","","","","","","","","","","","","","","","","","","","","","","","","","","","","","","","","","","","","","","","","","","",""
"06163007","TENDE_SAPC",44.043167,7.586,636,2000032805,0.,1,"","","","","","","","","","","","","","","","","","","","","","","","","","","","","","","","","","",0.8,1,-2.1,1,0.5,1,"","",0.8,1,"","","","","","","","","","","","","","","","","","","","",81,1,"","","","","","","","","","","","",5.2,1,"","","","","","","","","","","","","","","","","","","","","","","","","","","","","","","","","","","","","","","","","","","","","","","","","","","","","","","","","","","","","","","","","","","","","","","","","","","","","","","","","","","","","","","","","","","","","","","","","","","","","","","","","","","","","","","","","","","",""
"06163007","TENDE_SAPC",44.043167,7.586,636,2000032806,0.,1,"","","","","","","","","","","","","","","","","","","","","","","","","","","","","","","","","","",1.3,1,-2.1,1,0.8,1,"","",1.3,1,"","","","","","","","","","","","","","","","","","","","",78,1,"","","","","","","","","","","","",5.2,1,"","","","","","","","","","","","","","","","","","","","","","","","","","","","","","","","","","","","","","","","","","","","","","","","","","","","","","","","","","","","","","","","","","","","","","","","","","","","","","","","","","","","","","","","","","","","","","","","","","","","","","","","","","","","","","","","","","","",""
"06163007","TENDE_SAPC",44.043167,7.586,636,2000032807,"",1,"",1,"","","","","","","","","","","","","","","","","","","","","","","","","","","","","","","","",2.4,1,-2.1,1,1.3,1,"","",2.4,1,"","","","","","","","","","","","","","","","","","","","",72,1,"","","","","","","","","","","","",5.2,1,"","","","","","","","","","","","","","","","","","","","","","","","","","","","","","","","","","","","","","","","","","","","","","","","","","","","","","","","","","","","","","","","","","","","","","","","","","","","","","","","","","","","","","","","","","","","","","","","","","","","","","","","","","","","","","","","","","","",""
"06163007","TENDE_SAPC",44.043167,7.586,636,2000032808,"",1,"",1,"","","","","","","","","","","","","","","","","","","","","","","","","","","","","","","","",3.6,1,-2.4,1,2.4,1,"","",3.6,1,"","","","","","","","","","","","","","","","","","","","",65,1,"","","","","","","","","","","","",5.1,1,"","","","","","","","","","","","","","","","","","","","","","","","","","","","","","","","","","","","","","","","","","","","","","","","","","","","","","","","","","","","","","","","","","","","","","","","","","","","","","","","","","","","","","","","","","","","","","","","","","","","","","","","","","","","","","","","","","","",""
"06163007","TENDE_SAPC",44.043167,7.586,636,2000032809,"",1,"",1,"","","","","","","","","","","","","","","","","","","","","","","","","","","","","","","","",5.,1,-1.7,1,3.7,1,"","",5.,1,"","","","","","","","","","","","","","","","","","","","",62,1,"","","","","","","","","","","","",5.4,1,"","","","","","","","","","","","","","","","","","","","","","","","","","","","","","","","","","","","","","","","","","","","","","","","","","","","","","","","","","","","","","","","","","","","","","","","","","","","","","","","","","","","","","","","","","","","","","","","","","","","","","","","","","","","","","","","","","","",""
"06163007","TENDE_SAPC",44.043167,7.586,636,2000032810,"",1,"",1,"","","","","","","","","","","","","","","","","","","","","","","","","","","","","","","","",6.6,1,-2.8,1,5.,1,"","",6.6,1,"","","","","","","","","","","","","","","","","","","","",51,1,"","","","","","","","","","","","",5.,1,"","","","","","","","","","","","","","","","","","","","","","","","","","","","","","","","","","","","","","","","","","","","","","","","","","","","","","","","","","","","","","","","","","","","","","","","","","","","","","","","","","","","","","","","","","","","","","","","","","","","","","","","","","","","","","","","","","","",""
"06163007","TENDE_SAPC",44.043167,7.586,636,2000032811,"",1,"",1,"","","","","","","","","","","","","","","","","","","","","","","","","","","","","","","","",6.7,1,-2.2,1,6.3,1,"","",6.9,1,"","","","","","","","","","","","","","","","","","","","",53,1,"","","","","","","","","","","","",5.2,1,"","","","","","","","","","","","","","","","","","","","","","","","","","","","","","","","","","","","","","","","","","","","","","","","","","","","","","","","","","","","","","","","","","","","","","","","","","","","","","","","","","","","","","","","","","","","","","","","","","","","","","","","","","","","","","","","","","","",""
"06163007","TENDE_SAPC",44.043167,7.586,636,2000032812,"",1,"",1,"","","","","","","","","","","","","","","","","","","","","","","","","","","","","","","","",7.9,1,-2.5,1,6.7,1,"","",7.9,1,"","","","","","","","","","","","","","","","","","","","",48,1,"","","","","","","","","","","","",5.1,1,"","","","","","","","","","","","","","","","","","","","","","","","","","","","","","","","","","","","","","","","","","","","","","","","","","","","","","","","","","","","","","","","","","","","","","","","","","","","","","","","","","","","","","","","","","","","","","","","","","","","","","","","","","","","","","","","","","","",""
"06163007","TENDE_SAPC",44.043167,7.586,636,2000032813,"",1,"",1,"","","","","","","","","","","","","","","","","","","","","","","","","","","","","","","","",7.2,1,-1.8,1,7.2,1,"","",7.9,1,"","","","","","","","","","","","","","","","","","","","",53,1,"","","","","","","","","","","","",5.4,1,"","","","","","","","","","","","","","","","","","","","","","","","","","","","","","","","","","","","","","","","","","","","","","","","","","","","","","","","","","","","","","","","","","","","","","","","","","","","","","","","","","","","","","","","","","","","","","","","","","","","","","","","","","","","","","","","","","","",""
"06163007","TENDE_SAPC",44.043167,7.586,636,2000032814,"",1,"",1,"","","","","","","","","","","","","","","","","","","","","","","","","","","","","","","","",6.,1,-1.2,1,5.9,1,"","",7.2,1,"","","","","","","","","","","","","","","","","","","","",60,1,"","","","","","","","","","","","",5.6,1,"","","","","","","","","","","","","","","","","","","","","","","","","","","","","","","","","","","","","","","","","","","","","","","","","","","","","","","","","","","","","","","","","","","","","","","","","","","","","","","","","","","","","","","","","","","","","","","","","","","","","","","","","","","","","","","","","","","",""
"06163007","TENDE_SAPC",44.043167,7.586,636,2000032815,"",1,"",1,"","","","","","","","","","","","","","","","","","","","","","","","","","","","","","","","",6.4,1,-1.5,1,6.,1,"","",6.4,1,"","","","","","","","","","","","","","","","","","","","",57,1,"","","","","","","","","","","","",5.5,1,"","","","","","","","","","","","","","","","","","","","","","","","","","","","","","","","","","","","","","","","","","","","","","","","","","","","","","","","","","","","","","","","","","","","","","","","","","","","","","","","","","","","","","","","","","","","","","","","","","","","","","","","","","","","","","","","","","","",""
"06163007","TENDE_SAPC",44.043167,7.586,636,2000032816,"",1,"",1,"","","","","","","","","","","","","","","","","","","","","","","","","","","","","","","","",6.5,1,-2.2,1,6.3,1,"","",6.5,1,"","","","","","","","","","","","","","","","","","","","",54,1,"","","","","","","","","","","","",5.2,1,"","","","","","","","","","","","","","","","","","","","","","","","","","","","","","","","","","","","","","","","","","","","","","","","","","","","","","","","","","","","","","","","","","","","","","","","","","","","","","","","","","","","","","","","","","","","","","","","","","","","","","","","","","","","","","","","","","","",""
"06163007","TENDE_SAPC",44.043167,7.586,636,2000032817,"",1,"",1,"","","","","","","","","","","","","","","","","","","","","","","","","","","","","","","","",6.7,1,-2.5,1,6.5,1,"","",6.7,1,"","","","","","","","","","","","","","","","","","","","",52,1,"","","","","","","","","","","","",5.1,1,"","","","","","","","","","","","","","","","","","","","","","","","","","","","","","","","","","","","","","","","","","","","","","","","","","","","","","","","","","","","","","","","","","","","","","","","","","","","","","","","","","","","","","","","","","","","","","","","","","","","","","","","","","","","","","","","","","","",""
"06163007","TENDE_SAPC",44.043167,7.586,636,2000032818,"",1,"",1,"","","","","","","","","","","","","","","","","","","","","","","","","","","","","","","","",6.2,1,-2.7,1,6.2,1,"","",6.8,1,"","","","","","","","","","","","","","","","","","","","",53,1,"","","","","","","","","","","","",5.,1,"","","","","","","","","","","","","","","","","","","","","","","","","","","","","","","","","","","","","","","","","","","","","","","","","","","","","","","","","","","","","","","","","","","","","","","","","","","","","","","","","","","","","","","","","","","","","","","","","","","","","","","","","","","","","","","","","","","",""
"06163007","TENDE_SAPC",44.043167,7.586,636,2000032819,"",1,"",1,"","","","","","","","","","","","","","","","","","","","","","","","","","","","","","","","",6.,1,-2.9,1,6.,1,"","",6.4,1,"","","","","","","","","","","","","","","","","","","","",53,1,"","","","","","","","","","","","",5.,1,"","","","","","","","","","","","","","","","","","","","","","","","","","","","","","","","","","","","","","","","","","","","","","","","","","","","","","","","","","","","","","","","","","","","","","","","","","","","","","","","","","","","","","","","","","","","","","","","","","","","","","","","","","","","","","","","","","","",""
"06163007","TENDE_SAPC",44.043167,7.586,636,2000032820,"",1,"",1,"","","","","","","","","","","","","","","","","","","","","","","","","","","","","","","","",6.1,1,-3.6,1,6.,1,"","",6.2,1,"","","","","","","","","","","","","","","","","","","","",50,1,"","","","","","","","","","","","",4.7,1,"","","","","","","","","","","","","","","","","","","","","","","","","","","","","","","","","","","","","","","","","","","","","","","","","","","","","","","","","","","","","","","","","","","","","","","","","","","","","","","","","","","","","","","","","","","","","","","","","","","","","","","","","","","","","","","","","","","",""
"06163007","TENDE_SAPC",44.043167,7.586,636,2000032821,"",1,"",1,"","","","","","","","","","","","","","","","","","","","","","","","","","","","","","","","",6.3,1,-3.6,1,5.8,1,"","",6.3,1,"","","","","","","","","","","","","","","","","","","","",49,1,"","","","","","","","","","","","",4.7,1,"","","","","","","","","","","","","","","","","","","","","","","","","","","","","","","","","","","","","","","","","","","","","","","","","","","","","","","","","","","","","","","","","","","","","","","","","","","","","","","","","","","","","","","","","","","","","","","","","","","","","","","","","","","","","","","","","","","",""
"06163007","TENDE_SAPC",44.043167,7.586,636,2000032822,"",1,"",1,"","","","","","","","","","","","","","","","","","","","","","","","","","","","","","","","",6.2,1,-3.5,1,6.1,1,"","",6.4,1,"","","","","","","","","","","","","","","","","","","","",50,1,"","","","","","","","","","","","",4.7,1,"","","","","","","","","","","","","","","","","","","","","","","","","","","","","","","","","","","","","","","","","","","","","","","","","","","","","","","","","","","","","","","","","","","","","","","","","","","","","","","","","","","","","","","","","","","","","","","","","","","","","","","","","","","","","","","","","","","",""
"06163007","TENDE_SAPC",44.043167,7.586,636,2000032823,"",1,"",1,"","","","","","","","","","","","","","","","","","","","","","","","","","","","","","","","",6.4,1,-3.8,1,6.,1,"","",6.5,1,"","","","","","","","","","","","","","","","","","","","",48,1,"","","","","","","","","","","","",4.6,1,"","","","","","","","","","","","","","","","","","","","","","","","","","","","","","","","","","","","","","","","","","","","","","","","","","","","","","","","","","","","","","","","","","","","","","","","","","","","","","","","","","","","","","","","","","","","","","","","","","","","","","","","","","","","","","","","","","","",""
"06163007","TENDE_SAPC",44.043167,7.586,636,2000032900,"",1,"",1,"","","","","","","","","","","","","","","","","","","","","","","","","","","","","","","","",5.3,1,-2.1,1,5.3,1,"","",6.5,1,"","","","","","","","","","","","","","","","","","","","",59,1,"","","","","","","","","","","","",5.3,1,"","","","","","","","","","","","","","","","","","","","","","","","","","","","","","","","","","","","","","","","","","","","","","","","","","","","","","","","","","","","","","","","","","","","","","","","","","","","","","","","","","","","","","","","","","","","","","","","","","","","","","","","","","","","","","","","","","","",""
"06163007","TENDE_SAPC",44.043167,7.586,636,2000032901,"",1,"",1,"","","","","","","","","","","","","","","","","","","","","","","","","","","","","","","","",5.8,1,-3.3,1,5.3,1,"","",6.2,1,"","","","","","","","","","","","","","","","","","","","",52,1,"","","","","","","","","","","","",4.8,1,"","","","","","","","","","","","","","","","","","","","","","","","","","","","","","","","","","","","","","","","","","","","","","","","","","","","","","","","","","","","","","","","","","","","","","","","","","","","","","","","","","","","","","","","","","","","","","","","","","","","","","","","","","","","","","","","","","","",""
"06163007","TENDE_SAPC",44.043167,7.586,636,2000032902,"",1,"",1,"","","","","","","","","","","","","","","","","","","","","","","","","","","","","","","","",4.5,1,-1.5,1,4.5,1,"","",5.8,1,"","","","","","","","","","","","","","","","","","","","",65,1,"","","","","","","","","","","","",5.5,1,"","","","","","","","","","","","","","","","","","","","","","","","","","","","","","","","","","","","","","","","","","","","","","","","","","","","","","","","","","","","","","","","","","","","","","","","","","","","","","","","","","","","","","","","","","","","","","","","","","","","","","","","","","","","","","","","","","","",""
"06163007","TENDE_SAPC",44.043167,7.586,636,2000032903,"",1,"",1,"","","","","","","","","","","","","","","","","","","","","","","","","","","","","","","","",3.9,1,-0.5,1,3.9,1,"","",4.5,1,"","","","","","","","","","","","","","","","","","","","",73,1,"","","","","","","","","","","","",5.9,1,"","","","","","","","","","","","","","","","","","","","","","","","","","","","","","","","","","","","","","","","","","","","","","","","","","","","","","","","","","","","","","","","","","","","","","","","","","","","","","","","","","","","","","","","","","","","","","","","","","","","","","","","","","","","","","","","","","","",""
"06163007","TENDE_SAPC",44.043167,7.586,636,2000032904,"",1,"",1,"","","","","","","","","","","","","","","","","","","","","","","","","","","","","","","","",3.1,1,0.,1,3.1,1,"","",3.9,1,"","","","","","","","","","","","","","","","","","","","",80,1,"","","","","","","","","","","","",6.1,1,"","","","","","","","","","","","","","","","","","","","","","","","","","","","","","","","","","","","","","","","","","","","","","","","","","","","","","","","","","","","","","","","","","","","","","","","","","","","","","","","","","","","","","","","","","","","","","","","","","","","","","","","","","","","","","","","","","","",""
"06163007","TENDE_SAPC",44.043167,7.586,636,2000032905,"",1,"",1,"","","","","","","","","","","","","","","","","","","","","","","","","","","","","","","","",2.3,1,-0.1,1,2.2,1,"","",3.1,1,"","","","","","","","","","","","","","","","","","","","",84,1,"","","","","","","","","","","","",6.1,1,"","","","","","","","","","","","","","","","","","","","","","","","","","","","","","","","","","","","","","","","","","","","","","","","","","","","","","","","","","","","","","","","","","","","","","","","","","","","","","","","","","","","","","","","","","","","","","","","","","","","","","","","","","","","","","","","","","","",""
"06163007","TENDE_SAPC",44.043167,7.586,636,2000032906,"",1,"",1,"","","","","","","","","","","","","","","","","","","","","","","","","","","","","","","","",2.4,1,0.3,1,2.2,1,"","",2.4,1,"","","","","","","","","","","","","","","","","","","","",86,1,"","","","","","","","","","","","",6.2,1,"","","","","","","","","","","","","","","","","","","","","","","","","","","","","","","","","","","","","","","","","","","","","","","","","","","","","","","","","","","","","","","","","","","","","","","","","","","","","","","","","","","","","","","","","","","","","","","","","","","","","","","","","","","","","","","","","","","",""
"06163007","TENDE_SAPC",44.043167,7.586,636,2000032907,0.,1,"","","","","","","","","","","","","","","","","","","","","","","","","","","","","","","","","","",2.9,1,0.3,1,2.4,1,"","",2.9,1,"","","","","","","","","","","","","","","","","","","","",83,1,"","","","","","","","","","","","",6.2,1,"","","","","","","","","","","","","","","","","","","","","","","","","","","","","","","","","","","","","","","","","","","","","","","","","","","","","","","","","","","","","","","","","","","","","","","","","","","","","","","","","","","","","","","","","","","","","","","","","","","","","","","","","","","","","","","","","","","",""
"06163007","TENDE_SAPC",44.043167,7.586,636,2000032908,0.,1,"","","","","","","","","","","","","","","","","","","","","","","","","","","","","","","","","","",4.1,1,0.2,1,3.,1,"","",4.1,1,"","","","","","","","","","","","","","","","","","","","",76,1,"","","","","","","","","","","","",6.2,1,"","","","","","","","","","","","","","","","","","","","","","","","","","","","","","","","","","","","","","","","","","","","","","","","","","","","","","","","","","","","","","","","","","","","","","","","","","","","","","","","","","","","","","","","","","","","","","","","","","","","","","","","","","","","","","","","","","","",""
"06163007","TENDE_SAPC",44.043167,7.586,636,2000032909,0.,1,"","","","","","","","","","","","","","","","","","","","","","","","","","","","","","","","","","",6.6,1,-0.4,1,4.1,1,"","",6.9,1,"","","","","","","","","","","","","","","","","","","","",61,1,"","","","","","","","","","","","",5.9,1,"","","","","","","","","","","","","","","","","","","","","","","","","","","","","","","","","","","","","","","","","","","","","","","","","","","","","","","","","","","","","","","","","","","","","","","","","","","","","","","","","","","","","","","","","","","","","","","","","","","","","","","","","","","","","","","","","","","",""
"06163007","TENDE_SAPC",44.043167,7.586,636,2000032910,0.,1,"","","","","","","","","","","","","","","","","","","","","","","","","","","","","","","","","","",8.4,1,-1.4,1,6.3,1,"","",8.4,1,"","","","","","","","","","","","","","","","","","","","",50,1,"","","","","","","","","","","","",5.5,1,"","","","","","","","","","","","","","","","","","","","","","","","","","","","","","","","","","","","","","","","","","","","","","","","","","","","","","","","","","","","","","","","","","","","","","","","","","","","","","","","","","","","","","","","","","","","","","","","","","","","","","","","","","","","","","","","","","","",""
"06163007","TENDE_SAPC",44.043167,7.586,636,2000032911,0.,1,"","","","","","","","","","","","","","","","","","","","","","","","","","","","","","","","","","",9.2,1,-2.4,1,8.4,1,"","",9.4,1,"","","","","","","","","","","","","","","","","","","","",44,1,"","","","","","","","","","","","",5.1,1,"","","","","","","","","","","","","","","","","","","","","","","","","","","","","","","","","","","","","","","","","","","","","","","","","","","","","","","","","","","","","","","","","","","","","","","","","","","","","","","","","","","","","","","","","","","","","","","","","","","","","","","","","","","","","","","","","","","",""
"06163007","TENDE_SAPC",44.043167,7.586,636,2000032912,0.,1,"","","","","","","","","","","","","","","","","","","","","","","","","","","","","","","","","","",9.6,1,-2.7,1,9.,1,"","",9.7,1,"","","","","","","","","","","","","","","","","","","","",42,1,"","","","","","","","","","","","",5.,1,"","","","","","","","","","","","","","","","","","","","","","","","","","","","","","","","","","","","","","","","","","","","","","","","","","","","","","","","","","","","","","","","","","","","","","","","","","","","","","","","","","","","","","","","","","","","","","","","","","","","","","","","","","","","","","","","","","","",""
"06163007","TENDE_SAPC",44.043167,7.586,636,2000032913,0.,1,"","","","","","","","","","","","","","","","","","","","","","","","","","","","","","","","","","",10.5,1,-2.2,1,9.3,1,"","",10.8,1,"","","","","","","","","","","","","","","","","","","","",41,1,"","","","","","","","","","","","",5.2,1,"","","","","","","","","","","","","","","","","","","","","","","","","","","","","","","","","","","","","","","","","","","","","","","","","","","","","","","","","","","","","","","","","","","","","","","","","","","","","","","","","","","","","","","","","","","","","","","","","","","","","","","","","","","","","","","","","","","",""
"06163007","TENDE_SAPC",44.043167,7.586,636,2000032914,0.,1,"","","","","","","","","","","","","","","","","","","","","","","","","","","","","","","","","","",10.8,1,-3.,1,10.2,1,"","",10.9,1,"","","","","","","","","","","","","","","","","","","","",38,1,"","","","","","","","","","","","",4.9,1,"","","","","","","","","","","","","","","","","","","","","","","","","","","","","","","","","","","","","","","","","","","","","","","","","","","","","","","","","","","","","","","","","","","","","","","","","","","","","","","","","","","","","","","","","","","","","","","","","","","","","","","","","","","","","","","","","","","",""
"06163007","TENDE_SAPC",44.043167,7.586,636,2000032915,0.,1,"","","","","","","","","","","","","","","","","","","","","","","","","","","","","","","","","","",10.2,1,-3.5,1,10.,1,"","",10.9,1,"","","","","","","","","","","","","","","","","","","","",38,1,"","","","","","","","","","","","",4.7,1,"","","","","","","","","","","","","","","","","","","","","","","","","","","","","","","","","","","","","","","","","","","","","","","","","","","","","","","","","","","","","","","","","","","","","","","","","","","","","","","","","","","","","","","","","","","","","","","","","","","","","","","","","","","","","","","","","","","",""
"06163007","TENDE_SAPC",44.043167,7.586,636,2000032916,0.,1,"","","","","","","","","","","","","","","","","","","","","","","","","","","","","","","","","","",9.7,1,-4.3,1,9.7,1,"","",10.2,1,"","","","","","","","","","","","","","","","","","","","",37,1,"","","","","","","","","","","","",4.4,1,"","","","","","","","","","","","","","","","","","","","","","","","","","","","","","","","","","","","","","","","","","","","","","","","","","","","","","","","","","","","","","","","","","","","","","","","","","","","","","","","","","","","","","","","","","","","","","","","","","","","","","","","","","","","","","","","","","","",""
"06163007","TENDE_SAPC",44.043167,7.586,636,2000032917,0.,1,"","","","","","","","","","","","","","","","","","","","","","","","","","","","","","","","","","",9.1,1,-4.8,1,9.1,1,"","",9.6,1,"","","","","","","","","","","","","","","","","","","","",37,1,"","","","","","","","","","","","",4.3,1,"","","","","","","","","","","","","","","","","","","","","","","","","","","","","","","","","","","","","","","","","","","","","","","","","","","","","","","","","","","","","","","","","","","","","","","","","","","","","","","","","","","","","","","","","","","","","","","","","","","","","","","","","","","","","","","","","","","",""
"06163007","TENDE_SAPC",44.043167,7.586,636,2000032918,0.,1,"","","","","","","","","","","","","","","","","","","","","","","","","","","","","","","","","","",7.5,1,-4.,1,7.5,1,"","",9.1,1,"","","","","","","","","","","","","","","","","","","","",44,1,"","","","","","","","","","","","",4.6,1,"","","","","","","","","","","","","","","","","","","","","","","","","","","","","","","","","","","","","","","","","","","","","","","","","","","","","","","","","","","","","","","","","","","","","","","","","","","","","","","","","","","","","","","","","","","","","","","","","","","","","","","","","","","","","","","","","","","",""
"06163007","TENDE_SAPC",44.043167,7.586,636,2000032919,0.,1,"","","","","","","","","","","","","","","","","","","","","","","","","","","","","","","","","","",4.5,1,-3.3,1,4.5,1,"","",7.4,1,"","","","","","","","","","","","","","","","","","","","",57,1,"","","","","","","","","","","","",4.8,1,"","","","","","","","","","","","","","","","","","","","","","","","","","","","","","","","","","","","","","","","","","","","","","","","","","","","","","","","","","","","","","","","","","","","","","","","","","","","","","","","","","","","","","","","","","","","","","","","","","","","","","","","","","","","","","","","","","","",""
"06163007","TENDE_SAPC",44.043167,7.586,636,2000032920,0.,1,"","","","","","","","","","","","","","","","","","","","","","","","","","","","","","","","","","",3.6,1,-3.5,1,3.6,1,"","",4.4,1,"","","","","","","","","","","","","","","","","","","","",60,1,"","","","","","","","","","","","",4.7,1,"","","","","","","","","","","","","","","","","","","","","","","","","","","","","","","","","","","","","","","","","","","","","","","","","","","","","","","","","","","","","","","","","","","","","","","","","","","","","","","","","","","","","","","","","","","","","","","","","","","","","","","","","","","","","","","","","","","",""
"06163007","TENDE_SAPC",44.043167,7.586,636,2000032921,0.,1,"","","","","","","","","","","","","","","","","","","","","","","","","","","","","","","","","","",2.6,1,-3.5,1,2.5,1,"","",3.6,1,"","","","","","","","","","","","","","","","","","","","",64,1,"","","","","","","","","","","","",4.7,1,"","","","","","","","","","","","","","","","","","","","","","","","","","","","","","","","","","","","","","","","","","","","","","","","","","","","","","","","","","","","","","","","","","","","","","","","","","","","","","","","","","","","","","","","","","","","","","","","","","","","","","","","","","","","","","","","","","","",""
"06163007","TENDE_SAPC",44.043167,7.586,636,2000032922,0.,1,"","","","","","","","","","","","","","","","","","","","","","","","","","","","","","","","","","",1.6,1,-3.9,1,1.6,1,"","",2.7,1,"","","","","","","","","","","","","","","","","","","","",67,1,"","","","","","","","","","","","",4.6,1,"","","","","","","","","","","","","","","","","","","","","","","","","","","","","","","","","","","","","","","","","","","","","","","","","","","","","","","","","","","","","","","","","","","","","","","","","","","","","","","","","","","","","","","","","","","","","","","","","","","","","","","","","","","","","","","","","","","",""
"06163007","TENDE_SAPC",44.043167,7.586,636,2000032923,0.,1,"","","","","","","","","","","","","","","","","","","","","","","","","","","","","","","","","","",0.8,1,-4.2,1,0.8,1,"","",1.6,1,"","","","","","","","","","","","","","","","","","","","",69,1,"","","","","","","","","","","","",4.5,1,"","","","","","","","","","","","","","","","","","","","","","","","","","","","","","","","","","","","","","","","","","","","","","","","","","","","","","","","","","","","","","","","","","","","","","","","","","","","","","","","","","","","","","","","","","","","","","","","","","","","","","","","","","","","","","","","","","","",""
"06163007","TENDE_SAPC",44.043167,7.586,636,2000033000,0.,1,"","","","","","","","","","","","","","","","","","","","","","","","","","","","","","","","","","",-0.1,1,-4.4,1,-0.1,1,"","",0.7,1,"","","","","","","","","","","","","","","","","","","","",73,1,"","","","","","","","","","","","",4.4,1,"","","","","","","","","","","","","","","","","","","","","","","","","","","","","","","","","","","","","","","","","","","","","","","","","","","","","","","","","","","","","","","","","","","","","","","","","","","","","","","","","","","","","","","","","","","","","","","","","","","","","","","","","","","","","","","","","","","",""
"06163007","TENDE_SAPC",44.043167,7.586,636,2000033001,0.,1,"","","","","","","","","","","","","","","","","","","","","","","","","","","","","","","","","","",0.2,1,-4.8,1,-0.1,1,"","",0.3,1,"","","","","","","","","","","","","","","","","","","","",69,1,"","","","","","","","","","","","",4.3,1,"","","","","","","","","","","","","","","","","","","","","","","","","","","","","","","","","","","","","","","","","","","","","","","","","","","","","","","","","","","","","","","","","","","","","","","","","","","","","","","","","","","","","","","","","","","","","","","","","","","","","","","","","","","","","","","","","","","",""
"06163007","TENDE_SAPC",44.043167,7.586,636,2000033002,0.,1,"","","","","","","","","","","","","","","","","","","","","","","","","","","","","","","","","","",-0.6,1,-5.,1,-0.6,1,"","",0.2,1,"","","","","","","","","","","","","","","","","","","","",72,1,"","","","","","","","","","","","",4.2,1,"","","","","","","","","","","","","","","","","","","","","","","","","","","","","","","","","","","","","","","","","","","","","","","","","","","","","","","","","","","","","","","","","","","","","","","","","","","","","","","","","","","","","","","","","","","","","","","","","","","","","","","","","","","","","","","","","","","",""
"06163007","TENDE_SAPC",44.043167,7.586,636,2000033003,0.,1,"","","","","","","","","","","","","","","","","","","","","","","","","","","","","","","","","","",-0.9,1,-5.,1,-1.,1,"","",-0.6,1,"","","","","","","","","","","","","","","","","","","","",74,1,"","","","","","","","","","","","",4.2,1,"","","","","","","","","","","","","","","","","","","","","","","","","","","","","","","","","","","","","","","","","","","","","","","","","","","","","","","","","","","","","","","","","","","","","","","","","","","","","","","","","","","","","","","","","","","","","","","","","","","","","","","","","","","","","","","","","","","",""
"06163007","TENDE_SAPC",44.043167,7.586,636,2000033004,0.,1,"","","","","","","","","","","","","","","","","","","","","","","","","","","","","","","","","","",-0.7,1,-5.3,1,-1.,1,"","",-0.6,1,"","","","","","","","","","","","","","","","","","","","",71,1,"","","","","","","","","","","","",4.1,1,"","","","","","","","","","","","","","","","","","","","","","","","","","","","","","","","","","","","","","","","","","","","","","","","","","","","","","","","","","","","","","","","","","","","","","","","","","","","","","","","","","","","","","","","","","","","","","","","","","","","","","","","","","","","","","","","","","","",""
"06163007","TENDE_SAPC",44.043167,7.586,636,2000033005,0.,1,"","","","","","","","","","","","","","","","","","","","","","","","","","","","","","","","","","",-0.5,1,-5.7,1,-0.7,1,"","",-0.5,1,"","","","","","","","","","","","","","","","","","","","",68,1,"","","","","","","","","","","","",4.,1,"","","","","","","","","","","","","","","","","","","","","","","","","","","","","","","","","","","","","","","","","","","","","","","","","","","","","","","","","","","","","","","","","","","","","","","","","","","","","","","","","","","","","","","","","","","","","","","","","","","","","","","","","","","","","","","","","","","",""
"06163007","TENDE_SAPC",44.043167,7.586,636,2000033006,0.,1,"","","","","","","","","","","","","","","","","","","","","","","","","","","","","","","","","","",-1.,1,-6.,1,-1.,1,"","",-0.4,1,"","","","","","","","","","","","","","","","","","","","",69,1,"","","","","","","","","","","","",3.9,1,"","","","","","","","","","","","","","","","","","","","","","","","","","","","","","","","","","","","","","","","","","","","","","","","","","","","","","","","","","","","","","","","","","","","","","","","","","","","","","","","","","","","","","","","","","","","","","","","","","","","","","","","","","","","","","","","","","","",""
"06163007","TENDE_SAPC",44.043167,7.586,636,2000033007,0.,1,"","","","","","","","","","","","","","","","","","","","","","","","","","","","","","","","","","",-0.8,1,-5.8,1,-1.1,1,"","",-0.5,1,"","","","","","","","","","","","","","","","","","","","",69,1,"","","","","","","","","","","","",4.,1,"","","","","","","","","","","","","","","","","","","","","","","","","","","","","","","","","","","","","","","","","","","","","","","","","","","","","","","","","","","","","","","","","","","","","","","","","","","","","","","","","","","","","","","","","","","","","","","","","","","","","","","","","","","","","","","","","","","",""
"06163007","TENDE_SAPC",44.043167,7.586,636,2000033008,0.,1,"","","","","","","","","","","","","","","","","","","","","","","","","","","","","","","","","","",0.,1,-5.4,1,-0.9,1,"","",0.,1,"","","","","","","","","","","","","","","","","","","","",67,1,"","","","","","","","","","","","",4.1,1,"","","","","","","","","","","","","","","","","","","","","","","","","","","","","","","","","","","","","","","","","","","","","","","","","","","","","","","","","","","","","","","","","","","","","","","","","","","","","","","","","","","","","","","","","","","","","","","","","","","","","","","","","","","","","","","","","","","",""
"06163007","TENDE_SAPC",44.043167,7.586,636,2000033009,0.,1,"","","","","","","","","","","","","","","","","","","","","","","","","","","","","","","","","","",7.2,1,-4.9,1,0.,1,"","",7.2,1,"","","","","","","","","","","","","","","","","","","","",42,1,"","","","","","","","","","","","",4.3,1,"","","","","","","","","","","","","","","","","","","","","","","","","","","","","","","","","","","","","","","","","","","","","","","","","","","","","","","","","","","","","","","","","","","","","","","","","","","","","","","","","","","","","","","","","","","","","","","","","","","","","","","","","","","","","","","","","","","",""
"06163007","TENDE_SAPC",44.043167,7.586,636,2000033010,0.,1,"","","","","","","","","","","","","","","","","","","","","","","","","","","","","","","","","","",11.,1,-8.3,1,7.2,1,"","",11.,1,"","","","","","","","","","","","","","","","","","","","",25,1,"","","","","","","","","","","","",3.3,1,"","","","","","","","","","","","","","","","","","","","","","","","","","","","","","","","","","","","","","","","","","","","","","","","","","","","","","","","","","","","","","","","","","","","","","","","","","","","","","","","","","","","","","","","","","","","","","","","","","","","","","","","","","","","","","","","","","","",""
"06163007","TENDE_SAPC",44.043167,7.586,636,2000033011,0.,1,"","","","","","","","","","","","","","","","","","","","","","","","","","","","","","","","","","",12.4,1,-8.2,1,11.1,1,"","",12.6,1,"","","","","","","","","","","","","","","","","","","","",23,1,"","","","","","","","","","","","",3.3,1,"","","","","","","","","","","","","","","","","","","","","","","","","","","","","","","","","","","","","","","","","","","","","","","","","","","","","","","","","","","","","","","","","","","","","","","","","","","","","","","","","","","","","","","","","","","","","","","","","","","","","","","","","","","","","","","","","","","",""
"06163007","TENDE_SAPC",44.043167,7.586,636,2000033012,0.,1,"","","","","","","","","","","","","","","","","","","","","","","","","","","","","","","","","","",13.3,1,-7.4,1,12.3,1,"","",13.4,1,"","","","","","","","","","","","","","","","","","","","",23,1,"","","","","","","","","","","","",3.5,1,"","","","","","","","","","","","","","","","","","","","","","","","","","","","","","","","","","","","","","","","","","","","","","","","","","","","","","","","","","","","","","","","","","","","","","","","","","","","","","","","","","","","","","","","","","","","","","","","","","","","","","","","","","","","","","","","","","","",""
"06163007","TENDE_SAPC",44.043167,7.586,636,2000033013,0.,1,"","","","","","","","","","","","","","","","","","","","","","","","","","","","","","","","","","",13.3,1,-8.,1,13.1,1,"","",13.6,1,"","","","","","","","","","","","","","","","","","","","",22,1,"","","","","","","","","","","","",3.4,1,"","","","","","","","","","","","","","","","","","","","","","","","","","","","","","","","","","","","","","","","","","","","","","","","","","","","","","","","","","","","","","","","","","","","","","","","","","","","","","","","","","","","","","","","","","","","","","","","","","","","","","","","","","","","","","","","","","","",""
"06163007","TENDE_SAPC",44.043167,7.586,636,2000033014,0.,1,"","","","","","","","","","","","","","","","","","","","","","","","","","","","","","","","","","",13.9,1,-6.4,1,13.3,1,"","",14.2,1,"","","","","","","","","","","","","","","","","","","","",24,1,"","","","","","","","","","","","",3.8,1,"","","","","","","","","","","","","","","","","","","","","","","","","","","","","","","","","","","","","","","","","","","","","","","","","","","","","","","","","","","","","","","","","","","","","","","","","","","","","","","","","","","","","","","","","","","","","","","","","","","","","","","","","","","","","","","","","","","",""
"06163007","TENDE_SAPC",44.043167,7.586,636,2000033015,0.,1,"","","","","","","","","","","","","","","","","","","","","","","","","","","","","","","","","","",13.4,1,-7.9,1,13.4,1,"","",13.9,1,"","","","","","","","","","","","","","","","","","","","",22,1,"","","","","","","","","","","","",3.4,1,"","","","","","","","","","","","","","","","","","","","","","","","","","","","","","","","","","","","","","","","","","","","","","","","","","","","","","","","","","","","","","","","","","","","","","","","","","","","","","","","","","","","","","","","","","","","","","","","","","","","","","","","","","","","","","","","","","","",""
"06163007","TENDE_SAPC",44.043167,7.586,636,2000033016,0.,1,"","","","","","","","","","","","","","","","","","","","","","","","","","","","","","","","","","",12.7,1,-6.9,1,12.6,1,"","",13.4,1,"","","","","","","","","","","","","","","","","","","","",25,1,"","","","","","","","","","","","",3.7,1,"","","","","","","","","","","","","","","","","","","","","","","","","","","","","","","","","","","","","","","","","","","","","","","","","","","","","","","","","","","","","","","","","","","","","","","","","","","","","","","","","","","","","","","","","","","","","","","","","","","","","","","","","","","","","","","","","","","",""
"06163007","TENDE_SAPC",44.043167,7.586,636,2000033017,0.,1,"","","","","","","","","","","","","","","","","","","","","","","","","","","","","","","","","","",11.2,1,-6.7,1,11.2,1,"","",12.7,1,"","","","","","","","","","","","","","","","","","","","",28,1,"","","","","","","","","","","","",3.7,1,"","","","","","","","","","","","","","","","","","","","","","","","","","","","","","","","","","","","","","","","","","","","","","","","","","","","","","","","","","","","","","","","","","","","","","","","","","","","","","","","","","","","","","","","","","","","","","","","","","","","","","","","","","","","","","","","","","","",""
"06163007","TENDE_SAPC",44.043167,7.586,636,2000033018,0.,1,"","","","","","","","","","","","","","","","","","","","","","","","","","","","","","","","","","",9.2,1,-5.5,1,9.2,1,"","",11.4,1,"","","","","","","","","","","","","","","","","","","","",35,1,"","","","","","","","","","","","",4.1,1,"","","","","","","","","","","","","","","","","","","","","","","","","","","","","","","","","","","","","","","","","","","","","","","","","","","","","","","","","","","","","","","","","","","","","","","","","","","","","","","","","","","","","","","","","","","","","","","","","","","","","","","","","","","","","","","","","","","",""
"06163007","TENDE_SAPC",44.043167,7.586,636,2000033019,0.,1,"","","","","","","","","","","","","","","","","","","","","","","","","","","","","","","","","","",6.1,1,-4.7,1,6.1,1,"","",9.1,1,"","","","","","","","","","","","","","","","","","","","",46,1,"","","","","","","","","","","","",4.3,1,"","","","","","","","","","","","","","","","","","","","","","","","","","","","","","","","","","","","","","","","","","","","","","","","","","","","","","","","","","","","","","","","","","","","","","","","","","","","","","","","","","","","","","","","","","","","","","","","","","","","","","","","","","","","","","","","","","","",""
"06163007","TENDE_SAPC",44.043167,7.586,636,2000033020,0.,1,"","","","","","","","","","","","","","","","","","","","","","","","","","","","","","","","","","",4.5,1,-4.3,1,4.5,1,"","",6.1,1,"","","","","","","","","","","","","","","","","","","","",53,1,"","","","","","","","","","","","",4.5,1,"","","","","","","","","","","","","","","","","","","","","","","","","","","","","","","","","","","","","","","","","","","","","","","","","","","","","","","","","","","","","","","","","","","","","","","","","","","","","","","","","","","","","","","","","","","","","","","","","","","","","","","","","","","","","","","","","","","",""
"06163007","TENDE_SAPC",44.043167,7.586,636,2000033021,0.,1,"","","","","","","","","","","","","","","","","","","","","","","","","","","","","","","","","","",3.5,1,-5.2,1,3.4,1,"","",4.5,1,"","","","","","","","","","","","","","","","","","","","",53,1,"","","","","","","","","","","","",4.2,1,"","","","","","","","","","","","","","","","","","","","","","","","","","","","","","","","","","","","","","","","","","","","","","","","","","","","","","","","","","","","","","","","","","","","","","","","","","","","","","","","","","","","","","","","","","","","","","","","","","","","","","","","","","","","","","","","","","","",""
"06163007","TENDE_SAPC",44.043167,7.586,636,2000033022,0.,1,"","","","","","","","","","","","","","","","","","","","","","","","","","","","","","","","","","",2.5,1,-5.4,1,2.5,1,"","",3.5,1,"","","","","","","","","","","","","","","","","","","","",56,1,"","","","","","","","","","","","",4.1,1,"","","","","","","","","","","","","","","","","","","","","","","","","","","","","","","","","","","","","","","","","","","","","","","","","","","","","","","","","","","","","","","","","","","","","","","","","","","","","","","","","","","","","","","","","","","","","","","","","","","","","","","","","","","","","","","","","","","",""
"06163007","TENDE_SAPC",44.043167,7.586,636,2000033023,0.,1,"","","","","","","","","","","","","","","","","","","","","","","","","","","","","","","","","","",2.,1,-5.9,1,1.9,1,"","",2.6,1,"","","","","","","","","","","","","","","","","","","","",56,1,"","","","","","","","","","","","",4.,1,"","","","","","","","","","","","","","","","","","","","","","","","","","","","","","","","","","","","","","","","","","","","","","","","","","","","","","","","","","","","","","","","","","","","","","","","","","","","","","","","","","","","","","","","","","","","","","","","","","","","","","","","","","","","","","","","","","","",""
"06163007","TENDE_SAPC",44.043167,7.586,636,2000033100,0.,1,"","","","","","","","","","","","","","","","","","","","","","","","","","","","","","","","","","",1.4,1,-6.,1,1.4,1,"","",2.1,1,"","","","","","","","","","","","","","","","","","","","",58,1,"","","","","","","","","","","","",3.9,1,"","","","","","","","","","","","","","","","","","","","","","","","","","","","","","","","","","","","","","","","","","","","","","","","","","","","","","","","","","","","","","","","","","","","","","","","","","","","","","","","","","","","","","","","","","","","","","","","","","","","","","","","","","","","","","","","","","","",""
"06163007","TENDE_SAPC",44.043167,7.586,636,2000033101,0.,1,"","","","","","","","","","","","","","","","","","","","","","","","","","","","","","","","","","",1.1,1,-6.,1,1.,1,"","",1.3,1,"","","","","","","","","","","","","","","","","","","","",59,1,"","","","","","","","","","","","",3.9,1,"","","","","","","","","","","","","","","","","","","","","","","","","","","","","","","","","","","","","","","","","","","","","","","","","","","","","","","","","","","","","","","","","","","","","","","","","","","","","","","","","","","","","","","","","","","","","","","","","","","","","","","","","","","","","","","","","","","",""
"06163007","TENDE_SAPC",44.043167,7.586,636,2000033102,0.,1,"","","","","","","","","","","","","","","","","","","","","","","","","","","","","","","","","","",0.7,1,-6.2,1,0.7,1,"","",1.2,1,"","","","","","","","","","","","","","","","","","","","",60,1,"","","","","","","","","","","","",3.9,1,"","","","","","","","","","","","","","","","","","","","","","","","","","","","","","","","","","","","","","","","","","","","","","","","","","","","","","","","","","","","","","","","","","","","","","","","","","","","","","","","","","","","","","","","","","","","","","","","","","","","","","","","","","","","","","","","","","","",""
"06163007","TENDE_SAPC",44.043167,7.586,636,2000033103,0.,1,"","","","","","","","","","","","","","","","","","","","","","","","","","","","","","","","","","",0.7,1,-6.6,1,0.6,1,"","",1.,1,"","","","","","","","","","","","","","","","","","","","",58,1,"","","","","","","","","","","","",3.7,1,"","","","","","","","","","","","","","","","","","","","","","","","","","","","","","","","","","","","","","","","","","","","","","","","","","","","","","","","","","","","","","","","","","","","","","","","","","","","","","","","","","","","","","","","","","","","","","","","","","","","","","","","","","","","","","","","","","","",""
"06163007","TENDE_SAPC",44.043167,7.586,636,2000033104,0.,1,"","","","","","","","","","","","","","","","","","","","","","","","","","","","","","","","","","",0.8,1,-7.,1,0.6,1,"","",1.1,1,"","","","","","","","","","","","","","","","","","","","",56,1,"","","","","","","","","","","","",3.6,1,"","","","","","","","","","","","","","","","","","","","","","","","","","","","","","","","","","","","","","","","","","","","","","","","","","","","","","","","","","","","","","","","","","","","","","","","","","","","","","","","","","","","","","","","","","","","","","","","","","","","","","","","","","","","","","","","","","","",""
"06163007","TENDE_SAPC",44.043167,7.586,636,2000033105,0.,1,"","","","","","","","","","","","","","","","","","","","","","","","","","","","","","","","","","",0.,1,-6.8,1,0.,1,"","",0.8,1,"","","","","","","","","","","","","","","","","","","","",60,1,"","","","","","","","","","","","",3.7,1,"","","","","","","","","","","","","","","","","","","","","","","","","","","","","","","","","","","","","","","","","","","","","","","","","","","","","","","","","","","","","","","","","","","","","","","","","","","","","","","","","","","","","","","","","","","","","","","","","","","","","","","","","","","","","","","","","","","",""
"06163007","TENDE_SAPC",44.043167,7.586,636,2000033106,0.,1,"","","","","","","","","","","","","","","","","","","","","","","","","","","","","","","","","","",-0.6,1,-6.8,1,-0.6,1,"","",0.,1,"","","","","","","","","","","","","","","","","","","","",63,1,"","","","","","","","","","","","",3.7,1,"","","","","","","","","","","","","","","","","","","","","","","","","","","","","","","","","","","","","","","","","","","","","","","","","","","","","","","","","","","","","","","","","","","","","","","","","","","","","","","","","","","","","","","","","","","","","","","","","","","","","","","","","","","","","","","","","","","",""
"06163007","TENDE_SAPC",44.043167,7.586,636,2000033107,"",1,"",1,"","","","","","","","","","","","","","","","","","","","","","","","","","","","","","","","",2.1,1,-7.3,1,-0.6,1,"","",2.1,1,"","","","","","","","","","","","","","","","","","","","",50,1,"","","","","","","","","","","","",3.6,1,"","","","","","","","","","","","","","","","","","","","","","","","","","","","","","","","","","","","","","","","","","","","","","","","","","","","","","","","","","","","","","","","","","","","","","","","","","","","","","","","","","","","","","","","","","","","","","","","","","","","","","","","","","","","","","","","","","","",""
"06163007","TENDE_SAPC",44.043167,7.586,636,2000033108,"",1,"",1,"","","","","","","","","","","","","","","","","","","","","","","","","","","","","","","","",4.2,1,-6.1,1,2.1,1,"","",4.3,1,"","","","","","","","","","","","","","","","","","","","",47,1,"","","","","","","","","","","","",3.9,1,"","","","","","","","","","","","","","","","","","","","","","","","","","","","","","","","","","","","","","","","","","","","","","","","","","","","","","","","","","","","","","","","","","","","","","","","","","","","","","","","","","","","","","","","","","","","","","","","","","","","","","","","","","","","","","","","","","","",""
"06163007","TENDE_SAPC",44.043167,7.586,636,2000033109,"",1,"",1,"","","","","","","","","","","","","","","","","","","","","","","","","","","","","","","","",9.5,1,-5.6,1,4.1,1,"","",9.7,1,"","","","","","","","","","","","","","","","","","","","",34,1,"","","","","","","","","","","","",4.,1,"","","","","","","","","","","","","","","","","","","","","","","","","","","","","","","","","","","","","","","","","","","","","","","","","","","","","","","","","","","","","","","","","","","","","","","","","","","","","","","","","","","","","","","","","","","","","","","","","","","","","","","","","","","","","","","","","","","",""
"06163007","TENDE_SAPC",44.043167,7.586,636,2000033110,"",1,"",1,"","","","","","","","","","","","","","","","","","","","","","","","","","","","","","","","",10.6,1,-4.6,1,8.7,1,"","",10.6,1,"","","","","","","","","","","","","","","","","","","","",34,1,"","","","","","","","","","","","",4.3,1,"","","","","","","","","","","","","","","","","","","","","","","","","","","","","","","","","","","","","","","","","","","","","","","","","","","","","","","","","","","","","","","","","","","","","","","","","","","","","","","","","","","","","","","","","","","","","","","","","","","","","","","","","","","","","","","","","","","",""
"06163007","TENDE_SAPC",44.043167,7.586,636,2000033111,"",1,"",1,"","","","","","","","","","","","","","","","","","","","","","","","","","","","","","","","",11.2,1,-4.1,1,10.6,1,"","",11.3,1,"","","","","","","","","","","","","","","","","","","","",34,1,"","","","","","","","","","","","",4.5,1,"","","","","","","","","","","","","","","","","","","","","","","","","","","","","","","","","","","","","","","","","","","","","","","","","","","","","","","","","","","","","","","","","","","","","","","","","","","","","","","","","","","","","","","","","","","","","","","","","","","","","","","","","","","","","","","","","","","",""
"06163007","TENDE_SAPC",44.043167,7.586,636,2000033112,"",1,"",1,"","","","","","","","","","","","","","","","","","","","","","","","","","","","","","","","",9.8,1,-3.2,1,9.8,1,"","",11.2,1,"","","","","","","","","","","","","","","","","","","","",40,1,"","","","","","","","","","","","",4.8,1,"","","","","","","","","","","","","","","","","","","","","","","","","","","","","","","","","","","","","","","","","","","","","","","","","","","","","","","","","","","","","","","","","","","","","","","","","","","","","","","","","","","","","","","","","","","","","","","","","","","","","","","","","","","","","","","","","","","",""
"06163007","TENDE_SAPC",44.043167,7.586,636,2000033113,"",1,"",1,"","","","","","","","","","","","","","","","","","","","","","","","","","","","","","","","",6.9,1,0.1,1,6.9,1,"","",9.8,1,"","","","","","","","","","","","","","","","","","","","",62,1,"","","","","","","","","","","","",6.2,1,"","","","","","","","","","","","","","","","","","","","","","","","","","","","","","","","","","","","","","","","","","","","","","","","","","","","","","","","","","","","","","","","","","","","","","","","","","","","","","","","","","","","","","","","","","","","","","","","","","","","","","","","","","","","","","","","","","","",""
"06163007","TENDE_SAPC",44.043167,7.586,636,2000033114,"",1,"",1,"","","","","","","","","","","","","","","","","","","","","","","","","","","","","","","","",5.9,1,1.,1,5.8,1,"","",6.8,1,"","","","","","","","","","","","","","","","","","","","",71,1,"","","","","","","","","","","","",6.6,1,"","","","","","","","","","","","","","","","","","","","","","","","","","","","","","","","","","","","","","","","","","","","","","","","","","","","","","","","","","","","","","","","","","","","","","","","","","","","","","","","","","","","","","","","","","","","","","","","","","","","","","","","","","","","","","","","","","","",""
"06163007","TENDE_SAPC",44.043167,7.586,636,2000033115,"",1,"",1,"","","","","","","","","","","","","","","","","","","","","","","","","","","","","","","","",6.6,1,0.7,1,5.7,1,"","",6.6,1,"","","","","","","","","","","","","","","","","","","","",66,1,"","","","","","","","","","","","",6.4,1,"","","","","","","","","","","","","","","","","","","","","","","","","","","","","","","","","","","","","","","","","","","","","","","","","","","","","","","","","","","","","","","","","","","","","","","","","","","","","","","","","","","","","","","","","","","","","","","","","","","","","","","","","","","","","","","","","","","",""
"06163007","TENDE_SAPC",44.043167,7.586,636,2000033116,"",1,"",1,"","","","","","","","","","","","","","","","","","","","","","","","","","","","","","","","",6.8,1,0.,1,6.7,1,"","",7.2,1,"","","","","","","","","","","","","","","","","","","","",62,1,"","","","","","","","","","","","",6.1,1,"","","","","","","","","","","","","","","","","","","","","","","","","","","","","","","","","","","","","","","","","","","","","","","","","","","","","","","","","","","","","","","","","","","","","","","","","","","","","","","","","","","","","","","","","","","","","","","","","","","","","","","","","","","","","","","","","","","",""
"06163007","TENDE_SAPC",44.043167,7.586,636,2000033117,"",1,"",1,"","","","","","","","","","","","","","","","","","","","","","","","","","","","","","","","",6.3,1,1.2,1,6.3,1,"","",6.8,1,"","","","","","","","","","","","","","","","","","","","",70,1,"","","","","","","","","","","","",6.7,1,"","","","","","","","","","","","","","","","","","","","","","","","","","","","","","","","","","","","","","","","","","","","","","","","","","","","","","","","","","","","","","","","","","","","","","","","","","","","","","","","","","","","","","","","","","","","","","","","","","","","","","","","","","","","","","","","","","","",""
"06163007","TENDE_SAPC",44.043167,7.586,636,2000033118,"",1,"",1,"","","","","","","","","","","","","","","","","","","","","","","","","","","","","","","","",5.8,1,0.3,1,5.7,1,"","",6.3,1,"","","","","","","","","","","","","","","","","","","","",68,1,"","","","","","","","","","","","",6.3,1,"","","","","","","","","","","","","","","","","","","","","","","","","","","","","","","","","","","","","","","","","","","","","","","","","","","","","","","","","","","","","","","","","","","","","","","","","","","","","","","","","","","","","","","","","","","","","","","","","","","","","","","","","","","","","","","","","","","",""
"06163007","TENDE_SAPC",44.043167,7.586,636,2000033119,"",1,"",1,"","","","","","","","","","","","","","","","","","","","","","","","","","","","","","","","",5.1,1,0.1,1,5.1,1,"","",6.,1,"","","","","","","","","","","","","","","","","","","","",70,1,"","","","","","","","","","","","",6.1,1,"","","","","","","","","","","","","","","","","","","","","","","","","","","","","","","","","","","","","","","","","","","","","","","","","","","","","","","","","","","","","","","","","","","","","","","","","","","","","","","","","","","","","","","","","","","","","","","","","","","","","","","","","","","","","","","","","","","",""
"06163007","TENDE_SAPC",44.043167,7.586,636,2000033120,"",1,"",1,"","","","","","","","","","","","","","","","","","","","","","","","","","","","","","","","",4.1,1,-0.1,1,4.,1,"","",5.1,1,"","","","","","","","","","","","","","","","","","","","",74,1,"","","","","","","","","","","","",6.1,1,"","","","","","","","","","","","","","","","","","","","","","","","","","","","","","","","","","","","","","","","","","","","","","","","","","","","","","","","","","","","","","","","","","","","","","","","","","","","","","","","","","","","","","","","","","","","","","","","","","","","","","","","","","","","","","","","","","","",""
"06163007","TENDE_SAPC",44.043167,7.586,636,2000033121,"",1,"",1,"","","","","","","","","","","","","","","","","","","","","","","","","","","","","","","","",4.2,1,-0.2,1,4.1,1,"","",4.4,1,"","","","","","","","","","","","","","","","","","","","",73,1,"","","","","","","","","","","","",6.,1,"","","","","","","","","","","","","","","","","","","","","","","","","","","","","","","","","","","","","","","","","","","","","","","","","","","","","","","","","","","","","","","","","","","","","","","","","","","","","","","","","","","","","","","","","","","","","","","","","","","","","","","","","","","","","","","","","","","",""
"06163007","TENDE_SAPC",44.043167,7.586,636,2000033122,"",1,"",1,"","","","","","","","","","","","","","","","","","","","","","","","","","","","","","","","",4.3,1,-0.5,1,4.2,1,"","",4.3,1,"","","","","","","","","","","","","","","","","","","","",71,1,"","","","","","","","","","","","",5.9,1,"","","","","","","","","","","","","","","","","","","","","","","","","","","","","","","","","","","","","","","","","","","","","","","","","","","","","","","","","","","","","","","","","","","","","","","","","","","","","","","","","","","","","","","","","","","","","","","","","","","","","","","","","","","","","","","","","","","",""
"06163007","TENDE_SAPC",44.043167,7.586,636,2000033123,"",1,"",1,"","","","","","","","","","","","","","","","","","","","","","","","","","","","","","","","",4.3,1,-0.3,1,4.3,1,"","",4.3,1,"","","","","","","","","","","","","","","","","","","","",72,1,"","","","","","","","","","","","",6.,1,"","","","","","","","","","","","","","","","","","","","","","","","","","","","","","","","","","","","","","","","","","","","","","","","","","","","","","","","","","","","","","","","","","","","","","","","","","","","","","","","","","","","","","","","","","","","","","","","","","","","","","","","","","","","","","","","","","","",""
"06163007","TENDE_SAPC",44.043167,7.586,636,2000040100,"",1,"",1,"","","","","","","","","","","","","","","","","","","","","","","","","","","","","","","","",3.3,1,0.5,1,3.3,1,"","",4.3,1,"","","","","","","","","","","","","","","","","","","","",82,1,"","","","","","","","","","","","",6.3,1,"","","","","","","","","","","","","","","","","","","","","","","","","","","","","","","","","","","","","","","","","","","","","","","","","","","","","","","","","","","","","","","","","","","","","","","","","","","","","","","","","","","","","","","","","","","","","","","","","","","","","","","","","","","","","","","","","","","",""
"06163007","TENDE_SAPC",44.043167,7.586,636,2000040101,"",1,"",1,"","","","","","","","","","","","","","","","","","","","","","","","","","","","","","","","",2.5,1,-0.1,1,2.5,1,"","",3.3,1,"","","","","","","","","","","","","","","","","","","","",83,1,"","","","","","","","","","","","",6.1,1,"","","","","","","","","","","","","","","","","","","","","","","","","","","","","","","","","","","","","","","","","","","","","","","","","","","","","","","","","","","","","","","","","","","","","","","","","","","","","","","","","","","","","","","","","","","","","","","","","","","","","","","","","","","","","","","","","","","",""
"06163007","TENDE_SAPC",44.043167,7.586,636,2000040102,"",1,"",1,"","","","","","","","","","","","","","","","","","","","","","","","","","","","","","","","",2.6,1,0.,1,2.4,1,"","",2.6,1,"","","","","","","","","","","","","","","","","","","","",83,1,"","","","","","","","","","","","",6.1,1,"","","","","","","","","","","","","","","","","","","","","","","","","","","","","","","","","","","","","","","","","","","","","","","","","","","","","","","","","","","","","","","","","","","","","","","","","","","","","","","","","","","","","","","","","","","","","","","","","","","","","","","","","","","","","","","","","","","",""
"06163007","TENDE_SAPC",44.043167,7.586,636,2000040103,"",1,"",1,"","","","","","","","","","","","","","","","","","","","","","","","","","","","","","","","",2.6,1,0.3,1,2.5,1,"","",2.6,1,"","","","","","","","","","","","","","","","","","","","",85,1,"","","","","","","","","","","","",6.3,1,"","","","","","","","","","","","","","","","","","","","","","","","","","","","","","","","","","","","","","","","","","","","","","","","","","","","","","","","","","","","","","","","","","","","","","","","","","","","","","","","","","","","","","","","","","","","","","","","","","","","","","","","","","","","","","","","","","","",""
"06163007","TENDE_SAPC",44.043167,7.586,636,2000040104,"",1,"",1,"","","","","","","","","","","","","","","","","","","","","","","","","","","","","","","","",1.5,1,-0.7,1,1.5,1,"","",2.6,1,"","","","","","","","","","","","","","","","","","","","",85,1,"","","","","","","","","","","","",5.8,1,"","","","","","","","","","","","","","","","","","","","","","","","","","","","","","","","","","","","","","","","","","","","","","","","","","","","","","","","","","","","","","","","","","","","","","","","","","","","","","","","","","","","","","","","","","","","","","","","","","","","","","","","","","","","","","","","","","","",""
"06163007","TENDE_SAPC",44.043167,7.586,636,2000040105,"",1,"",1,"","","","","","","","","","","","","","","","","","","","","","","","","","","","","","","","",0.8,1,-1.1,1,0.8,1,"","",1.4,1,"","","","","","","","","","","","","","","","","","","","",87,1,"","","","","","","","","","","","",5.6,1,"","","","","","","","","","","","","","","","","","","","","","","","","","","","","","","","","","","","","","","","","","","","","","","","","","","","","","","","","","","","","","","","","","","","","","","","","","","","","","","","","","","","","","","","","","","","","","","","","","","","","","","","","","","","","","","","","","","",""
"06163007","TENDE_SAPC",44.043167,7.586,636,2000040106,"",1,"",1,"","","","","","","","","","","","","","","","","","","","","","","","","","","","","","","","",0.5,1,-1.3,1,0.4,1,"","",0.8,1,"","","","","","","","","","","","","","","","","","","","",88,1,"","","","","","","","","","","","",5.6,1,"","","","","","","","","","","","","","","","","","","","","","","","","","","","","","","","","","","","","","","","","","","","","","","","","","","","","","","","","","","","","","","","","","","","","","","","","","","","","","","","","","","","","","","","","","","","","","","","","","","","","","","","","","","","","","","","","","","",""
"06163007","TENDE_SAPC",44.043167,7.586,636,2000040107,0.,1,"","","","","","","","","","","","","","","","","","","","","","","","","","","","","","","","","","",0.8,1,-1.,1,0.5,1,"","",0.8,1,"","","","","","","","","","","","","","","","","","","","",88,1,"","","","","","","","","","","","",5.7,1,"","","","","","","","","","","","","","","","","","","","","","","","","","","","","","","","","","","","","","","","","","","","","","","","","","","","","","","","","","","","","","","","","","","","","","","","","","","","","","","","","","","","","","","","","","","","","","","","","","","","","","","","","","","","","","","","","","","",""
"06163007","TENDE_SAPC",44.043167,7.586,636,2000040108,0.,1,"","","","","","","","","","","","","","","","","","","","","","","","","","","","","","","","","","",1.7,1,-0.1,1,0.8,1,"","",1.7,1,"","","","","","","","","","","","","","","","","","","","",88,1,"","","","","","","","","","","","",6.1,1,"","","","","","","","","","","","","","","","","","","","","","","","","","","","","","","","","","","","","","","","","","","","","","","","","","","","","","","","","","","","","","","","","","","","","","","","","","","","","","","","","","","","","","","","","","","","","","","","","","","","","","","","","","","","","","","","","","","",""
"06163007","TENDE_SAPC",44.043167,7.586,636,2000040109,0.2,1,"","","","","","","","","","","","","","","","","","","","","","","","","","","","","","","","","","",6.8,1,-0.2,1,1.7,1,"","",6.8,1,"","","","","","","","","","","","","","","","","","","","",61,1,"","","","","","","","","","","","",6.,1,"","","","","","","","","","","","","","","","","","","","","","","","","","","","","","","","","","","","","","","","","","","","","","","","","","","","","","","","","","","","","","","","","","","","","","","","","","","","","","","","","","","","","","","","","","","","","","","","","","","","","","","","","","","","","","","","","","","",""
"06163007","TENDE_SAPC",44.043167,7.586,636,2000040110,0.,1,"","","","","","","","","","","","","","","","","","","","","","","","","","","","","","","","","","",9.5,1,0.6,1,6.9,1,"","",9.5,1,"","","","","","","","","","","","","","","","","","","","",54,1,"","","","","","","","","","","","",6.4,1,"","","","","","","","","","","","","","","","","","","","","","","","","","","","","","","","","","","","","","","","","","","","","","","","","","","","","","","","","","","","","","","","","","","","","","","","","","","","","","","","","","","","","","","","","","","","","","","","","","","","","","","","","","","","","","","","","","","",""
"06163007","TENDE_SAPC",44.043167,7.586,636,2000040111,0.,1,"","","","","","","","","","","","","","","","","","","","","","","","","","","","","","","","","","",11.,1,0.1,1,9.6,1,"","",11.,1,"","","","","","","","","","","","","","","","","","","","",47,1,"","","","","","","","","","","","",6.2,1,"","","","","","","","","","","","","","","","","","","","","","","","","","","","","","","","","","","","","","","","","","","","","","","","","","","","","","","","","","","","","","","","","","","","","","","","","","","","","","","","","","","","","","","","","","","","","","","","","","","","","","","","","","","","","","","","","","","",""
"06163007","TENDE_SAPC",44.043167,7.586,636,2000040112,0.,1,"","","","","","","","","","","","","","","","","","","","","","","","","","","","","","","","","","",12.1,1,-0.1,1,11.,1,"","",12.1,1,"","","","","","","","","","","","","","","","","","","","",43,1,"","","","","","","","","","","","",6.1,1,"","","","","","","","","","","","","","","","","","","","","","","","","","","","","","","","","","","","","","","","","","","","","","","","","","","","","","","","","","","","","","","","","","","","","","","","","","","","","","","","","","","","","","","","","","","","","","","","","","","","","","","","","","","","","","","","","","","",""
"06163007","TENDE_SAPC",44.043167,7.586,636,2000040113,0.,1,"","","","","","","","","","","","","","","","","","","","","","","","","","","","","","","","","","",12.9,1,0.3,1,12.2,1,"","",12.9,1,"","","","","","","","","","","","","","","","","","","","",42,1,"","","","","","","","","","","","",6.2,1,"","","","","","","","","","","","","","","","","","","","","","","","","","","","","","","","","","","","","","","","","","","","","","","","","","","","","","","","","","","","","","","","","","","","","","","","","","","","","","","","","","","","","","","","","","","","","","","","","","","","","","","","","","","","","","","","","","","",""
"06163007","TENDE_SAPC",44.043167,7.586,636,2000040114,0.,1,"","","","","","","","","","","","","","","","","","","","","","","","","","","","","","","","","","",12.4,1,1.4,1,12.3,1,"","",13.,1,"","","","","","","","","","","","","","","","","","","","",47,1,"","","","","","","","","","","","",6.8,1,"","","","","","","","","","","","","","","","","","","","","","","","","","","","","","","","","","","","","","","","","","","","","","","","","","","","","","","","","","","","","","","","","","","","","","","","","","","","","","","","","","","","","","","","","","","","","","","","","","","","","","","","","","","","","","","","","","","",""
"06163007","TENDE_SAPC",44.043167,7.586,636,2000040115,0.,1,"","","","","","","","","","","","","","","","","","","","","","","","","","","","","","","","","","",11.,1,2.6,1,11.,1,"","",12.4,1,"","","","","","","","","","","","","","","","","","","","",56,1,"","","","","","","","","","","","",7.3,1,"","","","","","","","","","","","","","","","","","","","","","","","","","","","","","","","","","","","","","","","","","","","","","","","","","","","","","","","","","","","","","","","","","","","","","","","","","","","","","","","","","","","","","","","","","","","","","","","","","","","","","","","","","","","","","","","","","","",""
"06163007","TENDE_SAPC",44.043167,7.586,636,2000040116,0.,1,"","","","","","","","","","","","","","","","","","","","","","","","","","","","","","","","","","",10.7,1,2.8,1,10.7,1,"","",11.1,1,"","","","","","","","","","","","","","","","","","","","",58,1,"","","","","","","","","","","","",7.5,1,"","","","","","","","","","","","","","","","","","","","","","","","","","","","","","","","","","","","","","","","","","","","","","","","","","","","","","","","","","","","","","","","","","","","","","","","","","","","","","","","","","","","","","","","","","","","","","","","","","","","","","","","","","","","","","","","","","","",""
"06163007","TENDE_SAPC",44.043167,7.586,636,2000040117,0.,1,"","","","","","","","","","","","","","","","","","","","","","","","","","","","","","","","","","",9.6,1,2.9,1,9.6,1,"","",10.6,1,"","","","","","","","","","","","","","","","","","","","",63,1,"","","","","","","","","","","","",7.5,1,"","","","","","","","","","","","","","","","","","","","","","","","","","","","","","","","","","","","","","","","","","","","","","","","","","","","","","","","","","","","","","","","","","","","","","","","","","","","","","","","","","","","","","","","","","","","","","","","","","","","","","","","","","","","","","","","","","","",""
"06163007","TENDE_SAPC",44.043167,7.586,636,2000040118,0.,1,"","","","","","","","","","","","","","","","","","","","","","","","","","","","","","","","","","",7.5,1,2.6,1,7.5,1,"","",9.5,1,"","","","","","","","","","","","","","","","","","","","",71,1,"","","","","","","","","","","","",7.4,1,"","","","","","","","","","","","","","","","","","","","","","","","","","","","","","","","","","","","","","","","","","","","","","","","","","","","","","","","","","","","","","","","","","","","","","","","","","","","","","","","","","","","","","","","","","","","","","","","","","","","","","","","","","","","","","","","","","","",""
"06163007","TENDE_SAPC",44.043167,7.586,636,2000040119,0.,1,"","","","","","","","","","","","","","","","","","","","","","","","","","","","","","","","","","",6.2,1,2.3,1,6.2,1,"","",7.4,1,"","","","","","","","","","","","","","","","","","","","",76,1,"","","","","","","","","","","","",7.2,1,"","","","","","","","","","","","","","","","","","","","","","","","","","","","","","","","","","","","","","","","","","","","","","","","","","","","","","","","","","","","","","","","","","","","","","","","","","","","","","","","","","","","","","","","","","","","","","","","","","","","","","","","","","","","","","","","","","","",""
"06163007","TENDE_SAPC",44.043167,7.586,636,2000040120,0.,1,"","","","","","","","","","","","","","","","","","","","","","","","","","","","","","","","","","",5.5,1,2.,1,5.5,1,"","",6.3,1,"","","","","","","","","","","","","","","","","","","","",78,1,"","","","","","","","","","","","",7.,1,"","","","","","","","","","","","","","","","","","","","","","","","","","","","","","","","","","","","","","","","","","","","","","","","","","","","","","","","","","","","","","","","","","","","","","","","","","","","","","","","","","","","","","","","","","","","","","","","","","","","","","","","","","","","","","","","","","","",""
"06163007","TENDE_SAPC",44.043167,7.586,636,2000040121,0.,1,"","","","","","","","","","","","","","","","","","","","","","","","","","","","","","","","","","",4.4,1,1.2,1,4.4,1,"","",5.5,1,"","","","","","","","","","","","","","","","","","","","",80,1,"","","","","","","","","","","","",6.7,1,"","","","","","","","","","","","","","","","","","","","","","","","","","","","","","","","","","","","","","","","","","","","","","","","","","","","","","","","","","","","","","","","","","","","","","","","","","","","","","","","","","","","","","","","","","","","","","","","","","","","","","","","","","","","","","","","","","","",""
"06163007","TENDE_SAPC",44.043167,7.586,636,2000040122,0.,1,"","","","","","","","","","","","","","","","","","","","","","","","","","","","","","","","","","",3.6,1,0.8,1,3.6,1,"","",4.4,1,"","","","","","","","","","","","","","","","","","","","",82,1,"","","","","","","","","","","","",6.5,1,"","","","","","","","","","","","","","","","","","","","","","","","","","","","","","","","","","","","","","","","","","","","","","","","","","","","","","","","","","","","","","","","","","","","","","","","","","","","","","","","","","","","","","","","","","","","","","","","","","","","","","","","","","","","","","","","","","","",""
"06163007","TENDE_SAPC",44.043167,7.586,636,2000040123,0.,1,"","","","","","","","","","","","","","","","","","","","","","","","","","","","","","","","","","",2.8,1,0.2,1,2.8,1,"","",3.6,1,"","","","","","","","","","","","","","","","","","","","",83,1,"","","","","","","","","","","","",6.2,1,"","","","","","","","","","","","","","","","","","","","","","","","","","","","","","","","","","","","","","","","","","","","","","","","","","","","","","","","","","","","","","","","","","","","","","","","","","","","","","","","","","","","","","","","","","","","","","","","","","","","","","","","","","","","","","","","","","","",""
"06163007","TENDE_SAPC",44.043167,7.586,636,2000040200,0.,1,"","","","","","","","","","","","","","","","","","","","","","","","","","","","","","","","","","",2.3,1,-0.3,1,2.3,1,"","",2.8,1,"","","","","","","","","","","","","","","","","","","","",83,1,"","","","","","","","","","","","",6.,1,"","","","","","","","","","","","","","","","","","","","","","","","","","","","","","","","","","","","","","","","","","","","","","","","","","","","","","","","","","","","","","","","","","","","","","","","","","","","","","","","","","","","","","","","","","","","","","","","","","","","","","","","","","","","","","","","","","","",""
"06163007","TENDE_SAPC",44.043167,7.586,636,2000040201,0.,1,"","","","","","","","","","","","","","","","","","","","","","","","","","","","","","","","","","",2.,1,-0.4,1,1.9,1,"","",2.2,1,"","","","","","","","","","","","","","","","","","","","",84,1,"","","","","","","","","","","","",5.9,1,"","","","","","","","","","","","","","","","","","","","","","","","","","","","","","","","","","","","","","","","","","","","","","","","","","","","","","","","","","","","","","","","","","","","","","","","","","","","","","","","","","","","","","","","","","","","","","","","","","","","","","","","","","","","","","","","","","","",""
"06163007","TENDE_SAPC",44.043167,7.586,636,2000040202,0.,1,"","","","","","","","","","","","","","","","","","","","","","","","","","","","","","","","","","",1.6,1,-1.,1,1.6,1,"","",2.,1,"","","","","","","","","","","","","","","","","","","","",83,1,"","","","","","","","","","","","",5.7,1,"","","","","","","","","","","","","","","","","","","","","","","","","","","","","","","","","","","","","","","","","","","","","","","","","","","","","","","","","","","","","","","","","","","","","","","","","","","","","","","","","","","","","","","","","","","","","","","","","","","","","","","","","","","","","","","","","","","",""
"06163007","TENDE_SAPC",44.043167,7.586,636,2000040203,0.,1,"","","","","","","","","","","","","","","","","","","","","","","","","","","","","","","","","","",0.7,1,-1.7,1,0.7,1,"","",1.6,1,"","","","","","","","","","","","","","","","","","","","",84,1,"","","","","","","","","","","","",5.4,1,"","","","","","","","","","","","","","","","","","","","","","","","","","","","","","","","","","","","","","","","","","","","","","","","","","","","","","","","","","","","","","","","","","","","","","","","","","","","","","","","","","","","","","","","","","","","","","","","","","","","","","","","","","","","","","","","","","","",""
"06163007","TENDE_SAPC",44.043167,7.586,636,2000040204,0.,1,"","","","","","","","","","","","","","","","","","","","","","","","","","","","","","","","","","",0.5,1,-1.7,1,0.4,1,"","",0.7,1,"","","","","","","","","","","","","","","","","","","","",85,1,"","","","","","","","","","","","",5.4,1,"","","","","","","","","","","","","","","","","","","","","","","","","","","","","","","","","","","","","","","","","","","","","","","","","","","","","","","","","","","","","","","","","","","","","","","","","","","","","","","","","","","","","","","","","","","","","","","","","","","","","","","","","","","","","","","","","","","",""
"06163007","TENDE_SAPC",44.043167,7.586,636,2000040205,0.,1,"","","","","","","","","","","","","","","","","","","","","","","","","","","","","","","","","","",0.3,1,-2.1,1,0.3,1,"","",0.6,1,"","","","","","","","","","","","","","","","","","","","",84,1,"","","","","","","","","","","","",5.2,1,"","","","","","","","","","","","","","","","","","","","","","","","","","","","","","","","","","","","","","","","","","","","","","","","","","","","","","","","","","","","","","","","","","","","","","","","","","","","","","","","","","","","","","","","","","","","","","","","","","","","","","","","","","","","","","","","","","","",""
"06163007","TENDE_SAPC",44.043167,7.586,636,2000040206,0.,1,"","","","","","","","","","","","","","","","","","","","","","","","","","","","","","","","","","",0.7,1,-2.,1,0.1,1,"","",0.7,1,"","","","","","","","","","","","","","","","","","","","",82,1,"","","","","","","","","","","","",5.3,1,"","","","","","","","","","","","","","","","","","","","","","","","","","","","","","","","","","","","","","","","","","","","","","","","","","","","","","","","","","","","","","","","","","","","","","","","","","","","","","","","","","","","","","","","","","","","","","","","","","","","","","","","","","","","","","","","","","","",""
"06163007","TENDE_SAPC",44.043167,7.586,636,2000040207,0.,1,"","","","","","","","","","","","","","","","","","","","","","","","","","","","","","","","","","",1.5,1,-1.6,1,0.7,1,"","",1.5,1,"","","","","","","","","","","","","","","","","","","","",80,1,"","","","","","","","","","","","",5.4,1,"","","","","","","","","","","","","","","","","","","","","","","","","","","","","","","","","","","","","","","","","","","","","","","","","","","","","","","","","","","","","","","","","","","","","","","","","","","","","","","","","","","","","","","","","","","","","","","","","","","","","","","","","","","","","","","","","","","",""
"06163007","TENDE_SAPC",44.043167,7.586,636,2000040208,0.,1,"","","","","","","","","","","","","","","","","","","","","","","","","","","","","","","","","","",4.1,1,-0.5,1,1.5,1,"","",4.1,1,"","","","","","","","","","","","","","","","","","","","",72,1,"","","","","","","","","","","","",5.9,1,"","","","","","","","","","","","","","","","","","","","","","","","","","","","","","","","","","","","","","","","","","","","","","","","","","","","","","","","","","","","","","","","","","","","","","","","","","","","","","","","","","","","","","","","","","","","","","","","","","","","","","","","","","","","","","","","","","","",""
"06163007","TENDE_SAPC",44.043167,7.586,636,2000040209,0.,1,"","","","","","","","","","","","","","","","","","","","","","","","","","","","","","","","","","",9.4,1,-1.1,1,4.1,1,"","",9.4,1,"","","","","","","","","","","","","","","","","","","","",48,1,"","","","","","","","","","","","",5.7,1,"","","","","","","","","","","","","","","","","","","","","","","","","","","","","","","","","","","","","","","","","","","","","","","","","","","","","","","","","","","","","","","","","","","","","","","","","","","","","","","","","","","","","","","","","","","","","","","","","","","","","","","","","","","","","","","","","","","",""
"06163007","TENDE_SAPC",44.043167,7.586,636,2000040210,0.,1,"","","","","","","","","","","","","","","","","","","","","","","","","","","","","","","","","","",11.4,1,-0.8,1,9.4,1,"","",11.5,1,"","","","","","","","","","","","","","","","","","","","",43,1,"","","","","","","","","","","","",5.8,1,"","","","","","","","","","","","","","","","","","","","","","","","","","","","","","","","","","","","","","","","","","","","","","","","","","","","","","","","","","","","","","","","","","","","","","","","","","","","","","","","","","","","","","","","","","","","","","","","","","","","","","","","","","","","","","","","","","","",""
"06163007","TENDE_SAPC",44.043167,7.586,636,2000040211,0.,1,"","","","","","","","","","","","","","","","","","","","","","","","","","","","","","","","","","",12.4,1,-0.5,1,11.4,1,"","",12.4,1,"","","","","","","","","","","","","","","","","","","","",41,1,"","","","","","","","","","","","",5.9,1,"","","","","","","","","","","","","","","","","","","","","","","","","","","","","","","","","","","","","","","","","","","","","","","","","","","","","","","","","","","","","","","","","","","","","","","","","","","","","","","","","","","","","","","","","","","","","","","","","","","","","","","","","","","","","","","","","","","",""
"06163007","TENDE_SAPC",44.043167,7.586,636,2000040212,0.,1,"","","","","","","","","","","","","","","","","","","","","","","","","","","","","","","","","","",13.,1,1.,1,12.4,1,"","",13.3,1,"","","","","","","","","","","","","","","","","","","","",44,1,"","","","","","","","","","","","",6.6,1,"","","","","","","","","","","","","","","","","","","","","","","","","","","","","","","","","","","","","","","","","","","","","","","","","","","","","","","","","","","","","","","","","","","","","","","","","","","","","","","","","","","","","","","","","","","","","","","","","","","","","","","","","","","","","","","","","","","",""
"06163007","TENDE_SAPC",44.043167,7.586,636,2000040213,0.,1,"","","","","","","","","","","","","","","","","","","","","","","","","","","","","","","","","","",11.6,1,1.8,1,11.5,1,"","",13.1,1,"","","","","","","","","","","","","","","","","","","","",51,1,"","","","","","","","","","","","",7.,1,"","","","","","","","","","","","","","","","","","","","","","","","","","","","","","","","","","","","","","","","","","","","","","","","","","","","","","","","","","","","","","","","","","","","","","","","","","","","","","","","","","","","","","","","","","","","","","","","","","","","","","","","","","","","","","","","","","","",""
"06163007","TENDE_SAPC",44.043167,7.586,636,2000040214,0.,1,"","","","","","","","","","","","","","","","","","","","","","","","","","","","","","","","","","",11.1,1,1.3,1,10.9,1,"","",11.6,1,"","","","","","","","","","","","","","","","","","","","",51,1,"","","","","","","","","","","","",6.7,1,"","","","","","","","","","","","","","","","","","","","","","","","","","","","","","","","","","","","","","","","","","","","","","","","","","","","","","","","","","","","","","","","","","","","","","","","","","","","","","","","","","","","","","","","","","","","","","","","","","","","","","","","","","","","","","","","","","","",""
"06163007","TENDE_SAPC",44.043167,7.586,636,2000040215,0.,1,"","","","","","","","","","","","","","","","","","","","","","","","","","","","","","","","","","",10.,1,0.8,1,9.9,1,"","",11.3,1,"","","","","","","","","","","","","","","","","","","","",53,1,"","","","","","","","","","","","",6.5,1,"","","","","","","","","","","","","","","","","","","","","","","","","","","","","","","","","","","","","","","","","","","","","","","","","","","","","","","","","","","","","","","","","","","","","","","","","","","","","","","","","","","","","","","","","","","","","","","","","","","","","","","","","","","","","","","","","","","",""
"06163007","TENDE_SAPC",44.043167,7.586,636,2000040216,0.,1,"","","","","","","","","","","","","","","","","","","","","","","","","","","","","","","","","","",10.,1,0.6,1,9.9,1,"","",10.1,1,"","","","","","","","","","","","","","","","","","","","",52,1,"","","","","","","","","","","","",6.4,1,"","","","","","","","","","","","","","","","","","","","","","","","","","","","","","","","","","","","","","","","","","","","","","","","","","","","","","","","","","","","","","","","","","","","","","","","","","","","","","","","","","","","","","","","","","","","","","","","","","","","","","","","","","","","","","","","","","","",""
"06163007","TENDE_SAPC",44.043167,7.586,636,2000040217,0.,1,"","","","","","","","","","","","","","","","","","","","","","","","","","","","","","","","","","",9.2,1,0.1,1,9.2,1,"","",10.,1,"","","","","","","","","","","","","","","","","","","","",53,1,"","","","","","","","","","","","",6.2,1,"","","","","","","","","","","","","","","","","","","","","","","","","","","","","","","","","","","","","","","","","","","","","","","","","","","","","","","","","","","","","","","","","","","","","","","","","","","","","","","","","","","","","","","","","","","","","","","","","","","","","","","","","","","","","","","","","","","",""
"06163007","TENDE_SAPC",44.043167,7.586,636,2000040218,0.,1,"","","","","","","","","","","","","","","","","","","","","","","","","","","","","","","","","","",9.,1,-0.3,1,8.4,1,"","",9.1,1,"","","","","","","","","","","","","","","","","","","","",52,1,"","","","","","","","","","","","",6.,1,"","","","","","","","","","","","","","","","","","","","","","","","","","","","","","","","","","","","","","","","","","","","","","","","","","","","","","","","","","","","","","","","","","","","","","","","","","","","","","","","","","","","","","","","","","","","","","","","","","","","","","","","","","","","","","","","","","","",""
"06163007","TENDE_SAPC",44.043167,7.586,636,2000040219,0.,1,"","","","","","","","","","","","","","","","","","","","","","","","","","","","","","","","","","",6.7,1,0.6,1,6.7,1,"","",9.,1,"","","","","","","","","","","","","","","","","","","","",65,1,"","","","","","","","","","","","",6.4,1,"","","","","","","","","","","","","","","","","","","","","","","","","","","","","","","","","","","","","","","","","","","","","","","","","","","","","","","","","","","","","","","","","","","","","","","","","","","","","","","","","","","","","","","","","","","","","","","","","","","","","","","","","","","","","","","","","","","",""
"06163007","TENDE_SAPC",44.043167,7.586,636,2000040220,0.,1,"","","","","","","","","","","","","","","","","","","","","","","","","","","","","","","","","","",5.4,1,2.2,1,5.4,1,"","",6.7,1,"","","","","","","","","","","","","","","","","","","","",80,1,"","","","","","","","","","","","",7.2,1,"","","","","","","","","","","","","","","","","","","","","","","","","","","","","","","","","","","","","","","","","","","","","","","","","","","","","","","","","","","","","","","","","","","","","","","","","","","","","","","","","","","","","","","","","","","","","","","","","","","","","","","","","","","","","","","","","","","",""
"06163007","TENDE_SAPC",44.043167,7.586,636,2000040221,0.,1,"","","","","","","","","","","","","","","","","","","","","","","","","","","","","","","","","","",5.9,1,2.4,1,5.5,1,"","",5.9,1,"","","","","","","","","","","","","","","","","","","","",78,1,"","","","","","","","","","","","",7.2,1,"","","","","","","","","","","","","","","","","","","","","","","","","","","","","","","","","","","","","","","","","","","","","","","","","","","","","","","","","","","","","","","","","","","","","","","","","","","","","","","","","","","","","","","","","","","","","","","","","","","","","","","","","","","","","","","","","","","",""
"06163007","TENDE_SAPC",44.043167,7.586,636,2000040222,0.,1,"","","","","","","","","","","","","","","","","","","","","","","","","","","","","","","","","","",6.9,1,1.6,1,5.9,1,"","",7.,1,"","","","","","","","","","","","","","","","","","","","",69,1,"","","","","","","","","","","","",6.9,1,"","","","","","","","","","","","","","","","","","","","","","","","","","","","","","","","","","","","","","","","","","","","","","","","","","","","","","","","","","","","","","","","","","","","","","","","","","","","","","","","","","","","","","","","","","","","","","","","","","","","","","","","","","","","","","","","","","","",""
"06163007","TENDE_SAPC",44.043167,7.586,636,2000040223,0.,1,"","","","","","","","","","","","","","","","","","","","","","","","","","","","","","","","","","",8.,1,0.7,1,6.8,1,"","",8.,1,"","","","","","","","","","","","","","","","","","","","",60,1,"","","","","","","","","","","","",6.4,1,"","","","","","","","","","","","","","","","","","","","","","","","","","","","","","","","","","","","","","","","","","","","","","","","","","","","","","","","","","","","","","","","","","","","","","","","","","","","","","","","","","","","","","","","","","","","","","","","","","","","","","","","","","","","","","","","","","","",""
"06163007","TENDE_SAPC",44.043167,7.586,636,2000040300,0.,1,"","","","","","","","","","","","","","","","","","","","","","","","","","","","","","","","","","",8.5,1,0.,1,8.,1,"","",8.5,1,"","","","","","","","","","","","","","","","","","","","",55,1,"","","","","","","","","","","","",6.1,1,"","","","","","","","","","","","","","","","","","","","","","","","","","","","","","","","","","","","","","","","","","","","","","","","","","","","","","","","","","","","","","","","","","","","","","","","","","","","","","","","","","","","","","","","","","","","","","","","","","","","","","","","","","","","","","","","","","","",""
"06163007","TENDE_SAPC",44.043167,7.586,636,2000040301,0.,1,"","","","","","","","","","","","","","","","","","","","","","","","","","","","","","","","","","",7.9,1,0.4,1,7.8,1,"","",8.6,1,"","","","","","","","","","","","","","","","","","","","",59,1,"","","","","","","","","","","","",6.3,1,"","","","","","","","","","","","","","","","","","","","","","","","","","","","","","","","","","","","","","","","","","","","","","","","","","","","","","","","","","","","","","","","","","","","","","","","","","","","","","","","","","","","","","","","","","","","","","","","","","","","","","","","","","","","","","","","","","","",""
"06163007","TENDE_SAPC",44.043167,7.586,636,2000040302,0.,1,"","","","","","","","","","","","","","","","","","","","","","","","","","","","","","","","","","",6.3,1,0.8,1,6.3,1,"","",8.2,1,"","","","","","","","","","","","","","","","","","","","",68,1,"","","","","","","","","","","","",6.5,1,"","","","","","","","","","","","","","","","","","","","","","","","","","","","","","","","","","","","","","","","","","","","","","","","","","","","","","","","","","","","","","","","","","","","","","","","","","","","","","","","","","","","","","","","","","","","","","","","","","","","","","","","","","","","","","","","","","","",""
"06163007","TENDE_SAPC",44.043167,7.586,636,2000040303,0.,1,"","","","","","","","","","","","","","","","","","","","","","","","","","","","","","","","","","",7.3,1,0.,1,6.2,1,"","",7.3,1,"","","","","","","","","","","","","","","","","","","","",60,1,"","","","","","","","","","","","",6.1,1,"","","","","","","","","","","","","","","","","","","","","","","","","","","","","","","","","","","","","","","","","","","","","","","","","","","","","","","","","","","","","","","","","","","","","","","","","","","","","","","","","","","","","","","","","","","","","","","","","","","","","","","","","","","","","","","","","","","",""
"06163007","TENDE_SAPC",44.043167,7.586,636,2000040304,0.4,1,"","","","","","","","","","","","","","","","","","","","","","","","","","","","","","","","","","",6.7,1,0.4,1,5.9,1,"","",7.8,1,"","","","","","","","","","","","","","","","","","","","",64,1,"","","","","","","","","","","","",6.3,1,"","","","","","","","","","","","","","","","","","","","","","","","","","","","","","","","","","","","","","","","","","","","","","","","","","","","","","","","","","","","","","","","","","","","","","","","","","","","","","","","","","","","","","","","","","","","","","","","","","","","","","","","","","","","","","","","","","","",""
"06163007","TENDE_SAPC",44.043167,7.586,636,2000040305,0.,1,"","","","","","","","","","","","","","","","","","","","","","","","","","","","","","","","","","",7.8,1,-0.4,1,6.7,1,"","",7.8,1,"","","","","","","","","","","","","","","","","","","","",56,1,"","","","","","","","","","","","",5.9,1,"","","","","","","","","","","","","","","","","","","","","","","","","","","","","","","","","","","","","","","","","","","","","","","","","","","","","","","","","","","","","","","","","","","","","","","","","","","","","","","","","","","","","","","","","","","","","","","","","","","","","","","","","","","","","","","","","","","",""
"06163007","TENDE_SAPC",44.043167,7.586,636,2000040306,0.,1,"","","","","","","","","","","","","","","","","","","","","","","","","","","","","","","","","","",7.4,1,-0.3,1,7.4,1,"","",8.,1,"","","","","","","","","","","","","","","","","","","","",58,1,"","","","","","","","","","","","",6.,1,"","","","","","","","","","","","","","","","","","","","","","","","","","","","","","","","","","","","","","","","","","","","","","","","","","","","","","","","","","","","","","","","","","","","","","","","","","","","","","","","","","","","","","","","","","","","","","","","","","","","","","","","","","","","","","","","","","","",""
"06163007","TENDE_SAPC",44.043167,7.586,636,2000040307,0.,1,"","","","","","","","","","","","","","","","","","","","","","","","","","","","","","","","","","",7.6,1,-0.4,1,7.3,1,"","",7.8,1,"","","","","","","","","","","","","","","","","","","","",57,1,"","","","","","","","","","","","",5.9,1,"","","","","","","","","","","","","","","","","","","","","","","","","","","","","","","","","","","","","","","","","","","","","","","","","","","","","","","","","","","","","","","","","","","","","","","","","","","","","","","","","","","","","","","","","","","","","","","","","","","","","","","","","","","","","","","","","","","",""
"06163007","TENDE_SAPC",44.043167,7.586,636,2000040308,0.2,1,"","","","","","","","","","","","","","","","","","","","","","","","","","","","","","","","","","",8.,1,-0.8,1,7.4,1,"","",8.,1,"","","","","","","","","","","","","","","","","","","","",54,1,"","","","","","","","","","","","",5.8,1,"","","","","","","","","","","","","","","","","","","","","","","","","","","","","","","","","","","","","","","","","","","","","","","","","","","","","","","","","","","","","","","","","","","","","","","","","","","","","","","","","","","","","","","","","","","","","","","","","","","","","","","","","","","","","","","","","","","",""
"06163007","TENDE_SAPC",44.043167,7.586,636,2000040309,0.2,1,"","","","","","","","","","","","","","","","","","","","","","","","","","","","","","","","","","",7.4,1,-0.3,1,6.6,1,"","",8.2,1,"","","","","","","","","","","","","","","","","","","","",58,1,"","","","","","","","","","","","",6.,1,"","","","","","","","","","","","","","","","","","","","","","","","","","","","","","","","","","","","","","","","","","","","","","","","","","","","","","","","","","","","","","","","","","","","","","","","","","","","","","","","","","","","","","","","","","","","","","","","","","","","","","","","","","","","","","","","","","","",""
"06163007","TENDE_SAPC",44.043167,7.586,636,2000040310,0.4,1,"","","","","","","","","","","","","","","","","","","","","","","","","","","","","","","","","","",7.5,1,0.5,1,7.4,1,"","",8.2,1,"","","","","","","","","","","","","","","","","","","","",61,1,"","","","","","","","","","","","",6.3,1,"","","","","","","","","","","","","","","","","","","","","","","","","","","","","","","","","","","","","","","","","","","","","","","","","","","","","","","","","","","","","","","","","","","","","","","","","","","","","","","","","","","","","","","","","","","","","","","","","","","","","","","","","","","","","","","","","","","",""
"06163007","TENDE_SAPC",44.043167,7.586,636,2000040311,1.4,1,"","","","","","","","","","","","","","","","","","","","","","","","","","","","","","","","","","",6.,1,1.5,1,6.,1,"","",7.4,1,"","","","","","","","","","","","","","","","","","","","",73,1,"","","","","","","","","","","","",6.8,1,"","","","","","","","","","","","","","","","","","","","","","","","","","","","","","","","","","","","","","","","","","","","","","","","","","","","","","","","","","","","","","","","","","","","","","","","","","","","","","","","","","","","","","","","","","","","","","","","","","","","","","","","","","","","","","","","","","","",""
"06163007","TENDE_SAPC",44.043167,7.586,636,2000040312,3.2,1,"","","","","","","","","","","","","","","","","","","","","","","","","","","","","","","","","","",5.1,1,1.2,1,5.1,1,"","",6.1,1,"","","","","","","","","","","","","","","","","","","","",76,1,"","","","","","","","","","","","",6.7,1,"","","","","","","","","","","","","","","","","","","","","","","","","","","","","","","","","","","","","","","","","","","","","","","","","","","","","","","","","","","","","","","","","","","","","","","","","","","","","","","","","","","","","","","","","","","","","","","","","","","","","","","","","","","","","","","","","","","",""
"06163007","TENDE_SAPC",44.043167,7.586,636,2000040313,5.2,1,"","","","","","","","","","","","","","","","","","","","","","","","","","","","","","","","","","",3.2,1,0.3,1,3.2,1,"","",5.1,1,"","","","","","","","","","","","","","","","","","","","",81,1,"","","","","","","","","","","","",6.2,1,"","","","","","","","","","","","","","","","","","","","","","","","","","","","","","","","","","","","","","","","","","","","","","","","","","","","","","","","","","","","","","","","","","","","","","","","","","","","","","","","","","","","","","","","","","","","","","","","","","","","","","","","","","","","","","","","","","","",""
"06163007","TENDE_SAPC",44.043167,7.586,636,2000040314,1.8,1,"","","","","","","","","","","","","","","","","","","","","","","","","","","","","","","","","","",3.4,1,0.6,1,2.9,1,"","",3.5,1,"","","","","","","","","","","","","","","","","","","","",82,1,"","","","","","","","","","","","",6.4,1,"","","","","","","","","","","","","","","","","","","","","","","","","","","","","","","","","","","","","","","","","","","","","","","","","","","","","","","","","","","","","","","","","","","","","","","","","","","","","","","","","","","","","","","","","","","","","","","","","","","","","","","","","","","","","","","","","","","",""
"06163007","TENDE_SAPC",44.043167,7.586,636,2000040315,0.,1,"","","","","","","","","","","","","","","","","","","","","","","","","","","","","","","","","","",4.7,1,1.5,1,3.4,1,"","",4.7,1,"","","","","","","","","","","","","","","","","","","","",80,1,"","","","","","","","","","","","",6.8,1,"","","","","","","","","","","","","","","","","","","","","","","","","","","","","","","","","","","","","","","","","","","","","","","","","","","","","","","","","","","","","","","","","","","","","","","","","","","","","","","","","","","","","","","","","","","","","","","","","","","","","","","","","","","","","","","","","","","",""
"06163007","TENDE_SAPC",44.043167,7.586,636,2000040316,1.4,1,"","","","","","","","","","","","","","","","","","","","","","","","","","","","","","","","","","",4.9,1,2.1,1,4.7,1,"","",5.,1,"","","","","","","","","","","","","","","","","","","","",82,1,"","","","","","","","","","","","",7.1,1,"","","","","","","","","","","","","","","","","","","","","","","","","","","","","","","","","","","","","","","","","","","","","","","","","","","","","","","","","","","","","","","","","","","","","","","","","","","","","","","","","","","","","","","","","","","","","","","","","","","","","","","","","","","","","","","","","","","",""
"06163007","TENDE_SAPC",44.043167,7.586,636,2000040317,2.4,1,"","","","","","","","","","","","","","","","","","","","","","","","","","","","","","","","","","",5.3,1,3.,1,4.9,1,"","",5.3,1,"","","","","","","","","","","","","","","","","","","","",85,1,"","","","","","","","","","","","",7.6,1,"","","","","","","","","","","","","","","","","","","","","","","","","","","","","","","","","","","","","","","","","","","","","","","","","","","","","","","","","","","","","","","","","","","","","","","","","","","","","","","","","","","","","","","","","","","","","","","","","","","","","","","","","","","","","","","","","","","",""
"06163007","TENDE_SAPC",44.043167,7.586,636,2000040318,2.2,1,"","","","","","","","","","","","","","","","","","","","","","","","","","","","","","","","","","",5.3,1,3.3,1,5.3,1,"","",5.4,1,"","","","","","","","","","","","","","","","","","","","",87,1,"","","","","","","","","","","","",7.7,1,"","","","","","","","","","","","","","","","","","","","","","","","","","","","","","","","","","","","","","","","","","","","","","","","","","","","","","","","","","","","","","","","","","","","","","","","","","","","","","","","","","","","","","","","","","","","","","","","","","","","","","","","","","","","","","","","","","","",""
"06163007","TENDE_SAPC",44.043167,7.586,636,2000040319,0.4,1,"","","","","","","","","","","","","","","","","","","","","","","","","","","","","","","","","","",5.3,1,3.5,1,5.3,1,"","",5.3,1,"","","","","","","","","","","","","","","","","","","","",88,1,"","","","","","","","","","","","",7.8,1,"","","","","","","","","","","","","","","","","","","","","","","","","","","","","","","","","","","","","","","","","","","","","","","","","","","","","","","","","","","","","","","","","","","","","","","","","","","","","","","","","","","","","","","","","","","","","","","","","","","","","","","","","","","","","","","","","","","",""
"06163007","TENDE_SAPC",44.043167,7.586,636,2000040320,0.,1,"","","","","","","","","","","","","","","","","","","","","","","","","","","","","","","","","","",5.4,1,3.7,1,5.3,1,"","",5.4,1,"","","","","","","","","","","","","","","","","","","","",89,1,"","","","","","","","","","","","",8.,1,"","","","","","","","","","","","","","","","","","","","","","","","","","","","","","","","","","","","","","","","","","","","","","","","","","","","","","","","","","","","","","","","","","","","","","","","","","","","","","","","","","","","","","","","","","","","","","","","","","","","","","","","","","","","","","","","","","","",""
"06163007","TENDE_SAPC",44.043167,7.586,636,2000040321,0.,1,"","","","","","","","","","","","","","","","","","","","","","","","","","","","","","","","","","",5.3,1,3.6,1,5.3,1,"","",5.4,1,"","","","","","","","","","","","","","","","","","","","",89,1,"","","","","","","","","","","","",7.9,1,"","","","","","","","","","","","","","","","","","","","","","","","","","","","","","","","","","","","","","","","","","","","","","","","","","","","","","","","","","","","","","","","","","","","","","","","","","","","","","","","","","","","","","","","","","","","","","","","","","","","","","","","","","","","","","","","","","","",""
"06163007","TENDE_SAPC",44.043167,7.586,636,2000040322,0.,1,"","","","","","","","","","","","","","","","","","","","","","","","","","","","","","","","","","",5.,1,3.2,1,5.,1,"","",5.3,1,"","","","","","","","","","","","","","","","","","","","",88,1,"","","","","","","","","","","","",7.7,1,"","","","","","","","","","","","","","","","","","","","","","","","","","","","","","","","","","","","","","","","","","","","","","","","","","","","","","","","","","","","","","","","","","","","","","","","","","","","","","","","","","","","","","","","","","","","","","","","","","","","","","","","","","","","","","","","","","","",""
"06163007","TENDE_SAPC",44.043167,7.586,636,2000040323,0.,1,"","","","","","","","","","","","","","","","","","","","","","","","","","","","","","","","","","",4.6,1,2.6,1,4.6,1,"","",5.,1,"","","","","","","","","","","","","","","","","","","","",87,1,"","","","","","","","","","","","",7.4,1,"","","","","","","","","","","","","","","","","","","","","","","","","","","","","","","","","","","","","","","","","","","","","","","","","","","","","","","","","","","","","","","","","","","","","","","","","","","","","","","","","","","","","","","","","","","","","","","","","","","","","","","","","","","","","","","","","","","",""
"06163007","TENDE_SAPC",44.043167,7.586,636,2000040400,0.,1,"","","","","","","","","","","","","","","","","","","","","","","","","","","","","","","","","","",4.4,1,2.4,1,4.4,1,"","",4.6,1,"","","","","","","","","","","","","","","","","","","","",87,1,"","","","","","","","","","","","",7.3,1,"","","","","","","","","","","","","","","","","","","","","","","","","","","","","","","","","","","","","","","","","","","","","","","","","","","","","","","","","","","","","","","","","","","","","","","","","","","","","","","","","","","","","","","","","","","","","","","","","","","","","","","","","","","","","","","","","","","",""
"06163007","TENDE_SAPC",44.043167,7.586,636,2000040401,0.,1,"","","","","","","","","","","","","","","","","","","","","","","","","","","","","","","","","","",3.2,1,1.4,1,3.2,1,"","",4.4,1,"","","","","","","","","","","","","","","","","","","","",88,1,"","","","","","","","","","","","",6.8,1,"","","","","","","","","","","","","","","","","","","","","","","","","","","","","","","","","","","","","","","","","","","","","","","","","","","","","","","","","","","","","","","","","","","","","","","","","","","","","","","","","","","","","","","","","","","","","","","","","","","","","","","","","","","","","","","","","","","",""
"06163007","TENDE_SAPC",44.043167,7.586,636,2000040402,0.,1,"","","","","","","","","","","","","","","","","","","","","","","","","","","","","","","","","","",3.1,1,1.5,1,3.,1,"","",3.1,1,"","","","","","","","","","","","","","","","","","","","",89,1,"","","","","","","","","","","","",6.8,1,"","","","","","","","","","","","","","","","","","","","","","","","","","","","","","","","","","","","","","","","","","","","","","","","","","","","","","","","","","","","","","","","","","","","","","","","","","","","","","","","","","","","","","","","","","","","","","","","","","","","","","","","","","","","","","","","","","","",""
"06163007","TENDE_SAPC",44.043167,7.586,636,2000040403,0.2,1,"","","","","","","","","","","","","","","","","","","","","","","","","","","","","","","","","","",3.3,1,1.7,1,3.1,1,"","",3.4,1,"","","","","","","","","","","","","","","","","","","","",89,1,"","","","","","","","","","","","",6.9,1,"","","","","","","","","","","","","","","","","","","","","","","","","","","","","","","","","","","","","","","","","","","","","","","","","","","","","","","","","","","","","","","","","","","","","","","","","","","","","","","","","","","","","","","","","","","","","","","","","","","","","","","","","","","","","","","","","","","",""
"06163007","TENDE_SAPC",44.043167,7.586,636,2000040404,0.8,1,"","","","","","","","","","","","","","","","","","","","","","","","","","","","","","","","","","",3.7,1,2.1,1,3.2,1,"","",3.7,1,"","","","","","","","","","","","","","","","","","","","",89,1,"","","","","","","","","","","","",7.1,1,"","","","","","","","","","","","","","","","","","","","","","","","","","","","","","","","","","","","","","","","","","","","","","","","","","","","","","","","","","","","","","","","","","","","","","","","","","","","","","","","","","","","","","","","","","","","","","","","","","","","","","","","","","","","","","","","","","","",""
"06163007","TENDE_SAPC",44.043167,7.586,636,2000040405,1.8,1,"","","","","","","","","","","","","","","","","","","","","","","","","","","","","","","","","","",3.9,1,2.3,1,3.6,1,"","",3.9,1,"","","","","","","","","","","","","","","","","","","","",89,1,"","","","","","","","","","","","",7.2,1,"","","","","","","","","","","","","","","","","","","","","","","","","","","","","","","","","","","","","","","","","","","","","","","","","","","","","","","","","","","","","","","","","","","","","","","","","","","","","","","","","","","","","","","","","","","","","","","","","","","","","","","","","","","","","","","","","","","",""
"06163007","TENDE_SAPC",44.043167,7.586,636,2000040406,4.8,1,"","","","","","","","","","","","","","","","","","","","","","","","","","","","","","","","","","",3.2,1,1.6,1,3.2,1,"","",4.1,1,"","","","","","","","","","","","","","","","","","","","",89,1,"","","","","","","","","","","","",6.8,1,"","","","","","","","","","","","","","","","","","","","","","","","","","","","","","","","","","","","","","","","","","","","","","","","","","","","","","","","","","","","","","","","","","","","","","","","","","","","","","","","","","","","","","","","","","","","","","","","","","","","","","","","","","","","","","","","","","","",""
"06163007","TENDE_SAPC",44.043167,7.586,636,2000040407,3.6,1,"","","","","","","","","","","","","","","","","","","","","","","","","","","","","","","","","","",2.2,1,0.3,1,2.2,1,"","",3.2,1,"","","","","","","","","","","","","","","","","","","","",87,1,"","","","","","","","","","","","",6.2,1,"","","","","","","","","","","","","","","","","","","","","","","","","","","","","","","","","","","","","","","","","","","","","","","","","","","","","","","","","","","","","","","","","","","","","","","","","","","","","","","","","","","","","","","","","","","","","","","","","","","","","","","","","","","","","","","","","","","",""
"06163007","TENDE_SAPC",44.043167,7.586,636,2000040408,4.4,1,"","","","","","","","","","","","","","","","","","","","","","","","","","","","","","","","","","",1.6,1,-0.3,1,1.6,1,"","",2.1,1,"","","","","","","","","","","","","","","","","","","","",87,1,"","","","","","","","","","","","",6.,1,"","","","","","","","","","","","","","","","","","","","","","","","","","","","","","","","","","","","","","","","","","","","","","","","","","","","","","","","","","","","","","","","","","","","","","","","","","","","","","","","","","","","","","","","","","","","","","","","","","","","","","","","","","","","","","","","","","","",""
"06163007","TENDE_SAPC",44.043167,7.586,636,2000040409,3.6,1,"","","","","","","","","","","","","","","","","","","","","","","","","","","","","","","","","","",2.,1,-0.1,1,1.5,1,"","",2.,1,"","","","","","","","","","","","","","","","","","","","",86,1,"","","","","","","","","","","","",6.1,1,"","","","","","","","","","","","","","","","","","","","","","","","","","","","","","","","","","","","","","","","","","","","","","","","","","","","","","","","","","","","","","","","","","","","","","","","","","","","","","","","","","","","","","","","","","","","","","","","","","","","","","","","","","","","","","","","","","","",""
"06163007","TENDE_SAPC",44.043167,7.586,636,2000040410,2.6,1,"","","","","","","","","","","","","","","","","","","","","","","","","","","","","","","","","","",2.4,1,0.3,1,2.,1,"","",2.4,1,"","","","","","","","","","","","","","","","","","","","",86,1,"","","","","","","","","","","","",6.2,1,"","","","","","","","","","","","","","","","","","","","","","","","","","","","","","","","","","","","","","","","","","","","","","","","","","","","","","","","","","","","","","","","","","","","","","","","","","","","","","","","","","","","","","","","","","","","","","","","","","","","","","","","","","","","","","","","","","","",""
"06163007","TENDE_SAPC",44.043167,7.586,636,2000040411,6.,1,"","","","","","","","","","","","","","","","","","","","","","","","","","","","","","","","","","",1.3,1,-0.6,1,1.3,1,"","",2.4,1,"","","","","","","","","","","","","","","","","","","","",87,1,"","","","","","","","","","","","",5.8,1,"","","","","","","","","","","","","","","","","","","","","","","","","","","","","","","","","","","","","","","","","","","","","","","","","","","","","","","","","","","","","","","","","","","","","","","","","","","","","","","","","","","","","","","","","","","","","","","","","","","","","","","","","","","","","","","","","","","",""
"06163007","TENDE_SAPC",44.043167,7.586,636,2000040412,3.8,1,"","","","","","","","","","","","","","","","","","","","","","","","","","","","","","","","","","",2.,1,-0.1,1,1.,1,"","",2.,1,"","","","","","","","","","","","","","","","","","","","",86,1,"","","","","","","","","","","","",6.1,1,"","","","","","","","","","","","","","","","","","","","","","","","","","","","","","","","","","","","","","","","","","","","","","","","","","","","","","","","","","","","","","","","","","","","","","","","","","","","","","","","","","","","","","","","","","","","","","","","","","","","","","","","","","","","","","","","","","","",""
"06163007","TENDE_SAPC",44.043167,7.586,636,2000040413,1.4,1,"","","","","","","","","","","","","","","","","","","","","","","","","","","","","","","","","","",3.2,1,0.6,1,2.,1,"","",3.2,1,"","","","","","","","","","","","","","","","","","","","",83,1,"","","","","","","","","","","","",6.4,1,"","","","","","","","","","","","","","","","","","","","","","","","","","","","","","","","","","","","","","","","","","","","","","","","","","","","","","","","","","","","","","","","","","","","","","","","","","","","","","","","","","","","","","","","","","","","","","","","","","","","","","","","","","","","","","","","","","","",""
"06163007","TENDE_SAPC",44.043167,7.586,636,2000040414,1.6,1,"","","","","","","","","","","","","","","","","","","","","","","","","","","","","","","","","","",4.9,1,1.7,1,3.2,1,"","",4.9,1,"","","","","","","","","","","","","","","","","","","","",80,1,"","","","","","","","","","","","",6.9,1,"","","","","","","","","","","","","","","","","","","","","","","","","","","","","","","","","","","","","","","","","","","","","","","","","","","","","","","","","","","","","","","","","","","","","","","","","","","","","","","","","","","","","","","","","","","","","","","","","","","","","","","","","","","","","","","","","","","",""
"06163007","TENDE_SAPC",44.043167,7.586,636,2000040415,0.,1,"","","","","","","","","","","","","","","","","","","","","","","","","","","","","","","","","","",6.2,1,2.1,1,4.9,1,"","",6.2,1,"","","","","","","","","","","","","","","","","","","","",75,1,"","","","","","","","","","","","",7.1,1,"","","","","","","","","","","","","","","","","","","","","","","","","","","","","","","","","","","","","","","","","","","","","","","","","","","","","","","","","","","","","","","","","","","","","","","","","","","","","","","","","","","","","","","","","","","","","","","","","","","","","","","","","","","","","","","","","","","",""
"06163007","TENDE_SAPC",44.043167,7.586,636,2000040416,0.,1,"","","","","","","","","","","","","","","","","","","","","","","","","","","","","","","","","","",6.9,1,2.6,1,6.3,1,"","",7.,1,"","","","","","","","","","","","","","","","","","","","",74,1,"","","","","","","","","","","","",7.4,1,"","","","","","","","","","","","","","","","","","","","","","","","","","","","","","","","","","","","","","","","","","","","","","","","","","","","","","","","","","","","","","","","","","","","","","","","","","","","","","","","","","","","","","","","","","","","","","","","","","","","","","","","","","","","","","","","","","","",""
"06163007","TENDE_SAPC",44.043167,7.586,636,2000040417,0.,1,"","","","","","","","","","","","","","","","","","","","","","","","","","","","","","","","","","",7.2,1,3.2,1,6.9,1,"","",7.2,1,"","","","","","","","","","","","","","","","","","","","",76,1,"","","","","","","","","","","","",7.7,1,"","","","","","","","","","","","","","","","","","","","","","","","","","","","","","","","","","","","","","","","","","","","","","","","","","","","","","","","","","","","","","","","","","","","","","","","","","","","","","","","","","","","","","","","","","","","","","","","","","","","","","","","","","","","","","","","","","","",""
"06163007","TENDE_SAPC",44.043167,7.586,636,2000040418,0.,1,"","","","","","","","","","","","","","","","","","","","","","","","","","","","","","","","","","",6.6,1,3.7,1,6.6,1,"","",7.3,1,"","","","","","","","","","","","","","","","","","","","",82,1,"","","","","","","","","","","","",8.,1,"","","","","","","","","","","","","","","","","","","","","","","","","","","","","","","","","","","","","","","","","","","","","","","","","","","","","","","","","","","","","","","","","","","","","","","","","","","","","","","","","","","","","","","","","","","","","","","","","","","","","","","","","","","","","","","","","","","",""
"06163007","TENDE_SAPC",44.043167,7.586,636,2000040419,0.,1,"","","","","","","","","","","","","","","","","","","","","","","","","","","","","","","","","","",5.6,1,3.1,1,5.6,1,"","",6.6,1,"","","","","","","","","","","","","","","","","","","","",84,1,"","","","","","","","","","","","",7.6,1,"","","","","","","","","","","","","","","","","","","","","","","","","","","","","","","","","","","","","","","","","","","","","","","","","","","","","","","","","","","","","","","","","","","","","","","","","","","","","","","","","","","","","","","","","","","","","","","","","","","","","","","","","","","","","","","","","","","",""
"06163007","TENDE_SAPC",44.043167,7.586,636,2000040420,0.,1,"","","","","","","","","","","","","","","","","","","","","","","","","","","","","","","","","","",4.5,1,2.4,1,4.5,1,"","",5.6,1,"","","","","","","","","","","","","","","","","","","","",86,1,"","","","","","","","","","","","",7.2,1,"","","","","","","","","","","","","","","","","","","","","","","","","","","","","","","","","","","","","","","","","","","","","","","","","","","","","","","","","","","","","","","","","","","","","","","","","","","","","","","","","","","","","","","","","","","","","","","","","","","","","","","","","","","","","","","","","","","",""
"06163007","TENDE_SAPC",44.043167,7.586,636,2000040421,0.,1,"","","","","","","","","","","","","","","","","","","","","","","","","","","","","","","","","","",3.6,1,1.6,1,3.6,1,"","",4.5,1,"","","","","","","","","","","","","","","","","","","","",87,1,"","","","","","","","","","","","",6.9,1,"","","","","","","","","","","","","","","","","","","","","","","","","","","","","","","","","","","","","","","","","","","","","","","","","","","","","","","","","","","","","","","","","","","","","","","","","","","","","","","","","","","","","","","","","","","","","","","","","","","","","","","","","","","","","","","","","","","",""
"06163007","TENDE_SAPC",44.043167,7.586,636,2000040422,0.,1,"","","","","","","","","","","","","","","","","","","","","","","","","","","","","","","","","","",3.1,1,0.8,1,3.1,1,"","",3.6,1,"","","","","","","","","","","","","","","","","","","","",85,1,"","","","","","","","","","","","",6.5,1,"","","","","","","","","","","","","","","","","","","","","","","","","","","","","","","","","","","","","","","","","","","","","","","","","","","","","","","","","","","","","","","","","","","","","","","","","","","","","","","","","","","","","","","","","","","","","","","","","","","","","","","","","","","","","","","","","","","",""
"06163007","TENDE_SAPC",44.043167,7.586,636,2000040423,0.,1,"","","","","","","","","","","","","","","","","","","","","","","","","","","","","","","","","","",2.3,1,0.4,1,2.3,1,"","",3.1,1,"","","","","","","","","","","","","","","","","","","","",87,1,"","","","","","","","","","","","",6.3,1,"","","","","","","","","","","","","","","","","","","","","","","","","","","","","","","","","","","","","","","","","","","","","","","","","","","","","","","","","","","","","","","","","","","","","","","","","","","","","","","","","","","","","","","","","","","","","","","","","","","","","","","","","","","","","","","","","","","",""
"06163007","TENDE_SAPC",44.043167,7.586,636,2000040500,0.,1,"","","","","","","","","","","","","","","","","","","","","","","","","","","","","","","","","","",1.8,1,0.,1,1.6,1,"","",2.2,1,"","","","","","","","","","","","","","","","","","","","",88,1,"","","","","","","","","","","","",6.1,1,"","","","","","","","","","","","","","","","","","","","","","","","","","","","","","","","","","","","","","","","","","","","","","","","","","","","","","","","","","","","","","","","","","","","","","","","","","","","","","","","","","","","","","","","","","","","","","","","","","","","","","","","","","","","","","","","","","","",""
"06163007","TENDE_SAPC",44.043167,7.586,636,2000040501,0.,1,"","","","","","","","","","","","","","","","","","","","","","","","","","","","","","","","","","",2.2,1,0.6,1,1.8,1,"","",2.2,1,"","","","","","","","","","","","","","","","","","","","",89,1,"","","","","","","","","","","","",6.4,1,"","","","","","","","","","","","","","","","","","","","","","","","","","","","","","","","","","","","","","","","","","","","","","","","","","","","","","","","","","","","","","","","","","","","","","","","","","","","","","","","","","","","","","","","","","","","","","","","","","","","","","","","","","","","","","","","","","","",""
"06163007","TENDE_SAPC",44.043167,7.586,636,2000040502,0.,1,"","","","","","","","","","","","","","","","","","","","","","","","","","","","","","","","","","",2.4,1,0.8,1,2.,1,"","",2.4,1,"","","","","","","","","","","","","","","","","","","","",89,1,"","","","","","","","","","","","",6.5,1,"","","","","","","","","","","","","","","","","","","","","","","","","","","","","","","","","","","","","","","","","","","","","","","","","","","","","","","","","","","","","","","","","","","","","","","","","","","","","","","","","","","","","","","","","","","","","","","","","","","","","","","","","","","","","","","","","","","",""
"06163007","TENDE_SAPC",44.043167,7.586,636,2000040503,0.,1,"","","","","","","","","","","","","","","","","","","","","","","","","","","","","","","","","","",2.2,1,0.4,1,2.2,1,"","",2.6,1,"","","","","","","","","","","","","","","","","","","","",88,1,"","","","","","","","","","","","",6.3,1,"","","","","","","","","","","","","","","","","","","","","","","","","","","","","","","","","","","","","","","","","","","","","","","","","","","","","","","","","","","","","","","","","","","","","","","","","","","","","","","","","","","","","","","","","","","","","","","","","","","","","","","","","","","","","","","","","","","",""
"06163007","TENDE_SAPC",44.043167,7.586,636,2000040504,0.,1,"","","","","","","","","","","","","","","","","","","","","","","","","","","","","","","","","","",1.6,1,0.,1,1.6,1,"","",2.1,1,"","","","","","","","","","","","","","","","","","","","",89,1,"","","","","","","","","","","","",6.1,1,"","","","","","","","","","","","","","","","","","","","","","","","","","","","","","","","","","","","","","","","","","","","","","","","","","","","","","","","","","","","","","","","","","","","","","","","","","","","","","","","","","","","","","","","","","","","","","","","","","","","","","","","","","","","","","","","","","","",""
"06163007","TENDE_SAPC",44.043167,7.586,636,2000040505,0.,1,"","","","","","","","","","","","","","","","","","","","","","","","","","","","","","","","","","",1.5,1,-0.1,1,1.5,1,"","",1.9,1,"","","","","","","","","","","","","","","","","","","","",89,1,"","","","","","","","","","","","",6.1,1,"","","","","","","","","","","","","","","","","","","","","","","","","","","","","","","","","","","","","","","","","","","","","","","","","","","","","","","","","","","","","","","","","","","","","","","","","","","","","","","","","","","","","","","","","","","","","","","","","","","","","","","","","","","","","","","","","","","",""
"06163007","TENDE_SAPC",44.043167,7.586,636,2000040506,0.,1,"","","","","","","","","","","","","","","","","","","","","","","","","","","","","","","","","","",2.2,1,-0.1,1,1.4,1,"","",2.2,1,"","","","","","","","","","","","","","","","","","","","",85,1,"","","","","","","","","","","","",6.1,1,"","","","","","","","","","","","","","","","","","","","","","","","","","","","","","","","","","","","","","","","","","","","","","","","","","","","","","","","","","","","","","","","","","","","","","","","","","","","","","","","","","","","","","","","","","","","","","","","","","","","","","","","","","","","","","","","","","","",""
"06163007","TENDE_SAPC",44.043167,7.586,636,2000040507,0.,1,"","","","","","","","","","","","","","","","","","","","","","","","","","","","","","","","","","",2.5,1,0.2,1,1.9,1,"","",2.5,1,"","","","","","","","","","","","","","","","","","","","",85,1,"","","","","","","","","","","","",6.2,1,"","","","","","","","","","","","","","","","","","","","","","","","","","","","","","","","","","","","","","","","","","","","","","","","","","","","","","","","","","","","","","","","","","","","","","","","","","","","","","","","","","","","","","","","","","","","","","","","","","","","","","","","","","","","","","","","","","","",""
"06163007","TENDE_SAPC",44.043167,7.586,636,2000040508,0.,1,"","","","","","","","","","","","","","","","","","","","","","","","","","","","","","","","","","",4.2,1,1.9,1,2.5,1,"","",4.2,1,"","","","","","","","","","","","","","","","","","","","",85,1,"","","","","","","","","","","","",7.,1,"","","","","","","","","","","","","","","","","","","","","","","","","","","","","","","","","","","","","","","","","","","","","","","","","","","","","","","","","","","","","","","","","","","","","","","","","","","","","","","","","","","","","","","","","","","","","","","","","","","","","","","","","","","","","","","","","","","",""
"06163007","TENDE_SAPC",44.043167,7.586,636,2000040509,0.,1,"","","","","","","","","","","","","","","","","","","","","","","","","","","","","","","","","","",10.7,1,3.7,1,4.4,1,"","",10.7,1,"","","","","","","","","","","","","","","","","","","","",62,1,"","","","","","","","","","","","",8.,1,"","","","","","","","","","","","","","","","","","","","","","","","","","","","","","","","","","","","","","","","","","","","","","","","","","","","","","","","","","","","","","","","","","","","","","","","","","","","","","","","","","","","","","","","","","","","","","","","","","","","","","","","","","","","","","","","","","","",""
"06163007","TENDE_SAPC",44.043167,7.586,636,2000040511,0.,1,"","","","","","","","","","","","","","","","","","","","","","","","","","","","","","","","","","",14.6,1,0.4,1,13.1,1,"","",14.6,1,"","","","","","","","","","","","","","","","","","","","",38,1,"","","","","","","","","","","","",6.3,1,"","","","","","","","","","","","","","","","","","","","","","","","","","","","","","","","","","","","","","","","","","","","","","","","","","","","","","","","","","","","","","","","","","","","","","","","","","","","","","","","","","","","","","","","","","","","","","","","","","","","","","","","","","","","","","","","","","","",""
"06163007","TENDE_SAPC",44.043167,7.586,636,2000040512,0.,1,"","","","","","","","","","","","","","","","","","","","","","","","","","","","","","","","","","",15.7,1,2.8,1,14.5,1,"","",15.7,1,"","","","","","","","","","","","","","","","","","","","",42,1,"","","","","","","","","","","","",7.5,1,"","","","","","","","","","","","","","","","","","","","","","","","","","","","","","","","","","","","","","","","","","","","","","","","","","","","","","","","","","","","","","","","","","","","","","","","","","","","","","","","","","","","","","","","","","","","","","","","","","","","","","","","","","","","","","","","","","","",""
"06163007","TENDE_SAPC",44.043167,7.586,636,2000040513,0.,1,"","","","","","","","","","","","","","","","","","","","","","","","","","","","","","","","","","",14.3,1,4.,1,14.3,1,"","",15.8,1,"","","","","","","","","","","","","","","","","","","","",50,1,"","","","","","","","","","","","",8.1,1,"","","","","","","","","","","","","","","","","","","","","","","","","","","","","","","","","","","","","","","","","","","","","","","","","","","","","","","","","","","","","","","","","","","","","","","","","","","","","","","","","","","","","","","","","","","","","","","","","","","","","","","","","","","","","","","","","","","",""
"06163007","TENDE_SAPC",44.043167,7.586,636,2000040514,0.,1,"","","","","","","","","","","","","","","","","","","","","","","","","","","","","","","","","","",13.5,1,4.6,1,13.5,1,"","",15.4,1,"","","","","","","","","","","","","","","","","","","","",55,1,"","","","","","","","","","","","",8.5,1,"","","","","","","","","","","","","","","","","","","","","","","","","","","","","","","","","","","","","","","","","","","","","","","","","","","","","","","","","","","","","","","","","","","","","","","","","","","","","","","","","","","","","","","","","","","","","","","","","","","","","","","","","","","","","","","","","","","",""
"06163007","TENDE_SAPC",44.043167,7.586,636,2000040515,0.,1,"","","","","","","","","","","","","","","","","","","","","","","","","","","","","","","","","","",12.8,1,4.5,1,12.8,1,"","",13.5,1,"","","","","","","","","","","","","","","","","","","","",57,1,"","","","","","","","","","","","",8.4,1,"","","","","","","","","","","","","","","","","","","","","","","","","","","","","","","","","","","","","","","","","","","","","","","","","","","","","","","","","","","","","","","","","","","","","","","","","","","","","","","","","","","","","","","","","","","","","","","","","","","","","","","","","","","","","","","","","","","",""
"06163007","TENDE_SAPC",44.043167,7.586,636,2000040518,"","","","","","","","","","","","","","","","","","","","","","","","","","","","","","","","","","","","",7.2,1,5.2,1,"","","","","","","","","","","","","","","","","","","","","","","","","","",87,1,"","","","","","","","","","","","",8.8,1,"","","","","","","","","","","","","","","","","","","","","","","","","","","","","","","","","","","","","","","","","","","","","","","","","","","","","","","","","","","","","","","","","","","","","","","","","","","","","","","","","","","","","","","","","","","","","","","","","","","","","","","","","","","","","","","","","","","",""
"06163007","TENDE_SAPC",44.043167,7.586,636,2000040519,0.,1,"","","","","","","","","","","","","","","","","","","","","","","","","","","","","","","","","","",6.1,1,4.3,1,6.1,1,"","",7.2,1,"","","","","","","","","","","","","","","","","","","","",88,1,"","","","","","","","","","","","",8.3,1,"","","","","","","","","","","","","","","","","","","","","","","","","","","","","","","","","","","","","","","","","","","","","","","","","","","","","","","","","","","","","","","","","","","","","","","","","","","","","","","","","","","","","","","","","","","","","","","","","","","","","","","","","","","","","","","","","","","",""
"06163007","TENDE_SAPC",44.043167,7.586,636,2000040520,0.,1,"","","","","","","","","","","","","","","","","","","","","","","","","","","","","","","","","","",6.3,1,3.6,1,6.1,1,"","",6.4,1,"","","","","","","","","","","","","","","","","","","","",83,1,"","","","","","","","","","","","",7.9,1,"","","","","","","","","","","","","","","","","","","","","","","","","","","","","","","","","","","","","","","","","","","","","","","","","","","","","","","","","","","","","","","","","","","","","","","","","","","","","","","","","","","","","","","","","","","","","","","","","","","","","","","","","","","","","","","","","","","",""
"06163007","TENDE_SAPC",44.043167,7.586,636,2000040521,0.,1,"","","","","","","","","","","","","","","","","","","","","","","","","","","","","","","","","","",5.6,1,2.4,1,5.6,1,"","",6.2,1,"","","","","","","","","","","","","","","","","","","","",80,1,"","","","","","","","","","","","",7.3,1,"","","","","","","","","","","","","","","","","","","","","","","","","","","","","","","","","","","","","","","","","","","","","","","","","","","","","","","","","","","","","","","","","","","","","","","","","","","","","","","","","","","","","","","","","","","","","","","","","","","","","","","","","","","","","","","","","","","",""
"06163007","TENDE_SAPC",44.043167,7.586,636,2000040522,0.,1,"","","","","","","","","","","","","","","","","","","","","","","","","","","","","","","","","","",4.8,1,2.2,1,4.8,1,"","",5.6,1,"","","","","","","","","","","","","","","","","","","","",83,1,"","","","","","","","","","","","",7.1,1,"","","","","","","","","","","","","","","","","","","","","","","","","","","","","","","","","","","","","","","","","","","","","","","","","","","","","","","","","","","","","","","","","","","","","","","","","","","","","","","","","","","","","","","","","","","","","","","","","","","","","","","","","","","","","","","","","","","",""
"06163007","TENDE_SAPC",44.043167,7.586,636,2000040523,0.,1,"","","","","","","","","","","","","","","","","","","","","","","","","","","","","","","","","","",4.1,1,2.1,1,4.,1,"","",4.8,1,"","","","","","","","","","","","","","","","","","","","",87,1,"","","","","","","","","","","","",7.1,1,"","","","","","","","","","","","","","","","","","","","","","","","","","","","","","","","","","","","","","","","","","","","","","","","","","","","","","","","","","","","","","","","","","","","","","","","","","","","","","","","","","","","","","","","","","","","","","","","","","","","","","","","","","","","","","","","","","","",""
"06163007","TENDE_SAPC",44.043167,7.586,636,2000040600,0.,1,"","","","","","","","","","","","","","","","","","","","","","","","","","","","","","","","","","",4.5,1,2.,1,4.,1,"","",4.5,1,"","","","","","","","","","","","","","","","","","","","",84,1,"","","","","","","","","","","","",7.1,1,"","","","","","","","","","","","","","","","","","","","","","","","","","","","","","","","","","","","","","","","","","","","","","","","","","","","","","","","","","","","","","","","","","","","","","","","","","","","","","","","","","","","","","","","","","","","","","","","","","","","","","","","","","","","","","","","","","","",""
"06163007","TENDE_SAPC",44.043167,7.586,636,2000040601,0.,1,"","","","","","","","","","","","","","","","","","","","","","","","","","","","","","","","","","",4.1,1,1.5,1,3.9,1,"","",4.5,1,"","","","","","","","","","","","","","","","","","","","",83,1,"","","","","","","","","","","","",6.8,1,"","","","","","","","","","","","","","","","","","","","","","","","","","","","","","","","","","","","","","","","","","","","","","","","","","","","","","","","","","","","","","","","","","","","","","","","","","","","","","","","","","","","","","","","","","","","","","","","","","","","","","","","","","","","","","","","","","","",""
"06163007","TENDE_SAPC",44.043167,7.586,636,2000040602,0.,1,"","","","","","","","","","","","","","","","","","","","","","","","","","","","","","","","","","",3.6,1,1.1,1,3.6,1,"","",4.1,1,"","","","","","","","","","","","","","","","","","","","",84,1,"","","","","","","","","","","","",6.6,1,"","","","","","","","","","","","","","","","","","","","","","","","","","","","","","","","","","","","","","","","","","","","","","","","","","","","","","","","","","","","","","","","","","","","","","","","","","","","","","","","","","","","","","","","","","","","","","","","","","","","","","","","","","","","","","","","","","","",""
"06163007","TENDE_SAPC",44.043167,7.586,636,2000040603,0.,1,"","","","","","","","","","","","","","","","","","","","","","","","","","","","","","","","","","",3.,1,0.9,1,2.9,1,"","",3.6,1,"","","","","","","","","","","","","","","","","","","","",86,1,"","","","","","","","","","","","",6.5,1,"","","","","","","","","","","","","","","","","","","","","","","","","","","","","","","","","","","","","","","","","","","","","","","","","","","","","","","","","","","","","","","","","","","","","","","","","","","","","","","","","","","","","","","","","","","","","","","","","","","","","","","","","","","","","","","","","","","",""
"06163007","TENDE_SAPC",44.043167,7.586,636,2000040604,0.,1,"","","","","","","","","","","","","","","","","","","","","","","","","","","","","","","","","","",3.,1,0.6,1,2.9,1,"","",3.1,1,"","","","","","","","","","","","","","","","","","","","",84,1,"","","","","","","","","","","","",6.4,1,"","","","","","","","","","","","","","","","","","","","","","","","","","","","","","","","","","","","","","","","","","","","","","","","","","","","","","","","","","","","","","","","","","","","","","","","","","","","","","","","","","","","","","","","","","","","","","","","","","","","","","","","","","","","","","","","","","","",""
"06163007","TENDE_SAPC",44.043167,7.586,636,2000040605,0.,1,"","","","","","","","","","","","","","","","","","","","","","","","","","","","","","","","","","",2.5,1,0.2,1,2.5,1,"","",3.,1,"","","","","","","","","","","","","","","","","","","","",85,1,"","","","","","","","","","","","",6.2,1,"","","","","","","","","","","","","","","","","","","","","","","","","","","","","","","","","","","","","","","","","","","","","","","","","","","","","","","","","","","","","","","","","","","","","","","","","","","","","","","","","","","","","","","","","","","","","","","","","","","","","","","","","","","","","","","","","","","",""
"06163007","TENDE_SAPC",44.043167,7.586,636,2000040606,0.,1,"","","","","","","","","","","","","","","","","","","","","","","","","","","","","","","","","","",2.5,1,0.4,1,2.5,1,"","",2.6,1,"","","","","","","","","","","","","","","","","","","","",86,1,"","","","","","","","","","","","",6.3,1,"","","","","","","","","","","","","","","","","","","","","","","","","","","","","","","","","","","","","","","","","","","","","","","","","","","","","","","","","","","","","","","","","","","","","","","","","","","","","","","","","","","","","","","","","","","","","","","","","","","","","","","","","","","","","","","","","","","",""
"06163007","TENDE_SAPC",44.043167,7.586,636,2000040607,0.,1,"","","","","","","","","","","","","","","","","","","","","","","","","","","","","","","","","","",3.1,1,1.1,1,2.4,1,"","",3.1,1,"","","","","","","","","","","","","","","","","","","","",87,1,"","","","","","","","","","","","",6.6,1,"","","","","","","","","","","","","","","","","","","","","","","","","","","","","","","","","","","","","","","","","","","","","","","","","","","","","","","","","","","","","","","","","","","","","","","","","","","","","","","","","","","","","","","","","","","","","","","","","","","","","","","","","","","","","","","","","","","",""
"06163007","TENDE_SAPC",44.043167,7.586,636,2000041112,"","","","","","","","","","","","","","","","","","","","","","","","","","","","","","","","","","","","",11.2,1,1.1,1,"","","","","","","","","","","","","","","","","","","","","","","","","","",50,1,"","","","","","","","","","","","",6.6,1,"","","","","","","","","","","","","","","","","","","","","","","","","","","","","","","","","","","","","","","","","","","","","","","","","","","","","","","","","","","","","","","","","","","","","","","","","","","","","","","","","","","","","","","","","","","","","","","","","","","","","","","","","","","","","","","","","","","",""
"06163007","TENDE_SAPC",44.043167,7.586,636,2000041113,0.,1,"","","","","","","","","","","","","","","","","","","","","","","","","","","","","","","","","","",12.1,1,1.7,1,10.7,1,"","",12.2,1,"","","","","","","","","","","","","","","","","","","","",49,1,"","","","","","","","","","","","",6.9,1,"","","","","","","","","","","","","","","","","","","","","","","","","","","","","","","","","","","","","","","","","","","","","","","","","","","","","","","","","","","","","","","","","","","","","","","","","","","","","","","","","","","","","","","","","","","","","","","","","","","","","","","","","","","","","","","","","","","",""
"06163007","TENDE_SAPC",44.043167,7.586,636,2000041114,0.,1,"","","","","","","","","","","","","","","","","","","","","","","","","","","","","","","","","","",12.1,1,2.3,1,12.,1,"","",12.7,1,"","","","","","","","","","","","","","","","","","","","",51,1,"","","","","","","","","","","","",7.2,1,"","","","","","","","","","","","","","","","","","","","","","","","","","","","","","","","","","","","","","","","","","","","","","","","","","","","","","","","","","","","","","","","","","","","","","","","","","","","","","","","","","","","","","","","","","","","","","","","","","","","","","","","","","","","","","","","","","","",""
"06163007","TENDE_SAPC",44.043167,7.586,636,2000041115,0.,1,"","","","","","","","","","","","","","","","","","","","","","","","","","","","","","","","","","",11.5,1,2.8,1,11.5,1,"","",12.1,1,"","","","","","","","","","","","","","","","","","","","",55,1,"","","","","","","","","","","","",7.5,1,"","","","","","","","","","","","","","","","","","","","","","","","","","","","","","","","","","","","","","","","","","","","","","","","","","","","","","","","","","","","","","","","","","","","","","","","","","","","","","","","","","","","","","","","","","","","","","","","","","","","","","","","","","","","","","","","","","","",""
"06163007","TENDE_SAPC",44.043167,7.586,636,2000041116,0.,1,"","","","","","","","","","","","","","","","","","","","","","","","","","","","","","","","","","",10.8,1,2.9,1,10.8,1,"","",11.4,1,"","","","","","","","","","","","","","","","","","","","",58,1,"","","","","","","","","","","","",7.5,1,"","","","","","","","","","","","","","","","","","","","","","","","","","","","","","","","","","","","","","","","","","","","","","","","","","","","","","","","","","","","","","","","","","","","","","","","","","","","","","","","","","","","","","","","","","","","","","","","","","","","","","","","","","","","","","","","","","","",""
"06163007","TENDE_SAPC",44.043167,7.586,636,2000041117,0.,1,"","","","","","","","","","","","","","","","","","","","","","","","","","","","","","","","","","",9.8,1,3.7,1,9.8,1,"","",10.8,1,"","","","","","","","","","","","","","","","","","","","",66,1,"","","","","","","","","","","","",8.,1,"","","","","","","","","","","","","","","","","","","","","","","","","","","","","","","","","","","","","","","","","","","","","","","","","","","","","","","","","","","","","","","","","","","","","","","","","","","","","","","","","","","","","","","","","","","","","","","","","","","","","","","","","","","","","","","","","","","",""
"06163007","TENDE_SAPC",44.043167,7.586,636,2000041118,0.,1,"","","","","","","","","","","","","","","","","","","","","","","","","","","","","","","","","","",9.,1,4.2,1,9.,1,"","",9.8,1,"","","","","","","","","","","","","","","","","","","","",72,1,"","","","","","","","","","","","",8.3,1,"","","","","","","","","","","","","","","","","","","","","","","","","","","","","","","","","","","","","","","","","","","","","","","","","","","","","","","","","","","","","","","","","","","","","","","","","","","","","","","","","","","","","","","","","","","","","","","","","","","","","","","","","","","","","","","","","","","",""
"06163007","TENDE_SAPC",44.043167,7.586,636,2000041119,0.,1,"","","","","","","","","","","","","","","","","","","","","","","","","","","","","","","","","","",8.7,1,4.3,1,8.7,1,"","",9.,1,"","","","","","","","","","","","","","","","","","","","",74,1,"","","","","","","","","","","","",8.3,1,"","","","","","","","","","","","","","","","","","","","","","","","","","","","","","","","","","","","","","","","","","","","","","","","","","","","","","","","","","","","","","","","","","","","","","","","","","","","","","","","","","","","","","","","","","","","","","","","","","","","","","","","","","","","","","","","","","","",""
"06163007","TENDE_SAPC",44.043167,7.586,636,2000041120,0.,1,"","","","","","","","","","","","","","","","","","","","","","","","","","","","","","","","","","",8.,1,5.1,1,8.,1,"","",8.7,1,"","","","","","","","","","","","","","","","","","","","",82,1,"","","","","","","","","","","","",8.8,1,"","","","","","","","","","","","","","","","","","","","","","","","","","","","","","","","","","","","","","","","","","","","","","","","","","","","","","","","","","","","","","","","","","","","","","","","","","","","","","","","","","","","","","","","","","","","","","","","","","","","","","","","","","","","","","","","","","","",""
"06163007","TENDE_SAPC",44.043167,7.586,636,2000041121,0.,1,"","","","","","","","","","","","","","","","","","","","","","","","","","","","","","","","","","",7.9,1,5.2,1,7.9,1,"","",8.,1,"","","","","","","","","","","","","","","","","","","","",83,1,"","","","","","","","","","","","",8.8,1,"","","","","","","","","","","","","","","","","","","","","","","","","","","","","","","","","","","","","","","","","","","","","","","","","","","","","","","","","","","","","","","","","","","","","","","","","","","","","","","","","","","","","","","","","","","","","","","","","","","","","","","","","","","","","","","","","","","",""
"06163007","TENDE_SAPC",44.043167,7.586,636,2000041122,0.4,1,"","","","","","","","","","","","","","","","","","","","","","","","","","","","","","","","","","",7.7,1,5.3,1,7.7,1,"","",7.9,1,"","","","","","","","","","","","","","","","","","","","",85,1,"","","","","","","","","","","","",8.9,1,"","","","","","","","","","","","","","","","","","","","","","","","","","","","","","","","","","","","","","","","","","","","","","","","","","","","","","","","","","","","","","","","","","","","","","","","","","","","","","","","","","","","","","","","","","","","","","","","","","","","","","","","","","","","","","","","","","","",""
"06163007","TENDE_SAPC",44.043167,7.586,636,2000041123,0.8,1,"","","","","","","","","","","","","","","","","","","","","","","","","","","","","","","","","","",7.5,1,5.5,1,7.5,1,"","",7.7,1,"","","","","","","","","","","","","","","","","","","","",87,1,"","","","","","","","","","","","",9.,1,"","","","","","","","","","","","","","","","","","","","","","","","","","","","","","","","","","","","","","","","","","","","","","","","","","","","","","","","","","","","","","","","","","","","","","","","","","","","","","","","","","","","","","","","","","","","","","","","","","","","","","","","","","","","","","","","","","","",""
"06163007","TENDE_SAPC",44.043167,7.586,636,2000041200,"","","","","","","","","","","","","","","","","","","","","","","","","","","","","","","","","","","","",7.3,1,4.9,1,7.3,1,"","",7.5,1,"","","","","","","","","","","","","","","","","","","","",85,1,"","","","","","","","","","","","",8.7,1,"","","","","","","","","","","","","","","","","","","","","","","","","","","","","","","","","","","","","","","","","","","","","","","","","","","","","","","","","","","","","","","","","","","","","","","","","","","","","","","","","","","","","","","","","","","","","","","","","","","","","","","","","","","","","","","","","","","",""
"06163007","TENDE_SAPC",44.043167,7.586,636,2000041201,0.,1,"","","","","","","","","","","","","","","","","","","","","","","","","","","","","","","","","","",7.1,1,4.7,1,7.1,1,"","",7.3,1,"","","","","","","","","","","","","","","","","","","","",85,1,"","","","","","","","","","","","",8.6,1,"","","","","","","","","","","","","","","","","","","","","","","","","","","","","","","","","","","","","","","","","","","","","","","","","","","","","","","","","","","","","","","","","","","","","","","","","","","","","","","","","","","","","","","","","","","","","","","","","","","","","","","","","","","","","","","","","","","",""
"06163007","TENDE_SAPC",44.043167,7.586,636,2000041202,0.,1,"","","","","","","","","","","","","","","","","","","","","","","","","","","","","","","","","","",7.,1,4.6,1,7.,1,"","",7.2,1,"","","","","","","","","","","","","","","","","","","","",85,1,"","","","","","","","","","","","",8.5,1,"","","","","","","","","","","","","","","","","","","","","","","","","","","","","","","","","","","","","","","","","","","","","","","","","","","","","","","","","","","","","","","","","","","","","","","","","","","","","","","","","","","","","","","","","","","","","","","","","","","","","","","","","","","","","","","","","","","",""
"06163007","TENDE_SAPC",44.043167,7.586,636,2000041203,0.,1,"","","","","","","","","","","","","","","","","","","","","","","","","","","","","","","","","","",5.7,1,3.7,1,5.7,1,"","",7.1,1,"","","","","","","","","","","","","","","","","","","","",87,1,"","","","","","","","","","","","",8.,1,"","","","","","","","","","","","","","","","","","","","","","","","","","","","","","","","","","","","","","","","","","","","","","","","","","","","","","","","","","","","","","","","","","","","","","","","","","","","","","","","","","","","","","","","","","","","","","","","","","","","","","","","","","","","","","","","","","","",""
"06163007","TENDE_SAPC",44.043167,7.586,636,2000041204,0.,1,"","","","","","","","","","","","","","","","","","","","","","","","","","","","","","","","","","",4.7,1,3.,1,4.7,1,"","",5.7,1,"","","","","","","","","","","","","","","","","","","","",89,1,"","","","","","","","","","","","",7.6,1,"","","","","","","","","","","","","","","","","","","","","","","","","","","","","","","","","","","","","","","","","","","","","","","","","","","","","","","","","","","","","","","","","","","","","","","","","","","","","","","","","","","","","","","","","","","","","","","","","","","","","","","","","","","","","","","","","","","",""
"06163007","TENDE_SAPC",44.043167,7.586,636,2000041205,0.,1,"","","","","","","","","","","","","","","","","","","","","","","","","","","","","","","","","","",4.3,1,2.3,1,4.2,1,"","",4.7,1,"","","","","","","","","","","","","","","","","","","","",87,1,"","","","","","","","","","","","",7.2,1,"","","","","","","","","","","","","","","","","","","","","","","","","","","","","","","","","","","","","","","","","","","","","","","","","","","","","","","","","","","","","","","","","","","","","","","","","","","","","","","","","","","","","","","","","","","","","","","","","","","","","","","","","","","","","","","","","","","",""
"06163007","TENDE_SAPC",44.043167,7.586,636,2000041206,0.,1,"","","","","","","","","","","","","","","","","","","","","","","","","","","","","","","","","","",4.3,1,2.2,1,4.3,1,"","",4.5,1,"","","","","","","","","","","","","","","","","","","","",86,1,"","","","","","","","","","","","",7.1,1,"","","","","","","","","","","","","","","","","","","","","","","","","","","","","","","","","","","","","","","","","","","","","","","","","","","","","","","","","","","","","","","","","","","","","","","","","","","","","","","","","","","","","","","","","","","","","","","","","","","","","","","","","","","","","","","","","","","",""
"06163007","TENDE_SAPC",44.043167,7.586,636,2000041207,0.,1,"","","","","","","","","","","","","","","","","","","","","","","","","","","","","","","","","","",5.9,1,2.5,1,4.3,1,"","",5.9,1,"","","","","","","","","","","","","","","","","","","","",79,1,"","","","","","","","","","","","",7.3,1,"","","","","","","","","","","","","","","","","","","","","","","","","","","","","","","","","","","","","","","","","","","","","","","","","","","","","","","","","","","","","","","","","","","","","","","","","","","","","","","","","","","","","","","","","","","","","","","","","","","","","","","","","","","","","","","","","","","",""
"06163007","TENDE_SAPC",44.043167,7.586,636,2000041208,0.,1,"","","","","","","","","","","","","","","","","","","","","","","","","","","","","","","","","","",12.5,1,-1.1,1,5.9,1,"","",12.5,1,"","","","","","","","","","","","","","","","","","","","",39,1,"","","","","","","","","","","","",5.6,1,"","","","","","","","","","","","","","","","","","","","","","","","","","","","","","","","","","","","","","","","","","","","","","","","","","","","","","","","","","","","","","","","","","","","","","","","","","","","","","","","","","","","","","","","","","","","","","","","","","","","","","","","","","","","","","","","","","","",""
"06163007","TENDE_SAPC",44.043167,7.586,636,2000041209,0.,1,"","","","","","","","","","","","","","","","","","","","","","","","","","","","","","","","","","",13.8,1,-1.,1,12.6,1,"","",14.2,1,"","","","","","","","","","","","","","","","","","","","",36,1,"","","","","","","","","","","","",5.7,1,"","","","","","","","","","","","","","","","","","","","","","","","","","","","","","","","","","","","","","","","","","","","","","","","","","","","","","","","","","","","","","","","","","","","","","","","","","","","","","","","","","","","","","","","","","","","","","","","","","","","","","","","","","","","","","","","","","","",""
"06163007","TENDE_SAPC",44.043167,7.586,636,2000041210,0.,1,"","","","","","","","","","","","","","","","","","","","","","","","","","","","","","","","","","",14.1,1,-0.4,1,13.4,1,"","",14.1,1,"","","","","","","","","","","","","","","","","","","","",37,1,"","","","","","","","","","","","",5.9,1,"","","","","","","","","","","","","","","","","","","","","","","","","","","","","","","","","","","","","","","","","","","","","","","","","","","","","","","","","","","","","","","","","","","","","","","","","","","","","","","","","","","","","","","","","","","","","","","","","","","","","","","","","","","","","","","","","","","",""
"06163007","TENDE_SAPC",44.043167,7.586,636,2000041211,0.,1,"","","","","","","","","","","","","","","","","","","","","","","","","","","","","","","","","","",14.5,1,-2.,1,14.1,1,"","",14.9,1,"","","","","","","","","","","","","","","","","","","","",32,1,"","","","","","","","","","","","",5.3,1,"","","","","","","","","","","","","","","","","","","","","","","","","","","","","","","","","","","","","","","","","","","","","","","","","","","","","","","","","","","","","","","","","","","","","","","","","","","","","","","","","","","","","","","","","","","","","","","","","","","","","","","","","","","","","","","","","","","",""
"06163007","TENDE_SAPC",44.043167,7.586,636,2000041212,0.,1,"","","","","","","","","","","","","","","","","","","","","","","","","","","","","","","","","","",15.6,1,-1.5,1,14.5,1,"","",15.7,1,"","","","","","","","","","","","","","","","","","","","",31,1,"","","","","","","","","","","","",5.5,1,"","","","","","","","","","","","","","","","","","","","","","","","","","","","","","","","","","","","","","","","","","","","","","","","","","","","","","","","","","","","","","","","","","","","","","","","","","","","","","","","","","","","","","","","","","","","","","","","","","","","","","","","","","","","","","","","","","","",""
"06163007","TENDE_SAPC",44.043167,7.586,636,2000041213,0.,1,"","","","","","","","","","","","","","","","","","","","","","","","","","","","","","","","","","",15.6,1,-2.9,1,15.3,1,"","",16.,1,"","","","","","","","","","","","","","","","","","","","",28,1,"","","","","","","","","","","","",5.,1,"","","","","","","","","","","","","","","","","","","","","","","","","","","","","","","","","","","","","","","","","","","","","","","","","","","","","","","","","","","","","","","","","","","","","","","","","","","","","","","","","","","","","","","","","","","","","","","","","","","","","","","","","","","","","","","","","","","",""
"06163007","TENDE_SAPC",44.043167,7.586,636,2000041214,0.,1,"","","","","","","","","","","","","","","","","","","","","","","","","","","","","","","","","","",15.1,1,-2.8,1,14.8,1,"","",15.6,1,"","","","","","","","","","","","","","","","","","","","",29,1,"","","","","","","","","","","","",5.,1,"","","","","","","","","","","","","","","","","","","","","","","","","","","","","","","","","","","","","","","","","","","","","","","","","","","","","","","","","","","","","","","","","","","","","","","","","","","","","","","","","","","","","","","","","","","","","","","","","","","","","","","","","","","","","","","","","","","",""
"06163007","TENDE_SAPC",44.043167,7.586,636,2000041215,0.,1,"","","","","","","","","","","","","","","","","","","","","","","","","","","","","","","","","","",14.,1,-0.1,1,14.,1,"","",15.6,1,"","","","","","","","","","","","","","","","","","","","",38,1,"","","","","","","","","","","","",6.1,1,"","","","","","","","","","","","","","","","","","","","","","","","","","","","","","","","","","","","","","","","","","","","","","","","","","","","","","","","","","","","","","","","","","","","","","","","","","","","","","","","","","","","","","","","","","","","","","","","","","","","","","","","","","","","","","","","","","","",""
"06163007","TENDE_SAPC",44.043167,7.586,636,2000041216,0.,1,"","","","","","","","","","","","","","","","","","","","","","","","","","","","","","","","","","",12.3,1,2.7,1,12.3,1,"","",14.,1,"","","","","","","","","","","","","","","","","","","","",52,1,"","","","","","","","","","","","",7.4,1,"","","","","","","","","","","","","","","","","","","","","","","","","","","","","","","","","","","","","","","","","","","","","","","","","","","","","","","","","","","","","","","","","","","","","","","","","","","","","","","","","","","","","","","","","","","","","","","","","","","","","","","","","","","","","","","","","","","",""
"06163007","TENDE_SAPC",44.043167,7.586,636,2000041217,0.,1,"","","","","","","","","","","","","","","","","","","","","","","","","","","","","","","","","","",11.5,1,3.3,1,11.5,1,"","",12.3,1,"","","","","","","","","","","","","","","","","","","","",57,1,"","","","","","","","","","","","",7.7,1,"","","","","","","","","","","","","","","","","","","","","","","","","","","","","","","","","","","","","","","","","","","","","","","","","","","","","","","","","","","","","","","","","","","","","","","","","","","","","","","","","","","","","","","","","","","","","","","","","","","","","","","","","","","","","","","","","","","",""
"06163007","TENDE_SAPC",44.043167,7.586,636,2000041218,0.,1,"","","","","","","","","","","","","","","","","","","","","","","","","","","","","","","","","","",10.3,1,3.6,1,10.3,1,"","",11.5,1,"","","","","","","","","","","","","","","","","","","","",63,1,"","","","","","","","","","","","",7.9,1,"","","","","","","","","","","","","","","","","","","","","","","","","","","","","","","","","","","","","","","","","","","","","","","","","","","","","","","","","","","","","","","","","","","","","","","","","","","","","","","","","","","","","","","","","","","","","","","","","","","","","","","","","","","","","","","","","","","",""
"06163007","TENDE_SAPC",44.043167,7.586,636,2000041219,0.,1,"","","","","","","","","","","","","","","","","","","","","","","","","","","","","","","","","","",9.3,1,3.5,1,9.3,1,"","",10.3,1,"","","","","","","","","","","","","","","","","","","","",67,1,"","","","","","","","","","","","",7.8,1,"","","","","","","","","","","","","","","","","","","","","","","","","","","","","","","","","","","","","","","","","","","","","","","","","","","","","","","","","","","","","","","","","","","","","","","","","","","","","","","","","","","","","","","","","","","","","","","","","","","","","","","","","","","","","","","","","","","",""
"06163007","TENDE_SAPC",44.043167,7.586,636,2000041220,0.,1,"","","","","","","","","","","","","","","","","","","","","","","","","","","","","","","","","","",7.4,1,3.3,1,7.4,1,"","",9.3,1,"","","","","","","","","","","","","","","","","","","","",75,1,"","","","","","","","","","","","",7.7,1,"","","","","","","","","","","","","","","","","","","","","","","","","","","","","","","","","","","","","","","","","","","","","","","","","","","","","","","","","","","","","","","","","","","","","","","","","","","","","","","","","","","","","","","","","","","","","","","","","","","","","","","","","","","","","","","","","","","",""
"06163007","TENDE_SAPC",44.043167,7.586,636,2000041221,0.,1,"","","","","","","","","","","","","","","","","","","","","","","","","","","","","","","","","","",5.8,1,2.3,1,5.8,1,"","",7.3,1,"","","","","","","","","","","","","","","","","","","","",78,1,"","","","","","","","","","","","",7.2,1,"","","","","","","","","","","","","","","","","","","","","","","","","","","","","","","","","","","","","","","","","","","","","","","","","","","","","","","","","","","","","","","","","","","","","","","","","","","","","","","","","","","","","","","","","","","","","","","","","","","","","","","","","","","","","","","","","","","",""
"06163007","TENDE_SAPC",44.043167,7.586,636,2000041222,0.,1,"","","","","","","","","","","","","","","","","","","","","","","","","","","","","","","","","","",5.,1,1.8,1,5.,1,"","",5.8,1,"","","","","","","","","","","","","","","","","","","","",80,1,"","","","","","","","","","","","",7.,1,"","","","","","","","","","","","","","","","","","","","","","","","","","","","","","","","","","","","","","","","","","","","","","","","","","","","","","","","","","","","","","","","","","","","","","","","","","","","","","","","","","","","","","","","","","","","","","","","","","","","","","","","","","","","","","","","","","","",""
"06163007","TENDE_SAPC",44.043167,7.586,636,2000041223,0.,1,"","","","","","","","","","","","","","","","","","","","","","","","","","","","","","","","","","",4.3,1,1.2,1,4.3,1,"","",4.9,1,"","","","","","","","","","","","","","","","","","","","",80,1,"","","","","","","","","","","","",6.6,1,"","","","","","","","","","","","","","","","","","","","","","","","","","","","","","","","","","","","","","","","","","","","","","","","","","","","","","","","","","","","","","","","","","","","","","","","","","","","","","","","","","","","","","","","","","","","","","","","","","","","","","","","","","","","","","","","","","","",""
"06163007","TENDE_SAPC",44.043167,7.586,636,2000041300,0.,1,"","","","","","","","","","","","","","","","","","","","","","","","","","","","","","","","","","",4.5,1,1.,1,4.3,1,"","",4.6,1,"","","","","","","","","","","","","","","","","","","","",78,1,"","","","","","","","","","","","",6.6,1,"","","","","","","","","","","","","","","","","","","","","","","","","","","","","","","","","","","","","","","","","","","","","","","","","","","","","","","","","","","","","","","","","","","","","","","","","","","","","","","","","","","","","","","","","","","","","","","","","","","","","","","","","","","","","","","","","","","",""
"06163007","TENDE_SAPC",44.043167,7.586,636,2000041301,0.,1,"","","","","","","","","","","","","","","","","","","","","","","","","","","","","","","","","","",3.6,1,0.6,1,3.6,1,"","",4.5,1,"","","","","","","","","","","","","","","","","","","","",81,1,"","","","","","","","","","","","",6.4,1,"","","","","","","","","","","","","","","","","","","","","","","","","","","","","","","","","","","","","","","","","","","","","","","","","","","","","","","","","","","","","","","","","","","","","","","","","","","","","","","","","","","","","","","","","","","","","","","","","","","","","","","","","","","","","","","","","","","",""
"06163007","TENDE_SAPC",44.043167,7.586,636,2000041302,0.,1,"","","","","","","","","","","","","","","","","","","","","","","","","","","","","","","","","","",3.1,1,0.3,1,3.,1,"","",3.5,1,"","","","","","","","","","","","","","","","","","","","",82,1,"","","","","","","","","","","","",6.3,1,"","","","","","","","","","","","","","","","","","","","","","","","","","","","","","","","","","","","","","","","","","","","","","","","","","","","","","","","","","","","","","","","","","","","","","","","","","","","","","","","","","","","","","","","","","","","","","","","","","","","","","","","","","","","","","","","","","","",""
"06163007","TENDE_SAPC",44.043167,7.586,636,2000041303,0.,1,"","","","","","","","","","","","","","","","","","","","","","","","","","","","","","","","","","",2.9,1,0.,1,2.7,1,"","",3.1,1,"","","","","","","","","","","","","","","","","","","","",81,1,"","","","","","","","","","","","",6.1,1,"","","","","","","","","","","","","","","","","","","","","","","","","","","","","","","","","","","","","","","","","","","","","","","","","","","","","","","","","","","","","","","","","","","","","","","","","","","","","","","","","","","","","","","","","","","","","","","","","","","","","","","","","","","","","","","","","","","",""
"06163007","TENDE_SAPC",44.043167,7.586,636,2000041304,0.,1,"","","","","","","","","","","","","","","","","","","","","","","","","","","","","","","","","","",2.8,1,-0.1,1,2.6,1,"","",2.9,1,"","","","","","","","","","","","","","","","","","","","",81,1,"","","","","","","","","","","","",6.1,1,"","","","","","","","","","","","","","","","","","","","","","","","","","","","","","","","","","","","","","","","","","","","","","","","","","","","","","","","","","","","","","","","","","","","","","","","","","","","","","","","","","","","","","","","","","","","","","","","","","","","","","","","","","","","","","","","","","","",""
"06163007","TENDE_SAPC",44.043167,7.586,636,2000041305,0.,1,"","","","","","","","","","","","","","","","","","","","","","","","","","","","","","","","","","",3.3,1,0.2,1,2.7,1,"","",3.3,1,"","","","","","","","","","","","","","","","","","","","",80,1,"","","","","","","","","","","","",6.2,1,"","","","","","","","","","","","","","","","","","","","","","","","","","","","","","","","","","","","","","","","","","","","","","","","","","","","","","","","","","","","","","","","","","","","","","","","","","","","","","","","","","","","","","","","","","","","","","","","","","","","","","","","","","","","","","","","","","","",""
"06163007","TENDE_SAPC",44.043167,7.586,636,2000041306,0.,1,"","","","","","","","","","","","","","","","","","","","","","","","","","","","","","","","","","",10.7,1,0.7,1,3.3,1,"","",10.7,1,"","","","","","","","","","","","","","","","","","","","",50,1,"","","","","","","","","","","","",6.4,1,"","","","","","","","","","","","","","","","","","","","","","","","","","","","","","","","","","","","","","","","","","","","","","","","","","","","","","","","","","","","","","","","","","","","","","","","","","","","","","","","","","","","","","","","","","","","","","","","","","","","","","","","","","","","","","","","","","","",""
"06163007","TENDE_SAPC",44.043167,7.586,636,2000041307,0.,1,"","","","","","","","","","","","","","","","","","","","","","","","","","","","","","","","","","",11.8,1,0.8,1,10.8,1,"","",11.9,1,"","","","","","","","","","","","","","","","","","","","",47,1,"","","","","","","","","","","","",6.5,1,"","","","","","","","","","","","","","","","","","","","","","","","","","","","","","","","","","","","","","","","","","","","","","","","","","","","","","","","","","","","","","","","","","","","","","","","","","","","","","","","","","","","","","","","","","","","","","","","","","","","","","","","","","","","","","","","","","","",""
"06163007","TENDE_SAPC",44.043167,7.586,636,2000041308,0.,1,"","","","","","","","","","","","","","","","","","","","","","","","","","","","","","","","","","",11.,1,1.2,1,11.,1,"","",11.8,1,"","","","","","","","","","","","","","","","","","","","",51,1,"","","","","","","","","","","","",6.7,1,"","","","","","","","","","","","","","","","","","","","","","","","","","","","","","","","","","","","","","","","","","","","","","","","","","","","","","","","","","","","","","","","","","","","","","","","","","","","","","","","","","","","","","","","","","","","","","","","","","","","","","","","","","","","","","","","","","","",""
"06163007","TENDE_SAPC",44.043167,7.586,636,2000041309,0.,1,"","","","","","","","","","","","","","","","","","","","","","","","","","","","","","","","","","",12.6,1,1.3,1,11.,1,"","",12.6,1,"","","","","","","","","","","","","","","","","","","","",46,1,"","","","","","","","","","","","",6.7,1,"","","","","","","","","","","","","","","","","","","","","","","","","","","","","","","","","","","","","","","","","","","","","","","","","","","","","","","","","","","","","","","","","","","","","","","","","","","","","","","","","","","","","","","","","","","","","","","","","","","","","","","","","","","","","","","","","","","",""
"06163007","TENDE_SAPC",44.043167,7.586,636,2000041310,0.,1,"","","","","","","","","","","","","","","","","","","","","","","","","","","","","","","","","","",12.9,1,1.5,1,12.6,1,"","",13.1,1,"","","","","","","","","","","","","","","","","","","","",46,1,"","","","","","","","","","","","",6.8,1,"","","","","","","","","","","","","","","","","","","","","","","","","","","","","","","","","","","","","","","","","","","","","","","","","","","","","","","","","","","","","","","","","","","","","","","","","","","","","","","","","","","","","","","","","","","","","","","","","","","","","","","","","","","","","","","","","","","",""
"06163007","TENDE_SAPC",44.043167,7.586,636,2000041311,0.,1,"","","","","","","","","","","","","","","","","","","","","","","","","","","","","","","","","","",12.2,1,2.9,1,12.2,1,"","",12.9,1,"","","","","","","","","","","","","","","","","","","","",53,1,"","","","","","","","","","","","",7.5,1,"","","","","","","","","","","","","","","","","","","","","","","","","","","","","","","","","","","","","","","","","","","","","","","","","","","","","","","","","","","","","","","","","","","","","","","","","","","","","","","","","","","","","","","","","","","","","","","","","","","","","","","","","","","","","","","","","","","",""
"06163007","TENDE_SAPC",44.043167,7.586,636,2000041312,0.,1,"","","","","","","","","","","","","","","","","","","","","","","","","","","","","","","","","","",12.2,1,3.7,1,11.3,1,"","",12.2,1,"","","","","","","","","","","","","","","","","","","","",56,1,"","","","","","","","","","","","",7.9,1,"","","","","","","","","","","","","","","","","","","","","","","","","","","","","","","","","","","","","","","","","","","","","","","","","","","","","","","","","","","","","","","","","","","","","","","","","","","","","","","","","","","","","","","","","","","","","","","","","","","","","","","","","","","","","","","","","","","",""
"06163007","TENDE_SAPC",44.043167,7.586,636,2000041313,0.2,1,"","","","","","","","","","","","","","","","","","","","","","","","","","","","","","","","","","",10.,1,5.6,1,10.,1,"","",12.2,1,"","","","","","","","","","","","","","","","","","","","",74,1,"","","","","","","","","","","","",9.1,1,"","","","","","","","","","","","","","","","","","","","","","","","","","","","","","","","","","","","","","","","","","","","","","","","","","","","","","","","","","","","","","","","","","","","","","","","","","","","","","","","","","","","","","","","","","","","","","","","","","","","","","","","","","","","","","","","","","","",""
"06163007","TENDE_SAPC",44.043167,7.586,636,2000041314,1.6,1,"","","","","","","","","","","","","","","","","","","","","","","","","","","","","","","","","","",9.4,1,6.1,1,9.4,1,"","",10.,1,"","","","","","","","","","","","","","","","","","","","",80,1,"","","","","","","","","","","","",9.4,1,"","","","","","","","","","","","","","","","","","","","","","","","","","","","","","","","","","","","","","","","","","","","","","","","","","","","","","","","","","","","","","","","","","","","","","","","","","","","","","","","","","","","","","","","","","","","","","","","","","","","","","","","","","","","","","","","","","","",""
"06163007","TENDE_SAPC",44.043167,7.586,636,2000041315,0.6,1,"","","","","","","","","","","","","","","","","","","","","","","","","","","","","","","","","","",9.4,1,5.9,1,9.3,1,"","",9.5,1,"","","","","","","","","","","","","","","","","","","","",79,1,"","","","","","","","","","","","",9.3,1,"","","","","","","","","","","","","","","","","","","","","","","","","","","","","","","","","","","","","","","","","","","","","","","","","","","","","","","","","","","","","","","","","","","","","","","","","","","","","","","","","","","","","","","","","","","","","","","","","","","","","","","","","","","","","","","","","","","",""
"06163007","TENDE_SAPC",44.043167,7.586,636,2000041316,0.,1,"","","","","","","","","","","","","","","","","","","","","","","","","","","","","","","","","","",9.4,1,6.5,1,9.4,1,"","",9.4,1,"","","","","","","","","","","","","","","","","","","","",82,1,"","","","","","","","","","","","",9.7,1,"","","","","","","","","","","","","","","","","","","","","","","","","","","","","","","","","","","","","","","","","","","","","","","","","","","","","","","","","","","","","","","","","","","","","","","","","","","","","","","","","","","","","","","","","","","","","","","","","","","","","","","","","","","","","","","","","","","",""
"06163007","TENDE_SAPC",44.043167,7.586,636,2000041317,0.,1,"","","","","","","","","","","","","","","","","","","","","","","","","","","","","","","","","","",9.3,1,6.7,1,9.3,1,"","",9.4,1,"","","","","","","","","","","","","","","","","","","","",84,1,"","","","","","","","","","","","",9.8,1,"","","","","","","","","","","","","","","","","","","","","","","","","","","","","","","","","","","","","","","","","","","","","","","","","","","","","","","","","","","","","","","","","","","","","","","","","","","","","","","","","","","","","","","","","","","","","","","","","","","","","","","","","","","","","","","","","","","",""
"06163007","TENDE_SAPC",44.043167,7.586,636,2000041318,0.,1,"","","","","","","","","","","","","","","","","","","","","","","","","","","","","","","","","","",9.4,1,6.8,1,9.3,1,"","",9.4,1,"","","","","","","","","","","","","","","","","","","","",84,1,"","","","","","","","","","","","",9.9,1,"","","","","","","","","","","","","","","","","","","","","","","","","","","","","","","","","","","","","","","","","","","","","","","","","","","","","","","","","","","","","","","","","","","","","","","","","","","","","","","","","","","","","","","","","","","","","","","","","","","","","","","","","","","","","","","","","","","",""
"06163007","TENDE_SAPC",44.043167,7.586,636,2000041319,0.,1,"","","","","","","","","","","","","","","","","","","","","","","","","","","","","","","","","","",9.3,1,6.7,1,9.3,1,"","",9.4,1,"","","","","","","","","","","","","","","","","","","","",84,1,"","","","","","","","","","","","",9.8,1,"","","","","","","","","","","","","","","","","","","","","","","","","","","","","","","","","","","","","","","","","","","","","","","","","","","","","","","","","","","","","","","","","","","","","","","","","","","","","","","","","","","","","","","","","","","","","","","","","","","","","","","","","","","","","","","","","","","",""
"06163007","TENDE_SAPC",44.043167,7.586,636,2000041320,0.,1,"","","","","","","","","","","","","","","","","","","","","","","","","","","","","","","","","","",8.6,1,6.2,1,8.6,1,"","",9.4,1,"","","","","","","","","","","","","","","","","","","","",85,1,"","","","","","","","","","","","",9.5,1,"","","","","","","","","","","","","","","","","","","","","","","","","","","","","","","","","","","","","","","","","","","","","","","","","","","","","","","","","","","","","","","","","","","","","","","","","","","","","","","","","","","","","","","","","","","","","","","","","","","","","","","","","","","","","","","","","","","",""
"06163007","TENDE_SAPC",44.043167,7.586,636,2000041321,0.,1,"","","","","","","","","","","","","","","","","","","","","","","","","","","","","","","","","","",7.9,1,6.,1,7.9,1,"","",8.6,1,"","","","","","","","","","","","","","","","","","","","",88,1,"","","","","","","","","","","","",9.4,1,"","","","","","","","","","","","","","","","","","","","","","","","","","","","","","","","","","","","","","","","","","","","","","","","","","","","","","","","","","","","","","","","","","","","","","","","","","","","","","","","","","","","","","","","","","","","","","","","","","","","","","","","","","","","","","","","","","","",""
"06163007","TENDE_SAPC",44.043167,7.586,636,2000041322,0.,1,"","","","","","","","","","","","","","","","","","","","","","","","","","","","","","","","","","",6.8,1,4.8,1,6.8,1,"","",7.9,1,"","","","","","","","","","","","","","","","","","","","",87,1,"","","","","","","","","","","","",8.6,1,"","","","","","","","","","","","","","","","","","","","","","","","","","","","","","","","","","","","","","","","","","","","","","","","","","","","","","","","","","","","","","","","","","","","","","","","","","","","","","","","","","","","","","","","","","","","","","","","","","","","","","","","","","","","","","","","","","","",""
"06163007","TENDE_SAPC",44.043167,7.586,636,2000041323,0.,1,"","","","","","","","","","","","","","","","","","","","","","","","","","","","","","","","","","",5.3,1,3.5,1,5.3,1,"","",6.7,1,"","","","","","","","","","","","","","","","","","","","",88,1,"","","","","","","","","","","","",7.8,1,"","","","","","","","","","","","","","","","","","","","","","","","","","","","","","","","","","","","","","","","","","","","","","","","","","","","","","","","","","","","","","","","","","","","","","","","","","","","","","","","","","","","","","","","","","","","","","","","","","","","","","","","","","","","","","","","","","","",""
"06163007","TENDE_SAPC",44.043167,7.586,636,2000041400,0.,1,"","","","","","","","","","","","","","","","","","","","","","","","","","","","","","","","","","",4.3,1,2.6,1,4.3,1,"","",5.2,1,"","","","","","","","","","","","","","","","","","","","",89,1,"","","","","","","","","","","","",7.4,1,"","","","","","","","","","","","","","","","","","","","","","","","","","","","","","","","","","","","","","","","","","","","","","","","","","","","","","","","","","","","","","","","","","","","","","","","","","","","","","","","","","","","","","","","","","","","","","","","","","","","","","","","","","","","","","","","","","","",""
"06163007","TENDE_SAPC",44.043167,7.586,636,2000041401,0.,1,"","","","","","","","","","","","","","","","","","","","","","","","","","","","","","","","","","",4.2,1,2.5,1,3.8,1,"","",4.2,1,"","","","","","","","","","","","","","","","","","","","",89,1,"","","","","","","","","","","","",7.3,1,"","","","","","","","","","","","","","","","","","","","","","","","","","","","","","","","","","","","","","","","","","","","","","","","","","","","","","","","","","","","","","","","","","","","","","","","","","","","","","","","","","","","","","","","","","","","","","","","","","","","","","","","","","","","","","","","","","","",""
"06163007","TENDE_SAPC",44.043167,7.586,636,2000041402,0.,1,"","","","","","","","","","","","","","","","","","","","","","","","","","","","","","","","","","",4.1,1,1.8,1,4.,1,"","",4.2,1,"","","","","","","","","","","","","","","","","","","","",85,1,"","","","","","","","","","","","",7.,1,"","","","","","","","","","","","","","","","","","","","","","","","","","","","","","","","","","","","","","","","","","","","","","","","","","","","","","","","","","","","","","","","","","","","","","","","","","","","","","","","","","","","","","","","","","","","","","","","","","","","","","","","","","","","","","","","","","","",""
"06163007","TENDE_SAPC",44.043167,7.586,636,2000041403,0.,1,"","","","","","","","","","","","","","","","","","","","","","","","","","","","","","","","","","",4.1,1,1.8,1,4.1,1,"","",4.3,1,"","","","","","","","","","","","","","","","","","","","",85,1,"","","","","","","","","","","","",7.,1,"","","","","","","","","","","","","","","","","","","","","","","","","","","","","","","","","","","","","","","","","","","","","","","","","","","","","","","","","","","","","","","","","","","","","","","","","","","","","","","","","","","","","","","","","","","","","","","","","","","","","","","","","","","","","","","","","","","",""
"06163007","TENDE_SAPC",44.043167,7.586,636,2000041404,0.,1,"","","","","","","","","","","","","","","","","","","","","","","","","","","","","","","","","","",4.,1,1.5,1,3.9,1,"","",4.2,1,"","","","","","","","","","","","","","","","","","","","",84,1,"","","","","","","","","","","","",6.8,1,"","","","","","","","","","","","","","","","","","","","","","","","","","","","","","","","","","","","","","","","","","","","","","","","","","","","","","","","","","","","","","","","","","","","","","","","","","","","","","","","","","","","","","","","","","","","","","","","","","","","","","","","","","","","","","","","","","","",""
"06163007","TENDE_SAPC",44.043167,7.586,636,2000041405,0.,1,"","","","","","","","","","","","","","","","","","","","","","","","","","","","","","","","","","",3.8,1,1.3,1,3.6,1,"","",4.,1,"","","","","","","","","","","","","","","","","","","","",84,1,"","","","","","","","","","","","",6.7,1,"","","","","","","","","","","","","","","","","","","","","","","","","","","","","","","","","","","","","","","","","","","","","","","","","","","","","","","","","","","","","","","","","","","","","","","","","","","","","","","","","","","","","","","","","","","","","","","","","","","","","","","","","","","","","","","","","","","",""
"06163007","TENDE_SAPC",44.043167,7.586,636,2000041406,0.,1,"","","","","","","","","","","","","","","","","","","","","","","","","","","","","","","","","","",4.3,1,1.3,1,3.8,1,"","",4.3,1,"","","","","","","","","","","","","","","","","","","","",81,1,"","","","","","","","","","","","",6.7,1,"","","","","","","","","","","","","","","","","","","","","","","","","","","","","","","","","","","","","","","","","","","","","","","","","","","","","","","","","","","","","","","","","","","","","","","","","","","","","","","","","","","","","","","","","","","","","","","","","","","","","","","","","","","","","","","","","","","",""
"06163007","TENDE_SAPC",44.043167,7.586,636,2000041407,0.,1,"","","","","","","","","","","","","","","","","","","","","","","","","","","","","","","","","","",5.7,1,1.6,1,4.4,1,"","",5.7,1,"","","","","","","","","","","","","","","","","","","","",75,1,"","","","","","","","","","","","",6.9,1,"","","","","","","","","","","","","","","","","","","","","","","","","","","","","","","","","","","","","","","","","","","","","","","","","","","","","","","","","","","","","","","","","","","","","","","","","","","","","","","","","","","","","","","","","","","","","","","","","","","","","","","","","","","","","","","","","","","",""
"06163007","TENDE_SAPC",44.043167,7.586,636,2000041408,0.,1,"","","","","","","","","","","","","","","","","","","","","","","","","","","","","","","","","","",8.3,1,2.5,1,5.8,1,"","",8.3,1,"","","","","","","","","","","","","","","","","","","","",67,1,"","","","","","","","","","","","",7.3,1,"","","","","","","","","","","","","","","","","","","","","","","","","","","","","","","","","","","","","","","","","","","","","","","","","","","","","","","","","","","","","","","","","","","","","","","","","","","","","","","","","","","","","","","","","","","","","","","","","","","","","","","","","","","","","","","","","","","",""
"06163007","TENDE_SAPC",44.043167,7.586,636,2000041409,0.,1,"","","","","","","","","","","","","","","","","","","","","","","","","","","","","","","","","","",9.7,1,3.,1,8.4,1,"","",9.7,1,"","","","","","","","","","","","","","","","","","","","",63,1,"","","","","","","","","","","","",7.6,1,"","","","","","","","","","","","","","","","","","","","","","","","","","","","","","","","","","","","","","","","","","","","","","","","","","","","","","","","","","","","","","","","","","","","","","","","","","","","","","","","","","","","","","","","","","","","","","","","","","","","","","","","","","","","","","","","","","","",""
"06163007","TENDE_SAPC",44.043167,7.586,636,2000041410,0.,1,"","","","","","","","","","","","","","","","","","","","","","","","","","","","","","","","","","",11.7,1,3.5,1,9.7,1,"","",11.7,1,"","","","","","","","","","","","","","","","","","","","",57,1,"","","","","","","","","","","","",7.8,1,"","","","","","","","","","","","","","","","","","","","","","","","","","","","","","","","","","","","","","","","","","","","","","","","","","","","","","","","","","","","","","","","","","","","","","","","","","","","","","","","","","","","","","","","","","","","","","","","","","","","","","","","","","","","","","","","","","","",""
"06163007","TENDE_SAPC",44.043167,7.586,636,2000041411,0.,1,"","","","","","","","","","","","","","","","","","","","","","","","","","","","","","","","","","",12.1,1,3.3,1,11.,1,"","",12.1,1,"","","","","","","","","","","","","","","","","","","","",55,1,"","","","","","","","","","","","",7.8,1,"","","","","","","","","","","","","","","","","","","","","","","","","","","","","","","","","","","","","","","","","","","","","","","","","","","","","","","","","","","","","","","","","","","","","","","","","","","","","","","","","","","","","","","","","","","","","","","","","","","","","","","","","","","","","","","","","","","",""
"06163007","TENDE_SAPC",44.043167,7.586,636,2000041412,0.,1,"","","","","","","","","","","","","","","","","","","","","","","","","","","","","","","","","","",11.6,1,4.3,1,11.3,1,"","",12.1,1,"","","","","","","","","","","","","","","","","","","","",61,1,"","","","","","","","","","","","",8.3,1,"","","","","","","","","","","","","","","","","","","","","","","","","","","","","","","","","","","","","","","","","","","","","","","","","","","","","","","","","","","","","","","","","","","","","","","","","","","","","","","","","","","","","","","","","","","","","","","","","","","","","","","","","","","","","","","","","","","",""
"06163007","TENDE_SAPC",44.043167,7.586,636,2000041413,0.,1,"","","","","","","","","","","","","","","","","","","","","","","","","","","","","","","","","","",11.1,1,5.2,1,11.1,1,"","",11.6,1,"","","","","","","","","","","","","","","","","","","","",67,1,"","","","","","","","","","","","",8.8,1,"","","","","","","","","","","","","","","","","","","","","","","","","","","","","","","","","","","","","","","","","","","","","","","","","","","","","","","","","","","","","","","","","","","","","","","","","","","","","","","","","","","","","","","","","","","","","","","","","","","","","","","","","","","","","","","","","","","",""
"06163007","TENDE_SAPC",44.043167,7.586,636,2000041414,0.,1,"","","","","","","","","","","","","","","","","","","","","","","","","","","","","","","","","","",10.6,1,5.6,1,10.6,1,"","",11.1,1,"","","","","","","","","","","","","","","","","","","","",71,1,"","","","","","","","","","","","",9.1,1,"","","","","","","","","","","","","","","","","","","","","","","","","","","","","","","","","","","","","","","","","","","","","","","","","","","","","","","","","","","","","","","","","","","","","","","","","","","","","","","","","","","","","","","","","","","","","","","","","","","","","","","","","","","","","","","","","","","",""
"06163007","TENDE_SAPC",44.043167,7.586,636,2000041415,0.,1,"","","","","","","","","","","","","","","","","","","","","","","","","","","","","","","","","","",9.7,1,5.7,1,9.7,1,"","",10.6,1,"","","","","","","","","","","","","","","","","","","","",76,1,"","","","","","","","","","","","",9.1,1,"","","","","","","","","","","","","","","","","","","","","","","","","","","","","","","","","","","","","","","","","","","","","","","","","","","","","","","","","","","","","","","","","","","","","","","","","","","","","","","","","","","","","","","","","","","","","","","","","","","","","","","","","","","","","","","","","","","",""
"06163007","TENDE_SAPC",44.043167,7.586,636,2000041416,0.2,1,"","","","","","","","","","","","","","","","","","","","","","","","","","","","","","","","","","",9.9,1,6.4,1,9.7,1,"","",10.1,1,"","","","","","","","","","","","","","","","","","","","",79,1,"","","","","","","","","","","","",9.6,1,"","","","","","","","","","","","","","","","","","","","","","","","","","","","","","","","","","","","","","","","","","","","","","","","","","","","","","","","","","","","","","","","","","","","","","","","","","","","","","","","","","","","","","","","","","","","","","","","","","","","","","","","","","","","","","","","","","","",""
"06163007","TENDE_SAPC",44.043167,7.586,636,2000041417,0.,1,"","","","","","","","","","","","","","","","","","","","","","","","","","","","","","","","","","",9.7,1,6.4,1,9.7,1,"","",9.9,1,"","","","","","","","","","","","","","","","","","","","",80,1,"","","","","","","","","","","","",9.6,1,"","","","","","","","","","","","","","","","","","","","","","","","","","","","","","","","","","","","","","","","","","","","","","","","","","","","","","","","","","","","","","","","","","","","","","","","","","","","","","","","","","","","","","","","","","","","","","","","","","","","","","","","","","","","","","","","","","","",""
"06163007","TENDE_SAPC",44.043167,7.586,636,2000041418,0.,1,"","","","","","","","","","","","","","","","","","","","","","","","","","","","","","","","","","",9.6,1,6.1,1,9.5,1,"","",9.7,1,"","","","","","","","","","","","","","","","","","","","",79,1,"","","","","","","","","","","","",9.4,1,"","","","","","","","","","","","","","","","","","","","","","","","","","","","","","","","","","","","","","","","","","","","","","","","","","","","","","","","","","","","","","","","","","","","","","","","","","","","","","","","","","","","","","","","","","","","","","","","","","","","","","","","","","","","","","","","","","","",""
"06163007","TENDE_SAPC",44.043167,7.586,636,2000041419,0.,1,"","","","","","","","","","","","","","","","","","","","","","","","","","","","","","","","","","",9.1,1,6.4,1,9.1,1,"","",9.5,1,"","","","","","","","","","","","","","","","","","","","",83,1,"","","","","","","","","","","","",9.6,1,"","","","","","","","","","","","","","","","","","","","","","","","","","","","","","","","","","","","","","","","","","","","","","","","","","","","","","","","","","","","","","","","","","","","","","","","","","","","","","","","","","","","","","","","","","","","","","","","","","","","","","","","","","","","","","","","","","","",""
"06163007","TENDE_SAPC",44.043167,7.586,636,2000041420,0.,1,"","","","","","","","","","","","","","","","","","","","","","","","","","","","","","","","","","",8.8,1,6.2,1,8.8,1,"","",9.1,1,"","","","","","","","","","","","","","","","","","","","",84,1,"","","","","","","","","","","","",9.5,1,"","","","","","","","","","","","","","","","","","","","","","","","","","","","","","","","","","","","","","","","","","","","","","","","","","","","","","","","","","","","","","","","","","","","","","","","","","","","","","","","","","","","","","","","","","","","","","","","","","","","","","","","","","","","","","","","","","","",""
"06163007","TENDE_SAPC",44.043167,7.586,636,2000041421,0.,1,"","","","","","","","","","","","","","","","","","","","","","","","","","","","","","","","","","",8.5,1,6.3,1,8.4,1,"","",8.8,1,"","","","","","","","","","","","","","","","","","","","",86,1,"","","","","","","","","","","","",9.5,1,"","","","","","","","","","","","","","","","","","","","","","","","","","","","","","","","","","","","","","","","","","","","","","","","","","","","","","","","","","","","","","","","","","","","","","","","","","","","","","","","","","","","","","","","","","","","","","","","","","","","","","","","","","","","","","","","","","","",""
"06163007","TENDE_SAPC",44.043167,7.586,636,2000041422,0.,1,"","","","","","","","","","","","","","","","","","","","","","","","","","","","","","","","","","",8.1,1,6.1,1,8.1,1,"","",8.5,1,"","","","","","","","","","","","","","","","","","","","",87,1,"","","","","","","","","","","","",9.4,1,"","","","","","","","","","","","","","","","","","","","","","","","","","","","","","","","","","","","","","","","","","","","","","","","","","","","","","","","","","","","","","","","","","","","","","","","","","","","","","","","","","","","","","","","","","","","","","","","","","","","","","","","","","","","","","","","","","","",""
"06163007","TENDE_SAPC",44.043167,7.586,636,2000041423,0.,1,"","","","","","","","","","","","","","","","","","","","","","","","","","","","","","","","","","",7.8,1,5.8,1,7.8,1,"","",8.1,1,"","","","","","","","","","","","","","","","","","","","",87,1,"","","","","","","","","","","","",9.2,1,"","","","","","","","","","","","","","","","","","","","","","","","","","","","","","","","","","","","","","","","","","","","","","","","","","","","","","","","","","","","","","","","","","","","","","","","","","","","","","","","","","","","","","","","","","","","","","","","","","","","","","","","","","","","","","","","","","","",""
"06163007","TENDE_SAPC",44.043167,7.586,636,2000041500,0.,1,"","","","","","","","","","","","","","","","","","","","","","","","","","","","","","","","","","",7.7,1,5.7,1,7.7,1,"","",7.8,1,"","","","","","","","","","","","","","","","","","","","",87,1,"","","","","","","","","","","","",9.1,1,"","","","","","","","","","","","","","","","","","","","","","","","","","","","","","","","","","","","","","","","","","","","","","","","","","","","","","","","","","","","","","","","","","","","","","","","","","","","","","","","","","","","","","","","","","","","","","","","","","","","","","","","","","","","","","","","","","","",""
"06163007","TENDE_SAPC",44.043167,7.586,636,2000041501,0.,1,"","","","","","","","","","","","","","","","","","","","","","","","","","","","","","","","","","",7.5,1,5.3,1,7.5,1,"","",7.7,1,"","","","","","","","","","","","","","","","","","","","",86,1,"","","","","","","","","","","","",8.9,1,"","","","","","","","","","","","","","","","","","","","","","","","","","","","","","","","","","","","","","","","","","","","","","","","","","","","","","","","","","","","","","","","","","","","","","","","","","","","","","","","","","","","","","","","","","","","","","","","","","","","","","","","","","","","","","","","","","","",""
"06163007","TENDE_SAPC",44.043167,7.586,636,2000041502,0.,1,"","","","","","","","","","","","","","","","","","","","","","","","","","","","","","","","","","",7.5,1,5.6,1,7.5,1,"","",7.6,1,"","","","","","","","","","","","","","","","","","","","",88,1,"","","","","","","","","","","","",9.1,1,"","","","","","","","","","","","","","","","","","","","","","","","","","","","","","","","","","","","","","","","","","","","","","","","","","","","","","","","","","","","","","","","","","","","","","","","","","","","","","","","","","","","","","","","","","","","","","","","","","","","","","","","","","","","","","","","","","","",""
"06163007","TENDE_SAPC",44.043167,7.586,636,2000041503,0.2,1,"","","","","","","","","","","","","","","","","","","","","","","","","","","","","","","","","","",7.7,1,6.,1,7.5,1,"","",7.7,1,"","","","","","","","","","","","","","","","","","","","",89,1,"","","","","","","","","","","","",9.3,1,"","","","","","","","","","","","","","","","","","","","","","","","","","","","","","","","","","","","","","","","","","","","","","","","","","","","","","","","","","","","","","","","","","","","","","","","","","","","","","","","","","","","","","","","","","","","","","","","","","","","","","","","","","","","","","","","","","","",""
"06163007","TENDE_SAPC",44.043167,7.586,636,2000041504,2.2,1,"","","","","","","","","","","","","","","","","","","","","","","","","","","","","","","","","","",7.8,1,6.3,1,7.7,1,"","",7.8,1,"","","","","","","","","","","","","","","","","","","","",90,1,"","","","","","","","","","","","",9.5,1,"","","","","","","","","","","","","","","","","","","","","","","","","","","","","","","","","","","","","","","","","","","","","","","","","","","","","","","","","","","","","","","","","","","","","","","","","","","","","","","","","","","","","","","","","","","","","","","","","","","","","","","","","","","","","","","","","","","",""
"06163007","TENDE_SAPC",44.043167,7.586,636,2000041505,2.8,1,"","","","","","","","","","","","","","","","","","","","","","","","","","","","","","","","","","",7.8,1,6.1,1,7.8,1,"","",7.8,1,"","","","","","","","","","","","","","","","","","","","",89,1,"","","","","","","","","","","","",9.4,1,"","","","","","","","","","","","","","","","","","","","","","","","","","","","","","","","","","","","","","","","","","","","","","","","","","","","","","","","","","","","","","","","","","","","","","","","","","","","","","","","","","","","","","","","","","","","","","","","","","","","","","","","","","","","","","","","","","","",""
"06163007","TENDE_SAPC",44.043167,7.586,636,2000041506,0.2,1,"","","","","","","","","","","","","","","","","","","","","","","","","","","","","","","","","","",7.8,1,6.1,1,7.7,1,"","",7.8,1,"","","","","","","","","","","","","","","","","","","","",89,1,"","","","","","","","","","","","",9.4,1,"","","","","","","","","","","","","","","","","","","","","","","","","","","","","","","","","","","","","","","","","","","","","","","","","","","","","","","","","","","","","","","","","","","","","","","","","","","","","","","","","","","","","","","","","","","","","","","","","","","","","","","","","","","","","","","","","","","",""
"06163007","TENDE_SAPC",44.043167,7.586,636,2000041507,1.,1,"","","","","","","","","","","","","","","","","","","","","","","","","","","","","","","","","","",8.,1,6.3,1,7.8,1,"","",8.,1,"","","","","","","","","","","","","","","","","","","","",89,1,"","","","","","","","","","","","",9.5,1,"","","","","","","","","","","","","","","","","","","","","","","","","","","","","","","","","","","","","","","","","","","","","","","","","","","","","","","","","","","","","","","","","","","","","","","","","","","","","","","","","","","","","","","","","","","","","","","","","","","","","","","","","","","","","","","","","","","",""
"06163007","TENDE_SAPC",44.043167,7.586,636,2000041508,4.2,1,"","","","","","","","","","","","","","","","","","","","","","","","","","","","","","","","","","",8.,1,6.1,1,8.,1,"","",8.2,1,"","","","","","","","","","","","","","","","","","","","",88,1,"","","","","","","","","","","","",9.4,1,"","","","","","","","","","","","","","","","","","","","","","","","","","","","","","","","","","","","","","","","","","","","","","","","","","","","","","","","","","","","","","","","","","","","","","","","","","","","","","","","","","","","","","","","","","","","","","","","","","","","","","","","","","","","","","","","","","","",""
"06163007","TENDE_SAPC",44.043167,7.586,636,2000041509,2.4,1,"","","","","","","","","","","","","","","","","","","","","","","","","","","","","","","","","","",7.6,1,5.9,1,7.6,1,"","",8.,1,"","","","","","","","","","","","","","","","","","","","",89,1,"","","","","","","","","","","","",9.3,1,"","","","","","","","","","","","","","","","","","","","","","","","","","","","","","","","","","","","","","","","","","","","","","","","","","","","","","","","","","","","","","","","","","","","","","","","","","","","","","","","","","","","","","","","","","","","","","","","","","","","","","","","","","","","","","","","","","","",""
"06163007","TENDE_SAPC",44.043167,7.586,636,2000041510,0.,1,"","","","","","","","","","","","","","","","","","","","","","","","","","","","","","","","","","",10.7,1,4.4,1,7.6,1,"","",10.7,1,"","","","","","","","","","","","","","","","","","","","",65,1,"","","","","","","","","","","","",8.3,1,"","","","","","","","","","","","","","","","","","","","","","","","","","","","","","","","","","","","","","","","","","","","","","","","","","","","","","","","","","","","","","","","","","","","","","","","","","","","","","","","","","","","","","","","","","","","","","","","","","","","","","","","","","","","","","","","","","","",""
"06163007","TENDE_SAPC",44.043167,7.586,636,2000041511,0.,1,"","","","","","","","","","","","","","","","","","","","","","","","","","","","","","","","","","",14.1,1,3.8,1,10.7,1,"","",14.3,1,"","","","","","","","","","","","","","","","","","","","",50,1,"","","","","","","","","","","","",8.,1,"","","","","","","","","","","","","","","","","","","","","","","","","","","","","","","","","","","","","","","","","","","","","","","","","","","","","","","","","","","","","","","","","","","","","","","","","","","","","","","","","","","","","","","","","","","","","","","","","","","","","","","","","","","","","","","","","","","",""
"06163007","TENDE_SAPC",44.043167,7.586,636,2000041512,0.,1,"","","","","","","","","","","","","","","","","","","","","","","","","","","","","","","","","","",15.2,1,3.3,1,13.8,1,"","",15.2,1,"","","","","","","","","","","","","","","","","","","","",45,1,"","","","","","","","","","","","",7.8,1,"","","","","","","","","","","","","","","","","","","","","","","","","","","","","","","","","","","","","","","","","","","","","","","","","","","","","","","","","","","","","","","","","","","","","","","","","","","","","","","","","","","","","","","","","","","","","","","","","","","","","","","","","","","","","","","","","","","",""
"06163007","TENDE_SAPC",44.043167,7.586,636,2000041513,0.,1,"","","","","","","","","","","","","","","","","","","","","","","","","","","","","","","","","","",14.6,1,3.1,1,14.4,1,"","",15.3,1,"","","","","","","","","","","","","","","","","","","","",46,1,"","","","","","","","","","","","",7.6,1,"","","","","","","","","","","","","","","","","","","","","","","","","","","","","","","","","","","","","","","","","","","","","","","","","","","","","","","","","","","","","","","","","","","","","","","","","","","","","","","","","","","","","","","","","","","","","","","","","","","","","","","","","","","","","","","","","","","",""
"06163007","TENDE_SAPC",44.043167,7.586,636,2000041514,0.,1,"","","","","","","","","","","","","","","","","","","","","","","","","","","","","","","","","","",15.3,1,2.8,1,14.6,1,"","",15.6,1,"","","","","","","","","","","","","","","","","","","","",43,1,"","","","","","","","","","","","",7.5,1,"","","","","","","","","","","","","","","","","","","","","","","","","","","","","","","","","","","","","","","","","","","","","","","","","","","","","","","","","","","","","","","","","","","","","","","","","","","","","","","","","","","","","","","","","","","","","","","","","","","","","","","","","","","","","","","","","","","",""
"06163007","TENDE_SAPC",44.043167,7.586,636,2000041515,0.,1,"","","","","","","","","","","","","","","","","","","","","","","","","","","","","","","","","","",14.7,1,4.7,1,14.7,1,"","",15.4,1,"","","","","","","","","","","","","","","","","","","","",51,1,"","","","","","","","","","","","",8.5,1,"","","","","","","","","","","","","","","","","","","","","","","","","","","","","","","","","","","","","","","","","","","","","","","","","","","","","","","","","","","","","","","","","","","","","","","","","","","","","","","","","","","","","","","","","","","","","","","","","","","","","","","","","","","","","","","","","","","",""
"06163007","TENDE_SAPC",44.043167,7.586,636,2000041516,0.,1,"","","","","","","","","","","","","","","","","","","","","","","","","","","","","","","","","","",13.3,1,5.2,1,13.3,1,"","",14.7,1,"","","","","","","","","","","","","","","","","","","","",58,1,"","","","","","","","","","","","",8.8,1,"","","","","","","","","","","","","","","","","","","","","","","","","","","","","","","","","","","","","","","","","","","","","","","","","","","","","","","","","","","","","","","","","","","","","","","","","","","","","","","","","","","","","","","","","","","","","","","","","","","","","","","","","","","","","","","","","","","",""
"06163007","TENDE_SAPC",44.043167,7.586,636,2000041517,0.,1,"","","","","","","","","","","","","","","","","","","","","","","","","","","","","","","","","","",11.7,1,3.9,1,11.6,1,"","",13.2,1,"","","","","","","","","","","","","","","","","","","","",59,1,"","","","","","","","","","","","",8.1,1,"","","","","","","","","","","","","","","","","","","","","","","","","","","","","","","","","","","","","","","","","","","","","","","","","","","","","","","","","","","","","","","","","","","","","","","","","","","","","","","","","","","","","","","","","","","","","","","","","","","","","","","","","","","","","","","","","","","",""
"06163007","TENDE_SAPC",44.043167,7.586,636,2000041518,0.,1,"","","","","","","","","","","","","","","","","","","","","","","","","","","","","","","","","","",10.,1,3.7,1,10.,1,"","",11.7,1,"","","","","","","","","","","","","","","","","","","","",65,1,"","","","","","","","","","","","",8.,1,"","","","","","","","","","","","","","","","","","","","","","","","","","","","","","","","","","","","","","","","","","","","","","","","","","","","","","","","","","","","","","","","","","","","","","","","","","","","","","","","","","","","","","","","","","","","","","","","","","","","","","","","","","","","","","","","","","","",""
"06163007","TENDE_SAPC",44.043167,7.586,636,2000041519,0.,1,"","","","","","","","","","","","","","","","","","","","","","","","","","","","","","","","","","",7.9,1,3.4,1,7.9,1,"","",10.,1,"","","","","","","","","","","","","","","","","","","","",73,1,"","","","","","","","","","","","",7.8,1,"","","","","","","","","","","","","","","","","","","","","","","","","","","","","","","","","","","","","","","","","","","","","","","","","","","","","","","","","","","","","","","","","","","","","","","","","","","","","","","","","","","","","","","","","","","","","","","","","","","","","","","","","","","","","","","","","","","",""
"06163007","TENDE_SAPC",44.043167,7.586,636,2000041520,0.,1,"","","","","","","","","","","","","","","","","","","","","","","","","","","","","","","","","","",6.9,1,2.6,1,6.9,1,"","",7.9,1,"","","","","","","","","","","","","","","","","","","","",74,1,"","","","","","","","","","","","",7.4,1,"","","","","","","","","","","","","","","","","","","","","","","","","","","","","","","","","","","","","","","","","","","","","","","","","","","","","","","","","","","","","","","","","","","","","","","","","","","","","","","","","","","","","","","","","","","","","","","","","","","","","","","","","","","","","","","","","","","",""
"06163007","TENDE_SAPC",44.043167,7.586,636,2000041521,0.,1,"","","","","","","","","","","","","","","","","","","","","","","","","","","","","","","","","","",5.7,1,1.8,1,5.7,1,"","",6.9,1,"","","","","","","","","","","","","","","","","","","","",76,1,"","","","","","","","","","","","",7.,1,"","","","","","","","","","","","","","","","","","","","","","","","","","","","","","","","","","","","","","","","","","","","","","","","","","","","","","","","","","","","","","","","","","","","","","","","","","","","","","","","","","","","","","","","","","","","","","","","","","","","","","","","","","","","","","","","","","","",""
"06163007","TENDE_SAPC",44.043167,7.586,636,2000041522,0.,1,"","","","","","","","","","","","","","","","","","","","","","","","","","","","","","","","","","",5.,1,1.3,1,5.,1,"","",5.8,1,"","","","","","","","","","","","","","","","","","","","",77,1,"","","","","","","","","","","","",6.7,1,"","","","","","","","","","","","","","","","","","","","","","","","","","","","","","","","","","","","","","","","","","","","","","","","","","","","","","","","","","","","","","","","","","","","","","","","","","","","","","","","","","","","","","","","","","","","","","","","","","","","","","","","","","","","","","","","","","","",""
"06163007","TENDE_SAPC",44.043167,7.586,636,2000041523,0.,1,"","","","","","","","","","","","","","","","","","","","","","","","","","","","","","","","","","",4.5,1,0.6,1,4.5,1,"","",5.,1,"","","","","","","","","","","","","","","","","","","","",76,1,"","","","","","","","","","","","",6.4,1,"","","","","","","","","","","","","","","","","","","","","","","","","","","","","","","","","","","","","","","","","","","","","","","","","","","","","","","","","","","","","","","","","","","","","","","","","","","","","","","","","","","","","","","","","","","","","","","","","","","","","","","","","","","","","","","","","","","",""
"06163007","TENDE_SAPC",44.043167,7.586,636,2000041600,0.,1,"","","","","","","","","","","","","","","","","","","","","","","","","","","","","","","","","","",4.,1,-0.2,1,4.,1,"","",4.5,1,"","","","","","","","","","","","","","","","","","","","",74,1,"","","","","","","","","","","","",6.,1,"","","","","","","","","","","","","","","","","","","","","","","","","","","","","","","","","","","","","","","","","","","","","","","","","","","","","","","","","","","","","","","","","","","","","","","","","","","","","","","","","","","","","","","","","","","","","","","","","","","","","","","","","","","","","","","","","","","",""
"06163007","TENDE_SAPC",44.043167,7.586,636,2000041601,0.,1,"","","","","","","","","","","","","","","","","","","","","","","","","","","","","","","","","","",3.2,1,-0.6,1,3.2,1,"","",4.,1,"","","","","","","","","","","","","","","","","","","","",76,1,"","","","","","","","","","","","",5.8,1,"","","","","","","","","","","","","","","","","","","","","","","","","","","","","","","","","","","","","","","","","","","","","","","","","","","","","","","","","","","","","","","","","","","","","","","","","","","","","","","","","","","","","","","","","","","","","","","","","","","","","","","","","","","","","","","","","","","",""
"06163007","TENDE_SAPC",44.043167,7.586,636,2000041602,0.,1,"","","","","","","","","","","","","","","","","","","","","","","","","","","","","","","","","","",3.2,1,-1.4,1,3.2,1,"","",3.4,1,"","","","","","","","","","","","","","","","","","","","",72,1,"","","","","","","","","","","","",5.5,1,"","","","","","","","","","","","","","","","","","","","","","","","","","","","","","","","","","","","","","","","","","","","","","","","","","","","","","","","","","","","","","","","","","","","","","","","","","","","","","","","","","","","","","","","","","","","","","","","","","","","","","","","","","","","","","","","","","","",""
"06163007","TENDE_SAPC",44.043167,7.586,636,2000041603,0.,1,"","","","","","","","","","","","","","","","","","","","","","","","","","","","","","","","","","",3.,1,-1.6,1,2.8,1,"","",3.2,1,"","","","","","","","","","","","","","","","","","","","",72,1,"","","","","","","","","","","","",5.5,1,"","","","","","","","","","","","","","","","","","","","","","","","","","","","","","","","","","","","","","","","","","","","","","","","","","","","","","","","","","","","","","","","","","","","","","","","","","","","","","","","","","","","","","","","","","","","","","","","","","","","","","","","","","","","","","","","","","","",""
"06163007","TENDE_SAPC",44.043167,7.586,636,2000041604,0.,1,"","","","","","","","","","","","","","","","","","","","","","","","","","","","","","","","","","",2.5,1,-1.9,1,2.4,1,"","",3.,1,"","","","","","","","","","","","","","","","","","","","",73,1,"","","","","","","","","","","","",5.3,1,"","","","","","","","","","","","","","","","","","","","","","","","","","","","","","","","","","","","","","","","","","","","","","","","","","","","","","","","","","","","","","","","","","","","","","","","","","","","","","","","","","","","","","","","","","","","","","","","","","","","","","","","","","","","","","","","","","","",""
"06163007","TENDE_SAPC",44.043167,7.586,636,2000041605,0.,1,"","","","","","","","","","","","","","","","","","","","","","","","","","","","","","","","","","",2.1,1,-1.7,1,2.1,1,"","",2.6,1,"","","","","","","","","","","","","","","","","","","","",76,1,"","","","","","","","","","","","",5.4,1,"","","","","","","","","","","","","","","","","","","","","","","","","","","","","","","","","","","","","","","","","","","","","","","","","","","","","","","","","","","","","","","","","","","","","","","","","","","","","","","","","","","","","","","","","","","","","","","","","","","","","","","","","","","","","","","","","","","",""
"06163007","TENDE_SAPC",44.043167,7.586,636,2000041606,0.,1,"","","","","","","","","","","","","","","","","","","","","","","","","","","","","","","","","","",3.2,1,-2.3,1,2.1,1,"","",3.2,1,"","","","","","","","","","","","","","","","","","","","",67,1,"","","","","","","","","","","","",5.1,1,"","","","","","","","","","","","","","","","","","","","","","","","","","","","","","","","","","","","","","","","","","","","","","","","","","","","","","","","","","","","","","","","","","","","","","","","","","","","","","","","","","","","","","","","","","","","","","","","","","","","","","","","","","","","","","","","","","","",""
"06163007","TENDE_SAPC",44.043167,7.586,636,2000041607,0.,1,"","","","","","","","","","","","","","","","","","","","","","","","","","","","","","","","","","",4.9,1,-1.8,1,3.3,1,"","",4.9,1,"","","","","","","","","","","","","","","","","","","","",62,1,"","","","","","","","","","","","",5.4,1,"","","","","","","","","","","","","","","","","","","","","","","","","","","","","","","","","","","","","","","","","","","","","","","","","","","","","","","","","","","","","","","","","","","","","","","","","","","","","","","","","","","","","","","","","","","","","","","","","","","","","","","","","","","","","","","","","","","",""
"06163007","TENDE_SAPC",44.043167,7.586,636,2000041608,0.,1,"","","","","","","","","","","","","","","","","","","","","","","","","","","","","","","","","","",7.,1,-0.2,1,5.,1,"","",7.,1,"","","","","","","","","","","","","","","","","","","","",60,1,"","","","","","","","","","","","",6.,1,"","","","","","","","","","","","","","","","","","","","","","","","","","","","","","","","","","","","","","","","","","","","","","","","","","","","","","","","","","","","","","","","","","","","","","","","","","","","","","","","","","","","","","","","","","","","","","","","","","","","","","","","","","","","","","","","","","","",""
"06163007","TENDE_SAPC",44.043167,7.586,636,2000041609,0.,1,"","","","","","","","","","","","","","","","","","","","","","","","","","","","","","","","","","",8.4,1,-0.6,1,7.,1,"","",8.5,1,"","","","","","","","","","","","","","","","","","","","",53,1,"","","","","","","","","","","","",5.8,1,"","","","","","","","","","","","","","","","","","","","","","","","","","","","","","","","","","","","","","","","","","","","","","","","","","","","","","","","","","","","","","","","","","","","","","","","","","","","","","","","","","","","","","","","","","","","","","","","","","","","","","","","","","","","","","","","","","","",""
"06163007","TENDE_SAPC",44.043167,7.586,636,2000041610,0.,1,"","","","","","","","","","","","","","","","","","","","","","","","","","","","","","","","","","",10.3,1,-1.1,1,8.4,1,"","",10.3,1,"","","","","","","","","","","","","","","","","","","","",45,1,"","","","","","","","","","","","",5.6,1,"","","","","","","","","","","","","","","","","","","","","","","","","","","","","","","","","","","","","","","","","","","","","","","","","","","","","","","","","","","","","","","","","","","","","","","","","","","","","","","","","","","","","","","","","","","","","","","","","","","","","","","","","","","","","","","","","","","",""
"06163007","TENDE_SAPC",44.043167,7.586,636,2000041611,0.,1,"","","","","","","","","","","","","","","","","","","","","","","","","","","","","","","","","","",10.7,1,-0.8,1,10.5,1,"","",12.2,1,"","","","","","","","","","","","","","","","","","","","",45,1,"","","","","","","","","","","","",5.8,1,"","","","","","","","","","","","","","","","","","","","","","","","","","","","","","","","","","","","","","","","","","","","","","","","","","","","","","","","","","","","","","","","","","","","","","","","","","","","","","","","","","","","","","","","","","","","","","","","","","","","","","","","","","","","","","","","","","","",""
"06163007","TENDE_SAPC",44.043167,7.586,636,2000041612,0.2,1,"","","","","","","","","","","","","","","","","","","","","","","","","","","","","","","","","","",10.5,1,1.8,1,10.5,1,"","",10.8,1,"","","","","","","","","","","","","","","","","","","","",55,1,"","","","","","","","","","","","",7.,1,"","","","","","","","","","","","","","","","","","","","","","","","","","","","","","","","","","","","","","","","","","","","","","","","","","","","","","","","","","","","","","","","","","","","","","","","","","","","","","","","","","","","","","","","","","","","","","","","","","","","","","","","","","","","","","","","","","","",""
"06163007","TENDE_SAPC",44.043167,7.586,636,2000041613,0.6,1,"","","","","","","","","","","","","","","","","","","","","","","","","","","","","","","","","","",8.2,1,4.2,1,8.2,1,"","",10.5,1,"","","","","","","","","","","","","","","","","","","","",76,1,"","","","","","","","","","","","",8.3,1,"","","","","","","","","","","","","","","","","","","","","","","","","","","","","","","","","","","","","","","","","","","","","","","","","","","","","","","","","","","","","","","","","","","","","","","","","","","","","","","","","","","","","","","","","","","","","","","","","","","","","","","","","","","","","","","","","","","",""
"06163007","TENDE_SAPC",44.043167,7.586,636,2000041614,0.4,1,"","","","","","","","","","","","","","","","","","","","","","","","","","","","","","","","","","",7.3,1,3.9,1,7.3,1,"","",8.1,1,"","","","","","","","","","","","","","","","","","","","",79,1,"","","","","","","","","","","","",8.1,1,"","","","","","","","","","","","","","","","","","","","","","","","","","","","","","","","","","","","","","","","","","","","","","","","","","","","","","","","","","","","","","","","","","","","","","","","","","","","","","","","","","","","","","","","","","","","","","","","","","","","","","","","","","","","","","","","","","","",""
"06163007","TENDE_SAPC",44.043167,7.586,636,2000041615,1.,1,"","","","","","","","","","","","","","","","","","","","","","","","","","","","","","","","","","",6.8,1,3.2,1,6.7,1,"","",7.3,1,"","","","","","","","","","","","","","","","","","","","",78,1,"","","","","","","","","","","","",7.7,1,"","","","","","","","","","","","","","","","","","","","","","","","","","","","","","","","","","","","","","","","","","","","","","","","","","","","","","","","","","","","","","","","","","","","","","","","","","","","","","","","","","","","","","","","","","","","","","","","","","","","","","","","","","","","","","","","","","","",""
"06163007","TENDE_SAPC",44.043167,7.586,636,2000041616,0.2,1,"","","","","","","","","","","","","","","","","","","","","","","","","","","","","","","","","","",6.9,1,3.7,1,6.7,1,"","",6.9,1,"","","","","","","","","","","","","","","","","","","","",80,1,"","","","","","","","","","","","",8.,1,"","","","","","","","","","","","","","","","","","","","","","","","","","","","","","","","","","","","","","","","","","","","","","","","","","","","","","","","","","","","","","","","","","","","","","","","","","","","","","","","","","","","","","","","","","","","","","","","","","","","","","","","","","","","","","","","","","","",""
"06163007","TENDE_SAPC",44.043167,7.586,636,2000041617,0.,1,"","","","","","","","","","","","","","","","","","","","","","","","","","","","","","","","","","",7.,1,4.3,1,6.8,1,"","",7.,1,"","","","","","","","","","","","","","","","","","","","",83,1,"","","","","","","","","","","","",8.3,1,"","","","","","","","","","","","","","","","","","","","","","","","","","","","","","","","","","","","","","","","","","","","","","","","","","","","","","","","","","","","","","","","","","","","","","","","","","","","","","","","","","","","","","","","","","","","","","","","","","","","","","","","","","","","","","","","","","","",""
"06163007","TENDE_SAPC",44.043167,7.586,636,2000041618,1.8,1,"","","","","","","","","","","","","","","","","","","","","","","","","","","","","","","","","","",6.9,1,4.7,1,6.8,1,"","",7.,1,"","","","","","","","","","","","","","","","","","","","",86,1,"","","","","","","","","","","","",8.5,1,"","","","","","","","","","","","","","","","","","","","","","","","","","","","","","","","","","","","","","","","","","","","","","","","","","","","","","","","","","","","","","","","","","","","","","","","","","","","","","","","","","","","","","","","","","","","","","","","","","","","","","","","","","","","","","","","","","","",""
"06163007","TENDE_SAPC",44.043167,7.586,636,2000041619,1.2,1,"","","","","","","","","","","","","","","","","","","","","","","","","","","","","","","","","","",7.,1,5.1,1,6.9,1,"","",7.,1,"","","","","","","","","","","","","","","","","","","","",88,1,"","","","","","","","","","","","",8.8,1,"","","","","","","","","","","","","","","","","","","","","","","","","","","","","","","","","","","","","","","","","","","","","","","","","","","","","","","","","","","","","","","","","","","","","","","","","","","","","","","","","","","","","","","","","","","","","","","","","","","","","","","","","","","","","","","","","","","",""
"06163007","TENDE_SAPC",44.043167,7.586,636,2000041620,1.6,1,"","","","","","","","","","","","","","","","","","","","","","","","","","","","","","","","","","",7.2,1,5.3,1,7.,1,"","",7.2,1,"","","","","","","","","","","","","","","","","","","","",88,1,"","","","","","","","","","","","",8.9,1,"","","","","","","","","","","","","","","","","","","","","","","","","","","","","","","","","","","","","","","","","","","","","","","","","","","","","","","","","","","","","","","","","","","","","","","","","","","","","","","","","","","","","","","","","","","","","","","","","","","","","","","","","","","","","","","","","","","",""
"06163007","TENDE_SAPC",44.043167,7.586,636,2000041621,0.4,1,"","","","","","","","","","","","","","","","","","","","","","","","","","","","","","","","","","",7.5,1,5.5,1,7.2,1,"","",7.5,1,"","","","","","","","","","","","","","","","","","","","",87,1,"","","","","","","","","","","","",9.,1,"","","","","","","","","","","","","","","","","","","","","","","","","","","","","","","","","","","","","","","","","","","","","","","","","","","","","","","","","","","","","","","","","","","","","","","","","","","","","","","","","","","","","","","","","","","","","","","","","","","","","","","","","","","","","","","","","","","",""
"06163007","TENDE_SAPC",44.043167,7.586,636,2000041622,0.6,1,"","","","","","","","","","","","","","","","","","","","","","","","","","","","","","","","","","",7.7,1,5.8,1,7.5,1,"","",7.7,1,"","","","","","","","","","","","","","","","","","","","",88,1,"","","","","","","","","","","","",9.2,1,"","","","","","","","","","","","","","","","","","","","","","","","","","","","","","","","","","","","","","","","","","","","","","","","","","","","","","","","","","","","","","","","","","","","","","","","","","","","","","","","","","","","","","","","","","","","","","","","","","","","","","","","","","","","","","","","","","","",""
"06163007","TENDE_SAPC",44.043167,7.586,636,2000041623,0.8,1,"","","","","","","","","","","","","","","","","","","","","","","","","","","","","","","","","","",7.4,1,5.2,1,7.3,1,"","",7.7,1,"","","","","","","","","","","","","","","","","","","","",86,1,"","","","","","","","","","","","",8.8,1,"","","","","","","","","","","","","","","","","","","","","","","","","","","","","","","","","","","","","","","","","","","","","","","","","","","","","","","","","","","","","","","","","","","","","","","","","","","","","","","","","","","","","","","","","","","","","","","","","","","","","","","","","","","","","","","","","","","",""
"06163007","TENDE_SAPC",44.043167,7.586,636,2000041700,4.,1,"","","","","","","","","","","","","","","","","","","","","","","","","","","","","","","","","","",6.9,1,4.4,1,6.9,1,"","",7.4,1,"","","","","","","","","","","","","","","","","","","","",84,1,"","","","","","","","","","","","",8.3,1,"","","","","","","","","","","","","","","","","","","","","","","","","","","","","","","","","","","","","","","","","","","","","","","","","","","","","","","","","","","","","","","","","","","","","","","","","","","","","","","","","","","","","","","","","","","","","","","","","","","","","","","","","","","","","","","","","","","",""
"06163007","TENDE_SAPC",44.043167,7.586,636,2000041701,2.,1,"","","","","","","","","","","","","","","","","","","","","","","","","","","","","","","","","","",6.2,1,4.,1,6.2,1,"","",6.8,1,"","","","","","","","","","","","","","","","","","","","",86,1,"","","","","","","","","","","","",8.1,1,"","","","","","","","","","","","","","","","","","","","","","","","","","","","","","","","","","","","","","","","","","","","","","","","","","","","","","","","","","","","","","","","","","","","","","","","","","","","","","","","","","","","","","","","","","","","","","","","","","","","","","","","","","","","","","","","","","","",""
"06163007","TENDE_SAPC",44.043167,7.586,636,2000041702,0.,1,"","","","","","","","","","","","","","","","","","","","","","","","","","","","","","","","","","",6.4,1,4.4,1,6.2,1,"","",6.4,1,"","","","","","","","","","","","","","","","","","","","",87,1,"","","","","","","","","","","","",8.4,1,"","","","","","","","","","","","","","","","","","","","","","","","","","","","","","","","","","","","","","","","","","","","","","","","","","","","","","","","","","","","","","","","","","","","","","","","","","","","","","","","","","","","","","","","","","","","","","","","","","","","","","","","","","","","","","","","","","","",""
"06163007","TENDE_SAPC",44.043167,7.586,636,2000041703,2.2,1,"","","","","","","","","","","","","","","","","","","","","","","","","","","","","","","","","","",6.6,1,4.8,1,6.4,1,"","",6.7,1,"","","","","","","","","","","","","","","","","","","","",88,1,"","","","","","","","","","","","",8.6,1,"","","","","","","","","","","","","","","","","","","","","","","","","","","","","","","","","","","","","","","","","","","","","","","","","","","","","","","","","","","","","","","","","","","","","","","","","","","","","","","","","","","","","","","","","","","","","","","","","","","","","","","","","","","","","","","","","","","",""
"06163007","TENDE_SAPC",44.043167,7.586,636,2000041704,5.2,1,"","","","","","","","","","","","","","","","","","","","","","","","","","","","","","","","","","",6.3,1,4.1,1,6.3,1,"","",6.6,1,"","","","","","","","","","","","","","","","","","","","",86,1,"","","","","","","","","","","","",8.2,1,"","","","","","","","","","","","","","","","","","","","","","","","","","","","","","","","","","","","","","","","","","","","","","","","","","","","","","","","","","","","","","","","","","","","","","","","","","","","","","","","","","","","","","","","","","","","","","","","","","","","","","","","","","","","","","","","","","","",""
"06163007","TENDE_SAPC",44.043167,7.586,636,2000041705,5.2,1,"","","","","","","","","","","","","","","","","","","","","","","","","","","","","","","","","","",6.3,1,4.5,1,6.2,1,"","",6.3,1,"","","","","","","","","","","","","","","","","","","","",88,1,"","","","","","","","","","","","",8.4,1,"","","","","","","","","","","","","","","","","","","","","","","","","","","","","","","","","","","","","","","","","","","","","","","","","","","","","","","","","","","","","","","","","","","","","","","","","","","","","","","","","","","","","","","","","","","","","","","","","","","","","","","","","","","","","","","","","","","",""
"06163007","TENDE_SAPC",44.043167,7.586,636,2000041706,2.8,1,"","","","","","","","","","","","","","","","","","","","","","","","","","","","","","","","","","",6.6,1,4.9,1,6.3,1,"","",6.6,1,"","","","","","","","","","","","","","","","","","","","",89,1,"","","","","","","","","","","","",8.7,1,"","","","","","","","","","","","","","","","","","","","","","","","","","","","","","","","","","","","","","","","","","","","","","","","","","","","","","","","","","","","","","","","","","","","","","","","","","","","","","","","","","","","","","","","","","","","","","","","","","","","","","","","","","","","","","","","","","","",""
"06163007","TENDE_SAPC",44.043167,7.586,636,2000041707,3.6,1,"","","","","","","","","","","","","","","","","","","","","","","","","","","","","","","","","","",6.4,1,4.6,1,6.4,1,"","",6.6,1,"","","","","","","","","","","","","","","","","","","","",88,1,"","","","","","","","","","","","",8.5,1,"","","","","","","","","","","","","","","","","","","","","","","","","","","","","","","","","","","","","","","","","","","","","","","","","","","","","","","","","","","","","","","","","","","","","","","","","","","","","","","","","","","","","","","","","","","","","","","","","","","","","","","","","","","","","","","","","","","",""
"06163007","TENDE_SAPC",44.043167,7.586,636,2000041708,1.6,1,"","","","","","","","","","","","","","","","","","","","","","","","","","","","","","","","","","",7.1,1,4.4,1,6.3,1,"","",7.2,1,"","","","","","","","","","","","","","","","","","","","",83,1,"","","","","","","","","","","","",8.4,1,"","","","","","","","","","","","","","","","","","","","","","","","","","","","","","","","","","","","","","","","","","","","","","","","","","","","","","","","","","","","","","","","","","","","","","","","","","","","","","","","","","","","","","","","","","","","","","","","","","","","","","","","","","","","","","","","","","","",""
"06163007","TENDE_SAPC",44.043167,7.586,636,2000041709,0.,1,"","","","","","","","","","","","","","","","","","","","","","","","","","","","","","","","","","",7.7,1,4.3,1,7.1,1,"","",7.7,1,"","","","","","","","","","","","","","","","","","","","",79,1,"","","","","","","","","","","","",8.3,1,"","","","","","","","","","","","","","","","","","","","","","","","","","","","","","","","","","","","","","","","","","","","","","","","","","","","","","","","","","","","","","","","","","","","","","","","","","","","","","","","","","","","","","","","","","","","","","","","","","","","","","","","","","","","","","","","","","","",""
"06163007","TENDE_SAPC",44.043167,7.586,636,2000041710,0.4,1,"","","","","","","","","","","","","","","","","","","","","","","","","","","","","","","","","","",8.,1,3.8,1,7.5,1,"","",8.1,1,"","","","","","","","","","","","","","","","","","","","",75,1,"","","","","","","","","","","","",8.,1,"","","","","","","","","","","","","","","","","","","","","","","","","","","","","","","","","","","","","","","","","","","","","","","","","","","","","","","","","","","","","","","","","","","","","","","","","","","","","","","","","","","","","","","","","","","","","","","","","","","","","","","","","","","","","","","","","","","",""
"06163007","TENDE_SAPC",44.043167,7.586,636,2000041711,0.2,1,"","","","","","","","","","","","","","","","","","","","","","","","","","","","","","","","","","",9.3,1,2.2,1,7.8,1,"","",9.3,1,"","","","","","","","","","","","","","","","","","","","",61,1,"","","","","","","","","","","","",7.1,1,"","","","","","","","","","","","","","","","","","","","","","","","","","","","","","","","","","","","","","","","","","","","","","","","","","","","","","","","","","","","","","","","","","","","","","","","","","","","","","","","","","","","","","","","","","","","","","","","","","","","","","","","","","","","","","","","","","","",""
"06163007","TENDE_SAPC",44.043167,7.586,636,2000041712,0.,1,"","","","","","","","","","","","","","","","","","","","","","","","","","","","","","","","","","",10.,1,2.1,1,9.2,1,"","",10.,1,"","","","","","","","","","","","","","","","","","","","",58,1,"","","","","","","","","","","","",7.1,1,"","","","","","","","","","","","","","","","","","","","","","","","","","","","","","","","","","","","","","","","","","","","","","","","","","","","","","","","","","","","","","","","","","","","","","","","","","","","","","","","","","","","","","","","","","","","","","","","","","","","","","","","","","","","","","","","","","","",""
"06163007","TENDE_SAPC",44.043167,7.586,636,2000041713,0.,1,"","","","","","","","","","","","","","","","","","","","","","","","","","","","","","","","","","",10.3,1,1.9,1,10.,1,"","",10.3,1,"","","","","","","","","","","","","","","","","","","","",56,1,"","","","","","","","","","","","",7.,1,"","","","","","","","","","","","","","","","","","","","","","","","","","","","","","","","","","","","","","","","","","","","","","","","","","","","","","","","","","","","","","","","","","","","","","","","","","","","","","","","","","","","","","","","","","","","","","","","","","","","","","","","","","","","","","","","","","","",""
"06163007","TENDE_SAPC",44.043167,7.586,636,2000041714,0.,1,"","","","","","","","","","","","","","","","","","","","","","","","","","","","","","","","","","",10.7,1,1.8,1,10.3,1,"","",10.7,1,"","","","","","","","","","","","","","","","","","","","",54,1,"","","","","","","","","","","","",6.9,1,"","","","","","","","","","","","","","","","","","","","","","","","","","","","","","","","","","","","","","","","","","","","","","","","","","","","","","","","","","","","","","","","","","","","","","","","","","","","","","","","","","","","","","","","","","","","","","","","","","","","","","","","","","","","","","","","","","","",""
"06163007","TENDE_SAPC",44.043167,7.586,636,2000041715,0.,1,"","","","","","","","","","","","","","","","","","","","","","","","","","","","","","","","","","",10.6,1,2.4,1,10.6,1,"","",10.7,1,"","","","","","","","","","","","","","","","","","","","",57,1,"","","","","","","","","","","","",7.3,1,"","","","","","","","","","","","","","","","","","","","","","","","","","","","","","","","","","","","","","","","","","","","","","","","","","","","","","","","","","","","","","","","","","","","","","","","","","","","","","","","","","","","","","","","","","","","","","","","","","","","","","","","","","","","","","","","","","","",""
"06163007","TENDE_SAPC",44.043167,7.586,636,2000041716,0.,1,"","","","","","","","","","","","","","","","","","","","","","","","","","","","","","","","","","",9.5,1,4.9,1,9.5,1,"","",10.7,1,"","","","","","","","","","","","","","","","","","","","",73,1,"","","","","","","","","","","","",8.7,1,"","","","","","","","","","","","","","","","","","","","","","","","","","","","","","","","","","","","","","","","","","","","","","","","","","","","","","","","","","","","","","","","","","","","","","","","","","","","","","","","","","","","","","","","","","","","","","","","","","","","","","","","","","","","","","","","","","","",""
"06163007","TENDE_SAPC",44.043167,7.586,636,2000041717,0.,1,"","","","","","","","","","","","","","","","","","","","","","","","","","","","","","","","","","",8.8,1,5.4,1,8.8,1,"","",9.5,1,"","","","","","","","","","","","","","","","","","","","",79,1,"","","","","","","","","","","","",8.9,1,"","","","","","","","","","","","","","","","","","","","","","","","","","","","","","","","","","","","","","","","","","","","","","","","","","","","","","","","","","","","","","","","","","","","","","","","","","","","","","","","","","","","","","","","","","","","","","","","","","","","","","","","","","","","","","","","","","","",""
"06163007","TENDE_SAPC",44.043167,7.586,636,2000041718,0.,1,"","","","","","","","","","","","","","","","","","","","","","","","","","","","","","","","","","",10.2,1,2.8,1,8.5,1,"","",10.2,1,"","","","","","","","","","","","","","","","","","","","",60,1,"","","","","","","","","","","","",7.5,1,"","","","","","","","","","","","","","","","","","","","","","","","","","","","","","","","","","","","","","","","","","","","","","","","","","","","","","","","","","","","","","","","","","","","","","","","","","","","","","","","","","","","","","","","","","","","","","","","","","","","","","","","","","","","","","","","","","","",""
"06163007","TENDE_SAPC",44.043167,7.586,636,2000041719,0.,1,"","","","","","","","","","","","","","","","","","","","","","","","","","","","","","","","","","",9.9,1,3.2,1,9.9,1,"","",10.5,1,"","","","","","","","","","","","","","","","","","","","",63,1,"","","","","","","","","","","","",7.7,1,"","","","","","","","","","","","","","","","","","","","","","","","","","","","","","","","","","","","","","","","","","","","","","","","","","","","","","","","","","","","","","","","","","","","","","","","","","","","","","","","","","","","","","","","","","","","","","","","","","","","","","","","","","","","","","","","","","","",""
"06163007","TENDE_SAPC",44.043167,7.586,636,2000041720,0.,1,"","","","","","","","","","","","","","","","","","","","","","","","","","","","","","","","","","",9.1,1,3.9,1,9.,1,"","",9.9,1,"","","","","","","","","","","","","","","","","","","","",70,1,"","","","","","","","","","","","",8.1,1,"","","","","","","","","","","","","","","","","","","","","","","","","","","","","","","","","","","","","","","","","","","","","","","","","","","","","","","","","","","","","","","","","","","","","","","","","","","","","","","","","","","","","","","","","","","","","","","","","","","","","","","","","","","","","","","","","","","",""
"06163007","TENDE_SAPC",44.043167,7.586,636,2000041721,0.,1,"","","","","","","","","","","","","","","","","","","","","","","","","","","","","","","","","","",9.7,1,2.8,1,9.1,1,"","",9.9,1,"","","","","","","","","","","","","","","","","","","","",62,1,"","","","","","","","","","","","",7.5,1,"","","","","","","","","","","","","","","","","","","","","","","","","","","","","","","","","","","","","","","","","","","","","","","","","","","","","","","","","","","","","","","","","","","","","","","","","","","","","","","","","","","","","","","","","","","","","","","","","","","","","","","","","","","","","","","","","","","",""
"06163007","TENDE_SAPC",44.043167,7.586,636,2000041722,0.,1,"","","","","","","","","","","","","","","","","","","","","","","","","","","","","","","","","","",10.6,1,2.2,1,9.7,1,"","",10.6,1,"","","","","","","","","","","","","","","","","","","","",56,1,"","","","","","","","","","","","",7.1,1,"","","","","","","","","","","","","","","","","","","","","","","","","","","","","","","","","","","","","","","","","","","","","","","","","","","","","","","","","","","","","","","","","","","","","","","","","","","","","","","","","","","","","","","","","","","","","","","","","","","","","","","","","","","","","","","","","","","",""
"06163007","TENDE_SAPC",44.043167,7.586,636,2000041723,0.,1,"","","","","","","","","","","","","","","","","","","","","","","","","","","","","","","","","","",9.8,1,1.9,1,9.2,1,"","",10.9,1,"","","","","","","","","","","","","","","","","","","","",58,1,"","","","","","","","","","","","",7.,1,"","","","","","","","","","","","","","","","","","","","","","","","","","","","","","","","","","","","","","","","","","","","","","","","","","","","","","","","","","","","","","","","","","","","","","","","","","","","","","","","","","","","","","","","","","","","","","","","","","","","","","","","","","","","","","","","","","","",""
"06163007","TENDE_SAPC",44.043167,7.586,636,2000041800,0.,1,"","","","","","","","","","","","","","","","","","","","","","","","","","","","","","","","","","",9.4,1,2.9,1,9.4,1,"","",10.8,1,"","","","","","","","","","","","","","","","","","","","",64,1,"","","","","","","","","","","","",7.5,1,"","","","","","","","","","","","","","","","","","","","","","","","","","","","","","","","","","","","","","","","","","","","","","","","","","","","","","","","","","","","","","","","","","","","","","","","","","","","","","","","","","","","","","","","","","","","","","","","","","","","","","","","","","","","","","","","","","","",""
"06163007","TENDE_SAPC",44.043167,7.586,636,2000041801,0.,1,"","","","","","","","","","","","","","","","","","","","","","","","","","","","","","","","","","",7.4,1,5.,1,7.4,1,"","",9.4,1,"","","","","","","","","","","","","","","","","","","","",85,1,"","","","","","","","","","","","",8.7,1,"","","","","","","","","","","","","","","","","","","","","","","","","","","","","","","","","","","","","","","","","","","","","","","","","","","","","","","","","","","","","","","","","","","","","","","","","","","","","","","","","","","","","","","","","","","","","","","","","","","","","","","","","","","","","","","","","","","",""
"06163007","TENDE_SAPC",44.043167,7.586,636,2000041802,0.,1,"","","","","","","","","","","","","","","","","","","","","","","","","","","","","","","","","","",7.1,1,5.2,1,6.9,1,"","",7.4,1,"","","","","","","","","","","","","","","","","","","","",88,1,"","","","","","","","","","","","",8.9,1,"","","","","","","","","","","","","","","","","","","","","","","","","","","","","","","","","","","","","","","","","","","","","","","","","","","","","","","","","","","","","","","","","","","","","","","","","","","","","","","","","","","","","","","","","","","","","","","","","","","","","","","","","","","","","","","","","","","",""
"06163007","TENDE_SAPC",44.043167,7.586,636,2000041803,0.,1,"","","","","","","","","","","","","","","","","","","","","","","","","","","","","","","","","","",7.1,1,5.1,1,7.1,1,"","",7.2,1,"","","","","","","","","","","","","","","","","","","","",87,1,"","","","","","","","","","","","",8.8,1,"","","","","","","","","","","","","","","","","","","","","","","","","","","","","","","","","","","","","","","","","","","","","","","","","","","","","","","","","","","","","","","","","","","","","","","","","","","","","","","","","","","","","","","","","","","","","","","","","","","","","","","","","","","","","","","","","","","",""
"06163007","TENDE_SAPC",44.043167,7.586,636,2000041804,0.,1,"","","","","","","","","","","","","","","","","","","","","","","","","","","","","","","","","","",6.5,1,4.5,1,6.5,1,"","",7.1,1,"","","","","","","","","","","","","","","","","","","","",87,1,"","","","","","","","","","","","",8.4,1,"","","","","","","","","","","","","","","","","","","","","","","","","","","","","","","","","","","","","","","","","","","","","","","","","","","","","","","","","","","","","","","","","","","","","","","","","","","","","","","","","","","","","","","","","","","","","","","","","","","","","","","","","","","","","","","","","","","",""
"06163007","TENDE_SAPC",44.043167,7.586,636,2000041805,0.,1,"","","","","","","","","","","","","","","","","","","","","","","","","","","","","","","","","","",5.7,1,3.4,1,5.7,1,"","",6.5,1,"","","","","","","","","","","","","","","","","","","","",85,1,"","","","","","","","","","","","",7.8,1,"","","","","","","","","","","","","","","","","","","","","","","","","","","","","","","","","","","","","","","","","","","","","","","","","","","","","","","","","","","","","","","","","","","","","","","","","","","","","","","","","","","","","","","","","","","","","","","","","","","","","","","","","","","","","","","","","","","",""
"06163007","TENDE_SAPC",44.043167,7.586,636,2000041806,0.,1,"","","","","","","","","","","","","","","","","","","","","","","","","","","","","","","","","","",5.5,1,2.5,1,5.3,1,"","",5.7,1,"","","","","","","","","","","","","","","","","","","","",81,1,"","","","","","","","","","","","",7.3,1,"","","","","","","","","","","","","","","","","","","","","","","","","","","","","","","","","","","","","","","","","","","","","","","","","","","","","","","","","","","","","","","","","","","","","","","","","","","","","","","","","","","","","","","","","","","","","","","","","","","","","","","","","","","","","","","","","","","",""
"06163007","TENDE_SAPC",44.043167,7.586,636,2000041807,0.,1,"","","","","","","","","","","","","","","","","","","","","","","","","","","","","","","","","","",6.4,1,2.7,1,5.5,1,"","",6.4,1,"","","","","","","","","","","","","","","","","","","","",77,1,"","","","","","","","","","","","",7.4,1,"","","","","","","","","","","","","","","","","","","","","","","","","","","","","","","","","","","","","","","","","","","","","","","","","","","","","","","","","","","","","","","","","","","","","","","","","","","","","","","","","","","","","","","","","","","","","","","","","","","","","","","","","","","","","","","","","","","",""
"06163007","TENDE_SAPC",44.043167,7.586,636,2000041808,0.,1,"","","","","","","","","","","","","","","","","","","","","","","","","","","","","","","","","","",9.4,1,3.6,1,6.4,1,"","",9.4,1,"","","","","","","","","","","","","","","","","","","","",67,1,"","","","","","","","","","","","",7.9,1,"","","","","","","","","","","","","","","","","","","","","","","","","","","","","","","","","","","","","","","","","","","","","","","","","","","","","","","","","","","","","","","","","","","","","","","","","","","","","","","","","","","","","","","","","","","","","","","","","","","","","","","","","","","","","","","","","","","",""
"06163007","TENDE_SAPC",44.043167,7.586,636,2000041809,0.,1,"","","","","","","","","","","","","","","","","","","","","","","","","","","","","","","","","","",11.6,1,2.3,1,9.5,1,"","",11.7,1,"","","","","","","","","","","","","","","","","","","","",53,1,"","","","","","","","","","","","",7.2,1,"","","","","","","","","","","","","","","","","","","","","","","","","","","","","","","","","","","","","","","","","","","","","","","","","","","","","","","","","","","","","","","","","","","","","","","","","","","","","","","","","","","","","","","","","","","","","","","","","","","","","","","","","","","","","","","","","","","",""
"06163007","TENDE_SAPC",44.043167,7.586,636,2000041810,0.,1,"","","","","","","","","","","","","","","","","","","","","","","","","","","","","","","","","","",13.4,1,2.3,1,11.6,1,"","",13.4,1,"","","","","","","","","","","","","","","","","","","","",47,1,"","","","","","","","","","","","",7.2,1,"","","","","","","","","","","","","","","","","","","","","","","","","","","","","","","","","","","","","","","","","","","","","","","","","","","","","","","","","","","","","","","","","","","","","","","","","","","","","","","","","","","","","","","","","","","","","","","","","","","","","","","","","","","","","","","","","","","",""
"06163007","TENDE_SAPC",44.043167,7.586,636,2000041811,0.,1,"","","","","","","","","","","","","","","","","","","","","","","","","","","","","","","","","","",13.8,1,3.5,1,13.4,1,"","",14.1,1,"","","","","","","","","","","","","","","","","","","","",50,1,"","","","","","","","","","","","",7.9,1,"","","","","","","","","","","","","","","","","","","","","","","","","","","","","","","","","","","","","","","","","","","","","","","","","","","","","","","","","","","","","","","","","","","","","","","","","","","","","","","","","","","","","","","","","","","","","","","","","","","","","","","","","","","","","","","","","","","",""
"06163007","TENDE_SAPC",44.043167,7.586,636,2000041812,0.,1,"","","","","","","","","","","","","","","","","","","","","","","","","","","","","","","","","","",14.1,1,4.4,1,13.8,1,"","",14.1,1,"","","","","","","","","","","","","","","","","","","","",52,1,"","","","","","","","","","","","",8.3,1,"","","","","","","","","","","","","","","","","","","","","","","","","","","","","","","","","","","","","","","","","","","","","","","","","","","","","","","","","","","","","","","","","","","","","","","","","","","","","","","","","","","","","","","","","","","","","","","","","","","","","","","","","","","","","","","","","","","",""
"06163007","TENDE_SAPC",44.043167,7.586,636,2000041813,0.,1,"","","","","","","","","","","","","","","","","","","","","","","","","","","","","","","","","","",13.3,1,4.7,1,13.2,1,"","",14.2,1,"","","","","","","","","","","","","","","","","","","","",56,1,"","","","","","","","","","","","",8.5,1,"","","","","","","","","","","","","","","","","","","","","","","","","","","","","","","","","","","","","","","","","","","","","","","","","","","","","","","","","","","","","","","","","","","","","","","","","","","","","","","","","","","","","","","","","","","","","","","","","","","","","","","","","","","","","","","","","","","",""
"06163007","TENDE_SAPC",44.043167,7.586,636,2000041814,0.,1,"","","","","","","","","","","","","","","","","","","","","","","","","","","","","","","","","","",13.1,1,5.3,1,12.9,1,"","",13.5,1,"","","","","","","","","","","","","","","","","","","","",59,1,"","","","","","","","","","","","",8.9,1,"","","","","","","","","","","","","","","","","","","","","","","","","","","","","","","","","","","","","","","","","","","","","","","","","","","","","","","","","","","","","","","","","","","","","","","","","","","","","","","","","","","","","","","","","","","","","","","","","","","","","","","","","","","","","","","","","","","",""
"06163007","TENDE_SAPC",44.043167,7.586,636,2000041815,0.,1,"","","","","","","","","","","","","","","","","","","","","","","","","","","","","","","","","","",12.6,1,5.7,1,12.6,1,"","",13.5,1,"","","","","","","","","","","","","","","","","","","","",63,1,"","","","","","","","","","","","",9.2,1,"","","","","","","","","","","","","","","","","","","","","","","","","","","","","","","","","","","","","","","","","","","","","","","","","","","","","","","","","","","","","","","","","","","","","","","","","","","","","","","","","","","","","","","","","","","","","","","","","","","","","","","","","","","","","","","","","","","",""
"06163007","TENDE_SAPC",44.043167,7.586,636,2000041816,0.,1,"","","","","","","","","","","","","","","","","","","","","","","","","","","","","","","","","","",12.1,1,6.4,1,12.1,1,"","",12.6,1,"","","","","","","","","","","","","","","","","","","","",68,1,"","","","","","","","","","","","",9.6,1,"","","","","","","","","","","","","","","","","","","","","","","","","","","","","","","","","","","","","","","","","","","","","","","","","","","","","","","","","","","","","","","","","","","","","","","","","","","","","","","","","","","","","","","","","","","","","","","","","","","","","","","","","","","","","","","","","","","",""
"06163007","TENDE_SAPC",44.043167,7.586,636,2000041817,0.,1,"","","","","","","","","","","","","","","","","","","","","","","","","","","","","","","","","","",11.1,1,6.8,1,11.1,1,"","",12.1,1,"","","","","","","","","","","","","","","","","","","","",75,1,"","","","","","","","","","","","",9.9,1,"","","","","","","","","","","","","","","","","","","","","","","","","","","","","","","","","","","","","","","","","","","","","","","","","","","","","","","","","","","","","","","","","","","","","","","","","","","","","","","","","","","","","","","","","","","","","","","","","","","","","","","","","","","","","","","","","","","",""
"06163007","TENDE_SAPC",44.043167,7.586,636,2000041818,0.,1,"","","","","","","","","","","","","","","","","","","","","","","","","","","","","","","","","","",10.7,1,7.2,1,10.7,1,"","",11.1,1,"","","","","","","","","","","","","","","","","","","","",79,1,"","","","","","","","","","","","",10.1,1,"","","","","","","","","","","","","","","","","","","","","","","","","","","","","","","","","","","","","","","","","","","","","","","","","","","","","","","","","","","","","","","","","","","","","","","","","","","","","","","","","","","","","","","","","","","","","","","","","","","","","","","","","","","","","","","","","","","",""
"06163007","TENDE_SAPC",44.043167,7.586,636,2000041819,0.,1,"","","","","","","","","","","","","","","","","","","","","","","","","","","","","","","","","","",10.4,1,6.5,1,10.4,1,"","",10.7,1,"","","","","","","","","","","","","","","","","","","","",77,1,"","","","","","","","","","","","",9.7,1,"","","","","","","","","","","","","","","","","","","","","","","","","","","","","","","","","","","","","","","","","","","","","","","","","","","","","","","","","","","","","","","","","","","","","","","","","","","","","","","","","","","","","","","","","","","","","","","","","","","","","","","","","","","","","","","","","","","",""
"06163007","TENDE_SAPC",44.043167,7.586,636,2000041820,0.,1,"","","","","","","","","","","","","","","","","","","","","","","","","","","","","","","","","","",9.6,1,5.9,1,9.6,1,"","",10.4,1,"","","","","","","","","","","","","","","","","","","","",78,1,"","","","","","","","","","","","",9.3,1,"","","","","","","","","","","","","","","","","","","","","","","","","","","","","","","","","","","","","","","","","","","","","","","","","","","","","","","","","","","","","","","","","","","","","","","","","","","","","","","","","","","","","","","","","","","","","","","","","","","","","","","","","","","","","","","","","","","",""
"06163007","TENDE_SAPC",44.043167,7.586,636,2000041821,0.,1,"","","","","","","","","","","","","","","","","","","","","","","","","","","","","","","","","","",7.6,1,5.1,1,7.6,1,"","",9.5,1,"","","","","","","","","","","","","","","","","","","","",84,1,"","","","","","","","","","","","",8.8,1,"","","","","","","","","","","","","","","","","","","","","","","","","","","","","","","","","","","","","","","","","","","","","","","","","","","","","","","","","","","","","","","","","","","","","","","","","","","","","","","","","","","","","","","","","","","","","","","","","","","","","","","","","","","","","","","","","","","",""
"06163007","TENDE_SAPC",44.043167,7.586,636,2000041822,0.,1,"","","","","","","","","","","","","","","","","","","","","","","","","","","","","","","","","","",7.5,1,5.3,1,7.2,1,"","",7.6,1,"","","","","","","","","","","","","","","","","","","","",86,1,"","","","","","","","","","","","",8.9,1,"","","","","","","","","","","","","","","","","","","","","","","","","","","","","","","","","","","","","","","","","","","","","","","","","","","","","","","","","","","","","","","","","","","","","","","","","","","","","","","","","","","","","","","","","","","","","","","","","","","","","","","","","","","","","","","","","","","",""
"06163007","TENDE_SAPC",44.043167,7.586,636,2000041823,0.,1,"","","","","","","","","","","","","","","","","","","","","","","","","","","","","","","","","","",7.9,1,5.4,1,7.5,1,"","",7.9,1,"","","","","","","","","","","","","","","","","","","","",84,1,"","","","","","","","","","","","",8.9,1,"","","","","","","","","","","","","","","","","","","","","","","","","","","","","","","","","","","","","","","","","","","","","","","","","","","","","","","","","","","","","","","","","","","","","","","","","","","","","","","","","","","","","","","","","","","","","","","","","","","","","","","","","","","","","","","","","","","",""
"06163007","TENDE_SAPC",44.043167,7.586,636,2000041900,0.,1,"","","","","","","","","","","","","","","","","","","","","","","","","","","","","","","","","","",7.,1,4.,1,7.,1,"","",8.1,1,"","","","","","","","","","","","","","","","","","","","",81,1,"","","","","","","","","","","","",8.1,1,"","","","","","","","","","","","","","","","","","","","","","","","","","","","","","","","","","","","","","","","","","","","","","","","","","","","","","","","","","","","","","","","","","","","","","","","","","","","","","","","","","","","","","","","","","","","","","","","","","","","","","","","","","","","","","","","","","","",""
"06163007","TENDE_SAPC",44.043167,7.586,636,2000041901,0.,1,"","","","","","","","","","","","","","","","","","","","","","","","","","","","","","","","","","",5.9,1,3.2,1,5.9,1,"","",7.1,1,"","","","","","","","","","","","","","","","","","","","",83,1,"","","","","","","","","","","","",7.7,1,"","","","","","","","","","","","","","","","","","","","","","","","","","","","","","","","","","","","","","","","","","","","","","","","","","","","","","","","","","","","","","","","","","","","","","","","","","","","","","","","","","","","","","","","","","","","","","","","","","","","","","","","","","","","","","","","","","","",""
"06163007","TENDE_SAPC",44.043167,7.586,636,2000041902,0.,1,"","","","","","","","","","","","","","","","","","","","","","","","","","","","","","","","","","",5.4,1,2.6,1,5.3,1,"","",5.9,1,"","","","","","","","","","","","","","","","","","","","",82,1,"","","","","","","","","","","","",7.3,1,"","","","","","","","","","","","","","","","","","","","","","","","","","","","","","","","","","","","","","","","","","","","","","","","","","","","","","","","","","","","","","","","","","","","","","","","","","","","","","","","","","","","","","","","","","","","","","","","","","","","","","","","","","","","","","","","","","","",""
"06163007","TENDE_SAPC",44.043167,7.586,636,2000041903,0.,1,"","","","","","","","","","","","","","","","","","","","","","","","","","","","","","","","","","",4.4,1,1.9,1,4.4,1,"","",5.4,1,"","","","","","","","","","","","","","","","","","","","",84,1,"","","","","","","","","","","","",7.,1,"","","","","","","","","","","","","","","","","","","","","","","","","","","","","","","","","","","","","","","","","","","","","","","","","","","","","","","","","","","","","","","","","","","","","","","","","","","","","","","","","","","","","","","","","","","","","","","","","","","","","","","","","","","","","","","","","","","",""
"06163007","TENDE_SAPC",44.043167,7.586,636,2000041904,0.,1,"","","","","","","","","","","","","","","","","","","","","","","","","","","","","","","","","","",3.1,1,1.,1,3.1,1,"","",4.4,1,"","","","","","","","","","","","","","","","","","","","",86,1,"","","","","","","","","","","","",6.6,1,"","","","","","","","","","","","","","","","","","","","","","","","","","","","","","","","","","","","","","","","","","","","","","","","","","","","","","","","","","","","","","","","","","","","","","","","","","","","","","","","","","","","","","","","","","","","","","","","","","","","","","","","","","","","","","","","","","","",""
"06163007","TENDE_SAPC",44.043167,7.586,636,2000041905,0.,1,"","","","","","","","","","","","","","","","","","","","","","","","","","","","","","","","","","",2.9,1,0.9,1,2.9,1,"","",3.1,1,"","","","","","","","","","","","","","","","","","","","",87,1,"","","","","","","","","","","","",6.5,1,"","","","","","","","","","","","","","","","","","","","","","","","","","","","","","","","","","","","","","","","","","","","","","","","","","","","","","","","","","","","","","","","","","","","","","","","","","","","","","","","","","","","","","","","","","","","","","","","","","","","","","","","","","","","","","","","","","","",""
"06163007","TENDE_SAPC",44.043167,7.586,636,2000041906,0.,1,"","","","","","","","","","","","","","","","","","","","","","","","","","","","","","","","","","",2.9,1,0.5,1,2.7,1,"","",3.,1,"","","","","","","","","","","","","","","","","","","","",84,1,"","","","","","","","","","","","",6.3,1,"","","","","","","","","","","","","","","","","","","","","","","","","","","","","","","","","","","","","","","","","","","","","","","","","","","","","","","","","","","","","","","","","","","","","","","","","","","","","","","","","","","","","","","","","","","","","","","","","","","","","","","","","","","","","","","","","","","",""
"06163007","TENDE_SAPC",44.043167,7.586,636,2000041907,0.,1,"","","","","","","","","","","","","","","","","","","","","","","","","","","","","","","","","","",4.2,1,1.2,1,3.,1,"","",4.2,1,"","","","","","","","","","","","","","","","","","","","",81,1,"","","","","","","","","","","","",6.7,1,"","","","","","","","","","","","","","","","","","","","","","","","","","","","","","","","","","","","","","","","","","","","","","","","","","","","","","","","","","","","","","","","","","","","","","","","","","","","","","","","","","","","","","","","","","","","","","","","","","","","","","","","","","","","","","","","","","","",""
"06163007","TENDE_SAPC",44.043167,7.586,636,2000041908,0.,1,"","","","","","","","","","","","","","","","","","","","","","","","","","","","","","","","","","",9.7,1,2.3,1,4.3,1,"","",9.7,1,"","","","","","","","","","","","","","","","","","","","",60,1,"","","","","","","","","","","","",7.2,1,"","","","","","","","","","","","","","","","","","","","","","","","","","","","","","","","","","","","","","","","","","","","","","","","","","","","","","","","","","","","","","","","","","","","","","","","","","","","","","","","","","","","","","","","","","","","","","","","","","","","","","","","","","","","","","","","","","","",""
"06163007","TENDE_SAPC",44.043167,7.586,636,2000041909,0.,1,"","","","","","","","","","","","","","","","","","","","","","","","","","","","","","","","","","",13.1,1,3.2,1,9.7,1,"","",13.1,1,"","","","","","","","","","","","","","","","","","","","",51,1,"","","","","","","","","","","","",7.7,1,"","","","","","","","","","","","","","","","","","","","","","","","","","","","","","","","","","","","","","","","","","","","","","","","","","","","","","","","","","","","","","","","","","","","","","","","","","","","","","","","","","","","","","","","","","","","","","","","","","","","","","","","","","","","","","","","","","","",""
"06163007","TENDE_SAPC",44.043167,7.586,636,2000041910,0.,1,"","","","","","","","","","","","","","","","","","","","","","","","","","","","","","","","","","",14.9,1,3.4,1,13.1,1,"","",15.,1,"","","","","","","","","","","","","","","","","","","","",46,1,"","","","","","","","","","","","",7.8,1,"","","","","","","","","","","","","","","","","","","","","","","","","","","","","","","","","","","","","","","","","","","","","","","","","","","","","","","","","","","","","","","","","","","","","","","","","","","","","","","","","","","","","","","","","","","","","","","","","","","","","","","","","","","","","","","","","","","",""
"06163007","TENDE_SAPC",44.043167,7.586,636,2000041911,0.,1,"","","","","","","","","","","","","","","","","","","","","","","","","","","","","","","","","","",16.1,1,3.5,1,15.,1,"","",16.1,1,"","","","","","","","","","","","","","","","","","","","",43,1,"","","","","","","","","","","","",7.9,1,"","","","","","","","","","","","","","","","","","","","","","","","","","","","","","","","","","","","","","","","","","","","","","","","","","","","","","","","","","","","","","","","","","","","","","","","","","","","","","","","","","","","","","","","","","","","","","","","","","","","","","","","","","","","","","","","","","","",""
"06163007","TENDE_SAPC",44.043167,7.586,636,2000041912,0.,1,"","","","","","","","","","","","","","","","","","","","","","","","","","","","","","","","","","",18.9,1,-1.6,1,16.1,1,"","",18.9,1,"","","","","","","","","","","","","","","","","","","","",25,1,"","","","","","","","","","","","",5.4,1,"","","","","","","","","","","","","","","","","","","","","","","","","","","","","","","","","","","","","","","","","","","","","","","","","","","","","","","","","","","","","","","","","","","","","","","","","","","","","","","","","","","","","","","","","","","","","","","","","","","","","","","","","","","","","","","","","","","",""
"06163007","TENDE_SAPC",44.043167,7.586,636,2000041913,0.,1,"","","","","","","","","","","","","","","","","","","","","","","","","","","","","","","","","","",18.9,1,-3.9,1,18.7,1,"","",19.2,1,"","","","","","","","","","","","","","","","","","","","",21,1,"","","","","","","","","","","","",4.6,1,"","","","","","","","","","","","","","","","","","","","","","","","","","","","","","","","","","","","","","","","","","","","","","","","","","","","","","","","","","","","","","","","","","","","","","","","","","","","","","","","","","","","","","","","","","","","","","","","","","","","","","","","","","","","","","","","","","","",""
"06163007","TENDE_SAPC",44.043167,7.586,636,2000041914,0.,1,"","","","","","","","","","","","","","","","","","","","","","","","","","","","","","","","","","",19.2,1,-3.1,1,18.6,1,"","",19.2,1,"","","","","","","","","","","","","","","","","","","","",22,1,"","","","","","","","","","","","",4.9,1,"","","","","","","","","","","","","","","","","","","","","","","","","","","","","","","","","","","","","","","","","","","","","","","","","","","","","","","","","","","","","","","","","","","","","","","","","","","","","","","","","","","","","","","","","","","","","","","","","","","","","","","","","","","","","","","","","","","",""
"06163007","TENDE_SAPC",44.043167,7.586,636,2000041915,0.,1,"","","","","","","","","","","","","","","","","","","","","","","","","","","","","","","","","","",19.,1,-5.2,1,18.6,1,"","",19.3,1,"","","","","","","","","","","","","","","","","","","","",19,1,"","","","","","","","","","","","",4.2,1,"","","","","","","","","","","","","","","","","","","","","","","","","","","","","","","","","","","","","","","","","","","","","","","","","","","","","","","","","","","","","","","","","","","","","","","","","","","","","","","","","","","","","","","","","","","","","","","","","","","","","","","","","","","","","","","","","","","",""
"06163007","TENDE_SAPC",44.043167,7.586,636,2000041916,0.,1,"","","","","","","","","","","","","","","","","","","","","","","","","","","","","","","","","","",17.3,1,-3.5,1,17.3,1,"","",18.9,1,"","","","","","","","","","","","","","","","","","","","",24,1,"","","","","","","","","","","","",4.7,1,"","","","","","","","","","","","","","","","","","","","","","","","","","","","","","","","","","","","","","","","","","","","","","","","","","","","","","","","","","","","","","","","","","","","","","","","","","","","","","","","","","","","","","","","","","","","","","","","","","","","","","","","","","","","","","","","","","","",""
"06163007","TENDE_SAPC",44.043167,7.586,636,2000041917,0.,1,"","","","","","","","","","","","","","","","","","","","","","","","","","","","","","","","","","",14.5,1,4.5,1,14.5,1,"","",17.3,1,"","","","","","","","","","","","","","","","","","","","",51,1,"","","","","","","","","","","","",8.4,1,"","","","","","","","","","","","","","","","","","","","","","","","","","","","","","","","","","","","","","","","","","","","","","","","","","","","","","","","","","","","","","","","","","","","","","","","","","","","","","","","","","","","","","","","","","","","","","","","","","","","","","","","","","","","","","","","","","","",""
"06163007","TENDE_SAPC",44.043167,7.586,636,2000041918,0.,1,"","","","","","","","","","","","","","","","","","","","","","","","","","","","","","","","","","",12.9,1,4.1,1,12.9,1,"","",14.5,1,"","","","","","","","","","","","","","","","","","","","",55,1,"","","","","","","","","","","","",8.2,1,"","","","","","","","","","","","","","","","","","","","","","","","","","","","","","","","","","","","","","","","","","","","","","","","","","","","","","","","","","","","","","","","","","","","","","","","","","","","","","","","","","","","","","","","","","","","","","","","","","","","","","","","","","","","","","","","","","","",""
"06163007","TENDE_SAPC",44.043167,7.586,636,2000041919,0.,1,"","","","","","","","","","","","","","","","","","","","","","","","","","","","","","","","","","",10.3,1,3.8,1,10.3,1,"","",12.8,1,"","","","","","","","","","","","","","","","","","","","",64,1,"","","","","","","","","","","","",8.,1,"","","","","","","","","","","","","","","","","","","","","","","","","","","","","","","","","","","","","","","","","","","","","","","","","","","","","","","","","","","","","","","","","","","","","","","","","","","","","","","","","","","","","","","","","","","","","","","","","","","","","","","","","","","","","","","","","","","",""
"06163007","TENDE_SAPC",44.043167,7.586,636,2000041920,0.,1,"","","","","","","","","","","","","","","","","","","","","","","","","","","","","","","","","","",8.7,1,2.5,1,8.7,1,"","",10.2,1,"","","","","","","","","","","","","","","","","","","","",65,1,"","","","","","","","","","","","",7.3,1,"","","","","","","","","","","","","","","","","","","","","","","","","","","","","","","","","","","","","","","","","","","","","","","","","","","","","","","","","","","","","","","","","","","","","","","","","","","","","","","","","","","","","","","","","","","","","","","","","","","","","","","","","","","","","","","","","","","",""
"06163007","TENDE_SAPC",44.043167,7.586,636,2000041921,0.,1,"","","","","","","","","","","","","","","","","","","","","","","","","","","","","","","","","","",7.9,1,1.7,1,7.9,1,"","",8.6,1,"","","","","","","","","","","","","","","","","","","","",65,1,"","","","","","","","","","","","",6.9,1,"","","","","","","","","","","","","","","","","","","","","","","","","","","","","","","","","","","","","","","","","","","","","","","","","","","","","","","","","","","","","","","","","","","","","","","","","","","","","","","","","","","","","","","","","","","","","","","","","","","","","","","","","","","","","","","","","","","",""
"06163007","TENDE_SAPC",44.043167,7.586,636,2000041922,0.,1,"","","","","","","","","","","","","","","","","","","","","","","","","","","","","","","","","","",6.7,1,1.2,1,6.7,1,"","",7.9,1,"","","","","","","","","","","","","","","","","","","","",68,1,"","","","","","","","","","","","",6.7,1,"","","","","","","","","","","","","","","","","","","","","","","","","","","","","","","","","","","","","","","","","","","","","","","","","","","","","","","","","","","","","","","","","","","","","","","","","","","","","","","","","","","","","","","","","","","","","","","","","","","","","","","","","","","","","","","","","","","",""
"06163007","TENDE_SAPC",44.043167,7.586,636,2000041923,0.,1,"","","","","","","","","","","","","","","","","","","","","","","","","","","","","","","","","","",6.4,1,0.9,1,6.3,1,"","",6.7,1,"","","","","","","","","","","","","","","","","","","","",68,1,"","","","","","","","","","","","",6.5,1,"","","","","","","","","","","","","","","","","","","","","","","","","","","","","","","","","","","","","","","","","","","","","","","","","","","","","","","","","","","","","","","","","","","","","","","","","","","","","","","","","","","","","","","","","","","","","","","","","","","","","","","","","","","","","","","","","","","",""
"06163007","TENDE_SAPC",44.043167,7.586,636,2000042000,0.,1,"","","","","","","","","","","","","","","","","","","","","","","","","","","","","","","","","","",6.1,1,1.4,1,6.,1,"","",6.5,1,"","","","","","","","","","","","","","","","","","","","",72,1,"","","","","","","","","","","","",6.8,1,"","","","","","","","","","","","","","","","","","","","","","","","","","","","","","","","","","","","","","","","","","","","","","","","","","","","","","","","","","","","","","","","","","","","","","","","","","","","","","","","","","","","","","","","","","","","","","","","","","","","","","","","","","","","","","","","","","","",""
"06163007","TENDE_SAPC",44.043167,7.586,636,2000042001,0.,1,"","","","","","","","","","","","","","","","","","","","","","","","","","","","","","","","","","",6.2,1,1.3,1,5.9,1,"","",6.2,1,"","","","","","","","","","","","","","","","","","","","",71,1,"","","","","","","","","","","","",6.7,1,"","","","","","","","","","","","","","","","","","","","","","","","","","","","","","","","","","","","","","","","","","","","","","","","","","","","","","","","","","","","","","","","","","","","","","","","","","","","","","","","","","","","","","","","","","","","","","","","","","","","","","","","","","","","","","","","","","","",""
"06163007","TENDE_SAPC",44.043167,7.586,636,2000042002,0.,1,"","","","","","","","","","","","","","","","","","","","","","","","","","","","","","","","","","",5.7,1,1.2,1,5.7,1,"","",6.3,1,"","","","","","","","","","","","","","","","","","","","",73,1,"","","","","","","","","","","","",6.7,1,"","","","","","","","","","","","","","","","","","","","","","","","","","","","","","","","","","","","","","","","","","","","","","","","","","","","","","","","","","","","","","","","","","","","","","","","","","","","","","","","","","","","","","","","","","","","","","","","","","","","","","","","","","","","","","","","","","","",""
"06163007","TENDE_SAPC",44.043167,7.586,636,2000042003,0.,1,"","","","","","","","","","","","","","","","","","","","","","","","","","","","","","","","","","",5.5,1,1.4,1,5.5,1,"","",6.,1,"","","","","","","","","","","","","","","","","","","","",75,1,"","","","","","","","","","","","",6.8,1,"","","","","","","","","","","","","","","","","","","","","","","","","","","","","","","","","","","","","","","","","","","","","","","","","","","","","","","","","","","","","","","","","","","","","","","","","","","","","","","","","","","","","","","","","","","","","","","","","","","","","","","","","","","","","","","","","","","",""
"06163007","TENDE_SAPC",44.043167,7.586,636,2000042004,0.,1,"","","","","","","","","","","","","","","","","","","","","","","","","","","","","","","","","","",5.3,1,1.6,1,5.3,1,"","",5.9,1,"","","","","","","","","","","","","","","","","","","","",77,1,"","","","","","","","","","","","",6.9,1,"","","","","","","","","","","","","","","","","","","","","","","","","","","","","","","","","","","","","","","","","","","","","","","","","","","","","","","","","","","","","","","","","","","","","","","","","","","","","","","","","","","","","","","","","","","","","","","","","","","","","","","","","","","","","","","","","","","",""
"06163007","TENDE_SAPC",44.043167,7.586,636,2000042005,0.,1,"","","","","","","","","","","","","","","","","","","","","","","","","","","","","","","","","","",5.4,1,1.3,1,5.2,1,"","",5.5,1,"","","","","","","","","","","","","","","","","","","","",75,1,"","","","","","","","","","","","",6.7,1,"","","","","","","","","","","","","","","","","","","","","","","","","","","","","","","","","","","","","","","","","","","","","","","","","","","","","","","","","","","","","","","","","","","","","","","","","","","","","","","","","","","","","","","","","","","","","","","","","","","","","","","","","","","","","","","","","","","",""
"06163007","TENDE_SAPC",44.043167,7.586,636,2000042006,0.,1,"","","","","","","","","","","","","","","","","","","","","","","","","","","","","","","","","","",5.8,1,1.7,1,5.3,1,"","",5.9,1,"","","","","","","","","","","","","","","","","","","","",75,1,"","","","","","","","","","","","",6.9,1,"","","","","","","","","","","","","","","","","","","","","","","","","","","","","","","","","","","","","","","","","","","","","","","","","","","","","","","","","","","","","","","","","","","","","","","","","","","","","","","","","","","","","","","","","","","","","","","","","","","","","","","","","","","","","","","","","","","",""
"06163007","TENDE_SAPC",44.043167,7.586,636,2000042007,0.,1,"","","","","","","","","","","","","","","","","","","","","","","","","","","","","","","","","","",6.6,1,2.5,1,5.8,1,"","",6.6,1,"","","","","","","","","","","","","","","","","","","","",75,1,"","","","","","","","","","","","",7.3,1,"","","","","","","","","","","","","","","","","","","","","","","","","","","","","","","","","","","","","","","","","","","","","","","","","","","","","","","","","","","","","","","","","","","","","","","","","","","","","","","","","","","","","","","","","","","","","","","","","","","","","","","","","","","","","","","","","","","",""
"06163007","TENDE_SAPC",44.043167,7.586,636,2000042008,0.,1,"","","","","","","","","","","","","","","","","","","","","","","","","","","","","","","","","","",16.8,1,1.2,1,6.6,1,"","",16.8,1,"","","","","","","","","","","","","","","","","","","","",35,1,"","","","","","","","","","","","",6.7,1,"","","","","","","","","","","","","","","","","","","","","","","","","","","","","","","","","","","","","","","","","","","","","","","","","","","","","","","","","","","","","","","","","","","","","","","","","","","","","","","","","","","","","","","","","","","","","","","","","","","","","","","","","","","","","","","","","","","",""
"06163007","TENDE_SAPC",44.043167,7.586,636,2000042009,0.,1,"","","","","","","","","","","","","","","","","","","","","","","","","","","","","","","","","","",19.3,1,1.7,1,16.9,1,"","",19.3,1,"","","","","","","","","","","","","","","","","","","","",31,1,"","","","","","","","","","","","",6.9,1,"","","","","","","","","","","","","","","","","","","","","","","","","","","","","","","","","","","","","","","","","","","","","","","","","","","","","","","","","","","","","","","","","","","","","","","","","","","","","","","","","","","","","","","","","","","","","","","","","","","","","","","","","","","","","","","","","","","",""
"06163007","TENDE_SAPC",44.043167,7.586,636,2000042010,0.,1,"","","","","","","","","","","","","","","","","","","","","","","","","","","","","","","","","","",20.4,1,1.8,1,19.3,1,"","",20.4,1,"","","","","","","","","","","","","","","","","","","","",29,1,"","","","","","","","","","","","",6.9,1,"","","","","","","","","","","","","","","","","","","","","","","","","","","","","","","","","","","","","","","","","","","","","","","","","","","","","","","","","","","","","","","","","","","","","","","","","","","","","","","","","","","","","","","","","","","","","","","","","","","","","","","","","","","","","","","","","","","",""
"06163007","TENDE_SAPC",44.043167,7.586,636,2000042011,0.,1,"","","","","","","","","","","","","","","","","","","","","","","","","","","","","","","","","","",21.7,1,1.9,1,20.5,1,"","",21.8,1,"","","","","","","","","","","","","","","","","","","","",27,1,"","","","","","","","","","","","",7.,1,"","","","","","","","","","","","","","","","","","","","","","","","","","","","","","","","","","","","","","","","","","","","","","","","","","","","","","","","","","","","","","","","","","","","","","","","","","","","","","","","","","","","","","","","","","","","","","","","","","","","","","","","","","","","","","","","","","","",""
"06163007","TENDE_SAPC",44.043167,7.586,636,2000042012,0.,1,"","","","","","","","","","","","","","","","","","","","","","","","","","","","","","","","","","",21.2,1,3.4,1,20.6,1,"","",21.7,1,"","","","","","","","","","","","","","","","","","","","",31,1,"","","","","","","","","","","","",7.8,1,"","","","","","","","","","","","","","","","","","","","","","","","","","","","","","","","","","","","","","","","","","","","","","","","","","","","","","","","","","","","","","","","","","","","","","","","","","","","","","","","","","","","","","","","","","","","","","","","","","","","","","","","","","","","","","","","","","","",""
"06163007","TENDE_SAPC",44.043167,7.586,636,2000042013,0.,1,"","","","","","","","","","","","","","","","","","","","","","","","","","","","","","","","","","",21.2,1,3.4,1,20.9,1,"","",21.6,1,"","","","","","","","","","","","","","","","","","","","",31,1,"","","","","","","","","","","","",7.8,1,"","","","","","","","","","","","","","","","","","","","","","","","","","","","","","","","","","","","","","","","","","","","","","","","","","","","","","","","","","","","","","","","","","","","","","","","","","","","","","","","","","","","","","","","","","","","","","","","","","","","","","","","","","","","","","","","","","","",""
"06163007","TENDE_SAPC",44.043167,7.586,636,2000042014,0.,1,"","","","","","","","","","","","","","","","","","","","","","","","","","","","","","","","","","",21.3,1,3.9,1,20.8,1,"","",21.3,1,"","","","","","","","","","","","","","","","","","","","",32,1,"","","","","","","","","","","","",8.1,1,"","","","","","","","","","","","","","","","","","","","","","","","","","","","","","","","","","","","","","","","","","","","","","","","","","","","","","","","","","","","","","","","","","","","","","","","","","","","","","","","","","","","","","","","","","","","","","","","","","","","","","","","","","","","","","","","","","","",""
"06163007","TENDE_SAPC",44.043167,7.586,636,2000042015,0.,1,"","","","","","","","","","","","","","","","","","","","","","","","","","","","","","","","","","",20.8,1,3.9,1,20.8,1,"","",21.2,1,"","","","","","","","","","","","","","","","","","","","",33,1,"","","","","","","","","","","","",8.1,1,"","","","","","","","","","","","","","","","","","","","","","","","","","","","","","","","","","","","","","","","","","","","","","","","","","","","","","","","","","","","","","","","","","","","","","","","","","","","","","","","","","","","","","","","","","","","","","","","","","","","","","","","","","","","","","","","","","","",""
"06163007","TENDE_SAPC",44.043167,7.586,636,2000042016,0.,1,"","","","","","","","","","","","","","","","","","","","","","","","","","","","","","","","","","",19.4,1,4.7,1,19.4,1,"","",20.8,1,"","","","","","","","","","","","","","","","","","","","",38,1,"","","","","","","","","","","","",8.5,1,"","","","","","","","","","","","","","","","","","","","","","","","","","","","","","","","","","","","","","","","","","","","","","","","","","","","","","","","","","","","","","","","","","","","","","","","","","","","","","","","","","","","","","","","","","","","","","","","","","","","","","","","","","","","","","","","","","","",""
"06163007","TENDE_SAPC",44.043167,7.586,636,2000042017,0.,1,"","","","","","","","","","","","","","","","","","","","","","","","","","","","","","","","","","",18.1,1,5.,1,18.1,1,"","",19.4,1,"","","","","","","","","","","","","","","","","","","","",42,1,"","","","","","","","","","","","",8.7,1,"","","","","","","","","","","","","","","","","","","","","","","","","","","","","","","","","","","","","","","","","","","","","","","","","","","","","","","","","","","","","","","","","","","","","","","","","","","","","","","","","","","","","","","","","","","","","","","","","","","","","","","","","","","","","","","","","","","",""
"06163007","TENDE_SAPC",44.043167,7.586,636,2000042018,0.,1,"","","","","","","","","","","","","","","","","","","","","","","","","","","","","","","","","","",15.4,1,6.1,1,15.4,1,"","",18.1,1,"","","","","","","","","","","","","","","","","","","","",54,1,"","","","","","","","","","","","",9.4,1,"","","","","","","","","","","","","","","","","","","","","","","","","","","","","","","","","","","","","","","","","","","","","","","","","","","","","","","","","","","","","","","","","","","","","","","","","","","","","","","","","","","","","","","","","","","","","","","","","","","","","","","","","","","","","","","","","","","",""
"06163007","TENDE_SAPC",44.043167,7.586,636,2000042019,0.,1,"","","","","","","","","","","","","","","","","","","","","","","","","","","","","","","","","","",12.7,1,6.1,1,12.7,1,"","",15.4,1,"","","","","","","","","","","","","","","","","","","","",64,1,"","","","","","","","","","","","",9.4,1,"","","","","","","","","","","","","","","","","","","","","","","","","","","","","","","","","","","","","","","","","","","","","","","","","","","","","","","","","","","","","","","","","","","","","","","","","","","","","","","","","","","","","","","","","","","","","","","","","","","","","","","","","","","","","","","","","","","",""
"06163007","TENDE_SAPC",44.043167,7.586,636,2000042020,0.,1,"","","","","","","","","","","","","","","","","","","","","","","","","","","","","","","","","","",11.8,1,5.9,1,11.7,1,"","",12.7,1,"","","","","","","","","","","","","","","","","","","","",67,1,"","","","","","","","","","","","",9.3,1,"","","","","","","","","","","","","","","","","","","","","","","","","","","","","","","","","","","","","","","","","","","","","","","","","","","","","","","","","","","","","","","","","","","","","","","","","","","","","","","","","","","","","","","","","","","","","","","","","","","","","","","","","","","","","","","","","","","",""
"06163007","TENDE_SAPC",44.043167,7.586,636,2000042021,0.,1,"","","","","","","","","","","","","","","","","","","","","","","","","","","","","","","","","","",10.7,1,5.,1,10.7,1,"","",11.7,1,"","","","","","","","","","","","","","","","","","","","",68,1,"","","","","","","","","","","","",8.7,1,"","","","","","","","","","","","","","","","","","","","","","","","","","","","","","","","","","","","","","","","","","","","","","","","","","","","","","","","","","","","","","","","","","","","","","","","","","","","","","","","","","","","","","","","","","","","","","","","","","","","","","","","","","","","","","","","","","","",""
"06163007","TENDE_SAPC",44.043167,7.586,636,2000042022,0.,1,"","","","","","","","","","","","","","","","","","","","","","","","","","","","","","","","","","",10.1,1,4.7,1,10.1,1,"","",10.7,1,"","","","","","","","","","","","","","","","","","","","",69,1,"","","","","","","","","","","","",8.5,1,"","","","","","","","","","","","","","","","","","","","","","","","","","","","","","","","","","","","","","","","","","","","","","","","","","","","","","","","","","","","","","","","","","","","","","","","","","","","","","","","","","","","","","","","","","","","","","","","","","","","","","","","","","","","","","","","","","","",""
"06163007","TENDE_SAPC",44.043167,7.586,636,2000042023,0.,1,"","","","","","","","","","","","","","","","","","","","","","","","","","","","","","","","","","",9.7,1,4.3,1,9.5,1,"","",10.1,1,"","","","","","","","","","","","","","","","","","","","",69,1,"","","","","","","","","","","","",8.3,1,"","","","","","","","","","","","","","","","","","","","","","","","","","","","","","","","","","","","","","","","","","","","","","","","","","","","","","","","","","","","","","","","","","","","","","","","","","","","","","","","","","","","","","","","","","","","","","","","","","","","","","","","","","","","","","","","","","","",""
"06163007","TENDE_SAPC",44.043167,7.586,636,2000042100,0.,1,"","","","","","","","","","","","","","","","","","","","","","","","","","","","","","","","","","",8.8,1,4.2,1,8.8,1,"","",9.8,1,"","","","","","","","","","","","","","","","","","","","",73,1,"","","","","","","","","","","","",8.3,1,"","","","","","","","","","","","","","","","","","","","","","","","","","","","","","","","","","","","","","","","","","","","","","","","","","","","","","","","","","","","","","","","","","","","","","","","","","","","","","","","","","","","","","","","","","","","","","","","","","","","","","","","","","","","","","","","","","","",""
"06163007","TENDE_SAPC",44.043167,7.586,636,2000042101,0.,1,"","","","","","","","","","","","","","","","","","","","","","","","","","","","","","","","","","",8.5,1,3.9,1,8.3,1,"","",8.8,1,"","","","","","","","","","","","","","","","","","","","",73,1,"","","","","","","","","","","","",8.1,1,"","","","","","","","","","","","","","","","","","","","","","","","","","","","","","","","","","","","","","","","","","","","","","","","","","","","","","","","","","","","","","","","","","","","","","","","","","","","","","","","","","","","","","","","","","","","","","","","","","","","","","","","","","","","","","","","","","","",""
"06163007","TENDE_SAPC",44.043167,7.586,636,2000042102,0.,1,"","","","","","","","","","","","","","","","","","","","","","","","","","","","","","","","","","",8.1,1,4.1,1,8.1,1,"","",8.5,1,"","","","","","","","","","","","","","","","","","","","",76,1,"","","","","","","","","","","","",8.2,1,"","","","","","","","","","","","","","","","","","","","","","","","","","","","","","","","","","","","","","","","","","","","","","","","","","","","","","","","","","","","","","","","","","","","","","","","","","","","","","","","","","","","","","","","","","","","","","","","","","","","","","","","","","","","","","","","","","","",""
"06163007","TENDE_SAPC",44.043167,7.586,636,2000042103,0.,1,"","","","","","","","","","","","","","","","","","","","","","","","","","","","","","","","","","",7.8,1,3.8,1,7.7,1,"","",8.,1,"","","","","","","","","","","","","","","","","","","","",76,1,"","","","","","","","","","","","",8.,1,"","","","","","","","","","","","","","","","","","","","","","","","","","","","","","","","","","","","","","","","","","","","","","","","","","","","","","","","","","","","","","","","","","","","","","","","","","","","","","","","","","","","","","","","","","","","","","","","","","","","","","","","","","","","","","","","","","","",""
"06163007","TENDE_SAPC",44.043167,7.586,636,2000042104,0.,1,"","","","","","","","","","","","","","","","","","","","","","","","","","","","","","","","","","",7.4,1,3.6,1,7.3,1,"","",7.9,1,"","","","","","","","","","","","","","","","","","","","",77,1,"","","","","","","","","","","","",7.9,1,"","","","","","","","","","","","","","","","","","","","","","","","","","","","","","","","","","","","","","","","","","","","","","","","","","","","","","","","","","","","","","","","","","","","","","","","","","","","","","","","","","","","","","","","","","","","","","","","","","","","","","","","","","","","","","","","","","","",""
"06163007","TENDE_SAPC",44.043167,7.586,636,2000042105,0.,1,"","","","","","","","","","","","","","","","","","","","","","","","","","","","","","","","","","",7.2,1,3.6,1,7.2,1,"","",7.5,1,"","","","","","","","","","","","","","","","","","","","",78,1,"","","","","","","","","","","","",7.9,1,"","","","","","","","","","","","","","","","","","","","","","","","","","","","","","","","","","","","","","","","","","","","","","","","","","","","","","","","","","","","","","","","","","","","","","","","","","","","","","","","","","","","","","","","","","","","","","","","","","","","","","","","","","","","","","","","","","","",""
"06163007","TENDE_SAPC",44.043167,7.586,636,2000042106,0.,1,"","","","","","","","","","","","","","","","","","","","","","","","","","","","","","","","","","",8.,1,3.8,1,7.2,1,"","",8.,1,"","","","","","","","","","","","","","","","","","","","",75,1,"","","","","","","","","","","","",8.,1,"","","","","","","","","","","","","","","","","","","","","","","","","","","","","","","","","","","","","","","","","","","","","","","","","","","","","","","","","","","","","","","","","","","","","","","","","","","","","","","","","","","","","","","","","","","","","","","","","","","","","","","","","","","","","","","","","","","",""
"06163007","TENDE_SAPC",44.043167,7.586,636,2000042107,0.,1,"","","","","","","","","","","","","","","","","","","","","","","","","","","","","","","","","","",8.3,1,4.9,1,8.,1,"","",8.3,1,"","","","","","","","","","","","","","","","","","","","",79,1,"","","","","","","","","","","","",8.6,1,"","","","","","","","","","","","","","","","","","","","","","","","","","","","","","","","","","","","","","","","","","","","","","","","","","","","","","","","","","","","","","","","","","","","","","","","","","","","","","","","","","","","","","","","","","","","","","","","","","","","","","","","","","","","","","","","","","","",""
"06163007","TENDE_SAPC",44.043167,7.586,636,2000042108,0.,1,"","","","","","","","","","","","","","","","","","","","","","","","","","","","","","","","","","",13.4,1,5.3,1,8.3,1,"","",13.4,1,"","","","","","","","","","","","","","","","","","","","",58,1,"","","","","","","","","","","","",8.9,1,"","","","","","","","","","","","","","","","","","","","","","","","","","","","","","","","","","","","","","","","","","","","","","","","","","","","","","","","","","","","","","","","","","","","","","","","","","","","","","","","","","","","","","","","","","","","","","","","","","","","","","","","","","","","","","","","","","","",""
"06163007","TENDE_SAPC",44.043167,7.586,636,2000042109,0.,1,"","","","","","","","","","","","","","","","","","","","","","","","","","","","","","","","","","",18.9,1,4.3,1,13.5,1,"","",18.9,1,"","","","","","","","","","","","","","","","","","","","",38,1,"","","","","","","","","","","","",8.3,1,"","","","","","","","","","","","","","","","","","","","","","","","","","","","","","","","","","","","","","","","","","","","","","","","","","","","","","","","","","","","","","","","","","","","","","","","","","","","","","","","","","","","","","","","","","","","","","","","","","","","","","","","","","","","","","","","","","","",""
"06163007","TENDE_SAPC",44.043167,7.586,636,2000042110,0.,1,"","","","","","","","","","","","","","","","","","","","","","","","","","","","","","","","","","",20.9,1,4.4,1,19.,1,"","",20.9,1,"","","","","","","","","","","","","","","","","","","","",34,1,"","","","","","","","","","","","",8.4,1,"","","","","","","","","","","","","","","","","","","","","","","","","","","","","","","","","","","","","","","","","","","","","","","","","","","","","","","","","","","","","","","","","","","","","","","","","","","","","","","","","","","","","","","","","","","","","","","","","","","","","","","","","","","","","","","","","","","",""
"06163007","TENDE_SAPC",44.043167,7.586,636,2000042111,0.,1,"","","","","","","","","","","","","","","","","","","","","","","","","","","","","","","","","","",21.8,1,5.2,1,20.9,1,"","",21.8,1,"","","","","","","","","","","","","","","","","","","","",34,1,"","","","","","","","","","","","",8.9,1,"","","","","","","","","","","","","","","","","","","","","","","","","","","","","","","","","","","","","","","","","","","","","","","","","","","","","","","","","","","","","","","","","","","","","","","","","","","","","","","","","","","","","","","","","","","","","","","","","","","","","","","","","","","","","","","","","","","",""
"06163007","TENDE_SAPC",44.043167,7.586,636,2000042112,0.,1,"","","","","","","","","","","","","","","","","","","","","","","","","","","","","","","","","","",21.8,1,5.2,1,21.6,1,"","",21.9,1,"","","","","","","","","","","","","","","","","","","","",34,1,"","","","","","","","","","","","",8.9,1,"","","","","","","","","","","","","","","","","","","","","","","","","","","","","","","","","","","","","","","","","","","","","","","","","","","","","","","","","","","","","","","","","","","","","","","","","","","","","","","","","","","","","","","","","","","","","","","","","","","","","","","","","","","","","","","","","","","",""
"06163007","TENDE_SAPC",44.043167,7.586,636,2000042113,0.,1,"","","","","","","","","","","","","","","","","","","","","","","","","","","","","","","","","","",21.8,1,5.6,1,21.6,1,"","",22.,1,"","","","","","","","","","","","","","","","","","","","",35,1,"","","","","","","","","","","","",9.1,1,"","","","","","","","","","","","","","","","","","","","","","","","","","","","","","","","","","","","","","","","","","","","","","","","","","","","","","","","","","","","","","","","","","","","","","","","","","","","","","","","","","","","","","","","","","","","","","","","","","","","","","","","","","","","","","","","","","","",""
"06163007","TENDE_SAPC",44.043167,7.586,636,2000042114,0.,1,"","","","","","","","","","","","","","","","","","","","","","","","","","","","","","","","","","",21.4,1,6.1,1,21.4,1,"","",21.9,1,"","","","","","","","","","","","","","","","","","","","",37,1,"","","","","","","","","","","","",9.4,1,"","","","","","","","","","","","","","","","","","","","","","","","","","","","","","","","","","","","","","","","","","","","","","","","","","","","","","","","","","","","","","","","","","","","","","","","","","","","","","","","","","","","","","","","","","","","","","","","","","","","","","","","","","","","","","","","","","","",""
"06163007","TENDE_SAPC",44.043167,7.586,636,2000042115,0.,1,"","","","","","","","","","","","","","","","","","","","","","","","","","","","","","","","","","",21.2,1,5.1,1,20.8,1,"","",21.6,1,"","","","","","","","","","","","","","","","","","","","",35,1,"","","","","","","","","","","","",8.8,1,"","","","","","","","","","","","","","","","","","","","","","","","","","","","","","","","","","","","","","","","","","","","","","","","","","","","","","","","","","","","","","","","","","","","","","","","","","","","","","","","","","","","","","","","","","","","","","","","","","","","","","","","","","","","","","","","","","","",""
"06163007","TENDE_SAPC",44.043167,7.586,636,2000042116,0.,1,"","","","","","","","","","","","","","","","","","","","","","","","","","","","","","","","","","",20.2,1,5.4,1,20.2,1,"","",21.2,1,"","","","","","","","","","","","","","","","","","","","",38,1,"","","","","","","","","","","","",9.,1,"","","","","","","","","","","","","","","","","","","","","","","","","","","","","","","","","","","","","","","","","","","","","","","","","","","","","","","","","","","","","","","","","","","","","","","","","","","","","","","","","","","","","","","","","","","","","","","","","","","","","","","","","","","","","","","","","","","",""
"06163007","TENDE_SAPC",44.043167,7.586,636,2000042117,0.,1,"","","","","","","","","","","","","","","","","","","","","","","","","","","","","","","","","","",18.8,1,5.6,1,18.8,1,"","",20.2,1,"","","","","","","","","","","","","","","","","","","","",42,1,"","","","","","","","","","","","",9.1,1,"","","","","","","","","","","","","","","","","","","","","","","","","","","","","","","","","","","","","","","","","","","","","","","","","","","","","","","","","","","","","","","","","","","","","","","","","","","","","","","","","","","","","","","","","","","","","","","","","","","","","","","","","","","","","","","","","","","",""
"06163007","TENDE_SAPC",44.043167,7.586,636,2000042118,0.,1,"","","","","","","","","","","","","","","","","","","","","","","","","","","","","","","","","","",17.1,1,6.6,1,17.1,1,"","",18.8,1,"","","","","","","","","","","","","","","","","","","","",50,1,"","","","","","","","","","","","",9.7,1,"","","","","","","","","","","","","","","","","","","","","","","","","","","","","","","","","","","","","","","","","","","","","","","","","","","","","","","","","","","","","","","","","","","","","","","","","","","","","","","","","","","","","","","","","","","","","","","","","","","","","","","","","","","","","","","","","","","",""
"06163007","TENDE_SAPC",44.043167,7.586,636,2000042119,0.,1,"","","","","","","","","","","","","","","","","","","","","","","","","","","","","","","","","","",14.1,1,7.2,1,14.1,1,"","",17.1,1,"","","","","","","","","","","","","","","","","","","","",63,1,"","","","","","","","","","","","",10.1,1,"","","","","","","","","","","","","","","","","","","","","","","","","","","","","","","","","","","","","","","","","","","","","","","","","","","","","","","","","","","","","","","","","","","","","","","","","","","","","","","","","","","","","","","","","","","","","","","","","","","","","","","","","","","","","","","","","","","",""
"06163007","TENDE_SAPC",44.043167,7.586,636,2000042120,0.,1,"","","","","","","","","","","","","","","","","","","","","","","","","","","","","","","","","","",12.3,1,6.8,1,12.3,1,"","",14.1,1,"","","","","","","","","","","","","","","","","","","","",69,1,"","","","","","","","","","","","",9.9,1,"","","","","","","","","","","","","","","","","","","","","","","","","","","","","","","","","","","","","","","","","","","","","","","","","","","","","","","","","","","","","","","","","","","","","","","","","","","","","","","","","","","","","","","","","","","","","","","","","","","","","","","","","","","","","","","","","","","",""
"06163007","TENDE_SAPC",44.043167,7.586,636,2000042121,0.,1,"","","","","","","","","","","","","","","","","","","","","","","","","","","","","","","","","","",11.5,1,5.8,1,11.5,1,"","",12.3,1,"","","","","","","","","","","","","","","","","","","","",68,1,"","","","","","","","","","","","",9.2,1,"","","","","","","","","","","","","","","","","","","","","","","","","","","","","","","","","","","","","","","","","","","","","","","","","","","","","","","","","","","","","","","","","","","","","","","","","","","","","","","","","","","","","","","","","","","","","","","","","","","","","","","","","","","","","","","","","","","",""
"06163007","TENDE_SAPC",44.043167,7.586,636,2000042122,0.,1,"","","","","","","","","","","","","","","","","","","","","","","","","","","","","","","","","","",10.9,1,5.2,1,10.8,1,"","",11.5,1,"","","","","","","","","","","","","","","","","","","","",68,1,"","","","","","","","","","","","",8.9,1,"","","","","","","","","","","","","","","","","","","","","","","","","","","","","","","","","","","","","","","","","","","","","","","","","","","","","","","","","","","","","","","","","","","","","","","","","","","","","","","","","","","","","","","","","","","","","","","","","","","","","","","","","","","","","","","","","","","",""
"06163007","TENDE_SAPC",44.043167,7.586,636,2000042123,0.,1,"","","","","","","","","","","","","","","","","","","","","","","","","","","","","","","","","","",10.1,1,5.1,1,9.9,1,"","",10.9,1,"","","","","","","","","","","","","","","","","","","","",71,1,"","","","","","","","","","","","",8.8,1,"","","","","","","","","","","","","","","","","","","","","","","","","","","","","","","","","","","","","","","","","","","","","","","","","","","","","","","","","","","","","","","","","","","","","","","","","","","","","","","","","","","","","","","","","","","","","","","","","","","","","","","","","","","","","","","","","","","",""
"06163007","TENDE_SAPC",44.043167,7.586,636,2000042200,0.,1,"","","","","","","","","","","","","","","","","","","","","","","","","","","","","","","","","","",9.7,1,4.3,1,9.4,1,"","",10.,1,"","","","","","","","","","","","","","","","","","","","",69,1,"","","","","","","","","","","","",8.3,1,"","","","","","","","","","","","","","","","","","","","","","","","","","","","","","","","","","","","","","","","","","","","","","","","","","","","","","","","","","","","","","","","","","","","","","","","","","","","","","","","","","","","","","","","","","","","","","","","","","","","","","","","","","","","","","","","","","","",""
"06163007","TENDE_SAPC",44.043167,7.586,636,2000042201,0.,1,"","","","","","","","","","","","","","","","","","","","","","","","","","","","","","","","","","",8.8,1,4.,1,8.8,1,"","",9.7,1,"","","","","","","","","","","","","","","","","","","","",72,1,"","","","","","","","","","","","",8.1,1,"","","","","","","","","","","","","","","","","","","","","","","","","","","","","","","","","","","","","","","","","","","","","","","","","","","","","","","","","","","","","","","","","","","","","","","","","","","","","","","","","","","","","","","","","","","","","","","","","","","","","","","","","","","","","","","","","","","",""
"06163007","TENDE_SAPC",44.043167,7.586,636,2000042202,0.,1,"","","","","","","","","","","","","","","","","","","","","","","","","","","","","","","","","","",8.,1,3.8,1,8.,1,"","",9.1,1,"","","","","","","","","","","","","","","","","","","","",75,1,"","","","","","","","","","","","",8.,1,"","","","","","","","","","","","","","","","","","","","","","","","","","","","","","","","","","","","","","","","","","","","","","","","","","","","","","","","","","","","","","","","","","","","","","","","","","","","","","","","","","","","","","","","","","","","","","","","","","","","","","","","","","","","","","","","","","","",""
"06163007","TENDE_SAPC",44.043167,7.586,636,2000042203,0.,1,"","","","","","","","","","","","","","","","","","","","","","","","","","","","","","","","","","",7.5,1,3.2,1,7.5,1,"","",8.,1,"","","","","","","","","","","","","","","","","","","","",74,1,"","","","","","","","","","","","",7.7,1,"","","","","","","","","","","","","","","","","","","","","","","","","","","","","","","","","","","","","","","","","","","","","","","","","","","","","","","","","","","","","","","","","","","","","","","","","","","","","","","","","","","","","","","","","","","","","","","","","","","","","","","","","","","","","","","","","","","",""
"06163007","TENDE_SAPC",44.043167,7.586,636,2000042204,0.,1,"","","","","","","","","","","","","","","","","","","","","","","","","","","","","","","","","","",7.3,1,2.4,1,7.1,1,"","",7.5,1,"","","","","","","","","","","","","","","","","","","","",71,1,"","","","","","","","","","","","",7.3,1,"","","","","","","","","","","","","","","","","","","","","","","","","","","","","","","","","","","","","","","","","","","","","","","","","","","","","","","","","","","","","","","","","","","","","","","","","","","","","","","","","","","","","","","","","","","","","","","","","","","","","","","","","","","","","","","","","","","",""
"06163007","TENDE_SAPC",44.043167,7.586,636,2000042205,0.,1,"","","","","","","","","","","","","","","","","","","","","","","","","","","","","","","","","","",6.9,1,2.4,1,6.9,1,"","",7.3,1,"","","","","","","","","","","","","","","","","","","","",73,1,"","","","","","","","","","","","",7.3,1,"","","","","","","","","","","","","","","","","","","","","","","","","","","","","","","","","","","","","","","","","","","","","","","","","","","","","","","","","","","","","","","","","","","","","","","","","","","","","","","","","","","","","","","","","","","","","","","","","","","","","","","","","","","","","","","","","","","",""
"06163007","TENDE_SAPC",44.043167,7.586,636,2000042206,0.,1,"","","","","","","","","","","","","","","","","","","","","","","","","","","","","","","","","","",7.2,1,2.5,1,6.9,1,"","",7.3,1,"","","","","","","","","","","","","","","","","","","","",72,1,"","","","","","","","","","","","",7.3,1,"","","","","","","","","","","","","","","","","","","","","","","","","","","","","","","","","","","","","","","","","","","","","","","","","","","","","","","","","","","","","","","","","","","","","","","","","","","","","","","","","","","","","","","","","","","","","","","","","","","","","","","","","","","","","","","","","","","",""
"06163007","TENDE_SAPC",44.043167,7.586,636,2000042207,0.,1,"","","","","","","","","","","","","","","","","","","","","","","","","","","","","","","","","","",7.6,1,3.8,1,7.2,1,"","",7.6,1,"","","","","","","","","","","","","","","","","","","","",77,1,"","","","","","","","","","","","",8.,1,"","","","","","","","","","","","","","","","","","","","","","","","","","","","","","","","","","","","","","","","","","","","","","","","","","","","","","","","","","","","","","","","","","","","","","","","","","","","","","","","","","","","","","","","","","","","","","","","","","","","","","","","","","","","","","","","","","","",""
"06163007","TENDE_SAPC",44.043167,7.586,636,2000042208,0.,1,"","","","","","","","","","","","","","","","","","","","","","","","","","","","","","","","","","",14.,1,4.,1,7.6,1,"","",14.,1,"","","","","","","","","","","","","","","","","","","","",51,1,"","","","","","","","","","","","",8.1,1,"","","","","","","","","","","","","","","","","","","","","","","","","","","","","","","","","","","","","","","","","","","","","","","","","","","","","","","","","","","","","","","","","","","","","","","","","","","","","","","","","","","","","","","","","","","","","","","","","","","","","","","","","","","","","","","","","","","",""
"06163007","TENDE_SAPC",44.043167,7.586,636,2000042209,0.,1,"","","","","","","","","","","","","","","","","","","","","","","","","","","","","","","","","","",18.3,1,3.,1,14.1,1,"","",18.3,1,"","","","","","","","","","","","","","","","","","","","",36,1,"","","","","","","","","","","","",7.6,1,"","","","","","","","","","","","","","","","","","","","","","","","","","","","","","","","","","","","","","","","","","","","","","","","","","","","","","","","","","","","","","","","","","","","","","","","","","","","","","","","","","","","","","","","","","","","","","","","","","","","","","","","","","","","","","","","","","","",""
"06163007","TENDE_SAPC",44.043167,7.586,636,2000042210,0.,1,"","","","","","","","","","","","","","","","","","","","","","","","","","","","","","","","","","",19.8,1,2.6,1,18.3,1,"","",19.8,1,"","","","","","","","","","","","","","","","","","","","",32,1,"","","","","","","","","","","","",7.4,1,"","","","","","","","","","","","","","","","","","","","","","","","","","","","","","","","","","","","","","","","","","","","","","","","","","","","","","","","","","","","","","","","","","","","","","","","","","","","","","","","","","","","","","","","","","","","","","","","","","","","","","","","","","","","","","","","","","","",""
"06163007","TENDE_SAPC",44.043167,7.586,636,2000042211,0.,1,"","","","","","","","","","","","","","","","","","","","","","","","","","","","","","","","","","",20.5,1,4.5,1,19.8,1,"","",20.7,1,"","","","","","","","","","","","","","","","","","","","",35,1,"","","","","","","","","","","","",8.4,1,"","","","","","","","","","","","","","","","","","","","","","","","","","","","","","","","","","","","","","","","","","","","","","","","","","","","","","","","","","","","","","","","","","","","","","","","","","","","","","","","","","","","","","","","","","","","","","","","","","","","","","","","","","","","","","","","","","","",""
"06163007","TENDE_SAPC",44.043167,7.586,636,2000042212,0.,1,"","","","","","","","","","","","","","","","","","","","","","","","","","","","","","","","","","",20.6,1,6.2,1,20.5,1,"","",20.9,1,"","","","","","","","","","","","","","","","","","","","",39,1,"","","","","","","","","","","","",9.4,1,"","","","","","","","","","","","","","","","","","","","","","","","","","","","","","","","","","","","","","","","","","","","","","","","","","","","","","","","","","","","","","","","","","","","","","","","","","","","","","","","","","","","","","","","","","","","","","","","","","","","","","","","","","","","","","","","","","","",""
"06163007","TENDE_SAPC",44.043167,7.586,636,2000042213,0.,1,"","","","","","","","","","","","","","","","","","","","","","","","","","","","","","","","","","",20.6,1,7.2,1,20.4,1,"","",20.7,1,"","","","","","","","","","","","","","","","","","","","",42,1,"","","","","","","","","","","","",10.2,1,"","","","","","","","","","","","","","","","","","","","","","","","","","","","","","","","","","","","","","","","","","","","","","","","","","","","","","","","","","","","","","","","","","","","","","","","","","","","","","","","","","","","","","","","","","","","","","","","","","","","","","","","","","","","","","","","","","","",""
"06163007","TENDE_SAPC",44.043167,7.586,636,2000042214,0.,1,"","","","","","","","","","","","","","","","","","","","","","","","","","","","","","","","","","",20.4,1,7.,1,20.4,1,"","",20.7,1,"","","","","","","","","","","","","","","","","","","","",42,1,"","","","","","","","","","","","",10.,1,"","","","","","","","","","","","","","","","","","","","","","","","","","","","","","","","","","","","","","","","","","","","","","","","","","","","","","","","","","","","","","","","","","","","","","","","","","","","","","","","","","","","","","","","","","","","","","","","","","","","","","","","","","","","","","","","","","","",""
"06163007","TENDE_SAPC",44.043167,7.586,636,2000042215,0.,1,"","","","","","","","","","","","","","","","","","","","","","","","","","","","","","","","","","",19.9,1,6.6,1,19.9,1,"","",20.3,1,"","","","","","","","","","","","","","","","","","","","",42,1,"","","","","","","","","","","","",9.7,1,"","","","","","","","","","","","","","","","","","","","","","","","","","","","","","","","","","","","","","","","","","","","","","","","","","","","","","","","","","","","","","","","","","","","","","","","","","","","","","","","","","","","","","","","","","","","","","","","","","","","","","","","","","","","","","","","","","","",""
"06163007","TENDE_SAPC",44.043167,7.586,636,2000042216,0.,1,"","","","","","","","","","","","","","","","","","","","","","","","","","","","","","","","","","",18.7,1,7.2,1,18.7,1,"","",19.9,1,"","","","","","","","","","","","","","","","","","","","",47,1,"","","","","","","","","","","","",10.1,1,"","","","","","","","","","","","","","","","","","","","","","","","","","","","","","","","","","","","","","","","","","","","","","","","","","","","","","","","","","","","","","","","","","","","","","","","","","","","","","","","","","","","","","","","","","","","","","","","","","","","","","","","","","","","","","","","","","","",""
"06163007","TENDE_SAPC",44.043167,7.586,636,2000042217,0.,1,"","","","","","","","","","","","","","","","","","","","","","","","","","","","","","","","","","",17.9,1,6.7,1,17.9,1,"","",18.7,1,"","","","","","","","","","","","","","","","","","","","",48,1,"","","","","","","","","","","","",9.8,1,"","","","","","","","","","","","","","","","","","","","","","","","","","","","","","","","","","","","","","","","","","","","","","","","","","","","","","","","","","","","","","","","","","","","","","","","","","","","","","","","","","","","","","","","","","","","","","","","","","","","","","","","","","","","","","","","","","","",""
"06163007","TENDE_SAPC",44.043167,7.586,636,2000042218,0.,1,"","","","","","","","","","","","","","","","","","","","","","","","","","","","","","","","","","",16.9,1,7.,1,16.8,1,"","",17.9,1,"","","","","","","","","","","","","","","","","","","","",52,1,"","","","","","","","","","","","",10.,1,"","","","","","","","","","","","","","","","","","","","","","","","","","","","","","","","","","","","","","","","","","","","","","","","","","","","","","","","","","","","","","","","","","","","","","","","","","","","","","","","","","","","","","","","","","","","","","","","","","","","","","","","","","","","","","","","","","","",""
"06163007","TENDE_SAPC",44.043167,7.586,636,2000042219,0.,1,"","","","","","","","","","","","","","","","","","","","","","","","","","","","","","","","","","",13.3,1,7.3,1,13.3,1,"","",16.8,1,"","","","","","","","","","","","","","","","","","","","",67,1,"","","","","","","","","","","","",10.2,1,"","","","","","","","","","","","","","","","","","","","","","","","","","","","","","","","","","","","","","","","","","","","","","","","","","","","","","","","","","","","","","","","","","","","","","","","","","","","","","","","","","","","","","","","","","","","","","","","","","","","","","","","","","","","","","","","","","","",""
"06163007","TENDE_SAPC",44.043167,7.586,636,2000042220,0.,1,"","","","","","","","","","","","","","","","","","","","","","","","","","","","","","","","","","",11.7,1,7.2,1,11.7,1,"","",13.3,1,"","","","","","","","","","","","","","","","","","","","",74,1,"","","","","","","","","","","","",10.2,1,"","","","","","","","","","","","","","","","","","","","","","","","","","","","","","","","","","","","","","","","","","","","","","","","","","","","","","","","","","","","","","","","","","","","","","","","","","","","","","","","","","","","","","","","","","","","","","","","","","","","","","","","","","","","","","","","","","","",""
"06163007","TENDE_SAPC",44.043167,7.586,636,2000042221,0.,1,"","","","","","","","","","","","","","","","","","","","","","","","","","","","","","","","","","",11.6,1,5.9,1,11.4,1,"","",12.,1,"","","","","","","","","","","","","","","","","","","","",68,1,"","","","","","","","","","","","",9.3,1,"","","","","","","","","","","","","","","","","","","","","","","","","","","","","","","","","","","","","","","","","","","","","","","","","","","","","","","","","","","","","","","","","","","","","","","","","","","","","","","","","","","","","","","","","","","","","","","","","","","","","","","","","","","","","","","","","","","",""
"06163007","TENDE_SAPC",44.043167,7.586,636,2000042222,0.,1,"","","","","","","","","","","","","","","","","","","","","","","","","","","","","","","","","","",10.5,1,5.5,1,10.5,1,"","",11.7,1,"","","","","","","","","","","","","","","","","","","","",71,1,"","","","","","","","","","","","",9.,1,"","","","","","","","","","","","","","","","","","","","","","","","","","","","","","","","","","","","","","","","","","","","","","","","","","","","","","","","","","","","","","","","","","","","","","","","","","","","","","","","","","","","","","","","","","","","","","","","","","","","","","","","","","","","","","","","","","","",""
"06163007","TENDE_SAPC",44.043167,7.586,636,2000042223,0.,1,"","","","","","","","","","","","","","","","","","","","","","","","","","","","","","","","","","",9.8,1,5.2,1,9.8,1,"","",10.5,1,"","","","","","","","","","","","","","","","","","","","",73,1,"","","","","","","","","","","","",8.8,1,"","","","","","","","","","","","","","","","","","","","","","","","","","","","","","","","","","","","","","","","","","","","","","","","","","","","","","","","","","","","","","","","","","","","","","","","","","","","","","","","","","","","","","","","","","","","","","","","","","","","","","","","","","","","","","","","","","","",""
"06163007","TENDE_SAPC",44.043167,7.586,636,2000042300,0.,1,"","","","","","","","","","","","","","","","","","","","","","","","","","","","","","","","","","",9.6,1,4.4,1,9.3,1,"","",9.9,1,"","","","","","","","","","","","","","","","","","","","",70,1,"","","","","","","","","","","","",8.4,1,"","","","","","","","","","","","","","","","","","","","","","","","","","","","","","","","","","","","","","","","","","","","","","","","","","","","","","","","","","","","","","","","","","","","","","","","","","","","","","","","","","","","","","","","","","","","","","","","","","","","","","","","","","","","","","","","","","","",""
"06163007","TENDE_SAPC",44.043167,7.586,636,2000042301,0.,1,"","","","","","","","","","","","","","","","","","","","","","","","","","","","","","","","","","",8.6,1,4.,1,8.6,1,"","",9.5,1,"","","","","","","","","","","","","","","","","","","","",73,1,"","","","","","","","","","","","",8.1,1,"","","","","","","","","","","","","","","","","","","","","","","","","","","","","","","","","","","","","","","","","","","","","","","","","","","","","","","","","","","","","","","","","","","","","","","","","","","","","","","","","","","","","","","","","","","","","","","","","","","","","","","","","","","","","","","","","","","",""
"06163007","TENDE_SAPC",44.043167,7.586,636,2000042302,0.,1,"","","","","","","","","","","","","","","","","","","","","","","","","","","","","","","","","","",8.1,1,3.5,1,8.1,1,"","",8.6,1,"","","","","","","","","","","","","","","","","","","","",73,1,"","","","","","","","","","","","",7.9,1,"","","","","","","","","","","","","","","","","","","","","","","","","","","","","","","","","","","","","","","","","","","","","","","","","","","","","","","","","","","","","","","","","","","","","","","","","","","","","","","","","","","","","","","","","","","","","","","","","","","","","","","","","","","","","","","","","","","",""
"06163007","TENDE_SAPC",44.043167,7.586,636,2000042303,0.,1,"","","","","","","","","","","","","","","","","","","","","","","","","","","","","","","","","","",7.8,1,3.1,1,7.8,1,"","",8.1,1,"","","","","","","","","","","","","","","","","","","","",72,1,"","","","","","","","","","","","",7.6,1,"","","","","","","","","","","","","","","","","","","","","","","","","","","","","","","","","","","","","","","","","","","","","","","","","","","","","","","","","","","","","","","","","","","","","","","","","","","","","","","","","","","","","","","","","","","","","","","","","","","","","","","","","","","","","","","","","","","",""
"06163007","TENDE_SAPC",44.043167,7.586,636,2000042304,0.,1,"","","","","","","","","","","","","","","","","","","","","","","","","","","","","","","","","","",7.3,1,3.2,1,7.3,1,"","",7.8,1,"","","","","","","","","","","","","","","","","","","","",75,1,"","","","","","","","","","","","",7.7,1,"","","","","","","","","","","","","","","","","","","","","","","","","","","","","","","","","","","","","","","","","","","","","","","","","","","","","","","","","","","","","","","","","","","","","","","","","","","","","","","","","","","","","","","","","","","","","","","","","","","","","","","","","","","","","","","","","","","",""
"06163007","TENDE_SAPC",44.043167,7.586,636,2000042305,0.,1,"","","","","","","","","","","","","","","","","","","","","","","","","","","","","","","","","","",7.4,1,3.1,1,7.2,1,"","",7.4,1,"","","","","","","","","","","","","","","","","","","","",74,1,"","","","","","","","","","","","",7.6,1,"","","","","","","","","","","","","","","","","","","","","","","","","","","","","","","","","","","","","","","","","","","","","","","","","","","","","","","","","","","","","","","","","","","","","","","","","","","","","","","","","","","","","","","","","","","","","","","","","","","","","","","","","","","","","","","","","","","",""
"06163007","TENDE_SAPC",44.043167,7.586,636,2000042306,0.,1,"","","","","","","","","","","","","","","","","","","","","","","","","","","","","","","","","","",9.1,1,3.3,1,7.4,1,"","",9.1,1,"","","","","","","","","","","","","","","","","","","","",67,1,"","","","","","","","","","","","",7.7,1,"","","","","","","","","","","","","","","","","","","","","","","","","","","","","","","","","","","","","","","","","","","","","","","","","","","","","","","","","","","","","","","","","","","","","","","","","","","","","","","","","","","","","","","","","","","","","","","","","","","","","","","","","","","","","","","","","","","",""
"06163007","TENDE_SAPC",44.043167,7.586,636,2000042307,0.,1,"","","","","","","","","","","","","","","","","","","","","","","","","","","","","","","","","","",11.4,1,3.9,1,9.2,1,"","",11.4,1,"","","","","","","","","","","","","","","","","","","","",60,1,"","","","","","","","","","","","",8.1,1,"","","","","","","","","","","","","","","","","","","","","","","","","","","","","","","","","","","","","","","","","","","","","","","","","","","","","","","","","","","","","","","","","","","","","","","","","","","","","","","","","","","","","","","","","","","","","","","","","","","","","","","","","","","","","","","","","","","",""
"06163007","TENDE_SAPC",44.043167,7.586,636,2000042308,0.,1,"","","","","","","","","","","","","","","","","","","","","","","","","","","","","","","","","","",15.4,1,4.1,1,11.5,1,"","",15.5,1,"","","","","","","","","","","","","","","","","","","","",47,1,"","","","","","","","","","","","",8.2,1,"","","","","","","","","","","","","","","","","","","","","","","","","","","","","","","","","","","","","","","","","","","","","","","","","","","","","","","","","","","","","","","","","","","","","","","","","","","","","","","","","","","","","","","","","","","","","","","","","","","","","","","","","","","","","","","","","","","",""
"06163007","TENDE_SAPC",44.043167,7.586,636,2000042309,0.,1,"","","","","","","","","","","","","","","","","","","","","","","","","","","","","","","","","","",17.8,1,3.3,1,15.,1,"","",17.8,1,"","","","","","","","","","","","","","","","","","","","",38,1,"","","","","","","","","","","","",7.7,1,"","","","","","","","","","","","","","","","","","","","","","","","","","","","","","","","","","","","","","","","","","","","","","","","","","","","","","","","","","","","","","","","","","","","","","","","","","","","","","","","","","","","","","","","","","","","","","","","","","","","","","","","","","","","","","","","","","","",""
"06163007","TENDE_SAPC",44.043167,7.586,636,2000042310,0.,1,"","","","","","","","","","","","","","","","","","","","","","","","","","","","","","","","","","",17.7,1,3.6,1,17.7,1,"","",18.5,1,"","","","","","","","","","","","","","","","","","","","",39,1,"","","","","","","","","","","","",7.9,1,"","","","","","","","","","","","","","","","","","","","","","","","","","","","","","","","","","","","","","","","","","","","","","","","","","","","","","","","","","","","","","","","","","","","","","","","","","","","","","","","","","","","","","","","","","","","","","","","","","","","","","","","","","","","","","","","","","","",""
"06163007","TENDE_SAPC",44.043167,7.586,636,2000042311,0.,1,"","","","","","","","","","","","","","","","","","","","","","","","","","","","","","","","","","",17.6,1,5.8,1,17.6,1,"","",18.4,1,"","","","","","","","","","","","","","","","","","","","",46,1,"","","","","","","","","","","","",9.2,1,"","","","","","","","","","","","","","","","","","","","","","","","","","","","","","","","","","","","","","","","","","","","","","","","","","","","","","","","","","","","","","","","","","","","","","","","","","","","","","","","","","","","","","","","","","","","","","","","","","","","","","","","","","","","","","","","","","","",""
"06163007","TENDE_SAPC",44.043167,7.586,636,2000042312,0.,1,"","","","","","","","","","","","","","","","","","","","","","","","","","","","","","","","","","",16.7,1,4.7,1,16.7,1,"","",17.9,1,"","","","","","","","","","","","","","","","","","","","",45,1,"","","","","","","","","","","","",8.5,1,"","","","","","","","","","","","","","","","","","","","","","","","","","","","","","","","","","","","","","","","","","","","","","","","","","","","","","","","","","","","","","","","","","","","","","","","","","","","","","","","","","","","","","","","","","","","","","","","","","","","","","","","","","","","","","","","","","","",""
"06163007","TENDE_SAPC",44.043167,7.586,636,2000042313,0.,1,"","","","","","","","","","","","","","","","","","","","","","","","","","","","","","","","","","",16.7,1,5.,1,16.5,1,"","",16.8,1,"","","","","","","","","","","","","","","","","","","","",46,1,"","","","","","","","","","","","",8.7,1,"","","","","","","","","","","","","","","","","","","","","","","","","","","","","","","","","","","","","","","","","","","","","","","","","","","","","","","","","","","","","","","","","","","","","","","","","","","","","","","","","","","","","","","","","","","","","","","","","","","","","","","","","","","","","","","","","","","",""
"06163007","TENDE_SAPC",44.043167,7.586,636,2000042314,0.,1,"","","","","","","","","","","","","","","","","","","","","","","","","","","","","","","","","","",16.2,1,6.3,1,16.2,1,"","",17.,1,"","","","","","","","","","","","","","","","","","","","",52,1,"","","","","","","","","","","","",9.6,1,"","","","","","","","","","","","","","","","","","","","","","","","","","","","","","","","","","","","","","","","","","","","","","","","","","","","","","","","","","","","","","","","","","","","","","","","","","","","","","","","","","","","","","","","","","","","","","","","","","","","","","","","","","","","","","","","","","","",""
"06163007","TENDE_SAPC",44.043167,7.586,636,2000042315,0.,1,"","","","","","","","","","","","","","","","","","","","","","","","","","","","","","","","","","",15.6,1,7.6,1,15.6,1,"","",16.2,1,"","","","","","","","","","","","","","","","","","","","",59,1,"","","","","","","","","","","","",10.4,1,"","","","","","","","","","","","","","","","","","","","","","","","","","","","","","","","","","","","","","","","","","","","","","","","","","","","","","","","","","","","","","","","","","","","","","","","","","","","","","","","","","","","","","","","","","","","","","","","","","","","","","","","","","","","","","","","","","","",""
"06163007","TENDE_SAPC",44.043167,7.586,636,2000042316,0.,1,"","","","","","","","","","","","","","","","","","","","","","","","","","","","","","","","","","",14.4,1,7.9,1,14.4,1,"","",15.7,1,"","","","","","","","","","","","","","","","","","","","",65,1,"","","","","","","","","","","","",10.6,1,"","","","","","","","","","","","","","","","","","","","","","","","","","","","","","","","","","","","","","","","","","","","","","","","","","","","","","","","","","","","","","","","","","","","","","","","","","","","","","","","","","","","","","","","","","","","","","","","","","","","","","","","","","","","","","","","","","","",""
"06163007","TENDE_SAPC",44.043167,7.586,636,2000042317,0.4,1,"","","","","","","","","","","","","","","","","","","","","","","","","","","","","","","","","","",11.6,1,8.4,1,11.6,1,"","",14.4,1,"","","","","","","","","","","","","","","","","","","","",81,1,"","","","","","","","","","","","",11.,1,"","","","","","","","","","","","","","","","","","","","","","","","","","","","","","","","","","","","","","","","","","","","","","","","","","","","","","","","","","","","","","","","","","","","","","","","","","","","","","","","","","","","","","","","","","","","","","","","","","","","","","","","","","","","","","","","","","","",""
"06163007","TENDE_SAPC",44.043167,7.586,636,2000042318,2.6,1,"","","","","","","","","","","","","","","","","","","","","","","","","","","","","","","","","","",10.6,1,8.5,1,10.6,1,"","",11.5,1,"","","","","","","","","","","","","","","","","","","","",87,1,"","","","","","","","","","","","",11.1,1,"","","","","","","","","","","","","","","","","","","","","","","","","","","","","","","","","","","","","","","","","","","","","","","","","","","","","","","","","","","","","","","","","","","","","","","","","","","","","","","","","","","","","","","","","","","","","","","","","","","","","","","","","","","","","","","","","","","",""
"06163007","TENDE_SAPC",44.043167,7.586,636,2000042319,0.8,1,"","","","","","","","","","","","","","","","","","","","","","","","","","","","","","","","","","",10.2,1,8.5,1,10.2,1,"","",10.6,1,"","","","","","","","","","","","","","","","","","","","",89,1,"","","","","","","","","","","","",11.1,1,"","","","","","","","","","","","","","","","","","","","","","","","","","","","","","","","","","","","","","","","","","","","","","","","","","","","","","","","","","","","","","","","","","","","","","","","","","","","","","","","","","","","","","","","","","","","","","","","","","","","","","","","","","","","","","","","","","","",""
"06163007","TENDE_SAPC",44.043167,7.586,636,2000042320,0.,1,"","","","","","","","","","","","","","","","","","","","","","","","","","","","","","","","","","",9.9,1,8.2,1,9.9,1,"","",10.2,1,"","","","","","","","","","","","","","","","","","","","",89,1,"","","","","","","","","","","","",10.8,1,"","","","","","","","","","","","","","","","","","","","","","","","","","","","","","","","","","","","","","","","","","","","","","","","","","","","","","","","","","","","","","","","","","","","","","","","","","","","","","","","","","","","","","","","","","","","","","","","","","","","","","","","","","","","","","","","","","","",""
"06163007","TENDE_SAPC",44.043167,7.586,636,2000042321,0.6,1,"","","","","","","","","","","","","","","","","","","","","","","","","","","","","","","","","","",9.3,1,7.7,1,9.3,1,"","",9.9,1,"","","","","","","","","","","","","","","","","","","","",90,1,"","","","","","","","","","","","",10.5,1,"","","","","","","","","","","","","","","","","","","","","","","","","","","","","","","","","","","","","","","","","","","","","","","","","","","","","","","","","","","","","","","","","","","","","","","","","","","","","","","","","","","","","","","","","","","","","","","","","","","","","","","","","","","","","","","","","","","",""
"06163007","TENDE_SAPC",44.043167,7.586,636,2000042322,0.2,1,"","","","","","","","","","","","","","","","","","","","","","","","","","","","","","","","","","",9.1,1,7.5,1,9.1,1,"","",9.3,1,"","","","","","","","","","","","","","","","","","","","",90,1,"","","","","","","","","","","","",10.4,1,"","","","","","","","","","","","","","","","","","","","","","","","","","","","","","","","","","","","","","","","","","","","","","","","","","","","","","","","","","","","","","","","","","","","","","","","","","","","","","","","","","","","","","","","","","","","","","","","","","","","","","","","","","","","","","","","","","","",""
"06163007","TENDE_SAPC",44.043167,7.586,636,2000042323,3.4,1,"","","","","","","","","","","","","","","","","","","","","","","","","","","","","","","","","","",7.6,1,5.6,1,7.6,1,"","",9.2,1,"","","","","","","","","","","","","","","","","","","","",87,1,"","","","","","","","","","","","",9.1,1,"","","","","","","","","","","","","","","","","","","","","","","","","","","","","","","","","","","","","","","","","","","","","","","","","","","","","","","","","","","","","","","","","","","","","","","","","","","","","","","","","","","","","","","","","","","","","","","","","","","","","","","","","","","","","","","","","","","",""
"06163007","TENDE_SAPC",44.043167,7.586,636,2000042400,1.2,1,"","","","","","","","","","","","","","","","","","","","","","","","","","","","","","","","","","",6.8,1,4.3,1,6.8,1,"","",7.7,1,"","","","","","","","","","","","","","","","","","","","",84,1,"","","","","","","","","","","","",8.3,1,"","","","","","","","","","","","","","","","","","","","","","","","","","","","","","","","","","","","","","","","","","","","","","","","","","","","","","","","","","","","","","","","","","","","","","","","","","","","","","","","","","","","","","","","","","","","","","","","","","","","","","","","","","","","","","","","","","","",""
"06163007","TENDE_SAPC",44.043167,7.586,636,2000042401,0.,1,"","","","","","","","","","","","","","","","","","","","","","","","","","","","","","","","","","",5.5,1,3.7,1,5.5,1,"","",6.7,1,"","","","","","","","","","","","","","","","","","","","",88,1,"","","","","","","","","","","","",7.9,1,"","","","","","","","","","","","","","","","","","","","","","","","","","","","","","","","","","","","","","","","","","","","","","","","","","","","","","","","","","","","","","","","","","","","","","","","","","","","","","","","","","","","","","","","","","","","","","","","","","","","","","","","","","","","","","","","","","","",""
"06163007","TENDE_SAPC",44.043167,7.586,636,2000042402,0.,1,"","","","","","","","","","","","","","","","","","","","","","","","","","","","","","","","","","",4.6,1,2.6,1,4.6,1,"","",5.5,1,"","","","","","","","","","","","","","","","","","","","",87,1,"","","","","","","","","","","","",7.4,1,"","","","","","","","","","","","","","","","","","","","","","","","","","","","","","","","","","","","","","","","","","","","","","","","","","","","","","","","","","","","","","","","","","","","","","","","","","","","","","","","","","","","","","","","","","","","","","","","","","","","","","","","","","","","","","","","","","","",""
"06163007","TENDE_SAPC",44.043167,7.586,636,2000042403,0.,1,"","","","","","","","","","","","","","","","","","","","","","","","","","","","","","","","","","",4.6,1,2.9,1,4.3,1,"","",4.6,1,"","","","","","","","","","","","","","","","","","","","",89,1,"","","","","","","","","","","","",7.5,1,"","","","","","","","","","","","","","","","","","","","","","","","","","","","","","","","","","","","","","","","","","","","","","","","","","","","","","","","","","","","","","","","","","","","","","","","","","","","","","","","","","","","","","","","","","","","","","","","","","","","","","","","","","","","","","","","","","","",""
"06163007","TENDE_SAPC",44.043167,7.586,636,2000042404,0.,1,"","","","","","","","","","","","","","","","","","","","","","","","","","","","","","","","","","",5.2,1,3.2,1,4.7,1,"","",5.2,1,"","","","","","","","","","","","","","","","","","","","",87,1,"","","","","","","","","","","","",7.7,1,"","","","","","","","","","","","","","","","","","","","","","","","","","","","","","","","","","","","","","","","","","","","","","","","","","","","","","","","","","","","","","","","","","","","","","","","","","","","","","","","","","","","","","","","","","","","","","","","","","","","","","","","","","","","","","","","","","","",""
"06163007","TENDE_SAPC",44.043167,7.586,636,2000042405,0.8,1,"","","","","","","","","","","","","","","","","","","","","","","","","","","","","","","","","","",5.7,1,3.5,1,5.2,1,"","",5.7,1,"","","","","","","","","","","","","","","","","","","","",86,1,"","","","","","","","","","","","",7.9,1,"","","","","","","","","","","","","","","","","","","","","","","","","","","","","","","","","","","","","","","","","","","","","","","","","","","","","","","","","","","","","","","","","","","","","","","","","","","","","","","","","","","","","","","","","","","","","","","","","","","","","","","","","","","","","","","","","","","",""
"06163007","TENDE_SAPC",44.043167,7.586,636,2000042406,0.8,1,"","","","","","","","","","","","","","","","","","","","","","","","","","","","","","","","","","",7.5,1,2.2,1,5.7,1,"","",7.5,1,"","","","","","","","","","","","","","","","","","","","",69,1,"","","","","","","","","","","","",7.1,1,"","","","","","","","","","","","","","","","","","","","","","","","","","","","","","","","","","","","","","","","","","","","","","","","","","","","","","","","","","","","","","","","","","","","","","","","","","","","","","","","","","","","","","","","","","","","","","","","","","","","","","","","","","","","","","","","","","","",""
"06163007","TENDE_SAPC",44.043167,7.586,636,2000042407,0.4,1,"","","","","","","","","","","","","","","","","","","","","","","","","","","","","","","","","","",8.8,1,2.4,1,7.6,1,"","",8.8,1,"","","","","","","","","","","","","","","","","","","","",64,1,"","","","","","","","","","","","",7.2,1,"","","","","","","","","","","","","","","","","","","","","","","","","","","","","","","","","","","","","","","","","","","","","","","","","","","","","","","","","","","","","","","","","","","","","","","","","","","","","","","","","","","","","","","","","","","","","","","","","","","","","","","","","","","","","","","","","","","",""
"06163007","TENDE_SAPC",44.043167,7.586,636,2000042408,0.,1,"","","","","","","","","","","","","","","","","","","","","","","","","","","","","","","","","","",10.5,1,3.5,1,8.9,1,"","",10.5,1,"","","","","","","","","","","","","","","","","","","","",62,1,"","","","","","","","","","","","",7.9,1,"","","","","","","","","","","","","","","","","","","","","","","","","","","","","","","","","","","","","","","","","","","","","","","","","","","","","","","","","","","","","","","","","","","","","","","","","","","","","","","","","","","","","","","","","","","","","","","","","","","","","","","","","","","","","","","","","","","",""
"06163007","TENDE_SAPC",44.043167,7.586,636,2000042409,0.,1,"","","","","","","","","","","","","","","","","","","","","","","","","","","","","","","","","","",10.7,1,3.5,1,10.2,1,"","",10.7,1,"","","","","","","","","","","","","","","","","","","","",61,1,"","","","","","","","","","","","",7.8,1,"","","","","","","","","","","","","","","","","","","","","","","","","","","","","","","","","","","","","","","","","","","","","","","","","","","","","","","","","","","","","","","","","","","","","","","","","","","","","","","","","","","","","","","","","","","","","","","","","","","","","","","","","","","","","","","","","","","",""
"06163007","TENDE_SAPC",44.043167,7.586,636,2000042410,0.,1,"","","","","","","","","","","","","","","","","","","","","","","","","","","","","","","","","","",12.2,1,2.9,1,10.7,1,"","",12.2,1,"","","","","","","","","","","","","","","","","","","","",53,1,"","","","","","","","","","","","",7.5,1,"","","","","","","","","","","","","","","","","","","","","","","","","","","","","","","","","","","","","","","","","","","","","","","","","","","","","","","","","","","","","","","","","","","","","","","","","","","","","","","","","","","","","","","","","","","","","","","","","","","","","","","","","","","","","","","","","","","",""
"06163007","TENDE_SAPC",44.043167,7.586,636,2000042411,0.,1,"","","","","","","","","","","","","","","","","","","","","","","","","","","","","","","","","","",13.8,1,2.7,1,12.3,1,"","",13.8,1,"","","","","","","","","","","","","","","","","","","","",47,1,"","","","","","","","","","","","",7.4,1,"","","","","","","","","","","","","","","","","","","","","","","","","","","","","","","","","","","","","","","","","","","","","","","","","","","","","","","","","","","","","","","","","","","","","","","","","","","","","","","","","","","","","","","","","","","","","","","","","","","","","","","","","","","","","","","","","","","",""
"06163007","TENDE_SAPC",44.043167,7.586,636,2000042412,0.,1,"","","","","","","","","","","","","","","","","","","","","","","","","","","","","","","","","","",14.,1,2.5,1,13.8,1,"","",14.3,1,"","","","","","","","","","","","","","","","","","","","",46,1,"","","","","","","","","","","","",7.3,1,"","","","","","","","","","","","","","","","","","","","","","","","","","","","","","","","","","","","","","","","","","","","","","","","","","","","","","","","","","","","","","","","","","","","","","","","","","","","","","","","","","","","","","","","","","","","","","","","","","","","","","","","","","","","","","","","","","","",""
"06163007","TENDE_SAPC",44.043167,7.586,636,2000042413,0.,1,"","","","","","","","","","","","","","","","","","","","","","","","","","","","","","","","","","",14.5,1,3.6,1,13.2,1,"","",14.5,1,"","","","","","","","","","","","","","","","","","","","",48,1,"","","","","","","","","","","","",7.9,1,"","","","","","","","","","","","","","","","","","","","","","","","","","","","","","","","","","","","","","","","","","","","","","","","","","","","","","","","","","","","","","","","","","","","","","","","","","","","","","","","","","","","","","","","","","","","","","","","","","","","","","","","","","","","","","","","","","","",""
"06163007","TENDE_SAPC",44.043167,7.586,636,2000042414,0.,1,"","","","","","","","","","","","","","","","","","","","","","","","","","","","","","","","","","",15.2,1,4.,1,14.4,1,"","",15.3,1,"","","","","","","","","","","","","","","","","","","","",47,1,"","","","","","","","","","","","",8.1,1,"","","","","","","","","","","","","","","","","","","","","","","","","","","","","","","","","","","","","","","","","","","","","","","","","","","","","","","","","","","","","","","","","","","","","","","","","","","","","","","","","","","","","","","","","","","","","","","","","","","","","","","","","","","","","","","","","","","",""
"06163007","TENDE_SAPC",44.043167,7.586,636,2000042415,0.,1,"","","","","","","","","","","","","","","","","","","","","","","","","","","","","","","","","","",14.6,1,5.4,1,14.5,1,"","",15.5,1,"","","","","","","","","","","","","","","","","","","","",54,1,"","","","","","","","","","","","",9.,1,"","","","","","","","","","","","","","","","","","","","","","","","","","","","","","","","","","","","","","","","","","","","","","","","","","","","","","","","","","","","","","","","","","","","","","","","","","","","","","","","","","","","","","","","","","","","","","","","","","","","","","","","","","","","","","","","","","","",""
"06163007","TENDE_SAPC",44.043167,7.586,636,2000042416,0.,1,"","","","","","","","","","","","","","","","","","","","","","","","","","","","","","","","","","",13.7,1,6.1,1,13.7,1,"","",14.7,1,"","","","","","","","","","","","","","","","","","","","",60,1,"","","","","","","","","","","","",9.4,1,"","","","","","","","","","","","","","","","","","","","","","","","","","","","","","","","","","","","","","","","","","","","","","","","","","","","","","","","","","","","","","","","","","","","","","","","","","","","","","","","","","","","","","","","","","","","","","","","","","","","","","","","","","","","","","","","","","","",""
"06163007","TENDE_SAPC",44.043167,7.586,636,2000042417,0.,1,"","","","","","","","","","","","","","","","","","","","","","","","","","","","","","","","","","",12.5,1,4.9,1,12.5,1,"","",13.6,1,"","","","","","","","","","","","","","","","","","","","",60,1,"","","","","","","","","","","","",8.7,1,"","","","","","","","","","","","","","","","","","","","","","","","","","","","","","","","","","","","","","","","","","","","","","","","","","","","","","","","","","","","","","","","","","","","","","","","","","","","","","","","","","","","","","","","","","","","","","","","","","","","","","","","","","","","","","","","","","","",""
"06163007","TENDE_SAPC",44.043167,7.586,636,2000042418,0.,1,"","","","","","","","","","","","","","","","","","","","","","","","","","","","","","","","","","",11.,1,4.7,1,11.,1,"","",12.6,1,"","","","","","","","","","","","","","","","","","","","",65,1,"","","","","","","","","","","","",8.5,1,"","","","","","","","","","","","","","","","","","","","","","","","","","","","","","","","","","","","","","","","","","","","","","","","","","","","","","","","","","","","","","","","","","","","","","","","","","","","","","","","","","","","","","","","","","","","","","","","","","","","","","","","","","","","","","","","","","","",""
"06163007","TENDE_SAPC",44.043167,7.586,636,2000042419,0.,1,"","","","","","","","","","","","","","","","","","","","","","","","","","","","","","","","","","",8.6,1,4.8,1,8.6,1,"","",10.9,1,"","","","","","","","","","","","","","","","","","","","",77,1,"","","","","","","","","","","","",8.6,1,"","","","","","","","","","","","","","","","","","","","","","","","","","","","","","","","","","","","","","","","","","","","","","","","","","","","","","","","","","","","","","","","","","","","","","","","","","","","","","","","","","","","","","","","","","","","","","","","","","","","","","","","","","","","","","","","","","","",""
"06163007","TENDE_SAPC",44.043167,7.586,636,2000042420,0.,1,"","","","","","","","","","","","","","","","","","","","","","","","","","","","","","","","","","",7.5,1,4.6,1,7.5,1,"","",8.6,1,"","","","","","","","","","","","","","","","","","","","",82,1,"","","","","","","","","","","","",8.5,1,"","","","","","","","","","","","","","","","","","","","","","","","","","","","","","","","","","","","","","","","","","","","","","","","","","","","","","","","","","","","","","","","","","","","","","","","","","","","","","","","","","","","","","","","","","","","","","","","","","","","","","","","","","","","","","","","","","","",""
"06163007","TENDE_SAPC",44.043167,7.586,636,2000042421,0.,1,"","","","","","","","","","","","","","","","","","","","","","","","","","","","","","","","","","",7.1,1,4.4,1,7.,1,"","",7.5,1,"","","","","","","","","","","","","","","","","","","","",83,1,"","","","","","","","","","","","",8.4,1,"","","","","","","","","","","","","","","","","","","","","","","","","","","","","","","","","","","","","","","","","","","","","","","","","","","","","","","","","","","","","","","","","","","","","","","","","","","","","","","","","","","","","","","","","","","","","","","","","","","","","","","","","","","","","","","","","","","",""
"06163007","TENDE_SAPC",44.043167,7.586,636,2000042422,0.,1,"","","","","","","","","","","","","","","","","","","","","","","","","","","","","","","","","","",6.6,1,3.9,1,6.6,1,"","",7.2,1,"","","","","","","","","","","","","","","","","","","","",83,1,"","","","","","","","","","","","",8.1,1,"","","","","","","","","","","","","","","","","","","","","","","","","","","","","","","","","","","","","","","","","","","","","","","","","","","","","","","","","","","","","","","","","","","","","","","","","","","","","","","","","","","","","","","","","","","","","","","","","","","","","","","","","","","","","","","","","","","",""
"06163007","TENDE_SAPC",44.043167,7.586,636,2000042423,0.,1,"","","","","","","","","","","","","","","","","","","","","","","","","","","","","","","","","","",6.4,1,3.4,1,6.4,1,"","",6.8,1,"","","","","","","","","","","","","","","","","","","","",81,1,"","","","","","","","","","","","",7.8,1,"","","","","","","","","","","","","","","","","","","","","","","","","","","","","","","","","","","","","","","","","","","","","","","","","","","","","","","","","","","","","","","","","","","","","","","","","","","","","","","","","","","","","","","","","","","","","","","","","","","","","","","","","","","","","","","","","","","",""
"06163007","TENDE_SAPC",44.043167,7.586,636,2000042500,0.,1,"","","","","","","","","","","","","","","","","","","","","","","","","","","","","","","","","","",5.9,1,2.9,1,5.9,1,"","",6.3,1,"","","","","","","","","","","","","","","","","","","","",81,1,"","","","","","","","","","","","",7.5,1,"","","","","","","","","","","","","","","","","","","","","","","","","","","","","","","","","","","","","","","","","","","","","","","","","","","","","","","","","","","","","","","","","","","","","","","","","","","","","","","","","","","","","","","","","","","","","","","","","","","","","","","","","","","","","","","","","","","",""
"06163007","TENDE_SAPC",44.043167,7.586,636,2000042501,0.,1,"","","","","","","","","","","","","","","","","","","","","","","","","","","","","","","","","","",5.4,1,2.6,1,5.4,1,"","",5.9,1,"","","","","","","","","","","","","","","","","","","","",82,1,"","","","","","","","","","","","",7.3,1,"","","","","","","","","","","","","","","","","","","","","","","","","","","","","","","","","","","","","","","","","","","","","","","","","","","","","","","","","","","","","","","","","","","","","","","","","","","","","","","","","","","","","","","","","","","","","","","","","","","","","","","","","","","","","","","","","","","",""
"06163007","TENDE_SAPC",44.043167,7.586,636,2000042502,0.,1,"","","","","","","","","","","","","","","","","","","","","","","","","","","","","","","","","","",5.2,1,2.4,1,5.1,1,"","",5.5,1,"","","","","","","","","","","","","","","","","","","","",82,1,"","","","","","","","","","","","",7.2,1,"","","","","","","","","","","","","","","","","","","","","","","","","","","","","","","","","","","","","","","","","","","","","","","","","","","","","","","","","","","","","","","","","","","","","","","","","","","","","","","","","","","","","","","","","","","","","","","","","","","","","","","","","","","","","","","","","","","",""
"06163007","TENDE_SAPC",44.043167,7.586,636,2000042503,0.,1,"","","","","","","","","","","","","","","","","","","","","","","","","","","","","","","","","","",4.9,1,2.3,1,4.8,1,"","",5.3,1,"","","","","","","","","","","","","","","","","","","","",83,1,"","","","","","","","","","","","",7.2,1,"","","","","","","","","","","","","","","","","","","","","","","","","","","","","","","","","","","","","","","","","","","","","","","","","","","","","","","","","","","","","","","","","","","","","","","","","","","","","","","","","","","","","","","","","","","","","","","","","","","","","","","","","","","","","","","","","","","",""
"06163007","TENDE_SAPC",44.043167,7.586,636,2000042504,0.,1,"","","","","","","","","","","","","","","","","","","","","","","","","","","","","","","","","","",4.8,1,2.2,1,4.8,1,"","",5.1,1,"","","","","","","","","","","","","","","","","","","","",83,1,"","","","","","","","","","","","",7.1,1,"","","","","","","","","","","","","","","","","","","","","","","","","","","","","","","","","","","","","","","","","","","","","","","","","","","","","","","","","","","","","","","","","","","","","","","","","","","","","","","","","","","","","","","","","","","","","","","","","","","","","","","","","","","","","","","","","","","",""
"06163007","TENDE_SAPC",44.043167,7.586,636,2000042505,0.,1,"","","","","","","","","","","","","","","","","","","","","","","","","","","","","","","","","","",4.6,1,2.,1,4.6,1,"","",4.9,1,"","","","","","","","","","","","","","","","","","","","",83,1,"","","","","","","","","","","","",7.,1,"","","","","","","","","","","","","","","","","","","","","","","","","","","","","","","","","","","","","","","","","","","","","","","","","","","","","","","","","","","","","","","","","","","","","","","","","","","","","","","","","","","","","","","","","","","","","","","","","","","","","","","","","","","","","","","","","","","",""
"06163007","TENDE_SAPC",44.043167,7.586,636,2000042506,0.,1,"","","","","","","","","","","","","","","","","","","","","","","","","","","","","","","","","","",5.1,1,2.4,1,4.6,1,"","",5.2,1,"","","","","","","","","","","","","","","","","","","","",83,1,"","","","","","","","","","","","",7.3,1,"","","","","","","","","","","","","","","","","","","","","","","","","","","","","","","","","","","","","","","","","","","","","","","","","","","","","","","","","","","","","","","","","","","","","","","","","","","","","","","","","","","","","","","","","","","","","","","","","","","","","","","","","","","","","","","","","","","",""
"06163007","TENDE_SAPC",44.043167,7.586,636,2000042507,0.,1,"","","","","","","","","","","","","","","","","","","","","","","","","","","","","","","","","","",6.1,1,3.4,1,5.1,1,"","",6.1,1,"","","","","","","","","","","","","","","","","","","","",83,1,"","","","","","","","","","","","",7.8,1,"","","","","","","","","","","","","","","","","","","","","","","","","","","","","","","","","","","","","","","","","","","","","","","","","","","","","","","","","","","","","","","","","","","","","","","","","","","","","","","","","","","","","","","","","","","","","","","","","","","","","","","","","","","","","","","","","","","",""
"06163007","TENDE_SAPC",44.043167,7.586,636,2000042508,0.,1,"","","","","","","","","","","","","","","","","","","","","","","","","","","","","","","","","","",12.1,1,5.3,1,6.2,1,"","",12.1,1,"","","","","","","","","","","","","","","","","","","","",63,1,"","","","","","","","","","","","",8.9,1,"","","","","","","","","","","","","","","","","","","","","","","","","","","","","","","","","","","","","","","","","","","","","","","","","","","","","","","","","","","","","","","","","","","","","","","","","","","","","","","","","","","","","","","","","","","","","","","","","","","","","","","","","","","","","","","","","","","",""
"06163007","TENDE_SAPC",44.043167,7.586,636,2000042509,0.,1,"","","","","","","","","","","","","","","","","","","","","","","","","","","","","","","","","","",14.5,1,3.6,1,12.2,1,"","",14.6,1,"","","","","","","","","","","","","","","","","","","","",48,1,"","","","","","","","","","","","",7.9,1,"","","","","","","","","","","","","","","","","","","","","","","","","","","","","","","","","","","","","","","","","","","","","","","","","","","","","","","","","","","","","","","","","","","","","","","","","","","","","","","","","","","","","","","","","","","","","","","","","","","","","","","","","","","","","","","","","","","",""
"06163007","TENDE_SAPC",44.043167,7.586,636,2000042510,0.,1,"","","","","","","","","","","","","","","","","","","","","","","","","","","","","","","","","","",16.4,1,4.4,1,14.6,1,"","",16.4,1,"","","","","","","","","","","","","","","","","","","","",45,1,"","","","","","","","","","","","",8.4,1,"","","","","","","","","","","","","","","","","","","","","","","","","","","","","","","","","","","","","","","","","","","","","","","","","","","","","","","","","","","","","","","","","","","","","","","","","","","","","","","","","","","","","","","","","","","","","","","","","","","","","","","","","","","","","","","","","","","",""
"06163007","TENDE_SAPC",44.043167,7.586,636,2000042511,0.,1,"","","","","","","","","","","","","","","","","","","","","","","","","","","","","","","","","","",17.2,1,4.8,1,16.4,1,"","",17.2,1,"","","","","","","","","","","","","","","","","","","","",44,1,"","","","","","","","","","","","",8.6,1,"","","","","","","","","","","","","","","","","","","","","","","","","","","","","","","","","","","","","","","","","","","","","","","","","","","","","","","","","","","","","","","","","","","","","","","","","","","","","","","","","","","","","","","","","","","","","","","","","","","","","","","","","","","","","","","","","","","",""
"06163007","TENDE_SAPC",44.043167,7.586,636,2000042512,0.,1,"","","","","","","","","","","","","","","","","","","","","","","","","","","","","","","","","","",16.1,1,5.4,1,16.1,1,"","",17.4,1,"","","","","","","","","","","","","","","","","","","","",49,1,"","","","","","","","","","","","",8.9,1,"","","","","","","","","","","","","","","","","","","","","","","","","","","","","","","","","","","","","","","","","","","","","","","","","","","","","","","","","","","","","","","","","","","","","","","","","","","","","","","","","","","","","","","","","","","","","","","","","","","","","","","","","","","","","","","","","","","",""
"06163007","TENDE_SAPC",44.043167,7.586,636,2000042513,0.,1,"","","","","","","","","","","","","","","","","","","","","","","","","","","","","","","","","","",15.5,1,5.7,1,15.,1,"","",16.2,1,"","","","","","","","","","","","","","","","","","","","",52,1,"","","","","","","","","","","","",9.1,1,"","","","","","","","","","","","","","","","","","","","","","","","","","","","","","","","","","","","","","","","","","","","","","","","","","","","","","","","","","","","","","","","","","","","","","","","","","","","","","","","","","","","","","","","","","","","","","","","","","","","","","","","","","","","","","","","","","","",""
"06163007","TENDE_SAPC",44.043167,7.586,636,2000042514,0.,1,"","","","","","","","","","","","","","","","","","","","","","","","","","","","","","","","","","",16.9,1,5.5,1,15.6,1,"","",17.2,1,"","","","","","","","","","","","","","","","","","","","",47,1,"","","","","","","","","","","","",9.,1,"","","","","","","","","","","","","","","","","","","","","","","","","","","","","","","","","","","","","","","","","","","","","","","","","","","","","","","","","","","","","","","","","","","","","","","","","","","","","","","","","","","","","","","","","","","","","","","","","","","","","","","","","","","","","","","","","","","",""
"06163007","TENDE_SAPC",44.043167,7.586,636,2000042515,0.,1,"","","","","","","","","","","","","","","","","","","","","","","","","","","","","","","","","","",15.7,1,6.4,1,15.7,1,"","",16.9,1,"","","","","","","","","","","","","","","","","","","","",54,1,"","","","","","","","","","","","",9.6,1,"","","","","","","","","","","","","","","","","","","","","","","","","","","","","","","","","","","","","","","","","","","","","","","","","","","","","","","","","","","","","","","","","","","","","","","","","","","","","","","","","","","","","","","","","","","","","","","","","","","","","","","","","","","","","","","","","","","",""
"06163007","TENDE_SAPC",44.043167,7.586,636,2000042516,0.,1,"","","","","","","","","","","","","","","","","","","","","","","","","","","","","","","","","","",14.4,1,7.2,1,14.4,1,"","",15.6,1,"","","","","","","","","","","","","","","","","","","","",62,1,"","","","","","","","","","","","",10.2,1,"","","","","","","","","","","","","","","","","","","","","","","","","","","","","","","","","","","","","","","","","","","","","","","","","","","","","","","","","","","","","","","","","","","","","","","","","","","","","","","","","","","","","","","","","","","","","","","","","","","","","","","","","","","","","","","","","","","",""
"06163007","TENDE_SAPC",44.043167,7.586,636,2000042517,0.,1,"","","","","","","","","","","","","","","","","","","","","","","","","","","","","","","","","","",14.,1,8.,1,14.,1,"","",14.5,1,"","","","","","","","","","","","","","","","","","","","",67,1,"","","","","","","","","","","","",10.7,1,"","","","","","","","","","","","","","","","","","","","","","","","","","","","","","","","","","","","","","","","","","","","","","","","","","","","","","","","","","","","","","","","","","","","","","","","","","","","","","","","","","","","","","","","","","","","","","","","","","","","","","","","","","","","","","","","","","","",""
"06163007","TENDE_SAPC",44.043167,7.586,636,2000042518,0.,1,"","","","","","","","","","","","","","","","","","","","","","","","","","","","","","","","","","",13.,1,7.4,1,13.,1,"","",14.,1,"","","","","","","","","","","","","","","","","","","","",69,1,"","","","","","","","","","","","",10.3,1,"","","","","","","","","","","","","","","","","","","","","","","","","","","","","","","","","","","","","","","","","","","","","","","","","","","","","","","","","","","","","","","","","","","","","","","","","","","","","","","","","","","","","","","","","","","","","","","","","","","","","","","","","","","","","","","","","","","",""
"06163007","TENDE_SAPC",44.043167,7.586,636,2000042519,0.,1,"","","","","","","","","","","","","","","","","","","","","","","","","","","","","","","","","","",11.2,1,6.5,1,11.2,1,"","",13.,1,"","","","","","","","","","","","","","","","","","","","",73,1,"","","","","","","","","","","","",9.7,1,"","","","","","","","","","","","","","","","","","","","","","","","","","","","","","","","","","","","","","","","","","","","","","","","","","","","","","","","","","","","","","","","","","","","","","","","","","","","","","","","","","","","","","","","","","","","","","","","","","","","","","","","","","","","","","","","","","","",""
"06163007","TENDE_SAPC",44.043167,7.586,636,2000042520,0.,1,"","","","","","","","","","","","","","","","","","","","","","","","","","","","","","","","","","",9.5,1,6.2,1,9.5,1,"","",11.1,1,"","","","","","","","","","","","","","","","","","","","",80,1,"","","","","","","","","","","","",9.5,1,"","","","","","","","","","","","","","","","","","","","","","","","","","","","","","","","","","","","","","","","","","","","","","","","","","","","","","","","","","","","","","","","","","","","","","","","","","","","","","","","","","","","","","","","","","","","","","","","","","","","","","","","","","","","","","","","","","","",""
"06163007","TENDE_SAPC",44.043167,7.586,636,2000042521,0.,1,"","","","","","","","","","","","","","","","","","","","","","","","","","","","","","","","","","",8.6,1,6.,1,8.6,1,"","",9.5,1,"","","","","","","","","","","","","","","","","","","","",84,1,"","","","","","","","","","","","",9.4,1,"","","","","","","","","","","","","","","","","","","","","","","","","","","","","","","","","","","","","","","","","","","","","","","","","","","","","","","","","","","","","","","","","","","","","","","","","","","","","","","","","","","","","","","","","","","","","","","","","","","","","","","","","","","","","","","","","","","",""
"06163007","TENDE_SAPC",44.043167,7.586,636,2000042522,0.,1,"","","","","","","","","","","","","","","","","","","","","","","","","","","","","","","","","","",8.,1,5.8,1,8.,1,"","",8.6,1,"","","","","","","","","","","","","","","","","","","","",86,1,"","","","","","","","","","","","",9.2,1,"","","","","","","","","","","","","","","","","","","","","","","","","","","","","","","","","","","","","","","","","","","","","","","","","","","","","","","","","","","","","","","","","","","","","","","","","","","","","","","","","","","","","","","","","","","","","","","","","","","","","","","","","","","","","","","","","","","",""
"06163007","TENDE_SAPC",44.043167,7.586,636,2000042523,0.,1,"","","","","","","","","","","","","","","","","","","","","","","","","","","","","","","","","","",7.4,1,5.4,1,7.3,1,"","",8.,1,"","","","","","","","","","","","","","","","","","","","",87,1,"","","","","","","","","","","","",8.9,1,"","","","","","","","","","","","","","","","","","","","","","","","","","","","","","","","","","","","","","","","","","","","","","","","","","","","","","","","","","","","","","","","","","","","","","","","","","","","","","","","","","","","","","","","","","","","","","","","","","","","","","","","","","","","","","","","","","","",""
"06163007","TENDE_SAPC",44.043167,7.586,636,2000042600,0.,1,"","","","","","","","","","","","","","","","","","","","","","","","","","","","","","","","","","",7.1,1,5.1,1,7.1,1,"","",7.6,1,"","","","","","","","","","","","","","","","","","","","",87,1,"","","","","","","","","","","","",8.8,1,"","","","","","","","","","","","","","","","","","","","","","","","","","","","","","","","","","","","","","","","","","","","","","","","","","","","","","","","","","","","","","","","","","","","","","","","","","","","","","","","","","","","","","","","","","","","","","","","","","","","","","","","","","","","","","","","","","","",""
"06163007","TENDE_SAPC",44.043167,7.586,636,2000042601,0.,1,"","","","","","","","","","","","","","","","","","","","","","","","","","","","","","","","","","",6.5,1,4.7,1,6.5,1,"","",7.1,1,"","","","","","","","","","","","","","","","","","","","",88,1,"","","","","","","","","","","","",8.5,1,"","","","","","","","","","","","","","","","","","","","","","","","","","","","","","","","","","","","","","","","","","","","","","","","","","","","","","","","","","","","","","","","","","","","","","","","","","","","","","","","","","","","","","","","","","","","","","","","","","","","","","","","","","","","","","","","","","","",""
"06163007","TENDE_SAPC",44.043167,7.586,636,2000042602,0.,1,"","","","","","","","","","","","","","","","","","","","","","","","","","","","","","","","","","",6.3,1,4.6,1,6.2,1,"","",6.6,1,"","","","","","","","","","","","","","","","","","","","",89,1,"","","","","","","","","","","","",8.5,1,"","","","","","","","","","","","","","","","","","","","","","","","","","","","","","","","","","","","","","","","","","","","","","","","","","","","","","","","","","","","","","","","","","","","","","","","","","","","","","","","","","","","","","","","","","","","","","","","","","","","","","","","","","","","","","","","","","","",""
"06163007","TENDE_SAPC",44.043167,7.586,636,2000042603,0.,1,"","","","","","","","","","","","","","","","","","","","","","","","","","","","","","","","","","",6.4,1,4.7,1,6.2,1,"","",6.5,1,"","","","","","","","","","","","","","","","","","","","",89,1,"","","","","","","","","","","","",8.5,1,"","","","","","","","","","","","","","","","","","","","","","","","","","","","","","","","","","","","","","","","","","","","","","","","","","","","","","","","","","","","","","","","","","","","","","","","","","","","","","","","","","","","","","","","","","","","","","","","","","","","","","","","","","","","","","","","","","","",""
"06163007","TENDE_SAPC",44.043167,7.586,636,2000042604,0.,1,"","","","","","","","","","","","","","","","","","","","","","","","","","","","","","","","","","",6.4,1,4.6,1,6.4,1,"","",6.6,1,"","","","","","","","","","","","","","","","","","","","",88,1,"","","","","","","","","","","","",8.5,1,"","","","","","","","","","","","","","","","","","","","","","","","","","","","","","","","","","","","","","","","","","","","","","","","","","","","","","","","","","","","","","","","","","","","","","","","","","","","","","","","","","","","","","","","","","","","","","","","","","","","","","","","","","","","","","","","","","","",""
"06163007","TENDE_SAPC",44.043167,7.586,636,2000042605,0.,1,"","","","","","","","","","","","","","","","","","","","","","","","","","","","","","","","","","",6.3,1,4.6,1,6.2,1,"","",6.4,1,"","","","","","","","","","","","","","","","","","","","",89,1,"","","","","","","","","","","","",8.5,1,"","","","","","","","","","","","","","","","","","","","","","","","","","","","","","","","","","","","","","","","","","","","","","","","","","","","","","","","","","","","","","","","","","","","","","","","","","","","","","","","","","","","","","","","","","","","","","","","","","","","","","","","","","","","","","","","","","","",""
"06163007","TENDE_SAPC",44.043167,7.586,636,2000042606,0.,1,"","","","","","","","","","","","","","","","","","","","","","","","","","","","","","","","","","",8.,1,5.3,1,6.3,1,"","",8.,1,"","","","","","","","","","","","","","","","","","","","",83,1,"","","","","","","","","","","","",8.9,1,"","","","","","","","","","","","","","","","","","","","","","","","","","","","","","","","","","","","","","","","","","","","","","","","","","","","","","","","","","","","","","","","","","","","","","","","","","","","","","","","","","","","","","","","","","","","","","","","","","","","","","","","","","","","","","","","","","","",""
"06163007","TENDE_SAPC",44.043167,7.586,636,2000042607,0.,1,"","","","","","","","","","","","","","","","","","","","","","","","","","","","","","","","","","",10.1,1,6.1,1,8.,1,"","",10.1,1,"","","","","","","","","","","","","","","","","","","","",76,1,"","","","","","","","","","","","",9.4,1,"","","","","","","","","","","","","","","","","","","","","","","","","","","","","","","","","","","","","","","","","","","","","","","","","","","","","","","","","","","","","","","","","","","","","","","","","","","","","","","","","","","","","","","","","","","","","","","","","","","","","","","","","","","","","","","","","","","",""
"06163007","TENDE_SAPC",44.043167,7.586,636,2000042608,0.,1,"","","","","","","","","","","","","","","","","","","","","","","","","","","","","","","","","","",12.6,1,6.2,1,10.2,1,"","",12.8,1,"","","","","","","","","","","","","","","","","","","","",65,1,"","","","","","","","","","","","",9.5,1,"","","","","","","","","","","","","","","","","","","","","","","","","","","","","","","","","","","","","","","","","","","","","","","","","","","","","","","","","","","","","","","","","","","","","","","","","","","","","","","","","","","","","","","","","","","","","","","","","","","","","","","","","","","","","","","","","","","",""
"06163007","TENDE_SAPC",44.043167,7.586,636,2000042609,0.,1,"","","","","","","","","","","","","","","","","","","","","","","","","","","","","","","","","","",15.,1,5.8,1,12.7,1,"","",15.1,1,"","","","","","","","","","","","","","","","","","","","",54,1,"","","","","","","","","","","","",9.2,1,"","","","","","","","","","","","","","","","","","","","","","","","","","","","","","","","","","","","","","","","","","","","","","","","","","","","","","","","","","","","","","","","","","","","","","","","","","","","","","","","","","","","","","","","","","","","","","","","","","","","","","","","","","","","","","","","","","","",""
"06163007","TENDE_SAPC",44.043167,7.586,636,2000042610,0.,1,"","","","","","","","","","","","","","","","","","","","","","","","","","","","","","","","","","",15.9,1,6.9,1,15.1,1,"","",16.,1,"","","","","","","","","","","","","","","","","","","","",55,1,"","","","","","","","","","","","",9.9,1,"","","","","","","","","","","","","","","","","","","","","","","","","","","","","","","","","","","","","","","","","","","","","","","","","","","","","","","","","","","","","","","","","","","","","","","","","","","","","","","","","","","","","","","","","","","","","","","","","","","","","","","","","","","","","","","","","","","",""
"06163007","TENDE_SAPC",44.043167,7.586,636,2000042611,0.,1,"","","","","","","","","","","","","","","","","","","","","","","","","","","","","","","","","","",17.8,1,7.2,1,16.,1,"","",17.8,1,"","","","","","","","","","","","","","","","","","","","",50,1,"","","","","","","","","","","","",10.2,1,"","","","","","","","","","","","","","","","","","","","","","","","","","","","","","","","","","","","","","","","","","","","","","","","","","","","","","","","","","","","","","","","","","","","","","","","","","","","","","","","","","","","","","","","","","","","","","","","","","","","","","","","","","","","","","","","","","","",""
"06163007","TENDE_SAPC",44.043167,7.586,636,2000042612,0.,1,"","","","","","","","","","","","","","","","","","","","","","","","","","","","","","","","","","",17.5,1,7.8,1,17.4,1,"","",18.6,1,"","","","","","","","","","","","","","","","","","","","",53,1,"","","","","","","","","","","","",10.6,1,"","","","","","","","","","","","","","","","","","","","","","","","","","","","","","","","","","","","","","","","","","","","","","","","","","","","","","","","","","","","","","","","","","","","","","","","","","","","","","","","","","","","","","","","","","","","","","","","","","","","","","","","","","","","","","","","","","","",""
"06163007","TENDE_SAPC",44.043167,7.586,636,2000042613,0.,1,"","","","","","","","","","","","","","","","","","","","","","","","","","","","","","","","","","",18.5,1,7.6,1,17.4,1,"","",18.7,1,"","","","","","","","","","","","","","","","","","","","",49,1,"","","","","","","","","","","","",10.4,1,"","","","","","","","","","","","","","","","","","","","","","","","","","","","","","","","","","","","","","","","","","","","","","","","","","","","","","","","","","","","","","","","","","","","","","","","","","","","","","","","","","","","","","","","","","","","","","","","","","","","","","","","","","","","","","","","","","","",""
"06163007","TENDE_SAPC",44.043167,7.586,636,2000042614,0.,1,"","","","","","","","","","","","","","","","","","","","","","","","","","","","","","","","","","",18.4,1,7.5,1,18.2,1,"","",18.6,1,"","","","","","","","","","","","","","","","","","","","",49,1,"","","","","","","","","","","","",10.3,1,"","","","","","","","","","","","","","","","","","","","","","","","","","","","","","","","","","","","","","","","","","","","","","","","","","","","","","","","","","","","","","","","","","","","","","","","","","","","","","","","","","","","","","","","","","","","","","","","","","","","","","","","","","","","","","","","","","","",""
"06163007","TENDE_SAPC",44.043167,7.586,636,2000042615,0.,1,"","","","","","","","","","","","","","","","","","","","","","","","","","","","","","","","","","",18.,1,8.,1,17.8,1,"","",18.4,1,"","","","","","","","","","","","","","","","","","","","",52,1,"","","","","","","","","","","","",10.7,1,"","","","","","","","","","","","","","","","","","","","","","","","","","","","","","","","","","","","","","","","","","","","","","","","","","","","","","","","","","","","","","","","","","","","","","","","","","","","","","","","","","","","","","","","","","","","","","","","","","","","","","","","","","","","","","","","","","","",""
"06163007","TENDE_SAPC",44.043167,7.586,636,2000042616,0.,1,"","","","","","","","","","","","","","","","","","","","","","","","","","","","","","","","","","",17.2,1,8.3,1,17.2,1,"","",18.,1,"","","","","","","","","","","","","","","","","","","","",56,1,"","","","","","","","","","","","",11.,1,"","","","","","","","","","","","","","","","","","","","","","","","","","","","","","","","","","","","","","","","","","","","","","","","","","","","","","","","","","","","","","","","","","","","","","","","","","","","","","","","","","","","","","","","","","","","","","","","","","","","","","","","","","","","","","","","","","","",""
"06163007","TENDE_SAPC",44.043167,7.586,636,2000042617,0.,1,"","","","","","","","","","","","","","","","","","","","","","","","","","","","","","","","","","",16.1,1,8.6,1,16.1,1,"","",17.2,1,"","","","","","","","","","","","","","","","","","","","",61,1,"","","","","","","","","","","","",11.1,1,"","","","","","","","","","","","","","","","","","","","","","","","","","","","","","","","","","","","","","","","","","","","","","","","","","","","","","","","","","","","","","","","","","","","","","","","","","","","","","","","","","","","","","","","","","","","","","","","","","","","","","","","","","","","","","","","","","","",""
"06163007","TENDE_SAPC",44.043167,7.586,636,2000042618,0.,1,"","","","","","","","","","","","","","","","","","","","","","","","","","","","","","","","","","",15.,1,9.1,1,15.,1,"","",16.1,1,"","","","","","","","","","","","","","","","","","","","",68,1,"","","","","","","","","","","","",11.6,1,"","","","","","","","","","","","","","","","","","","","","","","","","","","","","","","","","","","","","","","","","","","","","","","","","","","","","","","","","","","","","","","","","","","","","","","","","","","","","","","","","","","","","","","","","","","","","","","","","","","","","","","","","","","","","","","","","","","",""
"06163007","TENDE_SAPC",44.043167,7.586,636,2000042619,0.,1,"","","","","","","","","","","","","","","","","","","","","","","","","","","","","","","","","","",12.5,1,8.6,1,12.5,1,"","",14.9,1,"","","","","","","","","","","","","","","","","","","","",77,1,"","","","","","","","","","","","",11.1,1,"","","","","","","","","","","","","","","","","","","","","","","","","","","","","","","","","","","","","","","","","","","","","","","","","","","","","","","","","","","","","","","","","","","","","","","","","","","","","","","","","","","","","","","","","","","","","","","","","","","","","","","","","","","","","","","","","","","",""
"06163007","TENDE_SAPC",44.043167,7.586,636,2000042620,0.,1,"","","","","","","","","","","","","","","","","","","","","","","","","","","","","","","","","","",11.3,1,8.,1,11.3,1,"","",12.5,1,"","","","","","","","","","","","","","","","","","","","",80,1,"","","","","","","","","","","","",10.7,1,"","","","","","","","","","","","","","","","","","","","","","","","","","","","","","","","","","","","","","","","","","","","","","","","","","","","","","","","","","","","","","","","","","","","","","","","","","","","","","","","","","","","","","","","","","","","","","","","","","","","","","","","","","","","","","","","","","","",""
"06163007","TENDE_SAPC",44.043167,7.586,636,2000042621,0.,1,"","","","","","","","","","","","","","","","","","","","","","","","","","","","","","","","","","",11.2,1,7.3,1,11.1,1,"","",11.6,1,"","","","","","","","","","","","","","","","","","","","",77,1,"","","","","","","","","","","","",10.2,1,"","","","","","","","","","","","","","","","","","","","","","","","","","","","","","","","","","","","","","","","","","","","","","","","","","","","","","","","","","","","","","","","","","","","","","","","","","","","","","","","","","","","","","","","","","","","","","","","","","","","","","","","","","","","","","","","","","","",""
"06163007","TENDE_SAPC",44.043167,7.586,636,2000042622,0.,1,"","","","","","","","","","","","","","","","","","","","","","","","","","","","","","","","","","",10.4,1,7.1,1,10.4,1,"","",11.2,1,"","","","","","","","","","","","","","","","","","","","",80,1,"","","","","","","","","","","","",10.1,1,"","","","","","","","","","","","","","","","","","","","","","","","","","","","","","","","","","","","","","","","","","","","","","","","","","","","","","","","","","","","","","","","","","","","","","","","","","","","","","","","","","","","","","","","","","","","","","","","","","","","","","","","","","","","","","","","","","","",""
"06163007","TENDE_SAPC",44.043167,7.586,636,2000042623,0.,1,"","","","","","","","","","","","","","","","","","","","","","","","","","","","","","","","","","",9.9,1,7.,1,9.9,1,"","",10.5,1,"","","","","","","","","","","","","","","","","","","","",82,1,"","","","","","","","","","","","",10.,1,"","","","","","","","","","","","","","","","","","","","","","","","","","","","","","","","","","","","","","","","","","","","","","","","","","","","","","","","","","","","","","","","","","","","","","","","","","","","","","","","","","","","","","","","","","","","","","","","","","","","","","","","","","","","","","","","","","","",""
"06163007","TENDE_SAPC",44.043167,7.586,636,2000042700,0.,1,"","","","","","","","","","","","","","","","","","","","","","","","","","","","","","","","","","",9.5,1,6.6,1,9.5,1,"","",9.9,1,"","","","","","","","","","","","","","","","","","","","",82,1,"","","","","","","","","","","","",9.7,1,"","","","","","","","","","","","","","","","","","","","","","","","","","","","","","","","","","","","","","","","","","","","","","","","","","","","","","","","","","","","","","","","","","","","","","","","","","","","","","","","","","","","","","","","","","","","","","","","","","","","","","","","","","","","","","","","","","","",""
"06163007","TENDE_SAPC",44.043167,7.586,636,2000042701,0.,1,"","","","","","","","","","","","","","","","","","","","","","","","","","","","","","","","","","",9.9,1,6.2,1,9.4,1,"","",9.9,1,"","","","","","","","","","","","","","","","","","","","",78,1,"","","","","","","","","","","","",9.5,1,"","","","","","","","","","","","","","","","","","","","","","","","","","","","","","","","","","","","","","","","","","","","","","","","","","","","","","","","","","","","","","","","","","","","","","","","","","","","","","","","","","","","","","","","","","","","","","","","","","","","","","","","","","","","","","","","","","","",""
"06163007","TENDE_SAPC",44.043167,7.586,636,2000042702,0.,1,"","","","","","","","","","","","","","","","","","","","","","","","","","","","","","","","","","",10.,1,6.,1,9.7,1,"","",10.2,1,"","","","","","","","","","","","","","","","","","","","",76,1,"","","","","","","","","","","","",9.3,1,"","","","","","","","","","","","","","","","","","","","","","","","","","","","","","","","","","","","","","","","","","","","","","","","","","","","","","","","","","","","","","","","","","","","","","","","","","","","","","","","","","","","","","","","","","","","","","","","","","","","","","","","","","","","","","","","","","","",""
"06163007","TENDE_SAPC",44.043167,7.586,636,2000042703,0.,1,"","","","","","","","","","","","","","","","","","","","","","","","","","","","","","","","","","",10.4,1,6.2,1,10.,1,"","",10.5,1,"","","","","","","","","","","","","","","","","","","","",75,1,"","","","","","","","","","","","",9.4,1,"","","","","","","","","","","","","","","","","","","","","","","","","","","","","","","","","","","","","","","","","","","","","","","","","","","","","","","","","","","","","","","","","","","","","","","","","","","","","","","","","","","","","","","","","","","","","","","","","","","","","","","","","","","","","","","","","","","",""
"06163007","TENDE_SAPC",44.043167,7.586,636,2000042704,0.,1,"","","","","","","","","","","","","","","","","","","","","","","","","","","","","","","","","","",11.1,1,6.2,1,10.4,1,"","",11.2,1,"","","","","","","","","","","","","","","","","","","","",72,1,"","","","","","","","","","","","",9.5,1,"","","","","","","","","","","","","","","","","","","","","","","","","","","","","","","","","","","","","","","","","","","","","","","","","","","","","","","","","","","","","","","","","","","","","","","","","","","","","","","","","","","","","","","","","","","","","","","","","","","","","","","","","","","","","","","","","","","",""
"06163007","TENDE_SAPC",44.043167,7.586,636,2000042705,0.,1,"","","","","","","","","","","","","","","","","","","","","","","","","","","","","","","","","","",11.5,1,5.8,1,11.,1,"","",11.5,1,"","","","","","","","","","","","","","","","","","","","",68,1,"","","","","","","","","","","","",9.2,1,"","","","","","","","","","","","","","","","","","","","","","","","","","","","","","","","","","","","","","","","","","","","","","","","","","","","","","","","","","","","","","","","","","","","","","","","","","","","","","","","","","","","","","","","","","","","","","","","","","","","","","","","","","","","","","","","","","","",""
"06163007","TENDE_SAPC",44.043167,7.586,636,2000042706,0.,1,"","","","","","","","","","","","","","","","","","","","","","","","","","","","","","","","","","",16.2,1,6.9,1,11.5,1,"","",16.2,1,"","","","","","","","","","","","","","","","","","","","",54,1,"","","","","","","","","","","","",9.9,1,"","","","","","","","","","","","","","","","","","","","","","","","","","","","","","","","","","","","","","","","","","","","","","","","","","","","","","","","","","","","","","","","","","","","","","","","","","","","","","","","","","","","","","","","","","","","","","","","","","","","","","","","","","","","","","","","","","","",""
"06163007","TENDE_SAPC",44.043167,7.586,636,2000042707,0.,1,"","","","","","","","","","","","","","","","","","","","","","","","","","","","","","","","","","",16.4,1,7.1,1,15.1,1,"","",16.6,1,"","","","","","","","","","","","","","","","","","","","",54,1,"","","","","","","","","","","","",10.,1,"","","","","","","","","","","","","","","","","","","","","","","","","","","","","","","","","","","","","","","","","","","","","","","","","","","","","","","","","","","","","","","","","","","","","","","","","","","","","","","","","","","","","","","","","","","","","","","","","","","","","","","","","","","","","","","","","","","",""
"06163007","TENDE_SAPC",44.043167,7.586,636,2000042708,0.,1,"","","","","","","","","","","","","","","","","","","","","","","","","","","","","","","","","","",16.8,1,7.4,1,15.9,1,"","",16.8,1,"","","","","","","","","","","","","","","","","","","","",54,1,"","","","","","","","","","","","",10.3,1,"","","","","","","","","","","","","","","","","","","","","","","","","","","","","","","","","","","","","","","","","","","","","","","","","","","","","","","","","","","","","","","","","","","","","","","","","","","","","","","","","","","","","","","","","","","","","","","","","","","","","","","","","","","","","","","","","","","",""
"06163007","TENDE_SAPC",44.043167,7.586,636,2000042709,0.,1,"","","","","","","","","","","","","","","","","","","","","","","","","","","","","","","","","","",18.4,1,7.8,1,16.8,1,"","",18.4,1,"","","","","","","","","","","","","","","","","","","","",50,1,"","","","","","","","","","","","",10.6,1,"","","","","","","","","","","","","","","","","","","","","","","","","","","","","","","","","","","","","","","","","","","","","","","","","","","","","","","","","","","","","","","","","","","","","","","","","","","","","","","","","","","","","","","","","","","","","","","","","","","","","","","","","","","","","","","","","","","",""
"06163007","TENDE_SAPC",44.043167,7.586,636,2000042710,0.,1,"","","","","","","","","","","","","","","","","","","","","","","","","","","","","","","","","","",19.2,1,7.,1,18.4,1,"","",19.2,1,"","","","","","","","","","","","","","","","","","","","",45,1,"","","","","","","","","","","","",10.,1,"","","","","","","","","","","","","","","","","","","","","","","","","","","","","","","","","","","","","","","","","","","","","","","","","","","","","","","","","","","","","","","","","","","","","","","","","","","","","","","","","","","","","","","","","","","","","","","","","","","","","","","","","","","","","","","","","","","",""
"06163007","TENDE_SAPC",44.043167,7.586,636,2000042711,0.,1,"","","","","","","","","","","","","","","","","","","","","","","","","","","","","","","","","","",19.8,1,6.9,1,19.3,1,"","",20.6,1,"","","","","","","","","","","","","","","","","","","","",43,1,"","","","","","","","","","","","",9.9,1,"","","","","","","","","","","","","","","","","","","","","","","","","","","","","","","","","","","","","","","","","","","","","","","","","","","","","","","","","","","","","","","","","","","","","","","","","","","","","","","","","","","","","","","","","","","","","","","","","","","","","","","","","","","","","","","","","","","",""
"06163007","TENDE_SAPC",44.043167,7.586,636,2000042712,0.,1,"","","","","","","","","","","","","","","","","","","","","","","","","","","","","","","","","","",19.5,1,6.6,1,19.5,1,"","",20.4,1,"","","","","","","","","","","","","","","","","","","","",43,1,"","","","","","","","","","","","",9.7,1,"","","","","","","","","","","","","","","","","","","","","","","","","","","","","","","","","","","","","","","","","","","","","","","","","","","","","","","","","","","","","","","","","","","","","","","","","","","","","","","","","","","","","","","","","","","","","","","","","","","","","","","","","","","","","","","","","","","",""
"06163007","TENDE_SAPC",44.043167,7.586,636,2000042713,0.,1,"","","","","","","","","","","","","","","","","","","","","","","","","","","","","","","","","","",19.8,1,6.2,1,18.8,1,"","",19.8,1,"","","","","","","","","","","","","","","","","","","","",41,1,"","","","","","","","","","","","",9.4,1,"","","","","","","","","","","","","","","","","","","","","","","","","","","","","","","","","","","","","","","","","","","","","","","","","","","","","","","","","","","","","","","","","","","","","","","","","","","","","","","","","","","","","","","","","","","","","","","","","","","","","","","","","","","","","","","","","","","",""
"06163007","TENDE_SAPC",44.043167,7.586,636,2000042714,0.,1,"","","","","","","","","","","","","","","","","","","","","","","","","","","","","","","","","","",18.1,1,6.3,1,18.1,1,"","",20.1,1,"","","","","","","","","","","","","","","","","","","","",46,1,"","","","","","","","","","","","",9.5,1,"","","","","","","","","","","","","","","","","","","","","","","","","","","","","","","","","","","","","","","","","","","","","","","","","","","","","","","","","","","","","","","","","","","","","","","","","","","","","","","","","","","","","","","","","","","","","","","","","","","","","","","","","","","","","","","","","","","",""
"06163007","TENDE_SAPC",44.043167,7.586,636,2000042715,0.,1,"","","","","","","","","","","","","","","","","","","","","","","","","","","","","","","","","","",17.6,1,6.1,1,17.5,1,"","",18.,1,"","","","","","","","","","","","","","","","","","","","",47,1,"","","","","","","","","","","","",9.4,1,"","","","","","","","","","","","","","","","","","","","","","","","","","","","","","","","","","","","","","","","","","","","","","","","","","","","","","","","","","","","","","","","","","","","","","","","","","","","","","","","","","","","","","","","","","","","","","","","","","","","","","","","","","","","","","","","","","","",""
"06163007","TENDE_SAPC",44.043167,7.586,636,2000042716,0.,1,"","","","","","","","","","","","","","","","","","","","","","","","","","","","","","","","","","",16.9,1,5.8,1,16.9,1,"","",17.5,1,"","","","","","","","","","","","","","","","","","","","",48,1,"","","","","","","","","","","","",9.2,1,"","","","","","","","","","","","","","","","","","","","","","","","","","","","","","","","","","","","","","","","","","","","","","","","","","","","","","","","","","","","","","","","","","","","","","","","","","","","","","","","","","","","","","","","","","","","","","","","","","","","","","","","","","","","","","","","","","","",""
"06163007","TENDE_SAPC",44.043167,7.586,636,2000042717,0.,1,"","","","","","","","","","","","","","","","","","","","","","","","","","","","","","","","","","",16.7,1,5.6,1,16.6,1,"","",17.,1,"","","","","","","","","","","","","","","","","","","","",48,1,"","","","","","","","","","","","",9.1,1,"","","","","","","","","","","","","","","","","","","","","","","","","","","","","","","","","","","","","","","","","","","","","","","","","","","","","","","","","","","","","","","","","","","","","","","","","","","","","","","","","","","","","","","","","","","","","","","","","","","","","","","","","","","","","","","","","","","",""
"06163007","TENDE_SAPC",44.043167,7.586,636,2000042718,0.,1,"","","","","","","","","","","","","","","","","","","","","","","","","","","","","","","","","","",16.7,1,5.3,1,16.5,1,"","",16.8,1,"","","","","","","","","","","","","","","","","","","","",47,1,"","","","","","","","","","","","",8.9,1,"","","","","","","","","","","","","","","","","","","","","","","","","","","","","","","","","","","","","","","","","","","","","","","","","","","","","","","","","","","","","","","","","","","","","","","","","","","","","","","","","","","","","","","","","","","","","","","","","","","","","","","","","","","","","","","","","","","",""
"06163007","TENDE_SAPC",44.043167,7.586,636,2000042719,0.,1,"","","","","","","","","","","","","","","","","","","","","","","","","","","","","","","","","","",16.3,1,5.6,1,16.3,1,"","",16.7,1,"","","","","","","","","","","","","","","","","","","","",49,1,"","","","","","","","","","","","",9.1,1,"","","","","","","","","","","","","","","","","","","","","","","","","","","","","","","","","","","","","","","","","","","","","","","","","","","","","","","","","","","","","","","","","","","","","","","","","","","","","","","","","","","","","","","","","","","","","","","","","","","","","","","","","","","","","","","","","","","",""
"06163007","TENDE_SAPC",44.043167,7.586,636,2000042720,0.,1,"","","","","","","","","","","","","","","","","","","","","","","","","","","","","","","","","","",16.1,1,5.1,1,15.9,1,"","",16.3,1,"","","","","","","","","","","","","","","","","","","","",48,1,"","","","","","","","","","","","",8.8,1,"","","","","","","","","","","","","","","","","","","","","","","","","","","","","","","","","","","","","","","","","","","","","","","","","","","","","","","","","","","","","","","","","","","","","","","","","","","","","","","","","","","","","","","","","","","","","","","","","","","","","","","","","","","","","","","","","","","",""
"06163007","TENDE_SAPC",44.043167,7.586,636,2000042721,0.,1,"","","","","","","","","","","","","","","","","","","","","","","","","","","","","","","","","","",15.9,1,5.5,1,15.9,1,"","",16.2,1,"","","","","","","","","","","","","","","","","","","","",50,1,"","","","","","","","","","","","",9.,1,"","","","","","","","","","","","","","","","","","","","","","","","","","","","","","","","","","","","","","","","","","","","","","","","","","","","","","","","","","","","","","","","","","","","","","","","","","","","","","","","","","","","","","","","","","","","","","","","","","","","","","","","","","","","","","","","","","","",""
"06163007","TENDE_SAPC",44.043167,7.586,636,2000042722,0.2,1,"","","","","","","","","","","","","","","","","","","","","","","","","","","","","","","","","","",13.3,1,7.9,1,13.3,1,"","",16.,1,"","","","","","","","","","","","","","","","","","","","",70,1,"","","","","","","","","","","","",10.7,1,"","","","","","","","","","","","","","","","","","","","","","","","","","","","","","","","","","","","","","","","","","","","","","","","","","","","","","","","","","","","","","","","","","","","","","","","","","","","","","","","","","","","","","","","","","","","","","","","","","","","","","","","","","","","","","","","","","","",""
"06163007","TENDE_SAPC",44.043167,7.586,636,2000042723,0.8,1,"","","","","","","","","","","","","","","","","","","","","","","","","","","","","","","","","","",11.,1,8.,1,11.,1,"","",13.2,1,"","","","","","","","","","","","","","","","","","","","",82,1,"","","","","","","","","","","","",10.7,1,"","","","","","","","","","","","","","","","","","","","","","","","","","","","","","","","","","","","","","","","","","","","","","","","","","","","","","","","","","","","","","","","","","","","","","","","","","","","","","","","","","","","","","","","","","","","","","","","","","","","","","","","","","","","","","","","","","","",""
"06163007","TENDE_SAPC",44.043167,7.586,636,2000042800,0.6,1,"","","","","","","","","","","","","","","","","","","","","","","","","","","","","","","","","","",10.3,1,7.,1,10.3,1,"","",11.,1,"","","","","","","","","","","","","","","","","","","","",80,1,"","","","","","","","","","","","",10.,1,"","","","","","","","","","","","","","","","","","","","","","","","","","","","","","","","","","","","","","","","","","","","","","","","","","","","","","","","","","","","","","","","","","","","","","","","","","","","","","","","","","","","","","","","","","","","","","","","","","","","","","","","","","","","","","","","","","","",""
"06163007","TENDE_SAPC",44.043167,7.586,636,2000042801,1.2,1,"","","","","","","","","","","","","","","","","","","","","","","","","","","","","","","","","","",10.1,1,7.2,1,10.1,1,"","",10.3,1,"","","","","","","","","","","","","","","","","","","","",82,1,"","","","","","","","","","","","",10.1,1,"","","","","","","","","","","","","","","","","","","","","","","","","","","","","","","","","","","","","","","","","","","","","","","","","","","","","","","","","","","","","","","","","","","","","","","","","","","","","","","","","","","","","","","","","","","","","","","","","","","","","","","","","","","","","","","","","","","",""
"06163007","TENDE_SAPC",44.043167,7.586,636,2000042802,0.6,1,"","","","","","","","","","","","","","","","","","","","","","","","","","","","","","","","","","",9.9,1,7.1,1,9.9,1,"","",10.1,1,"","","","","","","","","","","","","","","","","","","","",83,1,"","","","","","","","","","","","",10.1,1,"","","","","","","","","","","","","","","","","","","","","","","","","","","","","","","","","","","","","","","","","","","","","","","","","","","","","","","","","","","","","","","","","","","","","","","","","","","","","","","","","","","","","","","","","","","","","","","","","","","","","","","","","","","","","","","","","","","",""
"06163007","TENDE_SAPC",44.043167,7.586,636,2000042803,0.2,1,"","","","","","","","","","","","","","","","","","","","","","","","","","","","","","","","","","",9.9,1,7.3,1,9.8,1,"","",10.1,1,"","","","","","","","","","","","","","","","","","","","",84,1,"","","","","","","","","","","","",10.2,1,"","","","","","","","","","","","","","","","","","","","","","","","","","","","","","","","","","","","","","","","","","","","","","","","","","","","","","","","","","","","","","","","","","","","","","","","","","","","","","","","","","","","","","","","","","","","","","","","","","","","","","","","","","","","","","","","","","","",""
"06163007","TENDE_SAPC",44.043167,7.586,636,2000042804,0.6,1,"","","","","","","","","","","","","","","","","","","","","","","","","","","","","","","","","","",9.8,1,7.,1,9.7,1,"","",9.9,1,"","","","","","","","","","","","","","","","","","","","",83,1,"","","","","","","","","","","","",10.,1,"","","","","","","","","","","","","","","","","","","","","","","","","","","","","","","","","","","","","","","","","","","","","","","","","","","","","","","","","","","","","","","","","","","","","","","","","","","","","","","","","","","","","","","","","","","","","","","","","","","","","","","","","","","","","","","","","","","",""
"06163007","TENDE_SAPC",44.043167,7.586,636,2000042805,0.2,1,"","","","","","","","","","","","","","","","","","","","","","","","","","","","","","","","","","",9.8,1,7.2,1,9.7,1,"","",9.9,1,"","","","","","","","","","","","","","","","","","","","",84,1,"","","","","","","","","","","","",10.2,1,"","","","","","","","","","","","","","","","","","","","","","","","","","","","","","","","","","","","","","","","","","","","","","","","","","","","","","","","","","","","","","","","","","","","","","","","","","","","","","","","","","","","","","","","","","","","","","","","","","","","","","","","","","","","","","","","","","","",""
"06163007","TENDE_SAPC",44.043167,7.586,636,2000042806,0.,1,"","","","","","","","","","","","","","","","","","","","","","","","","","","","","","","","","","",11.,1,5.7,1,9.6,1,"","",11.,1,"","","","","","","","","","","","","","","","","","","","",70,1,"","","","","","","","","","","","",9.2,1,"","","","","","","","","","","","","","","","","","","","","","","","","","","","","","","","","","","","","","","","","","","","","","","","","","","","","","","","","","","","","","","","","","","","","","","","","","","","","","","","","","","","","","","","","","","","","","","","","","","","","","","","","","","","","","","","","","","",""
"06163007","TENDE_SAPC",44.043167,7.586,636,2000042807,0.,1,"","","","","","","","","","","","","","","","","","","","","","","","","","","","","","","","","","",11.2,1,5.7,1,10.7,1,"","",11.7,1,"","","","","","","","","","","","","","","","","","","","",69,1,"","","","","","","","","","","","",9.2,1,"","","","","","","","","","","","","","","","","","","","","","","","","","","","","","","","","","","","","","","","","","","","","","","","","","","","","","","","","","","","","","","","","","","","","","","","","","","","","","","","","","","","","","","","","","","","","","","","","","","","","","","","","","","","","","","","","","","",""
"06163007","TENDE_SAPC",44.043167,7.586,636,2000042808,1.8,1,"","","","","","","","","","","","","","","","","","","","","","","","","","","","","","","","","","",10.6,1,7.3,1,10.6,1,"","",12.1,1,"","","","","","","","","","","","","","","","","","","","",80,1,"","","","","","","","","","","","",10.2,1,"","","","","","","","","","","","","","","","","","","","","","","","","","","","","","","","","","","","","","","","","","","","","","","","","","","","","","","","","","","","","","","","","","","","","","","","","","","","","","","","","","","","","","","","","","","","","","","","","","","","","","","","","","","","","","","","","","","",""
"06163007","TENDE_SAPC",44.043167,7.586,636,2000042809,4.4,1,"","","","","","","","","","","","","","","","","","","","","","","","","","","","","","","","","","",9.6,1,7.2,1,9.6,1,"","",10.6,1,"","","","","","","","","","","","","","","","","","","","",85,1,"","","","","","","","","","","","",10.1,1,"","","","","","","","","","","","","","","","","","","","","","","","","","","","","","","","","","","","","","","","","","","","","","","","","","","","","","","","","","","","","","","","","","","","","","","","","","","","","","","","","","","","","","","","","","","","","","","","","","","","","","","","","","","","","","","","","","","",""
"06163007","TENDE_SAPC",44.043167,7.586,636,2000042810,0.6,1,"","","","","","","","","","","","","","","","","","","","","","","","","","","","","","","","","","",9.5,1,7.1,1,9.5,1,"","",9.7,1,"","","","","","","","","","","","","","","","","","","","",85,1,"","","","","","","","","","","","",10.1,1,"","","","","","","","","","","","","","","","","","","","","","","","","","","","","","","","","","","","","","","","","","","","","","","","","","","","","","","","","","","","","","","","","","","","","","","","","","","","","","","","","","","","","","","","","","","","","","","","","","","","","","","","","","","","","","","","","","","",""
"06163007","TENDE_SAPC",44.043167,7.586,636,2000042811,0.4,1,"","","","","","","","","","","","","","","","","","","","","","","","","","","","","","","","","","",9.6,1,6.9,1,9.4,1,"","",9.7,1,"","","","","","","","","","","","","","","","","","","","",83,1,"","","","","","","","","","","","",9.9,1,"","","","","","","","","","","","","","","","","","","","","","","","","","","","","","","","","","","","","","","","","","","","","","","","","","","","","","","","","","","","","","","","","","","","","","","","","","","","","","","","","","","","","","","","","","","","","","","","","","","","","","","","","","","","","","","","","","","",""
"06163007","TENDE_SAPC",44.043167,7.586,636,2000042812,0.,1,"","","","","","","","","","","","","","","","","","","","","","","","","","","","","","","","","","",9.8,1,7.2,1,9.6,1,"","",9.8,1,"","","","","","","","","","","","","","","","","","","","",84,1,"","","","","","","","","","","","",10.2,1,"","","","","","","","","","","","","","","","","","","","","","","","","","","","","","","","","","","","","","","","","","","","","","","","","","","","","","","","","","","","","","","","","","","","","","","","","","","","","","","","","","","","","","","","","","","","","","","","","","","","","","","","","","","","","","","","","","","",""
"06163007","TENDE_SAPC",44.043167,7.586,636,2000042813,0.,1,"","","","","","","","","","","","","","","","","","","","","","","","","","","","","","","","","","",9.8,1,7.,1,9.6,1,"","",9.9,1,"","","","","","","","","","","","","","","","","","","","",83,1,"","","","","","","","","","","","",10.,1,"","","","","","","","","","","","","","","","","","","","","","","","","","","","","","","","","","","","","","","","","","","","","","","","","","","","","","","","","","","","","","","","","","","","","","","","","","","","","","","","","","","","","","","","","","","","","","","","","","","","","","","","","","","","","","","","","","","",""
"06163007","TENDE_SAPC",44.043167,7.586,636,2000042814,0.2,1,"","","","","","","","","","","","","","","","","","","","","","","","","","","","","","","","","","",9.8,1,7.4,1,9.7,1,"","",10.,1,"","","","","","","","","","","","","","","","","","","","",85,1,"","","","","","","","","","","","",10.3,1,"","","","","","","","","","","","","","","","","","","","","","","","","","","","","","","","","","","","","","","","","","","","","","","","","","","","","","","","","","","","","","","","","","","","","","","","","","","","","","","","","","","","","","","","","","","","","","","","","","","","","","","","","","","","","","","","","","","",""
"06163007","TENDE_SAPC",44.043167,7.586,636,2000042815,0.6,1,"","","","","","","","","","","","","","","","","","","","","","","","","","","","","","","","","","",9.7,1,7.3,1,9.5,1,"","",9.8,1,"","","","","","","","","","","","","","","","","","","","",85,1,"","","","","","","","","","","","",10.2,1,"","","","","","","","","","","","","","","","","","","","","","","","","","","","","","","","","","","","","","","","","","","","","","","","","","","","","","","","","","","","","","","","","","","","","","","","","","","","","","","","","","","","","","","","","","","","","","","","","","","","","","","","","","","","","","","","","","","",""
"06163007","TENDE_SAPC",44.043167,7.586,636,2000042816,0.2,1,"","","","","","","","","","","","","","","","","","","","","","","","","","","","","","","","","","",9.6,1,7.5,1,9.6,1,"","",9.8,1,"","","","","","","","","","","","","","","","","","","","",87,1,"","","","","","","","","","","","",10.4,1,"","","","","","","","","","","","","","","","","","","","","","","","","","","","","","","","","","","","","","","","","","","","","","","","","","","","","","","","","","","","","","","","","","","","","","","","","","","","","","","","","","","","","","","","","","","","","","","","","","","","","","","","","","","","","","","","","","","",""
"06163007","TENDE_SAPC",44.043167,7.586,636,2000042817,0.8,1,"","","","","","","","","","","","","","","","","","","","","","","","","","","","","","","","","","",9.4,1,7.7,1,9.4,1,"","",9.7,1,"","","","","","","","","","","","","","","","","","","","",89,1,"","","","","","","","","","","","",10.5,1,"","","","","","","","","","","","","","","","","","","","","","","","","","","","","","","","","","","","","","","","","","","","","","","","","","","","","","","","","","","","","","","","","","","","","","","","","","","","","","","","","","","","","","","","","","","","","","","","","","","","","","","","","","","","","","","","","","","",""
"06163007","TENDE_SAPC",44.043167,7.586,636,2000042818,0.4,1,"","","","","","","","","","","","","","","","","","","","","","","","","","","","","","","","","","",9.3,1,7.7,1,9.3,1,"","",9.4,1,"","","","","","","","","","","","","","","","","","","","",90,1,"","","","","","","","","","","","",10.5,1,"","","","","","","","","","","","","","","","","","","","","","","","","","","","","","","","","","","","","","","","","","","","","","","","","","","","","","","","","","","","","","","","","","","","","","","","","","","","","","","","","","","","","","","","","","","","","","","","","","","","","","","","","","","","","","","","","","","",""
"06163007","TENDE_SAPC",44.043167,7.586,636,2000042819,0.6,1,"","","","","","","","","","","","","","","","","","","","","","","","","","","","","","","","","","",9.3,1,7.7,1,9.2,1,"","",9.3,1,"","","","","","","","","","","","","","","","","","","","",90,1,"","","","","","","","","","","","",10.5,1,"","","","","","","","","","","","","","","","","","","","","","","","","","","","","","","","","","","","","","","","","","","","","","","","","","","","","","","","","","","","","","","","","","","","","","","","","","","","","","","","","","","","","","","","","","","","","","","","","","","","","","","","","","","","","","","","","","","",""
"06163007","TENDE_SAPC",44.043167,7.586,636,2000042820,1.2,1,"","","","","","","","","","","","","","","","","","","","","","","","","","","","","","","","","","",9.,1,7.1,1,9.,1,"","",9.3,1,"","","","","","","","","","","","","","","","","","","","",88,1,"","","","","","","","","","","","",10.1,1,"","","","","","","","","","","","","","","","","","","","","","","","","","","","","","","","","","","","","","","","","","","","","","","","","","","","","","","","","","","","","","","","","","","","","","","","","","","","","","","","","","","","","","","","","","","","","","","","","","","","","","","","","","","","","","","","","","","",""
"06163007","TENDE_SAPC",44.043167,7.586,636,2000042821,0.,1,"","","","","","","","","","","","","","","","","","","","","","","","","","","","","","","","","","",9.,1,7.4,1,8.9,1,"","",9.,1,"","","","","","","","","","","","","","","","","","","","",90,1,"","","","","","","","","","","","",10.3,1,"","","","","","","","","","","","","","","","","","","","","","","","","","","","","","","","","","","","","","","","","","","","","","","","","","","","","","","","","","","","","","","","","","","","","","","","","","","","","","","","","","","","","","","","","","","","","","","","","","","","","","","","","","","","","","","","","","","",""
"06163007","TENDE_SAPC",44.043167,7.586,636,2000042822,0.,1,"","","","","","","","","","","","","","","","","","","","","","","","","","","","","","","","","","",9.,1,7.6,1,8.9,1,"","",9.1,1,"","","","","","","","","","","","","","","","","","","","",91,1,"","","","","","","","","","","","",10.4,1,"","","","","","","","","","","","","","","","","","","","","","","","","","","","","","","","","","","","","","","","","","","","","","","","","","","","","","","","","","","","","","","","","","","","","","","","","","","","","","","","","","","","","","","","","","","","","","","","","","","","","","","","","","","","","","","","","","","",""
"06163007","TENDE_SAPC",44.043167,7.586,636,2000042823,0.,1,"","","","","","","","","","","","","","","","","","","","","","","","","","","","","","","","","","",8.8,1,7.4,1,8.8,1,"","",9.,1,"","","","","","","","","","","","","","","","","","","","",91,1,"","","","","","","","","","","","",10.3,1,"","","","","","","","","","","","","","","","","","","","","","","","","","","","","","","","","","","","","","","","","","","","","","","","","","","","","","","","","","","","","","","","","","","","","","","","","","","","","","","","","","","","","","","","","","","","","","","","","","","","","","","","","","","","","","","","","","","",""
"06163007","TENDE_SAPC",44.043167,7.586,636,2000042900,0.,1,"","","","","","","","","","","","","","","","","","","","","","","","","","","","","","","","","","",8.8,1,7.6,1,8.8,1,"","",8.9,1,"","","","","","","","","","","","","","","","","","","","",92,1,"","","","","","","","","","","","",10.4,1,"","","","","","","","","","","","","","","","","","","","","","","","","","","","","","","","","","","","","","","","","","","","","","","","","","","","","","","","","","","","","","","","","","","","","","","","","","","","","","","","","","","","","","","","","","","","","","","","","","","","","","","","","","","","","","","","","","","",""
"06163007","TENDE_SAPC",44.043167,7.586,636,2000042901,0.4,1,"","","","","","","","","","","","","","","","","","","","","","","","","","","","","","","","","","",8.8,1,7.6,1,8.8,1,"","",8.8,1,"","","","","","","","","","","","","","","","","","","","",92,1,"","","","","","","","","","","","",10.4,1,"","","","","","","","","","","","","","","","","","","","","","","","","","","","","","","","","","","","","","","","","","","","","","","","","","","","","","","","","","","","","","","","","","","","","","","","","","","","","","","","","","","","","","","","","","","","","","","","","","","","","","","","","","","","","","","","","","","",""
"06163007","TENDE_SAPC",44.043167,7.586,636,2000042902,0.2,1,"","","","","","","","","","","","","","","","","","","","","","","","","","","","","","","","","","",8.3,1,7.1,1,8.3,1,"","",8.8,1,"","","","","","","","","","","","","","","","","","","","",92,1,"","","","","","","","","","","","",10.1,1,"","","","","","","","","","","","","","","","","","","","","","","","","","","","","","","","","","","","","","","","","","","","","","","","","","","","","","","","","","","","","","","","","","","","","","","","","","","","","","","","","","","","","","","","","","","","","","","","","","","","","","","","","","","","","","","","","","","",""
"06163007","TENDE_SAPC",44.043167,7.586,636,2000042903,0.,1,"","","","","","","","","","","","","","","","","","","","","","","","","","","","","","","","","","",8.2,1,7.,1,8.2,1,"","",8.4,1,"","","","","","","","","","","","","","","","","","","","",92,1,"","","","","","","","","","","","",10.,1,"","","","","","","","","","","","","","","","","","","","","","","","","","","","","","","","","","","","","","","","","","","","","","","","","","","","","","","","","","","","","","","","","","","","","","","","","","","","","","","","","","","","","","","","","","","","","","","","","","","","","","","","","","","","","","","","","","","",""
"06163007","TENDE_SAPC",44.043167,7.586,636,2000042904,0.,1,"","","","","","","","","","","","","","","","","","","","","","","","","","","","","","","","","","",7.1,1,5.9,1,7.1,1,"","",8.3,1,"","","","","","","","","","","","","","","","","","","","",92,1,"","","","","","","","","","","","",9.3,1,"","","","","","","","","","","","","","","","","","","","","","","","","","","","","","","","","","","","","","","","","","","","","","","","","","","","","","","","","","","","","","","","","","","","","","","","","","","","","","","","","","","","","","","","","","","","","","","","","","","","","","","","","","","","","","","","","","","",""
"06163007","TENDE_SAPC",44.043167,7.586,636,2000042905,0.,1,"","","","","","","","","","","","","","","","","","","","","","","","","","","","","","","","","","",6.3,1,5.1,1,6.3,1,"","",7.1,1,"","","","","","","","","","","","","","","","","","","","",92,1,"","","","","","","","","","","","",8.8,1,"","","","","","","","","","","","","","","","","","","","","","","","","","","","","","","","","","","","","","","","","","","","","","","","","","","","","","","","","","","","","","","","","","","","","","","","","","","","","","","","","","","","","","","","","","","","","","","","","","","","","","","","","","","","","","","","","","","",""
"06163007","TENDE_SAPC",44.043167,7.586,636,2000042906,0.,1,"","","","","","","","","","","","","","","","","","","","","","","","","","","","","","","","","","",6.4,1,5.2,1,6.2,1,"","",6.5,1,"","","","","","","","","","","","","","","","","","","","",92,1,"","","","","","","","","","","","",8.8,1,"","","","","","","","","","","","","","","","","","","","","","","","","","","","","","","","","","","","","","","","","","","","","","","","","","","","","","","","","","","","","","","","","","","","","","","","","","","","","","","","","","","","","","","","","","","","","","","","","","","","","","","","","","","","","","","","","","","",""
"06163007","TENDE_SAPC",44.043167,7.586,636,2000042907,0.,1,"","","","","","","","","","","","","","","","","","","","","","","","","","","","","","","","","","",7.6,1,6.2,1,6.4,1,"","",7.6,1,"","","","","","","","","","","","","","","","","","","","",91,1,"","","","","","","","","","","","",9.5,1,"","","","","","","","","","","","","","","","","","","","","","","","","","","","","","","","","","","","","","","","","","","","","","","","","","","","","","","","","","","","","","","","","","","","","","","","","","","","","","","","","","","","","","","","","","","","","","","","","","","","","","","","","","","","","","","","","","","",""
"06163007","TENDE_SAPC",44.043167,7.586,636,2000042908,0.,1,"","","","","","","","","","","","","","","","","","","","","","","","","","","","","","","","","","",8.6,1,6.6,1,7.5,1,"","",9.,1,"","","","","","","","","","","","","","","","","","","","",87,1,"","","","","","","","","","","","",9.7,1,"","","","","","","","","","","","","","","","","","","","","","","","","","","","","","","","","","","","","","","","","","","","","","","","","","","","","","","","","","","","","","","","","","","","","","","","","","","","","","","","","","","","","","","","","","","","","","","","","","","","","","","","","","","","","","","","","","","",""
"06163007","TENDE_SAPC",44.043167,7.586,636,2000042909,0.,1,"","","","","","","","","","","","","","","","","","","","","","","","","","","","","","","","","","",9.5,1,7.4,1,8.6,1,"","",9.5,1,"","","","","","","","","","","","","","","","","","","","",87,1,"","","","","","","","","","","","",10.3,1,"","","","","","","","","","","","","","","","","","","","","","","","","","","","","","","","","","","","","","","","","","","","","","","","","","","","","","","","","","","","","","","","","","","","","","","","","","","","","","","","","","","","","","","","","","","","","","","","","","","","","","","","","","","","","","","","","","","",""
"06163007","TENDE_SAPC",44.043167,7.586,636,2000042910,0.,1,"","","","","","","","","","","","","","","","","","","","","","","","","","","","","","","","","","",13.2,1,5.4,1,9.5,1,"","",13.3,1,"","","","","","","","","","","","","","","","","","","","",59,1,"","","","","","","","","","","","",8.9,1,"","","","","","","","","","","","","","","","","","","","","","","","","","","","","","","","","","","","","","","","","","","","","","","","","","","","","","","","","","","","","","","","","","","","","","","","","","","","","","","","","","","","","","","","","","","","","","","","","","","","","","","","","","","","","","","","","","","",""
"06163007","TENDE_SAPC",44.043167,7.586,636,2000042911,0.,1,"","","","","","","","","","","","","","","","","","","","","","","","","","","","","","","","","","",16.1,1,5.7,1,12.8,1,"","",16.1,1,"","","","","","","","","","","","","","","","","","","","",50,1,"","","","","","","","","","","","",9.1,1,"","","","","","","","","","","","","","","","","","","","","","","","","","","","","","","","","","","","","","","","","","","","","","","","","","","","","","","","","","","","","","","","","","","","","","","","","","","","","","","","","","","","","","","","","","","","","","","","","","","","","","","","","","","","","","","","","","","",""
"06163007","TENDE_SAPC",44.043167,7.586,636,2000042912,0.,1,"","","","","","","","","","","","","","","","","","","","","","","","","","","","","","","","","","",16.3,1,5.6,1,15.2,1,"","",16.3,1,"","","","","","","","","","","","","","","","","","","","",49,1,"","","","","","","","","","","","",9.1,1,"","","","","","","","","","","","","","","","","","","","","","","","","","","","","","","","","","","","","","","","","","","","","","","","","","","","","","","","","","","","","","","","","","","","","","","","","","","","","","","","","","","","","","","","","","","","","","","","","","","","","","","","","","","","","","","","","","","",""
"06163007","TENDE_SAPC",44.043167,7.586,636,2000042913,0.,1,"","","","","","","","","","","","","","","","","","","","","","","","","","","","","","","","","","",15.3,1,6.3,1,15.1,1,"","",16.9,1,"","","","","","","","","","","","","","","","","","","","",55,1,"","","","","","","","","","","","",9.5,1,"","","","","","","","","","","","","","","","","","","","","","","","","","","","","","","","","","","","","","","","","","","","","","","","","","","","","","","","","","","","","","","","","","","","","","","","","","","","","","","","","","","","","","","","","","","","","","","","","","","","","","","","","","","","","","","","","","","",""
"06163007","TENDE_SAPC",44.043167,7.586,636,2000042914,0.2,1,"","","","","","","","","","","","","","","","","","","","","","","","","","","","","","","","","","",16.1,1,5.7,1,14.9,1,"","",16.1,1,"","","","","","","","","","","","","","","","","","","","",50,1,"","","","","","","","","","","","",9.1,1,"","","","","","","","","","","","","","","","","","","","","","","","","","","","","","","","","","","","","","","","","","","","","","","","","","","","","","","","","","","","","","","","","","","","","","","","","","","","","","","","","","","","","","","","","","","","","","","","","","","","","","","","","","","","","","","","","","","",""
"06163007","TENDE_SAPC",44.043167,7.586,636,2000042915,0.,1,"","","","","","","","","","","","","","","","","","","","","","","","","","","","","","","","","","",15.7,1,5.9,1,15.7,1,"","",16.4,1,"","","","","","","","","","","","","","","","","","","","",52,1,"","","","","","","","","","","","",9.3,1,"","","","","","","","","","","","","","","","","","","","","","","","","","","","","","","","","","","","","","","","","","","","","","","","","","","","","","","","","","","","","","","","","","","","","","","","","","","","","","","","","","","","","","","","","","","","","","","","","","","","","","","","","","","","","","","","","","","",""
"06163007","TENDE_SAPC",44.043167,7.586,636,2000042916,0.,1,"","","","","","","","","","","","","","","","","","","","","","","","","","","","","","","","","","",14.5,1,8.,1,14.4,1,"","",15.9,1,"","","","","","","","","","","","","","","","","","","","",65,1,"","","","","","","","","","","","",10.7,1,"","","","","","","","","","","","","","","","","","","","","","","","","","","","","","","","","","","","","","","","","","","","","","","","","","","","","","","","","","","","","","","","","","","","","","","","","","","","","","","","","","","","","","","","","","","","","","","","","","","","","","","","","","","","","","","","","","","",""
"06163007","TENDE_SAPC",44.043167,7.586,636,2000042917,0.,1,"","","","","","","","","","","","","","","","","","","","","","","","","","","","","","","","","","",12.9,1,9.3,1,12.9,1,"","",14.6,1,"","","","","","","","","","","","","","","","","","","","",79,1,"","","","","","","","","","","","",11.7,1,"","","","","","","","","","","","","","","","","","","","","","","","","","","","","","","","","","","","","","","","","","","","","","","","","","","","","","","","","","","","","","","","","","","","","","","","","","","","","","","","","","","","","","","","","","","","","","","","","","","","","","","","","","","","","","","","","","","",""
"06163007","TENDE_SAPC",44.043167,7.586,636,2000042918,0.,1,"","","","","","","","","","","","","","","","","","","","","","","","","","","","","","","","","","",11.3,1,8.9,1,11.3,1,"","",12.8,1,"","","","","","","","","","","","","","","","","","","","",85,1,"","","","","","","","","","","","",11.4,1,"","","","","","","","","","","","","","","","","","","","","","","","","","","","","","","","","","","","","","","","","","","","","","","","","","","","","","","","","","","","","","","","","","","","","","","","","","","","","","","","","","","","","","","","","","","","","","","","","","","","","","","","","","","","","","","","","","","",""
"06163007","TENDE_SAPC",44.043167,7.586,636,2000042919,0.,1,"","","","","","","","","","","","","","","","","","","","","","","","","","","","","","","","","","",9.8,1,7.7,1,9.8,1,"","",11.3,1,"","","","","","","","","","","","","","","","","","","","",87,1,"","","","","","","","","","","","",10.5,1,"","","","","","","","","","","","","","","","","","","","","","","","","","","","","","","","","","","","","","","","","","","","","","","","","","","","","","","","","","","","","","","","","","","","","","","","","","","","","","","","","","","","","","","","","","","","","","","","","","","","","","","","","","","","","","","","","","","",""
"06163007","TENDE_SAPC",44.043167,7.586,636,2000042920,0.,1,"","","","","","","","","","","","","","","","","","","","","","","","","","","","","","","","","","",10.2,1,7.1,1,9.5,1,"","",10.2,1,"","","","","","","","","","","","","","","","","","","","",81,1,"","","","","","","","","","","","",10.1,1,"","","","","","","","","","","","","","","","","","","","","","","","","","","","","","","","","","","","","","","","","","","","","","","","","","","","","","","","","","","","","","","","","","","","","","","","","","","","","","","","","","","","","","","","","","","","","","","","","","","","","","","","","","","","","","","","","","","",""
"06163007","TENDE_SAPC",44.043167,7.586,636,2000042921,0.,1,"","","","","","","","","","","","","","","","","","","","","","","","","","","","","","","","","","",10.4,1,6.2,1,10.2,1,"","",11.1,1,"","","","","","","","","","","","","","","","","","","","",75,1,"","","","","","","","","","","","",9.4,1,"","","","","","","","","","","","","","","","","","","","","","","","","","","","","","","","","","","","","","","","","","","","","","","","","","","","","","","","","","","","","","","","","","","","","","","","","","","","","","","","","","","","","","","","","","","","","","","","","","","","","","","","","","","","","","","","","","","",""
"06163007","TENDE_SAPC",44.043167,7.586,636,2000042922,0.,1,"","","","","","","","","","","","","","","","","","","","","","","","","","","","","","","","","","",8.4,1,5.9,1,8.4,1,"","",10.3,1,"","","","","","","","","","","","","","","","","","","","",84,1,"","","","","","","","","","","","",9.2,1,"","","","","","","","","","","","","","","","","","","","","","","","","","","","","","","","","","","","","","","","","","","","","","","","","","","","","","","","","","","","","","","","","","","","","","","","","","","","","","","","","","","","","","","","","","","","","","","","","","","","","","","","","","","","","","","","","","","",""
"06163007","TENDE_SAPC",44.043167,7.586,636,2000042923,0.,1,"","","","","","","","","","","","","","","","","","","","","","","","","","","","","","","","","","",7.7,1,5.2,1,7.7,1,"","",8.4,1,"","","","","","","","","","","","","","","","","","","","",84,1,"","","","","","","","","","","","",8.8,1,"","","","","","","","","","","","","","","","","","","","","","","","","","","","","","","","","","","","","","","","","","","","","","","","","","","","","","","","","","","","","","","","","","","","","","","","","","","","","","","","","","","","","","","","","","","","","","","","","","","","","","","","","","","","","","","","","","","",""
"06163007","TENDE_SAPC",44.043167,7.586,636,2000043000,0.,1,"","","","","","","","","","","","","","","","","","","","","","","","","","","","","","","","","","",7.4,1,4.9,1,7.3,1,"","",7.9,1,"","","","","","","","","","","","","","","","","","","","",84,1,"","","","","","","","","","","","",8.6,1,"","","","","","","","","","","","","","","","","","","","","","","","","","","","","","","","","","","","","","","","","","","","","","","","","","","","","","","","","","","","","","","","","","","","","","","","","","","","","","","","","","","","","","","","","","","","","","","","","","","","","","","","","","","","","","","","","","","",""
"06163007","TENDE_SAPC",44.043167,7.586,636,2000043001,0.,1,"","","","","","","","","","","","","","","","","","","","","","","","","","","","","","","","","","",7.1,1,4.6,1,7.,1,"","",7.4,1,"","","","","","","","","","","","","","","","","","","","",84,1,"","","","","","","","","","","","",8.5,1,"","","","","","","","","","","","","","","","","","","","","","","","","","","","","","","","","","","","","","","","","","","","","","","","","","","","","","","","","","","","","","","","","","","","","","","","","","","","","","","","","","","","","","","","","","","","","","","","","","","","","","","","","","","","","","","","","","","",""
"06163007","TENDE_SAPC",44.043167,7.586,636,2000043002,0.,1,"","","","","","","","","","","","","","","","","","","","","","","","","","","","","","","","","","",8.,1,5.1,1,7.1,1,"","",8.,1,"","","","","","","","","","","","","","","","","","","","",82,1,"","","","","","","","","","","","",8.8,1,"","","","","","","","","","","","","","","","","","","","","","","","","","","","","","","","","","","","","","","","","","","","","","","","","","","","","","","","","","","","","","","","","","","","","","","","","","","","","","","","","","","","","","","","","","","","","","","","","","","","","","","","","","","","","","","","","","","",""
"06163007","TENDE_SAPC",44.043167,7.586,636,2000043003,0.,1,"","","","","","","","","","","","","","","","","","","","","","","","","","","","","","","","","","",8.5,1,5.4,1,8.,1,"","",8.5,1,"","","","","","","","","","","","","","","","","","","","",81,1,"","","","","","","","","","","","",9.,1,"","","","","","","","","","","","","","","","","","","","","","","","","","","","","","","","","","","","","","","","","","","","","","","","","","","","","","","","","","","","","","","","","","","","","","","","","","","","","","","","","","","","","","","","","","","","","","","","","","","","","","","","","","","","","","","","","","","",""
"06163007","TENDE_SAPC",44.043167,7.586,636,2000043004,0.,1,"","","","","","","","","","","","","","","","","","","","","","","","","","","","","","","","","","",8.9,1,5.8,1,8.5,1,"","",8.9,1,"","","","","","","","","","","","","","","","","","","","",81,1,"","","","","","","","","","","","",9.2,1,"","","","","","","","","","","","","","","","","","","","","","","","","","","","","","","","","","","","","","","","","","","","","","","","","","","","","","","","","","","","","","","","","","","","","","","","","","","","","","","","","","","","","","","","","","","","","","","","","","","","","","","","","","","","","","","","","","","",""
"06163007","TENDE_SAPC",44.043167,7.586,636,2000043005,0.,1,"","","","","","","","","","","","","","","","","","","","","","","","","","","","","","","","","","",9.6,1,6.3,1,8.9,1,"","",9.6,1,"","","","","","","","","","","","","","","","","","","","",80,1,"","","","","","","","","","","","",9.5,1,"","","","","","","","","","","","","","","","","","","","","","","","","","","","","","","","","","","","","","","","","","","","","","","","","","","","","","","","","","","","","","","","","","","","","","","","","","","","","","","","","","","","","","","","","","","","","","","","","","","","","","","","","","","","","","","","","","","",""
"06163007","TENDE_SAPC",44.043167,7.586,636,2000043006,0.,1,"","","","","","","","","","","","","","","","","","","","","","","","","","","","","","","","","","",10.5,1,6.1,1,9.5,1,"","",10.5,1,"","","","","","","","","","","","","","","","","","","","",74,1,"","","","","","","","","","","","",9.4,1,"","","","","","","","","","","","","","","","","","","","","","","","","","","","","","","","","","","","","","","","","","","","","","","","","","","","","","","","","","","","","","","","","","","","","","","","","","","","","","","","","","","","","","","","","","","","","","","","","","","","","","","","","","","","","","","","","","","",""
"06163007","TENDE_SAPC",44.043167,7.586,636,2000043007,0.,1,"","","","","","","","","","","","","","","","","","","","","","","","","","","","","","","","","","",12.4,1,6.7,1,10.5,1,"","",12.4,1,"","","","","","","","","","","","","","","","","","","","",68,1,"","","","","","","","","","","","",9.8,1,"","","","","","","","","","","","","","","","","","","","","","","","","","","","","","","","","","","","","","","","","","","","","","","","","","","","","","","","","","","","","","","","","","","","","","","","","","","","","","","","","","","","","","","","","","","","","","","","","","","","","","","","","","","","","","","","","","","",""
"06163007","TENDE_SAPC",44.043167,7.586,636,2000043008,0.,1,"","","","","","","","","","","","","","","","","","","","","","","","","","","","","","","","","","",13.3,1,5.2,1,12.4,1,"","",13.3,1,"","","","","","","","","","","","","","","","","","","","",58,1,"","","","","","","","","","","","",8.8,1,"","","","","","","","","","","","","","","","","","","","","","","","","","","","","","","","","","","","","","","","","","","","","","","","","","","","","","","","","","","","","","","","","","","","","","","","","","","","","","","","","","","","","","","","","","","","","","","","","","","","","","","","","","","","","","","","","","","",""
"06163007","TENDE_SAPC",44.043167,7.586,636,2000043009,0.,1,"","","","","","","","","","","","","","","","","","","","","","","","","","","","","","","","","","",16.9,1,5.5,1,13.3,1,"","",16.9,1,"","","","","","","","","","","","","","","","","","","","",47,1,"","","","","","","","","","","","",9.,1,"","","","","","","","","","","","","","","","","","","","","","","","","","","","","","","","","","","","","","","","","","","","","","","","","","","","","","","","","","","","","","","","","","","","","","","","","","","","","","","","","","","","","","","","","","","","","","","","","","","","","","","","","","","","","","","","","","","",""
"06163007","TENDE_SAPC",44.043167,7.586,636,2000043010,0.,1,"","","","","","","","","","","","","","","","","","","","","","","","","","","","","","","","","","",19.3,1,5.7,1,17.,1,"","",19.3,1,"","","","","","","","","","","","","","","","","","","","",41,1,"","","","","","","","","","","","",9.2,1,"","","","","","","","","","","","","","","","","","","","","","","","","","","","","","","","","","","","","","","","","","","","","","","","","","","","","","","","","","","","","","","","","","","","","","","","","","","","","","","","","","","","","","","","","","","","","","","","","","","","","","","","","","","","","","","","","","","",""
"06163007","TENDE_SAPC",44.043167,7.586,636,2000043011,0.,1,"","","","","","","","","","","","","","","","","","","","","","","","","","","","","","","","","","",18.5,1,6.,1,18.4,1,"","",19.6,1,"","","","","","","","","","","","","","","","","","","","",44,1,"","","","","","","","","","","","",9.3,1,"","","","","","","","","","","","","","","","","","","","","","","","","","","","","","","","","","","","","","","","","","","","","","","","","","","","","","","","","","","","","","","","","","","","","","","","","","","","","","","","","","","","","","","","","","","","","","","","","","","","","","","","","","","","","","","","","","","",""
"06163007","TENDE_SAPC",44.043167,7.586,636,2000043012,0.,1,"","","","","","","","","","","","","","","","","","","","","","","","","","","","","","","","","","",18.,1,5.9,1,17.8,1,"","",18.6,1,"","","","","","","","","","","","","","","","","","","","",45,1,"","","","","","","","","","","","",9.3,1,"","","","","","","","","","","","","","","","","","","","","","","","","","","","","","","","","","","","","","","","","","","","","","","","","","","","","","","","","","","","","","","","","","","","","","","","","","","","","","","","","","","","","","","","","","","","","","","","","","","","","","","","","","","","","","","","","","","",""
"06163007","TENDE_SAPC",44.043167,7.586,636,2000043013,0.,1,"","","","","","","","","","","","","","","","","","","","","","","","","","","","","","","","","","",20.1,1,5.7,1,17.8,1,"","",20.1,1,"","","","","","","","","","","","","","","","","","","","",39,1,"","","","","","","","","","","","",9.2,1,"","","","","","","","","","","","","","","","","","","","","","","","","","","","","","","","","","","","","","","","","","","","","","","","","","","","","","","","","","","","","","","","","","","","","","","","","","","","","","","","","","","","","","","","","","","","","","","","","","","","","","","","","","","","","","","","","","","",""
"06163007","TENDE_SAPC",44.043167,7.586,636,2000043014,0.,1,"","","","","","","","","","","","","","","","","","","","","","","","","","","","","","","","","","",19.2,1,6.3,1,19.2,1,"","",20.3,1,"","","","","","","","","","","","","","","","","","","","",43,1,"","","","","","","","","","","","",9.5,1,"","","","","","","","","","","","","","","","","","","","","","","","","","","","","","","","","","","","","","","","","","","","","","","","","","","","","","","","","","","","","","","","","","","","","","","","","","","","","","","","","","","","","","","","","","","","","","","","","","","","","","","","","","","","","","","","","","","",""
"06163007","TENDE_SAPC",44.043167,7.586,636,2000043015,0.,1,"","","","","","","","","","","","","","","","","","","","","","","","","","","","","","","","","","",18.4,1,6.2,1,18.4,1,"","",19.2,1,"","","","","","","","","","","","","","","","","","","","",45,1,"","","","","","","","","","","","",9.5,1,"","","","","","","","","","","","","","","","","","","","","","","","","","","","","","","","","","","","","","","","","","","","","","","","","","","","","","","","","","","","","","","","","","","","","","","","","","","","","","","","","","","","","","","","","","","","","","","","","","","","","","","","","","","","","","","","","","","",""
"06163007","TENDE_SAPC",44.043167,7.586,636,2000043016,0.,1,"","","","","","","","","","","","","","","","","","","","","","","","","","","","","","","","","","",18.3,1,5.8,1,18.1,1,"","",18.4,1,"","","","","","","","","","","","","","","","","","","","",44,1,"","","","","","","","","","","","",9.2,1,"","","","","","","","","","","","","","","","","","","","","","","","","","","","","","","","","","","","","","","","","","","","","","","","","","","","","","","","","","","","","","","","","","","","","","","","","","","","","","","","","","","","","","","","","","","","","","","","","","","","","","","","","","","","","","","","","","","",""
"06163007","TENDE_SAPC",44.043167,7.586,636,2000043017,0.,1,"","","","","","","","","","","","","","","","","","","","","","","","","","","","","","","","","","",17.3,1,6.2,1,17.3,1,"","",18.4,1,"","","","","","","","","","","","","","","","","","","","",48,1,"","","","","","","","","","","","",9.5,1,"","","","","","","","","","","","","","","","","","","","","","","","","","","","","","","","","","","","","","","","","","","","","","","","","","","","","","","","","","","","","","","","","","","","","","","","","","","","","","","","","","","","","","","","","","","","","","","","","","","","","","","","","","","","","","","","","","","",""
"06163007","TENDE_SAPC",44.043167,7.586,636,2000043018,0.,1,"","","","","","","","","","","","","","","","","","","","","","","","","","","","","","","","","","",16.3,1,6.1,1,16.2,1,"","",17.3,1,"","","","","","","","","","","","","","","","","","","","",51,1,"","","","","","","","","","","","",9.4,1,"","","","","","","","","","","","","","","","","","","","","","","","","","","","","","","","","","","","","","","","","","","","","","","","","","","","","","","","","","","","","","","","","","","","","","","","","","","","","","","","","","","","","","","","","","","","","","","","","","","","","","","","","","","","","","","","","","","",""
"06163007","TENDE_SAPC",44.043167,7.586,636,2000043019,0.,1,"","","","","","","","","","","","","","","","","","","","","","","","","","","","","","","","","","",15.6,1,6.,1,15.6,1,"","",16.3,1,"","","","","","","","","","","","","","","","","","","","",53,1,"","","","","","","","","","","","",9.4,1,"","","","","","","","","","","","","","","","","","","","","","","","","","","","","","","","","","","","","","","","","","","","","","","","","","","","","","","","","","","","","","","","","","","","","","","","","","","","","","","","","","","","","","","","","","","","","","","","","","","","","","","","","","","","","","","","","","","",""
"06163007","TENDE_SAPC",44.043167,7.586,636,2000043020,0.,1,"","","","","","","","","","","","","","","","","","","","","","","","","","","","","","","","","","",13.7,1,6.3,1,13.7,1,"","",15.6,1,"","","","","","","","","","","","","","","","","","","","",61,1,"","","","","","","","","","","","",9.5,1,"","","","","","","","","","","","","","","","","","","","","","","","","","","","","","","","","","","","","","","","","","","","","","","","","","","","","","","","","","","","","","","","","","","","","","","","","","","","","","","","","","","","","","","","","","","","","","","","","","","","","","","","","","","","","","","","","","","",""
"06163007","TENDE_SAPC",44.043167,7.586,636,2000043021,0.,1,"","","","","","","","","","","","","","","","","","","","","","","","","","","","","","","","","","",11.2,1,6.3,1,11.2,1,"","",13.6,1,"","","","","","","","","","","","","","","","","","","","",72,1,"","","","","","","","","","","","",9.6,1,"","","","","","","","","","","","","","","","","","","","","","","","","","","","","","","","","","","","","","","","","","","","","","","","","","","","","","","","","","","","","","","","","","","","","","","","","","","","","","","","","","","","","","","","","","","","","","","","","","","","","","","","","","","","","","","","","","","",""
"06163007","TENDE_SAPC",44.043167,7.586,636,2000043022,0.,1,"","","","","","","","","","","","","","","","","","","","","","","","","","","","","","","","","","",10.2,1,5.8,1,10.2,1,"","",11.1,1,"","","","","","","","","","","","","","","","","","","","",74,1,"","","","","","","","","","","","",9.2,1,"","","","","","","","","","","","","","","","","","","","","","","","","","","","","","","","","","","","","","","","","","","","","","","","","","","","","","","","","","","","","","","","","","","","","","","","","","","","","","","","","","","","","","","","","","","","","","","","","","","","","","","","","","","","","","","","","","","",""
"06163007","TENDE_SAPC",44.043167,7.586,636,2000043023,0.,1,"","","","","","","","","","","","","","","","","","","","","","","","","","","","","","","","","","",9.8,1,5.4,1,9.6,1,"","",10.1,1,"","","","","","","","","","","","","","","","","","","","",74,1,"","","","","","","","","","","","",9.,1,"","","","","","","","","","","","","","","","","","","","","","","","","","","","","","","","","","","","","","","","","","","","","","","","","","","","","","","","","","","","","","","","","","","","","","","","","","","","","","","","","","","","","","","","","","","","","","","","","","","","","","","","","","","","","","","","","","","",""
"06163007","TENDE_SAPC",44.043167,7.586,636,2000050100,0.,1,"","","","","","","","","","","","","","","","","","","","","","","","","","","","","","","","","","",9.2,1,5.2,1,9.2,1,"","",9.7,1,"","","","","","","","","","","","","","","","","","","","",76,1,"","","","","","","","","","","","",8.8,1,"","","","","","","","","","","","","","","","","","","","","","","","","","","","","","","","","","","","","","","","","","","","","","","","","","","","","","","","","","","","","","","","","","","","","","","","","","","","","","","","","","","","","","","","","","","","","","","","","","","","","","","","","","","","","","","","","","","",""
"06163007","TENDE_SAPC",44.043167,7.586,636,2000050101,0.,1,"","","","","","","","","","","","","","","","","","","","","","","","","","","","","","","","","","",8.8,1,5.2,1,8.8,1,"","",9.2,1,"","","","","","","","","","","","","","","","","","","","",78,1,"","","","","","","","","","","","",8.8,1,"","","","","","","","","","","","","","","","","","","","","","","","","","","","","","","","","","","","","","","","","","","","","","","","","","","","","","","","","","","","","","","","","","","","","","","","","","","","","","","","","","","","","","","","","","","","","","","","","","","","","","","","","","","","","","","","","","","",""
"06163007","TENDE_SAPC",44.043167,7.586,636,2000050102,0.,1,"","","","","","","","","","","","","","","","","","","","","","","","","","","","","","","","","","",8.3,1,5.,1,8.3,1,"","",9.1,1,"","","","","","","","","","","","","","","","","","","","",80,1,"","","","","","","","","","","","",8.7,1,"","","","","","","","","","","","","","","","","","","","","","","","","","","","","","","","","","","","","","","","","","","","","","","","","","","","","","","","","","","","","","","","","","","","","","","","","","","","","","","","","","","","","","","","","","","","","","","","","","","","","","","","","","","","","","","","","","","",""
"06163007","TENDE_SAPC",44.043167,7.586,636,2000050103,0.,1,"","","","","","","","","","","","","","","","","","","","","","","","","","","","","","","","","","",7.9,1,5.,1,7.9,1,"","",8.4,1,"","","","","","","","","","","","","","","","","","","","",82,1,"","","","","","","","","","","","",8.7,1,"","","","","","","","","","","","","","","","","","","","","","","","","","","","","","","","","","","","","","","","","","","","","","","","","","","","","","","","","","","","","","","","","","","","","","","","","","","","","","","","","","","","","","","","","","","","","","","","","","","","","","","","","","","","","","","","","","","",""
"06163007","TENDE_SAPC",44.043167,7.586,636,2000050104,0.,1,"","","","","","","","","","","","","","","","","","","","","","","","","","","","","","","","","","",8.2,1,4.8,1,7.8,1,"","",8.3,1,"","","","","","","","","","","","","","","","","","","","",79,1,"","","","","","","","","","","","",8.6,1,"","","","","","","","","","","","","","","","","","","","","","","","","","","","","","","","","","","","","","","","","","","","","","","","","","","","","","","","","","","","","","","","","","","","","","","","","","","","","","","","","","","","","","","","","","","","","","","","","","","","","","","","","","","","","","","","","","","",""
"06163007","TENDE_SAPC",44.043167,7.586,636,2000050105,0.,1,"","","","","","","","","","","","","","","","","","","","","","","","","","","","","","","","","","",8.2,1,4.4,1,7.8,1,"","",8.3,1,"","","","","","","","","","","","","","","","","","","","",77,1,"","","","","","","","","","","","",8.4,1,"","","","","","","","","","","","","","","","","","","","","","","","","","","","","","","","","","","","","","","","","","","","","","","","","","","","","","","","","","","","","","","","","","","","","","","","","","","","","","","","","","","","","","","","","","","","","","","","","","","","","","","","","","","","","","","","","","","",""
"06163007","TENDE_SAPC",44.043167,7.586,636,2000050106,0.,1,"","","","","","","","","","","","","","","","","","","","","","","","","","","","","","","","","","",8.4,1,5.1,1,8.,1,"","",8.4,1,"","","","","","","","","","","","","","","","","","","","",80,1,"","","","","","","","","","","","",8.8,1,"","","","","","","","","","","","","","","","","","","","","","","","","","","","","","","","","","","","","","","","","","","","","","","","","","","","","","","","","","","","","","","","","","","","","","","","","","","","","","","","","","","","","","","","","","","","","","","","","","","","","","","","","","","","","","","","","","","",""
"06163007","TENDE_SAPC",44.043167,7.586,636,2000050107,0.,1,"","","","","","","","","","","","","","","","","","","","","","","","","","","","","","","","","","",10.7,1,5.7,1,8.4,1,"","",10.7,1,"","","","","","","","","","","","","","","","","","","","",71,1,"","","","","","","","","","","","",9.1,1,"","","","","","","","","","","","","","","","","","","","","","","","","","","","","","","","","","","","","","","","","","","","","","","","","","","","","","","","","","","","","","","","","","","","","","","","","","","","","","","","","","","","","","","","","","","","","","","","","","","","","","","","","","","","","","","","","","","",""
"06163007","TENDE_SAPC",44.043167,7.586,636,2000050108,0.,1,"","","","","","","","","","","","","","","","","","","","","","","","","","","","","","","","","","",16.4,1,6.8,1,10.8,1,"","",16.4,1,"","","","","","","","","","","","","","","","","","","","",53,1,"","","","","","","","","","","","",9.9,1,"","","","","","","","","","","","","","","","","","","","","","","","","","","","","","","","","","","","","","","","","","","","","","","","","","","","","","","","","","","","","","","","","","","","","","","","","","","","","","","","","","","","","","","","","","","","","","","","","","","","","","","","","","","","","","","","","","","",""
"06163007","TENDE_SAPC",44.043167,7.586,636,2000050109,0.,1,"","","","","","","","","","","","","","","","","","","","","","","","","","","","","","","","","","",19.8,1,5.1,1,16.3,1,"","",19.8,1,"","","","","","","","","","","","","","","","","","","","",38,1,"","","","","","","","","","","","",8.8,1,"","","","","","","","","","","","","","","","","","","","","","","","","","","","","","","","","","","","","","","","","","","","","","","","","","","","","","","","","","","","","","","","","","","","","","","","","","","","","","","","","","","","","","","","","","","","","","","","","","","","","","","","","","","","","","","","","","","",""
"06163007","TENDE_SAPC",44.043167,7.586,636,2000050110,0.,1,"","","","","","","","","","","","","","","","","","","","","","","","","","","","","","","","","","",20.8,1,5.2,1,19.8,1,"","",20.8,1,"","","","","","","","","","","","","","","","","","","","",36,1,"","","","","","","","","","","","",8.8,1,"","","","","","","","","","","","","","","","","","","","","","","","","","","","","","","","","","","","","","","","","","","","","","","","","","","","","","","","","","","","","","","","","","","","","","","","","","","","","","","","","","","","","","","","","","","","","","","","","","","","","","","","","","","","","","","","","","","",""
"06163007","TENDE_SAPC",44.043167,7.586,636,2000050111,0.,1,"","","","","","","","","","","","","","","","","","","","","","","","","","","","","","","","","","",20.,1,7.,1,20.,1,"","",21.3,1,"","","","","","","","","","","","","","","","","","","","",43,1,"","","","","","","","","","","","",10.,1,"","","","","","","","","","","","","","","","","","","","","","","","","","","","","","","","","","","","","","","","","","","","","","","","","","","","","","","","","","","","","","","","","","","","","","","","","","","","","","","","","","","","","","","","","","","","","","","","","","","","","","","","","","","","","","","","","","","",""
"06163007","TENDE_SAPC",44.043167,7.586,636,2000050112,0.,1,"","","","","","","","","","","","","","","","","","","","","","","","","","","","","","","","","","",19.7,1,8.1,1,19.7,1,"","",20.9,1,"","","","","","","","","","","","","","","","","","","","",47,1,"","","","","","","","","","","","",10.8,1,"","","","","","","","","","","","","","","","","","","","","","","","","","","","","","","","","","","","","","","","","","","","","","","","","","","","","","","","","","","","","","","","","","","","","","","","","","","","","","","","","","","","","","","","","","","","","","","","","","","","","","","","","","","","","","","","","","","",""
"06163007","TENDE_SAPC",44.043167,7.586,636,2000050113,0.,1,"","","","","","","","","","","","","","","","","","","","","","","","","","","","","","","","","","",20.1,1,7.1,1,18.,1,"","",20.1,1,"","","","","","","","","","","","","","","","","","","","",43,1,"","","","","","","","","","","","",10.1,1,"","","","","","","","","","","","","","","","","","","","","","","","","","","","","","","","","","","","","","","","","","","","","","","","","","","","","","","","","","","","","","","","","","","","","","","","","","","","","","","","","","","","","","","","","","","","","","","","","","","","","","","","","","","","","","","","","","","",""
"06163007","TENDE_SAPC",44.043167,7.586,636,2000050114,0.,1,"","","","","","","","","","","","","","","","","","","","","","","","","","","","","","","","","","",20.3,1,7.6,1,19.6,1,"","",20.7,1,"","","","","","","","","","","","","","","","","","","","",44,1,"","","","","","","","","","","","",10.5,1,"","","","","","","","","","","","","","","","","","","","","","","","","","","","","","","","","","","","","","","","","","","","","","","","","","","","","","","","","","","","","","","","","","","","","","","","","","","","","","","","","","","","","","","","","","","","","","","","","","","","","","","","","","","","","","","","","","","",""
"06163007","TENDE_SAPC",44.043167,7.586,636,2000050115,0.,1,"","","","","","","","","","","","","","","","","","","","","","","","","","","","","","","","","","",20.7,1,7.7,1,19.9,1,"","",20.9,1,"","","","","","","","","","","","","","","","","","","","",43,1,"","","","","","","","","","","","",10.5,1,"","","","","","","","","","","","","","","","","","","","","","","","","","","","","","","","","","","","","","","","","","","","","","","","","","","","","","","","","","","","","","","","","","","","","","","","","","","","","","","","","","","","","","","","","","","","","","","","","","","","","","","","","","","","","","","","","","","",""
"06163007","TENDE_SAPC",44.043167,7.586,636,2000050116,0.,1,"","","","","","","","","","","","","","","","","","","","","","","","","","","","","","","","","","",19.7,1,8.1,1,19.7,1,"","",20.8,1,"","","","","","","","","","","","","","","","","","","","",47,1,"","","","","","","","","","","","",10.8,1,"","","","","","","","","","","","","","","","","","","","","","","","","","","","","","","","","","","","","","","","","","","","","","","","","","","","","","","","","","","","","","","","","","","","","","","","","","","","","","","","","","","","","","","","","","","","","","","","","","","","","","","","","","","","","","","","","","","",""
"06163007","TENDE_SAPC",44.043167,7.586,636,2000050117,0.,1,"","","","","","","","","","","","","","","","","","","","","","","","","","","","","","","","","","",18.6,1,8.8,1,18.6,1,"","",19.7,1,"","","","","","","","","","","","","","","","","","","","",53,1,"","","","","","","","","","","","",11.3,1,"","","","","","","","","","","","","","","","","","","","","","","","","","","","","","","","","","","","","","","","","","","","","","","","","","","","","","","","","","","","","","","","","","","","","","","","","","","","","","","","","","","","","","","","","","","","","","","","","","","","","","","","","","","","","","","","","","","",""
"06163007","TENDE_SAPC",44.043167,7.586,636,2000050118,0.,1,"","","","","","","","","","","","","","","","","","","","","","","","","","","","","","","","","","",17.1,1,9.3,1,17.1,1,"","",18.6,1,"","","","","","","","","","","","","","","","","","","","",60,1,"","","","","","","","","","","","",11.7,1,"","","","","","","","","","","","","","","","","","","","","","","","","","","","","","","","","","","","","","","","","","","","","","","","","","","","","","","","","","","","","","","","","","","","","","","","","","","","","","","","","","","","","","","","","","","","","","","","","","","","","","","","","","","","","","","","","","","",""
"06163007","TENDE_SAPC",44.043167,7.586,636,2000050119,0.,1,"","","","","","","","","","","","","","","","","","","","","","","","","","","","","","","","","","",14.,1,9.4,1,14.,1,"","",17.1,1,"","","","","","","","","","","","","","","","","","","","",74,1,"","","","","","","","","","","","",11.8,1,"","","","","","","","","","","","","","","","","","","","","","","","","","","","","","","","","","","","","","","","","","","","","","","","","","","","","","","","","","","","","","","","","","","","","","","","","","","","","","","","","","","","","","","","","","","","","","","","","","","","","","","","","","","","","","","","","","","",""
"06163007","TENDE_SAPC",44.043167,7.586,636,2000050120,0.,1,"","","","","","","","","","","","","","","","","","","","","","","","","","","","","","","","","","",12.,1,8.7,1,12.,1,"","",13.9,1,"","","","","","","","","","","","","","","","","","","","",80,1,"","","","","","","","","","","","",11.2,1,"","","","","","","","","","","","","","","","","","","","","","","","","","","","","","","","","","","","","","","","","","","","","","","","","","","","","","","","","","","","","","","","","","","","","","","","","","","","","","","","","","","","","","","","","","","","","","","","","","","","","","","","","","","","","","","","","","","",""
"06163007","TENDE_SAPC",44.043167,7.586,636,2000050121,0.,1,"","","","","","","","","","","","","","","","","","","","","","","","","","","","","","","","","","",11.4,1,7.5,1,11.4,1,"","",11.9,1,"","","","","","","","","","","","","","","","","","","","",77,1,"","","","","","","","","","","","",10.4,1,"","","","","","","","","","","","","","","","","","","","","","","","","","","","","","","","","","","","","","","","","","","","","","","","","","","","","","","","","","","","","","","","","","","","","","","","","","","","","","","","","","","","","","","","","","","","","","","","","","","","","","","","","","","","","","","","","","","",""
"06163007","TENDE_SAPC",44.043167,7.586,636,2000050122,0.,1,"","","","","","","","","","","","","","","","","","","","","","","","","","","","","","","","","","",10.5,1,7.,1,10.5,1,"","",11.4,1,"","","","","","","","","","","","","","","","","","","","",79,1,"","","","","","","","","","","","",10.,1,"","","","","","","","","","","","","","","","","","","","","","","","","","","","","","","","","","","","","","","","","","","","","","","","","","","","","","","","","","","","","","","","","","","","","","","","","","","","","","","","","","","","","","","","","","","","","","","","","","","","","","","","","","","","","","","","","","","",""
"06163007","TENDE_SAPC",44.043167,7.586,636,2000050123,0.,1,"","","","","","","","","","","","","","","","","","","","","","","","","","","","","","","","","","",9.5,1,6.4,1,9.5,1,"","",10.5,1,"","","","","","","","","","","","","","","","","","","","",81,1,"","","","","","","","","","","","",9.6,1,"","","","","","","","","","","","","","","","","","","","","","","","","","","","","","","","","","","","","","","","","","","","","","","","","","","","","","","","","","","","","","","","","","","","","","","","","","","","","","","","","","","","","","","","","","","","","","","","","","","","","","","","","","","","","","","","","","","",""
"06163007","TENDE_SAPC",44.043167,7.586,636,2000050200,0.,1,"","","","","","","","","","","","","","","","","","","","","","","","","","","","","","","","","","",8.7,1,5.8,1,8.7,1,"","",9.6,1,"","","","","","","","","","","","","","","","","","","","",82,1,"","","","","","","","","","","","",9.2,1,"","","","","","","","","","","","","","","","","","","","","","","","","","","","","","","","","","","","","","","","","","","","","","","","","","","","","","","","","","","","","","","","","","","","","","","","","","","","","","","","","","","","","","","","","","","","","","","","","","","","","","","","","","","","","","","","","","","",""
"06163007","TENDE_SAPC",44.043167,7.586,636,2000050201,0.,1,"","","","","","","","","","","","","","","","","","","","","","","","","","","","","","","","","","",8.3,1,5.4,1,8.3,1,"","",8.7,1,"","","","","","","","","","","","","","","","","","","","",82,1,"","","","","","","","","","","","",9.,1,"","","","","","","","","","","","","","","","","","","","","","","","","","","","","","","","","","","","","","","","","","","","","","","","","","","","","","","","","","","","","","","","","","","","","","","","","","","","","","","","","","","","","","","","","","","","","","","","","","","","","","","","","","","","","","","","","","","",""
"06163007","TENDE_SAPC",44.043167,7.586,636,2000050202,0.,1,"","","","","","","","","","","","","","","","","","","","","","","","","","","","","","","","","","",8.5,1,4.9,1,8.3,1,"","",8.5,1,"","","","","","","","","","","","","","","","","","","","",78,1,"","","","","","","","","","","","",8.6,1,"","","","","","","","","","","","","","","","","","","","","","","","","","","","","","","","","","","","","","","","","","","","","","","","","","","","","","","","","","","","","","","","","","","","","","","","","","","","","","","","","","","","","","","","","","","","","","","","","","","","","","","","","","","","","","","","","","","",""
"06163007","TENDE_SAPC",44.043167,7.586,636,2000050203,0.,1,"","","","","","","","","","","","","","","","","","","","","","","","","","","","","","","","","","",9.1,1,4.7,1,8.4,1,"","",9.1,1,"","","","","","","","","","","","","","","","","","","","",74,1,"","","","","","","","","","","","",8.5,1,"","","","","","","","","","","","","","","","","","","","","","","","","","","","","","","","","","","","","","","","","","","","","","","","","","","","","","","","","","","","","","","","","","","","","","","","","","","","","","","","","","","","","","","","","","","","","","","","","","","","","","","","","","","","","","","","","","","",""
"06163007","TENDE_SAPC",44.043167,7.586,636,2000050204,0.,1,"","","","","","","","","","","","","","","","","","","","","","","","","","","","","","","","","","",8.3,1,5.2,1,8.3,1,"","",9.1,1,"","","","","","","","","","","","","","","","","","","","",81,1,"","","","","","","","","","","","",8.9,1,"","","","","","","","","","","","","","","","","","","","","","","","","","","","","","","","","","","","","","","","","","","","","","","","","","","","","","","","","","","","","","","","","","","","","","","","","","","","","","","","","","","","","","","","","","","","","","","","","","","","","","","","","","","","","","","","","","","",""
"06163007","TENDE_SAPC",44.043167,7.586,636,2000050205,0.,1,"","","","","","","","","","","","","","","","","","","","","","","","","","","","","","","","","","",8.4,1,5.3,1,8.1,1,"","",8.4,1,"","","","","","","","","","","","","","","","","","","","",81,1,"","","","","","","","","","","","",8.9,1,"","","","","","","","","","","","","","","","","","","","","","","","","","","","","","","","","","","","","","","","","","","","","","","","","","","","","","","","","","","","","","","","","","","","","","","","","","","","","","","","","","","","","","","","","","","","","","","","","","","","","","","","","","","","","","","","","","","",""
"06163007","TENDE_SAPC",44.043167,7.586,636,2000050206,0.,1,"","","","","","","","","","","","","","","","","","","","","","","","","","","","","","","","","","",8.8,1,5.7,1,8.4,1,"","",8.8,1,"","","","","","","","","","","","","","","","","","","","",81,1,"","","","","","","","","","","","",9.2,1,"","","","","","","","","","","","","","","","","","","","","","","","","","","","","","","","","","","","","","","","","","","","","","","","","","","","","","","","","","","","","","","","","","","","","","","","","","","","","","","","","","","","","","","","","","","","","","","","","","","","","","","","","","","","","","","","","","","",""
"06163007","TENDE_SAPC",44.043167,7.586,636,2000050207,0.,1,"","","","","","","","","","","","","","","","","","","","","","","","","","","","","","","","","","",10.9,1,5.8,1,8.8,1,"","",10.9,1,"","","","","","","","","","","","","","","","","","","","",71,1,"","","","","","","","","","","","",9.2,1,"","","","","","","","","","","","","","","","","","","","","","","","","","","","","","","","","","","","","","","","","","","","","","","","","","","","","","","","","","","","","","","","","","","","","","","","","","","","","","","","","","","","","","","","","","","","","","","","","","","","","","","","","","","","","","","","","","","",""
"06163007","TENDE_SAPC",44.043167,7.586,636,2000050208,0.,1,"","","","","","","","","","","","","","","","","","","","","","","","","","","","","","","","","","",16.2,1,7.4,1,10.9,1,"","",16.2,1,"","","","","","","","","","","","","","","","","","","","",56,1,"","","","","","","","","","","","",10.3,1,"","","","","","","","","","","","","","","","","","","","","","","","","","","","","","","","","","","","","","","","","","","","","","","","","","","","","","","","","","","","","","","","","","","","","","","","","","","","","","","","","","","","","","","","","","","","","","","","","","","","","","","","","","","","","","","","","","","",""
"06163007","TENDE_SAPC",44.043167,7.586,636,2000050209,0.,1,"","","","","","","","","","","","","","","","","","","","","","","","","","","","","","","","","","",20.1,1,7.1,1,16.3,1,"","",20.1,1,"","","","","","","","","","","","","","","","","","","","",43,1,"","","","","","","","","","","","",10.1,1,"","","","","","","","","","","","","","","","","","","","","","","","","","","","","","","","","","","","","","","","","","","","","","","","","","","","","","","","","","","","","","","","","","","","","","","","","","","","","","","","","","","","","","","","","","","","","","","","","","","","","","","","","","","","","","","","","","","",""
"06163007","TENDE_SAPC",44.043167,7.586,636,2000050210,0.,1,"","","","","","","","","","","","","","","","","","","","","","","","","","","","","","","","","","",21.1,1,7.,1,20.1,1,"","",21.4,1,"","","","","","","","","","","","","","","","","","","","",40,1,"","","","","","","","","","","","",10.,1,"","","","","","","","","","","","","","","","","","","","","","","","","","","","","","","","","","","","","","","","","","","","","","","","","","","","","","","","","","","","","","","","","","","","","","","","","","","","","","","","","","","","","","","","","","","","","","","","","","","","","","","","","","","","","","","","","","","",""
"06163007","TENDE_SAPC",44.043167,7.586,636,2000050211,0.,1,"","","","","","","","","","","","","","","","","","","","","","","","","","","","","","","","","","",21.3,1,7.9,1,21.,1,"","",21.7,1,"","","","","","","","","","","","","","","","","","","","",42,1,"","","","","","","","","","","","",10.6,1,"","","","","","","","","","","","","","","","","","","","","","","","","","","","","","","","","","","","","","","","","","","","","","","","","","","","","","","","","","","","","","","","","","","","","","","","","","","","","","","","","","","","","","","","","","","","","","","","","","","","","","","","","","","","","","","","","","","",""
"06163007","TENDE_SAPC",44.043167,7.586,636,2000050212,0.,1,"","","","","","","","","","","","","","","","","","","","","","","","","","","","","","","","","","",16.4,1,8.1,1,16.4,1,"","",21.2,1,"","","","","","","","","","","","","","","","","","","","",58,1,"","","","","","","","","","","","",10.8,1,"","","","","","","","","","","","","","","","","","","","","","","","","","","","","","","","","","","","","","","","","","","","","","","","","","","","","","","","","","","","","","","","","","","","","","","","","","","","","","","","","","","","","","","","","","","","","","","","","","","","","","","","","","","","","","","","","","","",""
"06163007","TENDE_SAPC",44.043167,7.586,636,2000050213,0.2,1,"","","","","","","","","","","","","","","","","","","","","","","","","","","","","","","","","","",16.,1,11.2,1,16.,1,"","",16.6,1,"","","","","","","","","","","","","","","","","","","","",73,1,"","","","","","","","","","","","",13.2,1,"","","","","","","","","","","","","","","","","","","","","","","","","","","","","","","","","","","","","","","","","","","","","","","","","","","","","","","","","","","","","","","","","","","","","","","","","","","","","","","","","","","","","","","","","","","","","","","","","","","","","","","","","","","","","","","","","","","",""
"06163007","TENDE_SAPC",44.043167,7.586,636,2000050214,"","","","","","","","","","","","","","","","","","","","","","","","","","","","","","","","","","","","",13.7,1,11.6,1,"","","","","","","","","","","","","","","","","","","","","","","","","","",87,1,"","","","","","","","","","","","",13.6,1,"","","","","","","","","","","","","","","","","","","","","","","","","","","","","","","","","","","","","","","","","","","","","","","","","","","","","","","","","","","","","","","","","","","","","","","","","","","","","","","","","","","","","","","","","","","","","","","","","","","","","","","","","","","","","","","","","","","",""
"06163007","TENDE_SAPC",44.043167,7.586,636,2000050215,0.8,1,"","","","","","","","","","","","","","","","","","","","","","","","","","","","","","","","","","",13.,1,11.1,1,12.9,1,"","",13.6,1,"","","","","","","","","","","","","","","","","","","","",88,1,"","","","","","","","","","","","",13.2,1,"","","","","","","","","","","","","","","","","","","","","","","","","","","","","","","","","","","","","","","","","","","","","","","","","","","","","","","","","","","","","","","","","","","","","","","","","","","","","","","","","","","","","","","","","","","","","","","","","","","","","","","","","","","","","","","","","","","",""
"06163007","TENDE_SAPC",44.043167,7.586,636,2000050216,1.2,1,"","","","","","","","","","","","","","","","","","","","","","","","","","","","","","","","","","",12.7,1,10.9,1,12.6,1,"","",13.,1,"","","","","","","","","","","","","","","","","","","","",89,1,"","","","","","","","","","","","",13.,1,"","","","","","","","","","","","","","","","","","","","","","","","","","","","","","","","","","","","","","","","","","","","","","","","","","","","","","","","","","","","","","","","","","","","","","","","","","","","","","","","","","","","","","","","","","","","","","","","","","","","","","","","","","","","","","","","","","","",""
"06163007","TENDE_SAPC",44.043167,7.586,636,2000050217,0.,1,"","","","","","","","","","","","","","","","","","","","","","","","","","","","","","","","","","",13.9,1,11.4,1,12.7,1,"","",13.9,1,"","","","","","","","","","","","","","","","","","","","",85,1,"","","","","","","","","","","","",13.5,1,"","","","","","","","","","","","","","","","","","","","","","","","","","","","","","","","","","","","","","","","","","","","","","","","","","","","","","","","","","","","","","","","","","","","","","","","","","","","","","","","","","","","","","","","","","","","","","","","","","","","","","","","","","","","","","","","","","","",""
"06163007","TENDE_SAPC",44.043167,7.586,636,2000050218,0.,1,"","","","","","","","","","","","","","","","","","","","","","","","","","","","","","","","","","",13.3,1,11.2,1,13.3,1,"","",13.9,1,"","","","","","","","","","","","","","","","","","","","",87,1,"","","","","","","","","","","","",13.3,1,"","","","","","","","","","","","","","","","","","","","","","","","","","","","","","","","","","","","","","","","","","","","","","","","","","","","","","","","","","","","","","","","","","","","","","","","","","","","","","","","","","","","","","","","","","","","","","","","","","","","","","","","","","","","","","","","","","","",""
"06163007","TENDE_SAPC",44.043167,7.586,636,2000050219,0.,1,"","","","","","","","","","","","","","","","","","","","","","","","","","","","","","","","","","",12.2,1,10.3,1,12.2,1,"","",13.3,1,"","","","","","","","","","","","","","","","","","","","",88,1,"","","","","","","","","","","","",12.5,1,"","","","","","","","","","","","","","","","","","","","","","","","","","","","","","","","","","","","","","","","","","","","","","","","","","","","","","","","","","","","","","","","","","","","","","","","","","","","","","","","","","","","","","","","","","","","","","","","","","","","","","","","","","","","","","","","","","","",""
"06163007","TENDE_SAPC",44.043167,7.586,636,2000050220,0.,1,"","","","","","","","","","","","","","","","","","","","","","","","","","","","","","","","","","",11.4,1,9.3,1,11.4,1,"","",12.2,1,"","","","","","","","","","","","","","","","","","","","",87,1,"","","","","","","","","","","","",11.7,1,"","","","","","","","","","","","","","","","","","","","","","","","","","","","","","","","","","","","","","","","","","","","","","","","","","","","","","","","","","","","","","","","","","","","","","","","","","","","","","","","","","","","","","","","","","","","","","","","","","","","","","","","","","","","","","","","","","","",""
"06163007","TENDE_SAPC",44.043167,7.586,636,2000050221,0.,1,"","","","","","","","","","","","","","","","","","","","","","","","","","","","","","","","","","",11.,1,8.9,1,11.,1,"","",11.3,1,"","","","","","","","","","","","","","","","","","","","",87,1,"","","","","","","","","","","","",11.4,1,"","","","","","","","","","","","","","","","","","","","","","","","","","","","","","","","","","","","","","","","","","","","","","","","","","","","","","","","","","","","","","","","","","","","","","","","","","","","","","","","","","","","","","","","","","","","","","","","","","","","","","","","","","","","","","","","","","","",""
"06163007","TENDE_SAPC",44.043167,7.586,636,2000050222,0.,1,"","","","","","","","","","","","","","","","","","","","","","","","","","","","","","","","","","",10.6,1,8.7,1,10.5,1,"","",11.,1,"","","","","","","","","","","","","","","","","","","","",88,1,"","","","","","","","","","","","",11.2,1,"","","","","","","","","","","","","","","","","","","","","","","","","","","","","","","","","","","","","","","","","","","","","","","","","","","","","","","","","","","","","","","","","","","","","","","","","","","","","","","","","","","","","","","","","","","","","","","","","","","","","","","","","","","","","","","","","","","",""
"06163007","TENDE_SAPC",44.043167,7.586,636,2000050223,0.,1,"","","","","","","","","","","","","","","","","","","","","","","","","","","","","","","","","","",10.5,1,8.6,1,10.4,1,"","",10.8,1,"","","","","","","","","","","","","","","","","","","","",88,1,"","","","","","","","","","","","",11.2,1,"","","","","","","","","","","","","","","","","","","","","","","","","","","","","","","","","","","","","","","","","","","","","","","","","","","","","","","","","","","","","","","","","","","","","","","","","","","","","","","","","","","","","","","","","","","","","","","","","","","","","","","","","","","","","","","","","","","",""
"06163007","TENDE_SAPC",44.043167,7.586,636,2000050300,0.,1,"","","","","","","","","","","","","","","","","","","","","","","","","","","","","","","","","","",10.3,1,8.4,1,10.2,1,"","",10.6,1,"","","","","","","","","","","","","","","","","","","","",88,1,"","","","","","","","","","","","",11.,1,"","","","","","","","","","","","","","","","","","","","","","","","","","","","","","","","","","","","","","","","","","","","","","","","","","","","","","","","","","","","","","","","","","","","","","","","","","","","","","","","","","","","","","","","","","","","","","","","","","","","","","","","","","","","","","","","","","","",""
"06163007","TENDE_SAPC",44.043167,7.586,636,2000050301,0.,1,"","","","","","","","","","","","","","","","","","","","","","","","","","","","","","","","","","",10.4,1,8.5,1,10.2,1,"","",10.4,1,"","","","","","","","","","","","","","","","","","","","",88,1,"","","","","","","","","","","","",11.1,1,"","","","","","","","","","","","","","","","","","","","","","","","","","","","","","","","","","","","","","","","","","","","","","","","","","","","","","","","","","","","","","","","","","","","","","","","","","","","","","","","","","","","","","","","","","","","","","","","","","","","","","","","","","","","","","","","","","","",""
"06163007","TENDE_SAPC",44.043167,7.586,636,2000050302,0.,1,"","","","","","","","","","","","","","","","","","","","","","","","","","","","","","","","","","",10.6,1,8.5,1,10.3,1,"","",10.6,1,"","","","","","","","","","","","","","","","","","","","",87,1,"","","","","","","","","","","","",11.1,1,"","","","","","","","","","","","","","","","","","","","","","","","","","","","","","","","","","","","","","","","","","","","","","","","","","","","","","","","","","","","","","","","","","","","","","","","","","","","","","","","","","","","","","","","","","","","","","","","","","","","","","","","","","","","","","","","","","","",""
"06163007","TENDE_SAPC",44.043167,7.586,636,2000050303,0.,1,"","","","","","","","","","","","","","","","","","","","","","","","","","","","","","","","","","",10.6,1,8.4,1,10.5,1,"","",10.8,1,"","","","","","","","","","","","","","","","","","","","",86,1,"","","","","","","","","","","","",11.,1,"","","","","","","","","","","","","","","","","","","","","","","","","","","","","","","","","","","","","","","","","","","","","","","","","","","","","","","","","","","","","","","","","","","","","","","","","","","","","","","","","","","","","","","","","","","","","","","","","","","","","","","","","","","","","","","","","","","",""
"06163007","TENDE_SAPC",44.043167,7.586,636,2000050304,0.,1,"","","","","","","","","","","","","","","","","","","","","","","","","","","","","","","","","","",9.8,1,7.9,1,9.7,1,"","",10.7,1,"","","","","","","","","","","","","","","","","","","","",88,1,"","","","","","","","","","","","",10.6,1,"","","","","","","","","","","","","","","","","","","","","","","","","","","","","","","","","","","","","","","","","","","","","","","","","","","","","","","","","","","","","","","","","","","","","","","","","","","","","","","","","","","","","","","","","","","","","","","","","","","","","","","","","","","","","","","","","","","",""
"06163007","TENDE_SAPC",44.043167,7.586,636,2000050305,0.,1,"","","","","","","","","","","","","","","","","","","","","","","","","","","","","","","","","","",9.2,1,7.5,1,9.1,1,"","",9.8,1,"","","","","","","","","","","","","","","","","","","","",89,1,"","","","","","","","","","","","",10.3,1,"","","","","","","","","","","","","","","","","","","","","","","","","","","","","","","","","","","","","","","","","","","","","","","","","","","","","","","","","","","","","","","","","","","","","","","","","","","","","","","","","","","","","","","","","","","","","","","","","","","","","","","","","","","","","","","","","","","",""
"06163007","TENDE_SAPC",44.043167,7.586,636,2000050306,0.,1,"","","","","","","","","","","","","","","","","","","","","","","","","","","","","","","","","","",9.6,1,7.7,1,9.1,1,"","",9.6,1,"","","","","","","","","","","","","","","","","","","","",88,1,"","","","","","","","","","","","",10.5,1,"","","","","","","","","","","","","","","","","","","","","","","","","","","","","","","","","","","","","","","","","","","","","","","","","","","","","","","","","","","","","","","","","","","","","","","","","","","","","","","","","","","","","","","","","","","","","","","","","","","","","","","","","","","","","","","","","","","",""
"06163007","TENDE_SAPC",44.043167,7.586,636,2000050719,"","","","","","","","","","","","","","","","","","","","","","","","","","","","","","","","","","","","",12.6,1,9.6,1,"","","","","","","","","","","","","","","","","","","","","","","","","","",82,1,"","","","","","","","","","","","",11.9,1,"","","","","","","","","","","","","","","","","","","","","","","","","","","","","","","","","","","","","","","","","","","","","","","","","","","","","","","","","","","","","","","","","","","","","","","","","","","","","","","","","","","","","","","","","","","","","","","","","","","","","","","","","","","","","","","","","","","",""
"06163007","TENDE_SAPC",44.043167,7.586,636,2000050720,0.4,1,"","","","","","","","","","","","","","","","","","","","","","","","","","","","","","","","","","",12.1,1,9.8,1,12.1,1,"","",12.7,1,"","","","","","","","","","","","","","","","","","","","",86,1,"","","","","","","","","","","","",12.1,1,"","","","","","","","","","","","","","","","","","","","","","","","","","","","","","","","","","","","","","","","","","","","","","","","","","","","","","","","","","","","","","","","","","","","","","","","","","","","","","","","","","","","","","","","","","","","","","","","","","","","","","","","","","","","","","","","","","","",""
"06163007","TENDE_SAPC",44.043167,7.586,636,2000050721,0.,1,"","","","","","","","","","","","","","","","","","","","","","","","","","","","","","","","","","",12.3,1,8.9,1,11.9,1,"","",12.5,1,"","","","","","","","","","","","","","","","","","","","",80,1,"","","","","","","","","","","","",11.4,1,"","","","","","","","","","","","","","","","","","","","","","","","","","","","","","","","","","","","","","","","","","","","","","","","","","","","","","","","","","","","","","","","","","","","","","","","","","","","","","","","","","","","","","","","","","","","","","","","","","","","","","","","","","","","","","","","","","","",""
"06163007","TENDE_SAPC",44.043167,7.586,636,2000050722,0.,1,"","","","","","","","","","","","","","","","","","","","","","","","","","","","","","","","","","",12.1,1,8.6,1,12.1,1,"","",12.6,1,"","","","","","","","","","","","","","","","","","","","",79,1,"","","","","","","","","","","","",11.1,1,"","","","","","","","","","","","","","","","","","","","","","","","","","","","","","","","","","","","","","","","","","","","","","","","","","","","","","","","","","","","","","","","","","","","","","","","","","","","","","","","","","","","","","","","","","","","","","","","","","","","","","","","","","","","","","","","","","","",""
"06163007","TENDE_SAPC",44.043167,7.586,636,2000050723,0.,1,"","","","","","","","","","","","","","","","","","","","","","","","","","","","","","","","","","",11.1,1,8.,1,11.1,1,"","",12.3,1,"","","","","","","","","","","","","","","","","","","","",81,1,"","","","","","","","","","","","",10.7,1,"","","","","","","","","","","","","","","","","","","","","","","","","","","","","","","","","","","","","","","","","","","","","","","","","","","","","","","","","","","","","","","","","","","","","","","","","","","","","","","","","","","","","","","","","","","","","","","","","","","","","","","","","","","","","","","","","","","",""
"06163007","TENDE_SAPC",44.043167,7.586,636,2000050800,0.,1,"","","","","","","","","","","","","","","","","","","","","","","","","","","","","","","","","","",10.4,1,7.8,1,10.4,1,"","",11.2,1,"","","","","","","","","","","","","","","","","","","","",84,1,"","","","","","","","","","","","",10.6,1,"","","","","","","","","","","","","","","","","","","","","","","","","","","","","","","","","","","","","","","","","","","","","","","","","","","","","","","","","","","","","","","","","","","","","","","","","","","","","","","","","","","","","","","","","","","","","","","","","","","","","","","","","","","","","","","","","","","",""
"06163007","TENDE_SAPC",44.043167,7.586,636,2000050801,0.,1,"","","","","","","","","","","","","","","","","","","","","","","","","","","","","","","","","","",9.5,1,7.4,1,9.5,1,"","",10.3,1,"","","","","","","","","","","","","","","","","","","","",87,1,"","","","","","","","","","","","",10.3,1,"","","","","","","","","","","","","","","","","","","","","","","","","","","","","","","","","","","","","","","","","","","","","","","","","","","","","","","","","","","","","","","","","","","","","","","","","","","","","","","","","","","","","","","","","","","","","","","","","","","","","","","","","","","","","","","","","","","",""
"06163007","TENDE_SAPC",44.043167,7.586,636,2000050802,0.,1,"","","","","","","","","","","","","","","","","","","","","","","","","","","","","","","","","","",9.,1,7.,1,9.,1,"","",9.5,1,"","","","","","","","","","","","","","","","","","","","",87,1,"","","","","","","","","","","","",10.,1,"","","","","","","","","","","","","","","","","","","","","","","","","","","","","","","","","","","","","","","","","","","","","","","","","","","","","","","","","","","","","","","","","","","","","","","","","","","","","","","","","","","","","","","","","","","","","","","","","","","","","","","","","","","","","","","","","","","",""
"06163007","TENDE_SAPC",44.043167,7.586,636,2000050803,0.,1,"","","","","","","","","","","","","","","","","","","","","","","","","","","","","","","","","","",8.8,1,6.8,1,8.6,1,"","",9.1,1,"","","","","","","","","","","","","","","","","","","","",87,1,"","","","","","","","","","","","",9.8,1,"","","","","","","","","","","","","","","","","","","","","","","","","","","","","","","","","","","","","","","","","","","","","","","","","","","","","","","","","","","","","","","","","","","","","","","","","","","","","","","","","","","","","","","","","","","","","","","","","","","","","","","","","","","","","","","","","","","",""
"06163007","TENDE_SAPC",44.043167,7.586,636,2000050804,0.,1,"","","","","","","","","","","","","","","","","","","","","","","","","","","","","","","","","","",8.8,1,6.8,1,8.5,1,"","",8.8,1,"","","","","","","","","","","","","","","","","","","","",87,1,"","","","","","","","","","","","",9.8,1,"","","","","","","","","","","","","","","","","","","","","","","","","","","","","","","","","","","","","","","","","","","","","","","","","","","","","","","","","","","","","","","","","","","","","","","","","","","","","","","","","","","","","","","","","","","","","","","","","","","","","","","","","","","","","","","","","","","",""
"06163007","TENDE_SAPC",44.043167,7.586,636,2000050805,0.,1,"","","","","","","","","","","","","","","","","","","","","","","","","","","","","","","","","","",9.3,1,6.9,1,8.9,1,"","",9.3,1,"","","","","","","","","","","","","","","","","","","","",85,1,"","","","","","","","","","","","",9.9,1,"","","","","","","","","","","","","","","","","","","","","","","","","","","","","","","","","","","","","","","","","","","","","","","","","","","","","","","","","","","","","","","","","","","","","","","","","","","","","","","","","","","","","","","","","","","","","","","","","","","","","","","","","","","","","","","","","","","",""
"06163007","TENDE_SAPC",44.043167,7.586,636,2000050806,0.,1,"","","","","","","","","","","","","","","","","","","","","","","","","","","","","","","","","","",9.5,1,7.1,1,9.2,1,"","",9.5,1,"","","","","","","","","","","","","","","","","","","","",85,1,"","","","","","","","","","","","",10.1,1,"","","","","","","","","","","","","","","","","","","","","","","","","","","","","","","","","","","","","","","","","","","","","","","","","","","","","","","","","","","","","","","","","","","","","","","","","","","","","","","","","","","","","","","","","","","","","","","","","","","","","","","","","","","","","","","","","","","",""
"06163007","TENDE_SAPC",44.043167,7.586,636,2000050807,0.,1,"","","","","","","","","","","","","","","","","","","","","","","","","","","","","","","","","","",11.7,1,7.6,1,9.5,1,"","",11.7,1,"","","","","","","","","","","","","","","","","","","","",76,1,"","","","","","","","","","","","",10.4,1,"","","","","","","","","","","","","","","","","","","","","","","","","","","","","","","","","","","","","","","","","","","","","","","","","","","","","","","","","","","","","","","","","","","","","","","","","","","","","","","","","","","","","","","","","","","","","","","","","","","","","","","","","","","","","","","","","","","",""
"06163007","TENDE_SAPC",44.043167,7.586,636,2000050808,0.,1,"","","","","","","","","","","","","","","","","","","","","","","","","","","","","","","","","","",16.1,1,9.3,1,11.8,1,"","",16.1,1,"","","","","","","","","","","","","","","","","","","","",64,1,"","","","","","","","","","","","",11.7,1,"","","","","","","","","","","","","","","","","","","","","","","","","","","","","","","","","","","","","","","","","","","","","","","","","","","","","","","","","","","","","","","","","","","","","","","","","","","","","","","","","","","","","","","","","","","","","","","","","","","","","","","","","","","","","","","","","","","",""
"06163007","TENDE_SAPC",44.043167,7.586,636,2000050809,0.,1,"","","","","","","","","","","","","","","","","","","","","","","","","","","","","","","","","","",17.9,1,8.7,1,16.2,1,"","",18.2,1,"","","","","","","","","","","","","","","","","","","","",55,1,"","","","","","","","","","","","",11.3,1,"","","","","","","","","","","","","","","","","","","","","","","","","","","","","","","","","","","","","","","","","","","","","","","","","","","","","","","","","","","","","","","","","","","","","","","","","","","","","","","","","","","","","","","","","","","","","","","","","","","","","","","","","","","","","","","","","","","",""
"06163007","TENDE_SAPC",44.043167,7.586,636,2000050810,0.,1,"","","","","","","","","","","","","","","","","","","","","","","","","","","","","","","","","","",19.8,1,7.2,1,17.7,1,"","",19.8,1,"","","","","","","","","","","","","","","","","","","","",44,1,"","","","","","","","","","","","",10.1,1,"","","","","","","","","","","","","","","","","","","","","","","","","","","","","","","","","","","","","","","","","","","","","","","","","","","","","","","","","","","","","","","","","","","","","","","","","","","","","","","","","","","","","","","","","","","","","","","","","","","","","","","","","","","","","","","","","","","",""
"06163007","TENDE_SAPC",44.043167,7.586,636,2000050811,0.,1,"","","","","","","","","","","","","","","","","","","","","","","","","","","","","","","","","","",21.2,1,7.8,1,19.8,1,"","",21.2,1,"","","","","","","","","","","","","","","","","","","","",42,1,"","","","","","","","","","","","",10.5,1,"","","","","","","","","","","","","","","","","","","","","","","","","","","","","","","","","","","","","","","","","","","","","","","","","","","","","","","","","","","","","","","","","","","","","","","","","","","","","","","","","","","","","","","","","","","","","","","","","","","","","","","","","","","","","","","","","","","",""
"06163007","TENDE_SAPC",44.043167,7.586,636,2000050812,0.,1,"","","","","","","","","","","","","","","","","","","","","","","","","","","","","","","","","","",22.,1,9.2,1,21.2,1,"","",22.,1,"","","","","","","","","","","","","","","","","","","","",44,1,"","","","","","","","","","","","",11.6,1,"","","","","","","","","","","","","","","","","","","","","","","","","","","","","","","","","","","","","","","","","","","","","","","","","","","","","","","","","","","","","","","","","","","","","","","","","","","","","","","","","","","","","","","","","","","","","","","","","","","","","","","","","","","","","","","","","","","",""
"06163007","TENDE_SAPC",44.043167,7.586,636,2000050813,0.,1,"","","","","","","","","","","","","","","","","","","","","","","","","","","","","","","","","","",22.,1,9.5,1,21.8,1,"","",22.2,1,"","","","","","","","","","","","","","","","","","","","",45,1,"","","","","","","","","","","","",11.9,1,"","","","","","","","","","","","","","","","","","","","","","","","","","","","","","","","","","","","","","","","","","","","","","","","","","","","","","","","","","","","","","","","","","","","","","","","","","","","","","","","","","","","","","","","","","","","","","","","","","","","","","","","","","","","","","","","","","","",""
"06163007","TENDE_SAPC",44.043167,7.586,636,2000050814,0.,1,"","","","","","","","","","","","","","","","","","","","","","","","","","","","","","","","","","",21.7,1,10.5,1,21.6,1,"","",22.2,1,"","","","","","","","","","","","","","","","","","","","",49,1,"","","","","","","","","","","","",12.7,1,"","","","","","","","","","","","","","","","","","","","","","","","","","","","","","","","","","","","","","","","","","","","","","","","","","","","","","","","","","","","","","","","","","","","","","","","","","","","","","","","","","","","","","","","","","","","","","","","","","","","","","","","","","","","","","","","","","","",""
"06163007","TENDE_SAPC",44.043167,7.586,636,2000050815,0.,1,"","","","","","","","","","","","","","","","","","","","","","","","","","","","","","","","","","",21.3,1,11.,1,21.1,1,"","",21.8,1,"","","","","","","","","","","","","","","","","","","","",52,1,"","","","","","","","","","","","",13.1,1,"","","","","","","","","","","","","","","","","","","","","","","","","","","","","","","","","","","","","","","","","","","","","","","","","","","","","","","","","","","","","","","","","","","","","","","","","","","","","","","","","","","","","","","","","","","","","","","","","","","","","","","","","","","","","","","","","","","",""
"06163007","TENDE_SAPC",44.043167,7.586,636,2000050816,0.,1,"","","","","","","","","","","","","","","","","","","","","","","","","","","","","","","","","","",19.9,1,11.1,1,19.9,1,"","",21.3,1,"","","","","","","","","","","","","","","","","","","","",57,1,"","","","","","","","","","","","",13.2,1,"","","","","","","","","","","","","","","","","","","","","","","","","","","","","","","","","","","","","","","","","","","","","","","","","","","","","","","","","","","","","","","","","","","","","","","","","","","","","","","","","","","","","","","","","","","","","","","","","","","","","","","","","","","","","","","","","","","",""
"06163007","TENDE_SAPC",44.043167,7.586,636,2000050817,0.,1,"","","","","","","","","","","","","","","","","","","","","","","","","","","","","","","","","","",18.9,1,12.2,1,18.9,1,"","",19.9,1,"","","","","","","","","","","","","","","","","","","","",65,1,"","","","","","","","","","","","",14.2,1,"","","","","","","","","","","","","","","","","","","","","","","","","","","","","","","","","","","","","","","","","","","","","","","","","","","","","","","","","","","","","","","","","","","","","","","","","","","","","","","","","","","","","","","","","","","","","","","","","","","","","","","","","","","","","","","","","","","",""
"06163007","TENDE_SAPC",44.043167,7.586,636,2000050818,0.,1,"","","","","","","","","","","","","","","","","","","","","","","","","","","","","","","","","","",17.2,1,12.5,1,17.2,1,"","",18.9,1,"","","","","","","","","","","","","","","","","","","","",74,1,"","","","","","","","","","","","",14.5,1,"","","","","","","","","","","","","","","","","","","","","","","","","","","","","","","","","","","","","","","","","","","","","","","","","","","","","","","","","","","","","","","","","","","","","","","","","","","","","","","","","","","","","","","","","","","","","","","","","","","","","","","","","","","","","","","","","","","",""
"06163007","TENDE_SAPC",44.043167,7.586,636,2000050819,0.,1,"","","","","","","","","","","","","","","","","","","","","","","","","","","","","","","","","","",15.6,1,12.,1,15.6,1,"","",17.2,1,"","","","","","","","","","","","","","","","","","","","",79,1,"","","","","","","","","","","","",14.,1,"","","","","","","","","","","","","","","","","","","","","","","","","","","","","","","","","","","","","","","","","","","","","","","","","","","","","","","","","","","","","","","","","","","","","","","","","","","","","","","","","","","","","","","","","","","","","","","","","","","","","","","","","","","","","","","","","","","",""
"06163007","TENDE_SAPC",44.043167,7.586,636,2000050820,0.,1,"","","","","","","","","","","","","","","","","","","","","","","","","","","","","","","","","","",15.2,1,10.4,1,14.8,1,"","",15.6,1,"","","","","","","","","","","","","","","","","","","","",73,1,"","","","","","","","","","","","",12.6,1,"","","","","","","","","","","","","","","","","","","","","","","","","","","","","","","","","","","","","","","","","","","","","","","","","","","","","","","","","","","","","","","","","","","","","","","","","","","","","","","","","","","","","","","","","","","","","","","","","","","","","","","","","","","","","","","","","","","",""
"06163007","TENDE_SAPC",44.043167,7.586,636,2000050821,0.,1,"","","","","","","","","","","","","","","","","","","","","","","","","","","","","","","","","","",14.1,1,9.9,1,14.1,1,"","",15.1,1,"","","","","","","","","","","","","","","","","","","","",76,1,"","","","","","","","","","","","",12.2,1,"","","","","","","","","","","","","","","","","","","","","","","","","","","","","","","","","","","","","","","","","","","","","","","","","","","","","","","","","","","","","","","","","","","","","","","","","","","","","","","","","","","","","","","","","","","","","","","","","","","","","","","","","","","","","","","","","","","",""
"06163007","TENDE_SAPC",44.043167,7.586,636,2000050822,0.,1,"","","","","","","","","","","","","","","","","","","","","","","","","","","","","","","","","","",13.3,1,9.5,1,13.3,1,"","",14.1,1,"","","","","","","","","","","","","","","","","","","","",78,1,"","","","","","","","","","","","",11.9,1,"","","","","","","","","","","","","","","","","","","","","","","","","","","","","","","","","","","","","","","","","","","","","","","","","","","","","","","","","","","","","","","","","","","","","","","","","","","","","","","","","","","","","","","","","","","","","","","","","","","","","","","","","","","","","","","","","","","",""
"06163007","TENDE_SAPC",44.043167,7.586,636,2000050823,0.,1,"","","","","","","","","","","","","","","","","","","","","","","","","","","","","","","","","","",12.8,1,8.7,1,12.7,1,"","",13.4,1,"","","","","","","","","","","","","","","","","","","","",76,1,"","","","","","","","","","","","",11.2,1,"","","","","","","","","","","","","","","","","","","","","","","","","","","","","","","","","","","","","","","","","","","","","","","","","","","","","","","","","","","","","","","","","","","","","","","","","","","","","","","","","","","","","","","","","","","","","","","","","","","","","","","","","","","","","","","","","","","",""
"06163007","TENDE_SAPC",44.043167,7.586,636,2000050900,0.,1,"","","","","","","","","","","","","","","","","","","","","","","","","","","","","","","","","","",12.6,1,8.3,1,12.6,1,"","",12.9,1,"","","","","","","","","","","","","","","","","","","","",75,1,"","","","","","","","","","","","",10.9,1,"","","","","","","","","","","","","","","","","","","","","","","","","","","","","","","","","","","","","","","","","","","","","","","","","","","","","","","","","","","","","","","","","","","","","","","","","","","","","","","","","","","","","","","","","","","","","","","","","","","","","","","","","","","","","","","","","","","",""
"06163007","TENDE_SAPC",44.043167,7.586,636,2000050901,0.,1,"","","","","","","","","","","","","","","","","","","","","","","","","","","","","","","","","","",12.3,1,8.,1,12.3,1,"","",12.7,1,"","","","","","","","","","","","","","","","","","","","",75,1,"","","","","","","","","","","","",10.7,1,"","","","","","","","","","","","","","","","","","","","","","","","","","","","","","","","","","","","","","","","","","","","","","","","","","","","","","","","","","","","","","","","","","","","","","","","","","","","","","","","","","","","","","","","","","","","","","","","","","","","","","","","","","","","","","","","","","","",""
"06163007","TENDE_SAPC",44.043167,7.586,636,2000050902,0.,1,"","","","","","","","","","","","","","","","","","","","","","","","","","","","","","","","","","",12.4,1,7.5,1,11.9,1,"","",12.4,1,"","","","","","","","","","","","","","","","","","","","",72,1,"","","","","","","","","","","","",10.3,1,"","","","","","","","","","","","","","","","","","","","","","","","","","","","","","","","","","","","","","","","","","","","","","","","","","","","","","","","","","","","","","","","","","","","","","","","","","","","","","","","","","","","","","","","","","","","","","","","","","","","","","","","","","","","","","","","","","","",""
"06163007","TENDE_SAPC",44.043167,7.586,636,2000050903,0.,1,"","","","","","","","","","","","","","","","","","","","","","","","","","","","","","","","","","",11.9,1,7.6,1,11.7,1,"","",12.4,1,"","","","","","","","","","","","","","","","","","","","",75,1,"","","","","","","","","","","","",10.4,1,"","","","","","","","","","","","","","","","","","","","","","","","","","","","","","","","","","","","","","","","","","","","","","","","","","","","","","","","","","","","","","","","","","","","","","","","","","","","","","","","","","","","","","","","","","","","","","","","","","","","","","","","","","","","","","","","","","","",""
"06163007","TENDE_SAPC",44.043167,7.586,636,2000050904,0.,1,"","","","","","","","","","","","","","","","","","","","","","","","","","","","","","","","","","",12.2,1,6.9,1,11.7,1,"","",12.2,1,"","","","","","","","","","","","","","","","","","","","",70,1,"","","","","","","","","","","","",9.9,1,"","","","","","","","","","","","","","","","","","","","","","","","","","","","","","","","","","","","","","","","","","","","","","","","","","","","","","","","","","","","","","","","","","","","","","","","","","","","","","","","","","","","","","","","","","","","","","","","","","","","","","","","","","","","","","","","","","","",""
"06163007","TENDE_SAPC",44.043167,7.586,636,2000050905,0.,1,"","","","","","","","","","","","","","","","","","","","","","","","","","","","","","","","","","",13.2,1,7.2,1,12.2,1,"","",13.2,1,"","","","","","","","","","","","","","","","","","","","",67,1,"","","","","","","","","","","","",10.1,1,"","","","","","","","","","","","","","","","","","","","","","","","","","","","","","","","","","","","","","","","","","","","","","","","","","","","","","","","","","","","","","","","","","","","","","","","","","","","","","","","","","","","","","","","","","","","","","","","","","","","","","","","","","","","","","","","","","","",""
"06163007","TENDE_SAPC",44.043167,7.586,636,2000050906,0.,1,"","","","","","","","","","","","","","","","","","","","","","","","","","","","","","","","","","",17.2,1,7.5,1,13.5,1,"","",17.3,1,"","","","","","","","","","","","","","","","","","","","",53,1,"","","","","","","","","","","","",10.4,1,"","","","","","","","","","","","","","","","","","","","","","","","","","","","","","","","","","","","","","","","","","","","","","","","","","","","","","","","","","","","","","","","","","","","","","","","","","","","","","","","","","","","","","","","","","","","","","","","","","","","","","","","","","","","","","","","","","","",""
"06163007","TENDE_SAPC",44.043167,7.586,636,2000050907,0.,1,"","","","","","","","","","","","","","","","","","","","","","","","","","","","","","","","","","",18.5,1,8.2,1,17.3,1,"","",18.5,1,"","","","","","","","","","","","","","","","","","","","",51,1,"","","","","","","","","","","","",10.8,1,"","","","","","","","","","","","","","","","","","","","","","","","","","","","","","","","","","","","","","","","","","","","","","","","","","","","","","","","","","","","","","","","","","","","","","","","","","","","","","","","","","","","","","","","","","","","","","","","","","","","","","","","","","","","","","","","","","","",""
"06163007","TENDE_SAPC",44.043167,7.586,636,2000050908,0.,1,"","","","","","","","","","","","","","","","","","","","","","","","","","","","","","","","","","",20.,1,9.,1,18.5,1,"","",20.,1,"","","","","","","","","","","","","","","","","","","","",49,1,"","","","","","","","","","","","",11.4,1,"","","","","","","","","","","","","","","","","","","","","","","","","","","","","","","","","","","","","","","","","","","","","","","","","","","","","","","","","","","","","","","","","","","","","","","","","","","","","","","","","","","","","","","","","","","","","","","","","","","","","","","","","","","","","","","","","","","",""
"06163007","TENDE_SAPC",44.043167,7.586,636,2000050909,0.,1,"","","","","","","","","","","","","","","","","","","","","","","","","","","","","","","","","","",20.1,1,9.3,1,19.9,1,"","",21.,1,"","","","","","","","","","","","","","","","","","","","",50,1,"","","","","","","","","","","","",11.7,1,"","","","","","","","","","","","","","","","","","","","","","","","","","","","","","","","","","","","","","","","","","","","","","","","","","","","","","","","","","","","","","","","","","","","","","","","","","","","","","","","","","","","","","","","","","","","","","","","","","","","","","","","","","","","","","","","","","","",""
"06163007","TENDE_SAPC",44.043167,7.586,636,2000050910,0.2,1,"","","","","","","","","","","","","","","","","","","","","","","","","","","","","","","","","","",16.8,1,10.2,1,16.8,1,"","",20.,1,"","","","","","","","","","","","","","","","","","","","",65,1,"","","","","","","","","","","","",12.4,1,"","","","","","","","","","","","","","","","","","","","","","","","","","","","","","","","","","","","","","","","","","","","","","","","","","","","","","","","","","","","","","","","","","","","","","","","","","","","","","","","","","","","","","","","","","","","","","","","","","","","","","","","","","","","","","","","","","","",""
"06163007","TENDE_SAPC",44.043167,7.586,636,2000050911,"","","","","","","","","","","","","","","","","","","","","","","","","","","","","","","","","","","","",16.3,1,10.2,1,"","","","","","","","","","","","","","","","","","","","","","","","","","",67,1,"","","","","","","","","","","","",12.4,1,"","","","","","","","","","","","","","","","","","","","","","","","","","","","","","","","","","","","","","","","","","","","","","","","","","","","","","","","","","","","","","","","","","","","","","","","","","","","","","","","","","","","","","","","","","","","","","","","","","","","","","","","","","","","","","","","","","","",""
"06163007","TENDE_SAPC",44.043167,7.586,636,2000050912,0.6,1,"","","","","","","","","","","","","","","","","","","","","","","","","","","","","","","","","","",16.9,1,11.6,1,"","","","","","","","","","","","","","","","","","","","","","","","","","",71,1,"","","","","","","","","","","","",13.6,1,"","","","","","","","","","","","","","","","","","","","","","","","","","","","","","","","","","","","","","","","","","","","","","","","","","","","","","","","","","","","","","","","","","","","","","","","","","","","","","","","","","","","","","","","","","","","","","","","","","","","","","","","","","","","","","","","","","","",""
"06163007","TENDE_SAPC",44.043167,7.586,636,2000050913,0.,1,"","","","","","","","","","","","","","","","","","","","","","","","","","","","","","","","","","",18.3,1,9.9,1,16.8,1,"","",18.3,1,"","","","","","","","","","","","","","","","","","","","",58,1,"","","","","","","","","","","","",12.2,1,"","","","","","","","","","","","","","","","","","","","","","","","","","","","","","","","","","","","","","","","","","","","","","","","","","","","","","","","","","","","","","","","","","","","","","","","","","","","","","","","","","","","","","","","","","","","","","","","","","","","","","","","","","","","","","","","","","","",""
"06163007","TENDE_SAPC",44.043167,7.586,636,2000050914,0.,1,"","","","","","","","","","","","","","","","","","","","","","","","","","","","","","","","","","",18.3,1,9.6,1,18.1,1,"","",18.6,1,"","","","","","","","","","","","","","","","","","","","",57,1,"","","","","","","","","","","","",12.,1,"","","","","","","","","","","","","","","","","","","","","","","","","","","","","","","","","","","","","","","","","","","","","","","","","","","","","","","","","","","","","","","","","","","","","","","","","","","","","","","","","","","","","","","","","","","","","","","","","","","","","","","","","","","","","","","","","","","",""
"06163007","TENDE_SAPC",44.043167,7.586,636,2000050915,0.,1,"","","","","","","","","","","","","","","","","","","","","","","","","","","","","","","","","","",19.,1,10.3,1,18.3,1,"","",19.1,1,"","","","","","","","","","","","","","","","","","","","",57,1,"","","","","","","","","","","","",12.5,1,"","","","","","","","","","","","","","","","","","","","","","","","","","","","","","","","","","","","","","","","","","","","","","","","","","","","","","","","","","","","","","","","","","","","","","","","","","","","","","","","","","","","","","","","","","","","","","","","","","","","","","","","","","","","","","","","","","","",""
"06163007","TENDE_SAPC",44.043167,7.586,636,2000050916,0.,1,"","","","","","","","","","","","","","","","","","","","","","","","","","","","","","","","","","",18.4,1,9.7,1,18.4,1,"","",19.1,1,"","","","","","","","","","","","","","","","","","","","",57,1,"","","","","","","","","","","","",12.,1,"","","","","","","","","","","","","","","","","","","","","","","","","","","","","","","","","","","","","","","","","","","","","","","","","","","","","","","","","","","","","","","","","","","","","","","","","","","","","","","","","","","","","","","","","","","","","","","","","","","","","","","","","","","","","","","","","","","",""
"06163007","TENDE_SAPC",44.043167,7.586,636,2000050917,0.,1,"","","","","","","","","","","","","","","","","","","","","","","","","","","","","","","","","","",17.8,1,9.4,1,17.8,1,"","",18.6,1,"","","","","","","","","","","","","","","","","","","","",58,1,"","","","","","","","","","","","",11.8,1,"","","","","","","","","","","","","","","","","","","","","","","","","","","","","","","","","","","","","","","","","","","","","","","","","","","","","","","","","","","","","","","","","","","","","","","","","","","","","","","","","","","","","","","","","","","","","","","","","","","","","","","","","","","","","","","","","","","",""
"06163007","TENDE_SAPC",44.043167,7.586,636,2000050918,0.,1,"","","","","","","","","","","","","","","","","","","","","","","","","","","","","","","","","","",17.8,1,9.2,1,17.4,1,"","",17.8,1,"","","","","","","","","","","","","","","","","","","","",57,1,"","","","","","","","","","","","",11.6,1,"","","","","","","","","","","","","","","","","","","","","","","","","","","","","","","","","","","","","","","","","","","","","","","","","","","","","","","","","","","","","","","","","","","","","","","","","","","","","","","","","","","","","","","","","","","","","","","","","","","","","","","","","","","","","","","","","","","",""
"06163007","TENDE_SAPC",44.043167,7.586,636,2000050919,0.,1,"","","","","","","","","","","","","","","","","","","","","","","","","","","","","","","","","","",16.6,1,9.,1,16.5,1,"","",17.8,1,"","","","","","","","","","","","","","","","","","","","",61,1,"","","","","","","","","","","","",11.5,1,"","","","","","","","","","","","","","","","","","","","","","","","","","","","","","","","","","","","","","","","","","","","","","","","","","","","","","","","","","","","","","","","","","","","","","","","","","","","","","","","","","","","","","","","","","","","","","","","","","","","","","","","","","","","","","","","","","","",""
"06163007","TENDE_SAPC",44.043167,7.586,636,2000050920,0.,1,"","","","","","","","","","","","","","","","","","","","","","","","","","","","","","","","","","",16.8,1,9.,1,16.6,1,"","",17.1,1,"","","","","","","","","","","","","","","","","","","","",60,1,"","","","","","","","","","","","",11.5,1,"","","","","","","","","","","","","","","","","","","","","","","","","","","","","","","","","","","","","","","","","","","","","","","","","","","","","","","","","","","","","","","","","","","","","","","","","","","","","","","","","","","","","","","","","","","","","","","","","","","","","","","","","","","","","","","","","","","",""
"06163007","TENDE_SAPC",44.043167,7.586,636,2000050921,0.,1,"","","","","","","","","","","","","","","","","","","","","","","","","","","","","","","","","","",16.6,1,9.5,1,16.6,1,"","",16.9,1,"","","","","","","","","","","","","","","","","","","","",63,1,"","","","","","","","","","","","",11.9,1,"","","","","","","","","","","","","","","","","","","","","","","","","","","","","","","","","","","","","","","","","","","","","","","","","","","","","","","","","","","","","","","","","","","","","","","","","","","","","","","","","","","","","","","","","","","","","","","","","","","","","","","","","","","","","","","","","","","",""
"06163007","TENDE_SAPC",44.043167,7.586,636,2000050922,0.6,1,"","","","","","","","","","","","","","","","","","","","","","","","","","","","","","","","","","",14.9,1,11.7,1,14.9,1,"","",16.6,1,"","","","","","","","","","","","","","","","","","","","",81,1,"","","","","","","","","","","","",13.7,1,"","","","","","","","","","","","","","","","","","","","","","","","","","","","","","","","","","","","","","","","","","","","","","","","","","","","","","","","","","","","","","","","","","","","","","","","","","","","","","","","","","","","","","","","","","","","","","","","","","","","","","","","","","","","","","","","","","","",""
"06163007","TENDE_SAPC",44.043167,7.586,636,2000050923,0.4,1,"","","","","","","","","","","","","","","","","","","","","","","","","","","","","","","","","","",13.9,1,11.4,1,13.8,1,"","",14.8,1,"","","","","","","","","","","","","","","","","","","","",85,1,"","","","","","","","","","","","",13.5,1,"","","","","","","","","","","","","","","","","","","","","","","","","","","","","","","","","","","","","","","","","","","","","","","","","","","","","","","","","","","","","","","","","","","","","","","","","","","","","","","","","","","","","","","","","","","","","","","","","","","","","","","","","","","","","","","","","","","",""
"06163007","TENDE_SAPC",44.043167,7.586,636,2000051000,0.,1,"","","","","","","","","","","","","","","","","","","","","","","","","","","","","","","","","","",13.5,1,11.9,1,13.4,1,"","",13.9,1,"","","","","","","","","","","","","","","","","","","","",90,1,"","","","","","","","","","","","",13.9,1,"","","","","","","","","","","","","","","","","","","","","","","","","","","","","","","","","","","","","","","","","","","","","","","","","","","","","","","","","","","","","","","","","","","","","","","","","","","","","","","","","","","","","","","","","","","","","","","","","","","","","","","","","","","","","","","","","","","",""
"06163007","TENDE_SAPC",44.043167,7.586,636,2000051001,1.,1,"","","","","","","","","","","","","","","","","","","","","","","","","","","","","","","","","","",13.4,1,11.6,1,13.4,1,"","",13.6,1,"","","","","","","","","","","","","","","","","","","","",89,1,"","","","","","","","","","","","",13.7,1,"","","","","","","","","","","","","","","","","","","","","","","","","","","","","","","","","","","","","","","","","","","","","","","","","","","","","","","","","","","","","","","","","","","","","","","","","","","","","","","","","","","","","","","","","","","","","","","","","","","","","","","","","","","","","","","","","","","",""
"06163007","TENDE_SAPC",44.043167,7.586,636,2000051002,0.2,1,"","","","","","","","","","","","","","","","","","","","","","","","","","","","","","","","","","",13.6,1,11.6,1,13.3,1,"","",13.6,1,"","","","","","","","","","","","","","","","","","","","",88,1,"","","","","","","","","","","","",13.7,1,"","","","","","","","","","","","","","","","","","","","","","","","","","","","","","","","","","","","","","","","","","","","","","","","","","","","","","","","","","","","","","","","","","","","","","","","","","","","","","","","","","","","","","","","","","","","","","","","","","","","","","","","","","","","","","","","","","","",""
"06163007","TENDE_SAPC",44.043167,7.586,636,2000051003,0.,1,"","","","","","","","","","","","","","","","","","","","","","","","","","","","","","","","","","",13.4,1,11.6,1,13.3,1,"","",13.6,1,"","","","","","","","","","","","","","","","","","","","",89,1,"","","","","","","","","","","","",13.7,1,"","","","","","","","","","","","","","","","","","","","","","","","","","","","","","","","","","","","","","","","","","","","","","","","","","","","","","","","","","","","","","","","","","","","","","","","","","","","","","","","","","","","","","","","","","","","","","","","","","","","","","","","","","","","","","","","","","","",""
"06163007","TENDE_SAPC",44.043167,7.586,636,2000051004,0.,1,"","","","","","","","","","","","","","","","","","","","","","","","","","","","","","","","","","",13.4,1,11.5,1,13.3,1,"","",13.6,1,"","","","","","","","","","","","","","","","","","","","",88,1,"","","","","","","","","","","","",13.5,1,"","","","","","","","","","","","","","","","","","","","","","","","","","","","","","","","","","","","","","","","","","","","","","","","","","","","","","","","","","","","","","","","","","","","","","","","","","","","","","","","","","","","","","","","","","","","","","","","","","","","","","","","","","","","","","","","","","","",""
"06163007","TENDE_SAPC",44.043167,7.586,636,2000051005,0.,1,"","","","","","","","","","","","","","","","","","","","","","","","","","","","","","","","","","",13.4,1,11.3,1,13.4,1,"","",13.6,1,"","","","","","","","","","","","","","","","","","","","",87,1,"","","","","","","","","","","","",13.3,1,"","","","","","","","","","","","","","","","","","","","","","","","","","","","","","","","","","","","","","","","","","","","","","","","","","","","","","","","","","","","","","","","","","","","","","","","","","","","","","","","","","","","","","","","","","","","","","","","","","","","","","","","","","","","","","","","","","","",""
"06163007","TENDE_SAPC",44.043167,7.586,636,2000051006,0.,1,"","","","","","","","","","","","","","","","","","","","","","","","","","","","","","","","","","",13.9,1,11.4,1,13.2,1,"","",13.9,1,"","","","","","","","","","","","","","","","","","","","",85,1,"","","","","","","","","","","","",13.5,1,"","","","","","","","","","","","","","","","","","","","","","","","","","","","","","","","","","","","","","","","","","","","","","","","","","","","","","","","","","","","","","","","","","","","","","","","","","","","","","","","","","","","","","","","","","","","","","","","","","","","","","","","","","","","","","","","","","","",""
"06163007","TENDE_SAPC",44.043167,7.586,636,2000051007,0.,1,"","","","","","","","","","","","","","","","","","","","","","","","","","","","","","","","","","",16.9,1,10.3,1,13.9,1,"","",16.9,1,"","","","","","","","","","","","","","","","","","","","",65,1,"","","","","","","","","","","","",12.5,1,"","","","","","","","","","","","","","","","","","","","","","","","","","","","","","","","","","","","","","","","","","","","","","","","","","","","","","","","","","","","","","","","","","","","","","","","","","","","","","","","","","","","","","","","","","","","","","","","","","","","","","","","","","","","","","","","","","","",""
"06163007","TENDE_SAPC",44.043167,7.586,636,2000051008,0.,1,"","","","","","","","","","","","","","","","","","","","","","","","","","","","","","","","","","",19.4,1,9.3,1,16.9,1,"","",19.4,1,"","","","","","","","","","","","","","","","","","","","",52,1,"","","","","","","","","","","","",11.7,1,"","","","","","","","","","","","","","","","","","","","","","","","","","","","","","","","","","","","","","","","","","","","","","","","","","","","","","","","","","","","","","","","","","","","","","","","","","","","","","","","","","","","","","","","","","","","","","","","","","","","","","","","","","","","","","","","","","","",""
"06163007","TENDE_SAPC",44.043167,7.586,636,2000051009,0.,1,"","","","","","","","","","","","","","","","","","","","","","","","","","","","","","","","","","",20.7,1,9.6,1,19.4,1,"","",20.7,1,"","","","","","","","","","","","","","","","","","","","",49,1,"","","","","","","","","","","","",11.9,1,"","","","","","","","","","","","","","","","","","","","","","","","","","","","","","","","","","","","","","","","","","","","","","","","","","","","","","","","","","","","","","","","","","","","","","","","","","","","","","","","","","","","","","","","","","","","","","","","","","","","","","","","","","","","","","","","","","","",""
"06163007","TENDE_SAPC",44.043167,7.586,636,2000051010,0.,1,"","","","","","","","","","","","","","","","","","","","","","","","","","","","","","","","","","",22.,1,10.5,1,20.7,1,"","",22.,1,"","","","","","","","","","","","","","","","","","","","",48,1,"","","","","","","","","","","","",12.7,1,"","","","","","","","","","","","","","","","","","","","","","","","","","","","","","","","","","","","","","","","","","","","","","","","","","","","","","","","","","","","","","","","","","","","","","","","","","","","","","","","","","","","","","","","","","","","","","","","","","","","","","","","","","","","","","","","","","","",""
"06163007","TENDE_SAPC",44.043167,7.586,636,2000051011,0.,1,"","","","","","","","","","","","","","","","","","","","","","","","","","","","","","","","","","",22.8,1,10.9,1,21.7,1,"","",22.8,1,"","","","","","","","","","","","","","","","","","","","",47,1,"","","","","","","","","","","","",13.,1,"","","","","","","","","","","","","","","","","","","","","","","","","","","","","","","","","","","","","","","","","","","","","","","","","","","","","","","","","","","","","","","","","","","","","","","","","","","","","","","","","","","","","","","","","","","","","","","","","","","","","","","","","","","","","","","","","","","",""
"06163007","TENDE_SAPC",44.043167,7.586,636,2000051012,0.,1,"","","","","","","","","","","","","","","","","","","","","","","","","","","","","","","","","","",21.1,1,10.3,1,21.1,1,"","",22.8,1,"","","","","","","","","","","","","","","","","","","","",50,1,"","","","","","","","","","","","",12.5,1,"","","","","","","","","","","","","","","","","","","","","","","","","","","","","","","","","","","","","","","","","","","","","","","","","","","","","","","","","","","","","","","","","","","","","","","","","","","","","","","","","","","","","","","","","","","","","","","","","","","","","","","","","","","","","","","","","","","",""
"06163007","TENDE_SAPC",44.043167,7.586,636,2000051013,0.,1,"","","","","","","","","","","","","","","","","","","","","","","","","","","","","","","","","","",21.7,1,10.5,1,20.8,1,"","",21.8,1,"","","","","","","","","","","","","","","","","","","","",49,1,"","","","","","","","","","","","",12.7,1,"","","","","","","","","","","","","","","","","","","","","","","","","","","","","","","","","","","","","","","","","","","","","","","","","","","","","","","","","","","","","","","","","","","","","","","","","","","","","","","","","","","","","","","","","","","","","","","","","","","","","","","","","","","","","","","","","","","",""
"06163007","TENDE_SAPC",44.043167,7.586,636,2000051014,0.,1,"","","","","","","","","","","","","","","","","","","","","","","","","","","","","","","","","","",20.3,1,10.4,1,20.3,1,"","",21.9,1,"","","","","","","","","","","","","","","","","","","","",53,1,"","","","","","","","","","","","",12.6,1,"","","","","","","","","","","","","","","","","","","","","","","","","","","","","","","","","","","","","","","","","","","","","","","","","","","","","","","","","","","","","","","","","","","","","","","","","","","","","","","","","","","","","","","","","","","","","","","","","","","","","","","","","","","","","","","","","","","",""
"06163007","TENDE_SAPC",44.043167,7.586,636,2000051015,0.,1,"","","","","","","","","","","","","","","","","","","","","","","","","","","","","","","","","","",19.8,1,10.5,1,19.8,1,"","",20.7,1,"","","","","","","","","","","","","","","","","","","","",55,1,"","","","","","","","","","","","",12.7,1,"","","","","","","","","","","","","","","","","","","","","","","","","","","","","","","","","","","","","","","","","","","","","","","","","","","","","","","","","","","","","","","","","","","","","","","","","","","","","","","","","","","","","","","","","","","","","","","","","","","","","","","","","","","","","","","","","","","",""
"06163007","TENDE_SAPC",44.043167,7.586,636,2000051016,0.,1,"","","","","","","","","","","","","","","","","","","","","","","","","","","","","","","","","","",19.3,1,10.,1,19.3,1,"","",19.8,1,"","","","","","","","","","","","","","","","","","","","",55,1,"","","","","","","","","","","","",12.3,1,"","","","","","","","","","","","","","","","","","","","","","","","","","","","","","","","","","","","","","","","","","","","","","","","","","","","","","","","","","","","","","","","","","","","","","","","","","","","","","","","","","","","","","","","","","","","","","","","","","","","","","","","","","","","","","","","","","","",""
"06163007","TENDE_SAPC",44.043167,7.586,636,2000051017,0.,1,"","","","","","","","","","","","","","","","","","","","","","","","","","","","","","","","","","",19.,1,10.,1,19.,1,"","",19.5,1,"","","","","","","","","","","","","","","","","","","","",56,1,"","","","","","","","","","","","",12.3,1,"","","","","","","","","","","","","","","","","","","","","","","","","","","","","","","","","","","","","","","","","","","","","","","","","","","","","","","","","","","","","","","","","","","","","","","","","","","","","","","","","","","","","","","","","","","","","","","","","","","","","","","","","","","","","","","","","","","",""
"06163007","TENDE_SAPC",44.043167,7.586,636,2000051018,3.2,1,"","","","","","","","","","","","","","","","","","","","","","","","","","","","","","","","","","",15.1,1,12.6,1,15.1,1,"","",18.9,1,"","","","","","","","","","","","","","","","","","","","",85,1,"","","","","","","","","","","","",14.6,1,"","","","","","","","","","","","","","","","","","","","","","","","","","","","","","","","","","","","","","","","","","","","","","","","","","","","","","","","","","","","","","","","","","","","","","","","","","","","","","","","","","","","","","","","","","","","","","","","","","","","","","","","","","","","","","","","","","","",""
"06163007","TENDE_SAPC",44.043167,7.586,636,2000051019,1.2,1,"","","","","","","","","","","","","","","","","","","","","","","","","","","","","","","","","","",14.2,1,12.4,1,14.2,1,"","",15.1,1,"","","","","","","","","","","","","","","","","","","","",89,1,"","","","","","","","","","","","",14.4,1,"","","","","","","","","","","","","","","","","","","","","","","","","","","","","","","","","","","","","","","","","","","","","","","","","","","","","","","","","","","","","","","","","","","","","","","","","","","","","","","","","","","","","","","","","","","","","","","","","","","","","","","","","","","","","","","","","","","",""
"06163007","TENDE_SAPC",44.043167,7.586,636,2000051020,0.,1,"","","","","","","","","","","","","","","","","","","","","","","","","","","","","","","","","","",13.5,1,11.9,1,13.5,1,"","",14.2,1,"","","","","","","","","","","","","","","","","","","","",90,1,"","","","","","","","","","","","",13.9,1,"","","","","","","","","","","","","","","","","","","","","","","","","","","","","","","","","","","","","","","","","","","","","","","","","","","","","","","","","","","","","","","","","","","","","","","","","","","","","","","","","","","","","","","","","","","","","","","","","","","","","","","","","","","","","","","","","","","",""
"06163007","TENDE_SAPC",44.043167,7.586,636,2000051021,0.4,1,"","","","","","","","","","","","","","","","","","","","","","","","","","","","","","","","","","",13.5,1,11.4,1,13.4,1,"","",13.6,1,"","","","","","","","","","","","","","","","","","","","",87,1,"","","","","","","","","","","","",13.4,1,"","","","","","","","","","","","","","","","","","","","","","","","","","","","","","","","","","","","","","","","","","","","","","","","","","","","","","","","","","","","","","","","","","","","","","","","","","","","","","","","","","","","","","","","","","","","","","","","","","","","","","","","","","","","","","","","","","","",""
"06163007","TENDE_SAPC",44.043167,7.586,636,2000051022,0.2,1,"","","","","","","","","","","","","","","","","","","","","","","","","","","","","","","","","","",13.1,1,11.5,1,13.1,1,"","",13.5,1,"","","","","","","","","","","","","","","","","","","","",90,1,"","","","","","","","","","","","",13.5,1,"","","","","","","","","","","","","","","","","","","","","","","","","","","","","","","","","","","","","","","","","","","","","","","","","","","","","","","","","","","","","","","","","","","","","","","","","","","","","","","","","","","","","","","","","","","","","","","","","","","","","","","","","","","","","","","","","","","",""
"06163007","TENDE_SAPC",44.043167,7.586,636,2000051023,0.,1,"","","","","","","","","","","","","","","","","","","","","","","","","","","","","","","","","","",12.9,1,11.1,1,12.9,1,"","",13.2,1,"","","","","","","","","","","","","","","","","","","","",89,1,"","","","","","","","","","","","",13.2,1,"","","","","","","","","","","","","","","","","","","","","","","","","","","","","","","","","","","","","","","","","","","","","","","","","","","","","","","","","","","","","","","","","","","","","","","","","","","","","","","","","","","","","","","","","","","","","","","","","","","","","","","","","","","","","","","","","","","",""
"06163007","TENDE_SAPC",44.043167,7.586,636,2000051100,0.,1,"","","","","","","","","","","","","","","","","","","","","","","","","","","","","","","","","","",12.1,1,10.7,1,12.1,1,"","",12.9,1,"","","","","","","","","","","","","","","","","","","","",91,1,"","","","","","","","","","","","",12.8,1,"","","","","","","","","","","","","","","","","","","","","","","","","","","","","","","","","","","","","","","","","","","","","","","","","","","","","","","","","","","","","","","","","","","","","","","","","","","","","","","","","","","","","","","","","","","","","","","","","","","","","","","","","","","","","","","","","","","",""
"06163007","TENDE_SAPC",44.043167,7.586,636,2000051101,0.,1,"","","","","","","","","","","","","","","","","","","","","","","","","","","","","","","","","","",12.3,1,11.,1,12.,1,"","",12.3,1,"","","","","","","","","","","","","","","","","","","","",92,1,"","","","","","","","","","","","",13.1,1,"","","","","","","","","","","","","","","","","","","","","","","","","","","","","","","","","","","","","","","","","","","","","","","","","","","","","","","","","","","","","","","","","","","","","","","","","","","","","","","","","","","","","","","","","","","","","","","","","","","","","","","","","","","","","","","","","","","",""
"06163007","TENDE_SAPC",44.043167,7.586,636,2000051102,0.,1,"","","","","","","","","","","","","","","","","","","","","","","","","","","","","","","","","","",12.5,1,11.2,1,12.3,1,"","",12.5,1,"","","","","","","","","","","","","","","","","","","","",92,1,"","","","","","","","","","","","",13.3,1,"","","","","","","","","","","","","","","","","","","","","","","","","","","","","","","","","","","","","","","","","","","","","","","","","","","","","","","","","","","","","","","","","","","","","","","","","","","","","","","","","","","","","","","","","","","","","","","","","","","","","","","","","","","","","","","","","","","",""
"06163007","TENDE_SAPC",44.043167,7.586,636,2000051103,0.,1,"","","","","","","","","","","","","","","","","","","","","","","","","","","","","","","","","","",11.7,1,10.4,1,11.7,1,"","",12.5,1,"","","","","","","","","","","","","","","","","","","","",92,1,"","","","","","","","","","","","",12.6,1,"","","","","","","","","","","","","","","","","","","","","","","","","","","","","","","","","","","","","","","","","","","","","","","","","","","","","","","","","","","","","","","","","","","","","","","","","","","","","","","","","","","","","","","","","","","","","","","","","","","","","","","","","","","","","","","","","","","",""
"06163007","TENDE_SAPC",44.043167,7.586,636,2000051104,0.,1,"","","","","","","","","","","","","","","","","","","","","","","","","","","","","","","","","","",11.6,1,10.3,1,11.3,1,"","",11.7,1,"","","","","","","","","","","","","","","","","","","","",92,1,"","","","","","","","","","","","",12.5,1,"","","","","","","","","","","","","","","","","","","","","","","","","","","","","","","","","","","","","","","","","","","","","","","","","","","","","","","","","","","","","","","","","","","","","","","","","","","","","","","","","","","","","","","","","","","","","","","","","","","","","","","","","","","","","","","","","","","",""
"06163007","TENDE_SAPC",44.043167,7.586,636,2000051105,0.,1,"","","","","","","","","","","","","","","","","","","","","","","","","","","","","","","","","","",12.2,1,10.6,1,11.6,1,"","",12.2,1,"","","","","","","","","","","","","","","","","","","","",90,1,"","","","","","","","","","","","",12.8,1,"","","","","","","","","","","","","","","","","","","","","","","","","","","","","","","","","","","","","","","","","","","","","","","","","","","","","","","","","","","","","","","","","","","","","","","","","","","","","","","","","","","","","","","","","","","","","","","","","","","","","","","","","","","","","","","","","","","",""
"06163007","TENDE_SAPC",44.043167,7.586,636,2000051106,0.,1,"","","","","","","","","","","","","","","","","","","","","","","","","","","","","","","","","","",12.7,1,10.8,1,12.,1,"","",12.7,1,"","","","","","","","","","","","","","","","","","","","",88,1,"","","","","","","","","","","","",12.9,1,"","","","","","","","","","","","","","","","","","","","","","","","","","","","","","","","","","","","","","","","","","","","","","","","","","","","","","","","","","","","","","","","","","","","","","","","","","","","","","","","","","","","","","","","","","","","","","","","","","","","","","","","","","","","","","","","","","","",""
"06163007","TENDE_SAPC",44.043167,7.586,636,2000051408,"","","","","","","","","","","","","","","","","","","","","","","","","","","","","","","","","","","","",19.3,1,6.7,1,"","","","","","","","","","","","","","","","","","","","","","","","","","",44,1,"","","","","","","","","","","","",9.8,1,"","","","","","","","","","","","","","","","","","","","","","","","","","","","","","","","","","","","","","","","","","","","","","","","","","","","","","","","","","","","","","","","","","","","","","","","","","","","","","","","","","","","","","","","","","","","","","","","","","","","","","","","","","","","","","","","","","","",""
"06163007","TENDE_SAPC",44.043167,7.586,636,2000051409,0.,1,"","","","","","","","","","","","","","","","","","","","","","","","","","","","","","","","","","",20.3,1,7.6,1,19.3,1,"","",20.3,1,"","","","","","","","","","","","","","","","","","","","",44,1,"","","","","","","","","","","","",10.5,1,"","","","","","","","","","","","","","","","","","","","","","","","","","","","","","","","","","","","","","","","","","","","","","","","","","","","","","","","","","","","","","","","","","","","","","","","","","","","","","","","","","","","","","","","","","","","","","","","","","","","","","","","","","","","","","","","","","","",""
"06163007","TENDE_SAPC",44.043167,7.586,636,2000051410,0.,1,"","","","","","","","","","","","","","","","","","","","","","","","","","","","","","","","","","",20.1,1,6.4,1,18.3,1,"","",20.4,1,"","","","","","","","","","","","","","","","","","","","",41,1,"","","","","","","","","","","","",9.6,1,"","","","","","","","","","","","","","","","","","","","","","","","","","","","","","","","","","","","","","","","","","","","","","","","","","","","","","","","","","","","","","","","","","","","","","","","","","","","","","","","","","","","","","","","","","","","","","","","","","","","","","","","","","","","","","","","","","","",""
"06163007","TENDE_SAPC",44.043167,7.586,636,2000051411,0.,1,"","","","","","","","","","","","","","","","","","","","","","","","","","","","","","","","","","",21.3,1,7.5,1,20.2,1,"","",22.2,1,"","","","","","","","","","","","","","","","","","","","",41,1,"","","","","","","","","","","","",10.4,1,"","","","","","","","","","","","","","","","","","","","","","","","","","","","","","","","","","","","","","","","","","","","","","","","","","","","","","","","","","","","","","","","","","","","","","","","","","","","","","","","","","","","","","","","","","","","","","","","","","","","","","","","","","","","","","","","","","","",""
"06163007","TENDE_SAPC",44.043167,7.586,636,2000051412,0.,1,"","","","","","","","","","","","","","","","","","","","","","","","","","","","","","","","","","",22.7,1,6.4,1,21.2,1,"","",22.7,1,"","","","","","","","","","","","","","","","","","","","",35,1,"","","","","","","","","","","","",9.6,1,"","","","","","","","","","","","","","","","","","","","","","","","","","","","","","","","","","","","","","","","","","","","","","","","","","","","","","","","","","","","","","","","","","","","","","","","","","","","","","","","","","","","","","","","","","","","","","","","","","","","","","","","","","","","","","","","","","","",""
"06163007","TENDE_SAPC",44.043167,7.586,636,2000051413,0.,1,"","","","","","","","","","","","","","","","","","","","","","","","","","","","","","","","","","",21.3,1,7.5,1,21.3,1,"","",23.,1,"","","","","","","","","","","","","","","","","","","","",41,1,"","","","","","","","","","","","",10.4,1,"","","","","","","","","","","","","","","","","","","","","","","","","","","","","","","","","","","","","","","","","","","","","","","","","","","","","","","","","","","","","","","","","","","","","","","","","","","","","","","","","","","","","","","","","","","","","","","","","","","","","","","","","","","","","","","","","","","",""
"06163007","TENDE_SAPC",44.043167,7.586,636,2000051414,0.,1,"","","","","","","","","","","","","","","","","","","","","","","","","","","","","","","","","","",21.9,1,7.3,1,21.3,1,"","",23.2,1,"","","","","","","","","","","","","","","","","","","","",39,1,"","","","","","","","","","","","",10.2,1,"","","","","","","","","","","","","","","","","","","","","","","","","","","","","","","","","","","","","","","","","","","","","","","","","","","","","","","","","","","","","","","","","","","","","","","","","","","","","","","","","","","","","","","","","","","","","","","","","","","","","","","","","","","","","","","","","","","",""
"06163007","TENDE_SAPC",44.043167,7.586,636,2000051415,0.,1,"","","","","","","","","","","","","","","","","","","","","","","","","","","","","","","","","","",22.6,1,6.8,1,21.9,1,"","",23.1,1,"","","","","","","","","","","","","","","","","","","","",36,1,"","","","","","","","","","","","",9.8,1,"","","","","","","","","","","","","","","","","","","","","","","","","","","","","","","","","","","","","","","","","","","","","","","","","","","","","","","","","","","","","","","","","","","","","","","","","","","","","","","","","","","","","","","","","","","","","","","","","","","","","","","","","","","","","","","","","","","",""
"06163007","TENDE_SAPC",44.043167,7.586,636,2000051416,0.,1,"","","","","","","","","","","","","","","","","","","","","","","","","","","","","","","","","","",21.6,1,7.4,1,21.6,1,"","",22.6,1,"","","","","","","","","","","","","","","","","","","","",40,1,"","","","","","","","","","","","",10.3,1,"","","","","","","","","","","","","","","","","","","","","","","","","","","","","","","","","","","","","","","","","","","","","","","","","","","","","","","","","","","","","","","","","","","","","","","","","","","","","","","","","","","","","","","","","","","","","","","","","","","","","","","","","","","","","","","","","","","",""
"06163007","TENDE_SAPC",44.043167,7.586,636,2000051417,0.,1,"","","","","","","","","","","","","","","","","","","","","","","","","","","","","","","","","","",20.5,1,6.8,1,20.5,1,"","",21.6,1,"","","","","","","","","","","","","","","","","","","","",41,1,"","","","","","","","","","","","",9.9,1,"","","","","","","","","","","","","","","","","","","","","","","","","","","","","","","","","","","","","","","","","","","","","","","","","","","","","","","","","","","","","","","","","","","","","","","","","","","","","","","","","","","","","","","","","","","","","","","","","","","","","","","","","","","","","","","","","","","",""
"06163007","TENDE_SAPC",44.043167,7.586,636,2000051418,0.,1,"","","","","","","","","","","","","","","","","","","","","","","","","","","","","","","","","","",19.3,1,7.4,1,19.3,1,"","",20.5,1,"","","","","","","","","","","","","","","","","","","","",46,1,"","","","","","","","","","","","",10.3,1,"","","","","","","","","","","","","","","","","","","","","","","","","","","","","","","","","","","","","","","","","","","","","","","","","","","","","","","","","","","","","","","","","","","","","","","","","","","","","","","","","","","","","","","","","","","","","","","","","","","","","","","","","","","","","","","","","","","",""
"06163007","TENDE_SAPC",44.043167,7.586,636,2000051419,0.,1,"","","","","","","","","","","","","","","","","","","","","","","","","","","","","","","","","","",16.3,1,7.8,1,16.3,1,"","",19.3,1,"","","","","","","","","","","","","","","","","","","","",57,1,"","","","","","","","","","","","",10.5,1,"","","","","","","","","","","","","","","","","","","","","","","","","","","","","","","","","","","","","","","","","","","","","","","","","","","","","","","","","","","","","","","","","","","","","","","","","","","","","","","","","","","","","","","","","","","","","","","","","","","","","","","","","","","","","","","","","","","",""
"06163007","TENDE_SAPC",44.043167,7.586,636,2000051420,0.,1,"","","","","","","","","","","","","","","","","","","","","","","","","","","","","","","","","","",16.3,1,7.2,1,15.7,1,"","",16.4,1,"","","","","","","","","","","","","","","","","","","","",55,1,"","","","","","","","","","","","",10.2,1,"","","","","","","","","","","","","","","","","","","","","","","","","","","","","","","","","","","","","","","","","","","","","","","","","","","","","","","","","","","","","","","","","","","","","","","","","","","","","","","","","","","","","","","","","","","","","","","","","","","","","","","","","","","","","","","","","","","",""
"06163007","TENDE_SAPC",44.043167,7.586,636,2000051421,0.,1,"","","","","","","","","","","","","","","","","","","","","","","","","","","","","","","","","","",15.1,1,7.1,1,15.,1,"","",16.4,1,"","","","","","","","","","","","","","","","","","","","",59,1,"","","","","","","","","","","","",10.1,1,"","","","","","","","","","","","","","","","","","","","","","","","","","","","","","","","","","","","","","","","","","","","","","","","","","","","","","","","","","","","","","","","","","","","","","","","","","","","","","","","","","","","","","","","","","","","","","","","","","","","","","","","","","","","","","","","","","","",""
"06163007","TENDE_SAPC",44.043167,7.586,636,2000051422,0.,1,"","","","","","","","","","","","","","","","","","","","","","","","","","","","","","","","","","",14.8,1,6.9,1,14.7,1,"","",15.2,1,"","","","","","","","","","","","","","","","","","","","",59,1,"","","","","","","","","","","","",9.9,1,"","","","","","","","","","","","","","","","","","","","","","","","","","","","","","","","","","","","","","","","","","","","","","","","","","","","","","","","","","","","","","","","","","","","","","","","","","","","","","","","","","","","","","","","","","","","","","","","","","","","","","","","","","","","","","","","","","","",""
"06163007","TENDE_SAPC",44.043167,7.586,636,2000051423,0.,1,"","","","","","","","","","","","","","","","","","","","","","","","","","","","","","","","","","",12.6,1,6.8,1,12.6,1,"","",14.8,1,"","","","","","","","","","","","","","","","","","","","",68,1,"","","","","","","","","","","","",9.9,1,"","","","","","","","","","","","","","","","","","","","","","","","","","","","","","","","","","","","","","","","","","","","","","","","","","","","","","","","","","","","","","","","","","","","","","","","","","","","","","","","","","","","","","","","","","","","","","","","","","","","","","","","","","","","","","","","","","","",""
"06163007","TENDE_SAPC",44.043167,7.586,636,2000051500,0.,1,"","","","","","","","","","","","","","","","","","","","","","","","","","","","","","","","","","",11.2,1,6.9,1,11.2,1,"","",12.5,1,"","","","","","","","","","","","","","","","","","","","",75,1,"","","","","","","","","","","","",10.,1,"","","","","","","","","","","","","","","","","","","","","","","","","","","","","","","","","","","","","","","","","","","","","","","","","","","","","","","","","","","","","","","","","","","","","","","","","","","","","","","","","","","","","","","","","","","","","","","","","","","","","","","","","","","","","","","","","","","",""
"06163007","TENDE_SAPC",44.043167,7.586,636,2000051501,0.,1,"","","","","","","","","","","","","","","","","","","","","","","","","","","","","","","","","","",10.4,1,6.9,1,10.4,1,"","",11.2,1,"","","","","","","","","","","","","","","","","","","","",79,1,"","","","","","","","","","","","",9.9,1,"","","","","","","","","","","","","","","","","","","","","","","","","","","","","","","","","","","","","","","","","","","","","","","","","","","","","","","","","","","","","","","","","","","","","","","","","","","","","","","","","","","","","","","","","","","","","","","","","","","","","","","","","","","","","","","","","","","",""
"06163007","TENDE_SAPC",44.043167,7.586,636,2000051502,0.,1,"","","","","","","","","","","","","","","","","","","","","","","","","","","","","","","","","","",11.7,1,7.6,1,10.1,1,"","",11.7,1,"","","","","","","","","","","","","","","","","","","","",76,1,"","","","","","","","","","","","",10.4,1,"","","","","","","","","","","","","","","","","","","","","","","","","","","","","","","","","","","","","","","","","","","","","","","","","","","","","","","","","","","","","","","","","","","","","","","","","","","","","","","","","","","","","","","","","","","","","","","","","","","","","","","","","","","","","","","","","","","",""
"06163007","TENDE_SAPC",44.043167,7.586,636,2000051503,0.,1,"","","","","","","","","","","","","","","","","","","","","","","","","","","","","","","","","","",12.6,1,7.1,1,11.8,1,"","",13.5,1,"","","","","","","","","","","","","","","","","","","","",69,1,"","","","","","","","","","","","",10.,1,"","","","","","","","","","","","","","","","","","","","","","","","","","","","","","","","","","","","","","","","","","","","","","","","","","","","","","","","","","","","","","","","","","","","","","","","","","","","","","","","","","","","","","","","","","","","","","","","","","","","","","","","","","","","","","","","","","","",""
"06163007","TENDE_SAPC",44.043167,7.586,636,2000051504,0.,1,"","","","","","","","","","","","","","","","","","","","","","","","","","","","","","","","","","",12.8,1,6.6,1,12.4,1,"","",13.1,1,"","","","","","","","","","","","","","","","","","","","",66,1,"","","","","","","","","","","","",9.7,1,"","","","","","","","","","","","","","","","","","","","","","","","","","","","","","","","","","","","","","","","","","","","","","","","","","","","","","","","","","","","","","","","","","","","","","","","","","","","","","","","","","","","","","","","","","","","","","","","","","","","","","","","","","","","","","","","","","","",""
"06163007","TENDE_SAPC",44.043167,7.586,636,2000051505,0.,1,"","","","","","","","","","","","","","","","","","","","","","","","","","","","","","","","","","",11.8,1,6.7,1,11.8,1,"","",12.9,1,"","","","","","","","","","","","","","","","","","","","",71,1,"","","","","","","","","","","","",9.8,1,"","","","","","","","","","","","","","","","","","","","","","","","","","","","","","","","","","","","","","","","","","","","","","","","","","","","","","","","","","","","","","","","","","","","","","","","","","","","","","","","","","","","","","","","","","","","","","","","","","","","","","","","","","","","","","","","","","","",""
"06163007","TENDE_SAPC",44.043167,7.586,636,2000051506,0.,1,"","","","","","","","","","","","","","","","","","","","","","","","","","","","","","","","","","",14.9,1,6.5,1,11.7,1,"","",14.9,1,"","","","","","","","","","","","","","","","","","","","",57,1,"","","","","","","","","","","","",9.6,1,"","","","","","","","","","","","","","","","","","","","","","","","","","","","","","","","","","","","","","","","","","","","","","","","","","","","","","","","","","","","","","","","","","","","","","","","","","","","","","","","","","","","","","","","","","","","","","","","","","","","","","","","","","","","","","","","","","","",""
"06163007","TENDE_SAPC",44.043167,7.586,636,2000051507,0.,1,"","","","","","","","","","","","","","","","","","","","","","","","","","","","","","","","","","",19.,1,6.5,1,15.,1,"","",19.,1,"","","","","","","","","","","","","","","","","","","","",44,1,"","","","","","","","","","","","",9.6,1,"","","","","","","","","","","","","","","","","","","","","","","","","","","","","","","","","","","","","","","","","","","","","","","","","","","","","","","","","","","","","","","","","","","","","","","","","","","","","","","","","","","","","","","","","","","","","","","","","","","","","","","","","","","","","","","","","","","",""
"06163007","TENDE_SAPC",44.043167,7.586,636,2000051508,0.,1,"","","","","","","","","","","","","","","","","","","","","","","","","","","","","","","","","","",21.2,1,6.7,1,19.,1,"","",21.2,1,"","","","","","","","","","","","","","","","","","","","",39,1,"","","","","","","","","","","","",9.8,1,"","","","","","","","","","","","","","","","","","","","","","","","","","","","","","","","","","","","","","","","","","","","","","","","","","","","","","","","","","","","","","","","","","","","","","","","","","","","","","","","","","","","","","","","","","","","","","","","","","","","","","","","","","","","","","","","","","","",""
"06163007","TENDE_SAPC",44.043167,7.586,636,2000051509,0.,1,"","","","","","","","","","","","","","","","","","","","","","","","","","","","","","","","","","",22.5,1,6.3,1,21.2,1,"","",22.5,1,"","","","","","","","","","","","","","","","","","","","",35,1,"","","","","","","","","","","","",9.5,1,"","","","","","","","","","","","","","","","","","","","","","","","","","","","","","","","","","","","","","","","","","","","","","","","","","","","","","","","","","","","","","","","","","","","","","","","","","","","","","","","","","","","","","","","","","","","","","","","","","","","","","","","","","","","","","","","","","","",""
"06163007","TENDE_SAPC",44.043167,7.586,636,2000051510,0.,1,"","","","","","","","","","","","","","","","","","","","","","","","","","","","","","","","","","",23.7,1,6.5,1,22.6,1,"","",23.7,1,"","","","","","","","","","","","","","","","","","","","",33,1,"","","","","","","","","","","","",9.6,1,"","","","","","","","","","","","","","","","","","","","","","","","","","","","","","","","","","","","","","","","","","","","","","","","","","","","","","","","","","","","","","","","","","","","","","","","","","","","","","","","","","","","","","","","","","","","","","","","","","","","","","","","","","","","","","","","","","","",""
"06163007","TENDE_SAPC",44.043167,7.586,636,2000051511,0.,1,"","","","","","","","","","","","","","","","","","","","","","","","","","","","","","","","","","",24.9,1,6.1,1,23.7,1,"","",24.9,1,"","","","","","","","","","","","","","","","","","","","",30,1,"","","","","","","","","","","","",9.4,1,"","","","","","","","","","","","","","","","","","","","","","","","","","","","","","","","","","","","","","","","","","","","","","","","","","","","","","","","","","","","","","","","","","","","","","","","","","","","","","","","","","","","","","","","","","","","","","","","","","","","","","","","","","","","","","","","","","","",""
"06163007","TENDE_SAPC",44.043167,7.586,636,2000051512,0.,1,"","","","","","","","","","","","","","","","","","","","","","","","","","","","","","","","","","",23.7,1,8.9,1,23.7,1,"","",25.5,1,"","","","","","","","","","","","","","","","","","","","",39,1,"","","","","","","","","","","","",11.4,1,"","","","","","","","","","","","","","","","","","","","","","","","","","","","","","","","","","","","","","","","","","","","","","","","","","","","","","","","","","","","","","","","","","","","","","","","","","","","","","","","","","","","","","","","","","","","","","","","","","","","","","","","","","","","","","","","","","","",""
"06163007","TENDE_SAPC",44.043167,7.586,636,2000051513,0.,1,"","","","","","","","","","","","","","","","","","","","","","","","","","","","","","","","","","",23.9,1,9.5,1,23.6,1,"","",24.,1,"","","","","","","","","","","","","","","","","","","","",40,1,"","","","","","","","","","","","",11.8,1,"","","","","","","","","","","","","","","","","","","","","","","","","","","","","","","","","","","","","","","","","","","","","","","","","","","","","","","","","","","","","","","","","","","","","","","","","","","","","","","","","","","","","","","","","","","","","","","","","","","","","","","","","","","","","","","","","","","",""
"06163007","TENDE_SAPC",44.043167,7.586,636,2000051514,0.,1,"","","","","","","","","","","","","","","","","","","","","","","","","","","","","","","","","","",23.7,1,9.7,1,23.6,1,"","",24.1,1,"","","","","","","","","","","","","","","","","","","","",41,1,"","","","","","","","","","","","",12.,1,"","","","","","","","","","","","","","","","","","","","","","","","","","","","","","","","","","","","","","","","","","","","","","","","","","","","","","","","","","","","","","","","","","","","","","","","","","","","","","","","","","","","","","","","","","","","","","","","","","","","","","","","","","","","","","","","","","","",""
"06163007","TENDE_SAPC",44.043167,7.586,636,2000051515,0.,1,"","","","","","","","","","","","","","","","","","","","","","","","","","","","","","","","","","",23.,1,9.4,1,22.7,1,"","",23.7,1,"","","","","","","","","","","","","","","","","","","","",42,1,"","","","","","","","","","","","",11.8,1,"","","","","","","","","","","","","","","","","","","","","","","","","","","","","","","","","","","","","","","","","","","","","","","","","","","","","","","","","","","","","","","","","","","","","","","","","","","","","","","","","","","","","","","","","","","","","","","","","","","","","","","","","","","","","","","","","","","",""
"06163007","TENDE_SAPC",44.043167,7.586,636,2000051516,0.,1,"","","","","","","","","","","","","","","","","","","","","","","","","","","","","","","","","","",21.9,1,10.4,1,21.9,1,"","",23.1,1,"","","","","","","","","","","","","","","","","","","","",48,1,"","","","","","","","","","","","",12.6,1,"","","","","","","","","","","","","","","","","","","","","","","","","","","","","","","","","","","","","","","","","","","","","","","","","","","","","","","","","","","","","","","","","","","","","","","","","","","","","","","","","","","","","","","","","","","","","","","","","","","","","","","","","","","","","","","","","","","",""
"06163007","TENDE_SAPC",44.043167,7.586,636,2000051517,0.,1,"","","","","","","","","","","","","","","","","","","","","","","","","","","","","","","","","","",20.3,1,9.8,1,20.3,1,"","",21.9,1,"","","","","","","","","","","","","","","","","","","","",51,1,"","","","","","","","","","","","",12.1,1,"","","","","","","","","","","","","","","","","","","","","","","","","","","","","","","","","","","","","","","","","","","","","","","","","","","","","","","","","","","","","","","","","","","","","","","","","","","","","","","","","","","","","","","","","","","","","","","","","","","","","","","","","","","","","","","","","","","",""
"06163007","TENDE_SAPC",44.043167,7.586,636,2000051518,0.,1,"","","","","","","","","","","","","","","","","","","","","","","","","","","","","","","","","","",19.1,1,9.3,1,19.1,1,"","",20.3,1,"","","","","","","","","","","","","","","","","","","","",53,1,"","","","","","","","","","","","",11.7,1,"","","","","","","","","","","","","","","","","","","","","","","","","","","","","","","","","","","","","","","","","","","","","","","","","","","","","","","","","","","","","","","","","","","","","","","","","","","","","","","","","","","","","","","","","","","","","","","","","","","","","","","","","","","","","","","","","","","",""
"06163007","TENDE_SAPC",44.043167,7.586,636,2000051519,0.,1,"","","","","","","","","","","","","","","","","","","","","","","","","","","","","","","","","","",15.8,1,9.9,1,15.8,1,"","",19.,1,"","","","","","","","","","","","","","","","","","","","",68,1,"","","","","","","","","","","","",12.2,1,"","","","","","","","","","","","","","","","","","","","","","","","","","","","","","","","","","","","","","","","","","","","","","","","","","","","","","","","","","","","","","","","","","","","","","","","","","","","","","","","","","","","","","","","","","","","","","","","","","","","","","","","","","","","","","","","","","","",""
"06163007","TENDE_SAPC",44.043167,7.586,636,2000051520,0.,1,"","","","","","","","","","","","","","","","","","","","","","","","","","","","","","","","","","",13.9,1,9.5,1,13.9,1,"","",15.8,1,"","","","","","","","","","","","","","","","","","","","",75,1,"","","","","","","","","","","","",11.9,1,"","","","","","","","","","","","","","","","","","","","","","","","","","","","","","","","","","","","","","","","","","","","","","","","","","","","","","","","","","","","","","","","","","","","","","","","","","","","","","","","","","","","","","","","","","","","","","","","","","","","","","","","","","","","","","","","","","","",""
"06163007","TENDE_SAPC",44.043167,7.586,636,2000051521,0.,1,"","","","","","","","","","","","","","","","","","","","","","","","","","","","","","","","","","",13.3,1,8.6,1,13.3,1,"","",13.9,1,"","","","","","","","","","","","","","","","","","","","",73,1,"","","","","","","","","","","","",11.1,1,"","","","","","","","","","","","","","","","","","","","","","","","","","","","","","","","","","","","","","","","","","","","","","","","","","","","","","","","","","","","","","","","","","","","","","","","","","","","","","","","","","","","","","","","","","","","","","","","","","","","","","","","","","","","","","","","","","","",""
"06163007","TENDE_SAPC",44.043167,7.586,636,2000051522,0.,1,"","","","","","","","","","","","","","","","","","","","","","","","","","","","","","","","","","",12.9,1,8.,1,12.8,1,"","",13.3,1,"","","","","","","","","","","","","","","","","","","","",72,1,"","","","","","","","","","","","",10.7,1,"","","","","","","","","","","","","","","","","","","","","","","","","","","","","","","","","","","","","","","","","","","","","","","","","","","","","","","","","","","","","","","","","","","","","","","","","","","","","","","","","","","","","","","","","","","","","","","","","","","","","","","","","","","","","","","","","","","",""
"06163007","TENDE_SAPC",44.043167,7.586,636,2000051523,0.,1,"","","","","","","","","","","","","","","","","","","","","","","","","","","","","","","","","","",11.8,1,7.1,1,11.7,1,"","",12.9,1,"","","","","","","","","","","","","","","","","","","","",73,1,"","","","","","","","","","","","",10.1,1,"","","","","","","","","","","","","","","","","","","","","","","","","","","","","","","","","","","","","","","","","","","","","","","","","","","","","","","","","","","","","","","","","","","","","","","","","","","","","","","","","","","","","","","","","","","","","","","","","","","","","","","","","","","","","","","","","","","",""
"06163007","TENDE_SAPC",44.043167,7.586,636,2000051600,0.,1,"","","","","","","","","","","","","","","","","","","","","","","","","","","","","","","","","","",11.5,1,7.,1,11.3,1,"","",11.8,1,"","","","","","","","","","","","","","","","","","","","",74,1,"","","","","","","","","","","","",10.,1,"","","","","","","","","","","","","","","","","","","","","","","","","","","","","","","","","","","","","","","","","","","","","","","","","","","","","","","","","","","","","","","","","","","","","","","","","","","","","","","","","","","","","","","","","","","","","","","","","","","","","","","","","","","","","","","","","","","",""
"06163007","TENDE_SAPC",44.043167,7.586,636,2000051601,0.,1,"","","","","","","","","","","","","","","","","","","","","","","","","","","","","","","","","","",10.9,1,6.,1,10.9,1,"","",11.5,1,"","","","","","","","","","","","","","","","","","","","",72,1,"","","","","","","","","","","","",9.4,1,"","","","","","","","","","","","","","","","","","","","","","","","","","","","","","","","","","","","","","","","","","","","","","","","","","","","","","","","","","","","","","","","","","","","","","","","","","","","","","","","","","","","","","","","","","","","","","","","","","","","","","","","","","","","","","","","","","","",""
"06163007","TENDE_SAPC",44.043167,7.586,636,2000051602,0.,1,"","","","","","","","","","","","","","","","","","","","","","","","","","","","","","","","","","",10.3,1,6.1,1,10.,1,"","",10.9,1,"","","","","","","","","","","","","","","","","","","","",75,1,"","","","","","","","","","","","",9.4,1,"","","","","","","","","","","","","","","","","","","","","","","","","","","","","","","","","","","","","","","","","","","","","","","","","","","","","","","","","","","","","","","","","","","","","","","","","","","","","","","","","","","","","","","","","","","","","","","","","","","","","","","","","","","","","","","","","","","",""
"06163007","TENDE_SAPC",44.043167,7.586,636,2000051603,0.,1,"","","","","","","","","","","","","","","","","","","","","","","","","","","","","","","","","","",9.9,1,5.5,1,9.9,1,"","",10.4,1,"","","","","","","","","","","","","","","","","","","","",74,1,"","","","","","","","","","","","",9.,1,"","","","","","","","","","","","","","","","","","","","","","","","","","","","","","","","","","","","","","","","","","","","","","","","","","","","","","","","","","","","","","","","","","","","","","","","","","","","","","","","","","","","","","","","","","","","","","","","","","","","","","","","","","","","","","","","","","","",""
"06163007","TENDE_SAPC",44.043167,7.586,636,2000051604,0.,1,"","","","","","","","","","","","","","","","","","","","","","","","","","","","","","","","","","",8.8,1,5.7,1,8.8,1,"","",9.9,1,"","","","","","","","","","","","","","","","","","","","",81,1,"","","","","","","","","","","","",9.2,1,"","","","","","","","","","","","","","","","","","","","","","","","","","","","","","","","","","","","","","","","","","","","","","","","","","","","","","","","","","","","","","","","","","","","","","","","","","","","","","","","","","","","","","","","","","","","","","","","","","","","","","","","","","","","","","","","","","","",""
"06163007","TENDE_SAPC",44.043167,7.586,636,2000051605,0.,1,"","","","","","","","","","","","","","","","","","","","","","","","","","","","","","","","","","",8.9,1,5.3,1,8.8,1,"","",8.9,1,"","","","","","","","","","","","","","","","","","","","",78,1,"","","","","","","","","","","","",8.9,1,"","","","","","","","","","","","","","","","","","","","","","","","","","","","","","","","","","","","","","","","","","","","","","","","","","","","","","","","","","","","","","","","","","","","","","","","","","","","","","","","","","","","","","","","","","","","","","","","","","","","","","","","","","","","","","","","","","","",""
"06163007","TENDE_SAPC",44.043167,7.586,636,2000051606,0.,1,"","","","","","","","","","","","","","","","","","","","","","","","","","","","","","","","","","",9.2,1,6.1,1,8.9,1,"","",9.2,1,"","","","","","","","","","","","","","","","","","","","",81,1,"","","","","","","","","","","","",9.4,1,"","","","","","","","","","","","","","","","","","","","","","","","","","","","","","","","","","","","","","","","","","","","","","","","","","","","","","","","","","","","","","","","","","","","","","","","","","","","","","","","","","","","","","","","","","","","","","","","","","","","","","","","","","","","","","","","","","","",""
"06163007","TENDE_SAPC",44.043167,7.586,636,2000051607,0.,1,"","","","","","","","","","","","","","","","","","","","","","","","","","","","","","","","","","",12.1,1,5.9,1,9.1,1,"","",12.1,1,"","","","","","","","","","","","","","","","","","","","",66,1,"","","","","","","","","","","","",9.3,1,"","","","","","","","","","","","","","","","","","","","","","","","","","","","","","","","","","","","","","","","","","","","","","","","","","","","","","","","","","","","","","","","","","","","","","","","","","","","","","","","","","","","","","","","","","","","","","","","","","","","","","","","","","","","","","","","","","","",""
"06163007","TENDE_SAPC",44.043167,7.586,636,2000051608,0.,1,"","","","","","","","","","","","","","","","","","","","","","","","","","","","","","","","","","",17.8,1,7.8,1,12.2,1,"","",17.8,1,"","","","","","","","","","","","","","","","","","","","",52,1,"","","","","","","","","","","","",10.6,1,"","","","","","","","","","","","","","","","","","","","","","","","","","","","","","","","","","","","","","","","","","","","","","","","","","","","","","","","","","","","","","","","","","","","","","","","","","","","","","","","","","","","","","","","","","","","","","","","","","","","","","","","","","","","","","","","","","","",""
"06163007","TENDE_SAPC",44.043167,7.586,636,2000051609,0.,1,"","","","","","","","","","","","","","","","","","","","","","","","","","","","","","","","","","",21.2,1,7.8,1,17.9,1,"","",21.2,1,"","","","","","","","","","","","","","","","","","","","",42,1,"","","","","","","","","","","","",10.5,1,"","","","","","","","","","","","","","","","","","","","","","","","","","","","","","","","","","","","","","","","","","","","","","","","","","","","","","","","","","","","","","","","","","","","","","","","","","","","","","","","","","","","","","","","","","","","","","","","","","","","","","","","","","","","","","","","","","","",""
"06163007","TENDE_SAPC",44.043167,7.586,636,2000051610,0.,1,"","","","","","","","","","","","","","","","","","","","","","","","","","","","","","","","","","",22.6,1,7.9,1,21.3,1,"","",22.6,1,"","","","","","","","","","","","","","","","","","","","",39,1,"","","","","","","","","","","","",10.7,1,"","","","","","","","","","","","","","","","","","","","","","","","","","","","","","","","","","","","","","","","","","","","","","","","","","","","","","","","","","","","","","","","","","","","","","","","","","","","","","","","","","","","","","","","","","","","","","","","","","","","","","","","","","","","","","","","","","","",""
"06163007","TENDE_SAPC",44.043167,7.586,636,2000051611,0.,1,"","","","","","","","","","","","","","","","","","","","","","","","","","","","","","","","","","",23.6,1,9.2,1,22.7,1,"","",23.6,1,"","","","","","","","","","","","","","","","","","","","",40,1,"","","","","","","","","","","","",11.6,1,"","","","","","","","","","","","","","","","","","","","","","","","","","","","","","","","","","","","","","","","","","","","","","","","","","","","","","","","","","","","","","","","","","","","","","","","","","","","","","","","","","","","","","","","","","","","","","","","","","","","","","","","","","","","","","","","","","","",""
"06163007","TENDE_SAPC",44.043167,7.586,636,2000051612,0.,1,"","","","","","","","","","","","","","","","","","","","","","","","","","","","","","","","","","",23.8,1,8.6,1,23.6,1,"","",23.8,1,"","","","","","","","","","","","","","","","","","","","",38,1,"","","","","","","","","","","","",11.2,1,"","","","","","","","","","","","","","","","","","","","","","","","","","","","","","","","","","","","","","","","","","","","","","","","","","","","","","","","","","","","","","","","","","","","","","","","","","","","","","","","","","","","","","","","","","","","","","","","","","","","","","","","","","","","","","","","","","","",""
"06163007","TENDE_SAPC",44.043167,7.586,636,2000051613,0.,1,"","","","","","","","","","","","","","","","","","","","","","","","","","","","","","","","","","",23.9,1,9.8,1,23.6,1,"","",24.,1,"","","","","","","","","","","","","","","","","","","","",41,1,"","","","","","","","","","","","",12.1,1,"","","","","","","","","","","","","","","","","","","","","","","","","","","","","","","","","","","","","","","","","","","","","","","","","","","","","","","","","","","","","","","","","","","","","","","","","","","","","","","","","","","","","","","","","","","","","","","","","","","","","","","","","","","","","","","","","","","",""
"06163007","TENDE_SAPC",44.043167,7.586,636,2000051614,0.,1,"","","","","","","","","","","","","","","","","","","","","","","","","","","","","","","","","","",23.7,1,8.9,1,23.6,1,"","",24.1,1,"","","","","","","","","","","","","","","","","","","","",39,1,"","","","","","","","","","","","",11.4,1,"","","","","","","","","","","","","","","","","","","","","","","","","","","","","","","","","","","","","","","","","","","","","","","","","","","","","","","","","","","","","","","","","","","","","","","","","","","","","","","","","","","","","","","","","","","","","","","","","","","","","","","","","","","","","","","","","","","",""
"06163007","TENDE_SAPC",44.043167,7.586,636,2000051615,0.,1,"","","","","","","","","","","","","","","","","","","","","","","","","","","","","","","","","","",23.4,1,8.7,1,23.3,1,"","",23.7,1,"","","","","","","","","","","","","","","","","","","","",39,1,"","","","","","","","","","","","",11.2,1,"","","","","","","","","","","","","","","","","","","","","","","","","","","","","","","","","","","","","","","","","","","","","","","","","","","","","","","","","","","","","","","","","","","","","","","","","","","","","","","","","","","","","","","","","","","","","","","","","","","","","","","","","","","","","","","","","","","",""
"06163007","TENDE_SAPC",44.043167,7.586,636,2000051616,0.,1,"","","","","","","","","","","","","","","","","","","","","","","","","","","","","","","","","","",21.8,1,9.,1,21.8,1,"","",23.4,1,"","","","","","","","","","","","","","","","","","","","",44,1,"","","","","","","","","","","","",11.5,1,"","","","","","","","","","","","","","","","","","","","","","","","","","","","","","","","","","","","","","","","","","","","","","","","","","","","","","","","","","","","","","","","","","","","","","","","","","","","","","","","","","","","","","","","","","","","","","","","","","","","","","","","","","","","","","","","","","","",""
"06163007","TENDE_SAPC",44.043167,7.586,636,2000051617,0.,1,"","","","","","","","","","","","","","","","","","","","","","","","","","","","","","","","","","",20.7,1,8.7,1,20.7,1,"","",21.7,1,"","","","","","","","","","","","","","","","","","","","",46,1,"","","","","","","","","","","","",11.2,1,"","","","","","","","","","","","","","","","","","","","","","","","","","","","","","","","","","","","","","","","","","","","","","","","","","","","","","","","","","","","","","","","","","","","","","","","","","","","","","","","","","","","","","","","","","","","","","","","","","","","","","","","","","","","","","","","","","","",""
"06163007","TENDE_SAPC",44.043167,7.586,636,2000051618,0.,1,"","","","","","","","","","","","","","","","","","","","","","","","","","","","","","","","","","",18.3,1,8.8,1,18.3,1,"","",20.6,1,"","","","","","","","","","","","","","","","","","","","",54,1,"","","","","","","","","","","","",11.3,1,"","","","","","","","","","","","","","","","","","","","","","","","","","","","","","","","","","","","","","","","","","","","","","","","","","","","","","","","","","","","","","","","","","","","","","","","","","","","","","","","","","","","","","","","","","","","","","","","","","","","","","","","","","","","","","","","","","","",""
"06163007","TENDE_SAPC",44.043167,7.586,636,2000051619,0.,1,"","","","","","","","","","","","","","","","","","","","","","","","","","","","","","","","","","",15.7,1,9.1,1,15.7,1,"","",18.2,1,"","","","","","","","","","","","","","","","","","","","",65,1,"","","","","","","","","","","","",11.6,1,"","","","","","","","","","","","","","","","","","","","","","","","","","","","","","","","","","","","","","","","","","","","","","","","","","","","","","","","","","","","","","","","","","","","","","","","","","","","","","","","","","","","","","","","","","","","","","","","","","","","","","","","","","","","","","","","","","","",""
"06163007","TENDE_SAPC",44.043167,7.586,636,2000051620,0.,1,"","","","","","","","","","","","","","","","","","","","","","","","","","","","","","","","","","",14.,1,9.,1,14.,1,"","",15.7,1,"","","","","","","","","","","","","","","","","","","","",72,1,"","","","","","","","","","","","",11.5,1,"","","","","","","","","","","","","","","","","","","","","","","","","","","","","","","","","","","","","","","","","","","","","","","","","","","","","","","","","","","","","","","","","","","","","","","","","","","","","","","","","","","","","","","","","","","","","","","","","","","","","","","","","","","","","","","","","","","",""
"06163007","TENDE_SAPC",44.043167,7.586,636,2000051621,0.,1,"","","","","","","","","","","","","","","","","","","","","","","","","","","","","","","","","","",13.2,1,8.5,1,13.2,1,"","",14.,1,"","","","","","","","","","","","","","","","","","","","",73,1,"","","","","","","","","","","","",11.1,1,"","","","","","","","","","","","","","","","","","","","","","","","","","","","","","","","","","","","","","","","","","","","","","","","","","","","","","","","","","","","","","","","","","","","","","","","","","","","","","","","","","","","","","","","","","","","","","","","","","","","","","","","","","","","","","","","","","","",""
"06163007","TENDE_SAPC",44.043167,7.586,636,2000051622,0.,1,"","","","","","","","","","","","","","","","","","","","","","","","","","","","","","","","","","",12.7,1,8.,1,12.7,1,"","",13.2,1,"","","","","","","","","","","","","","","","","","","","",73,1,"","","","","","","","","","","","",10.7,1,"","","","","","","","","","","","","","","","","","","","","","","","","","","","","","","","","","","","","","","","","","","","","","","","","","","","","","","","","","","","","","","","","","","","","","","","","","","","","","","","","","","","","","","","","","","","","","","","","","","","","","","","","","","","","","","","","","","",""
"06163007","TENDE_SAPC",44.043167,7.586,636,2000051623,0.,1,"","","","","","","","","","","","","","","","","","","","","","","","","","","","","","","","","","",11.9,1,7.8,1,11.9,1,"","",12.6,1,"","","","","","","","","","","","","","","","","","","","",76,1,"","","","","","","","","","","","",10.6,1,"","","","","","","","","","","","","","","","","","","","","","","","","","","","","","","","","","","","","","","","","","","","","","","","","","","","","","","","","","","","","","","","","","","","","","","","","","","","","","","","","","","","","","","","","","","","","","","","","","","","","","","","","","","","","","","","","","","",""
"06163007","TENDE_SAPC",44.043167,7.586,636,2000051700,0.,1,"","","","","","","","","","","","","","","","","","","","","","","","","","","","","","","","","","",11.,1,7.5,1,11.,1,"","",11.8,1,"","","","","","","","","","","","","","","","","","","","",79,1,"","","","","","","","","","","","",10.4,1,"","","","","","","","","","","","","","","","","","","","","","","","","","","","","","","","","","","","","","","","","","","","","","","","","","","","","","","","","","","","","","","","","","","","","","","","","","","","","","","","","","","","","","","","","","","","","","","","","","","","","","","","","","","","","","","","","","","",""
"06163007","TENDE_SAPC",44.043167,7.586,636,2000051701,0.,1,"","","","","","","","","","","","","","","","","","","","","","","","","","","","","","","","","","",10.5,1,7.2,1,10.5,1,"","",11.1,1,"","","","","","","","","","","","","","","","","","","","",80,1,"","","","","","","","","","","","",10.1,1,"","","","","","","","","","","","","","","","","","","","","","","","","","","","","","","","","","","","","","","","","","","","","","","","","","","","","","","","","","","","","","","","","","","","","","","","","","","","","","","","","","","","","","","","","","","","","","","","","","","","","","","","","","","","","","","","","","","",""
"06163007","TENDE_SAPC",44.043167,7.586,636,2000051702,0.,1,"","","","","","","","","","","","","","","","","","","","","","","","","","","","","","","","","","",10.3,1,7.,1,10.1,1,"","",10.5,1,"","","","","","","","","","","","","","","","","","","","",80,1,"","","","","","","","","","","","",10.,1,"","","","","","","","","","","","","","","","","","","","","","","","","","","","","","","","","","","","","","","","","","","","","","","","","","","","","","","","","","","","","","","","","","","","","","","","","","","","","","","","","","","","","","","","","","","","","","","","","","","","","","","","","","","","","","","","","","","",""
"06163007","TENDE_SAPC",44.043167,7.586,636,2000051703,0.,1,"","","","","","","","","","","","","","","","","","","","","","","","","","","","","","","","","","",9.8,1,7.,1,9.8,1,"","",10.5,1,"","","","","","","","","","","","","","","","","","","","",83,1,"","","","","","","","","","","","",10.,1,"","","","","","","","","","","","","","","","","","","","","","","","","","","","","","","","","","","","","","","","","","","","","","","","","","","","","","","","","","","","","","","","","","","","","","","","","","","","","","","","","","","","","","","","","","","","","","","","","","","","","","","","","","","","","","","","","","","",""
"06163007","TENDE_SAPC",44.043167,7.586,636,2000051704,0.,1,"","","","","","","","","","","","","","","","","","","","","","","","","","","","","","","","","","",9.4,1,6.8,1,9.4,1,"","",9.8,1,"","","","","","","","","","","","","","","","","","","","",84,1,"","","","","","","","","","","","",9.9,1,"","","","","","","","","","","","","","","","","","","","","","","","","","","","","","","","","","","","","","","","","","","","","","","","","","","","","","","","","","","","","","","","","","","","","","","","","","","","","","","","","","","","","","","","","","","","","","","","","","","","","","","","","","","","","","","","","","","",""
"06163007","TENDE_SAPC",44.043167,7.586,636,2000051705,0.,1,"","","","","","","","","","","","","","","","","","","","","","","","","","","","","","","","","","",9.7,1,7.,1,9.4,1,"","",9.8,1,"","","","","","","","","","","","","","","","","","","","",83,1,"","","","","","","","","","","","",10.,1,"","","","","","","","","","","","","","","","","","","","","","","","","","","","","","","","","","","","","","","","","","","","","","","","","","","","","","","","","","","","","","","","","","","","","","","","","","","","","","","","","","","","","","","","","","","","","","","","","","","","","","","","","","","","","","","","","","","",""
"06163007","TENDE_SAPC",44.043167,7.586,636,2000051706,0.,1,"","","","","","","","","","","","","","","","","","","","","","","","","","","","","","","","","","",9.8,1,7.6,1,9.7,1,"","",9.8,1,"","","","","","","","","","","","","","","","","","","","",86,1,"","","","","","","","","","","","",10.4,1,"","","","","","","","","","","","","","","","","","","","","","","","","","","","","","","","","","","","","","","","","","","","","","","","","","","","","","","","","","","","","","","","","","","","","","","","","","","","","","","","","","","","","","","","","","","","","","","","","","","","","","","","","","","","","","","","","","","",""
"06163007","TENDE_SAPC",44.043167,7.586,636,2000051707,0.,1,"","","","","","","","","","","","","","","","","","","","","","","","","","","","","","","","","","",12.9,1,7.3,1,9.8,1,"","",12.9,1,"","","","","","","","","","","","","","","","","","","","",69,1,"","","","","","","","","","","","",10.2,1,"","","","","","","","","","","","","","","","","","","","","","","","","","","","","","","","","","","","","","","","","","","","","","","","","","","","","","","","","","","","","","","","","","","","","","","","","","","","","","","","","","","","","","","","","","","","","","","","","","","","","","","","","","","","","","","","","","","",""
"06163007","TENDE_SAPC",44.043167,7.586,636,2000051708,0.,1,"","","","","","","","","","","","","","","","","","","","","","","","","","","","","","","","","","",17.4,1,8.,1,13.,1,"","",17.6,1,"","","","","","","","","","","","","","","","","","","","",54,1,"","","","","","","","","","","","",10.7,1,"","","","","","","","","","","","","","","","","","","","","","","","","","","","","","","","","","","","","","","","","","","","","","","","","","","","","","","","","","","","","","","","","","","","","","","","","","","","","","","","","","","","","","","","","","","","","","","","","","","","","","","","","","","","","","","","","","","",""
"06163007","TENDE_SAPC",44.043167,7.586,636,2000051709,0.,1,"","","","","","","","","","","","","","","","","","","","","","","","","","","","","","","","","","",20.8,1,7.4,1,17.6,1,"","",20.8,1,"","","","","","","","","","","","","","","","","","","","",42,1,"","","","","","","","","","","","",10.3,1,"","","","","","","","","","","","","","","","","","","","","","","","","","","","","","","","","","","","","","","","","","","","","","","","","","","","","","","","","","","","","","","","","","","","","","","","","","","","","","","","","","","","","","","","","","","","","","","","","","","","","","","","","","","","","","","","","","","",""
"06163007","TENDE_SAPC",44.043167,7.586,636,2000051710,0.,1,"","","","","","","","","","","","","","","","","","","","","","","","","","","","","","","","","","",22.1,1,6.3,1,20.8,1,"","",22.1,1,"","","","","","","","","","","","","","","","","","","","",36,1,"","","","","","","","","","","","",9.6,1,"","","","","","","","","","","","","","","","","","","","","","","","","","","","","","","","","","","","","","","","","","","","","","","","","","","","","","","","","","","","","","","","","","","","","","","","","","","","","","","","","","","","","","","","","","","","","","","","","","","","","","","","","","","","","","","","","","","",""
"06163007","TENDE_SAPC",44.043167,7.586,636,2000051711,0.,1,"","","","","","","","","","","","","","","","","","","","","","","","","","","","","","","","","","",23.4,1,8.3,1,22.2,1,"","",23.5,1,"","","","","","","","","","","","","","","","","","","","",38,1,"","","","","","","","","","","","",10.9,1,"","","","","","","","","","","","","","","","","","","","","","","","","","","","","","","","","","","","","","","","","","","","","","","","","","","","","","","","","","","","","","","","","","","","","","","","","","","","","","","","","","","","","","","","","","","","","","","","","","","","","","","","","","","","","","","","","","","",""
"06163007","TENDE_SAPC",44.043167,7.586,636,2000051712,0.,1,"","","","","","","","","","","","","","","","","","","","","","","","","","","","","","","","","","",22.2,1,8.7,1,21.7,1,"","",23.5,1,"","","","","","","","","","","","","","","","","","","","",42,1,"","","","","","","","","","","","",11.2,1,"","","","","","","","","","","","","","","","","","","","","","","","","","","","","","","","","","","","","","","","","","","","","","","","","","","","","","","","","","","","","","","","","","","","","","","","","","","","","","","","","","","","","","","","","","","","","","","","","","","","","","","","","","","","","","","","","","","",""
"06163007","TENDE_SAPC",44.043167,7.586,636,2000051713,0.,1,"","","","","","","","","","","","","","","","","","","","","","","","","","","","","","","","","","",23.2,1,8.1,1,22.4,1,"","",23.5,1,"","","","","","","","","","","","","","","","","","","","",38,1,"","","","","","","","","","","","",10.8,1,"","","","","","","","","","","","","","","","","","","","","","","","","","","","","","","","","","","","","","","","","","","","","","","","","","","","","","","","","","","","","","","","","","","","","","","","","","","","","","","","","","","","","","","","","","","","","","","","","","","","","","","","","","","","","","","","","","","",""
"06163007","TENDE_SAPC",44.043167,7.586,636,2000051714,0.,1,"","","","","","","","","","","","","","","","","","","","","","","","","","","","","","","","","","",23.,1,8.7,1,22.9,1,"","",23.4,1,"","","","","","","","","","","","","","","","","","","","",40,1,"","","","","","","","","","","","",11.2,1,"","","","","","","","","","","","","","","","","","","","","","","","","","","","","","","","","","","","","","","","","","","","","","","","","","","","","","","","","","","","","","","","","","","","","","","","","","","","","","","","","","","","","","","","","","","","","","","","","","","","","","","","","","","","","","","","","","","",""
"06163007","TENDE_SAPC",44.043167,7.586,636,2000051715,0.,1,"","","","","","","","","","","","","","","","","","","","","","","","","","","","","","","","","","",22.2,1,8.3,1,22.2,1,"","",23.2,1,"","","","","","","","","","","","","","","","","","","","",41,1,"","","","","","","","","","","","",10.9,1,"","","","","","","","","","","","","","","","","","","","","","","","","","","","","","","","","","","","","","","","","","","","","","","","","","","","","","","","","","","","","","","","","","","","","","","","","","","","","","","","","","","","","","","","","","","","","","","","","","","","","","","","","","","","","","","","","","","",""
"06163007","TENDE_SAPC",44.043167,7.586,636,2000051716,0.,1,"","","","","","","","","","","","","","","","","","","","","","","","","","","","","","","","","","",20.7,1,8.,1,20.7,1,"","",22.1,1,"","","","","","","","","","","","","","","","","","","","",44,1,"","","","","","","","","","","","",10.7,1,"","","","","","","","","","","","","","","","","","","","","","","","","","","","","","","","","","","","","","","","","","","","","","","","","","","","","","","","","","","","","","","","","","","","","","","","","","","","","","","","","","","","","","","","","","","","","","","","","","","","","","","","","","","","","","","","","","","",""
"06163007","TENDE_SAPC",44.043167,7.586,636,2000051717,0.,1,"","","","","","","","","","","","","","","","","","","","","","","","","","","","","","","","","","",19.4,1,7.8,1,19.4,1,"","",20.6,1,"","","","","","","","","","","","","","","","","","","","",47,1,"","","","","","","","","","","","",10.6,1,"","","","","","","","","","","","","","","","","","","","","","","","","","","","","","","","","","","","","","","","","","","","","","","","","","","","","","","","","","","","","","","","","","","","","","","","","","","","","","","","","","","","","","","","","","","","","","","","","","","","","","","","","","","","","","","","","","","",""
"06163007","TENDE_SAPC",44.043167,7.586,636,2000051718,0.,1,"","","","","","","","","","","","","","","","","","","","","","","","","","","","","","","","","","",18.6,1,7.1,1,18.5,1,"","",19.3,1,"","","","","","","","","","","","","","","","","","","","",47,1,"","","","","","","","","","","","",10.,1,"","","","","","","","","","","","","","","","","","","","","","","","","","","","","","","","","","","","","","","","","","","","","","","","","","","","","","","","","","","","","","","","","","","","","","","","","","","","","","","","","","","","","","","","","","","","","","","","","","","","","","","","","","","","","","","","","","","",""
"06163007","TENDE_SAPC",44.043167,7.586,636,2000051719,0.,1,"","","","","","","","","","","","","","","","","","","","","","","","","","","","","","","","","","",15.7,1,7.7,1,15.7,1,"","",18.6,1,"","","","","","","","","","","","","","","","","","","","",59,1,"","","","","","","","","","","","",10.5,1,"","","","","","","","","","","","","","","","","","","","","","","","","","","","","","","","","","","","","","","","","","","","","","","","","","","","","","","","","","","","","","","","","","","","","","","","","","","","","","","","","","","","","","","","","","","","","","","","","","","","","","","","","","","","","","","","","","","",""
"06163007","TENDE_SAPC",44.043167,7.586,636,2000051720,0.,1,"","","","","","","","","","","","","","","","","","","","","","","","","","","","","","","","","","",14.1,1,8.7,1,14.1,1,"","",15.6,1,"","","","","","","","","","","","","","","","","","","","",70,1,"","","","","","","","","","","","",11.2,1,"","","","","","","","","","","","","","","","","","","","","","","","","","","","","","","","","","","","","","","","","","","","","","","","","","","","","","","","","","","","","","","","","","","","","","","","","","","","","","","","","","","","","","","","","","","","","","","","","","","","","","","","","","","","","","","","","","","",""
"06163007","TENDE_SAPC",44.043167,7.586,636,2000051721,0.,1,"","","","","","","","","","","","","","","","","","","","","","","","","","","","","","","","","","",13.3,1,8.1,1,13.3,1,"","",14.1,1,"","","","","","","","","","","","","","","","","","","","",71,1,"","","","","","","","","","","","",10.8,1,"","","","","","","","","","","","","","","","","","","","","","","","","","","","","","","","","","","","","","","","","","","","","","","","","","","","","","","","","","","","","","","","","","","","","","","","","","","","","","","","","","","","","","","","","","","","","","","","","","","","","","","","","","","","","","","","","","","",""
"06163007","TENDE_SAPC",44.043167,7.586,636,2000051722,0.,1,"","","","","","","","","","","","","","","","","","","","","","","","","","","","","","","","","","",13.,1,8.3,1,13.,1,"","",13.3,1,"","","","","","","","","","","","","","","","","","","","",73,1,"","","","","","","","","","","","",10.9,1,"","","","","","","","","","","","","","","","","","","","","","","","","","","","","","","","","","","","","","","","","","","","","","","","","","","","","","","","","","","","","","","","","","","","","","","","","","","","","","","","","","","","","","","","","","","","","","","","","","","","","","","","","","","","","","","","","","","",""
"06163007","TENDE_SAPC",44.043167,7.586,636,2000051723,0.,1,"","","","","","","","","","","","","","","","","","","","","","","","","","","","","","","","","","",12.3,1,8.,1,12.3,1,"","",13.,1,"","","","","","","","","","","","","","","","","","","","",75,1,"","","","","","","","","","","","",10.7,1,"","","","","","","","","","","","","","","","","","","","","","","","","","","","","","","","","","","","","","","","","","","","","","","","","","","","","","","","","","","","","","","","","","","","","","","","","","","","","","","","","","","","","","","","","","","","","","","","","","","","","","","","","","","","","","","","","","","",""
"06163007","TENDE_SAPC",44.043167,7.586,636,2000051800,0.,1,"","","","","","","","","","","","","","","","","","","","","","","","","","","","","","","","","","",12.4,1,7.5,1,11.9,1,"","",12.4,1,"","","","","","","","","","","","","","","","","","","","",72,1,"","","","","","","","","","","","",10.3,1,"","","","","","","","","","","","","","","","","","","","","","","","","","","","","","","","","","","","","","","","","","","","","","","","","","","","","","","","","","","","","","","","","","","","","","","","","","","","","","","","","","","","","","","","","","","","","","","","","","","","","","","","","","","","","","","","","","","",""
"06163007","TENDE_SAPC",44.043167,7.586,636,2000051801,0.,1,"","","","","","","","","","","","","","","","","","","","","","","","","","","","","","","","","","",12.8,1,7.7,1,12.4,1,"","",12.8,1,"","","","","","","","","","","","","","","","","","","","",71,1,"","","","","","","","","","","","",10.5,1,"","","","","","","","","","","","","","","","","","","","","","","","","","","","","","","","","","","","","","","","","","","","","","","","","","","","","","","","","","","","","","","","","","","","","","","","","","","","","","","","","","","","","","","","","","","","","","","","","","","","","","","","","","","","","","","","","","","",""
"06163007","TENDE_SAPC",44.043167,7.586,636,2000051802,0.,1,"","","","","","","","","","","","","","","","","","","","","","","","","","","","","","","","","","",11.8,1,8.1,1,11.8,1,"","",12.8,1,"","","","","","","","","","","","","","","","","","","","",78,1,"","","","","","","","","","","","",10.8,1,"","","","","","","","","","","","","","","","","","","","","","","","","","","","","","","","","","","","","","","","","","","","","","","","","","","","","","","","","","","","","","","","","","","","","","","","","","","","","","","","","","","","","","","","","","","","","","","","","","","","","","","","","","","","","","","","","","","",""
"06163007","TENDE_SAPC",44.043167,7.586,636,2000051803,0.,1,"","","","","","","","","","","","","","","","","","","","","","","","","","","","","","","","","","",11.3,1,8.2,1,11.3,1,"","",11.7,1,"","","","","","","","","","","","","","","","","","","","",81,1,"","","","","","","","","","","","",10.8,1,"","","","","","","","","","","","","","","","","","","","","","","","","","","","","","","","","","","","","","","","","","","","","","","","","","","","","","","","","","","","","","","","","","","","","","","","","","","","","","","","","","","","","","","","","","","","","","","","","","","","","","","","","","","","","","","","","","","",""
"06163007","TENDE_SAPC",44.043167,7.586,636,2000051804,0.,1,"","","","","","","","","","","","","","","","","","","","","","","","","","","","","","","","","","",11.9,1,8.2,1,11.3,1,"","",12.,1,"","","","","","","","","","","","","","","","","","","","",78,1,"","","","","","","","","","","","",10.8,1,"","","","","","","","","","","","","","","","","","","","","","","","","","","","","","","","","","","","","","","","","","","","","","","","","","","","","","","","","","","","","","","","","","","","","","","","","","","","","","","","","","","","","","","","","","","","","","","","","","","","","","","","","","","","","","","","","","","",""
"06163007","TENDE_SAPC",44.043167,7.586,636,2000051805,0.,1,"","","","","","","","","","","","","","","","","","","","","","","","","","","","","","","","","","",11.4,1,8.3,1,11.4,1,"","",11.9,1,"","","","","","","","","","","","","","","","","","","","",81,1,"","","","","","","","","","","","",10.9,1,"","","","","","","","","","","","","","","","","","","","","","","","","","","","","","","","","","","","","","","","","","","","","","","","","","","","","","","","","","","","","","","","","","","","","","","","","","","","","","","","","","","","","","","","","","","","","","","","","","","","","","","","","","","","","","","","","","","",""
"06163007","TENDE_SAPC",44.043167,7.586,636,2000051806,0.,1,"","","","","","","","","","","","","","","","","","","","","","","","","","","","","","","","","","",11.,1,8.6,1,11.,1,"","",11.4,1,"","","","","","","","","","","","","","","","","","","","",85,1,"","","","","","","","","","","","",11.1,1,"","","","","","","","","","","","","","","","","","","","","","","","","","","","","","","","","","","","","","","","","","","","","","","","","","","","","","","","","","","","","","","","","","","","","","","","","","","","","","","","","","","","","","","","","","","","","","","","","","","","","","","","","","","","","","","","","","","",""
"06163007","TENDE_SAPC",44.043167,7.586,636,2000051807,0.,1,"","","","","","","","","","","","","","","","","","","","","","","","","","","","","","","","","","",13.7,1,8.5,1,11.,1,"","",13.7,1,"","","","","","","","","","","","","","","","","","","","",71,1,"","","","","","","","","","","","",11.1,1,"","","","","","","","","","","","","","","","","","","","","","","","","","","","","","","","","","","","","","","","","","","","","","","","","","","","","","","","","","","","","","","","","","","","","","","","","","","","","","","","","","","","","","","","","","","","","","","","","","","","","","","","","","","","","","","","","","","",""
"06163007","TENDE_SAPC",44.043167,7.586,636,2000051808,0.,1,"","","","","","","","","","","","","","","","","","","","","","","","","","","","","","","","","","",17.9,1,8.5,1,13.8,1,"","",17.9,1,"","","","","","","","","","","","","","","","","","","","",54,1,"","","","","","","","","","","","",11.,1,"","","","","","","","","","","","","","","","","","","","","","","","","","","","","","","","","","","","","","","","","","","","","","","","","","","","","","","","","","","","","","","","","","","","","","","","","","","","","","","","","","","","","","","","","","","","","","","","","","","","","","","","","","","","","","","","","","","",""
"06163007","TENDE_SAPC",44.043167,7.586,636,2000051809,0.,1,"","","","","","","","","","","","","","","","","","","","","","","","","","","","","","","","","","",19.8,1,8.5,1,17.9,1,"","",19.8,1,"","","","","","","","","","","","","","","","","","","","",48,1,"","","","","","","","","","","","",11.1,1,"","","","","","","","","","","","","","","","","","","","","","","","","","","","","","","","","","","","","","","","","","","","","","","","","","","","","","","","","","","","","","","","","","","","","","","","","","","","","","","","","","","","","","","","","","","","","","","","","","","","","","","","","","","","","","","","","","","",""
"06163007","TENDE_SAPC",44.043167,7.586,636,2000051810,0.,1,"","","","","","","","","","","","","","","","","","","","","","","","","","","","","","","","","","",21.7,1,8.9,1,19.9,1,"","",21.7,1,"","","","","","","","","","","","","","","","","","","","",44,1,"","","","","","","","","","","","",11.4,1,"","","","","","","","","","","","","","","","","","","","","","","","","","","","","","","","","","","","","","","","","","","","","","","","","","","","","","","","","","","","","","","","","","","","","","","","","","","","","","","","","","","","","","","","","","","","","","","","","","","","","","","","","","","","","","","","","","","",""
"06163007","TENDE_SAPC",44.043167,7.586,636,2000051811,0.,1,"","","","","","","","","","","","","","","","","","","","","","","","","","","","","","","","","","",22.3,1,11.1,1,21.7,1,"","",22.3,1,"","","","","","","","","","","","","","","","","","","","",49,1,"","","","","","","","","","","","",13.2,1,"","","","","","","","","","","","","","","","","","","","","","","","","","","","","","","","","","","","","","","","","","","","","","","","","","","","","","","","","","","","","","","","","","","","","","","","","","","","","","","","","","","","","","","","","","","","","","","","","","","","","","","","","","","","","","","","","","","",""
"06163007","TENDE_SAPC",44.043167,7.586,636,2000051812,0.,1,"","","","","","","","","","","","","","","","","","","","","","","","","","","","","","","","","","",21.7,1,11.1,1,21.5,1,"","",22.4,1,"","","","","","","","","","","","","","","","","","","","",51,1,"","","","","","","","","","","","",13.2,1,"","","","","","","","","","","","","","","","","","","","","","","","","","","","","","","","","","","","","","","","","","","","","","","","","","","","","","","","","","","","","","","","","","","","","","","","","","","","","","","","","","","","","","","","","","","","","","","","","","","","","","","","","","","","","","","","","","","",""
"06163007","TENDE_SAPC",44.043167,7.586,636,2000051813,0.,1,"","","","","","","","","","","","","","","","","","","","","","","","","","","","","","","","","","",21.2,1,11.5,1,21.1,1,"","",21.7,1,"","","","","","","","","","","","","","","","","","","","",54,1,"","","","","","","","","","","","",13.6,1,"","","","","","","","","","","","","","","","","","","","","","","","","","","","","","","","","","","","","","","","","","","","","","","","","","","","","","","","","","","","","","","","","","","","","","","","","","","","","","","","","","","","","","","","","","","","","","","","","","","","","","","","","","","","","","","","","","","",""
"06163007","TENDE_SAPC",44.043167,7.586,636,2000051814,0.,1,"","","","","","","","","","","","","","","","","","","","","","","","","","","","","","","","","","",20.7,1,10.5,1,20.7,1,"","",21.2,1,"","","","","","","","","","","","","","","","","","","","",52,1,"","","","","","","","","","","","",12.7,1,"","","","","","","","","","","","","","","","","","","","","","","","","","","","","","","","","","","","","","","","","","","","","","","","","","","","","","","","","","","","","","","","","","","","","","","","","","","","","","","","","","","","","","","","","","","","","","","","","","","","","","","","","","","","","","","","","","","",""
"06163007","TENDE_SAPC",44.043167,7.586,636,2000051815,0.,1,"","","","","","","","","","","","","","","","","","","","","","","","","","","","","","","","","","",20.1,1,9.9,1,20.1,1,"","",20.8,1,"","","","","","","","","","","","","","","","","","","","",52,1,"","","","","","","","","","","","",12.2,1,"","","","","","","","","","","","","","","","","","","","","","","","","","","","","","","","","","","","","","","","","","","","","","","","","","","","","","","","","","","","","","","","","","","","","","","","","","","","","","","","","","","","","","","","","","","","","","","","","","","","","","","","","","","","","","","","","","","",""
"06163007","TENDE_SAPC",44.043167,7.586,636,2000051816,0.,1,"","","","","","","","","","","","","","","","","","","","","","","","","","","","","","","","","","",19.7,1,9.8,1,19.7,1,"","",20.1,1,"","","","","","","","","","","","","","","","","","","","",53,1,"","","","","","","","","","","","",12.1,1,"","","","","","","","","","","","","","","","","","","","","","","","","","","","","","","","","","","","","","","","","","","","","","","","","","","","","","","","","","","","","","","","","","","","","","","","","","","","","","","","","","","","","","","","","","","","","","","","","","","","","","","","","","","","","","","","","","","",""
"06163007","TENDE_SAPC",44.043167,7.586,636,2000051817,0.,1,"","","","","","","","","","","","","","","","","","","","","","","","","","","","","","","","","","",18.3,1,9.9,1,18.3,1,"","",19.7,1,"","","","","","","","","","","","","","","","","","","","",58,1,"","","","","","","","","","","","",12.2,1,"","","","","","","","","","","","","","","","","","","","","","","","","","","","","","","","","","","","","","","","","","","","","","","","","","","","","","","","","","","","","","","","","","","","","","","","","","","","","","","","","","","","","","","","","","","","","","","","","","","","","","","","","","","","","","","","","","","",""
"06163007","TENDE_SAPC",44.043167,7.586,636,2000051818,0.,1,"","","","","","","","","","","","","","","","","","","","","","","","","","","","","","","","","","",16.6,1,10.,1,16.6,1,"","",18.3,1,"","","","","","","","","","","","","","","","","","","","",65,1,"","","","","","","","","","","","",12.3,1,"","","","","","","","","","","","","","","","","","","","","","","","","","","","","","","","","","","","","","","","","","","","","","","","","","","","","","","","","","","","","","","","","","","","","","","","","","","","","","","","","","","","","","","","","","","","","","","","","","","","","","","","","","","","","","","","","","","",""
"06163007","TENDE_SAPC",44.043167,7.586,636,2000051819,0.,1,"","","","","","","","","","","","","","","","","","","","","","","","","","","","","","","","","","",14.6,1,10.2,1,14.6,1,"","",16.6,1,"","","","","","","","","","","","","","","","","","","","",75,1,"","","","","","","","","","","","",12.4,1,"","","","","","","","","","","","","","","","","","","","","","","","","","","","","","","","","","","","","","","","","","","","","","","","","","","","","","","","","","","","","","","","","","","","","","","","","","","","","","","","","","","","","","","","","","","","","","","","","","","","","","","","","","","","","","","","","","","",""
"06163007","TENDE_SAPC",44.043167,7.586,636,2000051820,0.,1,"","","","","","","","","","","","","","","","","","","","","","","","","","","","","","","","","","",13.,1,9.4,1,13.,1,"","",14.5,1,"","","","","","","","","","","","","","","","","","","","",79,1,"","","","","","","","","","","","",11.8,1,"","","","","","","","","","","","","","","","","","","","","","","","","","","","","","","","","","","","","","","","","","","","","","","","","","","","","","","","","","","","","","","","","","","","","","","","","","","","","","","","","","","","","","","","","","","","","","","","","","","","","","","","","","","","","","","","","","","",""
"06163007","TENDE_SAPC",44.043167,7.586,636,2000051821,0.,1,"","","","","","","","","","","","","","","","","","","","","","","","","","","","","","","","","","",11.9,1,8.7,1,11.9,1,"","",13.,1,"","","","","","","","","","","","","","","","","","","","",81,1,"","","","","","","","","","","","",11.3,1,"","","","","","","","","","","","","","","","","","","","","","","","","","","","","","","","","","","","","","","","","","","","","","","","","","","","","","","","","","","","","","","","","","","","","","","","","","","","","","","","","","","","","","","","","","","","","","","","","","","","","","","","","","","","","","","","","","","",""
"06163007","TENDE_SAPC",44.043167,7.586,636,2000051822,0.,1,"","","","","","","","","","","","","","","","","","","","","","","","","","","","","","","","","","",11.,1,8.,1,11.,1,"","",11.9,1,"","","","","","","","","","","","","","","","","","","","",82,1,"","","","","","","","","","","","",10.7,1,"","","","","","","","","","","","","","","","","","","","","","","","","","","","","","","","","","","","","","","","","","","","","","","","","","","","","","","","","","","","","","","","","","","","","","","","","","","","","","","","","","","","","","","","","","","","","","","","","","","","","","","","","","","","","","","","","","","",""
"06163007","TENDE_SAPC",44.043167,7.586,636,2000051823,0.,1,"","","","","","","","","","","","","","","","","","","","","","","","","","","","","","","","","","",10.7,1,7.4,1,10.7,1,"","",11.2,1,"","","","","","","","","","","","","","","","","","","","",80,1,"","","","","","","","","","","","",10.3,1,"","","","","","","","","","","","","","","","","","","","","","","","","","","","","","","","","","","","","","","","","","","","","","","","","","","","","","","","","","","","","","","","","","","","","","","","","","","","","","","","","","","","","","","","","","","","","","","","","","","","","","","","","","","","","","","","","","","",""
"06163007","TENDE_SAPC",44.043167,7.586,636,2000051900,0.,1,"","","","","","","","","","","","","","","","","","","","","","","","","","","","","","","","","","",10.2,1,7.1,1,10.2,1,"","",10.9,1,"","","","","","","","","","","","","","","","","","","","",81,1,"","","","","","","","","","","","",10.1,1,"","","","","","","","","","","","","","","","","","","","","","","","","","","","","","","","","","","","","","","","","","","","","","","","","","","","","","","","","","","","","","","","","","","","","","","","","","","","","","","","","","","","","","","","","","","","","","","","","","","","","","","","","","","","","","","","","","","",""
"06163007","TENDE_SAPC",44.043167,7.586,636,2000051901,0.,1,"","","","","","","","","","","","","","","","","","","","","","","","","","","","","","","","","","",9.7,1,6.8,1,9.5,1,"","",10.2,1,"","","","","","","","","","","","","","","","","","","","",82,1,"","","","","","","","","","","","",9.9,1,"","","","","","","","","","","","","","","","","","","","","","","","","","","","","","","","","","","","","","","","","","","","","","","","","","","","","","","","","","","","","","","","","","","","","","","","","","","","","","","","","","","","","","","","","","","","","","","","","","","","","","","","","","","","","","","","","","","",""
"06163007","TENDE_SAPC",44.043167,7.586,636,2000051902,0.,1,"","","","","","","","","","","","","","","","","","","","","","","","","","","","","","","","","","",9.3,1,6.2,1,9.2,1,"","",9.6,1,"","","","","","","","","","","","","","","","","","","","",81,1,"","","","","","","","","","","","",9.5,1,"","","","","","","","","","","","","","","","","","","","","","","","","","","","","","","","","","","","","","","","","","","","","","","","","","","","","","","","","","","","","","","","","","","","","","","","","","","","","","","","","","","","","","","","","","","","","","","","","","","","","","","","","","","","","","","","","","","",""
"06163007","TENDE_SAPC",44.043167,7.586,636,2000051903,0.,1,"","","","","","","","","","","","","","","","","","","","","","","","","","","","","","","","","","",8.5,1,5.6,1,8.5,1,"","",9.2,1,"","","","","","","","","","","","","","","","","","","","",82,1,"","","","","","","","","","","","",9.1,1,"","","","","","","","","","","","","","","","","","","","","","","","","","","","","","","","","","","","","","","","","","","","","","","","","","","","","","","","","","","","","","","","","","","","","","","","","","","","","","","","","","","","","","","","","","","","","","","","","","","","","","","","","","","","","","","","","","","",""
"06163007","TENDE_SAPC",44.043167,7.586,636,2000051904,0.,1,"","","","","","","","","","","","","","","","","","","","","","","","","","","","","","","","","","",8.1,1,5.2,1,8.,1,"","",8.5,1,"","","","","","","","","","","","","","","","","","","","",82,1,"","","","","","","","","","","","",8.8,1,"","","","","","","","","","","","","","","","","","","","","","","","","","","","","","","","","","","","","","","","","","","","","","","","","","","","","","","","","","","","","","","","","","","","","","","","","","","","","","","","","","","","","","","","","","","","","","","","","","","","","","","","","","","","","","","","","","","",""
"06163007","TENDE_SAPC",44.043167,7.586,636,2000051905,0.,1,"","","","","","","","","","","","","","","","","","","","","","","","","","","","","","","","","","",8.1,1,5.,1,8.,1,"","",8.2,1,"","","","","","","","","","","","","","","","","","","","",81,1,"","","","","","","","","","","","",8.7,1,"","","","","","","","","","","","","","","","","","","","","","","","","","","","","","","","","","","","","","","","","","","","","","","","","","","","","","","","","","","","","","","","","","","","","","","","","","","","","","","","","","","","","","","","","","","","","","","","","","","","","","","","","","","","","","","","","","","",""
"06163007","TENDE_SAPC",44.043167,7.586,636,2000051906,0.,1,"","","","","","","","","","","","","","","","","","","","","","","","","","","","","","","","","","",8.4,1,5.5,1,8.1,1,"","",8.4,1,"","","","","","","","","","","","","","","","","","","","",82,1,"","","","","","","","","","","","",9.,1,"","","","","","","","","","","","","","","","","","","","","","","","","","","","","","","","","","","","","","","","","","","","","","","","","","","","","","","","","","","","","","","","","","","","","","","","","","","","","","","","","","","","","","","","","","","","","","","","","","","","","","","","","","","","","","","","","","","",""
"06163007","TENDE_SAPC",44.043167,7.586,636,2000051907,0.,1,"","","","","","","","","","","","","","","","","","","","","","","","","","","","","","","","","","",11.3,1,5.6,1,8.4,1,"","",11.3,1,"","","","","","","","","","","","","","","","","","","","",68,1,"","","","","","","","","","","","",9.1,1,"","","","","","","","","","","","","","","","","","","","","","","","","","","","","","","","","","","","","","","","","","","","","","","","","","","","","","","","","","","","","","","","","","","","","","","","","","","","","","","","","","","","","","","","","","","","","","","","","","","","","","","","","","","","","","","","","","","",""
"06163007","TENDE_SAPC",44.043167,7.586,636,2000051908,0.,1,"","","","","","","","","","","","","","","","","","","","","","","","","","","","","","","","","","",16.4,1,5.6,1,11.4,1,"","",16.4,1,"","","","","","","","","","","","","","","","","","","","",49,1,"","","","","","","","","","","","",9.1,1,"","","","","","","","","","","","","","","","","","","","","","","","","","","","","","","","","","","","","","","","","","","","","","","","","","","","","","","","","","","","","","","","","","","","","","","","","","","","","","","","","","","","","","","","","","","","","","","","","","","","","","","","","","","","","","","","","","","",""
"06163007","TENDE_SAPC",44.043167,7.586,636,2000051909,0.,1,"","","","","","","","","","","","","","","","","","","","","","","","","","","","","","","","","","",18.7,1,7.5,1,16.5,1,"","",18.7,1,"","","","","","","","","","","","","","","","","","","","",48,1,"","","","","","","","","","","","",10.3,1,"","","","","","","","","","","","","","","","","","","","","","","","","","","","","","","","","","","","","","","","","","","","","","","","","","","","","","","","","","","","","","","","","","","","","","","","","","","","","","","","","","","","","","","","","","","","","","","","","","","","","","","","","","","","","","","","","","","",""
"06163007","TENDE_SAPC",44.043167,7.586,636,2000051910,0.,1,"","","","","","","","","","","","","","","","","","","","","","","","","","","","","","","","","","",19.4,1,7.8,1,18.6,1,"","",19.4,1,"","","","","","","","","","","","","","","","","","","","",47,1,"","","","","","","","","","","","",10.6,1,"","","","","","","","","","","","","","","","","","","","","","","","","","","","","","","","","","","","","","","","","","","","","","","","","","","","","","","","","","","","","","","","","","","","","","","","","","","","","","","","","","","","","","","","","","","","","","","","","","","","","","","","","","","","","","","","","","","",""
"06163007","TENDE_SAPC",44.043167,7.586,636,2000051911,0.,1,"","","","","","","","","","","","","","","","","","","","","","","","","","","","","","","","","","",20.1,1,8.4,1,19.4,1,"","",20.2,1,"","","","","","","","","","","","","","","","","","","","",47,1,"","","","","","","","","","","","",11.,1,"","","","","","","","","","","","","","","","","","","","","","","","","","","","","","","","","","","","","","","","","","","","","","","","","","","","","","","","","","","","","","","","","","","","","","","","","","","","","","","","","","","","","","","","","","","","","","","","","","","","","","","","","","","","","","","","","","","",""
"06163007","TENDE_SAPC",44.043167,7.586,636,2000051912,0.,1,"","","","","","","","","","","","","","","","","","","","","","","","","","","","","","","","","","",18.2,1,9.5,1,18.2,1,"","",20.3,1,"","","","","","","","","","","","","","","","","","","","",57,1,"","","","","","","","","","","","",11.9,1,"","","","","","","","","","","","","","","","","","","","","","","","","","","","","","","","","","","","","","","","","","","","","","","","","","","","","","","","","","","","","","","","","","","","","","","","","","","","","","","","","","","","","","","","","","","","","","","","","","","","","","","","","","","","","","","","","","","",""
"06163007","TENDE_SAPC",44.043167,7.586,636,2000051913,0.,1,"","","","","","","","","","","","","","","","","","","","","","","","","","","","","","","","","","",17.9,1,9.3,1,17.8,1,"","",19.1,1,"","","","","","","","","","","","","","","","","","","","",57,1,"","","","","","","","","","","","",11.7,1,"","","","","","","","","","","","","","","","","","","","","","","","","","","","","","","","","","","","","","","","","","","","","","","","","","","","","","","","","","","","","","","","","","","","","","","","","","","","","","","","","","","","","","","","","","","","","","","","","","","","","","","","","","","","","","","","","","","",""
"06163007","TENDE_SAPC",44.043167,7.586,636,2000051914,0.,1,"","","","","","","","","","","","","","","","","","","","","","","","","","","","","","","","","","",18.4,1,8.9,1,17.9,1,"","",18.8,1,"","","","","","","","","","","","","","","","","","","","",54,1,"","","","","","","","","","","","",11.4,1,"","","","","","","","","","","","","","","","","","","","","","","","","","","","","","","","","","","","","","","","","","","","","","","","","","","","","","","","","","","","","","","","","","","","","","","","","","","","","","","","","","","","","","","","","","","","","","","","","","","","","","","","","","","","","","","","","","","",""
"06163007","TENDE_SAPC",44.043167,7.586,636,2000051915,0.,1,"","","","","","","","","","","","","","","","","","","","","","","","","","","","","","","","","","",18.5,1,7.9,1,18.,1,"","",18.7,1,"","","","","","","","","","","","","","","","","","","","",50,1,"","","","","","","","","","","","",10.6,1,"","","","","","","","","","","","","","","","","","","","","","","","","","","","","","","","","","","","","","","","","","","","","","","","","","","","","","","","","","","","","","","","","","","","","","","","","","","","","","","","","","","","","","","","","","","","","","","","","","","","","","","","","","","","","","","","","","","",""
"06163007","TENDE_SAPC",44.043167,7.586,636,2000051916,0.,1,"","","","","","","","","","","","","","","","","","","","","","","","","","","","","","","","","","",17.8,1,6.9,1,17.8,1,"","",18.5,1,"","","","","","","","","","","","","","","","","","","","",49,1,"","","","","","","","","","","","",10.,1,"","","","","","","","","","","","","","","","","","","","","","","","","","","","","","","","","","","","","","","","","","","","","","","","","","","","","","","","","","","","","","","","","","","","","","","","","","","","","","","","","","","","","","","","","","","","","","","","","","","","","","","","","","","","","","","","","","","",""
"06163007","TENDE_SAPC",44.043167,7.586,636,2000051917,0.,1,"","","","","","","","","","","","","","","","","","","","","","","","","","","","","","","","","","",16.8,1,6.9,1,16.8,1,"","",17.9,1,"","","","","","","","","","","","","","","","","","","","",52,1,"","","","","","","","","","","","",9.9,1,"","","","","","","","","","","","","","","","","","","","","","","","","","","","","","","","","","","","","","","","","","","","","","","","","","","","","","","","","","","","","","","","","","","","","","","","","","","","","","","","","","","","","","","","","","","","","","","","","","","","","","","","","","","","","","","","","","","",""
"06163007","TENDE_SAPC",44.043167,7.586,636,2000051918,0.,1,"","","","","","","","","","","","","","","","","","","","","","","","","","","","","","","","","","",14.9,1,7.7,1,14.9,1,"","",16.8,1,"","","","","","","","","","","","","","","","","","","","",62,1,"","","","","","","","","","","","",10.5,1,"","","","","","","","","","","","","","","","","","","","","","","","","","","","","","","","","","","","","","","","","","","","","","","","","","","","","","","","","","","","","","","","","","","","","","","","","","","","","","","","","","","","","","","","","","","","","","","","","","","","","","","","","","","","","","","","","","","",""
"06163007","TENDE_SAPC",44.043167,7.586,636,2000051919,0.,1,"","","","","","","","","","","","","","","","","","","","","","","","","","","","","","","","","","",12.6,1,7.5,1,12.6,1,"","",14.9,1,"","","","","","","","","","","","","","","","","","","","",71,1,"","","","","","","","","","","","",10.3,1,"","","","","","","","","","","","","","","","","","","","","","","","","","","","","","","","","","","","","","","","","","","","","","","","","","","","","","","","","","","","","","","","","","","","","","","","","","","","","","","","","","","","","","","","","","","","","","","","","","","","","","","","","","","","","","","","","","","",""
"06163007","TENDE_SAPC",44.043167,7.586,636,2000051920,0.,1,"","","","","","","","","","","","","","","","","","","","","","","","","","","","","","","","","","",11.3,1,7.6,1,11.3,1,"","",12.6,1,"","","","","","","","","","","","","","","","","","","","",78,1,"","","","","","","","","","","","",10.4,1,"","","","","","","","","","","","","","","","","","","","","","","","","","","","","","","","","","","","","","","","","","","","","","","","","","","","","","","","","","","","","","","","","","","","","","","","","","","","","","","","","","","","","","","","","","","","","","","","","","","","","","","","","","","","","","","","","","","",""
"06163007","TENDE_SAPC",44.043167,7.586,636,2000051921,0.,1,"","","","","","","","","","","","","","","","","","","","","","","","","","","","","","","","","","",10.4,1,6.9,1,10.4,1,"","",11.3,1,"","","","","","","","","","","","","","","","","","","","",79,1,"","","","","","","","","","","","",9.9,1,"","","","","","","","","","","","","","","","","","","","","","","","","","","","","","","","","","","","","","","","","","","","","","","","","","","","","","","","","","","","","","","","","","","","","","","","","","","","","","","","","","","","","","","","","","","","","","","","","","","","","","","","","","","","","","","","","","","",""
"06163007","TENDE_SAPC",44.043167,7.586,636,2000051922,0.,1,"","","","","","","","","","","","","","","","","","","","","","","","","","","","","","","","","","",9.7,1,6.6,1,9.7,1,"","",10.3,1,"","","","","","","","","","","","","","","","","","","","",81,1,"","","","","","","","","","","","",9.7,1,"","","","","","","","","","","","","","","","","","","","","","","","","","","","","","","","","","","","","","","","","","","","","","","","","","","","","","","","","","","","","","","","","","","","","","","","","","","","","","","","","","","","","","","","","","","","","","","","","","","","","","","","","","","","","","","","","","","",""
"06163007","TENDE_SAPC",44.043167,7.586,636,2000051923,0.,1,"","","","","","","","","","","","","","","","","","","","","","","","","","","","","","","","","","",9.1,1,6.2,1,9.1,1,"","",9.7,1,"","","","","","","","","","","","","","","","","","","","",82,1,"","","","","","","","","","","","",9.5,1,"","","","","","","","","","","","","","","","","","","","","","","","","","","","","","","","","","","","","","","","","","","","","","","","","","","","","","","","","","","","","","","","","","","","","","","","","","","","","","","","","","","","","","","","","","","","","","","","","","","","","","","","","","","","","","","","","","","",""
"06163007","TENDE_SAPC",44.043167,7.586,636,2000052000,0.,1,"","","","","","","","","","","","","","","","","","","","","","","","","","","","","","","","","","",8.3,1,5.8,1,8.3,1,"","",9.1,1,"","","","","","","","","","","","","","","","","","","","",84,1,"","","","","","","","","","","","",9.2,1,"","","","","","","","","","","","","","","","","","","","","","","","","","","","","","","","","","","","","","","","","","","","","","","","","","","","","","","","","","","","","","","","","","","","","","","","","","","","","","","","","","","","","","","","","","","","","","","","","","","","","","","","","","","","","","","","","","","",""
"06163007","TENDE_SAPC",44.043167,7.586,636,2000052001,0.,1,"","","","","","","","","","","","","","","","","","","","","","","","","","","","","","","","","","",8.1,1,5.6,1,8.1,1,"","",8.6,1,"","","","","","","","","","","","","","","","","","","","",84,1,"","","","","","","","","","","","",9.1,1,"","","","","","","","","","","","","","","","","","","","","","","","","","","","","","","","","","","","","","","","","","","","","","","","","","","","","","","","","","","","","","","","","","","","","","","","","","","","","","","","","","","","","","","","","","","","","","","","","","","","","","","","","","","","","","","","","","","",""
"06163007","TENDE_SAPC",44.043167,7.586,636,2000052002,0.,1,"","","","","","","","","","","","","","","","","","","","","","","","","","","","","","","","","","",7.8,1,5.3,1,7.8,1,"","",8.1,1,"","","","","","","","","","","","","","","","","","","","",84,1,"","","","","","","","","","","","",8.9,1,"","","","","","","","","","","","","","","","","","","","","","","","","","","","","","","","","","","","","","","","","","","","","","","","","","","","","","","","","","","","","","","","","","","","","","","","","","","","","","","","","","","","","","","","","","","","","","","","","","","","","","","","","","","","","","","","","","","",""
"06163007","TENDE_SAPC",44.043167,7.586,636,2000052003,0.,1,"","","","","","","","","","","","","","","","","","","","","","","","","","","","","","","","","","",7.2,1,5.,1,7.2,1,"","",7.8,1,"","","","","","","","","","","","","","","","","","","","",86,1,"","","","","","","","","","","","",8.7,1,"","","","","","","","","","","","","","","","","","","","","","","","","","","","","","","","","","","","","","","","","","","","","","","","","","","","","","","","","","","","","","","","","","","","","","","","","","","","","","","","","","","","","","","","","","","","","","","","","","","","","","","","","","","","","","","","","","","",""
"06163007","TENDE_SAPC",44.043167,7.586,636,2000052004,0.,1,"","","","","","","","","","","","","","","","","","","","","","","","","","","","","","","","","","",7.1,1,4.9,1,7.,1,"","",7.3,1,"","","","","","","","","","","","","","","","","","","","",86,1,"","","","","","","","","","","","",8.7,1,"","","","","","","","","","","","","","","","","","","","","","","","","","","","","","","","","","","","","","","","","","","","","","","","","","","","","","","","","","","","","","","","","","","","","","","","","","","","","","","","","","","","","","","","","","","","","","","","","","","","","","","","","","","","","","","","","","","",""
"06163007","TENDE_SAPC",44.043167,7.586,636,2000052005,0.,1,"","","","","","","","","","","","","","","","","","","","","","","","","","","","","","","","","","",7.4,1,5.,1,7.,1,"","",7.4,1,"","","","","","","","","","","","","","","","","","","","",85,1,"","","","","","","","","","","","",8.7,1,"","","","","","","","","","","","","","","","","","","","","","","","","","","","","","","","","","","","","","","","","","","","","","","","","","","","","","","","","","","","","","","","","","","","","","","","","","","","","","","","","","","","","","","","","","","","","","","","","","","","","","","","","","","","","","","","","","","",""
"06163007","TENDE_SAPC",44.043167,7.586,636,2000052006,0.,1,"","","","","","","","","","","","","","","","","","","","","","","","","","","","","","","","","","",8.,1,5.6,1,7.4,1,"","",8.,1,"","","","","","","","","","","","","","","","","","","","",85,1,"","","","","","","","","","","","",9.1,1,"","","","","","","","","","","","","","","","","","","","","","","","","","","","","","","","","","","","","","","","","","","","","","","","","","","","","","","","","","","","","","","","","","","","","","","","","","","","","","","","","","","","","","","","","","","","","","","","","","","","","","","","","","","","","","","","","","","",""
"06163007","TENDE_SAPC",44.043167,7.586,636,2000052007,0.,1,"","","","","","","","","","","","","","","","","","","","","","","","","","","","","","","","","","",10.5,1,5.,1,8.,1,"","",10.5,1,"","","","","","","","","","","","","","","","","","","","",69,1,"","","","","","","","","","","","",8.7,1,"","","","","","","","","","","","","","","","","","","","","","","","","","","","","","","","","","","","","","","","","","","","","","","","","","","","","","","","","","","","","","","","","","","","","","","","","","","","","","","","","","","","","","","","","","","","","","","","","","","","","","","","","","","","","","","","","","","",""
"06163007","TENDE_SAPC",44.043167,7.586,636,2000052008,0.,1,"","","","","","","","","","","","","","","","","","","","","","","","","","","","","","","","","","",14.8,1,5.8,1,10.7,1,"","",14.8,1,"","","","","","","","","","","","","","","","","","","","",55,1,"","","","","","","","","","","","",9.2,1,"","","","","","","","","","","","","","","","","","","","","","","","","","","","","","","","","","","","","","","","","","","","","","","","","","","","","","","","","","","","","","","","","","","","","","","","","","","","","","","","","","","","","","","","","","","","","","","","","","","","","","","","","","","","","","","","","","","",""
"06163007","TENDE_SAPC",44.043167,7.586,636,2000052009,0.,1,"","","","","","","","","","","","","","","","","","","","","","","","","","","","","","","","","","",17.2,1,5.8,1,14.9,1,"","",17.2,1,"","","","","","","","","","","","","","","","","","","","",47,1,"","","","","","","","","","","","",9.2,1,"","","","","","","","","","","","","","","","","","","","","","","","","","","","","","","","","","","","","","","","","","","","","","","","","","","","","","","","","","","","","","","","","","","","","","","","","","","","","","","","","","","","","","","","","","","","","","","","","","","","","","","","","","","","","","","","","","","",""
"06163007","TENDE_SAPC",44.043167,7.586,636,2000052010,0.,1,"","","","","","","","","","","","","","","","","","","","","","","","","","","","","","","","","","",18.2,1,7.3,1,17.2,1,"","",18.2,1,"","","","","","","","","","","","","","","","","","","","",49,1,"","","","","","","","","","","","",10.2,1,"","","","","","","","","","","","","","","","","","","","","","","","","","","","","","","","","","","","","","","","","","","","","","","","","","","","","","","","","","","","","","","","","","","","","","","","","","","","","","","","","","","","","","","","","","","","","","","","","","","","","","","","","","","","","","","","","","","",""
"06163007","TENDE_SAPC",44.043167,7.586,636,2000052011,0.,1,"","","","","","","","","","","","","","","","","","","","","","","","","","","","","","","","","","",19.2,1,8.8,1,18.2,1,"","",19.2,1,"","","","","","","","","","","","","","","","","","","","",51,1,"","","","","","","","","","","","",11.3,1,"","","","","","","","","","","","","","","","","","","","","","","","","","","","","","","","","","","","","","","","","","","","","","","","","","","","","","","","","","","","","","","","","","","","","","","","","","","","","","","","","","","","","","","","","","","","","","","","","","","","","","","","","","","","","","","","","","","",""
"06163007","TENDE_SAPC",44.043167,7.586,636,2000052012,0.,1,"","","","","","","","","","","","","","","","","","","","","","","","","","","","","","","","","","",18.6,1,8.8,1,17.9,1,"","",19.3,1,"","","","","","","","","","","","","","","","","","","","",53,1,"","","","","","","","","","","","",11.3,1,"","","","","","","","","","","","","","","","","","","","","","","","","","","","","","","","","","","","","","","","","","","","","","","","","","","","","","","","","","","","","","","","","","","","","","","","","","","","","","","","","","","","","","","","","","","","","","","","","","","","","","","","","","","","","","","","","","","",""
"06163007","TENDE_SAPC",44.043167,7.586,636,2000052013,0.,1,"","","","","","","","","","","","","","","","","","","","","","","","","","","","","","","","","","",17.4,1,9.6,1,17.1,1,"","",18.6,1,"","","","","","","","","","","","","","","","","","","","",60,1,"","","","","","","","","","","","",11.9,1,"","","","","","","","","","","","","","","","","","","","","","","","","","","","","","","","","","","","","","","","","","","","","","","","","","","","","","","","","","","","","","","","","","","","","","","","","","","","","","","","","","","","","","","","","","","","","","","","","","","","","","","","","","","","","","","","","","","",""
"06163007","TENDE_SAPC",44.043167,7.586,636,2000052014,0.,1,"","","","","","","","","","","","","","","","","","","","","","","","","","","","","","","","","","",16.9,1,8.8,1,16.9,1,"","",17.3,1,"","","","","","","","","","","","","","","","","","","","",59,1,"","","","","","","","","","","","",11.3,1,"","","","","","","","","","","","","","","","","","","","","","","","","","","","","","","","","","","","","","","","","","","","","","","","","","","","","","","","","","","","","","","","","","","","","","","","","","","","","","","","","","","","","","","","","","","","","","","","","","","","","","","","","","","","","","","","","","","",""
"06163007","TENDE_SAPC",44.043167,7.586,636,2000052015,0.,1,"","","","","","","","","","","","","","","","","","","","","","","","","","","","","","","","","","",16.2,1,8.9,1,16.2,1,"","",17.3,1,"","","","","","","","","","","","","","","","","","","","",62,1,"","","","","","","","","","","","",11.4,1,"","","","","","","","","","","","","","","","","","","","","","","","","","","","","","","","","","","","","","","","","","","","","","","","","","","","","","","","","","","","","","","","","","","","","","","","","","","","","","","","","","","","","","","","","","","","","","","","","","","","","","","","","","","","","","","","","","","",""
"06163007","TENDE_SAPC",44.043167,7.586,636,2000052016,0.,1,"","","","","","","","","","","","","","","","","","","","","","","","","","","","","","","","","","",15.6,1,8.8,1,15.6,1,"","",16.2,1,"","","","","","","","","","","","","","","","","","","","",64,1,"","","","","","","","","","","","",11.3,1,"","","","","","","","","","","","","","","","","","","","","","","","","","","","","","","","","","","","","","","","","","","","","","","","","","","","","","","","","","","","","","","","","","","","","","","","","","","","","","","","","","","","","","","","","","","","","","","","","","","","","","","","","","","","","","","","","","","",""
"06163007","TENDE_SAPC",44.043167,7.586,636,2000052017,0.,1,"","","","","","","","","","","","","","","","","","","","","","","","","","","","","","","","","","",15.2,1,8.9,1,15.2,1,"","",15.6,1,"","","","","","","","","","","","","","","","","","","","",66,1,"","","","","","","","","","","","",11.4,1,"","","","","","","","","","","","","","","","","","","","","","","","","","","","","","","","","","","","","","","","","","","","","","","","","","","","","","","","","","","","","","","","","","","","","","","","","","","","","","","","","","","","","","","","","","","","","","","","","","","","","","","","","","","","","","","","","","","",""
"06163007","TENDE_SAPC",44.043167,7.586,636,2000052018,0.,1,"","","","","","","","","","","","","","","","","","","","","","","","","","","","","","","","","","",14.7,1,8.9,1,14.7,1,"","",15.2,1,"","","","","","","","","","","","","","","","","","","","",68,1,"","","","","","","","","","","","",11.4,1,"","","","","","","","","","","","","","","","","","","","","","","","","","","","","","","","","","","","","","","","","","","","","","","","","","","","","","","","","","","","","","","","","","","","","","","","","","","","","","","","","","","","","","","","","","","","","","","","","","","","","","","","","","","","","","","","","","","",""
"06163007","TENDE_SAPC",44.043167,7.586,636,2000052019,0.,1,"","","","","","","","","","","","","","","","","","","","","","","","","","","","","","","","","","",14.2,1,9.,1,14.2,1,"","",14.7,1,"","","","","","","","","","","","","","","","","","","","",71,1,"","","","","","","","","","","","",11.5,1,"","","","","","","","","","","","","","","","","","","","","","","","","","","","","","","","","","","","","","","","","","","","","","","","","","","","","","","","","","","","","","","","","","","","","","","","","","","","","","","","","","","","","","","","","","","","","","","","","","","","","","","","","","","","","","","","","","","",""
"06163007","TENDE_SAPC",44.043167,7.586,636,2000052020,0.,1,"","","","","","","","","","","","","","","","","","","","","","","","","","","","","","","","","","",13.6,1,9.2,1,13.6,1,"","",14.2,1,"","","","","","","","","","","","","","","","","","","","",75,1,"","","","","","","","","","","","",11.7,1,"","","","","","","","","","","","","","","","","","","","","","","","","","","","","","","","","","","","","","","","","","","","","","","","","","","","","","","","","","","","","","","","","","","","","","","","","","","","","","","","","","","","","","","","","","","","","","","","","","","","","","","","","","","","","","","","","","","",""
"06163007","TENDE_SAPC",44.043167,7.586,636,2000052021,0.,1,"","","","","","","","","","","","","","","","","","","","","","","","","","","","","","","","","","",12.5,1,9.3,1,12.5,1,"","",13.6,1,"","","","","","","","","","","","","","","","","","","","",81,1,"","","","","","","","","","","","",11.7,1,"","","","","","","","","","","","","","","","","","","","","","","","","","","","","","","","","","","","","","","","","","","","","","","","","","","","","","","","","","","","","","","","","","","","","","","","","","","","","","","","","","","","","","","","","","","","","","","","","","","","","","","","","","","","","","","","","","","",""
"06163007","TENDE_SAPC",44.043167,7.586,636,2000052022,0.,1,"","","","","","","","","","","","","","","","","","","","","","","","","","","","","","","","","","",11.5,1,9.1,1,11.5,1,"","",12.5,1,"","","","","","","","","","","","","","","","","","","","",85,1,"","","","","","","","","","","","",11.5,1,"","","","","","","","","","","","","","","","","","","","","","","","","","","","","","","","","","","","","","","","","","","","","","","","","","","","","","","","","","","","","","","","","","","","","","","","","","","","","","","","","","","","","","","","","","","","","","","","","","","","","","","","","","","","","","","","","","","",""
"06163007","TENDE_SAPC",44.043167,7.586,636,2000052023,0.,1,"","","","","","","","","","","","","","","","","","","","","","","","","","","","","","","","","","",10.3,1,8.4,1,10.3,1,"","",11.5,1,"","","","","","","","","","","","","","","","","","","","",88,1,"","","","","","","","","","","","",11.,1,"","","","","","","","","","","","","","","","","","","","","","","","","","","","","","","","","","","","","","","","","","","","","","","","","","","","","","","","","","","","","","","","","","","","","","","","","","","","","","","","","","","","","","","","","","","","","","","","","","","","","","","","","","","","","","","","","","","",""
"06163007","TENDE_SAPC",44.043167,7.586,636,2000052100,0.,1,"","","","","","","","","","","","","","","","","","","","","","","","","","","","","","","","","","",9.8,1,7.9,1,9.6,1,"","",10.2,1,"","","","","","","","","","","","","","","","","","","","",88,1,"","","","","","","","","","","","",10.6,1,"","","","","","","","","","","","","","","","","","","","","","","","","","","","","","","","","","","","","","","","","","","","","","","","","","","","","","","","","","","","","","","","","","","","","","","","","","","","","","","","","","","","","","","","","","","","","","","","","","","","","","","","","","","","","","","","","","","",""
"06163007","TENDE_SAPC",44.043167,7.586,636,2000052101,0.,1,"","","","","","","","","","","","","","","","","","","","","","","","","","","","","","","","","","",10.1,1,7.5,1,9.7,1,"","",10.1,1,"","","","","","","","","","","","","","","","","","","","",84,1,"","","","","","","","","","","","",10.4,1,"","","","","","","","","","","","","","","","","","","","","","","","","","","","","","","","","","","","","","","","","","","","","","","","","","","","","","","","","","","","","","","","","","","","","","","","","","","","","","","","","","","","","","","","","","","","","","","","","","","","","","","","","","","","","","","","","","","",""
"06163007","TENDE_SAPC",44.043167,7.586,636,2000052102,0.,1,"","","","","","","","","","","","","","","","","","","","","","","","","","","","","","","","","","",9.4,1,7.2,1,9.4,1,"","",10.1,1,"","","","","","","","","","","","","","","","","","","","",86,1,"","","","","","","","","","","","",10.1,1,"","","","","","","","","","","","","","","","","","","","","","","","","","","","","","","","","","","","","","","","","","","","","","","","","","","","","","","","","","","","","","","","","","","","","","","","","","","","","","","","","","","","","","","","","","","","","","","","","","","","","","","","","","","","","","","","","","","",""
"06163007","TENDE_SAPC",44.043167,7.586,636,2000052103,0.,1,"","","","","","","","","","","","","","","","","","","","","","","","","","","","","","","","","","",8.5,1,6.6,1,8.5,1,"","",9.4,1,"","","","","","","","","","","","","","","","","","","","",88,1,"","","","","","","","","","","","",9.8,1,"","","","","","","","","","","","","","","","","","","","","","","","","","","","","","","","","","","","","","","","","","","","","","","","","","","","","","","","","","","","","","","","","","","","","","","","","","","","","","","","","","","","","","","","","","","","","","","","","","","","","","","","","","","","","","","","","","","",""
"06163007","TENDE_SAPC",44.043167,7.586,636,2000052104,0.,1,"","","","","","","","","","","","","","","","","","","","","","","","","","","","","","","","","","",8.1,1,6.4,1,8.,1,"","",8.5,1,"","","","","","","","","","","","","","","","","","","","",89,1,"","","","","","","","","","","","",9.6,1,"","","","","","","","","","","","","","","","","","","","","","","","","","","","","","","","","","","","","","","","","","","","","","","","","","","","","","","","","","","","","","","","","","","","","","","","","","","","","","","","","","","","","","","","","","","","","","","","","","","","","","","","","","","","","","","","","","","",""
"06163007","TENDE_SAPC",44.043167,7.586,636,2000052105,0.,1,"","","","","","","","","","","","","","","","","","","","","","","","","","","","","","","","","","",8.,1,6.5,1,7.9,1,"","",8.1,1,"","","","","","","","","","","","","","","","","","","","",90,1,"","","","","","","","","","","","",9.6,1,"","","","","","","","","","","","","","","","","","","","","","","","","","","","","","","","","","","","","","","","","","","","","","","","","","","","","","","","","","","","","","","","","","","","","","","","","","","","","","","","","","","","","","","","","","","","","","","","","","","","","","","","","","","","","","","","","","","",""
"06163007","TENDE_SAPC",44.043167,7.586,636,2000052106,0.,1,"","","","","","","","","","","","","","","","","","","","","","","","","","","","","","","","","","",8.6,1,6.9,1,8.,1,"","",8.6,1,"","","","","","","","","","","","","","","","","","","","",89,1,"","","","","","","","","","","","",9.9,1,"","","","","","","","","","","","","","","","","","","","","","","","","","","","","","","","","","","","","","","","","","","","","","","","","","","","","","","","","","","","","","","","","","","","","","","","","","","","","","","","","","","","","","","","","","","","","","","","","","","","","","","","","","","","","","","","","","","",""
"06163007","TENDE_SAPC",44.043167,7.586,636,2000052107,0.,1,"","","","","","","","","","","","","","","","","","","","","","","","","","","","","","","","","","",11.4,1,7.1,1,8.6,1,"","",11.4,1,"","","","","","","","","","","","","","","","","","","","",75,1,"","","","","","","","","","","","",10.1,1,"","","","","","","","","","","","","","","","","","","","","","","","","","","","","","","","","","","","","","","","","","","","","","","","","","","","","","","","","","","","","","","","","","","","","","","","","","","","","","","","","","","","","","","","","","","","","","","","","","","","","","","","","","","","","","","","","","","",""
"06163007","TENDE_SAPC",44.043167,7.586,636,2000052108,0.,1,"","","","","","","","","","","","","","","","","","","","","","","","","","","","","","","","","","",15.,1,8.,1,11.5,1,"","",15.,1,"","","","","","","","","","","","","","","","","","","","",63,1,"","","","","","","","","","","","",10.7,1,"","","","","","","","","","","","","","","","","","","","","","","","","","","","","","","","","","","","","","","","","","","","","","","","","","","","","","","","","","","","","","","","","","","","","","","","","","","","","","","","","","","","","","","","","","","","","","","","","","","","","","","","","","","","","","","","","","","",""
"06163007","TENDE_SAPC",44.043167,7.586,636,2000052109,0.,1,"","","","","","","","","","","","","","","","","","","","","","","","","","","","","","","","","","",17.2,1,7.8,1,15.,1,"","",17.2,1,"","","","","","","","","","","","","","","","","","","","",54,1,"","","","","","","","","","","","",10.6,1,"","","","","","","","","","","","","","","","","","","","","","","","","","","","","","","","","","","","","","","","","","","","","","","","","","","","","","","","","","","","","","","","","","","","","","","","","","","","","","","","","","","","","","","","","","","","","","","","","","","","","","","","","","","","","","","","","","","",""
"06163007","TENDE_SAPC",44.043167,7.586,636,2000052110,0.,1,"","","","","","","","","","","","","","","","","","","","","","","","","","","","","","","","","","",18.7,1,8.4,1,17.2,1,"","",18.7,1,"","","","","","","","","","","","","","","","","","","","",51,1,"","","","","","","","","","","","",11.,1,"","","","","","","","","","","","","","","","","","","","","","","","","","","","","","","","","","","","","","","","","","","","","","","","","","","","","","","","","","","","","","","","","","","","","","","","","","","","","","","","","","","","","","","","","","","","","","","","","","","","","","","","","","","","","","","","","","","",""
"06163007","TENDE_SAPC",44.043167,7.586,636,2000052111,0.,1,"","","","","","","","","","","","","","","","","","","","","","","","","","","","","","","","","","",18.7,1,8.4,1,18.4,1,"","",19.2,1,"","","","","","","","","","","","","","","","","","","","",51,1,"","","","","","","","","","","","",11.,1,"","","","","","","","","","","","","","","","","","","","","","","","","","","","","","","","","","","","","","","","","","","","","","","","","","","","","","","","","","","","","","","","","","","","","","","","","","","","","","","","","","","","","","","","","","","","","","","","","","","","","","","","","","","","","","","","","","","",""
"06163007","TENDE_SAPC",44.043167,7.586,636,2000052112,0.,1,"","","","","","","","","","","","","","","","","","","","","","","","","","","","","","","","","","",19.,1,8.6,1,18.5,1,"","",19.2,1,"","","","","","","","","","","","","","","","","","","","",51,1,"","","","","","","","","","","","",11.2,1,"","","","","","","","","","","","","","","","","","","","","","","","","","","","","","","","","","","","","","","","","","","","","","","","","","","","","","","","","","","","","","","","","","","","","","","","","","","","","","","","","","","","","","","","","","","","","","","","","","","","","","","","","","","","","","","","","","","",""
"06163007","TENDE_SAPC",44.043167,7.586,636,2000052113,0.,1,"","","","","","","","","","","","","","","","","","","","","","","","","","","","","","","","","","",18.7,1,9.2,1,18.7,1,"","",19.4,1,"","","","","","","","","","","","","","","","","","","","",54,1,"","","","","","","","","","","","",11.6,1,"","","","","","","","","","","","","","","","","","","","","","","","","","","","","","","","","","","","","","","","","","","","","","","","","","","","","","","","","","","","","","","","","","","","","","","","","","","","","","","","","","","","","","","","","","","","","","","","","","","","","","","","","","","","","","","","","","","",""
"06163007","TENDE_SAPC",44.043167,7.586,636,2000052114,0.,1,"","","","","","","","","","","","","","","","","","","","","","","","","","","","","","","","","","",18.,1,9.1,1,17.4,1,"","",18.8,1,"","","","","","","","","","","","","","","","","","","","",56,1,"","","","","","","","","","","","",11.5,1,"","","","","","","","","","","","","","","","","","","","","","","","","","","","","","","","","","","","","","","","","","","","","","","","","","","","","","","","","","","","","","","","","","","","","","","","","","","","","","","","","","","","","","","","","","","","","","","","","","","","","","","","","","","","","","","","","","","",""
"06163007","TENDE_SAPC",44.043167,7.586,636,2000052115,0.,1,"","","","","","","","","","","","","","","","","","","","","","","","","","","","","","","","","","",17.1,1,8.8,1,16.9,1,"","",18.,1,"","","","","","","","","","","","","","","","","","","","",58,1,"","","","","","","","","","","","",11.3,1,"","","","","","","","","","","","","","","","","","","","","","","","","","","","","","","","","","","","","","","","","","","","","","","","","","","","","","","","","","","","","","","","","","","","","","","","","","","","","","","","","","","","","","","","","","","","","","","","","","","","","","","","","","","","","","","","","","","",""
"06163007","TENDE_SAPC",44.043167,7.586,636,2000052116,0.,1,"","","","","","","","","","","","","","","","","","","","","","","","","","","","","","","","","","",15.4,1,10.,1,15.4,1,"","",17.1,1,"","","","","","","","","","","","","","","","","","","","",70,1,"","","","","","","","","","","","",12.2,1,"","","","","","","","","","","","","","","","","","","","","","","","","","","","","","","","","","","","","","","","","","","","","","","","","","","","","","","","","","","","","","","","","","","","","","","","","","","","","","","","","","","","","","","","","","","","","","","","","","","","","","","","","","","","","","","","","","","",""
"06163007","TENDE_SAPC",44.043167,7.586,636,2000052117,0.,1,"","","","","","","","","","","","","","","","","","","","","","","","","","","","","","","","","","",14.8,1,10.,1,14.8,1,"","",15.4,1,"","","","","","","","","","","","","","","","","","","","",73,1,"","","","","","","","","","","","",12.3,1,"","","","","","","","","","","","","","","","","","","","","","","","","","","","","","","","","","","","","","","","","","","","","","","","","","","","","","","","","","","","","","","","","","","","","","","","","","","","","","","","","","","","","","","","","","","","","","","","","","","","","","","","","","","","","","","","","","","",""
"06163007","TENDE_SAPC",44.043167,7.586,636,2000052118,0.,1,"","","","","","","","","","","","","","","","","","","","","","","","","","","","","","","","","","",14.1,1,9.9,1,14.1,1,"","",14.8,1,"","","","","","","","","","","","","","","","","","","","",76,1,"","","","","","","","","","","","",12.2,1,"","","","","","","","","","","","","","","","","","","","","","","","","","","","","","","","","","","","","","","","","","","","","","","","","","","","","","","","","","","","","","","","","","","","","","","","","","","","","","","","","","","","","","","","","","","","","","","","","","","","","","","","","","","","","","","","","","","",""
"06163007","TENDE_SAPC",44.043167,7.586,636,2000052119,0.,1,"","","","","","","","","","","","","","","","","","","","","","","","","","","","","","","","","","",13.8,1,9.8,1,13.8,1,"","",14.1,1,"","","","","","","","","","","","","","","","","","","","",77,1,"","","","","","","","","","","","",12.1,1,"","","","","","","","","","","","","","","","","","","","","","","","","","","","","","","","","","","","","","","","","","","","","","","","","","","","","","","","","","","","","","","","","","","","","","","","","","","","","","","","","","","","","","","","","","","","","","","","","","","","","","","","","","","","","","","","","","","",""
"06163007","TENDE_SAPC",44.043167,7.586,636,2000052120,0.,1,"","","","","","","","","","","","","","","","","","","","","","","","","","","","","","","","","","",12.5,1,9.7,1,12.5,1,"","",13.8,1,"","","","","","","","","","","","","","","","","","","","",83,1,"","","","","","","","","","","","",12.,1,"","","","","","","","","","","","","","","","","","","","","","","","","","","","","","","","","","","","","","","","","","","","","","","","","","","","","","","","","","","","","","","","","","","","","","","","","","","","","","","","","","","","","","","","","","","","","","","","","","","","","","","","","","","","","","","","","","","",""
"06163007","TENDE_SAPC",44.043167,7.586,636,2000052121,0.,1,"","","","","","","","","","","","","","","","","","","","","","","","","","","","","","","","","","",12.2,1,9.6,1,12.2,1,"","",12.6,1,"","","","","","","","","","","","","","","","","","","","",84,1,"","","","","","","","","","","","",11.9,1,"","","","","","","","","","","","","","","","","","","","","","","","","","","","","","","","","","","","","","","","","","","","","","","","","","","","","","","","","","","","","","","","","","","","","","","","","","","","","","","","","","","","","","","","","","","","","","","","","","","","","","","","","","","","","","","","","","","",""
"06163007","TENDE_SAPC",44.043167,7.586,636,2000052122,0.,1,"","","","","","","","","","","","","","","","","","","","","","","","","","","","","","","","","","",12.5,1,9.7,1,12.1,1,"","",12.5,1,"","","","","","","","","","","","","","","","","","","","",83,1,"","","","","","","","","","","","",12.,1,"","","","","","","","","","","","","","","","","","","","","","","","","","","","","","","","","","","","","","","","","","","","","","","","","","","","","","","","","","","","","","","","","","","","","","","","","","","","","","","","","","","","","","","","","","","","","","","","","","","","","","","","","","","","","","","","","","","",""
"06163007","TENDE_SAPC",44.043167,7.586,636,2000052123,0.,1,"","","","","","","","","","","","","","","","","","","","","","","","","","","","","","","","","","",12.5,1,9.7,1,12.5,1,"","",12.5,1,"","","","","","","","","","","","","","","","","","","","",83,1,"","","","","","","","","","","","",12.,1,"","","","","","","","","","","","","","","","","","","","","","","","","","","","","","","","","","","","","","","","","","","","","","","","","","","","","","","","","","","","","","","","","","","","","","","","","","","","","","","","","","","","","","","","","","","","","","","","","","","","","","","","","","","","","","","","","","","",""
"06163007","TENDE_SAPC",44.043167,7.586,636,2000052200,0.,1,"","","","","","","","","","","","","","","","","","","","","","","","","","","","","","","","","","",11.7,1,9.4,1,11.7,1,"","",12.5,1,"","","","","","","","","","","","","","","","","","","","",86,1,"","","","","","","","","","","","",11.8,1,"","","","","","","","","","","","","","","","","","","","","","","","","","","","","","","","","","","","","","","","","","","","","","","","","","","","","","","","","","","","","","","","","","","","","","","","","","","","","","","","","","","","","","","","","","","","","","","","","","","","","","","","","","","","","","","","","","","",""
"06163007","TENDE_SAPC",44.043167,7.586,636,2000052201,0.,1,"","","","","","","","","","","","","","","","","","","","","","","","","","","","","","","","","","",11.4,1,9.3,1,11.3,1,"","",11.7,1,"","","","","","","","","","","","","","","","","","","","",87,1,"","","","","","","","","","","","",11.7,1,"","","","","","","","","","","","","","","","","","","","","","","","","","","","","","","","","","","","","","","","","","","","","","","","","","","","","","","","","","","","","","","","","","","","","","","","","","","","","","","","","","","","","","","","","","","","","","","","","","","","","","","","","","","","","","","","","","","",""
"06163007","TENDE_SAPC",44.043167,7.586,636,2000052202,0.,1,"","","","","","","","","","","","","","","","","","","","","","","","","","","","","","","","","","",11.4,1,9.1,1,11.3,1,"","",11.5,1,"","","","","","","","","","","","","","","","","","","","",86,1,"","","","","","","","","","","","",11.6,1,"","","","","","","","","","","","","","","","","","","","","","","","","","","","","","","","","","","","","","","","","","","","","","","","","","","","","","","","","","","","","","","","","","","","","","","","","","","","","","","","","","","","","","","","","","","","","","","","","","","","","","","","","","","","","","","","","","","",""
"06163007","TENDE_SAPC",44.043167,7.586,636,2000052203,0.,1,"","","","","","","","","","","","","","","","","","","","","","","","","","","","","","","","","","",10.5,1,8.3,1,10.5,1,"","",11.4,1,"","","","","","","","","","","","","","","","","","","","",86,1,"","","","","","","","","","","","",10.9,1,"","","","","","","","","","","","","","","","","","","","","","","","","","","","","","","","","","","","","","","","","","","","","","","","","","","","","","","","","","","","","","","","","","","","","","","","","","","","","","","","","","","","","","","","","","","","","","","","","","","","","","","","","","","","","","","","","","","",""
"06163007","TENDE_SAPC",44.043167,7.586,636,2000052204,0.,1,"","","","","","","","","","","","","","","","","","","","","","","","","","","","","","","","","","",10.1,1,7.2,1,10.1,1,"","",10.8,1,"","","","","","","","","","","","","","","","","","","","",82,1,"","","","","","","","","","","","",10.1,1,"","","","","","","","","","","","","","","","","","","","","","","","","","","","","","","","","","","","","","","","","","","","","","","","","","","","","","","","","","","","","","","","","","","","","","","","","","","","","","","","","","","","","","","","","","","","","","","","","","","","","","","","","","","","","","","","","","","",""
"06163007","TENDE_SAPC",44.043167,7.586,636,2000052205,0.,1,"","","","","","","","","","","","","","","","","","","","","","","","","","","","","","","","","","",9.6,1,6.3,1,9.6,1,"","",10.1,1,"","","","","","","","","","","","","","","","","","","","",80,1,"","","","","","","","","","","","",9.5,1,"","","","","","","","","","","","","","","","","","","","","","","","","","","","","","","","","","","","","","","","","","","","","","","","","","","","","","","","","","","","","","","","","","","","","","","","","","","","","","","","","","","","","","","","","","","","","","","","","","","","","","","","","","","","","","","","","","","",""
"06163007","TENDE_SAPC",44.043167,7.586,636,2000052206,0.,1,"","","","","","","","","","","","","","","","","","","","","","","","","","","","","","","","","","",9.7,1,6.8,1,9.6,1,"","",9.9,1,"","","","","","","","","","","","","","","","","","","","",82,1,"","","","","","","","","","","","",9.9,1,"","","","","","","","","","","","","","","","","","","","","","","","","","","","","","","","","","","","","","","","","","","","","","","","","","","","","","","","","","","","","","","","","","","","","","","","","","","","","","","","","","","","","","","","","","","","","","","","","","","","","","","","","","","","","","","","","","","",""
"06163007","TENDE_SAPC",44.043167,7.586,636,2000052207,0.,1,"","","","","","","","","","","","","","","","","","","","","","","","","","","","","","","","","","",12.1,1,6.4,1,9.6,1,"","",12.1,1,"","","","","","","","","","","","","","","","","","","","",68,1,"","","","","","","","","","","","",9.6,1,"","","","","","","","","","","","","","","","","","","","","","","","","","","","","","","","","","","","","","","","","","","","","","","","","","","","","","","","","","","","","","","","","","","","","","","","","","","","","","","","","","","","","","","","","","","","","","","","","","","","","","","","","","","","","","","","","","","",""
"06163007","TENDE_SAPC",44.043167,7.586,636,2000052208,0.,1,"","","","","","","","","","","","","","","","","","","","","","","","","","","","","","","","","","",16.2,1,7.4,1,12.1,1,"","",16.2,1,"","","","","","","","","","","","","","","","","","","","",56,1,"","","","","","","","","","","","",10.3,1,"","","","","","","","","","","","","","","","","","","","","","","","","","","","","","","","","","","","","","","","","","","","","","","","","","","","","","","","","","","","","","","","","","","","","","","","","","","","","","","","","","","","","","","","","","","","","","","","","","","","","","","","","","","","","","","","","","","",""
"06163007","TENDE_SAPC",44.043167,7.586,636,2000052209,0.,1,"","","","","","","","","","","","","","","","","","","","","","","","","","","","","","","","","","",18.5,1,7.6,1,16.3,1,"","",18.5,1,"","","","","","","","","","","","","","","","","","","","",49,1,"","","","","","","","","","","","",10.4,1,"","","","","","","","","","","","","","","","","","","","","","","","","","","","","","","","","","","","","","","","","","","","","","","","","","","","","","","","","","","","","","","","","","","","","","","","","","","","","","","","","","","","","","","","","","","","","","","","","","","","","","","","","","","","","","","","","","","",""
"06163007","TENDE_SAPC",44.043167,7.586,636,2000052210,0.,1,"","","","","","","","","","","","","","","","","","","","","","","","","","","","","","","","","","",19.8,1,9.1,1,18.5,1,"","",19.8,1,"","","","","","","","","","","","","","","","","","","","",50,1,"","","","","","","","","","","","",11.5,1,"","","","","","","","","","","","","","","","","","","","","","","","","","","","","","","","","","","","","","","","","","","","","","","","","","","","","","","","","","","","","","","","","","","","","","","","","","","","","","","","","","","","","","","","","","","","","","","","","","","","","","","","","","","","","","","","","","","",""
"06163007","TENDE_SAPC",44.043167,7.586,636,2000052211,0.,1,"","","","","","","","","","","","","","","","","","","","","","","","","","","","","","","","","","",20.5,1,10.9,1,19.8,1,"","",20.8,1,"","","","","","","","","","","","","","","","","","","","",54,1,"","","","","","","","","","","","",13.,1,"","","","","","","","","","","","","","","","","","","","","","","","","","","","","","","","","","","","","","","","","","","","","","","","","","","","","","","","","","","","","","","","","","","","","","","","","","","","","","","","","","","","","","","","","","","","","","","","","","","","","","","","","","","","","","","","","","","",""
"06163007","TENDE_SAPC",44.043167,7.586,636,2000052212,0.,1,"","","","","","","","","","","","","","","","","","","","","","","","","","","","","","","","","","",20.4,1,9.9,1,19.6,1,"","",20.6,1,"","","","","","","","","","","","","","","","","","","","",51,1,"","","","","","","","","","","","",12.2,1,"","","","","","","","","","","","","","","","","","","","","","","","","","","","","","","","","","","","","","","","","","","","","","","","","","","","","","","","","","","","","","","","","","","","","","","","","","","","","","","","","","","","","","","","","","","","","","","","","","","","","","","","","","","","","","","","","","","",""
"06163007","TENDE_SAPC",44.043167,7.586,636,2000052213,0.,1,"","","","","","","","","","","","","","","","","","","","","","","","","","","","","","","","","","",20.5,1,10.3,1,20.2,1,"","",20.7,1,"","","","","","","","","","","","","","","","","","","","",52,1,"","","","","","","","","","","","",12.5,1,"","","","","","","","","","","","","","","","","","","","","","","","","","","","","","","","","","","","","","","","","","","","","","","","","","","","","","","","","","","","","","","","","","","","","","","","","","","","","","","","","","","","","","","","","","","","","","","","","","","","","","","","","","","","","","","","","","","",""
"06163007","TENDE_SAPC",44.043167,7.586,636,2000052214,0.,1,"","","","","","","","","","","","","","","","","","","","","","","","","","","","","","","","","","",19.4,1,9.8,1,18.8,1,"","",20.6,1,"","","","","","","","","","","","","","","","","","","","",54,1,"","","","","","","","","","","","",12.1,1,"","","","","","","","","","","","","","","","","","","","","","","","","","","","","","","","","","","","","","","","","","","","","","","","","","","","","","","","","","","","","","","","","","","","","","","","","","","","","","","","","","","","","","","","","","","","","","","","","","","","","","","","","","","","","","","","","","","",""
"06163007","TENDE_SAPC",44.043167,7.586,636,2000052215,0.,1,"","","","","","","","","","","","","","","","","","","","","","","","","","","","","","","","","","",19.,1,10.5,1,18.9,1,"","",20.2,1,"","","","","","","","","","","","","","","","","","","","",58,1,"","","","","","","","","","","","",12.7,1,"","","","","","","","","","","","","","","","","","","","","","","","","","","","","","","","","","","","","","","","","","","","","","","","","","","","","","","","","","","","","","","","","","","","","","","","","","","","","","","","","","","","","","","","","","","","","","","","","","","","","","","","","","","","","","","","","","","",""
"06163007","TENDE_SAPC",44.043167,7.586,636,2000052216,0.,1,"","","","","","","","","","","","","","","","","","","","","","","","","","","","","","","","","","",18.8,1,9.8,1,18.5,1,"","",19.1,1,"","","","","","","","","","","","","","","","","","","","",56,1,"","","","","","","","","","","","",12.1,1,"","","","","","","","","","","","","","","","","","","","","","","","","","","","","","","","","","","","","","","","","","","","","","","","","","","","","","","","","","","","","","","","","","","","","","","","","","","","","","","","","","","","","","","","","","","","","","","","","","","","","","","","","","","","","","","","","","","",""
"06163007","TENDE_SAPC",44.043167,7.586,636,2000052217,0.,1,"","","","","","","","","","","","","","","","","","","","","","","","","","","","","","","","","","",18.3,1,9.4,1,18.3,1,"","",18.8,1,"","","","","","","","","","","","","","","","","","","","",56,1,"","","","","","","","","","","","",11.8,1,"","","","","","","","","","","","","","","","","","","","","","","","","","","","","","","","","","","","","","","","","","","","","","","","","","","","","","","","","","","","","","","","","","","","","","","","","","","","","","","","","","","","","","","","","","","","","","","","","","","","","","","","","","","","","","","","","","","",""
"06163007","TENDE_SAPC",44.043167,7.586,636,2000052218,0.,1,"","","","","","","","","","","","","","","","","","","","","","","","","","","","","","","","","","",17.5,1,10.4,1,17.5,1,"","",18.3,1,"","","","","","","","","","","","","","","","","","","","",63,1,"","","","","","","","","","","","",12.6,1,"","","","","","","","","","","","","","","","","","","","","","","","","","","","","","","","","","","","","","","","","","","","","","","","","","","","","","","","","","","","","","","","","","","","","","","","","","","","","","","","","","","","","","","","","","","","","","","","","","","","","","","","","","","","","","","","","","","",""
"06163007","TENDE_SAPC",44.043167,7.586,636,2000052219,0.,1,"","","","","","","","","","","","","","","","","","","","","","","","","","","","","","","","","","",16.6,1,11.1,1,16.6,1,"","",17.5,1,"","","","","","","","","","","","","","","","","","","","",70,1,"","","","","","","","","","","","",13.2,1,"","","","","","","","","","","","","","","","","","","","","","","","","","","","","","","","","","","","","","","","","","","","","","","","","","","","","","","","","","","","","","","","","","","","","","","","","","","","","","","","","","","","","","","","","","","","","","","","","","","","","","","","","","","","","","","","","","","",""
"06163007","TENDE_SAPC",44.043167,7.586,636,2000052220,0.,1,"","","","","","","","","","","","","","","","","","","","","","","","","","","","","","","","","","",15.5,1,11.3,1,15.5,1,"","",16.6,1,"","","","","","","","","","","","","","","","","","","","",76,1,"","","","","","","","","","","","",13.4,1,"","","","","","","","","","","","","","","","","","","","","","","","","","","","","","","","","","","","","","","","","","","","","","","","","","","","","","","","","","","","","","","","","","","","","","","","","","","","","","","","","","","","","","","","","","","","","","","","","","","","","","","","","","","","","","","","","","","",""
"06163007","TENDE_SAPC",44.043167,7.586,636,2000052221,0.,1,"","","","","","","","","","","","","","","","","","","","","","","","","","","","","","","","","","",15.,1,11.4,1,15.,1,"","",15.6,1,"","","","","","","","","","","","","","","","","","","","",79,1,"","","","","","","","","","","","",13.4,1,"","","","","","","","","","","","","","","","","","","","","","","","","","","","","","","","","","","","","","","","","","","","","","","","","","","","","","","","","","","","","","","","","","","","","","","","","","","","","","","","","","","","","","","","","","","","","","","","","","","","","","","","","","","","","","","","","","","",""
"06163007","TENDE_SAPC",44.043167,7.586,636,2000052222,0.,1,"","","","","","","","","","","","","","","","","","","","","","","","","","","","","","","","","","",12.8,1,10.3,1,12.8,1,"","",15.,1,"","","","","","","","","","","","","","","","","","","","",85,1,"","","","","","","","","","","","",12.5,1,"","","","","","","","","","","","","","","","","","","","","","","","","","","","","","","","","","","","","","","","","","","","","","","","","","","","","","","","","","","","","","","","","","","","","","","","","","","","","","","","","","","","","","","","","","","","","","","","","","","","","","","","","","","","","","","","","","","",""
"06163007","TENDE_SAPC",44.043167,7.586,636,2000052223,0.,1,"","","","","","","","","","","","","","","","","","","","","","","","","","","","","","","","","","",11.6,1,9.7,1,11.6,1,"","",12.8,1,"","","","","","","","","","","","","","","","","","","","",88,1,"","","","","","","","","","","","",12.,1,"","","","","","","","","","","","","","","","","","","","","","","","","","","","","","","","","","","","","","","","","","","","","","","","","","","","","","","","","","","","","","","","","","","","","","","","","","","","","","","","","","","","","","","","","","","","","","","","","","","","","","","","","","","","","","","","","","","",""
"06163007","TENDE_SAPC",44.043167,7.586,636,2000052300,0.,1,"","","","","","","","","","","","","","","","","","","","","","","","","","","","","","","","","","",10.8,1,8.9,1,10.8,1,"","",11.6,1,"","","","","","","","","","","","","","","","","","","","",88,1,"","","","","","","","","","","","",11.4,1,"","","","","","","","","","","","","","","","","","","","","","","","","","","","","","","","","","","","","","","","","","","","","","","","","","","","","","","","","","","","","","","","","","","","","","","","","","","","","","","","","","","","","","","","","","","","","","","","","","","","","","","","","","","","","","","","","","","",""
"06163007","TENDE_SAPC",44.043167,7.586,636,2000052301,0.,1,"","","","","","","","","","","","","","","","","","","","","","","","","","","","","","","","","","",10.3,1,8.4,1,10.3,1,"","",10.8,1,"","","","","","","","","","","","","","","","","","","","",88,1,"","","","","","","","","","","","",11.,1,"","","","","","","","","","","","","","","","","","","","","","","","","","","","","","","","","","","","","","","","","","","","","","","","","","","","","","","","","","","","","","","","","","","","","","","","","","","","","","","","","","","","","","","","","","","","","","","","","","","","","","","","","","","","","","","","","","","",""
"06163007","TENDE_SAPC",44.043167,7.586,636,2000052302,0.,1,"","","","","","","","","","","","","","","","","","","","","","","","","","","","","","","","","","",9.6,1,7.9,1,9.6,1,"","",10.3,1,"","","","","","","","","","","","","","","","","","","","",89,1,"","","","","","","","","","","","",10.6,1,"","","","","","","","","","","","","","","","","","","","","","","","","","","","","","","","","","","","","","","","","","","","","","","","","","","","","","","","","","","","","","","","","","","","","","","","","","","","","","","","","","","","","","","","","","","","","","","","","","","","","","","","","","","","","","","","","","","",""
"06163007","TENDE_SAPC",44.043167,7.586,636,2000052303,0.,1,"","","","","","","","","","","","","","","","","","","","","","","","","","","","","","","","","","",9.,1,7.4,1,9.,1,"","",9.6,1,"","","","","","","","","","","","","","","","","","","","",90,1,"","","","","","","","","","","","",10.3,1,"","","","","","","","","","","","","","","","","","","","","","","","","","","","","","","","","","","","","","","","","","","","","","","","","","","","","","","","","","","","","","","","","","","","","","","","","","","","","","","","","","","","","","","","","","","","","","","","","","","","","","","","","","","","","","","","","","","",""
"06163007","TENDE_SAPC",44.043167,7.586,636,2000052304,0.,1,"","","","","","","","","","","","","","","","","","","","","","","","","","","","","","","","","","",8.8,1,7.2,1,8.7,1,"","",9.,1,"","","","","","","","","","","","","","","","","","","","",90,1,"","","","","","","","","","","","",10.2,1,"","","","","","","","","","","","","","","","","","","","","","","","","","","","","","","","","","","","","","","","","","","","","","","","","","","","","","","","","","","","","","","","","","","","","","","","","","","","","","","","","","","","","","","","","","","","","","","","","","","","","","","","","","","","","","","","","","","",""
"06163007","TENDE_SAPC",44.043167,7.586,636,2000052305,0.,1,"","","","","","","","","","","","","","","","","","","","","","","","","","","","","","","","","","",9.3,1,7.2,1,8.7,1,"","",9.3,1,"","","","","","","","","","","","","","","","","","","","",87,1,"","","","","","","","","","","","",10.2,1,"","","","","","","","","","","","","","","","","","","","","","","","","","","","","","","","","","","","","","","","","","","","","","","","","","","","","","","","","","","","","","","","","","","","","","","","","","","","","","","","","","","","","","","","","","","","","","","","","","","","","","","","","","","","","","","","","","","",""
"06163007","TENDE_SAPC",44.043167,7.586,636,2000052306,0.,1,"","","","","","","","","","","","","","","","","","","","","","","","","","","","","","","","","","",9.9,1,7.7,1,9.2,1,"","",9.9,1,"","","","","","","","","","","","","","","","","","","","",86,1,"","","","","","","","","","","","",10.5,1,"","","","","","","","","","","","","","","","","","","","","","","","","","","","","","","","","","","","","","","","","","","","","","","","","","","","","","","","","","","","","","","","","","","","","","","","","","","","","","","","","","","","","","","","","","","","","","","","","","","","","","","","","","","","","","","","","","","",""
"06163007","TENDE_SAPC",44.043167,7.586,636,2000052307,0.,1,"","","","","","","","","","","","","","","","","","","","","","","","","","","","","","","","","","",12.9,1,8.2,1,9.9,1,"","",12.9,1,"","","","","","","","","","","","","","","","","","","","",73,1,"","","","","","","","","","","","",10.8,1,"","","","","","","","","","","","","","","","","","","","","","","","","","","","","","","","","","","","","","","","","","","","","","","","","","","","","","","","","","","","","","","","","","","","","","","","","","","","","","","","","","","","","","","","","","","","","","","","","","","","","","","","","","","","","","","","","","","",""
"06163007","TENDE_SAPC",44.043167,7.586,636,2000052308,0.,1,"","","","","","","","","","","","","","","","","","","","","","","","","","","","","","","","","","",16.6,1,8.3,1,13.,1,"","",16.6,1,"","","","","","","","","","","","","","","","","","","","",58,1,"","","","","","","","","","","","",10.9,1,"","","","","","","","","","","","","","","","","","","","","","","","","","","","","","","","","","","","","","","","","","","","","","","","","","","","","","","","","","","","","","","","","","","","","","","","","","","","","","","","","","","","","","","","","","","","","","","","","","","","","","","","","","","","","","","","","","","",""
"06163007","TENDE_SAPC",44.043167,7.586,636,2000052309,0.,1,"","","","","","","","","","","","","","","","","","","","","","","","","","","","","","","","","","",18.5,1,9.3,1,16.6,1,"","",18.5,1,"","","","","","","","","","","","","","","","","","","","",55,1,"","","","","","","","","","","","",11.7,1,"","","","","","","","","","","","","","","","","","","","","","","","","","","","","","","","","","","","","","","","","","","","","","","","","","","","","","","","","","","","","","","","","","","","","","","","","","","","","","","","","","","","","","","","","","","","","","","","","","","","","","","","","","","","","","","","","","","",""
"06163007","TENDE_SAPC",44.043167,7.586,636,2000052310,0.,1,"","","","","","","","","","","","","","","","","","","","","","","","","","","","","","","","","","",19.7,1,9.6,1,18.6,1,"","",19.7,1,"","","","","","","","","","","","","","","","","","","","",52,1,"","","","","","","","","","","","",11.9,1,"","","","","","","","","","","","","","","","","","","","","","","","","","","","","","","","","","","","","","","","","","","","","","","","","","","","","","","","","","","","","","","","","","","","","","","","","","","","","","","","","","","","","","","","","","","","","","","","","","","","","","","","","","","","","","","","","","","",""
"06163007","TENDE_SAPC",44.043167,7.586,636,2000052311,0.,1,"","","","","","","","","","","","","","","","","","","","","","","","","","","","","","","","","","",21.5,1,10.3,1,19.7,1,"","",21.6,1,"","","","","","","","","","","","","","","","","","","","",49,1,"","","","","","","","","","","","",12.5,1,"","","","","","","","","","","","","","","","","","","","","","","","","","","","","","","","","","","","","","","","","","","","","","","","","","","","","","","","","","","","","","","","","","","","","","","","","","","","","","","","","","","","","","","","","","","","","","","","","","","","","","","","","","","","","","","","","","","",""
"06163007","TENDE_SAPC",44.043167,7.586,636,2000052312,0.,1,"","","","","","","","","","","","","","","","","","","","","","","","","","","","","","","","","","",22.2,1,11.3,1,21.5,1,"","",22.2,1,"","","","","","","","","","","","","","","","","","","","",50,1,"","","","","","","","","","","","",13.3,1,"","","","","","","","","","","","","","","","","","","","","","","","","","","","","","","","","","","","","","","","","","","","","","","","","","","","","","","","","","","","","","","","","","","","","","","","","","","","","","","","","","","","","","","","","","","","","","","","","","","","","","","","","","","","","","","","","","","",""
"06163007","TENDE_SAPC",44.043167,7.586,636,2000052313,0.,1,"","","","","","","","","","","","","","","","","","","","","","","","","","","","","","","","","","",20.2,1,12.2,1,20.2,1,"","",22.1,1,"","","","","","","","","","","","","","","","","","","","",60,1,"","","","","","","","","","","","",14.2,1,"","","","","","","","","","","","","","","","","","","","","","","","","","","","","","","","","","","","","","","","","","","","","","","","","","","","","","","","","","","","","","","","","","","","","","","","","","","","","","","","","","","","","","","","","","","","","","","","","","","","","","","","","","","","","","","","","","","",""
"06163007","TENDE_SAPC",44.043167,7.586,636,2000052314,0.,1,"","","","","","","","","","","","","","","","","","","","","","","","","","","","","","","","","","",18.7,1,12.2,1,18.7,1,"","",20.,1,"","","","","","","","","","","","","","","","","","","","",66,1,"","","","","","","","","","","","",14.2,1,"","","","","","","","","","","","","","","","","","","","","","","","","","","","","","","","","","","","","","","","","","","","","","","","","","","","","","","","","","","","","","","","","","","","","","","","","","","","","","","","","","","","","","","","","","","","","","","","","","","","","","","","","","","","","","","","","","","",""
"06163007","TENDE_SAPC",44.043167,7.586,636,2000052315,0.,1,"","","","","","","","","","","","","","","","","","","","","","","","","","","","","","","","","","",18.3,1,12.3,1,18.3,1,"","",18.7,1,"","","","","","","","","","","","","","","","","","","","",68,1,"","","","","","","","","","","","",14.3,1,"","","","","","","","","","","","","","","","","","","","","","","","","","","","","","","","","","","","","","","","","","","","","","","","","","","","","","","","","","","","","","","","","","","","","","","","","","","","","","","","","","","","","","","","","","","","","","","","","","","","","","","","","","","","","","","","","","","",""
"06163007","TENDE_SAPC",44.043167,7.586,636,2000052316,0.,1,"","","","","","","","","","","","","","","","","","","","","","","","","","","","","","","","","","",17.9,1,12.6,1,17.9,1,"","",18.3,1,"","","","","","","","","","","","","","","","","","","","",71,1,"","","","","","","","","","","","",14.5,1,"","","","","","","","","","","","","","","","","","","","","","","","","","","","","","","","","","","","","","","","","","","","","","","","","","","","","","","","","","","","","","","","","","","","","","","","","","","","","","","","","","","","","","","","","","","","","","","","","","","","","","","","","","","","","","","","","","","",""
"06163007","TENDE_SAPC",44.043167,7.586,636,2000052317,0.,1,"","","","","","","","","","","","","","","","","","","","","","","","","","","","","","","","","","",17.9,1,12.3,1,17.9,1,"","",18.1,1,"","","","","","","","","","","","","","","","","","","","",70,1,"","","","","","","","","","","","",14.3,1,"","","","","","","","","","","","","","","","","","","","","","","","","","","","","","","","","","","","","","","","","","","","","","","","","","","","","","","","","","","","","","","","","","","","","","","","","","","","","","","","","","","","","","","","","","","","","","","","","","","","","","","","","","","","","","","","","","","",""
"06163007","TENDE_SAPC",44.043167,7.586,636,2000052318,0.,1,"","","","","","","","","","","","","","","","","","","","","","","","","","","","","","","","","","",17.5,1,12.2,1,17.5,1,"","",17.9,1,"","","","","","","","","","","","","","","","","","","","",71,1,"","","","","","","","","","","","",14.2,1,"","","","","","","","","","","","","","","","","","","","","","","","","","","","","","","","","","","","","","","","","","","","","","","","","","","","","","","","","","","","","","","","","","","","","","","","","","","","","","","","","","","","","","","","","","","","","","","","","","","","","","","","","","","","","","","","","","","",""
"06163007","TENDE_SAPC",44.043167,7.586,636,2000052319,0.,1,"","","","","","","","","","","","","","","","","","","","","","","","","","","","","","","","","","",16.6,1,12.3,1,16.6,1,"","",17.5,1,"","","","","","","","","","","","","","","","","","","","",76,1,"","","","","","","","","","","","",14.3,1,"","","","","","","","","","","","","","","","","","","","","","","","","","","","","","","","","","","","","","","","","","","","","","","","","","","","","","","","","","","","","","","","","","","","","","","","","","","","","","","","","","","","","","","","","","","","","","","","","","","","","","","","","","","","","","","","","","","",""
"06163007","TENDE_SAPC",44.043167,7.586,636,2000052320,0.,1,"","","","","","","","","","","","","","","","","","","","","","","","","","","","","","","","","","",15.6,1,12.3,1,15.6,1,"","",16.6,1,"","","","","","","","","","","","","","","","","","","","",81,1,"","","","","","","","","","","","",14.3,1,"","","","","","","","","","","","","","","","","","","","","","","","","","","","","","","","","","","","","","","","","","","","","","","","","","","","","","","","","","","","","","","","","","","","","","","","","","","","","","","","","","","","","","","","","","","","","","","","","","","","","","","","","","","","","","","","","","","",""
"06163007","TENDE_SAPC",44.043167,7.586,636,2000052321,0.,1,"","","","","","","","","","","","","","","","","","","","","","","","","","","","","","","","","","",15.2,1,12.3,1,15.2,1,"","",15.6,1,"","","","","","","","","","","","","","","","","","","","",83,1,"","","","","","","","","","","","",14.3,1,"","","","","","","","","","","","","","","","","","","","","","","","","","","","","","","","","","","","","","","","","","","","","","","","","","","","","","","","","","","","","","","","","","","","","","","","","","","","","","","","","","","","","","","","","","","","","","","","","","","","","","","","","","","","","","","","","","","",""
"06163007","TENDE_SAPC",44.043167,7.586,636,2000052322,0.,1,"","","","","","","","","","","","","","","","","","","","","","","","","","","","","","","","","","",14.9,1,11.7,1,14.9,1,"","",15.2,1,"","","","","","","","","","","","","","","","","","","","",81,1,"","","","","","","","","","","","",13.7,1,"","","","","","","","","","","","","","","","","","","","","","","","","","","","","","","","","","","","","","","","","","","","","","","","","","","","","","","","","","","","","","","","","","","","","","","","","","","","","","","","","","","","","","","","","","","","","","","","","","","","","","","","","","","","","","","","","","","",""
"06163007","TENDE_SAPC",44.043167,7.586,636,2000052323,0.,1,"","","","","","","","","","","","","","","","","","","","","","","","","","","","","","","","","","",13.8,1,11.,1,13.8,1,"","",14.9,1,"","","","","","","","","","","","","","","","","","","","",83,1,"","","","","","","","","","","","",13.1,1,"","","","","","","","","","","","","","","","","","","","","","","","","","","","","","","","","","","","","","","","","","","","","","","","","","","","","","","","","","","","","","","","","","","","","","","","","","","","","","","","","","","","","","","","","","","","","","","","","","","","","","","","","","","","","","","","","","","",""
"06163007","TENDE_SAPC",44.043167,7.586,636,2000052400,0.,1,"","","","","","","","","","","","","","","","","","","","","","","","","","","","","","","","","","",11.9,1,9.6,1,11.9,1,"","",13.7,1,"","","","","","","","","","","","","","","","","","","","",86,1,"","","","","","","","","","","","",12.,1,"","","","","","","","","","","","","","","","","","","","","","","","","","","","","","","","","","","","","","","","","","","","","","","","","","","","","","","","","","","","","","","","","","","","","","","","","","","","","","","","","","","","","","","","","","","","","","","","","","","","","","","","","","","","","","","","","","","",""
"06163007","TENDE_SAPC",44.043167,7.586,636,2000052401,0.,1,"","","","","","","","","","","","","","","","","","","","","","","","","","","","","","","","","","",10.6,1,8.5,1,10.6,1,"","",11.9,1,"","","","","","","","","","","","","","","","","","","","",87,1,"","","","","","","","","","","","",11.1,1,"","","","","","","","","","","","","","","","","","","","","","","","","","","","","","","","","","","","","","","","","","","","","","","","","","","","","","","","","","","","","","","","","","","","","","","","","","","","","","","","","","","","","","","","","","","","","","","","","","","","","","","","","","","","","","","","","","","",""
"06163007","TENDE_SAPC",44.043167,7.586,636,2000052402,0.,1,"","","","","","","","","","","","","","","","","","","","","","","","","","","","","","","","","","",10.,1,7.9,1,10.,1,"","",10.6,1,"","","","","","","","","","","","","","","","","","","","",87,1,"","","","","","","","","","","","",10.7,1,"","","","","","","","","","","","","","","","","","","","","","","","","","","","","","","","","","","","","","","","","","","","","","","","","","","","","","","","","","","","","","","","","","","","","","","","","","","","","","","","","","","","","","","","","","","","","","","","","","","","","","","","","","","","","","","","","","","",""
"06163007","TENDE_SAPC",44.043167,7.586,636,2000052403,0.,1,"","","","","","","","","","","","","","","","","","","","","","","","","","","","","","","","","","",9.7,1,7.1,1,9.7,1,"","",10.,1,"","","","","","","","","","","","","","","","","","","","",84,1,"","","","","","","","","","","","",10.1,1,"","","","","","","","","","","","","","","","","","","","","","","","","","","","","","","","","","","","","","","","","","","","","","","","","","","","","","","","","","","","","","","","","","","","","","","","","","","","","","","","","","","","","","","","","","","","","","","","","","","","","","","","","","","","","","","","","","","",""
"06163007","TENDE_SAPC",44.043167,7.586,636,2000052404,0.,1,"","","","","","","","","","","","","","","","","","","","","","","","","","","","","","","","","","",9.4,1,6.5,1,9.4,1,"","",9.7,1,"","","","","","","","","","","","","","","","","","","","",82,1,"","","","","","","","","","","","",9.7,1,"","","","","","","","","","","","","","","","","","","","","","","","","","","","","","","","","","","","","","","","","","","","","","","","","","","","","","","","","","","","","","","","","","","","","","","","","","","","","","","","","","","","","","","","","","","","","","","","","","","","","","","","","","","","","","","","","","","",""
"06163007","TENDE_SAPC",44.043167,7.586,636,2000052405,0.,1,"","","","","","","","","","","","","","","","","","","","","","","","","","","","","","","","","","",9.7,1,6.,1,9.3,1,"","",9.8,1,"","","","","","","","","","","","","","","","","","","","",78,1,"","","","","","","","","","","","",9.4,1,"","","","","","","","","","","","","","","","","","","","","","","","","","","","","","","","","","","","","","","","","","","","","","","","","","","","","","","","","","","","","","","","","","","","","","","","","","","","","","","","","","","","","","","","","","","","","","","","","","","","","","","","","","","","","","","","","","","",""
"06163007","TENDE_SAPC",44.043167,7.586,636,2000052406,0.,1,"","","","","","","","","","","","","","","","","","","","","","","","","","","","","","","","","","",10.3,1,7.2,1,9.7,1,"","",10.3,1,"","","","","","","","","","","","","","","","","","","","",81,1,"","","","","","","","","","","","",10.1,1,"","","","","","","","","","","","","","","","","","","","","","","","","","","","","","","","","","","","","","","","","","","","","","","","","","","","","","","","","","","","","","","","","","","","","","","","","","","","","","","","","","","","","","","","","","","","","","","","","","","","","","","","","","","","","","","","","","","",""
"06163007","TENDE_SAPC",44.043167,7.586,636,2000052407,0.,1,"","","","","","","","","","","","","","","","","","","","","","","","","","","","","","","","","","",12.6,1,7.1,1,10.4,1,"","",12.6,1,"","","","","","","","","","","","","","","","","","","","",69,1,"","","","","","","","","","","","",10.,1,"","","","","","","","","","","","","","","","","","","","","","","","","","","","","","","","","","","","","","","","","","","","","","","","","","","","","","","","","","","","","","","","","","","","","","","","","","","","","","","","","","","","","","","","","","","","","","","","","","","","","","","","","","","","","","","","","","","",""
"06163007","TENDE_SAPC",44.043167,7.586,636,2000052408,0.,1,"","","","","","","","","","","","","","","","","","","","","","","","","","","","","","","","","","",17.6,1,8.2,1,12.7,1,"","",17.6,1,"","","","","","","","","","","","","","","","","","","","",54,1,"","","","","","","","","","","","",10.8,1,"","","","","","","","","","","","","","","","","","","","","","","","","","","","","","","","","","","","","","","","","","","","","","","","","","","","","","","","","","","","","","","","","","","","","","","","","","","","","","","","","","","","","","","","","","","","","","","","","","","","","","","","","","","","","","","","","","","",""
"06163007","TENDE_SAPC",44.043167,7.586,636,2000052409,0.,1,"","","","","","","","","","","","","","","","","","","","","","","","","","","","","","","","","","",20.2,1,7.2,1,17.6,1,"","",20.2,1,"","","","","","","","","","","","","","","","","","","","",43,1,"","","","","","","","","","","","",10.2,1,"","","","","","","","","","","","","","","","","","","","","","","","","","","","","","","","","","","","","","","","","","","","","","","","","","","","","","","","","","","","","","","","","","","","","","","","","","","","","","","","","","","","","","","","","","","","","","","","","","","","","","","","","","","","","","","","","","","",""
"06163007","TENDE_SAPC",44.043167,7.586,636,2000052410,0.,1,"","","","","","","","","","","","","","","","","","","","","","","","","","","","","","","","","","",20.9,1,7.8,1,19.9,1,"","",21.2,1,"","","","","","","","","","","","","","","","","","","","",43,1,"","","","","","","","","","","","",10.6,1,"","","","","","","","","","","","","","","","","","","","","","","","","","","","","","","","","","","","","","","","","","","","","","","","","","","","","","","","","","","","","","","","","","","","","","","","","","","","","","","","","","","","","","","","","","","","","","","","","","","","","","","","","","","","","","","","","","","",""
"06163007","TENDE_SAPC",44.043167,7.586,636,2000052411,0.,1,"","","","","","","","","","","","","","","","","","","","","","","","","","","","","","","","","","",21.9,1,8.4,1,20.8,1,"","",22.4,1,"","","","","","","","","","","","","","","","","","","","",42,1,"","","","","","","","","","","","",11.,1,"","","","","","","","","","","","","","","","","","","","","","","","","","","","","","","","","","","","","","","","","","","","","","","","","","","","","","","","","","","","","","","","","","","","","","","","","","","","","","","","","","","","","","","","","","","","","","","","","","","","","","","","","","","","","","","","","","","",""
"06163007","TENDE_SAPC",44.043167,7.586,636,2000052412,0.,1,"","","","","","","","","","","","","","","","","","","","","","","","","","","","","","","","","","",21.1,1,9.7,1,21.,1,"","",22.,1,"","","","","","","","","","","","","","","","","","","","",48,1,"","","","","","","","","","","","",12.,1,"","","","","","","","","","","","","","","","","","","","","","","","","","","","","","","","","","","","","","","","","","","","","","","","","","","","","","","","","","","","","","","","","","","","","","","","","","","","","","","","","","","","","","","","","","","","","","","","","","","","","","","","","","","","","","","","","","","",""
"06163007","TENDE_SAPC",44.043167,7.586,636,2000052413,0.,1,"","","","","","","","","","","","","","","","","","","","","","","","","","","","","","","","","","",20.6,1,9.8,1,20.2,1,"","",21.1,1,"","","","","","","","","","","","","","","","","","","","",50,1,"","","","","","","","","","","","",12.1,1,"","","","","","","","","","","","","","","","","","","","","","","","","","","","","","","","","","","","","","","","","","","","","","","","","","","","","","","","","","","","","","","","","","","","","","","","","","","","","","","","","","","","","","","","","","","","","","","","","","","","","","","","","","","","","","","","","","","",""
"06163007","TENDE_SAPC",44.043167,7.586,636,2000052414,0.,1,"","","","","","","","","","","","","","","","","","","","","","","","","","","","","","","","","","",21.4,1,9.6,1,20.5,1,"","",21.4,1,"","","","","","","","","","","","","","","","","","","","",47,1,"","","","","","","","","","","","",11.9,1,"","","","","","","","","","","","","","","","","","","","","","","","","","","","","","","","","","","","","","","","","","","","","","","","","","","","","","","","","","","","","","","","","","","","","","","","","","","","","","","","","","","","","","","","","","","","","","","","","","","","","","","","","","","","","","","","","","","",""
"06163007","TENDE_SAPC",44.043167,7.586,636,2000052415,0.,1,"","","","","","","","","","","","","","","","","","","","","","","","","","","","","","","","","","",19.6,1,9.8,1,19.6,1,"","",21.3,1,"","","","","","","","","","","","","","","","","","","","",53,1,"","","","","","","","","","","","",12.1,1,"","","","","","","","","","","","","","","","","","","","","","","","","","","","","","","","","","","","","","","","","","","","","","","","","","","","","","","","","","","","","","","","","","","","","","","","","","","","","","","","","","","","","","","","","","","","","","","","","","","","","","","","","","","","","","","","","","","",""
"06163007","TENDE_SAPC",44.043167,7.586,636,2000052416,0.,1,"","","","","","","","","","","","","","","","","","","","","","","","","","","","","","","","","","",19.5,1,9.9,1,19.5,1,"","",19.7,1,"","","","","","","","","","","","","","","","","","","","",54,1,"","","","","","","","","","","","",12.2,1,"","","","","","","","","","","","","","","","","","","","","","","","","","","","","","","","","","","","","","","","","","","","","","","","","","","","","","","","","","","","","","","","","","","","","","","","","","","","","","","","","","","","","","","","","","","","","","","","","","","","","","","","","","","","","","","","","","","",""
"06163007","TENDE_SAPC",44.043167,7.586,636,2000052417,0.,1,"","","","","","","","","","","","","","","","","","","","","","","","","","","","","","","","","","",19.4,1,10.1,1,19.4,1,"","",19.6,1,"","","","","","","","","","","","","","","","","","","","",55,1,"","","","","","","","","","","","",12.4,1,"","","","","","","","","","","","","","","","","","","","","","","","","","","","","","","","","","","","","","","","","","","","","","","","","","","","","","","","","","","","","","","","","","","","","","","","","","","","","","","","","","","","","","","","","","","","","","","","","","","","","","","","","","","","","","","","","","","",""
"06163007","TENDE_SAPC",44.043167,7.586,636,2000052418,0.,1,"","","","","","","","","","","","","","","","","","","","","","","","","","","","","","","","","","",18.3,1,11.1,1,18.3,1,"","",19.4,1,"","","","","","","","","","","","","","","","","","","","",63,1,"","","","","","","","","","","","",13.2,1,"","","","","","","","","","","","","","","","","","","","","","","","","","","","","","","","","","","","","","","","","","","","","","","","","","","","","","","","","","","","","","","","","","","","","","","","","","","","","","","","","","","","","","","","","","","","","","","","","","","","","","","","","","","","","","","","","","","",""
"06163007","TENDE_SAPC",44.043167,7.586,636,2000052419,0.,1,"","","","","","","","","","","","","","","","","","","","","","","","","","","","","","","","","","",16.2,1,10.5,1,16.2,1,"","",18.3,1,"","","","","","","","","","","","","","","","","","","","",69,1,"","","","","","","","","","","","",12.7,1,"","","","","","","","","","","","","","","","","","","","","","","","","","","","","","","","","","","","","","","","","","","","","","","","","","","","","","","","","","","","","","","","","","","","","","","","","","","","","","","","","","","","","","","","","","","","","","","","","","","","","","","","","","","","","","","","","","","",""
"06163007","TENDE_SAPC",44.043167,7.586,636,2000052420,0.,1,"","","","","","","","","","","","","","","","","","","","","","","","","","","","","","","","","","",14.5,1,10.5,1,14.5,1,"","",16.1,1,"","","","","","","","","","","","","","","","","","","","",77,1,"","","","","","","","","","","","",12.7,1,"","","","","","","","","","","","","","","","","","","","","","","","","","","","","","","","","","","","","","","","","","","","","","","","","","","","","","","","","","","","","","","","","","","","","","","","","","","","","","","","","","","","","","","","","","","","","","","","","","","","","","","","","","","","","","","","","","","",""
"06163007","TENDE_SAPC",44.043167,7.586,636,2000052421,0.,1,"","","","","","","","","","","","","","","","","","","","","","","","","","","","","","","","","","",13.1,1,9.2,1,13.1,1,"","",14.5,1,"","","","","","","","","","","","","","","","","","","","",77,1,"","","","","","","","","","","","",11.6,1,"","","","","","","","","","","","","","","","","","","","","","","","","","","","","","","","","","","","","","","","","","","","","","","","","","","","","","","","","","","","","","","","","","","","","","","","","","","","","","","","","","","","","","","","","","","","","","","","","","","","","","","","","","","","","","","","","","","",""
"06163007","TENDE_SAPC",44.043167,7.586,636,2000052422,0.,1,"","","","","","","","","","","","","","","","","","","","","","","","","","","","","","","","","","",12.3,1,8.6,1,12.3,1,"","",13.1,1,"","","","","","","","","","","","","","","","","","","","",78,1,"","","","","","","","","","","","",11.1,1,"","","","","","","","","","","","","","","","","","","","","","","","","","","","","","","","","","","","","","","","","","","","","","","","","","","","","","","","","","","","","","","","","","","","","","","","","","","","","","","","","","","","","","","","","","","","","","","","","","","","","","","","","","","","","","","","","","","",""
"06163007","TENDE_SAPC",44.043167,7.586,636,2000052423,0.,1,"","","","","","","","","","","","","","","","","","","","","","","","","","","","","","","","","","",11.5,1,8.,1,11.5,1,"","",12.2,1,"","","","","","","","","","","","","","","","","","","","",79,1,"","","","","","","","","","","","",10.7,1,"","","","","","","","","","","","","","","","","","","","","","","","","","","","","","","","","","","","","","","","","","","","","","","","","","","","","","","","","","","","","","","","","","","","","","","","","","","","","","","","","","","","","","","","","","","","","","","","","","","","","","","","","","","","","","","","","","","",""
"06163007","TENDE_SAPC",44.043167,7.586,636,2000052500,0.,1,"","","","","","","","","","","","","","","","","","","","","","","","","","","","","","","","","","",10.9,1,7.6,1,10.9,1,"","",11.6,1,"","","","","","","","","","","","","","","","","","","","",80,1,"","","","","","","","","","","","",10.4,1,"","","","","","","","","","","","","","","","","","","","","","","","","","","","","","","","","","","","","","","","","","","","","","","","","","","","","","","","","","","","","","","","","","","","","","","","","","","","","","","","","","","","","","","","","","","","","","","","","","","","","","","","","","","","","","","","","","","",""
"06163007","TENDE_SAPC",44.043167,7.586,636,2000052501,0.,1,"","","","","","","","","","","","","","","","","","","","","","","","","","","","","","","","","","",10.3,1,7.,1,10.3,1,"","",10.9,1,"","","","","","","","","","","","","","","","","","","","",80,1,"","","","","","","","","","","","",10.,1,"","","","","","","","","","","","","","","","","","","","","","","","","","","","","","","","","","","","","","","","","","","","","","","","","","","","","","","","","","","","","","","","","","","","","","","","","","","","","","","","","","","","","","","","","","","","","","","","","","","","","","","","","","","","","","","","","","","",""
"06163007","TENDE_SAPC",44.043167,7.586,636,2000052502,0.,1,"","","","","","","","","","","","","","","","","","","","","","","","","","","","","","","","","","",9.8,1,6.5,1,9.8,1,"","",10.3,1,"","","","","","","","","","","","","","","","","","","","",80,1,"","","","","","","","","","","","",9.7,1,"","","","","","","","","","","","","","","","","","","","","","","","","","","","","","","","","","","","","","","","","","","","","","","","","","","","","","","","","","","","","","","","","","","","","","","","","","","","","","","","","","","","","","","","","","","","","","","","","","","","","","","","","","","","","","","","","","","",""
"06163007","TENDE_SAPC",44.043167,7.586,636,2000052503,0.,1,"","","","","","","","","","","","","","","","","","","","","","","","","","","","","","","","","","",9.2,1,6.1,1,9.2,1,"","",9.9,1,"","","","","","","","","","","","","","","","","","","","",81,1,"","","","","","","","","","","","",9.4,1,"","","","","","","","","","","","","","","","","","","","","","","","","","","","","","","","","","","","","","","","","","","","","","","","","","","","","","","","","","","","","","","","","","","","","","","","","","","","","","","","","","","","","","","","","","","","","","","","","","","","","","","","","","","","","","","","","","","",""
"06163007","TENDE_SAPC",44.043167,7.586,636,2000052504,0.,1,"","","","","","","","","","","","","","","","","","","","","","","","","","","","","","","","","","",8.7,1,5.8,1,8.7,1,"","",9.2,1,"","","","","","","","","","","","","","","","","","","","",82,1,"","","","","","","","","","","","",9.2,1,"","","","","","","","","","","","","","","","","","","","","","","","","","","","","","","","","","","","","","","","","","","","","","","","","","","","","","","","","","","","","","","","","","","","","","","","","","","","","","","","","","","","","","","","","","","","","","","","","","","","","","","","","","","","","","","","","","","",""
"06163007","TENDE_SAPC",44.043167,7.586,636,2000052505,0.,1,"","","","","","","","","","","","","","","","","","","","","","","","","","","","","","","","","","",9.1,1,5.5,1,8.6,1,"","",9.1,1,"","","","","","","","","","","","","","","","","","","","",78,1,"","","","","","","","","","","","",9.,1,"","","","","","","","","","","","","","","","","","","","","","","","","","","","","","","","","","","","","","","","","","","","","","","","","","","","","","","","","","","","","","","","","","","","","","","","","","","","","","","","","","","","","","","","","","","","","","","","","","","","","","","","","","","","","","","","","","","",""
"06163007","TENDE_SAPC",44.043167,7.586,636,2000052506,0.,1,"","","","","","","","","","","","","","","","","","","","","","","","","","","","","","","","","","",9.6,1,6.5,1,9.,1,"","",9.6,1,"","","","","","","","","","","","","","","","","","","","",81,1,"","","","","","","","","","","","",9.7,1,"","","","","","","","","","","","","","","","","","","","","","","","","","","","","","","","","","","","","","","","","","","","","","","","","","","","","","","","","","","","","","","","","","","","","","","","","","","","","","","","","","","","","","","","","","","","","","","","","","","","","","","","","","","","","","","","","","","",""
"06163007","TENDE_SAPC",44.043167,7.586,636,2000052507,0.,1,"","","","","","","","","","","","","","","","","","","","","","","","","","","","","","","","","","",12.5,1,6.5,1,9.6,1,"","",12.5,1,"","","","","","","","","","","","","","","","","","","","",67,1,"","","","","","","","","","","","",9.7,1,"","","","","","","","","","","","","","","","","","","","","","","","","","","","","","","","","","","","","","","","","","","","","","","","","","","","","","","","","","","","","","","","","","","","","","","","","","","","","","","","","","","","","","","","","","","","","","","","","","","","","","","","","","","","","","","","","","","",""
"06163007","TENDE_SAPC",44.043167,7.586,636,2000052508,0.,1,"","","","","","","","","","","","","","","","","","","","","","","","","","","","","","","","","","",18.1,1,8.6,1,12.6,1,"","",18.1,1,"","","","","","","","","","","","","","","","","","","","",54,1,"","","","","","","","","","","","",11.2,1,"","","","","","","","","","","","","","","","","","","","","","","","","","","","","","","","","","","","","","","","","","","","","","","","","","","","","","","","","","","","","","","","","","","","","","","","","","","","","","","","","","","","","","","","","","","","","","","","","","","","","","","","","","","","","","","","","","","",""
"06163007","TENDE_SAPC",44.043167,7.586,636,2000052509,0.,1,"","","","","","","","","","","","","","","","","","","","","","","","","","","","","","","","","","",20.6,1,6.9,1,18.2,1,"","",20.6,1,"","","","","","","","","","","","","","","","","","","","",41,1,"","","","","","","","","","","","",9.9,1,"","","","","","","","","","","","","","","","","","","","","","","","","","","","","","","","","","","","","","","","","","","","","","","","","","","","","","","","","","","","","","","","","","","","","","","","","","","","","","","","","","","","","","","","","","","","","","","","","","","","","","","","","","","","","","","","","","","",""
"06163007","TENDE_SAPC",44.043167,7.586,636,2000052510,0.,1,"","","","","","","","","","","","","","","","","","","","","","","","","","","","","","","","","","",22.,1,7.4,1,20.6,1,"","",22.,1,"","","","","","","","","","","","","","","","","","","","",39,1,"","","","","","","","","","","","",10.3,1,"","","","","","","","","","","","","","","","","","","","","","","","","","","","","","","","","","","","","","","","","","","","","","","","","","","","","","","","","","","","","","","","","","","","","","","","","","","","","","","","","","","","","","","","","","","","","","","","","","","","","","","","","","","","","","","","","","","",""
"06163007","TENDE_SAPC",44.043167,7.586,636,2000052511,0.,1,"","","","","","","","","","","","","","","","","","","","","","","","","","","","","","","","","","",22.5,1,8.6,1,22.,1,"","",22.6,1,"","","","","","","","","","","","","","","","","","","","",41,1,"","","","","","","","","","","","",11.1,1,"","","","","","","","","","","","","","","","","","","","","","","","","","","","","","","","","","","","","","","","","","","","","","","","","","","","","","","","","","","","","","","","","","","","","","","","","","","","","","","","","","","","","","","","","","","","","","","","","","","","","","","","","","","","","","","","","","","",""
"06163007","TENDE_SAPC",44.043167,7.586,636,2000052512,0.,1,"","","","","","","","","","","","","","","","","","","","","","","","","","","","","","","","","","",22.8,1,9.2,1,22.6,1,"","",23.,1,"","","","","","","","","","","","","","","","","","","","",42,1,"","","","","","","","","","","","",11.6,1,"","","","","","","","","","","","","","","","","","","","","","","","","","","","","","","","","","","","","","","","","","","","","","","","","","","","","","","","","","","","","","","","","","","","","","","","","","","","","","","","","","","","","","","","","","","","","","","","","","","","","","","","","","","","","","","","","","","",""
"06163007","TENDE_SAPC",44.043167,7.586,636,2000052513,0.,1,"","","","","","","","","","","","","","","","","","","","","","","","","","","","","","","","","","",22.9,1,10.,1,22.7,1,"","",23.1,1,"","","","","","","","","","","","","","","","","","","","",44,1,"","","","","","","","","","","","",12.3,1,"","","","","","","","","","","","","","","","","","","","","","","","","","","","","","","","","","","","","","","","","","","","","","","","","","","","","","","","","","","","","","","","","","","","","","","","","","","","","","","","","","","","","","","","","","","","","","","","","","","","","","","","","","","","","","","","","","","",""
"06163007","TENDE_SAPC",44.043167,7.586,636,2000052514,0.,1,"","","","","","","","","","","","","","","","","","","","","","","","","","","","","","","","","","",23.,1,9.7,1,22.9,1,"","",23.2,1,"","","","","","","","","","","","","","","","","","","","",43,1,"","","","","","","","","","","","",12.1,1,"","","","","","","","","","","","","","","","","","","","","","","","","","","","","","","","","","","","","","","","","","","","","","","","","","","","","","","","","","","","","","","","","","","","","","","","","","","","","","","","","","","","","","","","","","","","","","","","","","","","","","","","","","","","","","","","","","","",""
"06163007","TENDE_SAPC",44.043167,7.586,636,2000052515,0.,1,"","","","","","","","","","","","","","","","","","","","","","","","","","","","","","","","","","",22.2,1,9.4,1,22.2,1,"","",22.9,1,"","","","","","","","","","","","","","","","","","","","",44,1,"","","","","","","","","","","","",11.7,1,"","","","","","","","","","","","","","","","","","","","","","","","","","","","","","","","","","","","","","","","","","","","","","","","","","","","","","","","","","","","","","","","","","","","","","","","","","","","","","","","","","","","","","","","","","","","","","","","","","","","","","","","","","","","","","","","","","","",""
"06163007","TENDE_SAPC",44.043167,7.586,636,2000052516,0.,1,"","","","","","","","","","","","","","","","","","","","","","","","","","","","","","","","","","",20.6,1,9.8,1,20.6,1,"","",22.2,1,"","","","","","","","","","","","","","","","","","","","",50,1,"","","","","","","","","","","","",12.1,1,"","","","","","","","","","","","","","","","","","","","","","","","","","","","","","","","","","","","","","","","","","","","","","","","","","","","","","","","","","","","","","","","","","","","","","","","","","","","","","","","","","","","","","","","","","","","","","","","","","","","","","","","","","","","","","","","","","","",""
"06163007","TENDE_SAPC",44.043167,7.586,636,2000052517,0.,1,"","","","","","","","","","","","","","","","","","","","","","","","","","","","","","","","","","",20.,1,9.,1,20.,1,"","",20.6,1,"","","","","","","","","","","","","","","","","","","","",49,1,"","","","","","","","","","","","",11.4,1,"","","","","","","","","","","","","","","","","","","","","","","","","","","","","","","","","","","","","","","","","","","","","","","","","","","","","","","","","","","","","","","","","","","","","","","","","","","","","","","","","","","","","","","","","","","","","","","","","","","","","","","","","","","","","","","","","","","",""
"06163007","TENDE_SAPC",44.043167,7.586,636,2000052518,0.,1,"","","","","","","","","","","","","","","","","","","","","","","","","","","","","","","","","","",19.4,1,8.7,1,19.4,1,"","",20.,1,"","","","","","","","","","","","","","","","","","","","",50,1,"","","","","","","","","","","","",11.2,1,"","","","","","","","","","","","","","","","","","","","","","","","","","","","","","","","","","","","","","","","","","","","","","","","","","","","","","","","","","","","","","","","","","","","","","","","","","","","","","","","","","","","","","","","","","","","","","","","","","","","","","","","","","","","","","","","","","","",""
"06163007","TENDE_SAPC",44.043167,7.586,636,2000052519,0.,1,"","","","","","","","","","","","","","","","","","","","","","","","","","","","","","","","","","",17.7,1,9.1,1,17.7,1,"","",19.4,1,"","","","","","","","","","","","","","","","","","","","",57,1,"","","","","","","","","","","","",11.5,1,"","","","","","","","","","","","","","","","","","","","","","","","","","","","","","","","","","","","","","","","","","","","","","","","","","","","","","","","","","","","","","","","","","","","","","","","","","","","","","","","","","","","","","","","","","","","","","","","","","","","","","","","","","","","","","","","","","","",""
"06163007","TENDE_SAPC",44.043167,7.586,636,2000052520,0.,1,"","","","","","","","","","","","","","","","","","","","","","","","","","","","","","","","","","",15.2,1,9.3,1,15.2,1,"","",17.6,1,"","","","","","","","","","","","","","","","","","","","",68,1,"","","","","","","","","","","","",11.7,1,"","","","","","","","","","","","","","","","","","","","","","","","","","","","","","","","","","","","","","","","","","","","","","","","","","","","","","","","","","","","","","","","","","","","","","","","","","","","","","","","","","","","","","","","","","","","","","","","","","","","","","","","","","","","","","","","","","","",""
"06163007","TENDE_SAPC",44.043167,7.586,636,2000052521,0.,1,"","","","","","","","","","","","","","","","","","","","","","","","","","","","","","","","","","",13.5,1,9.3,1,13.5,1,"","",15.1,1,"","","","","","","","","","","","","","","","","","","","",76,1,"","","","","","","","","","","","",11.7,1,"","","","","","","","","","","","","","","","","","","","","","","","","","","","","","","","","","","","","","","","","","","","","","","","","","","","","","","","","","","","","","","","","","","","","","","","","","","","","","","","","","","","","","","","","","","","","","","","","","","","","","","","","","","","","","","","","","","",""
"06163007","TENDE_SAPC",44.043167,7.586,636,2000052522,0.,1,"","","","","","","","","","","","","","","","","","","","","","","","","","","","","","","","","","",13.,1,9.3,1,13.,1,"","",13.5,1,"","","","","","","","","","","","","","","","","","","","",78,1,"","","","","","","","","","","","",11.7,1,"","","","","","","","","","","","","","","","","","","","","","","","","","","","","","","","","","","","","","","","","","","","","","","","","","","","","","","","","","","","","","","","","","","","","","","","","","","","","","","","","","","","","","","","","","","","","","","","","","","","","","","","","","","","","","","","","","","",""
"06163007","TENDE_SAPC",44.043167,7.586,636,2000052523,0.,1,"","","","","","","","","","","","","","","","","","","","","","","","","","","","","","","","","","",12.2,1,9.,1,12.2,1,"","",13.,1,"","","","","","","","","","","","","","","","","","","","",81,1,"","","","","","","","","","","","",11.5,1,"","","","","","","","","","","","","","","","","","","","","","","","","","","","","","","","","","","","","","","","","","","","","","","","","","","","","","","","","","","","","","","","","","","","","","","","","","","","","","","","","","","","","","","","","","","","","","","","","","","","","","","","","","","","","","","","","","","",""
"06163007","TENDE_SAPC",44.043167,7.586,636,2000052600,0.,1,"","","","","","","","","","","","","","","","","","","","","","","","","","","","","","","","","","",11.7,1,8.9,1,11.6,1,"","",12.2,1,"","","","","","","","","","","","","","","","","","","","",83,1,"","","","","","","","","","","","",11.4,1,"","","","","","","","","","","","","","","","","","","","","","","","","","","","","","","","","","","","","","","","","","","","","","","","","","","","","","","","","","","","","","","","","","","","","","","","","","","","","","","","","","","","","","","","","","","","","","","","","","","","","","","","","","","","","","","","","","","",""
"06163007","TENDE_SAPC",44.043167,7.586,636,2000052601,0.,1,"","","","","","","","","","","","","","","","","","","","","","","","","","","","","","","","","","",11.4,1,8.8,1,11.4,1,"","",11.8,1,"","","","","","","","","","","","","","","","","","","","",84,1,"","","","","","","","","","","","",11.3,1,"","","","","","","","","","","","","","","","","","","","","","","","","","","","","","","","","","","","","","","","","","","","","","","","","","","","","","","","","","","","","","","","","","","","","","","","","","","","","","","","","","","","","","","","","","","","","","","","","","","","","","","","","","","","","","","","","","","",""
"06163007","TENDE_SAPC",44.043167,7.586,636,2000052602,0.,1,"","","","","","","","","","","","","","","","","","","","","","","","","","","","","","","","","","",11.2,1,8.6,1,11.2,1,"","",11.4,1,"","","","","","","","","","","","","","","","","","","","",84,1,"","","","","","","","","","","","",11.2,1,"","","","","","","","","","","","","","","","","","","","","","","","","","","","","","","","","","","","","","","","","","","","","","","","","","","","","","","","","","","","","","","","","","","","","","","","","","","","","","","","","","","","","","","","","","","","","","","","","","","","","","","","","","","","","","","","","","","",""
"06163007","TENDE_SAPC",44.043167,7.586,636,2000052603,0.,1,"","","","","","","","","","","","","","","","","","","","","","","","","","","","","","","","","","",11.4,1,8.6,1,11.1,1,"","",11.4,1,"","","","","","","","","","","","","","","","","","","","",83,1,"","","","","","","","","","","","",11.2,1,"","","","","","","","","","","","","","","","","","","","","","","","","","","","","","","","","","","","","","","","","","","","","","","","","","","","","","","","","","","","","","","","","","","","","","","","","","","","","","","","","","","","","","","","","","","","","","","","","","","","","","","","","","","","","","","","","","","",""
"06163007","TENDE_SAPC",44.043167,7.586,636,2000052604,0.,1,"","","","","","","","","","","","","","","","","","","","","","","","","","","","","","","","","","",11.,1,8.4,1,11.,1,"","",11.5,1,"","","","","","","","","","","","","","","","","","","","",84,1,"","","","","","","","","","","","",11.,1,"","","","","","","","","","","","","","","","","","","","","","","","","","","","","","","","","","","","","","","","","","","","","","","","","","","","","","","","","","","","","","","","","","","","","","","","","","","","","","","","","","","","","","","","","","","","","","","","","","","","","","","","","","","","","","","","","","","",""
"06163007","TENDE_SAPC",44.043167,7.586,636,2000052605,0.,1,"","","","","","","","","","","","","","","","","","","","","","","","","","","","","","","","","","",10.7,1,8.3,1,10.7,1,"","",11.2,1,"","","","","","","","","","","","","","","","","","","","",85,1,"","","","","","","","","","","","",10.9,1,"","","","","","","","","","","","","","","","","","","","","","","","","","","","","","","","","","","","","","","","","","","","","","","","","","","","","","","","","","","","","","","","","","","","","","","","","","","","","","","","","","","","","","","","","","","","","","","","","","","","","","","","","","","","","","","","","","","",""
"06163007","TENDE_SAPC",44.043167,7.586,636,2000052606,0.,1,"","","","","","","","","","","","","","","","","","","","","","","","","","","","","","","","","","",11.4,1,9.,1,10.7,1,"","",11.4,1,"","","","","","","","","","","","","","","","","","","","",85,1,"","","","","","","","","","","","",11.4,1,"","","","","","","","","","","","","","","","","","","","","","","","","","","","","","","","","","","","","","","","","","","","","","","","","","","","","","","","","","","","","","","","","","","","","","","","","","","","","","","","","","","","","","","","","","","","","","","","","","","","","","","","","","","","","","","","","","","",""
"06163007","TENDE_SAPC",44.043167,7.586,636,2000052607,0.,1,"","","","","","","","","","","","","","","","","","","","","","","","","","","","","","","","","","",14.3,1,9.3,1,11.4,1,"","",14.3,1,"","","","","","","","","","","","","","","","","","","","",72,1,"","","","","","","","","","","","",11.7,1,"","","","","","","","","","","","","","","","","","","","","","","","","","","","","","","","","","","","","","","","","","","","","","","","","","","","","","","","","","","","","","","","","","","","","","","","","","","","","","","","","","","","","","","","","","","","","","","","","","","","","","","","","","","","","","","","","","","",""
"06163007","TENDE_SAPC",44.043167,7.586,636,2000052608,0.,1,"","","","","","","","","","","","","","","","","","","","","","","","","","","","","","","","","","",18.7,1,9.7,1,14.5,1,"","",18.7,1,"","","","","","","","","","","","","","","","","","","","",56,1,"","","","","","","","","","","","",12.,1,"","","","","","","","","","","","","","","","","","","","","","","","","","","","","","","","","","","","","","","","","","","","","","","","","","","","","","","","","","","","","","","","","","","","","","","","","","","","","","","","","","","","","","","","","","","","","","","","","","","","","","","","","","","","","","","","","","","",""
"06163007","TENDE_SAPC",44.043167,7.586,636,2000052609,0.,1,"","","","","","","","","","","","","","","","","","","","","","","","","","","","","","","","","","",20.6,1,8.6,1,18.7,1,"","",20.7,1,"","","","","","","","","","","","","","","","","","","","",46,1,"","","","","","","","","","","","",11.1,1,"","","","","","","","","","","","","","","","","","","","","","","","","","","","","","","","","","","","","","","","","","","","","","","","","","","","","","","","","","","","","","","","","","","","","","","","","","","","","","","","","","","","","","","","","","","","","","","","","","","","","","","","","","","","","","","","","","","",""
"06163007","TENDE_SAPC",44.043167,7.586,636,2000052610,0.,1,"","","","","","","","","","","","","","","","","","","","","","","","","","","","","","","","","","",22.,1,8.5,1,20.7,1,"","",22.,1,"","","","","","","","","","","","","","","","","","","","",42,1,"","","","","","","","","","","","",11.1,1,"","","","","","","","","","","","","","","","","","","","","","","","","","","","","","","","","","","","","","","","","","","","","","","","","","","","","","","","","","","","","","","","","","","","","","","","","","","","","","","","","","","","","","","","","","","","","","","","","","","","","","","","","","","","","","","","","","","",""
"06163007","TENDE_SAPC",44.043167,7.586,636,2000052611,0.,1,"","","","","","","","","","","","","","","","","","","","","","","","","","","","","","","","","","",22.9,1,10.,1,22.,1,"","",22.9,1,"","","","","","","","","","","","","","","","","","","","",44,1,"","","","","","","","","","","","",12.3,1,"","","","","","","","","","","","","","","","","","","","","","","","","","","","","","","","","","","","","","","","","","","","","","","","","","","","","","","","","","","","","","","","","","","","","","","","","","","","","","","","","","","","","","","","","","","","","","","","","","","","","","","","","","","","","","","","","","","",""
"06163007","TENDE_SAPC",44.043167,7.586,636,2000052612,0.,1,"","","","","","","","","","","","","","","","","","","","","","","","","","","","","","","","","","",23.3,1,11.,1,22.9,1,"","",23.5,1,"","","","","","","","","","","","","","","","","","","","",46,1,"","","","","","","","","","","","",13.1,1,"","","","","","","","","","","","","","","","","","","","","","","","","","","","","","","","","","","","","","","","","","","","","","","","","","","","","","","","","","","","","","","","","","","","","","","","","","","","","","","","","","","","","","","","","","","","","","","","","","","","","","","","","","","","","","","","","","","",""
"06163007","TENDE_SAPC",44.043167,7.586,636,2000052613,0.,1,"","","","","","","","","","","","","","","","","","","","","","","","","","","","","","","","","","",23.6,1,11.,1,23.3,1,"","",23.6,1,"","","","","","","","","","","","","","","","","","","","",45,1,"","","","","","","","","","","","",13.1,1,"","","","","","","","","","","","","","","","","","","","","","","","","","","","","","","","","","","","","","","","","","","","","","","","","","","","","","","","","","","","","","","","","","","","","","","","","","","","","","","","","","","","","","","","","","","","","","","","","","","","","","","","","","","","","","","","","","","",""
"06163007","TENDE_SAPC",44.043167,7.586,636,2000052614,0.,1,"","","","","","","","","","","","","","","","","","","","","","","","","","","","","","","","","","",23.2,1,11.3,1,23.,1,"","",23.6,1,"","","","","","","","","","","","","","","","","","","","",47,1,"","","","","","","","","","","","",13.3,1,"","","","","","","","","","","","","","","","","","","","","","","","","","","","","","","","","","","","","","","","","","","","","","","","","","","","","","","","","","","","","","","","","","","","","","","","","","","","","","","","","","","","","","","","","","","","","","","","","","","","","","","","","","","","","","","","","","","",""
"06163007","TENDE_SAPC",44.043167,7.586,636,2000052615,0.,1,"","","","","","","","","","","","","","","","","","","","","","","","","","","","","","","","","","",22.6,1,11.,1,22.6,1,"","",23.3,1,"","","","","","","","","","","","","","","","","","","","",48,1,"","","","","","","","","","","","",13.1,1,"","","","","","","","","","","","","","","","","","","","","","","","","","","","","","","","","","","","","","","","","","","","","","","","","","","","","","","","","","","","","","","","","","","","","","","","","","","","","","","","","","","","","","","","","","","","","","","","","","","","","","","","","","","","","","","","","","","",""
"06163007","TENDE_SAPC",44.043167,7.586,636,2000052616,0.,1,"","","","","","","","","","","","","","","","","","","","","","","","","","","","","","","","","","",21.4,1,10.5,1,21.4,1,"","",22.6,1,"","","","","","","","","","","","","","","","","","","","",50,1,"","","","","","","","","","","","",12.7,1,"","","","","","","","","","","","","","","","","","","","","","","","","","","","","","","","","","","","","","","","","","","","","","","","","","","","","","","","","","","","","","","","","","","","","","","","","","","","","","","","","","","","","","","","","","","","","","","","","","","","","","","","","","","","","","","","","","","",""
"06163007","TENDE_SAPC",44.043167,7.586,636,2000052617,0.,1,"","","","","","","","","","","","","","","","","","","","","","","","","","","","","","","","","","",20.1,1,10.5,1,20.1,1,"","",21.4,1,"","","","","","","","","","","","","","","","","","","","",54,1,"","","","","","","","","","","","",12.7,1,"","","","","","","","","","","","","","","","","","","","","","","","","","","","","","","","","","","","","","","","","","","","","","","","","","","","","","","","","","","","","","","","","","","","","","","","","","","","","","","","","","","","","","","","","","","","","","","","","","","","","","","","","","","","","","","","","","","",""
"06163007","TENDE_SAPC",44.043167,7.586,636,2000052618,0.,1,"","","","","","","","","","","","","","","","","","","","","","","","","","","","","","","","","","",18.9,1,9.9,1,18.9,1,"","",20.1,1,"","","","","","","","","","","","","","","","","","","","",56,1,"","","","","","","","","","","","",12.2,1,"","","","","","","","","","","","","","","","","","","","","","","","","","","","","","","","","","","","","","","","","","","","","","","","","","","","","","","","","","","","","","","","","","","","","","","","","","","","","","","","","","","","","","","","","","","","","","","","","","","","","","","","","","","","","","","","","","","",""
"06163007","TENDE_SAPC",44.043167,7.586,636,2000052619,0.,1,"","","","","","","","","","","","","","","","","","","","","","","","","","","","","","","","","","",17.4,1,10.3,1,17.4,1,"","",18.9,1,"","","","","","","","","","","","","","","","","","","","",63,1,"","","","","","","","","","","","",12.5,1,"","","","","","","","","","","","","","","","","","","","","","","","","","","","","","","","","","","","","","","","","","","","","","","","","","","","","","","","","","","","","","","","","","","","","","","","","","","","","","","","","","","","","","","","","","","","","","","","","","","","","","","","","","","","","","","","","","","",""
"06163007","TENDE_SAPC",44.043167,7.586,636,2000052620,0.,1,"","","","","","","","","","","","","","","","","","","","","","","","","","","","","","","","","","",15.2,1,10.4,1,15.2,1,"","",17.4,1,"","","","","","","","","","","","","","","","","","","","",73,1,"","","","","","","","","","","","",12.6,1,"","","","","","","","","","","","","","","","","","","","","","","","","","","","","","","","","","","","","","","","","","","","","","","","","","","","","","","","","","","","","","","","","","","","","","","","","","","","","","","","","","","","","","","","","","","","","","","","","","","","","","","","","","","","","","","","","","","",""
"06163007","TENDE_SAPC",44.043167,7.586,636,2000052621,0.,1,"","","","","","","","","","","","","","","","","","","","","","","","","","","","","","","","","","",13.9,1,10.1,1,13.9,1,"","",15.1,1,"","","","","","","","","","","","","","","","","","","","",78,1,"","","","","","","","","","","","",12.4,1,"","","","","","","","","","","","","","","","","","","","","","","","","","","","","","","","","","","","","","","","","","","","","","","","","","","","","","","","","","","","","","","","","","","","","","","","","","","","","","","","","","","","","","","","","","","","","","","","","","","","","","","","","","","","","","","","","","","",""
"06163007","TENDE_SAPC",44.043167,7.586,636,2000052622,0.,1,"","","","","","","","","","","","","","","","","","","","","","","","","","","","","","","","","","",13.,1,9.1,1,13.,1,"","",13.8,1,"","","","","","","","","","","","","","","","","","","","",77,1,"","","","","","","","","","","","",11.5,1,"","","","","","","","","","","","","","","","","","","","","","","","","","","","","","","","","","","","","","","","","","","","","","","","","","","","","","","","","","","","","","","","","","","","","","","","","","","","","","","","","","","","","","","","","","","","","","","","","","","","","","","","","","","","","","","","","","","",""
"06163007","TENDE_SAPC",44.043167,7.586,636,2000052623,0.,1,"","","","","","","","","","","","","","","","","","","","","","","","","","","","","","","","","","",12.4,1,8.3,1,12.4,1,"","",13.,1,"","","","","","","","","","","","","","","","","","","","",76,1,"","","","","","","","","","","","",10.9,1,"","","","","","","","","","","","","","","","","","","","","","","","","","","","","","","","","","","","","","","","","","","","","","","","","","","","","","","","","","","","","","","","","","","","","","","","","","","","","","","","","","","","","","","","","","","","","","","","","","","","","","","","","","","","","","","","","","","",""
"06163007","TENDE_SAPC",44.043167,7.586,636,2000052700,0.,1,"","","","","","","","","","","","","","","","","","","","","","","","","","","","","","","","","","",11.4,1,7.9,1,11.4,1,"","",12.5,1,"","","","","","","","","","","","","","","","","","","","",79,1,"","","","","","","","","","","","",10.6,1,"","","","","","","","","","","","","","","","","","","","","","","","","","","","","","","","","","","","","","","","","","","","","","","","","","","","","","","","","","","","","","","","","","","","","","","","","","","","","","","","","","","","","","","","","","","","","","","","","","","","","","","","","","","","","","","","","","","",""
"06163007","TENDE_SAPC",44.043167,7.586,636,2000052701,0.,1,"","","","","","","","","","","","","","","","","","","","","","","","","","","","","","","","","","",10.8,1,7.3,1,10.7,1,"","",11.4,1,"","","","","","","","","","","","","","","","","","","","",79,1,"","","","","","","","","","","","",10.2,1,"","","","","","","","","","","","","","","","","","","","","","","","","","","","","","","","","","","","","","","","","","","","","","","","","","","","","","","","","","","","","","","","","","","","","","","","","","","","","","","","","","","","","","","","","","","","","","","","","","","","","","","","","","","","","","","","","","","",""
"06163007","TENDE_SAPC",44.043167,7.586,636,2000052702,0.,1,"","","","","","","","","","","","","","","","","","","","","","","","","","","","","","","","","","",10.,1,6.9,1,10.,1,"","",10.8,1,"","","","","","","","","","","","","","","","","","","","",81,1,"","","","","","","","","","","","",9.9,1,"","","","","","","","","","","","","","","","","","","","","","","","","","","","","","","","","","","","","","","","","","","","","","","","","","","","","","","","","","","","","","","","","","","","","","","","","","","","","","","","","","","","","","","","","","","","","","","","","","","","","","","","","","","","","","","","","","","",""
"06163007","TENDE_SAPC",44.043167,7.586,636,2000052703,0.,1,"","","","","","","","","","","","","","","","","","","","","","","","","","","","","","","","","","",9.5,1,6.6,1,9.5,1,"","",10.,1,"","","","","","","","","","","","","","","","","","","","",82,1,"","","","","","","","","","","","",9.7,1,"","","","","","","","","","","","","","","","","","","","","","","","","","","","","","","","","","","","","","","","","","","","","","","","","","","","","","","","","","","","","","","","","","","","","","","","","","","","","","","","","","","","","","","","","","","","","","","","","","","","","","","","","","","","","","","","","","","",""
"06163007","TENDE_SAPC",44.043167,7.586,636,2000052704,0.,1,"","","","","","","","","","","","","","","","","","","","","","","","","","","","","","","","","","",9.1,1,6.2,1,9.1,1,"","",9.5,1,"","","","","","","","","","","","","","","","","","","","",82,1,"","","","","","","","","","","","",9.5,1,"","","","","","","","","","","","","","","","","","","","","","","","","","","","","","","","","","","","","","","","","","","","","","","","","","","","","","","","","","","","","","","","","","","","","","","","","","","","","","","","","","","","","","","","","","","","","","","","","","","","","","","","","","","","","","","","","","","",""
"06163007","TENDE_SAPC",44.043167,7.586,636,2000052705,0.,1,"","","","","","","","","","","","","","","","","","","","","","","","","","","","","","","","","","",9.3,1,6.4,1,9.,1,"","",9.3,1,"","","","","","","","","","","","","","","","","","","","",82,1,"","","","","","","","","","","","",9.6,1,"","","","","","","","","","","","","","","","","","","","","","","","","","","","","","","","","","","","","","","","","","","","","","","","","","","","","","","","","","","","","","","","","","","","","","","","","","","","","","","","","","","","","","","","","","","","","","","","","","","","","","","","","","","","","","","","","","","",""
"06163007","TENDE_SAPC",44.043167,7.586,636,2000052706,0.,1,"","","","","","","","","","","","","","","","","","","","","","","","","","","","","","","","","","",10.,1,7.1,1,9.3,1,"","",10.,1,"","","","","","","","","","","","","","","","","","","","",82,1,"","","","","","","","","","","","",10.1,1,"","","","","","","","","","","","","","","","","","","","","","","","","","","","","","","","","","","","","","","","","","","","","","","","","","","","","","","","","","","","","","","","","","","","","","","","","","","","","","","","","","","","","","","","","","","","","","","","","","","","","","","","","","","","","","","","","","","",""
"06163007","TENDE_SAPC",44.043167,7.586,636,2000052707,0.,1,"","","","","","","","","","","","","","","","","","","","","","","","","","","","","","","","","","",13.7,1,7.9,1,10.,1,"","",13.7,1,"","","","","","","","","","","","","","","","","","","","",68,1,"","","","","","","","","","","","",10.6,1,"","","","","","","","","","","","","","","","","","","","","","","","","","","","","","","","","","","","","","","","","","","","","","","","","","","","","","","","","","","","","","","","","","","","","","","","","","","","","","","","","","","","","","","","","","","","","","","","","","","","","","","","","","","","","","","","","","","",""
"06163007","TENDE_SAPC",44.043167,7.586,636,2000052708,0.,1,"","","","","","","","","","","","","","","","","","","","","","","","","","","","","","","","","","",19.1,1,7.5,1,13.9,1,"","",19.1,1,"","","","","","","","","","","","","","","","","","","","",47,1,"","","","","","","","","","","","",10.4,1,"","","","","","","","","","","","","","","","","","","","","","","","","","","","","","","","","","","","","","","","","","","","","","","","","","","","","","","","","","","","","","","","","","","","","","","","","","","","","","","","","","","","","","","","","","","","","","","","","","","","","","","","","","","","","","","","","","","",""
"06163007","TENDE_SAPC",44.043167,7.586,636,2000052709,0.,1,"","","","","","","","","","","","","","","","","","","","","","","","","","","","","","","","","","",19.9,1,8.2,1,19.1,1,"","",20.2,1,"","","","","","","","","","","","","","","","","","","","",47,1,"","","","","","","","","","","","",10.9,1,"","","","","","","","","","","","","","","","","","","","","","","","","","","","","","","","","","","","","","","","","","","","","","","","","","","","","","","","","","","","","","","","","","","","","","","","","","","","","","","","","","","","","","","","","","","","","","","","","","","","","","","","","","","","","","","","","","","",""
"06163007","TENDE_SAPC",44.043167,7.586,636,2000052710,0.,1,"","","","","","","","","","","","","","","","","","","","","","","","","","","","","","","","","","",21.4,1,8.,1,19.9,1,"","",21.4,1,"","","","","","","","","","","","","","","","","","","","",42,1,"","","","","","","","","","","","",10.7,1,"","","","","","","","","","","","","","","","","","","","","","","","","","","","","","","","","","","","","","","","","","","","","","","","","","","","","","","","","","","","","","","","","","","","","","","","","","","","","","","","","","","","","","","","","","","","","","","","","","","","","","","","","","","","","","","","","","","",""
"06163007","TENDE_SAPC",44.043167,7.586,636,2000052711,0.,1,"","","","","","","","","","","","","","","","","","","","","","","","","","","","","","","","","","",19.9,1,10.,1,19.9,1,"","",22.2,1,"","","","","","","","","","","","","","","","","","","","",53,1,"","","","","","","","","","","","",12.3,1,"","","","","","","","","","","","","","","","","","","","","","","","","","","","","","","","","","","","","","","","","","","","","","","","","","","","","","","","","","","","","","","","","","","","","","","","","","","","","","","","","","","","","","","","","","","","","","","","","","","","","","","","","","","","","","","","","","","",""
"06163007","TENDE_SAPC",44.043167,7.586,636,2000052712,0.,1,"","","","","","","","","","","","","","","","","","","","","","","","","","","","","","","","","","",18.1,1,10.7,1,18.1,1,"","",19.9,1,"","","","","","","","","","","","","","","","","","","","",62,1,"","","","","","","","","","","","",12.8,1,"","","","","","","","","","","","","","","","","","","","","","","","","","","","","","","","","","","","","","","","","","","","","","","","","","","","","","","","","","","","","","","","","","","","","","","","","","","","","","","","","","","","","","","","","","","","","","","","","","","","","","","","","","","","","","","","","","","",""
"06163007","TENDE_SAPC",44.043167,7.586,636,2000052713,0.2,1,"","","","","","","","","","","","","","","","","","","","","","","","","","","","","","","","","","",16.,1,13.5,1,15.9,1,"","",18.1,1,"","","","","","","","","","","","","","","","","","","","",85,1,"","","","","","","","","","","","",15.4,1,"","","","","","","","","","","","","","","","","","","","","","","","","","","","","","","","","","","","","","","","","","","","","","","","","","","","","","","","","","","","","","","","","","","","","","","","","","","","","","","","","","","","","","","","","","","","","","","","","","","","","","","","","","","","","","","","","","","",""
"06163007","TENDE_SAPC",44.043167,7.586,636,2000052714,0.,1,"","","","","","","","","","","","","","","","","","","","","","","","","","","","","","","","","","",16.5,1,13.,1,15.9,1,"","",16.7,1,"","","","","","","","","","","","","","","","","","","","",80,1,"","","","","","","","","","","","",15.,1,"","","","","","","","","","","","","","","","","","","","","","","","","","","","","","","","","","","","","","","","","","","","","","","","","","","","","","","","","","","","","","","","","","","","","","","","","","","","","","","","","","","","","","","","","","","","","","","","","","","","","","","","","","","","","","","","","","","",""
"06163007","TENDE_SAPC",44.043167,7.586,636,2000052715,0.,1,"","","","","","","","","","","","","","","","","","","","","","","","","","","","","","","","","","",18.1,1,10.9,1,16.5,1,"","",18.1,1,"","","","","","","","","","","","","","","","","","","","",63,1,"","","","","","","","","","","","",13.1,1,"","","","","","","","","","","","","","","","","","","","","","","","","","","","","","","","","","","","","","","","","","","","","","","","","","","","","","","","","","","","","","","","","","","","","","","","","","","","","","","","","","","","","","","","","","","","","","","","","","","","","","","","","","","","","","","","","","","",""
"06163007","TENDE_SAPC",44.043167,7.586,636,2000052716,0.,1,"","","","","","","","","","","","","","","","","","","","","","","","","","","","","","","","","","",17.8,1,11.4,1,17.6,1,"","",18.1,1,"","","","","","","","","","","","","","","","","","","","",66,1,"","","","","","","","","","","","",13.4,1,"","","","","","","","","","","","","","","","","","","","","","","","","","","","","","","","","","","","","","","","","","","","","","","","","","","","","","","","","","","","","","","","","","","","","","","","","","","","","","","","","","","","","","","","","","","","","","","","","","","","","","","","","","","","","","","","","","","",""
"06163007","TENDE_SAPC",44.043167,7.586,636,2000052717,0.,1,"","","","","","","","","","","","","","","","","","","","","","","","","","","","","","","","","","",17.9,1,11.9,1,17.8,1,"","",17.9,1,"","","","","","","","","","","","","","","","","","","","",68,1,"","","","","","","","","","","","",13.9,1,"","","","","","","","","","","","","","","","","","","","","","","","","","","","","","","","","","","","","","","","","","","","","","","","","","","","","","","","","","","","","","","","","","","","","","","","","","","","","","","","","","","","","","","","","","","","","","","","","","","","","","","","","","","","","","","","","","","",""
"06163007","TENDE_SAPC",44.043167,7.586,636,2000052718,0.,1,"","","","","","","","","","","","","","","","","","","","","","","","","","","","","","","","","","",17.2,1,12.5,1,17.2,1,"","",17.9,1,"","","","","","","","","","","","","","","","","","","","",74,1,"","","","","","","","","","","","",14.5,1,"","","","","","","","","","","","","","","","","","","","","","","","","","","","","","","","","","","","","","","","","","","","","","","","","","","","","","","","","","","","","","","","","","","","","","","","","","","","","","","","","","","","","","","","","","","","","","","","","","","","","","","","","","","","","","","","","","","",""
"06163007","TENDE_SAPC",44.043167,7.586,636,2000052719,0.,1,"","","","","","","","","","","","","","","","","","","","","","","","","","","","","","","","","","",16.,1,12.7,1,16.,1,"","",17.2,1,"","","","","","","","","","","","","","","","","","","","",81,1,"","","","","","","","","","","","",14.7,1,"","","","","","","","","","","","","","","","","","","","","","","","","","","","","","","","","","","","","","","","","","","","","","","","","","","","","","","","","","","","","","","","","","","","","","","","","","","","","","","","","","","","","","","","","","","","","","","","","","","","","","","","","","","","","","","","","","","",""
"06163007","TENDE_SAPC",44.043167,7.586,636,2000052720,0.,1,"","","","","","","","","","","","","","","","","","","","","","","","","","","","","","","","","","",15.5,1,13.,1,15.5,1,"","",15.9,1,"","","","","","","","","","","","","","","","","","","","",85,1,"","","","","","","","","","","","",14.9,1,"","","","","","","","","","","","","","","","","","","","","","","","","","","","","","","","","","","","","","","","","","","","","","","","","","","","","","","","","","","","","","","","","","","","","","","","","","","","","","","","","","","","","","","","","","","","","","","","","","","","","","","","","","","","","","","","","","","",""
"06163007","TENDE_SAPC",44.043167,7.586,636,2000052721,0.,1,"","","","","","","","","","","","","","","","","","","","","","","","","","","","","","","","","","",14.5,1,12.5,1,14.5,1,"","",15.5,1,"","","","","","","","","","","","","","","","","","","","",88,1,"","","","","","","","","","","","",14.5,1,"","","","","","","","","","","","","","","","","","","","","","","","","","","","","","","","","","","","","","","","","","","","","","","","","","","","","","","","","","","","","","","","","","","","","","","","","","","","","","","","","","","","","","","","","","","","","","","","","","","","","","","","","","","","","","","","","","","",""
"06163007","TENDE_SAPC",44.043167,7.586,636,2000052722,0.,1,"","","","","","","","","","","","","","","","","","","","","","","","","","","","","","","","","","",13.4,1,11.3,1,13.4,1,"","",14.5,1,"","","","","","","","","","","","","","","","","","","","",87,1,"","","","","","","","","","","","",13.3,1,"","","","","","","","","","","","","","","","","","","","","","","","","","","","","","","","","","","","","","","","","","","","","","","","","","","","","","","","","","","","","","","","","","","","","","","","","","","","","","","","","","","","","","","","","","","","","","","","","","","","","","","","","","","","","","","","","","","",""
"06163007","TENDE_SAPC",44.043167,7.586,636,2000052723,0.,1,"","","","","","","","","","","","","","","","","","","","","","","","","","","","","","","","","","",12.8,1,10.5,1,12.8,1,"","",13.4,1,"","","","","","","","","","","","","","","","","","","","",86,1,"","","","","","","","","","","","",12.7,1,"","","","","","","","","","","","","","","","","","","","","","","","","","","","","","","","","","","","","","","","","","","","","","","","","","","","","","","","","","","","","","","","","","","","","","","","","","","","","","","","","","","","","","","","","","","","","","","","","","","","","","","","","","","","","","","","","","","",""
"06163007","TENDE_SAPC",44.043167,7.586,636,2000052800,0.,1,"","","","","","","","","","","","","","","","","","","","","","","","","","","","","","","","","","",11.7,1,9.8,1,11.7,1,"","",12.8,1,"","","","","","","","","","","","","","","","","","","","",88,1,"","","","","","","","","","","","",12.1,1,"","","","","","","","","","","","","","","","","","","","","","","","","","","","","","","","","","","","","","","","","","","","","","","","","","","","","","","","","","","","","","","","","","","","","","","","","","","","","","","","","","","","","","","","","","","","","","","","","","","","","","","","","","","","","","","","","","","",""
"06163007","TENDE_SAPC",44.043167,7.586,636,2000052801,0.,1,"","","","","","","","","","","","","","","","","","","","","","","","","","","","","","","","","","",11.5,1,9.2,1,11.5,1,"","",11.9,1,"","","","","","","","","","","","","","","","","","","","",86,1,"","","","","","","","","","","","",11.6,1,"","","","","","","","","","","","","","","","","","","","","","","","","","","","","","","","","","","","","","","","","","","","","","","","","","","","","","","","","","","","","","","","","","","","","","","","","","","","","","","","","","","","","","","","","","","","","","","","","","","","","","","","","","","","","","","","","","","",""
"06163007","TENDE_SAPC",44.043167,7.586,636,2000052802,0.,1,"","","","","","","","","","","","","","","","","","","","","","","","","","","","","","","","","","",10.6,1,8.9,1,10.6,1,"","",11.5,1,"","","","","","","","","","","","","","","","","","","","",89,1,"","","","","","","","","","","","",11.4,1,"","","","","","","","","","","","","","","","","","","","","","","","","","","","","","","","","","","","","","","","","","","","","","","","","","","","","","","","","","","","","","","","","","","","","","","","","","","","","","","","","","","","","","","","","","","","","","","","","","","","","","","","","","","","","","","","","","","",""
"06163007","TENDE_SAPC",44.043167,7.586,636,2000052803,0.,1,"","","","","","","","","","","","","","","","","","","","","","","","","","","","","","","","","","",11.6,1,8.6,1,10.6,1,"","",11.6,1,"","","","","","","","","","","","","","","","","","","","",82,1,"","","","","","","","","","","","",11.2,1,"","","","","","","","","","","","","","","","","","","","","","","","","","","","","","","","","","","","","","","","","","","","","","","","","","","","","","","","","","","","","","","","","","","","","","","","","","","","","","","","","","","","","","","","","","","","","","","","","","","","","","","","","","","","","","","","","","","",""
"06163007","TENDE_SAPC",44.043167,7.586,636,2000052804,0.,1,"","","","","","","","","","","","","","","","","","","","","","","","","","","","","","","","","","",12.1,1,8.8,1,11.6,1,"","",12.1,1,"","","","","","","","","","","","","","","","","","","","",80,1,"","","","","","","","","","","","",11.3,1,"","","","","","","","","","","","","","","","","","","","","","","","","","","","","","","","","","","","","","","","","","","","","","","","","","","","","","","","","","","","","","","","","","","","","","","","","","","","","","","","","","","","","","","","","","","","","","","","","","","","","","","","","","","","","","","","","","","",""
"06163007","TENDE_SAPC",44.043167,7.586,636,2000052805,0.,1,"","","","","","","","","","","","","","","","","","","","","","","","","","","","","","","","","","",12.7,1,9.,1,12.1,1,"","",12.7,1,"","","","","","","","","","","","","","","","","","","","",78,1,"","","","","","","","","","","","",11.4,1,"","","","","","","","","","","","","","","","","","","","","","","","","","","","","","","","","","","","","","","","","","","","","","","","","","","","","","","","","","","","","","","","","","","","","","","","","","","","","","","","","","","","","","","","","","","","","","","","","","","","","","","","","","","","","","","","","","","",""
"06163007","TENDE_SAPC",44.043167,7.586,636,2000052806,0.,1,"","","","","","","","","","","","","","","","","","","","","","","","","","","","","","","","","","",12.5,1,9.5,1,12.3,1,"","",12.7,1,"","","","","","","","","","","","","","","","","","","","",82,1,"","","","","","","","","","","","",11.9,1,"","","","","","","","","","","","","","","","","","","","","","","","","","","","","","","","","","","","","","","","","","","","","","","","","","","","","","","","","","","","","","","","","","","","","","","","","","","","","","","","","","","","","","","","","","","","","","","","","","","","","","","","","","","","","","","","","","","",""
"06163007","TENDE_SAPC",44.043167,7.586,636,2000052807,0.,1,"","","","","","","","","","","","","","","","","","","","","","","","","","","","","","","","","","",14.4,1,9.4,1,12.5,1,"","",14.4,1,"","","","","","","","","","","","","","","","","","","","",72,1,"","","","","","","","","","","","",11.8,1,"","","","","","","","","","","","","","","","","","","","","","","","","","","","","","","","","","","","","","","","","","","","","","","","","","","","","","","","","","","","","","","","","","","","","","","","","","","","","","","","","","","","","","","","","","","","","","","","","","","","","","","","","","","","","","","","","","","",""
"06163007","TENDE_SAPC",44.043167,7.586,636,2000052808,0.,1,"","","","","","","","","","","","","","","","","","","","","","","","","","","","","","","","","","",16.7,1,10.1,1,14.5,1,"","",16.7,1,"","","","","","","","","","","","","","","","","","","","",65,1,"","","","","","","","","","","","",12.3,1,"","","","","","","","","","","","","","","","","","","","","","","","","","","","","","","","","","","","","","","","","","","","","","","","","","","","","","","","","","","","","","","","","","","","","","","","","","","","","","","","","","","","","","","","","","","","","","","","","","","","","","","","","","","","","","","","","","","",""
"06163007","TENDE_SAPC",44.043167,7.586,636,2000052809,0.,1,"","","","","","","","","","","","","","","","","","","","","","","","","","","","","","","","","","",17.,1,10.4,1,16.7,1,"","",17.1,1,"","","","","","","","","","","","","","","","","","","","",65,1,"","","","","","","","","","","","",12.6,1,"","","","","","","","","","","","","","","","","","","","","","","","","","","","","","","","","","","","","","","","","","","","","","","","","","","","","","","","","","","","","","","","","","","","","","","","","","","","","","","","","","","","","","","","","","","","","","","","","","","","","","","","","","","","","","","","","","","",""
"06163007","TENDE_SAPC",44.043167,7.586,636,2000052810,0.,1,"","","","","","","","","","","","","","","","","","","","","","","","","","","","","","","","","","",17.6,1,10.5,1,17.,1,"","",17.6,1,"","","","","","","","","","","","","","","","","","","","",63,1,"","","","","","","","","","","","",12.7,1,"","","","","","","","","","","","","","","","","","","","","","","","","","","","","","","","","","","","","","","","","","","","","","","","","","","","","","","","","","","","","","","","","","","","","","","","","","","","","","","","","","","","","","","","","","","","","","","","","","","","","","","","","","","","","","","","","","","",""
"06163007","TENDE_SAPC",44.043167,7.586,636,2000052811,0.,1,"","","","","","","","","","","","","","","","","","","","","","","","","","","","","","","","","","",19.4,1,9.8,1,17.7,1,"","",19.4,1,"","","","","","","","","","","","","","","","","","","","",54,1,"","","","","","","","","","","","",12.1,1,"","","","","","","","","","","","","","","","","","","","","","","","","","","","","","","","","","","","","","","","","","","","","","","","","","","","","","","","","","","","","","","","","","","","","","","","","","","","","","","","","","","","","","","","","","","","","","","","","","","","","","","","","","","","","","","","","","","",""
"06163007","TENDE_SAPC",44.043167,7.586,636,2000052812,0.,1,"","","","","","","","","","","","","","","","","","","","","","","","","","","","","","","","","","",19.9,1,9.5,1,19.2,1,"","",20.1,1,"","","","","","","","","","","","","","","","","","","","",51,1,"","","","","","","","","","","","",11.8,1,"","","","","","","","","","","","","","","","","","","","","","","","","","","","","","","","","","","","","","","","","","","","","","","","","","","","","","","","","","","","","","","","","","","","","","","","","","","","","","","","","","","","","","","","","","","","","","","","","","","","","","","","","","","","","","","","","","","",""
"06163007","TENDE_SAPC",44.043167,7.586,636,2000052813,0.,1,"","","","","","","","","","","","","","","","","","","","","","","","","","","","","","","","","","",19.2,1,10.5,1,19.1,1,"","",19.9,1,"","","","","","","","","","","","","","","","","","","","",57,1,"","","","","","","","","","","","",12.7,1,"","","","","","","","","","","","","","","","","","","","","","","","","","","","","","","","","","","","","","","","","","","","","","","","","","","","","","","","","","","","","","","","","","","","","","","","","","","","","","","","","","","","","","","","","","","","","","","","","","","","","","","","","","","","","","","","","","","",""
"06163007","TENDE_SAPC",44.043167,7.586,636,2000052814,0.,1,"","","","","","","","","","","","","","","","","","","","","","","","","","","","","","","","","","",18.6,1,10.9,1,18.6,1,"","",19.6,1,"","","","","","","","","","","","","","","","","","","","",61,1,"","","","","","","","","","","","",13.,1,"","","","","","","","","","","","","","","","","","","","","","","","","","","","","","","","","","","","","","","","","","","","","","","","","","","","","","","","","","","","","","","","","","","","","","","","","","","","","","","","","","","","","","","","","","","","","","","","","","","","","","","","","","","","","","","","","","","",""
"06163007","TENDE_SAPC",44.043167,7.586,636,2000052815,0.,1,"","","","","","","","","","","","","","","","","","","","","","","","","","","","","","","","","","",17.3,1,10.9,1,17.3,1,"","",18.6,1,"","","","","","","","","","","","","","","","","","","","",66,1,"","","","","","","","","","","","",13.,1,"","","","","","","","","","","","","","","","","","","","","","","","","","","","","","","","","","","","","","","","","","","","","","","","","","","","","","","","","","","","","","","","","","","","","","","","","","","","","","","","","","","","","","","","","","","","","","","","","","","","","","","","","","","","","","","","","","","",""
"06163007","TENDE_SAPC",44.043167,7.586,636,2000052816,0.,1,"","","","","","","","","","","","","","","","","","","","","","","","","","","","","","","","","","",17.,1,10.8,1,16.8,1,"","",17.3,1,"","","","","","","","","","","","","","","","","","","","",67,1,"","","","","","","","","","","","",13.,1,"","","","","","","","","","","","","","","","","","","","","","","","","","","","","","","","","","","","","","","","","","","","","","","","","","","","","","","","","","","","","","","","","","","","","","","","","","","","","","","","","","","","","","","","","","","","","","","","","","","","","","","","","","","","","","","","","","","",""
"06163007","TENDE_SAPC",44.043167,7.586,636,2000052817,0.,1,"","","","","","","","","","","","","","","","","","","","","","","","","","","","","","","","","","",16.1,1,11.7,1,16.1,1,"","",17.,1,"","","","","","","","","","","","","","","","","","","","",75,1,"","","","","","","","","","","","",13.7,1,"","","","","","","","","","","","","","","","","","","","","","","","","","","","","","","","","","","","","","","","","","","","","","","","","","","","","","","","","","","","","","","","","","","","","","","","","","","","","","","","","","","","","","","","","","","","","","","","","","","","","","","","","","","","","","","","","","","",""
"06163007","TENDE_SAPC",44.043167,7.586,636,2000052818,0.,1,"","","","","","","","","","","","","","","","","","","","","","","","","","","","","","","","","","",16.1,1,11.9,1,16.1,1,"","",16.2,1,"","","","","","","","","","","","","","","","","","","","",76,1,"","","","","","","","","","","","",13.9,1,"","","","","","","","","","","","","","","","","","","","","","","","","","","","","","","","","","","","","","","","","","","","","","","","","","","","","","","","","","","","","","","","","","","","","","","","","","","","","","","","","","","","","","","","","","","","","","","","","","","","","","","","","","","","","","","","","","","",""
"06163007","TENDE_SAPC",44.043167,7.586,636,2000052819,0.,1,"","","","","","","","","","","","","","","","","","","","","","","","","","","","","","","","","","",16.,1,12.2,1,16.,1,"","",16.2,1,"","","","","","","","","","","","","","","","","","","","",78,1,"","","","","","","","","","","","",14.2,1,"","","","","","","","","","","","","","","","","","","","","","","","","","","","","","","","","","","","","","","","","","","","","","","","","","","","","","","","","","","","","","","","","","","","","","","","","","","","","","","","","","","","","","","","","","","","","","","","","","","","","","","","","","","","","","","","","","","",""
"06163007","TENDE_SAPC",44.043167,7.586,636,2000052820,0.,1,"","","","","","","","","","","","","","","","","","","","","","","","","","","","","","","","","","",15.2,1,12.3,1,15.2,1,"","",16.,1,"","","","","","","","","","","","","","","","","","","","",83,1,"","","","","","","","","","","","",14.3,1,"","","","","","","","","","","","","","","","","","","","","","","","","","","","","","","","","","","","","","","","","","","","","","","","","","","","","","","","","","","","","","","","","","","","","","","","","","","","","","","","","","","","","","","","","","","","","","","","","","","","","","","","","","","","","","","","","","","",""
"06163007","TENDE_SAPC",44.043167,7.586,636,2000052821,0.,1,"","","","","","","","","","","","","","","","","","","","","","","","","","","","","","","","","","",13.7,1,11.6,1,13.7,1,"","",15.2,1,"","","","","","","","","","","","","","","","","","","","",87,1,"","","","","","","","","","","","",13.6,1,"","","","","","","","","","","","","","","","","","","","","","","","","","","","","","","","","","","","","","","","","","","","","","","","","","","","","","","","","","","","","","","","","","","","","","","","","","","","","","","","","","","","","","","","","","","","","","","","","","","","","","","","","","","","","","","","","","","",""
"06163007","TENDE_SAPC",44.043167,7.586,636,2000052822,0.,1,"","","","","","","","","","","","","","","","","","","","","","","","","","","","","","","","","","",12.4,1,10.6,1,12.4,1,"","",13.7,1,"","","","","","","","","","","","","","","","","","","","",89,1,"","","","","","","","","","","","",12.8,1,"","","","","","","","","","","","","","","","","","","","","","","","","","","","","","","","","","","","","","","","","","","","","","","","","","","","","","","","","","","","","","","","","","","","","","","","","","","","","","","","","","","","","","","","","","","","","","","","","","","","","","","","","","","","","","","","","","","",""
"06163007","TENDE_SAPC",44.043167,7.586,636,2000052823,0.,1,"","","","","","","","","","","","","","","","","","","","","","","","","","","","","","","","","","",11.9,1,9.5,1,11.9,1,"","",12.4,1,"","","","","","","","","","","","","","","","","","","","",85,1,"","","","","","","","","","","","",11.8,1,"","","","","","","","","","","","","","","","","","","","","","","","","","","","","","","","","","","","","","","","","","","","","","","","","","","","","","","","","","","","","","","","","","","","","","","","","","","","","","","","","","","","","","","","","","","","","","","","","","","","","","","","","","","","","","","","","","","",""
"06163007","TENDE_SAPC",44.043167,7.586,636,2000052900,0.,1,"","","","","","","","","","","","","","","","","","","","","","","","","","","","","","","","","","",11.1,1,8.7,1,11.1,1,"","",11.9,1,"","","","","","","","","","","","","","","","","","","","",85,1,"","","","","","","","","","","","",11.2,1,"","","","","","","","","","","","","","","","","","","","","","","","","","","","","","","","","","","","","","","","","","","","","","","","","","","","","","","","","","","","","","","","","","","","","","","","","","","","","","","","","","","","","","","","","","","","","","","","","","","","","","","","","","","","","","","","","","","",""
"06163007","TENDE_SAPC",44.043167,7.586,636,2000052901,0.,1,"","","","","","","","","","","","","","","","","","","","","","","","","","","","","","","","","","",10.9,1,7.9,1,10.8,1,"","",11.1,1,"","","","","","","","","","","","","","","","","","","","",82,1,"","","","","","","","","","","","",10.7,1,"","","","","","","","","","","","","","","","","","","","","","","","","","","","","","","","","","","","","","","","","","","","","","","","","","","","","","","","","","","","","","","","","","","","","","","","","","","","","","","","","","","","","","","","","","","","","","","","","","","","","","","","","","","","","","","","","","","",""
"06163007","TENDE_SAPC",44.043167,7.586,636,2000052902,0.,1,"","","","","","","","","","","","","","","","","","","","","","","","","","","","","","","","","","",10.3,1,7.5,1,10.3,1,"","",10.9,1,"","","","","","","","","","","","","","","","","","","","",83,1,"","","","","","","","","","","","",10.4,1,"","","","","","","","","","","","","","","","","","","","","","","","","","","","","","","","","","","","","","","","","","","","","","","","","","","","","","","","","","","","","","","","","","","","","","","","","","","","","","","","","","","","","","","","","","","","","","","","","","","","","","","","","","","","","","","","","","","",""
"06163007","TENDE_SAPC",44.043167,7.586,636,2000052903,0.,1,"","","","","","","","","","","","","","","","","","","","","","","","","","","","","","","","","","",10.1,1,6.8,1,10.1,1,"","",10.3,1,"","","","","","","","","","","","","","","","","","","","",80,1,"","","","","","","","","","","","",9.9,1,"","","","","","","","","","","","","","","","","","","","","","","","","","","","","","","","","","","","","","","","","","","","","","","","","","","","","","","","","","","","","","","","","","","","","","","","","","","","","","","","","","","","","","","","","","","","","","","","","","","","","","","","","","","","","","","","","","","",""
"06163007","TENDE_SAPC",44.043167,7.586,636,2000052904,0.,1,"","","","","","","","","","","","","","","","","","","","","","","","","","","","","","","","","","",9.3,1,6.4,1,9.3,1,"","",10.1,1,"","","","","","","","","","","","","","","","","","","","",82,1,"","","","","","","","","","","","",9.6,1,"","","","","","","","","","","","","","","","","","","","","","","","","","","","","","","","","","","","","","","","","","","","","","","","","","","","","","","","","","","","","","","","","","","","","","","","","","","","","","","","","","","","","","","","","","","","","","","","","","","","","","","","","","","","","","","","","","","",""
"06163007","TENDE_SAPC",44.043167,7.586,636,2000052905,0.,1,"","","","","","","","","","","","","","","","","","","","","","","","","","","","","","","","","","",9.5,1,5.7,1,9.1,1,"","",9.5,1,"","","","","","","","","","","","","","","","","","","","",77,1,"","","","","","","","","","","","",9.1,1,"","","","","","","","","","","","","","","","","","","","","","","","","","","","","","","","","","","","","","","","","","","","","","","","","","","","","","","","","","","","","","","","","","","","","","","","","","","","","","","","","","","","","","","","","","","","","","","","","","","","","","","","","","","","","","","","","","","",""
"06163007","TENDE_SAPC",44.043167,7.586,636,2000052906,0.,1,"","","","","","","","","","","","","","","","","","","","","","","","","","","","","","","","","","",9.4,1,6.5,1,9.4,1,"","",10.1,1,"","","","","","","","","","","","","","","","","","","","",82,1,"","","","","","","","","","","","",9.7,1,"","","","","","","","","","","","","","","","","","","","","","","","","","","","","","","","","","","","","","","","","","","","","","","","","","","","","","","","","","","","","","","","","","","","","","","","","","","","","","","","","","","","","","","","","","","","","","","","","","","","","","","","","","","","","","","","","","","",""
"06163007","TENDE_SAPC",44.043167,7.586,636,2000052907,0.,1,"","","","","","","","","","","","","","","","","","","","","","","","","","","","","","","","","","",12.2,1,6.2,1,9.3,1,"","",12.2,1,"","","","","","","","","","","","","","","","","","","","",67,1,"","","","","","","","","","","","",9.5,1,"","","","","","","","","","","","","","","","","","","","","","","","","","","","","","","","","","","","","","","","","","","","","","","","","","","","","","","","","","","","","","","","","","","","","","","","","","","","","","","","","","","","","","","","","","","","","","","","","","","","","","","","","","","","","","","","","","","",""
"06163007","TENDE_SAPC",44.043167,7.586,636,2000052908,0.,1,"","","","","","","","","","","","","","","","","","","","","","","","","","","","","","","","","","",17.9,1,8.7,1,12.3,1,"","",17.9,1,"","","","","","","","","","","","","","","","","","","","",55,1,"","","","","","","","","","","","",11.3,1,"","","","","","","","","","","","","","","","","","","","","","","","","","","","","","","","","","","","","","","","","","","","","","","","","","","","","","","","","","","","","","","","","","","","","","","","","","","","","","","","","","","","","","","","","","","","","","","","","","","","","","","","","","","","","","","","","","","",""
"06163007","TENDE_SAPC",44.043167,7.586,636,2000052909,0.,1,"","","","","","","","","","","","","","","","","","","","","","","","","","","","","","","","","","",20.2,1,8.2,1,17.9,1,"","",20.3,1,"","","","","","","","","","","","","","","","","","","","",46,1,"","","","","","","","","","","","",10.9,1,"","","","","","","","","","","","","","","","","","","","","","","","","","","","","","","","","","","","","","","","","","","","","","","","","","","","","","","","","","","","","","","","","","","","","","","","","","","","","","","","","","","","","","","","","","","","","","","","","","","","","","","","","","","","","","","","","","","",""
"06163007","TENDE_SAPC",44.043167,7.586,636,2000052910,0.,1,"","","","","","","","","","","","","","","","","","","","","","","","","","","","","","","","","","",22.1,1,8.6,1,20.2,1,"","",22.1,1,"","","","","","","","","","","","","","","","","","","","",42,1,"","","","","","","","","","","","",11.1,1,"","","","","","","","","","","","","","","","","","","","","","","","","","","","","","","","","","","","","","","","","","","","","","","","","","","","","","","","","","","","","","","","","","","","","","","","","","","","","","","","","","","","","","","","","","","","","","","","","","","","","","","","","","","","","","","","","","","",""
"06163007","TENDE_SAPC",44.043167,7.586,636,2000052911,0.,1,"","","","","","","","","","","","","","","","","","","","","","","","","","","","","","","","","","",23.4,1,9.4,1,22.1,1,"","",23.5,1,"","","","","","","","","","","","","","","","","","","","",41,1,"","","","","","","","","","","","",11.8,1,"","","","","","","","","","","","","","","","","","","","","","","","","","","","","","","","","","","","","","","","","","","","","","","","","","","","","","","","","","","","","","","","","","","","","","","","","","","","","","","","","","","","","","","","","","","","","","","","","","","","","","","","","","","","","","","","","","","",""
"06163007","TENDE_SAPC",44.043167,7.586,636,2000052912,0.,1,"","","","","","","","","","","","","","","","","","","","","","","","","","","","","","","","","","",23.8,1,10.5,1,23.1,1,"","",23.8,1,"","","","","","","","","","","","","","","","","","","","",43,1,"","","","","","","","","","","","",12.6,1,"","","","","","","","","","","","","","","","","","","","","","","","","","","","","","","","","","","","","","","","","","","","","","","","","","","","","","","","","","","","","","","","","","","","","","","","","","","","","","","","","","","","","","","","","","","","","","","","","","","","","","","","","","","","","","","","","","","",""
"06163007","TENDE_SAPC",44.043167,7.586,636,2000052913,0.,1,"","","","","","","","","","","","","","","","","","","","","","","","","","","","","","","","","","",24.5,1,10.,1,23.6,1,"","",24.6,1,"","","","","","","","","","","","","","","","","","","","",40,1,"","","","","","","","","","","","",12.3,1,"","","","","","","","","","","","","","","","","","","","","","","","","","","","","","","","","","","","","","","","","","","","","","","","","","","","","","","","","","","","","","","","","","","","","","","","","","","","","","","","","","","","","","","","","","","","","","","","","","","","","","","","","","","","","","","","","","","",""
"06163007","TENDE_SAPC",44.043167,7.586,636,2000052914,0.,1,"","","","","","","","","","","","","","","","","","","","","","","","","","","","","","","","","","",24.5,1,10.7,1,24.3,1,"","",25.1,1,"","","","","","","","","","","","","","","","","","","","",42,1,"","","","","","","","","","","","",12.9,1,"","","","","","","","","","","","","","","","","","","","","","","","","","","","","","","","","","","","","","","","","","","","","","","","","","","","","","","","","","","","","","","","","","","","","","","","","","","","","","","","","","","","","","","","","","","","","","","","","","","","","","","","","","","","","","","","","","","",""
"06163007","TENDE_SAPC",44.043167,7.586,636,2000052915,0.,1,"","","","","","","","","","","","","","","","","","","","","","","","","","","","","","","","","","",24.4,1,9.5,1,24.3,1,"","",24.7,1,"","","","","","","","","","","","","","","","","","","","",39,1,"","","","","","","","","","","","",11.9,1,"","","","","","","","","","","","","","","","","","","","","","","","","","","","","","","","","","","","","","","","","","","","","","","","","","","","","","","","","","","","","","","","","","","","","","","","","","","","","","","","","","","","","","","","","","","","","","","","","","","","","","","","","","","","","","","","","","","",""
"06163007","TENDE_SAPC",44.043167,7.586,636,2000052916,0.,1,"","","","","","","","","","","","","","","","","","","","","","","","","","","","","","","","","","",23.4,1,10.1,1,23.4,1,"","",24.6,1,"","","","","","","","","","","","","","","","","","","","",43,1,"","","","","","","","","","","","",12.3,1,"","","","","","","","","","","","","","","","","","","","","","","","","","","","","","","","","","","","","","","","","","","","","","","","","","","","","","","","","","","","","","","","","","","","","","","","","","","","","","","","","","","","","","","","","","","","","","","","","","","","","","","","","","","","","","","","","","","",""
"06163007","TENDE_SAPC",44.043167,7.586,636,2000052917,0.,1,"","","","","","","","","","","","","","","","","","","","","","","","","","","","","","","","","","",21.2,1,10.1,1,21.2,1,"","",23.4,1,"","","","","","","","","","","","","","","","","","","","",49,1,"","","","","","","","","","","","",12.3,1,"","","","","","","","","","","","","","","","","","","","","","","","","","","","","","","","","","","","","","","","","","","","","","","","","","","","","","","","","","","","","","","","","","","","","","","","","","","","","","","","","","","","","","","","","","","","","","","","","","","","","","","","","","","","","","","","","","","",""
"06163007","TENDE_SAPC",44.043167,7.586,636,2000052918,0.,1,"","","","","","","","","","","","","","","","","","","","","","","","","","","","","","","","","","",18.6,1,9.1,1,18.6,1,"","",21.1,1,"","","","","","","","","","","","","","","","","","","","",54,1,"","","","","","","","","","","","",11.5,1,"","","","","","","","","","","","","","","","","","","","","","","","","","","","","","","","","","","","","","","","","","","","","","","","","","","","","","","","","","","","","","","","","","","","","","","","","","","","","","","","","","","","","","","","","","","","","","","","","","","","","","","","","","","","","","","","","","","",""
"06163007","TENDE_SAPC",44.043167,7.586,636,2000052919,0.,1,"","","","","","","","","","","","","","","","","","","","","","","","","","","","","","","","","","",16.3,1,9.5,1,16.3,1,"","",18.6,1,"","","","","","","","","","","","","","","","","","","","",64,1,"","","","","","","","","","","","",11.8,1,"","","","","","","","","","","","","","","","","","","","","","","","","","","","","","","","","","","","","","","","","","","","","","","","","","","","","","","","","","","","","","","","","","","","","","","","","","","","","","","","","","","","","","","","","","","","","","","","","","","","","","","","","","","","","","","","","","","",""
"06163007","TENDE_SAPC",44.043167,7.586,636,2000052920,0.,1,"","","","","","","","","","","","","","","","","","","","","","","","","","","","","","","","","","",14.9,1,9.7,1,14.9,1,"","",16.3,1,"","","","","","","","","","","","","","","","","","","","",71,1,"","","","","","","","","","","","",12.,1,"","","","","","","","","","","","","","","","","","","","","","","","","","","","","","","","","","","","","","","","","","","","","","","","","","","","","","","","","","","","","","","","","","","","","","","","","","","","","","","","","","","","","","","","","","","","","","","","","","","","","","","","","","","","","","","","","","","",""
"06163007","TENDE_SAPC",44.043167,7.586,636,2000052921,0.,1,"","","","","","","","","","","","","","","","","","","","","","","","","","","","","","","","","","",13.6,1,8.8,1,13.6,1,"","",14.8,1,"","","","","","","","","","","","","","","","","","","","",73,1,"","","","","","","","","","","","",11.3,1,"","","","","","","","","","","","","","","","","","","","","","","","","","","","","","","","","","","","","","","","","","","","","","","","","","","","","","","","","","","","","","","","","","","","","","","","","","","","","","","","","","","","","","","","","","","","","","","","","","","","","","","","","","","","","","","","","","","",""
"06163007","TENDE_SAPC",44.043167,7.586,636,2000052922,0.,1,"","","","","","","","","","","","","","","","","","","","","","","","","","","","","","","","","","",12.7,1,8.,1,12.7,1,"","",13.6,1,"","","","","","","","","","","","","","","","","","","","",73,1,"","","","","","","","","","","","",10.7,1,"","","","","","","","","","","","","","","","","","","","","","","","","","","","","","","","","","","","","","","","","","","","","","","","","","","","","","","","","","","","","","","","","","","","","","","","","","","","","","","","","","","","","","","","","","","","","","","","","","","","","","","","","","","","","","","","","","","",""
"06163007","TENDE_SAPC",44.043167,7.586,636,2000052923,0.,1,"","","","","","","","","","","","","","","","","","","","","","","","","","","","","","","","","","",11.8,1,7.7,1,11.8,1,"","",12.7,1,"","","","","","","","","","","","","","","","","","","","",76,1,"","","","","","","","","","","","",10.5,1,"","","","","","","","","","","","","","","","","","","","","","","","","","","","","","","","","","","","","","","","","","","","","","","","","","","","","","","","","","","","","","","","","","","","","","","","","","","","","","","","","","","","","","","","","","","","","","","","","","","","","","","","","","","","","","","","","","","",""
"06163007","TENDE_SAPC",44.043167,7.586,636,2000053000,0.,1,"","","","","","","","","","","","","","","","","","","","","","","","","","","","","","","","","","",11.,1,7.5,1,11.,1,"","",11.8,1,"","","","","","","","","","","","","","","","","","","","",79,1,"","","","","","","","","","","","",10.4,1,"","","","","","","","","","","","","","","","","","","","","","","","","","","","","","","","","","","","","","","","","","","","","","","","","","","","","","","","","","","","","","","","","","","","","","","","","","","","","","","","","","","","","","","","","","","","","","","","","","","","","","","","","","","","","","","","","","","",""
"06163007","TENDE_SAPC",44.043167,7.586,636,2000053001,0.,1,"","","","","","","","","","","","","","","","","","","","","","","","","","","","","","","","","","",10.2,1,7.1,1,10.2,1,"","",11.,1,"","","","","","","","","","","","","","","","","","","","",81,1,"","","","","","","","","","","","",10.1,1,"","","","","","","","","","","","","","","","","","","","","","","","","","","","","","","","","","","","","","","","","","","","","","","","","","","","","","","","","","","","","","","","","","","","","","","","","","","","","","","","","","","","","","","","","","","","","","","","","","","","","","","","","","","","","","","","","","","",""
"06163007","TENDE_SAPC",44.043167,7.586,636,2000053002,0.,1,"","","","","","","","","","","","","","","","","","","","","","","","","","","","","","","","","","",9.8,1,6.9,1,9.7,1,"","",10.2,1,"","","","","","","","","","","","","","","","","","","","",82,1,"","","","","","","","","","","","",9.9,1,"","","","","","","","","","","","","","","","","","","","","","","","","","","","","","","","","","","","","","","","","","","","","","","","","","","","","","","","","","","","","","","","","","","","","","","","","","","","","","","","","","","","","","","","","","","","","","","","","","","","","","","","","","","","","","","","","","","",""
"06163007","TENDE_SAPC",44.043167,7.586,636,2000053003,0.,1,"","","","","","","","","","","","","","","","","","","","","","","","","","","","","","","","","","",9.1,1,6.4,1,9.1,1,"","",9.8,1,"","","","","","","","","","","","","","","","","","","","",83,1,"","","","","","","","","","","","",9.6,1,"","","","","","","","","","","","","","","","","","","","","","","","","","","","","","","","","","","","","","","","","","","","","","","","","","","","","","","","","","","","","","","","","","","","","","","","","","","","","","","","","","","","","","","","","","","","","","","","","","","","","","","","","","","","","","","","","","","",""
"06163007","TENDE_SAPC",44.043167,7.586,636,2000053004,0.,1,"","","","","","","","","","","","","","","","","","","","","","","","","","","","","","","","","","",9.,1,6.3,1,8.8,1,"","",9.1,1,"","","","","","","","","","","","","","","","","","","","",83,1,"","","","","","","","","","","","",9.5,1,"","","","","","","","","","","","","","","","","","","","","","","","","","","","","","","","","","","","","","","","","","","","","","","","","","","","","","","","","","","","","","","","","","","","","","","","","","","","","","","","","","","","","","","","","","","","","","","","","","","","","","","","","","","","","","","","","","","",""
"06163007","TENDE_SAPC",44.043167,7.586,636,2000053005,0.,1,"","","","","","","","","","","","","","","","","","","","","","","","","","","","","","","","","","",9.4,1,6.7,1,9.,1,"","",9.4,1,"","","","","","","","","","","","","","","","","","","","",83,1,"","","","","","","","","","","","",9.8,1,"","","","","","","","","","","","","","","","","","","","","","","","","","","","","","","","","","","","","","","","","","","","","","","","","","","","","","","","","","","","","","","","","","","","","","","","","","","","","","","","","","","","","","","","","","","","","","","","","","","","","","","","","","","","","","","","","","","",""
"06163007","TENDE_SAPC",44.043167,7.586,636,2000053006,0.,1,"","","","","","","","","","","","","","","","","","","","","","","","","","","","","","","","","","",9.7,1,7.3,1,9.4,1,"","",9.7,1,"","","","","","","","","","","","","","","","","","","","",85,1,"","","","","","","","","","","","",10.2,1,"","","","","","","","","","","","","","","","","","","","","","","","","","","","","","","","","","","","","","","","","","","","","","","","","","","","","","","","","","","","","","","","","","","","","","","","","","","","","","","","","","","","","","","","","","","","","","","","","","","","","","","","","","","","","","","","","","","",""
"06163007","TENDE_SAPC",44.043167,7.586,636,2000053007,0.,1,"","","","","","","","","","","","","","","","","","","","","","","","","","","","","","","","","","",13.7,1,7.2,1,9.7,1,"","",13.7,1,"","","","","","","","","","","","","","","","","","","","",65,1,"","","","","","","","","","","","",10.2,1,"","","","","","","","","","","","","","","","","","","","","","","","","","","","","","","","","","","","","","","","","","","","","","","","","","","","","","","","","","","","","","","","","","","","","","","","","","","","","","","","","","","","","","","","","","","","","","","","","","","","","","","","","","","","","","","","","","","",""
"06163007","TENDE_SAPC",44.043167,7.586,636,2000053008,0.,1,"","","","","","","","","","","","","","","","","","","","","","","","","","","","","","","","","","",18.1,1,8.9,1,13.9,1,"","",18.1,1,"","","","","","","","","","","","","","","","","","","","",55,1,"","","","","","","","","","","","",11.4,1,"","","","","","","","","","","","","","","","","","","","","","","","","","","","","","","","","","","","","","","","","","","","","","","","","","","","","","","","","","","","","","","","","","","","","","","","","","","","","","","","","","","","","","","","","","","","","","","","","","","","","","","","","","","","","","","","","","","",""
"06163007","TENDE_SAPC",44.043167,7.586,636,2000053009,0.,1,"","","","","","","","","","","","","","","","","","","","","","","","","","","","","","","","","","",20.1,1,9.6,1,18.2,1,"","",20.2,1,"","","","","","","","","","","","","","","","","","","","",51,1,"","","","","","","","","","","","",12.,1,"","","","","","","","","","","","","","","","","","","","","","","","","","","","","","","","","","","","","","","","","","","","","","","","","","","","","","","","","","","","","","","","","","","","","","","","","","","","","","","","","","","","","","","","","","","","","","","","","","","","","","","","","","","","","","","","","","","",""
"06163007","TENDE_SAPC",44.043167,7.586,636,2000053010,0.,1,"","","","","","","","","","","","","","","","","","","","","","","","","","","","","","","","","","",21.,1,9.6,1,20.1,1,"","",21.,1,"","","","","","","","","","","","","","","","","","","","",48,1,"","","","","","","","","","","","",11.9,1,"","","","","","","","","","","","","","","","","","","","","","","","","","","","","","","","","","","","","","","","","","","","","","","","","","","","","","","","","","","","","","","","","","","","","","","","","","","","","","","","","","","","","","","","","","","","","","","","","","","","","","","","","","","","","","","","","","","",""
"06163007","TENDE_SAPC",44.043167,7.586,636,2000053011,0.,1,"","","","","","","","","","","","","","","","","","","","","","","","","","","","","","","","","","",21.7,1,10.8,1,20.9,1,"","",21.9,1,"","","","","","","","","","","","","","","","","","","","",50,1,"","","","","","","","","","","","",12.9,1,"","","","","","","","","","","","","","","","","","","","","","","","","","","","","","","","","","","","","","","","","","","","","","","","","","","","","","","","","","","","","","","","","","","","","","","","","","","","","","","","","","","","","","","","","","","","","","","","","","","","","","","","","","","","","","","","","","","",""
"06163007","TENDE_SAPC",44.043167,7.586,636,2000053012,0.,1,"","","","","","","","","","","","","","","","","","","","","","","","","","","","","","","","","","",21.3,1,11.3,1,21.,1,"","",21.9,1,"","","","","","","","","","","","","","","","","","","","",53,1,"","","","","","","","","","","","",13.4,1,"","","","","","","","","","","","","","","","","","","","","","","","","","","","","","","","","","","","","","","","","","","","","","","","","","","","","","","","","","","","","","","","","","","","","","","","","","","","","","","","","","","","","","","","","","","","","","","","","","","","","","","","","","","","","","","","","","","",""
"06163007","TENDE_SAPC",44.043167,7.586,636,2000053013,0.,1,"","","","","","","","","","","","","","","","","","","","","","","","","","","","","","","","","","",20.9,1,10.4,1,20.,1,"","",21.3,1,"","","","","","","","","","","","","","","","","","","","",51,1,"","","","","","","","","","","","",12.6,1,"","","","","","","","","","","","","","","","","","","","","","","","","","","","","","","","","","","","","","","","","","","","","","","","","","","","","","","","","","","","","","","","","","","","","","","","","","","","","","","","","","","","","","","","","","","","","","","","","","","","","","","","","","","","","","","","","","","",""
"06163007","TENDE_SAPC",44.043167,7.586,636,2000053014,0.,1,"","","","","","","","","","","","","","","","","","","","","","","","","","","","","","","","","","",22.1,1,9.6,1,21.,1,"","",22.4,1,"","","","","","","","","","","","","","","","","","","","",45,1,"","","","","","","","","","","","",11.9,1,"","","","","","","","","","","","","","","","","","","","","","","","","","","","","","","","","","","","","","","","","","","","","","","","","","","","","","","","","","","","","","","","","","","","","","","","","","","","","","","","","","","","","","","","","","","","","","","","","","","","","","","","","","","","","","","","","","","",""
"06163007","TENDE_SAPC",44.043167,7.586,636,2000053015,0.,1,"","","","","","","","","","","","","","","","","","","","","","","","","","","","","","","","","","",21.6,1,9.5,1,21.6,1,"","",22.1,1,"","","","","","","","","","","","","","","","","","","","",46,1,"","","","","","","","","","","","",11.8,1,"","","","","","","","","","","","","","","","","","","","","","","","","","","","","","","","","","","","","","","","","","","","","","","","","","","","","","","","","","","","","","","","","","","","","","","","","","","","","","","","","","","","","","","","","","","","","","","","","","","","","","","","","","","","","","","","","","","",""
"06163007","TENDE_SAPC",44.043167,7.586,636,2000053016,0.,1,"","","","","","","","","","","","","","","","","","","","","","","","","","","","","","","","","","",19.9,1,10.,1,19.9,1,"","",21.5,1,"","","","","","","","","","","","","","","","","","","","",53,1,"","","","","","","","","","","","",12.3,1,"","","","","","","","","","","","","","","","","","","","","","","","","","","","","","","","","","","","","","","","","","","","","","","","","","","","","","","","","","","","","","","","","","","","","","","","","","","","","","","","","","","","","","","","","","","","","","","","","","","","","","","","","","","","","","","","","","","",""
"06163007","TENDE_SAPC",44.043167,7.586,636,2000053017,0.,1,"","","","","","","","","","","","","","","","","","","","","","","","","","","","","","","","","","",18.7,1,10.,1,18.7,1,"","",19.8,1,"","","","","","","","","","","","","","","","","","","","",57,1,"","","","","","","","","","","","",12.3,1,"","","","","","","","","","","","","","","","","","","","","","","","","","","","","","","","","","","","","","","","","","","","","","","","","","","","","","","","","","","","","","","","","","","","","","","","","","","","","","","","","","","","","","","","","","","","","","","","","","","","","","","","","","","","","","","","","","","",""
"06163007","TENDE_SAPC",44.043167,7.586,636,2000053018,0.,1,"","","","","","","","","","","","","","","","","","","","","","","","","","","","","","","","","","",18.,1,9.9,1,18.,1,"","",18.7,1,"","","","","","","","","","","","","","","","","","","","",59,1,"","","","","","","","","","","","",12.1,1,"","","","","","","","","","","","","","","","","","","","","","","","","","","","","","","","","","","","","","","","","","","","","","","","","","","","","","","","","","","","","","","","","","","","","","","","","","","","","","","","","","","","","","","","","","","","","","","","","","","","","","","","","","","","","","","","","","","",""
"06163007","TENDE_SAPC",44.043167,7.586,636,2000053019,0.,1,"","","","","","","","","","","","","","","","","","","","","","","","","","","","","","","","","","",15.5,1,10.5,1,15.5,1,"","",18.,1,"","","","","","","","","","","","","","","","","","","","",72,1,"","","","","","","","","","","","",12.7,1,"","","","","","","","","","","","","","","","","","","","","","","","","","","","","","","","","","","","","","","","","","","","","","","","","","","","","","","","","","","","","","","","","","","","","","","","","","","","","","","","","","","","","","","","","","","","","","","","","","","","","","","","","","","","","","","","","","","",""
"06163007","TENDE_SAPC",44.043167,7.586,636,2000053020,0.,1,"","","","","","","","","","","","","","","","","","","","","","","","","","","","","","","","","","",13.6,1,10.,1,13.6,1,"","",15.4,1,"","","","","","","","","","","","","","","","","","","","",79,1,"","","","","","","","","","","","",12.3,1,"","","","","","","","","","","","","","","","","","","","","","","","","","","","","","","","","","","","","","","","","","","","","","","","","","","","","","","","","","","","","","","","","","","","","","","","","","","","","","","","","","","","","","","","","","","","","","","","","","","","","","","","","","","","","","","","","","","",""
"06163007","TENDE_SAPC",44.043167,7.586,636,2000053021,0.,1,"","","","","","","","","","","","","","","","","","","","","","","","","","","","","","","","","","",12.4,1,9.8,1,12.4,1,"","",13.5,1,"","","","","","","","","","","","","","","","","","","","",84,1,"","","","","","","","","","","","",12.1,1,"","","","","","","","","","","","","","","","","","","","","","","","","","","","","","","","","","","","","","","","","","","","","","","","","","","","","","","","","","","","","","","","","","","","","","","","","","","","","","","","","","","","","","","","","","","","","","","","","","","","","","","","","","","","","","","","","","","",""
"06163007","TENDE_SAPC",44.043167,7.586,636,2000053022,0.,1,"","","","","","","","","","","","","","","","","","","","","","","","","","","","","","","","","","",11.8,1,9.4,1,11.8,1,"","",12.4,1,"","","","","","","","","","","","","","","","","","","","",85,1,"","","","","","","","","","","","",11.7,1,"","","","","","","","","","","","","","","","","","","","","","","","","","","","","","","","","","","","","","","","","","","","","","","","","","","","","","","","","","","","","","","","","","","","","","","","","","","","","","","","","","","","","","","","","","","","","","","","","","","","","","","","","","","","","","","","","","","",""
"06163007","TENDE_SAPC",44.043167,7.586,636,2000053023,0.,1,"","","","","","","","","","","","","","","","","","","","","","","","","","","","","","","","","","",11.8,1,9.2,1,11.8,1,"","",12.,1,"","","","","","","","","","","","","","","","","","","","",84,1,"","","","","","","","","","","","",11.6,1,"","","","","","","","","","","","","","","","","","","","","","","","","","","","","","","","","","","","","","","","","","","","","","","","","","","","","","","","","","","","","","","","","","","","","","","","","","","","","","","","","","","","","","","","","","","","","","","","","","","","","","","","","","","","","","","","","","","",""
"06163007","TENDE_SAPC",44.043167,7.586,636,2000053100,0.,1,"","","","","","","","","","","","","","","","","","","","","","","","","","","","","","","","","","",11.6,1,9.,1,11.5,1,"","",11.8,1,"","","","","","","","","","","","","","","","","","","","",84,1,"","","","","","","","","","","","",11.5,1,"","","","","","","","","","","","","","","","","","","","","","","","","","","","","","","","","","","","","","","","","","","","","","","","","","","","","","","","","","","","","","","","","","","","","","","","","","","","","","","","","","","","","","","","","","","","","","","","","","","","","","","","","","","","","","","","","","","",""
"06163007","TENDE_SAPC",44.043167,7.586,636,2000053101,0.,1,"","","","","","","","","","","","","","","","","","","","","","","","","","","","","","","","","","",11.7,1,8.9,1,11.5,1,"","",11.8,1,"","","","","","","","","","","","","","","","","","","","",83,1,"","","","","","","","","","","","",11.4,1,"","","","","","","","","","","","","","","","","","","","","","","","","","","","","","","","","","","","","","","","","","","","","","","","","","","","","","","","","","","","","","","","","","","","","","","","","","","","","","","","","","","","","","","","","","","","","","","","","","","","","","","","","","","","","","","","","","","",""
"06163007","TENDE_SAPC",44.043167,7.586,636,2000053102,0.,1,"","","","","","","","","","","","","","","","","","","","","","","","","","","","","","","","","","",11.4,1,8.8,1,11.4,1,"","",11.7,1,"","","","","","","","","","","","","","","","","","","","",84,1,"","","","","","","","","","","","",11.3,1,"","","","","","","","","","","","","","","","","","","","","","","","","","","","","","","","","","","","","","","","","","","","","","","","","","","","","","","","","","","","","","","","","","","","","","","","","","","","","","","","","","","","","","","","","","","","","","","","","","","","","","","","","","","","","","","","","","","",""
"06163007","TENDE_SAPC",44.043167,7.586,636,2000053103,0.,1,"","","","","","","","","","","","","","","","","","","","","","","","","","","","","","","","","","",11.2,1,8.6,1,11.2,1,"","",11.4,1,"","","","","","","","","","","","","","","","","","","","",84,1,"","","","","","","","","","","","",11.2,1,"","","","","","","","","","","","","","","","","","","","","","","","","","","","","","","","","","","","","","","","","","","","","","","","","","","","","","","","","","","","","","","","","","","","","","","","","","","","","","","","","","","","","","","","","","","","","","","","","","","","","","","","","","","","","","","","","","","",""
"06163007","TENDE_SAPC",44.043167,7.586,636,2000053104,0.,1,"","","","","","","","","","","","","","","","","","","","","","","","","","","","","","","","","","",10.8,1,8.2,1,10.7,1,"","",11.2,1,"","","","","","","","","","","","","","","","","","","","",84,1,"","","","","","","","","","","","",10.9,1,"","","","","","","","","","","","","","","","","","","","","","","","","","","","","","","","","","","","","","","","","","","","","","","","","","","","","","","","","","","","","","","","","","","","","","","","","","","","","","","","","","","","","","","","","","","","","","","","","","","","","","","","","","","","","","","","","","","",""
"06163007","TENDE_SAPC",44.043167,7.586,636,2000053105,0.,1,"","","","","","","","","","","","","","","","","","","","","","","","","","","","","","","","","","",11.5,1,7.4,1,10.8,1,"","",11.5,1,"","","","","","","","","","","","","","","","","","","","",76,1,"","","","","","","","","","","","",10.3,1,"","","","","","","","","","","","","","","","","","","","","","","","","","","","","","","","","","","","","","","","","","","","","","","","","","","","","","","","","","","","","","","","","","","","","","","","","","","","","","","","","","","","","","","","","","","","","","","","","","","","","","","","","","","","","","","","","","","",""
"06163007","TENDE_SAPC",44.043167,7.586,636,2000053106,0.,1,"","","","","","","","","","","","","","","","","","","","","","","","","","","","","","","","","","",12.6,1,7.7,1,11.5,1,"","",12.6,1,"","","","","","","","","","","","","","","","","","","","",72,1,"","","","","","","","","","","","",10.5,1,"","","","","","","","","","","","","","","","","","","","","","","","","","","","","","","","","","","","","","","","","","","","","","","","","","","","","","","","","","","","","","","","","","","","","","","","","","","","","","","","","","","","","","","","","","","","","","","","","","","","","","","","","","","","","","","","","","","",""
"06163007","TENDE_SAPC",44.043167,7.586,636,2000053107,0.,1,"","","","","","","","","","","","","","","","","","","","","","","","","","","","","","","","","","",15.3,1,8.1,1,12.6,1,"","",15.3,1,"","","","","","","","","","","","","","","","","","","","",62,1,"","","","","","","","","","","","",10.8,1,"","","","","","","","","","","","","","","","","","","","","","","","","","","","","","","","","","","","","","","","","","","","","","","","","","","","","","","","","","","","","","","","","","","","","","","","","","","","","","","","","","","","","","","","","","","","","","","","","","","","","","","","","","","","","","","","","","","",""
"06163007","TENDE_SAPC",44.043167,7.586,636,2000053108,0.,1,"","","","","","","","","","","","","","","","","","","","","","","","","","","","","","","","","","",18.1,1,8.6,1,15.4,1,"","",18.1,1,"","","","","","","","","","","","","","","","","","","","",54,1,"","","","","","","","","","","","",11.2,1,"","","","","","","","","","","","","","","","","","","","","","","","","","","","","","","","","","","","","","","","","","","","","","","","","","","","","","","","","","","","","","","","","","","","","","","","","","","","","","","","","","","","","","","","","","","","","","","","","","","","","","","","","","","","","","","","","","","",""
"06163007","TENDE_SAPC",44.043167,7.586,636,2000053109,0.,1,"","","","","","","","","","","","","","","","","","","","","","","","","","","","","","","","","","",20.9,1,7.1,1,18.1,1,"","",20.9,1,"","","","","","","","","","","","","","","","","","","","",41,1,"","","","","","","","","","","","",10.1,1,"","","","","","","","","","","","","","","","","","","","","","","","","","","","","","","","","","","","","","","","","","","","","","","","","","","","","","","","","","","","","","","","","","","","","","","","","","","","","","","","","","","","","","","","","","","","","","","","","","","","","","","","","","","","","","","","","","","",""
"06163007","TENDE_SAPC",44.043167,7.586,636,2000053110,0.,1,"","","","","","","","","","","","","","","","","","","","","","","","","","","","","","","","","","",21.9,1,9.4,1,20.8,1,"","",21.9,1,"","","","","","","","","","","","","","","","","","","","",45,1,"","","","","","","","","","","","",11.8,1,"","","","","","","","","","","","","","","","","","","","","","","","","","","","","","","","","","","","","","","","","","","","","","","","","","","","","","","","","","","","","","","","","","","","","","","","","","","","","","","","","","","","","","","","","","","","","","","","","","","","","","","","","","","","","","","","","","","",""
"06163007","TENDE_SAPC",44.043167,7.586,636,2000053111,0.,1,"","","","","","","","","","","","","","","","","","","","","","","","","","","","","","","","","","",22.7,1,10.5,1,21.9,1,"","",22.7,1,"","","","","","","","","","","","","","","","","","","","",46,1,"","","","","","","","","","","","",12.7,1,"","","","","","","","","","","","","","","","","","","","","","","","","","","","","","","","","","","","","","","","","","","","","","","","","","","","","","","","","","","","","","","","","","","","","","","","","","","","","","","","","","","","","","","","","","","","","","","","","","","","","","","","","","","","","","","","","","","",""
"06163007","TENDE_SAPC",44.043167,7.586,636,2000053112,0.,1,"","","","","","","","","","","","","","","","","","","","","","","","","","","","","","","","","","",22.7,1,11.7,1,22.3,1,"","",22.9,1,"","","","","","","","","","","","","","","","","","","","",50,1,"","","","","","","","","","","","",13.8,1,"","","","","","","","","","","","","","","","","","","","","","","","","","","","","","","","","","","","","","","","","","","","","","","","","","","","","","","","","","","","","","","","","","","","","","","","","","","","","","","","","","","","","","","","","","","","","","","","","","","","","","","","","","","","","","","","","","","",""
"06163007","TENDE_SAPC",44.043167,7.586,636,2000053113,0.,1,"","","","","","","","","","","","","","","","","","","","","","","","","","","","","","","","","","",21.8,1,12.6,1,21.7,1,"","",22.8,1,"","","","","","","","","","","","","","","","","","","","",56,1,"","","","","","","","","","","","",14.6,1,"","","","","","","","","","","","","","","","","","","","","","","","","","","","","","","","","","","","","","","","","","","","","","","","","","","","","","","","","","","","","","","","","","","","","","","","","","","","","","","","","","","","","","","","","","","","","","","","","","","","","","","","","","","","","","","","","","","",""
"06163007","TENDE_SAPC",44.043167,7.586,636,2000053114,0.,1,"","","","","","","","","","","","","","","","","","","","","","","","","","","","","","","","","","",21.8,1,12.9,1,21.8,1,"","",22.2,1,"","","","","","","","","","","","","","","","","","","","",57,1,"","","","","","","","","","","","",14.9,1,"","","","","","","","","","","","","","","","","","","","","","","","","","","","","","","","","","","","","","","","","","","","","","","","","","","","","","","","","","","","","","","","","","","","","","","","","","","","","","","","","","","","","","","","","","","","","","","","","","","","","","","","","","","","","","","","","","","",""
"06163007","TENDE_SAPC",44.043167,7.586,636,2000053115,0.,1,"","","","","","","","","","","","","","","","","","","","","","","","","","","","","","","","","","",22.1,1,13.2,1,21.8,1,"","",22.6,1,"","","","","","","","","","","","","","","","","","","","",57,1,"","","","","","","","","","","","",15.1,1,"","","","","","","","","","","","","","","","","","","","","","","","","","","","","","","","","","","","","","","","","","","","","","","","","","","","","","","","","","","","","","","","","","","","","","","","","","","","","","","","","","","","","","","","","","","","","","","","","","","","","","","","","","","","","","","","","","","",""
"06163007","TENDE_SAPC",44.043167,7.586,636,2000053116,0.,1,"","","","","","","","","","","","","","","","","","","","","","","","","","","","","","","","","","",21.6,1,13.5,1,21.6,1,"","",22.4,1,"","","","","","","","","","","","","","","","","","","","",60,1,"","","","","","","","","","","","",15.4,1,"","","","","","","","","","","","","","","","","","","","","","","","","","","","","","","","","","","","","","","","","","","","","","","","","","","","","","","","","","","","","","","","","","","","","","","","","","","","","","","","","","","","","","","","","","","","","","","","","","","","","","","","","","","","","","","","","","","",""
"06163007","TENDE_SAPC",44.043167,7.586,636,2000053117,0.,1,"","","","","","","","","","","","","","","","","","","","","","","","","","","","","","","","","","",20.7,1,13.6,1,20.7,1,"","",21.6,1,"","","","","","","","","","","","","","","","","","","","",64,1,"","","","","","","","","","","","",15.6,1,"","","","","","","","","","","","","","","","","","","","","","","","","","","","","","","","","","","","","","","","","","","","","","","","","","","","","","","","","","","","","","","","","","","","","","","","","","","","","","","","","","","","","","","","","","","","","","","","","","","","","","","","","","","","","","","","","","","",""
"06163007","TENDE_SAPC",44.043167,7.586,636,2000053118,0.,1,"","","","","","","","","","","","","","","","","","","","","","","","","","","","","","","","","","",20.,1,13.9,1,20.,1,"","",20.7,1,"","","","","","","","","","","","","","","","","","","","",68,1,"","","","","","","","","","","","",15.9,1,"","","","","","","","","","","","","","","","","","","","","","","","","","","","","","","","","","","","","","","","","","","","","","","","","","","","","","","","","","","","","","","","","","","","","","","","","","","","","","","","","","","","","","","","","","","","","","","","","","","","","","","","","","","","","","","","","","","",""
"06163007","TENDE_SAPC",44.043167,7.586,636,2000053119,0.,1,"","","","","","","","","","","","","","","","","","","","","","","","","","","","","","","","","","",18.,1,14.1,1,18.,1,"","",20.,1,"","","","","","","","","","","","","","","","","","","","",78,1,"","","","","","","","","","","","",16.1,1,"","","","","","","","","","","","","","","","","","","","","","","","","","","","","","","","","","","","","","","","","","","","","","","","","","","","","","","","","","","","","","","","","","","","","","","","","","","","","","","","","","","","","","","","","","","","","","","","","","","","","","","","","","","","","","","","","","","",""
"06163007","TENDE_SAPC",44.043167,7.586,636,2000053120,0.,1,"","","","","","","","","","","","","","","","","","","","","","","","","","","","","","","","","","",16.,1,13.5,1,16.,1,"","",18.,1,"","","","","","","","","","","","","","","","","","","","",85,1,"","","","","","","","","","","","",15.4,1,"","","","","","","","","","","","","","","","","","","","","","","","","","","","","","","","","","","","","","","","","","","","","","","","","","","","","","","","","","","","","","","","","","","","","","","","","","","","","","","","","","","","","","","","","","","","","","","","","","","","","","","","","","","","","","","","","","","",""
"06163007","TENDE_SAPC",44.043167,7.586,636,2000053121,0.,1,"","","","","","","","","","","","","","","","","","","","","","","","","","","","","","","","","","",14.7,1,12.7,1,14.7,1,"","",16.,1,"","","","","","","","","","","","","","","","","","","","",88,1,"","","","","","","","","","","","",14.7,1,"","","","","","","","","","","","","","","","","","","","","","","","","","","","","","","","","","","","","","","","","","","","","","","","","","","","","","","","","","","","","","","","","","","","","","","","","","","","","","","","","","","","","","","","","","","","","","","","","","","","","","","","","","","","","","","","","","","",""
"06163007","TENDE_SAPC",44.043167,7.586,636,2000053122,0.,1,"","","","","","","","","","","","","","","","","","","","","","","","","","","","","","","","","","",14.,1,12.2,1,14.,1,"","",14.8,1,"","","","","","","","","","","","","","","","","","","","",89,1,"","","","","","","","","","","","",14.2,1,"","","","","","","","","","","","","","","","","","","","","","","","","","","","","","","","","","","","","","","","","","","","","","","","","","","","","","","","","","","","","","","","","","","","","","","","","","","","","","","","","","","","","","","","","","","","","","","","","","","","","","","","","","","","","","","","","","","",""
"06163007","TENDE_SAPC",44.043167,7.586,636,2000053123,0.,1,"","","","","","","","","","","","","","","","","","","","","","","","","","","","","","","","","","",13.2,1,11.3,1,13.1,1,"","",14.,1,"","","","","","","","","","","","","","","","","","","","",88,1,"","","","","","","","","","","","",13.3,1,"","","","","","","","","","","","","","","","","","","","","","","","","","","","","","","","","","","","","","","","","","","","","","","","","","","","","","","","","","","","","","","","","","","","","","","","","","","","","","","","","","","","","","","","","","","","","","","","","","","","","","","","","","","","","","","","","","","",""
"06163007","TENDE_SAPC",44.043167,7.586,636,2000060100,0.,1,"","","","","","","","","","","","","","","","","","","","","","","","","","","","","","","","","","",12.3,1,10.,1,12.3,1,"","",13.1,1,"","","","","","","","","","","","","","","","","","","","",86,1,"","","","","","","","","","","","",12.3,1,"","","","","","","","","","","","","","","","","","","","","","","","","","","","","","","","","","","","","","","","","","","","","","","","","","","","","","","","","","","","","","","","","","","","","","","","","","","","","","","","","","","","","","","","","","","","","","","","","","","","","","","","","","","","","","","","","","","",""
"06163007","TENDE_SAPC",44.043167,7.586,636,2000060101,0.,1,"","","","","","","","","","","","","","","","","","","","","","","","","","","","","","","","","","",11.9,1,9.3,1,11.8,1,"","",12.3,1,"","","","","","","","","","","","","","","","","","","","",84,1,"","","","","","","","","","","","",11.7,1,"","","","","","","","","","","","","","","","","","","","","","","","","","","","","","","","","","","","","","","","","","","","","","","","","","","","","","","","","","","","","","","","","","","","","","","","","","","","","","","","","","","","","","","","","","","","","","","","","","","","","","","","","","","","","","","","","","","",""
"06163007","TENDE_SAPC",44.043167,7.586,636,2000060102,0.,1,"","","","","","","","","","","","","","","","","","","","","","","","","","","","","","","","","","",11.3,1,8.3,1,11.3,1,"","",11.9,1,"","","","","","","","","","","","","","","","","","","","",82,1,"","","","","","","","","","","","",11.,1,"","","","","","","","","","","","","","","","","","","","","","","","","","","","","","","","","","","","","","","","","","","","","","","","","","","","","","","","","","","","","","","","","","","","","","","","","","","","","","","","","","","","","","","","","","","","","","","","","","","","","","","","","","","","","","","","","","","",""
"06163007","TENDE_SAPC",44.043167,7.586,636,2000060103,0.,1,"","","","","","","","","","","","","","","","","","","","","","","","","","","","","","","","","","",11.8,1,8.3,1,11.1,1,"","",11.8,1,"","","","","","","","","","","","","","","","","","","","",79,1,"","","","","","","","","","","","",10.9,1,"","","","","","","","","","","","","","","","","","","","","","","","","","","","","","","","","","","","","","","","","","","","","","","","","","","","","","","","","","","","","","","","","","","","","","","","","","","","","","","","","","","","","","","","","","","","","","","","","","","","","","","","","","","","","","","","","","","",""
"06163007","TENDE_SAPC",44.043167,7.586,636,2000060104,0.,1,"","","","","","","","","","","","","","","","","","","","","","","","","","","","","","","","","","",11.9,1,7.8,1,11.8,1,"","",12.1,1,"","","","","","","","","","","","","","","","","","","","",76,1,"","","","","","","","","","","","",10.6,1,"","","","","","","","","","","","","","","","","","","","","","","","","","","","","","","","","","","","","","","","","","","","","","","","","","","","","","","","","","","","","","","","","","","","","","","","","","","","","","","","","","","","","","","","","","","","","","","","","","","","","","","","","","","","","","","","","","","",""
"06163007","TENDE_SAPC",44.043167,7.586,636,2000060105,0.,1,"","","","","","","","","","","","","","","","","","","","","","","","","","","","","","","","","","",12.4,1,8.3,1,11.8,1,"","",12.4,1,"","","","","","","","","","","","","","","","","","","","",76,1,"","","","","","","","","","","","",10.9,1,"","","","","","","","","","","","","","","","","","","","","","","","","","","","","","","","","","","","","","","","","","","","","","","","","","","","","","","","","","","","","","","","","","","","","","","","","","","","","","","","","","","","","","","","","","","","","","","","","","","","","","","","","","","","","","","","","","","",""
"06163007","TENDE_SAPC",44.043167,7.586,636,2000060106,0.,1,"","","","","","","","","","","","","","","","","","","","","","","","","","","","","","","","","","",13.6,1,9.4,1,12.4,1,"","",13.7,1,"","","","","","","","","","","","","","","","","","","","",76,1,"","","","","","","","","","","","",11.8,1,"","","","","","","","","","","","","","","","","","","","","","","","","","","","","","","","","","","","","","","","","","","","","","","","","","","","","","","","","","","","","","","","","","","","","","","","","","","","","","","","","","","","","","","","","","","","","","","","","","","","","","","","","","","","","","","","","","","",""
"06163007","TENDE_SAPC",44.043167,7.586,636,2000060107,0.,1,"","","","","","","","","","","","","","","","","","","","","","","","","","","","","","","","","","",18.6,1,9.9,1,13.6,1,"","",18.6,1,"","","","","","","","","","","","","","","","","","","","",57,1,"","","","","","","","","","","","",12.2,1,"","","","","","","","","","","","","","","","","","","","","","","","","","","","","","","","","","","","","","","","","","","","","","","","","","","","","","","","","","","","","","","","","","","","","","","","","","","","","","","","","","","","","","","","","","","","","","","","","","","","","","","","","","","","","","","","","","","",""
"06163007","TENDE_SAPC",44.043167,7.586,636,2000060108,0.,1,"","","","","","","","","","","","","","","","","","","","","","","","","","","","","","","","","","",22.7,1,9.5,1,18.7,1,"","",22.7,1,"","","","","","","","","","","","","","","","","","","","",43,1,"","","","","","","","","","","","",11.8,1,"","","","","","","","","","","","","","","","","","","","","","","","","","","","","","","","","","","","","","","","","","","","","","","","","","","","","","","","","","","","","","","","","","","","","","","","","","","","","","","","","","","","","","","","","","","","","","","","","","","","","","","","","","","","","","","","","","","",""
"06163007","TENDE_SAPC",44.043167,7.586,636,2000060109,0.,1,"","","","","","","","","","","","","","","","","","","","","","","","","","","","","","","","","","",24.,1,10.6,1,22.7,1,"","",24.,1,"","","","","","","","","","","","","","","","","","","","",43,1,"","","","","","","","","","","","",12.8,1,"","","","","","","","","","","","","","","","","","","","","","","","","","","","","","","","","","","","","","","","","","","","","","","","","","","","","","","","","","","","","","","","","","","","","","","","","","","","","","","","","","","","","","","","","","","","","","","","","","","","","","","","","","","","","","","","","","","",""
"06163007","TENDE_SAPC",44.043167,7.586,636,2000060110,0.,1,"","","","","","","","","","","","","","","","","","","","","","","","","","","","","","","","","","",24.1,1,9.3,1,24.,1,"","",25.1,1,"","","","","","","","","","","","","","","","","","","","",39,1,"","","","","","","","","","","","",11.7,1,"","","","","","","","","","","","","","","","","","","","","","","","","","","","","","","","","","","","","","","","","","","","","","","","","","","","","","","","","","","","","","","","","","","","","","","","","","","","","","","","","","","","","","","","","","","","","","","","","","","","","","","","","","","","","","","","","","","",""
"06163007","TENDE_SAPC",44.043167,7.586,636,2000060111,0.,1,"","","","","","","","","","","","","","","","","","","","","","","","","","","","","","","","","","",24.4,1,10.3,1,23.9,1,"","",24.5,1,"","","","","","","","","","","","","","","","","","","","",41,1,"","","","","","","","","","","","",12.5,1,"","","","","","","","","","","","","","","","","","","","","","","","","","","","","","","","","","","","","","","","","","","","","","","","","","","","","","","","","","","","","","","","","","","","","","","","","","","","","","","","","","","","","","","","","","","","","","","","","","","","","","","","","","","","","","","","","","","",""
"06163007","TENDE_SAPC",44.043167,7.586,636,2000060112,0.,1,"","","","","","","","","","","","","","","","","","","","","","","","","","","","","","","","","","",24.6,1,10.8,1,24.4,1,"","",24.7,1,"","","","","","","","","","","","","","","","","","","","",42,1,"","","","","","","","","","","","",13.,1,"","","","","","","","","","","","","","","","","","","","","","","","","","","","","","","","","","","","","","","","","","","","","","","","","","","","","","","","","","","","","","","","","","","","","","","","","","","","","","","","","","","","","","","","","","","","","","","","","","","","","","","","","","","","","","","","","","","",""
"06163007","TENDE_SAPC",44.043167,7.586,636,2000060113,0.,1,"","","","","","","","","","","","","","","","","","","","","","","","","","","","","","","","","","",24.2,1,10.8,1,24.,1,"","",24.8,1,"","","","","","","","","","","","","","","","","","","","",43,1,"","","","","","","","","","","","",13.,1,"","","","","","","","","","","","","","","","","","","","","","","","","","","","","","","","","","","","","","","","","","","","","","","","","","","","","","","","","","","","","","","","","","","","","","","","","","","","","","","","","","","","","","","","","","","","","","","","","","","","","","","","","","","","","","","","","","","",""
"06163007","TENDE_SAPC",44.043167,7.586,636,2000060114,0.,1,"","","","","","","","","","","","","","","","","","","","","","","","","","","","","","","","","","",24.,1,11.,1,23.8,1,"","",24.2,1,"","","","","","","","","","","","","","","","","","","","",44,1,"","","","","","","","","","","","",13.1,1,"","","","","","","","","","","","","","","","","","","","","","","","","","","","","","","","","","","","","","","","","","","","","","","","","","","","","","","","","","","","","","","","","","","","","","","","","","","","","","","","","","","","","","","","","","","","","","","","","","","","","","","","","","","","","","","","","","","",""
"06163007","TENDE_SAPC",44.043167,7.586,636,2000060115,0.,1,"","","","","","","","","","","","","","","","","","","","","","","","","","","","","","","","","","",23.1,1,11.5,1,23.1,1,"","",24.3,1,"","","","","","","","","","","","","","","","","","","","",48,1,"","","","","","","","","","","","",13.5,1,"","","","","","","","","","","","","","","","","","","","","","","","","","","","","","","","","","","","","","","","","","","","","","","","","","","","","","","","","","","","","","","","","","","","","","","","","","","","","","","","","","","","","","","","","","","","","","","","","","","","","","","","","","","","","","","","","","","",""
"06163007","TENDE_SAPC",44.043167,7.586,636,2000060116,0.,1,"","","","","","","","","","","","","","","","","","","","","","","","","","","","","","","","","","",22.,1,12.3,1,22.,1,"","",23.,1,"","","","","","","","","","","","","","","","","","","","",54,1,"","","","","","","","","","","","",14.2,1,"","","","","","","","","","","","","","","","","","","","","","","","","","","","","","","","","","","","","","","","","","","","","","","","","","","","","","","","","","","","","","","","","","","","","","","","","","","","","","","","","","","","","","","","","","","","","","","","","","","","","","","","","","","","","","","","","","","",""
"06163007","TENDE_SAPC",44.043167,7.586,636,2000060117,0.,1,"","","","","","","","","","","","","","","","","","","","","","","","","","","","","","","","","","",21.4,1,12.3,1,21.4,1,"","",22.,1,"","","","","","","","","","","","","","","","","","","","",56,1,"","","","","","","","","","","","",14.2,1,"","","","","","","","","","","","","","","","","","","","","","","","","","","","","","","","","","","","","","","","","","","","","","","","","","","","","","","","","","","","","","","","","","","","","","","","","","","","","","","","","","","","","","","","","","","","","","","","","","","","","","","","","","","","","","","","","","","",""
"06163007","TENDE_SAPC",44.043167,7.586,636,2000060118,0.,1,"","","","","","","","","","","","","","","","","","","","","","","","","","","","","","","","","","",20.9,1,12.8,1,20.9,1,"","",21.4,1,"","","","","","","","","","","","","","","","","","","","",60,1,"","","","","","","","","","","","",14.8,1,"","","","","","","","","","","","","","","","","","","","","","","","","","","","","","","","","","","","","","","","","","","","","","","","","","","","","","","","","","","","","","","","","","","","","","","","","","","","","","","","","","","","","","","","","","","","","","","","","","","","","","","","","","","","","","","","","","","",""
"06163007","TENDE_SAPC",44.043167,7.586,636,2000060119,0.,1,"","","","","","","","","","","","","","","","","","","","","","","","","","","","","","","","","","",18.5,1,12.7,1,18.5,1,"","",20.9,1,"","","","","","","","","","","","","","","","","","","","",69,1,"","","","","","","","","","","","",14.7,1,"","","","","","","","","","","","","","","","","","","","","","","","","","","","","","","","","","","","","","","","","","","","","","","","","","","","","","","","","","","","","","","","","","","","","","","","","","","","","","","","","","","","","","","","","","","","","","","","","","","","","","","","","","","","","","","","","","","",""
"06163007","TENDE_SAPC",44.043167,7.586,636,2000060120,0.,1,"","","","","","","","","","","","","","","","","","","","","","","","","","","","","","","","","","",16.1,1,11.7,1,16.1,1,"","",18.4,1,"","","","","","","","","","","","","","","","","","","","",75,1,"","","","","","","","","","","","",13.7,1,"","","","","","","","","","","","","","","","","","","","","","","","","","","","","","","","","","","","","","","","","","","","","","","","","","","","","","","","","","","","","","","","","","","","","","","","","","","","","","","","","","","","","","","","","","","","","","","","","","","","","","","","","","","","","","","","","","","",""
"06163007","TENDE_SAPC",44.043167,7.586,636,2000060121,0.,1,"","","","","","","","","","","","","","","","","","","","","","","","","","","","","","","","","","",14.9,1,11.3,1,14.9,1,"","",16.1,1,"","","","","","","","","","","","","","","","","","","","",79,1,"","","","","","","","","","","","",13.4,1,"","","","","","","","","","","","","","","","","","","","","","","","","","","","","","","","","","","","","","","","","","","","","","","","","","","","","","","","","","","","","","","","","","","","","","","","","","","","","","","","","","","","","","","","","","","","","","","","","","","","","","","","","","","","","","","","","","","",""
"06163007","TENDE_SAPC",44.043167,7.586,636,2000060122,0.,1,"","","","","","","","","","","","","","","","","","","","","","","","","","","","","","","","","","",14.3,1,10.7,1,14.3,1,"","",14.9,1,"","","","","","","","","","","","","","","","","","","","",79,1,"","","","","","","","","","","","",12.9,1,"","","","","","","","","","","","","","","","","","","","","","","","","","","","","","","","","","","","","","","","","","","","","","","","","","","","","","","","","","","","","","","","","","","","","","","","","","","","","","","","","","","","","","","","","","","","","","","","","","","","","","","","","","","","","","","","","","","",""
"06163007","TENDE_SAPC",44.043167,7.586,636,2000060123,0.,1,"","","","","","","","","","","","","","","","","","","","","","","","","","","","","","","","","","",14.1,1,10.3,1,14.1,1,"","",14.7,1,"","","","","","","","","","","","","","","","","","","","",78,1,"","","","","","","","","","","","",12.5,1,"","","","","","","","","","","","","","","","","","","","","","","","","","","","","","","","","","","","","","","","","","","","","","","","","","","","","","","","","","","","","","","","","","","","","","","","","","","","","","","","","","","","","","","","","","","","","","","","","","","","","","","","","","","","","","","","","","","",""
"06163007","TENDE_SAPC",44.043167,7.586,636,2000060200,0.,1,"","","","","","","","","","","","","","","","","","","","","","","","","","","","","","","","","","",13.4,1,9.8,1,13.4,1,"","",14.3,1,"","","","","","","","","","","","","","","","","","","","",79,1,"","","","","","","","","","","","",12.1,1,"","","","","","","","","","","","","","","","","","","","","","","","","","","","","","","","","","","","","","","","","","","","","","","","","","","","","","","","","","","","","","","","","","","","","","","","","","","","","","","","","","","","","","","","","","","","","","","","","","","","","","","","","","","","","","","","","","","",""
"06163007","TENDE_SAPC",44.043167,7.586,636,2000060201,0.,1,"","","","","","","","","","","","","","","","","","","","","","","","","","","","","","","","","","",13.,1,9.4,1,13.,1,"","",13.5,1,"","","","","","","","","","","","","","","","","","","","",79,1,"","","","","","","","","","","","",11.8,1,"","","","","","","","","","","","","","","","","","","","","","","","","","","","","","","","","","","","","","","","","","","","","","","","","","","","","","","","","","","","","","","","","","","","","","","","","","","","","","","","","","","","","","","","","","","","","","","","","","","","","","","","","","","","","","","","","","","",""
"06163007","TENDE_SAPC",44.043167,7.586,636,2000060202,0.,1,"","","","","","","","","","","","","","","","","","","","","","","","","","","","","","","","","","",12.3,1,9.1,1,12.3,1,"","",13.,1,"","","","","","","","","","","","","","","","","","","","",81,1,"","","","","","","","","","","","",11.6,1,"","","","","","","","","","","","","","","","","","","","","","","","","","","","","","","","","","","","","","","","","","","","","","","","","","","","","","","","","","","","","","","","","","","","","","","","","","","","","","","","","","","","","","","","","","","","","","","","","","","","","","","","","","","","","","","","","","","",""
"06163007","TENDE_SAPC",44.043167,7.586,636,2000060203,0.,1,"","","","","","","","","","","","","","","","","","","","","","","","","","","","","","","","","","",12.2,1,8.8,1,12.2,1,"","",12.5,1,"","","","","","","","","","","","","","","","","","","","",80,1,"","","","","","","","","","","","",11.3,1,"","","","","","","","","","","","","","","","","","","","","","","","","","","","","","","","","","","","","","","","","","","","","","","","","","","","","","","","","","","","","","","","","","","","","","","","","","","","","","","","","","","","","","","","","","","","","","","","","","","","","","","","","","","","","","","","","","","",""
"06163007","TENDE_SAPC",44.043167,7.586,636,2000060204,0.,1,"","","","","","","","","","","","","","","","","","","","","","","","","","","","","","","","","","",11.6,1,8.6,1,11.6,1,"","",12.2,1,"","","","","","","","","","","","","","","","","","","","",82,1,"","","","","","","","","","","","",11.2,1,"","","","","","","","","","","","","","","","","","","","","","","","","","","","","","","","","","","","","","","","","","","","","","","","","","","","","","","","","","","","","","","","","","","","","","","","","","","","","","","","","","","","","","","","","","","","","","","","","","","","","","","","","","","","","","","","","","","",""
"06163007","TENDE_SAPC",44.043167,7.586,636,2000060205,0.,1,"","","","","","","","","","","","","","","","","","","","","","","","","","","","","","","","","","",11.8,1,8.8,1,11.6,1,"","",11.8,1,"","","","","","","","","","","","","","","","","","","","",82,1,"","","","","","","","","","","","",11.3,1,"","","","","","","","","","","","","","","","","","","","","","","","","","","","","","","","","","","","","","","","","","","","","","","","","","","","","","","","","","","","","","","","","","","","","","","","","","","","","","","","","","","","","","","","","","","","","","","","","","","","","","","","","","","","","","","","","","","",""
"06163007","TENDE_SAPC",44.043167,7.586,636,2000060206,0.,1,"","","","","","","","","","","","","","","","","","","","","","","","","","","","","","","","","","",12.6,1,9.6,1,11.8,1,"","",12.6,1,"","","","","","","","","","","","","","","","","","","","",82,1,"","","","","","","","","","","","",11.9,1,"","","","","","","","","","","","","","","","","","","","","","","","","","","","","","","","","","","","","","","","","","","","","","","","","","","","","","","","","","","","","","","","","","","","","","","","","","","","","","","","","","","","","","","","","","","","","","","","","","","","","","","","","","","","","","","","","","","",""
"06163007","TENDE_SAPC",44.043167,7.586,636,2000060207,0.,1,"","","","","","","","","","","","","","","","","","","","","","","","","","","","","","","","","","",16.5,1,10.1,1,12.6,1,"","",16.5,1,"","","","","","","","","","","","","","","","","","","","",66,1,"","","","","","","","","","","","",12.4,1,"","","","","","","","","","","","","","","","","","","","","","","","","","","","","","","","","","","","","","","","","","","","","","","","","","","","","","","","","","","","","","","","","","","","","","","","","","","","","","","","","","","","","","","","","","","","","","","","","","","","","","","","","","","","","","","","","","","",""
"06163007","TENDE_SAPC",44.043167,7.586,636,2000060208,0.,1,"","","","","","","","","","","","","","","","","","","","","","","","","","","","","","","","","","",20.5,1,11.9,1,16.5,1,"","",20.6,1,"","","","","","","","","","","","","","","","","","","","",58,1,"","","","","","","","","","","","",14.,1,"","","","","","","","","","","","","","","","","","","","","","","","","","","","","","","","","","","","","","","","","","","","","","","","","","","","","","","","","","","","","","","","","","","","","","","","","","","","","","","","","","","","","","","","","","","","","","","","","","","","","","","","","","","","","","","","","","","",""
"06163007","TENDE_SAPC",44.043167,7.586,636,2000060209,0.,1,"","","","","","","","","","","","","","","","","","","","","","","","","","","","","","","","","","",23.1,1,8.,1,20.4,1,"","",23.1,1,"","","","","","","","","","","","","","","","","","","","",38,1,"","","","","","","","","","","","",10.7,1,"","","","","","","","","","","","","","","","","","","","","","","","","","","","","","","","","","","","","","","","","","","","","","","","","","","","","","","","","","","","","","","","","","","","","","","","","","","","","","","","","","","","","","","","","","","","","","","","","","","","","","","","","","","","","","","","","","","",""
"06163007","TENDE_SAPC",44.043167,7.586,636,2000060210,0.,1,"","","","","","","","","","","","","","","","","","","","","","","","","","","","","","","","","","",24.4,1,9.5,1,23.1,1,"","",24.4,1,"","","","","","","","","","","","","","","","","","","","",39,1,"","","","","","","","","","","","",11.9,1,"","","","","","","","","","","","","","","","","","","","","","","","","","","","","","","","","","","","","","","","","","","","","","","","","","","","","","","","","","","","","","","","","","","","","","","","","","","","","","","","","","","","","","","","","","","","","","","","","","","","","","","","","","","","","","","","","","","",""
"06163007","TENDE_SAPC",44.043167,7.586,636,2000060211,0.,1,"","","","","","","","","","","","","","","","","","","","","","","","","","","","","","","","","","",25.2,1,11.4,1,24.4,1,"","",25.2,1,"","","","","","","","","","","","","","","","","","","","",42,1,"","","","","","","","","","","","",13.4,1,"","","","","","","","","","","","","","","","","","","","","","","","","","","","","","","","","","","","","","","","","","","","","","","","","","","","","","","","","","","","","","","","","","","","","","","","","","","","","","","","","","","","","","","","","","","","","","","","","","","","","","","","","","","","","","","","","","","",""
"06163007","TENDE_SAPC",44.043167,7.586,636,2000060212,0.,1,"","","","","","","","","","","","","","","","","","","","","","","","","","","","","","","","","","",25.4,1,11.9,1,25.1,1,"","",25.5,1,"","","","","","","","","","","","","","","","","","","","",43,1,"","","","","","","","","","","","",13.9,1,"","","","","","","","","","","","","","","","","","","","","","","","","","","","","","","","","","","","","","","","","","","","","","","","","","","","","","","","","","","","","","","","","","","","","","","","","","","","","","","","","","","","","","","","","","","","","","","","","","","","","","","","","","","","","","","","","","","",""
"06163007","TENDE_SAPC",44.043167,7.586,636,2000060213,0.,1,"","","","","","","","","","","","","","","","","","","","","","","","","","","","","","","","","","",25.1,1,11.6,1,24.9,1,"","",25.4,1,"","","","","","","","","","","","","","","","","","","","",43,1,"","","","","","","","","","","","",13.7,1,"","","","","","","","","","","","","","","","","","","","","","","","","","","","","","","","","","","","","","","","","","","","","","","","","","","","","","","","","","","","","","","","","","","","","","","","","","","","","","","","","","","","","","","","","","","","","","","","","","","","","","","","","","","","","","","","","","","",""
"06163007","TENDE_SAPC",44.043167,7.586,636,2000060214,0.,1,"","","","","","","","","","","","","","","","","","","","","","","","","","","","","","","","","","",24.7,1,12.3,1,24.7,1,"","",25.1,1,"","","","","","","","","","","","","","","","","","","","",46,1,"","","","","","","","","","","","",14.3,1,"","","","","","","","","","","","","","","","","","","","","","","","","","","","","","","","","","","","","","","","","","","","","","","","","","","","","","","","","","","","","","","","","","","","","","","","","","","","","","","","","","","","","","","","","","","","","","","","","","","","","","","","","","","","","","","","","","","",""
"06163007","TENDE_SAPC",44.043167,7.586,636,2000060215,0.,1,"","","","","","","","","","","","","","","","","","","","","","","","","","","","","","","","","","",24.2,1,11.8,1,24.2,1,"","",24.8,1,"","","","","","","","","","","","","","","","","","","","",46,1,"","","","","","","","","","","","",13.9,1,"","","","","","","","","","","","","","","","","","","","","","","","","","","","","","","","","","","","","","","","","","","","","","","","","","","","","","","","","","","","","","","","","","","","","","","","","","","","","","","","","","","","","","","","","","","","","","","","","","","","","","","","","","","","","","","","","","","",""
"06163007","TENDE_SAPC",44.043167,7.586,636,2000060216,0.,1,"","","","","","","","","","","","","","","","","","","","","","","","","","","","","","","","","","",22.9,1,12.5,1,22.9,1,"","",24.2,1,"","","","","","","","","","","","","","","","","","","","",52,1,"","","","","","","","","","","","",14.5,1,"","","","","","","","","","","","","","","","","","","","","","","","","","","","","","","","","","","","","","","","","","","","","","","","","","","","","","","","","","","","","","","","","","","","","","","","","","","","","","","","","","","","","","","","","","","","","","","","","","","","","","","","","","","","","","","","","","","",""
"06163007","TENDE_SAPC",44.043167,7.586,636,2000060217,0.,1,"","","","","","","","","","","","","","","","","","","","","","","","","","","","","","","","","","",22.4,1,12.1,1,22.4,1,"","",22.9,1,"","","","","","","","","","","","","","","","","","","","",52,1,"","","","","","","","","","","","",14.1,1,"","","","","","","","","","","","","","","","","","","","","","","","","","","","","","","","","","","","","","","","","","","","","","","","","","","","","","","","","","","","","","","","","","","","","","","","","","","","","","","","","","","","","","","","","","","","","","","","","","","","","","","","","","","","","","","","","","","",""
"06163007","TENDE_SAPC",44.043167,7.586,636,2000060218,0.,1,"","","","","","","","","","","","","","","","","","","","","","","","","","","","","","","","","","",21.4,1,12.3,1,21.4,1,"","",22.4,1,"","","","","","","","","","","","","","","","","","","","",56,1,"","","","","","","","","","","","",14.2,1,"","","","","","","","","","","","","","","","","","","","","","","","","","","","","","","","","","","","","","","","","","","","","","","","","","","","","","","","","","","","","","","","","","","","","","","","","","","","","","","","","","","","","","","","","","","","","","","","","","","","","","","","","","","","","","","","","","","",""
"06163007","TENDE_SAPC",44.043167,7.586,636,2000060219,0.,1,"","","","","","","","","","","","","","","","","","","","","","","","","","","","","","","","","","",19.5,1,12.3,1,19.5,1,"","",21.4,1,"","","","","","","","","","","","","","","","","","","","",63,1,"","","","","","","","","","","","",14.2,1,"","","","","","","","","","","","","","","","","","","","","","","","","","","","","","","","","","","","","","","","","","","","","","","","","","","","","","","","","","","","","","","","","","","","","","","","","","","","","","","","","","","","","","","","","","","","","","","","","","","","","","","","","","","","","","","","","","","",""
"06163007","TENDE_SAPC",44.043167,7.586,636,2000060220,0.,1,"","","","","","","","","","","","","","","","","","","","","","","","","","","","","","","","","","",17.,1,12.1,1,17.,1,"","",19.4,1,"","","","","","","","","","","","","","","","","","","","",73,1,"","","","","","","","","","","","",14.1,1,"","","","","","","","","","","","","","","","","","","","","","","","","","","","","","","","","","","","","","","","","","","","","","","","","","","","","","","","","","","","","","","","","","","","","","","","","","","","","","","","","","","","","","","","","","","","","","","","","","","","","","","","","","","","","","","","","","","",""
"06163007","TENDE_SAPC",44.043167,7.586,636,2000060221,0.,1,"","","","","","","","","","","","","","","","","","","","","","","","","","","","","","","","","","",15.7,1,11.9,1,15.6,1,"","",17.,1,"","","","","","","","","","","","","","","","","","","","",78,1,"","","","","","","","","","","","",13.9,1,"","","","","","","","","","","","","","","","","","","","","","","","","","","","","","","","","","","","","","","","","","","","","","","","","","","","","","","","","","","","","","","","","","","","","","","","","","","","","","","","","","","","","","","","","","","","","","","","","","","","","","","","","","","","","","","","","","","",""
"06163007","TENDE_SAPC",44.043167,7.586,636,2000060222,0.,1,"","","","","","","","","","","","","","","","","","","","","","","","","","","","","","","","","","",15.,1,11.4,1,15.,1,"","",15.7,1,"","","","","","","","","","","","","","","","","","","","",79,1,"","","","","","","","","","","","",13.4,1,"","","","","","","","","","","","","","","","","","","","","","","","","","","","","","","","","","","","","","","","","","","","","","","","","","","","","","","","","","","","","","","","","","","","","","","","","","","","","","","","","","","","","","","","","","","","","","","","","","","","","","","","","","","","","","","","","","","",""
"06163007","TENDE_SAPC",44.043167,7.586,636,2000060223,0.,1,"","","","","","","","","","","","","","","","","","","","","","","","","","","","","","","","","","",14.3,1,11.1,1,14.3,1,"","",15.,1,"","","","","","","","","","","","","","","","","","","","",81,1,"","","","","","","","","","","","",13.2,1,"","","","","","","","","","","","","","","","","","","","","","","","","","","","","","","","","","","","","","","","","","","","","","","","","","","","","","","","","","","","","","","","","","","","","","","","","","","","","","","","","","","","","","","","","","","","","","","","","","","","","","","","","","","","","","","","","","","",""
"06163007","TENDE_SAPC",44.043167,7.586,636,2000060300,0.,1,"","","","","","","","","","","","","","","","","","","","","","","","","","","","","","","","","","",14.,1,11.,1,14.,1,"","",14.4,1,"","","","","","","","","","","","","","","","","","","","",82,1,"","","","","","","","","","","","",13.1,1,"","","","","","","","","","","","","","","","","","","","","","","","","","","","","","","","","","","","","","","","","","","","","","","","","","","","","","","","","","","","","","","","","","","","","","","","","","","","","","","","","","","","","","","","","","","","","","","","","","","","","","","","","","","","","","","","","","","",""
"06163007","TENDE_SAPC",44.043167,7.586,636,2000060301,0.,1,"","","","","","","","","","","","","","","","","","","","","","","","","","","","","","","","","","",13.5,1,10.8,1,13.5,1,"","",14.1,1,"","","","","","","","","","","","","","","","","","","","",84,1,"","","","","","","","","","","","",13.,1,"","","","","","","","","","","","","","","","","","","","","","","","","","","","","","","","","","","","","","","","","","","","","","","","","","","","","","","","","","","","","","","","","","","","","","","","","","","","","","","","","","","","","","","","","","","","","","","","","","","","","","","","","","","","","","","","","","","",""
"06163007","TENDE_SAPC",44.043167,7.586,636,2000060302,0.,1,"","","","","","","","","","","","","","","","","","","","","","","","","","","","","","","","","","",13.4,1,10.7,1,13.2,1,"","",13.6,1,"","","","","","","","","","","","","","","","","","","","",84,1,"","","","","","","","","","","","",12.9,1,"","","","","","","","","","","","","","","","","","","","","","","","","","","","","","","","","","","","","","","","","","","","","","","","","","","","","","","","","","","","","","","","","","","","","","","","","","","","","","","","","","","","","","","","","","","","","","","","","","","","","","","","","","","","","","","","","","","",""
"06163007","TENDE_SAPC",44.043167,7.586,636,2000060303,0.,1,"","","","","","","","","","","","","","","","","","","","","","","","","","","","","","","","","","",13.1,1,10.6,1,13.1,1,"","",13.4,1,"","","","","","","","","","","","","","","","","","","","",85,1,"","","","","","","","","","","","",12.8,1,"","","","","","","","","","","","","","","","","","","","","","","","","","","","","","","","","","","","","","","","","","","","","","","","","","","","","","","","","","","","","","","","","","","","","","","","","","","","","","","","","","","","","","","","","","","","","","","","","","","","","","","","","","","","","","","","","","","",""
"06163007","TENDE_SAPC",44.043167,7.586,636,2000060304,0.,1,"","","","","","","","","","","","","","","","","","","","","","","","","","","","","","","","","","",12.7,1,10.6,1,12.7,1,"","",13.1,1,"","","","","","","","","","","","","","","","","","","","",87,1,"","","","","","","","","","","","",12.8,1,"","","","","","","","","","","","","","","","","","","","","","","","","","","","","","","","","","","","","","","","","","","","","","","","","","","","","","","","","","","","","","","","","","","","","","","","","","","","","","","","","","","","","","","","","","","","","","","","","","","","","","","","","","","","","","","","","","","",""
"06163007","TENDE_SAPC",44.043167,7.586,636,2000060305,0.,1,"","","","","","","","","","","","","","","","","","","","","","","","","","","","","","","","","","",12.9,1,10.8,1,12.6,1,"","",12.9,1,"","","","","","","","","","","","","","","","","","","","",87,1,"","","","","","","","","","","","",12.9,1,"","","","","","","","","","","","","","","","","","","","","","","","","","","","","","","","","","","","","","","","","","","","","","","","","","","","","","","","","","","","","","","","","","","","","","","","","","","","","","","","","","","","","","","","","","","","","","","","","","","","","","","","","","","","","","","","","","","",""
"06163007","TENDE_SAPC",44.043167,7.586,636,2000060306,0.,1,"","","","","","","","","","","","","","","","","","","","","","","","","","","","","","","","","","",14.2,1,11.5,1,12.9,1,"","",14.2,1,"","","","","","","","","","","","","","","","","","","","",84,1,"","","","","","","","","","","","",13.6,1,"","","","","","","","","","","","","","","","","","","","","","","","","","","","","","","","","","","","","","","","","","","","","","","","","","","","","","","","","","","","","","","","","","","","","","","","","","","","","","","","","","","","","","","","","","","","","","","","","","","","","","","","","","","","","","","","","","","",""
"06163007","TENDE_SAPC",44.043167,7.586,636,2000060307,0.,1,"","","","","","","","","","","","","","","","","","","","","","","","","","","","","","","","","","",17.3,1,12.,1,14.2,1,"","",17.3,1,"","","","","","","","","","","","","","","","","","","","",71,1,"","","","","","","","","","","","",14.,1,"","","","","","","","","","","","","","","","","","","","","","","","","","","","","","","","","","","","","","","","","","","","","","","","","","","","","","","","","","","","","","","","","","","","","","","","","","","","","","","","","","","","","","","","","","","","","","","","","","","","","","","","","","","","","","","","","","","",""
"06163007","TENDE_SAPC",44.043167,7.586,636,2000060308,0.,1,"","","","","","","","","","","","","","","","","","","","","","","","","","","","","","","","","","",21.3,1,13.5,1,17.3,1,"","",21.4,1,"","","","","","","","","","","","","","","","","","","","",61,1,"","","","","","","","","","","","",15.4,1,"","","","","","","","","","","","","","","","","","","","","","","","","","","","","","","","","","","","","","","","","","","","","","","","","","","","","","","","","","","","","","","","","","","","","","","","","","","","","","","","","","","","","","","","","","","","","","","","","","","","","","","","","","","","","","","","","","","",""
"06163007","TENDE_SAPC",44.043167,7.586,636,2000060309,0.,1,"","","","","","","","","","","","","","","","","","","","","","","","","","","","","","","","","","",23.1,1,12.7,1,21.,1,"","",23.1,1,"","","","","","","","","","","","","","","","","","","","",52,1,"","","","","","","","","","","","",14.7,1,"","","","","","","","","","","","","","","","","","","","","","","","","","","","","","","","","","","","","","","","","","","","","","","","","","","","","","","","","","","","","","","","","","","","","","","","","","","","","","","","","","","","","","","","","","","","","","","","","","","","","","","","","","","","","","","","","","","",""
"06163007","TENDE_SAPC",44.043167,7.586,636,2000060310,0.,1,"","","","","","","","","","","","","","","","","","","","","","","","","","","","","","","","","","",24.7,1,12.6,1,23.2,1,"","",24.7,1,"","","","","","","","","","","","","","","","","","","","",47,1,"","","","","","","","","","","","",14.6,1,"","","","","","","","","","","","","","","","","","","","","","","","","","","","","","","","","","","","","","","","","","","","","","","","","","","","","","","","","","","","","","","","","","","","","","","","","","","","","","","","","","","","","","","","","","","","","","","","","","","","","","","","","","","","","","","","","","","",""
"06163007","TENDE_SAPC",44.043167,7.586,636,2000060311,0.,1,"","","","","","","","","","","","","","","","","","","","","","","","","","","","","","","","","","",25.5,1,13.4,1,24.7,1,"","",25.5,1,"","","","","","","","","","","","","","","","","","","","",47,1,"","","","","","","","","","","","",15.3,1,"","","","","","","","","","","","","","","","","","","","","","","","","","","","","","","","","","","","","","","","","","","","","","","","","","","","","","","","","","","","","","","","","","","","","","","","","","","","","","","","","","","","","","","","","","","","","","","","","","","","","","","","","","","","","","","","","","","",""
"06163007","TENDE_SAPC",44.043167,7.586,636,2000060312,0.,1,"","","","","","","","","","","","","","","","","","","","","","","","","","","","","","","","","","",25.7,1,13.5,1,25.5,1,"","",25.9,1,"","","","","","","","","","","","","","","","","","","","",47,1,"","","","","","","","","","","","",15.5,1,"","","","","","","","","","","","","","","","","","","","","","","","","","","","","","","","","","","","","","","","","","","","","","","","","","","","","","","","","","","","","","","","","","","","","","","","","","","","","","","","","","","","","","","","","","","","","","","","","","","","","","","","","","","","","","","","","","","",""
"06163007","TENDE_SAPC",44.043167,7.586,636,2000060313,0.,1,"","","","","","","","","","","","","","","","","","","","","","","","","","","","","","","","","","",25.7,1,14.2,1,25.5,1,"","",25.9,1,"","","","","","","","","","","","","","","","","","","","",49,1,"","","","","","","","","","","","",16.1,1,"","","","","","","","","","","","","","","","","","","","","","","","","","","","","","","","","","","","","","","","","","","","","","","","","","","","","","","","","","","","","","","","","","","","","","","","","","","","","","","","","","","","","","","","","","","","","","","","","","","","","","","","","","","","","","","","","","","",""
"06163007","TENDE_SAPC",44.043167,7.586,636,2000060314,0.,1,"","","","","","","","","","","","","","","","","","","","","","","","","","","","","","","","","","",25.9,1,14.4,1,25.7,1,"","",25.9,1,"","","","","","","","","","","","","","","","","","","","",49,1,"","","","","","","","","","","","",16.3,1,"","","","","","","","","","","","","","","","","","","","","","","","","","","","","","","","","","","","","","","","","","","","","","","","","","","","","","","","","","","","","","","","","","","","","","","","","","","","","","","","","","","","","","","","","","","","","","","","","","","","","","","","","","","","","","","","","","","",""
"06163007","TENDE_SAPC",44.043167,7.586,636,2000060315,0.,1,"","","","","","","","","","","","","","","","","","","","","","","","","","","","","","","","","","",25.2,1,14.,1,25.1,1,"","",25.8,1,"","","","","","","","","","","","","","","","","","","","",50,1,"","","","","","","","","","","","",16.,1,"","","","","","","","","","","","","","","","","","","","","","","","","","","","","","","","","","","","","","","","","","","","","","","","","","","","","","","","","","","","","","","","","","","","","","","","","","","","","","","","","","","","","","","","","","","","","","","","","","","","","","","","","","","","","","","","","","","",""
"06163007","TENDE_SAPC",44.043167,7.586,636,2000060316,0.,1,"","","","","","","","","","","","","","","","","","","","","","","","","","","","","","","","","","",23.9,1,13.7,1,23.9,1,"","",25.1,1,"","","","","","","","","","","","","","","","","","","","",53,1,"","","","","","","","","","","","",15.7,1,"","","","","","","","","","","","","","","","","","","","","","","","","","","","","","","","","","","","","","","","","","","","","","","","","","","","","","","","","","","","","","","","","","","","","","","","","","","","","","","","","","","","","","","","","","","","","","","","","","","","","","","","","","","","","","","","","","","",""
"06163007","TENDE_SAPC",44.043167,7.586,636,2000060317,0.,1,"","","","","","","","","","","","","","","","","","","","","","","","","","","","","","","","","","",23.1,1,13.6,1,23.1,1,"","",23.9,1,"","","","","","","","","","","","","","","","","","","","",55,1,"","","","","","","","","","","","",15.5,1,"","","","","","","","","","","","","","","","","","","","","","","","","","","","","","","","","","","","","","","","","","","","","","","","","","","","","","","","","","","","","","","","","","","","","","","","","","","","","","","","","","","","","","","","","","","","","","","","","","","","","","","","","","","","","","","","","","","",""
"06163007","TENDE_SAPC",44.043167,7.586,636,2000060318,0.,1,"","","","","","","","","","","","","","","","","","","","","","","","","","","","","","","","","","",22.1,1,13.4,1,22.1,1,"","",23.1,1,"","","","","","","","","","","","","","","","","","","","",58,1,"","","","","","","","","","","","",15.4,1,"","","","","","","","","","","","","","","","","","","","","","","","","","","","","","","","","","","","","","","","","","","","","","","","","","","","","","","","","","","","","","","","","","","","","","","","","","","","","","","","","","","","","","","","","","","","","","","","","","","","","","","","","","","","","","","","","","","",""
"06163007","TENDE_SAPC",44.043167,7.586,636,2000060319,0.,1,"","","","","","","","","","","","","","","","","","","","","","","","","","","","","","","","","","",19.9,1,13.6,1,19.9,1,"","",22.1,1,"","","","","","","","","","","","","","","","","","","","",67,1,"","","","","","","","","","","","",15.5,1,"","","","","","","","","","","","","","","","","","","","","","","","","","","","","","","","","","","","","","","","","","","","","","","","","","","","","","","","","","","","","","","","","","","","","","","","","","","","","","","","","","","","","","","","","","","","","","","","","","","","","","","","","","","","","","","","","","","",""
"06163007","TENDE_SAPC",44.043167,7.586,636,2000060320,0.,1,"","","","","","","","","","","","","","","","","","","","","","","","","","","","","","","","","","",17.5,1,13.6,1,17.5,1,"","",19.9,1,"","","","","","","","","","","","","","","","","","","","",78,1,"","","","","","","","","","","","",15.6,1,"","","","","","","","","","","","","","","","","","","","","","","","","","","","","","","","","","","","","","","","","","","","","","","","","","","","","","","","","","","","","","","","","","","","","","","","","","","","","","","","","","","","","","","","","","","","","","","","","","","","","","","","","","","","","","","","","","","",""
"06163007","TENDE_SAPC",44.043167,7.586,636,2000060321,0.,1,"","","","","","","","","","","","","","","","","","","","","","","","","","","","","","","","","","",16.4,1,13.1,1,16.4,1,"","",17.4,1,"","","","","","","","","","","","","","","","","","","","",81,1,"","","","","","","","","","","","",15.1,1,"","","","","","","","","","","","","","","","","","","","","","","","","","","","","","","","","","","","","","","","","","","","","","","","","","","","","","","","","","","","","","","","","","","","","","","","","","","","","","","","","","","","","","","","","","","","","","","","","","","","","","","","","","","","","","","","","","","",""
"06163007","TENDE_SAPC",44.043167,7.586,636,2000060322,0.,1,"","","","","","","","","","","","","","","","","","","","","","","","","","","","","","","","","","",16.,1,12.7,1,16.,1,"","",16.4,1,"","","","","","","","","","","","","","","","","","","","",81,1,"","","","","","","","","","","","",14.7,1,"","","","","","","","","","","","","","","","","","","","","","","","","","","","","","","","","","","","","","","","","","","","","","","","","","","","","","","","","","","","","","","","","","","","","","","","","","","","","","","","","","","","","","","","","","","","","","","","","","","","","","","","","","","","","","","","","","","",""
"06163007","TENDE_SAPC",44.043167,7.586,636,2000060323,0.,1,"","","","","","","","","","","","","","","","","","","","","","","","","","","","","","","","","","",15.6,1,12.5,1,15.6,1,"","",16.,1,"","","","","","","","","","","","","","","","","","","","",82,1,"","","","","","","","","","","","",14.5,1,"","","","","","","","","","","","","","","","","","","","","","","","","","","","","","","","","","","","","","","","","","","","","","","","","","","","","","","","","","","","","","","","","","","","","","","","","","","","","","","","","","","","","","","","","","","","","","","","","","","","","","","","","","","","","","","","","","","",""
"06163007","TENDE_SAPC",44.043167,7.586,636,2000060400,0.,1,"","","","","","","","","","","","","","","","","","","","","","","","","","","","","","","","","","",15.2,1,12.5,1,15.2,1,"","",15.6,1,"","","","","","","","","","","","","","","","","","","","",84,1,"","","","","","","","","","","","",14.5,1,"","","","","","","","","","","","","","","","","","","","","","","","","","","","","","","","","","","","","","","","","","","","","","","","","","","","","","","","","","","","","","","","","","","","","","","","","","","","","","","","","","","","","","","","","","","","","","","","","","","","","","","","","","","","","","","","","","","",""
"06163007","TENDE_SAPC",44.043167,7.586,636,2000060401,0.,1,"","","","","","","","","","","","","","","","","","","","","","","","","","","","","","","","","","",14.7,1,12.4,1,14.7,1,"","",15.2,1,"","","","","","","","","","","","","","","","","","","","",86,1,"","","","","","","","","","","","",14.4,1,"","","","","","","","","","","","","","","","","","","","","","","","","","","","","","","","","","","","","","","","","","","","","","","","","","","","","","","","","","","","","","","","","","","","","","","","","","","","","","","","","","","","","","","","","","","","","","","","","","","","","","","","","","","","","","","","","","","",""
"06163007","TENDE_SAPC",44.043167,7.586,636,2000060402,0.,1,"","","","","","","","","","","","","","","","","","","","","","","","","","","","","","","","","","",14.3,1,12.2,1,14.1,1,"","",14.6,1,"","","","","","","","","","","","","","","","","","","","",87,1,"","","","","","","","","","","","",14.2,1,"","","","","","","","","","","","","","","","","","","","","","","","","","","","","","","","","","","","","","","","","","","","","","","","","","","","","","","","","","","","","","","","","","","","","","","","","","","","","","","","","","","","","","","","","","","","","","","","","","","","","","","","","","","","","","","","","","","",""
"06163007","TENDE_SAPC",44.043167,7.586,636,2000060403,0.,1,"","","","","","","","","","","","","","","","","","","","","","","","","","","","","","","","","","",14.1,1,12.,1,14.1,1,"","",14.5,1,"","","","","","","","","","","","","","","","","","","","",87,1,"","","","","","","","","","","","",14.,1,"","","","","","","","","","","","","","","","","","","","","","","","","","","","","","","","","","","","","","","","","","","","","","","","","","","","","","","","","","","","","","","","","","","","","","","","","","","","","","","","","","","","","","","","","","","","","","","","","","","","","","","","","","","","","","","","","","","",""
"06163007","TENDE_SAPC",44.043167,7.586,636,2000060404,0.,1,"","","","","","","","","","","","","","","","","","","","","","","","","","","","","","","","","","",13.7,1,11.9,1,13.7,1,"","",14.1,1,"","","","","","","","","","","","","","","","","","","","",89,1,"","","","","","","","","","","","",13.9,1,"","","","","","","","","","","","","","","","","","","","","","","","","","","","","","","","","","","","","","","","","","","","","","","","","","","","","","","","","","","","","","","","","","","","","","","","","","","","","","","","","","","","","","","","","","","","","","","","","","","","","","","","","","","","","","","","","","","",""
"06163007","TENDE_SAPC",44.043167,7.586,636,2000060405,0.,1,"","","","","","","","","","","","","","","","","","","","","","","","","","","","","","","","","","",14.6,1,11.9,1,13.7,1,"","",14.6,1,"","","","","","","","","","","","","","","","","","","","",84,1,"","","","","","","","","","","","",13.9,1,"","","","","","","","","","","","","","","","","","","","","","","","","","","","","","","","","","","","","","","","","","","","","","","","","","","","","","","","","","","","","","","","","","","","","","","","","","","","","","","","","","","","","","","","","","","","","","","","","","","","","","","","","","","","","","","","","","","",""
"06163007","TENDE_SAPC",44.043167,7.586,636,2000060406,0.,1,"","","","","","","","","","","","","","","","","","","","","","","","","","","","","","","","","","",16.3,1,12.6,1,14.6,1,"","",16.3,1,"","","","","","","","","","","","","","","","","","","","",79,1,"","","","","","","","","","","","",14.6,1,"","","","","","","","","","","","","","","","","","","","","","","","","","","","","","","","","","","","","","","","","","","","","","","","","","","","","","","","","","","","","","","","","","","","","","","","","","","","","","","","","","","","","","","","","","","","","","","","","","","","","","","","","","","","","","","","","","","",""
"06163007","TENDE_SAPC",44.043167,7.586,636,2000060407,0.,1,"","","","","","","","","","","","","","","","","","","","","","","","","","","","","","","","","","",18.9,1,13.1,1,16.3,1,"","",18.9,1,"","","","","","","","","","","","","","","","","","","","",69,1,"","","","","","","","","","","","",15.,1,"","","","","","","","","","","","","","","","","","","","","","","","","","","","","","","","","","","","","","","","","","","","","","","","","","","","","","","","","","","","","","","","","","","","","","","","","","","","","","","","","","","","","","","","","","","","","","","","","","","","","","","","","","","","","","","","","","","",""
"06163007","TENDE_SAPC",44.043167,7.586,636,2000060408,0.,1,"","","","","","","","","","","","","","","","","","","","","","","","","","","","","","","","","","",20.9,1,14.5,1,19.,1,"","",21.5,1,"","","","","","","","","","","","","","","","","","","","",67,1,"","","","","","","","","","","","",16.5,1,"","","","","","","","","","","","","","","","","","","","","","","","","","","","","","","","","","","","","","","","","","","","","","","","","","","","","","","","","","","","","","","","","","","","","","","","","","","","","","","","","","","","","","","","","","","","","","","","","","","","","","","","","","","","","","","","","","","",""
"06163007","TENDE_SAPC",44.043167,7.586,636,2000060409,0.,1,"","","","","","","","","","","","","","","","","","","","","","","","","","","","","","","","","","",23.7,1,13.6,1,20.9,1,"","",23.7,1,"","","","","","","","","","","","","","","","","","","","",53,1,"","","","","","","","","","","","",15.5,1,"","","","","","","","","","","","","","","","","","","","","","","","","","","","","","","","","","","","","","","","","","","","","","","","","","","","","","","","","","","","","","","","","","","","","","","","","","","","","","","","","","","","","","","","","","","","","","","","","","","","","","","","","","","","","","","","","","","",""
"06163007","TENDE_SAPC",44.043167,7.586,636,2000060410,0.,1,"","","","","","","","","","","","","","","","","","","","","","","","","","","","","","","","","","",25.4,1,13.6,1,23.7,1,"","",25.4,1,"","","","","","","","","","","","","","","","","","","","",48,1,"","","","","","","","","","","","",15.5,1,"","","","","","","","","","","","","","","","","","","","","","","","","","","","","","","","","","","","","","","","","","","","","","","","","","","","","","","","","","","","","","","","","","","","","","","","","","","","","","","","","","","","","","","","","","","","","","","","","","","","","","","","","","","","","","","","","","","",""
"06163007","TENDE_SAPC",44.043167,7.586,636,2000060411,0.,1,"","","","","","","","","","","","","","","","","","","","","","","","","","","","","","","","","","",26.3,1,14.4,1,25.4,1,"","",26.3,1,"","","","","","","","","","","","","","","","","","","","",48,1,"","","","","","","","","","","","",16.4,1,"","","","","","","","","","","","","","","","","","","","","","","","","","","","","","","","","","","","","","","","","","","","","","","","","","","","","","","","","","","","","","","","","","","","","","","","","","","","","","","","","","","","","","","","","","","","","","","","","","","","","","","","","","","","","","","","","","","",""
"06163007","TENDE_SAPC",44.043167,7.586,636,2000060412,0.,1,"","","","","","","","","","","","","","","","","","","","","","","","","","","","","","","","","","",26.7,1,14.5,1,26.2,1,"","",26.8,1,"","","","","","","","","","","","","","","","","","","","",47,1,"","","","","","","","","","","","",16.4,1,"","","","","","","","","","","","","","","","","","","","","","","","","","","","","","","","","","","","","","","","","","","","","","","","","","","","","","","","","","","","","","","","","","","","","","","","","","","","","","","","","","","","","","","","","","","","","","","","","","","","","","","","","","","","","","","","","","","",""
"06163007","TENDE_SAPC",44.043167,7.586,636,2000060413,0.,1,"","","","","","","","","","","","","","","","","","","","","","","","","","","","","","","","","","",26.3,1,14.4,1,26.3,1,"","",26.8,1,"","","","","","","","","","","","","","","","","","","","",48,1,"","","","","","","","","","","","",16.4,1,"","","","","","","","","","","","","","","","","","","","","","","","","","","","","","","","","","","","","","","","","","","","","","","","","","","","","","","","","","","","","","","","","","","","","","","","","","","","","","","","","","","","","","","","","","","","","","","","","","","","","","","","","","","","","","","","","","","",""
"06163007","TENDE_SAPC",44.043167,7.586,636,2000060414,0.,1,"","","","","","","","","","","","","","","","","","","","","","","","","","","","","","","","","","",25.7,1,14.2,1,25.7,1,"","",26.3,1,"","","","","","","","","","","","","","","","","","","","",49,1,"","","","","","","","","","","","",16.1,1,"","","","","","","","","","","","","","","","","","","","","","","","","","","","","","","","","","","","","","","","","","","","","","","","","","","","","","","","","","","","","","","","","","","","","","","","","","","","","","","","","","","","","","","","","","","","","","","","","","","","","","","","","","","","","","","","","","","",""
"06163007","TENDE_SAPC",44.043167,7.586,636,2000060415,0.,1,"","","","","","","","","","","","","","","","","","","","","","","","","","","","","","","","","","",25.,1,14.8,1,24.9,1,"","",25.8,1,"","","","","","","","","","","","","","","","","","","","",53,1,"","","","","","","","","","","","",16.7,1,"","","","","","","","","","","","","","","","","","","","","","","","","","","","","","","","","","","","","","","","","","","","","","","","","","","","","","","","","","","","","","","","","","","","","","","","","","","","","","","","","","","","","","","","","","","","","","","","","","","","","","","","","","","","","","","","","","","",""
"06163007","TENDE_SAPC",44.043167,7.586,636,2000060416,0.,1,"","","","","","","","","","","","","","","","","","","","","","","","","","","","","","","","","","",24.2,1,12.2,1,24.2,1,"","",25.6,1,"","","","","","","","","","","","","","","","","","","","",47,1,"","","","","","","","","","","","",14.2,1,"","","","","","","","","","","","","","","","","","","","","","","","","","","","","","","","","","","","","","","","","","","","","","","","","","","","","","","","","","","","","","","","","","","","","","","","","","","","","","","","","","","","","","","","","","","","","","","","","","","","","","","","","","","","","","","","","","","",""
"06163007","TENDE_SAPC",44.043167,7.586,636,2000060417,0.,1,"","","","","","","","","","","","","","","","","","","","","","","","","","","","","","","","","","",22.9,1,15.,1,22.2,1,"","",24.2,1,"","","","","","","","","","","","","","","","","","","","",61,1,"","","","","","","","","","","","",17.,1,"","","","","","","","","","","","","","","","","","","","","","","","","","","","","","","","","","","","","","","","","","","","","","","","","","","","","","","","","","","","","","","","","","","","","","","","","","","","","","","","","","","","","","","","","","","","","","","","","","","","","","","","","","","","","","","","","","","",""
"06163007","TENDE_SAPC",44.043167,7.586,636,2000060418,0.,1,"","","","","","","","","","","","","","","","","","","","","","","","","","","","","","","","","","",22.,1,14.9,1,22.,1,"","",23.,1,"","","","","","","","","","","","","","","","","","","","",64,1,"","","","","","","","","","","","",16.9,1,"","","","","","","","","","","","","","","","","","","","","","","","","","","","","","","","","","","","","","","","","","","","","","","","","","","","","","","","","","","","","","","","","","","","","","","","","","","","","","","","","","","","","","","","","","","","","","","","","","","","","","","","","","","","","","","","","","","",""
"06163007","TENDE_SAPC",44.043167,7.586,636,2000060419,0.,1,"","","","","","","","","","","","","","","","","","","","","","","","","","","","","","","","","","",19.6,1,13.3,1,19.6,1,"","",22.,1,"","","","","","","","","","","","","","","","","","","","",67,1,"","","","","","","","","","","","",15.2,1,"","","","","","","","","","","","","","","","","","","","","","","","","","","","","","","","","","","","","","","","","","","","","","","","","","","","","","","","","","","","","","","","","","","","","","","","","","","","","","","","","","","","","","","","","","","","","","","","","","","","","","","","","","","","","","","","","","","",""
"06163007","TENDE_SAPC",44.043167,7.586,636,2000060420,0.,1,"","","","","","","","","","","","","","","","","","","","","","","","","","","","","","","","","","",17.8,1,12.7,1,17.8,1,"","",19.6,1,"","","","","","","","","","","","","","","","","","","","",72,1,"","","","","","","","","","","","",14.6,1,"","","","","","","","","","","","","","","","","","","","","","","","","","","","","","","","","","","","","","","","","","","","","","","","","","","","","","","","","","","","","","","","","","","","","","","","","","","","","","","","","","","","","","","","","","","","","","","","","","","","","","","","","","","","","","","","","","","",""
"06163007","TENDE_SAPC",44.043167,7.586,636,2000060421,0.,1,"","","","","","","","","","","","","","","","","","","","","","","","","","","","","","","","","","",16.4,1,12.6,1,16.4,1,"","",17.8,1,"","","","","","","","","","","","","","","","","","","","",78,1,"","","","","","","","","","","","",14.5,1,"","","","","","","","","","","","","","","","","","","","","","","","","","","","","","","","","","","","","","","","","","","","","","","","","","","","","","","","","","","","","","","","","","","","","","","","","","","","","","","","","","","","","","","","","","","","","","","","","","","","","","","","","","","","","","","","","","","",""
"06163007","TENDE_SAPC",44.043167,7.586,636,2000060422,0.,1,"","","","","","","","","","","","","","","","","","","","","","","","","","","","","","","","","","",15.8,1,12.2,1,15.8,1,"","",16.3,1,"","","","","","","","","","","","","","","","","","","","",79,1,"","","","","","","","","","","","",14.2,1,"","","","","","","","","","","","","","","","","","","","","","","","","","","","","","","","","","","","","","","","","","","","","","","","","","","","","","","","","","","","","","","","","","","","","","","","","","","","","","","","","","","","","","","","","","","","","","","","","","","","","","","","","","","","","","","","","","","",""
"06163007","TENDE_SAPC",44.043167,7.586,636,2000060423,0.,1,"","","","","","","","","","","","","","","","","","","","","","","","","","","","","","","","","","",15.6,1,12.,1,15.6,1,"","",15.9,1,"","","","","","","","","","","","","","","","","","","","",79,1,"","","","","","","","","","","","",14.,1,"","","","","","","","","","","","","","","","","","","","","","","","","","","","","","","","","","","","","","","","","","","","","","","","","","","","","","","","","","","","","","","","","","","","","","","","","","","","","","","","","","","","","","","","","","","","","","","","","","","","","","","","","","","","","","","","","","","",""
"06163007","TENDE_SAPC",44.043167,7.586,636,2000060500,0.,1,"","","","","","","","","","","","","","","","","","","","","","","","","","","","","","","","","","",15.1,1,11.9,1,15.1,1,"","",15.6,1,"","","","","","","","","","","","","","","","","","","","",81,1,"","","","","","","","","","","","",13.9,1,"","","","","","","","","","","","","","","","","","","","","","","","","","","","","","","","","","","","","","","","","","","","","","","","","","","","","","","","","","","","","","","","","","","","","","","","","","","","","","","","","","","","","","","","","","","","","","","","","","","","","","","","","","","","","","","","","","","",""
"06163007","TENDE_SAPC",44.043167,7.586,636,2000060501,0.,1,"","","","","","","","","","","","","","","","","","","","","","","","","","","","","","","","","","",14.5,1,11.6,1,14.5,1,"","",15.1,1,"","","","","","","","","","","","","","","","","","","","",83,1,"","","","","","","","","","","","",13.7,1,"","","","","","","","","","","","","","","","","","","","","","","","","","","","","","","","","","","","","","","","","","","","","","","","","","","","","","","","","","","","","","","","","","","","","","","","","","","","","","","","","","","","","","","","","","","","","","","","","","","","","","","","","","","","","","","","","","","",""
"06163007","TENDE_SAPC",44.043167,7.586,636,2000060502,0.,1,"","","","","","","","","","","","","","","","","","","","","","","","","","","","","","","","","","",14.2,1,11.5,1,14.1,1,"","",14.5,1,"","","","","","","","","","","","","","","","","","","","",84,1,"","","","","","","","","","","","",13.6,1,"","","","","","","","","","","","","","","","","","","","","","","","","","","","","","","","","","","","","","","","","","","","","","","","","","","","","","","","","","","","","","","","","","","","","","","","","","","","","","","","","","","","","","","","","","","","","","","","","","","","","","","","","","","","","","","","","","","",""
"06163007","TENDE_SAPC",44.043167,7.586,636,2000060503,0.,1,"","","","","","","","","","","","","","","","","","","","","","","","","","","","","","","","","","",13.9,1,11.6,1,13.9,1,"","",14.4,1,"","","","","","","","","","","","","","","","","","","","",86,1,"","","","","","","","","","","","",13.6,1,"","","","","","","","","","","","","","","","","","","","","","","","","","","","","","","","","","","","","","","","","","","","","","","","","","","","","","","","","","","","","","","","","","","","","","","","","","","","","","","","","","","","","","","","","","","","","","","","","","","","","","","","","","","","","","","","","","","",""
"06163007","TENDE_SAPC",44.043167,7.586,636,2000060504,0.,1,"","","","","","","","","","","","","","","","","","","","","","","","","","","","","","","","","","",13.2,1,11.3,1,13.2,1,"","",13.9,1,"","","","","","","","","","","","","","","","","","","","",88,1,"","","","","","","","","","","","",13.3,1,"","","","","","","","","","","","","","","","","","","","","","","","","","","","","","","","","","","","","","","","","","","","","","","","","","","","","","","","","","","","","","","","","","","","","","","","","","","","","","","","","","","","","","","","","","","","","","","","","","","","","","","","","","","","","","","","","","","",""
"06163007","TENDE_SAPC",44.043167,7.586,636,2000060505,0.,1,"","","","","","","","","","","","","","","","","","","","","","","","","","","","","","","","","","",13.7,1,11.2,1,13.1,1,"","",13.8,1,"","","","","","","","","","","","","","","","","","","","",85,1,"","","","","","","","","","","","",13.3,1,"","","","","","","","","","","","","","","","","","","","","","","","","","","","","","","","","","","","","","","","","","","","","","","","","","","","","","","","","","","","","","","","","","","","","","","","","","","","","","","","","","","","","","","","","","","","","","","","","","","","","","","","","","","","","","","","","","","",""
"06163007","TENDE_SAPC",44.043167,7.586,636,2000060506,0.,1,"","","","","","","","","","","","","","","","","","","","","","","","","","","","","","","","","","",14.6,1,12.1,1,13.7,1,"","",14.6,1,"","","","","","","","","","","","","","","","","","","","",85,1,"","","","","","","","","","","","",14.1,1,"","","","","","","","","","","","","","","","","","","","","","","","","","","","","","","","","","","","","","","","","","","","","","","","","","","","","","","","","","","","","","","","","","","","","","","","","","","","","","","","","","","","","","","","","","","","","","","","","","","","","","","","","","","","","","","","","","","",""
"06163007","TENDE_SAPC",44.043167,7.586,636,2000060507,0.,1,"","","","","","","","","","","","","","","","","","","","","","","","","","","","","","","","","","",17.8,1,12.7,1,14.7,1,"","",17.8,1,"","","","","","","","","","","","","","","","","","","","",72,1,"","","","","","","","","","","","",14.6,1,"","","","","","","","","","","","","","","","","","","","","","","","","","","","","","","","","","","","","","","","","","","","","","","","","","","","","","","","","","","","","","","","","","","","","","","","","","","","","","","","","","","","","","","","","","","","","","","","","","","","","","","","","","","","","","","","","","","",""
"06163007","TENDE_SAPC",44.043167,7.586,636,2000060508,0.,1,"","","","","","","","","","","","","","","","","","","","","","","","","","","","","","","","","","",21.4,1,12.3,1,17.8,1,"","",21.4,1,"","","","","","","","","","","","","","","","","","","","",56,1,"","","","","","","","","","","","",14.2,1,"","","","","","","","","","","","","","","","","","","","","","","","","","","","","","","","","","","","","","","","","","","","","","","","","","","","","","","","","","","","","","","","","","","","","","","","","","","","","","","","","","","","","","","","","","","","","","","","","","","","","","","","","","","","","","","","","","","",""
"06163007","TENDE_SAPC",44.043167,7.586,636,2000060509,0.,1,"","","","","","","","","","","","","","","","","","","","","","","","","","","","","","","","","","",23.3,1,11.7,1,21.3,1,"","",23.3,1,"","","","","","","","","","","","","","","","","","","","",48,1,"","","","","","","","","","","","",13.7,1,"","","","","","","","","","","","","","","","","","","","","","","","","","","","","","","","","","","","","","","","","","","","","","","","","","","","","","","","","","","","","","","","","","","","","","","","","","","","","","","","","","","","","","","","","","","","","","","","","","","","","","","","","","","","","","","","","","","",""
"06163007","TENDE_SAPC",44.043167,7.586,636,2000060510,0.,1,"","","","","","","","","","","","","","","","","","","","","","","","","","","","","","","","","","",24.8,1,12.1,1,23.4,1,"","",24.8,1,"","","","","","","","","","","","","","","","","","","","",45,1,"","","","","","","","","","","","",14.1,1,"","","","","","","","","","","","","","","","","","","","","","","","","","","","","","","","","","","","","","","","","","","","","","","","","","","","","","","","","","","","","","","","","","","","","","","","","","","","","","","","","","","","","","","","","","","","","","","","","","","","","","","","","","","","","","","","","","","",""
"06163007","TENDE_SAPC",44.043167,7.586,636,2000060511,0.,1,"","","","","","","","","","","","","","","","","","","","","","","","","","","","","","","","","","",26.4,1,12.1,1,24.9,1,"","",26.4,1,"","","","","","","","","","","","","","","","","","","","",41,1,"","","","","","","","","","","","",14.1,1,"","","","","","","","","","","","","","","","","","","","","","","","","","","","","","","","","","","","","","","","","","","","","","","","","","","","","","","","","","","","","","","","","","","","","","","","","","","","","","","","","","","","","","","","","","","","","","","","","","","","","","","","","","","","","","","","","","","",""
"06163007","TENDE_SAPC",44.043167,7.586,636,2000060512,0.,1,"","","","","","","","","","","","","","","","","","","","","","","","","","","","","","","","","","",26.7,1,12.7,1,26.3,1,"","",26.8,1,"","","","","","","","","","","","","","","","","","","","",42,1,"","","","","","","","","","","","",14.7,1,"","","","","","","","","","","","","","","","","","","","","","","","","","","","","","","","","","","","","","","","","","","","","","","","","","","","","","","","","","","","","","","","","","","","","","","","","","","","","","","","","","","","","","","","","","","","","","","","","","","","","","","","","","","","","","","","","","","",""
"06163007","TENDE_SAPC",44.043167,7.586,636,2000060513,0.,1,"","","","","","","","","","","","","","","","","","","","","","","","","","","","","","","","","","",27.,1,13.,1,26.4,1,"","",27.,1,"","","","","","","","","","","","","","","","","","","","",42,1,"","","","","","","","","","","","",14.9,1,"","","","","","","","","","","","","","","","","","","","","","","","","","","","","","","","","","","","","","","","","","","","","","","","","","","","","","","","","","","","","","","","","","","","","","","","","","","","","","","","","","","","","","","","","","","","","","","","","","","","","","","","","","","","","","","","","","","",""
"06163007","TENDE_SAPC",44.043167,7.586,636,2000060514,0.,1,"","","","","","","","","","","","","","","","","","","","","","","","","","","","","","","","","","",25.8,1,13.3,1,25.4,1,"","",26.9,1,"","","","","","","","","","","","","","","","","","","","",46,1,"","","","","","","","","","","","",15.2,1,"","","","","","","","","","","","","","","","","","","","","","","","","","","","","","","","","","","","","","","","","","","","","","","","","","","","","","","","","","","","","","","","","","","","","","","","","","","","","","","","","","","","","","","","","","","","","","","","","","","","","","","","","","","","","","","","","","","",""
"06163007","TENDE_SAPC",44.043167,7.586,636,2000060515,0.,1,"","","","","","","","","","","","","","","","","","","","","","","","","","","","","","","","","","",24.9,1,12.8,1,24.7,1,"","",25.8,1,"","","","","","","","","","","","","","","","","","","","",47,1,"","","","","","","","","","","","",14.8,1,"","","","","","","","","","","","","","","","","","","","","","","","","","","","","","","","","","","","","","","","","","","","","","","","","","","","","","","","","","","","","","","","","","","","","","","","","","","","","","","","","","","","","","","","","","","","","","","","","","","","","","","","","","","","","","","","","","","",""
"06163007","TENDE_SAPC",44.043167,7.586,636,2000060516,0.,1,"","","","","","","","","","","","","","","","","","","","","","","","","","","","","","","","","","",23.7,1,13.,1,23.7,1,"","",25.,1,"","","","","","","","","","","","","","","","","","","","",51,1,"","","","","","","","","","","","",14.9,1,"","","","","","","","","","","","","","","","","","","","","","","","","","","","","","","","","","","","","","","","","","","","","","","","","","","","","","","","","","","","","","","","","","","","","","","","","","","","","","","","","","","","","","","","","","","","","","","","","","","","","","","","","","","","","","","","","","","",""
"06163007","TENDE_SAPC",44.043167,7.586,636,2000060517,0.,1,"","","","","","","","","","","","","","","","","","","","","","","","","","","","","","","","","","",22.3,1,13.1,1,22.3,1,"","",23.6,1,"","","","","","","","","","","","","","","","","","","","",56,1,"","","","","","","","","","","","",15.,1,"","","","","","","","","","","","","","","","","","","","","","","","","","","","","","","","","","","","","","","","","","","","","","","","","","","","","","","","","","","","","","","","","","","","","","","","","","","","","","","","","","","","","","","","","","","","","","","","","","","","","","","","","","","","","","","","","","","",""
"06163007","TENDE_SAPC",44.043167,7.586,636,2000060518,0.,1,"","","","","","","","","","","","","","","","","","","","","","","","","","","","","","","","","","",21.5,1,13.4,1,21.5,1,"","",22.3,1,"","","","","","","","","","","","","","","","","","","","",60,1,"","","","","","","","","","","","",15.3,1,"","","","","","","","","","","","","","","","","","","","","","","","","","","","","","","","","","","","","","","","","","","","","","","","","","","","","","","","","","","","","","","","","","","","","","","","","","","","","","","","","","","","","","","","","","","","","","","","","","","","","","","","","","","","","","","","","","","",""
"06163007","TENDE_SAPC",44.043167,7.586,636,2000060519,0.,1,"","","","","","","","","","","","","","","","","","","","","","","","","","","","","","","","","","",19.6,1,14.4,1,19.6,1,"","",21.5,1,"","","","","","","","","","","","","","","","","","","","",72,1,"","","","","","","","","","","","",16.4,1,"","","","","","","","","","","","","","","","","","","","","","","","","","","","","","","","","","","","","","","","","","","","","","","","","","","","","","","","","","","","","","","","","","","","","","","","","","","","","","","","","","","","","","","","","","","","","","","","","","","","","","","","","","","","","","","","","","","",""
"06163007","TENDE_SAPC",44.043167,7.586,636,2000060520,0.,1,"","","","","","","","","","","","","","","","","","","","","","","","","","","","","","","","","","",17.4,1,13.5,1,17.4,1,"","",19.5,1,"","","","","","","","","","","","","","","","","","","","",78,1,"","","","","","","","","","","","",15.5,1,"","","","","","","","","","","","","","","","","","","","","","","","","","","","","","","","","","","","","","","","","","","","","","","","","","","","","","","","","","","","","","","","","","","","","","","","","","","","","","","","","","","","","","","","","","","","","","","","","","","","","","","","","","","","","","","","","","","",""
"06163007","TENDE_SAPC",44.043167,7.586,636,2000060521,0.,1,"","","","","","","","","","","","","","","","","","","","","","","","","","","","","","","","","","",17.,1,12.9,1,16.9,1,"","",17.4,1,"","","","","","","","","","","","","","","","","","","","",77,1,"","","","","","","","","","","","",14.9,1,"","","","","","","","","","","","","","","","","","","","","","","","","","","","","","","","","","","","","","","","","","","","","","","","","","","","","","","","","","","","","","","","","","","","","","","","","","","","","","","","","","","","","","","","","","","","","","","","","","","","","","","","","","","","","","","","","","","",""
"06163007","TENDE_SAPC",44.043167,7.586,636,2000060522,0.,1,"","","","","","","","","","","","","","","","","","","","","","","","","","","","","","","","","","",16.9,1,12.2,1,16.9,1,"","",17.1,1,"","","","","","","","","","","","","","","","","","","","",74,1,"","","","","","","","","","","","",14.2,1,"","","","","","","","","","","","","","","","","","","","","","","","","","","","","","","","","","","","","","","","","","","","","","","","","","","","","","","","","","","","","","","","","","","","","","","","","","","","","","","","","","","","","","","","","","","","","","","","","","","","","","","","","","","","","","","","","","","",""
"06163007","TENDE_SAPC",44.043167,7.586,636,2000060523,0.,1,"","","","","","","","","","","","","","","","","","","","","","","","","","","","","","","","","","",16.2,1,12.,1,16.2,1,"","",16.9,1,"","","","","","","","","","","","","","","","","","","","",76,1,"","","","","","","","","","","","",14.,1,"","","","","","","","","","","","","","","","","","","","","","","","","","","","","","","","","","","","","","","","","","","","","","","","","","","","","","","","","","","","","","","","","","","","","","","","","","","","","","","","","","","","","","","","","","","","","","","","","","","","","","","","","","","","","","","","","","","",""
"06163007","TENDE_SAPC",44.043167,7.586,636,2000060600,0.2,1,"","","","","","","","","","","","","","","","","","","","","","","","","","","","","","","","","","",15.8,1,12.5,1,15.7,1,"","",16.2,1,"","","","","","","","","","","","","","","","","","","","",81,1,"","","","","","","","","","","","",14.5,1,"","","","","","","","","","","","","","","","","","","","","","","","","","","","","","","","","","","","","","","","","","","","","","","","","","","","","","","","","","","","","","","","","","","","","","","","","","","","","","","","","","","","","","","","","","","","","","","","","","","","","","","","","","","","","","","","","","","",""
"06163007","TENDE_SAPC",44.043167,7.586,636,2000060601,0.,1,"","","","","","","","","","","","","","","","","","","","","","","","","","","","","","","","","","",14.7,1,12.7,1,14.7,1,"","",15.8,1,"","","","","","","","","","","","","","","","","","","","",88,1,"","","","","","","","","","","","",14.7,1,"","","","","","","","","","","","","","","","","","","","","","","","","","","","","","","","","","","","","","","","","","","","","","","","","","","","","","","","","","","","","","","","","","","","","","","","","","","","","","","","","","","","","","","","","","","","","","","","","","","","","","","","","","","","","","","","","","","",""
"06163007","TENDE_SAPC",44.043167,7.586,636,2000060602,0.,1,"","","","","","","","","","","","","","","","","","","","","","","","","","","","","","","","","","",14.7,1,12.6,1,14.5,1,"","",14.7,1,"","","","","","","","","","","","","","","","","","","","",87,1,"","","","","","","","","","","","",14.5,1,"","","","","","","","","","","","","","","","","","","","","","","","","","","","","","","","","","","","","","","","","","","","","","","","","","","","","","","","","","","","","","","","","","","","","","","","","","","","","","","","","","","","","","","","","","","","","","","","","","","","","","","","","","","","","","","","","","","",""
"06163007","TENDE_SAPC",44.043167,7.586,636,2000060603,0.,1,"","","","","","","","","","","","","","","","","","","","","","","","","","","","","","","","","","",14.4,1,11.7,1,14.4,1,"","",14.7,1,"","","","","","","","","","","","","","","","","","","","",84,1,"","","","","","","","","","","","",13.8,1,"","","","","","","","","","","","","","","","","","","","","","","","","","","","","","","","","","","","","","","","","","","","","","","","","","","","","","","","","","","","","","","","","","","","","","","","","","","","","","","","","","","","","","","","","","","","","","","","","","","","","","","","","","","","","","","","","","","",""
"06163007","TENDE_SAPC",44.043167,7.586,636,2000060604,0.,1,"","","","","","","","","","","","","","","","","","","","","","","","","","","","","","","","","","",14.1,1,11.3,1,14.1,1,"","",14.4,1,"","","","","","","","","","","","","","","","","","","","",83,1,"","","","","","","","","","","","",13.3,1,"","","","","","","","","","","","","","","","","","","","","","","","","","","","","","","","","","","","","","","","","","","","","","","","","","","","","","","","","","","","","","","","","","","","","","","","","","","","","","","","","","","","","","","","","","","","","","","","","","","","","","","","","","","","","","","","","","","",""
"06163007","TENDE_SAPC",44.043167,7.586,636,2000060605,0.,1,"","","","","","","","","","","","","","","","","","","","","","","","","","","","","","","","","","",14.,1,10.8,1,13.9,1,"","",14.1,1,"","","","","","","","","","","","","","","","","","","","",81,1,"","","","","","","","","","","","",12.9,1,"","","","","","","","","","","","","","","","","","","","","","","","","","","","","","","","","","","","","","","","","","","","","","","","","","","","","","","","","","","","","","","","","","","","","","","","","","","","","","","","","","","","","","","","","","","","","","","","","","","","","","","","","","","","","","","","","","","",""
"06163007","TENDE_SAPC",44.043167,7.586,636,2000060606,0.,1,"","","","","","","","","","","","","","","","","","","","","","","","","","","","","","","","","","",14.9,1,10.7,1,14.,1,"","",14.9,1,"","","","","","","","","","","","","","","","","","","","",76,1,"","","","","","","","","","","","",12.8,1,"","","","","","","","","","","","","","","","","","","","","","","","","","","","","","","","","","","","","","","","","","","","","","","","","","","","","","","","","","","","","","","","","","","","","","","","","","","","","","","","","","","","","","","","","","","","","","","","","","","","","","","","","","","","","","","","","","","",""
"06163007","TENDE_SAPC",44.043167,7.586,636,2000060607,0.,1,"","","","","","","","","","","","","","","","","","","","","","","","","","","","","","","","","","",16.4,1,11.5,1,14.9,1,"","",16.4,1,"","","","","","","","","","","","","","","","","","","","",73,1,"","","","","","","","","","","","",13.6,1,"","","","","","","","","","","","","","","","","","","","","","","","","","","","","","","","","","","","","","","","","","","","","","","","","","","","","","","","","","","","","","","","","","","","","","","","","","","","","","","","","","","","","","","","","","","","","","","","","","","","","","","","","","","","","","","","","","","",""
"06163007","TENDE_SAPC",44.043167,7.586,636,2000060608,0.,1,"","","","","","","","","","","","","","","","","","","","","","","","","","","","","","","","","","",18.4,1,12.4,1,16.5,1,"","",18.4,1,"","","","","","","","","","","","","","","","","","","","",68,1,"","","","","","","","","","","","",14.4,1,"","","","","","","","","","","","","","","","","","","","","","","","","","","","","","","","","","","","","","","","","","","","","","","","","","","","","","","","","","","","","","","","","","","","","","","","","","","","","","","","","","","","","","","","","","","","","","","","","","","","","","","","","","","","","","","","","","","",""
"06163007","TENDE_SAPC",44.043167,7.586,636,2000060609,0.,1,"","","","","","","","","","","","","","","","","","","","","","","","","","","","","","","","","","",21.4,1,12.3,1,18.4,1,"","",21.4,1,"","","","","","","","","","","","","","","","","","","","",56,1,"","","","","","","","","","","","",14.2,1,"","","","","","","","","","","","","","","","","","","","","","","","","","","","","","","","","","","","","","","","","","","","","","","","","","","","","","","","","","","","","","","","","","","","","","","","","","","","","","","","","","","","","","","","","","","","","","","","","","","","","","","","","","","","","","","","","","","",""
"06163007","TENDE_SAPC",44.043167,7.586,636,2000060610,0.,1,"","","","","","","","","","","","","","","","","","","","","","","","","","","","","","","","","","",23.8,1,10.1,1,21.4,1,"","",23.8,1,"","","","","","","","","","","","","","","","","","","","",42,1,"","","","","","","","","","","","",12.4,1,"","","","","","","","","","","","","","","","","","","","","","","","","","","","","","","","","","","","","","","","","","","","","","","","","","","","","","","","","","","","","","","","","","","","","","","","","","","","","","","","","","","","","","","","","","","","","","","","","","","","","","","","","","","","","","","","","","","",""
"06163007","TENDE_SAPC",44.043167,7.586,636,2000060611,0.,1,"","","","","","","","","","","","","","","","","","","","","","","","","","","","","","","","","","",23.3,1,11.7,1,23.3,1,"","",24.3,1,"","","","","","","","","","","","","","","","","","","","",48,1,"","","","","","","","","","","","",13.7,1,"","","","","","","","","","","","","","","","","","","","","","","","","","","","","","","","","","","","","","","","","","","","","","","","","","","","","","","","","","","","","","","","","","","","","","","","","","","","","","","","","","","","","","","","","","","","","","","","","","","","","","","","","","","","","","","","","","","",""
"06163007","TENDE_SAPC",44.043167,7.586,636,2000060612,0.,1,"","","","","","","","","","","","","","","","","","","","","","","","","","","","","","","","","","",21.6,1,10.4,1,21.6,1,"","",23.2,1,"","","","","","","","","","","","","","","","","","","","",49,1,"","","","","","","","","","","","",12.6,1,"","","","","","","","","","","","","","","","","","","","","","","","","","","","","","","","","","","","","","","","","","","","","","","","","","","","","","","","","","","","","","","","","","","","","","","","","","","","","","","","","","","","","","","","","","","","","","","","","","","","","","","","","","","","","","","","","","","",""
"06163007","TENDE_SAPC",44.043167,7.586,636,2000060709,"","","","","","","","","","","","","","","","","","","","","","","","","","","","","","","","","","","","",22.3,1,9.8,1,"","","","","","","","","","","","","","","","","","","","","","","","","","",45,1,"","","","","","","","","","","","",12.1,1,"","","","","","","","","","","","","","","","","","","","","","","","","","","","","","","","","","","","","","","","","","","","","","","","","","","","","","","","","","","","","","","","","","","","","","","","","","","","","","","","","","","","","","","","","","","","","","","","","","","","","","","","","","","","","","","","","","","",""
"06163007","TENDE_SAPC",44.043167,7.586,636,2000060710,0.,1,"","","","","","","","","","","","","","","","","","","","","","","","","","","","","","","","","","",23.2,1,9.2,1,22.4,1,"","",23.4,1,"","","","","","","","","","","","","","","","","","","","",41,1,"","","","","","","","","","","","",11.6,1,"","","","","","","","","","","","","","","","","","","","","","","","","","","","","","","","","","","","","","","","","","","","","","","","","","","","","","","","","","","","","","","","","","","","","","","","","","","","","","","","","","","","","","","","","","","","","","","","","","","","","","","","","","","","","","","","","","","",""
"06163007","TENDE_SAPC",44.043167,7.586,636,2000060711,0.,1,"","","","","","","","","","","","","","","","","","","","","","","","","","","","","","","","","","",24.6,1,9.7,1,23.3,1,"","",24.7,1,"","","","","","","","","","","","","","","","","","","","",39,1,"","","","","","","","","","","","",12.,1,"","","","","","","","","","","","","","","","","","","","","","","","","","","","","","","","","","","","","","","","","","","","","","","","","","","","","","","","","","","","","","","","","","","","","","","","","","","","","","","","","","","","","","","","","","","","","","","","","","","","","","","","","","","","","","","","","","","",""
"06163007","TENDE_SAPC",44.043167,7.586,636,2000060712,0.,1,"","","","","","","","","","","","","","","","","","","","","","","","","","","","","","","","","","",25.3,1,8.7,1,24.5,1,"","",25.3,1,"","","","","","","","","","","","","","","","","","","","",35,1,"","","","","","","","","","","","",11.3,1,"","","","","","","","","","","","","","","","","","","","","","","","","","","","","","","","","","","","","","","","","","","","","","","","","","","","","","","","","","","","","","","","","","","","","","","","","","","","","","","","","","","","","","","","","","","","","","","","","","","","","","","","","","","","","","","","","","","",""
"06163007","TENDE_SAPC",44.043167,7.586,636,2000060713,0.,1,"","","","","","","","","","","","","","","","","","","","","","","","","","","","","","","","","","",26.1,1,9.4,1,25.3,1,"","",26.2,1,"","","","","","","","","","","","","","","","","","","","",35,1,"","","","","","","","","","","","",11.8,1,"","","","","","","","","","","","","","","","","","","","","","","","","","","","","","","","","","","","","","","","","","","","","","","","","","","","","","","","","","","","","","","","","","","","","","","","","","","","","","","","","","","","","","","","","","","","","","","","","","","","","","","","","","","","","","","","","","","",""
"06163007","TENDE_SAPC",44.043167,7.586,636,2000060714,0.,1,"","","","","","","","","","","","","","","","","","","","","","","","","","","","","","","","","","",26.,1,8.9,1,26.,1,"","",26.6,1,"","","","","","","","","","","","","","","","","","","","",34,1,"","","","","","","","","","","","",11.4,1,"","","","","","","","","","","","","","","","","","","","","","","","","","","","","","","","","","","","","","","","","","","","","","","","","","","","","","","","","","","","","","","","","","","","","","","","","","","","","","","","","","","","","","","","","","","","","","","","","","","","","","","","","","","","","","","","","","","",""
"06163007","TENDE_SAPC",44.043167,7.586,636,2000060715,0.,1,"","","","","","","","","","","","","","","","","","","","","","","","","","","","","","","","","","",25.7,1,8.7,1,25.1,1,"","",26.,1,"","","","","","","","","","","","","","","","","","","","",34,1,"","","","","","","","","","","","",11.2,1,"","","","","","","","","","","","","","","","","","","","","","","","","","","","","","","","","","","","","","","","","","","","","","","","","","","","","","","","","","","","","","","","","","","","","","","","","","","","","","","","","","","","","","","","","","","","","","","","","","","","","","","","","","","","","","","","","","","",""
"06163007","TENDE_SAPC",44.043167,7.586,636,2000060716,0.,1,"","","","","","","","","","","","","","","","","","","","","","","","","","","","","","","","","","",24.8,1,8.7,1,24.8,1,"","",25.8,1,"","","","","","","","","","","","","","","","","","","","",36,1,"","","","","","","","","","","","",11.2,1,"","","","","","","","","","","","","","","","","","","","","","","","","","","","","","","","","","","","","","","","","","","","","","","","","","","","","","","","","","","","","","","","","","","","","","","","","","","","","","","","","","","","","","","","","","","","","","","","","","","","","","","","","","","","","","","","","","","",""
"06163007","TENDE_SAPC",44.043167,7.586,636,2000060717,0.,1,"","","","","","","","","","","","","","","","","","","","","","","","","","","","","","","","","","",22.5,1,12.7,1,22.5,1,"","",24.9,1,"","","","","","","","","","","","","","","","","","","","",54,1,"","","","","","","","","","","","",14.7,1,"","","","","","","","","","","","","","","","","","","","","","","","","","","","","","","","","","","","","","","","","","","","","","","","","","","","","","","","","","","","","","","","","","","","","","","","","","","","","","","","","","","","","","","","","","","","","","","","","","","","","","","","","","","","","","","","","","","",""
"06163007","TENDE_SAPC",44.043167,7.586,636,2000060718,0.,1,"","","","","","","","","","","","","","","","","","","","","","","","","","","","","","","","","","",21.2,1,12.3,1,21.2,1,"","",22.4,1,"","","","","","","","","","","","","","","","","","","","",57,1,"","","","","","","","","","","","",14.3,1,"","","","","","","","","","","","","","","","","","","","","","","","","","","","","","","","","","","","","","","","","","","","","","","","","","","","","","","","","","","","","","","","","","","","","","","","","","","","","","","","","","","","","","","","","","","","","","","","","","","","","","","","","","","","","","","","","","","",""
"06163007","TENDE_SAPC",44.043167,7.586,636,2000060719,0.,1,"","","","","","","","","","","","","","","","","","","","","","","","","","","","","","","","","","",19.1,1,12.8,1,19.1,1,"","",21.2,1,"","","","","","","","","","","","","","","","","","","","",67,1,"","","","","","","","","","","","",14.8,1,"","","","","","","","","","","","","","","","","","","","","","","","","","","","","","","","","","","","","","","","","","","","","","","","","","","","","","","","","","","","","","","","","","","","","","","","","","","","","","","","","","","","","","","","","","","","","","","","","","","","","","","","","","","","","","","","","","","",""
"06163007","TENDE_SAPC",44.043167,7.586,636,2000060720,0.,1,"","","","","","","","","","","","","","","","","","","","","","","","","","","","","","","","","","",16.4,1,11.8,1,16.4,1,"","",19.,1,"","","","","","","","","","","","","","","","","","","","",74,1,"","","","","","","","","","","","",13.8,1,"","","","","","","","","","","","","","","","","","","","","","","","","","","","","","","","","","","","","","","","","","","","","","","","","","","","","","","","","","","","","","","","","","","","","","","","","","","","","","","","","","","","","","","","","","","","","","","","","","","","","","","","","","","","","","","","","","","",""
"06163007","TENDE_SAPC",44.043167,7.586,636,2000060721,0.,1,"","","","","","","","","","","","","","","","","","","","","","","","","","","","","","","","","","",15.2,1,11.4,1,15.2,1,"","",16.3,1,"","","","","","","","","","","","","","","","","","","","",78,1,"","","","","","","","","","","","",13.4,1,"","","","","","","","","","","","","","","","","","","","","","","","","","","","","","","","","","","","","","","","","","","","","","","","","","","","","","","","","","","","","","","","","","","","","","","","","","","","","","","","","","","","","","","","","","","","","","","","","","","","","","","","","","","","","","","","","","","",""
"06163007","TENDE_SAPC",44.043167,7.586,636,2000060722,0.,1,"","","","","","","","","","","","","","","","","","","","","","","","","","","","","","","","","","",14.5,1,10.9,1,14.5,1,"","",15.2,1,"","","","","","","","","","","","","","","","","","","","",79,1,"","","","","","","","","","","","",13.,1,"","","","","","","","","","","","","","","","","","","","","","","","","","","","","","","","","","","","","","","","","","","","","","","","","","","","","","","","","","","","","","","","","","","","","","","","","","","","","","","","","","","","","","","","","","","","","","","","","","","","","","","","","","","","","","","","","","","",""
"06163007","TENDE_SAPC",44.043167,7.586,636,2000060723,0.,1,"","","","","","","","","","","","","","","","","","","","","","","","","","","","","","","","","","",13.6,1,10.2,1,13.6,1,"","",14.5,1,"","","","","","","","","","","","","","","","","","","","",80,1,"","","","","","","","","","","","",12.4,1,"","","","","","","","","","","","","","","","","","","","","","","","","","","","","","","","","","","","","","","","","","","","","","","","","","","","","","","","","","","","","","","","","","","","","","","","","","","","","","","","","","","","","","","","","","","","","","","","","","","","","","","","","","","","","","","","","","","",""
"06163007","TENDE_SAPC",44.043167,7.586,636,2000060800,0.,1,"","","","","","","","","","","","","","","","","","","","","","","","","","","","","","","","","","",12.7,1,9.7,1,12.7,1,"","",13.6,1,"","","","","","","","","","","","","","","","","","","","",82,1,"","","","","","","","","","","","",12.,1,"","","","","","","","","","","","","","","","","","","","","","","","","","","","","","","","","","","","","","","","","","","","","","","","","","","","","","","","","","","","","","","","","","","","","","","","","","","","","","","","","","","","","","","","","","","","","","","","","","","","","","","","","","","","","","","","","","","",""
"06163007","TENDE_SAPC",44.043167,7.586,636,2000060801,0.,1,"","","","","","","","","","","","","","","","","","","","","","","","","","","","","","","","","","",12.2,1,9.6,1,12.1,1,"","",12.7,1,"","","","","","","","","","","","","","","","","","","","",84,1,"","","","","","","","","","","","",11.9,1,"","","","","","","","","","","","","","","","","","","","","","","","","","","","","","","","","","","","","","","","","","","","","","","","","","","","","","","","","","","","","","","","","","","","","","","","","","","","","","","","","","","","","","","","","","","","","","","","","","","","","","","","","","","","","","","","","","","",""
"06163007","TENDE_SAPC",44.043167,7.586,636,2000060802,0.,1,"","","","","","","","","","","","","","","","","","","","","","","","","","","","","","","","","","",11.8,1,9.2,1,11.8,1,"","",12.2,1,"","","","","","","","","","","","","","","","","","","","",84,1,"","","","","","","","","","","","",11.6,1,"","","","","","","","","","","","","","","","","","","","","","","","","","","","","","","","","","","","","","","","","","","","","","","","","","","","","","","","","","","","","","","","","","","","","","","","","","","","","","","","","","","","","","","","","","","","","","","","","","","","","","","","","","","","","","","","","","","",""
"06163007","TENDE_SAPC",44.043167,7.586,636,2000060803,0.,1,"","","","","","","","","","","","","","","","","","","","","","","","","","","","","","","","","","",12.1,1,9.1,1,11.8,1,"","",12.1,1,"","","","","","","","","","","","","","","","","","","","",82,1,"","","","","","","","","","","","",11.6,1,"","","","","","","","","","","","","","","","","","","","","","","","","","","","","","","","","","","","","","","","","","","","","","","","","","","","","","","","","","","","","","","","","","","","","","","","","","","","","","","","","","","","","","","","","","","","","","","","","","","","","","","","","","","","","","","","","","","",""
"06163007","TENDE_SAPC",44.043167,7.586,636,2000060804,0.,1,"","","","","","","","","","","","","","","","","","","","","","","","","","","","","","","","","","",12.4,1,9.,1,12.,1,"","",12.4,1,"","","","","","","","","","","","","","","","","","","","",80,1,"","","","","","","","","","","","",11.5,1,"","","","","","","","","","","","","","","","","","","","","","","","","","","","","","","","","","","","","","","","","","","","","","","","","","","","","","","","","","","","","","","","","","","","","","","","","","","","","","","","","","","","","","","","","","","","","","","","","","","","","","","","","","","","","","","","","","","",""
"06163007","TENDE_SAPC",44.043167,7.586,636,2000060805,0.,1,"","","","","","","","","","","","","","","","","","","","","","","","","","","","","","","","","","",12.6,1,9.2,1,12.3,1,"","",12.6,1,"","","","","","","","","","","","","","","","","","","","",80,1,"","","","","","","","","","","","",11.6,1,"","","","","","","","","","","","","","","","","","","","","","","","","","","","","","","","","","","","","","","","","","","","","","","","","","","","","","","","","","","","","","","","","","","","","","","","","","","","","","","","","","","","","","","","","","","","","","","","","","","","","","","","","","","","","","","","","","","",""
"06163007","TENDE_SAPC",44.043167,7.586,636,2000060806,0.,1,"","","","","","","","","","","","","","","","","","","","","","","","","","","","","","","","","","",13.,1,10.2,1,12.6,1,"","",13.,1,"","","","","","","","","","","","","","","","","","","","",83,1,"","","","","","","","","","","","",12.4,1,"","","","","","","","","","","","","","","","","","","","","","","","","","","","","","","","","","","","","","","","","","","","","","","","","","","","","","","","","","","","","","","","","","","","","","","","","","","","","","","","","","","","","","","","","","","","","","","","","","","","","","","","","","","","","","","","","","","",""
"06163007","TENDE_SAPC",44.043167,7.586,636,2000060807,0.,1,"","","","","","","","","","","","","","","","","","","","","","","","","","","","","","","","","","",16.4,1,10.,1,13.,1,"","",16.4,1,"","","","","","","","","","","","","","","","","","","","",66,1,"","","","","","","","","","","","",12.3,1,"","","","","","","","","","","","","","","","","","","","","","","","","","","","","","","","","","","","","","","","","","","","","","","","","","","","","","","","","","","","","","","","","","","","","","","","","","","","","","","","","","","","","","","","","","","","","","","","","","","","","","","","","","","","","","","","","","","",""
"06163007","TENDE_SAPC",44.043167,7.586,636,2000060808,0.,1,"","","","","","","","","","","","","","","","","","","","","","","","","","","","","","","","","","",20.9,1,10.1,1,16.4,1,"","",20.9,1,"","","","","","","","","","","","","","","","","","","","",50,1,"","","","","","","","","","","","",12.3,1,"","","","","","","","","","","","","","","","","","","","","","","","","","","","","","","","","","","","","","","","","","","","","","","","","","","","","","","","","","","","","","","","","","","","","","","","","","","","","","","","","","","","","","","","","","","","","","","","","","","","","","","","","","","","","","","","","","","",""
"06163007","TENDE_SAPC",44.043167,7.586,636,2000060809,0.,1,"","","","","","","","","","","","","","","","","","","","","","","","","","","","","","","","","","",22.6,1,11.3,1,20.9,1,"","",22.7,1,"","","","","","","","","","","","","","","","","","","","",49,1,"","","","","","","","","","","","",13.4,1,"","","","","","","","","","","","","","","","","","","","","","","","","","","","","","","","","","","","","","","","","","","","","","","","","","","","","","","","","","","","","","","","","","","","","","","","","","","","","","","","","","","","","","","","","","","","","","","","","","","","","","","","","","","","","","","","","","","",""
"06163007","TENDE_SAPC",44.043167,7.586,636,2000060810,0.,1,"","","","","","","","","","","","","","","","","","","","","","","","","","","","","","","","","","",23.9,1,12.8,1,22.7,1,"","",24.5,1,"","","","","","","","","","","","","","","","","","","","",50,1,"","","","","","","","","","","","",14.8,1,"","","","","","","","","","","","","","","","","","","","","","","","","","","","","","","","","","","","","","","","","","","","","","","","","","","","","","","","","","","","","","","","","","","","","","","","","","","","","","","","","","","","","","","","","","","","","","","","","","","","","","","","","","","","","","","","","","","",""
"06163007","TENDE_SAPC",44.043167,7.586,636,2000060811,0.,1,"","","","","","","","","","","","","","","","","","","","","","","","","","","","","","","","","","",23.5,1,14.2,1,22.9,1,"","",24.4,1,"","","","","","","","","","","","","","","","","","","","",56,1,"","","","","","","","","","","","",16.2,1,"","","","","","","","","","","","","","","","","","","","","","","","","","","","","","","","","","","","","","","","","","","","","","","","","","","","","","","","","","","","","","","","","","","","","","","","","","","","","","","","","","","","","","","","","","","","","","","","","","","","","","","","","","","","","","","","","","","",""
"06163007","TENDE_SAPC",44.043167,7.586,636,2000060812,0.,1,"","","","","","","","","","","","","","","","","","","","","","","","","","","","","","","","","","",22.7,1,15.,1,22.7,1,"","",23.4,1,"","","","","","","","","","","","","","","","","","","","",62,1,"","","","","","","","","","","","",17.1,1,"","","","","","","","","","","","","","","","","","","","","","","","","","","","","","","","","","","","","","","","","","","","","","","","","","","","","","","","","","","","","","","","","","","","","","","","","","","","","","","","","","","","","","","","","","","","","","","","","","","","","","","","","","","","","","","","","","","",""
"06163007","TENDE_SAPC",44.043167,7.586,636,2000060813,0.,1,"","","","","","","","","","","","","","","","","","","","","","","","","","","","","","","","","","",21.8,1,14.4,1,21.8,1,"","",22.7,1,"","","","","","","","","","","","","","","","","","","","",63,1,"","","","","","","","","","","","",16.4,1,"","","","","","","","","","","","","","","","","","","","","","","","","","","","","","","","","","","","","","","","","","","","","","","","","","","","","","","","","","","","","","","","","","","","","","","","","","","","","","","","","","","","","","","","","","","","","","","","","","","","","","","","","","","","","","","","","","","",""
"06163007","TENDE_SAPC",44.043167,7.586,636,2000060814,0.,1,"","","","","","","","","","","","","","","","","","","","","","","","","","","","","","","","","","",21.1,1,14.3,1,21.1,1,"","",21.9,1,"","","","","","","","","","","","","","","","","","","","",65,1,"","","","","","","","","","","","",16.2,1,"","","","","","","","","","","","","","","","","","","","","","","","","","","","","","","","","","","","","","","","","","","","","","","","","","","","","","","","","","","","","","","","","","","","","","","","","","","","","","","","","","","","","","","","","","","","","","","","","","","","","","","","","","","","","","","","","","","",""
"06163007","TENDE_SAPC",44.043167,7.586,636,2000060815,0.2,1,"","","","","","","","","","","","","","","","","","","","","","","","","","","","","","","","","","",18.9,1,16.7,1,18.9,1,"","",21.,1,"","","","","","","","","","","","","","","","","","","","",87,1,"","","","","","","","","","","","",19.,1,"","","","","","","","","","","","","","","","","","","","","","","","","","","","","","","","","","","","","","","","","","","","","","","","","","","","","","","","","","","","","","","","","","","","","","","","","","","","","","","","","","","","","","","","","","","","","","","","","","","","","","","","","","","","","","","","","","","",""
"06163007","TENDE_SAPC",44.043167,7.586,636,2000060816,0.,1,"","","","","","","","","","","","","","","","","","","","","","","","","","","","","","","","","","",18.9,1,16.9,1,18.5,1,"","",18.9,1,"","","","","","","","","","","","","","","","","","","","",88,1,"","","","","","","","","","","","",19.2,1,"","","","","","","","","","","","","","","","","","","","","","","","","","","","","","","","","","","","","","","","","","","","","","","","","","","","","","","","","","","","","","","","","","","","","","","","","","","","","","","","","","","","","","","","","","","","","","","","","","","","","","","","","","","","","","","","","","","",""
"06163007","TENDE_SAPC",44.043167,7.586,636,2000060817,0.,1,"","","","","","","","","","","","","","","","","","","","","","","","","","","","","","","","","","",19.1,1,17.1,1,18.9,1,"","",19.2,1,"","","","","","","","","","","","","","","","","","","","",88,1,"","","","","","","","","","","","",19.4,1,"","","","","","","","","","","","","","","","","","","","","","","","","","","","","","","","","","","","","","","","","","","","","","","","","","","","","","","","","","","","","","","","","","","","","","","","","","","","","","","","","","","","","","","","","","","","","","","","","","","","","","","","","","","","","","","","","","","",""
"06163007","TENDE_SAPC",44.043167,7.586,636,2000060818,0.,1,"","","","","","","","","","","","","","","","","","","","","","","","","","","","","","","","","","",18.,1,16.,1,18.,1,"","",19.1,1,"","","","","","","","","","","","","","","","","","","","",88,1,"","","","","","","","","","","","",18.1,1,"","","","","","","","","","","","","","","","","","","","","","","","","","","","","","","","","","","","","","","","","","","","","","","","","","","","","","","","","","","","","","","","","","","","","","","","","","","","","","","","","","","","","","","","","","","","","","","","","","","","","","","","","","","","","","","","","","","",""
"06163007","TENDE_SAPC",44.043167,7.586,636,2000060819,0.,1,"","","","","","","","","","","","","","","","","","","","","","","","","","","","","","","","","","",16.5,1,15.,1,16.5,1,"","",18.,1,"","","","","","","","","","","","","","","","","","","","",91,1,"","","","","","","","","","","","",17.,1,"","","","","","","","","","","","","","","","","","","","","","","","","","","","","","","","","","","","","","","","","","","","","","","","","","","","","","","","","","","","","","","","","","","","","","","","","","","","","","","","","","","","","","","","","","","","","","","","","","","","","","","","","","","","","","","","","","","",""
"06163007","TENDE_SAPC",44.043167,7.586,636,2000060820,0.,1,"","","","","","","","","","","","","","","","","","","","","","","","","","","","","","","","","","",15.2,1,13.9,1,15.2,1,"","",16.5,1,"","","","","","","","","","","","","","","","","","","","",92,1,"","","","","","","","","","","","",15.9,1,"","","","","","","","","","","","","","","","","","","","","","","","","","","","","","","","","","","","","","","","","","","","","","","","","","","","","","","","","","","","","","","","","","","","","","","","","","","","","","","","","","","","","","","","","","","","","","","","","","","","","","","","","","","","","","","","","","","",""
"06163007","TENDE_SAPC",44.043167,7.586,636,2000060821,0.,1,"","","","","","","","","","","","","","","","","","","","","","","","","","","","","","","","","","",14.4,1,13.3,1,14.4,1,"","",15.2,1,"","","","","","","","","","","","","","","","","","","","",93,1,"","","","","","","","","","","","",15.2,1,"","","","","","","","","","","","","","","","","","","","","","","","","","","","","","","","","","","","","","","","","","","","","","","","","","","","","","","","","","","","","","","","","","","","","","","","","","","","","","","","","","","","","","","","","","","","","","","","","","","","","","","","","","","","","","","","","","","",""
"06163007","TENDE_SAPC",44.043167,7.586,636,2000060822,0.,1,"","","","","","","","","","","","","","","","","","","","","","","","","","","","","","","","","","",14.,1,12.6,1,14.,1,"","",14.4,1,"","","","","","","","","","","","","","","","","","","","",91,1,"","","","","","","","","","","","",14.5,1,"","","","","","","","","","","","","","","","","","","","","","","","","","","","","","","","","","","","","","","","","","","","","","","","","","","","","","","","","","","","","","","","","","","","","","","","","","","","","","","","","","","","","","","","","","","","","","","","","","","","","","","","","","","","","","","","","","","",""
"06163007","TENDE_SAPC",44.043167,7.586,636,2000060823,0.,1,"","","","","","","","","","","","","","","","","","","","","","","","","","","","","","","","","","",13.6,1,12.,1,13.5,1,"","",14.,1,"","","","","","","","","","","","","","","","","","","","",90,1,"","","","","","","","","","","","",14.,1,"","","","","","","","","","","","","","","","","","","","","","","","","","","","","","","","","","","","","","","","","","","","","","","","","","","","","","","","","","","","","","","","","","","","","","","","","","","","","","","","","","","","","","","","","","","","","","","","","","","","","","","","","","","","","","","","","","","",""
"06163007","TENDE_SAPC",44.043167,7.586,636,2000060900,0.,1,"","","","","","","","","","","","","","","","","","","","","","","","","","","","","","","","","","",13.4,1,11.5,1,13.3,1,"","",13.6,1,"","","","","","","","","","","","","","","","","","","","",88,1,"","","","","","","","","","","","",13.5,1,"","","","","","","","","","","","","","","","","","","","","","","","","","","","","","","","","","","","","","","","","","","","","","","","","","","","","","","","","","","","","","","","","","","","","","","","","","","","","","","","","","","","","","","","","","","","","","","","","","","","","","","","","","","","","","","","","","","",""
"06163007","TENDE_SAPC",44.043167,7.586,636,2000060901,0.,1,"","","","","","","","","","","","","","","","","","","","","","","","","","","","","","","","","","",13.1,1,11.,1,13.,1,"","",13.4,1,"","","","","","","","","","","","","","","","","","","","",87,1,"","","","","","","","","","","","",13.1,1,"","","","","","","","","","","","","","","","","","","","","","","","","","","","","","","","","","","","","","","","","","","","","","","","","","","","","","","","","","","","","","","","","","","","","","","","","","","","","","","","","","","","","","","","","","","","","","","","","","","","","","","","","","","","","","","","","","","",""
"06163007","TENDE_SAPC",44.043167,7.586,636,2000060902,0.,1,"","","","","","","","","","","","","","","","","","","","","","","","","","","","","","","","","","",12.5,1,10.6,1,12.5,1,"","",13.1,1,"","","","","","","","","","","","","","","","","","","","",88,1,"","","","","","","","","","","","",12.7,1,"","","","","","","","","","","","","","","","","","","","","","","","","","","","","","","","","","","","","","","","","","","","","","","","","","","","","","","","","","","","","","","","","","","","","","","","","","","","","","","","","","","","","","","","","","","","","","","","","","","","","","","","","","","","","","","","","","","",""
"06163007","TENDE_SAPC",44.043167,7.586,636,2000060903,0.,1,"","","","","","","","","","","","","","","","","","","","","","","","","","","","","","","","","","",11.9,1,10.,1,11.9,1,"","",12.6,1,"","","","","","","","","","","","","","","","","","","","",88,1,"","","","","","","","","","","","",12.2,1,"","","","","","","","","","","","","","","","","","","","","","","","","","","","","","","","","","","","","","","","","","","","","","","","","","","","","","","","","","","","","","","","","","","","","","","","","","","","","","","","","","","","","","","","","","","","","","","","","","","","","","","","","","","","","","","","","","","",""
"06163007","TENDE_SAPC",44.043167,7.586,636,2000060904,0.2,1,"","","","","","","","","","","","","","","","","","","","","","","","","","","","","","","","","","",11.6,1,9.7,1,11.6,1,"","",12.,1,"","","","","","","","","","","","","","","","","","","","",88,1,"","","","","","","","","","","","",12.,1,"","","","","","","","","","","","","","","","","","","","","","","","","","","","","","","","","","","","","","","","","","","","","","","","","","","","","","","","","","","","","","","","","","","","","","","","","","","","","","","","","","","","","","","","","","","","","","","","","","","","","","","","","","","","","","","","","","","",""
"06163007","TENDE_SAPC",44.043167,7.586,636,2000060905,0.,1,"","","","","","","","","","","","","","","","","","","","","","","","","","","","","","","","","","",11.9,1,9.6,1,11.6,1,"","",11.9,1,"","","","","","","","","","","","","","","","","","","","",86,1,"","","","","","","","","","","","",12.,1,"","","","","","","","","","","","","","","","","","","","","","","","","","","","","","","","","","","","","","","","","","","","","","","","","","","","","","","","","","","","","","","","","","","","","","","","","","","","","","","","","","","","","","","","","","","","","","","","","","","","","","","","","","","","","","","","","","","",""
"06163007","TENDE_SAPC",44.043167,7.586,636,2000060906,0.,1,"","","","","","","","","","","","","","","","","","","","","","","","","","","","","","","","","","",12.3,1,10.4,1,11.9,1,"","",12.3,1,"","","","","","","","","","","","","","","","","","","","",88,1,"","","","","","","","","","","","",12.6,1,"","","","","","","","","","","","","","","","","","","","","","","","","","","","","","","","","","","","","","","","","","","","","","","","","","","","","","","","","","","","","","","","","","","","","","","","","","","","","","","","","","","","","","","","","","","","","","","","","","","","","","","","","","","","","","","","","","","",""
"06163007","TENDE_SAPC",44.043167,7.586,636,2000060907,0.,1,"","","","","","","","","","","","","","","","","","","","","","","","","","","","","","","","","","",14.4,1,11.5,1,12.4,1,"","",14.4,1,"","","","","","","","","","","","","","","","","","","","",83,1,"","","","","","","","","","","","",13.6,1,"","","","","","","","","","","","","","","","","","","","","","","","","","","","","","","","","","","","","","","","","","","","","","","","","","","","","","","","","","","","","","","","","","","","","","","","","","","","","","","","","","","","","","","","","","","","","","","","","","","","","","","","","","","","","","","","","","","",""
"06163007","TENDE_SAPC",44.043167,7.586,636,2000060908,0.,1,"","","","","","","","","","","","","","","","","","","","","","","","","","","","","","","","","","",19.4,1,11.9,1,14.3,1,"","",19.4,1,"","","","","","","","","","","","","","","","","","","","",62,1,"","","","","","","","","","","","",13.9,1,"","","","","","","","","","","","","","","","","","","","","","","","","","","","","","","","","","","","","","","","","","","","","","","","","","","","","","","","","","","","","","","","","","","","","","","","","","","","","","","","","","","","","","","","","","","","","","","","","","","","","","","","","","","","","","","","","","","",""
"06163007","TENDE_SAPC",44.043167,7.586,636,2000060909,0.,1,"","","","","","","","","","","","","","","","","","","","","","","","","","","","","","","","","","",19.,1,14.5,1,19.,1,"","",20.7,1,"","","","","","","","","","","","","","","","","","","","",75,1,"","","","","","","","","","","","",16.4,1,"","","","","","","","","","","","","","","","","","","","","","","","","","","","","","","","","","","","","","","","","","","","","","","","","","","","","","","","","","","","","","","","","","","","","","","","","","","","","","","","","","","","","","","","","","","","","","","","","","","","","","","","","","","","","","","","","","","",""
"06163007","TENDE_SAPC",44.043167,7.586,636,2000060910,0.,1,"","","","","","","","","","","","","","","","","","","","","","","","","","","","","","","","","","",24.4,1,11.,1,19.,1,"","",24.4,1,"","","","","","","","","","","","","","","","","","","","",43,1,"","","","","","","","","","","","",13.1,1,"","","","","","","","","","","","","","","","","","","","","","","","","","","","","","","","","","","","","","","","","","","","","","","","","","","","","","","","","","","","","","","","","","","","","","","","","","","","","","","","","","","","","","","","","","","","","","","","","","","","","","","","","","","","","","","","","","","",""
"06163007","TENDE_SAPC",44.043167,7.586,636,2000060911,0.,1,"","","","","","","","","","","","","","","","","","","","","","","","","","","","","","","","","","",26.6,1,11.5,1,24.4,1,"","",26.6,1,"","","","","","","","","","","","","","","","","","","","",39,1,"","","","","","","","","","","","",13.5,1,"","","","","","","","","","","","","","","","","","","","","","","","","","","","","","","","","","","","","","","","","","","","","","","","","","","","","","","","","","","","","","","","","","","","","","","","","","","","","","","","","","","","","","","","","","","","","","","","","","","","","","","","","","","","","","","","","","","",""
"06163007","TENDE_SAPC",44.043167,7.586,636,2000060912,0.,1,"","","","","","","","","","","","","","","","","","","","","","","","","","","","","","","","","","",26.3,1,10.8,1,25.7,1,"","",27.1,1,"","","","","","","","","","","","","","","","","","","","",38,1,"","","","","","","","","","","","",13.,1,"","","","","","","","","","","","","","","","","","","","","","","","","","","","","","","","","","","","","","","","","","","","","","","","","","","","","","","","","","","","","","","","","","","","","","","","","","","","","","","","","","","","","","","","","","","","","","","","","","","","","","","","","","","","","","","","","","","",""
"06163007","TENDE_SAPC",44.043167,7.586,636,2000060913,0.,1,"","","","","","","","","","","","","","","","","","","","","","","","","","","","","","","","","","",26.6,1,11.5,1,25.2,1,"","",26.6,1,"","","","","","","","","","","","","","","","","","","","",39,1,"","","","","","","","","","","","",13.5,1,"","","","","","","","","","","","","","","","","","","","","","","","","","","","","","","","","","","","","","","","","","","","","","","","","","","","","","","","","","","","","","","","","","","","","","","","","","","","","","","","","","","","","","","","","","","","","","","","","","","","","","","","","","","","","","","","","","","",""
"06163007","TENDE_SAPC",44.043167,7.586,636,2000060914,0.,1,"","","","","","","","","","","","","","","","","","","","","","","","","","","","","","","","","","",26.8,1,10.5,1,26.5,1,"","",27.1,1,"","","","","","","","","","","","","","","","","","","","",36,1,"","","","","","","","","","","","",12.7,1,"","","","","","","","","","","","","","","","","","","","","","","","","","","","","","","","","","","","","","","","","","","","","","","","","","","","","","","","","","","","","","","","","","","","","","","","","","","","","","","","","","","","","","","","","","","","","","","","","","","","","","","","","","","","","","","","","","","",""
"06163007","TENDE_SAPC",44.043167,7.586,636,2000060915,0.,1,"","","","","","","","","","","","","","","","","","","","","","","","","","","","","","","","","","",26.5,1,11.4,1,26.5,1,"","",26.9,1,"","","","","","","","","","","","","","","","","","","","",39,1,"","","","","","","","","","","","",13.5,1,"","","","","","","","","","","","","","","","","","","","","","","","","","","","","","","","","","","","","","","","","","","","","","","","","","","","","","","","","","","","","","","","","","","","","","","","","","","","","","","","","","","","","","","","","","","","","","","","","","","","","","","","","","","","","","","","","","","",""
"06163007","TENDE_SAPC",44.043167,7.586,636,2000060916,0.,1,"","","","","","","","","","","","","","","","","","","","","","","","","","","","","","","","","","",25.1,1,11.6,1,25.1,1,"","",26.6,1,"","","","","","","","","","","","","","","","","","","","",43,1,"","","","","","","","","","","","",13.7,1,"","","","","","","","","","","","","","","","","","","","","","","","","","","","","","","","","","","","","","","","","","","","","","","","","","","","","","","","","","","","","","","","","","","","","","","","","","","","","","","","","","","","","","","","","","","","","","","","","","","","","","","","","","","","","","","","","","","",""
"06163007","TENDE_SAPC",44.043167,7.586,636,2000060917,0.,1,"","","","","","","","","","","","","","","","","","","","","","","","","","","","","","","","","","",22.6,1,11.9,1,22.6,1,"","",25.1,1,"","","","","","","","","","","","","","","","","","","","",51,1,"","","","","","","","","","","","",14.,1,"","","","","","","","","","","","","","","","","","","","","","","","","","","","","","","","","","","","","","","","","","","","","","","","","","","","","","","","","","","","","","","","","","","","","","","","","","","","","","","","","","","","","","","","","","","","","","","","","","","","","","","","","","","","","","","","","","","",""
"06163007","TENDE_SAPC",44.043167,7.586,636,2000060918,0.,1,"","","","","","","","","","","","","","","","","","","","","","","","","","","","","","","","","","",20.3,1,12.5,1,20.3,1,"","",22.6,1,"","","","","","","","","","","","","","","","","","","","",61,1,"","","","","","","","","","","","",14.5,1,"","","","","","","","","","","","","","","","","","","","","","","","","","","","","","","","","","","","","","","","","","","","","","","","","","","","","","","","","","","","","","","","","","","","","","","","","","","","","","","","","","","","","","","","","","","","","","","","","","","","","","","","","","","","","","","","","","","",""
"06163007","TENDE_SAPC",44.043167,7.586,636,2000060919,0.,1,"","","","","","","","","","","","","","","","","","","","","","","","","","","","","","","","","","",18.4,1,12.8,1,18.4,1,"","",20.3,1,"","","","","","","","","","","","","","","","","","","","",70,1,"","","","","","","","","","","","",14.8,1,"","","","","","","","","","","","","","","","","","","","","","","","","","","","","","","","","","","","","","","","","","","","","","","","","","","","","","","","","","","","","","","","","","","","","","","","","","","","","","","","","","","","","","","","","","","","","","","","","","","","","","","","","","","","","","","","","","","",""
"06163007","TENDE_SAPC",44.043167,7.586,636,2000060920,0.,1,"","","","","","","","","","","","","","","","","","","","","","","","","","","","","","","","","","",17.2,1,12.1,1,17.,1,"","",18.3,1,"","","","","","","","","","","","","","","","","","","","",72,1,"","","","","","","","","","","","",14.1,1,"","","","","","","","","","","","","","","","","","","","","","","","","","","","","","","","","","","","","","","","","","","","","","","","","","","","","","","","","","","","","","","","","","","","","","","","","","","","","","","","","","","","","","","","","","","","","","","","","","","","","","","","","","","","","","","","","","","",""
"06163007","TENDE_SAPC",44.043167,7.586,636,2000060921,0.,1,"","","","","","","","","","","","","","","","","","","","","","","","","","","","","","","","","","",16.4,1,11.3,1,16.4,1,"","",17.1,1,"","","","","","","","","","","","","","","","","","","","",72,1,"","","","","","","","","","","","",13.4,1,"","","","","","","","","","","","","","","","","","","","","","","","","","","","","","","","","","","","","","","","","","","","","","","","","","","","","","","","","","","","","","","","","","","","","","","","","","","","","","","","","","","","","","","","","","","","","","","","","","","","","","","","","","","","","","","","","","","",""
"06163007","TENDE_SAPC",44.043167,7.586,636,2000060922,0.,1,"","","","","","","","","","","","","","","","","","","","","","","","","","","","","","","","","","",15.6,1,10.8,1,15.4,1,"","",16.4,1,"","","","","","","","","","","","","","","","","","","","",73,1,"","","","","","","","","","","","",12.9,1,"","","","","","","","","","","","","","","","","","","","","","","","","","","","","","","","","","","","","","","","","","","","","","","","","","","","","","","","","","","","","","","","","","","","","","","","","","","","","","","","","","","","","","","","","","","","","","","","","","","","","","","","","","","","","","","","","","","",""
"06163007","TENDE_SAPC",44.043167,7.586,636,2000060923,0.,1,"","","","","","","","","","","","","","","","","","","","","","","","","","","","","","","","","","",14.9,1,10.3,1,14.9,1,"","",15.7,1,"","","","","","","","","","","","","","","","","","","","",74,1,"","","","","","","","","","","","",12.5,1,"","","","","","","","","","","","","","","","","","","","","","","","","","","","","","","","","","","","","","","","","","","","","","","","","","","","","","","","","","","","","","","","","","","","","","","","","","","","","","","","","","","","","","","","","","","","","","","","","","","","","","","","","","","","","","","","","","","",""
"06163007","TENDE_SAPC",44.043167,7.586,636,2000061000,0.,1,"","","","","","","","","","","","","","","","","","","","","","","","","","","","","","","","","","",14.1,1,9.7,1,14.,1,"","",14.9,1,"","","","","","","","","","","","","","","","","","","","",75,1,"","","","","","","","","","","","",12.,1,"","","","","","","","","","","","","","","","","","","","","","","","","","","","","","","","","","","","","","","","","","","","","","","","","","","","","","","","","","","","","","","","","","","","","","","","","","","","","","","","","","","","","","","","","","","","","","","","","","","","","","","","","","","","","","","","","","","",""
"06163007","TENDE_SAPC",44.043167,7.586,636,2000061001,0.,1,"","","","","","","","","","","","","","","","","","","","","","","","","","","","","","","","","","",14.1,1,9.3,1,13.9,1,"","",14.4,1,"","","","","","","","","","","","","","","","","","","","",73,1,"","","","","","","","","","","","",11.7,1,"","","","","","","","","","","","","","","","","","","","","","","","","","","","","","","","","","","","","","","","","","","","","","","","","","","","","","","","","","","","","","","","","","","","","","","","","","","","","","","","","","","","","","","","","","","","","","","","","","","","","","","","","","","","","","","","","","","",""
"06163007","TENDE_SAPC",44.043167,7.586,636,2000061002,0.,1,"","","","","","","","","","","","","","","","","","","","","","","","","","","","","","","","","","",14.3,1,9.3,1,13.8,1,"","",14.3,1,"","","","","","","","","","","","","","","","","","","","",72,1,"","","","","","","","","","","","",11.7,1,"","","","","","","","","","","","","","","","","","","","","","","","","","","","","","","","","","","","","","","","","","","","","","","","","","","","","","","","","","","","","","","","","","","","","","","","","","","","","","","","","","","","","","","","","","","","","","","","","","","","","","","","","","","","","","","","","","","",""
"06163007","TENDE_SAPC",44.043167,7.586,636,2000061003,0.,1,"","","","","","","","","","","","","","","","","","","","","","","","","","","","","","","","","","",13.9,1,9.5,1,13.9,1,"","",14.5,1,"","","","","","","","","","","","","","","","","","","","",75,1,"","","","","","","","","","","","",11.9,1,"","","","","","","","","","","","","","","","","","","","","","","","","","","","","","","","","","","","","","","","","","","","","","","","","","","","","","","","","","","","","","","","","","","","","","","","","","","","","","","","","","","","","","","","","","","","","","","","","","","","","","","","","","","","","","","","","","","",""
"06163007","TENDE_SAPC",44.043167,7.586,636,2000061004,0.,1,"","","","","","","","","","","","","","","","","","","","","","","","","","","","","","","","","","",13.2,1,9.6,1,13.2,1,"","",13.9,1,"","","","","","","","","","","","","","","","","","","","",79,1,"","","","","","","","","","","","",12.,1,"","","","","","","","","","","","","","","","","","","","","","","","","","","","","","","","","","","","","","","","","","","","","","","","","","","","","","","","","","","","","","","","","","","","","","","","","","","","","","","","","","","","","","","","","","","","","","","","","","","","","","","","","","","","","","","","","","","",""
"06163007","TENDE_SAPC",44.043167,7.586,636,2000061005,0.,1,"","","","","","","","","","","","","","","","","","","","","","","","","","","","","","","","","","",13.,1,9.4,1,12.9,1,"","",13.2,1,"","","","","","","","","","","","","","","","","","","","",79,1,"","","","","","","","","","","","",11.8,1,"","","","","","","","","","","","","","","","","","","","","","","","","","","","","","","","","","","","","","","","","","","","","","","","","","","","","","","","","","","","","","","","","","","","","","","","","","","","","","","","","","","","","","","","","","","","","","","","","","","","","","","","","","","","","","","","","","","",""
"06163007","TENDE_SAPC",44.043167,7.586,636,2000061006,0.,1,"","","","","","","","","","","","","","","","","","","","","","","","","","","","","","","","","","",13.4,1,10.,1,13.,1,"","",13.4,1,"","","","","","","","","","","","","","","","","","","","",80,1,"","","","","","","","","","","","",12.3,1,"","","","","","","","","","","","","","","","","","","","","","","","","","","","","","","","","","","","","","","","","","","","","","","","","","","","","","","","","","","","","","","","","","","","","","","","","","","","","","","","","","","","","","","","","","","","","","","","","","","","","","","","","","","","","","","","","","","",""
"06163007","TENDE_SAPC",44.043167,7.586,636,2000061007,0.,1,"","","","","","","","","","","","","","","","","","","","","","","","","","","","","","","","","","",17.6,1,10.7,1,13.5,1,"","",17.6,1,"","","","","","","","","","","","","","","","","","","","",64,1,"","","","","","","","","","","","",12.9,1,"","","","","","","","","","","","","","","","","","","","","","","","","","","","","","","","","","","","","","","","","","","","","","","","","","","","","","","","","","","","","","","","","","","","","","","","","","","","","","","","","","","","","","","","","","","","","","","","","","","","","","","","","","","","","","","","","","","",""
"06163007","TENDE_SAPC",44.043167,7.586,636,2000061008,0.,1,"","","","","","","","","","","","","","","","","","","","","","","","","","","","","","","","","","",24.1,1,10.,1,17.7,1,"","",24.1,1,"","","","","","","","","","","","","","","","","","","","",41,1,"","","","","","","","","","","","",12.3,1,"","","","","","","","","","","","","","","","","","","","","","","","","","","","","","","","","","","","","","","","","","","","","","","","","","","","","","","","","","","","","","","","","","","","","","","","","","","","","","","","","","","","","","","","","","","","","","","","","","","","","","","","","","","","","","","","","","","",""
"06163007","TENDE_SAPC",44.043167,7.586,636,2000061009,0.,1,"","","","","","","","","","","","","","","","","","","","","","","","","","","","","","","","","","",23.1,1,10.8,1,23.1,1,"","",24.6,1,"","","","","","","","","","","","","","","","","","","","",46,1,"","","","","","","","","","","","",13.,1,"","","","","","","","","","","","","","","","","","","","","","","","","","","","","","","","","","","","","","","","","","","","","","","","","","","","","","","","","","","","","","","","","","","","","","","","","","","","","","","","","","","","","","","","","","","","","","","","","","","","","","","","","","","","","","","","","","","",""
"06163007","TENDE_SAPC",44.043167,7.586,636,2000061010,0.,1,"","","","","","","","","","","","","","","","","","","","","","","","","","","","","","","","","","",23.3,1,11.4,1,23.1,1,"","",24.3,1,"","","","","","","","","","","","","","","","","","","","",47,1,"","","","","","","","","","","","",13.4,1,"","","","","","","","","","","","","","","","","","","","","","","","","","","","","","","","","","","","","","","","","","","","","","","","","","","","","","","","","","","","","","","","","","","","","","","","","","","","","","","","","","","","","","","","","","","","","","","","","","","","","","","","","","","","","","","","","","","",""
"06163007","TENDE_SAPC",44.043167,7.586,636,2000061011,0.,1,"","","","","","","","","","","","","","","","","","","","","","","","","","","","","","","","","","",23.9,1,10.6,1,22.7,1,"","",24.,1,"","","","","","","","","","","","","","","","","","","","",43,1,"","","","","","","","","","","","",12.7,1,"","","","","","","","","","","","","","","","","","","","","","","","","","","","","","","","","","","","","","","","","","","","","","","","","","","","","","","","","","","","","","","","","","","","","","","","","","","","","","","","","","","","","","","","","","","","","","","","","","","","","","","","","","","","","","","","","","","",""
"06163007","TENDE_SAPC",44.043167,7.586,636,2000061012,0.,1,"","","","","","","","","","","","","","","","","","","","","","","","","","","","","","","","","","",23.,1,12.,1,23.,1,"","",24.5,1,"","","","","","","","","","","","","","","","","","","","",50,1,"","","","","","","","","","","","",14.,1,"","","","","","","","","","","","","","","","","","","","","","","","","","","","","","","","","","","","","","","","","","","","","","","","","","","","","","","","","","","","","","","","","","","","","","","","","","","","","","","","","","","","","","","","","","","","","","","","","","","","","","","","","","","","","","","","","","","",""
"06163007","TENDE_SAPC",44.043167,7.586,636,2000061013,0.,1,"","","","","","","","","","","","","","","","","","","","","","","","","","","","","","","","","","",23.3,1,12.,1,22.9,1,"","",23.8,1,"","","","","","","","","","","","","","","","","","","","",49,1,"","","","","","","","","","","","",14.,1,"","","","","","","","","","","","","","","","","","","","","","","","","","","","","","","","","","","","","","","","","","","","","","","","","","","","","","","","","","","","","","","","","","","","","","","","","","","","","","","","","","","","","","","","","","","","","","","","","","","","","","","","","","","","","","","","","","","",""
"06163007","TENDE_SAPC",44.043167,7.586,636,2000061014,0.,1,"","","","","","","","","","","","","","","","","","","","","","","","","","","","","","","","","","",22.4,1,11.8,1,22.4,1,"","",23.6,1,"","","","","","","","","","","","","","","","","","","","",51,1,"","","","","","","","","","","","",13.8,1,"","","","","","","","","","","","","","","","","","","","","","","","","","","","","","","","","","","","","","","","","","","","","","","","","","","","","","","","","","","","","","","","","","","","","","","","","","","","","","","","","","","","","","","","","","","","","","","","","","","","","","","","","","","","","","","","","","","",""
"06163007","TENDE_SAPC",44.043167,7.586,636,2000061015,0.,1,"","","","","","","","","","","","","","","","","","","","","","","","","","","","","","","","","","",22.2,1,11.3,1,22.,1,"","",22.6,1,"","","","","","","","","","","","","","","","","","","","",50,1,"","","","","","","","","","","","",13.3,1,"","","","","","","","","","","","","","","","","","","","","","","","","","","","","","","","","","","","","","","","","","","","","","","","","","","","","","","","","","","","","","","","","","","","","","","","","","","","","","","","","","","","","","","","","","","","","","","","","","","","","","","","","","","","","","","","","","","",""
"06163007","TENDE_SAPC",44.043167,7.586,636,2000061016,0.,1,"","","","","","","","","","","","","","","","","","","","","","","","","","","","","","","","","","",22.1,1,8.9,1,22.1,1,"","",22.7,1,"","","","","","","","","","","","","","","","","","","","",43,1,"","","","","","","","","","","","",11.4,1,"","","","","","","","","","","","","","","","","","","","","","","","","","","","","","","","","","","","","","","","","","","","","","","","","","","","","","","","","","","","","","","","","","","","","","","","","","","","","","","","","","","","","","","","","","","","","","","","","","","","","","","","","","","","","","","","","","","",""
"06163007","TENDE_SAPC",44.043167,7.586,636,2000061017,0.,1,"","","","","","","","","","","","","","","","","","","","","","","","","","","","","","","","","","",21.3,1,9.2,1,21.3,1,"","",22.1,1,"","","","","","","","","","","","","","","","","","","","",46,1,"","","","","","","","","","","","",11.6,1,"","","","","","","","","","","","","","","","","","","","","","","","","","","","","","","","","","","","","","","","","","","","","","","","","","","","","","","","","","","","","","","","","","","","","","","","","","","","","","","","","","","","","","","","","","","","","","","","","","","","","","","","","","","","","","","","","","","",""
"06163007","TENDE_SAPC",44.043167,7.586,636,2000061018,0.,1,"","","","","","","","","","","","","","","","","","","","","","","","","","","","","","","","","","",20.7,1,9.,1,20.7,1,"","",21.2,1,"","","","","","","","","","","","","","","","","","","","",47,1,"","","","","","","","","","","","",11.4,1,"","","","","","","","","","","","","","","","","","","","","","","","","","","","","","","","","","","","","","","","","","","","","","","","","","","","","","","","","","","","","","","","","","","","","","","","","","","","","","","","","","","","","","","","","","","","","","","","","","","","","","","","","","","","","","","","","","","",""
"06163007","TENDE_SAPC",44.043167,7.586,636,2000062007,0.,1,"","","","","","","","","","","","","","","","","","","","","","","","","","","","","","","","","","",14.,1,12.9,1,13.9,1,"","",14.1,1,"","","","","","","","","","","","","","","","","","","","",93,1,"","","","","","","","","","","","",14.8,1,"","","","","","","","","","","","","","","","","","","","","","","","","","","","","","","","","","","","","","","","","","","","","","","","","","","","","","","","","","","","","","","","","","","","","","","","","","","","","","","","","","","","","","","","","","","","","","","","","","","","","","","","","","","","","","","","","","","",""
"06163007","TENDE_SAPC",44.043167,7.586,636,2000062008,0.,1,"","","","","","","","","","","","","","","","","","","","","","","","","","","","","","","","","","",14.1,1,13.,1,14.1,1,"","",14.2,1,"","","","","","","","","","","","","","","","","","","","",93,1,"","","","","","","","","","","","",14.9,1,"","","","","","","","","","","","","","","","","","","","","","","","","","","","","","","","","","","","","","","","","","","","","","","","","","","","","","","","","","","","","","","","","","","","","","","","","","","","","","","","","","","","","","","","","","","","","","","","","","","","","","","","","","","","","","","","","","","",""
"06163007","TENDE_SAPC",44.043167,7.586,636,2000062009,0.,1,"","","","","","","","","","","","","","","","","","","","","","","","","","","","","","","","","","",14.1,1,13.1,1,14.1,1,"","",14.3,1,"","","","","","","","","","","","","","","","","","","","",94,1,"","","","","","","","","","","","",15.1,1,"","","","","","","","","","","","","","","","","","","","","","","","","","","","","","","","","","","","","","","","","","","","","","","","","","","","","","","","","","","","","","","","","","","","","","","","","","","","","","","","","","","","","","","","","","","","","","","","","","","","","","","","","","","","","","","","","","","",""
"06163007","TENDE_SAPC",44.043167,7.586,636,2000062010,0.,1,"","","","","","","","","","","","","","","","","","","","","","","","","","","","","","","","","","",14.3,1,13.5,1,"","","","","","","","","","","","","","","","","","","","","","","","","","",95,1,"","","","","","","","","","","","",15.5,1,"","","","","","","","","","","","","","","","","","","","","","","","","","","","","","","","","","","","","","","","","","","","","","","","","","","","","","","","","","","","","","","","","","","","","","","","","","","","","","","","","","","","","","","","","","","","","","","","","","","","","","","","","","","","","","","","","","","",""
"06163007","TENDE_SAPC",44.043167,7.586,636,2000062011,0.,1,"","","","","","","","","","","","","","","","","","","","","","","","","","","","","","","","","","","","","","","","","","","","","","","","","","","","","","","","","","","","","","","","","","","","","","","","","","","","","","","","","","","","","","","","","","","","","","","","","","","","","","","","","","","","","","","","","","","","","","","","","","","","","","","","","","","","","","","","","","","","","","","","","","","","","","","","","","","","","","","","","","","","","","","","","","","","","","","","","","","","","","","","","","","","","","","","","","","",""
"06163007","TENDE_SAPC",44.043167,7.586,636,2000062012,0.,1,"","","","","","","","","","","","","","","","","","","","","","","","","","","","","","","","","","","","","","","","","","","","","","","","","","","","","","","","","","","","","","","","","","","","","","","","","","","","","","","","","","","","","","","","","","","","","","","","","","","","","","","","","","","","","","","","","","","","","","","","","","","","","","","","","","","","","","","","","","","","","","","","","","","","","","","","","","","","","","","","","","","","","","","","","","","","","","","","","","","","","","","","","","","","","","","","","","","",""
"06163007","TENDE_SAPC",44.043167,7.586,636,2000062013,0.,1,"","","","","","","","","","","","","","","","","","","","","","","","","","","","","","","","","","",26.5,1,4.9,1,"","","","","","","","","","","","","","","","","","","","","","","","","","",25,1,"","","","","","","","","","","","",8.6,1,"","","","","","","","","","","","","","","","","","","","","","","","","","","","","","","","","","","","","","","","","","","","","","","","","","","","","","","","","","","","","","","","","","","","","","","","","","","","","","","","","","","","","","","","","","","","","","","","","","","","","","","","","","","","","","","","","","","",""
"06163007","TENDE_SAPC",44.043167,7.586,636,2000062014,0.,1,"","","","","","","","","","","","","","","","","","","","","","","","","","","","","","","","","","",26.2,1,4.6,1,26.2,1,"","",26.6,1,"","","","","","","","","","","","","","","","","","","","",25,1,"","","","","","","","","","","","",8.5,1,"","","","","","","","","","","","","","","","","","","","","","","","","","","","","","","","","","","","","","","","","","","","","","","","","","","","","","","","","","","","","","","","","","","","","","","","","","","","","","","","","","","","","","","","","","","","","","","","","","","","","","","","","","","","","","","","","","","",""
"06163007","TENDE_SAPC",44.043167,7.586,636,2000062015,0.,1,"","","","","","","","","","","","","","","","","","","","","","","","","","","","","","","","","","",25.9,1,1.9,1,25.9,1,"","",26.4,1,"","","","","","","","","","","","","","","","","","","","",21,1,"","","","","","","","","","","","",7.,1,"","","","","","","","","","","","","","","","","","","","","","","","","","","","","","","","","","","","","","","","","","","","","","","","","","","","","","","","","","","","","","","","","","","","","","","","","","","","","","","","","","","","","","","","","","","","","","","","","","","","","","","","","","","","","","","","","","","",""
"06163007","TENDE_SAPC",44.043167,7.586,636,2000062016,0.,1,"","","","","","","","","","","","","","","","","","","","","","","","","","","","","","","","","","",24.6,1,5.4,1,24.6,1,"","",26.,1,"","","","","","","","","","","","","","","","","","","","",29,1,"","","","","","","","","","","","",8.9,1,"","","","","","","","","","","","","","","","","","","","","","","","","","","","","","","","","","","","","","","","","","","","","","","","","","","","","","","","","","","","","","","","","","","","","","","","","","","","","","","","","","","","","","","","","","","","","","","","","","","","","","","","","","","","","","","","","","","",""
"06163007","TENDE_SAPC",44.043167,7.586,636,2000062017,0.,1,"","","","","","","","","","","","","","","","","","","","","","","","","","","","","","","","","","",22.6,1,5.5,1,22.6,1,"","",24.5,1,"","","","","","","","","","","","","","","","","","","","",33,1,"","","","","","","","","","","","",9.,1,"","","","","","","","","","","","","","","","","","","","","","","","","","","","","","","","","","","","","","","","","","","","","","","","","","","","","","","","","","","","","","","","","","","","","","","","","","","","","","","","","","","","","","","","","","","","","","","","","","","","","","","","","","","","","","","","","","","",""
"06163007","TENDE_SAPC",44.043167,7.586,636,2000062018,0.,1,"","","","","","","","","","","","","","","","","","","","","","","","","","","","","","","","","","",20.4,1,6.7,1,20.4,1,"","",22.6,1,"","","","","","","","","","","","","","","","","","","","",41,1,"","","","","","","","","","","","",9.8,1,"","","","","","","","","","","","","","","","","","","","","","","","","","","","","","","","","","","","","","","","","","","","","","","","","","","","","","","","","","","","","","","","","","","","","","","","","","","","","","","","","","","","","","","","","","","","","","","","","","","","","","","","","","","","","","","","","","","",""
"06163007","TENDE_SAPC",44.043167,7.586,636,2000062019,0.,1,"","","","","","","","","","","","","","","","","","","","","","","","","","","","","","","","","","",18.1,1,7.2,1,18.1,1,"","",20.4,1,"","","","","","","","","","","","","","","","","","","","",49,1,"","","","","","","","","","","","",10.2,1,"","","","","","","","","","","","","","","","","","","","","","","","","","","","","","","","","","","","","","","","","","","","","","","","","","","","","","","","","","","","","","","","","","","","","","","","","","","","","","","","","","","","","","","","","","","","","","","","","","","","","","","","","","","","","","","","","","","",""
"06163007","TENDE_SAPC",44.043167,7.586,636,2000062020,0.,1,"","","","","","","","","","","","","","","","","","","","","","","","","","","","","","","","","","",16.5,1,7.9,1,16.5,1,"","",18.1,1,"","","","","","","","","","","","","","","","","","","","",57,1,"","","","","","","","","","","","",10.7,1,"","","","","","","","","","","","","","","","","","","","","","","","","","","","","","","","","","","","","","","","","","","","","","","","","","","","","","","","","","","","","","","","","","","","","","","","","","","","","","","","","","","","","","","","","","","","","","","","","","","","","","","","","","","","","","","","","","","",""
"06163007","TENDE_SAPC",44.043167,7.586,636,2000062021,0.,1,"","","","","","","","","","","","","","","","","","","","","","","","","","","","","","","","","","",15.1,1,7.6,1,15.1,1,"","",16.4,1,"","","","","","","","","","","","","","","","","","","","",61,1,"","","","","","","","","","","","",10.4,1,"","","","","","","","","","","","","","","","","","","","","","","","","","","","","","","","","","","","","","","","","","","","","","","","","","","","","","","","","","","","","","","","","","","","","","","","","","","","","","","","","","","","","","","","","","","","","","","","","","","","","","","","","","","","","","","","","","","",""
"06163007","TENDE_SAPC",44.043167,7.586,636,2000062022,0.,1,"","","","","","","","","","","","","","","","","","","","","","","","","","","","","","","","","","",14.1,1,6.9,1,14.1,1,"","",15.1,1,"","","","","","","","","","","","","","","","","","","","",62,1,"","","","","","","","","","","","",10.,1,"","","","","","","","","","","","","","","","","","","","","","","","","","","","","","","","","","","","","","","","","","","","","","","","","","","","","","","","","","","","","","","","","","","","","","","","","","","","","","","","","","","","","","","","","","","","","","","","","","","","","","","","","","","","","","","","","","","",""
"06163007","TENDE_SAPC",44.043167,7.586,636,2000062023,0.,1,"","","","","","","","","","","","","","","","","","","","","","","","","","","","","","","","","","",13.6,1,6.2,1,13.5,1,"","",14.1,1,"","","","","","","","","","","","","","","","","","","","",61,1,"","","","","","","","","","","","",9.5,1,"","","","","","","","","","","","","","","","","","","","","","","","","","","","","","","","","","","","","","","","","","","","","","","","","","","","","","","","","","","","","","","","","","","","","","","","","","","","","","","","","","","","","","","","","","","","","","","","","","","","","","","","","","","","","","","","","","","",""
"06163007","TENDE_SAPC",44.043167,7.586,636,2000062100,0.,1,"","","","","","","","","","","","","","","","","","","","","","","","","","","","","","","","","","",12.6,1,6.,1,12.6,1,"","",13.6,1,"","","","","","","","","","","","","","","","","","","","",64,1,"","","","","","","","","","","","",9.3,1,"","","","","","","","","","","","","","","","","","","","","","","","","","","","","","","","","","","","","","","","","","","","","","","","","","","","","","","","","","","","","","","","","","","","","","","","","","","","","","","","","","","","","","","","","","","","","","","","","","","","","","","","","","","","","","","","","","","",""
"06163007","TENDE_SAPC",44.043167,7.586,636,2000062101,0.,1,"","","","","","","","","","","","","","","","","","","","","","","","","","","","","","","","","","",12.2,1,5.6,1,12.1,1,"","",12.6,1,"","","","","","","","","","","","","","","","","","","","",64,1,"","","","","","","","","","","","",9.1,1,"","","","","","","","","","","","","","","","","","","","","","","","","","","","","","","","","","","","","","","","","","","","","","","","","","","","","","","","","","","","","","","","","","","","","","","","","","","","","","","","","","","","","","","","","","","","","","","","","","","","","","","","","","","","","","","","","","","",""
"06163007","TENDE_SAPC",44.043167,7.586,636,2000062102,0.,1,"","","","","","","","","","","","","","","","","","","","","","","","","","","","","","","","","","",11.6,1,5.2,1,11.6,1,"","",12.2,1,"","","","","","","","","","","","","","","","","","","","",65,1,"","","","","","","","","","","","",8.9,1,"","","","","","","","","","","","","","","","","","","","","","","","","","","","","","","","","","","","","","","","","","","","","","","","","","","","","","","","","","","","","","","","","","","","","","","","","","","","","","","","","","","","","","","","","","","","","","","","","","","","","","","","","","","","","","","","","","","",""
"06163007","TENDE_SAPC",44.043167,7.586,636,2000062103,0.,1,"","","","","","","","","","","","","","","","","","","","","","","","","","","","","","","","","","",11.5,1,4.5,1,11.2,1,"","",11.7,1,"","","","","","","","","","","","","","","","","","","","",62,1,"","","","","","","","","","","","",8.4,1,"","","","","","","","","","","","","","","","","","","","","","","","","","","","","","","","","","","","","","","","","","","","","","","","","","","","","","","","","","","","","","","","","","","","","","","","","","","","","","","","","","","","","","","","","","","","","","","","","","","","","","","","","","","","","","","","","","","",""
"06163007","TENDE_SAPC",44.043167,7.586,636,2000062104,0.,1,"","","","","","","","","","","","","","","","","","","","","","","","","","","","","","","","","","",11.1,1,4.5,1,10.9,1,"","",11.6,1,"","","","","","","","","","","","","","","","","","","","",64,1,"","","","","","","","","","","","",8.4,1,"","","","","","","","","","","","","","","","","","","","","","","","","","","","","","","","","","","","","","","","","","","","","","","","","","","","","","","","","","","","","","","","","","","","","","","","","","","","","","","","","","","","","","","","","","","","","","","","","","","","","","","","","","","","","","","","","","","",""
"06163007","TENDE_SAPC",44.043167,7.586,636,2000062105,0.,1,"","","","","","","","","","","","","","","","","","","","","","","","","","","","","","","","","","",11.3,1,4.5,1,10.9,1,"","",11.3,1,"","","","","","","","","","","","","","","","","","","","",63,1,"","","","","","","","","","","","",8.4,1,"","","","","","","","","","","","","","","","","","","","","","","","","","","","","","","","","","","","","","","","","","","","","","","","","","","","","","","","","","","","","","","","","","","","","","","","","","","","","","","","","","","","","","","","","","","","","","","","","","","","","","","","","","","","","","","","","","","",""
"06163007","TENDE_SAPC",44.043167,7.586,636,2000062106,0.,1,"","","","","","","","","","","","","","","","","","","","","","","","","","","","","","","","","","",11.2,1,5.9,1,11.1,1,"","",11.3,1,"","","","","","","","","","","","","","","","","","","","",70,1,"","","","","","","","","","","","",9.3,1,"","","","","","","","","","","","","","","","","","","","","","","","","","","","","","","","","","","","","","","","","","","","","","","","","","","","","","","","","","","","","","","","","","","","","","","","","","","","","","","","","","","","","","","","","","","","","","","","","","","","","","","","","","","","","","","","","","","",""
"06163007","TENDE_SAPC",44.043167,7.586,636,2000062107,0.,1,"","","","","","","","","","","","","","","","","","","","","","","","","","","","","","","","","","",14.9,1,6.2,1,11.2,1,"","",14.9,1,"","","","","","","","","","","","","","","","","","","","",56,1,"","","","","","","","","","","","",9.5,1,"","","","","","","","","","","","","","","","","","","","","","","","","","","","","","","","","","","","","","","","","","","","","","","","","","","","","","","","","","","","","","","","","","","","","","","","","","","","","","","","","","","","","","","","","","","","","","","","","","","","","","","","","","","","","","","","","","","",""
"06163007","TENDE_SAPC",44.043167,7.586,636,2000062108,0.,1,"","","","","","","","","","","","","","","","","","","","","","","","","","","","","","","","","","",20.3,1,7.,1,14.9,1,"","",20.3,1,"","","","","","","","","","","","","","","","","","","","",42,1,"","","","","","","","","","","","",10.,1,"","","","","","","","","","","","","","","","","","","","","","","","","","","","","","","","","","","","","","","","","","","","","","","","","","","","","","","","","","","","","","","","","","","","","","","","","","","","","","","","","","","","","","","","","","","","","","","","","","","","","","","","","","","","","","","","","","","",""
"06163007","TENDE_SAPC",44.043167,7.586,636,2000062109,0.,1,"","","","","","","","","","","","","","","","","","","","","","","","","","","","","","","","","","",23.,1,5.4,1,20.3,1,"","",23.,1,"","","","","","","","","","","","","","","","","","","","",32,1,"","","","","","","","","","","","",9.,1,"","","","","","","","","","","","","","","","","","","","","","","","","","","","","","","","","","","","","","","","","","","","","","","","","","","","","","","","","","","","","","","","","","","","","","","","","","","","","","","","","","","","","","","","","","","","","","","","","","","","","","","","","","","","","","","","","","","",""
"06163007","TENDE_SAPC",44.043167,7.586,636,2000062110,0.,1,"","","","","","","","","","","","","","","","","","","","","","","","","","","","","","","","","","",24.5,1,5.8,1,23.1,1,"","",24.5,1,"","","","","","","","","","","","","","","","","","","","",30,1,"","","","","","","","","","","","",9.2,1,"","","","","","","","","","","","","","","","","","","","","","","","","","","","","","","","","","","","","","","","","","","","","","","","","","","","","","","","","","","","","","","","","","","","","","","","","","","","","","","","","","","","","","","","","","","","","","","","","","","","","","","","","","","","","","","","","","","",""
"06163007","TENDE_SAPC",44.043167,7.586,636,2000062111,0.,1,"","","","","","","","","","","","","","","","","","","","","","","","","","","","","","","","","","",25.8,1,7.4,1,24.5,1,"","",25.8,1,"","","","","","","","","","","","","","","","","","","","",31,1,"","","","","","","","","","","","",10.3,1,"","","","","","","","","","","","","","","","","","","","","","","","","","","","","","","","","","","","","","","","","","","","","","","","","","","","","","","","","","","","","","","","","","","","","","","","","","","","","","","","","","","","","","","","","","","","","","","","","","","","","","","","","","","","","","","","","","","",""
"06163007","TENDE_SAPC",44.043167,7.586,636,2000062112,0.,1,"","","","","","","","","","","","","","","","","","","","","","","","","","","","","","","","","","",25.4,1,7.5,1,25.4,1,"","",25.8,1,"","","","","","","","","","","","","","","","","","","","",32,1,"","","","","","","","","","","","",10.4,1,"","","","","","","","","","","","","","","","","","","","","","","","","","","","","","","","","","","","","","","","","","","","","","","","","","","","","","","","","","","","","","","","","","","","","","","","","","","","","","","","","","","","","","","","","","","","","","","","","","","","","","","","","","","","","","","","","","","",""
"06163007","TENDE_SAPC",44.043167,7.586,636,2000062113,0.,1,"","","","","","","","","","","","","","","","","","","","","","","","","","","","","","","","","","",25.9,1,8.8,1,25.4,1,"","",25.9,1,"","","","","","","","","","","","","","","","","","","","",34,1,"","","","","","","","","","","","",11.3,1,"","","","","","","","","","","","","","","","","","","","","","","","","","","","","","","","","","","","","","","","","","","","","","","","","","","","","","","","","","","","","","","","","","","","","","","","","","","","","","","","","","","","","","","","","","","","","","","","","","","","","","","","","","","","","","","","","","","",""
"06163007","TENDE_SAPC",44.043167,7.586,636,2000062114,0.,1,"","","","","","","","","","","","","","","","","","","","","","","","","","","","","","","","","","",25.9,1,8.8,1,25.9,1,"","",26.3,1,"","","","","","","","","","","","","","","","","","","","",34,1,"","","","","","","","","","","","",11.3,1,"","","","","","","","","","","","","","","","","","","","","","","","","","","","","","","","","","","","","","","","","","","","","","","","","","","","","","","","","","","","","","","","","","","","","","","","","","","","","","","","","","","","","","","","","","","","","","","","","","","","","","","","","","","","","","","","","","","",""
"06163007","TENDE_SAPC",44.043167,7.586,636,2000062115,0.,1,"","","","","","","","","","","","","","","","","","","","","","","","","","","","","","","","","","",25.4,1,10.8,1,25.4,1,"","",26.,1,"","","","","","","","","","","","","","","","","","","","",40,1,"","","","","","","","","","","","",12.9,1,"","","","","","","","","","","","","","","","","","","","","","","","","","","","","","","","","","","","","","","","","","","","","","","","","","","","","","","","","","","","","","","","","","","","","","","","","","","","","","","","","","","","","","","","","","","","","","","","","","","","","","","","","","","","","","","","","","","",""
"06163007","TENDE_SAPC",44.043167,7.586,636,2000062116,0.,1,"","","","","","","","","","","","","","","","","","","","","","","","","","","","","","","","","","",24.1,1,12.4,1,24.1,1,"","",25.4,1,"","","","","","","","","","","","","","","","","","","","",48,1,"","","","","","","","","","","","",14.4,1,"","","","","","","","","","","","","","","","","","","","","","","","","","","","","","","","","","","","","","","","","","","","","","","","","","","","","","","","","","","","","","","","","","","","","","","","","","","","","","","","","","","","","","","","","","","","","","","","","","","","","","","","","","","","","","","","","","","",""
"06163007","TENDE_SAPC",44.043167,7.586,636,2000062117,0.,1,"","","","","","","","","","","","","","","","","","","","","","","","","","","","","","","","","","",22.6,1,11.9,1,22.6,1,"","",24.1,1,"","","","","","","","","","","","","","","","","","","","",51,1,"","","","","","","","","","","","",14.,1,"","","","","","","","","","","","","","","","","","","","","","","","","","","","","","","","","","","","","","","","","","","","","","","","","","","","","","","","","","","","","","","","","","","","","","","","","","","","","","","","","","","","","","","","","","","","","","","","","","","","","","","","","","","","","","","","","","","",""
"06163007","TENDE_SAPC",44.043167,7.586,636,2000062118,0.,1,"","","","","","","","","","","","","","","","","","","","","","","","","","","","","","","","","","",21.9,1,12.2,1,21.9,1,"","",22.6,1,"","","","","","","","","","","","","","","","","","","","",54,1,"","","","","","","","","","","","",14.2,1,"","","","","","","","","","","","","","","","","","","","","","","","","","","","","","","","","","","","","","","","","","","","","","","","","","","","","","","","","","","","","","","","","","","","","","","","","","","","","","","","","","","","","","","","","","","","","","","","","","","","","","","","","","","","","","","","","","","",""
"06163007","TENDE_SAPC",44.043167,7.586,636,2000062119,0.,1,"","","","","","","","","","","","","","","","","","","","","","","","","","","","","","","","","","",20.8,1,12.7,1,20.8,1,"","",21.9,1,"","","","","","","","","","","","","","","","","","","","",60,1,"","","","","","","","","","","","",14.7,1,"","","","","","","","","","","","","","","","","","","","","","","","","","","","","","","","","","","","","","","","","","","","","","","","","","","","","","","","","","","","","","","","","","","","","","","","","","","","","","","","","","","","","","","","","","","","","","","","","","","","","","","","","","","","","","","","","","","",""
"06163007","TENDE_SAPC",44.043167,7.586,636,2000062120,0.,1,"","","","","","","","","","","","","","","","","","","","","","","","","","","","","","","","","","",19.8,1,13.5,1,19.8,1,"","",20.7,1,"","","","","","","","","","","","","","","","","","","","",67,1,"","","","","","","","","","","","",15.4,1,"","","","","","","","","","","","","","","","","","","","","","","","","","","","","","","","","","","","","","","","","","","","","","","","","","","","","","","","","","","","","","","","","","","","","","","","","","","","","","","","","","","","","","","","","","","","","","","","","","","","","","","","","","","","","","","","","","","",""
"06163007","TENDE_SAPC",44.043167,7.586,636,2000062121,0.,1,"","","","","","","","","","","","","","","","","","","","","","","","","","","","","","","","","","",18.3,1,13.4,1,18.3,1,"","",19.8,1,"","","","","","","","","","","","","","","","","","","","",73,1,"","","","","","","","","","","","",15.3,1,"","","","","","","","","","","","","","","","","","","","","","","","","","","","","","","","","","","","","","","","","","","","","","","","","","","","","","","","","","","","","","","","","","","","","","","","","","","","","","","","","","","","","","","","","","","","","","","","","","","","","","","","","","","","","","","","","","","",""
"06163007","TENDE_SAPC",44.043167,7.586,636,2000062122,0.,1,"","","","","","","","","","","","","","","","","","","","","","","","","","","","","","","","","","",16.,1,12.,1,16.,1,"","",18.3,1,"","","","","","","","","","","","","","","","","","","","",77,1,"","","","","","","","","","","","",14.,1,"","","","","","","","","","","","","","","","","","","","","","","","","","","","","","","","","","","","","","","","","","","","","","","","","","","","","","","","","","","","","","","","","","","","","","","","","","","","","","","","","","","","","","","","","","","","","","","","","","","","","","","","","","","","","","","","","","","",""
"06163007","TENDE_SAPC",44.043167,7.586,636,2000062123,0.,1,"","","","","","","","","","","","","","","","","","","","","","","","","","","","","","","","","","",14.9,1,11.5,1,14.9,1,"","",16.,1,"","","","","","","","","","","","","","","","","","","","",80,1,"","","","","","","","","","","","",13.5,1,"","","","","","","","","","","","","","","","","","","","","","","","","","","","","","","","","","","","","","","","","","","","","","","","","","","","","","","","","","","","","","","","","","","","","","","","","","","","","","","","","","","","","","","","","","","","","","","","","","","","","","","","","","","","","","","","","","","",""
"06163007","TENDE_SAPC",44.043167,7.586,636,2000062200,0.,1,"","","","","","","","","","","","","","","","","","","","","","","","","","","","","","","","","","",14.4,1,10.8,1,14.3,1,"","",14.9,1,"","","","","","","","","","","","","","","","","","","","",79,1,"","","","","","","","","","","","",12.9,1,"","","","","","","","","","","","","","","","","","","","","","","","","","","","","","","","","","","","","","","","","","","","","","","","","","","","","","","","","","","","","","","","","","","","","","","","","","","","","","","","","","","","","","","","","","","","","","","","","","","","","","","","","","","","","","","","","","","",""
"06163007","TENDE_SAPC",44.043167,7.586,636,2000062201,0.,1,"","","","","","","","","","","","","","","","","","","","","","","","","","","","","","","","","","",14.1,1,10.3,1,14.1,1,"","",14.4,1,"","","","","","","","","","","","","","","","","","","","",78,1,"","","","","","","","","","","","",12.5,1,"","","","","","","","","","","","","","","","","","","","","","","","","","","","","","","","","","","","","","","","","","","","","","","","","","","","","","","","","","","","","","","","","","","","","","","","","","","","","","","","","","","","","","","","","","","","","","","","","","","","","","","","","","","","","","","","","","","",""
"06163007","TENDE_SAPC",44.043167,7.586,636,2000062202,0.,1,"","","","","","","","","","","","","","","","","","","","","","","","","","","","","","","","","","",13.7,1,9.9,1,13.7,1,"","",14.1,1,"","","","","","","","","","","","","","","","","","","","",78,1,"","","","","","","","","","","","",12.2,1,"","","","","","","","","","","","","","","","","","","","","","","","","","","","","","","","","","","","","","","","","","","","","","","","","","","","","","","","","","","","","","","","","","","","","","","","","","","","","","","","","","","","","","","","","","","","","","","","","","","","","","","","","","","","","","","","","","","",""
"06163007","TENDE_SAPC",44.043167,7.586,636,2000062203,0.,1,"","","","","","","","","","","","","","","","","","","","","","","","","","","","","","","","","","",13.3,1,9.7,1,13.3,1,"","",13.7,1,"","","","","","","","","","","","","","","","","","","","",79,1,"","","","","","","","","","","","",12.,1,"","","","","","","","","","","","","","","","","","","","","","","","","","","","","","","","","","","","","","","","","","","","","","","","","","","","","","","","","","","","","","","","","","","","","","","","","","","","","","","","","","","","","","","","","","","","","","","","","","","","","","","","","","","","","","","","","","","",""
"06163007","TENDE_SAPC",44.043167,7.586,636,2000062204,0.,1,"","","","","","","","","","","","","","","","","","","","","","","","","","","","","","","","","","",12.9,1,9.3,1,12.9,1,"","",13.3,1,"","","","","","","","","","","","","","","","","","","","",79,1,"","","","","","","","","","","","",11.7,1,"","","","","","","","","","","","","","","","","","","","","","","","","","","","","","","","","","","","","","","","","","","","","","","","","","","","","","","","","","","","","","","","","","","","","","","","","","","","","","","","","","","","","","","","","","","","","","","","","","","","","","","","","","","","","","","","","","","",""
"06163007","TENDE_SAPC",44.043167,7.586,636,2000062205,0.,1,"","","","","","","","","","","","","","","","","","","","","","","","","","","","","","","","","","",13.,1,9.4,1,12.9,1,"","",13.,1,"","","","","","","","","","","","","","","","","","","","",79,1,"","","","","","","","","","","","",11.8,1,"","","","","","","","","","","","","","","","","","","","","","","","","","","","","","","","","","","","","","","","","","","","","","","","","","","","","","","","","","","","","","","","","","","","","","","","","","","","","","","","","","","","","","","","","","","","","","","","","","","","","","","","","","","","","","","","","","","",""
"06163007","TENDE_SAPC",44.043167,7.586,636,2000062206,0.,1,"","","","","","","","","","","","","","","","","","","","","","","","","","","","","","","","","","",13.5,1,10.1,1,13.,1,"","",13.5,1,"","","","","","","","","","","","","","","","","","","","",80,1,"","","","","","","","","","","","",12.4,1,"","","","","","","","","","","","","","","","","","","","","","","","","","","","","","","","","","","","","","","","","","","","","","","","","","","","","","","","","","","","","","","","","","","","","","","","","","","","","","","","","","","","","","","","","","","","","","","","","","","","","","","","","","","","","","","","","","","",""
"06163007","TENDE_SAPC",44.043167,7.586,636,2000062207,0.,1,"","","","","","","","","","","","","","","","","","","","","","","","","","","","","","","","","","",16.3,1,9.7,1,13.5,1,"","",16.3,1,"","","","","","","","","","","","","","","","","","","","",65,1,"","","","","","","","","","","","",12.,1,"","","","","","","","","","","","","","","","","","","","","","","","","","","","","","","","","","","","","","","","","","","","","","","","","","","","","","","","","","","","","","","","","","","","","","","","","","","","","","","","","","","","","","","","","","","","","","","","","","","","","","","","","","","","","","","","","","","",""
"06163007","TENDE_SAPC",44.043167,7.586,636,2000062208,0.,1,"","","","","","","","","","","","","","","","","","","","","","","","","","","","","","","","","","",21.1,1,9.3,1,16.4,1,"","",21.1,1,"","","","","","","","","","","","","","","","","","","","",47,1,"","","","","","","","","","","","",11.7,1,"","","","","","","","","","","","","","","","","","","","","","","","","","","","","","","","","","","","","","","","","","","","","","","","","","","","","","","","","","","","","","","","","","","","","","","","","","","","","","","","","","","","","","","","","","","","","","","","","","","","","","","","","","","","","","","","","","","",""
"06163007","TENDE_SAPC",44.043167,7.586,636,2000062209,0.,1,"","","","","","","","","","","","","","","","","","","","","","","","","","","","","","","","","","",22.9,1,8.6,1,21.2,1,"","",22.9,1,"","","","","","","","","","","","","","","","","","","","",40,1,"","","","","","","","","","","","",11.1,1,"","","","","","","","","","","","","","","","","","","","","","","","","","","","","","","","","","","","","","","","","","","","","","","","","","","","","","","","","","","","","","","","","","","","","","","","","","","","","","","","","","","","","","","","","","","","","","","","","","","","","","","","","","","","","","","","","","","",""
"06163007","TENDE_SAPC",44.043167,7.586,636,2000062210,0.,1,"","","","","","","","","","","","","","","","","","","","","","","","","","","","","","","","","","",23.9,1,8.3,1,22.8,1,"","",23.9,1,"","","","","","","","","","","","","","","","","","","","",37,1,"","","","","","","","","","","","",10.9,1,"","","","","","","","","","","","","","","","","","","","","","","","","","","","","","","","","","","","","","","","","","","","","","","","","","","","","","","","","","","","","","","","","","","","","","","","","","","","","","","","","","","","","","","","","","","","","","","","","","","","","","","","","","","","","","","","","","","",""
"06163007","TENDE_SAPC",44.043167,7.586,636,2000062211,0.,1,"","","","","","","","","","","","","","","","","","","","","","","","","","","","","","","","","","",25.1,1,9.8,1,23.8,1,"","",25.2,1,"","","","","","","","","","","","","","","","","","","","",38,1,"","","","","","","","","","","","",12.1,1,"","","","","","","","","","","","","","","","","","","","","","","","","","","","","","","","","","","","","","","","","","","","","","","","","","","","","","","","","","","","","","","","","","","","","","","","","","","","","","","","","","","","","","","","","","","","","","","","","","","","","","","","","","","","","","","","","","","",""
"06163007","TENDE_SAPC",44.043167,7.586,636,2000062212,0.,1,"","","","","","","","","","","","","","","","","","","","","","","","","","","","","","","","","","",25.3,1,10.3,1,25.,1,"","",25.3,1,"","","","","","","","","","","","","","","","","","","","",39,1,"","","","","","","","","","","","",12.5,1,"","","","","","","","","","","","","","","","","","","","","","","","","","","","","","","","","","","","","","","","","","","","","","","","","","","","","","","","","","","","","","","","","","","","","","","","","","","","","","","","","","","","","","","","","","","","","","","","","","","","","","","","","","","","","","","","","","","",""
"06163007","TENDE_SAPC",44.043167,7.586,636,2000062213,0.,1,"","","","","","","","","","","","","","","","","","","","","","","","","","","","","","","","","","",25.2,1,11.,1,25.2,1,"","",25.4,1,"","","","","","","","","","","","","","","","","","","","",41,1,"","","","","","","","","","","","",13.1,1,"","","","","","","","","","","","","","","","","","","","","","","","","","","","","","","","","","","","","","","","","","","","","","","","","","","","","","","","","","","","","","","","","","","","","","","","","","","","","","","","","","","","","","","","","","","","","","","","","","","","","","","","","","","","","","","","","","","",""
"06163007","TENDE_SAPC",44.043167,7.586,636,2000062214,0.,1,"","","","","","","","","","","","","","","","","","","","","","","","","","","","","","","","","","",25.,1,10.8,1,25.,1,"","",25.5,1,"","","","","","","","","","","","","","","","","","","","",41,1,"","","","","","","","","","","","",13.,1,"","","","","","","","","","","","","","","","","","","","","","","","","","","","","","","","","","","","","","","","","","","","","","","","","","","","","","","","","","","","","","","","","","","","","","","","","","","","","","","","","","","","","","","","","","","","","","","","","","","","","","","","","","","","","","","","","","","",""
"06163007","TENDE_SAPC",44.043167,7.586,636,2000062215,0.,1,"","","","","","","","","","","","","","","","","","","","","","","","","","","","","","","","","","",24.1,1,10.7,1,24.1,1,"","",24.9,1,"","","","","","","","","","","","","","","","","","","","",43,1,"","","","","","","","","","","","",12.9,1,"","","","","","","","","","","","","","","","","","","","","","","","","","","","","","","","","","","","","","","","","","","","","","","","","","","","","","","","","","","","","","","","","","","","","","","","","","","","","","","","","","","","","","","","","","","","","","","","","","","","","","","","","","","","","","","","","","","",""
"06163007","TENDE_SAPC",44.043167,7.586,636,2000062216,0.,1,"","","","","","","","","","","","","","","","","","","","","","","","","","","","","","","","","","",22.9,1,11.9,1,22.9,1,"","",24.2,1,"","","","","","","","","","","","","","","","","","","","",50,1,"","","","","","","","","","","","",13.9,1,"","","","","","","","","","","","","","","","","","","","","","","","","","","","","","","","","","","","","","","","","","","","","","","","","","","","","","","","","","","","","","","","","","","","","","","","","","","","","","","","","","","","","","","","","","","","","","","","","","","","","","","","","","","","","","","","","","","",""
"06163007","TENDE_SAPC",44.043167,7.586,636,2000062217,0.,1,"","","","","","","","","","","","","","","","","","","","","","","","","","","","","","","","","","",21.8,1,12.6,1,21.8,1,"","",22.9,1,"","","","","","","","","","","","","","","","","","","","",56,1,"","","","","","","","","","","","",14.6,1,"","","","","","","","","","","","","","","","","","","","","","","","","","","","","","","","","","","","","","","","","","","","","","","","","","","","","","","","","","","","","","","","","","","","","","","","","","","","","","","","","","","","","","","","","","","","","","","","","","","","","","","","","","","","","","","","","","","",""
"06163007","TENDE_SAPC",44.043167,7.586,636,2000062218,0.,1,"","","","","","","","","","","","","","","","","","","","","","","","","","","","","","","","","","",21.1,1,12.5,1,21.1,1,"","",21.7,1,"","","","","","","","","","","","","","","","","","","","",58,1,"","","","","","","","","","","","",14.5,1,"","","","","","","","","","","","","","","","","","","","","","","","","","","","","","","","","","","","","","","","","","","","","","","","","","","","","","","","","","","","","","","","","","","","","","","","","","","","","","","","","","","","","","","","","","","","","","","","","","","","","","","","","","","","","","","","","","","",""
"06163007","TENDE_SAPC",44.043167,7.586,636,2000062219,0.,1,"","","","","","","","","","","","","","","","","","","","","","","","","","","","","","","","","","",19.5,1,12.5,1,19.5,1,"","",21.1,1,"","","","","","","","","","","","","","","","","","","","",64,1,"","","","","","","","","","","","",14.5,1,"","","","","","","","","","","","","","","","","","","","","","","","","","","","","","","","","","","","","","","","","","","","","","","","","","","","","","","","","","","","","","","","","","","","","","","","","","","","","","","","","","","","","","","","","","","","","","","","","","","","","","","","","","","","","","","","","","","",""
"06163007","TENDE_SAPC",44.043167,7.586,636,2000062220,0.,1,"","","","","","","","","","","","","","","","","","","","","","","","","","","","","","","","","","",17.5,1,12.4,1,17.5,1,"","",19.5,1,"","","","","","","","","","","","","","","","","","","","",72,1,"","","","","","","","","","","","",14.4,1,"","","","","","","","","","","","","","","","","","","","","","","","","","","","","","","","","","","","","","","","","","","","","","","","","","","","","","","","","","","","","","","","","","","","","","","","","","","","","","","","","","","","","","","","","","","","","","","","","","","","","","","","","","","","","","","","","","","",""
"06163007","TENDE_SAPC",44.043167,7.586,636,2000062221,0.,1,"","","","","","","","","","","","","","","","","","","","","","","","","","","","","","","","","","",16.1,1,12.1,1,16.1,1,"","",17.5,1,"","","","","","","","","","","","","","","","","","","","",77,1,"","","","","","","","","","","","",14.1,1,"","","","","","","","","","","","","","","","","","","","","","","","","","","","","","","","","","","","","","","","","","","","","","","","","","","","","","","","","","","","","","","","","","","","","","","","","","","","","","","","","","","","","","","","","","","","","","","","","","","","","","","","","","","","","","","","","","","",""
"06163007","TENDE_SAPC",44.043167,7.586,636,2000062222,0.,1,"","","","","","","","","","","","","","","","","","","","","","","","","","","","","","","","","","",15.2,1,11.8,1,15.2,1,"","",16.1,1,"","","","","","","","","","","","","","","","","","","","",80,1,"","","","","","","","","","","","",13.8,1,"","","","","","","","","","","","","","","","","","","","","","","","","","","","","","","","","","","","","","","","","","","","","","","","","","","","","","","","","","","","","","","","","","","","","","","","","","","","","","","","","","","","","","","","","","","","","","","","","","","","","","","","","","","","","","","","","","","",""
"06163007","TENDE_SAPC",44.043167,7.586,636,2000062223,0.,1,"","","","","","","","","","","","","","","","","","","","","","","","","","","","","","","","","","",14.5,1,11.3,1,14.5,1,"","",15.2,1,"","","","","","","","","","","","","","","","","","","","",81,1,"","","","","","","","","","","","",13.3,1,"","","","","","","","","","","","","","","","","","","","","","","","","","","","","","","","","","","","","","","","","","","","","","","","","","","","","","","","","","","","","","","","","","","","","","","","","","","","","","","","","","","","","","","","","","","","","","","","","","","","","","","","","","","","","","","","","","","",""
"06163007","TENDE_SAPC",44.043167,7.586,636,2000062300,0.,1,"","","","","","","","","","","","","","","","","","","","","","","","","","","","","","","","","","",14.6,1,11.6,1,14.4,1,"","",14.6,1,"","","","","","","","","","","","","","","","","","","","",82,1,"","","","","","","","","","","","",13.6,1,"","","","","","","","","","","","","","","","","","","","","","","","","","","","","","","","","","","","","","","","","","","","","","","","","","","","","","","","","","","","","","","","","","","","","","","","","","","","","","","","","","","","","","","","","","","","","","","","","","","","","","","","","","","","","","","","","","","",""
"06163007","TENDE_SAPC",44.043167,7.586,636,2000062301,0.,1,"","","","","","","","","","","","","","","","","","","","","","","","","","","","","","","","","","",15.3,1,11.9,1,14.6,1,"","",15.3,1,"","","","","","","","","","","","","","","","","","","","",80,1,"","","","","","","","","","","","",13.9,1,"","","","","","","","","","","","","","","","","","","","","","","","","","","","","","","","","","","","","","","","","","","","","","","","","","","","","","","","","","","","","","","","","","","","","","","","","","","","","","","","","","","","","","","","","","","","","","","","","","","","","","","","","","","","","","","","","","","",""
"06163007","TENDE_SAPC",44.043167,7.586,636,2000062302,0.,1,"","","","","","","","","","","","","","","","","","","","","","","","","","","","","","","","","","",15.2,1,12.,1,15.2,1,"","",15.3,1,"","","","","","","","","","","","","","","","","","","","",81,1,"","","","","","","","","","","","",14.,1,"","","","","","","","","","","","","","","","","","","","","","","","","","","","","","","","","","","","","","","","","","","","","","","","","","","","","","","","","","","","","","","","","","","","","","","","","","","","","","","","","","","","","","","","","","","","","","","","","","","","","","","","","","","","","","","","","","","",""
"06163007","TENDE_SAPC",44.043167,7.586,636,2000062303,0.,1,"","","","","","","","","","","","","","","","","","","","","","","","","","","","","","","","","","",14.9,1,11.5,1,14.9,1,"","",15.3,1,"","","","","","","","","","","","","","","","","","","","",80,1,"","","","","","","","","","","","",13.5,1,"","","","","","","","","","","","","","","","","","","","","","","","","","","","","","","","","","","","","","","","","","","","","","","","","","","","","","","","","","","","","","","","","","","","","","","","","","","","","","","","","","","","","","","","","","","","","","","","","","","","","","","","","","","","","","","","","","","",""
"06163007","TENDE_SAPC",44.043167,7.586,636,2000062304,0.,1,"","","","","","","","","","","","","","","","","","","","","","","","","","","","","","","","","","",14.7,1,11.3,1,14.5,1,"","",14.9,1,"","","","","","","","","","","","","","","","","","","","",80,1,"","","","","","","","","","","","",13.4,1,"","","","","","","","","","","","","","","","","","","","","","","","","","","","","","","","","","","","","","","","","","","","","","","","","","","","","","","","","","","","","","","","","","","","","","","","","","","","","","","","","","","","","","","","","","","","","","","","","","","","","","","","","","","","","","","","","","","",""
"06163007","TENDE_SAPC",44.043167,7.586,636,2000062305,0.,1,"","","","","","","","","","","","","","","","","","","","","","","","","","","","","","","","","","",15.1,1,10.9,1,14.7,1,"","",15.1,1,"","","","","","","","","","","","","","","","","","","","",76,1,"","","","","","","","","","","","",13.,1,"","","","","","","","","","","","","","","","","","","","","","","","","","","","","","","","","","","","","","","","","","","","","","","","","","","","","","","","","","","","","","","","","","","","","","","","","","","","","","","","","","","","","","","","","","","","","","","","","","","","","","","","","","","","","","","","","","","",""
"06163007","TENDE_SAPC",44.043167,7.586,636,2000062306,0.,1,"","","","","","","","","","","","","","","","","","","","","","","","","","","","","","","","","","",15.3,1,11.1,1,15.2,1,"","",15.4,1,"","","","","","","","","","","","","","","","","","","","",76,1,"","","","","","","","","","","","",13.2,1,"","","","","","","","","","","","","","","","","","","","","","","","","","","","","","","","","","","","","","","","","","","","","","","","","","","","","","","","","","","","","","","","","","","","","","","","","","","","","","","","","","","","","","","","","","","","","","","","","","","","","","","","","","","","","","","","","","","",""
"06163007","TENDE_SAPC",44.043167,7.586,636,2000062307,0.,1,"","","","","","","","","","","","","","","","","","","","","","","","","","","","","","","","","","",17.4,1,10.5,1,15.3,1,"","",17.4,1,"","","","","","","","","","","","","","","","","","","","",64,1,"","","","","","","","","","","","",12.7,1,"","","","","","","","","","","","","","","","","","","","","","","","","","","","","","","","","","","","","","","","","","","","","","","","","","","","","","","","","","","","","","","","","","","","","","","","","","","","","","","","","","","","","","","","","","","","","","","","","","","","","","","","","","","","","","","","","","","",""
"06163007","TENDE_SAPC",44.043167,7.586,636,2000062308,0.,1,"","","","","","","","","","","","","","","","","","","","","","","","","","","","","","","","","","",20.7,1,10.5,1,17.5,1,"","",20.7,1,"","","","","","","","","","","","","","","","","","","","",52,1,"","","","","","","","","","","","",12.7,1,"","","","","","","","","","","","","","","","","","","","","","","","","","","","","","","","","","","","","","","","","","","","","","","","","","","","","","","","","","","","","","","","","","","","","","","","","","","","","","","","","","","","","","","","","","","","","","","","","","","","","","","","","","","","","","","","","","","",""
"06163007","TENDE_SAPC",44.043167,7.586,636,2000062309,0.,1,"","","","","","","","","","","","","","","","","","","","","","","","","","","","","","","","","","",22.5,1,10.6,1,20.7,1,"","",22.5,1,"","","","","","","","","","","","","","","","","","","","",47,1,"","","","","","","","","","","","",12.8,1,"","","","","","","","","","","","","","","","","","","","","","","","","","","","","","","","","","","","","","","","","","","","","","","","","","","","","","","","","","","","","","","","","","","","","","","","","","","","","","","","","","","","","","","","","","","","","","","","","","","","","","","","","","","","","","","","","","","",""
"06163007","TENDE_SAPC",44.043167,7.586,636,2000062310,0.,1,"","","","","","","","","","","","","","","","","","","","","","","","","","","","","","","","","","",23.6,1,11.3,1,22.5,1,"","",23.6,1,"","","","","","","","","","","","","","","","","","","","",46,1,"","","","","","","","","","","","",13.4,1,"","","","","","","","","","","","","","","","","","","","","","","","","","","","","","","","","","","","","","","","","","","","","","","","","","","","","","","","","","","","","","","","","","","","","","","","","","","","","","","","","","","","","","","","","","","","","","","","","","","","","","","","","","","","","","","","","","","",""
"06163007","TENDE_SAPC",44.043167,7.586,636,2000062311,0.,1,"","","","","","","","","","","","","","","","","","","","","","","","","","","","","","","","","","",24.8,1,12.7,1,23.6,1,"","",24.8,1,"","","","","","","","","","","","","","","","","","","","",47,1,"","","","","","","","","","","","",14.7,1,"","","","","","","","","","","","","","","","","","","","","","","","","","","","","","","","","","","","","","","","","","","","","","","","","","","","","","","","","","","","","","","","","","","","","","","","","","","","","","","","","","","","","","","","","","","","","","","","","","","","","","","","","","","","","","","","","","","",""
"06163007","TENDE_SAPC",44.043167,7.586,636,2000062312,0.,1,"","","","","","","","","","","","","","","","","","","","","","","","","","","","","","","","","","",24.5,1,13.4,1,24.5,1,"","",25.2,1,"","","","","","","","","","","","","","","","","","","","",50,1,"","","","","","","","","","","","",15.3,1,"","","","","","","","","","","","","","","","","","","","","","","","","","","","","","","","","","","","","","","","","","","","","","","","","","","","","","","","","","","","","","","","","","","","","","","","","","","","","","","","","","","","","","","","","","","","","","","","","","","","","","","","","","","","","","","","","","","",""
"06163007","TENDE_SAPC",44.043167,7.586,636,2000062313,0.,1,"","","","","","","","","","","","","","","","","","","","","","","","","","","","","","","","","","",23.5,1,13.9,1,23.5,1,"","",24.8,1,"","","","","","","","","","","","","","","","","","","","",55,1,"","","","","","","","","","","","",15.9,1,"","","","","","","","","","","","","","","","","","","","","","","","","","","","","","","","","","","","","","","","","","","","","","","","","","","","","","","","","","","","","","","","","","","","","","","","","","","","","","","","","","","","","","","","","","","","","","","","","","","","","","","","","","","","","","","","","","","",""
"06163007","TENDE_SAPC",44.043167,7.586,636,2000062314,0.,1,"","","","","","","","","","","","","","","","","","","","","","","","","","","","","","","","","","",22.9,1,14.2,1,22.9,1,"","",24.2,1,"","","","","","","","","","","","","","","","","","","","",58,1,"","","","","","","","","","","","",16.2,1,"","","","","","","","","","","","","","","","","","","","","","","","","","","","","","","","","","","","","","","","","","","","","","","","","","","","","","","","","","","","","","","","","","","","","","","","","","","","","","","","","","","","","","","","","","","","","","","","","","","","","","","","","","","","","","","","","","","",""
"06163007","TENDE_SAPC",44.043167,7.586,636,2000062315,0.,1,"","","","","","","","","","","","","","","","","","","","","","","","","","","","","","","","","","",23.4,1,14.1,1,22.9,1,"","",23.9,1,"","","","","","","","","","","","","","","","","","","","",56,1,"","","","","","","","","","","","",16.1,1,"","","","","","","","","","","","","","","","","","","","","","","","","","","","","","","","","","","","","","","","","","","","","","","","","","","","","","","","","","","","","","","","","","","","","","","","","","","","","","","","","","","","","","","","","","","","","","","","","","","","","","","","","","","","","","","","","","","",""
"06163007","TENDE_SAPC",44.043167,7.586,636,2000062316,0.,1,"","","","","","","","","","","","","","","","","","","","","","","","","","","","","","","","","","",22.9,1,14.2,1,22.9,1,"","",23.4,1,"","","","","","","","","","","","","","","","","","","","",58,1,"","","","","","","","","","","","",16.2,1,"","","","","","","","","","","","","","","","","","","","","","","","","","","","","","","","","","","","","","","","","","","","","","","","","","","","","","","","","","","","","","","","","","","","","","","","","","","","","","","","","","","","","","","","","","","","","","","","","","","","","","","","","","","","","","","","","","","",""
"06163007","TENDE_SAPC",44.043167,7.586,636,2000062317,0.,1,"","","","","","","","","","","","","","","","","","","","","","","","","","","","","","","","","","",21.6,1,14.,1,21.5,1,"","",22.8,1,"","","","","","","","","","","","","","","","","","","","",62,1,"","","","","","","","","","","","",16.,1,"","","","","","","","","","","","","","","","","","","","","","","","","","","","","","","","","","","","","","","","","","","","","","","","","","","","","","","","","","","","","","","","","","","","","","","","","","","","","","","","","","","","","","","","","","","","","","","","","","","","","","","","","","","","","","","","","","","",""
"06163007","TENDE_SAPC",44.043167,7.586,636,2000062318,0.,1,"","","","","","","","","","","","","","","","","","","","","","","","","","","","","","","","","","",20.9,1,13.1,1,20.9,1,"","",21.6,1,"","","","","","","","","","","","","","","","","","","","",61,1,"","","","","","","","","","","","",15.,1,"","","","","","","","","","","","","","","","","","","","","","","","","","","","","","","","","","","","","","","","","","","","","","","","","","","","","","","","","","","","","","","","","","","","","","","","","","","","","","","","","","","","","","","","","","","","","","","","","","","","","","","","","","","","","","","","","","","",""
"06163007","TENDE_SAPC",44.043167,7.586,636,2000062319,0.,1,"","","","","","","","","","","","","","","","","","","","","","","","","","","","","","","","","","",19.4,1,13.3,1,19.4,1,"","",20.9,1,"","","","","","","","","","","","","","","","","","","","",68,1,"","","","","","","","","","","","",15.3,1,"","","","","","","","","","","","","","","","","","","","","","","","","","","","","","","","","","","","","","","","","","","","","","","","","","","","","","","","","","","","","","","","","","","","","","","","","","","","","","","","","","","","","","","","","","","","","","","","","","","","","","","","","","","","","","","","","","","",""
"06163007","TENDE_SAPC",44.043167,7.586,636,2000062320,0.,1,"","","","","","","","","","","","","","","","","","","","","","","","","","","","","","","","","","",17.3,1,12.8,1,17.3,1,"","",19.4,1,"","","","","","","","","","","","","","","","","","","","",75,1,"","","","","","","","","","","","",14.8,1,"","","","","","","","","","","","","","","","","","","","","","","","","","","","","","","","","","","","","","","","","","","","","","","","","","","","","","","","","","","","","","","","","","","","","","","","","","","","","","","","","","","","","","","","","","","","","","","","","","","","","","","","","","","","","","","","","","","",""
"06163007","TENDE_SAPC",44.043167,7.586,636,2000062321,0.,1,"","","","","","","","","","","","","","","","","","","","","","","","","","","","","","","","","","",16.2,1,12.2,1,16.2,1,"","",17.3,1,"","","","","","","","","","","","","","","","","","","","",77,1,"","","","","","","","","","","","",14.1,1,"","","","","","","","","","","","","","","","","","","","","","","","","","","","","","","","","","","","","","","","","","","","","","","","","","","","","","","","","","","","","","","","","","","","","","","","","","","","","","","","","","","","","","","","","","","","","","","","","","","","","","","","","","","","","","","","","","","",""
"06163007","TENDE_SAPC",44.043167,7.586,636,2000062322,0.,1,"","","","","","","","","","","","","","","","","","","","","","","","","","","","","","","","","","",15.9,1,11.3,1,15.8,1,"","",16.2,1,"","","","","","","","","","","","","","","","","","","","",74,1,"","","","","","","","","","","","",13.3,1,"","","","","","","","","","","","","","","","","","","","","","","","","","","","","","","","","","","","","","","","","","","","","","","","","","","","","","","","","","","","","","","","","","","","","","","","","","","","","","","","","","","","","","","","","","","","","","","","","","","","","","","","","","","","","","","","","","","",""
"06163007","TENDE_SAPC",44.043167,7.586,636,2000062323,0.,1,"","","","","","","","","","","","","","","","","","","","","","","","","","","","","","","","","","",15.2,1,10.4,1,15.2,1,"","",15.9,1,"","","","","","","","","","","","","","","","","","","","",73,1,"","","","","","","","","","","","",12.6,1,"","","","","","","","","","","","","","","","","","","","","","","","","","","","","","","","","","","","","","","","","","","","","","","","","","","","","","","","","","","","","","","","","","","","","","","","","","","","","","","","","","","","","","","","","","","","","","","","","","","","","","","","","","","","","","","","","","","",""
"06163007","TENDE_SAPC",44.043167,7.586,636,2000062400,0.,1,"","","","","","","","","","","","","","","","","","","","","","","","","","","","","","","","","","",14.6,1,9.8,1,14.6,1,"","",15.2,1,"","","","","","","","","","","","","","","","","","","","",73,1,"","","","","","","","","","","","",12.1,1,"","","","","","","","","","","","","","","","","","","","","","","","","","","","","","","","","","","","","","","","","","","","","","","","","","","","","","","","","","","","","","","","","","","","","","","","","","","","","","","","","","","","","","","","","","","","","","","","","","","","","","","","","","","","","","","","","","","",""
"06163007","TENDE_SAPC",44.043167,7.586,636,2000062401,0.,1,"","","","","","","","","","","","","","","","","","","","","","","","","","","","","","","","","","",14.2,1,9.,1,14.1,1,"","",14.6,1,"","","","","","","","","","","","","","","","","","","","",71,1,"","","","","","","","","","","","",11.5,1,"","","","","","","","","","","","","","","","","","","","","","","","","","","","","","","","","","","","","","","","","","","","","","","","","","","","","","","","","","","","","","","","","","","","","","","","","","","","","","","","","","","","","","","","","","","","","","","","","","","","","","","","","","","","","","","","","","","",""
"06163007","TENDE_SAPC",44.043167,7.586,636,2000062402,0.,1,"","","","","","","","","","","","","","","","","","","","","","","","","","","","","","","","","","",13.5,1,9.2,1,13.5,1,"","",14.3,1,"","","","","","","","","","","","","","","","","","","","",75,1,"","","","","","","","","","","","",11.6,1,"","","","","","","","","","","","","","","","","","","","","","","","","","","","","","","","","","","","","","","","","","","","","","","","","","","","","","","","","","","","","","","","","","","","","","","","","","","","","","","","","","","","","","","","","","","","","","","","","","","","","","","","","","","","","","","","","","","",""
"06163007","TENDE_SAPC",44.043167,7.586,636,2000062403,0.,1,"","","","","","","","","","","","","","","","","","","","","","","","","","","","","","","","","","",12.4,1,8.5,1,12.4,1,"","",13.5,1,"","","","","","","","","","","","","","","","","","","","",77,1,"","","","","","","","","","","","",11.1,1,"","","","","","","","","","","","","","","","","","","","","","","","","","","","","","","","","","","","","","","","","","","","","","","","","","","","","","","","","","","","","","","","","","","","","","","","","","","","","","","","","","","","","","","","","","","","","","","","","","","","","","","","","","","","","","","","","","","",""
"06163007","TENDE_SAPC",44.043167,7.586,636,2000062404,0.,1,"","","","","","","","","","","","","","","","","","","","","","","","","","","","","","","","","","",12.,1,8.7,1,11.9,1,"","",12.5,1,"","","","","","","","","","","","","","","","","","","","",80,1,"","","","","","","","","","","","",11.2,1,"","","","","","","","","","","","","","","","","","","","","","","","","","","","","","","","","","","","","","","","","","","","","","","","","","","","","","","","","","","","","","","","","","","","","","","","","","","","","","","","","","","","","","","","","","","","","","","","","","","","","","","","","","","","","","","","","","","",""
"06163007","TENDE_SAPC",44.043167,7.586,636,2000062405,0.,1,"","","","","","","","","","","","","","","","","","","","","","","","","","","","","","","","","","",11.9,1,8.7,1,11.7,1,"","",12.,1,"","","","","","","","","","","","","","","","","","","","",81,1,"","","","","","","","","","","","",11.3,1,"","","","","","","","","","","","","","","","","","","","","","","","","","","","","","","","","","","","","","","","","","","","","","","","","","","","","","","","","","","","","","","","","","","","","","","","","","","","","","","","","","","","","","","","","","","","","","","","","","","","","","","","","","","","","","","","","","","",""
"06163007","TENDE_SAPC",44.043167,7.586,636,2000062406,0.,1,"","","","","","","","","","","","","","","","","","","","","","","","","","","","","","","","","","",12.9,1,9.5,1,11.9,1,"","",12.9,1,"","","","","","","","","","","","","","","","","","","","",80,1,"","","","","","","","","","","","",11.9,1,"","","","","","","","","","","","","","","","","","","","","","","","","","","","","","","","","","","","","","","","","","","","","","","","","","","","","","","","","","","","","","","","","","","","","","","","","","","","","","","","","","","","","","","","","","","","","","","","","","","","","","","","","","","","","","","","","","","",""
"06163007","TENDE_SAPC",44.043167,7.586,636,2000062407,0.,1,"","","","","","","","","","","","","","","","","","","","","","","","","","","","","","","","","","",15.9,1,8.9,1,12.9,1,"","",15.9,1,"","","","","","","","","","","","","","","","","","","","",63,1,"","","","","","","","","","","","",11.4,1,"","","","","","","","","","","","","","","","","","","","","","","","","","","","","","","","","","","","","","","","","","","","","","","","","","","","","","","","","","","","","","","","","","","","","","","","","","","","","","","","","","","","","","","","","","","","","","","","","","","","","","","","","","","","","","","","","","","",""
"06163007","TENDE_SAPC",44.043167,7.586,636,2000062408,0.,1,"","","","","","","","","","","","","","","","","","","","","","","","","","","","","","","","","","",20.1,1,9.3,1,16.,1,"","",20.3,1,"","","","","","","","","","","","","","","","","","","","",50,1,"","","","","","","","","","","","",11.7,1,"","","","","","","","","","","","","","","","","","","","","","","","","","","","","","","","","","","","","","","","","","","","","","","","","","","","","","","","","","","","","","","","","","","","","","","","","","","","","","","","","","","","","","","","","","","","","","","","","","","","","","","","","","","","","","","","","","","",""
"06163007","TENDE_SAPC",44.043167,7.586,636,2000062409,0.,1,"","","","","","","","","","","","","","","","","","","","","","","","","","","","","","","","","","",22.6,1,9.,1,19.9,1,"","",22.6,1,"","","","","","","","","","","","","","","","","","","","",42,1,"","","","","","","","","","","","",11.5,1,"","","","","","","","","","","","","","","","","","","","","","","","","","","","","","","","","","","","","","","","","","","","","","","","","","","","","","","","","","","","","","","","","","","","","","","","","","","","","","","","","","","","","","","","","","","","","","","","","","","","","","","","","","","","","","","","","","","",""
"06163007","TENDE_SAPC",44.043167,7.586,636,2000062410,0.,1,"","","","","","","","","","","","","","","","","","","","","","","","","","","","","","","","","","",23.6,1,9.6,1,22.6,1,"","",23.7,1,"","","","","","","","","","","","","","","","","","","","",41,1,"","","","","","","","","","","","",11.9,1,"","","","","","","","","","","","","","","","","","","","","","","","","","","","","","","","","","","","","","","","","","","","","","","","","","","","","","","","","","","","","","","","","","","","","","","","","","","","","","","","","","","","","","","","","","","","","","","","","","","","","","","","","","","","","","","","","","","",""
"06163007","TENDE_SAPC",44.043167,7.586,636,2000062411,0.,1,"","","","","","","","","","","","","","","","","","","","","","","","","","","","","","","","","","",23.9,1,9.8,1,23.5,1,"","",24.1,1,"","","","","","","","","","","","","","","","","","","","",41,1,"","","","","","","","","","","","",12.1,1,"","","","","","","","","","","","","","","","","","","","","","","","","","","","","","","","","","","","","","","","","","","","","","","","","","","","","","","","","","","","","","","","","","","","","","","","","","","","","","","","","","","","","","","","","","","","","","","","","","","","","","","","","","","","","","","","","","","",""
"06163007","TENDE_SAPC",44.043167,7.586,636,2000062412,0.,1,"","","","","","","","","","","","","","","","","","","","","","","","","","","","","","","","","","",22.2,1,11.9,1,22.2,1,"","",24.1,1,"","","","","","","","","","","","","","","","","","","","",52,1,"","","","","","","","","","","","",13.9,1,"","","","","","","","","","","","","","","","","","","","","","","","","","","","","","","","","","","","","","","","","","","","","","","","","","","","","","","","","","","","","","","","","","","","","","","","","","","","","","","","","","","","","","","","","","","","","","","","","","","","","","","","","","","","","","","","","","","",""
"06163007","TENDE_SAPC",44.043167,7.586,636,2000062413,0.,1,"","","","","","","","","","","","","","","","","","","","","","","","","","","","","","","","","","",21.8,1,11.8,1,21.8,1,"","",22.8,1,"","","","","","","","","","","","","","","","","","","","",53,1,"","","","","","","","","","","","",13.8,1,"","","","","","","","","","","","","","","","","","","","","","","","","","","","","","","","","","","","","","","","","","","","","","","","","","","","","","","","","","","","","","","","","","","","","","","","","","","","","","","","","","","","","","","","","","","","","","","","","","","","","","","","","","","","","","","","","","","",""
"06163007","TENDE_SAPC",44.043167,7.586,636,2000062414,0.,1,"","","","","","","","","","","","","","","","","","","","","","","","","","","","","","","","","","",22.6,1,11.,1,21.7,1,"","",23.,1,"","","","","","","","","","","","","","","","","","","","",48,1,"","","","","","","","","","","","",13.1,1,"","","","","","","","","","","","","","","","","","","","","","","","","","","","","","","","","","","","","","","","","","","","","","","","","","","","","","","","","","","","","","","","","","","","","","","","","","","","","","","","","","","","","","","","","","","","","","","","","","","","","","","","","","","","","","","","","","","",""
"06163007","TENDE_SAPC",44.043167,7.586,636,2000062415,0.,1,"","","","","","","","","","","","","","","","","","","","","","","","","","","","","","","","","","",21.1,1,12.5,1,21.1,1,"","",23.2,1,"","","","","","","","","","","","","","","","","","","","",58,1,"","","","","","","","","","","","",14.5,1,"","","","","","","","","","","","","","","","","","","","","","","","","","","","","","","","","","","","","","","","","","","","","","","","","","","","","","","","","","","","","","","","","","","","","","","","","","","","","","","","","","","","","","","","","","","","","","","","","","","","","","","","","","","","","","","","","","","",""
"06163007","TENDE_SAPC",44.043167,7.586,636,2000062416,0.,1,"","","","","","","","","","","","","","","","","","","","","","","","","","","","","","","","","","",20.6,1,12.6,1,20.6,1,"","",21.4,1,"","","","","","","","","","","","","","","","","","","","",60,1,"","","","","","","","","","","","",14.5,1,"","","","","","","","","","","","","","","","","","","","","","","","","","","","","","","","","","","","","","","","","","","","","","","","","","","","","","","","","","","","","","","","","","","","","","","","","","","","","","","","","","","","","","","","","","","","","","","","","","","","","","","","","","","","","","","","","","","",""
"06163007","TENDE_SAPC",44.043167,7.586,636,2000062417,0.,1,"","","","","","","","","","","","","","","","","","","","","","","","","","","","","","","","","","",20.3,1,11.8,1,20.3,1,"","",20.6,1,"","","","","","","","","","","","","","","","","","","","",58,1,"","","","","","","","","","","","",13.8,1,"","","","","","","","","","","","","","","","","","","","","","","","","","","","","","","","","","","","","","","","","","","","","","","","","","","","","","","","","","","","","","","","","","","","","","","","","","","","","","","","","","","","","","","","","","","","","","","","","","","","","","","","","","","","","","","","","","","",""
"06163007","TENDE_SAPC",44.043167,7.586,636,2000062418,0.,1,"","","","","","","","","","","","","","","","","","","","","","","","","","","","","","","","","","",19.6,1,11.9,1,19.6,1,"","",20.3,1,"","","","","","","","","","","","","","","","","","","","",61,1,"","","","","","","","","","","","",13.9,1,"","","","","","","","","","","","","","","","","","","","","","","","","","","","","","","","","","","","","","","","","","","","","","","","","","","","","","","","","","","","","","","","","","","","","","","","","","","","","","","","","","","","","","","","","","","","","","","","","","","","","","","","","","","","","","","","","","","",""
"06163007","TENDE_SAPC",44.043167,7.586,636,2000062419,0.,1,"","","","","","","","","","","","","","","","","","","","","","","","","","","","","","","","","","",17.9,1,12.6,1,17.9,1,"","",19.6,1,"","","","","","","","","","","","","","","","","","","","",71,1,"","","","","","","","","","","","",14.5,1,"","","","","","","","","","","","","","","","","","","","","","","","","","","","","","","","","","","","","","","","","","","","","","","","","","","","","","","","","","","","","","","","","","","","","","","","","","","","","","","","","","","","","","","","","","","","","","","","","","","","","","","","","","","","","","","","","","","",""
"06163007","TENDE_SAPC",44.043167,7.586,636,2000062420,0.,1,"","","","","","","","","","","","","","","","","","","","","","","","","","","","","","","","","","",16.2,1,12.4,1,16.2,1,"","",17.9,1,"","","","","","","","","","","","","","","","","","","","",78,1,"","","","","","","","","","","","",14.3,1,"","","","","","","","","","","","","","","","","","","","","","","","","","","","","","","","","","","","","","","","","","","","","","","","","","","","","","","","","","","","","","","","","","","","","","","","","","","","","","","","","","","","","","","","","","","","","","","","","","","","","","","","","","","","","","","","","","","",""
"06163007","TENDE_SAPC",44.043167,7.586,636,2000062421,0.,1,"","","","","","","","","","","","","","","","","","","","","","","","","","","","","","","","","","",15.4,1,11.6,1,15.4,1,"","",16.2,1,"","","","","","","","","","","","","","","","","","","","",78,1,"","","","","","","","","","","","",13.6,1,"","","","","","","","","","","","","","","","","","","","","","","","","","","","","","","","","","","","","","","","","","","","","","","","","","","","","","","","","","","","","","","","","","","","","","","","","","","","","","","","","","","","","","","","","","","","","","","","","","","","","","","","","","","","","","","","","","","",""
"06163007","TENDE_SAPC",44.043167,7.586,636,2000062422,0.,1,"","","","","","","","","","","","","","","","","","","","","","","","","","","","","","","","","","",15.1,1,10.7,1,15.,1,"","",15.3,1,"","","","","","","","","","","","","","","","","","","","",75,1,"","","","","","","","","","","","",12.8,1,"","","","","","","","","","","","","","","","","","","","","","","","","","","","","","","","","","","","","","","","","","","","","","","","","","","","","","","","","","","","","","","","","","","","","","","","","","","","","","","","","","","","","","","","","","","","","","","","","","","","","","","","","","","","","","","","","","","",""
"06163007","TENDE_SAPC",44.043167,7.586,636,2000062423,0.,1,"","","","","","","","","","","","","","","","","","","","","","","","","","","","","","","","","","",14.3,1,10.3,1,14.3,1,"","",15.1,1,"","","","","","","","","","","","","","","","","","","","",77,1,"","","","","","","","","","","","",12.5,1,"","","","","","","","","","","","","","","","","","","","","","","","","","","","","","","","","","","","","","","","","","","","","","","","","","","","","","","","","","","","","","","","","","","","","","","","","","","","","","","","","","","","","","","","","","","","","","","","","","","","","","","","","","","","","","","","","","","",""
"06163007","TENDE_SAPC",44.043167,7.586,636,2000062500,0.,1,"","","","","","","","","","","","","","","","","","","","","","","","","","","","","","","","","","",13.8,1,10.2,1,13.8,1,"","",14.3,1,"","","","","","","","","","","","","","","","","","","","",79,1,"","","","","","","","","","","","",12.4,1,"","","","","","","","","","","","","","","","","","","","","","","","","","","","","","","","","","","","","","","","","","","","","","","","","","","","","","","","","","","","","","","","","","","","","","","","","","","","","","","","","","","","","","","","","","","","","","","","","","","","","","","","","","","","","","","","","","","",""
"06163007","TENDE_SAPC",44.043167,7.586,636,2000062501,0.,1,"","","","","","","","","","","","","","","","","","","","","","","","","","","","","","","","","","",12.9,1,9.7,1,12.9,1,"","",13.7,1,"","","","","","","","","","","","","","","","","","","","",81,1,"","","","","","","","","","","","",12.,1,"","","","","","","","","","","","","","","","","","","","","","","","","","","","","","","","","","","","","","","","","","","","","","","","","","","","","","","","","","","","","","","","","","","","","","","","","","","","","","","","","","","","","","","","","","","","","","","","","","","","","","","","","","","","","","","","","","","",""
"06163007","TENDE_SAPC",44.043167,7.586,636,2000062502,0.,1,"","","","","","","","","","","","","","","","","","","","","","","","","","","","","","","","","","",12.3,1,9.3,1,12.3,1,"","",12.9,1,"","","","","","","","","","","","","","","","","","","","",82,1,"","","","","","","","","","","","",11.7,1,"","","","","","","","","","","","","","","","","","","","","","","","","","","","","","","","","","","","","","","","","","","","","","","","","","","","","","","","","","","","","","","","","","","","","","","","","","","","","","","","","","","","","","","","","","","","","","","","","","","","","","","","","","","","","","","","","","","",""
"06163007","TENDE_SAPC",44.043167,7.586,636,2000062503,0.,1,"","","","","","","","","","","","","","","","","","","","","","","","","","","","","","","","","","",11.9,1,9.1,1,11.9,1,"","",12.3,1,"","","","","","","","","","","","","","","","","","","","",83,1,"","","","","","","","","","","","",11.5,1,"","","","","","","","","","","","","","","","","","","","","","","","","","","","","","","","","","","","","","","","","","","","","","","","","","","","","","","","","","","","","","","","","","","","","","","","","","","","","","","","","","","","","","","","","","","","","","","","","","","","","","","","","","","","","","","","","","","",""
"06163007","TENDE_SAPC",44.043167,7.586,636,2000062504,0.,1,"","","","","","","","","","","","","","","","","","","","","","","","","","","","","","","","","","",11.7,1,8.9,1,11.6,1,"","",11.9,1,"","","","","","","","","","","","","","","","","","","","",83,1,"","","","","","","","","","","","",11.4,1,"","","","","","","","","","","","","","","","","","","","","","","","","","","","","","","","","","","","","","","","","","","","","","","","","","","","","","","","","","","","","","","","","","","","","","","","","","","","","","","","","","","","","","","","","","","","","","","","","","","","","","","","","","","","","","","","","","","",""
"06163007","TENDE_SAPC",44.043167,7.586,636,2000062505,0.,1,"","","","","","","","","","","","","","","","","","","","","","","","","","","","","","","","","","",12.6,1,9.1,1,11.6,1,"","",12.6,1,"","","","","","","","","","","","","","","","","","","","",79,1,"","","","","","","","","","","","",11.5,1,"","","","","","","","","","","","","","","","","","","","","","","","","","","","","","","","","","","","","","","","","","","","","","","","","","","","","","","","","","","","","","","","","","","","","","","","","","","","","","","","","","","","","","","","","","","","","","","","","","","","","","","","","","","","","","","","","","","",""
"06163007","TENDE_SAPC",44.043167,7.586,636,2000062506,0.,1,"","","","","","","","","","","","","","","","","","","","","","","","","","","","","","","","","","",14.2,1,9.6,1,12.6,1,"","",14.2,1,"","","","","","","","","","","","","","","","","","","","",74,1,"","","","","","","","","","","","",12.,1,"","","","","","","","","","","","","","","","","","","","","","","","","","","","","","","","","","","","","","","","","","","","","","","","","","","","","","","","","","","","","","","","","","","","","","","","","","","","","","","","","","","","","","","","","","","","","","","","","","","","","","","","","","","","","","","","","","","",""
"06163007","TENDE_SAPC",44.043167,7.586,636,2000062507,0.,1,"","","","","","","","","","","","","","","","","","","","","","","","","","","","","","","","","","",16.,1,9.,1,14.2,1,"","",16.,1,"","","","","","","","","","","","","","","","","","","","",63,1,"","","","","","","","","","","","",11.4,1,"","","","","","","","","","","","","","","","","","","","","","","","","","","","","","","","","","","","","","","","","","","","","","","","","","","","","","","","","","","","","","","","","","","","","","","","","","","","","","","","","","","","","","","","","","","","","","","","","","","","","","","","","","","","","","","","","","","",""
"06163007","TENDE_SAPC",44.043167,7.586,636,2000062508,0.,1,"","","","","","","","","","","","","","","","","","","","","","","","","","","","","","","","","","",18.7,1,9.5,1,16.,1,"","",18.7,1,"","","","","","","","","","","","","","","","","","","","",55,1,"","","","","","","","","","","","",11.8,1,"","","","","","","","","","","","","","","","","","","","","","","","","","","","","","","","","","","","","","","","","","","","","","","","","","","","","","","","","","","","","","","","","","","","","","","","","","","","","","","","","","","","","","","","","","","","","","","","","","","","","","","","","","","","","","","","","","","",""
"06163007","TENDE_SAPC",44.043167,7.586,636,2000062509,0.,1,"","","","","","","","","","","","","","","","","","","","","","","","","","","","","","","","","","",20.7,1,7.,1,18.8,1,"","",20.7,1,"","","","","","","","","","","","","","","","","","","","",41,1,"","","","","","","","","","","","",10.,1,"","","","","","","","","","","","","","","","","","","","","","","","","","","","","","","","","","","","","","","","","","","","","","","","","","","","","","","","","","","","","","","","","","","","","","","","","","","","","","","","","","","","","","","","","","","","","","","","","","","","","","","","","","","","","","","","","","","",""
"06163007","TENDE_SAPC",44.043167,7.586,636,2000062510,0.,1,"","","","","","","","","","","","","","","","","","","","","","","","","","","","","","","","","","",21.3,1,8.2,1,20.2,1,"","",21.3,1,"","","","","","","","","","","","","","","","","","","","",43,1,"","","","","","","","","","","","",10.9,1,"","","","","","","","","","","","","","","","","","","","","","","","","","","","","","","","","","","","","","","","","","","","","","","","","","","","","","","","","","","","","","","","","","","","","","","","","","","","","","","","","","","","","","","","","","","","","","","","","","","","","","","","","","","","","","","","","","","",""
"06163007","TENDE_SAPC",44.043167,7.586,636,2000062511,0.,1,"","","","","","","","","","","","","","","","","","","","","","","","","","","","","","","","","","",20.7,1,10.2,1,20.6,1,"","",21.6,1,"","","","","","","","","","","","","","","","","","","","",51,1,"","","","","","","","","","","","",12.4,1,"","","","","","","","","","","","","","","","","","","","","","","","","","","","","","","","","","","","","","","","","","","","","","","","","","","","","","","","","","","","","","","","","","","","","","","","","","","","","","","","","","","","","","","","","","","","","","","","","","","","","","","","","","","","","","","","","","","",""
"06163007","TENDE_SAPC",44.043167,7.586,636,2000062512,0.,1,"","","","","","","","","","","","","","","","","","","","","","","","","","","","","","","","","","",19.9,1,10.3,1,19.9,1,"","",21.2,1,"","","","","","","","","","","","","","","","","","","","",54,1,"","","","","","","","","","","","",12.5,1,"","","","","","","","","","","","","","","","","","","","","","","","","","","","","","","","","","","","","","","","","","","","","","","","","","","","","","","","","","","","","","","","","","","","","","","","","","","","","","","","","","","","","","","","","","","","","","","","","","","","","","","","","","","","","","","","","","","",""
"06163007","TENDE_SAPC",44.043167,7.586,636,2000062513,0.,1,"","","","","","","","","","","","","","","","","","","","","","","","","","","","","","","","","","",19.5,1,11.3,1,19.5,1,"","",20.2,1,"","","","","","","","","","","","","","","","","","","","",59,1,"","","","","","","","","","","","",13.3,1,"","","","","","","","","","","","","","","","","","","","","","","","","","","","","","","","","","","","","","","","","","","","","","","","","","","","","","","","","","","","","","","","","","","","","","","","","","","","","","","","","","","","","","","","","","","","","","","","","","","","","","","","","","","","","","","","","","","",""
"06163007","TENDE_SAPC",44.043167,7.586,636,2000062514,0.,1,"","","","","","","","","","","","","","","","","","","","","","","","","","","","","","","","","","",19.7,1,10.7,1,19.3,1,"","",19.7,1,"","","","","","","","","","","","","","","","","","","","",56,1,"","","","","","","","","","","","",12.8,1,"","","","","","","","","","","","","","","","","","","","","","","","","","","","","","","","","","","","","","","","","","","","","","","","","","","","","","","","","","","","","","","","","","","","","","","","","","","","","","","","","","","","","","","","","","","","","","","","","","","","","","","","","","","","","","","","","","","",""
"06163007","TENDE_SAPC",44.043167,7.586,636,2000062515,0.,1,"","","","","","","","","","","","","","","","","","","","","","","","","","","","","","","","","","",19.5,1,11.3,1,19.4,1,"","",19.7,1,"","","","","","","","","","","","","","","","","","","","",59,1,"","","","","","","","","","","","",13.3,1,"","","","","","","","","","","","","","","","","","","","","","","","","","","","","","","","","","","","","","","","","","","","","","","","","","","","","","","","","","","","","","","","","","","","","","","","","","","","","","","","","","","","","","","","","","","","","","","","","","","","","","","","","","","","","","","","","","","",""
"06163007","TENDE_SAPC",44.043167,7.586,636,2000062516,0.,1,"","","","","","","","","","","","","","","","","","","","","","","","","","","","","","","","","","",19.6,1,11.1,1,19.5,1,"","",19.7,1,"","","","","","","","","","","","","","","","","","","","",58,1,"","","","","","","","","","","","",13.2,1,"","","","","","","","","","","","","","","","","","","","","","","","","","","","","","","","","","","","","","","","","","","","","","","","","","","","","","","","","","","","","","","","","","","","","","","","","","","","","","","","","","","","","","","","","","","","","","","","","","","","","","","","","","","","","","","","","","","",""
"06163007","TENDE_SAPC",44.043167,7.586,636,2000062517,0.,1,"","","","","","","","","","","","","","","","","","","","","","","","","","","","","","","","","","",19.3,1,10.8,1,19.3,1,"","",19.6,1,"","","","","","","","","","","","","","","","","","","","",58,1,"","","","","","","","","","","","",13.,1,"","","","","","","","","","","","","","","","","","","","","","","","","","","","","","","","","","","","","","","","","","","","","","","","","","","","","","","","","","","","","","","","","","","","","","","","","","","","","","","","","","","","","","","","","","","","","","","","","","","","","","","","","","","","","","","","","","","",""
"06163007","TENDE_SAPC",44.043167,7.586,636,2000062518,0.,1,"","","","","","","","","","","","","","","","","","","","","","","","","","","","","","","","","","",18.9,1,9.9,1,18.9,1,"","",19.3,1,"","","","","","","","","","","","","","","","","","","","",56,1,"","","","","","","","","","","","",12.2,1,"","","","","","","","","","","","","","","","","","","","","","","","","","","","","","","","","","","","","","","","","","","","","","","","","","","","","","","","","","","","","","","","","","","","","","","","","","","","","","","","","","","","","","","","","","","","","","","","","","","","","","","","","","","","","","","","","","","",""
"06163007","TENDE_SAPC",44.043167,7.586,636,2000062519,0.,1,"","","","","","","","","","","","","","","","","","","","","","","","","","","","","","","","","","",18.2,1,10.6,1,18.2,1,"","",18.9,1,"","","","","","","","","","","","","","","","","","","","",61,1,"","","","","","","","","","","","",12.7,1,"","","","","","","","","","","","","","","","","","","","","","","","","","","","","","","","","","","","","","","","","","","","","","","","","","","","","","","","","","","","","","","","","","","","","","","","","","","","","","","","","","","","","","","","","","","","","","","","","","","","","","","","","","","","","","","","","","","",""
"06163007","TENDE_SAPC",44.043167,7.586,636,2000062520,0.,1,"","","","","","","","","","","","","","","","","","","","","","","","","","","","","","","","","","",17.2,1,10.1,1,17.2,1,"","",18.2,1,"","","","","","","","","","","","","","","","","","","","",63,1,"","","","","","","","","","","","",12.3,1,"","","","","","","","","","","","","","","","","","","","","","","","","","","","","","","","","","","","","","","","","","","","","","","","","","","","","","","","","","","","","","","","","","","","","","","","","","","","","","","","","","","","","","","","","","","","","","","","","","","","","","","","","","","","","","","","","","","",""
"06163007","TENDE_SAPC",44.043167,7.586,636,2000062521,0.,1,"","","","","","","","","","","","","","","","","","","","","","","","","","","","","","","","","","",15.8,1,9.5,1,15.8,1,"","",17.2,1,"","","","","","","","","","","","","","","","","","","","",66,1,"","","","","","","","","","","","",11.8,1,"","","","","","","","","","","","","","","","","","","","","","","","","","","","","","","","","","","","","","","","","","","","","","","","","","","","","","","","","","","","","","","","","","","","","","","","","","","","","","","","","","","","","","","","","","","","","","","","","","","","","","","","","","","","","","","","","","","",""
"06163007","TENDE_SAPC",44.043167,7.586,636,2000062522,0.,1,"","","","","","","","","","","","","","","","","","","","","","","","","","","","","","","","","","",14.1,1,9.3,1,14.1,1,"","",15.7,1,"","","","","","","","","","","","","","","","","","","","",73,1,"","","","","","","","","","","","",11.7,1,"","","","","","","","","","","","","","","","","","","","","","","","","","","","","","","","","","","","","","","","","","","","","","","","","","","","","","","","","","","","","","","","","","","","","","","","","","","","","","","","","","","","","","","","","","","","","","","","","","","","","","","","","","","","","","","","","","","",""
"06163007","TENDE_SAPC",44.043167,7.586,636,2000062523,0.,1,"","","","","","","","","","","","","","","","","","","","","","","","","","","","","","","","","","",12.9,1,9.2,1,12.9,1,"","",14.1,1,"","","","","","","","","","","","","","","","","","","","",78,1,"","","","","","","","","","","","",11.6,1,"","","","","","","","","","","","","","","","","","","","","","","","","","","","","","","","","","","","","","","","","","","","","","","","","","","","","","","","","","","","","","","","","","","","","","","","","","","","","","","","","","","","","","","","","","","","","","","","","","","","","","","","","","","","","","","","","","","",""
"06163007","TENDE_SAPC",44.043167,7.586,636,2000062600,0.,1,"","","","","","","","","","","","","","","","","","","","","","","","","","","","","","","","","","",12.7,1,8.8,1,12.4,1,"","",12.8,1,"","","","","","","","","","","","","","","","","","","","",77,1,"","","","","","","","","","","","",11.3,1,"","","","","","","","","","","","","","","","","","","","","","","","","","","","","","","","","","","","","","","","","","","","","","","","","","","","","","","","","","","","","","","","","","","","","","","","","","","","","","","","","","","","","","","","","","","","","","","","","","","","","","","","","","","","","","","","","","","",""
"06163007","TENDE_SAPC",44.043167,7.586,636,2000062601,0.,1,"","","","","","","","","","","","","","","","","","","","","","","","","","","","","","","","","","",11.9,1,8.2,1,11.9,1,"","",12.7,1,"","","","","","","","","","","","","","","","","","","","",78,1,"","","","","","","","","","","","",10.8,1,"","","","","","","","","","","","","","","","","","","","","","","","","","","","","","","","","","","","","","","","","","","","","","","","","","","","","","","","","","","","","","","","","","","","","","","","","","","","","","","","","","","","","","","","","","","","","","","","","","","","","","","","","","","","","","","","","","","",""
"06163007","TENDE_SAPC",44.043167,7.586,636,2000062602,0.,1,"","","","","","","","","","","","","","","","","","","","","","","","","","","","","","","","","","",11.4,1,8.1,1,11.4,1,"","",11.9,1,"","","","","","","","","","","","","","","","","","","","",80,1,"","","","","","","","","","","","",10.8,1,"","","","","","","","","","","","","","","","","","","","","","","","","","","","","","","","","","","","","","","","","","","","","","","","","","","","","","","","","","","","","","","","","","","","","","","","","","","","","","","","","","","","","","","","","","","","","","","","","","","","","","","","","","","","","","","","","","","",""
"06163007","TENDE_SAPC",44.043167,7.586,636,2000062603,0.,1,"","","","","","","","","","","","","","","","","","","","","","","","","","","","","","","","","","",10.9,1,7.6,1,10.9,1,"","",11.4,1,"","","","","","","","","","","","","","","","","","","","",80,1,"","","","","","","","","","","","",10.4,1,"","","","","","","","","","","","","","","","","","","","","","","","","","","","","","","","","","","","","","","","","","","","","","","","","","","","","","","","","","","","","","","","","","","","","","","","","","","","","","","","","","","","","","","","","","","","","","","","","","","","","","","","","","","","","","","","","","","",""
"06163007","TENDE_SAPC",44.043167,7.586,636,2000062604,0.,1,"","","","","","","","","","","","","","","","","","","","","","","","","","","","","","","","","","",10.9,1,7.6,1,10.9,1,"","",11.,1,"","","","","","","","","","","","","","","","","","","","",80,1,"","","","","","","","","","","","",10.4,1,"","","","","","","","","","","","","","","","","","","","","","","","","","","","","","","","","","","","","","","","","","","","","","","","","","","","","","","","","","","","","","","","","","","","","","","","","","","","","","","","","","","","","","","","","","","","","","","","","","","","","","","","","","","","","","","","","","","",""
"06163007","TENDE_SAPC",44.043167,7.586,636,2000062605,0.,1,"","","","","","","","","","","","","","","","","","","","","","","","","","","","","","","","","","",10.7,1,7.4,1,10.7,1,"","",10.9,1,"","","","","","","","","","","","","","","","","","","","",80,1,"","","","","","","","","","","","",10.3,1,"","","","","","","","","","","","","","","","","","","","","","","","","","","","","","","","","","","","","","","","","","","","","","","","","","","","","","","","","","","","","","","","","","","","","","","","","","","","","","","","","","","","","","","","","","","","","","","","","","","","","","","","","","","","","","","","","","","",""
"06163007","TENDE_SAPC",44.043167,7.586,636,2000062606,0.,1,"","","","","","","","","","","","","","","","","","","","","","","","","","","","","","","","","","",11.1,1,7.8,1,10.7,1,"","",11.1,1,"","","","","","","","","","","","","","","","","","","","",80,1,"","","","","","","","","","","","",10.6,1,"","","","","","","","","","","","","","","","","","","","","","","","","","","","","","","","","","","","","","","","","","","","","","","","","","","","","","","","","","","","","","","","","","","","","","","","","","","","","","","","","","","","","","","","","","","","","","","","","","","","","","","","","","","","","","","","","","","",""
"06163007","TENDE_SAPC",44.043167,7.586,636,2000062607,0.,1,"","","","","","","","","","","","","","","","","","","","","","","","","","","","","","","","","","",14.3,1,7.6,1,11.1,1,"","",14.3,1,"","","","","","","","","","","","","","","","","","","","",64,1,"","","","","","","","","","","","",10.4,1,"","","","","","","","","","","","","","","","","","","","","","","","","","","","","","","","","","","","","","","","","","","","","","","","","","","","","","","","","","","","","","","","","","","","","","","","","","","","","","","","","","","","","","","","","","","","","","","","","","","","","","","","","","","","","","","","","","","",""
"06163007","TENDE_SAPC",44.043167,7.586,636,2000062608,0.,1,"","","","","","","","","","","","","","","","","","","","","","","","","","","","","","","","","","",17.8,1,7.2,1,14.3,1,"","",18.3,1,"","","","","","","","","","","","","","","","","","","","",50,1,"","","","","","","","","","","","",10.2,1,"","","","","","","","","","","","","","","","","","","","","","","","","","","","","","","","","","","","","","","","","","","","","","","","","","","","","","","","","","","","","","","","","","","","","","","","","","","","","","","","","","","","","","","","","","","","","","","","","","","","","","","","","","","","","","","","","","","",""
"06163007","TENDE_SAPC",44.043167,7.586,636,2000062609,0.,1,"","","","","","","","","","","","","","","","","","","","","","","","","","","","","","","","","","",19.8,1,6.9,1,17.8,1,"","",19.8,1,"","","","","","","","","","","","","","","","","","","","",43,1,"","","","","","","","","","","","",9.9,1,"","","","","","","","","","","","","","","","","","","","","","","","","","","","","","","","","","","","","","","","","","","","","","","","","","","","","","","","","","","","","","","","","","","","","","","","","","","","","","","","","","","","","","","","","","","","","","","","","","","","","","","","","","","","","","","","","","","",""
"06163007","TENDE_SAPC",44.043167,7.586,636,2000062610,0.,1,"","","","","","","","","","","","","","","","","","","","","","","","","","","","","","","","","","",22.8,1,5.7,1,19.9,1,"","",22.8,1,"","","","","","","","","","","","","","","","","","","","",33,1,"","","","","","","","","","","","",9.1,1,"","","","","","","","","","","","","","","","","","","","","","","","","","","","","","","","","","","","","","","","","","","","","","","","","","","","","","","","","","","","","","","","","","","","","","","","","","","","","","","","","","","","","","","","","","","","","","","","","","","","","","","","","","","","","","","","","","","",""
"06163007","TENDE_SAPC",44.043167,7.586,636,2000062611,0.,1,"","","","","","","","","","","","","","","","","","","","","","","","","","","","","","","","","","",23.,1,7.1,1,22.9,1,"","",23.8,1,"","","","","","","","","","","","","","","","","","","","",36,1,"","","","","","","","","","","","",10.1,1,"","","","","","","","","","","","","","","","","","","","","","","","","","","","","","","","","","","","","","","","","","","","","","","","","","","","","","","","","","","","","","","","","","","","","","","","","","","","","","","","","","","","","","","","","","","","","","","","","","","","","","","","","","","","","","","","","","","",""
"06163007","TENDE_SAPC",44.043167,7.586,636,2000062612,0.,1,"","","","","","","","","","","","","","","","","","","","","","","","","","","","","","","","","","",21.7,1,8.6,1,21.3,1,"","",23.5,1,"","","","","","","","","","","","","","","","","","","","",43,1,"","","","","","","","","","","","",11.1,1,"","","","","","","","","","","","","","","","","","","","","","","","","","","","","","","","","","","","","","","","","","","","","","","","","","","","","","","","","","","","","","","","","","","","","","","","","","","","","","","","","","","","","","","","","","","","","","","","","","","","","","","","","","","","","","","","","","","",""
"06163007","TENDE_SAPC",44.043167,7.586,636,2000062613,0.,1,"","","","","","","","","","","","","","","","","","","","","","","","","","","","","","","","","","",21.1,1,9.7,1,20.5,1,"","",21.8,1,"","","","","","","","","","","","","","","","","","","","",48,1,"","","","","","","","","","","","",12.,1,"","","","","","","","","","","","","","","","","","","","","","","","","","","","","","","","","","","","","","","","","","","","","","","","","","","","","","","","","","","","","","","","","","","","","","","","","","","","","","","","","","","","","","","","","","","","","","","","","","","","","","","","","","","","","","","","","","","",""
"06163007","TENDE_SAPC",44.043167,7.586,636,2000062614,0.,1,"","","","","","","","","","","","","","","","","","","","","","","","","","","","","","","","","","",22.2,1,9.,1,20.8,1,"","",22.2,1,"","","","","","","","","","","","","","","","","","","","",43,1,"","","","","","","","","","","","",11.5,1,"","","","","","","","","","","","","","","","","","","","","","","","","","","","","","","","","","","","","","","","","","","","","","","","","","","","","","","","","","","","","","","","","","","","","","","","","","","","","","","","","","","","","","","","","","","","","","","","","","","","","","","","","","","","","","","","","","","",""
"06163007","TENDE_SAPC",44.043167,7.586,636,2000062615,0.,1,"","","","","","","","","","","","","","","","","","","","","","","","","","","","","","","","","","",20.6,1,9.8,1,20.6,1,"","",22.3,1,"","","","","","","","","","","","","","","","","","","","",50,1,"","","","","","","","","","","","",12.1,1,"","","","","","","","","","","","","","","","","","","","","","","","","","","","","","","","","","","","","","","","","","","","","","","","","","","","","","","","","","","","","","","","","","","","","","","","","","","","","","","","","","","","","","","","","","","","","","","","","","","","","","","","","","","","","","","","","","","",""
"06163007","TENDE_SAPC",44.043167,7.586,636,2000062616,0.,1,"","","","","","","","","","","","","","","","","","","","","","","","","","","","","","","","","","",20.1,1,10.5,1,20.1,1,"","",21.1,1,"","","","","","","","","","","","","","","","","","","","",54,1,"","","","","","","","","","","","",12.7,1,"","","","","","","","","","","","","","","","","","","","","","","","","","","","","","","","","","","","","","","","","","","","","","","","","","","","","","","","","","","","","","","","","","","","","","","","","","","","","","","","","","","","","","","","","","","","","","","","","","","","","","","","","","","","","","","","","","","",""
"06163007","TENDE_SAPC",44.043167,7.586,636,2000062617,0.,1,"","","","","","","","","","","","","","","","","","","","","","","","","","","","","","","","","","",19.6,1,10.,1,19.6,1,"","",20.1,1,"","","","","","","","","","","","","","","","","","","","",54,1,"","","","","","","","","","","","",12.3,1,"","","","","","","","","","","","","","","","","","","","","","","","","","","","","","","","","","","","","","","","","","","","","","","","","","","","","","","","","","","","","","","","","","","","","","","","","","","","","","","","","","","","","","","","","","","","","","","","","","","","","","","","","","","","","","","","","","","",""
"06163007","TENDE_SAPC",44.043167,7.586,636,2000062618,0.,1,"","","","","","","","","","","","","","","","","","","","","","","","","","","","","","","","","","",18.6,1,10.7,1,18.6,1,"","",19.5,1,"","","","","","","","","","","","","","","","","","","","",60,1,"","","","","","","","","","","","",12.8,1,"","","","","","","","","","","","","","","","","","","","","","","","","","","","","","","","","","","","","","","","","","","","","","","","","","","","","","","","","","","","","","","","","","","","","","","","","","","","","","","","","","","","","","","","","","","","","","","","","","","","","","","","","","","","","","","","","","","",""
"06163007","TENDE_SAPC",44.043167,7.586,636,2000062619,0.,1,"","","","","","","","","","","","","","","","","","","","","","","","","","","","","","","","","","",17.8,1,10.9,1,17.8,1,"","",18.5,1,"","","","","","","","","","","","","","","","","","","","",64,1,"","","","","","","","","","","","",13.,1,"","","","","","","","","","","","","","","","","","","","","","","","","","","","","","","","","","","","","","","","","","","","","","","","","","","","","","","","","","","","","","","","","","","","","","","","","","","","","","","","","","","","","","","","","","","","","","","","","","","","","","","","","","","","","","","","","","","",""
"06163007","TENDE_SAPC",44.043167,7.586,636,2000062620,0.,1,"","","","","","","","","","","","","","","","","","","","","","","","","","","","","","","","","","",16.5,1,10.8,1,16.5,1,"","",17.8,1,"","","","","","","","","","","","","","","","","","","","",69,1,"","","","","","","","","","","","",12.9,1,"","","","","","","","","","","","","","","","","","","","","","","","","","","","","","","","","","","","","","","","","","","","","","","","","","","","","","","","","","","","","","","","","","","","","","","","","","","","","","","","","","","","","","","","","","","","","","","","","","","","","","","","","","","","","","","","","","","",""
"06163007","TENDE_SAPC",44.043167,7.586,636,2000062621,0.,1,"","","","","","","","","","","","","","","","","","","","","","","","","","","","","","","","","","",16.1,1,10.6,1,16.1,1,"","",16.7,1,"","","","","","","","","","","","","","","","","","","","",70,1,"","","","","","","","","","","","",12.8,1,"","","","","","","","","","","","","","","","","","","","","","","","","","","","","","","","","","","","","","","","","","","","","","","","","","","","","","","","","","","","","","","","","","","","","","","","","","","","","","","","","","","","","","","","","","","","","","","","","","","","","","","","","","","","","","","","","","","",""
"06163007","TENDE_SAPC",44.043167,7.586,636,2000062622,0.,1,"","","","","","","","","","","","","","","","","","","","","","","","","","","","","","","","","","",14.5,1,9.7,1,14.4,1,"","",16.1,1,"","","","","","","","","","","","","","","","","","","","",73,1,"","","","","","","","","","","","",12.,1,"","","","","","","","","","","","","","","","","","","","","","","","","","","","","","","","","","","","","","","","","","","","","","","","","","","","","","","","","","","","","","","","","","","","","","","","","","","","","","","","","","","","","","","","","","","","","","","","","","","","","","","","","","","","","","","","","","","",""
"06163007","TENDE_SAPC",44.043167,7.586,636,2000062623,0.,1,"","","","","","","","","","","","","","","","","","","","","","","","","","","","","","","","","","",13.4,1,9.4,1,13.4,1,"","",14.5,1,"","","","","","","","","","","","","","","","","","","","",77,1,"","","","","","","","","","","","",11.8,1,"","","","","","","","","","","","","","","","","","","","","","","","","","","","","","","","","","","","","","","","","","","","","","","","","","","","","","","","","","","","","","","","","","","","","","","","","","","","","","","","","","","","","","","","","","","","","","","","","","","","","","","","","","","","","","","","","","","",""
"06163007","TENDE_SAPC",44.043167,7.586,636,2000062700,0.,1,"","","","","","","","","","","","","","","","","","","","","","","","","","","","","","","","","","",12.9,1,9.,1,12.8,1,"","",13.4,1,"","","","","","","","","","","","","","","","","","","","",77,1,"","","","","","","","","","","","",11.4,1,"","","","","","","","","","","","","","","","","","","","","","","","","","","","","","","","","","","","","","","","","","","","","","","","","","","","","","","","","","","","","","","","","","","","","","","","","","","","","","","","","","","","","","","","","","","","","","","","","","","","","","","","","","","","","","","","","","","",""
"06163007","TENDE_SAPC",44.043167,7.586,636,2000062701,0.,1,"","","","","","","","","","","","","","","","","","","","","","","","","","","","","","","","","","",12.3,1,8.4,1,12.3,1,"","",13.,1,"","","","","","","","","","","","","","","","","","","","",77,1,"","","","","","","","","","","","",11.,1,"","","","","","","","","","","","","","","","","","","","","","","","","","","","","","","","","","","","","","","","","","","","","","","","","","","","","","","","","","","","","","","","","","","","","","","","","","","","","","","","","","","","","","","","","","","","","","","","","","","","","","","","","","","","","","","","","","","",""
"06163007","TENDE_SAPC",44.043167,7.586,636,2000062702,0.,1,"","","","","","","","","","","","","","","","","","","","","","","","","","","","","","","","","","",11.7,1,8.4,1,11.7,1,"","",12.3,1,"","","","","","","","","","","","","","","","","","","","",80,1,"","","","","","","","","","","","",11.,1,"","","","","","","","","","","","","","","","","","","","","","","","","","","","","","","","","","","","","","","","","","","","","","","","","","","","","","","","","","","","","","","","","","","","","","","","","","","","","","","","","","","","","","","","","","","","","","","","","","","","","","","","","","","","","","","","","","","",""
"06163007","TENDE_SAPC",44.043167,7.586,636,2000062703,0.,1,"","","","","","","","","","","","","","","","","","","","","","","","","","","","","","","","","","",12.1,1,8.8,1,11.7,1,"","",12.1,1,"","","","","","","","","","","","","","","","","","","","",80,1,"","","","","","","","","","","","",11.3,1,"","","","","","","","","","","","","","","","","","","","","","","","","","","","","","","","","","","","","","","","","","","","","","","","","","","","","","","","","","","","","","","","","","","","","","","","","","","","","","","","","","","","","","","","","","","","","","","","","","","","","","","","","","","","","","","","","","","",""
"06163007","TENDE_SAPC",44.043167,7.586,636,2000062704,0.,1,"","","","","","","","","","","","","","","","","","","","","","","","","","","","","","","","","","",12.9,1,8.4,1,12.1,1,"","",13.,1,"","","","","","","","","","","","","","","","","","","","",74,1,"","","","","","","","","","","","",11.,1,"","","","","","","","","","","","","","","","","","","","","","","","","","","","","","","","","","","","","","","","","","","","","","","","","","","","","","","","","","","","","","","","","","","","","","","","","","","","","","","","","","","","","","","","","","","","","","","","","","","","","","","","","","","","","","","","","","","",""
"06163007","TENDE_SAPC",44.043167,7.586,636,2000062705,0.,1,"","","","","","","","","","","","","","","","","","","","","","","","","","","","","","","","","","",12.9,1,8.2,1,12.7,1,"","",12.9,1,"","","","","","","","","","","","","","","","","","","","",73,1,"","","","","","","","","","","","",10.8,1,"","","","","","","","","","","","","","","","","","","","","","","","","","","","","","","","","","","","","","","","","","","","","","","","","","","","","","","","","","","","","","","","","","","","","","","","","","","","","","","","","","","","","","","","","","","","","","","","","","","","","","","","","","","","","","","","","","","",""
"06163007","TENDE_SAPC",44.043167,7.586,636,2000062706,0.,1,"","","","","","","","","","","","","","","","","","","","","","","","","","","","","","","","","","",15.,1,9.1,1,12.9,1,"","",15.,1,"","","","","","","","","","","","","","","","","","","","",68,1,"","","","","","","","","","","","",11.6,1,"","","","","","","","","","","","","","","","","","","","","","","","","","","","","","","","","","","","","","","","","","","","","","","","","","","","","","","","","","","","","","","","","","","","","","","","","","","","","","","","","","","","","","","","","","","","","","","","","","","","","","","","","","","","","","","","","","","",""
"06163007","TENDE_SAPC",44.043167,7.586,636,2000062707,0.,1,"","","","","","","","","","","","","","","","","","","","","","","","","","","","","","","","","","",15.7,1,8.2,1,14.5,1,"","",15.7,1,"","","","","","","","","","","","","","","","","","","","",61,1,"","","","","","","","","","","","",10.9,1,"","","","","","","","","","","","","","","","","","","","","","","","","","","","","","","","","","","","","","","","","","","","","","","","","","","","","","","","","","","","","","","","","","","","","","","","","","","","","","","","","","","","","","","","","","","","","","","","","","","","","","","","","","","","","","","","","","","",""
"06163007","TENDE_SAPC",44.043167,7.586,636,2000062708,0.,1,"","","","","","","","","","","","","","","","","","","","","","","","","","","","","","","","","","",20.1,1,8.4,1,15.7,1,"","",20.1,1,"","","","","","","","","","","","","","","","","","","","",47,1,"","","","","","","","","","","","",11.,1,"","","","","","","","","","","","","","","","","","","","","","","","","","","","","","","","","","","","","","","","","","","","","","","","","","","","","","","","","","","","","","","","","","","","","","","","","","","","","","","","","","","","","","","","","","","","","","","","","","","","","","","","","","","","","","","","","","","",""
"06163007","TENDE_SAPC",44.043167,7.586,636,2000062709,0.,1,"","","","","","","","","","","","","","","","","","","","","","","","","","","","","","","","","","",21.,1,9.3,1,20.2,1,"","",21.6,1,"","","","","","","","","","","","","","","","","","","","",47,1,"","","","","","","","","","","","",11.7,1,"","","","","","","","","","","","","","","","","","","","","","","","","","","","","","","","","","","","","","","","","","","","","","","","","","","","","","","","","","","","","","","","","","","","","","","","","","","","","","","","","","","","","","","","","","","","","","","","","","","","","","","","","","","","","","","","","","","",""
"06163007","TENDE_SAPC",44.043167,7.586,636,2000062710,0.,1,"","","","","","","","","","","","","","","","","","","","","","","","","","","","","","","","","","",22.2,1,8.3,1,20.4,1,"","",22.2,1,"","","","","","","","","","","","","","","","","","","","",41,1,"","","","","","","","","","","","",10.9,1,"","","","","","","","","","","","","","","","","","","","","","","","","","","","","","","","","","","","","","","","","","","","","","","","","","","","","","","","","","","","","","","","","","","","","","","","","","","","","","","","","","","","","","","","","","","","","","","","","","","","","","","","","","","","","","","","","","","",""
"06163007","TENDE_SAPC",44.043167,7.586,636,2000062711,0.,1,"","","","","","","","","","","","","","","","","","","","","","","","","","","","","","","","","","",22.1,1,9.9,1,22.,1,"","",23.3,1,"","","","","","","","","","","","","","","","","","","","",46,1,"","","","","","","","","","","","",12.2,1,"","","","","","","","","","","","","","","","","","","","","","","","","","","","","","","","","","","","","","","","","","","","","","","","","","","","","","","","","","","","","","","","","","","","","","","","","","","","","","","","","","","","","","","","","","","","","","","","","","","","","","","","","","","","","","","","","","","",""
"06163007","TENDE_SAPC",44.043167,7.586,636,2000062712,0.,1,"","","","","","","","","","","","","","","","","","","","","","","","","","","","","","","","","","",21.8,1,11.2,1,21.6,1,"","",22.,1,"","","","","","","","","","","","","","","","","","","","",51,1,"","","","","","","","","","","","",13.3,1,"","","","","","","","","","","","","","","","","","","","","","","","","","","","","","","","","","","","","","","","","","","","","","","","","","","","","","","","","","","","","","","","","","","","","","","","","","","","","","","","","","","","","","","","","","","","","","","","","","","","","","","","","","","","","","","","","","","",""
"06163007","TENDE_SAPC",44.043167,7.586,636,2000062713,0.,1,"","","","","","","","","","","","","","","","","","","","","","","","","","","","","","","","","","",21.7,1,11.4,1,21.6,1,"","",21.8,1,"","","","","","","","","","","","","","","","","","","","",52,1,"","","","","","","","","","","","",13.5,1,"","","","","","","","","","","","","","","","","","","","","","","","","","","","","","","","","","","","","","","","","","","","","","","","","","","","","","","","","","","","","","","","","","","","","","","","","","","","","","","","","","","","","","","","","","","","","","","","","","","","","","","","","","","","","","","","","","","",""
"06163007","TENDE_SAPC",44.043167,7.586,636,2000062714,0.,1,"","","","","","","","","","","","","","","","","","","","","","","","","","","","","","","","","","",21.6,1,11.9,1,21.6,1,"","",21.7,1,"","","","","","","","","","","","","","","","","","","","",54,1,"","","","","","","","","","","","",13.9,1,"","","","","","","","","","","","","","","","","","","","","","","","","","","","","","","","","","","","","","","","","","","","","","","","","","","","","","","","","","","","","","","","","","","","","","","","","","","","","","","","","","","","","","","","","","","","","","","","","","","","","","","","","","","","","","","","","","","",""
"06163007","TENDE_SAPC",44.043167,7.586,636,2000062715,0.,1,"","","","","","","","","","","","","","","","","","","","","","","","","","","","","","","","","","",21.5,1,11.5,1,21.4,1,"","",22.,1,"","","","","","","","","","","","","","","","","","","","",53,1,"","","","","","","","","","","","",13.6,1,"","","","","","","","","","","","","","","","","","","","","","","","","","","","","","","","","","","","","","","","","","","","","","","","","","","","","","","","","","","","","","","","","","","","","","","","","","","","","","","","","","","","","","","","","","","","","","","","","","","","","","","","","","","","","","","","","","","",""
"06163007","TENDE_SAPC",44.043167,7.586,636,2000062716,0.,1,"","","","","","","","","","","","","","","","","","","","","","","","","","","","","","","","","","",21.4,1,11.1,1,21.2,1,"","",21.4,1,"","","","","","","","","","","","","","","","","","","","",52,1,"","","","","","","","","","","","",13.2,1,"","","","","","","","","","","","","","","","","","","","","","","","","","","","","","","","","","","","","","","","","","","","","","","","","","","","","","","","","","","","","","","","","","","","","","","","","","","","","","","","","","","","","","","","","","","","","","","","","","","","","","","","","","","","","","","","","","","",""
"06163007","TENDE_SAPC",44.043167,7.586,636,2000062717,0.,1,"","","","","","","","","","","","","","","","","","","","","","","","","","","","","","","","","","",21.2,1,11.2,1,21.2,1,"","",21.5,1,"","","","","","","","","","","","","","","","","","","","",53,1,"","","","","","","","","","","","",13.3,1,"","","","","","","","","","","","","","","","","","","","","","","","","","","","","","","","","","","","","","","","","","","","","","","","","","","","","","","","","","","","","","","","","","","","","","","","","","","","","","","","","","","","","","","","","","","","","","","","","","","","","","","","","","","","","","","","","","","",""
"06163007","TENDE_SAPC",44.043167,7.586,636,2000062718,0.,1,"","","","","","","","","","","","","","","","","","","","","","","","","","","","","","","","","","",19.8,1,11.,1,19.8,1,"","",21.3,1,"","","","","","","","","","","","","","","","","","","","",57,1,"","","","","","","","","","","","",13.1,1,"","","","","","","","","","","","","","","","","","","","","","","","","","","","","","","","","","","","","","","","","","","","","","","","","","","","","","","","","","","","","","","","","","","","","","","","","","","","","","","","","","","","","","","","","","","","","","","","","","","","","","","","","","","","","","","","","","","",""
"06163007","TENDE_SAPC",44.043167,7.586,636,2000062719,0.,1,"","","","","","","","","","","","","","","","","","","","","","","","","","","","","","","","","","",18.9,1,11.2,1,18.9,1,"","",19.8,1,"","","","","","","","","","","","","","","","","","","","",61,1,"","","","","","","","","","","","",13.3,1,"","","","","","","","","","","","","","","","","","","","","","","","","","","","","","","","","","","","","","","","","","","","","","","","","","","","","","","","","","","","","","","","","","","","","","","","","","","","","","","","","","","","","","","","","","","","","","","","","","","","","","","","","","","","","","","","","","","",""
"06163007","TENDE_SAPC",44.043167,7.586,636,2000062720,0.,1,"","","","","","","","","","","","","","","","","","","","","","","","","","","","","","","","","","",17.3,1,11.8,1,17.3,1,"","",18.8,1,"","","","","","","","","","","","","","","","","","","","",70,1,"","","","","","","","","","","","",13.8,1,"","","","","","","","","","","","","","","","","","","","","","","","","","","","","","","","","","","","","","","","","","","","","","","","","","","","","","","","","","","","","","","","","","","","","","","","","","","","","","","","","","","","","","","","","","","","","","","","","","","","","","","","","","","","","","","","","","","",""
"06163007","TENDE_SAPC",44.043167,7.586,636,2000062721,0.,1,"","","","","","","","","","","","","","","","","","","","","","","","","","","","","","","","","","",15.7,1,11.7,1,15.7,1,"","",17.3,1,"","","","","","","","","","","","","","","","","","","","",77,1,"","","","","","","","","","","","",13.7,1,"","","","","","","","","","","","","","","","","","","","","","","","","","","","","","","","","","","","","","","","","","","","","","","","","","","","","","","","","","","","","","","","","","","","","","","","","","","","","","","","","","","","","","","","","","","","","","","","","","","","","","","","","","","","","","","","","","","",""
"06163007","TENDE_SAPC",44.043167,7.586,636,2000062722,0.,1,"","","","","","","","","","","","","","","","","","","","","","","","","","","","","","","","","","",14.3,1,10.9,1,14.3,1,"","",15.7,1,"","","","","","","","","","","","","","","","","","","","",80,1,"","","","","","","","","","","","",13.,1,"","","","","","","","","","","","","","","","","","","","","","","","","","","","","","","","","","","","","","","","","","","","","","","","","","","","","","","","","","","","","","","","","","","","","","","","","","","","","","","","","","","","","","","","","","","","","","","","","","","","","","","","","","","","","","","","","","","",""
"06163007","TENDE_SAPC",44.043167,7.586,636,2000062723,0.,1,"","","","","","","","","","","","","","","","","","","","","","","","","","","","","","","","","","",13.8,1,10.8,1,13.8,1,"","",14.3,1,"","","","","","","","","","","","","","","","","","","","",82,1,"","","","","","","","","","","","",12.9,1,"","","","","","","","","","","","","","","","","","","","","","","","","","","","","","","","","","","","","","","","","","","","","","","","","","","","","","","","","","","","","","","","","","","","","","","","","","","","","","","","","","","","","","","","","","","","","","","","","","","","","","","","","","","","","","","","","","","",""
"06163007","TENDE_SAPC",44.043167,7.586,636,2000062800,0.,1,"","","","","","","","","","","","","","","","","","","","","","","","","","","","","","","","","","",13.4,1,10.4,1,13.4,1,"","",13.8,1,"","","","","","","","","","","","","","","","","","","","",82,1,"","","","","","","","","","","","",12.6,1,"","","","","","","","","","","","","","","","","","","","","","","","","","","","","","","","","","","","","","","","","","","","","","","","","","","","","","","","","","","","","","","","","","","","","","","","","","","","","","","","","","","","","","","","","","","","","","","","","","","","","","","","","","","","","","","","","","","",""
"06163007","TENDE_SAPC",44.043167,7.586,636,2000062801,0.,1,"","","","","","","","","","","","","","","","","","","","","","","","","","","","","","","","","","",12.7,1,9.9,1,12.7,1,"","",13.3,1,"","","","","","","","","","","","","","","","","","","","",83,1,"","","","","","","","","","","","",12.2,1,"","","","","","","","","","","","","","","","","","","","","","","","","","","","","","","","","","","","","","","","","","","","","","","","","","","","","","","","","","","","","","","","","","","","","","","","","","","","","","","","","","","","","","","","","","","","","","","","","","","","","","","","","","","","","","","","","","","",""
"06163007","TENDE_SAPC",44.043167,7.586,636,2000062802,0.,1,"","","","","","","","","","","","","","","","","","","","","","","","","","","","","","","","","","",12.5,1,9.7,1,12.5,1,"","",12.7,1,"","","","","","","","","","","","","","","","","","","","",83,1,"","","","","","","","","","","","",12.,1,"","","","","","","","","","","","","","","","","","","","","","","","","","","","","","","","","","","","","","","","","","","","","","","","","","","","","","","","","","","","","","","","","","","","","","","","","","","","","","","","","","","","","","","","","","","","","","","","","","","","","","","","","","","","","","","","","","","",""
"06163007","TENDE_SAPC",44.043167,7.586,636,2000062803,0.,1,"","","","","","","","","","","","","","","","","","","","","","","","","","","","","","","","","","",12.3,1,9.3,1,12.3,1,"","",12.7,1,"","","","","","","","","","","","","","","","","","","","",82,1,"","","","","","","","","","","","",11.7,1,"","","","","","","","","","","","","","","","","","","","","","","","","","","","","","","","","","","","","","","","","","","","","","","","","","","","","","","","","","","","","","","","","","","","","","","","","","","","","","","","","","","","","","","","","","","","","","","","","","","","","","","","","","","","","","","","","","","",""
"06163007","TENDE_SAPC",44.043167,7.586,636,2000062804,0.,1,"","","","","","","","","","","","","","","","","","","","","","","","","","","","","","","","","","",12.3,1,9.3,1,12.,1,"","",12.3,1,"","","","","","","","","","","","","","","","","","","","",82,1,"","","","","","","","","","","","",11.7,1,"","","","","","","","","","","","","","","","","","","","","","","","","","","","","","","","","","","","","","","","","","","","","","","","","","","","","","","","","","","","","","","","","","","","","","","","","","","","","","","","","","","","","","","","","","","","","","","","","","","","","","","","","","","","","","","","","","","",""
"06163007","TENDE_SAPC",44.043167,7.586,636,2000062805,0.,1,"","","","","","","","","","","","","","","","","","","","","","","","","","","","","","","","","","",12.7,1,9.3,1,12.3,1,"","",12.7,1,"","","","","","","","","","","","","","","","","","","","",80,1,"","","","","","","","","","","","",11.7,1,"","","","","","","","","","","","","","","","","","","","","","","","","","","","","","","","","","","","","","","","","","","","","","","","","","","","","","","","","","","","","","","","","","","","","","","","","","","","","","","","","","","","","","","","","","","","","","","","","","","","","","","","","","","","","","","","","","","",""
"06163007","TENDE_SAPC",44.043167,7.586,636,2000062806,0.,1,"","","","","","","","","","","","","","","","","","","","","","","","","","","","","","","","","","",14.,1,9.8,1,12.7,1,"","",14.,1,"","","","","","","","","","","","","","","","","","","","",76,1,"","","","","","","","","","","","",12.1,1,"","","","","","","","","","","","","","","","","","","","","","","","","","","","","","","","","","","","","","","","","","","","","","","","","","","","","","","","","","","","","","","","","","","","","","","","","","","","","","","","","","","","","","","","","","","","","","","","","","","","","","","","","","","","","","","","","","","",""
"06163007","TENDE_SAPC",44.043167,7.586,636,2000062807,0.,1,"","","","","","","","","","","","","","","","","","","","","","","","","","","","","","","","","","",15.9,1,10.,1,14.1,1,"","",15.9,1,"","","","","","","","","","","","","","","","","","","","",68,1,"","","","","","","","","","","","",12.3,1,"","","","","","","","","","","","","","","","","","","","","","","","","","","","","","","","","","","","","","","","","","","","","","","","","","","","","","","","","","","","","","","","","","","","","","","","","","","","","","","","","","","","","","","","","","","","","","","","","","","","","","","","","","","","","","","","","","","",""
"06163007","TENDE_SAPC",44.043167,7.586,636,2000062808,0.,1,"","","","","","","","","","","","","","","","","","","","","","","","","","","","","","","","","","",18.1,1,9.2,1,15.9,1,"","",18.1,1,"","","","","","","","","","","","","","","","","","","","",56,1,"","","","","","","","","","","","",11.6,1,"","","","","","","","","","","","","","","","","","","","","","","","","","","","","","","","","","","","","","","","","","","","","","","","","","","","","","","","","","","","","","","","","","","","","","","","","","","","","","","","","","","","","","","","","","","","","","","","","","","","","","","","","","","","","","","","","","","",""
"06163007","TENDE_SAPC",44.043167,7.586,636,2000062809,0.,1,"","","","","","","","","","","","","","","","","","","","","","","","","","","","","","","","","","",20.2,1,9.4,1,18.1,1,"","",20.2,1,"","","","","","","","","","","","","","","","","","","","",50,1,"","","","","","","","","","","","",11.8,1,"","","","","","","","","","","","","","","","","","","","","","","","","","","","","","","","","","","","","","","","","","","","","","","","","","","","","","","","","","","","","","","","","","","","","","","","","","","","","","","","","","","","","","","","","","","","","","","","","","","","","","","","","","","","","","","","","","","",""
"06163007","TENDE_SAPC",44.043167,7.586,636,2000062810,0.,1,"","","","","","","","","","","","","","","","","","","","","","","","","","","","","","","","","","",22.2,1,9.7,1,20.2,1,"","",22.2,1,"","","","","","","","","","","","","","","","","","","","",45,1,"","","","","","","","","","","","",12.,1,"","","","","","","","","","","","","","","","","","","","","","","","","","","","","","","","","","","","","","","","","","","","","","","","","","","","","","","","","","","","","","","","","","","","","","","","","","","","","","","","","","","","","","","","","","","","","","","","","","","","","","","","","","","","","","","","","","","",""
"06163007","TENDE_SAPC",44.043167,7.586,636,2000062811,0.,1,"","","","","","","","","","","","","","","","","","","","","","","","","","","","","","","","","","",23.8,1,10.8,1,22.1,1,"","",23.8,1,"","","","","","","","","","","","","","","","","","","","",44,1,"","","","","","","","","","","","",12.9,1,"","","","","","","","","","","","","","","","","","","","","","","","","","","","","","","","","","","","","","","","","","","","","","","","","","","","","","","","","","","","","","","","","","","","","","","","","","","","","","","","","","","","","","","","","","","","","","","","","","","","","","","","","","","","","","","","","","","",""
"06163007","TENDE_SAPC",44.043167,7.586,636,2000062812,0.,1,"","","","","","","","","","","","","","","","","","","","","","","","","","","","","","","","","","",23.8,1,12.1,1,23.7,1,"","",24.4,1,"","","","","","","","","","","","","","","","","","","","",48,1,"","","","","","","","","","","","",14.1,1,"","","","","","","","","","","","","","","","","","","","","","","","","","","","","","","","","","","","","","","","","","","","","","","","","","","","","","","","","","","","","","","","","","","","","","","","","","","","","","","","","","","","","","","","","","","","","","","","","","","","","","","","","","","","","","","","","","","",""
"06163007","TENDE_SAPC",44.043167,7.586,636,2000062813,0.,1,"","","","","","","","","","","","","","","","","","","","","","","","","","","","","","","","","","",24.3,1,11.9,1,23.4,1,"","",24.6,1,"","","","","","","","","","","","","","","","","","","","",46,1,"","","","","","","","","","","","",13.9,1,"","","","","","","","","","","","","","","","","","","","","","","","","","","","","","","","","","","","","","","","","","","","","","","","","","","","","","","","","","","","","","","","","","","","","","","","","","","","","","","","","","","","","","","","","","","","","","","","","","","","","","","","","","","","","","","","","","","",""
"06163007","TENDE_SAPC",44.043167,7.586,636,2000062814,0.,1,"","","","","","","","","","","","","","","","","","","","","","","","","","","","","","","","","","",23.7,1,12.7,1,23.5,1,"","",24.3,1,"","","","","","","","","","","","","","","","","","","","",50,1,"","","","","","","","","","","","",14.6,1,"","","","","","","","","","","","","","","","","","","","","","","","","","","","","","","","","","","","","","","","","","","","","","","","","","","","","","","","","","","","","","","","","","","","","","","","","","","","","","","","","","","","","","","","","","","","","","","","","","","","","","","","","","","","","","","","","","","",""
"06163007","TENDE_SAPC",44.043167,7.586,636,2000062815,0.,1,"","","","","","","","","","","","","","","","","","","","","","","","","","","","","","","","","","",23.5,1,12.5,1,23.3,1,"","",23.8,1,"","","","","","","","","","","","","","","","","","","","",50,1,"","","","","","","","","","","","",14.4,1,"","","","","","","","","","","","","","","","","","","","","","","","","","","","","","","","","","","","","","","","","","","","","","","","","","","","","","","","","","","","","","","","","","","","","","","","","","","","","","","","","","","","","","","","","","","","","","","","","","","","","","","","","","","","","","","","","","","",""
"06163007","TENDE_SAPC",44.043167,7.586,636,2000062816,0.,1,"","","","","","","","","","","","","","","","","","","","","","","","","","","","","","","","","","",23.2,1,13.9,1,23.2,1,"","",24.3,1,"","","","","","","","","","","","","","","","","","","","",56,1,"","","","","","","","","","","","",15.9,1,"","","","","","","","","","","","","","","","","","","","","","","","","","","","","","","","","","","","","","","","","","","","","","","","","","","","","","","","","","","","","","","","","","","","","","","","","","","","","","","","","","","","","","","","","","","","","","","","","","","","","","","","","","","","","","","","","","","",""
"06163007","TENDE_SAPC",44.043167,7.586,636,2000062817,0.,1,"","","","","","","","","","","","","","","","","","","","","","","","","","","","","","","","","","",22.6,1,14.9,1,22.6,1,"","",23.3,1,"","","","","","","","","","","","","","","","","","","","",62,1,"","","","","","","","","","","","",17.,1,"","","","","","","","","","","","","","","","","","","","","","","","","","","","","","","","","","","","","","","","","","","","","","","","","","","","","","","","","","","","","","","","","","","","","","","","","","","","","","","","","","","","","","","","","","","","","","","","","","","","","","","","","","","","","","","","","","","",""
"06163007","TENDE_SAPC",44.043167,7.586,636,2000062818,0.,1,"","","","","","","","","","","","","","","","","","","","","","","","","","","","","","","","","","",20.9,1,15.,1,20.9,1,"","",22.5,1,"","","","","","","","","","","","","","","","","","","","",69,1,"","","","","","","","","","","","",17.,1,"","","","","","","","","","","","","","","","","","","","","","","","","","","","","","","","","","","","","","","","","","","","","","","","","","","","","","","","","","","","","","","","","","","","","","","","","","","","","","","","","","","","","","","","","","","","","","","","","","","","","","","","","","","","","","","","","","","",""
"06163007","TENDE_SAPC",44.043167,7.586,636,2000062819,0.,1,"","","","","","","","","","","","","","","","","","","","","","","","","","","","","","","","","","",19.2,1,14.9,1,19.2,1,"","",20.8,1,"","","","","","","","","","","","","","","","","","","","",76,1,"","","","","","","","","","","","",16.9,1,"","","","","","","","","","","","","","","","","","","","","","","","","","","","","","","","","","","","","","","","","","","","","","","","","","","","","","","","","","","","","","","","","","","","","","","","","","","","","","","","","","","","","","","","","","","","","","","","","","","","","","","","","","","","","","","","","","","",""
"06163007","TENDE_SAPC",44.043167,7.586,636,2000062820,0.,1,"","","","","","","","","","","","","","","","","","","","","","","","","","","","","","","","","","",18.1,1,14.6,1,18.1,1,"","",19.2,1,"","","","","","","","","","","","","","","","","","","","",80,1,"","","","","","","","","","","","",16.6,1,"","","","","","","","","","","","","","","","","","","","","","","","","","","","","","","","","","","","","","","","","","","","","","","","","","","","","","","","","","","","","","","","","","","","","","","","","","","","","","","","","","","","","","","","","","","","","","","","","","","","","","","","","","","","","","","","","","","",""
"06163007","TENDE_SAPC",44.043167,7.586,636,2000062821,0.,1,"","","","","","","","","","","","","","","","","","","","","","","","","","","","","","","","","","",17.3,1,14.2,1,17.3,1,"","",18.1,1,"","","","","","","","","","","","","","","","","","","","",82,1,"","","","","","","","","","","","",16.2,1,"","","","","","","","","","","","","","","","","","","","","","","","","","","","","","","","","","","","","","","","","","","","","","","","","","","","","","","","","","","","","","","","","","","","","","","","","","","","","","","","","","","","","","","","","","","","","","","","","","","","","","","","","","","","","","","","","","","",""
"06163007","TENDE_SAPC",44.043167,7.586,636,2000062822,0.,1,"","","","","","","","","","","","","","","","","","","","","","","","","","","","","","","","","","",16.2,1,13.1,1,16.2,1,"","",17.3,1,"","","","","","","","","","","","","","","","","","","","",82,1,"","","","","","","","","","","","",15.1,1,"","","","","","","","","","","","","","","","","","","","","","","","","","","","","","","","","","","","","","","","","","","","","","","","","","","","","","","","","","","","","","","","","","","","","","","","","","","","","","","","","","","","","","","","","","","","","","","","","","","","","","","","","","","","","","","","","","","",""
"06163007","TENDE_SAPC",44.043167,7.586,636,2000062823,0.,1,"","","","","","","","","","","","","","","","","","","","","","","","","","","","","","","","","","",15.6,1,12.7,1,15.6,1,"","",16.2,1,"","","","","","","","","","","","","","","","","","","","",83,1,"","","","","","","","","","","","",14.7,1,"","","","","","","","","","","","","","","","","","","","","","","","","","","","","","","","","","","","","","","","","","","","","","","","","","","","","","","","","","","","","","","","","","","","","","","","","","","","","","","","","","","","","","","","","","","","","","","","","","","","","","","","","","","","","","","","","","","",""
"06163007","TENDE_SAPC",44.043167,7.586,636,2000062900,0.,1,"","","","","","","","","","","","","","","","","","","","","","","","","","","","","","","","","","",16.2,1,12.9,1,15.5,1,"","",16.2,1,"","","","","","","","","","","","","","","","","","","","",81,1,"","","","","","","","","","","","",14.9,1,"","","","","","","","","","","","","","","","","","","","","","","","","","","","","","","","","","","","","","","","","","","","","","","","","","","","","","","","","","","","","","","","","","","","","","","","","","","","","","","","","","","","","","","","","","","","","","","","","","","","","","","","","","","","","","","","","","","",""
"06163007","TENDE_SAPC",44.043167,7.586,636,2000062901,0.,1,"","","","","","","","","","","","","","","","","","","","","","","","","","","","","","","","","","",17.1,1,14.,1,16.2,1,"","",17.1,1,"","","","","","","","","","","","","","","","","","","","",82,1,"","","","","","","","","","","","",16.,1,"","","","","","","","","","","","","","","","","","","","","","","","","","","","","","","","","","","","","","","","","","","","","","","","","","","","","","","","","","","","","","","","","","","","","","","","","","","","","","","","","","","","","","","","","","","","","","","","","","","","","","","","","","","","","","","","","","","",""
"06163007","TENDE_SAPC",44.043167,7.586,636,2000062902,0.,1,"","","","","","","","","","","","","","","","","","","","","","","","","","","","","","","","","","",16.5,1,13.2,1,16.5,1,"","",17.2,1,"","","","","","","","","","","","","","","","","","","","",81,1,"","","","","","","","","","","","",15.2,1,"","","","","","","","","","","","","","","","","","","","","","","","","","","","","","","","","","","","","","","","","","","","","","","","","","","","","","","","","","","","","","","","","","","","","","","","","","","","","","","","","","","","","","","","","","","","","","","","","","","","","","","","","","","","","","","","","","","",""
"06163007","TENDE_SAPC",44.043167,7.586,636,2000062903,0.,1,"","","","","","","","","","","","","","","","","","","","","","","","","","","","","","","","","","",15.6,1,12.5,1,15.6,1,"","",16.5,1,"","","","","","","","","","","","","","","","","","","","",82,1,"","","","","","","","","","","","",14.5,1,"","","","","","","","","","","","","","","","","","","","","","","","","","","","","","","","","","","","","","","","","","","","","","","","","","","","","","","","","","","","","","","","","","","","","","","","","","","","","","","","","","","","","","","","","","","","","","","","","","","","","","","","","","","","","","","","","","","",""
"06163007","TENDE_SAPC",44.043167,7.586,636,2000062904,0.,1,"","","","","","","","","","","","","","","","","","","","","","","","","","","","","","","","","","",14.7,1,11.7,1,14.7,1,"","",15.5,1,"","","","","","","","","","","","","","","","","","","","",82,1,"","","","","","","","","","","","",13.7,1,"","","","","","","","","","","","","","","","","","","","","","","","","","","","","","","","","","","","","","","","","","","","","","","","","","","","","","","","","","","","","","","","","","","","","","","","","","","","","","","","","","","","","","","","","","","","","","","","","","","","","","","","","","","","","","","","","","","",""
"06163007","TENDE_SAPC",44.043167,7.586,636,2000062905,0.,1,"","","","","","","","","","","","","","","","","","","","","","","","","","","","","","","","","","",15.,1,10.6,1,14.6,1,"","",15.,1,"","","","","","","","","","","","","","","","","","","","",75,1,"","","","","","","","","","","","",12.8,1,"","","","","","","","","","","","","","","","","","","","","","","","","","","","","","","","","","","","","","","","","","","","","","","","","","","","","","","","","","","","","","","","","","","","","","","","","","","","","","","","","","","","","","","","","","","","","","","","","","","","","","","","","","","","","","","","","","","",""
"06163007","TENDE_SAPC",44.043167,7.586,636,2000062906,0.,1,"","","","","","","","","","","","","","","","","","","","","","","","","","","","","","","","","","",16.6,1,10.7,1,15.,1,"","",16.6,1,"","","","","","","","","","","","","","","","","","","","",68,1,"","","","","","","","","","","","",12.8,1,"","","","","","","","","","","","","","","","","","","","","","","","","","","","","","","","","","","","","","","","","","","","","","","","","","","","","","","","","","","","","","","","","","","","","","","","","","","","","","","","","","","","","","","","","","","","","","","","","","","","","","","","","","","","","","","","","","","",""
"06163007","TENDE_SAPC",44.043167,7.586,636,2000062907,0.,1,"","","","","","","","","","","","","","","","","","","","","","","","","","","","","","","","","","",18.8,1,10.1,1,16.7,1,"","",18.8,1,"","","","","","","","","","","","","","","","","","","","",57,1,"","","","","","","","","","","","",12.3,1,"","","","","","","","","","","","","","","","","","","","","","","","","","","","","","","","","","","","","","","","","","","","","","","","","","","","","","","","","","","","","","","","","","","","","","","","","","","","","","","","","","","","","","","","","","","","","","","","","","","","","","","","","","","","","","","","","","","",""
"06163007","TENDE_SAPC",44.043167,7.586,636,2000062908,0.,1,"","","","","","","","","","","","","","","","","","","","","","","","","","","","","","","","","","",20.4,1,10.2,1,18.8,1,"","",20.4,1,"","","","","","","","","","","","","","","","","","","","",52,1,"","","","","","","","","","","","",12.4,1,"","","","","","","","","","","","","","","","","","","","","","","","","","","","","","","","","","","","","","","","","","","","","","","","","","","","","","","","","","","","","","","","","","","","","","","","","","","","","","","","","","","","","","","","","","","","","","","","","","","","","","","","","","","","","","","","","","","",""
"06163007","TENDE_SAPC",44.043167,7.586,636,2000062909,0.,1,"","","","","","","","","","","","","","","","","","","","","","","","","","","","","","","","","","",23.3,1,7.4,1,20.5,1,"","",23.3,1,"","","","","","","","","","","","","","","","","","","","",36,1,"","","","","","","","","","","","",10.3,1,"","","","","","","","","","","","","","","","","","","","","","","","","","","","","","","","","","","","","","","","","","","","","","","","","","","","","","","","","","","","","","","","","","","","","","","","","","","","","","","","","","","","","","","","","","","","","","","","","","","","","","","","","","","","","","","","","","","",""
"06163007","TENDE_SAPC",44.043167,7.586,636,2000062910,0.,1,"","","","","","","","","","","","","","","","","","","","","","","","","","","","","","","","","","",23.8,1,8.6,1,23.1,1,"","",24.1,1,"","","","","","","","","","","","","","","","","","","","",38,1,"","","","","","","","","","","","",11.2,1,"","","","","","","","","","","","","","","","","","","","","","","","","","","","","","","","","","","","","","","","","","","","","","","","","","","","","","","","","","","","","","","","","","","","","","","","","","","","","","","","","","","","","","","","","","","","","","","","","","","","","","","","","","","","","","","","","","","",""
"06163007","TENDE_SAPC",44.043167,7.586,636,2000062911,0.,1,"","","","","","","","","","","","","","","","","","","","","","","","","","","","","","","","","","",24.3,1,9.1,1,23.8,1,"","",24.9,1,"","","","","","","","","","","","","","","","","","","","",38,1,"","","","","","","","","","","","",11.5,1,"","","","","","","","","","","","","","","","","","","","","","","","","","","","","","","","","","","","","","","","","","","","","","","","","","","","","","","","","","","","","","","","","","","","","","","","","","","","","","","","","","","","","","","","","","","","","","","","","","","","","","","","","","","","","","","","","","","",""
"06163007","TENDE_SAPC",44.043167,7.586,636,2000062912,0.,1,"","","","","","","","","","","","","","","","","","","","","","","","","","","","","","","","","","",25.1,1,9.8,1,23.7,1,"","",25.2,1,"","","","","","","","","","","","","","","","","","","","",38,1,"","","","","","","","","","","","",12.1,1,"","","","","","","","","","","","","","","","","","","","","","","","","","","","","","","","","","","","","","","","","","","","","","","","","","","","","","","","","","","","","","","","","","","","","","","","","","","","","","","","","","","","","","","","","","","","","","","","","","","","","","","","","","","","","","","","","","","",""
"06163007","TENDE_SAPC",44.043167,7.586,636,2000062913,0.,1,"","","","","","","","","","","","","","","","","","","","","","","","","","","","","","","","","","",23.,1,10.8,1,23.,1,"","",25.1,1,"","","","","","","","","","","","","","","","","","","","",46,1,"","","","","","","","","","","","",12.9,1,"","","","","","","","","","","","","","","","","","","","","","","","","","","","","","","","","","","","","","","","","","","","","","","","","","","","","","","","","","","","","","","","","","","","","","","","","","","","","","","","","","","","","","","","","","","","","","","","","","","","","","","","","","","","","","","","","","","",""
"06163007","TENDE_SAPC",44.043167,7.586,636,2000062914,0.,1,"","","","","","","","","","","","","","","","","","","","","","","","","","","","","","","","","","",22.7,1,10.5,1,22.5,1,"","",24.1,1,"","","","","","","","","","","","","","","","","","","","",46,1,"","","","","","","","","","","","",12.7,1,"","","","","","","","","","","","","","","","","","","","","","","","","","","","","","","","","","","","","","","","","","","","","","","","","","","","","","","","","","","","","","","","","","","","","","","","","","","","","","","","","","","","","","","","","","","","","","","","","","","","","","","","","","","","","","","","","","","",""
"06163007","TENDE_SAPC",44.043167,7.586,636,2000062915,0.,1,"","","","","","","","","","","","","","","","","","","","","","","","","","","","","","","","","","",22.6,1,11.6,1,22.2,1,"","",23.,1,"","","","","","","","","","","","","","","","","","","","",50,1,"","","","","","","","","","","","",13.7,1,"","","","","","","","","","","","","","","","","","","","","","","","","","","","","","","","","","","","","","","","","","","","","","","","","","","","","","","","","","","","","","","","","","","","","","","","","","","","","","","","","","","","","","","","","","","","","","","","","","","","","","","","","","","","","","","","","","","",""
"06163007","TENDE_SAPC",44.043167,7.586,636,2000062916,0.,1,"","","","","","","","","","","","","","","","","","","","","","","","","","","","","","","","","","",22.5,1,11.6,1,22.3,1,"","",22.6,1,"","","","","","","","","","","","","","","","","","","","",50,1,"","","","","","","","","","","","",13.6,1,"","","","","","","","","","","","","","","","","","","","","","","","","","","","","","","","","","","","","","","","","","","","","","","","","","","","","","","","","","","","","","","","","","","","","","","","","","","","","","","","","","","","","","","","","","","","","","","","","","","","","","","","","","","","","","","","","","","",""
"06163007","TENDE_SAPC",44.043167,7.586,636,2000062917,0.,1,"","","","","","","","","","","","","","","","","","","","","","","","","","","","","","","","","","",21.5,1,14.4,1,21.5,1,"","",22.7,1,"","","","","","","","","","","","","","","","","","","","",64,1,"","","","","","","","","","","","",16.4,1,"","","","","","","","","","","","","","","","","","","","","","","","","","","","","","","","","","","","","","","","","","","","","","","","","","","","","","","","","","","","","","","","","","","","","","","","","","","","","","","","","","","","","","","","","","","","","","","","","","","","","","","","","","","","","","","","","","","",""
"06163007","TENDE_SAPC",44.043167,7.586,636,2000062918,0.2,1,"","","","","","","","","","","","","","","","","","","","","","","","","","","","","","","","","","",19.3,1,14.5,1,19.3,1,"","",21.2,1,"","","","","","","","","","","","","","","","","","","","",74,1,"","","","","","","","","","","","",16.5,1,"","","","","","","","","","","","","","","","","","","","","","","","","","","","","","","","","","","","","","","","","","","","","","","","","","","","","","","","","","","","","","","","","","","","","","","","","","","","","","","","","","","","","","","","","","","","","","","","","","","","","","","","","","","","","","","","","","","",""
"06163007","TENDE_SAPC",44.043167,7.586,636,2000062919,0.,1,"","","","","","","","","","","","","","","","","","","","","","","","","","","","","","","","","","",18.4,1,14.1,1,18.4,1,"","",19.3,1,"","","","","","","","","","","","","","","","","","","","",76,1,"","","","","","","","","","","","",16.,1,"","","","","","","","","","","","","","","","","","","","","","","","","","","","","","","","","","","","","","","","","","","","","","","","","","","","","","","","","","","","","","","","","","","","","","","","","","","","","","","","","","","","","","","","","","","","","","","","","","","","","","","","","","","","","","","","","","","",""
"06163007","TENDE_SAPC",44.043167,7.586,636,2000062920,0.,1,"","","","","","","","","","","","","","","","","","","","","","","","","","","","","","","","","","",17.2,1,13.5,1,17.2,1,"","",18.4,1,"","","","","","","","","","","","","","","","","","","","",79,1,"","","","","","","","","","","","",15.5,1,"","","","","","","","","","","","","","","","","","","","","","","","","","","","","","","","","","","","","","","","","","","","","","","","","","","","","","","","","","","","","","","","","","","","","","","","","","","","","","","","","","","","","","","","","","","","","","","","","","","","","","","","","","","","","","","","","","","",""
"06163007","TENDE_SAPC",44.043167,7.586,636,2000062921,0.,1,"","","","","","","","","","","","","","","","","","","","","","","","","","","","","","","","","","",15.9,1,12.5,1,15.9,1,"","",17.2,1,"","","","","","","","","","","","","","","","","","","","",80,1,"","","","","","","","","","","","",14.4,1,"","","","","","","","","","","","","","","","","","","","","","","","","","","","","","","","","","","","","","","","","","","","","","","","","","","","","","","","","","","","","","","","","","","","","","","","","","","","","","","","","","","","","","","","","","","","","","","","","","","","","","","","","","","","","","","","","","","",""
"06163007","TENDE_SAPC",44.043167,7.586,636,2000062922,0.,1,"","","","","","","","","","","","","","","","","","","","","","","","","","","","","","","","","","",15.2,1,12.,1,15.2,1,"","",15.9,1,"","","","","","","","","","","","","","","","","","","","",81,1,"","","","","","","","","","","","",14.,1,"","","","","","","","","","","","","","","","","","","","","","","","","","","","","","","","","","","","","","","","","","","","","","","","","","","","","","","","","","","","","","","","","","","","","","","","","","","","","","","","","","","","","","","","","","","","","","","","","","","","","","","","","","","","","","","","","","","",""
"06163007","TENDE_SAPC",44.043167,7.586,636,2000062923,0.,1,"","","","","","","","","","","","","","","","","","","","","","","","","","","","","","","","","","",14.5,1,11.5,1,14.5,1,"","",15.2,1,"","","","","","","","","","","","","","","","","","","","",82,1,"","","","","","","","","","","","",13.5,1,"","","","","","","","","","","","","","","","","","","","","","","","","","","","","","","","","","","","","","","","","","","","","","","","","","","","","","","","","","","","","","","","","","","","","","","","","","","","","","","","","","","","","","","","","","","","","","","","","","","","","","","","","","","","","","","","","","","",""
"06163007","TENDE_SAPC",44.043167,7.586,636,2000063000,0.,1,"","","","","","","","","","","","","","","","","","","","","","","","","","","","","","","","","","",14.1,1,10.9,1,14.1,1,"","",14.5,1,"","","","","","","","","","","","","","","","","","","","",81,1,"","","","","","","","","","","","",13.,1,"","","","","","","","","","","","","","","","","","","","","","","","","","","","","","","","","","","","","","","","","","","","","","","","","","","","","","","","","","","","","","","","","","","","","","","","","","","","","","","","","","","","","","","","","","","","","","","","","","","","","","","","","","","","","","","","","","","",""
"06163007","TENDE_SAPC",44.043167,7.586,636,2000063001,0.,1,"","","","","","","","","","","","","","","","","","","","","","","","","","","","","","","","","","",13.8,1,10.4,1,13.8,1,"","",14.1,1,"","","","","","","","","","","","","","","","","","","","",80,1,"","","","","","","","","","","","",12.6,1,"","","","","","","","","","","","","","","","","","","","","","","","","","","","","","","","","","","","","","","","","","","","","","","","","","","","","","","","","","","","","","","","","","","","","","","","","","","","","","","","","","","","","","","","","","","","","","","","","","","","","","","","","","","","","","","","","","","",""
"06163007","TENDE_SAPC",44.043167,7.586,636,2000063002,0.,1,"","","","","","","","","","","","","","","","","","","","","","","","","","","","","","","","","","",13.5,1,10.1,1,13.4,1,"","",13.9,1,"","","","","","","","","","","","","","","","","","","","",80,1,"","","","","","","","","","","","",12.4,1,"","","","","","","","","","","","","","","","","","","","","","","","","","","","","","","","","","","","","","","","","","","","","","","","","","","","","","","","","","","","","","","","","","","","","","","","","","","","","","","","","","","","","","","","","","","","","","","","","","","","","","","","","","","","","","","","","","","",""
"06163007","TENDE_SAPC",44.043167,7.586,636,2000063003,0.,1,"","","","","","","","","","","","","","","","","","","","","","","","","","","","","","","","","","",13.3,1,9.9,1,13.1,1,"","",13.7,1,"","","","","","","","","","","","","","","","","","","","",80,1,"","","","","","","","","","","","",12.2,1,"","","","","","","","","","","","","","","","","","","","","","","","","","","","","","","","","","","","","","","","","","","","","","","","","","","","","","","","","","","","","","","","","","","","","","","","","","","","","","","","","","","","","","","","","","","","","","","","","","","","","","","","","","","","","","","","","","","",""
"06163007","TENDE_SAPC",44.043167,7.586,636,2000063004,0.,1,"","","","","","","","","","","","","","","","","","","","","","","","","","","","","","","","","","",13.1,1,9.5,1,12.9,1,"","",13.4,1,"","","","","","","","","","","","","","","","","","","","",79,1,"","","","","","","","","","","","",11.9,1,"","","","","","","","","","","","","","","","","","","","","","","","","","","","","","","","","","","","","","","","","","","","","","","","","","","","","","","","","","","","","","","","","","","","","","","","","","","","","","","","","","","","","","","","","","","","","","","","","","","","","","","","","","","","","","","","","","","",""
"06163007","TENDE_SAPC",44.043167,7.586,636,2000063005,0.,1,"","","","","","","","","","","","","","","","","","","","","","","","","","","","","","","","","","",13.2,1,9.3,1,12.8,1,"","",13.2,1,"","","","","","","","","","","","","","","","","","","","",77,1,"","","","","","","","","","","","",11.7,1,"","","","","","","","","","","","","","","","","","","","","","","","","","","","","","","","","","","","","","","","","","","","","","","","","","","","","","","","","","","","","","","","","","","","","","","","","","","","","","","","","","","","","","","","","","","","","","","","","","","","","","","","","","","","","","","","","","","",""
"06163007","TENDE_SAPC",44.043167,7.586,636,2000063006,0.,1,"","","","","","","","","","","","","","","","","","","","","","","","","","","","","","","","","","",13.8,1,10.2,1,13.2,1,"","",13.8,1,"","","","","","","","","","","","","","","","","","","","",79,1,"","","","","","","","","","","","",12.4,1,"","","","","","","","","","","","","","","","","","","","","","","","","","","","","","","","","","","","","","","","","","","","","","","","","","","","","","","","","","","","","","","","","","","","","","","","","","","","","","","","","","","","","","","","","","","","","","","","","","","","","","","","","","","","","","","","","","","",""
"06163007","TENDE_SAPC",44.043167,7.586,636,2000063007,0.,1,"","","","","","","","","","","","","","","","","","","","","","","","","","","","","","","","","","",16.4,1,10.3,1,13.8,1,"","",16.4,1,"","","","","","","","","","","","","","","","","","","","",67,1,"","","","","","","","","","","","",12.5,1,"","","","","","","","","","","","","","","","","","","","","","","","","","","","","","","","","","","","","","","","","","","","","","","","","","","","","","","","","","","","","","","","","","","","","","","","","","","","","","","","","","","","","","","","","","","","","","","","","","","","","","","","","","","","","","","","","","","",""
"06163007","TENDE_SAPC",44.043167,7.586,636,2000063008,0.,1,"","","","","","","","","","","","","","","","","","","","","","","","","","","","","","","","","","",21.6,1,10.1,1,16.5,1,"","",21.7,1,"","","","","","","","","","","","","","","","","","","","",48,1,"","","","","","","","","","","","",12.4,1,"","","","","","","","","","","","","","","","","","","","","","","","","","","","","","","","","","","","","","","","","","","","","","","","","","","","","","","","","","","","","","","","","","","","","","","","","","","","","","","","","","","","","","","","","","","","","","","","","","","","","","","","","","","","","","","","","","","",""
"06163007","TENDE_SAPC",44.043167,7.586,636,2000063009,0.,1,"","","","","","","","","","","","","","","","","","","","","","","","","","","","","","","","","","",23.3,1,6.5,1,21.6,1,"","",23.3,1,"","","","","","","","","","","","","","","","","","","","",34,1,"","","","","","","","","","","","",9.7,1,"","","","","","","","","","","","","","","","","","","","","","","","","","","","","","","","","","","","","","","","","","","","","","","","","","","","","","","","","","","","","","","","","","","","","","","","","","","","","","","","","","","","","","","","","","","","","","","","","","","","","","","","","","","","","","","","","","","",""
"06163007","TENDE_SAPC",44.043167,7.586,636,2000063010,0.,1,"","","","","","","","","","","","","","","","","","","","","","","","","","","","","","","","","","",24.3,1,6.1,1,23.3,1,"","",24.4,1,"","","","","","","","","","","","","","","","","","","","",31,1,"","","","","","","","","","","","",9.4,1,"","","","","","","","","","","","","","","","","","","","","","","","","","","","","","","","","","","","","","","","","","","","","","","","","","","","","","","","","","","","","","","","","","","","","","","","","","","","","","","","","","","","","","","","","","","","","","","","","","","","","","","","","","","","","","","","","","","",""
"06163007","TENDE_SAPC",44.043167,7.586,636,2000063011,0.,1,"","","","","","","","","","","","","","","","","","","","","","","","","","","","","","","","","","",26.,1,7.6,1,24.4,1,"","",26.,1,"","","","","","","","","","","","","","","","","","","","",31,1,"","","","","","","","","","","","",10.4,1,"","","","","","","","","","","","","","","","","","","","","","","","","","","","","","","","","","","","","","","","","","","","","","","","","","","","","","","","","","","","","","","","","","","","","","","","","","","","","","","","","","","","","","","","","","","","","","","","","","","","","","","","","","","","","","","","","","","",""
"06163007","TENDE_SAPC",44.043167,7.586,636,2000063012,0.,1,"","","","","","","","","","","","","","","","","","","","","","","","","","","","","","","","","","",26.2,1,9.9,1,26.,1,"","",26.5,1,"","","","","","","","","","","","","","","","","","","","",36,1,"","","","","","","","","","","","",12.2,1,"","","","","","","","","","","","","","","","","","","","","","","","","","","","","","","","","","","","","","","","","","","","","","","","","","","","","","","","","","","","","","","","","","","","","","","","","","","","","","","","","","","","","","","","","","","","","","","","","","","","","","","","","","","","","","","","","","","",""
"06163007","TENDE_SAPC",44.043167,7.586,636,2000063013,0.,1,"","","","","","","","","","","","","","","","","","","","","","","","","","","","","","","","","","",26.2,1,9.1,1,25.1,1,"","",26.2,1,"","","","","","","","","","","","","","","","","","","","",34,1,"","","","","","","","","","","","",11.5,1,"","","","","","","","","","","","","","","","","","","","","","","","","","","","","","","","","","","","","","","","","","","","","","","","","","","","","","","","","","","","","","","","","","","","","","","","","","","","","","","","","","","","","","","","","","","","","","","","","","","","","","","","","","","","","","","","","","","",""
"06163007","TENDE_SAPC",44.043167,7.586,636,2000063014,0.,1,"","","","","","","","","","","","","","","","","","","","","","","","","","","","","","","","","","",24.8,1,8.3,1,24.8,1,"","",26.2,1,"","","","","","","","","","","","","","","","","","","","",35,1,"","","","","","","","","","","","",10.9,1,"","","","","","","","","","","","","","","","","","","","","","","","","","","","","","","","","","","","","","","","","","","","","","","","","","","","","","","","","","","","","","","","","","","","","","","","","","","","","","","","","","","","","","","","","","","","","","","","","","","","","","","","","","","","","","","","","","","",""
"06163007","TENDE_SAPC",44.043167,7.586,636,2000063015,0.,1,"","","","","","","","","","","","","","","","","","","","","","","","","","","","","","","","","","",23.7,1,8.9,1,23.2,1,"","",24.7,1,"","","","","","","","","","","","","","","","","","","","",39,1,"","","","","","","","","","","","",11.4,1,"","","","","","","","","","","","","","","","","","","","","","","","","","","","","","","","","","","","","","","","","","","","","","","","","","","","","","","","","","","","","","","","","","","","","","","","","","","","","","","","","","","","","","","","","","","","","","","","","","","","","","","","","","","","","","","","","","","",""
"06163007","TENDE_SAPC",44.043167,7.586,636,2000063016,0.,1,"","","","","","","","","","","","","","","","","","","","","","","","","","","","","","","","","","",22.9,1,10.7,1,22.8,1,"","",23.8,1,"","","","","","","","","","","","","","","","","","","","",46,1,"","","","","","","","","","","","",12.8,1,"","","","","","","","","","","","","","","","","","","","","","","","","","","","","","","","","","","","","","","","","","","","","","","","","","","","","","","","","","","","","","","","","","","","","","","","","","","","","","","","","","","","","","","","","","","","","","","","","","","","","","","","","","","","","","","","","","","",""
"06163007","TENDE_SAPC",44.043167,7.586,636,2000063017,0.,1,"","","","","","","","","","","","","","","","","","","","","","","","","","","","","","","","","","",21.9,1,11.9,1,21.9,1,"","",22.9,1,"","","","","","","","","","","","","","","","","","","","",53,1,"","","","","","","","","","","","",13.9,1,"","","","","","","","","","","","","","","","","","","","","","","","","","","","","","","","","","","","","","","","","","","","","","","","","","","","","","","","","","","","","","","","","","","","","","","","","","","","","","","","","","","","","","","","","","","","","","","","","","","","","","","","","","","","","","","","","","","",""
"06163007","TENDE_SAPC",44.043167,7.586,636,2000063018,0.,1,"","","","","","","","","","","","","","","","","","","","","","","","","","","","","","","","","","",21.1,1,12.2,1,21.1,1,"","",21.9,1,"","","","","","","","","","","","","","","","","","","","",57,1,"","","","","","","","","","","","",14.2,1,"","","","","","","","","","","","","","","","","","","","","","","","","","","","","","","","","","","","","","","","","","","","","","","","","","","","","","","","","","","","","","","","","","","","","","","","","","","","","","","","","","","","","","","","","","","","","","","","","","","","","","","","","","","","","","","","","","","",""
"06163007","TENDE_SAPC",44.043167,7.586,636,2000063019,0.,1,"","","","","","","","","","","","","","","","","","","","","","","","","","","","","","","","","","",19.6,1,13.5,1,19.6,1,"","",21.1,1,"","","","","","","","","","","","","","","","","","","","",68,1,"","","","","","","","","","","","",15.5,1,"","","","","","","","","","","","","","","","","","","","","","","","","","","","","","","","","","","","","","","","","","","","","","","","","","","","","","","","","","","","","","","","","","","","","","","","","","","","","","","","","","","","","","","","","","","","","","","","","","","","","","","","","","","","","","","","","","","",""
"06163007","TENDE_SAPC",44.043167,7.586,636,2000063020,0.,1,"","","","","","","","","","","","","","","","","","","","","","","","","","","","","","","","","","",17.4,1,12.7,1,17.4,1,"","",19.6,1,"","","","","","","","","","","","","","","","","","","","",74,1,"","","","","","","","","","","","",14.7,1,"","","","","","","","","","","","","","","","","","","","","","","","","","","","","","","","","","","","","","","","","","","","","","","","","","","","","","","","","","","","","","","","","","","","","","","","","","","","","","","","","","","","","","","","","","","","","","","","","","","","","","","","","","","","","","","","","","","",""
"06163007","TENDE_SAPC",44.043167,7.586,636,2000063021,0.,1,"","","","","","","","","","","","","","","","","","","","","","","","","","","","","","","","","","",16.1,1,12.5,1,16.1,1,"","",17.4,1,"","","","","","","","","","","","","","","","","","","","",79,1,"","","","","","","","","","","","",14.4,1,"","","","","","","","","","","","","","","","","","","","","","","","","","","","","","","","","","","","","","","","","","","","","","","","","","","","","","","","","","","","","","","","","","","","","","","","","","","","","","","","","","","","","","","","","","","","","","","","","","","","","","","","","","","","","","","","","","","",""
"06163007","TENDE_SAPC",44.043167,7.586,636,2000063022,0.,1,"","","","","","","","","","","","","","","","","","","","","","","","","","","","","","","","","","",15.2,1,12.,1,15.2,1,"","",16.1,1,"","","","","","","","","","","","","","","","","","","","",81,1,"","","","","","","","","","","","",14.,1,"","","","","","","","","","","","","","","","","","","","","","","","","","","","","","","","","","","","","","","","","","","","","","","","","","","","","","","","","","","","","","","","","","","","","","","","","","","","","","","","","","","","","","","","","","","","","","","","","","","","","","","","","","","","","","","","","","","",""
"06163007","TENDE_SAPC",44.043167,7.586,636,2000063023,0.,1,"","","","","","","","","","","","","","","","","","","","","","","","","","","","","","","","","","",14.7,1,11.5,1,14.6,1,"","",15.2,1,"","","","","","","","","","","","","","","","","","","","",81,1,"","","","","","","","","","","","",13.5,1,"","","","","","","","","","","","","","","","","","","","","","","","","","","","","","","","","","","","","","","","","","","","","","","","","","","","","","","","","","","","","","","","","","","","","","","","","","","","","","","","","","","","","","","","","","","","","","","","","","","","","","","","","","","","","","","","","","","",""
"06163007","TENDE_SAPC",44.043167,7.586,636,2000070100,0.,1,"","","","","","","","","","","","","","","","","","","","","","","","","","","","","","","","","","",14.4,1,10.8,1,14.1,1,"","",14.7,1,"","","","","","","","","","","","","","","","","","","","",79,1,"","","","","","","","","","","","",12.9,1,"","","","","","","","","","","","","","","","","","","","","","","","","","","","","","","","","","","","","","","","","","","","","","","","","","","","","","","","","","","","","","","","","","","","","","","","","","","","","","","","","","","","","","","","","","","","","","","","","","","","","","","","","","","","","","","","","","","",""
"06163007","TENDE_SAPC",44.043167,7.586,636,2000070101,0.,1,"","","","","","","","","","","","","","","","","","","","","","","","","","","","","","","","","","",13.6,1,10.6,1,13.5,1,"","",14.4,1,"","","","","","","","","","","","","","","","","","","","",82,1,"","","","","","","","","","","","",12.7,1,"","","","","","","","","","","","","","","","","","","","","","","","","","","","","","","","","","","","","","","","","","","","","","","","","","","","","","","","","","","","","","","","","","","","","","","","","","","","","","","","","","","","","","","","","","","","","","","","","","","","","","","","","","","","","","","","","","","",""
"06163007","TENDE_SAPC",44.043167,7.586,636,2000070102,0.,1,"","","","","","","","","","","","","","","","","","","","","","","","","","","","","","","","","","",13.4,1,10.4,1,13.3,1,"","",13.5,1,"","","","","","","","","","","","","","","","","","","","",82,1,"","","","","","","","","","","","",12.6,1,"","","","","","","","","","","","","","","","","","","","","","","","","","","","","","","","","","","","","","","","","","","","","","","","","","","","","","","","","","","","","","","","","","","","","","","","","","","","","","","","","","","","","","","","","","","","","","","","","","","","","","","","","","","","","","","","","","","",""
"06163007","TENDE_SAPC",44.043167,7.586,636,2000070103,0.,1,"","","","","","","","","","","","","","","","","","","","","","","","","","","","","","","","","","",12.9,1,9.9,1,12.9,1,"","",13.3,1,"","","","","","","","","","","","","","","","","","","","",82,1,"","","","","","","","","","","","",12.2,1,"","","","","","","","","","","","","","","","","","","","","","","","","","","","","","","","","","","","","","","","","","","","","","","","","","","","","","","","","","","","","","","","","","","","","","","","","","","","","","","","","","","","","","","","","","","","","","","","","","","","","","","","","","","","","","","","","","","",""
"06163007","TENDE_SAPC",44.043167,7.586,636,2000070104,0.,1,"","","","","","","","","","","","","","","","","","","","","","","","","","","","","","","","","","",12.5,1,9.7,1,12.4,1,"","",13.,1,"","","","","","","","","","","","","","","","","","","","",83,1,"","","","","","","","","","","","",12.,1,"","","","","","","","","","","","","","","","","","","","","","","","","","","","","","","","","","","","","","","","","","","","","","","","","","","","","","","","","","","","","","","","","","","","","","","","","","","","","","","","","","","","","","","","","","","","","","","","","","","","","","","","","","","","","","","","","","","",""
"06163007","TENDE_SAPC",44.043167,7.586,636,2000070105,0.,1,"","","","","","","","","","","","","","","","","","","","","","","","","","","","","","","","","","",12.6,1,9.6,1,12.4,1,"","",12.6,1,"","","","","","","","","","","","","","","","","","","","",82,1,"","","","","","","","","","","","",11.9,1,"","","","","","","","","","","","","","","","","","","","","","","","","","","","","","","","","","","","","","","","","","","","","","","","","","","","","","","","","","","","","","","","","","","","","","","","","","","","","","","","","","","","","","","","","","","","","","","","","","","","","","","","","","","","","","","","","","","",""
"06163007","TENDE_SAPC",44.043167,7.586,636,2000070106,0.,1,"","","","","","","","","","","","","","","","","","","","","","","","","","","","","","","","","","",13.3,1,10.1,1,12.6,1,"","",13.3,1,"","","","","","","","","","","","","","","","","","","","",81,1,"","","","","","","","","","","","",12.3,1,"","","","","","","","","","","","","","","","","","","","","","","","","","","","","","","","","","","","","","","","","","","","","","","","","","","","","","","","","","","","","","","","","","","","","","","","","","","","","","","","","","","","","","","","","","","","","","","","","","","","","","","","","","","","","","","","","","","",""
"06163007","TENDE_SAPC",44.043167,7.586,636,2000070107,0.,1,"","","","","","","","","","","","","","","","","","","","","","","","","","","","","","","","","","",16.3,1,10.4,1,13.3,1,"","",16.3,1,"","","","","","","","","","","","","","","","","","","","",68,1,"","","","","","","","","","","","",12.6,1,"","","","","","","","","","","","","","","","","","","","","","","","","","","","","","","","","","","","","","","","","","","","","","","","","","","","","","","","","","","","","","","","","","","","","","","","","","","","","","","","","","","","","","","","","","","","","","","","","","","","","","","","","","","","","","","","","","","",""
"06163007","TENDE_SAPC",44.043167,7.586,636,2000070108,0.,1,"","","","","","","","","","","","","","","","","","","","","","","","","","","","","","","","","","",19.7,1,10.4,1,16.4,1,"","",19.7,1,"","","","","","","","","","","","","","","","","","","","",55,1,"","","","","","","","","","","","",12.6,1,"","","","","","","","","","","","","","","","","","","","","","","","","","","","","","","","","","","","","","","","","","","","","","","","","","","","","","","","","","","","","","","","","","","","","","","","","","","","","","","","","","","","","","","","","","","","","","","","","","","","","","","","","","","","","","","","","","","",""
"06163007","TENDE_SAPC",44.043167,7.586,636,2000070109,0.,1,"","","","","","","","","","","","","","","","","","","","","","","","","","","","","","","","","","",21.5,1,10.6,1,19.8,1,"","",21.5,1,"","","","","","","","","","","","","","","","","","","","",50,1,"","","","","","","","","","","","",12.8,1,"","","","","","","","","","","","","","","","","","","","","","","","","","","","","","","","","","","","","","","","","","","","","","","","","","","","","","","","","","","","","","","","","","","","","","","","","","","","","","","","","","","","","","","","","","","","","","","","","","","","","","","","","","","","","","","","","","","",""
"06163007","TENDE_SAPC",44.043167,7.586,636,2000070110,0.,1,"","","","","","","","","","","","","","","","","","","","","","","","","","","","","","","","","","",23.,1,10.8,1,21.5,1,"","",23.1,1,"","","","","","","","","","","","","","","","","","","","",46,1,"","","","","","","","","","","","",12.9,1,"","","","","","","","","","","","","","","","","","","","","","","","","","","","","","","","","","","","","","","","","","","","","","","","","","","","","","","","","","","","","","","","","","","","","","","","","","","","","","","","","","","","","","","","","","","","","","","","","","","","","","","","","","","","","","","","","","","",""
"06163007","TENDE_SAPC",44.043167,7.586,636,2000070111,0.,1,"","","","","","","","","","","","","","","","","","","","","","","","","","","","","","","","","","",22.9,1,12.2,1,22.7,1,"","",23.9,1,"","","","","","","","","","","","","","","","","","","","",51,1,"","","","","","","","","","","","",14.2,1,"","","","","","","","","","","","","","","","","","","","","","","","","","","","","","","","","","","","","","","","","","","","","","","","","","","","","","","","","","","","","","","","","","","","","","","","","","","","","","","","","","","","","","","","","","","","","","","","","","","","","","","","","","","","","","","","","","","",""
"06163007","TENDE_SAPC",44.043167,7.586,636,2000070112,0.,1,"","","","","","","","","","","","","","","","","","","","","","","","","","","","","","","","","","",24.1,1,12.4,1,23.,1,"","",24.3,1,"","","","","","","","","","","","","","","","","","","","",48,1,"","","","","","","","","","","","",14.4,1,"","","","","","","","","","","","","","","","","","","","","","","","","","","","","","","","","","","","","","","","","","","","","","","","","","","","","","","","","","","","","","","","","","","","","","","","","","","","","","","","","","","","","","","","","","","","","","","","","","","","","","","","","","","","","","","","","","","",""
"06163007","TENDE_SAPC",44.043167,7.586,636,2000070113,0.,1,"","","","","","","","","","","","","","","","","","","","","","","","","","","","","","","","","","",22.1,1,13.7,1,22.1,1,"","",24.1,1,"","","","","","","","","","","","","","","","","","","","",59,1,"","","","","","","","","","","","",15.7,1,"","","","","","","","","","","","","","","","","","","","","","","","","","","","","","","","","","","","","","","","","","","","","","","","","","","","","","","","","","","","","","","","","","","","","","","","","","","","","","","","","","","","","","","","","","","","","","","","","","","","","","","","","","","","","","","","","","","",""
"06163007","TENDE_SAPC",44.043167,7.586,636,2000070114,0.,1,"","","","","","","","","","","","","","","","","","","","","","","","","","","","","","","","","","",22.6,1,13.1,1,21.9,1,"","",22.9,1,"","","","","","","","","","","","","","","","","","","","",55,1,"","","","","","","","","","","","",15.,1,"","","","","","","","","","","","","","","","","","","","","","","","","","","","","","","","","","","","","","","","","","","","","","","","","","","","","","","","","","","","","","","","","","","","","","","","","","","","","","","","","","","","","","","","","","","","","","","","","","","","","","","","","","","","","","","","","","","",""
"06163007","TENDE_SAPC",44.043167,7.586,636,2000070115,0.,1,"","","","","","","","","","","","","","","","","","","","","","","","","","","","","","","","","","",21.9,1,13.,1,21.9,1,"","",22.7,1,"","","","","","","","","","","","","","","","","","","","",57,1,"","","","","","","","","","","","",14.9,1,"","","","","","","","","","","","","","","","","","","","","","","","","","","","","","","","","","","","","","","","","","","","","","","","","","","","","","","","","","","","","","","","","","","","","","","","","","","","","","","","","","","","","","","","","","","","","","","","","","","","","","","","","","","","","","","","","","","",""
"06163007","TENDE_SAPC",44.043167,7.586,636,2000070116,0.,1,"","","","","","","","","","","","","","","","","","","","","","","","","","","","","","","","","","",21.4,1,13.6,1,21.4,1,"","",22.2,1,"","","","","","","","","","","","","","","","","","","","",61,1,"","","","","","","","","","","","",15.5,1,"","","","","","","","","","","","","","","","","","","","","","","","","","","","","","","","","","","","","","","","","","","","","","","","","","","","","","","","","","","","","","","","","","","","","","","","","","","","","","","","","","","","","","","","","","","","","","","","","","","","","","","","","","","","","","","","","","","",""
"06163007","TENDE_SAPC",44.043167,7.586,636,2000070117,0.,1,"","","","","","","","","","","","","","","","","","","","","","","","","","","","","","","","","","",20.6,1,14.,1,20.6,1,"","",21.4,1,"","","","","","","","","","","","","","","","","","","","",66,1,"","","","","","","","","","","","",16.,1,"","","","","","","","","","","","","","","","","","","","","","","","","","","","","","","","","","","","","","","","","","","","","","","","","","","","","","","","","","","","","","","","","","","","","","","","","","","","","","","","","","","","","","","","","","","","","","","","","","","","","","","","","","","","","","","","","","","",""
"06163007","TENDE_SAPC",44.043167,7.586,636,2000070118,0.,1,"","","","","","","","","","","","","","","","","","","","","","","","","","","","","","","","","","",20.,1,13.9,1,20.,1,"","",20.6,1,"","","","","","","","","","","","","","","","","","","","",68,1,"","","","","","","","","","","","",15.9,1,"","","","","","","","","","","","","","","","","","","","","","","","","","","","","","","","","","","","","","","","","","","","","","","","","","","","","","","","","","","","","","","","","","","","","","","","","","","","","","","","","","","","","","","","","","","","","","","","","","","","","","","","","","","","","","","","","","","",""
"06163007","TENDE_SAPC",44.043167,7.586,636,2000070119,0.,1,"","","","","","","","","","","","","","","","","","","","","","","","","","","","","","","","","","",19.5,1,13.7,1,19.5,1,"","",20.,1,"","","","","","","","","","","","","","","","","","","","",69,1,"","","","","","","","","","","","",15.6,1,"","","","","","","","","","","","","","","","","","","","","","","","","","","","","","","","","","","","","","","","","","","","","","","","","","","","","","","","","","","","","","","","","","","","","","","","","","","","","","","","","","","","","","","","","","","","","","","","","","","","","","","","","","","","","","","","","","","",""
"06163007","TENDE_SAPC",44.043167,7.586,636,2000070120,0.,1,"","","","","","","","","","","","","","","","","","","","","","","","","","","","","","","","","","",19.3,1,13.9,1,19.3,1,"","",19.5,1,"","","","","","","","","","","","","","","","","","","","",71,1,"","","","","","","","","","","","",15.9,1,"","","","","","","","","","","","","","","","","","","","","","","","","","","","","","","","","","","","","","","","","","","","","","","","","","","","","","","","","","","","","","","","","","","","","","","","","","","","","","","","","","","","","","","","","","","","","","","","","","","","","","","","","","","","","","","","","","","",""
"06163007","TENDE_SAPC",44.043167,7.586,636,2000070121,0.,1,"","","","","","","","","","","","","","","","","","","","","","","","","","","","","","","","","","",19.,1,13.8,1,19.,1,"","",19.3,1,"","","","","","","","","","","","","","","","","","","","",72,1,"","","","","","","","","","","","",15.8,1,"","","","","","","","","","","","","","","","","","","","","","","","","","","","","","","","","","","","","","","","","","","","","","","","","","","","","","","","","","","","","","","","","","","","","","","","","","","","","","","","","","","","","","","","","","","","","","","","","","","","","","","","","","","","","","","","","","","",""
"06163007","TENDE_SAPC",44.043167,7.586,636,2000070122,0.,1,"","","","","","","","","","","","","","","","","","","","","","","","","","","","","","","","","","",18.1,1,13.8,1,18.1,1,"","",19.,1,"","","","","","","","","","","","","","","","","","","","",76,1,"","","","","","","","","","","","",15.7,1,"","","","","","","","","","","","","","","","","","","","","","","","","","","","","","","","","","","","","","","","","","","","","","","","","","","","","","","","","","","","","","","","","","","","","","","","","","","","","","","","","","","","","","","","","","","","","","","","","","","","","","","","","","","","","","","","","","","",""
"06163007","TENDE_SAPC",44.043167,7.586,636,2000070123,0.,1,"","","","","","","","","","","","","","","","","","","","","","","","","","","","","","","","","","",17.,1,13.7,1,16.9,1,"","",18.,1,"","","","","","","","","","","","","","","","","","","","",81,1,"","","","","","","","","","","","",15.7,1,"","","","","","","","","","","","","","","","","","","","","","","","","","","","","","","","","","","","","","","","","","","","","","","","","","","","","","","","","","","","","","","","","","","","","","","","","","","","","","","","","","","","","","","","","","","","","","","","","","","","","","","","","","","","","","","","","","","",""
"06163007","TENDE_SAPC",44.043167,7.586,636,2000070200,0.,1,"","","","","","","","","","","","","","","","","","","","","","","","","","","","","","","","","","",16.7,1,13.4,1,16.7,1,"","",17.,1,"","","","","","","","","","","","","","","","","","","","",81,1,"","","","","","","","","","","","",15.4,1,"","","","","","","","","","","","","","","","","","","","","","","","","","","","","","","","","","","","","","","","","","","","","","","","","","","","","","","","","","","","","","","","","","","","","","","","","","","","","","","","","","","","","","","","","","","","","","","","","","","","","","","","","","","","","","","","","","","",""
"06163007","TENDE_SAPC",44.043167,7.586,636,2000070201,0.,1,"","","","","","","","","","","","","","","","","","","","","","","","","","","","","","","","","","",15.9,1,13.,1,15.9,1,"","",16.7,1,"","","","","","","","","","","","","","","","","","","","",83,1,"","","","","","","","","","","","",15.,1,"","","","","","","","","","","","","","","","","","","","","","","","","","","","","","","","","","","","","","","","","","","","","","","","","","","","","","","","","","","","","","","","","","","","","","","","","","","","","","","","","","","","","","","","","","","","","","","","","","","","","","","","","","","","","","","","","","","",""
"06163007","TENDE_SAPC",44.043167,7.586,636,2000070202,0.,1,"","","","","","","","","","","","","","","","","","","","","","","","","","","","","","","","","","",15.6,1,12.7,1,15.3,1,"","",15.9,1,"","","","","","","","","","","","","","","","","","","","",83,1,"","","","","","","","","","","","",14.7,1,"","","","","","","","","","","","","","","","","","","","","","","","","","","","","","","","","","","","","","","","","","","","","","","","","","","","","","","","","","","","","","","","","","","","","","","","","","","","","","","","","","","","","","","","","","","","","","","","","","","","","","","","","","","","","","","","","","","",""
"06163007","TENDE_SAPC",44.043167,7.586,636,2000070203,0.,1,"","","","","","","","","","","","","","","","","","","","","","","","","","","","","","","","","","",15.2,1,12.1,1,15.2,1,"","",15.6,1,"","","","","","","","","","","","","","","","","","","","",82,1,"","","","","","","","","","","","",14.1,1,"","","","","","","","","","","","","","","","","","","","","","","","","","","","","","","","","","","","","","","","","","","","","","","","","","","","","","","","","","","","","","","","","","","","","","","","","","","","","","","","","","","","","","","","","","","","","","","","","","","","","","","","","","","","","","","","","","","",""
"06163007","TENDE_SAPC",44.043167,7.586,636,2000070204,0.,1,"","","","","","","","","","","","","","","","","","","","","","","","","","","","","","","","","","",15.,1,11.9,1,14.8,1,"","",15.1,1,"","","","","","","","","","","","","","","","","","","","",82,1,"","","","","","","","","","","","",14.,1,"","","","","","","","","","","","","","","","","","","","","","","","","","","","","","","","","","","","","","","","","","","","","","","","","","","","","","","","","","","","","","","","","","","","","","","","","","","","","","","","","","","","","","","","","","","","","","","","","","","","","","","","","","","","","","","","","","","",""
"06163007","TENDE_SAPC",44.043167,7.586,636,2000070205,0.,1,"","","","","","","","","","","","","","","","","","","","","","","","","","","","","","","","","","",15.2,1,11.4,1,15.,1,"","",15.3,1,"","","","","","","","","","","","","","","","","","","","",78,1,"","","","","","","","","","","","",13.4,1,"","","","","","","","","","","","","","","","","","","","","","","","","","","","","","","","","","","","","","","","","","","","","","","","","","","","","","","","","","","","","","","","","","","","","","","","","","","","","","","","","","","","","","","","","","","","","","","","","","","","","","","","","","","","","","","","","","","",""
"06163007","TENDE_SAPC",44.043167,7.586,636,2000070206,0.,1,"","","","","","","","","","","","","","","","","","","","","","","","","","","","","","","","","","",15.7,1,11.7,1,15.2,1,"","",15.7,1,"","","","","","","","","","","","","","","","","","","","",77,1,"","","","","","","","","","","","",13.7,1,"","","","","","","","","","","","","","","","","","","","","","","","","","","","","","","","","","","","","","","","","","","","","","","","","","","","","","","","","","","","","","","","","","","","","","","","","","","","","","","","","","","","","","","","","","","","","","","","","","","","","","","","","","","","","","","","","","","",""
"06163007","TENDE_SAPC",44.043167,7.586,636,2000070207,0.,1,"","","","","","","","","","","","","","","","","","","","","","","","","","","","","","","","","","",18.,1,11.5,1,15.7,1,"","",18.,1,"","","","","","","","","","","","","","","","","","","","",66,1,"","","","","","","","","","","","",13.6,1,"","","","","","","","","","","","","","","","","","","","","","","","","","","","","","","","","","","","","","","","","","","","","","","","","","","","","","","","","","","","","","","","","","","","","","","","","","","","","","","","","","","","","","","","","","","","","","","","","","","","","","","","","","","","","","","","","","","",""
"06163007","TENDE_SAPC",44.043167,7.586,636,2000070208,0.,1,"","","","","","","","","","","","","","","","","","","","","","","","","","","","","","","","","","",21.2,1,10.7,1,18.,1,"","",21.5,1,"","","","","","","","","","","","","","","","","","","","",51,1,"","","","","","","","","","","","",12.8,1,"","","","","","","","","","","","","","","","","","","","","","","","","","","","","","","","","","","","","","","","","","","","","","","","","","","","","","","","","","","","","","","","","","","","","","","","","","","","","","","","","","","","","","","","","","","","","","","","","","","","","","","","","","","","","","","","","","","",""
"06163007","TENDE_SAPC",44.043167,7.586,636,2000070209,0.,1,"","","","","","","","","","","","","","","","","","","","","","","","","","","","","","","","","","",24.9,1,8.4,1,21.3,1,"","",24.9,1,"","","","","","","","","","","","","","","","","","","","",35,1,"","","","","","","","","","","","",11.,1,"","","","","","","","","","","","","","","","","","","","","","","","","","","","","","","","","","","","","","","","","","","","","","","","","","","","","","","","","","","","","","","","","","","","","","","","","","","","","","","","","","","","","","","","","","","","","","","","","","","","","","","","","","","","","","","","","","","",""
"06163007","TENDE_SAPC",44.043167,7.586,636,2000070210,0.,1,"","","","","","","","","","","","","","","","","","","","","","","","","","","","","","","","","","",26.1,1,8.1,1,25.,1,"","",26.1,1,"","","","","","","","","","","","","","","","","","","","",32,1,"","","","","","","","","","","","",10.8,1,"","","","","","","","","","","","","","","","","","","","","","","","","","","","","","","","","","","","","","","","","","","","","","","","","","","","","","","","","","","","","","","","","","","","","","","","","","","","","","","","","","","","","","","","","","","","","","","","","","","","","","","","","","","","","","","","","","","",""
"06163007","TENDE_SAPC",44.043167,7.586,636,2000070211,0.,1,"","","","","","","","","","","","","","","","","","","","","","","","","","","","","","","","","","",27.7,1,9.5,1,26.1,1,"","",27.7,1,"","","","","","","","","","","","","","","","","","","","",32,1,"","","","","","","","","","","","",11.9,1,"","","","","","","","","","","","","","","","","","","","","","","","","","","","","","","","","","","","","","","","","","","","","","","","","","","","","","","","","","","","","","","","","","","","","","","","","","","","","","","","","","","","","","","","","","","","","","","","","","","","","","","","","","","","","","","","","","","",""
"06163007","TENDE_SAPC",44.043167,7.586,636,2000070212,0.,1,"","","","","","","","","","","","","","","","","","","","","","","","","","","","","","","","","","",28.2,1,9.5,1,27.6,1,"","",28.3,1,"","","","","","","","","","","","","","","","","","","","",31,1,"","","","","","","","","","","","",11.8,1,"","","","","","","","","","","","","","","","","","","","","","","","","","","","","","","","","","","","","","","","","","","","","","","","","","","","","","","","","","","","","","","","","","","","","","","","","","","","","","","","","","","","","","","","","","","","","","","","","","","","","","","","","","","","","","","","","","","",""
"06163007","TENDE_SAPC",44.043167,7.586,636,2000070213,0.,1,"","","","","","","","","","","","","","","","","","","","","","","","","","","","","","","","","","",28.9,1,10.1,1,28.2,1,"","",28.9,1,"","","","","","","","","","","","","","","","","","","","",31,1,"","","","","","","","","","","","",12.3,1,"","","","","","","","","","","","","","","","","","","","","","","","","","","","","","","","","","","","","","","","","","","","","","","","","","","","","","","","","","","","","","","","","","","","","","","","","","","","","","","","","","","","","","","","","","","","","","","","","","","","","","","","","","","","","","","","","","","",""
"06163007","TENDE_SAPC",44.043167,7.586,636,2000070214,0.,1,"","","","","","","","","","","","","","","","","","","","","","","","","","","","","","","","","","",27.8,1,10.9,1,27.8,1,"","",29.,1,"","","","","","","","","","","","","","","","","","","","",35,1,"","","","","","","","","","","","",13.,1,"","","","","","","","","","","","","","","","","","","","","","","","","","","","","","","","","","","","","","","","","","","","","","","","","","","","","","","","","","","","","","","","","","","","","","","","","","","","","","","","","","","","","","","","","","","","","","","","","","","","","","","","","","","","","","","","","","","",""
"06163007","TENDE_SAPC",44.043167,7.586,636,2000070215,0.,1,"","","","","","","","","","","","","","","","","","","","","","","","","","","","","","","","","","",27.4,1,11.4,1,26.8,1,"","",27.7,1,"","","","","","","","","","","","","","","","","","","","",37,1,"","","","","","","","","","","","",13.5,1,"","","","","","","","","","","","","","","","","","","","","","","","","","","","","","","","","","","","","","","","","","","","","","","","","","","","","","","","","","","","","","","","","","","","","","","","","","","","","","","","","","","","","","","","","","","","","","","","","","","","","","","","","","","","","","","","","","","",""
"06163007","TENDE_SAPC",44.043167,7.586,636,2000070216,0.,1,"","","","","","","","","","","","","","","","","","","","","","","","","","","","","","","","","","",26.7,1,11.6,1,26.6,1,"","",27.3,1,"","","","","","","","","","","","","","","","","","","","",39,1,"","","","","","","","","","","","",13.6,1,"","","","","","","","","","","","","","","","","","","","","","","","","","","","","","","","","","","","","","","","","","","","","","","","","","","","","","","","","","","","","","","","","","","","","","","","","","","","","","","","","","","","","","","","","","","","","","","","","","","","","","","","","","","","","","","","","","","",""
"06163007","TENDE_SAPC",44.043167,7.586,636,2000070217,0.,1,"","","","","","","","","","","","","","","","","","","","","","","","","","","","","","","","","","",25.8,1,13.3,1,25.8,1,"","",26.8,1,"","","","","","","","","","","","","","","","","","","","",46,1,"","","","","","","","","","","","",15.2,1,"","","","","","","","","","","","","","","","","","","","","","","","","","","","","","","","","","","","","","","","","","","","","","","","","","","","","","","","","","","","","","","","","","","","","","","","","","","","","","","","","","","","","","","","","","","","","","","","","","","","","","","","","","","","","","","","","","","",""
"06163007","TENDE_SAPC",44.043167,7.586,636,2000070218,0.,1,"","","","","","","","","","","","","","","","","","","","","","","","","","","","","","","","","","",22.8,1,13.,1,22.8,1,"","",25.8,1,"","","","","","","","","","","","","","","","","","","","",54,1,"","","","","","","","","","","","",15.,1,"","","","","","","","","","","","","","","","","","","","","","","","","","","","","","","","","","","","","","","","","","","","","","","","","","","","","","","","","","","","","","","","","","","","","","","","","","","","","","","","","","","","","","","","","","","","","","","","","","","","","","","","","","","","","","","","","","","",""
"06163007","TENDE_SAPC",44.043167,7.586,636,2000070219,0.,1,"","","","","","","","","","","","","","","","","","","","","","","","","","","","","","","","","","",20.6,1,13.1,1,20.6,1,"","",22.8,1,"","","","","","","","","","","","","","","","","","","","",62,1,"","","","","","","","","","","","",15.,1,"","","","","","","","","","","","","","","","","","","","","","","","","","","","","","","","","","","","","","","","","","","","","","","","","","","","","","","","","","","","","","","","","","","","","","","","","","","","","","","","","","","","","","","","","","","","","","","","","","","","","","","","","","","","","","","","","","","",""
"06163007","TENDE_SAPC",44.043167,7.586,636,2000070220,0.,1,"","","","","","","","","","","","","","","","","","","","","","","","","","","","","","","","","","",18.6,1,11.9,1,18.6,1,"","",20.6,1,"","","","","","","","","","","","","","","","","","","","",65,1,"","","","","","","","","","","","",13.9,1,"","","","","","","","","","","","","","","","","","","","","","","","","","","","","","","","","","","","","","","","","","","","","","","","","","","","","","","","","","","","","","","","","","","","","","","","","","","","","","","","","","","","","","","","","","","","","","","","","","","","","","","","","","","","","","","","","","","",""
"06163007","TENDE_SAPC",44.043167,7.586,636,2000070221,0.,1,"","","","","","","","","","","","","","","","","","","","","","","","","","","","","","","","","","",19.,1,10.,1,17.9,1,"","",19.2,1,"","","","","","","","","","","","","","","","","","","","",56,1,"","","","","","","","","","","","",12.3,1,"","","","","","","","","","","","","","","","","","","","","","","","","","","","","","","","","","","","","","","","","","","","","","","","","","","","","","","","","","","","","","","","","","","","","","","","","","","","","","","","","","","","","","","","","","","","","","","","","","","","","","","","","","","","","","","","","","","",""
"06163007","TENDE_SAPC",44.043167,7.586,636,2000070222,0.,1,"","","","","","","","","","","","","","","","","","","","","","","","","","","","","","","","","","",17.4,1,9.3,1,17.3,1,"","",19.,1,"","","","","","","","","","","","","","","","","","","","",59,1,"","","","","","","","","","","","",11.7,1,"","","","","","","","","","","","","","","","","","","","","","","","","","","","","","","","","","","","","","","","","","","","","","","","","","","","","","","","","","","","","","","","","","","","","","","","","","","","","","","","","","","","","","","","","","","","","","","","","","","","","","","","","","","","","","","","","","","",""
"06163007","TENDE_SAPC",44.043167,7.586,636,2000070223,0.,1,"","","","","","","","","","","","","","","","","","","","","","","","","","","","","","","","","","",17.1,1,8.8,1,17.1,1,"","",17.6,1,"","","","","","","","","","","","","","","","","","","","",58,1,"","","","","","","","","","","","",11.3,1,"","","","","","","","","","","","","","","","","","","","","","","","","","","","","","","","","","","","","","","","","","","","","","","","","","","","","","","","","","","","","","","","","","","","","","","","","","","","","","","","","","","","","","","","","","","","","","","","","","","","","","","","","","","","","","","","","","","",""
"06163007","TENDE_SAPC",44.043167,7.586,636,2000070300,0.,1,"","","","","","","","","","","","","","","","","","","","","","","","","","","","","","","","","","",16.,1,7.5,1,16.,1,"","",17.1,1,"","","","","","","","","","","","","","","","","","","","",57,1,"","","","","","","","","","","","",10.3,1,"","","","","","","","","","","","","","","","","","","","","","","","","","","","","","","","","","","","","","","","","","","","","","","","","","","","","","","","","","","","","","","","","","","","","","","","","","","","","","","","","","","","","","","","","","","","","","","","","","","","","","","","","","","","","","","","","","","",""
"06163007","TENDE_SAPC",44.043167,7.586,636,2000070301,0.,1,"","","","","","","","","","","","","","","","","","","","","","","","","","","","","","","","","","",16.3,1,6.7,1,15.9,1,"","",16.3,1,"","","","","","","","","","","","","","","","","","","","",53,1,"","","","","","","","","","","","",9.8,1,"","","","","","","","","","","","","","","","","","","","","","","","","","","","","","","","","","","","","","","","","","","","","","","","","","","","","","","","","","","","","","","","","","","","","","","","","","","","","","","","","","","","","","","","","","","","","","","","","","","","","","","","","","","","","","","","","","","",""
"06163007","TENDE_SAPC",44.043167,7.586,636,2000070302,0.,1,"","","","","","","","","","","","","","","","","","","","","","","","","","","","","","","","","","",15.1,1,7.1,1,15.1,1,"","",16.2,1,"","","","","","","","","","","","","","","","","","","","",59,1,"","","","","","","","","","","","",10.1,1,"","","","","","","","","","","","","","","","","","","","","","","","","","","","","","","","","","","","","","","","","","","","","","","","","","","","","","","","","","","","","","","","","","","","","","","","","","","","","","","","","","","","","","","","","","","","","","","","","","","","","","","","","","","","","","","","","","","",""
"06163007","TENDE_SAPC",44.043167,7.586,636,2000070303,0.,1,"","","","","","","","","","","","","","","","","","","","","","","","","","","","","","","","","","",14.9,1,7.2,1,14.9,1,"","",15.3,1,"","","","","","","","","","","","","","","","","","","","",60,1,"","","","","","","","","","","","",10.1,1,"","","","","","","","","","","","","","","","","","","","","","","","","","","","","","","","","","","","","","","","","","","","","","","","","","","","","","","","","","","","","","","","","","","","","","","","","","","","","","","","","","","","","","","","","","","","","","","","","","","","","","","","","","","","","","","","","","","",""
"06163007","TENDE_SAPC",44.043167,7.586,636,2000070304,0.,1,"","","","","","","","","","","","","","","","","","","","","","","","","","","","","","","","","","",14.6,1,7.6,1,14.6,1,"","",15.,1,"","","","","","","","","","","","","","","","","","","","",63,1,"","","","","","","","","","","","",10.4,1,"","","","","","","","","","","","","","","","","","","","","","","","","","","","","","","","","","","","","","","","","","","","","","","","","","","","","","","","","","","","","","","","","","","","","","","","","","","","","","","","","","","","","","","","","","","","","","","","","","","","","","","","","","","","","","","","","","","",""
"06163007","TENDE_SAPC",44.043167,7.586,636,2000070305,0.,1,"","","","","","","","","","","","","","","","","","","","","","","","","","","","","","","","","","",15.4,1,7.9,1,14.6,1,"","",15.4,1,"","","","","","","","","","","","","","","","","","","","",61,1,"","","","","","","","","","","","",10.7,1,"","","","","","","","","","","","","","","","","","","","","","","","","","","","","","","","","","","","","","","","","","","","","","","","","","","","","","","","","","","","","","","","","","","","","","","","","","","","","","","","","","","","","","","","","","","","","","","","","","","","","","","","","","","","","","","","","","","",""
"06163007","TENDE_SAPC",44.043167,7.586,636,2000070306,0.,1,"","","","","","","","","","","","","","","","","","","","","","","","","","","","","","","","","","",16.3,1,9.5,1,15.5,1,"","",17.,1,"","","","","","","","","","","","","","","","","","","","",64,1,"","","","","","","","","","","","",11.8,1,"","","","","","","","","","","","","","","","","","","","","","","","","","","","","","","","","","","","","","","","","","","","","","","","","","","","","","","","","","","","","","","","","","","","","","","","","","","","","","","","","","","","","","","","","","","","","","","","","","","","","","","","","","","","","","","","","","","",""
"06163007","TENDE_SAPC",44.043167,7.586,636,2000070307,0.,1,"","","","","","","","","","","","","","","","","","","","","","","","","","","","","","","","","","",18.9,1,10.2,1,16.2,1,"","",18.9,1,"","","","","","","","","","","","","","","","","","","","",57,1,"","","","","","","","","","","","",12.4,1,"","","","","","","","","","","","","","","","","","","","","","","","","","","","","","","","","","","","","","","","","","","","","","","","","","","","","","","","","","","","","","","","","","","","","","","","","","","","","","","","","","","","","","","","","","","","","","","","","","","","","","","","","","","","","","","","","","","",""
"06163007","TENDE_SAPC",44.043167,7.586,636,2000070308,0.,1,"","","","","","","","","","","","","","","","","","","","","","","","","","","","","","","","","","",22.9,1,8.9,1,19.,1,"","",22.9,1,"","","","","","","","","","","","","","","","","","","","",41,1,"","","","","","","","","","","","",11.4,1,"","","","","","","","","","","","","","","","","","","","","","","","","","","","","","","","","","","","","","","","","","","","","","","","","","","","","","","","","","","","","","","","","","","","","","","","","","","","","","","","","","","","","","","","","","","","","","","","","","","","","","","","","","","","","","","","","","","",""
"06163007","TENDE_SAPC",44.043167,7.586,636,2000070309,0.,1,"","","","","","","","","","","","","","","","","","","","","","","","","","","","","","","","","","",24.8,1,9.5,1,23.1,1,"","",25.4,1,"","","","","","","","","","","","","","","","","","","","",38,1,"","","","","","","","","","","","",11.9,1,"","","","","","","","","","","","","","","","","","","","","","","","","","","","","","","","","","","","","","","","","","","","","","","","","","","","","","","","","","","","","","","","","","","","","","","","","","","","","","","","","","","","","","","","","","","","","","","","","","","","","","","","","","","","","","","","","","","",""
"06163007","TENDE_SAPC",44.043167,7.586,636,2000070310,0.,1,"","","","","","","","","","","","","","","","","","","","","","","","","","","","","","","","","","",25.7,1,10.7,1,24.5,1,"","",25.7,1,"","","","","","","","","","","","","","","","","","","","",39,1,"","","","","","","","","","","","",12.8,1,"","","","","","","","","","","","","","","","","","","","","","","","","","","","","","","","","","","","","","","","","","","","","","","","","","","","","","","","","","","","","","","","","","","","","","","","","","","","","","","","","","","","","","","","","","","","","","","","","","","","","","","","","","","","","","","","","","","",""
"06163007","TENDE_SAPC",44.043167,7.586,636,2000070311,0.,1,"","","","","","","","","","","","","","","","","","","","","","","","","","","","","","","","","","",25.5,1,12.,1,25.5,1,"","",27.1,1,"","","","","","","","","","","","","","","","","","","","",43,1,"","","","","","","","","","","","",14.,1,"","","","","","","","","","","","","","","","","","","","","","","","","","","","","","","","","","","","","","","","","","","","","","","","","","","","","","","","","","","","","","","","","","","","","","","","","","","","","","","","","","","","","","","","","","","","","","","","","","","","","","","","","","","","","","","","","","","",""
"06163007","TENDE_SAPC",44.043167,7.586,636,2000070312,0.,1,"","","","","","","","","","","","","","","","","","","","","","","","","","","","","","","","","","",27.5,1,11.9,1,25.5,1,"","",27.5,1,"","","","","","","","","","","","","","","","","","","","",38,1,"","","","","","","","","","","","",13.9,1,"","","","","","","","","","","","","","","","","","","","","","","","","","","","","","","","","","","","","","","","","","","","","","","","","","","","","","","","","","","","","","","","","","","","","","","","","","","","","","","","","","","","","","","","","","","","","","","","","","","","","","","","","","","","","","","","","","","",""
"06163007","TENDE_SAPC",44.043167,7.586,636,2000070313,0.,1,"","","","","","","","","","","","","","","","","","","","","","","","","","","","","","","","","","",27.6,1,12.,1,26.8,1,"","",28.1,1,"","","","","","","","","","","","","","","","","","","","",38,1,"","","","","","","","","","","","",14.,1,"","","","","","","","","","","","","","","","","","","","","","","","","","","","","","","","","","","","","","","","","","","","","","","","","","","","","","","","","","","","","","","","","","","","","","","","","","","","","","","","","","","","","","","","","","","","","","","","","","","","","","","","","","","","","","","","","","","",""
"06163007","TENDE_SAPC",44.043167,7.586,636,2000070314,0.,1,"","","","","","","","","","","","","","","","","","","","","","","","","","","","","","","","","","",26.2,1,15.6,1,26.2,1,"","",27.6,1,"","","","","","","","","","","","","","","","","","","","",52,1,"","","","","","","","","","","","",17.6,1,"","","","","","","","","","","","","","","","","","","","","","","","","","","","","","","","","","","","","","","","","","","","","","","","","","","","","","","","","","","","","","","","","","","","","","","","","","","","","","","","","","","","","","","","","","","","","","","","","","","","","","","","","","","","","","","","","","","",""
"06163007","TENDE_SAPC",44.043167,7.586,636,2000070315,0.,1,"","","","","","","","","","","","","","","","","","","","","","","","","","","","","","","","","","",25.3,1,14.4,1,24.7,1,"","",26.2,1,"","","","","","","","","","","","","","","","","","","","",51,1,"","","","","","","","","","","","",16.4,1,"","","","","","","","","","","","","","","","","","","","","","","","","","","","","","","","","","","","","","","","","","","","","","","","","","","","","","","","","","","","","","","","","","","","","","","","","","","","","","","","","","","","","","","","","","","","","","","","","","","","","","","","","","","","","","","","","","","",""
"06163007","TENDE_SAPC",44.043167,7.586,636,2000070316,0.,1,"","","","","","","","","","","","","","","","","","","","","","","","","","","","","","","","","","",25.3,1,14.7,1,25.2,1,"","",25.9,1,"","","","","","","","","","","","","","","","","","","","",52,1,"","","","","","","","","","","","",16.7,1,"","","","","","","","","","","","","","","","","","","","","","","","","","","","","","","","","","","","","","","","","","","","","","","","","","","","","","","","","","","","","","","","","","","","","","","","","","","","","","","","","","","","","","","","","","","","","","","","","","","","","","","","","","","","","","","","","","","",""
"06163007","TENDE_SAPC",44.043167,7.586,636,2000070317,0.,1,"","","","","","","","","","","","","","","","","","","","","","","","","","","","","","","","","","",24.4,1,15.1,1,24.4,1,"","",25.3,1,"","","","","","","","","","","","","","","","","","","","",56,1,"","","","","","","","","","","","",17.1,1,"","","","","","","","","","","","","","","","","","","","","","","","","","","","","","","","","","","","","","","","","","","","","","","","","","","","","","","","","","","","","","","","","","","","","","","","","","","","","","","","","","","","","","","","","","","","","","","","","","","","","","","","","","","","","","","","","","","",""
"06163007","TENDE_SAPC",44.043167,7.586,636,2000070318,0.,1,"","","","","","","","","","","","","","","","","","","","","","","","","","","","","","","","","","",22.9,1,16.,1,22.9,1,"","",24.4,1,"","","","","","","","","","","","","","","","","","","","",65,1,"","","","","","","","","","","","",18.1,1,"","","","","","","","","","","","","","","","","","","","","","","","","","","","","","","","","","","","","","","","","","","","","","","","","","","","","","","","","","","","","","","","","","","","","","","","","","","","","","","","","","","","","","","","","","","","","","","","","","","","","","","","","","","","","","","","","","","",""
"06163007","TENDE_SAPC",44.043167,7.586,636,2000070319,0.,1,"","","","","","","","","","","","","","","","","","","","","","","","","","","","","","","","","","",21.7,1,15.3,1,21.7,1,"","",22.8,1,"","","","","","","","","","","","","","","","","","","","",67,1,"","","","","","","","","","","","",17.4,1,"","","","","","","","","","","","","","","","","","","","","","","","","","","","","","","","","","","","","","","","","","","","","","","","","","","","","","","","","","","","","","","","","","","","","","","","","","","","","","","","","","","","","","","","","","","","","","","","","","","","","","","","","","","","","","","","","","","",""
"06163007","TENDE_SAPC",44.043167,7.586,636,2000070320,0.,1,"","","","","","","","","","","","","","","","","","","","","","","","","","","","","","","","","","",20.3,1,14.9,1,20.3,1,"","",21.7,1,"","","","","","","","","","","","","","","","","","","","",71,1,"","","","","","","","","","","","",16.9,1,"","","","","","","","","","","","","","","","","","","","","","","","","","","","","","","","","","","","","","","","","","","","","","","","","","","","","","","","","","","","","","","","","","","","","","","","","","","","","","","","","","","","","","","","","","","","","","","","","","","","","","","","","","","","","","","","","","","",""
"06163007","TENDE_SAPC",44.043167,7.586,636,2000070321,0.,1,"","","","","","","","","","","","","","","","","","","","","","","","","","","","","","","","","","",19.6,1,14.6,1,19.6,1,"","",20.4,1,"","","","","","","","","","","","","","","","","","","","",73,1,"","","","","","","","","","","","",16.6,1,"","","","","","","","","","","","","","","","","","","","","","","","","","","","","","","","","","","","","","","","","","","","","","","","","","","","","","","","","","","","","","","","","","","","","","","","","","","","","","","","","","","","","","","","","","","","","","","","","","","","","","","","","","","","","","","","","","","",""
"06163007","TENDE_SAPC",44.043167,7.586,636,2000070322,0.,1,"","","","","","","","","","","","","","","","","","","","","","","","","","","","","","","","","","",18.6,1,14.3,1,18.6,1,"","",19.7,1,"","","","","","","","","","","","","","","","","","","","",76,1,"","","","","","","","","","","","",16.2,1,"","","","","","","","","","","","","","","","","","","","","","","","","","","","","","","","","","","","","","","","","","","","","","","","","","","","","","","","","","","","","","","","","","","","","","","","","","","","","","","","","","","","","","","","","","","","","","","","","","","","","","","","","","","","","","","","","","","",""
"06163007","TENDE_SAPC",44.043167,7.586,636,2000070323,0.,1,"","","","","","","","","","","","","","","","","","","","","","","","","","","","","","","","","","",18.4,1,13.7,1,18.3,1,"","",18.6,1,"","","","","","","","","","","","","","","","","","","","",74,1,"","","","","","","","","","","","",15.6,1,"","","","","","","","","","","","","","","","","","","","","","","","","","","","","","","","","","","","","","","","","","","","","","","","","","","","","","","","","","","","","","","","","","","","","","","","","","","","","","","","","","","","","","","","","","","","","","","","","","","","","","","","","","","","","","","","","","","",""
"06163007","TENDE_SAPC",44.043167,7.586,636,2000070400,0.,1,"","","","","","","","","","","","","","","","","","","","","","","","","","","","","","","","","","",17.8,1,13.5,1,17.8,1,"","",18.5,1,"","","","","","","","","","","","","","","","","","","","",76,1,"","","","","","","","","","","","",15.5,1,"","","","","","","","","","","","","","","","","","","","","","","","","","","","","","","","","","","","","","","","","","","","","","","","","","","","","","","","","","","","","","","","","","","","","","","","","","","","","","","","","","","","","","","","","","","","","","","","","","","","","","","","","","","","","","","","","","","",""
"06163007","TENDE_SAPC",44.043167,7.586,636,2000070401,0.,1,"","","","","","","","","","","","","","","","","","","","","","","","","","","","","","","","","","",16.7,1,13.,1,16.7,1,"","",17.7,1,"","","","","","","","","","","","","","","","","","","","",79,1,"","","","","","","","","","","","",15.,1,"","","","","","","","","","","","","","","","","","","","","","","","","","","","","","","","","","","","","","","","","","","","","","","","","","","","","","","","","","","","","","","","","","","","","","","","","","","","","","","","","","","","","","","","","","","","","","","","","","","","","","","","","","","","","","","","","","","",""
"06163007","TENDE_SAPC",44.043167,7.586,636,2000070402,0.,1,"","","","","","","","","","","","","","","","","","","","","","","","","","","","","","","","","","",16.,1,12.4,1,15.9,1,"","",16.7,1,"","","","","","","","","","","","","","","","","","","","",79,1,"","","","","","","","","","","","",14.3,1,"","","","","","","","","","","","","","","","","","","","","","","","","","","","","","","","","","","","","","","","","","","","","","","","","","","","","","","","","","","","","","","","","","","","","","","","","","","","","","","","","","","","","","","","","","","","","","","","","","","","","","","","","","","","","","","","","","","",""
"06163007","TENDE_SAPC",44.043167,7.586,636,2000070403,0.,1,"","","","","","","","","","","","","","","","","","","","","","","","","","","","","","","","","","",15.8,1,12.,1,15.7,1,"","",16.,1,"","","","","","","","","","","","","","","","","","","","",78,1,"","","","","","","","","","","","",14.,1,"","","","","","","","","","","","","","","","","","","","","","","","","","","","","","","","","","","","","","","","","","","","","","","","","","","","","","","","","","","","","","","","","","","","","","","","","","","","","","","","","","","","","","","","","","","","","","","","","","","","","","","","","","","","","","","","","","","",""
"06163007","TENDE_SAPC",44.043167,7.586,636,2000070404,0.,1,"","","","","","","","","","","","","","","","","","","","","","","","","","","","","","","","","","",15.9,1,11.9,1,15.7,1,"","",15.9,1,"","","","","","","","","","","","","","","","","","","","",77,1,"","","","","","","","","","","","",13.9,1,"","","","","","","","","","","","","","","","","","","","","","","","","","","","","","","","","","","","","","","","","","","","","","","","","","","","","","","","","","","","","","","","","","","","","","","","","","","","","","","","","","","","","","","","","","","","","","","","","","","","","","","","","","","","","","","","","","","",""
"06163007","TENDE_SAPC",44.043167,7.586,636,2000070405,0.,1,"","","","","","","","","","","","","","","","","","","","","","","","","","","","","","","","","","",16.5,1,11.8,1,15.8,1,"","",16.5,1,"","","","","","","","","","","","","","","","","","","","",74,1,"","","","","","","","","","","","",13.9,1,"","","","","","","","","","","","","","","","","","","","","","","","","","","","","","","","","","","","","","","","","","","","","","","","","","","","","","","","","","","","","","","","","","","","","","","","","","","","","","","","","","","","","","","","","","","","","","","","","","","","","","","","","","","","","","","","","","","",""
"06163007","TENDE_SAPC",44.043167,7.586,636,2000070406,0.,1,"","","","","","","","","","","","","","","","","","","","","","","","","","","","","","","","","","",17.3,1,11.6,1,16.5,1,"","",17.3,1,"","","","","","","","","","","","","","","","","","","","",69,1,"","","","","","","","","","","","",13.6,1,"","","","","","","","","","","","","","","","","","","","","","","","","","","","","","","","","","","","","","","","","","","","","","","","","","","","","","","","","","","","","","","","","","","","","","","","","","","","","","","","","","","","","","","","","","","","","","","","","","","","","","","","","","","","","","","","","","","",""
"06163007","TENDE_SAPC",44.043167,7.586,636,2000070407,0.,1,"","","","","","","","","","","","","","","","","","","","","","","","","","","","","","","","","","",19.4,1,11.4,1,17.3,1,"","",19.4,1,"","","","","","","","","","","","","","","","","","","","",60,1,"","","","","","","","","","","","",13.5,1,"","","","","","","","","","","","","","","","","","","","","","","","","","","","","","","","","","","","","","","","","","","","","","","","","","","","","","","","","","","","","","","","","","","","","","","","","","","","","","","","","","","","","","","","","","","","","","","","","","","","","","","","","","","","","","","","","","","",""
"06163007","TENDE_SAPC",44.043167,7.586,636,2000070408,0.,1,"","","","","","","","","","","","","","","","","","","","","","","","","","","","","","","","","","",23.1,1,11.8,1,19.5,1,"","",23.1,1,"","","","","","","","","","","","","","","","","","","","",49,1,"","","","","","","","","","","","",13.8,1,"","","","","","","","","","","","","","","","","","","","","","","","","","","","","","","","","","","","","","","","","","","","","","","","","","","","","","","","","","","","","","","","","","","","","","","","","","","","","","","","","","","","","","","","","","","","","","","","","","","","","","","","","","","","","","","","","","","",""
"06163007","TENDE_SAPC",44.043167,7.586,636,2000070409,0.,1,"","","","","","","","","","","","","","","","","","","","","","","","","","","","","","","","","","",25.2,1,10.6,1,23.1,1,"","",25.2,1,"","","","","","","","","","","","","","","","","","","","",40,1,"","","","","","","","","","","","",12.8,1,"","","","","","","","","","","","","","","","","","","","","","","","","","","","","","","","","","","","","","","","","","","","","","","","","","","","","","","","","","","","","","","","","","","","","","","","","","","","","","","","","","","","","","","","","","","","","","","","","","","","","","","","","","","","","","","","","","","",""
"06163007","TENDE_SAPC",44.043167,7.586,636,2000070410,0.,1,"","","","","","","","","","","","","","","","","","","","","","","","","","","","","","","","","","",27.3,1,8.7,1,25.3,1,"","",27.4,1,"","","","","","","","","","","","","","","","","","","","",31,1,"","","","","","","","","","","","",11.2,1,"","","","","","","","","","","","","","","","","","","","","","","","","","","","","","","","","","","","","","","","","","","","","","","","","","","","","","","","","","","","","","","","","","","","","","","","","","","","","","","","","","","","","","","","","","","","","","","","","","","","","","","","","","","","","","","","","","","",""
"06163007","TENDE_SAPC",44.043167,7.586,636,2000070411,0.,1,"","","","","","","","","","","","","","","","","","","","","","","","","","","","","","","","","","",27.5,1,9.8,1,27.2,1,"","",27.8,1,"","","","","","","","","","","","","","","","","","","","",33,1,"","","","","","","","","","","","",12.1,1,"","","","","","","","","","","","","","","","","","","","","","","","","","","","","","","","","","","","","","","","","","","","","","","","","","","","","","","","","","","","","","","","","","","","","","","","","","","","","","","","","","","","","","","","","","","","","","","","","","","","","","","","","","","","","","","","","","","",""
"06163007","TENDE_SAPC",44.043167,7.586,636,2000070412,0.,1,"","","","","","","","","","","","","","","","","","","","","","","","","","","","","","","","","","",27.9,1,10.6,1,27.5,1,"","",27.9,1,"","","","","","","","","","","","","","","","","","","","",34,1,"","","","","","","","","","","","",12.7,1,"","","","","","","","","","","","","","","","","","","","","","","","","","","","","","","","","","","","","","","","","","","","","","","","","","","","","","","","","","","","","","","","","","","","","","","","","","","","","","","","","","","","","","","","","","","","","","","","","","","","","","","","","","","","","","","","","","","",""
"06163007","TENDE_SAPC",44.043167,7.586,636,2000070413,0.,1,"","","","","","","","","","","","","","","","","","","","","","","","","","","","","","","","","","",26.8,1,13.2,1,26.8,1,"","",27.9,1,"","","","","","","","","","","","","","","","","","","","",43,1,"","","","","","","","","","","","",15.1,1,"","","","","","","","","","","","","","","","","","","","","","","","","","","","","","","","","","","","","","","","","","","","","","","","","","","","","","","","","","","","","","","","","","","","","","","","","","","","","","","","","","","","","","","","","","","","","","","","","","","","","","","","","","","","","","","","","","","",""
"06163007","TENDE_SAPC",44.043167,7.586,636,2000070414,0.,1,"","","","","","","","","","","","","","","","","","","","","","","","","","","","","","","","","","",25.5,1,14.,1,25.4,1,"","",26.7,1,"","","","","","","","","","","","","","","","","","","","",49,1,"","","","","","","","","","","","",16.,1,"","","","","","","","","","","","","","","","","","","","","","","","","","","","","","","","","","","","","","","","","","","","","","","","","","","","","","","","","","","","","","","","","","","","","","","","","","","","","","","","","","","","","","","","","","","","","","","","","","","","","","","","","","","","","","","","","","","",""
"06163007","TENDE_SAPC",44.043167,7.586,636,2000070415,0.,1,"","","","","","","","","","","","","","","","","","","","","","","","","","","","","","","","","","",24.9,1,13.4,1,24.8,1,"","",25.7,1,"","","","","","","","","","","","","","","","","","","","",49,1,"","","","","","","","","","","","",15.4,1,"","","","","","","","","","","","","","","","","","","","","","","","","","","","","","","","","","","","","","","","","","","","","","","","","","","","","","","","","","","","","","","","","","","","","","","","","","","","","","","","","","","","","","","","","","","","","","","","","","","","","","","","","","","","","","","","","","","",""
"06163007","TENDE_SAPC",44.043167,7.586,636,2000070416,0.,1,"","","","","","","","","","","","","","","","","","","","","","","","","","","","","","","","","","",24.8,1,13.,1,24.7,1,"","",25.,1,"","","","","","","","","","","","","","","","","","","","",48,1,"","","","","","","","","","","","",15.,1,"","","","","","","","","","","","","","","","","","","","","","","","","","","","","","","","","","","","","","","","","","","","","","","","","","","","","","","","","","","","","","","","","","","","","","","","","","","","","","","","","","","","","","","","","","","","","","","","","","","","","","","","","","","","","","","","","","","",""
"06163007","TENDE_SAPC",44.043167,7.586,636,2000070417,0.,1,"","","","","","","","","","","","","","","","","","","","","","","","","","","","","","","","","","",24.7,1,12.,1,24.7,1,"","",24.9,1,"","","","","","","","","","","","","","","","","","","","",45,1,"","","","","","","","","","","","",14.,1,"","","","","","","","","","","","","","","","","","","","","","","","","","","","","","","","","","","","","","","","","","","","","","","","","","","","","","","","","","","","","","","","","","","","","","","","","","","","","","","","","","","","","","","","","","","","","","","","","","","","","","","","","","","","","","","","","","","",""
"06163007","TENDE_SAPC",44.043167,7.586,636,2000070418,0.,1,"","","","","","","","","","","","","","","","","","","","","","","","","","","","","","","","","","",22.5,1,11.2,1,22.5,1,"","",24.7,1,"","","","","","","","","","","","","","","","","","","","",49,1,"","","","","","","","","","","","",13.3,1,"","","","","","","","","","","","","","","","","","","","","","","","","","","","","","","","","","","","","","","","","","","","","","","","","","","","","","","","","","","","","","","","","","","","","","","","","","","","","","","","","","","","","","","","","","","","","","","","","","","","","","","","","","","","","","","","","","","",""
"06163007","TENDE_SAPC",44.043167,7.586,636,2000070419,0.,1,"","","","","","","","","","","","","","","","","","","","","","","","","","","","","","","","","","",19.5,1,11.3,1,19.5,1,"","",22.4,1,"","","","","","","","","","","","","","","","","","","","",59,1,"","","","","","","","","","","","",13.3,1,"","","","","","","","","","","","","","","","","","","","","","","","","","","","","","","","","","","","","","","","","","","","","","","","","","","","","","","","","","","","","","","","","","","","","","","","","","","","","","","","","","","","","","","","","","","","","","","","","","","","","","","","","","","","","","","","","","","",""
"06163007","TENDE_SAPC",44.043167,7.586,636,2000070420,0.,1,"","","","","","","","","","","","","","","","","","","","","","","","","","","","","","","","","","",17.4,1,10.7,1,17.4,1,"","",19.4,1,"","","","","","","","","","","","","","","","","","","","",65,1,"","","","","","","","","","","","",12.9,1,"","","","","","","","","","","","","","","","","","","","","","","","","","","","","","","","","","","","","","","","","","","","","","","","","","","","","","","","","","","","","","","","","","","","","","","","","","","","","","","","","","","","","","","","","","","","","","","","","","","","","","","","","","","","","","","","","","","",""
"06163007","TENDE_SAPC",44.043167,7.586,636,2000070421,0.,1,"","","","","","","","","","","","","","","","","","","","","","","","","","","","","","","","","","",17.,1,9.2,1,17.,1,"","",17.5,1,"","","","","","","","","","","","","","","","","","","","",60,1,"","","","","","","","","","","","",11.6,1,"","","","","","","","","","","","","","","","","","","","","","","","","","","","","","","","","","","","","","","","","","","","","","","","","","","","","","","","","","","","","","","","","","","","","","","","","","","","","","","","","","","","","","","","","","","","","","","","","","","","","","","","","","","","","","","","","","","",""
"06163007","TENDE_SAPC",44.043167,7.586,636,2000070422,0.,1,"","","","","","","","","","","","","","","","","","","","","","","","","","","","","","","","","","",15.9,1,8.6,1,15.9,1,"","",17.,1,"","","","","","","","","","","","","","","","","","","","",62,1,"","","","","","","","","","","","",11.2,1,"","","","","","","","","","","","","","","","","","","","","","","","","","","","","","","","","","","","","","","","","","","","","","","","","","","","","","","","","","","","","","","","","","","","","","","","","","","","","","","","","","","","","","","","","","","","","","","","","","","","","","","","","","","","","","","","","","","",""
"06163007","TENDE_SAPC",44.043167,7.586,636,2000070423,0.,1,"","","","","","","","","","","","","","","","","","","","","","","","","","","","","","","","","","",15.3,1,7.3,1,15.1,1,"","",16.1,1,"","","","","","","","","","","","","","","","","","","","",59,1,"","","","","","","","","","","","",10.2,1,"","","","","","","","","","","","","","","","","","","","","","","","","","","","","","","","","","","","","","","","","","","","","","","","","","","","","","","","","","","","","","","","","","","","","","","","","","","","","","","","","","","","","","","","","","","","","","","","","","","","","","","","","","","","","","","","","","","",""
"06163007","TENDE_SAPC",44.043167,7.586,636,2000070500,0.,1,"","","","","","","","","","","","","","","","","","","","","","","","","","","","","","","","","","",14.3,1,6.9,1,14.3,1,"","",15.6,1,"","","","","","","","","","","","","","","","","","","","",61,1,"","","","","","","","","","","","",9.9,1,"","","","","","","","","","","","","","","","","","","","","","","","","","","","","","","","","","","","","","","","","","","","","","","","","","","","","","","","","","","","","","","","","","","","","","","","","","","","","","","","","","","","","","","","","","","","","","","","","","","","","","","","","","","","","","","","","","","",""
"06163007","TENDE_SAPC",44.043167,7.586,636,2000070501,0.,1,"","","","","","","","","","","","","","","","","","","","","","","","","","","","","","","","","","",13.9,1,6.3,1,13.8,1,"","",14.3,1,"","","","","","","","","","","","","","","","","","","","",60,1,"","","","","","","","","","","","",9.5,1,"","","","","","","","","","","","","","","","","","","","","","","","","","","","","","","","","","","","","","","","","","","","","","","","","","","","","","","","","","","","","","","","","","","","","","","","","","","","","","","","","","","","","","","","","","","","","","","","","","","","","","","","","","","","","","","","","","","",""
"06163007","TENDE_SAPC",44.043167,7.586,636,2000070502,0.,1,"","","","","","","","","","","","","","","","","","","","","","","","","","","","","","","","","","",13.5,1,5.9,1,13.5,1,"","",14.2,1,"","","","","","","","","","","","","","","","","","","","",60,1,"","","","","","","","","","","","",9.3,1,"","","","","","","","","","","","","","","","","","","","","","","","","","","","","","","","","","","","","","","","","","","","","","","","","","","","","","","","","","","","","","","","","","","","","","","","","","","","","","","","","","","","","","","","","","","","","","","","","","","","","","","","","","","","","","","","","","","",""
"06163007","TENDE_SAPC",44.043167,7.586,636,2000070503,0.,1,"","","","","","","","","","","","","","","","","","","","","","","","","","","","","","","","","","",12.4,1,5.8,1,12.4,1,"","",13.5,1,"","","","","","","","","","","","","","","","","","","","",64,1,"","","","","","","","","","","","",9.2,1,"","","","","","","","","","","","","","","","","","","","","","","","","","","","","","","","","","","","","","","","","","","","","","","","","","","","","","","","","","","","","","","","","","","","","","","","","","","","","","","","","","","","","","","","","","","","","","","","","","","","","","","","","","","","","","","","","","","",""
"06163007","TENDE_SAPC",44.043167,7.586,636,2000070504,0.,1,"","","","","","","","","","","","","","","","","","","","","","","","","","","","","","","","","","",12.3,1,5.2,1,12.1,1,"","",12.8,1,"","","","","","","","","","","","","","","","","","","","",62,1,"","","","","","","","","","","","",8.9,1,"","","","","","","","","","","","","","","","","","","","","","","","","","","","","","","","","","","","","","","","","","","","","","","","","","","","","","","","","","","","","","","","","","","","","","","","","","","","","","","","","","","","","","","","","","","","","","","","","","","","","","","","","","","","","","","","","","","",""
"06163007","TENDE_SAPC",44.043167,7.586,636,2000070505,0.,1,"","","","","","","","","","","","","","","","","","","","","","","","","","","","","","","","","","",12.,1,4.7,1,12.,1,"","",12.3,1,"","","","","","","","","","","","","","","","","","","","",61,1,"","","","","","","","","","","","",8.5,1,"","","","","","","","","","","","","","","","","","","","","","","","","","","","","","","","","","","","","","","","","","","","","","","","","","","","","","","","","","","","","","","","","","","","","","","","","","","","","","","","","","","","","","","","","","","","","","","","","","","","","","","","","","","","","","","","","","","",""
"06163007","TENDE_SAPC",44.043167,7.586,636,2000070506,0.,1,"","","","","","","","","","","","","","","","","","","","","","","","","","","","","","","","","","",11.7,1,6.4,1,11.6,1,"","",12.,1,"","","","","","","","","","","","","","","","","","","","",70,1,"","","","","","","","","","","","",9.6,1,"","","","","","","","","","","","","","","","","","","","","","","","","","","","","","","","","","","","","","","","","","","","","","","","","","","","","","","","","","","","","","","","","","","","","","","","","","","","","","","","","","","","","","","","","","","","","","","","","","","","","","","","","","","","","","","","","","","",""
"06163007","TENDE_SAPC",44.043167,7.586,636,2000070507,0.,1,"","","","","","","","","","","","","","","","","","","","","","","","","","","","","","","","","","",14.8,1,5.6,1,11.7,1,"","",14.8,1,"","","","","","","","","","","","","","","","","","","","",54,1,"","","","","","","","","","","","",9.1,1,"","","","","","","","","","","","","","","","","","","","","","","","","","","","","","","","","","","","","","","","","","","","","","","","","","","","","","","","","","","","","","","","","","","","","","","","","","","","","","","","","","","","","","","","","","","","","","","","","","","","","","","","","","","","","","","","","","","",""
"06163007","TENDE_SAPC",44.043167,7.586,636,2000070508,0.,1,"","","","","","","","","","","","","","","","","","","","","","","","","","","","","","","","","","",21.1,1,3.8,1,14.9,1,"","",21.1,1,"","","","","","","","","","","","","","","","","","","","",32,1,"","","","","","","","","","","","",8.,1,"","","","","","","","","","","","","","","","","","","","","","","","","","","","","","","","","","","","","","","","","","","","","","","","","","","","","","","","","","","","","","","","","","","","","","","","","","","","","","","","","","","","","","","","","","","","","","","","","","","","","","","","","","","","","","","","","","","",""
"06163007","TENDE_SAPC",44.043167,7.586,636,2000070509,0.,1,"","","","","","","","","","","","","","","","","","","","","","","","","","","","","","","","","","",24.1,1,4.4,1,21.1,1,"","",24.1,1,"","","","","","","","","","","","","","","","","","","","",28,1,"","","","","","","","","","","","",8.4,1,"","","","","","","","","","","","","","","","","","","","","","","","","","","","","","","","","","","","","","","","","","","","","","","","","","","","","","","","","","","","","","","","","","","","","","","","","","","","","","","","","","","","","","","","","","","","","","","","","","","","","","","","","","","","","","","","","","","",""
"06163007","TENDE_SAPC",44.043167,7.586,636,2000070510,0.,1,"","","","","","","","","","","","","","","","","","","","","","","","","","","","","","","","","","",25.7,1,5.8,1,24.1,1,"","",25.7,1,"","","","","","","","","","","","","","","","","","","","",28,1,"","","","","","","","","","","","",9.2,1,"","","","","","","","","","","","","","","","","","","","","","","","","","","","","","","","","","","","","","","","","","","","","","","","","","","","","","","","","","","","","","","","","","","","","","","","","","","","","","","","","","","","","","","","","","","","","","","","","","","","","","","","","","","","","","","","","","","",""
"06163007","TENDE_SAPC",44.043167,7.586,636,2000070511,0.,1,"","","","","","","","","","","","","","","","","","","","","","","","","","","","","","","","","","",26.7,1,8.2,1,25.8,1,"","",26.7,1,"","","","","","","","","","","","","","","","","","","","",31,1,"","","","","","","","","","","","",10.8,1,"","","","","","","","","","","","","","","","","","","","","","","","","","","","","","","","","","","","","","","","","","","","","","","","","","","","","","","","","","","","","","","","","","","","","","","","","","","","","","","","","","","","","","","","","","","","","","","","","","","","","","","","","","","","","","","","","","","",""
"06163007","TENDE_SAPC",44.043167,7.586,636,2000070512,0.,1,"","","","","","","","","","","","","","","","","","","","","","","","","","","","","","","","","","",26.8,1,10.5,1,26.3,1,"","",26.9,1,"","","","","","","","","","","","","","","","","","","","",36,1,"","","","","","","","","","","","",12.7,1,"","","","","","","","","","","","","","","","","","","","","","","","","","","","","","","","","","","","","","","","","","","","","","","","","","","","","","","","","","","","","","","","","","","","","","","","","","","","","","","","","","","","","","","","","","","","","","","","","","","","","","","","","","","","","","","","","","","",""
"06163007","TENDE_SAPC",44.043167,7.586,636,2000070513,0.,1,"","","","","","","","","","","","","","","","","","","","","","","","","","","","","","","","","","",26.6,1,12.6,1,26.4,1,"","",27.2,1,"","","","","","","","","","","","","","","","","","","","",42,1,"","","","","","","","","","","","",14.6,1,"","","","","","","","","","","","","","","","","","","","","","","","","","","","","","","","","","","","","","","","","","","","","","","","","","","","","","","","","","","","","","","","","","","","","","","","","","","","","","","","","","","","","","","","","","","","","","","","","","","","","","","","","","","","","","","","","","","",""
"06163007","TENDE_SAPC",44.043167,7.586,636,2000070514,0.,1,"","","","","","","","","","","","","","","","","","","","","","","","","","","","","","","","","","",26.6,1,12.6,1,26.3,1,"","",26.7,1,"","","","","","","","","","","","","","","","","","","","",42,1,"","","","","","","","","","","","",14.6,1,"","","","","","","","","","","","","","","","","","","","","","","","","","","","","","","","","","","","","","","","","","","","","","","","","","","","","","","","","","","","","","","","","","","","","","","","","","","","","","","","","","","","","","","","","","","","","","","","","","","","","","","","","","","","","","","","","","","",""
"06163007","TENDE_SAPC",44.043167,7.586,636,2000070515,0.,1,"","","","","","","","","","","","","","","","","","","","","","","","","","","","","","","","","","",26.8,1,10.9,1,26.4,1,"","",27.1,1,"","","","","","","","","","","","","","","","","","","","",37,1,"","","","","","","","","","","","",13.,1,"","","","","","","","","","","","","","","","","","","","","","","","","","","","","","","","","","","","","","","","","","","","","","","","","","","","","","","","","","","","","","","","","","","","","","","","","","","","","","","","","","","","","","","","","","","","","","","","","","","","","","","","","","","","","","","","","","","",""
"06163007","TENDE_SAPC",44.043167,7.586,636,2000070516,0.,1,"","","","","","","","","","","","","","","","","","","","","","","","","","","","","","","","","","",26.,1,11.7,1,26.,1,"","",26.9,1,"","","","","","","","","","","","","","","","","","","","",41,1,"","","","","","","","","","","","",13.7,1,"","","","","","","","","","","","","","","","","","","","","","","","","","","","","","","","","","","","","","","","","","","","","","","","","","","","","","","","","","","","","","","","","","","","","","","","","","","","","","","","","","","","","","","","","","","","","","","","","","","","","","","","","","","","","","","","","","","",""
"06163007","TENDE_SAPC",44.043167,7.586,636,2000070517,0.,1,"","","","","","","","","","","","","","","","","","","","","","","","","","","","","","","","","","",24.3,1,11.9,1,24.3,1,"","",26.,1,"","","","","","","","","","","","","","","","","","","","",46,1,"","","","","","","","","","","","",13.9,1,"","","","","","","","","","","","","","","","","","","","","","","","","","","","","","","","","","","","","","","","","","","","","","","","","","","","","","","","","","","","","","","","","","","","","","","","","","","","","","","","","","","","","","","","","","","","","","","","","","","","","","","","","","","","","","","","","","","",""
"06163007","TENDE_SAPC",44.043167,7.586,636,2000070518,0.,1,"","","","","","","","","","","","","","","","","","","","","","","","","","","","","","","","","","",23.2,1,11.9,1,23.2,1,"","",24.3,1,"","","","","","","","","","","","","","","","","","","","",49,1,"","","","","","","","","","","","",13.9,1,"","","","","","","","","","","","","","","","","","","","","","","","","","","","","","","","","","","","","","","","","","","","","","","","","","","","","","","","","","","","","","","","","","","","","","","","","","","","","","","","","","","","","","","","","","","","","","","","","","","","","","","","","","","","","","","","","","","",""
"06163007","TENDE_SAPC",44.043167,7.586,636,2000070519,0.,1,"","","","","","","","","","","","","","","","","","","","","","","","","","","","","","","","","","",20.5,1,12.5,1,20.5,1,"","",23.2,1,"","","","","","","","","","","","","","","","","","","","",60,1,"","","","","","","","","","","","",14.4,1,"","","","","","","","","","","","","","","","","","","","","","","","","","","","","","","","","","","","","","","","","","","","","","","","","","","","","","","","","","","","","","","","","","","","","","","","","","","","","","","","","","","","","","","","","","","","","","","","","","","","","","","","","","","","","","","","","","","",""
"06163007","TENDE_SAPC",44.043167,7.586,636,2000070520,0.,1,"","","","","","","","","","","","","","","","","","","","","","","","","","","","","","","","","","",18.5,1,12.3,1,18.5,1,"","",20.5,1,"","","","","","","","","","","","","","","","","","","","",67,1,"","","","","","","","","","","","",14.2,1,"","","","","","","","","","","","","","","","","","","","","","","","","","","","","","","","","","","","","","","","","","","","","","","","","","","","","","","","","","","","","","","","","","","","","","","","","","","","","","","","","","","","","","","","","","","","","","","","","","","","","","","","","","","","","","","","","","","",""
"06163007","TENDE_SAPC",44.043167,7.586,636,2000070521,0.,1,"","","","","","","","","","","","","","","","","","","","","","","","","","","","","","","","","","",17.1,1,12.,1,17.1,1,"","",18.4,1,"","","","","","","","","","","","","","","","","","","","",72,1,"","","","","","","","","","","","",14.,1,"","","","","","","","","","","","","","","","","","","","","","","","","","","","","","","","","","","","","","","","","","","","","","","","","","","","","","","","","","","","","","","","","","","","","","","","","","","","","","","","","","","","","","","","","","","","","","","","","","","","","","","","","","","","","","","","","","","",""
"06163007","TENDE_SAPC",44.043167,7.586,636,2000070522,0.,1,"","","","","","","","","","","","","","","","","","","","","","","","","","","","","","","","","","",16.9,1,11.2,1,16.8,1,"","",17.1,1,"","","","","","","","","","","","","","","","","","","","",69,1,"","","","","","","","","","","","",13.3,1,"","","","","","","","","","","","","","","","","","","","","","","","","","","","","","","","","","","","","","","","","","","","","","","","","","","","","","","","","","","","","","","","","","","","","","","","","","","","","","","","","","","","","","","","","","","","","","","","","","","","","","","","","","","","","","","","","","","",""
"06163007","TENDE_SAPC",44.043167,7.586,636,2000070523,0.,1,"","","","","","","","","","","","","","","","","","","","","","","","","","","","","","","","","","",15.9,1,10.9,1,15.9,1,"","",16.9,1,"","","","","","","","","","","","","","","","","","","","",72,1,"","","","","","","","","","","","",13.,1,"","","","","","","","","","","","","","","","","","","","","","","","","","","","","","","","","","","","","","","","","","","","","","","","","","","","","","","","","","","","","","","","","","","","","","","","","","","","","","","","","","","","","","","","","","","","","","","","","","","","","","","","","","","","","","","","","","","",""
"06163007","TENDE_SAPC",44.043167,7.586,636,2000070600,0.,1,"","","","","","","","","","","","","","","","","","","","","","","","","","","","","","","","","","",15.9,1,10.2,1,15.6,1,"","",16.1,1,"","","","","","","","","","","","","","","","","","","","",69,1,"","","","","","","","","","","","",12.4,1,"","","","","","","","","","","","","","","","","","","","","","","","","","","","","","","","","","","","","","","","","","","","","","","","","","","","","","","","","","","","","","","","","","","","","","","","","","","","","","","","","","","","","","","","","","","","","","","","","","","","","","","","","","","","","","","","","","","",""
"06163007","TENDE_SAPC",44.043167,7.586,636,2000070601,0.,1,"","","","","","","","","","","","","","","","","","","","","","","","","","","","","","","","","","",15.7,1,9.6,1,15.6,1,"","",16.1,1,"","","","","","","","","","","","","","","","","","","","",67,1,"","","","","","","","","","","","",11.9,1,"","","","","","","","","","","","","","","","","","","","","","","","","","","","","","","","","","","","","","","","","","","","","","","","","","","","","","","","","","","","","","","","","","","","","","","","","","","","","","","","","","","","","","","","","","","","","","","","","","","","","","","","","","","","","","","","","","","",""
"06163007","TENDE_SAPC",44.043167,7.586,636,2000070602,0.,1,"","","","","","","","","","","","","","","","","","","","","","","","","","","","","","","","","","",14.5,1,9.5,1,14.5,1,"","",15.7,1,"","","","","","","","","","","","","","","","","","","","",72,1,"","","","","","","","","","","","",11.9,1,"","","","","","","","","","","","","","","","","","","","","","","","","","","","","","","","","","","","","","","","","","","","","","","","","","","","","","","","","","","","","","","","","","","","","","","","","","","","","","","","","","","","","","","","","","","","","","","","","","","","","","","","","","","","","","","","","","","",""
"06163007","TENDE_SAPC",44.043167,7.586,636,2000070603,0.,1,"","","","","","","","","","","","","","","","","","","","","","","","","","","","","","","","","","",13.2,1,8.7,1,13.2,1,"","",14.5,1,"","","","","","","","","","","","","","","","","","","","",74,1,"","","","","","","","","","","","",11.2,1,"","","","","","","","","","","","","","","","","","","","","","","","","","","","","","","","","","","","","","","","","","","","","","","","","","","","","","","","","","","","","","","","","","","","","","","","","","","","","","","","","","","","","","","","","","","","","","","","","","","","","","","","","","","","","","","","","","","",""
"06163007","TENDE_SAPC",44.043167,7.586,636,2000070604,0.,1,"","","","","","","","","","","","","","","","","","","","","","","","","","","","","","","","","","",12.4,1,8.3,1,12.4,1,"","",13.2,1,"","","","","","","","","","","","","","","","","","","","",76,1,"","","","","","","","","","","","",10.9,1,"","","","","","","","","","","","","","","","","","","","","","","","","","","","","","","","","","","","","","","","","","","","","","","","","","","","","","","","","","","","","","","","","","","","","","","","","","","","","","","","","","","","","","","","","","","","","","","","","","","","","","","","","","","","","","","","","","","",""
"06163007","TENDE_SAPC",44.043167,7.586,636,2000070605,0.,1,"","","","","","","","","","","","","","","","","","","","","","","","","","","","","","","","","","",12.9,1,7.6,1,12.3,1,"","",13.,1,"","","","","","","","","","","","","","","","","","","","",70,1,"","","","","","","","","","","","",10.4,1,"","","","","","","","","","","","","","","","","","","","","","","","","","","","","","","","","","","","","","","","","","","","","","","","","","","","","","","","","","","","","","","","","","","","","","","","","","","","","","","","","","","","","","","","","","","","","","","","","","","","","","","","","","","","","","","","","","","",""
"06163007","TENDE_SAPC",44.043167,7.586,636,2000070606,0.,1,"","","","","","","","","","","","","","","","","","","","","","","","","","","","","","","","","","",12.7,1,7.8,1,12.7,1,"","",13.1,1,"","","","","","","","","","","","","","","","","","","","",72,1,"","","","","","","","","","","","",10.6,1,"","","","","","","","","","","","","","","","","","","","","","","","","","","","","","","","","","","","","","","","","","","","","","","","","","","","","","","","","","","","","","","","","","","","","","","","","","","","","","","","","","","","","","","","","","","","","","","","","","","","","","","","","","","","","","","","","","","",""
"06163007","TENDE_SAPC",44.043167,7.586,636,2000070607,0.,1,"","","","","","","","","","","","","","","","","","","","","","","","","","","","","","","","","","",15.2,1,7.2,1,12.7,1,"","",15.2,1,"","","","","","","","","","","","","","","","","","","","",59,1,"","","","","","","","","","","","",10.2,1,"","","","","","","","","","","","","","","","","","","","","","","","","","","","","","","","","","","","","","","","","","","","","","","","","","","","","","","","","","","","","","","","","","","","","","","","","","","","","","","","","","","","","","","","","","","","","","","","","","","","","","","","","","","","","","","","","","","",""
"06163007","TENDE_SAPC",44.043167,7.586,636,2000070608,0.,1,"","","","","","","","","","","","","","","","","","","","","","","","","","","","","","","","","","",21.4,1,7.6,1,15.3,1,"","",21.4,1,"","","","","","","","","","","","","","","","","","","","",41,1,"","","","","","","","","","","","",10.4,1,"","","","","","","","","","","","","","","","","","","","","","","","","","","","","","","","","","","","","","","","","","","","","","","","","","","","","","","","","","","","","","","","","","","","","","","","","","","","","","","","","","","","","","","","","","","","","","","","","","","","","","","","","","","","","","","","","","","",""
"06163007","TENDE_SAPC",44.043167,7.586,636,2000070609,0.,1,"","","","","","","","","","","","","","","","","","","","","","","","","","","","","","","","","","",24.1,1,8.1,1,21.6,1,"","",24.1,1,"","","","","","","","","","","","","","","","","","","","",36,1,"","","","","","","","","","","","",10.8,1,"","","","","","","","","","","","","","","","","","","","","","","","","","","","","","","","","","","","","","","","","","","","","","","","","","","","","","","","","","","","","","","","","","","","","","","","","","","","","","","","","","","","","","","","","","","","","","","","","","","","","","","","","","","","","","","","","","","",""
"06163007","TENDE_SAPC",44.043167,7.586,636,2000070610,0.,1,"","","","","","","","","","","","","","","","","","","","","","","","","","","","","","","","","","",25.8,1,8.7,1,24.1,1,"","",25.8,1,"","","","","","","","","","","","","","","","","","","","",34,1,"","","","","","","","","","","","",11.3,1,"","","","","","","","","","","","","","","","","","","","","","","","","","","","","","","","","","","","","","","","","","","","","","","","","","","","","","","","","","","","","","","","","","","","","","","","","","","","","","","","","","","","","","","","","","","","","","","","","","","","","","","","","","","","","","","","","","","",""
"06163007","TENDE_SAPC",44.043167,7.586,636,2000070611,0.,1,"","","","","","","","","","","","","","","","","","","","","","","","","","","","","","","","","","",27.,1,10.2,1,25.8,1,"","",27.1,1,"","","","","","","","","","","","","","","","","","","","",35,1,"","","","","","","","","","","","",12.4,1,"","","","","","","","","","","","","","","","","","","","","","","","","","","","","","","","","","","","","","","","","","","","","","","","","","","","","","","","","","","","","","","","","","","","","","","","","","","","","","","","","","","","","","","","","","","","","","","","","","","","","","","","","","","","","","","","","","","",""
"06163007","TENDE_SAPC",44.043167,7.586,636,2000070612,0.,1,"","","","","","","","","","","","","","","","","","","","","","","","","","","","","","","","","","",27.6,1,11.6,1,26.9,1,"","",28.1,1,"","","","","","","","","","","","","","","","","","","","",37,1,"","","","","","","","","","","","",13.6,1,"","","","","","","","","","","","","","","","","","","","","","","","","","","","","","","","","","","","","","","","","","","","","","","","","","","","","","","","","","","","","","","","","","","","","","","","","","","","","","","","","","","","","","","","","","","","","","","","","","","","","","","","","","","","","","","","","","","",""
"06163007","TENDE_SAPC",44.043167,7.586,636,2000070613,0.,1,"","","","","","","","","","","","","","","","","","","","","","","","","","","","","","","","","","",27.7,1,13.2,1,27.6,1,"","",28.,1,"","","","","","","","","","","","","","","","","","","","",41,1,"","","","","","","","","","","","",15.2,1,"","","","","","","","","","","","","","","","","","","","","","","","","","","","","","","","","","","","","","","","","","","","","","","","","","","","","","","","","","","","","","","","","","","","","","","","","","","","","","","","","","","","","","","","","","","","","","","","","","","","","","","","","","","","","","","","","","","",""
"06163007","TENDE_SAPC",44.043167,7.586,636,2000070614,0.,1,"","","","","","","","","","","","","","","","","","","","","","","","","","","","","","","","","","",27.4,1,14.4,1,27.3,1,"","",27.7,1,"","","","","","","","","","","","","","","","","","","","",45,1,"","","","","","","","","","","","",16.4,1,"","","","","","","","","","","","","","","","","","","","","","","","","","","","","","","","","","","","","","","","","","","","","","","","","","","","","","","","","","","","","","","","","","","","","","","","","","","","","","","","","","","","","","","","","","","","","","","","","","","","","","","","","","","","","","","","","","","",""
"06163007","TENDE_SAPC",44.043167,7.586,636,2000070615,0.,1,"","","","","","","","","","","","","","","","","","","","","","","","","","","","","","","","","","",27.4,1,14.8,1,27.4,1,"","",28.1,1,"","","","","","","","","","","","","","","","","","","","",46,1,"","","","","","","","","","","","",16.7,1,"","","","","","","","","","","","","","","","","","","","","","","","","","","","","","","","","","","","","","","","","","","","","","","","","","","","","","","","","","","","","","","","","","","","","","","","","","","","","","","","","","","","","","","","","","","","","","","","","","","","","","","","","","","","","","","","","","","",""
"06163007","TENDE_SAPC",44.043167,7.586,636,2000070616,0.,1,"","","","","","","","","","","","","","","","","","","","","","","","","","","","","","","","","","",25.1,1,15.7,1,25.1,1,"","",27.4,1,"","","","","","","","","","","","","","","","","","","","",56,1,"","","","","","","","","","","","",17.8,1,"","","","","","","","","","","","","","","","","","","","","","","","","","","","","","","","","","","","","","","","","","","","","","","","","","","","","","","","","","","","","","","","","","","","","","","","","","","","","","","","","","","","","","","","","","","","","","","","","","","","","","","","","","","","","","","","","","","",""
"06163007","TENDE_SAPC",44.043167,7.586,636,2000070617,0.,1,"","","","","","","","","","","","","","","","","","","","","","","","","","","","","","","","","","",23.9,1,15.7,1,23.9,1,"","",25.1,1,"","","","","","","","","","","","","","","","","","","","",60,1,"","","","","","","","","","","","",17.8,1,"","","","","","","","","","","","","","","","","","","","","","","","","","","","","","","","","","","","","","","","","","","","","","","","","","","","","","","","","","","","","","","","","","","","","","","","","","","","","","","","","","","","","","","","","","","","","","","","","","","","","","","","","","","","","","","","","","","",""
"06163007","TENDE_SAPC",44.043167,7.586,636,2000070618,0.,1,"","","","","","","","","","","","","","","","","","","","","","","","","","","","","","","","","","",22.9,1,16.2,1,22.9,1,"","",24.1,1,"","","","","","","","","","","","","","","","","","","","",66,1,"","","","","","","","","","","","",18.4,1,"","","","","","","","","","","","","","","","","","","","","","","","","","","","","","","","","","","","","","","","","","","","","","","","","","","","","","","","","","","","","","","","","","","","","","","","","","","","","","","","","","","","","","","","","","","","","","","","","","","","","","","","","","","","","","","","","","","",""
"06163007","TENDE_SAPC",44.043167,7.586,636,2000070619,0.,1,"","","","","","","","","","","","","","","","","","","","","","","","","","","","","","","","","","",21.9,1,15.7,1,21.9,1,"","",22.8,1,"","","","","","","","","","","","","","","","","","","","",68,1,"","","","","","","","","","","","",17.8,1,"","","","","","","","","","","","","","","","","","","","","","","","","","","","","","","","","","","","","","","","","","","","","","","","","","","","","","","","","","","","","","","","","","","","","","","","","","","","","","","","","","","","","","","","","","","","","","","","","","","","","","","","","","","","","","","","","","","",""
"06163007","TENDE_SAPC",44.043167,7.586,636,2000070620,0.,1,"","","","","","","","","","","","","","","","","","","","","","","","","","","","","","","","","","",20.,1,15.6,1,20.,1,"","",21.9,1,"","","","","","","","","","","","","","","","","","","","",76,1,"","","","","","","","","","","","",17.7,1,"","","","","","","","","","","","","","","","","","","","","","","","","","","","","","","","","","","","","","","","","","","","","","","","","","","","","","","","","","","","","","","","","","","","","","","","","","","","","","","","","","","","","","","","","","","","","","","","","","","","","","","","","","","","","","","","","","","",""
"06163007","TENDE_SAPC",44.043167,7.586,636,2000070621,0.,1,"","","","","","","","","","","","","","","","","","","","","","","","","","","","","","","","","","",19.,1,15.3,1,19.,1,"","",20.,1,"","","","","","","","","","","","","","","","","","","","",79,1,"","","","","","","","","","","","",17.3,1,"","","","","","","","","","","","","","","","","","","","","","","","","","","","","","","","","","","","","","","","","","","","","","","","","","","","","","","","","","","","","","","","","","","","","","","","","","","","","","","","","","","","","","","","","","","","","","","","","","","","","","","","","","","","","","","","","","","",""
"06163007","TENDE_SAPC",44.043167,7.586,636,2000070622,0.,1,"","","","","","","","","","","","","","","","","","","","","","","","","","","","","","","","","","",18.1,1,14.6,1,18.1,1,"","",19.,1,"","","","","","","","","","","","","","","","","","","","",80,1,"","","","","","","","","","","","",16.6,1,"","","","","","","","","","","","","","","","","","","","","","","","","","","","","","","","","","","","","","","","","","","","","","","","","","","","","","","","","","","","","","","","","","","","","","","","","","","","","","","","","","","","","","","","","","","","","","","","","","","","","","","","","","","","","","","","","","","",""
"06163007","TENDE_SAPC",44.043167,7.586,636,2000070623,0.,1,"","","","","","","","","","","","","","","","","","","","","","","","","","","","","","","","","","",17.7,1,14.2,1,17.7,1,"","",18.1,1,"","","","","","","","","","","","","","","","","","","","",80,1,"","","","","","","","","","","","",16.2,1,"","","","","","","","","","","","","","","","","","","","","","","","","","","","","","","","","","","","","","","","","","","","","","","","","","","","","","","","","","","","","","","","","","","","","","","","","","","","","","","","","","","","","","","","","","","","","","","","","","","","","","","","","","","","","","","","","","","",""
"06163007","TENDE_SAPC",44.043167,7.586,636,2000070700,0.,1,"","","","","","","","","","","","","","","","","","","","","","","","","","","","","","","","","","",17.7,1,13.8,1,17.5,1,"","",17.8,1,"","","","","","","","","","","","","","","","","","","","",78,1,"","","","","","","","","","","","",15.8,1,"","","","","","","","","","","","","","","","","","","","","","","","","","","","","","","","","","","","","","","","","","","","","","","","","","","","","","","","","","","","","","","","","","","","","","","","","","","","","","","","","","","","","","","","","","","","","","","","","","","","","","","","","","","","","","","","","","","",""
"06163007","TENDE_SAPC",44.043167,7.586,636,2000070701,0.,1,"","","","","","","","","","","","","","","","","","","","","","","","","","","","","","","","","","",17.4,1,13.1,1,17.3,1,"","",17.8,1,"","","","","","","","","","","","","","","","","","","","",76,1,"","","","","","","","","","","","",15.1,1,"","","","","","","","","","","","","","","","","","","","","","","","","","","","","","","","","","","","","","","","","","","","","","","","","","","","","","","","","","","","","","","","","","","","","","","","","","","","","","","","","","","","","","","","","","","","","","","","","","","","","","","","","","","","","","","","","","","",""
"06163007","TENDE_SAPC",44.043167,7.586,636,2000070702,0.,1,"","","","","","","","","","","","","","","","","","","","","","","","","","","","","","","","","","",17.,1,12.9,1,16.9,1,"","",17.4,1,"","","","","","","","","","","","","","","","","","","","",77,1,"","","","","","","","","","","","",14.9,1,"","","","","","","","","","","","","","","","","","","","","","","","","","","","","","","","","","","","","","","","","","","","","","","","","","","","","","","","","","","","","","","","","","","","","","","","","","","","","","","","","","","","","","","","","","","","","","","","","","","","","","","","","","","","","","","","","","","",""
"06163007","TENDE_SAPC",44.043167,7.586,636,2000070703,0.,1,"","","","","","","","","","","","","","","","","","","","","","","","","","","","","","","","","","",16.2,1,12.4,1,16.2,1,"","",16.9,1,"","","","","","","","","","","","","","","","","","","","",78,1,"","","","","","","","","","","","",14.3,1,"","","","","","","","","","","","","","","","","","","","","","","","","","","","","","","","","","","","","","","","","","","","","","","","","","","","","","","","","","","","","","","","","","","","","","","","","","","","","","","","","","","","","","","","","","","","","","","","","","","","","","","","","","","","","","","","","","","",""
"06163007","TENDE_SAPC",44.043167,7.586,636,2000070704,0.,1,"","","","","","","","","","","","","","","","","","","","","","","","","","","","","","","","","","",15.2,1,11.8,1,15.2,1,"","",16.2,1,"","","","","","","","","","","","","","","","","","","","",80,1,"","","","","","","","","","","","",13.8,1,"","","","","","","","","","","","","","","","","","","","","","","","","","","","","","","","","","","","","","","","","","","","","","","","","","","","","","","","","","","","","","","","","","","","","","","","","","","","","","","","","","","","","","","","","","","","","","","","","","","","","","","","","","","","","","","","","","","",""
"06163007","TENDE_SAPC",44.043167,7.586,636,2000070705,0.,1,"","","","","","","","","","","","","","","","","","","","","","","","","","","","","","","","","","",15.7,1,10.9,1,15.2,1,"","",15.7,1,"","","","","","","","","","","","","","","","","","","","",73,1,"","","","","","","","","","","","",13.,1,"","","","","","","","","","","","","","","","","","","","","","","","","","","","","","","","","","","","","","","","","","","","","","","","","","","","","","","","","","","","","","","","","","","","","","","","","","","","","","","","","","","","","","","","","","","","","","","","","","","","","","","","","","","","","","","","","","","",""
"06163007","TENDE_SAPC",44.043167,7.586,636,2000070706,0.,1,"","","","","","","","","","","","","","","","","","","","","","","","","","","","","","","","","","",15.7,1,11.1,1,15.7,1,"","",15.9,1,"","","","","","","","","","","","","","","","","","","","",74,1,"","","","","","","","","","","","",13.2,1,"","","","","","","","","","","","","","","","","","","","","","","","","","","","","","","","","","","","","","","","","","","","","","","","","","","","","","","","","","","","","","","","","","","","","","","","","","","","","","","","","","","","","","","","","","","","","","","","","","","","","","","","","","","","","","","","","","","",""
"06163007","TENDE_SAPC",44.043167,7.586,636,2000070707,0.,1,"","","","","","","","","","","","","","","","","","","","","","","","","","","","","","","","","","",17.7,1,10.1,1,15.7,1,"","",17.7,1,"","","","","","","","","","","","","","","","","","","","",61,1,"","","","","","","","","","","","",12.3,1,"","","","","","","","","","","","","","","","","","","","","","","","","","","","","","","","","","","","","","","","","","","","","","","","","","","","","","","","","","","","","","","","","","","","","","","","","","","","","","","","","","","","","","","","","","","","","","","","","","","","","","","","","","","","","","","","","","","",""
"06163007","TENDE_SAPC",44.043167,7.586,636,2000070708,0.,1,"","","","","","","","","","","","","","","","","","","","","","","","","","","","","","","","","","",23.2,1,6.5,1,17.8,1,"","",23.2,1,"","","","","","","","","","","","","","","","","","","","",34,1,"","","","","","","","","","","","",9.6,1,"","","","","","","","","","","","","","","","","","","","","","","","","","","","","","","","","","","","","","","","","","","","","","","","","","","","","","","","","","","","","","","","","","","","","","","","","","","","","","","","","","","","","","","","","","","","","","","","","","","","","","","","","","","","","","","","","","","",""
"06163007","TENDE_SAPC",44.043167,7.586,636,2000070709,0.,1,"","","","","","","","","","","","","","","","","","","","","","","","","","","","","","","","","","",26.,1,8.5,1,23.3,1,"","",26.1,1,"","","","","","","","","","","","","","","","","","","","",33,1,"","","","","","","","","","","","",11.1,1,"","","","","","","","","","","","","","","","","","","","","","","","","","","","","","","","","","","","","","","","","","","","","","","","","","","","","","","","","","","","","","","","","","","","","","","","","","","","","","","","","","","","","","","","","","","","","","","","","","","","","","","","","","","","","","","","","","","",""
"06163007","TENDE_SAPC",44.043167,7.586,636,2000070710,0.,1,"","","","","","","","","","","","","","","","","","","","","","","","","","","","","","","","","","",26.8,1,7.8,1,26.,1,"","",26.9,1,"","","","","","","","","","","","","","","","","","","","",30,1,"","","","","","","","","","","","",10.5,1,"","","","","","","","","","","","","","","","","","","","","","","","","","","","","","","","","","","","","","","","","","","","","","","","","","","","","","","","","","","","","","","","","","","","","","","","","","","","","","","","","","","","","","","","","","","","","","","","","","","","","","","","","","","","","","","","","","","",""
"06163007","TENDE_SAPC",44.043167,7.586,636,2000070711,0.,1,"","","","","","","","","","","","","","","","","","","","","","","","","","","","","","","","","","",27.9,1,9.2,1,26.8,1,"","",28.,1,"","","","","","","","","","","","","","","","","","","","",31,1,"","","","","","","","","","","","",11.6,1,"","","","","","","","","","","","","","","","","","","","","","","","","","","","","","","","","","","","","","","","","","","","","","","","","","","","","","","","","","","","","","","","","","","","","","","","","","","","","","","","","","","","","","","","","","","","","","","","","","","","","","","","","","","","","","","","","","","",""
"06163007","TENDE_SAPC",44.043167,7.586,636,2000070712,0.,1,"","","","","","","","","","","","","","","","","","","","","","","","","","","","","","","","","","",27.9,1,9.7,1,27.6,1,"","",28.2,1,"","","","","","","","","","","","","","","","","","","","",32,1,"","","","","","","","","","","","",12.,1,"","","","","","","","","","","","","","","","","","","","","","","","","","","","","","","","","","","","","","","","","","","","","","","","","","","","","","","","","","","","","","","","","","","","","","","","","","","","","","","","","","","","","","","","","","","","","","","","","","","","","","","","","","","","","","","","","","","",""
"06163007","TENDE_SAPC",44.043167,7.586,636,2000070713,0.,1,"","","","","","","","","","","","","","","","","","","","","","","","","","","","","","","","","","",28.3,1,10.,1,27.9,1,"","",28.6,1,"","","","","","","","","","","","","","","","","","","","",32,1,"","","","","","","","","","","","",12.3,1,"","","","","","","","","","","","","","","","","","","","","","","","","","","","","","","","","","","","","","","","","","","","","","","","","","","","","","","","","","","","","","","","","","","","","","","","","","","","","","","","","","","","","","","","","","","","","","","","","","","","","","","","","","","","","","","","","","","",""
"06163007","TENDE_SAPC",44.043167,7.586,636,2000070714,0.,1,"","","","","","","","","","","","","","","","","","","","","","","","","","","","","","","","","","",28.4,1,9.6,1,28.2,1,"","",28.5,1,"","","","","","","","","","","","","","","","","","","","",31,1,"","","","","","","","","","","","",12.,1,"","","","","","","","","","","","","","","","","","","","","","","","","","","","","","","","","","","","","","","","","","","","","","","","","","","","","","","","","","","","","","","","","","","","","","","","","","","","","","","","","","","","","","","","","","","","","","","","","","","","","","","","","","","","","","","","","","","",""
"06163007","TENDE_SAPC",44.043167,7.586,636,2000070715,0.,1,"","","","","","","","","","","","","","","","","","","","","","","","","","","","","","","","","","",28.4,1,9.1,1,28.2,1,"","",28.6,1,"","","","","","","","","","","","","","","","","","","","",30,1,"","","","","","","","","","","","",11.6,1,"","","","","","","","","","","","","","","","","","","","","","","","","","","","","","","","","","","","","","","","","","","","","","","","","","","","","","","","","","","","","","","","","","","","","","","","","","","","","","","","","","","","","","","","","","","","","","","","","","","","","","","","","","","","","","","","","","","",""
"06163007","TENDE_SAPC",44.043167,7.586,636,2000070716,0.,1,"","","","","","","","","","","","","","","","","","","","","","","","","","","","","","","","","","",27.1,1,11.6,1,27.1,1,"","",28.4,1,"","","","","","","","","","","","","","","","","","","","",38,1,"","","","","","","","","","","","",13.6,1,"","","","","","","","","","","","","","","","","","","","","","","","","","","","","","","","","","","","","","","","","","","","","","","","","","","","","","","","","","","","","","","","","","","","","","","","","","","","","","","","","","","","","","","","","","","","","","","","","","","","","","","","","","","","","","","","","","","",""
"06163007","TENDE_SAPC",44.043167,7.586,636,2000070717,0.,1,"","","","","","","","","","","","","","","","","","","","","","","","","","","","","","","","","","",25.2,1,12.1,1,25.2,1,"","",27.1,1,"","","","","","","","","","","","","","","","","","","","",44,1,"","","","","","","","","","","","",14.1,1,"","","","","","","","","","","","","","","","","","","","","","","","","","","","","","","","","","","","","","","","","","","","","","","","","","","","","","","","","","","","","","","","","","","","","","","","","","","","","","","","","","","","","","","","","","","","","","","","","","","","","","","","","","","","","","","","","","","",""
"06163007","TENDE_SAPC",44.043167,7.586,636,2000070718,0.,1,"","","","","","","","","","","","","","","","","","","","","","","","","","","","","","","","","","",24.1,1,13.6,1,24.1,1,"","",25.2,1,"","","","","","","","","","","","","","","","","","","","",52,1,"","","","","","","","","","","","",15.6,1,"","","","","","","","","","","","","","","","","","","","","","","","","","","","","","","","","","","","","","","","","","","","","","","","","","","","","","","","","","","","","","","","","","","","","","","","","","","","","","","","","","","","","","","","","","","","","","","","","","","","","","","","","","","","","","","","","","","",""
"06163007","TENDE_SAPC",44.043167,7.586,636,2000070719,0.,1,"","","","","","","","","","","","","","","","","","","","","","","","","","","","","","","","","","",22.2,1,14.8,1,22.2,1,"","",24.1,1,"","","","","","","","","","","","","","","","","","","","",63,1,"","","","","","","","","","","","",16.8,1,"","","","","","","","","","","","","","","","","","","","","","","","","","","","","","","","","","","","","","","","","","","","","","","","","","","","","","","","","","","","","","","","","","","","","","","","","","","","","","","","","","","","","","","","","","","","","","","","","","","","","","","","","","","","","","","","","","","",""
"06163007","TENDE_SAPC",44.043167,7.586,636,2000070720,0.,1,"","","","","","","","","","","","","","","","","","","","","","","","","","","","","","","","","","",19.6,1,14.6,1,19.6,1,"","",22.1,1,"","","","","","","","","","","","","","","","","","","","",73,1,"","","","","","","","","","","","",16.6,1,"","","","","","","","","","","","","","","","","","","","","","","","","","","","","","","","","","","","","","","","","","","","","","","","","","","","","","","","","","","","","","","","","","","","","","","","","","","","","","","","","","","","","","","","","","","","","","","","","","","","","","","","","","","","","","","","","","","",""
"06163007","TENDE_SAPC",44.043167,7.586,636,2000070721,0.,1,"","","","","","","","","","","","","","","","","","","","","","","","","","","","","","","","","","",18.7,1,13.8,1,18.7,1,"","",19.5,1,"","","","","","","","","","","","","","","","","","","","",73,1,"","","","","","","","","","","","",15.7,1,"","","","","","","","","","","","","","","","","","","","","","","","","","","","","","","","","","","","","","","","","","","","","","","","","","","","","","","","","","","","","","","","","","","","","","","","","","","","","","","","","","","","","","","","","","","","","","","","","","","","","","","","","","","","","","","","","","","",""
"06163007","TENDE_SAPC",44.043167,7.586,636,2000070722,0.,1,"","","","","","","","","","","","","","","","","","","","","","","","","","","","","","","","","","",18.1,1,12.8,1,18.1,1,"","",18.6,1,"","","","","","","","","","","","","","","","","","","","",71,1,"","","","","","","","","","","","",14.7,1,"","","","","","","","","","","","","","","","","","","","","","","","","","","","","","","","","","","","","","","","","","","","","","","","","","","","","","","","","","","","","","","","","","","","","","","","","","","","","","","","","","","","","","","","","","","","","","","","","","","","","","","","","","","","","","","","","","","",""
"06163007","TENDE_SAPC",44.043167,7.586,636,2000070723,0.,1,"","","","","","","","","","","","","","","","","","","","","","","","","","","","","","","","","","",17.,1,11.9,1,17.,1,"","",18.1,1,"","","","","","","","","","","","","","","","","","","","",72,1,"","","","","","","","","","","","",13.9,1,"","","","","","","","","","","","","","","","","","","","","","","","","","","","","","","","","","","","","","","","","","","","","","","","","","","","","","","","","","","","","","","","","","","","","","","","","","","","","","","","","","","","","","","","","","","","","","","","","","","","","","","","","","","","","","","","","","","",""
"06163007","TENDE_SAPC",44.043167,7.586,636,2000070800,0.,1,"","","","","","","","","","","","","","","","","","","","","","","","","","","","","","","","","","",16.1,1,10.6,1,16.1,1,"","",17.,1,"","","","","","","","","","","","","","","","","","","","",70,1,"","","","","","","","","","","","",12.8,1,"","","","","","","","","","","","","","","","","","","","","","","","","","","","","","","","","","","","","","","","","","","","","","","","","","","","","","","","","","","","","","","","","","","","","","","","","","","","","","","","","","","","","","","","","","","","","","","","","","","","","","","","","","","","","","","","","","","",""
"06163007","TENDE_SAPC",44.043167,7.586,636,2000070801,0.,1,"","","","","","","","","","","","","","","","","","","","","","","","","","","","","","","","","","",15.,1,9.6,1,15.,1,"","",16.2,1,"","","","","","","","","","","","","","","","","","","","",70,1,"","","","","","","","","","","","",11.9,1,"","","","","","","","","","","","","","","","","","","","","","","","","","","","","","","","","","","","","","","","","","","","","","","","","","","","","","","","","","","","","","","","","","","","","","","","","","","","","","","","","","","","","","","","","","","","","","","","","","","","","","","","","","","","","","","","","","","",""
"06163007","TENDE_SAPC",44.043167,7.586,636,2000070802,0.,1,"","","","","","","","","","","","","","","","","","","","","","","","","","","","","","","","","","",13.6,1,8.4,1,13.6,1,"","",15.,1,"","","","","","","","","","","","","","","","","","","","",71,1,"","","","","","","","","","","","",11.,1,"","","","","","","","","","","","","","","","","","","","","","","","","","","","","","","","","","","","","","","","","","","","","","","","","","","","","","","","","","","","","","","","","","","","","","","","","","","","","","","","","","","","","","","","","","","","","","","","","","","","","","","","","","","","","","","","","","","",""
"06163007","TENDE_SAPC",44.043167,7.586,636,2000070803,0.,1,"","","","","","","","","","","","","","","","","","","","","","","","","","","","","","","","","","",12.6,1,7.7,1,12.6,1,"","",13.6,1,"","","","","","","","","","","","","","","","","","","","",72,1,"","","","","","","","","","","","",10.5,1,"","","","","","","","","","","","","","","","","","","","","","","","","","","","","","","","","","","","","","","","","","","","","","","","","","","","","","","","","","","","","","","","","","","","","","","","","","","","","","","","","","","","","","","","","","","","","","","","","","","","","","","","","","","","","","","","","","","",""
"06163007","TENDE_SAPC",44.043167,7.586,636,2000070804,0.,1,"","","","","","","","","","","","","","","","","","","","","","","","","","","","","","","","","","",12.7,1,6.3,1,12.4,1,"","",12.7,1,"","","","","","","","","","","","","","","","","","","","",65,1,"","","","","","","","","","","","",9.5,1,"","","","","","","","","","","","","","","","","","","","","","","","","","","","","","","","","","","","","","","","","","","","","","","","","","","","","","","","","","","","","","","","","","","","","","","","","","","","","","","","","","","","","","","","","","","","","","","","","","","","","","","","","","","","","","","","","","","",""
"06163007","TENDE_SAPC",44.043167,7.586,636,2000070805,0.,1,"","","","","","","","","","","","","","","","","","","","","","","","","","","","","","","","","","",12.1,1,6.4,1,12.1,1,"","",12.7,1,"","","","","","","","","","","","","","","","","","","","",68,1,"","","","","","","","","","","","",9.6,1,"","","","","","","","","","","","","","","","","","","","","","","","","","","","","","","","","","","","","","","","","","","","","","","","","","","","","","","","","","","","","","","","","","","","","","","","","","","","","","","","","","","","","","","","","","","","","","","","","","","","","","","","","","","","","","","","","","","",""
"06163007","TENDE_SAPC",44.043167,7.586,636,2000070806,0.,1,"","","","","","","","","","","","","","","","","","","","","","","","","","","","","","","","","","",11.9,1,6.2,1,11.8,1,"","",12.,1,"","","","","","","","","","","","","","","","","","","","",68,1,"","","","","","","","","","","","",9.5,1,"","","","","","","","","","","","","","","","","","","","","","","","","","","","","","","","","","","","","","","","","","","","","","","","","","","","","","","","","","","","","","","","","","","","","","","","","","","","","","","","","","","","","","","","","","","","","","","","","","","","","","","","","","","","","","","","","","","",""
"06163007","TENDE_SAPC",44.043167,7.586,636,2000070807,0.,1,"","","","","","","","","","","","","","","","","","","","","","","","","","","","","","","","","","",14.4,1,5.7,1,12.,1,"","",14.4,1,"","","","","","","","","","","","","","","","","","","","",56,1,"","","","","","","","","","","","",9.2,1,"","","","","","","","","","","","","","","","","","","","","","","","","","","","","","","","","","","","","","","","","","","","","","","","","","","","","","","","","","","","","","","","","","","","","","","","","","","","","","","","","","","","","","","","","","","","","","","","","","","","","","","","","","","","","","","","","","","",""
"06163007","TENDE_SAPC",44.043167,7.586,636,2000070808,0.,1,"","","","","","","","","","","","","","","","","","","","","","","","","","","","","","","","","","",20.9,1,6.8,1,14.6,1,"","",20.9,1,"","","","","","","","","","","","","","","","","","","","",40,1,"","","","","","","","","","","","",9.9,1,"","","","","","","","","","","","","","","","","","","","","","","","","","","","","","","","","","","","","","","","","","","","","","","","","","","","","","","","","","","","","","","","","","","","","","","","","","","","","","","","","","","","","","","","","","","","","","","","","","","","","","","","","","","","","","","","","","","",""
"06163007","TENDE_SAPC",44.043167,7.586,636,2000070809,0.,1,"","","","","","","","","","","","","","","","","","","","","","","","","","","","","","","","","","",23.3,1,8.6,1,20.9,1,"","",23.3,1,"","","","","","","","","","","","","","","","","","","","",39,1,"","","","","","","","","","","","",11.1,1,"","","","","","","","","","","","","","","","","","","","","","","","","","","","","","","","","","","","","","","","","","","","","","","","","","","","","","","","","","","","","","","","","","","","","","","","","","","","","","","","","","","","","","","","","","","","","","","","","","","","","","","","","","","","","","","","","","","",""
"06163007","TENDE_SAPC",44.043167,7.586,636,2000070810,0.,1,"","","","","","","","","","","","","","","","","","","","","","","","","","","","","","","","","","",24.9,1,8.8,1,23.4,1,"","",24.9,1,"","","","","","","","","","","","","","","","","","","","",36,1,"","","","","","","","","","","","",11.3,1,"","","","","","","","","","","","","","","","","","","","","","","","","","","","","","","","","","","","","","","","","","","","","","","","","","","","","","","","","","","","","","","","","","","","","","","","","","","","","","","","","","","","","","","","","","","","","","","","","","","","","","","","","","","","","","","","","","","",""
"06163007","TENDE_SAPC",44.043167,7.586,636,2000070811,0.,1,"","","","","","","","","","","","","","","","","","","","","","","","","","","","","","","","","","",26.,1,9.8,1,24.9,1,"","",26.1,1,"","","","","","","","","","","","","","","","","","","","",36,1,"","","","","","","","","","","","",12.1,1,"","","","","","","","","","","","","","","","","","","","","","","","","","","","","","","","","","","","","","","","","","","","","","","","","","","","","","","","","","","","","","","","","","","","","","","","","","","","","","","","","","","","","","","","","","","","","","","","","","","","","","","","","","","","","","","","","","","",""
"06163007","TENDE_SAPC",44.043167,7.586,636,2000070812,0.,1,"","","","","","","","","","","","","","","","","","","","","","","","","","","","","","","","","","",26.8,1,9.2,1,25.9,1,"","",27.1,1,"","","","","","","","","","","","","","","","","","","","",33,1,"","","","","","","","","","","","",11.6,1,"","","","","","","","","","","","","","","","","","","","","","","","","","","","","","","","","","","","","","","","","","","","","","","","","","","","","","","","","","","","","","","","","","","","","","","","","","","","","","","","","","","","","","","","","","","","","","","","","","","","","","","","","","","","","","","","","","","",""
"06163007","TENDE_SAPC",44.043167,7.586,636,2000070813,0.,1,"","","","","","","","","","","","","","","","","","","","","","","","","","","","","","","","","","",27.3,1,6.1,1,26.7,1,"","",27.4,1,"","","","","","","","","","","","","","","","","","","","",26,1,"","","","","","","","","","","","",9.4,1,"","","","","","","","","","","","","","","","","","","","","","","","","","","","","","","","","","","","","","","","","","","","","","","","","","","","","","","","","","","","","","","","","","","","","","","","","","","","","","","","","","","","","","","","","","","","","","","","","","","","","","","","","","","","","","","","","","","",""
"06163007","TENDE_SAPC",44.043167,7.586,636,2000070814,0.,1,"","","","","","","","","","","","","","","","","","","","","","","","","","","","","","","","","","",27.3,1,6.1,1,25.8,1,"","",27.4,1,"","","","","","","","","","","","","","","","","","","","",26,1,"","","","","","","","","","","","",9.4,1,"","","","","","","","","","","","","","","","","","","","","","","","","","","","","","","","","","","","","","","","","","","","","","","","","","","","","","","","","","","","","","","","","","","","","","","","","","","","","","","","","","","","","","","","","","","","","","","","","","","","","","","","","","","","","","","","","","","",""
"06163007","TENDE_SAPC",44.043167,7.586,636,2000070815,0.,1,"","","","","","","","","","","","","","","","","","","","","","","","","","","","","","","","","","",26.6,1,6.6,1,26.6,1,"","",27.4,1,"","","","","","","","","","","","","","","","","","","","",28,1,"","","","","","","","","","","","",9.7,1,"","","","","","","","","","","","","","","","","","","","","","","","","","","","","","","","","","","","","","","","","","","","","","","","","","","","","","","","","","","","","","","","","","","","","","","","","","","","","","","","","","","","","","","","","","","","","","","","","","","","","","","","","","","","","","","","","","","",""
"06163007","TENDE_SAPC",44.043167,7.586,636,2000070816,0.,1,"","","","","","","","","","","","","","","","","","","","","","","","","","","","","","","","","","",25.4,1,8.4,1,25.4,1,"","",26.6,1,"","","","","","","","","","","","","","","","","","","","",34,1,"","","","","","","","","","","","",11.,1,"","","","","","","","","","","","","","","","","","","","","","","","","","","","","","","","","","","","","","","","","","","","","","","","","","","","","","","","","","","","","","","","","","","","","","","","","","","","","","","","","","","","","","","","","","","","","","","","","","","","","","","","","","","","","","","","","","","",""
"06163007","TENDE_SAPC",44.043167,7.586,636,2000070817,0.,1,"","","","","","","","","","","","","","","","","","","","","","","","","","","","","","","","","","",23.9,1,8.7,1,23.9,1,"","",25.3,1,"","","","","","","","","","","","","","","","","","","","",38,1,"","","","","","","","","","","","",11.2,1,"","","","","","","","","","","","","","","","","","","","","","","","","","","","","","","","","","","","","","","","","","","","","","","","","","","","","","","","","","","","","","","","","","","","","","","","","","","","","","","","","","","","","","","","","","","","","","","","","","","","","","","","","","","","","","","","","","","",""
"06163007","TENDE_SAPC",44.043167,7.586,636,2000070818,0.,1,"","","","","","","","","","","","","","","","","","","","","","","","","","","","","","","","","","",21.2,1,9.4,1,21.2,1,"","",23.8,1,"","","","","","","","","","","","","","","","","","","","",47,1,"","","","","","","","","","","","",11.8,1,"","","","","","","","","","","","","","","","","","","","","","","","","","","","","","","","","","","","","","","","","","","","","","","","","","","","","","","","","","","","","","","","","","","","","","","","","","","","","","","","","","","","","","","","","","","","","","","","","","","","","","","","","","","","","","","","","","","",""
"06163007","TENDE_SAPC",44.043167,7.586,636,2000070819,0.,1,"","","","","","","","","","","","","","","","","","","","","","","","","","","","","","","","","","",22.2,1,7.2,1,20.6,1,"","",22.2,1,"","","","","","","","","","","","","","","","","","","","",38,1,"","","","","","","","","","","","",10.1,1,"","","","","","","","","","","","","","","","","","","","","","","","","","","","","","","","","","","","","","","","","","","","","","","","","","","","","","","","","","","","","","","","","","","","","","","","","","","","","","","","","","","","","","","","","","","","","","","","","","","","","","","","","","","","","","","","","","","",""
"06163007","TENDE_SAPC",44.043167,7.586,636,2000070820,0.,1,"","","","","","","","","","","","","","","","","","","","","","","","","","","","","","","","","","",21.7,1,3.8,1,21.1,1,"","",22.2,1,"","","","","","","","","","","","","","","","","","","","",31,1,"","","","","","","","","","","","",8.,1,"","","","","","","","","","","","","","","","","","","","","","","","","","","","","","","","","","","","","","","","","","","","","","","","","","","","","","","","","","","","","","","","","","","","","","","","","","","","","","","","","","","","","","","","","","","","","","","","","","","","","","","","","","","","","","","","","","","",""
"06163007","TENDE_SAPC",44.043167,7.586,636,2000070821,0.,1,"","","","","","","","","","","","","","","","","","","","","","","","","","","","","","","","","","",21.,1,1.3,1,21.,1,"","",21.8,1,"","","","","","","","","","","","","","","","","","","","",27,1,"","","","","","","","","","","","",6.7,1,"","","","","","","","","","","","","","","","","","","","","","","","","","","","","","","","","","","","","","","","","","","","","","","","","","","","","","","","","","","","","","","","","","","","","","","","","","","","","","","","","","","","","","","","","","","","","","","","","","","","","","","","","","","","","","","","","","","",""
"06163007","TENDE_SAPC",44.043167,7.586,636,2000070822,0.,1,"","","","","","","","","","","","","","","","","","","","","","","","","","","","","","","","","","",20.2,1,0.6,1,20.2,1,"","",21.,1,"","","","","","","","","","","","","","","","","","","","",27,1,"","","","","","","","","","","","",6.4,1,"","","","","","","","","","","","","","","","","","","","","","","","","","","","","","","","","","","","","","","","","","","","","","","","","","","","","","","","","","","","","","","","","","","","","","","","","","","","","","","","","","","","","","","","","","","","","","","","","","","","","","","","","","","","","","","","","","","",""
"06163007","TENDE_SAPC",44.043167,7.586,636,2000070823,0.,1,"","","","","","","","","","","","","","","","","","","","","","","","","","","","","","","","","","",18.8,1,1.3,1,18.8,1,"","",20.6,1,"","","","","","","","","","","","","","","","","","","","",31,1,"","","","","","","","","","","","",6.7,1,"","","","","","","","","","","","","","","","","","","","","","","","","","","","","","","","","","","","","","","","","","","","","","","","","","","","","","","","","","","","","","","","","","","","","","","","","","","","","","","","","","","","","","","","","","","","","","","","","","","","","","","","","","","","","","","","","","","",""
"06163007","TENDE_SAPC",44.043167,7.586,636,2000070900,0.,1,"","","","","","","","","","","","","","","","","","","","","","","","","","","","","","","","","","",17.9,1,0.1,1,17.5,1,"","",18.7,1,"","","","","","","","","","","","","","","","","","","","",30,1,"","","","","","","","","","","","",6.1,1,"","","","","","","","","","","","","","","","","","","","","","","","","","","","","","","","","","","","","","","","","","","","","","","","","","","","","","","","","","","","","","","","","","","","","","","","","","","","","","","","","","","","","","","","","","","","","","","","","","","","","","","","","","","","","","","","","","","",""
"06163007","TENDE_SAPC",44.043167,7.586,636,2000070901,0.,1,"","","","","","","","","","","","","","","","","","","","","","","","","","","","","","","","","","",16.5,1,0.6,1,16.5,1,"","",18.7,1,"","","","","","","","","","","","","","","","","","","","",34,1,"","","","","","","","","","","","",6.4,1,"","","","","","","","","","","","","","","","","","","","","","","","","","","","","","","","","","","","","","","","","","","","","","","","","","","","","","","","","","","","","","","","","","","","","","","","","","","","","","","","","","","","","","","","","","","","","","","","","","","","","","","","","","","","","","","","","","","",""
"06163007","TENDE_SAPC",44.043167,7.586,636,2000070902,0.,1,"","","","","","","","","","","","","","","","","","","","","","","","","","","","","","","","","","",14.9,1,0.3,1,14.9,1,"","",16.5,1,"","","","","","","","","","","","","","","","","","","","",37,1,"","","","","","","","","","","","",6.3,1,"","","","","","","","","","","","","","","","","","","","","","","","","","","","","","","","","","","","","","","","","","","","","","","","","","","","","","","","","","","","","","","","","","","","","","","","","","","","","","","","","","","","","","","","","","","","","","","","","","","","","","","","","","","","","","","","","","","",""
"06163007","TENDE_SAPC",44.043167,7.586,636,2000070903,0.,1,"","","","","","","","","","","","","","","","","","","","","","","","","","","","","","","","","","",12.9,1,-0.4,1,12.9,1,"","",14.9,1,"","","","","","","","","","","","","","","","","","","","",40,1,"","","","","","","","","","","","",5.9,1,"","","","","","","","","","","","","","","","","","","","","","","","","","","","","","","","","","","","","","","","","","","","","","","","","","","","","","","","","","","","","","","","","","","","","","","","","","","","","","","","","","","","","","","","","","","","","","","","","","","","","","","","","","","","","","","","","","","",""
"06163007","TENDE_SAPC",44.043167,7.586,636,2000070904,0.,1,"","","","","","","","","","","","","","","","","","","","","","","","","","","","","","","","","","",11.8,1,-0.1,1,11.7,1,"","",12.9,1,"","","","","","","","","","","","","","","","","","","","",44,1,"","","","","","","","","","","","",6.1,1,"","","","","","","","","","","","","","","","","","","","","","","","","","","","","","","","","","","","","","","","","","","","","","","","","","","","","","","","","","","","","","","","","","","","","","","","","","","","","","","","","","","","","","","","","","","","","","","","","","","","","","","","","","","","","","","","","","","",""
"06163007","TENDE_SAPC",44.043167,7.586,636,2000070905,0.,1,"","","","","","","","","","","","","","","","","","","","","","","","","","","","","","","","","","",11.,1,0.7,1,11.,1,"","",12.1,1,"","","","","","","","","","","","","","","","","","","","",49,1,"","","","","","","","","","","","",6.4,1,"","","","","","","","","","","","","","","","","","","","","","","","","","","","","","","","","","","","","","","","","","","","","","","","","","","","","","","","","","","","","","","","","","","","","","","","","","","","","","","","","","","","","","","","","","","","","","","","","","","","","","","","","","","","","","","","","","","",""
"06163007","TENDE_SAPC",44.043167,7.586,636,2000070906,0.,1,"","","","","","","","","","","","","","","","","","","","","","","","","","","","","","","","","","",11.,1,2.,1,10.8,1,"","",11.,1,"","","","","","","","","","","","","","","","","","","","",54,1,"","","","","","","","","","","","",7.1,1,"","","","","","","","","","","","","","","","","","","","","","","","","","","","","","","","","","","","","","","","","","","","","","","","","","","","","","","","","","","","","","","","","","","","","","","","","","","","","","","","","","","","","","","","","","","","","","","","","","","","","","","","","","","","","","","","","","","",""
"06163007","TENDE_SAPC",44.043167,7.586,636,2000070907,0.,1,"","","","","","","","","","","","","","","","","","","","","","","","","","","","","","","","","","",13.5,1,1.8,1,11.,1,"","",13.5,1,"","","","","","","","","","","","","","","","","","","","",45,1,"","","","","","","","","","","","",6.9,1,"","","","","","","","","","","","","","","","","","","","","","","","","","","","","","","","","","","","","","","","","","","","","","","","","","","","","","","","","","","","","","","","","","","","","","","","","","","","","","","","","","","","","","","","","","","","","","","","","","","","","","","","","","","","","","","","","","","",""
"06163007","TENDE_SAPC",44.043167,7.586,636,2000070908,0.,1,"","","","","","","","","","","","","","","","","","","","","","","","","","","","","","","","","","",19.6,1,2.4,1,13.6,1,"","",19.6,1,"","","","","","","","","","","","","","","","","","","","",32,1,"","","","","","","","","","","","",7.3,1,"","","","","","","","","","","","","","","","","","","","","","","","","","","","","","","","","","","","","","","","","","","","","","","","","","","","","","","","","","","","","","","","","","","","","","","","","","","","","","","","","","","","","","","","","","","","","","","","","","","","","","","","","","","","","","","","","","","",""
"06163007","TENDE_SAPC",44.043167,7.586,636,2000070909,0.,1,"","","","","","","","","","","","","","","","","","","","","","","","","","","","","","","","","","",22.1,1,4.6,1,19.7,1,"","",22.1,1,"","","","","","","","","","","","","","","","","","","","",32,1,"","","","","","","","","","","","",8.5,1,"","","","","","","","","","","","","","","","","","","","","","","","","","","","","","","","","","","","","","","","","","","","","","","","","","","","","","","","","","","","","","","","","","","","","","","","","","","","","","","","","","","","","","","","","","","","","","","","","","","","","","","","","","","","","","","","","","","",""
"06163007","TENDE_SAPC",44.043167,7.586,636,2000070910,0.,1,"","","","","","","","","","","","","","","","","","","","","","","","","","","","","","","","","","",22.4,1,4.9,1,21.9,1,"","",22.9,1,"","","","","","","","","","","","","","","","","","","","",32,1,"","","","","","","","","","","","",8.6,1,"","","","","","","","","","","","","","","","","","","","","","","","","","","","","","","","","","","","","","","","","","","","","","","","","","","","","","","","","","","","","","","","","","","","","","","","","","","","","","","","","","","","","","","","","","","","","","","","","","","","","","","","","","","","","","","","","","","",""
"06163007","TENDE_SAPC",44.043167,7.586,636,2000070911,0.,1,"","","","","","","","","","","","","","","","","","","","","","","","","","","","","","","","","","",21.7,1,6.,1,21.6,1,"","",22.8,1,"","","","","","","","","","","","","","","","","","","","",36,1,"","","","","","","","","","","","",9.3,1,"","","","","","","","","","","","","","","","","","","","","","","","","","","","","","","","","","","","","","","","","","","","","","","","","","","","","","","","","","","","","","","","","","","","","","","","","","","","","","","","","","","","","","","","","","","","","","","","","","","","","","","","","","","","","","","","","","","",""
"06163007","TENDE_SAPC",44.043167,7.586,636,2000070912,0.,1,"","","","","","","","","","","","","","","","","","","","","","","","","","","","","","","","","","",22.8,1,4.3,1,21.7,1,"","",22.9,1,"","","","","","","","","","","","","","","","","","","","",30,1,"","","","","","","","","","","","",8.3,1,"","","","","","","","","","","","","","","","","","","","","","","","","","","","","","","","","","","","","","","","","","","","","","","","","","","","","","","","","","","","","","","","","","","","","","","","","","","","","","","","","","","","","","","","","","","","","","","","","","","","","","","","","","","","","","","","","","","",""
"06163007","TENDE_SAPC",44.043167,7.586,636,2000070913,0.,1,"","","","","","","","","","","","","","","","","","","","","","","","","","","","","","","","","","",23.,1,4.5,1,22.8,1,"","",23.4,1,"","","","","","","","","","","","","","","","","","","","",30,1,"","","","","","","","","","","","",8.4,1,"","","","","","","","","","","","","","","","","","","","","","","","","","","","","","","","","","","","","","","","","","","","","","","","","","","","","","","","","","","","","","","","","","","","","","","","","","","","","","","","","","","","","","","","","","","","","","","","","","","","","","","","","","","","","","","","","","","",""
"06163007","TENDE_SAPC",44.043167,7.586,636,2000070914,0.,1,"","","","","","","","","","","","","","","","","","","","","","","","","","","","","","","","","","",22.9,1,3.9,1,22.8,1,"","",23.2,1,"","","","","","","","","","","","","","","","","","","","",29,1,"","","","","","","","","","","","",8.1,1,"","","","","","","","","","","","","","","","","","","","","","","","","","","","","","","","","","","","","","","","","","","","","","","","","","","","","","","","","","","","","","","","","","","","","","","","","","","","","","","","","","","","","","","","","","","","","","","","","","","","","","","","","","","","","","","","","","","",""
"06163007","TENDE_SAPC",44.043167,7.586,636,2000070915,0.,1,"","","","","","","","","","","","","","","","","","","","","","","","","","","","","","","","","","",22.6,1,4.1,1,22.4,1,"","",23.1,1,"","","","","","","","","","","","","","","","","","","","",30,1,"","","","","","","","","","","","",8.2,1,"","","","","","","","","","","","","","","","","","","","","","","","","","","","","","","","","","","","","","","","","","","","","","","","","","","","","","","","","","","","","","","","","","","","","","","","","","","","","","","","","","","","","","","","","","","","","","","","","","","","","","","","","","","","","","","","","","","",""
"06163007","TENDE_SAPC",44.043167,7.586,636,2000070916,0.,1,"","","","","","","","","","","","","","","","","","","","","","","","","","","","","","","","","","",21.8,1,5.2,1,21.8,1,"","",22.7,1,"","","","","","","","","","","","","","","","","","","","",34,1,"","","","","","","","","","","","",8.9,1,"","","","","","","","","","","","","","","","","","","","","","","","","","","","","","","","","","","","","","","","","","","","","","","","","","","","","","","","","","","","","","","","","","","","","","","","","","","","","","","","","","","","","","","","","","","","","","","","","","","","","","","","","","","","","","","","","","","",""
"06163007","TENDE_SAPC",44.043167,7.586,636,2000070917,0.,1,"","","","","","","","","","","","","","","","","","","","","","","","","","","","","","","","","","",20.2,1,3.4,1,20.2,1,"","",21.8,1,"","","","","","","","","","","","","","","","","","","","",33,1,"","","","","","","","","","","","",7.8,1,"","","","","","","","","","","","","","","","","","","","","","","","","","","","","","","","","","","","","","","","","","","","","","","","","","","","","","","","","","","","","","","","","","","","","","","","","","","","","","","","","","","","","","","","","","","","","","","","","","","","","","","","","","","","","","","","","","","",""
"06163007","TENDE_SAPC",44.043167,7.586,636,2000070918,0.,1,"","","","","","","","","","","","","","","","","","","","","","","","","","","","","","","","","","",19.9,1,2.3,1,19.6,1,"","",20.2,1,"","","","","","","","","","","","","","","","","","","","",31,1,"","","","","","","","","","","","",7.2,1,"","","","","","","","","","","","","","","","","","","","","","","","","","","","","","","","","","","","","","","","","","","","","","","","","","","","","","","","","","","","","","","","","","","","","","","","","","","","","","","","","","","","","","","","","","","","","","","","","","","","","","","","","","","","","","","","","","","",""
"06163007","TENDE_SAPC",44.043167,7.586,636,2000070919,0.,1,"","","","","","","","","","","","","","","","","","","","","","","","","","","","","","","","","","",17.3,1,3.6,1,17.3,1,"","",19.9,1,"","","","","","","","","","","","","","","","","","","","",40,1,"","","","","","","","","","","","",7.9,1,"","","","","","","","","","","","","","","","","","","","","","","","","","","","","","","","","","","","","","","","","","","","","","","","","","","","","","","","","","","","","","","","","","","","","","","","","","","","","","","","","","","","","","","","","","","","","","","","","","","","","","","","","","","","","","","","","","","",""
"06163007","TENDE_SAPC",44.043167,7.586,636,2000070920,0.,1,"","","","","","","","","","","","","","","","","","","","","","","","","","","","","","","","","","",15.1,1,5.3,1,15.1,1,"","",17.2,1,"","","","","","","","","","","","","","","","","","","","",52,1,"","","","","","","","","","","","",8.9,1,"","","","","","","","","","","","","","","","","","","","","","","","","","","","","","","","","","","","","","","","","","","","","","","","","","","","","","","","","","","","","","","","","","","","","","","","","","","","","","","","","","","","","","","","","","","","","","","","","","","","","","","","","","","","","","","","","","","",""
"06163007","TENDE_SAPC",44.043167,7.586,636,2000070921,0.,1,"","","","","","","","","","","","","","","","","","","","","","","","","","","","","","","","","","",15.,1,4.4,1,14.6,1,"","",15.3,1,"","","","","","","","","","","","","","","","","","","","",49,1,"","","","","","","","","","","","",8.3,1,"","","","","","","","","","","","","","","","","","","","","","","","","","","","","","","","","","","","","","","","","","","","","","","","","","","","","","","","","","","","","","","","","","","","","","","","","","","","","","","","","","","","","","","","","","","","","","","","","","","","","","","","","","","","","","","","","","","",""
"06163007","TENDE_SAPC",44.043167,7.586,636,2000070922,0.,1,"","","","","","","","","","","","","","","","","","","","","","","","","","","","","","","","","","",13.7,1,4.6,1,13.7,1,"","",15.,1,"","","","","","","","","","","","","","","","","","","","",54,1,"","","","","","","","","","","","",8.4,1,"","","","","","","","","","","","","","","","","","","","","","","","","","","","","","","","","","","","","","","","","","","","","","","","","","","","","","","","","","","","","","","","","","","","","","","","","","","","","","","","","","","","","","","","","","","","","","","","","","","","","","","","","","","","","","","","","","","",""
"06163007","TENDE_SAPC",44.043167,7.586,636,2000070923,0.,1,"","","","","","","","","","","","","","","","","","","","","","","","","","","","","","","","","","",13.1,1,4.5,1,13.1,1,"","",13.7,1,"","","","","","","","","","","","","","","","","","","","",56,1,"","","","","","","","","","","","",8.4,1,"","","","","","","","","","","","","","","","","","","","","","","","","","","","","","","","","","","","","","","","","","","","","","","","","","","","","","","","","","","","","","","","","","","","","","","","","","","","","","","","","","","","","","","","","","","","","","","","","","","","","","","","","","","","","","","","","","","",""
"06163007","TENDE_SAPC",44.043167,7.586,636,2000071000,0.,1,"","","","","","","","","","","","","","","","","","","","","","","","","","","","","","","","","","",12.4,1,4.6,1,12.1,1,"","",13.1,1,"","","","","","","","","","","","","","","","","","","","",59,1,"","","","","","","","","","","","",8.5,1,"","","","","","","","","","","","","","","","","","","","","","","","","","","","","","","","","","","","","","","","","","","","","","","","","","","","","","","","","","","","","","","","","","","","","","","","","","","","","","","","","","","","","","","","","","","","","","","","","","","","","","","","","","","","","","","","","","","",""
"06163007","TENDE_SAPC",44.043167,7.586,636,2000071001,0.,1,"","","","","","","","","","","","","","","","","","","","","","","","","","","","","","","","","","",10.9,1,5.,1,10.9,1,"","",12.3,1,"","","","","","","","","","","","","","","","","","","","",67,1,"","","","","","","","","","","","",8.7,1,"","","","","","","","","","","","","","","","","","","","","","","","","","","","","","","","","","","","","","","","","","","","","","","","","","","","","","","","","","","","","","","","","","","","","","","","","","","","","","","","","","","","","","","","","","","","","","","","","","","","","","","","","","","","","","","","","","","",""
"06163007","TENDE_SAPC",44.043167,7.586,636,2000071002,0.,1,"","","","","","","","","","","","","","","","","","","","","","","","","","","","","","","","","","",10.7,1,4.6,1,10.6,1,"","",10.9,1,"","","","","","","","","","","","","","","","","","","","",66,1,"","","","","","","","","","","","",8.5,1,"","","","","","","","","","","","","","","","","","","","","","","","","","","","","","","","","","","","","","","","","","","","","","","","","","","","","","","","","","","","","","","","","","","","","","","","","","","","","","","","","","","","","","","","","","","","","","","","","","","","","","","","","","","","","","","","","","","",""
"06163007","TENDE_SAPC",44.043167,7.586,636,2000071003,0.,1,"","","","","","","","","","","","","","","","","","","","","","","","","","","","","","","","","","",10.7,1,4.4,1,10.6,1,"","",10.8,1,"","","","","","","","","","","","","","","","","","","","",65,1,"","","","","","","","","","","","",8.3,1,"","","","","","","","","","","","","","","","","","","","","","","","","","","","","","","","","","","","","","","","","","","","","","","","","","","","","","","","","","","","","","","","","","","","","","","","","","","","","","","","","","","","","","","","","","","","","","","","","","","","","","","","","","","","","","","","","","","",""
"06163007","TENDE_SAPC",44.043167,7.586,636,2000071004,0.,1,"","","","","","","","","","","","","","","","","","","","","","","","","","","","","","","","","","",10.5,1,4.2,1,10.5,1,"","",10.8,1,"","","","","","","","","","","","","","","","","","","","",65,1,"","","","","","","","","","","","",8.2,1,"","","","","","","","","","","","","","","","","","","","","","","","","","","","","","","","","","","","","","","","","","","","","","","","","","","","","","","","","","","","","","","","","","","","","","","","","","","","","","","","","","","","","","","","","","","","","","","","","","","","","","","","","","","","","","","","","","","",""
"06163007","TENDE_SAPC",44.043167,7.586,636,2000071005,0.,1,"","","","","","","","","","","","","","","","","","","","","","","","","","","","","","","","","","",10.2,1,4.6,1,10.2,1,"","",10.5,1,"","","","","","","","","","","","","","","","","","","","",68,1,"","","","","","","","","","","","",8.4,1,"","","","","","","","","","","","","","","","","","","","","","","","","","","","","","","","","","","","","","","","","","","","","","","","","","","","","","","","","","","","","","","","","","","","","","","","","","","","","","","","","","","","","","","","","","","","","","","","","","","","","","","","","","","","","","","","","","","",""
"06163007","TENDE_SAPC",44.043167,7.586,636,2000071006,0.,1,"","","","","","","","","","","","","","","","","","","","","","","","","","","","","","","","","","",10.2,1,5.,1,10.,1,"","",10.2,1,"","","","","","","","","","","","","","","","","","","","",70,1,"","","","","","","","","","","","",8.7,1,"","","","","","","","","","","","","","","","","","","","","","","","","","","","","","","","","","","","","","","","","","","","","","","","","","","","","","","","","","","","","","","","","","","","","","","","","","","","","","","","","","","","","","","","","","","","","","","","","","","","","","","","","","","","","","","","","","","",""
"06163007","TENDE_SAPC",44.043167,7.586,636,2000071007,0.,1,"","","","","","","","","","","","","","","","","","","","","","","","","","","","","","","","","","",13.8,1,5.2,1,10.2,1,"","",13.8,1,"","","","","","","","","","","","","","","","","","","","",56,1,"","","","","","","","","","","","",8.8,1,"","","","","","","","","","","","","","","","","","","","","","","","","","","","","","","","","","","","","","","","","","","","","","","","","","","","","","","","","","","","","","","","","","","","","","","","","","","","","","","","","","","","","","","","","","","","","","","","","","","","","","","","","","","","","","","","","","","",""
"06163007","TENDE_SAPC",44.043167,7.586,636,2000071008,0.,1,"","","","","","","","","","","","","","","","","","","","","","","","","","","","","","","","","","",19.6,1,3.3,1,13.9,1,"","",19.6,1,"","","","","","","","","","","","","","","","","","","","",34,1,"","","","","","","","","","","","",7.7,1,"","","","","","","","","","","","","","","","","","","","","","","","","","","","","","","","","","","","","","","","","","","","","","","","","","","","","","","","","","","","","","","","","","","","","","","","","","","","","","","","","","","","","","","","","","","","","","","","","","","","","","","","","","","","","","","","","","","",""
"06163007","TENDE_SAPC",44.043167,7.586,636,2000071009,0.,1,"","","","","","","","","","","","","","","","","","","","","","","","","","","","","","","","","","",21.,1,4.5,1,19.6,1,"","","","","","","","","","","","","","","","","","","","","","","","",34,1,"","","","","","","","","","","","",8.4,1,"","","","","","","","","","","","","","","","","","","","","","","","","","","","","","","","","","","","","","","","","","","","","","","","","","","","","","","","","","","","","","","","","","","","","","","","","","","","","","","","","","","","","","","","","","","","","","","","","","","","","","","","","","","","","","","","","","","",""
"06163007","TENDE_SAPC",44.043167,7.586,636,2000071010,0.,1,"","","","","","","","","","","","","","","","","","","","","","","","","","","","","","","","","","",20.7,1,8.7,1,20.7,1,"","","","","","","","","","","","","","","","","","","","","","","","",46,1,"","","","","","","","","","","","",11.2,1,"","","","","","","","","","","","","","","","","","","","","","","","","","","","","","","","","","","","","","","","","","","","","","","","","","","","","","","","","","","","","","","","","","","","","","","","","","","","","","","","","","","","","","","","","","","","","","","","","","","","","","","","","","","","","","","","","","","",""
"06163007","TENDE_SAPC",44.043167,7.586,636,2000071011,0.,1,"","","","","","","","","","","","","","","","","","","","","","","","","","","","","","","","","","",20.5,1,9.7,1,20.2,1,"","",20.8,1,"","","","","","","","","","","","","","","","","","","","",50,1,"","","","","","","","","","","","",12.,1,"","","","","","","","","","","","","","","","","","","","","","","","","","","","","","","","","","","","","","","","","","","","","","","","","","","","","","","","","","","","","","","","","","","","","","","","","","","","","","","","","","","","","","","","","","","","","","","","","","","","","","","","","","","","","","","","","","","",""
"06163007","TENDE_SAPC",44.043167,7.586,636,2000071012,0.,1,"","","","","","","","","","","","","","","","","","","","","","","","","","","","","","","","","","",20.5,1,10.6,1,20.3,1,"","",20.9,1,"","","","","","","","","","","","","","","","","","","","",53,1,"","","","","","","","","","","","",12.8,1,"","","","","","","","","","","","","","","","","","","","","","","","","","","","","","","","","","","","","","","","","","","","","","","","","","","","","","","","","","","","","","","","","","","","","","","","","","","","","","","","","","","","","","","","","","","","","","","","","","","","","","","","","","","","","","","","","","","",""
"06163007","TENDE_SAPC",44.043167,7.586,636,2000071013,0.,1,"","","","","","","","","","","","","","","","","","","","","","","","","","","","","","","","","","",20.1,1,9.9,1,19.9,1,"","",20.5,1,"","","","","","","","","","","","","","","","","","","","",52,1,"","","","","","","","","","","","",12.2,1,"","","","","","","","","","","","","","","","","","","","","","","","","","","","","","","","","","","","","","","","","","","","","","","","","","","","","","","","","","","","","","","","","","","","","","","","","","","","","","","","","","","","","","","","","","","","","","","","","","","","","","","","","","","","","","","","","","","",""
"06163007","TENDE_SAPC",44.043167,7.586,636,2000071014,1.6,1,"","","","","","","","","","","","","","","","","","","","","","","","","","","","","","","","","","",17.5,1,12.6,1,17.5,1,"","",20.2,1,"","","","","","","","","","","","","","","","","","","","",73,1,"","","","","","","","","","","","",14.6,1,"","","","","","","","","","","","","","","","","","","","","","","","","","","","","","","","","","","","","","","","","","","","","","","","","","","","","","","","","","","","","","","","","","","","","","","","","","","","","","","","","","","","","","","","","","","","","","","","","","","","","","","","","","","","","","","","","","","",""
"06163007","TENDE_SAPC",44.043167,7.586,636,2000071015,0.,1,"","","","","","","","","","","","","","","","","","","","","","","","","","","","","","","","","","",17.4,1,13.1,1,17.3,1,"","",17.8,1,"","","","","","","","","","","","","","","","","","","","",76,1,"","","","","","","","","","","","",15.1,1,"","","","","","","","","","","","","","","","","","","","","","","","","","","","","","","","","","","","","","","","","","","","","","","","","","","","","","","","","","","","","","","","","","","","","","","","","","","","","","","","","","","","","","","","","","","","","","","","","","","","","","","","","","","","","","","","","","","",""
"06163007","TENDE_SAPC",44.043167,7.586,636,2000071016,0.2,1,"","","","","","","","","","","","","","","","","","","","","","","","","","","","","","","","","","",17.,1,12.9,1,17.,1,"","",17.5,1,"","","","","","","","","","","","","","","","","","","","",77,1,"","","","","","","","","","","","",14.9,1,"","","","","","","","","","","","","","","","","","","","","","","","","","","","","","","","","","","","","","","","","","","","","","","","","","","","","","","","","","","","","","","","","","","","","","","","","","","","","","","","","","","","","","","","","","","","","","","","","","","","","","","","","","","","","","","","","","","",""
"06163007","TENDE_SAPC",44.043167,7.586,636,2000071017,0.2,1,"","","","","","","","","","","","","","","","","","","","","","","","","","","","","","","","","","",16.2,1,12.7,1,16.2,1,"","",17.,1,"","","","","","","","","","","","","","","","","","","","",80,1,"","","","","","","","","","","","",14.7,1,"","","","","","","","","","","","","","","","","","","","","","","","","","","","","","","","","","","","","","","","","","","","","","","","","","","","","","","","","","","","","","","","","","","","","","","","","","","","","","","","","","","","","","","","","","","","","","","","","","","","","","","","","","","","","","","","","","","",""
"06163007","TENDE_SAPC",44.043167,7.586,636,2000071018,11.6,1,"","","","","","","","","","","","","","","","","","","","","","","","","","","","","","","","","","",15.5,1,12.4,1,15.4,1,"","",16.2,1,"","","","","","","","","","","","","","","","","","","","",82,1,"","","","","","","","","","","","",14.4,1,"","","","","","","","","","","","","","","","","","","","","","","","","","","","","","","","","","","","","","","","","","","","","","","","","","","","","","","","","","","","","","","","","","","","","","","","","","","","","","","","","","","","","","","","","","","","","","","","","","","","","","","","","","","","","","","","","","","",""
"06163007","TENDE_SAPC",44.043167,7.586,636,2000072012,"","","","","","","","","","","","","","","","","","","","","","","","","","","","","","","","","","","","",21.5,1,"","","","","","","","","","","","","","","","","","","","","","","","","","","","","","","","","","","","","","","","","","","","","","","","","","","","","","","","","","","","","","","","","","","","","","","","","","","","","","","","","","","","","","","","","","","","","","","","","","","","","","","","","","","","","","","","","","","","","","","","","","","","","","","","","","","","","","","","","","","","","","","","","","","","","","","","","","","","","","","",""
"06163007","TENDE_SAPC",44.043167,7.586,636,2000072013,0.,1,"","","","","","","","","","","","","","","","","","","","","","","","","","","","","","","","","","",20.,1,12.,1,20.,1,"","",21.4,1,"","","","","","","","","","","","","","","","","","","","",60,1,"","","","","","","","","","","","",14.,1,"","","","","","","","","","","","","","","","","","","","","","","","","","","","","","","","","","","","","","","","","","","","","","","","","","","","","","","","","","","","","","","","","","","","","","","","","","","","","","","","","","","","","","","","","","","","","","","","","","","","","","","","","","","","","","","","","","","",""
"06163007","TENDE_SAPC",44.043167,7.586,636,2000072015,0.4,1,"","","","","","","","","","","","","","","","","","","","","","","","","","","","","","","","","","",16.6,1,12.1,1,"","","","","","","","","","","","","","","","","","","","","","","","","","",75,1,"","","","","","","","","","","","",14.1,1,"","","","","","","","","","","","","","","","","","","","","","","","","","","","","","","","","","","","","","","","","","","","","","","","","","","","","","","","","","","","","","","","","","","","","","","","","","","","","","","","","","","","","","","","","","","","","","","","","","","","","","","","","","","","","","","","","","","",""
"06163007","TENDE_SAPC",44.043167,7.586,636,2000072016,0.,1,"","","","","","","","","","","","","","","","","","","","","","","","","","","","","","","","","","",17.2,1,13.1,1,16.7,1,"","",17.3,1,"","","","","","","","","","","","","","","","","","","","",77,1,"","","","","","","","","","","","",15.1,1,"","","","","","","","","","","","","","","","","","","","","","","","","","","","","","","","","","","","","","","","","","","","","","","","","","","","","","","","","","","","","","","","","","","","","","","","","","","","","","","","","","","","","","","","","","","","","","","","","","","","","","","","","","","","","","","","","","","",""
"06163007","TENDE_SAPC",44.043167,7.586,636,2000072017,0.,1,"","","","","","","","","","","","","","","","","","","","","","","","","","","","","","","","","","",17.8,1,13.7,1,17.3,1,"","",18.1,1,"","","","","","","","","","","","","","","","","","","","",77,1,"","","","","","","","","","","","",15.7,1,"","","","","","","","","","","","","","","","","","","","","","","","","","","","","","","","","","","","","","","","","","","","","","","","","","","","","","","","","","","","","","","","","","","","","","","","","","","","","","","","","","","","","","","","","","","","","","","","","","","","","","","","","","","","","","","","","","","",""
"06163007","TENDE_SAPC",44.043167,7.586,636,2000072018,0.,1,"","","","","","","","","","","","","","","","","","","","","","","","","","","","","","","","","","",16.2,1,12.9,1,16.1,1,"","",17.8,1,"","","","","","","","","","","","","","","","","","","","",81,1,"","","","","","","","","","","","",14.9,1,"","","","","","","","","","","","","","","","","","","","","","","","","","","","","","","","","","","","","","","","","","","","","","","","","","","","","","","","","","","","","","","","","","","","","","","","","","","","","","","","","","","","","","","","","","","","","","","","","","","","","","","","","","","","","","","","","","","",""
"06163007","TENDE_SAPC",44.043167,7.586,636,2000072019,0.,1,"","","","","","","","","","","","","","","","","","","","","","","","","","","","","","","","","","",15.7,1,12.8,1,15.7,1,"","",16.2,1,"","","","","","","","","","","","","","","","","","","","",83,1,"","","","","","","","","","","","",14.8,1,"","","","","","","","","","","","","","","","","","","","","","","","","","","","","","","","","","","","","","","","","","","","","","","","","","","","","","","","","","","","","","","","","","","","","","","","","","","","","","","","","","","","","","","","","","","","","","","","","","","","","","","","","","","","","","","","","","","",""
"06163007","TENDE_SAPC",44.043167,7.586,636,2000072020,0.,1,"","","","","","","","","","","","","","","","","","","","","","","","","","","","","","","","","","",15.8,1,12.7,1,15.6,1,"","",15.9,1,"","","","","","","","","","","","","","","","","","","","",82,1,"","","","","","","","","","","","",14.7,1,"","","","","","","","","","","","","","","","","","","","","","","","","","","","","","","","","","","","","","","","","","","","","","","","","","","","","","","","","","","","","","","","","","","","","","","","","","","","","","","","","","","","","","","","","","","","","","","","","","","","","","","","","","","","","","","","","","","",""
"06163007","TENDE_SAPC",44.043167,7.586,636,2000072021,0.,1,"","","","","","","","","","","","","","","","","","","","","","","","","","","","","","","","","","",15.1,1,12.2,1,15.1,1,"","",15.9,1,"","","","","","","","","","","","","","","","","","","","",83,1,"","","","","","","","","","","","",14.2,1,"","","","","","","","","","","","","","","","","","","","","","","","","","","","","","","","","","","","","","","","","","","","","","","","","","","","","","","","","","","","","","","","","","","","","","","","","","","","","","","","","","","","","","","","","","","","","","","","","","","","","","","","","","","","","","","","","","","",""
"06163007","TENDE_SAPC",44.043167,7.586,636,2000072022,0.,1,"","","","","","","","","","","","","","","","","","","","","","","","","","","","","","","","","","",13.6,1,10.9,1,13.6,1,"","",15.1,1,"","","","","","","","","","","","","","","","","","","","",84,1,"","","","","","","","","","","","",13.1,1,"","","","","","","","","","","","","","","","","","","","","","","","","","","","","","","","","","","","","","","","","","","","","","","","","","","","","","","","","","","","","","","","","","","","","","","","","","","","","","","","","","","","","","","","","","","","","","","","","","","","","","","","","","","","","","","","","","","",""
"06163007","TENDE_SAPC",44.043167,7.586,636,2000072023,0.,1,"","","","","","","","","","","","","","","","","","","","","","","","","","","","","","","","","","",12.8,1,9.6,1,12.8,1,"","",13.6,1,"","","","","","","","","","","","","","","","","","","","",81,1,"","","","","","","","","","","","",12.,1,"","","","","","","","","","","","","","","","","","","","","","","","","","","","","","","","","","","","","","","","","","","","","","","","","","","","","","","","","","","","","","","","","","","","","","","","","","","","","","","","","","","","","","","","","","","","","","","","","","","","","","","","","","","","","","","","","","","",""
"06163007","TENDE_SAPC",44.043167,7.586,636,2000072100,0.,1,"","","","","","","","","","","","","","","","","","","","","","","","","","","","","","","","","","",12.,1,8.8,1,12.,1,"","",12.8,1,"","","","","","","","","","","","","","","","","","","","",81,1,"","","","","","","","","","","","",11.3,1,"","","","","","","","","","","","","","","","","","","","","","","","","","","","","","","","","","","","","","","","","","","","","","","","","","","","","","","","","","","","","","","","","","","","","","","","","","","","","","","","","","","","","","","","","","","","","","","","","","","","","","","","","","","","","","","","","","","",""
"06163007","TENDE_SAPC",44.043167,7.586,636,2000072101,0.,1,"","","","","","","","","","","","","","","","","","","","","","","","","","","","","","","","","","",11.6,1,8.3,1,11.6,1,"","",12.2,1,"","","","","","","","","","","","","","","","","","","","",80,1,"","","","","","","","","","","","",10.9,1,"","","","","","","","","","","","","","","","","","","","","","","","","","","","","","","","","","","","","","","","","","","","","","","","","","","","","","","","","","","","","","","","","","","","","","","","","","","","","","","","","","","","","","","","","","","","","","","","","","","","","","","","","","","","","","","","","","","",""
"06163007","TENDE_SAPC",44.043167,7.586,636,2000072102,0.,1,"","","","","","","","","","","","","","","","","","","","","","","","","","","","","","","","","","",11.3,1,7.8,1,11.3,1,"","",11.6,1,"","","","","","","","","","","","","","","","","","","","",79,1,"","","","","","","","","","","","",10.6,1,"","","","","","","","","","","","","","","","","","","","","","","","","","","","","","","","","","","","","","","","","","","","","","","","","","","","","","","","","","","","","","","","","","","","","","","","","","","","","","","","","","","","","","","","","","","","","","","","","","","","","","","","","","","","","","","","","","","",""
"06163007","TENDE_SAPC",44.043167,7.586,636,2000072103,0.,1,"","","","","","","","","","","","","","","","","","","","","","","","","","","","","","","","","","",11.,1,7.5,1,11.,1,"","",11.4,1,"","","","","","","","","","","","","","","","","","","","",79,1,"","","","","","","","","","","","",10.4,1,"","","","","","","","","","","","","","","","","","","","","","","","","","","","","","","","","","","","","","","","","","","","","","","","","","","","","","","","","","","","","","","","","","","","","","","","","","","","","","","","","","","","","","","","","","","","","","","","","","","","","","","","","","","","","","","","","","","",""
"06163007","TENDE_SAPC",44.043167,7.586,636,2000072104,0.,1,"","","","","","","","","","","","","","","","","","","","","","","","","","","","","","","","","","",10.9,1,7.4,1,10.8,1,"","",11.,1,"","","","","","","","","","","","","","","","","","","","",79,1,"","","","","","","","","","","","",10.3,1,"","","","","","","","","","","","","","","","","","","","","","","","","","","","","","","","","","","","","","","","","","","","","","","","","","","","","","","","","","","","","","","","","","","","","","","","","","","","","","","","","","","","","","","","","","","","","","","","","","","","","","","","","","","","","","","","","","","",""
"06163007","TENDE_SAPC",44.043167,7.586,636,2000072105,0.,1,"","","","","","","","","","","","","","","","","","","","","","","","","","","","","","","","","","",10.7,1,7.6,1,10.6,1,"","",10.9,1,"","","","","","","","","","","","","","","","","","","","",81,1,"","","","","","","","","","","","",10.4,1,"","","","","","","","","","","","","","","","","","","","","","","","","","","","","","","","","","","","","","","","","","","","","","","","","","","","","","","","","","","","","","","","","","","","","","","","","","","","","","","","","","","","","","","","","","","","","","","","","","","","","","","","","","","","","","","","","","","",""
"06163007","TENDE_SAPC",44.043167,7.586,636,2000072106,0.,1,"","","","","","","","","","","","","","","","","","","","","","","","","","","","","","","","","","",11.,1,8.,1,10.7,1,"","",11.,1,"","","","","","","","","","","","","","","","","","","","",82,1,"","","","","","","","","","","","",10.7,1,"","","","","","","","","","","","","","","","","","","","","","","","","","","","","","","","","","","","","","","","","","","","","","","","","","","","","","","","","","","","","","","","","","","","","","","","","","","","","","","","","","","","","","","","","","","","","","","","","","","","","","","","","","","","","","","","","","","",""
"06163007","TENDE_SAPC",44.043167,7.586,636,2000072107,0.,1,"","","","","","","","","","","","","","","","","","","","","","","","","","","","","","","","","","",12.9,1,8.6,1,11.,1,"","",12.9,1,"","","","","","","","","","","","","","","","","","","","",75,1,"","","","","","","","","","","","",11.1,1,"","","","","","","","","","","","","","","","","","","","","","","","","","","","","","","","","","","","","","","","","","","","","","","","","","","","","","","","","","","","","","","","","","","","","","","","","","","","","","","","","","","","","","","","","","","","","","","","","","","","","","","","","","","","","","","","","","","",""
"06163007","TENDE_SAPC",44.043167,7.586,636,2000072108,0.,1,"","","","","","","","","","","","","","","","","","","","","","","","","","","","","","","","","","",17.7,1,9.8,1,13.,1,"","",17.7,1,"","","","","","","","","","","","","","","","","","","","",60,1,"","","","","","","","","","","","",12.1,1,"","","","","","","","","","","","","","","","","","","","","","","","","","","","","","","","","","","","","","","","","","","","","","","","","","","","","","","","","","","","","","","","","","","","","","","","","","","","","","","","","","","","","","","","","","","","","","","","","","","","","","","","","","","","","","","","","","","",""
"06163007","TENDE_SAPC",44.043167,7.586,636,2000072109,0.,1,"","","","","","","","","","","","","","","","","","","","","","","","","","","","","","","","","","",21.6,1,11.,1,17.8,1,"","",21.6,1,"","","","","","","","","","","","","","","","","","","","",51,1,"","","","","","","","","","","","",13.1,1,"","","","","","","","","","","","","","","","","","","","","","","","","","","","","","","","","","","","","","","","","","","","","","","","","","","","","","","","","","","","","","","","","","","","","","","","","","","","","","","","","","","","","","","","","","","","","","","","","","","","","","","","","","","","","","","","","","","",""
"06163007","TENDE_SAPC",44.043167,7.586,636,2000072110,0.,1,"","","","","","","","","","","","","","","","","","","","","","","","","","","","","","","","","","",23.3,1,9.7,1,21.3,1,"","",23.3,1,"","","","","","","","","","","","","","","","","","","","",42,1,"","","","","","","","","","","","",12.,1,"","","","","","","","","","","","","","","","","","","","","","","","","","","","","","","","","","","","","","","","","","","","","","","","","","","","","","","","","","","","","","","","","","","","","","","","","","","","","","","","","","","","","","","","","","","","","","","","","","","","","","","","","","","","","","","","","","","",""
"06163007","TENDE_SAPC",44.043167,7.586,636,2000072111,0.,1,"","","","","","","","","","","","","","","","","","","","","","","","","","","","","","","","","","",24.5,1,10.7,1,23.3,1,"","",24.5,1,"","","","","","","","","","","","","","","","","","","","",42,1,"","","","","","","","","","","","",12.9,1,"","","","","","","","","","","","","","","","","","","","","","","","","","","","","","","","","","","","","","","","","","","","","","","","","","","","","","","","","","","","","","","","","","","","","","","","","","","","","","","","","","","","","","","","","","","","","","","","","","","","","","","","","","","","","","","","","","","",""
"06163007","TENDE_SAPC",44.043167,7.586,636,2000072112,0.,1,"","","","","","","","","","","","","","","","","","","","","","","","","","","","","","","","","","",24.1,1,10.7,1,24.,1,"","",24.9,1,"","","","","","","","","","","","","","","","","","","","",43,1,"","","","","","","","","","","","",12.9,1,"","","","","","","","","","","","","","","","","","","","","","","","","","","","","","","","","","","","","","","","","","","","","","","","","","","","","","","","","","","","","","","","","","","","","","","","","","","","","","","","","","","","","","","","","","","","","","","","","","","","","","","","","","","","","","","","","","","",""
"06163007","TENDE_SAPC",44.043167,7.586,636,2000072113,0.,1,"","","","","","","","","","","","","","","","","","","","","","","","","","","","","","","","","","",23.1,1,10.8,1,23.1,1,"","",24.1,1,"","","","","","","","","","","","","","","","","","","","",46,1,"","","","","","","","","","","","",13.,1,"","","","","","","","","","","","","","","","","","","","","","","","","","","","","","","","","","","","","","","","","","","","","","","","","","","","","","","","","","","","","","","","","","","","","","","","","","","","","","","","","","","","","","","","","","","","","","","","","","","","","","","","","","","","","","","","","","","",""
"06163007","TENDE_SAPC",44.043167,7.586,636,2000072114,0.,1,"","","","","","","","","","","","","","","","","","","","","","","","","","","","","","","","","","",23.,1,10.8,1,22.8,1,"","",23.5,1,"","","","","","","","","","","","","","","","","","","","",46,1,"","","","","","","","","","","","",12.9,1,"","","","","","","","","","","","","","","","","","","","","","","","","","","","","","","","","","","","","","","","","","","","","","","","","","","","","","","","","","","","","","","","","","","","","","","","","","","","","","","","","","","","","","","","","","","","","","","","","","","","","","","","","","","","","","","","","","","",""
"06163007","TENDE_SAPC",44.043167,7.586,636,2000072115,0.,1,"","","","","","","","","","","","","","","","","","","","","","","","","","","","","","","","","","",22.9,1,11.3,1,22.9,1,"","",23.3,1,"","","","","","","","","","","","","","","","","","","","",48,1,"","","","","","","","","","","","",13.4,1,"","","","","","","","","","","","","","","","","","","","","","","","","","","","","","","","","","","","","","","","","","","","","","","","","","","","","","","","","","","","","","","","","","","","","","","","","","","","","","","","","","","","","","","","","","","","","","","","","","","","","","","","","","","","","","","","","","","",""
"06163007","TENDE_SAPC",44.043167,7.586,636,2000072116,0.,1,"","","","","","","","","","","","","","","","","","","","","","","","","","","","","","","","","","",22.5,1,11.9,1,22.1,1,"","",22.9,1,"","","","","","","","","","","","","","","","","","","","",51,1,"","","","","","","","","","","","",13.9,1,"","","","","","","","","","","","","","","","","","","","","","","","","","","","","","","","","","","","","","","","","","","","","","","","","","","","","","","","","","","","","","","","","","","","","","","","","","","","","","","","","","","","","","","","","","","","","","","","","","","","","","","","","","","","","","","","","","","",""
"06163007","TENDE_SAPC",44.043167,7.586,636,2000072117,0.,1,"","","","","","","","","","","","","","","","","","","","","","","","","","","","","","","","","","",21.6,1,11.9,1,21.4,1,"","",22.5,1,"","","","","","","","","","","","","","","","","","","","",54,1,"","","","","","","","","","","","",13.9,1,"","","","","","","","","","","","","","","","","","","","","","","","","","","","","","","","","","","","","","","","","","","","","","","","","","","","","","","","","","","","","","","","","","","","","","","","","","","","","","","","","","","","","","","","","","","","","","","","","","","","","","","","","","","","","","","","","","","",""
"06163007","TENDE_SAPC",44.043167,7.586,636,2000072118,0.,1,"","","","","","","","","","","","","","","","","","","","","","","","","","","","","","","","","","",20.4,1,12.6,1,20.4,1,"","",21.6,1,"","","","","","","","","","","","","","","","","","","","",61,1,"","","","","","","","","","","","",14.6,1,"","","","","","","","","","","","","","","","","","","","","","","","","","","","","","","","","","","","","","","","","","","","","","","","","","","","","","","","","","","","","","","","","","","","","","","","","","","","","","","","","","","","","","","","","","","","","","","","","","","","","","","","","","","","","","","","","","","",""
"06163007","TENDE_SAPC",44.043167,7.586,636,2000072119,0.,1,"","","","","","","","","","","","","","","","","","","","","","","","","","","","","","","","","","",18.7,1,12.7,1,18.7,1,"","",20.4,1,"","","","","","","","","","","","","","","","","","","","",68,1,"","","","","","","","","","","","",14.6,1,"","","","","","","","","","","","","","","","","","","","","","","","","","","","","","","","","","","","","","","","","","","","","","","","","","","","","","","","","","","","","","","","","","","","","","","","","","","","","","","","","","","","","","","","","","","","","","","","","","","","","","","","","","","","","","","","","","","",""
"06163007","TENDE_SAPC",44.043167,7.586,636,2000072120,0.,1,"","","","","","","","","","","","","","","","","","","","","","","","","","","","","","","","","","",16.8,1,12.3,1,16.8,1,"","",18.7,1,"","","","","","","","","","","","","","","","","","","","",75,1,"","","","","","","","","","","","",14.3,1,"","","","","","","","","","","","","","","","","","","","","","","","","","","","","","","","","","","","","","","","","","","","","","","","","","","","","","","","","","","","","","","","","","","","","","","","","","","","","","","","","","","","","","","","","","","","","","","","","","","","","","","","","","","","","","","","","","","",""
"06163007","TENDE_SAPC",44.043167,7.586,636,2000072121,0.,1,"","","","","","","","","","","","","","","","","","","","","","","","","","","","","","","","","","",15.7,1,11.9,1,15.7,1,"","",16.8,1,"","","","","","","","","","","","","","","","","","","","",78,1,"","","","","","","","","","","","",13.9,1,"","","","","","","","","","","","","","","","","","","","","","","","","","","","","","","","","","","","","","","","","","","","","","","","","","","","","","","","","","","","","","","","","","","","","","","","","","","","","","","","","","","","","","","","","","","","","","","","","","","","","","","","","","","","","","","","","","","",""
"06163007","TENDE_SAPC",44.043167,7.586,636,2000072122,0.,1,"","","","","","","","","","","","","","","","","","","","","","","","","","","","","","","","","","",15.3,1,11.7,1,15.3,1,"","",15.7,1,"","","","","","","","","","","","","","","","","","","","",79,1,"","","","","","","","","","","","",13.7,1,"","","","","","","","","","","","","","","","","","","","","","","","","","","","","","","","","","","","","","","","","","","","","","","","","","","","","","","","","","","","","","","","","","","","","","","","","","","","","","","","","","","","","","","","","","","","","","","","","","","","","","","","","","","","","","","","","","","",""
"06163007","TENDE_SAPC",44.043167,7.586,636,2000072123,0.,1,"","","","","","","","","","","","","","","","","","","","","","","","","","","","","","","","","","",14.6,1,11.2,1,14.6,1,"","",15.7,1,"","","","","","","","","","","","","","","","","","","","",80,1,"","","","","","","","","","","","",13.3,1,"","","","","","","","","","","","","","","","","","","","","","","","","","","","","","","","","","","","","","","","","","","","","","","","","","","","","","","","","","","","","","","","","","","","","","","","","","","","","","","","","","","","","","","","","","","","","","","","","","","","","","","","","","","","","","","","","","","",""
"06163007","TENDE_SAPC",44.043167,7.586,636,2000072200,0.,1,"","","","","","","","","","","","","","","","","","","","","","","","","","","","","","","","","","",14.2,1,11.,1,14.2,1,"","",14.6,1,"","","","","","","","","","","","","","","","","","","","",81,1,"","","","","","","","","","","","",13.1,1,"","","","","","","","","","","","","","","","","","","","","","","","","","","","","","","","","","","","","","","","","","","","","","","","","","","","","","","","","","","","","","","","","","","","","","","","","","","","","","","","","","","","","","","","","","","","","","","","","","","","","","","","","","","","","","","","","","","",""
"06163007","TENDE_SAPC",44.043167,7.586,636,2000072201,0.,1,"","","","","","","","","","","","","","","","","","","","","","","","","","","","","","","","","","",14.2,1,10.8,1,14.1,1,"","",14.4,1,"","","","","","","","","","","","","","","","","","","","",80,1,"","","","","","","","","","","","",12.9,1,"","","","","","","","","","","","","","","","","","","","","","","","","","","","","","","","","","","","","","","","","","","","","","","","","","","","","","","","","","","","","","","","","","","","","","","","","","","","","","","","","","","","","","","","","","","","","","","","","","","","","","","","","","","","","","","","","","","",""
"06163007","TENDE_SAPC",44.043167,7.586,636,2000072202,0.,1,"","","","","","","","","","","","","","","","","","","","","","","","","","","","","","","","","","",13.9,1,10.5,1,13.9,1,"","",14.2,1,"","","","","","","","","","","","","","","","","","","","",80,1,"","","","","","","","","","","","",12.7,1,"","","","","","","","","","","","","","","","","","","","","","","","","","","","","","","","","","","","","","","","","","","","","","","","","","","","","","","","","","","","","","","","","","","","","","","","","","","","","","","","","","","","","","","","","","","","","","","","","","","","","","","","","","","","","","","","","","","",""
"06163007","TENDE_SAPC",44.043167,7.586,636,2000072203,0.,1,"","","","","","","","","","","","","","","","","","","","","","","","","","","","","","","","","","",13.5,1,10.3,1,13.5,1,"","",13.8,1,"","","","","","","","","","","","","","","","","","","","",81,1,"","","","","","","","","","","","",12.5,1,"","","","","","","","","","","","","","","","","","","","","","","","","","","","","","","","","","","","","","","","","","","","","","","","","","","","","","","","","","","","","","","","","","","","","","","","","","","","","","","","","","","","","","","","","","","","","","","","","","","","","","","","","","","","","","","","","","","",""
"06163007","TENDE_SAPC",44.043167,7.586,636,2000072204,0.,1,"","","","","","","","","","","","","","","","","","","","","","","","","","","","","","","","","","",13.8,1,10.4,1,13.4,1,"","",13.8,1,"","","","","","","","","","","","","","","","","","","","",80,1,"","","","","","","","","","","","",12.6,1,"","","","","","","","","","","","","","","","","","","","","","","","","","","","","","","","","","","","","","","","","","","","","","","","","","","","","","","","","","","","","","","","","","","","","","","","","","","","","","","","","","","","","","","","","","","","","","","","","","","","","","","","","","","","","","","","","","","",""
"06163007","TENDE_SAPC",44.043167,7.586,636,2000072205,0.,1,"","","","","","","","","","","","","","","","","","","","","","","","","","","","","","","","","","",14.,1,10.4,1,13.8,1,"","",14.,1,"","","","","","","","","","","","","","","","","","","","",79,1,"","","","","","","","","","","","",12.6,1,"","","","","","","","","","","","","","","","","","","","","","","","","","","","","","","","","","","","","","","","","","","","","","","","","","","","","","","","","","","","","","","","","","","","","","","","","","","","","","","","","","","","","","","","","","","","","","","","","","","","","","","","","","","","","","","","","","","",""
"06163007","TENDE_SAPC",44.043167,7.586,636,2000072206,0.,1,"","","","","","","","","","","","","","","","","","","","","","","","","","","","","","","","","","",15.4,1,10.8,1,14.,1,"","",15.4,1,"","","","","","","","","","","","","","","","","","","","",74,1,"","","","","","","","","","","","",12.9,1,"","","","","","","","","","","","","","","","","","","","","","","","","","","","","","","","","","","","","","","","","","","","","","","","","","","","","","","","","","","","","","","","","","","","","","","","","","","","","","","","","","","","","","","","","","","","","","","","","","","","","","","","","","","","","","","","","","","",""
"06163007","TENDE_SAPC",44.043167,7.586,636,2000072207,0.,1,"","","","","","","","","","","","","","","","","","","","","","","","","","","","","","","","","","",16.1,1,11.9,1,15.4,1,"","",16.1,1,"","","","","","","","","","","","","","","","","","","","",76,1,"","","","","","","","","","","","",13.9,1,"","","","","","","","","","","","","","","","","","","","","","","","","","","","","","","","","","","","","","","","","","","","","","","","","","","","","","","","","","","","","","","","","","","","","","","","","","","","","","","","","","","","","","","","","","","","","","","","","","","","","","","","","","","","","","","","","","","",""
"06163007","TENDE_SAPC",44.043167,7.586,636,2000072208,0.,1,"","","","","","","","","","","","","","","","","","","","","","","","","","","","","","","","","","",20.9,1,10.7,1,16.1,1,"","",20.9,1,"","","","","","","","","","","","","","","","","","","","",52,1,"","","","","","","","","","","","",12.8,1,"","","","","","","","","","","","","","","","","","","","","","","","","","","","","","","","","","","","","","","","","","","","","","","","","","","","","","","","","","","","","","","","","","","","","","","","","","","","","","","","","","","","","","","","","","","","","","","","","","","","","","","","","","","","","","","","","","","",""
"06163007","TENDE_SAPC",44.043167,7.586,636,2000072209,0.,1,"","","","","","","","","","","","","","","","","","","","","","","","","","","","","","","","","","",22.6,1,10.1,1,20.9,1,"","",22.6,1,"","","","","","","","","","","","","","","","","","","","",45,1,"","","","","","","","","","","","",12.3,1,"","","","","","","","","","","","","","","","","","","","","","","","","","","","","","","","","","","","","","","","","","","","","","","","","","","","","","","","","","","","","","","","","","","","","","","","","","","","","","","","","","","","","","","","","","","","","","","","","","","","","","","","","","","","","","","","","","","",""
"06163007","TENDE_SAPC",44.043167,7.586,636,2000072210,0.,1,"","","","","","","","","","","","","","","","","","","","","","","","","","","","","","","","","","",24.1,1,10.4,1,22.6,1,"","",24.1,1,"","","","","","","","","","","","","","","","","","","","",42,1,"","","","","","","","","","","","",12.6,1,"","","","","","","","","","","","","","","","","","","","","","","","","","","","","","","","","","","","","","","","","","","","","","","","","","","","","","","","","","","","","","","","","","","","","","","","","","","","","","","","","","","","","","","","","","","","","","","","","","","","","","","","","","","","","","","","","","","",""
"06163007","TENDE_SAPC",44.043167,7.586,636,2000072211,0.,1,"","","","","","","","","","","","","","","","","","","","","","","","","","","","","","","","","","",25.5,1,10.5,1,24.1,1,"","",25.5,1,"","","","","","","","","","","","","","","","","","","","",39,1,"","","","","","","","","","","","",12.7,1,"","","","","","","","","","","","","","","","","","","","","","","","","","","","","","","","","","","","","","","","","","","","","","","","","","","","","","","","","","","","","","","","","","","","","","","","","","","","","","","","","","","","","","","","","","","","","","","","","","","","","","","","","","","","","","","","","","","",""
"06163007","TENDE_SAPC",44.043167,7.586,636,2000072212,0.,1,"","","","","","","","","","","","","","","","","","","","","","","","","","","","","","","","","","",25.5,1,10.5,1,25.1,1,"","",25.6,1,"","","","","","","","","","","","","","","","","","","","",39,1,"","","","","","","","","","","","",12.7,1,"","","","","","","","","","","","","","","","","","","","","","","","","","","","","","","","","","","","","","","","","","","","","","","","","","","","","","","","","","","","","","","","","","","","","","","","","","","","","","","","","","","","","","","","","","","","","","","","","","","","","","","","","","","","","","","","","","","",""
"06163007","TENDE_SAPC",44.043167,7.586,636,2000072213,0.,1,"","","","","","","","","","","","","","","","","","","","","","","","","","","","","","","","","","",25.5,1,9.7,1,25.2,1,"","",25.7,1,"","","","","","","","","","","","","","","","","","","","",37,1,"","","","","","","","","","","","",12.,1,"","","","","","","","","","","","","","","","","","","","","","","","","","","","","","","","","","","","","","","","","","","","","","","","","","","","","","","","","","","","","","","","","","","","","","","","","","","","","","","","","","","","","","","","","","","","","","","","","","","","","","","","","","","","","","","","","","","",""
"06163007","TENDE_SAPC",44.043167,7.586,636,2000072214,0.,1,"","","","","","","","","","","","","","","","","","","","","","","","","","","","","","","","","","",24.6,1,10.5,1,24.6,1,"","",25.5,1,"","","","","","","","","","","","","","","","","","","","",41,1,"","","","","","","","","","","","",12.7,1,"","","","","","","","","","","","","","","","","","","","","","","","","","","","","","","","","","","","","","","","","","","","","","","","","","","","","","","","","","","","","","","","","","","","","","","","","","","","","","","","","","","","","","","","","","","","","","","","","","","","","","","","","","","","","","","","","","","",""
"06163007","TENDE_SAPC",44.043167,7.586,636,2000072215,0.,1,"","","","","","","","","","","","","","","","","","","","","","","","","","","","","","","","","","",24.1,1,9.7,1,24.1,1,"","",24.7,1,"","","","","","","","","","","","","","","","","","","","",40,1,"","","","","","","","","","","","",12.,1,"","","","","","","","","","","","","","","","","","","","","","","","","","","","","","","","","","","","","","","","","","","","","","","","","","","","","","","","","","","","","","","","","","","","","","","","","","","","","","","","","","","","","","","","","","","","","","","","","","","","","","","","","","","","","","","","","","","",""
"06163007","TENDE_SAPC",44.043167,7.586,636,2000072216,0.,1,"","","","","","","","","","","","","","","","","","","","","","","","","","","","","","","","","","",23.7,1,8.9,1,23.7,1,"","",24.2,1,"","","","","","","","","","","","","","","","","","","","",39,1,"","","","","","","","","","","","",11.4,1,"","","","","","","","","","","","","","","","","","","","","","","","","","","","","","","","","","","","","","","","","","","","","","","","","","","","","","","","","","","","","","","","","","","","","","","","","","","","","","","","","","","","","","","","","","","","","","","","","","","","","","","","","","","","","","","","","","","",""
"06163007","TENDE_SAPC",44.043167,7.586,636,2000072217,0.,1,"","","","","","","","","","","","","","","","","","","","","","","","","","","","","","","","","","",23.,1,9.,1,23.,1,"","",23.9,1,"","","","","","","","","","","","","","","","","","","","",41,1,"","","","","","","","","","","","",11.5,1,"","","","","","","","","","","","","","","","","","","","","","","","","","","","","","","","","","","","","","","","","","","","","","","","","","","","","","","","","","","","","","","","","","","","","","","","","","","","","","","","","","","","","","","","","","","","","","","","","","","","","","","","","","","","","","","","","","","",""
"06163007","TENDE_SAPC",44.043167,7.586,636,2000072218,0.,1,"","","","","","","","","","","","","","","","","","","","","","","","","","","","","","","","","","",22.4,1,8.5,1,22.4,1,"","",23.,1,"","","","","","","","","","","","","","","","","","","","",41,1,"","","","","","","","","","","","",11.1,1,"","","","","","","","","","","","","","","","","","","","","","","","","","","","","","","","","","","","","","","","","","","","","","","","","","","","","","","","","","","","","","","","","","","","","","","","","","","","","","","","","","","","","","","","","","","","","","","","","","","","","","","","","","","","","","","","","","","",""
"06163007","TENDE_SAPC",44.043167,7.586,636,2000072219,0.,1,"","","","","","","","","","","","","","","","","","","","","","","","","","","","","","","","","","",20.,1,9.,1,20.,1,"","",22.4,1,"","","","","","","","","","","","","","","","","","","","",49,1,"","","","","","","","","","","","",11.4,1,"","","","","","","","","","","","","","","","","","","","","","","","","","","","","","","","","","","","","","","","","","","","","","","","","","","","","","","","","","","","","","","","","","","","","","","","","","","","","","","","","","","","","","","","","","","","","","","","","","","","","","","","","","","","","","","","","","","",""
"06163007","TENDE_SAPC",44.043167,7.586,636,2000072220,0.,1,"","","","","","","","","","","","","","","","","","","","","","","","","","","","","","","","","","",17.5,1,9.6,1,17.5,1,"","",20.,1,"","","","","","","","","","","","","","","","","","","","",60,1,"","","","","","","","","","","","",12.,1,"","","","","","","","","","","","","","","","","","","","","","","","","","","","","","","","","","","","","","","","","","","","","","","","","","","","","","","","","","","","","","","","","","","","","","","","","","","","","","","","","","","","","","","","","","","","","","","","","","","","","","","","","","","","","","","","","","","",""
"06163007","TENDE_SAPC",44.043167,7.586,636,2000072221,0.,1,"","","","","","","","","","","","","","","","","","","","","","","","","","","","","","","","","","",16.2,1,9.8,1,16.2,1,"","",17.4,1,"","","","","","","","","","","","","","","","","","","","",66,1,"","","","","","","","","","","","",12.1,1,"","","","","","","","","","","","","","","","","","","","","","","","","","","","","","","","","","","","","","","","","","","","","","","","","","","","","","","","","","","","","","","","","","","","","","","","","","","","","","","","","","","","","","","","","","","","","","","","","","","","","","","","","","","","","","","","","","","",""
"06163007","TENDE_SAPC",44.043167,7.586,636,2000072222,0.,1,"","","","","","","","","","","","","","","","","","","","","","","","","","","","","","","","","","",15.1,1,9.9,1,15.1,1,"","",16.2,1,"","","","","","","","","","","","","","","","","","","","",71,1,"","","","","","","","","","","","",12.2,1,"","","","","","","","","","","","","","","","","","","","","","","","","","","","","","","","","","","","","","","","","","","","","","","","","","","","","","","","","","","","","","","","","","","","","","","","","","","","","","","","","","","","","","","","","","","","","","","","","","","","","","","","","","","","","","","","","","","",""
"06163007","TENDE_SAPC",44.043167,7.586,636,2000072223,0.,1,"","","","","","","","","","","","","","","","","","","","","","","","","","","","","","","","","","",15.,1,9.4,1,14.7,1,"","",15.,1,"","","","","","","","","","","","","","","","","","","","",69,1,"","","","","","","","","","","","",11.7,1,"","","","","","","","","","","","","","","","","","","","","","","","","","","","","","","","","","","","","","","","","","","","","","","","","","","","","","","","","","","","","","","","","","","","","","","","","","","","","","","","","","","","","","","","","","","","","","","","","","","","","","","","","","","","","","","","","","","",""
"06163007","TENDE_SAPC",44.043167,7.586,636,2000072300,0.,1,"","","","","","","","","","","","","","","","","","","","","","","","","","","","","","","","","","",15.3,1,9.2,1,15.1,1,"","",15.3,1,"","","","","","","","","","","","","","","","","","","","",67,1,"","","","","","","","","","","","",11.6,1,"","","","","","","","","","","","","","","","","","","","","","","","","","","","","","","","","","","","","","","","","","","","","","","","","","","","","","","","","","","","","","","","","","","","","","","","","","","","","","","","","","","","","","","","","","","","","","","","","","","","","","","","","","","","","","","","","","","",""
"06163007","TENDE_SAPC",44.043167,7.586,636,2000072301,0.,1,"","","","","","","","","","","","","","","","","","","","","","","","","","","","","","","","","","",14.8,1,9.2,1,14.8,1,"","",15.3,1,"","","","","","","","","","","","","","","","","","","","",69,1,"","","","","","","","","","","","",11.6,1,"","","","","","","","","","","","","","","","","","","","","","","","","","","","","","","","","","","","","","","","","","","","","","","","","","","","","","","","","","","","","","","","","","","","","","","","","","","","","","","","","","","","","","","","","","","","","","","","","","","","","","","","","","","","","","","","","","","",""
"06163007","TENDE_SAPC",44.043167,7.586,636,2000072302,0.,1,"","","","","","","","","","","","","","","","","","","","","","","","","","","","","","","","","","",14.,1,9.4,1,14.,1,"","",14.8,1,"","","","","","","","","","","","","","","","","","","","",74,1,"","","","","","","","","","","","",11.8,1,"","","","","","","","","","","","","","","","","","","","","","","","","","","","","","","","","","","","","","","","","","","","","","","","","","","","","","","","","","","","","","","","","","","","","","","","","","","","","","","","","","","","","","","","","","","","","","","","","","","","","","","","","","","","","","","","","","","",""
"06163007","TENDE_SAPC",44.043167,7.586,636,2000072303,0.,1,"","","","","","","","","","","","","","","","","","","","","","","","","","","","","","","","","","",13.,1,9.3,1,13.,1,"","",14.,1,"","","","","","","","","","","","","","","","","","","","",78,1,"","","","","","","","","","","","",11.7,1,"","","","","","","","","","","","","","","","","","","","","","","","","","","","","","","","","","","","","","","","","","","","","","","","","","","","","","","","","","","","","","","","","","","","","","","","","","","","","","","","","","","","","","","","","","","","","","","","","","","","","","","","","","","","","","","","","","","",""
"06163007","TENDE_SAPC",44.043167,7.586,636,2000072304,0.,1,"","","","","","","","","","","","","","","","","","","","","","","","","","","","","","","","","","",12.6,1,9.2,1,12.6,1,"","",13.,1,"","","","","","","","","","","","","","","","","","","","",80,1,"","","","","","","","","","","","",11.6,1,"","","","","","","","","","","","","","","","","","","","","","","","","","","","","","","","","","","","","","","","","","","","","","","","","","","","","","","","","","","","","","","","","","","","","","","","","","","","","","","","","","","","","","","","","","","","","","","","","","","","","","","","","","","","","","","","","","","",""
"06163007","TENDE_SAPC",44.043167,7.586,636,2000072305,0.,1,"","","","","","","","","","","","","","","","","","","","","","","","","","","","","","","","","","",12.8,1,9.1,1,12.6,1,"","",12.8,1,"","","","","","","","","","","","","","","","","","","","",78,1,"","","","","","","","","","","","",11.5,1,"","","","","","","","","","","","","","","","","","","","","","","","","","","","","","","","","","","","","","","","","","","","","","","","","","","","","","","","","","","","","","","","","","","","","","","","","","","","","","","","","","","","","","","","","","","","","","","","","","","","","","","","","","","","","","","","","","","",""
"06163007","TENDE_SAPC",44.043167,7.586,636,2000072306,0.,1,"","","","","","","","","","","","","","","","","","","","","","","","","","","","","","","","","","",13.4,1,9.6,1,12.8,1,"","",13.4,1,"","","","","","","","","","","","","","","","","","","","",78,1,"","","","","","","","","","","","",12.,1,"","","","","","","","","","","","","","","","","","","","","","","","","","","","","","","","","","","","","","","","","","","","","","","","","","","","","","","","","","","","","","","","","","","","","","","","","","","","","","","","","","","","","","","","","","","","","","","","","","","","","","","","","","","","","","","","","","","",""
"06163007","TENDE_SAPC",44.043167,7.586,636,2000072307,0.,1,"","","","","","","","","","","","","","","","","","","","","","","","","","","","","","","","","","",15.4,1,9.7,1,13.5,1,"","",15.4,1,"","","","","","","","","","","","","","","","","","","","",69,1,"","","","","","","","","","","","",12.,1,"","","","","","","","","","","","","","","","","","","","","","","","","","","","","","","","","","","","","","","","","","","","","","","","","","","","","","","","","","","","","","","","","","","","","","","","","","","","","","","","","","","","","","","","","","","","","","","","","","","","","","","","","","","","","","","","","","","",""
"06163007","TENDE_SAPC",44.043167,7.586,636,2000072308,0.,1,"","","","","","","","","","","","","","","","","","","","","","","","","","","","","","","","","","",20.5,1,9.7,1,15.5,1,"","",20.5,1,"","","","","","","","","","","","","","","","","","","","",50,1,"","","","","","","","","","","","",12.,1,"","","","","","","","","","","","","","","","","","","","","","","","","","","","","","","","","","","","","","","","","","","","","","","","","","","","","","","","","","","","","","","","","","","","","","","","","","","","","","","","","","","","","","","","","","","","","","","","","","","","","","","","","","","","","","","","","","","",""
"06163007","TENDE_SAPC",44.043167,7.586,636,2000072309,0.,1,"","","","","","","","","","","","","","","","","","","","","","","","","","","","","","","","","","",22.6,1,8.3,1,20.4,1,"","",22.7,1,"","","","","","","","","","","","","","","","","","","","",40,1,"","","","","","","","","","","","",10.9,1,"","","","","","","","","","","","","","","","","","","","","","","","","","","","","","","","","","","","","","","","","","","","","","","","","","","","","","","","","","","","","","","","","","","","","","","","","","","","","","","","","","","","","","","","","","","","","","","","","","","","","","","","","","","","","","","","","","","",""
"06163007","TENDE_SAPC",44.043167,7.586,636,2000072310,0.,1,"","","","","","","","","","","","","","","","","","","","","","","","","","","","","","","","","","",24.3,1,7.4,1,22.6,1,"","",24.3,1,"","","","","","","","","","","","","","","","","","","","",34,1,"","","","","","","","","","","","",10.3,1,"","","","","","","","","","","","","","","","","","","","","","","","","","","","","","","","","","","","","","","","","","","","","","","","","","","","","","","","","","","","","","","","","","","","","","","","","","","","","","","","","","","","","","","","","","","","","","","","","","","","","","","","","","","","","","","","","","","",""
"06163007","TENDE_SAPC",44.043167,7.586,636,2000072311,0.,1,"","","","","","","","","","","","","","","","","","","","","","","","","","","","","","","","","","",25.4,1,8.4,1,24.2,1,"","",25.4,1,"","","","","","","","","","","","","","","","","","","","",34,1,"","","","","","","","","","","","",11.,1,"","","","","","","","","","","","","","","","","","","","","","","","","","","","","","","","","","","","","","","","","","","","","","","","","","","","","","","","","","","","","","","","","","","","","","","","","","","","","","","","","","","","","","","","","","","","","","","","","","","","","","","","","","","","","","","","","","","",""
"06163007","TENDE_SAPC",44.043167,7.586,636,2000072312,0.,1,"","","","","","","","","","","","","","","","","","","","","","","","","","","","","","","","","","",25.,1,9.3,1,25.,1,"","",25.9,1,"","","","","","","","","","","","","","","","","","","","",37,1,"","","","","","","","","","","","",11.7,1,"","","","","","","","","","","","","","","","","","","","","","","","","","","","","","","","","","","","","","","","","","","","","","","","","","","","","","","","","","","","","","","","","","","","","","","","","","","","","","","","","","","","","","","","","","","","","","","","","","","","","","","","","","","","","","","","","","","",""
"06163007","TENDE_SAPC",44.043167,7.586,636,2000072313,0.,1,"","","","","","","","","","","","","","","","","","","","","","","","","","","","","","","","","","",26.,1,9.3,1,25.,1,"","",26.3,1,"","","","","","","","","","","","","","","","","","","","",35,1,"","","","","","","","","","","","",11.7,1,"","","","","","","","","","","","","","","","","","","","","","","","","","","","","","","","","","","","","","","","","","","","","","","","","","","","","","","","","","","","","","","","","","","","","","","","","","","","","","","","","","","","","","","","","","","","","","","","","","","","","","","","","","","","","","","","","","","",""
"06163007","TENDE_SAPC",44.043167,7.586,636,2000072314,0.,1,"","","","","","","","","","","","","","","","","","","","","","","","","","","","","","","","","","",25.4,1,8.4,1,25.4,1,"","",26.,1,"","","","","","","","","","","","","","","","","","","","",34,1,"","","","","","","","","","","","",11.,1,"","","","","","","","","","","","","","","","","","","","","","","","","","","","","","","","","","","","","","","","","","","","","","","","","","","","","","","","","","","","","","","","","","","","","","","","","","","","","","","","","","","","","","","","","","","","","","","","","","","","","","","","","","","","","","","","","","","",""
"06163007","TENDE_SAPC",44.043167,7.586,636,2000072315,0.,1,"","","","","","","","","","","","","","","","","","","","","","","","","","","","","","","","","","",25.8,1,6.9,1,25.3,1,"","",26.4,1,"","","","","","","","","","","","","","","","","","","","",30,1,"","","","","","","","","","","","",9.9,1,"","","","","","","","","","","","","","","","","","","","","","","","","","","","","","","","","","","","","","","","","","","","","","","","","","","","","","","","","","","","","","","","","","","","","","","","","","","","","","","","","","","","","","","","","","","","","","","","","","","","","","","","","","","","","","","","","","","",""
"06163007","TENDE_SAPC",44.043167,7.586,636,2000072316,0.,1,"","","","","","","","","","","","","","","","","","","","","","","","","","","","","","","","","","",24.2,1,10.1,1,24.2,1,"","",25.9,1,"","","","","","","","","","","","","","","","","","","","",41,1,"","","","","","","","","","","","",12.4,1,"","","","","","","","","","","","","","","","","","","","","","","","","","","","","","","","","","","","","","","","","","","","","","","","","","","","","","","","","","","","","","","","","","","","","","","","","","","","","","","","","","","","","","","","","","","","","","","","","","","","","","","","","","","","","","","","","","","",""
"06163007","TENDE_SAPC",44.043167,7.586,636,2000072317,0.,1,"","","","","","","","","","","","","","","","","","","","","","","","","","","","","","","","","","",23.,1,10.1,1,23.,1,"","",24.1,1,"","","","","","","","","","","","","","","","","","","","",44,1,"","","","","","","","","","","","",12.3,1,"","","","","","","","","","","","","","","","","","","","","","","","","","","","","","","","","","","","","","","","","","","","","","","","","","","","","","","","","","","","","","","","","","","","","","","","","","","","","","","","","","","","","","","","","","","","","","","","","","","","","","","","","","","","","","","","","","","",""
"06163007","TENDE_SAPC",44.043167,7.586,636,2000072318,0.2,1,"","","","","","","","","","","","","","","","","","","","","","","","","","","","","","","","","","",18.4,1,13.3,1,18.4,1,"","",22.9,1,"","","","","","","","","","","","","","","","","","","","",72,1,"","","","","","","","","","","","",15.2,1,"","","","","","","","","","","","","","","","","","","","","","","","","","","","","","","","","","","","","","","","","","","","","","","","","","","","","","","","","","","","","","","","","","","","","","","","","","","","","","","","","","","","","","","","","","","","","","","","","","","","","","","","","","","","","","","","","","","",""
"06163007","TENDE_SAPC",44.043167,7.586,636,2000072319,0.,1,"","","","","","","","","","","","","","","","","","","","","","","","","","","","","","","","","","",17.7,1,13.,1,17.7,1,"","",18.3,1,"","","","","","","","","","","","","","","","","","","","",74,1,"","","","","","","","","","","","",15.,1,"","","","","","","","","","","","","","","","","","","","","","","","","","","","","","","","","","","","","","","","","","","","","","","","","","","","","","","","","","","","","","","","","","","","","","","","","","","","","","","","","","","","","","","","","","","","","","","","","","","","","","","","","","","","","","","","","","","",""
"06163007","TENDE_SAPC",44.043167,7.586,636,2000072320,0.,1,"","","","","","","","","","","","","","","","","","","","","","","","","","","","","","","","","","",17.1,1,12.2,1,17.1,1,"","",17.6,1,"","","","","","","","","","","","","","","","","","","","",73,1,"","","","","","","","","","","","",14.2,1,"","","","","","","","","","","","","","","","","","","","","","","","","","","","","","","","","","","","","","","","","","","","","","","","","","","","","","","","","","","","","","","","","","","","","","","","","","","","","","","","","","","","","","","","","","","","","","","","","","","","","","","","","","","","","","","","","","","",""
"06163007","TENDE_SAPC",44.043167,7.586,636,2000072321,1.6,1,"","","","","","","","","","","","","","","","","","","","","","","","","","","","","","","","","","",16.3,1,12.3,1,16.3,1,"","",17.2,1,"","","","","","","","","","","","","","","","","","","","",77,1,"","","","","","","","","","","","",14.2,1,"","","","","","","","","","","","","","","","","","","","","","","","","","","","","","","","","","","","","","","","","","","","","","","","","","","","","","","","","","","","","","","","","","","","","","","","","","","","","","","","","","","","","","","","","","","","","","","","","","","","","","","","","","","","","","","","","","","",""
"06163007","TENDE_SAPC",44.043167,7.586,636,2000072322,2.8,1,"","","","","","","","","","","","","","","","","","","","","","","","","","","","","","","","","","",15.6,1,12.2,1,15.5,1,"","",16.3,1,"","","","","","","","","","","","","","","","","","","","",80,1,"","","","","","","","","","","","",14.1,1,"","","","","","","","","","","","","","","","","","","","","","","","","","","","","","","","","","","","","","","","","","","","","","","","","","","","","","","","","","","","","","","","","","","","","","","","","","","","","","","","","","","","","","","","","","","","","","","","","","","","","","","","","","","","","","","","","","","",""
"06163007","TENDE_SAPC",44.043167,7.586,636,2000072323,6.,1,"","","","","","","","","","","","","","","","","","","","","","","","","","","","","","","","","","",15.5,1,13.,1,15.5,1,"","",15.6,1,"","","","","","","","","","","","","","","","","","","","",85,1,"","","","","","","","","","","","",14.9,1,"","","","","","","","","","","","","","","","","","","","","","","","","","","","","","","","","","","","","","","","","","","","","","","","","","","","","","","","","","","","","","","","","","","","","","","","","","","","","","","","","","","","","","","","","","","","","","","","","","","","","","","","","","","","","","","","","","","",""
"06163007","TENDE_SAPC",44.043167,7.586,636,2000072400,0.2,1,"","","","","","","","","","","","","","","","","","","","","","","","","","","","","","","","","","",15.5,1,13.,1,15.4,1,"","",15.6,1,"","","","","","","","","","","","","","","","","","","","",85,1,"","","","","","","","","","","","",14.9,1,"","","","","","","","","","","","","","","","","","","","","","","","","","","","","","","","","","","","","","","","","","","","","","","","","","","","","","","","","","","","","","","","","","","","","","","","","","","","","","","","","","","","","","","","","","","","","","","","","","","","","","","","","","","","","","","","","","","",""
"06163007","TENDE_SAPC",44.043167,7.586,636,2000072401,2.2,1,"","","","","","","","","","","","","","","","","","","","","","","","","","","","","","","","","","",15.8,1,13.5,1,15.4,1,"","",15.8,1,"","","","","","","","","","","","","","","","","","","","",86,1,"","","","","","","","","","","","",15.4,1,"","","","","","","","","","","","","","","","","","","","","","","","","","","","","","","","","","","","","","","","","","","","","","","","","","","","","","","","","","","","","","","","","","","","","","","","","","","","","","","","","","","","","","","","","","","","","","","","","","","","","","","","","","","","","","","","","","","",""
"06163007","TENDE_SAPC",44.043167,7.586,636,2000072402,3.8,1,"","","","","","","","","","","","","","","","","","","","","","","","","","","","","","","","","","",16.1,1,13.8,1,15.7,1,"","",16.1,1,"","","","","","","","","","","","","","","","","","","","",86,1,"","","","","","","","","","","","",15.7,1,"","","","","","","","","","","","","","","","","","","","","","","","","","","","","","","","","","","","","","","","","","","","","","","","","","","","","","","","","","","","","","","","","","","","","","","","","","","","","","","","","","","","","","","","","","","","","","","","","","","","","","","","","","","","","","","","","","","",""
"06163007","TENDE_SAPC",44.043167,7.586,636,2000072403,1.8,1,"","","","","","","","","","","","","","","","","","","","","","","","","","","","","","","","","","",16.3,1,14.1,1,16.1,1,"","",16.4,1,"","","","","","","","","","","","","","","","","","","","",87,1,"","","","","","","","","","","","",16.1,1,"","","","","","","","","","","","","","","","","","","","","","","","","","","","","","","","","","","","","","","","","","","","","","","","","","","","","","","","","","","","","","","","","","","","","","","","","","","","","","","","","","","","","","","","","","","","","","","","","","","","","","","","","","","","","","","","","","","",""
"06163007","TENDE_SAPC",44.043167,7.586,636,2000072404,"","","","","","","","","","","","","","","","","","","","","","","","","","","","","","","","","","","","",16.4,1,"","","","","","","","","","","","","","","","","","","","","","","","","","","","","","","","","","","","","","","","","","","","","","","","","","","","","","","","","","","","","","","","","","","","","","","","","","","","","","","","","","","","","","","","","","","","","","","","","","","","","","","","","","","","","","","","","","","","","","","","","","","","","","","","","","","","","","","","","","","","","","","","","","","","","","","","","","","","","","","",""
"06163007","TENDE_SAPC",44.043167,7.586,636,2000072405,2.6,1,"","","","","","","","","","","","","","","","","","","","","","","","","","","","","","","","","","",16.4,1,14.2,1,16.3,1,"","",16.5,1,"","","","","","","","","","","","","","","","","","","","",87,1,"","","","","","","","","","","","",16.2,1,"","","","","","","","","","","","","","","","","","","","","","","","","","","","","","","","","","","","","","","","","","","","","","","","","","","","","","","","","","","","","","","","","","","","","","","","","","","","","","","","","","","","","","","","","","","","","","","","","","","","","","","","","","","","","","","","","","","",""
"06163007","TENDE_SAPC",44.043167,7.586,636,2000072406,1.2,1,"","","","","","","","","","","","","","","","","","","","","","","","","","","","","","","","","","",16.3,1,14.3,1,16.3,1,"","",16.4,1,"","","","","","","","","","","","","","","","","","","","",88,1,"","","","","","","","","","","","",16.3,1,"","","","","","","","","","","","","","","","","","","","","","","","","","","","","","","","","","","","","","","","","","","","","","","","","","","","","","","","","","","","","","","","","","","","","","","","","","","","","","","","","","","","","","","","","","","","","","","","","","","","","","","","","","","","","","","","","","","",""
"06163007","TENDE_SAPC",44.043167,7.586,636,2000072407,0.4,1,"","","","","","","","","","","","","","","","","","","","","","","","","","","","","","","","","","",16.7,1,14.7,1,16.3,1,"","",16.7,1,"","","","","","","","","","","","","","","","","","","","",88,1,"","","","","","","","","","","","",16.7,1,"","","","","","","","","","","","","","","","","","","","","","","","","","","","","","","","","","","","","","","","","","","","","","","","","","","","","","","","","","","","","","","","","","","","","","","","","","","","","","","","","","","","","","","","","","","","","","","","","","","","","","","","","","","","","","","","","","","",""
"06163007","TENDE_SAPC",44.043167,7.586,636,2000072408,0.,1,"","","","","","","","","","","","","","","","","","","","","","","","","","","","","","","","","","",17.1,1,14.,1,16.5,1,"","",17.1,1,"","","","","","","","","","","","","","","","","","","","",82,1,"","","","","","","","","","","","",16.,1,"","","","","","","","","","","","","","","","","","","","","","","","","","","","","","","","","","","","","","","","","","","","","","","","","","","","","","","","","","","","","","","","","","","","","","","","","","","","","","","","","","","","","","","","","","","","","","","","","","","","","","","","","","","","","","","","","","","",""
"06163007","TENDE_SAPC",44.043167,7.586,636,2000072409,0.,1,"","","","","","","","","","","","","","","","","","","","","","","","","","","","","","","","","","",18.9,1,14.,1,17.1,1,"","",19.,1,"","","","","","","","","","","","","","","","","","","","",73,1,"","","","","","","","","","","","",15.9,1,"","","","","","","","","","","","","","","","","","","","","","","","","","","","","","","","","","","","","","","","","","","","","","","","","","","","","","","","","","","","","","","","","","","","","","","","","","","","","","","","","","","","","","","","","","","","","","","","","","","","","","","","","","","","","","","","","","","",""
"06163007","TENDE_SAPC",44.043167,7.586,636,2000072410,0.,1,"","","","","","","","","","","","","","","","","","","","","","","","","","","","","","","","","","",20.9,1,14.1,1,18.9,1,"","",20.9,1,"","","","","","","","","","","","","","","","","","","","",65,1,"","","","","","","","","","","","",16.,1,"","","","","","","","","","","","","","","","","","","","","","","","","","","","","","","","","","","","","","","","","","","","","","","","","","","","","","","","","","","","","","","","","","","","","","","","","","","","","","","","","","","","","","","","","","","","","","","","","","","","","","","","","","","","","","","","","","","",""
"06163007","TENDE_SAPC",44.043167,7.586,636,2000072411,0.,1,"","","","","","","","","","","","","","","","","","","","","","","","","","","","","","","","","","",22.5,1,12.4,1,20.9,1,"","",22.5,1,"","","","","","","","","","","","","","","","","","","","",53,1,"","","","","","","","","","","","",14.4,1,"","","","","","","","","","","","","","","","","","","","","","","","","","","","","","","","","","","","","","","","","","","","","","","","","","","","","","","","","","","","","","","","","","","","","","","","","","","","","","","","","","","","","","","","","","","","","","","","","","","","","","","","","","","","","","","","","","","",""
"06163007","TENDE_SAPC",44.043167,7.586,636,2000072412,0.,1,"","","","","","","","","","","","","","","","","","","","","","","","","","","","","","","","","","",23.5,1,12.2,1,22.6,1,"","",23.7,1,"","","","","","","","","","","","","","","","","","","","",49,1,"","","","","","","","","","","","",14.2,1,"","","","","","","","","","","","","","","","","","","","","","","","","","","","","","","","","","","","","","","","","","","","","","","","","","","","","","","","","","","","","","","","","","","","","","","","","","","","","","","","","","","","","","","","","","","","","","","","","","","","","","","","","","","","","","","","","","","",""
"06163007","TENDE_SAPC",44.043167,7.586,636,2000072413,0.,1,"","","","","","","","","","","","","","","","","","","","","","","","","","","","","","","","","","",23.5,1,13.9,1,23.2,1,"","",23.9,1,"","","","","","","","","","","","","","","","","","","","",55,1,"","","","","","","","","","","","",15.9,1,"","","","","","","","","","","","","","","","","","","","","","","","","","","","","","","","","","","","","","","","","","","","","","","","","","","","","","","","","","","","","","","","","","","","","","","","","","","","","","","","","","","","","","","","","","","","","","","","","","","","","","","","","","","","","","","","","","","",""
"06163007","TENDE_SAPC",44.043167,7.586,636,2000072414,0.,1,"","","","","","","","","","","","","","","","","","","","","","","","","","","","","","","","","","",23.4,1,13.6,1,23.2,1,"","",23.7,1,"","","","","","","","","","","","","","","","","","","","",54,1,"","","","","","","","","","","","",15.5,1,"","","","","","","","","","","","","","","","","","","","","","","","","","","","","","","","","","","","","","","","","","","","","","","","","","","","","","","","","","","","","","","","","","","","","","","","","","","","","","","","","","","","","","","","","","","","","","","","","","","","","","","","","","","","","","","","","","","",""
"06163007","TENDE_SAPC",44.043167,7.586,636,2000072415,0.,1,"","","","","","","","","","","","","","","","","","","","","","","","","","","","","","","","","","",22.4,1,14.5,1,22.3,1,"","",23.5,1,"","","","","","","","","","","","","","","","","","","","",61,1,"","","","","","","","","","","","",16.5,1,"","","","","","","","","","","","","","","","","","","","","","","","","","","","","","","","","","","","","","","","","","","","","","","","","","","","","","","","","","","","","","","","","","","","","","","","","","","","","","","","","","","","","","","","","","","","","","","","","","","","","","","","","","","","","","","","","","","",""
"06163007","TENDE_SAPC",44.043167,7.586,636,2000072416,0.,1,"","","","","","","","","","","","","","","","","","","","","","","","","","","","","","","","","","",21.5,1,14.6,1,21.5,1,"","",22.4,1,"","","","","","","","","","","","","","","","","","","","",65,1,"","","","","","","","","","","","",16.6,1,"","","","","","","","","","","","","","","","","","","","","","","","","","","","","","","","","","","","","","","","","","","","","","","","","","","","","","","","","","","","","","","","","","","","","","","","","","","","","","","","","","","","","","","","","","","","","","","","","","","","","","","","","","","","","","","","","","","",""
"06163007","TENDE_SAPC",44.043167,7.586,636,2000072417,0.,1,"","","","","","","","","","","","","","","","","","","","","","","","","","","","","","","","","","",20.7,1,15.3,1,20.7,1,"","",21.5,1,"","","","","","","","","","","","","","","","","","","","",71,1,"","","","","","","","","","","","",17.3,1,"","","","","","","","","","","","","","","","","","","","","","","","","","","","","","","","","","","","","","","","","","","","","","","","","","","","","","","","","","","","","","","","","","","","","","","","","","","","","","","","","","","","","","","","","","","","","","","","","","","","","","","","","","","","","","","","","","","",""
"06163007","TENDE_SAPC",44.043167,7.586,636,2000072418,0.,1,"","","","","","","","","","","","","","","","","","","","","","","","","","","","","","","","","","",19.9,1,15.5,1,19.9,1,"","",20.7,1,"","","","","","","","","","","","","","","","","","","","",76,1,"","","","","","","","","","","","",17.6,1,"","","","","","","","","","","","","","","","","","","","","","","","","","","","","","","","","","","","","","","","","","","","","","","","","","","","","","","","","","","","","","","","","","","","","","","","","","","","","","","","","","","","","","","","","","","","","","","","","","","","","","","","","","","","","","","","","","","",""
"06163007","TENDE_SAPC",44.043167,7.586,636,2000080113,"","","","","","","","","","","","","","","","","","","","","","","","","","","","","","","","","","","","",27.1,1,6.5,1,"","","","","","","","","","","","","","","","","","","","","","","","","","",27,1,"","","","","","","","","","","","",9.7,1,"","","","","","","","","","","","","","","","","","","","","","","","","","","","","","","","","","","","","","","","","","","","","","","","","","","","","","","","","","","","","","","","","","","","","","","","","","","","","","","","","","","","","","","","","","","","","","","","","","","","","","","","","","","","","","","","","","","",""
"06163007","TENDE_SAPC",44.043167,7.586,636,2000080114,0.,1,"","","","","","","","","","","","","","","","","","","","","","","","","","","","","","","","","","",26.7,1,6.1,1,26.7,1,"","",27.1,1,"","","","","","","","","","","","","","","","","","","","",27,1,"","","","","","","","","","","","",9.4,1,"","","","","","","","","","","","","","","","","","","","","","","","","","","","","","","","","","","","","","","","","","","","","","","","","","","","","","","","","","","","","","","","","","","","","","","","","","","","","","","","","","","","","","","","","","","","","","","","","","","","","","","","","","","","","","","","","","","",""
"06163007","TENDE_SAPC",44.043167,7.586,636,2000080115,0.,1,"","","","","","","","","","","","","","","","","","","","","","","","","","","","","","","","","","",26.5,1,6.5,1,26.5,1,"","",26.9,1,"","","","","","","","","","","","","","","","","","","","",28,1,"","","","","","","","","","","","",9.7,1,"","","","","","","","","","","","","","","","","","","","","","","","","","","","","","","","","","","","","","","","","","","","","","","","","","","","","","","","","","","","","","","","","","","","","","","","","","","","","","","","","","","","","","","","","","","","","","","","","","","","","","","","","","","","","","","","","","","",""
"06163007","TENDE_SAPC",44.043167,7.586,636,2000080116,0.,1,"","","","","","","","","","","","","","","","","","","","","","","","","","","","","","","","","","",24.8,1,7.4,1,24.8,1,"","",26.6,1,"","","","","","","","","","","","","","","","","","","","",33,1,"","","","","","","","","","","","",10.3,1,"","","","","","","","","","","","","","","","","","","","","","","","","","","","","","","","","","","","","","","","","","","","","","","","","","","","","","","","","","","","","","","","","","","","","","","","","","","","","","","","","","","","","","","","","","","","","","","","","","","","","","","","","","","","","","","","","","","",""
"06163007","TENDE_SAPC",44.043167,7.586,636,2000080117,0.,1,"","","","","","","","","","","","","","","","","","","","","","","","","","","","","","","","","","",23.2,1,8.1,1,23.2,1,"","",24.7,1,"","","","","","","","","","","","","","","","","","","","",38,1,"","","","","","","","","","","","",10.8,1,"","","","","","","","","","","","","","","","","","","","","","","","","","","","","","","","","","","","","","","","","","","","","","","","","","","","","","","","","","","","","","","","","","","","","","","","","","","","","","","","","","","","","","","","","","","","","","","","","","","","","","","","","","","","","","","","","","","",""
"06163007","TENDE_SAPC",44.043167,7.586,636,2000080118,0.,1,"","","","","","","","","","","","","","","","","","","","","","","","","","","","","","","","","","",22.,1,8.8,1,22.,1,"","",23.2,1,"","","","","","","","","","","","","","","","","","","","",43,1,"","","","","","","","","","","","",11.3,1,"","","","","","","","","","","","","","","","","","","","","","","","","","","","","","","","","","","","","","","","","","","","","","","","","","","","","","","","","","","","","","","","","","","","","","","","","","","","","","","","","","","","","","","","","","","","","","","","","","","","","","","","","","","","","","","","","","","",""
"06163007","TENDE_SAPC",44.043167,7.586,636,2000080119,0.,1,"","","","","","","","","","","","","","","","","","","","","","","","","","","","","","","","","","",19.2,1,9.4,1,19.2,1,"","",22.,1,"","","","","","","","","","","","","","","","","","","","",53,1,"","","","","","","","","","","","",11.8,1,"","","","","","","","","","","","","","","","","","","","","","","","","","","","","","","","","","","","","","","","","","","","","","","","","","","","","","","","","","","","","","","","","","","","","","","","","","","","","","","","","","","","","","","","","","","","","","","","","","","","","","","","","","","","","","","","","","","",""
"06163007","TENDE_SAPC",44.043167,7.586,636,2000080120,0.,1,"","","","","","","","","","","","","","","","","","","","","","","","","","","","","","","","","","",17.2,1,10.1,1,17.2,1,"","",19.2,1,"","","","","","","","","","","","","","","","","","","","",63,1,"","","","","","","","","","","","",12.3,1,"","","","","","","","","","","","","","","","","","","","","","","","","","","","","","","","","","","","","","","","","","","","","","","","","","","","","","","","","","","","","","","","","","","","","","","","","","","","","","","","","","","","","","","","","","","","","","","","","","","","","","","","","","","","","","","","","","","",""
"06163007","TENDE_SAPC",44.043167,7.586,636,2000080121,0.,1,"","","","","","","","","","","","","","","","","","","","","","","","","","","","","","","","","","",16.8,1,9.2,1,16.5,1,"","",17.1,1,"","","","","","","","","","","","","","","","","","","","",61,1,"","","","","","","","","","","","",11.6,1,"","","","","","","","","","","","","","","","","","","","","","","","","","","","","","","","","","","","","","","","","","","","","","","","","","","","","","","","","","","","","","","","","","","","","","","","","","","","","","","","","","","","","","","","","","","","","","","","","","","","","","","","","","","","","","","","","","","",""
"06163007","TENDE_SAPC",44.043167,7.586,636,2000080122,0.,1,"","","","","","","","","","","","","","","","","","","","","","","","","","","","","","","","","","",15.7,1,9.6,1,15.7,1,"","",17.,1,"","","","","","","","","","","","","","","","","","","","",67,1,"","","","","","","","","","","","",11.9,1,"","","","","","","","","","","","","","","","","","","","","","","","","","","","","","","","","","","","","","","","","","","","","","","","","","","","","","","","","","","","","","","","","","","","","","","","","","","","","","","","","","","","","","","","","","","","","","","","","","","","","","","","","","","","","","","","","","","",""
"06163007","TENDE_SAPC",44.043167,7.586,636,2000080123,0.,1,"","","","","","","","","","","","","","","","","","","","","","","","","","","","","","","","","","",14.8,1,9.4,1,14.8,1,"","",15.7,1,"","","","","","","","","","","","","","","","","","","","",70,1,"","","","","","","","","","","","",11.8,1,"","","","","","","","","","","","","","","","","","","","","","","","","","","","","","","","","","","","","","","","","","","","","","","","","","","","","","","","","","","","","","","","","","","","","","","","","","","","","","","","","","","","","","","","","","","","","","","","","","","","","","","","","","","","","","","","","","","",""
"06163007","TENDE_SAPC",44.043167,7.586,636,2000080200,0.,1,"","","","","","","","","","","","","","","","","","","","","","","","","","","","","","","","","","",15.,1,9.1,1,14.6,1,"","",15.,1,"","","","","","","","","","","","","","","","","","","","",68,1,"","","","","","","","","","","","",11.6,1,"","","","","","","","","","","","","","","","","","","","","","","","","","","","","","","","","","","","","","","","","","","","","","","","","","","","","","","","","","","","","","","","","","","","","","","","","","","","","","","","","","","","","","","","","","","","","","","","","","","","","","","","","","","","","","","","","","","",""
"06163007","TENDE_SAPC",44.043167,7.586,636,2000080201,0.,1,"","","","","","","","","","","","","","","","","","","","","","","","","","","","","","","","","","",14.6,1,9.,1,14.5,1,"","",15.,1,"","","","","","","","","","","","","","","","","","","","",69,1,"","","","","","","","","","","","",11.4,1,"","","","","","","","","","","","","","","","","","","","","","","","","","","","","","","","","","","","","","","","","","","","","","","","","","","","","","","","","","","","","","","","","","","","","","","","","","","","","","","","","","","","","","","","","","","","","","","","","","","","","","","","","","","","","","","","","","","",""
"06163007","TENDE_SAPC",44.043167,7.586,636,2000080202,0.,1,"","","","","","","","","","","","","","","","","","","","","","","","","","","","","","","","","","",15.,1,8.9,1,14.5,1,"","",15.,1,"","","","","","","","","","","","","","","","","","","","",67,1,"","","","","","","","","","","","",11.4,1,"","","","","","","","","","","","","","","","","","","","","","","","","","","","","","","","","","","","","","","","","","","","","","","","","","","","","","","","","","","","","","","","","","","","","","","","","","","","","","","","","","","","","","","","","","","","","","","","","","","","","","","","","","","","","","","","","","","",""
"06163007","TENDE_SAPC",44.043167,7.586,636,2000080203,0.,1,"","","","","","","","","","","","","","","","","","","","","","","","","","","","","","","","","","",15.8,1,8.8,1,14.9,1,"","",15.8,1,"","","","","","","","","","","","","","","","","","","","",63,1,"","","","","","","","","","","","",11.3,1,"","","","","","","","","","","","","","","","","","","","","","","","","","","","","","","","","","","","","","","","","","","","","","","","","","","","","","","","","","","","","","","","","","","","","","","","","","","","","","","","","","","","","","","","","","","","","","","","","","","","","","","","","","","","","","","","","","","",""
"06163007","TENDE_SAPC",44.043167,7.586,636,2000080204,0.,1,"","","","","","","","","","","","","","","","","","","","","","","","","","","","","","","","","","",14.9,1,9.,1,14.8,1,"","",15.8,1,"","","","","","","","","","","","","","","","","","","","",68,1,"","","","","","","","","","","","",11.5,1,"","","","","","","","","","","","","","","","","","","","","","","","","","","","","","","","","","","","","","","","","","","","","","","","","","","","","","","","","","","","","","","","","","","","","","","","","","","","","","","","","","","","","","","","","","","","","","","","","","","","","","","","","","","","","","","","","","","",""
"06163007","TENDE_SAPC",44.043167,7.586,636,2000080205,0.,1,"","","","","","","","","","","","","","","","","","","","","","","","","","","","","","","","","","",14.,1,9.2,1,14.,1,"","",15.,1,"","","","","","","","","","","","","","","","","","","","",73,1,"","","","","","","","","","","","",11.6,1,"","","","","","","","","","","","","","","","","","","","","","","","","","","","","","","","","","","","","","","","","","","","","","","","","","","","","","","","","","","","","","","","","","","","","","","","","","","","","","","","","","","","","","","","","","","","","","","","","","","","","","","","","","","","","","","","","","","",""
"06163007","TENDE_SAPC",44.043167,7.586,636,2000080206,0.,1,"","","","","","","","","","","","","","","","","","","","","","","","","","","","","","","","","","",13.9,1,9.3,1,13.7,1,"","",14.,1,"","","","","","","","","","","","","","","","","","","","",74,1,"","","","","","","","","","","","",11.7,1,"","","","","","","","","","","","","","","","","","","","","","","","","","","","","","","","","","","","","","","","","","","","","","","","","","","","","","","","","","","","","","","","","","","","","","","","","","","","","","","","","","","","","","","","","","","","","","","","","","","","","","","","","","","","","","","","","","","",""
"06163007","TENDE_SAPC",44.043167,7.586,636,2000080207,0.,1,"","","","","","","","","","","","","","","","","","","","","","","","","","","","","","","","","","",14.6,1,9.6,1,13.9,1,"","",14.6,1,"","","","","","","","","","","","","","","","","","","","",72,1,"","","","","","","","","","","","",11.9,1,"","","","","","","","","","","","","","","","","","","","","","","","","","","","","","","","","","","","","","","","","","","","","","","","","","","","","","","","","","","","","","","","","","","","","","","","","","","","","","","","","","","","","","","","","","","","","","","","","","","","","","","","","","","","","","","","","","","",""
"06163007","TENDE_SAPC",44.043167,7.586,636,2000080208,0.,1,"","","","","","","","","","","","","","","","","","","","","","","","","","","","","","","","","","",20.8,1,9.4,1,14.6,1,"","",20.8,1,"","","","","","","","","","","","","","","","","","","","",48,1,"","","","","","","","","","","","",11.8,1,"","","","","","","","","","","","","","","","","","","","","","","","","","","","","","","","","","","","","","","","","","","","","","","","","","","","","","","","","","","","","","","","","","","","","","","","","","","","","","","","","","","","","","","","","","","","","","","","","","","","","","","","","","","","","","","","","","","",""
"06163007","TENDE_SAPC",44.043167,7.586,636,2000080209,0.,1,"","","","","","","","","","","","","","","","","","","","","","","","","","","","","","","","","","",23.6,1,8.4,1,20.9,1,"","",23.7,1,"","","","","","","","","","","","","","","","","","","","",38,1,"","","","","","","","","","","","",11.,1,"","","","","","","","","","","","","","","","","","","","","","","","","","","","","","","","","","","","","","","","","","","","","","","","","","","","","","","","","","","","","","","","","","","","","","","","","","","","","","","","","","","","","","","","","","","","","","","","","","","","","","","","","","","","","","","","","","","",""
"06163007","TENDE_SAPC",44.043167,7.586,636,2000080210,0.,1,"","","","","","","","","","","","","","","","","","","","","","","","","","","","","","","","","","",25.1,1,8.1,1,23.6,1,"","",25.1,1,"","","","","","","","","","","","","","","","","","","","",34,1,"","","","","","","","","","","","",10.8,1,"","","","","","","","","","","","","","","","","","","","","","","","","","","","","","","","","","","","","","","","","","","","","","","","","","","","","","","","","","","","","","","","","","","","","","","","","","","","","","","","","","","","","","","","","","","","","","","","","","","","","","","","","","","","","","","","","","","",""
"06163007","TENDE_SAPC",44.043167,7.586,636,2000080211,0.,1,"","","","","","","","","","","","","","","","","","","","","","","","","","","","","","","","","","",25.9,1,10.5,1,25.1,1,"","",25.9,1,"","","","","","","","","","","","","","","","","","","","",38,1,"","","","","","","","","","","","",12.7,1,"","","","","","","","","","","","","","","","","","","","","","","","","","","","","","","","","","","","","","","","","","","","","","","","","","","","","","","","","","","","","","","","","","","","","","","","","","","","","","","","","","","","","","","","","","","","","","","","","","","","","","","","","","","","","","","","","","","",""
"06163007","TENDE_SAPC",44.043167,7.586,636,2000080212,0.,1,"","","","","","","","","","","","","","","","","","","","","","","","","","","","","","","","","","",26.,1,11.7,1,25.7,1,"","",26.,1,"","","","","","","","","","","","","","","","","","","","",41,1,"","","","","","","","","","","","",13.7,1,"","","","","","","","","","","","","","","","","","","","","","","","","","","","","","","","","","","","","","","","","","","","","","","","","","","","","","","","","","","","","","","","","","","","","","","","","","","","","","","","","","","","","","","","","","","","","","","","","","","","","","","","","","","","","","","","","","","",""
"06163007","TENDE_SAPC",44.043167,7.586,636,2000080213,0.,1,"","","","","","","","","","","","","","","","","","","","","","","","","","","","","","","","","","",25.6,1,12.8,1,25.6,1,"","",26.1,1,"","","","","","","","","","","","","","","","","","","","",45,1,"","","","","","","","","","","","",14.7,1,"","","","","","","","","","","","","","","","","","","","","","","","","","","","","","","","","","","","","","","","","","","","","","","","","","","","","","","","","","","","","","","","","","","","","","","","","","","","","","","","","","","","","","","","","","","","","","","","","","","","","","","","","","","","","","","","","","","",""
"06163007","TENDE_SAPC",44.043167,7.586,636,2000080214,0.,1,"","","","","","","","","","","","","","","","","","","","","","","","","","","","","","","","","","",25.4,1,13.6,1,25.,1,"","",25.8,1,"","","","","","","","","","","","","","","","","","","","",48,1,"","","","","","","","","","","","",15.5,1,"","","","","","","","","","","","","","","","","","","","","","","","","","","","","","","","","","","","","","","","","","","","","","","","","","","","","","","","","","","","","","","","","","","","","","","","","","","","","","","","","","","","","","","","","","","","","","","","","","","","","","","","","","","","","","","","","","","",""
"06163007","TENDE_SAPC",44.043167,7.586,636,2000080215,0.,1,"","","","","","","","","","","","","","","","","","","","","","","","","","","","","","","","","","",24.8,1,13.7,1,24.8,1,"","",25.5,1,"","","","","","","","","","","","","","","","","","","","",50,1,"","","","","","","","","","","","",15.6,1,"","","","","","","","","","","","","","","","","","","","","","","","","","","","","","","","","","","","","","","","","","","","","","","","","","","","","","","","","","","","","","","","","","","","","","","","","","","","","","","","","","","","","","","","","","","","","","","","","","","","","","","","","","","","","","","","","","","",""
"06163007","TENDE_SAPC",44.043167,7.586,636,2000080216,0.,1,"","","","","","","","","","","","","","","","","","","","","","","","","","","","","","","","","","",23.9,1,14.9,1,23.9,1,"","",25.,1,"","","","","","","","","","","","","","","","","","","","",57,1,"","","","","","","","","","","","",16.9,1,"","","","","","","","","","","","","","","","","","","","","","","","","","","","","","","","","","","","","","","","","","","","","","","","","","","","","","","","","","","","","","","","","","","","","","","","","","","","","","","","","","","","","","","","","","","","","","","","","","","","","","","","","","","","","","","","","","","",""
"06163007","TENDE_SAPC",44.043167,7.586,636,2000080217,0.,1,"","","","","","","","","","","","","","","","","","","","","","","","","","","","","","","","","","",22.5,1,14.9,1,22.5,1,"","",23.9,1,"","","","","","","","","","","","","","","","","","","","",62,1,"","","","","","","","","","","","",16.9,1,"","","","","","","","","","","","","","","","","","","","","","","","","","","","","","","","","","","","","","","","","","","","","","","","","","","","","","","","","","","","","","","","","","","","","","","","","","","","","","","","","","","","","","","","","","","","","","","","","","","","","","","","","","","","","","","","","","","",""
"06163007","TENDE_SAPC",44.043167,7.586,636,2000080218,0.,1,"","","","","","","","","","","","","","","","","","","","","","","","","","","","","","","","","","",21.9,1,14.3,1,21.8,1,"","",22.5,1,"","","","","","","","","","","","","","","","","","","","",62,1,"","","","","","","","","","","","",16.3,1,"","","","","","","","","","","","","","","","","","","","","","","","","","","","","","","","","","","","","","","","","","","","","","","","","","","","","","","","","","","","","","","","","","","","","","","","","","","","","","","","","","","","","","","","","","","","","","","","","","","","","","","","","","","","","","","","","","","",""
"06163007","TENDE_SAPC",44.043167,7.586,636,2000080219,0.,1,"","","","","","","","","","","","","","","","","","","","","","","","","","","","","","","","","","",21.1,1,14.,1,21.1,1,"","",21.9,1,"","","","","","","","","","","","","","","","","","","","",64,1,"","","","","","","","","","","","",16.,1,"","","","","","","","","","","","","","","","","","","","","","","","","","","","","","","","","","","","","","","","","","","","","","","","","","","","","","","","","","","","","","","","","","","","","","","","","","","","","","","","","","","","","","","","","","","","","","","","","","","","","","","","","","","","","","","","","","","",""
"06163007","TENDE_SAPC",44.043167,7.586,636,2000080220,0.,1,"","","","","","","","","","","","","","","","","","","","","","","","","","","","","","","","","","",19.9,1,14.,1,19.9,1,"","",21.,1,"","","","","","","","","","","","","","","","","","","","",69,1,"","","","","","","","","","","","",16.,1,"","","","","","","","","","","","","","","","","","","","","","","","","","","","","","","","","","","","","","","","","","","","","","","","","","","","","","","","","","","","","","","","","","","","","","","","","","","","","","","","","","","","","","","","","","","","","","","","","","","","","","","","","","","","","","","","","","","",""
"06163007","TENDE_SAPC",44.043167,7.586,636,2000080221,0.,1,"","","","","","","","","","","","","","","","","","","","","","","","","","","","","","","","","","",19.2,1,14.,1,19.2,1,"","",19.9,1,"","","","","","","","","","","","","","","","","","","","",72,1,"","","","","","","","","","","","",16.,1,"","","","","","","","","","","","","","","","","","","","","","","","","","","","","","","","","","","","","","","","","","","","","","","","","","","","","","","","","","","","","","","","","","","","","","","","","","","","","","","","","","","","","","","","","","","","","","","","","","","","","","","","","","","","","","","","","","","",""
"06163007","TENDE_SAPC",44.043167,7.586,636,2000080222,0.,1,"","","","","","","","","","","","","","","","","","","","","","","","","","","","","","","","","","",17.5,1,13.6,1,17.5,1,"","",19.2,1,"","","","","","","","","","","","","","","","","","","","",78,1,"","","","","","","","","","","","",15.6,1,"","","","","","","","","","","","","","","","","","","","","","","","","","","","","","","","","","","","","","","","","","","","","","","","","","","","","","","","","","","","","","","","","","","","","","","","","","","","","","","","","","","","","","","","","","","","","","","","","","","","","","","","","","","","","","","","","","","",""
"06163007","TENDE_SAPC",44.043167,7.586,636,2000080223,0.,1,"","","","","","","","","","","","","","","","","","","","","","","","","","","","","","","","","","",16.5,1,13.2,1,16.5,1,"","",17.5,1,"","","","","","","","","","","","","","","","","","","","",81,1,"","","","","","","","","","","","",15.2,1,"","","","","","","","","","","","","","","","","","","","","","","","","","","","","","","","","","","","","","","","","","","","","","","","","","","","","","","","","","","","","","","","","","","","","","","","","","","","","","","","","","","","","","","","","","","","","","","","","","","","","","","","","","","","","","","","","","","",""
"06163007","TENDE_SAPC",44.043167,7.586,636,2000080300,0.,1,"","","","","","","","","","","","","","","","","","","","","","","","","","","","","","","","","","",16.,1,13.1,1,16.,1,"","",16.5,1,"","","","","","","","","","","","","","","","","","","","",83,1,"","","","","","","","","","","","",15.1,1,"","","","","","","","","","","","","","","","","","","","","","","","","","","","","","","","","","","","","","","","","","","","","","","","","","","","","","","","","","","","","","","","","","","","","","","","","","","","","","","","","","","","","","","","","","","","","","","","","","","","","","","","","","","","","","","","","","","",""
"06163007","TENDE_SAPC",44.043167,7.586,636,2000080301,0.,1,"","","","","","","","","","","","","","","","","","","","","","","","","","","","","","","","","","",15.5,1,12.8,1,15.5,1,"","",16.,1,"","","","","","","","","","","","","","","","","","","","",84,1,"","","","","","","","","","","","",14.8,1,"","","","","","","","","","","","","","","","","","","","","","","","","","","","","","","","","","","","","","","","","","","","","","","","","","","","","","","","","","","","","","","","","","","","","","","","","","","","","","","","","","","","","","","","","","","","","","","","","","","","","","","","","","","","","","","","","","","",""
"06163007","TENDE_SAPC",44.043167,7.586,636,2000080302,0.,1,"","","","","","","","","","","","","","","","","","","","","","","","","","","","","","","","","","",15.,1,12.5,1,15.,1,"","",15.5,1,"","","","","","","","","","","","","","","","","","","","",85,1,"","","","","","","","","","","","",14.5,1,"","","","","","","","","","","","","","","","","","","","","","","","","","","","","","","","","","","","","","","","","","","","","","","","","","","","","","","","","","","","","","","","","","","","","","","","","","","","","","","","","","","","","","","","","","","","","","","","","","","","","","","","","","","","","","","","","","","",""
"06163007","TENDE_SAPC",44.043167,7.586,636,2000080303,0.,1,"","","","","","","","","","","","","","","","","","","","","","","","","","","","","","","","","","",15.1,1,12.4,1,14.9,1,"","",15.1,1,"","","","","","","","","","","","","","","","","","","","",84,1,"","","","","","","","","","","","",14.4,1,"","","","","","","","","","","","","","","","","","","","","","","","","","","","","","","","","","","","","","","","","","","","","","","","","","","","","","","","","","","","","","","","","","","","","","","","","","","","","","","","","","","","","","","","","","","","","","","","","","","","","","","","","","","","","","","","","","","",""
"06163007","TENDE_SAPC",44.043167,7.586,636,2000080304,0.,1,"","","","","","","","","","","","","","","","","","","","","","","","","","","","","","","","","","",14.6,1,11.9,1,14.6,1,"","",15.,1,"","","","","","","","","","","","","","","","","","","","",84,1,"","","","","","","","","","","","",13.9,1,"","","","","","","","","","","","","","","","","","","","","","","","","","","","","","","","","","","","","","","","","","","","","","","","","","","","","","","","","","","","","","","","","","","","","","","","","","","","","","","","","","","","","","","","","","","","","","","","","","","","","","","","","","","","","","","","","","","",""
"06163007","TENDE_SAPC",44.043167,7.586,636,2000080305,0.,1,"","","","","","","","","","","","","","","","","","","","","","","","","","","","","","","","","","",14.8,1,11.6,1,14.6,1,"","",14.8,1,"","","","","","","","","","","","","","","","","","","","",81,1,"","","","","","","","","","","","",13.6,1,"","","","","","","","","","","","","","","","","","","","","","","","","","","","","","","","","","","","","","","","","","","","","","","","","","","","","","","","","","","","","","","","","","","","","","","","","","","","","","","","","","","","","","","","","","","","","","","","","","","","","","","","","","","","","","","","","","","",""
"06163007","TENDE_SAPC",44.043167,7.586,636,2000080306,0.,1,"","","","","","","","","","","","","","","","","","","","","","","","","","","","","","","","","","",16.,1,12.,1,14.9,1,"","",16.,1,"","","","","","","","","","","","","","","","","","","","",77,1,"","","","","","","","","","","","",14.,1,"","","","","","","","","","","","","","","","","","","","","","","","","","","","","","","","","","","","","","","","","","","","","","","","","","","","","","","","","","","","","","","","","","","","","","","","","","","","","","","","","","","","","","","","","","","","","","","","","","","","","","","","","","","","","","","","","","","",""
"06163007","TENDE_SAPC",44.043167,7.586,636,2000080307,0.,1,"","","","","","","","","","","","","","","","","","","","","","","","","","","","","","","","","","",17.2,1,12.3,1,16.1,1,"","",17.2,1,"","","","","","","","","","","","","","","","","","","","",73,1,"","","","","","","","","","","","",14.3,1,"","","","","","","","","","","","","","","","","","","","","","","","","","","","","","","","","","","","","","","","","","","","","","","","","","","","","","","","","","","","","","","","","","","","","","","","","","","","","","","","","","","","","","","","","","","","","","","","","","","","","","","","","","","","","","","","","","","",""
"06163007","TENDE_SAPC",44.043167,7.586,636,2000080308,0.,1,"","","","","","","","","","","","","","","","","","","","","","","","","","","","","","","","","","",19.,1,12.,1,17.2,1,"","",19.1,1,"","","","","","","","","","","","","","","","","","","","",64,1,"","","","","","","","","","","","",14.,1,"","","","","","","","","","","","","","","","","","","","","","","","","","","","","","","","","","","","","","","","","","","","","","","","","","","","","","","","","","","","","","","","","","","","","","","","","","","","","","","","","","","","","","","","","","","","","","","","","","","","","","","","","","","","","","","","","","","",""
"06163007","TENDE_SAPC",44.043167,7.586,636,2000080309,0.,1,"","","","","","","","","","","","","","","","","","","","","","","","","","","","","","","","","","",18.8,1,12.8,1,18.7,1,"","",19.,1,"","","","","","","","","","","","","","","","","","","","",68,1,"","","","","","","","","","","","",14.7,1,"","","","","","","","","","","","","","","","","","","","","","","","","","","","","","","","","","","","","","","","","","","","","","","","","","","","","","","","","","","","","","","","","","","","","","","","","","","","","","","","","","","","","","","","","","","","","","","","","","","","","","","","","","","","","","","","","","","",""
"06163007","TENDE_SAPC",44.043167,7.586,636,2000080310,0.,1,"","","","","","","","","","","","","","","","","","","","","","","","","","","","","","","","","","",20.1,1,11.8,1,18.7,1,"","",20.2,1,"","","","","","","","","","","","","","","","","","","","",59,1,"","","","","","","","","","","","",13.8,1,"","","","","","","","","","","","","","","","","","","","","","","","","","","","","","","","","","","","","","","","","","","","","","","","","","","","","","","","","","","","","","","","","","","","","","","","","","","","","","","","","","","","","","","","","","","","","","","","","","","","","","","","","","","","","","","","","","","",""
"06163007","TENDE_SAPC",44.043167,7.586,636,2000080311,0.,1,"","","","","","","","","","","","","","","","","","","","","","","","","","","","","","","","","","",21.5,1,12.6,1,20.2,1,"","",21.5,1,"","","","","","","","","","","","","","","","","","","","",57,1,"","","","","","","","","","","","",14.6,1,"","","","","","","","","","","","","","","","","","","","","","","","","","","","","","","","","","","","","","","","","","","","","","","","","","","","","","","","","","","","","","","","","","","","","","","","","","","","","","","","","","","","","","","","","","","","","","","","","","","","","","","","","","","","","","","","","","","",""
"06163007","TENDE_SAPC",44.043167,7.586,636,2000080312,0.,1,"","","","","","","","","","","","","","","","","","","","","","","","","","","","","","","","","","",22.7,1,13.2,1,21.5,1,"","",23.6,1,"","","","","","","","","","","","","","","","","","","","",55,1,"","","","","","","","","","","","",15.1,1,"","","","","","","","","","","","","","","","","","","","","","","","","","","","","","","","","","","","","","","","","","","","","","","","","","","","","","","","","","","","","","","","","","","","","","","","","","","","","","","","","","","","","","","","","","","","","","","","","","","","","","","","","","","","","","","","","","","",""
"06163007","TENDE_SAPC",44.043167,7.586,636,2000080313,0.,1,"","","","","","","","","","","","","","","","","","","","","","","","","","","","","","","","","","",23.1,1,13.3,1,22.5,1,"","",23.1,1,"","","","","","","","","","","","","","","","","","","","",54,1,"","","","","","","","","","","","",15.2,1,"","","","","","","","","","","","","","","","","","","","","","","","","","","","","","","","","","","","","","","","","","","","","","","","","","","","","","","","","","","","","","","","","","","","","","","","","","","","","","","","","","","","","","","","","","","","","","","","","","","","","","","","","","","","","","","","","","","",""
"06163007","TENDE_SAPC",44.043167,7.586,636,2000080314,0.,1,"","","","","","","","","","","","","","","","","","","","","","","","","","","","","","","","","","",23.4,1,14.4,1,23.1,1,"","",23.5,1,"","","","","","","","","","","","","","","","","","","","",57,1,"","","","","","","","","","","","",16.4,1,"","","","","","","","","","","","","","","","","","","","","","","","","","","","","","","","","","","","","","","","","","","","","","","","","","","","","","","","","","","","","","","","","","","","","","","","","","","","","","","","","","","","","","","","","","","","","","","","","","","","","","","","","","","","","","","","","","","",""
"06163007","TENDE_SAPC",44.043167,7.586,636,2000080315,0.,1,"","","","","","","","","","","","","","","","","","","","","","","","","","","","","","","","","","",22.3,1,15.4,1,22.3,1,"","",23.4,1,"","","","","","","","","","","","","","","","","","","","",65,1,"","","","","","","","","","","","",17.5,1,"","","","","","","","","","","","","","","","","","","","","","","","","","","","","","","","","","","","","","","","","","","","","","","","","","","","","","","","","","","","","","","","","","","","","","","","","","","","","","","","","","","","","","","","","","","","","","","","","","","","","","","","","","","","","","","","","","","",""
"06163007","TENDE_SAPC",44.043167,7.586,636,2000080316,"","","","","","","","","","","","","","","","","","","","","","","","","","","","","","","","","","","","",19.8,1,16.4,1,19.8,1,"","",22.2,1,"","","","","","","","","","","","","","","","","","","","",81,1,"","","","","","","","","","","","",18.7,1,"","","","","","","","","","","","","","","","","","","","","","","","","","","","","","","","","","","","","","","","","","","","","","","","","","","","","","","","","","","","","","","","","","","","","","","","","","","","","","","","","","","","","","","","","","","","","","","","","","","","","","","","","","","","","","","","","","","",""
"06163007","TENDE_SAPC",44.043167,7.586,636,2000080317,2.,1,"","","","","","","","","","","","","","","","","","","","","","","","","","","","","","","","","","",18.6,1,15.5,1,18.6,1,"","",19.7,1,"","","","","","","","","","","","","","","","","","","","",82,1,"","","","","","","","","","","","",17.5,1,"","","","","","","","","","","","","","","","","","","","","","","","","","","","","","","","","","","","","","","","","","","","","","","","","","","","","","","","","","","","","","","","","","","","","","","","","","","","","","","","","","","","","","","","","","","","","","","","","","","","","","","","","","","","","","","","","","","",""
"06163007","TENDE_SAPC",44.043167,7.586,636,2000080318,0.,1,"","","","","","","","","","","","","","","","","","","","","","","","","","","","","","","","","","",18.1,1,15.2,1,18.,1,"","",18.5,1,"","","","","","","","","","","","","","","","","","","","",83,1,"","","","","","","","","","","","",17.2,1,"","","","","","","","","","","","","","","","","","","","","","","","","","","","","","","","","","","","","","","","","","","","","","","","","","","","","","","","","","","","","","","","","","","","","","","","","","","","","","","","","","","","","","","","","","","","","","","","","","","","","","","","","","","","","","","","","","","",""
"06163007","TENDE_SAPC",44.043167,7.586,636,2000080319,0.,1,"","","","","","","","","","","","","","","","","","","","","","","","","","","","","","","","","","",17.3,1,14.8,1,17.3,1,"","",18.1,1,"","","","","","","","","","","","","","","","","","","","",85,1,"","","","","","","","","","","","",16.7,1,"","","","","","","","","","","","","","","","","","","","","","","","","","","","","","","","","","","","","","","","","","","","","","","","","","","","","","","","","","","","","","","","","","","","","","","","","","","","","","","","","","","","","","","","","","","","","","","","","","","","","","","","","","","","","","","","","","","",""
"06163007","TENDE_SAPC",44.043167,7.586,636,2000080320,0.,1,"","","","","","","","","","","","","","","","","","","","","","","","","","","","","","","","","","",16.9,1,14.7,1,16.9,1,"","",17.3,1,"","","","","","","","","","","","","","","","","","","","",87,1,"","","","","","","","","","","","",16.7,1,"","","","","","","","","","","","","","","","","","","","","","","","","","","","","","","","","","","","","","","","","","","","","","","","","","","","","","","","","","","","","","","","","","","","","","","","","","","","","","","","","","","","","","","","","","","","","","","","","","","","","","","","","","","","","","","","","","","",""
"06163007","TENDE_SAPC",44.043167,7.586,636,2000080321,0.,1,"","","","","","","","","","","","","","","","","","","","","","","","","","","","","","","","","","",16.2,1,14.,1,16.2,1,"","",16.9,1,"","","","","","","","","","","","","","","","","","","","",87,1,"","","","","","","","","","","","",16.,1,"","","","","","","","","","","","","","","","","","","","","","","","","","","","","","","","","","","","","","","","","","","","","","","","","","","","","","","","","","","","","","","","","","","","","","","","","","","","","","","","","","","","","","","","","","","","","","","","","","","","","","","","","","","","","","","","","","","",""
"06163007","TENDE_SAPC",44.043167,7.586,636,2000080322,0.,1,"","","","","","","","","","","","","","","","","","","","","","","","","","","","","","","","","","",16.,1,13.8,1,16.,1,"","",16.2,1,"","","","","","","","","","","","","","","","","","","","",87,1,"","","","","","","","","","","","",15.8,1,"","","","","","","","","","","","","","","","","","","","","","","","","","","","","","","","","","","","","","","","","","","","","","","","","","","","","","","","","","","","","","","","","","","","","","","","","","","","","","","","","","","","","","","","","","","","","","","","","","","","","","","","","","","","","","","","","","","",""
"06163007","TENDE_SAPC",44.043167,7.586,636,2000080323,0.,1,"","","","","","","","","","","","","","","","","","","","","","","","","","","","","","","","","","",15.6,1,13.4,1,15.6,1,"","",16.,1,"","","","","","","","","","","","","","","","","","","","",87,1,"","","","","","","","","","","","",15.4,1,"","","","","","","","","","","","","","","","","","","","","","","","","","","","","","","","","","","","","","","","","","","","","","","","","","","","","","","","","","","","","","","","","","","","","","","","","","","","","","","","","","","","","","","","","","","","","","","","","","","","","","","","","","","","","","","","","","","",""
"06163007","TENDE_SAPC",44.043167,7.586,636,2000080400,0.,1,"","","","","","","","","","","","","","","","","","","","","","","","","","","","","","","","","","",15.8,1,13.8,1,15.5,1,"","",15.8,1,"","","","","","","","","","","","","","","","","","","","",88,1,"","","","","","","","","","","","",15.8,1,"","","","","","","","","","","","","","","","","","","","","","","","","","","","","","","","","","","","","","","","","","","","","","","","","","","","","","","","","","","","","","","","","","","","","","","","","","","","","","","","","","","","","","","","","","","","","","","","","","","","","","","","","","","","","","","","","","","",""
"06163007","TENDE_SAPC",44.043167,7.586,636,2000080401,0.,1,"","","","","","","","","","","","","","","","","","","","","","","","","","","","","","","","","","",15.5,1,13.5,1,15.5,1,"","",15.8,1,"","","","","","","","","","","","","","","","","","","","",88,1,"","","","","","","","","","","","",15.5,1,"","","","","","","","","","","","","","","","","","","","","","","","","","","","","","","","","","","","","","","","","","","","","","","","","","","","","","","","","","","","","","","","","","","","","","","","","","","","","","","","","","","","","","","","","","","","","","","","","","","","","","","","","","","","","","","","","","","",""
"06163007","TENDE_SAPC",44.043167,7.586,636,2000080402,0.,1,"","","","","","","","","","","","","","","","","","","","","","","","","","","","","","","","","","",15.2,1,13.2,1,15.2,1,"","",15.5,1,"","","","","","","","","","","","","","","","","","","","",88,1,"","","","","","","","","","","","",15.2,1,"","","","","","","","","","","","","","","","","","","","","","","","","","","","","","","","","","","","","","","","","","","","","","","","","","","","","","","","","","","","","","","","","","","","","","","","","","","","","","","","","","","","","","","","","","","","","","","","","","","","","","","","","","","","","","","","","","","",""
"06163007","TENDE_SAPC",44.043167,7.586,636,2000080403,"","","","","","","","","","","","","","","","","","","","","","","","","","","","","","","","","","","","",15.3,1,13.3,1,"","","","","","","","","","","","","","","","","","","","","","","","","","",88,1,"","","","","","","","","","","","",15.3,1,"","","","","","","","","","","","","","","","","","","","","","","","","","","","","","","","","","","","","","","","","","","","","","","","","","","","","","","","","","","","","","","","","","","","","","","","","","","","","","","","","","","","","","","","","","","","","","","","","","","","","","","","","","","","","","","","","","","",""
"06163007","TENDE_SAPC",44.043167,7.586,636,2000080404,0.6,1,"","","","","","","","","","","","","","","","","","","","","","","","","","","","","","","","","","",15.,1,13.,1,15.,1,"","",15.4,1,"","","","","","","","","","","","","","","","","","","","",88,1,"","","","","","","","","","","","",15.,1,"","","","","","","","","","","","","","","","","","","","","","","","","","","","","","","","","","","","","","","","","","","","","","","","","","","","","","","","","","","","","","","","","","","","","","","","","","","","","","","","","","","","","","","","","","","","","","","","","","","","","","","","","","","","","","","","","","","",""
"06163007","TENDE_SAPC",44.043167,7.586,636,2000080405,0.,1,"","","","","","","","","","","","","","","","","","","","","","","","","","","","","","","","","","",14.4,1,12.4,1,14.4,1,"","",15.1,1,"","","","","","","","","","","","","","","","","","","","",88,1,"","","","","","","","","","","","",14.4,1,"","","","","","","","","","","","","","","","","","","","","","","","","","","","","","","","","","","","","","","","","","","","","","","","","","","","","","","","","","","","","","","","","","","","","","","","","","","","","","","","","","","","","","","","","","","","","","","","","","","","","","","","","","","","","","","","","","","",""
"06163007","TENDE_SAPC",44.043167,7.586,636,2000080406,0.,1,"","","","","","","","","","","","","","","","","","","","","","","","","","","","","","","","","","",14.5,1,12.2,1,14.1,1,"","",14.5,1,"","","","","","","","","","","","","","","","","","","","",86,1,"","","","","","","","","","","","",14.2,1,"","","","","","","","","","","","","","","","","","","","","","","","","","","","","","","","","","","","","","","","","","","","","","","","","","","","","","","","","","","","","","","","","","","","","","","","","","","","","","","","","","","","","","","","","","","","","","","","","","","","","","","","","","","","","","","","","","","",""
"06163007","TENDE_SAPC",44.043167,7.586,636,2000080407,0.8,1,"","","","","","","","","","","","","","","","","","","","","","","","","","","","","","","","","","",14.9,1,12.6,1,14.4,1,"","",15.,1,"","","","","","","","","","","","","","","","","","","","",86,1,"","","","","","","","","","","","",14.5,1,"","","","","","","","","","","","","","","","","","","","","","","","","","","","","","","","","","","","","","","","","","","","","","","","","","","","","","","","","","","","","","","","","","","","","","","","","","","","","","","","","","","","","","","","","","","","","","","","","","","","","","","","","","","","","","","","","","","",""
"06163007","TENDE_SAPC",44.043167,7.586,636,2000080408,0.,1,"","","","","","","","","","","","","","","","","","","","","","","","","","","","","","","","","","",15.6,1,12.9,1,14.8,1,"","",15.6,1,"","","","","","","","","","","","","","","","","","","","",84,1,"","","","","","","","","","","","",14.9,1,"","","","","","","","","","","","","","","","","","","","","","","","","","","","","","","","","","","","","","","","","","","","","","","","","","","","","","","","","","","","","","","","","","","","","","","","","","","","","","","","","","","","","","","","","","","","","","","","","","","","","","","","","","","","","","","","","","","",""
"06163007","TENDE_SAPC",44.043167,7.586,636,2000080409,0.,1,"","","","","","","","","","","","","","","","","","","","","","","","","","","","","","","","","","",17.3,1,11.6,1,15.6,1,"","",17.3,1,"","","","","","","","","","","","","","","","","","","","",69,1,"","","","","","","","","","","","",13.6,1,"","","","","","","","","","","","","","","","","","","","","","","","","","","","","","","","","","","","","","","","","","","","","","","","","","","","","","","","","","","","","","","","","","","","","","","","","","","","","","","","","","","","","","","","","","","","","","","","","","","","","","","","","","","","","","","","","","","",""
"06163007","TENDE_SAPC",44.043167,7.586,636,2000080410,0.,1,"","","","","","","","","","","","","","","","","","","","","","","","","","","","","","","","","","",19.8,1,11.,1,17.3,1,"","",19.8,1,"","","","","","","","","","","","","","","","","","","","",57,1,"","","","","","","","","","","","",13.1,1,"","","","","","","","","","","","","","","","","","","","","","","","","","","","","","","","","","","","","","","","","","","","","","","","","","","","","","","","","","","","","","","","","","","","","","","","","","","","","","","","","","","","","","","","","","","","","","","","","","","","","","","","","","","","","","","","","","","",""
"06163007","TENDE_SAPC",44.043167,7.586,636,2000080411,0.,1,"","","","","","","","","","","","","","","","","","","","","","","","","","","","","","","","","","",21.,1,9.6,1,19.2,1,"","",21.,1,"","","","","","","","","","","","","","","","","","","","",48,1,"","","","","","","","","","","","",11.9,1,"","","","","","","","","","","","","","","","","","","","","","","","","","","","","","","","","","","","","","","","","","","","","","","","","","","","","","","","","","","","","","","","","","","","","","","","","","","","","","","","","","","","","","","","","","","","","","","","","","","","","","","","","","","","","","","","","","","",""
"06163007","TENDE_SAPC",44.043167,7.586,636,2000080412,0.,1,"","","","","","","","","","","","","","","","","","","","","","","","","","","","","","","","","","",22.1,1,9.9,1,20.4,1,"","",22.2,1,"","","","","","","","","","","","","","","","","","","","",46,1,"","","","","","","","","","","","",12.2,1,"","","","","","","","","","","","","","","","","","","","","","","","","","","","","","","","","","","","","","","","","","","","","","","","","","","","","","","","","","","","","","","","","","","","","","","","","","","","","","","","","","","","","","","","","","","","","","","","","","","","","","","","","","","","","","","","","","","",""
"06163007","TENDE_SAPC",44.043167,7.586,636,2000080413,0.,1,"","","","","","","","","","","","","","","","","","","","","","","","","","","","","","","","","","",21.9,1,11.,1,21.7,1,"","",22.5,1,"","","","","","","","","","","","","","","","","","","","",50,1,"","","","","","","","","","","","",13.1,1,"","","","","","","","","","","","","","","","","","","","","","","","","","","","","","","","","","","","","","","","","","","","","","","","","","","","","","","","","","","","","","","","","","","","","","","","","","","","","","","","","","","","","","","","","","","","","","","","","","","","","","","","","","","","","","","","","","","",""
"06163007","TENDE_SAPC",44.043167,7.586,636,2000080414,0.,1,"","","","","","","","","","","","","","","","","","","","","","","","","","","","","","","","","","",22.1,1,11.8,1,21.8,1,"","",22.4,1,"","","","","","","","","","","","","","","","","","","","",52,1,"","","","","","","","","","","","",13.8,1,"","","","","","","","","","","","","","","","","","","","","","","","","","","","","","","","","","","","","","","","","","","","","","","","","","","","","","","","","","","","","","","","","","","","","","","","","","","","","","","","","","","","","","","","","","","","","","","","","","","","","","","","","","","","","","","","","","","",""
"06163007","TENDE_SAPC",44.043167,7.586,636,2000080415,0.,1,"","","","","","","","","","","","","","","","","","","","","","","","","","","","","","","","","","",20.9,1,12.1,1,20.5,1,"","",22.,1,"","","","","","","","","","","","","","","","","","","","",57,1,"","","","","","","","","","","","",14.1,1,"","","","","","","","","","","","","","","","","","","","","","","","","","","","","","","","","","","","","","","","","","","","","","","","","","","","","","","","","","","","","","","","","","","","","","","","","","","","","","","","","","","","","","","","","","","","","","","","","","","","","","","","","","","","","","","","","","","",""
"06163007","TENDE_SAPC",44.043167,7.586,636,2000080416,0.,1,"","","","","","","","","","","","","","","","","","","","","","","","","","","","","","","","","","",19.6,1,12.6,1,19.6,1,"","",21.2,1,"","","","","","","","","","","","","","","","","","","","",64,1,"","","","","","","","","","","","",14.6,1,"","","","","","","","","","","","","","","","","","","","","","","","","","","","","","","","","","","","","","","","","","","","","","","","","","","","","","","","","","","","","","","","","","","","","","","","","","","","","","","","","","","","","","","","","","","","","","","","","","","","","","","","","","","","","","","","","","","",""
"06163007","TENDE_SAPC",44.043167,7.586,636,2000080417,0.,1,"","","","","","","","","","","","","","","","","","","","","","","","","","","","","","","","","","",19.3,1,12.8,1,19.2,1,"","",19.6,1,"","","","","","","","","","","","","","","","","","","","",66,1,"","","","","","","","","","","","",14.7,1,"","","","","","","","","","","","","","","","","","","","","","","","","","","","","","","","","","","","","","","","","","","","","","","","","","","","","","","","","","","","","","","","","","","","","","","","","","","","","","","","","","","","","","","","","","","","","","","","","","","","","","","","","","","","","","","","","","","",""
"06163007","TENDE_SAPC",44.043167,7.586,636,2000080418,0.,1,"","","","","","","","","","","","","","","","","","","","","","","","","","","","","","","","","","",18.3,1,13.2,1,18.3,1,"","",19.3,1,"","","","","","","","","","","","","","","","","","","","",72,1,"","","","","","","","","","","","",15.1,1,"","","","","","","","","","","","","","","","","","","","","","","","","","","","","","","","","","","","","","","","","","","","","","","","","","","","","","","","","","","","","","","","","","","","","","","","","","","","","","","","","","","","","","","","","","","","","","","","","","","","","","","","","","","","","","","","","","","",""
"06163007","TENDE_SAPC",44.043167,7.586,636,2000080419,"","","","","","","","","","","","","","","","","","","","","","","","","","","","","","","","","","","","",16.9,1,7.3,1,"","","","","","","","","","","","","","","","","","","","","","","","","","",53,1,"","","","","","","","","","","","",10.2,1,"","","","","","","","","","","","","","","","","","","","","","","","","","","","","","","","","","","","","","","","","","","","","","","","","","","","","","","","","","","","","","","","","","","","","","","","","","","","","","","","","","","","","","","","","","","","","","","","","","","","","","","","","","","","","","","","","","","",""
"06163007","TENDE_SAPC",44.043167,7.586,636,2000080420,0.,1,"","","","","","","","","","","","","","","","","","","","","","","","","","","","","","","","","","",16.3,1,7.,1,16.3,1,"","",16.8,1,"","","","","","","","","","","","","","","","","","","","",54,1,"","","","","","","","","","","","",10.,1,"","","","","","","","","","","","","","","","","","","","","","","","","","","","","","","","","","","","","","","","","","","","","","","","","","","","","","","","","","","","","","","","","","","","","","","","","","","","","","","","","","","","","","","","","","","","","","","","","","","","","","","","","","","","","","","","","","","",""
"06163007","TENDE_SAPC",44.043167,7.586,636,2000080421,0.,1,"","","","","","","","","","","","","","","","","","","","","","","","","","","","","","","","","","",14.7,1,9.5,1,14.7,1,"","",16.3,1,"","","","","","","","","","","","","","","","","","","","",71,1,"","","","","","","","","","","","",11.9,1,"","","","","","","","","","","","","","","","","","","","","","","","","","","","","","","","","","","","","","","","","","","","","","","","","","","","","","","","","","","","","","","","","","","","","","","","","","","","","","","","","","","","","","","","","","","","","","","","","","","","","","","","","","","","","","","","","","","",""
"06163007","TENDE_SAPC",44.043167,7.586,636,2000080422,0.,1,"","","","","","","","","","","","","","","","","","","","","","","","","","","","","","","","","","",14.,1,9.,1,13.8,1,"","",14.6,1,"","","","","","","","","","","","","","","","","","","","",72,1,"","","","","","","","","","","","",11.5,1,"","","","","","","","","","","","","","","","","","","","","","","","","","","","","","","","","","","","","","","","","","","","","","","","","","","","","","","","","","","","","","","","","","","","","","","","","","","","","","","","","","","","","","","","","","","","","","","","","","","","","","","","","","","","","","","","","","","",""
"06163007","TENDE_SAPC",44.043167,7.586,636,2000080423,0.,1,"","","","","","","","","","","","","","","","","","","","","","","","","","","","","","","","","","",16.7,1,7.1,1,14.2,1,"","",16.7,1,"","","","","","","","","","","","","","","","","","","","",53,1,"","","","","","","","","","","","",10.1,1,"","","","","","","","","","","","","","","","","","","","","","","","","","","","","","","","","","","","","","","","","","","","","","","","","","","","","","","","","","","","","","","","","","","","","","","","","","","","","","","","","","","","","","","","","","","","","","","","","","","","","","","","","","","","","","","","","","","",""
"06163007","TENDE_SAPC",44.043167,7.586,636,2000080500,0.,1,"","","","","","","","","","","","","","","","","","","","","","","","","","","","","","","","","","",16.3,1,7.,1,16.1,1,"","",16.8,1,"","","","","","","","","","","","","","","","","","","","",54,1,"","","","","","","","","","","","",10.,1,"","","","","","","","","","","","","","","","","","","","","","","","","","","","","","","","","","","","","","","","","","","","","","","","","","","","","","","","","","","","","","","","","","","","","","","","","","","","","","","","","","","","","","","","","","","","","","","","","","","","","","","","","","","","","","","","","","","",""
"06163007","TENDE_SAPC",44.043167,7.586,636,2000080501,0.,1,"","","","","","","","","","","","","","","","","","","","","","","","","","","","","","","","","","",16.1,1,6.2,1,16.,1,"","",16.6,1,"","","","","","","","","","","","","","","","","","","","",52,1,"","","","","","","","","","","","",9.5,1,"","","","","","","","","","","","","","","","","","","","","","","","","","","","","","","","","","","","","","","","","","","","","","","","","","","","","","","","","","","","","","","","","","","","","","","","","","","","","","","","","","","","","","","","","","","","","","","","","","","","","","","","","","","","","","","","","","","",""
"06163007","TENDE_SAPC",44.043167,7.586,636,2000080502,0.,1,"","","","","","","","","","","","","","","","","","","","","","","","","","","","","","","","","","",13.1,1,6.9,1,13.1,1,"","",16.1,1,"","","","","","","","","","","","","","","","","","","","",66,1,"","","","","","","","","","","","",9.9,1,"","","","","","","","","","","","","","","","","","","","","","","","","","","","","","","","","","","","","","","","","","","","","","","","","","","","","","","","","","","","","","","","","","","","","","","","","","","","","","","","","","","","","","","","","","","","","","","","","","","","","","","","","","","","","","","","","","","",""
"06163007","TENDE_SAPC",44.043167,7.586,636,2000080503,0.,1,"","","","","","","","","","","","","","","","","","","","","","","","","","","","","","","","","","",12.1,1,6.6,1,11.9,1,"","",13.1,1,"","","","","","","","","","","","","","","","","","","","",69,1,"","","","","","","","","","","","",9.7,1,"","","","","","","","","","","","","","","","","","","","","","","","","","","","","","","","","","","","","","","","","","","","","","","","","","","","","","","","","","","","","","","","","","","","","","","","","","","","","","","","","","","","","","","","","","","","","","","","","","","","","","","","","","","","","","","","","","","",""
"06163007","TENDE_SAPC",44.043167,7.586,636,2000080504,0.,1,"","","","","","","","","","","","","","","","","","","","","","","","","","","","","","","","","","",12.4,1,6.9,1,12.1,1,"","",12.5,1,"","","","","","","","","","","","","","","","","","","","",69,1,"","","","","","","","","","","","",9.9,1,"","","","","","","","","","","","","","","","","","","","","","","","","","","","","","","","","","","","","","","","","","","","","","","","","","","","","","","","","","","","","","","","","","","","","","","","","","","","","","","","","","","","","","","","","","","","","","","","","","","","","","","","","","","","","","","","","","","",""
"06163007","TENDE_SAPC",44.043167,7.586,636,2000080505,0.,1,"","","","","","","","","","","","","","","","","","","","","","","","","","","","","","","","","","",12.8,1,6.8,1,12.3,1,"","",12.8,1,"","","","","","","","","","","","","","","","","","","","",67,1,"","","","","","","","","","","","",9.9,1,"","","","","","","","","","","","","","","","","","","","","","","","","","","","","","","","","","","","","","","","","","","","","","","","","","","","","","","","","","","","","","","","","","","","","","","","","","","","","","","","","","","","","","","","","","","","","","","","","","","","","","","","","","","","","","","","","","","",""
"06163007","TENDE_SAPC",44.043167,7.586,636,2000080506,0.,1,"","","","","","","","","","","","","","","","","","","","","","","","","","","","","","","","","","",14.7,1,7.3,1,12.8,1,"","",14.7,1,"","","","","","","","","","","","","","","","","","","","",61,1,"","","","","","","","","","","","",10.2,1,"","","","","","","","","","","","","","","","","","","","","","","","","","","","","","","","","","","","","","","","","","","","","","","","","","","","","","","","","","","","","","","","","","","","","","","","","","","","","","","","","","","","","","","","","","","","","","","","","","","","","","","","","","","","","","","","","","","",""
"06163007","TENDE_SAPC",44.043167,7.586,636,2000080507,0.,1,"","","","","","","","","","","","","","","","","","","","","","","","","","","","","","","","","","",15.7,1,9.1,1,14.7,1,"","",15.7,1,"","","","","","","","","","","","","","","","","","","","",65,1,"","","","","","","","","","","","",11.6,1,"","","","","","","","","","","","","","","","","","","","","","","","","","","","","","","","","","","","","","","","","","","","","","","","","","","","","","","","","","","","","","","","","","","","","","","","","","","","","","","","","","","","","","","","","","","","","","","","","","","","","","","","","","","","","","","","","","","",""
"06163007","TENDE_SAPC",44.043167,7.586,636,2000080508,0.,1,"","","","","","","","","","","","","","","","","","","","","","","","","","","","","","","","","","",16.,1,7.7,1,15.7,1,"","",16.8,1,"","","","","","","","","","","","","","","","","","","","",58,1,"","","","","","","","","","","","",10.5,1,"","","","","","","","","","","","","","","","","","","","","","","","","","","","","","","","","","","","","","","","","","","","","","","","","","","","","","","","","","","","","","","","","","","","","","","","","","","","","","","","","","","","","","","","","","","","","","","","","","","","","","","","","","","","","","","","","","","",""
"06163007","TENDE_SAPC",44.043167,7.586,636,2000080509,0.,1,"","","","","","","","","","","","","","","","","","","","","","","","","","","","","","","","","","",16.,1,8.7,1,16.,1,"","",17.,1,"","","","","","","","","","","","","","","","","","","","",62,1,"","","","","","","","","","","","",11.2,1,"","","","","","","","","","","","","","","","","","","","","","","","","","","","","","","","","","","","","","","","","","","","","","","","","","","","","","","","","","","","","","","","","","","","","","","","","","","","","","","","","","","","","","","","","","","","","","","","","","","","","","","","","","","","","","","","","","","",""
"06163007","TENDE_SAPC",44.043167,7.586,636,2000080510,0.,1,"","","","","","","","","","","","","","","","","","","","","","","","","","","","","","","","","","",15.4,1,8.4,1,15.3,1,"","",15.9,1,"","","","","","","","","","","","","","","","","","","","",63,1,"","","","","","","","","","","","",11.,1,"","","","","","","","","","","","","","","","","","","","","","","","","","","","","","","","","","","","","","","","","","","","","","","","","","","","","","","","","","","","","","","","","","","","","","","","","","","","","","","","","","","","","","","","","","","","","","","","","","","","","","","","","","","","","","","","","","","",""
"06163007","TENDE_SAPC",44.043167,7.586,636,2000080511,0.,1,"","","","","","","","","","","","","","","","","","","","","","","","","","","","","","","","","","",17.2,1,9.6,1,15.4,1,"","",18.6,1,"","","","","","","","","","","","","","","","","","","","",61,1,"","","","","","","","","","","","",11.9,1,"","","","","","","","","","","","","","","","","","","","","","","","","","","","","","","","","","","","","","","","","","","","","","","","","","","","","","","","","","","","","","","","","","","","","","","","","","","","","","","","","","","","","","","","","","","","","","","","","","","","","","","","","","","","","","","","","","","",""
"06163007","TENDE_SAPC",44.043167,7.586,636,2000080512,"","","","","","","","","","","","","","","","","","","","","","","","","","","","","","","","","","","","",16.5,1,9.4,1,"","","","","","","","","","","","","","","","","","","","","","","","","","",63,1,"","","","","","","","","","","","",11.8,1,"","","","","","","","","","","","","","","","","","","","","","","","","","","","","","","","","","","","","","","","","","","","","","","","","","","","","","","","","","","","","","","","","","","","","","","","","","","","","","","","","","","","","","","","","","","","","","","","","","","","","","","","","","","","","","","","","","","",""
"06163007","TENDE_SAPC",44.043167,7.586,636,2000080513,0.,1,"","","","","","","","","","","","","","","","","","","","","","","","","","","","","","","","","","",17.7,1,8.3,1,16.3,1,"","",17.8,1,"","","","","","","","","","","","","","","","","","","","",54,1,"","","","","","","","","","","","",10.9,1,"","","","","","","","","","","","","","","","","","","","","","","","","","","","","","","","","","","","","","","","","","","","","","","","","","","","","","","","","","","","","","","","","","","","","","","","","","","","","","","","","","","","","","","","","","","","","","","","","","","","","","","","","","","","","","","","","","","",""
"06163007","TENDE_SAPC",44.043167,7.586,636,2000080514,0.2,1,"","","","","","","","","","","","","","","","","","","","","","","","","","","","","","","","","","",14.8,1,8.5,1,14.8,1,"","",17.8,1,"","","","","","","","","","","","","","","","","","","","",66,1,"","","","","","","","","","","","",11.1,1,"","","","","","","","","","","","","","","","","","","","","","","","","","","","","","","","","","","","","","","","","","","","","","","","","","","","","","","","","","","","","","","","","","","","","","","","","","","","","","","","","","","","","","","","","","","","","","","","","","","","","","","","","","","","","","","","","","","",""
"06163007","TENDE_SAPC",44.043167,7.586,636,2000080515,1.2,1,"","","","","","","","","","","","","","","","","","","","","","","","","","","","","","","","","","",13.8,1,9.2,1,13.6,1,"","",14.8,1,"","","","","","","","","","","","","","","","","","","","",74,1,"","","","","","","","","","","","",11.7,1,"","","","","","","","","","","","","","","","","","","","","","","","","","","","","","","","","","","","","","","","","","","","","","","","","","","","","","","","","","","","","","","","","","","","","","","","","","","","","","","","","","","","","","","","","","","","","","","","","","","","","","","","","","","","","","","","","","","",""
"06163007","TENDE_SAPC",44.043167,7.586,636,2000080516,0.,1,"","","","","","","","","","","","","","","","","","","","","","","","","","","","","","","","","","",14.4,1,9.4,1,13.7,1,"","",14.4,1,"","","","","","","","","","","","","","","","","","","","",72,1,"","","","","","","","","","","","",11.8,1,"","","","","","","","","","","","","","","","","","","","","","","","","","","","","","","","","","","","","","","","","","","","","","","","","","","","","","","","","","","","","","","","","","","","","","","","","","","","","","","","","","","","","","","","","","","","","","","","","","","","","","","","","","","","","","","","","","","",""
"06163007","TENDE_SAPC",44.043167,7.586,636,2000080517,0.,1,"","","","","","","","","","","","","","","","","","","","","","","","","","","","","","","","","","",13.9,1,10.3,1,13.5,1,"","",14.6,1,"","","","","","","","","","","","","","","","","","","","",79,1,"","","","","","","","","","","","",12.5,1,"","","","","","","","","","","","","","","","","","","","","","","","","","","","","","","","","","","","","","","","","","","","","","","","","","","","","","","","","","","","","","","","","","","","","","","","","","","","","","","","","","","","","","","","","","","","","","","","","","","","","","","","","","","","","","","","","","","",""
"06163007","TENDE_SAPC",44.043167,7.586,636,2000080518,0.,1,"","","","","","","","","","","","","","","","","","","","","","","","","","","","","","","","","","",13.1,1,9.7,1,13.1,1,"","",14.3,1,"","","","","","","","","","","","","","","","","","","","",80,1,"","","","","","","","","","","","",12.,1,"","","","","","","","","","","","","","","","","","","","","","","","","","","","","","","","","","","","","","","","","","","","","","","","","","","","","","","","","","","","","","","","","","","","","","","","","","","","","","","","","","","","","","","","","","","","","","","","","","","","","","","","","","","","","","","","","","","",""
"06163007","TENDE_SAPC",44.043167,7.586,636,2000080519,0.,1,"","","","","","","","","","","","","","","","","","","","","","","","","","","","","","","","","","",12.3,1,9.3,1,12.3,1,"","",13.1,1,"","","","","","","","","","","","","","","","","","","","",82,1,"","","","","","","","","","","","",11.7,1,"","","","","","","","","","","","","","","","","","","","","","","","","","","","","","","","","","","","","","","","","","","","","","","","","","","","","","","","","","","","","","","","","","","","","","","","","","","","","","","","","","","","","","","","","","","","","","","","","","","","","","","","","","","","","","","","","","","",""
"06163007","TENDE_SAPC",44.043167,7.586,636,2000080520,0.,1,"","","","","","","","","","","","","","","","","","","","","","","","","","","","","","","","","","",11.9,1,9.1,1,11.9,1,"","",12.3,1,"","","","","","","","","","","","","","","","","","","","",83,1,"","","","","","","","","","","","",11.5,1,"","","","","","","","","","","","","","","","","","","","","","","","","","","","","","","","","","","","","","","","","","","","","","","","","","","","","","","","","","","","","","","","","","","","","","","","","","","","","","","","","","","","","","","","","","","","","","","","","","","","","","","","","","","","","","","","","","","",""
"06163007","TENDE_SAPC",44.043167,7.586,636,2000080521,0.,1,"","","","","","","","","","","","","","","","","","","","","","","","","","","","","","","","","","",11.7,1,8.7,1,11.7,1,"","",12.,1,"","","","","","","","","","","","","","","","","","","","",82,1,"","","","","","","","","","","","",11.3,1,"","","","","","","","","","","","","","","","","","","","","","","","","","","","","","","","","","","","","","","","","","","","","","","","","","","","","","","","","","","","","","","","","","","","","","","","","","","","","","","","","","","","","","","","","","","","","","","","","","","","","","","","","","","","","","","","","","","",""
"06163007","TENDE_SAPC",44.043167,7.586,636,2000080522,0.,1,"","","","","","","","","","","","","","","","","","","","","","","","","","","","","","","","","","",11.2,1,7.7,1,10.9,1,"","",11.7,1,"","","","","","","","","","","","","","","","","","","","",79,1,"","","","","","","","","","","","",10.5,1,"","","","","","","","","","","","","","","","","","","","","","","","","","","","","","","","","","","","","","","","","","","","","","","","","","","","","","","","","","","","","","","","","","","","","","","","","","","","","","","","","","","","","","","","","","","","","","","","","","","","","","","","","","","","","","","","","","","",""
"06163007","TENDE_SAPC",44.043167,7.586,636,2000080523,0.,1,"","","","","","","","","","","","","","","","","","","","","","","","","","","","","","","","","","",10.7,1,7.,1,10.7,1,"","",11.2,1,"","","","","","","","","","","","","","","","","","","","",78,1,"","","","","","","","","","","","",10.,1,"","","","","","","","","","","","","","","","","","","","","","","","","","","","","","","","","","","","","","","","","","","","","","","","","","","","","","","","","","","","","","","","","","","","","","","","","","","","","","","","","","","","","","","","","","","","","","","","","","","","","","","","","","","","","","","","","","","",""
"06163007","TENDE_SAPC",44.043167,7.586,636,2000080600,0.,1,"","","","","","","","","","","","","","","","","","","","","","","","","","","","","","","","","","",10.1,1,6.6,1,10.1,1,"","",10.8,1,"","","","","","","","","","","","","","","","","","","","",79,1,"","","","","","","","","","","","",9.8,1,"","","","","","","","","","","","","","","","","","","","","","","","","","","","","","","","","","","","","","","","","","","","","","","","","","","","","","","","","","","","","","","","","","","","","","","","","","","","","","","","","","","","","","","","","","","","","","","","","","","","","","","","","","","","","","","","","","","",""
"06163007","TENDE_SAPC",44.043167,7.586,636,2000080601,0.,1,"","","","","","","","","","","","","","","","","","","","","","","","","","","","","","","","","","",9.8,1,6.1,1,9.7,1,"","",10.1,1,"","","","","","","","","","","","","","","","","","","","",78,1,"","","","","","","","","","","","",9.4,1,"","","","","","","","","","","","","","","","","","","","","","","","","","","","","","","","","","","","","","","","","","","","","","","","","","","","","","","","","","","","","","","","","","","","","","","","","","","","","","","","","","","","","","","","","","","","","","","","","","","","","","","","","","","","","","","","","","","",""
"06163007","TENDE_SAPC",44.043167,7.586,636,2000080602,0.2,1,"","","","","","","","","","","","","","","","","","","","","","","","","","","","","","","","","","",9.7,1,5.7,1,9.6,1,"","",9.9,1,"","","","","","","","","","","","","","","","","","","","",76,1,"","","","","","","","","","","","",9.1,1,"","","","","","","","","","","","","","","","","","","","","","","","","","","","","","","","","","","","","","","","","","","","","","","","","","","","","","","","","","","","","","","","","","","","","","","","","","","","","","","","","","","","","","","","","","","","","","","","","","","","","","","","","","","","","","","","","","","",""
"06163007","TENDE_SAPC",44.043167,7.586,636,2000080603,0.,1,"","","","","","","","","","","","","","","","","","","","","","","","","","","","","","","","","","",9.6,1,5.4,1,9.6,1,"","",9.7,1,"","","","","","","","","","","","","","","","","","","","",75,1,"","","","","","","","","","","","",9.,1,"","","","","","","","","","","","","","","","","","","","","","","","","","","","","","","","","","","","","","","","","","","","","","","","","","","","","","","","","","","","","","","","","","","","","","","","","","","","","","","","","","","","","","","","","","","","","","","","","","","","","","","","","","","","","","","","","","","",""
"06163007","TENDE_SAPC",44.043167,7.586,636,2000080604,0.,1,"","","","","","","","","","","","","","","","","","","","","","","","","","","","","","","","","","",9.1,1,5.5,1,9.1,1,"","",9.6,1,"","","","","","","","","","","","","","","","","","","","",78,1,"","","","","","","","","","","","",9.,1,"","","","","","","","","","","","","","","","","","","","","","","","","","","","","","","","","","","","","","","","","","","","","","","","","","","","","","","","","","","","","","","","","","","","","","","","","","","","","","","","","","","","","","","","","","","","","","","","","","","","","","","","","","","","","","","","","","","",""
"06163007","TENDE_SAPC",44.043167,7.586,636,2000080605,0.,1,"","","","","","","","","","","","","","","","","","","","","","","","","","","","","","","","","","",9.3,1,5.7,1,9.1,1,"","",9.3,1,"","","","","","","","","","","","","","","","","","","","",78,1,"","","","","","","","","","","","",9.1,1,"","","","","","","","","","","","","","","","","","","","","","","","","","","","","","","","","","","","","","","","","","","","","","","","","","","","","","","","","","","","","","","","","","","","","","","","","","","","","","","","","","","","","","","","","","","","","","","","","","","","","","","","","","","","","","","","","","","",""
"06163007","TENDE_SAPC",44.043167,7.586,636,2000080606,0.,1,"","","","","","","","","","","","","","","","","","","","","","","","","","","","","","","","","","",10.1,1,5.9,1,9.3,1,"","",10.1,1,"","","","","","","","","","","","","","","","","","","","",75,1,"","","","","","","","","","","","",9.3,1,"","","","","","","","","","","","","","","","","","","","","","","","","","","","","","","","","","","","","","","","","","","","","","","","","","","","","","","","","","","","","","","","","","","","","","","","","","","","","","","","","","","","","","","","","","","","","","","","","","","","","","","","","","","","","","","","","","","",""
"06163007","TENDE_SAPC",44.043167,7.586,636,2000080607,0.,1,"","","","","","","","","","","","","","","","","","","","","","","","","","","","","","","","","","",12.3,1,6.8,1,10.1,1,"","",12.3,1,"","","","","","","","","","","","","","","","","","","","",69,1,"","","","","","","","","","","","",9.9,1,"","","","","","","","","","","","","","","","","","","","","","","","","","","","","","","","","","","","","","","","","","","","","","","","","","","","","","","","","","","","","","","","","","","","","","","","","","","","","","","","","","","","","","","","","","","","","","","","","","","","","","","","","","","","","","","","","","","",""
"06163007","TENDE_SAPC",44.043167,7.586,636,2000080608,0.,1,"","","","","","","","","","","","","","","","","","","","","","","","","","","","","","","","","","",15.3,1,6.6,1,12.3,1,"","",15.3,1,"","","","","","","","","","","","","","","","","","","","",56,1,"","","","","","","","","","","","",9.7,1,"","","","","","","","","","","","","","","","","","","","","","","","","","","","","","","","","","","","","","","","","","","","","","","","","","","","","","","","","","","","","","","","","","","","","","","","","","","","","","","","","","","","","","","","","","","","","","","","","","","","","","","","","","","","","","","","","","","",""
"06163007","TENDE_SAPC",44.043167,7.586,636,2000080609,0.,1,"","","","","","","","","","","","","","","","","","","","","","","","","","","","","","","","","","",18.1,1,10.,1,15.4,1,"","",18.1,1,"","","","","","","","","","","","","","","","","","","","",59,1,"","","","","","","","","","","","",12.2,1,"","","","","","","","","","","","","","","","","","","","","","","","","","","","","","","","","","","","","","","","","","","","","","","","","","","","","","","","","","","","","","","","","","","","","","","","","","","","","","","","","","","","","","","","","","","","","","","","","","","","","","","","","","","","","","","","","","","",""
"06163007","TENDE_SAPC",44.043167,7.586,636,2000080610,0.,1,"","","","","","","","","","","","","","","","","","","","","","","","","","","","","","","","","","",20.4,1,4.8,1,18.1,1,"","",20.4,1,"","","","","","","","","","","","","","","","","","","","",36,1,"","","","","","","","","","","","",8.6,1,"","","","","","","","","","","","","","","","","","","","","","","","","","","","","","","","","","","","","","","","","","","","","","","","","","","","","","","","","","","","","","","","","","","","","","","","","","","","","","","","","","","","","","","","","","","","","","","","","","","","","","","","","","","","","","","","","","","",""
"06163007","TENDE_SAPC",44.043167,7.586,636,2000080611,0.,1,"","","","","","","","","","","","","","","","","","","","","","","","","","","","","","","","","","",21.8,1,6.5,1,20.4,1,"","",21.8,1,"","","","","","","","","","","","","","","","","","","","",37,1,"","","","","","","","","","","","",9.6,1,"","","","","","","","","","","","","","","","","","","","","","","","","","","","","","","","","","","","","","","","","","","","","","","","","","","","","","","","","","","","","","","","","","","","","","","","","","","","","","","","","","","","","","","","","","","","","","","","","","","","","","","","","","","","","","","","","","","",""
"06163007","TENDE_SAPC",44.043167,7.586,636,2000080612,0.,1,"","","","","","","","","","","","","","","","","","","","","","","","","","","","","","","","","","",22.4,1,7.8,1,21.8,1,"","",22.9,1,"","","","","","","","","","","","","","","","","","","","",39,1,"","","","","","","","","","","","",10.5,1,"","","","","","","","","","","","","","","","","","","","","","","","","","","","","","","","","","","","","","","","","","","","","","","","","","","","","","","","","","","","","","","","","","","","","","","","","","","","","","","","","","","","","","","","","","","","","","","","","","","","","","","","","","","","","","","","","","","",""
"06163007","TENDE_SAPC",44.043167,7.586,636,2000080613,0.,1,"","","","","","","","","","","","","","","","","","","","","","","","","","","","","","","","","","",22.1,1,9.3,1,22.,1,"","",22.9,1,"","","","","","","","","","","","","","","","","","","","",44,1,"","","","","","","","","","","","",11.7,1,"","","","","","","","","","","","","","","","","","","","","","","","","","","","","","","","","","","","","","","","","","","","","","","","","","","","","","","","","","","","","","","","","","","","","","","","","","","","","","","","","","","","","","","","","","","","","","","","","","","","","","","","","","","","","","","","","","","",""
"06163007","TENDE_SAPC",44.043167,7.586,636,2000080614,0.,1,"","","","","","","","","","","","","","","","","","","","","","","","","","","","","","","","","","",22.,1,9.8,1,21.5,1,"","",22.7,1,"","","","","","","","","","","","","","","","","","","","",46,1,"","","","","","","","","","","","",12.1,1,"","","","","","","","","","","","","","","","","","","","","","","","","","","","","","","","","","","","","","","","","","","","","","","","","","","","","","","","","","","","","","","","","","","","","","","","","","","","","","","","","","","","","","","","","","","","","","","","","","","","","","","","","","","","","","","","","","","",""
"06163007","TENDE_SAPC",44.043167,7.586,636,2000080615,0.,1,"","","","","","","","","","","","","","","","","","","","","","","","","","","","","","","","","","",21.,1,10.8,1,21.,1,"","",22.3,1,"","","","","","","","","","","","","","","","","","","","",52,1,"","","","","","","","","","","","",12.9,1,"","","","","","","","","","","","","","","","","","","","","","","","","","","","","","","","","","","","","","","","","","","","","","","","","","","","","","","","","","","","","","","","","","","","","","","","","","","","","","","","","","","","","","","","","","","","","","","","","","","","","","","","","","","","","","","","","","","",""
"06163007","TENDE_SAPC",44.043167,7.586,636,2000080616,0.,1,"","","","","","","","","","","","","","","","","","","","","","","","","","","","","","","","","","",20.7,1,11.3,1,20.7,1,"","",21.6,1,"","","","","","","","","","","","","","","","","","","","",55,1,"","","","","","","","","","","","",13.4,1,"","","","","","","","","","","","","","","","","","","","","","","","","","","","","","","","","","","","","","","","","","","","","","","","","","","","","","","","","","","","","","","","","","","","","","","","","","","","","","","","","","","","","","","","","","","","","","","","","","","","","","","","","","","","","","","","","","","",""
"06163007","TENDE_SAPC",44.043167,7.586,636,2000080617,0.,1,"","","","","","","","","","","","","","","","","","","","","","","","","","","","","","","","","","",19.6,1,11.4,1,19.6,1,"","",20.7,1,"","","","","","","","","","","","","","","","","","","","",59,1,"","","","","","","","","","","","",13.4,1,"","","","","","","","","","","","","","","","","","","","","","","","","","","","","","","","","","","","","","","","","","","","","","","","","","","","","","","","","","","","","","","","","","","","","","","","","","","","","","","","","","","","","","","","","","","","","","","","","","","","","","","","","","","","","","","","","","","",""
"06163007","TENDE_SAPC",44.043167,7.586,636,2000080618,0.,1,"","","","","","","","","","","","","","","","","","","","","","","","","","","","","","","","","","",18.6,1,11.4,1,18.6,1,"","",19.6,1,"","","","","","","","","","","","","","","","","","","","",63,1,"","","","","","","","","","","","",13.5,1,"","","","","","","","","","","","","","","","","","","","","","","","","","","","","","","","","","","","","","","","","","","","","","","","","","","","","","","","","","","","","","","","","","","","","","","","","","","","","","","","","","","","","","","","","","","","","","","","","","","","","","","","","","","","","","","","","","","",""
"06163007","TENDE_SAPC",44.043167,7.586,636,2000080619,0.,1,"","","","","","","","","","","","","","","","","","","","","","","","","","","","","","","","","","",16.3,1,11.7,1,16.3,1,"","",18.6,1,"","","","","","","","","","","","","","","","","","","","",74,1,"","","","","","","","","","","","",13.7,1,"","","","","","","","","","","","","","","","","","","","","","","","","","","","","","","","","","","","","","","","","","","","","","","","","","","","","","","","","","","","","","","","","","","","","","","","","","","","","","","","","","","","","","","","","","","","","","","","","","","","","","","","","","","","","","","","","","","",""
"06163007","TENDE_SAPC",44.043167,7.586,636,2000080620,0.,1,"","","","","","","","","","","","","","","","","","","","","","","","","","","","","","","","","","",15.1,1,11.5,1,15.1,1,"","",16.2,1,"","","","","","","","","","","","","","","","","","","","",79,1,"","","","","","","","","","","","",13.5,1,"","","","","","","","","","","","","","","","","","","","","","","","","","","","","","","","","","","","","","","","","","","","","","","","","","","","","","","","","","","","","","","","","","","","","","","","","","","","","","","","","","","","","","","","","","","","","","","","","","","","","","","","","","","","","","","","","","","",""
"06163007","TENDE_SAPC",44.043167,7.586,636,2000080621,0.,1,"","","","","","","","","","","","","","","","","","","","","","","","","","","","","","","","","","",14.4,1,11.,1,14.4,1,"","",15.1,1,"","","","","","","","","","","","","","","","","","","","",80,1,"","","","","","","","","","","","",13.1,1,"","","","","","","","","","","","","","","","","","","","","","","","","","","","","","","","","","","","","","","","","","","","","","","","","","","","","","","","","","","","","","","","","","","","","","","","","","","","","","","","","","","","","","","","","","","","","","","","","","","","","","","","","","","","","","","","","","","",""
"06163007","TENDE_SAPC",44.043167,7.586,636,2000080622,0.,1,"","","","","","","","","","","","","","","","","","","","","","","","","","","","","","","","","","",13.6,1,10.4,1,13.6,1,"","",14.4,1,"","","","","","","","","","","","","","","","","","","","",81,1,"","","","","","","","","","","","",12.6,1,"","","","","","","","","","","","","","","","","","","","","","","","","","","","","","","","","","","","","","","","","","","","","","","","","","","","","","","","","","","","","","","","","","","","","","","","","","","","","","","","","","","","","","","","","","","","","","","","","","","","","","","","","","","","","","","","","","","",""
"06163007","TENDE_SAPC",44.043167,7.586,636,2000080623,0.,1,"","","","","","","","","","","","","","","","","","","","","","","","","","","","","","","","","","",12.8,1,10.,1,12.8,1,"","",13.6,1,"","","","","","","","","","","","","","","","","","","","",83,1,"","","","","","","","","","","","",12.2,1,"","","","","","","","","","","","","","","","","","","","","","","","","","","","","","","","","","","","","","","","","","","","","","","","","","","","","","","","","","","","","","","","","","","","","","","","","","","","","","","","","","","","","","","","","","","","","","","","","","","","","","","","","","","","","","","","","","","",""
"06163007","TENDE_SAPC",44.043167,7.586,636,2000080700,0.,1,"","","","","","","","","","","","","","","","","","","","","","","","","","","","","","","","","","",12.3,1,9.1,1,12.3,1,"","",12.8,1,"","","","","","","","","","","","","","","","","","","","",81,1,"","","","","","","","","","","","",11.6,1,"","","","","","","","","","","","","","","","","","","","","","","","","","","","","","","","","","","","","","","","","","","","","","","","","","","","","","","","","","","","","","","","","","","","","","","","","","","","","","","","","","","","","","","","","","","","","","","","","","","","","","","","","","","","","","","","","","","",""
"06163007","TENDE_SAPC",44.043167,7.586,636,2000080701,0.,1,"","","","","","","","","","","","","","","","","","","","","","","","","","","","","","","","","","",11.6,1,8.8,1,11.6,1,"","",12.3,1,"","","","","","","","","","","","","","","","","","","","",83,1,"","","","","","","","","","","","",11.3,1,"","","","","","","","","","","","","","","","","","","","","","","","","","","","","","","","","","","","","","","","","","","","","","","","","","","","","","","","","","","","","","","","","","","","","","","","","","","","","","","","","","","","","","","","","","","","","","","","","","","","","","","","","","","","","","","","","","","",""
"06163007","TENDE_SAPC",44.043167,7.586,636,2000080702,0.,1,"","","","","","","","","","","","","","","","","","","","","","","","","","","","","","","","","","",11.6,1,8.1,1,11.4,1,"","",11.6,1,"","","","","","","","","","","","","","","","","","","","",79,1,"","","","","","","","","","","","",10.8,1,"","","","","","","","","","","","","","","","","","","","","","","","","","","","","","","","","","","","","","","","","","","","","","","","","","","","","","","","","","","","","","","","","","","","","","","","","","","","","","","","","","","","","","","","","","","","","","","","","","","","","","","","","","","","","","","","","","","",""
"06163007","TENDE_SAPC",44.043167,7.586,636,2000080703,0.,1,"","","","","","","","","","","","","","","","","","","","","","","","","","","","","","","","","","",11.6,1,7.7,1,11.4,1,"","",11.7,1,"","","","","","","","","","","","","","","","","","","","",77,1,"","","","","","","","","","","","",10.5,1,"","","","","","","","","","","","","","","","","","","","","","","","","","","","","","","","","","","","","","","","","","","","","","","","","","","","","","","","","","","","","","","","","","","","","","","","","","","","","","","","","","","","","","","","","","","","","","","","","","","","","","","","","","","","","","","","","","","",""
"06163007","TENDE_SAPC",44.043167,7.586,636,2000080704,0.,1,"","","","","","","","","","","","","","","","","","","","","","","","","","","","","","","","","","",11.4,1,7.3,1,11.3,1,"","",11.6,1,"","","","","","","","","","","","","","","","","","","","",76,1,"","","","","","","","","","","","",10.2,1,"","","","","","","","","","","","","","","","","","","","","","","","","","","","","","","","","","","","","","","","","","","","","","","","","","","","","","","","","","","","","","","","","","","","","","","","","","","","","","","","","","","","","","","","","","","","","","","","","","","","","","","","","","","","","","","","","","","",""
"06163007","TENDE_SAPC",44.043167,7.586,636,2000080705,0.,1,"","","","","","","","","","","","","","","","","","","","","","","","","","","","","","","","","","",11.,1,7.3,1,11.,1,"","",11.4,1,"","","","","","","","","","","","","","","","","","","","",78,1,"","","","","","","","","","","","",10.2,1,"","","","","","","","","","","","","","","","","","","","","","","","","","","","","","","","","","","","","","","","","","","","","","","","","","","","","","","","","","","","","","","","","","","","","","","","","","","","","","","","","","","","","","","","","","","","","","","","","","","","","","","","","","","","","","","","","","","",""
"06163007","TENDE_SAPC",44.043167,7.586,636,2000080706,0.,1,"","","","","","","","","","","","","","","","","","","","","","","","","","","","","","","","","","",11.3,1,7.4,1,11.1,1,"","",11.4,1,"","","","","","","","","","","","","","","","","","","","",77,1,"","","","","","","","","","","","",10.3,1,"","","","","","","","","","","","","","","","","","","","","","","","","","","","","","","","","","","","","","","","","","","","","","","","","","","","","","","","","","","","","","","","","","","","","","","","","","","","","","","","","","","","","","","","","","","","","","","","","","","","","","","","","","","","","","","","","","","",""
"06163007","TENDE_SAPC",44.043167,7.586,636,2000080707,0.,1,"","","","","","","","","","","","","","","","","","","","","","","","","","","","","","","","","","",12.,1,8.3,1,11.3,1,"","",12.,1,"","","","","","","","","","","","","","","","","","","","",78,1,"","","","","","","","","","","","",10.9,1,"","","","","","","","","","","","","","","","","","","","","","","","","","","","","","","","","","","","","","","","","","","","","","","","","","","","","","","","","","","","","","","","","","","","","","","","","","","","","","","","","","","","","","","","","","","","","","","","","","","","","","","","","","","","","","","","","","","",""
"06163007","TENDE_SAPC",44.043167,7.586,636,2000080708,0.,1,"","","","","","","","","","","","","","","","","","","","","","","","","","","","","","","","","","",17.7,1,9.6,1,12.1,1,"","",17.7,1,"","","","","","","","","","","","","","","","","","","","",59,1,"","","","","","","","","","","","",11.9,1,"","","","","","","","","","","","","","","","","","","","","","","","","","","","","","","","","","","","","","","","","","","","","","","","","","","","","","","","","","","","","","","","","","","","","","","","","","","","","","","","","","","","","","","","","","","","","","","","","","","","","","","","","","","","","","","","","","","",""
"06163007","TENDE_SAPC",44.043167,7.586,636,2000080709,0.,1,"","","","","","","","","","","","","","","","","","","","","","","","","","","","","","","","","","",21.3,1,8.2,1,17.8,1,"","",21.3,1,"","","","","","","","","","","","","","","","","","","","",43,1,"","","","","","","","","","","","",10.9,1,"","","","","","","","","","","","","","","","","","","","","","","","","","","","","","","","","","","","","","","","","","","","","","","","","","","","","","","","","","","","","","","","","","","","","","","","","","","","","","","","","","","","","","","","","","","","","","","","","","","","","","","","","","","","","","","","","","","",""
"06163007","TENDE_SAPC",44.043167,7.586,636,2000080710,0.,1,"","","","","","","","","","","","","","","","","","","","","","","","","","","","","","","","","","",23.5,1,6.3,1,21.5,1,"","",23.5,1,"","","","","","","","","","","","","","","","","","","","",33,1,"","","","","","","","","","","","",9.5,1,"","","","","","","","","","","","","","","","","","","","","","","","","","","","","","","","","","","","","","","","","","","","","","","","","","","","","","","","","","","","","","","","","","","","","","","","","","","","","","","","","","","","","","","","","","","","","","","","","","","","","","","","","","","","","","","","","","","",""
"06163007","TENDE_SAPC",44.043167,7.586,636,2000080711,0.,1,"","","","","","","","","","","","","","","","","","","","","","","","","","","","","","","","","","",25.4,1,7.5,1,23.5,1,"","",25.4,1,"","","","","","","","","","","","","","","","","","","","",32,1,"","","","","","","","","","","","",10.4,1,"","","","","","","","","","","","","","","","","","","","","","","","","","","","","","","","","","","","","","","","","","","","","","","","","","","","","","","","","","","","","","","","","","","","","","","","","","","","","","","","","","","","","","","","","","","","","","","","","","","","","","","","","","","","","","","","","","","",""
"06163007","TENDE_SAPC",44.043167,7.586,636,2000080712,0.,1,"","","","","","","","","","","","","","","","","","","","","","","","","","","","","","","","","","",25.6,1,6.7,1,24.6,1,"","",25.8,1,"","","","","","","","","","","","","","","","","","","","",30,1,"","","","","","","","","","","","",9.8,1,"","","","","","","","","","","","","","","","","","","","","","","","","","","","","","","","","","","","","","","","","","","","","","","","","","","","","","","","","","","","","","","","","","","","","","","","","","","","","","","","","","","","","","","","","","","","","","","","","","","","","","","","","","","","","","","","","","","",""
"06163007","TENDE_SAPC",44.043167,7.586,636,2000080713,0.,1,"","","","","","","","","","","","","","","","","","","","","","","","","","","","","","","","","","",24.7,1,8.6,1,24.7,1,"","",25.7,1,"","","","","","","","","","","","","","","","","","","","",36,1,"","","","","","","","","","","","",11.2,1,"","","","","","","","","","","","","","","","","","","","","","","","","","","","","","","","","","","","","","","","","","","","","","","","","","","","","","","","","","","","","","","","","","","","","","","","","","","","","","","","","","","","","","","","","","","","","","","","","","","","","","","","","","","","","","","","","","","",""
"06163007","TENDE_SAPC",44.043167,7.586,636,2000080714,0.,1,"","","","","","","","","","","","","","","","","","","","","","","","","","","","","","","","","","",24.6,1,7.7,1,23.7,1,"","",25.4,1,"","","","","","","","","","","","","","","","","","","","",34,1,"","","","","","","","","","","","",10.5,1,"","","","","","","","","","","","","","","","","","","","","","","","","","","","","","","","","","","","","","","","","","","","","","","","","","","","","","","","","","","","","","","","","","","","","","","","","","","","","","","","","","","","","","","","","","","","","","","","","","","","","","","","","","","","","","","","","","","",""
"06163007","TENDE_SAPC",44.043167,7.586,636,2000080715,0.,1,"","","","","","","","","","","","","","","","","","","","","","","","","","","","","","","","","","",23.9,1,8.3,1,23.5,1,"","",24.8,1,"","","","","","","","","","","","","","","","","","","","",37,1,"","","","","","","","","","","","",10.9,1,"","","","","","","","","","","","","","","","","","","","","","","","","","","","","","","","","","","","","","","","","","","","","","","","","","","","","","","","","","","","","","","","","","","","","","","","","","","","","","","","","","","","","","","","","","","","","","","","","","","","","","","","","","","","","","","","","","","",""
"06163007","TENDE_SAPC",44.043167,7.586,636,2000080716,0.,1,"","","","","","","","","","","","","","","","","","","","","","","","","","","","","","","","","","",22.6,1,9.4,1,22.6,1,"","",24.3,1,"","","","","","","","","","","","","","","","","","","","",43,1,"","","","","","","","","","","","",11.8,1,"","","","","","","","","","","","","","","","","","","","","","","","","","","","","","","","","","","","","","","","","","","","","","","","","","","","","","","","","","","","","","","","","","","","","","","","","","","","","","","","","","","","","","","","","","","","","","","","","","","","","","","","","","","","","","","","","","","",""
"06163007","TENDE_SAPC",44.043167,7.586,636,2000080717,0.,1,"","","","","","","","","","","","","","","","","","","","","","","","","","","","","","","","","","",21.,1,10.5,1,21.,1,"","",22.6,1,"","","","","","","","","","","","","","","","","","","","",51,1,"","","","","","","","","","","","",12.7,1,"","","","","","","","","","","","","","","","","","","","","","","","","","","","","","","","","","","","","","","","","","","","","","","","","","","","","","","","","","","","","","","","","","","","","","","","","","","","","","","","","","","","","","","","","","","","","","","","","","","","","","","","","","","","","","","","","","","",""
"06163007","TENDE_SAPC",44.043167,7.586,636,2000080718,0.,1,"","","","","","","","","","","","","","","","","","","","","","","","","","","","","","","","","","",18.9,1,11.,1,18.9,1,"","",21.,1,"","","","","","","","","","","","","","","","","","","","",60,1,"","","","","","","","","","","","",13.1,1,"","","","","","","","","","","","","","","","","","","","","","","","","","","","","","","","","","","","","","","","","","","","","","","","","","","","","","","","","","","","","","","","","","","","","","","","","","","","","","","","","","","","","","","","","","","","","","","","","","","","","","","","","","","","","","","","","","","",""
"06163007","TENDE_SAPC",44.043167,7.586,636,2000080719,0.,1,"","","","","","","","","","","","","","","","","","","","","","","","","","","","","","","","","","",18.,1,10.6,1,18.,1,"","",18.9,1,"","","","","","","","","","","","","","","","","","","","",62,1,"","","","","","","","","","","","",12.8,1,"","","","","","","","","","","","","","","","","","","","","","","","","","","","","","","","","","","","","","","","","","","","","","","","","","","","","","","","","","","","","","","","","","","","","","","","","","","","","","","","","","","","","","","","","","","","","","","","","","","","","","","","","","","","","","","","","","","",""
"06163007","TENDE_SAPC",44.043167,7.586,636,2000080720,0.,1,"","","","","","","","","","","","","","","","","","","","","","","","","","","","","","","","","","",16.3,1,10.8,1,16.3,1,"","",18.,1,"","","","","","","","","","","","","","","","","","","","",70,1,"","","","","","","","","","","","",12.9,1,"","","","","","","","","","","","","","","","","","","","","","","","","","","","","","","","","","","","","","","","","","","","","","","","","","","","","","","","","","","","","","","","","","","","","","","","","","","","","","","","","","","","","","","","","","","","","","","","","","","","","","","","","","","","","","","","","","","",""
"06163007","TENDE_SAPC",44.043167,7.586,636,2000080721,0.,1,"","","","","","","","","","","","","","","","","","","","","","","","","","","","","","","","","","",16.5,1,10.1,1,15.9,1,"","",16.5,1,"","","","","","","","","","","","","","","","","","","","",66,1,"","","","","","","","","","","","",12.4,1,"","","","","","","","","","","","","","","","","","","","","","","","","","","","","","","","","","","","","","","","","","","","","","","","","","","","","","","","","","","","","","","","","","","","","","","","","","","","","","","","","","","","","","","","","","","","","","","","","","","","","","","","","","","","","","","","","","","",""
"06163007","TENDE_SAPC",44.043167,7.586,636,2000080722,0.,1,"","","","","","","","","","","","","","","","","","","","","","","","","","","","","","","","","","",16.2,1,10.1,1,16.2,1,"","",16.6,1,"","","","","","","","","","","","","","","","","","","","",67,1,"","","","","","","","","","","","",12.3,1,"","","","","","","","","","","","","","","","","","","","","","","","","","","","","","","","","","","","","","","","","","","","","","","","","","","","","","","","","","","","","","","","","","","","","","","","","","","","","","","","","","","","","","","","","","","","","","","","","","","","","","","","","","","","","","","","","","","",""
"06163007","TENDE_SAPC",44.043167,7.586,636,2000080723,0.,1,"","","","","","","","","","","","","","","","","","","","","","","","","","","","","","","","","","",15.1,1,10.1,1,15.1,1,"","",16.1,1,"","","","","","","","","","","","","","","","","","","","",72,1,"","","","","","","","","","","","",12.3,1,"","","","","","","","","","","","","","","","","","","","","","","","","","","","","","","","","","","","","","","","","","","","","","","","","","","","","","","","","","","","","","","","","","","","","","","","","","","","","","","","","","","","","","","","","","","","","","","","","","","","","","","","","","","","","","","","","","","",""
"06163007","TENDE_SAPC",44.043167,7.586,636,2000080800,0.,1,"","","","","","","","","","","","","","","","","","","","","","","","","","","","","","","","","","",15.4,1,9.7,1,15.1,1,"","",15.6,1,"","","","","","","","","","","","","","","","","","","","",69,1,"","","","","","","","","","","","",12.,1,"","","","","","","","","","","","","","","","","","","","","","","","","","","","","","","","","","","","","","","","","","","","","","","","","","","","","","","","","","","","","","","","","","","","","","","","","","","","","","","","","","","","","","","","","","","","","","","","","","","","","","","","","","","","","","","","","","","",""
"06163007","TENDE_SAPC",44.043167,7.586,636,2000080801,0.,1,"","","","","","","","","","","","","","","","","","","","","","","","","","","","","","","","","","",14.,1,9.8,1,14.,1,"","",15.4,1,"","","","","","","","","","","","","","","","","","","","",76,1,"","","","","","","","","","","","",12.1,1,"","","","","","","","","","","","","","","","","","","","","","","","","","","","","","","","","","","","","","","","","","","","","","","","","","","","","","","","","","","","","","","","","","","","","","","","","","","","","","","","","","","","","","","","","","","","","","","","","","","","","","","","","","","","","","","","","","","",""
"06163007","TENDE_SAPC",44.043167,7.586,636,2000080802,0.,1,"","","","","","","","","","","","","","","","","","","","","","","","","","","","","","","","","","",13.9,1,9.3,1,13.8,1,"","",14.1,1,"","","","","","","","","","","","","","","","","","","","",74,1,"","","","","","","","","","","","",11.7,1,"","","","","","","","","","","","","","","","","","","","","","","","","","","","","","","","","","","","","","","","","","","","","","","","","","","","","","","","","","","","","","","","","","","","","","","","","","","","","","","","","","","","","","","","","","","","","","","","","","","","","","","","","","","","","","","","","","","",""
"06163007","TENDE_SAPC",44.043167,7.586,636,2000080803,0.,1,"","","","","","","","","","","","","","","","","","","","","","","","","","","","","","","","","","",13.5,1,9.2,1,13.5,1,"","",14.4,1,"","","","","","","","","","","","","","","","","","","","",75,1,"","","","","","","","","","","","",11.6,1,"","","","","","","","","","","","","","","","","","","","","","","","","","","","","","","","","","","","","","","","","","","","","","","","","","","","","","","","","","","","","","","","","","","","","","","","","","","","","","","","","","","","","","","","","","","","","","","","","","","","","","","","","","","","","","","","","","","",""
"06163007","TENDE_SAPC",44.043167,7.586,636,2000080804,0.,1,"","","","","","","","","","","","","","","","","","","","","","","","","","","","","","","","","","",13.4,1,8.7,1,13.2,1,"","",13.5,1,"","","","","","","","","","","","","","","","","","","","",73,1,"","","","","","","","","","","","",11.2,1,"","","","","","","","","","","","","","","","","","","","","","","","","","","","","","","","","","","","","","","","","","","","","","","","","","","","","","","","","","","","","","","","","","","","","","","","","","","","","","","","","","","","","","","","","","","","","","","","","","","","","","","","","","","","","","","","","","","",""
"06163007","TENDE_SAPC",44.043167,7.586,636,2000080805,0.,1,"","","","","","","","","","","","","","","","","","","","","","","","","","","","","","","","","","",13.6,1,7.8,1,13.4,1,"","",13.7,1,"","","","","","","","","","","","","","","","","","","","",68,1,"","","","","","","","","","","","",10.6,1,"","","","","","","","","","","","","","","","","","","","","","","","","","","","","","","","","","","","","","","","","","","","","","","","","","","","","","","","","","","","","","","","","","","","","","","","","","","","","","","","","","","","","","","","","","","","","","","","","","","","","","","","","","","","","","","","","","","",""
"06163007","TENDE_SAPC",44.043167,7.586,636,2000080806,0.,1,"","","","","","","","","","","","","","","","","","","","","","","","","","","","","","","","","","",13.8,1,8.,1,13.4,1,"","",13.9,1,"","","","","","","","","","","","","","","","","","","","",68,1,"","","","","","","","","","","","",10.7,1,"","","","","","","","","","","","","","","","","","","","","","","","","","","","","","","","","","","","","","","","","","","","","","","","","","","","","","","","","","","","","","","","","","","","","","","","","","","","","","","","","","","","","","","","","","","","","","","","","","","","","","","","","","","","","","","","","","","",""
"06163007","TENDE_SAPC",44.043167,7.586,636,2000080807,0.,1,"","","","","","","","","","","","","","","","","","","","","","","","","","","","","","","","","","",14.3,1,9.3,1,13.7,1,"","",14.3,1,"","","","","","","","","","","","","","","","","","","","",72,1,"","","","","","","","","","","","",11.7,1,"","","","","","","","","","","","","","","","","","","","","","","","","","","","","","","","","","","","","","","","","","","","","","","","","","","","","","","","","","","","","","","","","","","","","","","","","","","","","","","","","","","","","","","","","","","","","","","","","","","","","","","","","","","","","","","","","","","",""
"06163007","TENDE_SAPC",44.043167,7.586,636,2000080808,0.,1,"","","","","","","","","","","","","","","","","","","","","","","","","","","","","","","","","","",19.,1,9.2,1,14.3,1,"","",19.,1,"","","","","","","","","","","","","","","","","","","","",53,1,"","","","","","","","","","","","",11.6,1,"","","","","","","","","","","","","","","","","","","","","","","","","","","","","","","","","","","","","","","","","","","","","","","","","","","","","","","","","","","","","","","","","","","","","","","","","","","","","","","","","","","","","","","","","","","","","","","","","","","","","","","","","","","","","","","","","","","",""
"06163007","TENDE_SAPC",44.043167,7.586,636,2000080809,0.,1,"","","","","","","","","","","","","","","","","","","","","","","","","","","","","","","","","","",23.1,1,8.,1,19.2,1,"","",23.1,1,"","","","","","","","","","","","","","","","","","","","",38,1,"","","","","","","","","","","","",10.7,1,"","","","","","","","","","","","","","","","","","","","","","","","","","","","","","","","","","","","","","","","","","","","","","","","","","","","","","","","","","","","","","","","","","","","","","","","","","","","","","","","","","","","","","","","","","","","","","","","","","","","","","","","","","","","","","","","","","","",""
"06163007","TENDE_SAPC",44.043167,7.586,636,2000080810,0.,1,"","","","","","","","","","","","","","","","","","","","","","","","","","","","","","","","","","",24.7,1,7.3,1,23.1,1,"","",24.7,1,"","","","","","","","","","","","","","","","","","","","",33,1,"","","","","","","","","","","","",10.2,1,"","","","","","","","","","","","","","","","","","","","","","","","","","","","","","","","","","","","","","","","","","","","","","","","","","","","","","","","","","","","","","","","","","","","","","","","","","","","","","","","","","","","","","","","","","","","","","","","","","","","","","","","","","","","","","","","","","","",""
"06163007","TENDE_SAPC",44.043167,7.586,636,2000080811,0.,1,"","","","","","","","","","","","","","","","","","","","","","","","","","","","","","","","","","",25.6,1,8.1,1,24.7,1,"","",25.7,1,"","","","","","","","","","","","","","","","","","","","",33,1,"","","","","","","","","","","","",10.8,1,"","","","","","","","","","","","","","","","","","","","","","","","","","","","","","","","","","","","","","","","","","","","","","","","","","","","","","","","","","","","","","","","","","","","","","","","","","","","","","","","","","","","","","","","","","","","","","","","","","","","","","","","","","","","","","","","","","","",""
"06163007","TENDE_SAPC",44.043167,7.586,636,2000080812,0.,1,"","","","","","","","","","","","","","","","","","","","","","","","","","","","","","","","","","",24.9,1,9.6,1,24.6,1,"","",25.5,1,"","","","","","","","","","","","","","","","","","","","",38,1,"","","","","","","","","","","","",11.9,1,"","","","","","","","","","","","","","","","","","","","","","","","","","","","","","","","","","","","","","","","","","","","","","","","","","","","","","","","","","","","","","","","","","","","","","","","","","","","","","","","","","","","","","","","","","","","","","","","","","","","","","","","","","","","","","","","","","","",""
"06163007","TENDE_SAPC",44.043167,7.586,636,2000080813,0.,1,"","","","","","","","","","","","","","","","","","","","","","","","","","","","","","","","","","",25.7,1,9.9,1,24.7,1,"","",26.1,1,"","","","","","","","","","","","","","","","","","","","",37,1,"","","","","","","","","","","","",12.2,1,"","","","","","","","","","","","","","","","","","","","","","","","","","","","","","","","","","","","","","","","","","","","","","","","","","","","","","","","","","","","","","","","","","","","","","","","","","","","","","","","","","","","","","","","","","","","","","","","","","","","","","","","","","","","","","","","","","","",""
"06163007","TENDE_SAPC",44.043167,7.586,636,2000080814,0.,1,"","","","","","","","","","","","","","","","","","","","","","","","","","","","","","","","","","",26.2,1,9.5,1,25.,1,"","",26.3,1,"","","","","","","","","","","","","","","","","","","","",35,1,"","","","","","","","","","","","",11.9,1,"","","","","","","","","","","","","","","","","","","","","","","","","","","","","","","","","","","","","","","","","","","","","","","","","","","","","","","","","","","","","","","","","","","","","","","","","","","","","","","","","","","","","","","","","","","","","","","","","","","","","","","","","","","","","","","","","","","",""
"06163007","TENDE_SAPC",44.043167,7.586,636,2000080815,0.,1,"","","","","","","","","","","","","","","","","","","","","","","","","","","","","","","","","","",25.6,1,10.6,1,25.5,1,"","",26.3,1,"","","","","","","","","","","","","","","","","","","","",39,1,"","","","","","","","","","","","",12.8,1,"","","","","","","","","","","","","","","","","","","","","","","","","","","","","","","","","","","","","","","","","","","","","","","","","","","","","","","","","","","","","","","","","","","","","","","","","","","","","","","","","","","","","","","","","","","","","","","","","","","","","","","","","","","","","","","","","","","",""
"06163007","TENDE_SAPC",44.043167,7.586,636,2000080816,0.,1,"","","","","","","","","","","","","","","","","","","","","","","","","","","","","","","","","","",23.4,1,11.8,1,23.4,1,"","",25.5,1,"","","","","","","","","","","","","","","","","","","","",48,1,"","","","","","","","","","","","",13.8,1,"","","","","","","","","","","","","","","","","","","","","","","","","","","","","","","","","","","","","","","","","","","","","","","","","","","","","","","","","","","","","","","","","","","","","","","","","","","","","","","","","","","","","","","","","","","","","","","","","","","","","","","","","","","","","","","","","","","",""
"06163007","TENDE_SAPC",44.043167,7.586,636,2000080817,0.,1,"","","","","","","","","","","","","","","","","","","","","","","","","","","","","","","","","","",22.6,1,10.1,1,22.6,1,"","",23.4,1,"","","","","","","","","","","","","","","","","","","","",45,1,"","","","","","","","","","","","",12.3,1,"","","","","","","","","","","","","","","","","","","","","","","","","","","","","","","","","","","","","","","","","","","","","","","","","","","","","","","","","","","","","","","","","","","","","","","","","","","","","","","","","","","","","","","","","","","","","","","","","","","","","","","","","","","","","","","","","","","",""
"06163007","TENDE_SAPC",44.043167,7.586,636,2000080818,0.,1,"","","","","","","","","","","","","","","","","","","","","","","","","","","","","","","","","","",21.9,1,9.1,1,21.9,1,"","",22.6,1,"","","","","","","","","","","","","","","","","","","","",44,1,"","","","","","","","","","","","",11.5,1,"","","","","","","","","","","","","","","","","","","","","","","","","","","","","","","","","","","","","","","","","","","","","","","","","","","","","","","","","","","","","","","","","","","","","","","","","","","","","","","","","","","","","","","","","","","","","","","","","","","","","","","","","","","","","","","","","","","",""
"06163007","TENDE_SAPC",44.043167,7.586,636,2000080819,0.,1,"","","","","","","","","","","","","","","","","","","","","","","","","","","","","","","","","","",19.4,1,9.8,1,19.4,1,"","",21.9,1,"","","","","","","","","","","","","","","","","","","","",54,1,"","","","","","","","","","","","",12.1,1,"","","","","","","","","","","","","","","","","","","","","","","","","","","","","","","","","","","","","","","","","","","","","","","","","","","","","","","","","","","","","","","","","","","","","","","","","","","","","","","","","","","","","","","","","","","","","","","","","","","","","","","","","","","","","","","","","","","",""
"06163007","TENDE_SAPC",44.043167,7.586,636,2000080820,0.,1,"","","","","","","","","","","","","","","","","","","","","","","","","","","","","","","","","","",17.3,1,10.9,1,17.3,1,"","",19.3,1,"","","","","","","","","","","","","","","","","","","","",66,1,"","","","","","","","","","","","",13.,1,"","","","","","","","","","","","","","","","","","","","","","","","","","","","","","","","","","","","","","","","","","","","","","","","","","","","","","","","","","","","","","","","","","","","","","","","","","","","","","","","","","","","","","","","","","","","","","","","","","","","","","","","","","","","","","","","","","","",""
"06163007","TENDE_SAPC",44.043167,7.586,636,2000080821,0.,1,"","","","","","","","","","","","","","","","","","","","","","","","","","","","","","","","","","",17.,1,10.8,1,17.,1,"","",17.3,1,"","","","","","","","","","","","","","","","","","","","",67,1,"","","","","","","","","","","","",13.,1,"","","","","","","","","","","","","","","","","","","","","","","","","","","","","","","","","","","","","","","","","","","","","","","","","","","","","","","","","","","","","","","","","","","","","","","","","","","","","","","","","","","","","","","","","","","","","","","","","","","","","","","","","","","","","","","","","","","",""
"06163007","TENDE_SAPC",44.043167,7.586,636,2000080822,0.,1,"","","","","","","","","","","","","","","","","","","","","","","","","","","","","","","","","","",16.8,1,10.4,1,16.7,1,"","",17.1,1,"","","","","","","","","","","","","","","","","","","","",66,1,"","","","","","","","","","","","",12.6,1,"","","","","","","","","","","","","","","","","","","","","","","","","","","","","","","","","","","","","","","","","","","","","","","","","","","","","","","","","","","","","","","","","","","","","","","","","","","","","","","","","","","","","","","","","","","","","","","","","","","","","","","","","","","","","","","","","","","",""
"06163007","TENDE_SAPC",44.043167,7.586,636,2000080823,0.,1,"","","","","","","","","","","","","","","","","","","","","","","","","","","","","","","","","","",16.9,1,10.5,1,16.7,1,"","",17.,1,"","","","","","","","","","","","","","","","","","","","",66,1,"","","","","","","","","","","","",12.7,1,"","","","","","","","","","","","","","","","","","","","","","","","","","","","","","","","","","","","","","","","","","","","","","","","","","","","","","","","","","","","","","","","","","","","","","","","","","","","","","","","","","","","","","","","","","","","","","","","","","","","","","","","","","","","","","","","","","","",""
"06163007","TENDE_SAPC",44.043167,7.586,636,2000080900,0.,1,"","","","","","","","","","","","","","","","","","","","","","","","","","","","","","","","","","",16.2,1,10.7,1,16.2,1,"","",16.9,1,"","","","","","","","","","","","","","","","","","","","",70,1,"","","","","","","","","","","","",12.9,1,"","","","","","","","","","","","","","","","","","","","","","","","","","","","","","","","","","","","","","","","","","","","","","","","","","","","","","","","","","","","","","","","","","","","","","","","","","","","","","","","","","","","","","","","","","","","","","","","","","","","","","","","","","","","","","","","","","","",""
"06163007","TENDE_SAPC",44.043167,7.586,636,2000080901,0.,1,"","","","","","","","","","","","","","","","","","","","","","","","","","","","","","","","","","",15.8,1,10.8,1,15.7,1,"","",16.2,1,"","","","","","","","","","","","","","","","","","","","",72,1,"","","","","","","","","","","","",12.9,1,"","","","","","","","","","","","","","","","","","","","","","","","","","","","","","","","","","","","","","","","","","","","","","","","","","","","","","","","","","","","","","","","","","","","","","","","","","","","","","","","","","","","","","","","","","","","","","","","","","","","","","","","","","","","","","","","","","","",""
"06163007","TENDE_SAPC",44.043167,7.586,636,2000080902,0.,1,"","","","","","","","","","","","","","","","","","","","","","","","","","","","","","","","","","",15.8,1,10.8,1,15.8,1,"","",16.1,1,"","","","","","","","","","","","","","","","","","","","",72,1,"","","","","","","","","","","","",12.9,1,"","","","","","","","","","","","","","","","","","","","","","","","","","","","","","","","","","","","","","","","","","","","","","","","","","","","","","","","","","","","","","","","","","","","","","","","","","","","","","","","","","","","","","","","","","","","","","","","","","","","","","","","","","","","","","","","","","","",""
"06163007","TENDE_SAPC",44.043167,7.586,636,2000080903,0.,1,"","","","","","","","","","","","","","","","","","","","","","","","","","","","","","","","","","",15.3,1,10.9,1,15.3,1,"","",15.9,1,"","","","","","","","","","","","","","","","","","","","",75,1,"","","","","","","","","","","","",13.,1,"","","","","","","","","","","","","","","","","","","","","","","","","","","","","","","","","","","","","","","","","","","","","","","","","","","","","","","","","","","","","","","","","","","","","","","","","","","","","","","","","","","","","","","","","","","","","","","","","","","","","","","","","","","","","","","","","","","",""
"06163007","TENDE_SAPC",44.043167,7.586,636,2000080904,0.,1,"","","","","","","","","","","","","","","","","","","","","","","","","","","","","","","","","","",14.8,1,11.,1,14.8,1,"","",15.3,1,"","","","","","","","","","","","","","","","","","","","",78,1,"","","","","","","","","","","","",13.1,1,"","","","","","","","","","","","","","","","","","","","","","","","","","","","","","","","","","","","","","","","","","","","","","","","","","","","","","","","","","","","","","","","","","","","","","","","","","","","","","","","","","","","","","","","","","","","","","","","","","","","","","","","","","","","","","","","","","","",""
"06163007","TENDE_SAPC",44.043167,7.586,636,2000080905,0.,1,"","","","","","","","","","","","","","","","","","","","","","","","","","","","","","","","","","",14.2,1,10.8,1,14.2,1,"","",14.8,1,"","","","","","","","","","","","","","","","","","","","",80,1,"","","","","","","","","","","","",12.9,1,"","","","","","","","","","","","","","","","","","","","","","","","","","","","","","","","","","","","","","","","","","","","","","","","","","","","","","","","","","","","","","","","","","","","","","","","","","","","","","","","","","","","","","","","","","","","","","","","","","","","","","","","","","","","","","","","","","","",""
"06163007","TENDE_SAPC",44.043167,7.586,636,2000080906,"","","","","","","","","","","","","","","","","","","","","","","","","","","","","","","","","","","","",15.1,1,11.1,1,"","","","","","","","","","","","","","","","","","","","","","","","","","",77,1,"","","","","","","","","","","","",13.2,1,"","","","","","","","","","","","","","","","","","","","","","","","","","","","","","","","","","","","","","","","","","","","","","","","","","","","","","","","","","","","","","","","","","","","","","","","","","","","","","","","","","","","","","","","","","","","","","","","","","","","","","","","","","","","","","","","","","","",""
"06163007","TENDE_SAPC",44.043167,7.586,636,2000080913,"","","","","","","","","","","","","","","","","","","","","","","","","","","","","","","","","","","","",16.9,1,12.8,1,"","","","","","","","","","","","","","","","","","","","","","","","","","",77,1,"","","","","","","","","","","","",14.8,1,"","","","","","","","","","","","","","","","","","","","","","","","","","","","","","","","","","","","","","","","","","","","","","","","","","","","","","","","","","","","","","","","","","","","","","","","","","","","","","","","","","","","","","","","","","","","","","","","","","","","","","","","","","","","","","","","","","","",""
"06163007","TENDE_SAPC",44.043167,7.586,636,2000080914,0.6,1,"","","","","","","","","","","","","","","","","","","","","","","","","","","","","","","","","","",20.1,1,10.5,1,16.5,1,"","",20.1,1,"","","","","","","","","","","","","","","","","","","","",54,1,"","","","","","","","","","","","",12.7,1,"","","","","","","","","","","","","","","","","","","","","","","","","","","","","","","","","","","","","","","","","","","","","","","","","","","","","","","","","","","","","","","","","","","","","","","","","","","","","","","","","","","","","","","","","","","","","","","","","","","","","","","","","","","","","","","","","","","",""
"06163007","TENDE_SAPC",44.043167,7.586,636,2000080915,0.,1,"","","","","","","","","","","","","","","","","","","","","","","","","","","","","","","","","","",21.9,1,13.8,1,20.3,1,"","",23.1,1,"","","","","","","","","","","","","","","","","","","","",60,1,"","","","","","","","","","","","",15.7,1,"","","","","","","","","","","","","","","","","","","","","","","","","","","","","","","","","","","","","","","","","","","","","","","","","","","","","","","","","","","","","","","","","","","","","","","","","","","","","","","","","","","","","","","","","","","","","","","","","","","","","","","","","","","","","","","","","","","",""
"06163007","TENDE_SAPC",44.043167,7.586,636,2000080916,0.,1,"","","","","","","","","","","","","","","","","","","","","","","","","","","","","","","","","","",19.9,1,14.7,1,19.9,1,"","",22.1,1,"","","","","","","","","","","","","","","","","","","","",72,1,"","","","","","","","","","","","",16.7,1,"","","","","","","","","","","","","","","","","","","","","","","","","","","","","","","","","","","","","","","","","","","","","","","","","","","","","","","","","","","","","","","","","","","","","","","","","","","","","","","","","","","","","","","","","","","","","","","","","","","","","","","","","","","","","","","","","","","",""
"06163007","TENDE_SAPC",44.043167,7.586,636,2000080917,0.,1,"","","","","","","","","","","","","","","","","","","","","","","","","","","","","","","","","","",18.8,1,14.5,1,18.7,1,"","",19.9,1,"","","","","","","","","","","","","","","","","","","","",76,1,"","","","","","","","","","","","",16.5,1,"","","","","","","","","","","","","","","","","","","","","","","","","","","","","","","","","","","","","","","","","","","","","","","","","","","","","","","","","","","","","","","","","","","","","","","","","","","","","","","","","","","","","","","","","","","","","","","","","","","","","","","","","","","","","","","","","","","",""
"06163007","TENDE_SAPC",44.043167,7.586,636,2000080918,0.,1,"","","","","","","","","","","","","","","","","","","","","","","","","","","","","","","","","","",18.1,1,14.6,1,18.1,1,"","",18.8,1,"","","","","","","","","","","","","","","","","","","","",80,1,"","","","","","","","","","","","",16.6,1,"","","","","","","","","","","","","","","","","","","","","","","","","","","","","","","","","","","","","","","","","","","","","","","","","","","","","","","","","","","","","","","","","","","","","","","","","","","","","","","","","","","","","","","","","","","","","","","","","","","","","","","","","","","","","","","","","","","",""
"06163007","TENDE_SAPC",44.043167,7.586,636,2000080919,0.,1,"","","","","","","","","","","","","","","","","","","","","","","","","","","","","","","","","","",16.7,1,13.8,1,16.7,1,"","",18.1,1,"","","","","","","","","","","","","","","","","","","","",83,1,"","","","","","","","","","","","",15.7,1,"","","","","","","","","","","","","","","","","","","","","","","","","","","","","","","","","","","","","","","","","","","","","","","","","","","","","","","","","","","","","","","","","","","","","","","","","","","","","","","","","","","","","","","","","","","","","","","","","","","","","","","","","","","","","","","","","","","",""
"06163007","TENDE_SAPC",44.043167,7.586,636,2000080920,0.,1,"","","","","","","","","","","","","","","","","","","","","","","","","","","","","","","","","","",15.5,1,12.8,1,15.5,1,"","",16.6,1,"","","","","","","","","","","","","","","","","","","","",84,1,"","","","","","","","","","","","",14.8,1,"","","","","","","","","","","","","","","","","","","","","","","","","","","","","","","","","","","","","","","","","","","","","","","","","","","","","","","","","","","","","","","","","","","","","","","","","","","","","","","","","","","","","","","","","","","","","","","","","","","","","","","","","","","","","","","","","","","",""
"06163007","TENDE_SAPC",44.043167,7.586,636,2000080921,0.,1,"","","","","","","","","","","","","","","","","","","","","","","","","","","","","","","","","","",15.2,1,12.5,1,15.1,1,"","",15.5,1,"","","","","","","","","","","","","","","","","","","","",84,1,"","","","","","","","","","","","",14.5,1,"","","","","","","","","","","","","","","","","","","","","","","","","","","","","","","","","","","","","","","","","","","","","","","","","","","","","","","","","","","","","","","","","","","","","","","","","","","","","","","","","","","","","","","","","","","","","","","","","","","","","","","","","","","","","","","","","","","",""
"06163007","TENDE_SAPC",44.043167,7.586,636,2000080922,0.,1,"","","","","","","","","","","","","","","","","","","","","","","","","","","","","","","","","","",14.8,1,12.1,1,14.8,1,"","",15.3,1,"","","","","","","","","","","","","","","","","","","","",84,1,"","","","","","","","","","","","",14.1,1,"","","","","","","","","","","","","","","","","","","","","","","","","","","","","","","","","","","","","","","","","","","","","","","","","","","","","","","","","","","","","","","","","","","","","","","","","","","","","","","","","","","","","","","","","","","","","","","","","","","","","","","","","","","","","","","","","","","",""
"06163007","TENDE_SAPC",44.043167,7.586,636,2000080923,0.,1,"","","","","","","","","","","","","","","","","","","","","","","","","","","","","","","","","","",14.7,1,11.5,1,14.7,1,"","",15.,1,"","","","","","","","","","","","","","","","","","","","",81,1,"","","","","","","","","","","","",13.5,1,"","","","","","","","","","","","","","","","","","","","","","","","","","","","","","","","","","","","","","","","","","","","","","","","","","","","","","","","","","","","","","","","","","","","","","","","","","","","","","","","","","","","","","","","","","","","","","","","","","","","","","","","","","","","","","","","","","","",""
"06163007","TENDE_SAPC",44.043167,7.586,636,2000081000,0.,1,"","","","","","","","","","","","","","","","","","","","","","","","","","","","","","","","","","",14.4,1,11.,1,14.4,1,"","",14.8,1,"","","","","","","","","","","","","","","","","","","","",80,1,"","","","","","","","","","","","",13.1,1,"","","","","","","","","","","","","","","","","","","","","","","","","","","","","","","","","","","","","","","","","","","","","","","","","","","","","","","","","","","","","","","","","","","","","","","","","","","","","","","","","","","","","","","","","","","","","","","","","","","","","","","","","","","","","","","","","","","",""
"06163007","TENDE_SAPC",44.043167,7.586,636,2000081001,0.,1,"","","","","","","","","","","","","","","","","","","","","","","","","","","","","","","","","","",13.7,1,10.5,1,13.7,1,"","",14.4,1,"","","","","","","","","","","","","","","","","","","","",81,1,"","","","","","","","","","","","",12.7,1,"","","","","","","","","","","","","","","","","","","","","","","","","","","","","","","","","","","","","","","","","","","","","","","","","","","","","","","","","","","","","","","","","","","","","","","","","","","","","","","","","","","","","","","","","","","","","","","","","","","","","","","","","","","","","","","","","","","",""
"06163007","TENDE_SAPC",44.043167,7.586,636,2000081002,0.,1,"","","","","","","","","","","","","","","","","","","","","","","","","","","","","","","","","","",13.4,1,10.2,1,13.4,1,"","",13.7,1,"","","","","","","","","","","","","","","","","","","","",81,1,"","","","","","","","","","","","",12.4,1,"","","","","","","","","","","","","","","","","","","","","","","","","","","","","","","","","","","","","","","","","","","","","","","","","","","","","","","","","","","","","","","","","","","","","","","","","","","","","","","","","","","","","","","","","","","","","","","","","","","","","","","","","","","","","","","","","","","",""
"06163007","TENDE_SAPC",44.043167,7.586,636,2000081003,0.,1,"","","","","","","","","","","","","","","","","","","","","","","","","","","","","","","","","","",12.8,1,10.,1,12.8,1,"","",13.4,1,"","","","","","","","","","","","","","","","","","","","",83,1,"","","","","","","","","","","","",12.2,1,"","","","","","","","","","","","","","","","","","","","","","","","","","","","","","","","","","","","","","","","","","","","","","","","","","","","","","","","","","","","","","","","","","","","","","","","","","","","","","","","","","","","","","","","","","","","","","","","","","","","","","","","","","","","","","","","","","","",""
"06163007","TENDE_SAPC",44.043167,7.586,636,2000081004,0.,1,"","","","","","","","","","","","","","","","","","","","","","","","","","","","","","","","","","",12.4,1,9.6,1,12.4,1,"","",12.8,1,"","","","","","","","","","","","","","","","","","","","",83,1,"","","","","","","","","","","","",11.9,1,"","","","","","","","","","","","","","","","","","","","","","","","","","","","","","","","","","","","","","","","","","","","","","","","","","","","","","","","","","","","","","","","","","","","","","","","","","","","","","","","","","","","","","","","","","","","","","","","","","","","","","","","","","","","","","","","","","","",""
"06163007","TENDE_SAPC",44.043167,7.586,636,2000081005,0.,1,"","","","","","","","","","","","","","","","","","","","","","","","","","","","","","","","","","",12.2,1,9.4,1,12.1,1,"","",12.4,1,"","","","","","","","","","","","","","","","","","","","",83,1,"","","","","","","","","","","","",11.8,1,"","","","","","","","","","","","","","","","","","","","","","","","","","","","","","","","","","","","","","","","","","","","","","","","","","","","","","","","","","","","","","","","","","","","","","","","","","","","","","","","","","","","","","","","","","","","","","","","","","","","","","","","","","","","","","","","","","","",""
"06163007","TENDE_SAPC",44.043167,7.586,636,2000081006,0.,1,"","","","","","","","","","","","","","","","","","","","","","","","","","","","","","","","","","",12.5,1,9.7,1,12.1,1,"","",12.5,1,"","","","","","","","","","","","","","","","","","","","",83,1,"","","","","","","","","","","","",12.,1,"","","","","","","","","","","","","","","","","","","","","","","","","","","","","","","","","","","","","","","","","","","","","","","","","","","","","","","","","","","","","","","","","","","","","","","","","","","","","","","","","","","","","","","","","","","","","","","","","","","","","","","","","","","","","","","","","","","",""
"06163007","TENDE_SAPC",44.043167,7.586,636,2000081007,0.,1,"","","","","","","","","","","","","","","","","","","","","","","","","","","","","","","","","","",12.9,1,10.3,1,12.5,1,"","",12.9,1,"","","","","","","","","","","","","","","","","","","","",84,1,"","","","","","","","","","","","",12.5,1,"","","","","","","","","","","","","","","","","","","","","","","","","","","","","","","","","","","","","","","","","","","","","","","","","","","","","","","","","","","","","","","","","","","","","","","","","","","","","","","","","","","","","","","","","","","","","","","","","","","","","","","","","","","","","","","","","","","",""
"06163007","TENDE_SAPC",44.043167,7.586,636,2000081008,0.,1,"","","","","","","","","","","","","","","","","","","","","","","","","","","","","","","","","","",17.8,1,11.1,1,12.9,1,"","",17.8,1,"","","","","","","","","","","","","","","","","","","","",65,1,"","","","","","","","","","","","",13.2,1,"","","","","","","","","","","","","","","","","","","","","","","","","","","","","","","","","","","","","","","","","","","","","","","","","","","","","","","","","","","","","","","","","","","","","","","","","","","","","","","","","","","","","","","","","","","","","","","","","","","","","","","","","","","","","","","","","","","",""
"06163007","TENDE_SAPC",44.043167,7.586,636,2000081009,0.,1,"","","","","","","","","","","","","","","","","","","","","","","","","","","","","","","","","","",22.4,1,11.5,1,17.9,1,"","",22.4,1,"","","","","","","","","","","","","","","","","","","","",50,1,"","","","","","","","","","","","",13.5,1,"","","","","","","","","","","","","","","","","","","","","","","","","","","","","","","","","","","","","","","","","","","","","","","","","","","","","","","","","","","","","","","","","","","","","","","","","","","","","","","","","","","","","","","","","","","","","","","","","","","","","","","","","","","","","","","","","","","",""
"06163007","TENDE_SAPC",44.043167,7.586,636,2000081010,0.,1,"","","","","","","","","","","","","","","","","","","","","","","","","","","","","","","","","","",24.5,1,10.,1,22.3,1,"","",24.5,1,"","","","","","","","","","","","","","","","","","","","",40,1,"","","","","","","","","","","","",12.3,1,"","","","","","","","","","","","","","","","","","","","","","","","","","","","","","","","","","","","","","","","","","","","","","","","","","","","","","","","","","","","","","","","","","","","","","","","","","","","","","","","","","","","","","","","","","","","","","","","","","","","","","","","","","","","","","","","","","","",""
"06163007","TENDE_SAPC",44.043167,7.586,636,2000081011,0.,1,"","","","","","","","","","","","","","","","","","","","","","","","","","","","","","","","","","",26.1,1,10.7,1,24.5,1,"","",26.1,1,"","","","","","","","","","","","","","","","","","","","",38,1,"","","","","","","","","","","","",12.8,1,"","","","","","","","","","","","","","","","","","","","","","","","","","","","","","","","","","","","","","","","","","","","","","","","","","","","","","","","","","","","","","","","","","","","","","","","","","","","","","","","","","","","","","","","","","","","","","","","","","","","","","","","","","","","","","","","","","","",""
"06163007","TENDE_SAPC",44.043167,7.586,636,2000081012,0.,1,"","","","","","","","","","","","","","","","","","","","","","","","","","","","","","","","","","",26.6,1,10.7,1,26.,1,"","",26.6,1,"","","","","","","","","","","","","","","","","","","","",37,1,"","","","","","","","","","","","",12.9,1,"","","","","","","","","","","","","","","","","","","","","","","","","","","","","","","","","","","","","","","","","","","","","","","","","","","","","","","","","","","","","","","","","","","","","","","","","","","","","","","","","","","","","","","","","","","","","","","","","","","","","","","","","","","","","","","","","","","",""
"06163007","TENDE_SAPC",44.043167,7.586,636,2000081013,0.,1,"","","","","","","","","","","","","","","","","","","","","","","","","","","","","","","","","","",26.5,1,11.4,1,26.3,1,"","",26.7,1,"","","","","","","","","","","","","","","","","","","","",39,1,"","","","","","","","","","","","",13.5,1,"","","","","","","","","","","","","","","","","","","","","","","","","","","","","","","","","","","","","","","","","","","","","","","","","","","","","","","","","","","","","","","","","","","","","","","","","","","","","","","","","","","","","","","","","","","","","","","","","","","","","","","","","","","","","","","","","","","",""
"06163007","TENDE_SAPC",44.043167,7.586,636,2000081014,0.,1,"","","","","","","","","","","","","","","","","","","","","","","","","","","","","","","","","","",26.1,1,11.4,1,26.1,1,"","",26.5,1,"","","","","","","","","","","","","","","","","","","","",40,1,"","","","","","","","","","","","",13.5,1,"","","","","","","","","","","","","","","","","","","","","","","","","","","","","","","","","","","","","","","","","","","","","","","","","","","","","","","","","","","","","","","","","","","","","","","","","","","","","","","","","","","","","","","","","","","","","","","","","","","","","","","","","","","","","","","","","","","",""
"06163007","TENDE_SAPC",44.043167,7.586,636,2000081015,0.,1,"","","","","","","","","","","","","","","","","","","","","","","","","","","","","","","","","","",25.7,1,11.5,1,25.7,1,"","",26.2,1,"","","","","","","","","","","","","","","","","","","","",41,1,"","","","","","","","","","","","",13.5,1,"","","","","","","","","","","","","","","","","","","","","","","","","","","","","","","","","","","","","","","","","","","","","","","","","","","","","","","","","","","","","","","","","","","","","","","","","","","","","","","","","","","","","","","","","","","","","","","","","","","","","","","","","","","","","","","","","","","",""
"06163007","TENDE_SAPC",44.043167,7.586,636,2000081016,0.,1,"","","","","","","","","","","","","","","","","","","","","","","","","","","","","","","","","","",24.4,1,11.7,1,24.4,1,"","",25.7,1,"","","","","","","","","","","","","","","","","","","","",45,1,"","","","","","","","","","","","",13.7,1,"","","","","","","","","","","","","","","","","","","","","","","","","","","","","","","","","","","","","","","","","","","","","","","","","","","","","","","","","","","","","","","","","","","","","","","","","","","","","","","","","","","","","","","","","","","","","","","","","","","","","","","","","","","","","","","","","","","",""
"06163007","TENDE_SAPC",44.043167,7.586,636,2000081017,0.,1,"","","","","","","","","","","","","","","","","","","","","","","","","","","","","","","","","","",22.9,1,11.9,1,22.9,1,"","",24.3,1,"","","","","","","","","","","","","","","","","","","","",50,1,"","","","","","","","","","","","",13.9,1,"","","","","","","","","","","","","","","","","","","","","","","","","","","","","","","","","","","","","","","","","","","","","","","","","","","","","","","","","","","","","","","","","","","","","","","","","","","","","","","","","","","","","","","","","","","","","","","","","","","","","","","","","","","","","","","","","","","",""
"06163007","TENDE_SAPC",44.043167,7.586,636,2000081018,0.,1,"","","","","","","","","","","","","","","","","","","","","","","","","","","","","","","","","","",21.8,1,11.5,1,21.8,1,"","",22.9,1,"","","","","","","","","","","","","","","","","","","","",52,1,"","","","","","","","","","","","",13.5,1,"","","","","","","","","","","","","","","","","","","","","","","","","","","","","","","","","","","","","","","","","","","","","","","","","","","","","","","","","","","","","","","","","","","","","","","","","","","","","","","","","","","","","","","","","","","","","","","","","","","","","","","","","","","","","","","","","","","",""
"06163007","TENDE_SAPC",44.043167,7.586,636,2000081019,0.,1,"","","","","","","","","","","","","","","","","","","","","","","","","","","","","","","","","","",18.8,1,11.4,1,18.8,1,"","",21.8,1,"","","","","","","","","","","","","","","","","","","","",62,1,"","","","","","","","","","","","",13.4,1,"","","","","","","","","","","","","","","","","","","","","","","","","","","","","","","","","","","","","","","","","","","","","","","","","","","","","","","","","","","","","","","","","","","","","","","","","","","","","","","","","","","","","","","","","","","","","","","","","","","","","","","","","","","","","","","","","","","",""
"06163007","TENDE_SAPC",44.043167,7.586,636,2000081020,0.,1,"","","","","","","","","","","","","","","","","","","","","","","","","","","","","","","","","","",17.1,1,11.6,1,17.1,1,"","",18.8,1,"","","","","","","","","","","","","","","","","","","","",70,1,"","","","","","","","","","","","",13.6,1,"","","","","","","","","","","","","","","","","","","","","","","","","","","","","","","","","","","","","","","","","","","","","","","","","","","","","","","","","","","","","","","","","","","","","","","","","","","","","","","","","","","","","","","","","","","","","","","","","","","","","","","","","","","","","","","","","","","",""
"06163007","TENDE_SAPC",44.043167,7.586,636,2000081021,0.,1,"","","","","","","","","","","","","","","","","","","","","","","","","","","","","","","","","","",16.5,1,11.4,1,16.4,1,"","",17.1,1,"","","","","","","","","","","","","","","","","","","","",72,1,"","","","","","","","","","","","",13.5,1,"","","","","","","","","","","","","","","","","","","","","","","","","","","","","","","","","","","","","","","","","","","","","","","","","","","","","","","","","","","","","","","","","","","","","","","","","","","","","","","","","","","","","","","","","","","","","","","","","","","","","","","","","","","","","","","","","","","",""
"06163007","TENDE_SAPC",44.043167,7.586,636,2000081022,0.,1,"","","","","","","","","","","","","","","","","","","","","","","","","","","","","","","","","","",16.,1,11.4,1,16.,1,"","",16.6,1,"","","","","","","","","","","","","","","","","","","","",74,1,"","","","","","","","","","","","",13.4,1,"","","","","","","","","","","","","","","","","","","","","","","","","","","","","","","","","","","","","","","","","","","","","","","","","","","","","","","","","","","","","","","","","","","","","","","","","","","","","","","","","","","","","","","","","","","","","","","","","","","","","","","","","","","","","","","","","","","",""
"06163007","TENDE_SAPC",44.043167,7.586,636,2000081023,0.,1,"","","","","","","","","","","","","","","","","","","","","","","","","","","","","","","","","","",15.7,1,11.3,1,15.7,1,"","",16.1,1,"","","","","","","","","","","","","","","","","","","","",75,1,"","","","","","","","","","","","",13.3,1,"","","","","","","","","","","","","","","","","","","","","","","","","","","","","","","","","","","","","","","","","","","","","","","","","","","","","","","","","","","","","","","","","","","","","","","","","","","","","","","","","","","","","","","","","","","","","","","","","","","","","","","","","","","","","","","","","","","",""
"06163007","TENDE_SAPC",44.043167,7.586,636,2000081100,0.,1,"","","","","","","","","","","","","","","","","","","","","","","","","","","","","","","","","","",15.4,1,11.,1,15.4,1,"","",15.7,1,"","","","","","","","","","","","","","","","","","","","",75,1,"","","","","","","","","","","","",13.1,1,"","","","","","","","","","","","","","","","","","","","","","","","","","","","","","","","","","","","","","","","","","","","","","","","","","","","","","","","","","","","","","","","","","","","","","","","","","","","","","","","","","","","","","","","","","","","","","","","","","","","","","","","","","","","","","","","","","","",""
"06163007","TENDE_SAPC",44.043167,7.586,636,2000081101,0.,1,"","","","","","","","","","","","","","","","","","","","","","","","","","","","","","","","","","",15.1,1,11.3,1,15.1,1,"","",15.5,1,"","","","","","","","","","","","","","","","","","","","",78,1,"","","","","","","","","","","","",13.4,1,"","","","","","","","","","","","","","","","","","","","","","","","","","","","","","","","","","","","","","","","","","","","","","","","","","","","","","","","","","","","","","","","","","","","","","","","","","","","","","","","","","","","","","","","","","","","","","","","","","","","","","","","","","","","","","","","","","","",""
"06163007","TENDE_SAPC",44.043167,7.586,636,2000081102,0.,1,"","","","","","","","","","","","","","","","","","","","","","","","","","","","","","","","","","",14.2,1,11.2,1,14.2,1,"","",15.1,1,"","","","","","","","","","","","","","","","","","","","",82,1,"","","","","","","","","","","","",13.3,1,"","","","","","","","","","","","","","","","","","","","","","","","","","","","","","","","","","","","","","","","","","","","","","","","","","","","","","","","","","","","","","","","","","","","","","","","","","","","","","","","","","","","","","","","","","","","","","","","","","","","","","","","","","","","","","","","","","","",""
"06163007","TENDE_SAPC",44.043167,7.586,636,2000081103,0.,1,"","","","","","","","","","","","","","","","","","","","","","","","","","","","","","","","","","",14.3,1,11.3,1,14.1,1,"","",14.3,1,"","","","","","","","","","","","","","","","","","","","",82,1,"","","","","","","","","","","","",13.3,1,"","","","","","","","","","","","","","","","","","","","","","","","","","","","","","","","","","","","","","","","","","","","","","","","","","","","","","","","","","","","","","","","","","","","","","","","","","","","","","","","","","","","","","","","","","","","","","","","","","","","","","","","","","","","","","","","","","","",""
"06163007","TENDE_SAPC",44.043167,7.586,636,2000081104,0.,1,"","","","","","","","","","","","","","","","","","","","","","","","","","","","","","","","","","",13.7,1,10.9,1,13.7,1,"","",14.3,1,"","","","","","","","","","","","","","","","","","","","",83,1,"","","","","","","","","","","","",13.,1,"","","","","","","","","","","","","","","","","","","","","","","","","","","","","","","","","","","","","","","","","","","","","","","","","","","","","","","","","","","","","","","","","","","","","","","","","","","","","","","","","","","","","","","","","","","","","","","","","","","","","","","","","","","","","","","","","","","",""
"06163007","TENDE_SAPC",44.043167,7.586,636,2000081105,0.,1,"","","","","","","","","","","","","","","","","","","","","","","","","","","","","","","","","","",13.5,1,10.8,1,13.4,1,"","",13.7,1,"","","","","","","","","","","","","","","","","","","","",84,1,"","","","","","","","","","","","",13.,1,"","","","","","","","","","","","","","","","","","","","","","","","","","","","","","","","","","","","","","","","","","","","","","","","","","","","","","","","","","","","","","","","","","","","","","","","","","","","","","","","","","","","","","","","","","","","","","","","","","","","","","","","","","","","","","","","","","","",""
"06163007","TENDE_SAPC",44.043167,7.586,636,2000081106,0.,1,"","","","","","","","","","","","","","","","","","","","","","","","","","","","","","","","","","",14.2,1,11.4,1,13.5,1,"","",14.2,1,"","","","","","","","","","","","","","","","","","","","",83,1,"","","","","","","","","","","","",13.4,1,"","","","","","","","","","","","","","","","","","","","","","","","","","","","","","","","","","","","","","","","","","","","","","","","","","","","","","","","","","","","","","","","","","","","","","","","","","","","","","","","","","","","","","","","","","","","","","","","","","","","","","","","","","","","","","","","","","","",""
"06163007","TENDE_SAPC",44.043167,7.586,636,2000081107,0.,1,"","","","","","","","","","","","","","","","","","","","","","","","","","","","","","","","","","",14.9,1,11.9,1,14.2,1,"","",14.9,1,"","","","","","","","","","","","","","","","","","","","",82,1,"","","","","","","","","","","","",13.9,1,"","","","","","","","","","","","","","","","","","","","","","","","","","","","","","","","","","","","","","","","","","","","","","","","","","","","","","","","","","","","","","","","","","","","","","","","","","","","","","","","","","","","","","","","","","","","","","","","","","","","","","","","","","","","","","","","","","","",""
"06163007","TENDE_SAPC",44.043167,7.586,636,2000081108,0.,1,"","","","","","","","","","","","","","","","","","","","","","","","","","","","","","","","","","",20.2,1,12.4,1,14.9,1,"","",20.2,1,"","","","","","","","","","","","","","","","","","","","",61,1,"","","","","","","","","","","","",14.4,1,"","","","","","","","","","","","","","","","","","","","","","","","","","","","","","","","","","","","","","","","","","","","","","","","","","","","","","","","","","","","","","","","","","","","","","","","","","","","","","","","","","","","","","","","","","","","","","","","","","","","","","","","","","","","","","","","","","","",""
"06163007","TENDE_SAPC",44.043167,7.586,636,2000081109,0.,1,"","","","","","","","","","","","","","","","","","","","","","","","","","","","","","","","","","",23.7,1,11.7,1,20.3,1,"","",23.7,1,"","","","","","","","","","","","","","","","","","","","",47,1,"","","","","","","","","","","","",13.7,1,"","","","","","","","","","","","","","","","","","","","","","","","","","","","","","","","","","","","","","","","","","","","","","","","","","","","","","","","","","","","","","","","","","","","","","","","","","","","","","","","","","","","","","","","","","","","","","","","","","","","","","","","","","","","","","","","","","","",""
"06163007","TENDE_SAPC",44.043167,7.586,636,2000081110,0.,1,"","","","","","","","","","","","","","","","","","","","","","","","","","","","","","","","","","",25.2,1,12.4,1,23.6,1,"","",25.2,1,"","","","","","","","","","","","","","","","","","","","",45,1,"","","","","","","","","","","","",14.4,1,"","","","","","","","","","","","","","","","","","","","","","","","","","","","","","","","","","","","","","","","","","","","","","","","","","","","","","","","","","","","","","","","","","","","","","","","","","","","","","","","","","","","","","","","","","","","","","","","","","","","","","","","","","","","","","","","","","","",""
"06163007","TENDE_SAPC",44.043167,7.586,636,2000081111,0.,1,"","","","","","","","","","","","","","","","","","","","","","","","","","","","","","","","","","",26.5,1,12.2,1,25.3,1,"","",26.5,1,"","","","","","","","","","","","","","","","","","","","",41,1,"","","","","","","","","","","","",14.2,1,"","","","","","","","","","","","","","","","","","","","","","","","","","","","","","","","","","","","","","","","","","","","","","","","","","","","","","","","","","","","","","","","","","","","","","","","","","","","","","","","","","","","","","","","","","","","","","","","","","","","","","","","","","","","","","","","","","","",""
"06163007","TENDE_SAPC",44.043167,7.586,636,2000081112,0.,1,"","","","","","","","","","","","","","","","","","","","","","","","","","","","","","","","","","",26.7,1,13.4,1,26.5,1,"","",26.9,1,"","","","","","","","","","","","","","","","","","","","",44,1,"","","","","","","","","","","","",15.4,1,"","","","","","","","","","","","","","","","","","","","","","","","","","","","","","","","","","","","","","","","","","","","","","","","","","","","","","","","","","","","","","","","","","","","","","","","","","","","","","","","","","","","","","","","","","","","","","","","","","","","","","","","","","","","","","","","","","","",""
"06163007","TENDE_SAPC",44.043167,7.586,636,2000081113,0.,1,"","","","","","","","","","","","","","","","","","","","","","","","","","","","","","","","","","",26.3,1,13.4,1,25.8,1,"","",26.7,1,"","","","","","","","","","","","","","","","","","","","",45,1,"","","","","","","","","","","","",15.4,1,"","","","","","","","","","","","","","","","","","","","","","","","","","","","","","","","","","","","","","","","","","","","","","","","","","","","","","","","","","","","","","","","","","","","","","","","","","","","","","","","","","","","","","","","","","","","","","","","","","","","","","","","","","","","","","","","","","","",""
"06163007","TENDE_SAPC",44.043167,7.586,636,2000081114,0.,1,"","","","","","","","","","","","","","","","","","","","","","","","","","","","","","","","","","",26.2,1,13.7,1,26.,1,"","",26.4,1,"","","","","","","","","","","","","","","","","","","","",46,1,"","","","","","","","","","","","",15.6,1,"","","","","","","","","","","","","","","","","","","","","","","","","","","","","","","","","","","","","","","","","","","","","","","","","","","","","","","","","","","","","","","","","","","","","","","","","","","","","","","","","","","","","","","","","","","","","","","","","","","","","","","","","","","","","","","","","","","",""
"06163007","TENDE_SAPC",44.043167,7.586,636,2000081115,0.,1,"","","","","","","","","","","","","","","","","","","","","","","","","","","","","","","","","","",25.6,1,13.4,1,25.4,1,"","",26.2,1,"","","","","","","","","","","","","","","","","","","","",47,1,"","","","","","","","","","","","",15.4,1,"","","","","","","","","","","","","","","","","","","","","","","","","","","","","","","","","","","","","","","","","","","","","","","","","","","","","","","","","","","","","","","","","","","","","","","","","","","","","","","","","","","","","","","","","","","","","","","","","","","","","","","","","","","","","","","","","","","",""
"06163007","TENDE_SAPC",44.043167,7.586,636,2000081116,0.,1,"","","","","","","","","","","","","","","","","","","","","","","","","","","","","","","","","","",24.3,1,14.1,1,24.1,1,"","",25.5,1,"","","","","","","","","","","","","","","","","","","","",53,1,"","","","","","","","","","","","",16.1,1,"","","","","","","","","","","","","","","","","","","","","","","","","","","","","","","","","","","","","","","","","","","","","","","","","","","","","","","","","","","","","","","","","","","","","","","","","","","","","","","","","","","","","","","","","","","","","","","","","","","","","","","","","","","","","","","","","","","",""
"06163007","TENDE_SAPC",44.043167,7.586,636,2000081117,0.,1,"","","","","","","","","","","","","","","","","","","","","","","","","","","","","","","","","","",23.2,1,14.5,1,23.1,1,"","",24.3,1,"","","","","","","","","","","","","","","","","","","","",58,1,"","","","","","","","","","","","",16.5,1,"","","","","","","","","","","","","","","","","","","","","","","","","","","","","","","","","","","","","","","","","","","","","","","","","","","","","","","","","","","","","","","","","","","","","","","","","","","","","","","","","","","","","","","","","","","","","","","","","","","","","","","","","","","","","","","","","","","",""
"06163007","TENDE_SAPC",44.043167,7.586,636,2000081118,0.,1,"","","","","","","","","","","","","","","","","","","","","","","","","","","","","","","","","","",22.,1,14.6,1,22.,1,"","",23.1,1,"","","","","","","","","","","","","","","","","","","","",63,1,"","","","","","","","","","","","",16.6,1,"","","","","","","","","","","","","","","","","","","","","","","","","","","","","","","","","","","","","","","","","","","","","","","","","","","","","","","","","","","","","","","","","","","","","","","","","","","","","","","","","","","","","","","","","","","","","","","","","","","","","","","","","","","","","","","","","","","",""
"06163007","TENDE_SAPC",44.043167,7.586,636,2000081119,0.,1,"","","","","","","","","","","","","","","","","","","","","","","","","","","","","","","","","","",20.1,1,14.5,1,20.1,1,"","",22.,1,"","","","","","","","","","","","","","","","","","","","",70,1,"","","","","","","","","","","","",16.4,1,"","","","","","","","","","","","","","","","","","","","","","","","","","","","","","","","","","","","","","","","","","","","","","","","","","","","","","","","","","","","","","","","","","","","","","","","","","","","","","","","","","","","","","","","","","","","","","","","","","","","","","","","","","","","","","","","","","","",""
"06163007","TENDE_SAPC",44.043167,7.586,636,2000081120,0.,1,"","","","","","","","","","","","","","","","","","","","","","","","","","","","","","","","","","",18.5,1,14.4,1,18.5,1,"","",20.1,1,"","","","","","","","","","","","","","","","","","","","",77,1,"","","","","","","","","","","","",16.4,1,"","","","","","","","","","","","","","","","","","","","","","","","","","","","","","","","","","","","","","","","","","","","","","","","","","","","","","","","","","","","","","","","","","","","","","","","","","","","","","","","","","","","","","","","","","","","","","","","","","","","","","","","","","","","","","","","","","","",""
"06163007","TENDE_SAPC",44.043167,7.586,636,2000081121,0.,1,"","","","","","","","","","","","","","","","","","","","","","","","","","","","","","","","","","",17.5,1,14.2,1,17.5,1,"","",18.5,1,"","","","","","","","","","","","","","","","","","","","",81,1,"","","","","","","","","","","","",16.2,1,"","","","","","","","","","","","","","","","","","","","","","","","","","","","","","","","","","","","","","","","","","","","","","","","","","","","","","","","","","","","","","","","","","","","","","","","","","","","","","","","","","","","","","","","","","","","","","","","","","","","","","","","","","","","","","","","","","","",""
"06163007","TENDE_SAPC",44.043167,7.586,636,2000081122,0.,1,"","","","","","","","","","","","","","","","","","","","","","","","","","","","","","","","","","",16.9,1,13.8,1,16.9,1,"","",17.5,1,"","","","","","","","","","","","","","","","","","","","",82,1,"","","","","","","","","","","","",15.8,1,"","","","","","","","","","","","","","","","","","","","","","","","","","","","","","","","","","","","","","","","","","","","","","","","","","","","","","","","","","","","","","","","","","","","","","","","","","","","","","","","","","","","","","","","","","","","","","","","","","","","","","","","","","","","","","","","","","","",""
"06163007","TENDE_SAPC",44.043167,7.586,636,2000081123,0.,1,"","","","","","","","","","","","","","","","","","","","","","","","","","","","","","","","","","",16.6,1,13.5,1,16.6,1,"","",16.9,1,"","","","","","","","","","","","","","","","","","","","",82,1,"","","","","","","","","","","","",15.5,1,"","","","","","","","","","","","","","","","","","","","","","","","","","","","","","","","","","","","","","","","","","","","","","","","","","","","","","","","","","","","","","","","","","","","","","","","","","","","","","","","","","","","","","","","","","","","","","","","","","","","","","","","","","","","","","","","","","","",""
"06163007","TENDE_SAPC",44.043167,7.586,636,2000081200,0.,1,"","","","","","","","","","","","","","","","","","","","","","","","","","","","","","","","","","",16.4,1,13.3,1,16.4,1,"","",16.6,1,"","","","","","","","","","","","","","","","","","","","",82,1,"","","","","","","","","","","","",15.3,1,"","","","","","","","","","","","","","","","","","","","","","","","","","","","","","","","","","","","","","","","","","","","","","","","","","","","","","","","","","","","","","","","","","","","","","","","","","","","","","","","","","","","","","","","","","","","","","","","","","","","","","","","","","","","","","","","","","","",""
"06163007","TENDE_SAPC",44.043167,7.586,636,2000081201,0.,1,"","","","","","","","","","","","","","","","","","","","","","","","","","","","","","","","","","",15.9,1,13.,1,15.9,1,"","",16.5,1,"","","","","","","","","","","","","","","","","","","","",83,1,"","","","","","","","","","","","",15.,1,"","","","","","","","","","","","","","","","","","","","","","","","","","","","","","","","","","","","","","","","","","","","","","","","","","","","","","","","","","","","","","","","","","","","","","","","","","","","","","","","","","","","","","","","","","","","","","","","","","","","","","","","","","","","","","","","","","","",""
"06163007","TENDE_SAPC",44.043167,7.586,636,2000081202,0.,1,"","","","","","","","","","","","","","","","","","","","","","","","","","","","","","","","","","",15.7,1,12.8,1,15.6,1,"","",15.9,1,"","","","","","","","","","","","","","","","","","","","",83,1,"","","","","","","","","","","","",14.8,1,"","","","","","","","","","","","","","","","","","","","","","","","","","","","","","","","","","","","","","","","","","","","","","","","","","","","","","","","","","","","","","","","","","","","","","","","","","","","","","","","","","","","","","","","","","","","","","","","","","","","","","","","","","","","","","","","","","","",""
"06163007","TENDE_SAPC",44.043167,7.586,636,2000081203,0.,1,"","","","","","","","","","","","","","","","","","","","","","","","","","","","","","","","","","",15.7,1,12.8,1,15.3,1,"","",15.7,1,"","","","","","","","","","","","","","","","","","","","",83,1,"","","","","","","","","","","","",14.8,1,"","","","","","","","","","","","","","","","","","","","","","","","","","","","","","","","","","","","","","","","","","","","","","","","","","","","","","","","","","","","","","","","","","","","","","","","","","","","","","","","","","","","","","","","","","","","","","","","","","","","","","","","","","","","","","","","","","","",""
"06163007","TENDE_SAPC",44.043167,7.586,636,2000081204,0.,1,"","","","","","","","","","","","","","","","","","","","","","","","","","","","","","","","","","",15.2,1,12.3,1,15.2,1,"","",15.8,1,"","","","","","","","","","","","","","","","","","","","",83,1,"","","","","","","","","","","","",14.3,1,"","","","","","","","","","","","","","","","","","","","","","","","","","","","","","","","","","","","","","","","","","","","","","","","","","","","","","","","","","","","","","","","","","","","","","","","","","","","","","","","","","","","","","","","","","","","","","","","","","","","","","","","","","","","","","","","","","","",""
"06163007","TENDE_SAPC",44.043167,7.586,636,2000081205,0.,1,"","","","","","","","","","","","","","","","","","","","","","","","","","","","","","","","","","",14.6,1,12.1,1,14.4,1,"","",15.2,1,"","","","","","","","","","","","","","","","","","","","",85,1,"","","","","","","","","","","","",14.1,1,"","","","","","","","","","","","","","","","","","","","","","","","","","","","","","","","","","","","","","","","","","","","","","","","","","","","","","","","","","","","","","","","","","","","","","","","","","","","","","","","","","","","","","","","","","","","","","","","","","","","","","","","","","","","","","","","","","","",""
"06163007","TENDE_SAPC",44.043167,7.586,636,2000081206,0.,1,"","","","","","","","","","","","","","","","","","","","","","","","","","","","","","","","","","",15.9,1,12.5,1,14.6,1,"","",15.9,1,"","","","","","","","","","","","","","","","","","","","",80,1,"","","","","","","","","","","","",14.4,1,"","","","","","","","","","","","","","","","","","","","","","","","","","","","","","","","","","","","","","","","","","","","","","","","","","","","","","","","","","","","","","","","","","","","","","","","","","","","","","","","","","","","","","","","","","","","","","","","","","","","","","","","","","","","","","","","","","","",""
"06163007","TENDE_SAPC",44.043167,7.586,636,2000081207,0.,1,"","","","","","","","","","","","","","","","","","","","","","","","","","","","","","","","","","",17.7,1,13.6,1,15.9,1,"","",17.7,1,"","","","","","","","","","","","","","","","","","","","",77,1,"","","","","","","","","","","","",15.6,1,"","","","","","","","","","","","","","","","","","","","","","","","","","","","","","","","","","","","","","","","","","","","","","","","","","","","","","","","","","","","","","","","","","","","","","","","","","","","","","","","","","","","","","","","","","","","","","","","","","","","","","","","","","","","","","","","","","","",""
"06163007","TENDE_SAPC",44.043167,7.586,636,2000081208,0.,1,"","","","","","","","","","","","","","","","","","","","","","","","","","","","","","","","","","",21.2,1,12.6,1,17.8,1,"","",21.2,1,"","","","","","","","","","","","","","","","","","","","",58,1,"","","","","","","","","","","","",14.6,1,"","","","","","","","","","","","","","","","","","","","","","","","","","","","","","","","","","","","","","","","","","","","","","","","","","","","","","","","","","","","","","","","","","","","","","","","","","","","","","","","","","","","","","","","","","","","","","","","","","","","","","","","","","","","","","","","","","","",""
"06163007","TENDE_SAPC",44.043167,7.586,636,2000081209,0.,1,"","","","","","","","","","","","","","","","","","","","","","","","","","","","","","","","","","",20.8,1,13.2,1,20.6,1,"","",21.6,1,"","","","","","","","","","","","","","","","","","","","",62,1,"","","","","","","","","","","","",15.2,1,"","","","","","","","","","","","","","","","","","","","","","","","","","","","","","","","","","","","","","","","","","","","","","","","","","","","","","","","","","","","","","","","","","","","","","","","","","","","","","","","","","","","","","","","","","","","","","","","","","","","","","","","","","","","","","","","","","","",""
"06163007","TENDE_SAPC",44.043167,7.586,636,2000081210,0.,1,"","","","","","","","","","","","","","","","","","","","","","","","","","","","","","","","","","",21.1,1,15.,1,20.8,1,"","",21.2,1,"","","","","","","","","","","","","","","","","","","","",68,1,"","","","","","","","","","","","",17.,1,"","","","","","","","","","","","","","","","","","","","","","","","","","","","","","","","","","","","","","","","","","","","","","","","","","","","","","","","","","","","","","","","","","","","","","","","","","","","","","","","","","","","","","","","","","","","","","","","","","","","","","","","","","","","","","","","","","","",""
"06163007","TENDE_SAPC",44.043167,7.586,636,2000081211,0.,1,"","","","","","","","","","","","","","","","","","","","","","","","","","","","","","","","","","",23.7,1,13.3,1,21.,1,"","",23.7,1,"","","","","","","","","","","","","","","","","","","","",52,1,"","","","","","","","","","","","",15.2,1,"","","","","","","","","","","","","","","","","","","","","","","","","","","","","","","","","","","","","","","","","","","","","","","","","","","","","","","","","","","","","","","","","","","","","","","","","","","","","","","","","","","","","","","","","","","","","","","","","","","","","","","","","","","","","","","","","","","",""
"06163007","TENDE_SAPC",44.043167,7.586,636,2000081212,0.,1,"","","","","","","","","","","","","","","","","","","","","","","","","","","","","","","","","","",24.7,1,14.2,1,23.4,1,"","",24.8,1,"","","","","","","","","","","","","","","","","","","","",52,1,"","","","","","","","","","","","",16.1,1,"","","","","","","","","","","","","","","","","","","","","","","","","","","","","","","","","","","","","","","","","","","","","","","","","","","","","","","","","","","","","","","","","","","","","","","","","","","","","","","","","","","","","","","","","","","","","","","","","","","","","","","","","","","","","","","","","","","",""
"06163007","TENDE_SAPC",44.043167,7.586,636,2000081318,0.,1,"","","","","","","","","","","","","","","","","","","","","","","","","","","","","","","","","","",21.4,1,15.5,1,"","","","","","","","","","","","","","","","","","","","","","","","","","",69,1,"","","","","","","","","","","","",17.5,1,"","","","","","","","","","","","","","","","","","","","","","","","","","","","","","","","","","","","","","","","","","","","","","","","","","","","","","","","","","","","","","","","","","","","","","","","","","","","","","","","","","","","","","","","","","","","","","","","","","","","","","","","","","","","","","","","","","","",""
"06163007","TENDE_SAPC",44.043167,7.586,636,2000081319,0.,1,"","","","","","","","","","","","","","","","","","","","","","","","","","","","","","","","","","",19.6,1,15.5,1,19.6,1,"","",21.4,1,"","","","","","","","","","","","","","","","","","","","",77,1,"","","","","","","","","","","","",17.5,1,"","","","","","","","","","","","","","","","","","","","","","","","","","","","","","","","","","","","","","","","","","","","","","","","","","","","","","","","","","","","","","","","","","","","","","","","","","","","","","","","","","","","","","","","","","","","","","","","","","","","","","","","","","","","","","","","","","","",""
"06163007","TENDE_SAPC",44.043167,7.586,636,2000081320,0.,1,"","","","","","","","","","","","","","","","","","","","","","","","","","","","","","","","","","",18.2,1,14.5,1,18.2,1,"","",19.6,1,"","","","","","","","","","","","","","","","","","","","",79,1,"","","","","","","","","","","","",16.5,1,"","","","","","","","","","","","","","","","","","","","","","","","","","","","","","","","","","","","","","","","","","","","","","","","","","","","","","","","","","","","","","","","","","","","","","","","","","","","","","","","","","","","","","","","","","","","","","","","","","","","","","","","","","","","","","","","","","","",""
"06163007","TENDE_SAPC",44.043167,7.586,636,2000081321,0.,1,"","","","","","","","","","","","","","","","","","","","","","","","","","","","","","","","","","",17.5,1,14.,1,17.5,1,"","",18.2,1,"","","","","","","","","","","","","","","","","","","","",80,1,"","","","","","","","","","","","",16.,1,"","","","","","","","","","","","","","","","","","","","","","","","","","","","","","","","","","","","","","","","","","","","","","","","","","","","","","","","","","","","","","","","","","","","","","","","","","","","","","","","","","","","","","","","","","","","","","","","","","","","","","","","","","","","","","","","","","","",""
"06163007","TENDE_SAPC",44.043167,7.586,636,2000081322,0.,1,"","","","","","","","","","","","","","","","","","","","","","","","","","","","","","","","","","",17.,1,13.3,1,17.,1,"","",17.5,1,"","","","","","","","","","","","","","","","","","","","",79,1,"","","","","","","","","","","","",15.3,1,"","","","","","","","","","","","","","","","","","","","","","","","","","","","","","","","","","","","","","","","","","","","","","","","","","","","","","","","","","","","","","","","","","","","","","","","","","","","","","","","","","","","","","","","","","","","","","","","","","","","","","","","","","","","","","","","","","","",""
"06163007","TENDE_SAPC",44.043167,7.586,636,2000081323,0.,1,"","","","","","","","","","","","","","","","","","","","","","","","","","","","","","","","","","",16.2,1,12.6,1,16.2,1,"","",16.9,1,"","","","","","","","","","","","","","","","","","","","",79,1,"","","","","","","","","","","","",14.5,1,"","","","","","","","","","","","","","","","","","","","","","","","","","","","","","","","","","","","","","","","","","","","","","","","","","","","","","","","","","","","","","","","","","","","","","","","","","","","","","","","","","","","","","","","","","","","","","","","","","","","","","","","","","","","","","","","","","","",""
"06163007","TENDE_SAPC",44.043167,7.586,636,2000081400,0.,1,"","","","","","","","","","","","","","","","","","","","","","","","","","","","","","","","","","",15.6,1,12.,1,15.6,1,"","",16.2,1,"","","","","","","","","","","","","","","","","","","","",79,1,"","","","","","","","","","","","",14.,1,"","","","","","","","","","","","","","","","","","","","","","","","","","","","","","","","","","","","","","","","","","","","","","","","","","","","","","","","","","","","","","","","","","","","","","","","","","","","","","","","","","","","","","","","","","","","","","","","","","","","","","","","","","","","","","","","","","","",""
"06163007","TENDE_SAPC",44.043167,7.586,636,2000081401,0.,1,"","","","","","","","","","","","","","","","","","","","","","","","","","","","","","","","","","",14.9,1,11.3,1,14.9,1,"","",15.5,1,"","","","","","","","","","","","","","","","","","","","",79,1,"","","","","","","","","","","","",13.4,1,"","","","","","","","","","","","","","","","","","","","","","","","","","","","","","","","","","","","","","","","","","","","","","","","","","","","","","","","","","","","","","","","","","","","","","","","","","","","","","","","","","","","","","","","","","","","","","","","","","","","","","","","","","","","","","","","","","","",""
"06163007","TENDE_SAPC",44.043167,7.586,636,2000081402,0.,1,"","","","","","","","","","","","","","","","","","","","","","","","","","","","","","","","","","",14.4,1,10.6,1,14.4,1,"","",14.8,1,"","","","","","","","","","","","","","","","","","","","",78,1,"","","","","","","","","","","","",12.8,1,"","","","","","","","","","","","","","","","","","","","","","","","","","","","","","","","","","","","","","","","","","","","","","","","","","","","","","","","","","","","","","","","","","","","","","","","","","","","","","","","","","","","","","","","","","","","","","","","","","","","","","","","","","","","","","","","","","","",""
"06163007","TENDE_SAPC",44.043167,7.586,636,2000081403,0.,1,"","","","","","","","","","","","","","","","","","","","","","","","","","","","","","","","","","",13.7,1,9.9,1,13.7,1,"","",14.5,1,"","","","","","","","","","","","","","","","","","","","",78,1,"","","","","","","","","","","","",12.2,1,"","","","","","","","","","","","","","","","","","","","","","","","","","","","","","","","","","","","","","","","","","","","","","","","","","","","","","","","","","","","","","","","","","","","","","","","","","","","","","","","","","","","","","","","","","","","","","","","","","","","","","","","","","","","","","","","","","","",""
"06163007","TENDE_SAPC",44.043167,7.586,636,2000081404,0.,1,"","","","","","","","","","","","","","","","","","","","","","","","","","","","","","","","","","",13.3,1,9.4,1,13.2,1,"","",13.8,1,"","","","","","","","","","","","","","","","","","","","",77,1,"","","","","","","","","","","","",11.7,1,"","","","","","","","","","","","","","","","","","","","","","","","","","","","","","","","","","","","","","","","","","","","","","","","","","","","","","","","","","","","","","","","","","","","","","","","","","","","","","","","","","","","","","","","","","","","","","","","","","","","","","","","","","","","","","","","","","","",""
"06163007","TENDE_SAPC",44.043167,7.586,636,2000081405,0.,1,"","","","","","","","","","","","","","","","","","","","","","","","","","","","","","","","","","",13.,1,9.1,1,13.,1,"","",13.3,1,"","","","","","","","","","","","","","","","","","","","",77,1,"","","","","","","","","","","","",11.5,1,"","","","","","","","","","","","","","","","","","","","","","","","","","","","","","","","","","","","","","","","","","","","","","","","","","","","","","","","","","","","","","","","","","","","","","","","","","","","","","","","","","","","","","","","","","","","","","","","","","","","","","","","","","","","","","","","","","","",""
"06163007","TENDE_SAPC",44.043167,7.586,636,2000081406,0.,1,"","","","","","","","","","","","","","","","","","","","","","","","","","","","","","","","","","",13.,1,9.1,1,12.8,1,"","",13.,1,"","","","","","","","","","","","","","","","","","","","",77,1,"","","","","","","","","","","","",11.5,1,"","","","","","","","","","","","","","","","","","","","","","","","","","","","","","","","","","","","","","","","","","","","","","","","","","","","","","","","","","","","","","","","","","","","","","","","","","","","","","","","","","","","","","","","","","","","","","","","","","","","","","","","","","","","","","","","","","","",""
"06163007","TENDE_SAPC",44.043167,7.586,636,2000081407,0.,1,"","","","","","","","","","","","","","","","","","","","","","","","","","","","","","","","","","",13.6,1,10.,1,13.,1,"","",13.6,1,"","","","","","","","","","","","","","","","","","","","",79,1,"","","","","","","","","","","","",12.3,1,"","","","","","","","","","","","","","","","","","","","","","","","","","","","","","","","","","","","","","","","","","","","","","","","","","","","","","","","","","","","","","","","","","","","","","","","","","","","","","","","","","","","","","","","","","","","","","","","","","","","","","","","","","","","","","","","","","","",""
"06163007","TENDE_SAPC",44.043167,7.586,636,2000081408,0.,1,"","","","","","","","","","","","","","","","","","","","","","","","","","","","","","","","","","",18.2,1,10.3,1,13.6,1,"","",18.2,1,"","","","","","","","","","","","","","","","","","","","",60,1,"","","","","","","","","","","","",12.5,1,"","","","","","","","","","","","","","","","","","","","","","","","","","","","","","","","","","","","","","","","","","","","","","","","","","","","","","","","","","","","","","","","","","","","","","","","","","","","","","","","","","","","","","","","","","","","","","","","","","","","","","","","","","","","","","","","","","","",""
"06163007","TENDE_SAPC",44.043167,7.586,636,2000081409,0.,1,"","","","","","","","","","","","","","","","","","","","","","","","","","","","","","","","","","",23.5,1,12.2,1,18.4,1,"","",23.5,1,"","","","","","","","","","","","","","","","","","","","",49,1,"","","","","","","","","","","","",14.2,1,"","","","","","","","","","","","","","","","","","","","","","","","","","","","","","","","","","","","","","","","","","","","","","","","","","","","","","","","","","","","","","","","","","","","","","","","","","","","","","","","","","","","","","","","","","","","","","","","","","","","","","","","","","","","","","","","","","","",""
"06163007","TENDE_SAPC",44.043167,7.586,636,2000081410,0.,1,"","","","","","","","","","","","","","","","","","","","","","","","","","","","","","","","","","",25.6,1,10.6,1,23.2,1,"","",25.6,1,"","","","","","","","","","","","","","","","","","","","",39,1,"","","","","","","","","","","","",12.8,1,"","","","","","","","","","","","","","","","","","","","","","","","","","","","","","","","","","","","","","","","","","","","","","","","","","","","","","","","","","","","","","","","","","","","","","","","","","","","","","","","","","","","","","","","","","","","","","","","","","","","","","","","","","","","","","","","","","","",""
"06163007","TENDE_SAPC",44.043167,7.586,636,2000081411,0.,1,"","","","","","","","","","","","","","","","","","","","","","","","","","","","","","","","","","",27.6,1,9.9,1,25.6,1,"","",27.6,1,"","","","","","","","","","","","","","","","","","","","",33,1,"","","","","","","","","","","","",12.2,1,"","","","","","","","","","","","","","","","","","","","","","","","","","","","","","","","","","","","","","","","","","","","","","","","","","","","","","","","","","","","","","","","","","","","","","","","","","","","","","","","","","","","","","","","","","","","","","","","","","","","","","","","","","","","","","","","","","","",""
"06163007","TENDE_SAPC",44.043167,7.586,636,2000081412,0.,1,"","","","","","","","","","","","","","","","","","","","","","","","","","","","","","","","","","",28.2,1,10.8,1,27.6,1,"","",28.2,1,"","","","","","","","","","","","","","","","","","","","",34,1,"","","","","","","","","","","","",13.,1,"","","","","","","","","","","","","","","","","","","","","","","","","","","","","","","","","","","","","","","","","","","","","","","","","","","","","","","","","","","","","","","","","","","","","","","","","","","","","","","","","","","","","","","","","","","","","","","","","","","","","","","","","","","","","","","","","","","",""
"06163007","TENDE_SAPC",44.043167,7.586,636,2000081413,0.,1,"","","","","","","","","","","","","","","","","","","","","","","","","","","","","","","","","","",28.4,1,10.6,1,28.1,1,"","",28.4,1,"","","","","","","","","","","","","","","","","","","","",33,1,"","","","","","","","","","","","",12.7,1,"","","","","","","","","","","","","","","","","","","","","","","","","","","","","","","","","","","","","","","","","","","","","","","","","","","","","","","","","","","","","","","","","","","","","","","","","","","","","","","","","","","","","","","","","","","","","","","","","","","","","","","","","","","","","","","","","","","",""
"06163007","TENDE_SAPC",44.043167,7.586,636,2000081414,0.,1,"","","","","","","","","","","","","","","","","","","","","","","","","","","","","","","","","","",28.2,1,10.4,1,28.1,1,"","",28.5,1,"","","","","","","","","","","","","","","","","","","","",33,1,"","","","","","","","","","","","",12.6,1,"","","","","","","","","","","","","","","","","","","","","","","","","","","","","","","","","","","","","","","","","","","","","","","","","","","","","","","","","","","","","","","","","","","","","","","","","","","","","","","","","","","","","","","","","","","","","","","","","","","","","","","","","","","","","","","","","","","",""
"06163007","TENDE_SAPC",44.043167,7.586,636,2000081415,0.,1,"","","","","","","","","","","","","","","","","","","","","","","","","","","","","","","","","","",27.6,1,10.8,1,27.6,1,"","",28.3,1,"","","","","","","","","","","","","","","","","","","","",35,1,"","","","","","","","","","","","",12.9,1,"","","","","","","","","","","","","","","","","","","","","","","","","","","","","","","","","","","","","","","","","","","","","","","","","","","","","","","","","","","","","","","","","","","","","","","","","","","","","","","","","","","","","","","","","","","","","","","","","","","","","","","","","","","","","","","","","","","",""
"06163007","TENDE_SAPC",44.043167,7.586,636,2000081416,0.,1,"","","","","","","","","","","","","","","","","","","","","","","","","","","","","","","","","","",25.9,1,11.6,1,25.9,1,"","",27.6,1,"","","","","","","","","","","","","","","","","","","","",41,1,"","","","","","","","","","","","",13.7,1,"","","","","","","","","","","","","","","","","","","","","","","","","","","","","","","","","","","","","","","","","","","","","","","","","","","","","","","","","","","","","","","","","","","","","","","","","","","","","","","","","","","","","","","","","","","","","","","","","","","","","","","","","","","","","","","","","","","",""
"06163007","TENDE_SAPC",44.043167,7.586,636,2000081417,0.,1,"","","","","","","","","","","","","","","","","","","","","","","","","","","","","","","","","","",24.3,1,10.2,1,24.3,1,"","",25.9,1,"","","","","","","","","","","","","","","","","","","","",41,1,"","","","","","","","","","","","",12.4,1,"","","","","","","","","","","","","","","","","","","","","","","","","","","","","","","","","","","","","","","","","","","","","","","","","","","","","","","","","","","","","","","","","","","","","","","","","","","","","","","","","","","","","","","","","","","","","","","","","","","","","","","","","","","","","","","","","","","",""
"06163007","TENDE_SAPC",44.043167,7.586,636,2000081418,0.,1,"","","","","","","","","","","","","","","","","","","","","","","","","","","","","","","","","","",21.2,1,11.5,1,21.2,1,"","",24.3,1,"","","","","","","","","","","","","","","","","","","","",54,1,"","","","","","","","","","","","",13.6,1,"","","","","","","","","","","","","","","","","","","","","","","","","","","","","","","","","","","","","","","","","","","","","","","","","","","","","","","","","","","","","","","","","","","","","","","","","","","","","","","","","","","","","","","","","","","","","","","","","","","","","","","","","","","","","","","","","","","",""
"06163007","TENDE_SAPC",44.043167,7.586,636,2000081419,0.,1,"","","","","","","","","","","","","","","","","","","","","","","","","","","","","","","","","","",19.2,1,13.1,1,19.2,1,"","",21.2,1,"","","","","","","","","","","","","","","","","","","","",68,1,"","","","","","","","","","","","",15.1,1,"","","","","","","","","","","","","","","","","","","","","","","","","","","","","","","","","","","","","","","","","","","","","","","","","","","","","","","","","","","","","","","","","","","","","","","","","","","","","","","","","","","","","","","","","","","","","","","","","","","","","","","","","","","","","","","","","","","",""
"06163007","TENDE_SAPC",44.043167,7.586,636,2000081420,0.,1,"","","","","","","","","","","","","","","","","","","","","","","","","","","","","","","","","","",18.6,1,12.8,1,18.5,1,"","",19.2,1,"","","","","","","","","","","","","","","","","","","","",69,1,"","","","","","","","","","","","",14.8,1,"","","","","","","","","","","","","","","","","","","","","","","","","","","","","","","","","","","","","","","","","","","","","","","","","","","","","","","","","","","","","","","","","","","","","","","","","","","","","","","","","","","","","","","","","","","","","","","","","","","","","","","","","","","","","","","","","","","",""
"06163007","TENDE_SAPC",44.043167,7.586,636,2000081421,0.,1,"","","","","","","","","","","","","","","","","","","","","","","","","","","","","","","","","","",18.,1,12.7,1,18.,1,"","",18.9,1,"","","","","","","","","","","","","","","","","","","","",71,1,"","","","","","","","","","","","",14.6,1,"","","","","","","","","","","","","","","","","","","","","","","","","","","","","","","","","","","","","","","","","","","","","","","","","","","","","","","","","","","","","","","","","","","","","","","","","","","","","","","","","","","","","","","","","","","","","","","","","","","","","","","","","","","","","","","","","","","",""
"06163007","TENDE_SAPC",44.043167,7.586,636,2000081422,0.,1,"","","","","","","","","","","","","","","","","","","","","","","","","","","","","","","","","","",16.6,1,12.5,1,16.6,1,"","",18.,1,"","","","","","","","","","","","","","","","","","","","",77,1,"","","","","","","","","","","","",14.5,1,"","","","","","","","","","","","","","","","","","","","","","","","","","","","","","","","","","","","","","","","","","","","","","","","","","","","","","","","","","","","","","","","","","","","","","","","","","","","","","","","","","","","","","","","","","","","","","","","","","","","","","","","","","","","","","","","","","","",""
"06163007","TENDE_SAPC",44.043167,7.586,636,2000081423,0.,1,"","","","","","","","","","","","","","","","","","","","","","","","","","","","","","","","","","",16.3,1,11.9,1,16.3,1,"","",16.6,1,"","","","","","","","","","","","","","","","","","","","",75,1,"","","","","","","","","","","","",13.9,1,"","","","","","","","","","","","","","","","","","","","","","","","","","","","","","","","","","","","","","","","","","","","","","","","","","","","","","","","","","","","","","","","","","","","","","","","","","","","","","","","","","","","","","","","","","","","","","","","","","","","","","","","","","","","","","","","","","","",""
"06163007","TENDE_SAPC",44.043167,7.586,636,2000081500,0.,1,"","","","","","","","","","","","","","","","","","","","","","","","","","","","","","","","","","",15.8,1,11.,1,15.8,1,"","",16.4,1,"","","","","","","","","","","","","","","","","","","","",73,1,"","","","","","","","","","","","",13.1,1,"","","","","","","","","","","","","","","","","","","","","","","","","","","","","","","","","","","","","","","","","","","","","","","","","","","","","","","","","","","","","","","","","","","","","","","","","","","","","","","","","","","","","","","","","","","","","","","","","","","","","","","","","","","","","","","","","","","",""
"06163007","TENDE_SAPC",44.043167,7.586,636,2000081501,0.,1,"","","","","","","","","","","","","","","","","","","","","","","","","","","","","","","","","","",15.4,1,10.4,1,15.2,1,"","",15.8,1,"","","","","","","","","","","","","","","","","","","","",72,1,"","","","","","","","","","","","",12.6,1,"","","","","","","","","","","","","","","","","","","","","","","","","","","","","","","","","","","","","","","","","","","","","","","","","","","","","","","","","","","","","","","","","","","","","","","","","","","","","","","","","","","","","","","","","","","","","","","","","","","","","","","","","","","","","","","","","","","",""
"06163007","TENDE_SAPC",44.043167,7.586,636,2000081502,0.,1,"","","","","","","","","","","","","","","","","","","","","","","","","","","","","","","","","","",14.7,1,10.3,1,14.7,1,"","",15.4,1,"","","","","","","","","","","","","","","","","","","","",75,1,"","","","","","","","","","","","",12.5,1,"","","","","","","","","","","","","","","","","","","","","","","","","","","","","","","","","","","","","","","","","","","","","","","","","","","","","","","","","","","","","","","","","","","","","","","","","","","","","","","","","","","","","","","","","","","","","","","","","","","","","","","","","","","","","","","","","","","",""
"06163007","TENDE_SAPC",44.043167,7.586,636,2000081503,0.,1,"","","","","","","","","","","","","","","","","","","","","","","","","","","","","","","","","","",14.5,1,9.9,1,14.5,1,"","",14.7,1,"","","","","","","","","","","","","","","","","","","","",74,1,"","","","","","","","","","","","",12.2,1,"","","","","","","","","","","","","","","","","","","","","","","","","","","","","","","","","","","","","","","","","","","","","","","","","","","","","","","","","","","","","","","","","","","","","","","","","","","","","","","","","","","","","","","","","","","","","","","","","","","","","","","","","","","","","","","","","","","",""
"06163007","TENDE_SAPC",44.043167,7.586,636,2000081504,0.,1,"","","","","","","","","","","","","","","","","","","","","","","","","","","","","","","","","","",13.9,1,9.7,1,13.9,1,"","",14.5,1,"","","","","","","","","","","","","","","","","","","","",76,1,"","","","","","","","","","","","",12.,1,"","","","","","","","","","","","","","","","","","","","","","","","","","","","","","","","","","","","","","","","","","","","","","","","","","","","","","","","","","","","","","","","","","","","","","","","","","","","","","","","","","","","","","","","","","","","","","","","","","","","","","","","","","","","","","","","","","","",""
"06163007","TENDE_SAPC",44.043167,7.586,636,2000081505,0.,1,"","","","","","","","","","","","","","","","","","","","","","","","","","","","","","","","","","",13.6,1,9.4,1,13.5,1,"","",13.9,1,"","","","","","","","","","","","","","","","","","","","",76,1,"","","","","","","","","","","","",11.8,1,"","","","","","","","","","","","","","","","","","","","","","","","","","","","","","","","","","","","","","","","","","","","","","","","","","","","","","","","","","","","","","","","","","","","","","","","","","","","","","","","","","","","","","","","","","","","","","","","","","","","","","","","","","","","","","","","","","","",""
"06163007","TENDE_SAPC",44.043167,7.586,636,2000081506,0.,1,"","","","","","","","","","","","","","","","","","","","","","","","","","","","","","","","","","",13.8,1,9.4,1,13.5,1,"","",13.9,1,"","","","","","","","","","","","","","","","","","","","",75,1,"","","","","","","","","","","","",11.8,1,"","","","","","","","","","","","","","","","","","","","","","","","","","","","","","","","","","","","","","","","","","","","","","","","","","","","","","","","","","","","","","","","","","","","","","","","","","","","","","","","","","","","","","","","","","","","","","","","","","","","","","","","","","","","","","","","","","","",""
"06163007","TENDE_SAPC",44.043167,7.586,636,2000081507,0.,1,"","","","","","","","","","","","","","","","","","","","","","","","","","","","","","","","","","",14.3,1,10.3,1,13.8,1,"","",14.3,1,"","","","","","","","","","","","","","","","","","","","",77,1,"","","","","","","","","","","","",12.5,1,"","","","","","","","","","","","","","","","","","","","","","","","","","","","","","","","","","","","","","","","","","","","","","","","","","","","","","","","","","","","","","","","","","","","","","","","","","","","","","","","","","","","","","","","","","","","","","","","","","","","","","","","","","","","","","","","","","","",""
"06163007","TENDE_SAPC",44.043167,7.586,636,2000081508,0.,1,"","","","","","","","","","","","","","","","","","","","","","","","","","","","","","","","","","",19.2,1,10.7,1,14.3,1,"","",19.2,1,"","","","","","","","","","","","","","","","","","","","",58,1,"","","","","","","","","","","","",12.9,1,"","","","","","","","","","","","","","","","","","","","","","","","","","","","","","","","","","","","","","","","","","","","","","","","","","","","","","","","","","","","","","","","","","","","","","","","","","","","","","","","","","","","","","","","","","","","","","","","","","","","","","","","","","","","","","","","","","","",""
"06163007","TENDE_SAPC",44.043167,7.586,636,2000081509,0.,1,"","","","","","","","","","","","","","","","","","","","","","","","","","","","","","","","","","",24.4,1,11.7,1,19.3,1,"","",24.4,1,"","","","","","","","","","","","","","","","","","","","",45,1,"","","","","","","","","","","","",13.7,1,"","","","","","","","","","","","","","","","","","","","","","","","","","","","","","","","","","","","","","","","","","","","","","","","","","","","","","","","","","","","","","","","","","","","","","","","","","","","","","","","","","","","","","","","","","","","","","","","","","","","","","","","","","","","","","","","","","","",""
"06163007","TENDE_SAPC",44.043167,7.586,636,2000081510,0.,1,"","","","","","","","","","","","","","","","","","","","","","","","","","","","","","","","","","",27.3,1,10.1,1,24.2,1,"","",27.3,1,"","","","","","","","","","","","","","","","","","","","",34,1,"","","","","","","","","","","","",12.3,1,"","","","","","","","","","","","","","","","","","","","","","","","","","","","","","","","","","","","","","","","","","","","","","","","","","","","","","","","","","","","","","","","","","","","","","","","","","","","","","","","","","","","","","","","","","","","","","","","","","","","","","","","","","","","","","","","","","","",""
"06163007","TENDE_SAPC",44.043167,7.586,636,2000081511,0.,1,"","","","","","","","","","","","","","","","","","","","","","","","","","","","","","","","","","",29.1,1,9.8,1,27.4,1,"","",29.1,1,"","","","","","","","","","","","","","","","","","","","",30,1,"","","","","","","","","","","","",12.1,1,"","","","","","","","","","","","","","","","","","","","","","","","","","","","","","","","","","","","","","","","","","","","","","","","","","","","","","","","","","","","","","","","","","","","","","","","","","","","","","","","","","","","","","","","","","","","","","","","","","","","","","","","","","","","","","","","","","","",""
"06163007","TENDE_SAPC",44.043167,7.586,636,2000081512,0.,1,"","","","","","","","","","","","","","","","","","","","","","","","","","","","","","","","","","",29.8,1,9.8,1,29.1,1,"","",29.9,1,"","","","","","","","","","","","","","","","","","","","",29,1,"","","","","","","","","","","","",12.1,1,"","","","","","","","","","","","","","","","","","","","","","","","","","","","","","","","","","","","","","","","","","","","","","","","","","","","","","","","","","","","","","","","","","","","","","","","","","","","","","","","","","","","","","","","","","","","","","","","","","","","","","","","","","","","","","","","","","","",""
"06163007","TENDE_SAPC",44.043167,7.586,636,2000081513,0.,1,"","","","","","","","","","","","","","","","","","","","","","","","","","","","","","","","","","",29.8,1,10.4,1,29.6,1,"","",30.1,1,"","","","","","","","","","","","","","","","","","","","",30,1,"","","","","","","","","","","","",12.6,1,"","","","","","","","","","","","","","","","","","","","","","","","","","","","","","","","","","","","","","","","","","","","","","","","","","","","","","","","","","","","","","","","","","","","","","","","","","","","","","","","","","","","","","","","","","","","","","","","","","","","","","","","","","","","","","","","","","","",""
"06163007","TENDE_SAPC",44.043167,7.586,636,2000081514,0.,1,"","","","","","","","","","","","","","","","","","","","","","","","","","","","","","","","","","",29.6,1,10.2,1,28.9,1,"","",29.9,1,"","","","","","","","","","","","","","","","","","","","",30,1,"","","","","","","","","","","","",12.4,1,"","","","","","","","","","","","","","","","","","","","","","","","","","","","","","","","","","","","","","","","","","","","","","","","","","","","","","","","","","","","","","","","","","","","","","","","","","","","","","","","","","","","","","","","","","","","","","","","","","","","","","","","","","","","","","","","","","","",""
"06163007","TENDE_SAPC",44.043167,7.586,636,2000081515,0.,1,"","","","","","","","","","","","","","","","","","","","","","","","","","","","","","","","","","",28.9,1,8.,1,28.9,1,"","",29.6,1,"","","","","","","","","","","","","","","","","","","","",27,1,"","","","","","","","","","","","",10.7,1,"","","","","","","","","","","","","","","","","","","","","","","","","","","","","","","","","","","","","","","","","","","","","","","","","","","","","","","","","","","","","","","","","","","","","","","","","","","","","","","","","","","","","","","","","","","","","","","","","","","","","","","","","","","","","","","","","","","",""
"06163007","TENDE_SAPC",44.043167,7.586,636,2000081516,0.,1,"","","","","","","","","","","","","","","","","","","","","","","","","","","","","","","","","","",27.3,1,8.7,1,27.3,1,"","",28.9,1,"","","","","","","","","","","","","","","","","","","","",31,1,"","","","","","","","","","","","",11.2,1,"","","","","","","","","","","","","","","","","","","","","","","","","","","","","","","","","","","","","","","","","","","","","","","","","","","","","","","","","","","","","","","","","","","","","","","","","","","","","","","","","","","","","","","","","","","","","","","","","","","","","","","","","","","","","","","","","","","",""
"06163007","TENDE_SAPC",44.043167,7.586,636,2000081517,0.,1,"","","","","","","","","","","","","","","","","","","","","","","","","","","","","","","","","","",25.,1,10.1,1,25.,1,"","",27.3,1,"","","","","","","","","","","","","","","","","","","","",39,1,"","","","","","","","","","","","",12.3,1,"","","","","","","","","","","","","","","","","","","","","","","","","","","","","","","","","","","","","","","","","","","","","","","","","","","","","","","","","","","","","","","","","","","","","","","","","","","","","","","","","","","","","","","","","","","","","","","","","","","","","","","","","","","","","","","","","","","",""
"06163007","TENDE_SAPC",44.043167,7.586,636,2000081518,0.,1,"","","","","","","","","","","","","","","","","","","","","","","","","","","","","","","","","","",22.3,1,10.4,1,22.3,1,"","",25.,1,"","","","","","","","","","","","","","","","","","","","",47,1,"","","","","","","","","","","","",12.6,1,"","","","","","","","","","","","","","","","","","","","","","","","","","","","","","","","","","","","","","","","","","","","","","","","","","","","","","","","","","","","","","","","","","","","","","","","","","","","","","","","","","","","","","","","","","","","","","","","","","","","","","","","","","","","","","","","","","","",""
"06163007","TENDE_SAPC",44.043167,7.586,636,2000081519,0.,1,"","","","","","","","","","","","","","","","","","","","","","","","","","","","","","","","","","",20.3,1,11.5,1,20.3,1,"","",22.3,1,"","","","","","","","","","","","","","","","","","","","",57,1,"","","","","","","","","","","","",13.5,1,"","","","","","","","","","","","","","","","","","","","","","","","","","","","","","","","","","","","","","","","","","","","","","","","","","","","","","","","","","","","","","","","","","","","","","","","","","","","","","","","","","","","","","","","","","","","","","","","","","","","","","","","","","","","","","","","","","","",""
"06163007","TENDE_SAPC",44.043167,7.586,636,2000081520,0.,1,"","","","","","","","","","","","","","","","","","","","","","","","","","","","","","","","","","",18.8,1,11.4,1,18.8,1,"","",20.2,1,"","","","","","","","","","","","","","","","","","","","",62,1,"","","","","","","","","","","","",13.4,1,"","","","","","","","","","","","","","","","","","","","","","","","","","","","","","","","","","","","","","","","","","","","","","","","","","","","","","","","","","","","","","","","","","","","","","","","","","","","","","","","","","","","","","","","","","","","","","","","","","","","","","","","","","","","","","","","","","","",""
"06163007","TENDE_SAPC",44.043167,7.586,636,2000081521,0.,1,"","","","","","","","","","","","","","","","","","","","","","","","","","","","","","","","","","",18.,1,10.8,1,18.,1,"","",18.7,1,"","","","","","","","","","","","","","","","","","","","",63,1,"","","","","","","","","","","","",13.,1,"","","","","","","","","","","","","","","","","","","","","","","","","","","","","","","","","","","","","","","","","","","","","","","","","","","","","","","","","","","","","","","","","","","","","","","","","","","","","","","","","","","","","","","","","","","","","","","","","","","","","","","","","","","","","","","","","","","",""
"06163007","TENDE_SAPC",44.043167,7.586,636,2000081522,0.,1,"","","","","","","","","","","","","","","","","","","","","","","","","","","","","","","","","","",17.9,1,10.3,1,17.6,1,"","",18.1,1,"","","","","","","","","","","","","","","","","","","","",61,1,"","","","","","","","","","","","",12.5,1,"","","","","","","","","","","","","","","","","","","","","","","","","","","","","","","","","","","","","","","","","","","","","","","","","","","","","","","","","","","","","","","","","","","","","","","","","","","","","","","","","","","","","","","","","","","","","","","","","","","","","","","","","","","","","","","","","","","",""
"06163007","TENDE_SAPC",44.043167,7.586,636,2000081523,0.,1,"","","","","","","","","","","","","","","","","","","","","","","","","","","","","","","","","","",16.9,1,10.3,1,16.9,1,"","",17.8,1,"","","","","","","","","","","","","","","","","","","","",65,1,"","","","","","","","","","","","",12.5,1,"","","","","","","","","","","","","","","","","","","","","","","","","","","","","","","","","","","","","","","","","","","","","","","","","","","","","","","","","","","","","","","","","","","","","","","","","","","","","","","","","","","","","","","","","","","","","","","","","","","","","","","","","","","","","","","","","","","",""
"06163007","TENDE_SAPC",44.043167,7.586,636,2000081600,0.,1,"","","","","","","","","","","","","","","","","","","","","","","","","","","","","","","","","","",16.5,1,9.7,1,16.5,1,"","",17.,1,"","","","","","","","","","","","","","","","","","","","",64,1,"","","","","","","","","","","","",12.,1,"","","","","","","","","","","","","","","","","","","","","","","","","","","","","","","","","","","","","","","","","","","","","","","","","","","","","","","","","","","","","","","","","","","","","","","","","","","","","","","","","","","","","","","","","","","","","","","","","","","","","","","","","","","","","","","","","","","",""
"06163007","TENDE_SAPC",44.043167,7.586,636,2000081601,0.,1,"","","","","","","","","","","","","","","","","","","","","","","","","","","","","","","","","","",16.3,1,9.7,1,16.3,1,"","",16.7,1,"","","","","","","","","","","","","","","","","","","","",65,1,"","","","","","","","","","","","",12.,1,"","","","","","","","","","","","","","","","","","","","","","","","","","","","","","","","","","","","","","","","","","","","","","","","","","","","","","","","","","","","","","","","","","","","","","","","","","","","","","","","","","","","","","","","","","","","","","","","","","","","","","","","","","","","","","","","","","","",""
"06163007","TENDE_SAPC",44.043167,7.586,636,2000081602,0.,1,"","","","","","","","","","","","","","","","","","","","","","","","","","","","","","","","","","",15.4,1,10.2,1,15.4,1,"","",16.4,1,"","","","","","","","","","","","","","","","","","","","",71,1,"","","","","","","","","","","","",12.4,1,"","","","","","","","","","","","","","","","","","","","","","","","","","","","","","","","","","","","","","","","","","","","","","","","","","","","","","","","","","","","","","","","","","","","","","","","","","","","","","","","","","","","","","","","","","","","","","","","","","","","","","","","","","","","","","","","","","","",""
"06163007","TENDE_SAPC",44.043167,7.586,636,2000081603,0.,1,"","","","","","","","","","","","","","","","","","","","","","","","","","","","","","","","","","",15.1,1,10.3,1,15.1,1,"","",15.7,1,"","","","","","","","","","","","","","","","","","","","",73,1,"","","","","","","","","","","","",12.5,1,"","","","","","","","","","","","","","","","","","","","","","","","","","","","","","","","","","","","","","","","","","","","","","","","","","","","","","","","","","","","","","","","","","","","","","","","","","","","","","","","","","","","","","","","","","","","","","","","","","","","","","","","","","","","","","","","","","","",""
"06163007","TENDE_SAPC",44.043167,7.586,636,2000081604,0.,1,"","","","","","","","","","","","","","","","","","","","","","","","","","","","","","","","","","",14.4,1,10.4,1,14.4,1,"","",15.2,1,"","","","","","","","","","","","","","","","","","","","",77,1,"","","","","","","","","","","","",12.6,1,"","","","","","","","","","","","","","","","","","","","","","","","","","","","","","","","","","","","","","","","","","","","","","","","","","","","","","","","","","","","","","","","","","","","","","","","","","","","","","","","","","","","","","","","","","","","","","","","","","","","","","","","","","","","","","","","","","","",""
"06163007","TENDE_SAPC",44.043167,7.586,636,2000081605,0.,1,"","","","","","","","","","","","","","","","","","","","","","","","","","","","","","","","","","",14.7,1,10.5,1,14.2,1,"","",14.7,1,"","","","","","","","","","","","","","","","","","","","",76,1,"","","","","","","","","","","","",12.7,1,"","","","","","","","","","","","","","","","","","","","","","","","","","","","","","","","","","","","","","","","","","","","","","","","","","","","","","","","","","","","","","","","","","","","","","","","","","","","","","","","","","","","","","","","","","","","","","","","","","","","","","","","","","","","","","","","","","","",""
"06163007","TENDE_SAPC",44.043167,7.586,636,2000081606,0.,1,"","","","","","","","","","","","","","","","","","","","","","","","","","","","","","","","","","",15.2,1,10.8,1,14.7,1,"","",15.2,1,"","","","","","","","","","","","","","","","","","","","",75,1,"","","","","","","","","","","","",12.9,1,"","","","","","","","","","","","","","","","","","","","","","","","","","","","","","","","","","","","","","","","","","","","","","","","","","","","","","","","","","","","","","","","","","","","","","","","","","","","","","","","","","","","","","","","","","","","","","","","","","","","","","","","","","","","","","","","","","","",""
"06163007","TENDE_SAPC",44.043167,7.586,636,2000081607,0.,1,"","","","","","","","","","","","","","","","","","","","","","","","","","","","","","","","","","",15.5,1,11.5,1,15.2,1,"","",15.6,1,"","","","","","","","","","","","","","","","","","","","",77,1,"","","","","","","","","","","","",13.5,1,"","","","","","","","","","","","","","","","","","","","","","","","","","","","","","","","","","","","","","","","","","","","","","","","","","","","","","","","","","","","","","","","","","","","","","","","","","","","","","","","","","","","","","","","","","","","","","","","","","","","","","","","","","","","","","","","","","","",""
"06163007","TENDE_SAPC",44.043167,7.586,636,2000081608,0.,1,"","","","","","","","","","","","","","","","","","","","","","","","","","","","","","","","","","",20.1,1,11.6,1,15.5,1,"","",20.1,1,"","","","","","","","","","","","","","","","","","","","",58,1,"","","","","","","","","","","","",13.6,1,"","","","","","","","","","","","","","","","","","","","","","","","","","","","","","","","","","","","","","","","","","","","","","","","","","","","","","","","","","","","","","","","","","","","","","","","","","","","","","","","","","","","","","","","","","","","","","","","","","","","","","","","","","","","","","","","","","","",""
"06163007","TENDE_SAPC",44.043167,7.586,636,2000081609,0.,1,"","","","","","","","","","","","","","","","","","","","","","","","","","","","","","","","","","",25.3,1,10.,1,20.3,1,"","",25.3,1,"","","","","","","","","","","","","","","","","","","","",38,1,"","","","","","","","","","","","",12.2,1,"","","","","","","","","","","","","","","","","","","","","","","","","","","","","","","","","","","","","","","","","","","","","","","","","","","","","","","","","","","","","","","","","","","","","","","","","","","","","","","","","","","","","","","","","","","","","","","","","","","","","","","","","","","","","","","","","","","",""
"06163007","TENDE_SAPC",44.043167,7.586,636,2000081610,0.,1,"","","","","","","","","","","","","","","","","","","","","","","","","","","","","","","","","","",27.9,1,11.,1,25.4,1,"","",27.9,1,"","","","","","","","","","","","","","","","","","","","",35,1,"","","","","","","","","","","","",13.1,1,"","","","","","","","","","","","","","","","","","","","","","","","","","","","","","","","","","","","","","","","","","","","","","","","","","","","","","","","","","","","","","","","","","","","","","","","","","","","","","","","","","","","","","","","","","","","","","","","","","","","","","","","","","","","","","","","","","","",""
"06163007","TENDE_SAPC",44.043167,7.586,636,2000081611,0.,1,"","","","","","","","","","","","","","","","","","","","","","","","","","","","","","","","","","",29.5,1,10.6,1,27.9,1,"","",29.5,1,"","","","","","","","","","","","","","","","","","","","",31,1,"","","","","","","","","","","","",12.8,1,"","","","","","","","","","","","","","","","","","","","","","","","","","","","","","","","","","","","","","","","","","","","","","","","","","","","","","","","","","","","","","","","","","","","","","","","","","","","","","","","","","","","","","","","","","","","","","","","","","","","","","","","","","","","","","","","","","","",""
"06163007","TENDE_SAPC",44.043167,7.586,636,2000081612,0.,1,"","","","","","","","","","","","","","","","","","","","","","","","","","","","","","","","","","",29.6,1,10.7,1,29.4,1,"","",29.7,1,"","","","","","","","","","","","","","","","","","","","",31,1,"","","","","","","","","","","","",12.8,1,"","","","","","","","","","","","","","","","","","","","","","","","","","","","","","","","","","","","","","","","","","","","","","","","","","","","","","","","","","","","","","","","","","","","","","","","","","","","","","","","","","","","","","","","","","","","","","","","","","","","","","","","","","","","","","","","","","","",""
"06163007","TENDE_SAPC",44.043167,7.586,636,2000081613,0.,1,"","","","","","","","","","","","","","","","","","","","","","","","","","","","","","","","","","",29.4,1,11.,1,29.4,1,"","",29.8,1,"","","","","","","","","","","","","","","","","","","","",32,1,"","","","","","","","","","","","",13.1,1,"","","","","","","","","","","","","","","","","","","","","","","","","","","","","","","","","","","","","","","","","","","","","","","","","","","","","","","","","","","","","","","","","","","","","","","","","","","","","","","","","","","","","","","","","","","","","","","","","","","","","","","","","","","","","","","","","","","",""
"06163007","TENDE_SAPC",44.043167,7.586,636,2000081614,0.,1,"","","","","","","","","","","","","","","","","","","","","","","","","","","","","","","","","","",29.3,1,12.3,1,29.3,1,"","",29.6,1,"","","","","","","","","","","","","","","","","","","","",35,1,"","","","","","","","","","","","",14.2,1,"","","","","","","","","","","","","","","","","","","","","","","","","","","","","","","","","","","","","","","","","","","","","","","","","","","","","","","","","","","","","","","","","","","","","","","","","","","","","","","","","","","","","","","","","","","","","","","","","","","","","","","","","","","","","","","","","","","",""
"06163007","TENDE_SAPC",44.043167,7.586,636,2000081615,0.,1,"","","","","","","","","","","","","","","","","","","","","","","","","","","","","","","","","","",28.8,1,12.2,1,28.8,1,"","",29.3,1,"","","","","","","","","","","","","","","","","","","","",36,1,"","","","","","","","","","","","",14.2,1,"","","","","","","","","","","","","","","","","","","","","","","","","","","","","","","","","","","","","","","","","","","","","","","","","","","","","","","","","","","","","","","","","","","","","","","","","","","","","","","","","","","","","","","","","","","","","","","","","","","","","","","","","","","","","","","","","","","",""
"06163007","TENDE_SAPC",44.043167,7.586,636,2000081616,0.,1,"","","","","","","","","","","","","","","","","","","","","","","","","","","","","","","","","","",27.2,1,14.2,1,27.2,1,"","",28.8,1,"","","","","","","","","","","","","","","","","","","","",45,1,"","","","","","","","","","","","",16.2,1,"","","","","","","","","","","","","","","","","","","","","","","","","","","","","","","","","","","","","","","","","","","","","","","","","","","","","","","","","","","","","","","","","","","","","","","","","","","","","","","","","","","","","","","","","","","","","","","","","","","","","","","","","","","","","","","","","","","",""
"06163007","TENDE_SAPC",44.043167,7.586,636,2000081617,0.,1,"","","","","","","","","","","","","","","","","","","","","","","","","","","","","","","","","","",26.,1,13.8,1,26.,1,"","",27.2,1,"","","","","","","","","","","","","","","","","","","","",47,1,"","","","","","","","","","","","",15.8,1,"","","","","","","","","","","","","","","","","","","","","","","","","","","","","","","","","","","","","","","","","","","","","","","","","","","","","","","","","","","","","","","","","","","","","","","","","","","","","","","","","","","","","","","","","","","","","","","","","","","","","","","","","","","","","","","","","","","",""
"06163007","TENDE_SAPC",44.043167,7.586,636,2000081618,0.,1,"","","","","","","","","","","","","","","","","","","","","","","","","","","","","","","","","","",24.8,1,14.6,1,24.8,1,"","",26.,1,"","","","","","","","","","","","","","","","","","","","",53,1,"","","","","","","","","","","","",16.5,1,"","","","","","","","","","","","","","","","","","","","","","","","","","","","","","","","","","","","","","","","","","","","","","","","","","","","","","","","","","","","","","","","","","","","","","","","","","","","","","","","","","","","","","","","","","","","","","","","","","","","","","","","","","","","","","","","","","","",""
"06163007","TENDE_SAPC",44.043167,7.586,636,2000081619,0.,1,"","","","","","","","","","","","","","","","","","","","","","","","","","","","","","","","","","",21.3,1,14.5,1,21.3,1,"","",24.7,1,"","","","","","","","","","","","","","","","","","","","",65,1,"","","","","","","","","","","","",16.4,1,"","","","","","","","","","","","","","","","","","","","","","","","","","","","","","","","","","","","","","","","","","","","","","","","","","","","","","","","","","","","","","","","","","","","","","","","","","","","","","","","","","","","","","","","","","","","","","","","","","","","","","","","","","","","","","","","","","","",""
"06163007","TENDE_SAPC",44.043167,7.586,636,2000081620,0.,1,"","","","","","","","","","","","","","","","","","","","","","","","","","","","","","","","","","",19.7,1,14.3,1,19.7,1,"","",21.3,1,"","","","","","","","","","","","","","","","","","","","",71,1,"","","","","","","","","","","","",16.3,1,"","","","","","","","","","","","","","","","","","","","","","","","","","","","","","","","","","","","","","","","","","","","","","","","","","","","","","","","","","","","","","","","","","","","","","","","","","","","","","","","","","","","","","","","","","","","","","","","","","","","","","","","","","","","","","","","","","","",""
"06163007","TENDE_SAPC",44.043167,7.586,636,2000081621,0.,1,"","","","","","","","","","","","","","","","","","","","","","","","","","","","","","","","","","",18.6,1,13.9,1,18.6,1,"","",19.7,1,"","","","","","","","","","","","","","","","","","","","",74,1,"","","","","","","","","","","","",15.8,1,"","","","","","","","","","","","","","","","","","","","","","","","","","","","","","","","","","","","","","","","","","","","","","","","","","","","","","","","","","","","","","","","","","","","","","","","","","","","","","","","","","","","","","","","","","","","","","","","","","","","","","","","","","","","","","","","","","","",""
"06163007","TENDE_SAPC",44.043167,7.586,636,2000081622,0.,1,"","","","","","","","","","","","","","","","","","","","","","","","","","","","","","","","","","",18.7,1,13.3,1,18.5,1,"","",19.,1,"","","","","","","","","","","","","","","","","","","","",71,1,"","","","","","","","","","","","",15.3,1,"","","","","","","","","","","","","","","","","","","","","","","","","","","","","","","","","","","","","","","","","","","","","","","","","","","","","","","","","","","","","","","","","","","","","","","","","","","","","","","","","","","","","","","","","","","","","","","","","","","","","","","","","","","","","","","","","","","",""
"06163007","TENDE_SAPC",44.043167,7.586,636,2000081623,0.,1,"","","","","","","","","","","","","","","","","","","","","","","","","","","","","","","","","","",18.4,1,12.8,1,18.4,1,"","",18.8,1,"","","","","","","","","","","","","","","","","","","","",70,1,"","","","","","","","","","","","",14.8,1,"","","","","","","","","","","","","","","","","","","","","","","","","","","","","","","","","","","","","","","","","","","","","","","","","","","","","","","","","","","","","","","","","","","","","","","","","","","","","","","","","","","","","","","","","","","","","","","","","","","","","","","","","","","","","","","","","","","",""
"06163007","TENDE_SAPC",44.043167,7.586,636,2000081700,0.,1,"","","","","","","","","","","","","","","","","","","","","","","","","","","","","","","","","","",18.1,1,12.5,1,17.9,1,"","",18.3,1,"","","","","","","","","","","","","","","","","","","","",70,1,"","","","","","","","","","","","",14.5,1,"","","","","","","","","","","","","","","","","","","","","","","","","","","","","","","","","","","","","","","","","","","","","","","","","","","","","","","","","","","","","","","","","","","","","","","","","","","","","","","","","","","","","","","","","","","","","","","","","","","","","","","","","","","","","","","","","","","",""
"06163007","TENDE_SAPC",44.043167,7.586,636,2000081701,0.,1,"","","","","","","","","","","","","","","","","","","","","","","","","","","","","","","","","","",17.,1,12.5,1,17.,1,"","",18.1,1,"","","","","","","","","","","","","","","","","","","","",75,1,"","","","","","","","","","","","",14.5,1,"","","","","","","","","","","","","","","","","","","","","","","","","","","","","","","","","","","","","","","","","","","","","","","","","","","","","","","","","","","","","","","","","","","","","","","","","","","","","","","","","","","","","","","","","","","","","","","","","","","","","","","","","","","","","","","","","","","",""
"06163007","TENDE_SAPC",44.043167,7.586,636,2000081702,0.,1,"","","","","","","","","","","","","","","","","","","","","","","","","","","","","","","","","","",16.2,1,12.2,1,16.2,1,"","",17.,1,"","","","","","","","","","","","","","","","","","","","",77,1,"","","","","","","","","","","","",14.1,1,"","","","","","","","","","","","","","","","","","","","","","","","","","","","","","","","","","","","","","","","","","","","","","","","","","","","","","","","","","","","","","","","","","","","","","","","","","","","","","","","","","","","","","","","","","","","","","","","","","","","","","","","","","","","","","","","","","","",""
"06163007","TENDE_SAPC",44.043167,7.586,636,2000081703,0.,1,"","","","","","","","","","","","","","","","","","","","","","","","","","","","","","","","","","",15.6,1,11.8,1,15.6,1,"","",16.2,1,"","","","","","","","","","","","","","","","","","","","",78,1,"","","","","","","","","","","","",13.8,1,"","","","","","","","","","","","","","","","","","","","","","","","","","","","","","","","","","","","","","","","","","","","","","","","","","","","","","","","","","","","","","","","","","","","","","","","","","","","","","","","","","","","","","","","","","","","","","","","","","","","","","","","","","","","","","","","","","","",""
"06163007","TENDE_SAPC",44.043167,7.586,636,2000081704,0.,1,"","","","","","","","","","","","","","","","","","","","","","","","","","","","","","","","","","",15.6,1,11.,1,15.4,1,"","",15.8,1,"","","","","","","","","","","","","","","","","","","","",74,1,"","","","","","","","","","","","",13.1,1,"","","","","","","","","","","","","","","","","","","","","","","","","","","","","","","","","","","","","","","","","","","","","","","","","","","","","","","","","","","","","","","","","","","","","","","","","","","","","","","","","","","","","","","","","","","","","","","","","","","","","","","","","","","","","","","","","","","",""
"06163007","TENDE_SAPC",44.043167,7.586,636,2000081705,0.,1,"","","","","","","","","","","","","","","","","","","","","","","","","","","","","","","","","","",14.9,1,10.9,1,14.9,1,"","",15.8,1,"","","","","","","","","","","","","","","","","","","","",77,1,"","","","","","","","","","","","",13.,1,"","","","","","","","","","","","","","","","","","","","","","","","","","","","","","","","","","","","","","","","","","","","","","","","","","","","","","","","","","","","","","","","","","","","","","","","","","","","","","","","","","","","","","","","","","","","","","","","","","","","","","","","","","","","","","","","","","","",""
"06163007","TENDE_SAPC",44.043167,7.586,636,2000081706,0.,1,"","","","","","","","","","","","","","","","","","","","","","","","","","","","","","","","","","",15.1,1,11.3,1,14.8,1,"","",15.1,1,"","","","","","","","","","","","","","","","","","","","",78,1,"","","","","","","","","","","","",13.4,1,"","","","","","","","","","","","","","","","","","","","","","","","","","","","","","","","","","","","","","","","","","","","","","","","","","","","","","","","","","","","","","","","","","","","","","","","","","","","","","","","","","","","","","","","","","","","","","","","","","","","","","","","","","","","","","","","","","","",""
"06163007","TENDE_SAPC",44.043167,7.586,636,2000081707,0.,1,"","","","","","","","","","","","","","","","","","","","","","","","","","","","","","","","","","",16.1,1,11.7,1,15.1,1,"","",16.1,1,"","","","","","","","","","","","","","","","","","","","",75,1,"","","","","","","","","","","","",13.7,1,"","","","","","","","","","","","","","","","","","","","","","","","","","","","","","","","","","","","","","","","","","","","","","","","","","","","","","","","","","","","","","","","","","","","","","","","","","","","","","","","","","","","","","","","","","","","","","","","","","","","","","","","","","","","","","","","","","","",""
"06163007","TENDE_SAPC",44.043167,7.586,636,2000081708,0.,1,"","","","","","","","","","","","","","","","","","","","","","","","","","","","","","","","","","",20.9,1,12.3,1,16.2,1,"","",20.9,1,"","","","","","","","","","","","","","","","","","","","",58,1,"","","","","","","","","","","","",14.3,1,"","","","","","","","","","","","","","","","","","","","","","","","","","","","","","","","","","","","","","","","","","","","","","","","","","","","","","","","","","","","","","","","","","","","","","","","","","","","","","","","","","","","","","","","","","","","","","","","","","","","","","","","","","","","","","","","","","","",""
"06163007","TENDE_SAPC",44.043167,7.586,636,2000081709,0.,1,"","","","","","","","","","","","","","","","","","","","","","","","","","","","","","","","","","",25.5,1,12.3,1,21.,1,"","",25.5,1,"","","","","","","","","","","","","","","","","","","","",44,1,"","","","","","","","","","","","",14.3,1,"","","","","","","","","","","","","","","","","","","","","","","","","","","","","","","","","","","","","","","","","","","","","","","","","","","","","","","","","","","","","","","","","","","","","","","","","","","","","","","","","","","","","","","","","","","","","","","","","","","","","","","","","","","","","","","","","","","",""
"06163007","TENDE_SAPC",44.043167,7.586,636,2000081710,0.,1,"","","","","","","","","","","","","","","","","","","","","","","","","","","","","","","","","","",27.9,1,13.,1,25.5,1,"","",27.9,1,"","","","","","","","","","","","","","","","","","","","",40,1,"","","","","","","","","","","","",15.,1,"","","","","","","","","","","","","","","","","","","","","","","","","","","","","","","","","","","","","","","","","","","","","","","","","","","","","","","","","","","","","","","","","","","","","","","","","","","","","","","","","","","","","","","","","","","","","","","","","","","","","","","","","","","","","","","","","","","",""
"06163007","TENDE_SAPC",44.043167,7.586,636,2000081711,0.,1,"","","","","","","","","","","","","","","","","","","","","","","","","","","","","","","","","","",28.5,1,14.3,1,27.9,1,"","",28.9,1,"","","","","","","","","","","","","","","","","","","","",42,1,"","","","","","","","","","","","",16.3,1,"","","","","","","","","","","","","","","","","","","","","","","","","","","","","","","","","","","","","","","","","","","","","","","","","","","","","","","","","","","","","","","","","","","","","","","","","","","","","","","","","","","","","","","","","","","","","","","","","","","","","","","","","","","","","","","","","","","",""
"06163007","TENDE_SAPC",44.043167,7.586,636,2000081712,0.,1,"","","","","","","","","","","","","","","","","","","","","","","","","","","","","","","","","","",29.6,1,14.2,1,28.5,1,"","",29.6,1,"","","","","","","","","","","","","","","","","","","","",39,1,"","","","","","","","","","","","",16.1,1,"","","","","","","","","","","","","","","","","","","","","","","","","","","","","","","","","","","","","","","","","","","","","","","","","","","","","","","","","","","","","","","","","","","","","","","","","","","","","","","","","","","","","","","","","","","","","","","","","","","","","","","","","","","","","","","","","","","",""
"06163007","TENDE_SAPC",44.043167,7.586,636,2000081713,0.,1,"","","","","","","","","","","","","","","","","","","","","","","","","","","","","","","","","","",29.,1,14.8,1,28.2,1,"","",29.7,1,"","","","","","","","","","","","","","","","","","","","",42,1,"","","","","","","","","","","","",16.8,1,"","","","","","","","","","","","","","","","","","","","","","","","","","","","","","","","","","","","","","","","","","","","","","","","","","","","","","","","","","","","","","","","","","","","","","","","","","","","","","","","","","","","","","","","","","","","","","","","","","","","","","","","","","","","","","","","","","","",""
"06163007","TENDE_SAPC",44.043167,7.586,636,2000081714,0.,1,"","","","","","","","","","","","","","","","","","","","","","","","","","","","","","","","","","",28.5,1,15.8,1,28.3,1,"","",29.1,1,"","","","","","","","","","","","","","","","","","","","",46,1,"","","","","","","","","","","","",17.9,1,"","","","","","","","","","","","","","","","","","","","","","","","","","","","","","","","","","","","","","","","","","","","","","","","","","","","","","","","","","","","","","","","","","","","","","","","","","","","","","","","","","","","","","","","","","","","","","","","","","","","","","","","","","","","","","","","","","","",""
"06163007","TENDE_SAPC",44.043167,7.586,636,2000081715,0.,1,"","","","","","","","","","","","","","","","","","","","","","","","","","","","","","","","","","",28.2,1,15.1,1,27.8,1,"","",28.5,1,"","","","","","","","","","","","","","","","","","","","",45,1,"","","","","","","","","","","","",17.2,1,"","","","","","","","","","","","","","","","","","","","","","","","","","","","","","","","","","","","","","","","","","","","","","","","","","","","","","","","","","","","","","","","","","","","","","","","","","","","","","","","","","","","","","","","","","","","","","","","","","","","","","","","","","","","","","","","","","","",""
"06163007","TENDE_SAPC",44.043167,7.586,636,2000081716,0.,1,"","","","","","","","","","","","","","","","","","","","","","","","","","","","","","","","","","",26.7,1,15.7,1,26.7,1,"","",28.1,1,"","","","","","","","","","","","","","","","","","","","",51,1,"","","","","","","","","","","","",17.8,1,"","","","","","","","","","","","","","","","","","","","","","","","","","","","","","","","","","","","","","","","","","","","","","","","","","","","","","","","","","","","","","","","","","","","","","","","","","","","","","","","","","","","","","","","","","","","","","","","","","","","","","","","","","","","","","","","","","","",""
"06163007","TENDE_SAPC",44.043167,7.586,636,2000081717,0.,1,"","","","","","","","","","","","","","","","","","","","","","","","","","","","","","","","","","",25.7,1,16.3,1,25.7,1,"","",26.7,1,"","","","","","","","","","","","","","","","","","","","",56,1,"","","","","","","","","","","","",18.4,1,"","","","","","","","","","","","","","","","","","","","","","","","","","","","","","","","","","","","","","","","","","","","","","","","","","","","","","","","","","","","","","","","","","","","","","","","","","","","","","","","","","","","","","","","","","","","","","","","","","","","","","","","","","","","","","","","","","","",""
"06163007","TENDE_SAPC",44.043167,7.586,636,2000081718,0.,1,"","","","","","","","","","","","","","","","","","","","","","","","","","","","","","","","","","",24.3,1,16.6,1,24.3,1,"","",25.7,1,"","","","","","","","","","","","","","","","","","","","",62,1,"","","","","","","","","","","","",18.8,1,"","","","","","","","","","","","","","","","","","","","","","","","","","","","","","","","","","","","","","","","","","","","","","","","","","","","","","","","","","","","","","","","","","","","","","","","","","","","","","","","","","","","","","","","","","","","","","","","","","","","","","","","","","","","","","","","","","","",""
"06163007","TENDE_SAPC",44.043167,7.586,636,2000081719,0.,1,"","","","","","","","","","","","","","","","","","","","","","","","","","","","","","","","","","",22.2,1,16.2,1,22.2,1,"","",24.3,1,"","","","","","","","","","","","","","","","","","","","",69,1,"","","","","","","","","","","","",18.4,1,"","","","","","","","","","","","","","","","","","","","","","","","","","","","","","","","","","","","","","","","","","","","","","","","","","","","","","","","","","","","","","","","","","","","","","","","","","","","","","","","","","","","","","","","","","","","","","","","","","","","","","","","","","","","","","","","","","","",""
"06163007","TENDE_SAPC",44.043167,7.586,636,2000081720,0.,1,"","","","","","","","","","","","","","","","","","","","","","","","","","","","","","","","","","",20.6,1,16.,1,20.6,1,"","",22.2,1,"","","","","","","","","","","","","","","","","","","","",75,1,"","","","","","","","","","","","",18.2,1,"","","","","","","","","","","","","","","","","","","","","","","","","","","","","","","","","","","","","","","","","","","","","","","","","","","","","","","","","","","","","","","","","","","","","","","","","","","","","","","","","","","","","","","","","","","","","","","","","","","","","","","","","","","","","","","","","","","",""
"06163007","TENDE_SAPC",44.043167,7.586,636,2000081721,0.,1,"","","","","","","","","","","","","","","","","","","","","","","","","","","","","","","","","","",19.6,1,15.9,1,19.6,1,"","",20.6,1,"","","","","","","","","","","","","","","","","","","","",79,1,"","","","","","","","","","","","",18.,1,"","","","","","","","","","","","","","","","","","","","","","","","","","","","","","","","","","","","","","","","","","","","","","","","","","","","","","","","","","","","","","","","","","","","","","","","","","","","","","","","","","","","","","","","","","","","","","","","","","","","","","","","","","","","","","","","","","","",""
"06163007","TENDE_SAPC",44.043167,7.586,636,2000081722,0.,1,"","","","","","","","","","","","","","","","","","","","","","","","","","","","","","","","","","",19.1,1,15.6,1,19.1,1,"","",19.6,1,"","","","","","","","","","","","","","","","","","","","",80,1,"","","","","","","","","","","","",17.6,1,"","","","","","","","","","","","","","","","","","","","","","","","","","","","","","","","","","","","","","","","","","","","","","","","","","","","","","","","","","","","","","","","","","","","","","","","","","","","","","","","","","","","","","","","","","","","","","","","","","","","","","","","","","","","","","","","","","","",""
"06163007","TENDE_SAPC",44.043167,7.586,636,2000081723,0.,1,"","","","","","","","","","","","","","","","","","","","","","","","","","","","","","","","","","",18.7,1,15.2,1,18.6,1,"","",19.1,1,"","","","","","","","","","","","","","","","","","","","",80,1,"","","","","","","","","","","","",17.2,1,"","","","","","","","","","","","","","","","","","","","","","","","","","","","","","","","","","","","","","","","","","","","","","","","","","","","","","","","","","","","","","","","","","","","","","","","","","","","","","","","","","","","","","","","","","","","","","","","","","","","","","","","","","","","","","","","","","","",""
"06163007","TENDE_SAPC",44.043167,7.586,636,2000081800,0.,1,"","","","","","","","","","","","","","","","","","","","","","","","","","","","","","","","","","",18.5,1,14.8,1,18.5,1,"","",19.,1,"","","","","","","","","","","","","","","","","","","","",79,1,"","","","","","","","","","","","",16.8,1,"","","","","","","","","","","","","","","","","","","","","","","","","","","","","","","","","","","","","","","","","","","","","","","","","","","","","","","","","","","","","","","","","","","","","","","","","","","","","","","","","","","","","","","","","","","","","","","","","","","","","","","","","","","","","","","","","","","",""
"06163007","TENDE_SAPC",44.043167,7.586,636,2000081801,0.,1,"","","","","","","","","","","","","","","","","","","","","","","","","","","","","","","","","","",18.1,1,14.,1,18.,1,"","",18.4,1,"","","","","","","","","","","","","","","","","","","","",77,1,"","","","","","","","","","","","",16.,1,"","","","","","","","","","","","","","","","","","","","","","","","","","","","","","","","","","","","","","","","","","","","","","","","","","","","","","","","","","","","","","","","","","","","","","","","","","","","","","","","","","","","","","","","","","","","","","","","","","","","","","","","","","","","","","","","","","","",""
"06163007","TENDE_SAPC",44.043167,7.586,636,2000081802,0.,1,"","","","","","","","","","","","","","","","","","","","","","","","","","","","","","","","","","",17.6,1,13.5,1,17.6,1,"","",18.1,1,"","","","","","","","","","","","","","","","","","","","",77,1,"","","","","","","","","","","","",15.5,1,"","","","","","","","","","","","","","","","","","","","","","","","","","","","","","","","","","","","","","","","","","","","","","","","","","","","","","","","","","","","","","","","","","","","","","","","","","","","","","","","","","","","","","","","","","","","","","","","","","","","","","","","","","","","","","","","","","","",""
"06163007","TENDE_SAPC",44.043167,7.586,636,2000081803,0.,1,"","","","","","","","","","","","","","","","","","","","","","","","","","","","","","","","","","",17.2,1,12.5,1,17.1,1,"","",17.6,1,"","","","","","","","","","","","","","","","","","","","",74,1,"","","","","","","","","","","","",14.5,1,"","","","","","","","","","","","","","","","","","","","","","","","","","","","","","","","","","","","","","","","","","","","","","","","","","","","","","","","","","","","","","","","","","","","","","","","","","","","","","","","","","","","","","","","","","","","","","","","","","","","","","","","","","","","","","","","","","","",""
"06163007","TENDE_SAPC",44.043167,7.586,636,2000081804,0.,1,"","","","","","","","","","","","","","","","","","","","","","","","","","","","","","","","","","",16.1,1,12.3,1,16.1,1,"","",17.2,1,"","","","","","","","","","","","","","","","","","","","",78,1,"","","","","","","","","","","","",14.2,1,"","","","","","","","","","","","","","","","","","","","","","","","","","","","","","","","","","","","","","","","","","","","","","","","","","","","","","","","","","","","","","","","","","","","","","","","","","","","","","","","","","","","","","","","","","","","","","","","","","","","","","","","","","","","","","","","","","","",""
"06163007","TENDE_SAPC",44.043167,7.586,636,2000081805,0.,1,"","","","","","","","","","","","","","","","","","","","","","","","","","","","","","","","","","",15.1,1,11.7,1,15.1,1,"","",16.,1,"","","","","","","","","","","","","","","","","","","","",80,1,"","","","","","","","","","","","",13.7,1,"","","","","","","","","","","","","","","","","","","","","","","","","","","","","","","","","","","","","","","","","","","","","","","","","","","","","","","","","","","","","","","","","","","","","","","","","","","","","","","","","","","","","","","","","","","","","","","","","","","","","","","","","","","","","","","","","","","",""
"06163007","TENDE_SAPC",44.043167,7.586,636,2000081806,0.,1,"","","","","","","","","","","","","","","","","","","","","","","","","","","","","","","","","","",15.5,1,10.9,1,15.,1,"","",15.5,1,"","","","","","","","","","","","","","","","","","","","",74,1,"","","","","","","","","","","","",13.,1,"","","","","","","","","","","","","","","","","","","","","","","","","","","","","","","","","","","","","","","","","","","","","","","","","","","","","","","","","","","","","","","","","","","","","","","","","","","","","","","","","","","","","","","","","","","","","","","","","","","","","","","","","","","","","","","","","","","",""
"06163007","TENDE_SAPC",44.043167,7.586,636,2000081807,0.,1,"","","","","","","","","","","","","","","","","","","","","","","","","","","","","","","","","","",16.9,1,12.,1,15.6,1,"","",16.9,1,"","","","","","","","","","","","","","","","","","","","",73,1,"","","","","","","","","","","","",14.,1,"","","","","","","","","","","","","","","","","","","","","","","","","","","","","","","","","","","","","","","","","","","","","","","","","","","","","","","","","","","","","","","","","","","","","","","","","","","","","","","","","","","","","","","","","","","","","","","","","","","","","","","","","","","","","","","","","","","",""
"06163007","TENDE_SAPC",44.043167,7.586,636,2000081808,0.,1,"","","","","","","","","","","","","","","","","","","","","","","","","","","","","","","","","","",21.1,1,11.4,1,16.9,1,"","",21.1,1,"","","","","","","","","","","","","","","","","","","","",54,1,"","","","","","","","","","","","",13.5,1,"","","","","","","","","","","","","","","","","","","","","","","","","","","","","","","","","","","","","","","","","","","","","","","","","","","","","","","","","","","","","","","","","","","","","","","","","","","","","","","","","","","","","","","","","","","","","","","","","","","","","","","","","","","","","","","","","","","",""
"06163007","TENDE_SAPC",44.043167,7.586,636,2000081809,0.,1,"","","","","","","","","","","","","","","","","","","","","","","","","","","","","","","","","","",24.7,1,11.6,1,21.3,1,"","",24.7,1,"","","","","","","","","","","","","","","","","","","","",44,1,"","","","","","","","","","","","",13.7,1,"","","","","","","","","","","","","","","","","","","","","","","","","","","","","","","","","","","","","","","","","","","","","","","","","","","","","","","","","","","","","","","","","","","","","","","","","","","","","","","","","","","","","","","","","","","","","","","","","","","","","","","","","","","","","","","","","","","",""
"06163007","TENDE_SAPC",44.043167,7.586,636,2000081810,0.,1,"","","","","","","","","","","","","","","","","","","","","","","","","","","","","","","","","","",26.8,1,13.5,1,24.7,1,"","",26.8,1,"","","","","","","","","","","","","","","","","","","","",44,1,"","","","","","","","","","","","",15.5,1,"","","","","","","","","","","","","","","","","","","","","","","","","","","","","","","","","","","","","","","","","","","","","","","","","","","","","","","","","","","","","","","","","","","","","","","","","","","","","","","","","","","","","","","","","","","","","","","","","","","","","","","","","","","","","","","","","","","",""
"06163007","TENDE_SAPC",44.043167,7.586,636,2000081811,0.,1,"","","","","","","","","","","","","","","","","","","","","","","","","","","","","","","","","","",28.7,1,13.4,1,26.8,1,"","",28.7,1,"","","","","","","","","","","","","","","","","","","","",39,1,"","","","","","","","","","","","",15.3,1,"","","","","","","","","","","","","","","","","","","","","","","","","","","","","","","","","","","","","","","","","","","","","","","","","","","","","","","","","","","","","","","","","","","","","","","","","","","","","","","","","","","","","","","","","","","","","","","","","","","","","","","","","","","","","","","","","","","",""
"06163007","TENDE_SAPC",44.043167,7.586,636,2000081812,0.,1,"","","","","","","","","","","","","","","","","","","","","","","","","","","","","","","","","","",29.4,1,14.4,1,28.6,1,"","",29.4,1,"","","","","","","","","","","","","","","","","","","","",40,1,"","","","","","","","","","","","",16.4,1,"","","","","","","","","","","","","","","","","","","","","","","","","","","","","","","","","","","","","","","","","","","","","","","","","","","","","","","","","","","","","","","","","","","","","","","","","","","","","","","","","","","","","","","","","","","","","","","","","","","","","","","","","","","","","","","","","","","",""
"06163007","TENDE_SAPC",44.043167,7.586,636,2000081813,0.,1,"","","","","","","","","","","","","","","","","","","","","","","","","","","","","","","","","","",29.6,1,13.8,1,29.,1,"","",29.6,1,"","","","","","","","","","","","","","","","","","","","",38,1,"","","","","","","","","","","","",15.7,1,"","","","","","","","","","","","","","","","","","","","","","","","","","","","","","","","","","","","","","","","","","","","","","","","","","","","","","","","","","","","","","","","","","","","","","","","","","","","","","","","","","","","","","","","","","","","","","","","","","","","","","","","","","","","","","","","","","","",""
"06163007","TENDE_SAPC",44.043167,7.586,636,2000081814,0.,1,"","","","","","","","","","","","","","","","","","","","","","","","","","","","","","","","","","",29.8,1,13.5,1,29.6,1,"","",29.8,1,"","","","","","","","","","","","","","","","","","","","",37,1,"","","","","","","","","","","","",15.5,1,"","","","","","","","","","","","","","","","","","","","","","","","","","","","","","","","","","","","","","","","","","","","","","","","","","","","","","","","","","","","","","","","","","","","","","","","","","","","","","","","","","","","","","","","","","","","","","","","","","","","","","","","","","","","","","","","","","","",""
"06163007","TENDE_SAPC",44.043167,7.586,636,2000081815,0.,1,"","","","","","","","","","","","","","","","","","","","","","","","","","","","","","","","","","",29.5,1,13.7,1,29.4,1,"","",29.9,1,"","","","","","","","","","","","","","","","","","","","",38,1,"","","","","","","","","","","","",15.6,1,"","","","","","","","","","","","","","","","","","","","","","","","","","","","","","","","","","","","","","","","","","","","","","","","","","","","","","","","","","","","","","","","","","","","","","","","","","","","","","","","","","","","","","","","","","","","","","","","","","","","","","","","","","","","","","","","","","","",""
"06163007","TENDE_SAPC",44.043167,7.586,636,2000081816,0.,1,"","","","","","","","","","","","","","","","","","","","","","","","","","","","","","","","","","",26.9,1,13.3,1,26.9,1,"","",29.5,1,"","","","","","","","","","","","","","","","","","","","",43,1,"","","","","","","","","","","","",15.2,1,"","","","","","","","","","","","","","","","","","","","","","","","","","","","","","","","","","","","","","","","","","","","","","","","","","","","","","","","","","","","","","","","","","","","","","","","","","","","","","","","","","","","","","","","","","","","","","","","","","","","","","","","","","","","","","","","","","","",""
"06163007","TENDE_SAPC",44.043167,7.586,636,2000081817,0.,1,"","","","","","","","","","","","","","","","","","","","","","","","","","","","","","","","","","",25.2,1,12.8,1,25.2,1,"","",26.8,1,"","","","","","","","","","","","","","","","","","","","",46,1,"","","","","","","","","","","","",14.7,1,"","","","","","","","","","","","","","","","","","","","","","","","","","","","","","","","","","","","","","","","","","","","","","","","","","","","","","","","","","","","","","","","","","","","","","","","","","","","","","","","","","","","","","","","","","","","","","","","","","","","","","","","","","","","","","","","","","","",""
"06163007","TENDE_SAPC",44.043167,7.586,636,2000081818,0.,1,"","","","","","","","","","","","","","","","","","","","","","","","","","","","","","","","","","",22.5,1,13.8,1,22.5,1,"","",25.1,1,"","","","","","","","","","","","","","","","","","","","",58,1,"","","","","","","","","","","","",15.8,1,"","","","","","","","","","","","","","","","","","","","","","","","","","","","","","","","","","","","","","","","","","","","","","","","","","","","","","","","","","","","","","","","","","","","","","","","","","","","","","","","","","","","","","","","","","","","","","","","","","","","","","","","","","","","","","","","","","","",""
"06163007","TENDE_SAPC",44.043167,7.586,636,2000081819,0.,1,"","","","","","","","","","","","","","","","","","","","","","","","","","","","","","","","","","",20.3,1,14.,1,20.3,1,"","",22.5,1,"","","","","","","","","","","","","","","","","","","","",67,1,"","","","","","","","","","","","",15.9,1,"","","","","","","","","","","","","","","","","","","","","","","","","","","","","","","","","","","","","","","","","","","","","","","","","","","","","","","","","","","","","","","","","","","","","","","","","","","","","","","","","","","","","","","","","","","","","","","","","","","","","","","","","","","","","","","","","","","",""
"06163007","TENDE_SAPC",44.043167,7.586,636,2000081820,0.,1,"","","","","","","","","","","","","","","","","","","","","","","","","","","","","","","","","","",18.8,1,12.5,1,18.8,1,"","",20.3,1,"","","","","","","","","","","","","","","","","","","","",67,1,"","","","","","","","","","","","",14.5,1,"","","","","","","","","","","","","","","","","","","","","","","","","","","","","","","","","","","","","","","","","","","","","","","","","","","","","","","","","","","","","","","","","","","","","","","","","","","","","","","","","","","","","","","","","","","","","","","","","","","","","","","","","","","","","","","","","","","",""
"06163007","TENDE_SAPC",44.043167,7.586,636,2000081821,0.,1,"","","","","","","","","","","","","","","","","","","","","","","","","","","","","","","","","","",18.4,1,11.9,1,18.3,1,"","",18.8,1,"","","","","","","","","","","","","","","","","","","","",66,1,"","","","","","","","","","","","",13.9,1,"","","","","","","","","","","","","","","","","","","","","","","","","","","","","","","","","","","","","","","","","","","","","","","","","","","","","","","","","","","","","","","","","","","","","","","","","","","","","","","","","","","","","","","","","","","","","","","","","","","","","","","","","","","","","","","","","","","",""
"06163007","TENDE_SAPC",44.043167,7.586,636,2000081822,0.,1,"","","","","","","","","","","","","","","","","","","","","","","","","","","","","","","","","","",17.9,1,11.,1,17.7,1,"","",18.4,1,"","","","","","","","","","","","","","","","","","","","",64,1,"","","","","","","","","","","","",13.1,1,"","","","","","","","","","","","","","","","","","","","","","","","","","","","","","","","","","","","","","","","","","","","","","","","","","","","","","","","","","","","","","","","","","","","","","","","","","","","","","","","","","","","","","","","","","","","","","","","","","","","","","","","","","","","","","","","","","","",""
"06163007","TENDE_SAPC",44.043167,7.586,636,2000081823,0.,1,"","","","","","","","","","","","","","","","","","","","","","","","","","","","","","","","","","",16.7,1,10.8,1,16.7,1,"","",17.8,1,"","","","","","","","","","","","","","","","","","","","",68,1,"","","","","","","","","","","","",12.9,1,"","","","","","","","","","","","","","","","","","","","","","","","","","","","","","","","","","","","","","","","","","","","","","","","","","","","","","","","","","","","","","","","","","","","","","","","","","","","","","","","","","","","","","","","","","","","","","","","","","","","","","","","","","","","","","","","","","","",""
"06163007","TENDE_SAPC",44.043167,7.586,636,2000081900,0.,1,"","","","","","","","","","","","","","","","","","","","","","","","","","","","","","","","","","",16.,1,10.1,1,16.,1,"","",16.7,1,"","","","","","","","","","","","","","","","","","","","",68,1,"","","","","","","","","","","","",12.3,1,"","","","","","","","","","","","","","","","","","","","","","","","","","","","","","","","","","","","","","","","","","","","","","","","","","","","","","","","","","","","","","","","","","","","","","","","","","","","","","","","","","","","","","","","","","","","","","","","","","","","","","","","","","","","","","","","","","","",""
"06163007","TENDE_SAPC",44.043167,7.586,636,2000081901,0.,1,"","","","","","","","","","","","","","","","","","","","","","","","","","","","","","","","","","",15.6,1,9.5,1,15.6,1,"","",16.,1,"","","","","","","","","","","","","","","","","","","","",67,1,"","","","","","","","","","","","",11.8,1,"","","","","","","","","","","","","","","","","","","","","","","","","","","","","","","","","","","","","","","","","","","","","","","","","","","","","","","","","","","","","","","","","","","","","","","","","","","","","","","","","","","","","","","","","","","","","","","","","","","","","","","","","","","","","","","","","","","",""
"06163007","TENDE_SAPC",44.043167,7.586,636,2000081902,0.,1,"","","","","","","","","","","","","","","","","","","","","","","","","","","","","","","","","","",15.2,1,8.4,1,15.1,1,"","",15.6,1,"","","","","","","","","","","","","","","","","","","","",64,1,"","","","","","","","","","","","",11.,1,"","","","","","","","","","","","","","","","","","","","","","","","","","","","","","","","","","","","","","","","","","","","","","","","","","","","","","","","","","","","","","","","","","","","","","","","","","","","","","","","","","","","","","","","","","","","","","","","","","","","","","","","","","","","","","","","","","","",""
"06163007","TENDE_SAPC",44.043167,7.586,636,2000081903,0.,1,"","","","","","","","","","","","","","","","","","","","","","","","","","","","","","","","","","",14.9,1,8.4,1,14.8,1,"","",15.3,1,"","","","","","","","","","","","","","","","","","","","",65,1,"","","","","","","","","","","","",11.,1,"","","","","","","","","","","","","","","","","","","","","","","","","","","","","","","","","","","","","","","","","","","","","","","","","","","","","","","","","","","","","","","","","","","","","","","","","","","","","","","","","","","","","","","","","","","","","","","","","","","","","","","","","","","","","","","","","","","",""
"06163007","TENDE_SAPC",44.043167,7.586,636,2000081904,0.,1,"","","","","","","","","","","","","","","","","","","","","","","","","","","","","","","","","","",14.6,1,7.6,1,14.5,1,"","",15.,1,"","","","","","","","","","","","","","","","","","","","",63,1,"","","","","","","","","","","","",10.4,1,"","","","","","","","","","","","","","","","","","","","","","","","","","","","","","","","","","","","","","","","","","","","","","","","","","","","","","","","","","","","","","","","","","","","","","","","","","","","","","","","","","","","","","","","","","","","","","","","","","","","","","","","","","","","","","","","","","","",""
"06163007","TENDE_SAPC",44.043167,7.586,636,2000081905,0.,1,"","","","","","","","","","","","","","","","","","","","","","","","","","","","","","","","","","",14.4,1,7.,1,14.4,1,"","",14.7,1,"","","","","","","","","","","","","","","","","","","","",61,1,"","","","","","","","","","","","",10.,1,"","","","","","","","","","","","","","","","","","","","","","","","","","","","","","","","","","","","","","","","","","","","","","","","","","","","","","","","","","","","","","","","","","","","","","","","","","","","","","","","","","","","","","","","","","","","","","","","","","","","","","","","","","","","","","","","","","","",""
"06163007","TENDE_SAPC",44.043167,7.586,636,2000081906,0.,1,"","","","","","","","","","","","","","","","","","","","","","","","","","","","","","","","","","",14.4,1,7.4,1,14.3,1,"","",14.5,1,"","","","","","","","","","","","","","","","","","","","",63,1,"","","","","","","","","","","","",10.3,1,"","","","","","","","","","","","","","","","","","","","","","","","","","","","","","","","","","","","","","","","","","","","","","","","","","","","","","","","","","","","","","","","","","","","","","","","","","","","","","","","","","","","","","","","","","","","","","","","","","","","","","","","","","","","","","","","","","","",""
"06163007","TENDE_SAPC",44.043167,7.586,636,2000081907,0.,1,"","","","","","","","","","","","","","","","","","","","","","","","","","","","","","","","","","",15.,1,8.9,1,14.4,1,"","",15.,1,"","","","","","","","","","","","","","","","","","","","",67,1,"","","","","","","","","","","","",11.4,1,"","","","","","","","","","","","","","","","","","","","","","","","","","","","","","","","","","","","","","","","","","","","","","","","","","","","","","","","","","","","","","","","","","","","","","","","","","","","","","","","","","","","","","","","","","","","","","","","","","","","","","","","","","","","","","","","","","","",""
"06163007","TENDE_SAPC",44.043167,7.586,636,2000081908,0.,1,"","","","","","","","","","","","","","","","","","","","","","","","","","","","","","","","","","",19.4,1,9.,1,15.,1,"","",19.4,1,"","","","","","","","","","","","","","","","","","","","",51,1,"","","","","","","","","","","","",11.5,1,"","","","","","","","","","","","","","","","","","","","","","","","","","","","","","","","","","","","","","","","","","","","","","","","","","","","","","","","","","","","","","","","","","","","","","","","","","","","","","","","","","","","","","","","","","","","","","","","","","","","","","","","","","","","","","","","","","","",""
"06163007","TENDE_SAPC",44.043167,7.586,636,2000081909,0.,1,"","","","","","","","","","","","","","","","","","","","","","","","","","","","","","","","","","",26.,1,10.2,1,19.5,1,"","",26.,1,"","","","","","","","","","","","","","","","","","","","",37,1,"","","","","","","","","","","","",12.4,1,"","","","","","","","","","","","","","","","","","","","","","","","","","","","","","","","","","","","","","","","","","","","","","","","","","","","","","","","","","","","","","","","","","","","","","","","","","","","","","","","","","","","","","","","","","","","","","","","","","","","","","","","","","","","","","","","","","","",""
"06163007","TENDE_SAPC",44.043167,7.586,636,2000081910,0.,1,"","","","","","","","","","","","","","","","","","","","","","","","","","","","","","","","","","",29.,1,5.8,1,25.4,1,"","",29.,1,"","","","","","","","","","","","","","","","","","","","",23,1,"","","","","","","","","","","","",9.2,1,"","","","","","","","","","","","","","","","","","","","","","","","","","","","","","","","","","","","","","","","","","","","","","","","","","","","","","","","","","","","","","","","","","","","","","","","","","","","","","","","","","","","","","","","","","","","","","","","","","","","","","","","","","","","","","","","","","","",""
"06163007","TENDE_SAPC",44.043167,7.586,636,2000081911,0.,1,"","","","","","","","","","","","","","","","","","","","","","","","","","","","","","","","","","",30.4,1,6.9,1,29.1,1,"","",30.4,1,"","","","","","","","","","","","","","","","","","","","",23,1,"","","","","","","","","","","","",10.,1,"","","","","","","","","","","","","","","","","","","","","","","","","","","","","","","","","","","","","","","","","","","","","","","","","","","","","","","","","","","","","","","","","","","","","","","","","","","","","","","","","","","","","","","","","","","","","","","","","","","","","","","","","","","","","","","","","","","",""
"06163007","TENDE_SAPC",44.043167,7.586,636,2000081912,0.,1,"","","","","","","","","","","","","","","","","","","","","","","","","","","","","","","","","","",31.2,1,7.6,1,30.4,1,"","",31.3,1,"","","","","","","","","","","","","","","","","","","","",23,1,"","","","","","","","","","","","",10.4,1,"","","","","","","","","","","","","","","","","","","","","","","","","","","","","","","","","","","","","","","","","","","","","","","","","","","","","","","","","","","","","","","","","","","","","","","","","","","","","","","","","","","","","","","","","","","","","","","","","","","","","","","","","","","","","","","","","","","",""
"06163007","TENDE_SAPC",44.043167,7.586,636,2000081913,0.,1,"","","","","","","","","","","","","","","","","","","","","","","","","","","","","","","","","","",31.4,1,7.8,1,31.2,1,"","",31.5,1,"","","","","","","","","","","","","","","","","","","","",23,1,"","","","","","","","","","","","",10.5,1,"","","","","","","","","","","","","","","","","","","","","","","","","","","","","","","","","","","","","","","","","","","","","","","","","","","","","","","","","","","","","","","","","","","","","","","","","","","","","","","","","","","","","","","","","","","","","","","","","","","","","","","","","","","","","","","","","","","",""
"06163007","TENDE_SAPC",44.043167,7.586,636,2000081914,0.,1,"","","","","","","","","","","","","","","","","","","","","","","","","","","","","","","","","","",31.4,1,8.4,1,31.3,1,"","",31.6,1,"","","","","","","","","","","","","","","","","","","","",24,1,"","","","","","","","","","","","",11.,1,"","","","","","","","","","","","","","","","","","","","","","","","","","","","","","","","","","","","","","","","","","","","","","","","","","","","","","","","","","","","","","","","","","","","","","","","","","","","","","","","","","","","","","","","","","","","","","","","","","","","","","","","","","","","","","","","","","","",""
"06163007","TENDE_SAPC",44.043167,7.586,636,2000081915,0.,1,"","","","","","","","","","","","","","","","","","","","","","","","","","","","","","","","","","",30.9,1,8.,1,30.9,1,"","",31.7,1,"","","","","","","","","","","","","","","","","","","","",24,1,"","","","","","","","","","","","",10.7,1,"","","","","","","","","","","","","","","","","","","","","","","","","","","","","","","","","","","","","","","","","","","","","","","","","","","","","","","","","","","","","","","","","","","","","","","","","","","","","","","","","","","","","","","","","","","","","","","","","","","","","","","","","","","","","","","","","","","",""
"06163007","TENDE_SAPC",44.043167,7.586,636,2000081916,0.,1,"","","","","","","","","","","","","","","","","","","","","","","","","","","","","","","","","","",28.7,1,8.9,1,28.7,1,"","",30.9,1,"","","","","","","","","","","","","","","","","","","","",29,1,"","","","","","","","","","","","",11.4,1,"","","","","","","","","","","","","","","","","","","","","","","","","","","","","","","","","","","","","","","","","","","","","","","","","","","","","","","","","","","","","","","","","","","","","","","","","","","","","","","","","","","","","","","","","","","","","","","","","","","","","","","","","","","","","","","","","","","",""
"06163007","TENDE_SAPC",44.043167,7.586,636,2000081917,0.,1,"","","","","","","","","","","","","","","","","","","","","","","","","","","","","","","","","","",25.7,1,9.9,1,25.7,1,"","",28.6,1,"","","","","","","","","","","","","","","","","","","","",37,1,"","","","","","","","","","","","",12.2,1,"","","","","","","","","","","","","","","","","","","","","","","","","","","","","","","","","","","","","","","","","","","","","","","","","","","","","","","","","","","","","","","","","","","","","","","","","","","","","","","","","","","","","","","","","","","","","","","","","","","","","","","","","","","","","","","","","","","",""
"06163007","TENDE_SAPC",44.043167,7.586,636,2000081918,0.,1,"","","","","","","","","","","","","","","","","","","","","","","","","","","","","","","","","","",22.8,1,11.2,1,22.8,1,"","",25.7,1,"","","","","","","","","","","","","","","","","","","","",48,1,"","","","","","","","","","","","",13.3,1,"","","","","","","","","","","","","","","","","","","","","","","","","","","","","","","","","","","","","","","","","","","","","","","","","","","","","","","","","","","","","","","","","","","","","","","","","","","","","","","","","","","","","","","","","","","","","","","","","","","","","","","","","","","","","","","","","","","",""
"06163007","TENDE_SAPC",44.043167,7.586,636,2000081919,0.,1,"","","","","","","","","","","","","","","","","","","","","","","","","","","","","","","","","","",20.1,1,11.,1,20.1,1,"","",22.7,1,"","","","","","","","","","","","","","","","","","","","",56,1,"","","","","","","","","","","","",13.1,1,"","","","","","","","","","","","","","","","","","","","","","","","","","","","","","","","","","","","","","","","","","","","","","","","","","","","","","","","","","","","","","","","","","","","","","","","","","","","","","","","","","","","","","","","","","","","","","","","","","","","","","","","","","","","","","","","","","","",""
"06163007","TENDE_SAPC",44.043167,7.586,636,2000081920,0.,1,"","","","","","","","","","","","","","","","","","","","","","","","","","","","","","","","","","",19.,1,10.3,1,18.9,1,"","",20.1,1,"","","","","","","","","","","","","","","","","","","","",57,1,"","","","","","","","","","","","",12.5,1,"","","","","","","","","","","","","","","","","","","","","","","","","","","","","","","","","","","","","","","","","","","","","","","","","","","","","","","","","","","","","","","","","","","","","","","","","","","","","","","","","","","","","","","","","","","","","","","","","","","","","","","","","","","","","","","","","","","",""
"06163007","TENDE_SAPC",44.043167,7.586,636,2000081921,0.,1,"","","","","","","","","","","","","","","","","","","","","","","","","","","","","","","","","","",18.5,1,9.8,1,18.4,1,"","",19.,1,"","","","","","","","","","","","","","","","","","","","",57,1,"","","","","","","","","","","","",12.1,1,"","","","","","","","","","","","","","","","","","","","","","","","","","","","","","","","","","","","","","","","","","","","","","","","","","","","","","","","","","","","","","","","","","","","","","","","","","","","","","","","","","","","","","","","","","","","","","","","","","","","","","","","","","","","","","","","","","","",""
"06163007","TENDE_SAPC",44.043167,7.586,636,2000081922,0.,1,"","","","","","","","","","","","","","","","","","","","","","","","","","","","","","","","","","",17.7,1,9.3,1,17.7,1,"","",18.4,1,"","","","","","","","","","","","","","","","","","","","",58,1,"","","","","","","","","","","","",11.7,1,"","","","","","","","","","","","","","","","","","","","","","","","","","","","","","","","","","","","","","","","","","","","","","","","","","","","","","","","","","","","","","","","","","","","","","","","","","","","","","","","","","","","","","","","","","","","","","","","","","","","","","","","","","","","","","","","","","","",""
"06163007","TENDE_SAPC",44.043167,7.586,636,2000081923,0.,1,"","","","","","","","","","","","","","","","","","","","","","","","","","","","","","","","","","",17.,1,8.7,1,17.,1,"","",17.8,1,"","","","","","","","","","","","","","","","","","","","",58,1,"","","","","","","","","","","","",11.2,1,"","","","","","","","","","","","","","","","","","","","","","","","","","","","","","","","","","","","","","","","","","","","","","","","","","","","","","","","","","","","","","","","","","","","","","","","","","","","","","","","","","","","","","","","","","","","","","","","","","","","","","","","","","","","","","","","","","","",""
"06163007","TENDE_SAPC",44.043167,7.586,636,2000082000,0.,1,"","","","","","","","","","","","","","","","","","","","","","","","","","","","","","","","","","",16.5,1,8.2,1,16.2,1,"","",16.9,1,"","","","","","","","","","","","","","","","","","","","",58,1,"","","","","","","","","","","","",10.9,1,"","","","","","","","","","","","","","","","","","","","","","","","","","","","","","","","","","","","","","","","","","","","","","","","","","","","","","","","","","","","","","","","","","","","","","","","","","","","","","","","","","","","","","","","","","","","","","","","","","","","","","","","","","","","","","","","","","","",""
"06163007","TENDE_SAPC",44.043167,7.586,636,2000082001,0.,1,"","","","","","","","","","","","","","","","","","","","","","","","","","","","","","","","","","",16.,1,7.5,1,15.7,1,"","",16.5,1,"","","","","","","","","","","","","","","","","","","","",57,1,"","","","","","","","","","","","",10.3,1,"","","","","","","","","","","","","","","","","","","","","","","","","","","","","","","","","","","","","","","","","","","","","","","","","","","","","","","","","","","","","","","","","","","","","","","","","","","","","","","","","","","","","","","","","","","","","","","","","","","","","","","","","","","","","","","","","","","",""
"06163007","TENDE_SAPC",44.043167,7.586,636,2000082002,0.,1,"","","","","","","","","","","","","","","","","","","","","","","","","","","","","","","","","","",15.3,1,7.6,1,15.3,1,"","",16.1,1,"","","","","","","","","","","","","","","","","","","","",60,1,"","","","","","","","","","","","",10.4,1,"","","","","","","","","","","","","","","","","","","","","","","","","","","","","","","","","","","","","","","","","","","","","","","","","","","","","","","","","","","","","","","","","","","","","","","","","","","","","","","","","","","","","","","","","","","","","","","","","","","","","","","","","","","","","","","","","","","",""
"06163007","TENDE_SAPC",44.043167,7.586,636,2000082003,0.,1,"","","","","","","","","","","","","","","","","","","","","","","","","","","","","","","","","","",15.,1,7.3,1,14.9,1,"","",15.4,1,"","","","","","","","","","","","","","","","","","","","",60,1,"","","","","","","","","","","","",10.2,1,"","","","","","","","","","","","","","","","","","","","","","","","","","","","","","","","","","","","","","","","","","","","","","","","","","","","","","","","","","","","","","","","","","","","","","","","","","","","","","","","","","","","","","","","","","","","","","","","","","","","","","","","","","","","","","","","","","","",""
"06163007","TENDE_SAPC",44.043167,7.586,636,2000082004,0.,1,"","","","","","","","","","","","","","","","","","","","","","","","","","","","","","","","","","",14.3,1,7.3,1,14.3,1,"","",15.,1,"","","","","","","","","","","","","","","","","","","","",63,1,"","","","","","","","","","","","",10.2,1,"","","","","","","","","","","","","","","","","","","","","","","","","","","","","","","","","","","","","","","","","","","","","","","","","","","","","","","","","","","","","","","","","","","","","","","","","","","","","","","","","","","","","","","","","","","","","","","","","","","","","","","","","","","","","","","","","","","",""
"06163007","TENDE_SAPC",44.043167,7.586,636,2000082005,0.,1,"","","","","","","","","","","","","","","","","","","","","","","","","","","","","","","","","","",14.8,1,7.1,1,14.4,1,"","",14.9,1,"","","","","","","","","","","","","","","","","","","","",60,1,"","","","","","","","","","","","",10.1,1,"","","","","","","","","","","","","","","","","","","","","","","","","","","","","","","","","","","","","","","","","","","","","","","","","","","","","","","","","","","","","","","","","","","","","","","","","","","","","","","","","","","","","","","","","","","","","","","","","","","","","","","","","","","","","","","","","","","",""
"06163007","TENDE_SAPC",44.043167,7.586,636,2000082006,0.,1,"","","","","","","","","","","","","","","","","","","","","","","","","","","","","","","","","","",14.4,1,8.1,1,14.4,1,"","",14.8,1,"","","","","","","","","","","","","","","","","","","","",66,1,"","","","","","","","","","","","",10.8,1,"","","","","","","","","","","","","","","","","","","","","","","","","","","","","","","","","","","","","","","","","","","","","","","","","","","","","","","","","","","","","","","","","","","","","","","","","","","","","","","","","","","","","","","","","","","","","","","","","","","","","","","","","","","","","","","","","","","",""
"06163007","TENDE_SAPC",44.043167,7.586,636,2000082007,0.,1,"","","","","","","","","","","","","","","","","","","","","","","","","","","","","","","","","","",15.1,1,8.8,1,14.3,1,"","",15.1,1,"","","","","","","","","","","","","","","","","","","","",66,1,"","","","","","","","","","","","",11.3,1,"","","","","","","","","","","","","","","","","","","","","","","","","","","","","","","","","","","","","","","","","","","","","","","","","","","","","","","","","","","","","","","","","","","","","","","","","","","","","","","","","","","","","","","","","","","","","","","","","","","","","","","","","","","","","","","","","","","",""
"06163007","TENDE_SAPC",44.043167,7.586,636,2000082008,0.,1,"","","","","","","","","","","","","","","","","","","","","","","","","","","","","","","","","","",19.4,1,8.7,1,15.2,1,"","",19.4,1,"","","","","","","","","","","","","","","","","","","","",50,1,"","","","","","","","","","","","",11.2,1,"","","","","","","","","","","","","","","","","","","","","","","","","","","","","","","","","","","","","","","","","","","","","","","","","","","","","","","","","","","","","","","","","","","","","","","","","","","","","","","","","","","","","","","","","","","","","","","","","","","","","","","","","","","","","","","","","","","",""
"06163007","TENDE_SAPC",44.043167,7.586,636,2000082009,0.,1,"","","","","","","","","","","","","","","","","","","","","","","","","","","","","","","","","","",25.7,1,10.7,1,19.5,1,"","",25.7,1,"","","","","","","","","","","","","","","","","","","","",39,1,"","","","","","","","","","","","",12.8,1,"","","","","","","","","","","","","","","","","","","","","","","","","","","","","","","","","","","","","","","","","","","","","","","","","","","","","","","","","","","","","","","","","","","","","","","","","","","","","","","","","","","","","","","","","","","","","","","","","","","","","","","","","","","","","","","","","","","",""
"06163007","TENDE_SAPC",44.043167,7.586,636,2000082010,0.,1,"","","","","","","","","","","","","","","","","","","","","","","","","","","","","","","","","","",28.5,1,6.6,1,25.5,1,"","",28.5,1,"","","","","","","","","","","","","","","","","","","","",25,1,"","","","","","","","","","","","",9.7,1,"","","","","","","","","","","","","","","","","","","","","","","","","","","","","","","","","","","","","","","","","","","","","","","","","","","","","","","","","","","","","","","","","","","","","","","","","","","","","","","","","","","","","","","","","","","","","","","","","","","","","","","","","","","","","","","","","","","",""
"06163007","TENDE_SAPC",44.043167,7.586,636,2000082011,0.,1,"","","","","","","","","","","","","","","","","","","","","","","","","","","","","","","","","","",29.9,1,7.7,1,28.5,1,"","",29.9,1,"","","","","","","","","","","","","","","","","","","","",25,1,"","","","","","","","","","","","",10.5,1,"","","","","","","","","","","","","","","","","","","","","","","","","","","","","","","","","","","","","","","","","","","","","","","","","","","","","","","","","","","","","","","","","","","","","","","","","","","","","","","","","","","","","","","","","","","","","","","","","","","","","","","","","","","","","","","","","","","",""
"06163007","TENDE_SAPC",44.043167,7.586,636,2000082012,0.,1,"","","","","","","","","","","","","","","","","","","","","","","","","","","","","","","","","","",31.1,1,8.1,1,29.9,1,"","",31.1,1,"","","","","","","","","","","","","","","","","","","","",24,1,"","","","","","","","","","","","",10.8,1,"","","","","","","","","","","","","","","","","","","","","","","","","","","","","","","","","","","","","","","","","","","","","","","","","","","","","","","","","","","","","","","","","","","","","","","","","","","","","","","","","","","","","","","","","","","","","","","","","","","","","","","","","","","","","","","","","","","",""
"06163007","TENDE_SAPC",44.043167,7.586,636,2000082013,0.,1,"","","","","","","","","","","","","","","","","","","","","","","","","","","","","","","","","","",31.6,1,8.6,1,31.,1,"","",31.6,1,"","","","","","","","","","","","","","","","","","","","",24,1,"","","","","","","","","","","","",11.1,1,"","","","","","","","","","","","","","","","","","","","","","","","","","","","","","","","","","","","","","","","","","","","","","","","","","","","","","","","","","","","","","","","","","","","","","","","","","","","","","","","","","","","","","","","","","","","","","","","","","","","","","","","","","","","","","","","","","","",""
"06163007","TENDE_SAPC",44.043167,7.586,636,2000082014,0.,1,"","","","","","","","","","","","","","","","","","","","","","","","","","","","","","","","","","",31.1,1,9.3,1,31.1,1,"","",31.6,1,"","","","","","","","","","","","","","","","","","","","",26,1,"","","","","","","","","","","","",11.7,1,"","","","","","","","","","","","","","","","","","","","","","","","","","","","","","","","","","","","","","","","","","","","","","","","","","","","","","","","","","","","","","","","","","","","","","","","","","","","","","","","","","","","","","","","","","","","","","","","","","","","","","","","","","","","","","","","","","","",""
"06163007","TENDE_SAPC",44.043167,7.586,636,2000082015,0.,1,"","","","","","","","","","","","","","","","","","","","","","","","","","","","","","","","","","",30.5,1,9.9,1,30.5,1,"","",31.1,1,"","","","","","","","","","","","","","","","","","","","",28,1,"","","","","","","","","","","","",12.2,1,"","","","","","","","","","","","","","","","","","","","","","","","","","","","","","","","","","","","","","","","","","","","","","","","","","","","","","","","","","","","","","","","","","","","","","","","","","","","","","","","","","","","","","","","","","","","","","","","","","","","","","","","","","","","","","","","","","","",""
"06163007","TENDE_SAPC",44.043167,7.586,636,2000082016,0.,1,"","","","","","","","","","","","","","","","","","","","","","","","","","","","","","","","","","",28.3,1,10.5,1,28.3,1,"","",30.5,1,"","","","","","","","","","","","","","","","","","","","",33,1,"","","","","","","","","","","","",12.7,1,"","","","","","","","","","","","","","","","","","","","","","","","","","","","","","","","","","","","","","","","","","","","","","","","","","","","","","","","","","","","","","","","","","","","","","","","","","","","","","","","","","","","","","","","","","","","","","","","","","","","","","","","","","","","","","","","","","","",""
"06163007","TENDE_SAPC",44.043167,7.586,636,2000082017,0.,1,"","","","","","","","","","","","","","","","","","","","","","","","","","","","","","","","","","",25.6,1,11.4,1,25.6,1,"","",28.3,1,"","","","","","","","","","","","","","","","","","","","",41,1,"","","","","","","","","","","","",13.4,1,"","","","","","","","","","","","","","","","","","","","","","","","","","","","","","","","","","","","","","","","","","","","","","","","","","","","","","","","","","","","","","","","","","","","","","","","","","","","","","","","","","","","","","","","","","","","","","","","","","","","","","","","","","","","","","","","","","","",""
"06163007","TENDE_SAPC",44.043167,7.586,636,2000082018,0.,1,"","","","","","","","","","","","","","","","","","","","","","","","","","","","","","","","","","",24.,1,11.7,1,24.,1,"","",25.6,1,"","","","","","","","","","","","","","","","","","","","",46,1,"","","","","","","","","","","","",13.7,1,"","","","","","","","","","","","","","","","","","","","","","","","","","","","","","","","","","","","","","","","","","","","","","","","","","","","","","","","","","","","","","","","","","","","","","","","","","","","","","","","","","","","","","","","","","","","","","","","","","","","","","","","","","","","","","","","","","","",""
"06163007","TENDE_SAPC",44.043167,7.586,636,2000082019,0.,1,"","","","","","","","","","","","","","","","","","","","","","","","","","","","","","","","","","",20.6,1,11.8,1,20.6,1,"","",24.,1,"","","","","","","","","","","","","","","","","","","","",57,1,"","","","","","","","","","","","",13.8,1,"","","","","","","","","","","","","","","","","","","","","","","","","","","","","","","","","","","","","","","","","","","","","","","","","","","","","","","","","","","","","","","","","","","","","","","","","","","","","","","","","","","","","","","","","","","","","","","","","","","","","","","","","","","","","","","","","","","",""
"06163007","TENDE_SAPC",44.043167,7.586,636,2000082020,0.,1,"","","","","","","","","","","","","","","","","","","","","","","","","","","","","","","","","","",18.7,1,11.5,1,18.7,1,"","",20.6,1,"","","","","","","","","","","","","","","","","","","","",63,1,"","","","","","","","","","","","",13.6,1,"","","","","","","","","","","","","","","","","","","","","","","","","","","","","","","","","","","","","","","","","","","","","","","","","","","","","","","","","","","","","","","","","","","","","","","","","","","","","","","","","","","","","","","","","","","","","","","","","","","","","","","","","","","","","","","","","","","",""
"06163007","TENDE_SAPC",44.043167,7.586,636,2000082021,0.,1,"","","","","","","","","","","","","","","","","","","","","","","","","","","","","","","","","","",17.5,1,11.1,1,17.5,1,"","",18.7,1,"","","","","","","","","","","","","","","","","","","","",66,1,"","","","","","","","","","","","",13.2,1,"","","","","","","","","","","","","","","","","","","","","","","","","","","","","","","","","","","","","","","","","","","","","","","","","","","","","","","","","","","","","","","","","","","","","","","","","","","","","","","","","","","","","","","","","","","","","","","","","","","","","","","","","","","","","","","","","","","",""
"06163007","TENDE_SAPC",44.043167,7.586,636,2000082022,0.,1,"","","","","","","","","","","","","","","","","","","","","","","","","","","","","","","","","","",16.9,1,10.3,1,16.9,1,"","",17.5,1,"","","","","","","","","","","","","","","","","","","","",65,1,"","","","","","","","","","","","",12.5,1,"","","","","","","","","","","","","","","","","","","","","","","","","","","","","","","","","","","","","","","","","","","","","","","","","","","","","","","","","","","","","","","","","","","","","","","","","","","","","","","","","","","","","","","","","","","","","","","","","","","","","","","","","","","","","","","","","","","",""
"06163007","TENDE_SAPC",44.043167,7.586,636,2000082023,0.,1,"","","","","","","","","","","","","","","","","","","","","","","","","","","","","","","","","","",16.2,1,9.6,1,16.2,1,"","",16.9,1,"","","","","","","","","","","","","","","","","","","","",65,1,"","","","","","","","","","","","",11.9,1,"","","","","","","","","","","","","","","","","","","","","","","","","","","","","","","","","","","","","","","","","","","","","","","","","","","","","","","","","","","","","","","","","","","","","","","","","","","","","","","","","","","","","","","","","","","","","","","","","","","","","","","","","","","","","","","","","","","",""
"06163007","TENDE_SAPC",44.043167,7.586,636,2000082100,0.,1,"","","","","","","","","","","","","","","","","","","","","","","","","","","","","","","","","","",16.,1,9.,1,16.,1,"","",16.6,1,"","","","","","","","","","","","","","","","","","","","",63,1,"","","","","","","","","","","","",11.4,1,"","","","","","","","","","","","","","","","","","","","","","","","","","","","","","","","","","","","","","","","","","","","","","","","","","","","","","","","","","","","","","","","","","","","","","","","","","","","","","","","","","","","","","","","","","","","","","","","","","","","","","","","","","","","","","","","","","","",""
"06163007","TENDE_SAPC",44.043167,7.586,636,2000082101,0.,1,"","","","","","","","","","","","","","","","","","","","","","","","","","","","","","","","","","",15.,1,8.5,1,15.,1,"","",16.,1,"","","","","","","","","","","","","","","","","","","","",65,1,"","","","","","","","","","","","",11.1,1,"","","","","","","","","","","","","","","","","","","","","","","","","","","","","","","","","","","","","","","","","","","","","","","","","","","","","","","","","","","","","","","","","","","","","","","","","","","","","","","","","","","","","","","","","","","","","","","","","","","","","","","","","","","","","","","","","","","",""
"06163007","TENDE_SAPC",44.043167,7.586,636,2000082102,0.,1,"","","","","","","","","","","","","","","","","","","","","","","","","","","","","","","","","","",14.8,1,8.1,1,14.8,1,"","",15.2,1,"","","","","","","","","","","","","","","","","","","","",64,1,"","","","","","","","","","","","",10.8,1,"","","","","","","","","","","","","","","","","","","","","","","","","","","","","","","","","","","","","","","","","","","","","","","","","","","","","","","","","","","","","","","","","","","","","","","","","","","","","","","","","","","","","","","","","","","","","","","","","","","","","","","","","","","","","","","","","","","",""
"06163007","TENDE_SAPC",44.043167,7.586,636,2000082103,0.,1,"","","","","","","","","","","","","","","","","","","","","","","","","","","","","","","","","","",14.3,1,7.6,1,14.1,1,"","",14.8,1,"","","","","","","","","","","","","","","","","","","","",64,1,"","","","","","","","","","","","",10.4,1,"","","","","","","","","","","","","","","","","","","","","","","","","","","","","","","","","","","","","","","","","","","","","","","","","","","","","","","","","","","","","","","","","","","","","","","","","","","","","","","","","","","","","","","","","","","","","","","","","","","","","","","","","","","","","","","","","","","",""
"06163007","TENDE_SAPC",44.043167,7.586,636,2000082104,0.,1,"","","","","","","","","","","","","","","","","","","","","","","","","","","","","","","","","","",13.9,1,7.6,1,13.9,1,"","",14.4,1,"","","","","","","","","","","","","","","","","","","","",66,1,"","","","","","","","","","","","",10.5,1,"","","","","","","","","","","","","","","","","","","","","","","","","","","","","","","","","","","","","","","","","","","","","","","","","","","","","","","","","","","","","","","","","","","","","","","","","","","","","","","","","","","","","","","","","","","","","","","","","","","","","","","","","","","","","","","","","","","",""
"06163007","TENDE_SAPC",44.043167,7.586,636,2000082105,0.,1,"","","","","","","","","","","","","","","","","","","","","","","","","","","","","","","","","","",13.9,1,7.4,1,13.7,1,"","",14.1,1,"","","","","","","","","","","","","","","","","","","","",65,1,"","","","","","","","","","","","",10.3,1,"","","","","","","","","","","","","","","","","","","","","","","","","","","","","","","","","","","","","","","","","","","","","","","","","","","","","","","","","","","","","","","","","","","","","","","","","","","","","","","","","","","","","","","","","","","","","","","","","","","","","","","","","","","","","","","","","","","",""
"06163007","TENDE_SAPC",44.043167,7.586,636,2000082106,0.,1,"","","","","","","","","","","","","","","","","","","","","","","","","","","","","","","","","","",15.,1,7.3,1,13.8,1,"","",15.,1,"","","","","","","","","","","","","","","","","","","","",60,1,"","","","","","","","","","","","",10.2,1,"","","","","","","","","","","","","","","","","","","","","","","","","","","","","","","","","","","","","","","","","","","","","","","","","","","","","","","","","","","","","","","","","","","","","","","","","","","","","","","","","","","","","","","","","","","","","","","","","","","","","","","","","","","","","","","","","","","",""
"06163007","TENDE_SAPC",44.043167,7.586,636,2000082107,0.,1,"","","","","","","","","","","","","","","","","","","","","","","","","","","","","","","","","","",15.7,1,8.4,1,14.9,1,"","",15.7,1,"","","","","","","","","","","","","","","","","","","","",62,1,"","","","","","","","","","","","",11.,1,"","","","","","","","","","","","","","","","","","","","","","","","","","","","","","","","","","","","","","","","","","","","","","","","","","","","","","","","","","","","","","","","","","","","","","","","","","","","","","","","","","","","","","","","","","","","","","","","","","","","","","","","","","","","","","","","","","","",""
"06163007","TENDE_SAPC",44.043167,7.586,636,2000082108,0.,1,"","","","","","","","","","","","","","","","","","","","","","","","","","","","","","","","","","",20.3,1,8.9,1,15.7,1,"","",20.3,1,"","","","","","","","","","","","","","","","","","","","",48,1,"","","","","","","","","","","","",11.4,1,"","","","","","","","","","","","","","","","","","","","","","","","","","","","","","","","","","","","","","","","","","","","","","","","","","","","","","","","","","","","","","","","","","","","","","","","","","","","","","","","","","","","","","","","","","","","","","","","","","","","","","","","","","","","","","","","","","","",""
"06163007","TENDE_SAPC",44.043167,7.586,636,2000082109,0.,1,"","","","","","","","","","","","","","","","","","","","","","","","","","","","","","","","","","",24.4,1,7.9,1,20.5,1,"","",24.4,1,"","","","","","","","","","","","","","","","","","","","",35,1,"","","","","","","","","","","","",10.7,1,"","","","","","","","","","","","","","","","","","","","","","","","","","","","","","","","","","","","","","","","","","","","","","","","","","","","","","","","","","","","","","","","","","","","","","","","","","","","","","","","","","","","","","","","","","","","","","","","","","","","","","","","","","","","","","","","","","","",""
"06163007","TENDE_SAPC",44.043167,7.586,636,2000082110,0.,1,"","","","","","","","","","","","","","","","","","","","","","","","","","","","","","","","","","",23.4,1,11.8,1,23.2,1,"","",25.,1,"","","","","","","","","","","","","","","","","","","","",48,1,"","","","","","","","","","","","",13.8,1,"","","","","","","","","","","","","","","","","","","","","","","","","","","","","","","","","","","","","","","","","","","","","","","","","","","","","","","","","","","","","","","","","","","","","","","","","","","","","","","","","","","","","","","","","","","","","","","","","","","","","","","","","","","","","","","","","","","",""
"06163007","TENDE_SAPC",44.043167,7.586,636,2000082111,0.,1,"","","","","","","","","","","","","","","","","","","","","","","","","","","","","","","","","","",24.6,1,14.7,1,23.5,1,"","",25.3,1,"","","","","","","","","","","","","","","","","","","","",54,1,"","","","","","","","","","","","",16.7,1,"","","","","","","","","","","","","","","","","","","","","","","","","","","","","","","","","","","","","","","","","","","","","","","","","","","","","","","","","","","","","","","","","","","","","","","","","","","","","","","","","","","","","","","","","","","","","","","","","","","","","","","","","","","","","","","","","","","",""
"06163007","TENDE_SAPC",44.043167,7.586,636,2000082112,0.,1,"","","","","","","","","","","","","","","","","","","","","","","","","","","","","","","","","","",26.1,1,11.8,1,24.7,1,"","",26.2,1,"","","","","","","","","","","","","","","","","","","","",41,1,"","","","","","","","","","","","",13.8,1,"","","","","","","","","","","","","","","","","","","","","","","","","","","","","","","","","","","","","","","","","","","","","","","","","","","","","","","","","","","","","","","","","","","","","","","","","","","","","","","","","","","","","","","","","","","","","","","","","","","","","","","","","","","","","","","","","","","",""
"06163007","TENDE_SAPC",44.043167,7.586,636,2000082113,0.,1,"","","","","","","","","","","","","","","","","","","","","","","","","","","","","","","","","","",24.5,1,12.8,1,24.5,1,"","",26.1,1,"","","","","","","","","","","","","","","","","","","","",48,1,"","","","","","","","","","","","",14.7,1,"","","","","","","","","","","","","","","","","","","","","","","","","","","","","","","","","","","","","","","","","","","","","","","","","","","","","","","","","","","","","","","","","","","","","","","","","","","","","","","","","","","","","","","","","","","","","","","","","","","","","","","","","","","","","","","","","","","",""
"06163007","TENDE_SAPC",44.043167,7.586,636,2000082114,0.,1,"","","","","","","","","","","","","","","","","","","","","","","","","","","","","","","","","","",22.7,1,15.3,1,22.5,1,"","",24.5,1,"","","","","","","","","","","","","","","","","","","","",63,1,"","","","","","","","","","","","",17.3,1,"","","","","","","","","","","","","","","","","","","","","","","","","","","","","","","","","","","","","","","","","","","","","","","","","","","","","","","","","","","","","","","","","","","","","","","","","","","","","","","","","","","","","","","","","","","","","","","","","","","","","","","","","","","","","","","","","","","",""
"06163007","TENDE_SAPC",44.043167,7.586,636,2000082115,0.,1,"","","","","","","","","","","","","","","","","","","","","","","","","","","","","","","","","","",24.3,1,13.2,1,22.7,1,"","",24.3,1,"","","","","","","","","","","","","","","","","","","","",50,1,"","","","","","","","","","","","",15.2,1,"","","","","","","","","","","","","","","","","","","","","","","","","","","","","","","","","","","","","","","","","","","","","","","","","","","","","","","","","","","","","","","","","","","","","","","","","","","","","","","","","","","","","","","","","","","","","","","","","","","","","","","","","","","","","","","","","","","",""
"06163007","TENDE_SAPC",44.043167,7.586,636,2000082116,0.,1,"","","","","","","","","","","","","","","","","","","","","","","","","","","","","","","","","","",23.5,1,15.3,1,23.5,1,"","",24.4,1,"","","","","","","","","","","","","","","","","","","","",60,1,"","","","","","","","","","","","",17.3,1,"","","","","","","","","","","","","","","","","","","","","","","","","","","","","","","","","","","","","","","","","","","","","","","","","","","","","","","","","","","","","","","","","","","","","","","","","","","","","","","","","","","","","","","","","","","","","","","","","","","","","","","","","","","","","","","","","","","",""
"06163007","TENDE_SAPC",44.043167,7.586,636,2000082117,0.,1,"","","","","","","","","","","","","","","","","","","","","","","","","","","","","","","","","","",22.7,1,13.2,1,22.4,1,"","",23.4,1,"","","","","","","","","","","","","","","","","","","","",55,1,"","","","","","","","","","","","",15.1,1,"","","","","","","","","","","","","","","","","","","","","","","","","","","","","","","","","","","","","","","","","","","","","","","","","","","","","","","","","","","","","","","","","","","","","","","","","","","","","","","","","","","","","","","","","","","","","","","","","","","","","","","","","","","","","","","","","","","",""
"06163007","TENDE_SAPC",44.043167,7.586,636,2000082118,0.,1,"","","","","","","","","","","","","","","","","","","","","","","","","","","","","","","","","","",21.2,1,12.6,1,21.2,1,"","",22.7,1,"","","","","","","","","","","","","","","","","","","","",58,1,"","","","","","","","","","","","",14.6,1,"","","","","","","","","","","","","","","","","","","","","","","","","","","","","","","","","","","","","","","","","","","","","","","","","","","","","","","","","","","","","","","","","","","","","","","","","","","","","","","","","","","","","","","","","","","","","","","","","","","","","","","","","","","","","","","","","","","",""
"06163007","TENDE_SAPC",44.043167,7.586,636,2000082119,0.,1,"","","","","","","","","","","","","","","","","","","","","","","","","","","","","","","","","","",20.2,1,12.7,1,20.1,1,"","",21.2,1,"","","","","","","","","","","","","","","","","","","","",62,1,"","","","","","","","","","","","",14.6,1,"","","","","","","","","","","","","","","","","","","","","","","","","","","","","","","","","","","","","","","","","","","","","","","","","","","","","","","","","","","","","","","","","","","","","","","","","","","","","","","","","","","","","","","","","","","","","","","","","","","","","","","","","","","","","","","","","","","",""
"06163007","TENDE_SAPC",44.043167,7.586,636,2000082120,0.,1,"","","","","","","","","","","","","","","","","","","","","","","","","","","","","","","","","","",19.4,1,12.9,1,19.3,1,"","",20.2,1,"","","","","","","","","","","","","","","","","","","","",66,1,"","","","","","","","","","","","",14.8,1,"","","","","","","","","","","","","","","","","","","","","","","","","","","","","","","","","","","","","","","","","","","","","","","","","","","","","","","","","","","","","","","","","","","","","","","","","","","","","","","","","","","","","","","","","","","","","","","","","","","","","","","","","","","","","","","","","","","",""
"06163007","TENDE_SAPC",44.043167,7.586,636,2000082121,0.,1,"","","","","","","","","","","","","","","","","","","","","","","","","","","","","","","","","","",18.3,1,12.1,1,18.3,1,"","",19.4,1,"","","","","","","","","","","","","","","","","","","","",67,1,"","","","","","","","","","","","",14.1,1,"","","","","","","","","","","","","","","","","","","","","","","","","","","","","","","","","","","","","","","","","","","","","","","","","","","","","","","","","","","","","","","","","","","","","","","","","","","","","","","","","","","","","","","","","","","","","","","","","","","","","","","","","","","","","","","","","","","",""
"06163007","TENDE_SAPC",44.043167,7.586,636,2000082122,0.,1,"","","","","","","","","","","","","","","","","","","","","","","","","","","","","","","","","","",16.5,1,11.4,1,16.5,1,"","",18.3,1,"","","","","","","","","","","","","","","","","","","","",72,1,"","","","","","","","","","","","",13.5,1,"","","","","","","","","","","","","","","","","","","","","","","","","","","","","","","","","","","","","","","","","","","","","","","","","","","","","","","","","","","","","","","","","","","","","","","","","","","","","","","","","","","","","","","","","","","","","","","","","","","","","","","","","","","","","","","","","","","",""
"06163007","TENDE_SAPC",44.043167,7.586,636,2000082123,0.,1,"","","","","","","","","","","","","","","","","","","","","","","","","","","","","","","","","","",15.1,1,10.7,1,15.1,1,"","",16.5,1,"","","","","","","","","","","","","","","","","","","","",75,1,"","","","","","","","","","","","",12.8,1,"","","","","","","","","","","","","","","","","","","","","","","","","","","","","","","","","","","","","","","","","","","","","","","","","","","","","","","","","","","","","","","","","","","","","","","","","","","","","","","","","","","","","","","","","","","","","","","","","","","","","","","","","","","","","","","","","","","",""
"06163007","TENDE_SAPC",44.043167,7.586,636,2000082200,0.,1,"","","","","","","","","","","","","","","","","","","","","","","","","","","","","","","","","","",14.7,1,9.7,1,14.7,1,"","",15.1,1,"","","","","","","","","","","","","","","","","","","","",72,1,"","","","","","","","","","","","",12.,1,"","","","","","","","","","","","","","","","","","","","","","","","","","","","","","","","","","","","","","","","","","","","","","","","","","","","","","","","","","","","","","","","","","","","","","","","","","","","","","","","","","","","","","","","","","","","","","","","","","","","","","","","","","","","","","","","","","","",""
"06163007","TENDE_SAPC",44.043167,7.586,636,2000082201,0.,1,"","","","","","","","","","","","","","","","","","","","","","","","","","","","","","","","","","",14.1,1,9.1,1,14.1,1,"","",14.6,1,"","","","","","","","","","","","","","","","","","","","",72,1,"","","","","","","","","","","","",11.6,1,"","","","","","","","","","","","","","","","","","","","","","","","","","","","","","","","","","","","","","","","","","","","","","","","","","","","","","","","","","","","","","","","","","","","","","","","","","","","","","","","","","","","","","","","","","","","","","","","","","","","","","","","","","","","","","","","","","","",""
"06163007","TENDE_SAPC",44.043167,7.586,636,2000082202,0.,1,"","","","","","","","","","","","","","","","","","","","","","","","","","","","","","","","","","",13.5,1,8.8,1,13.4,1,"","",14.1,1,"","","","","","","","","","","","","","","","","","","","",73,1,"","","","","","","","","","","","",11.3,1,"","","","","","","","","","","","","","","","","","","","","","","","","","","","","","","","","","","","","","","","","","","","","","","","","","","","","","","","","","","","","","","","","","","","","","","","","","","","","","","","","","","","","","","","","","","","","","","","","","","","","","","","","","","","","","","","","","","",""
"06163007","TENDE_SAPC",44.043167,7.586,636,2000082203,0.,1,"","","","","","","","","","","","","","","","","","","","","","","","","","","","","","","","","","",12.8,1,8.5,1,12.8,1,"","",13.5,1,"","","","","","","","","","","","","","","","","","","","",75,1,"","","","","","","","","","","","",11.1,1,"","","","","","","","","","","","","","","","","","","","","","","","","","","","","","","","","","","","","","","","","","","","","","","","","","","","","","","","","","","","","","","","","","","","","","","","","","","","","","","","","","","","","","","","","","","","","","","","","","","","","","","","","","","","","","","","","","","",""
"06163007","TENDE_SAPC",44.043167,7.586,636,2000082204,0.,1,"","","","","","","","","","","","","","","","","","","","","","","","","","","","","","","","","","",12.1,1,8.,1,12.1,1,"","",12.8,1,"","","","","","","","","","","","","","","","","","","","",76,1,"","","","","","","","","","","","",10.7,1,"","","","","","","","","","","","","","","","","","","","","","","","","","","","","","","","","","","","","","","","","","","","","","","","","","","","","","","","","","","","","","","","","","","","","","","","","","","","","","","","","","","","","","","","","","","","","","","","","","","","","","","","","","","","","","","","","","","",""
"06163007","TENDE_SAPC",44.043167,7.586,636,2000082205,0.,1,"","","","","","","","","","","","","","","","","","","","","","","","","","","","","","","","","","",11.5,1,7.6,1,11.4,1,"","",12.1,1,"","","","","","","","","","","","","","","","","","","","",77,1,"","","","","","","","","","","","",10.4,1,"","","","","","","","","","","","","","","","","","","","","","","","","","","","","","","","","","","","","","","","","","","","","","","","","","","","","","","","","","","","","","","","","","","","","","","","","","","","","","","","","","","","","","","","","","","","","","","","","","","","","","","","","","","","","","","","","","","",""
"06163007","TENDE_SAPC",44.043167,7.586,636,2000082206,0.,1,"","","","","","","","","","","","","","","","","","","","","","","","","","","","","","","","","","",11.4,1,7.5,1,11.3,1,"","",11.5,1,"","","","","","","","","","","","","","","","","","","","",77,1,"","","","","","","","","","","","",10.4,1,"","","","","","","","","","","","","","","","","","","","","","","","","","","","","","","","","","","","","","","","","","","","","","","","","","","","","","","","","","","","","","","","","","","","","","","","","","","","","","","","","","","","","","","","","","","","","","","","","","","","","","","","","","","","","","","","","","","",""
"06163007","TENDE_SAPC",44.043167,7.586,636,2000082207,0.,1,"","","","","","","","","","","","","","","","","","","","","","","","","","","","","","","","","","",11.6,1,7.9,1,11.3,1,"","",11.6,1,"","","","","","","","","","","","","","","","","","","","",78,1,"","","","","","","","","","","","",10.6,1,"","","","","","","","","","","","","","","","","","","","","","","","","","","","","","","","","","","","","","","","","","","","","","","","","","","","","","","","","","","","","","","","","","","","","","","","","","","","","","","","","","","","","","","","","","","","","","","","","","","","","","","","","","","","","","","","","","","",""
"06163007","TENDE_SAPC",44.043167,7.586,636,2000082208,0.,1,"","","","","","","","","","","","","","","","","","","","","","","","","","","","","","","","","","",17.1,1,7.4,1,11.6,1,"","",17.1,1,"","","","","","","","","","","","","","","","","","","","",53,1,"","","","","","","","","","","","",10.3,1,"","","","","","","","","","","","","","","","","","","","","","","","","","","","","","","","","","","","","","","","","","","","","","","","","","","","","","","","","","","","","","","","","","","","","","","","","","","","","","","","","","","","","","","","","","","","","","","","","","","","","","","","","","","","","","","","","","","",""
"06163007","TENDE_SAPC",44.043167,7.586,636,2000082209,0.,1,"","","","","","","","","","","","","","","","","","","","","","","","","","","","","","","","","","",23.3,1,7.4,1,17.3,1,"","",23.3,1,"","","","","","","","","","","","","","","","","","","","",36,1,"","","","","","","","","","","","",10.3,1,"","","","","","","","","","","","","","","","","","","","","","","","","","","","","","","","","","","","","","","","","","","","","","","","","","","","","","","","","","","","","","","","","","","","","","","","","","","","","","","","","","","","","","","","","","","","","","","","","","","","","","","","","","","","","","","","","","","",""
"06163007","TENDE_SAPC",44.043167,7.586,636,2000082210,0.,1,"","","","","","","","","","","","","","","","","","","","","","","","","","","","","","","","","","",27.5,1,7.4,1,23.4,1,"","",27.5,1,"","","","","","","","","","","","","","","","","","","","",28,1,"","","","","","","","","","","","",10.3,1,"","","","","","","","","","","","","","","","","","","","","","","","","","","","","","","","","","","","","","","","","","","","","","","","","","","","","","","","","","","","","","","","","","","","","","","","","","","","","","","","","","","","","","","","","","","","","","","","","","","","","","","","","","","","","","","","","","","",""
"06163007","TENDE_SAPC",44.043167,7.586,636,2000082211,0.,1,"","","","","","","","","","","","","","","","","","","","","","","","","","","","","","","","","","",30.,1,0.5,1,27.4,1,"","",30.,1,"","","","","","","","","","","","","","","","","","","","",15,1,"","","","","","","","","","","","",6.4,1,"","","","","","","","","","","","","","","","","","","","","","","","","","","","","","","","","","","","","","","","","","","","","","","","","","","","","","","","","","","","","","","","","","","","","","","","","","","","","","","","","","","","","","","","","","","","","","","","","","","","","","","","","","","","","","","","","","","",""
"06163007","TENDE_SAPC",44.043167,7.586,636,2000082212,0.,1,"","","","","","","","","","","","","","","","","","","","","","","","","","","","","","","","","","",31.1,1,-0.6,1,30.,1,"","",31.1,1,"","","","","","","","","","","","","","","","","","","","",13,1,"","","","","","","","","","","","",5.9,1,"","","","","","","","","","","","","","","","","","","","","","","","","","","","","","","","","","","","","","","","","","","","","","","","","","","","","","","","","","","","","","","","","","","","","","","","","","","","","","","","","","","","","","","","","","","","","","","","","","","","","","","","","","","","","","","","","","","",""
"06163007","TENDE_SAPC",44.043167,7.586,636,2000082213,0.,1,"","","","","","","","","","","","","","","","","","","","","","","","","","","","","","","","","","",31.,1,3.1,1,30.9,1,"","",31.7,1,"","","","","","","","","","","","","","","","","","","","",17,1,"","","","","","","","","","","","",7.6,1,"","","","","","","","","","","","","","","","","","","","","","","","","","","","","","","","","","","","","","","","","","","","","","","","","","","","","","","","","","","","","","","","","","","","","","","","","","","","","","","","","","","","","","","","","","","","","","","","","","","","","","","","","","","","","","","","","","","",""
"06163007","TENDE_SAPC",44.043167,7.586,636,2000082214,0.,1,"","","","","","","","","","","","","","","","","","","","","","","","","","","","","","","","","","",31.,1,6.1,1,30.8,1,"","",31.3,1,"","","","","","","","","","","","","","","","","","","","",21,1,"","","","","","","","","","","","",9.4,1,"","","","","","","","","","","","","","","","","","","","","","","","","","","","","","","","","","","","","","","","","","","","","","","","","","","","","","","","","","","","","","","","","","","","","","","","","","","","","","","","","","","","","","","","","","","","","","","","","","","","","","","","","","","","","","","","","","","",""
"06163007","TENDE_SAPC",44.043167,7.586,636,2000082215,0.,1,"","","","","","","","","","","","","","","","","","","","","","","","","","","","","","","","","","",29.3,1,9.9,1,29.3,1,"","",31.,1,"","","","","","","","","","","","","","","","","","","","",30,1,"","","","","","","","","","","","",12.2,1,"","","","","","","","","","","","","","","","","","","","","","","","","","","","","","","","","","","","","","","","","","","","","","","","","","","","","","","","","","","","","","","","","","","","","","","","","","","","","","","","","","","","","","","","","","","","","","","","","","","","","","","","","","","","","","","","","","","",""
"06163007","TENDE_SAPC",44.043167,7.586,636,2000082216,0.,1,"","","","","","","","","","","","","","","","","","","","","","","","","","","","","","","","","","",26.5,1,13.6,1,26.5,1,"","",29.3,1,"","","","","","","","","","","","","","","","","","","","",45,1,"","","","","","","","","","","","",15.5,1,"","","","","","","","","","","","","","","","","","","","","","","","","","","","","","","","","","","","","","","","","","","","","","","","","","","","","","","","","","","","","","","","","","","","","","","","","","","","","","","","","","","","","","","","","","","","","","","","","","","","","","","","","","","","","","","","","","","",""
"06163007","TENDE_SAPC",44.043167,7.586,636,2000082217,0.,1,"","","","","","","","","","","","","","","","","","","","","","","","","","","","","","","","","","",24.6,1,10.8,1,24.6,1,"","",26.4,1,"","","","","","","","","","","","","","","","","","","","",42,1,"","","","","","","","","","","","",13.,1,"","","","","","","","","","","","","","","","","","","","","","","","","","","","","","","","","","","","","","","","","","","","","","","","","","","","","","","","","","","","","","","","","","","","","","","","","","","","","","","","","","","","","","","","","","","","","","","","","","","","","","","","","","","","","","","","","","","",""
"06163007","TENDE_SAPC",44.043167,7.586,636,2000082218,0.,1,"","","","","","","","","","","","","","","","","","","","","","","","","","","","","","","","","","",24.3,1,9.1,1,23.7,1,"","",24.6,1,"","","","","","","","","","","","","","","","","","","","",38,1,"","","","","","","","","","","","",11.5,1,"","","","","","","","","","","","","","","","","","","","","","","","","","","","","","","","","","","","","","","","","","","","","","","","","","","","","","","","","","","","","","","","","","","","","","","","","","","","","","","","","","","","","","","","","","","","","","","","","","","","","","","","","","","","","","","","","","","",""
"06163007","TENDE_SAPC",44.043167,7.586,636,2000082219,0.,1,"","","","","","","","","","","","","","","","","","","","","","","","","","","","","","","","","","",21.7,1,8.9,1,21.7,1,"","",24.4,1,"","","","","","","","","","","","","","","","","","","","",44,1,"","","","","","","","","","","","",11.4,1,"","","","","","","","","","","","","","","","","","","","","","","","","","","","","","","","","","","","","","","","","","","","","","","","","","","","","","","","","","","","","","","","","","","","","","","","","","","","","","","","","","","","","","","","","","","","","","","","","","","","","","","","","","","","","","","","","","","",""
"06163007","TENDE_SAPC",44.043167,7.586,636,2000082220,0.,1,"","","","","","","","","","","","","","","","","","","","","","","","","","","","","","","","","","",18.7,1,9.2,1,18.7,1,"","",21.6,1,"","","","","","","","","","","","","","","","","","","","",54,1,"","","","","","","","","","","","",11.6,1,"","","","","","","","","","","","","","","","","","","","","","","","","","","","","","","","","","","","","","","","","","","","","","","","","","","","","","","","","","","","","","","","","","","","","","","","","","","","","","","","","","","","","","","","","","","","","","","","","","","","","","","","","","","","","","","","","","","",""
"06163007","TENDE_SAPC",44.043167,7.586,636,2000082221,0.,1,"","","","","","","","","","","","","","","","","","","","","","","","","","","","","","","","","","",17.8,1,8.1,1,17.8,1,"","",18.7,1,"","","","","","","","","","","","","","","","","","","","",53,1,"","","","","","","","","","","","",10.8,1,"","","","","","","","","","","","","","","","","","","","","","","","","","","","","","","","","","","","","","","","","","","","","","","","","","","","","","","","","","","","","","","","","","","","","","","","","","","","","","","","","","","","","","","","","","","","","","","","","","","","","","","","","","","","","","","","","","","",""
"06163007","TENDE_SAPC",44.043167,7.586,636,2000082222,0.,1,"","","","","","","","","","","","","","","","","","","","","","","","","","","","","","","","","","",17.3,1,7.1,1,17.3,1,"","",17.9,1,"","","","","","","","","","","","","","","","","","","","",51,1,"","","","","","","","","","","","",10.,1,"","","","","","","","","","","","","","","","","","","","","","","","","","","","","","","","","","","","","","","","","","","","","","","","","","","","","","","","","","","","","","","","","","","","","","","","","","","","","","","","","","","","","","","","","","","","","","","","","","","","","","","","","","","","","","","","","","","",""
"06163007","TENDE_SAPC",44.043167,7.586,636,2000082223,0.,1,"","","","","","","","","","","","","","","","","","","","","","","","","","","","","","","","","","",16.4,1,6.8,1,16.3,1,"","",17.3,1,"","","","","","","","","","","","","","","","","","","","",53,1,"","","","","","","","","","","","",9.9,1,"","","","","","","","","","","","","","","","","","","","","","","","","","","","","","","","","","","","","","","","","","","","","","","","","","","","","","","","","","","","","","","","","","","","","","","","","","","","","","","","","","","","","","","","","","","","","","","","","","","","","","","","","","","","","","","","","","","",""
"06163007","TENDE_SAPC",44.043167,7.586,636,2000082300,0.,1,"","","","","","","","","","","","","","","","","","","","","","","","","","","","","","","","","","",15.8,1,6.2,1,15.5,1,"","",16.4,1,"","","","","","","","","","","","","","","","","","","","",53,1,"","","","","","","","","","","","",9.5,1,"","","","","","","","","","","","","","","","","","","","","","","","","","","","","","","","","","","","","","","","","","","","","","","","","","","","","","","","","","","","","","","","","","","","","","","","","","","","","","","","","","","","","","","","","","","","","","","","","","","","","","","","","","","","","","","","","","","",""
"06163007","TENDE_SAPC",44.043167,7.586,636,2000082301,0.,1,"","","","","","","","","","","","","","","","","","","","","","","","","","","","","","","","","","",15.1,1,6.4,1,14.9,1,"","",15.9,1,"","","","","","","","","","","","","","","","","","","","",56,1,"","","","","","","","","","","","",9.6,1,"","","","","","","","","","","","","","","","","","","","","","","","","","","","","","","","","","","","","","","","","","","","","","","","","","","","","","","","","","","","","","","","","","","","","","","","","","","","","","","","","","","","","","","","","","","","","","","","","","","","","","","","","","","","","","","","","","","",""
"06163007","TENDE_SAPC",44.043167,7.586,636,2000082302,0.,1,"","","","","","","","","","","","","","","","","","","","","","","","","","","","","","","","","","",15.1,1,6.1,1,14.8,1,"","",15.2,1,"","","","","","","","","","","","","","","","","","","","",55,1,"","","","","","","","","","","","",9.4,1,"","","","","","","","","","","","","","","","","","","","","","","","","","","","","","","","","","","","","","","","","","","","","","","","","","","","","","","","","","","","","","","","","","","","","","","","","","","","","","","","","","","","","","","","","","","","","","","","","","","","","","","","","","","","","","","","","","","",""
"06163007","TENDE_SAPC",44.043167,7.586,636,2000082303,0.,1,"","","","","","","","","","","","","","","","","","","","","","","","","","","","","","","","","","",14.,1,6.1,1,14.,1,"","",15.,1,"","","","","","","","","","","","","","","","","","","","",59,1,"","","","","","","","","","","","",9.4,1,"","","","","","","","","","","","","","","","","","","","","","","","","","","","","","","","","","","","","","","","","","","","","","","","","","","","","","","","","","","","","","","","","","","","","","","","","","","","","","","","","","","","","","","","","","","","","","","","","","","","","","","","","","","","","","","","","","","",""
"06163007","TENDE_SAPC",44.043167,7.586,636,2000082304,0.,1,"","","","","","","","","","","","","","","","","","","","","","","","","","","","","","","","","","",13.5,1,5.6,1,13.5,1,"","",14.,1,"","","","","","","","","","","","","","","","","","","","",59,1,"","","","","","","","","","","","",9.1,1,"","","","","","","","","","","","","","","","","","","","","","","","","","","","","","","","","","","","","","","","","","","","","","","","","","","","","","","","","","","","","","","","","","","","","","","","","","","","","","","","","","","","","","","","","","","","","","","","","","","","","","","","","","","","","","","","","","","",""
"06163007","TENDE_SAPC",44.043167,7.586,636,2000082305,0.,1,"","","","","","","","","","","","","","","","","","","","","","","","","","","","","","","","","","",12.8,1,5.7,1,12.8,1,"","",13.5,1,"","","","","","","","","","","","","","","","","","","","",62,1,"","","","","","","","","","","","",9.1,1,"","","","","","","","","","","","","","","","","","","","","","","","","","","","","","","","","","","","","","","","","","","","","","","","","","","","","","","","","","","","","","","","","","","","","","","","","","","","","","","","","","","","","","","","","","","","","","","","","","","","","","","","","","","","","","","","","","","",""
"06163007","TENDE_SAPC",44.043167,7.586,636,2000082306,0.,1,"","","","","","","","","","","","","","","","","","","","","","","","","","","","","","","","","","",12.7,1,5.8,1,12.7,1,"","",12.9,1,"","","","","","","","","","","","","","","","","","","","",63,1,"","","","","","","","","","","","",9.2,1,"","","","","","","","","","","","","","","","","","","","","","","","","","","","","","","","","","","","","","","","","","","","","","","","","","","","","","","","","","","","","","","","","","","","","","","","","","","","","","","","","","","","","","","","","","","","","","","","","","","","","","","","","","","","","","","","","","","",""
"06163007","TENDE_SAPC",44.043167,7.586,636,2000082307,0.,1,"","","","","","","","","","","","","","","","","","","","","","","","","","","","","","","","","","",12.8,1,6.8,1,12.5,1,"","",12.8,1,"","","","","","","","","","","","","","","","","","","","",67,1,"","","","","","","","","","","","",9.9,1,"","","","","","","","","","","","","","","","","","","","","","","","","","","","","","","","","","","","","","","","","","","","","","","","","","","","","","","","","","","","","","","","","","","","","","","","","","","","","","","","","","","","","","","","","","","","","","","","","","","","","","","","","","","","","","","","","","","",""
"06163007","TENDE_SAPC",44.043167,7.586,636,2000082308,0.,1,"","","","","","","","","","","","","","","","","","","","","","","","","","","","","","","","","","",17.4,1,6.3,1,12.7,1,"","",17.4,1,"","","","","","","","","","","","","","","","","","","","",48,1,"","","","","","","","","","","","",9.5,1,"","","","","","","","","","","","","","","","","","","","","","","","","","","","","","","","","","","","","","","","","","","","","","","","","","","","","","","","","","","","","","","","","","","","","","","","","","","","","","","","","","","","","","","","","","","","","","","","","","","","","","","","","","","","","","","","","","","",""
"06163007","TENDE_SAPC",44.043167,7.586,636,2000082309,0.,1,"","","","","","","","","","","","","","","","","","","","","","","","","","","","","","","","","","",24.4,1,7.9,1,17.4,1,"","",24.4,1,"","","","","","","","","","","","","","","","","","","","",35,1,"","","","","","","","","","","","",10.7,1,"","","","","","","","","","","","","","","","","","","","","","","","","","","","","","","","","","","","","","","","","","","","","","","","","","","","","","","","","","","","","","","","","","","","","","","","","","","","","","","","","","","","","","","","","","","","","","","","","","","","","","","","","","","","","","","","","","","",""
"06163007","TENDE_SAPC",44.043167,7.586,636,2000082310,0.,1,"","","","","","","","","","","","","","","","","","","","","","","","","","","","","","","","","","",28.5,1,4.7,1,24.6,1,"","",28.5,1,"","","","","","","","","","","","","","","","","","","","",22,1,"","","","","","","","","","","","",8.5,1,"","","","","","","","","","","","","","","","","","","","","","","","","","","","","","","","","","","","","","","","","","","","","","","","","","","","","","","","","","","","","","","","","","","","","","","","","","","","","","","","","","","","","","","","","","","","","","","","","","","","","","","","","","","","","","","","","","","",""
"06163007","TENDE_SAPC",44.043167,7.586,636,2000082311,0.,1,"","","","","","","","","","","","","","","","","","","","","","","","","","","","","","","","","","",30.3,1,5.5,1,28.5,1,"","",30.3,1,"","","","","","","","","","","","","","","","","","","","",21,1,"","","","","","","","","","","","",9.,1,"","","","","","","","","","","","","","","","","","","","","","","","","","","","","","","","","","","","","","","","","","","","","","","","","","","","","","","","","","","","","","","","","","","","","","","","","","","","","","","","","","","","","","","","","","","","","","","","","","","","","","","","","","","","","","","","","","","",""
"06163007","TENDE_SAPC",44.043167,7.586,636,2000082312,0.,1,"","","","","","","","","","","","","","","","","","","","","","","","","","","","","","","","","","",30.5,1,9.4,1,30.3,1,"","",30.9,1,"","","","","","","","","","","","","","","","","","","","",27,1,"","","","","","","","","","","","",11.8,1,"","","","","","","","","","","","","","","","","","","","","","","","","","","","","","","","","","","","","","","","","","","","","","","","","","","","","","","","","","","","","","","","","","","","","","","","","","","","","","","","","","","","","","","","","","","","","","","","","","","","","","","","","","","","","","","","","","","",""
"06163007","TENDE_SAPC",44.043167,7.586,636,2000082313,0.,1,"","","","","","","","","","","","","","","","","","","","","","","","","","","","","","","","","","",28.6,1,11.6,1,28.6,1,"","",30.4,1,"","","","","","","","","","","","","","","","","","","","",35,1,"","","","","","","","","","","","",13.7,1,"","","","","","","","","","","","","","","","","","","","","","","","","","","","","","","","","","","","","","","","","","","","","","","","","","","","","","","","","","","","","","","","","","","","","","","","","","","","","","","","","","","","","","","","","","","","","","","","","","","","","","","","","","","","","","","","","","","",""
"06163007","TENDE_SAPC",44.043167,7.586,636,2000082314,0.,1,"","","","","","","","","","","","","","","","","","","","","","","","","","","","","","","","","","",28.5,1,12.4,1,28.3,1,"","",28.7,1,"","","","","","","","","","","","","","","","","","","","",37,1,"","","","","","","","","","","","",14.4,1,"","","","","","","","","","","","","","","","","","","","","","","","","","","","","","","","","","","","","","","","","","","","","","","","","","","","","","","","","","","","","","","","","","","","","","","","","","","","","","","","","","","","","","","","","","","","","","","","","","","","","","","","","","","","","","","","","","","",""
"06163007","TENDE_SAPC",44.043167,7.586,636,2000082315,0.,1,"","","","","","","","","","","","","","","","","","","","","","","","","","","","","","","","","","",28.3,1,11.8,1,28.,1,"","",28.5,1,"","","","","","","","","","","","","","","","","","","","",36,1,"","","","","","","","","","","","",13.8,1,"","","","","","","","","","","","","","","","","","","","","","","","","","","","","","","","","","","","","","","","","","","","","","","","","","","","","","","","","","","","","","","","","","","","","","","","","","","","","","","","","","","","","","","","","","","","","","","","","","","","","","","","","","","","","","","","","","","",""
"06163007","TENDE_SAPC",44.043167,7.586,636,2000082316,0.,1,"","","","","","","","","","","","","","","","","","","","","","","","","","","","","","","","","","",26.8,1,12.4,1,26.8,1,"","",28.2,1,"","","","","","","","","","","","","","","","","","","","",41,1,"","","","","","","","","","","","",14.4,1,"","","","","","","","","","","","","","","","","","","","","","","","","","","","","","","","","","","","","","","","","","","","","","","","","","","","","","","","","","","","","","","","","","","","","","","","","","","","","","","","","","","","","","","","","","","","","","","","","","","","","","","","","","","","","","","","","","","",""
"06163007","TENDE_SAPC",44.043167,7.586,636,2000082317,0.,1,"","","","","","","","","","","","","","","","","","","","","","","","","","","","","","","","","","",25.7,1,12.2,1,25.7,1,"","",26.8,1,"","","","","","","","","","","","","","","","","","","","",43,1,"","","","","","","","","","","","",14.2,1,"","","","","","","","","","","","","","","","","","","","","","","","","","","","","","","","","","","","","","","","","","","","","","","","","","","","","","","","","","","","","","","","","","","","","","","","","","","","","","","","","","","","","","","","","","","","","","","","","","","","","","","","","","","","","","","","","","","",""
"06163007","TENDE_SAPC",44.043167,7.586,636,2000082318,0.,1,"","","","","","","","","","","","","","","","","","","","","","","","","","","","","","","","","","",24.3,1,12.3,1,24.3,1,"","",25.6,1,"","","","","","","","","","","","","","","","","","","","",47,1,"","","","","","","","","","","","",14.2,1,"","","","","","","","","","","","","","","","","","","","","","","","","","","","","","","","","","","","","","","","","","","","","","","","","","","","","","","","","","","","","","","","","","","","","","","","","","","","","","","","","","","","","","","","","","","","","","","","","","","","","","","","","","","","","","","","","","","",""
"06163007","TENDE_SAPC",44.043167,7.586,636,2000082319,0.,1,"","","","","","","","","","","","","","","","","","","","","","","","","","","","","","","","","","",20.9,1,12.8,1,20.9,1,"","",24.2,1,"","","","","","","","","","","","","","","","","","","","",60,1,"","","","","","","","","","","","",14.8,1,"","","","","","","","","","","","","","","","","","","","","","","","","","","","","","","","","","","","","","","","","","","","","","","","","","","","","","","","","","","","","","","","","","","","","","","","","","","","","","","","","","","","","","","","","","","","","","","","","","","","","","","","","","","","","","","","","","","",""
"06163007","TENDE_SAPC",44.043167,7.586,636,2000082320,0.,1,"","","","","","","","","","","","","","","","","","","","","","","","","","","","","","","","","","",18.9,1,12.6,1,18.9,1,"","",20.9,1,"","","","","","","","","","","","","","","","","","","","",67,1,"","","","","","","","","","","","",14.6,1,"","","","","","","","","","","","","","","","","","","","","","","","","","","","","","","","","","","","","","","","","","","","","","","","","","","","","","","","","","","","","","","","","","","","","","","","","","","","","","","","","","","","","","","","","","","","","","","","","","","","","","","","","","","","","","","","","","","",""
"06163007","TENDE_SAPC",44.043167,7.586,636,2000082321,0.,1,"","","","","","","","","","","","","","","","","","","","","","","","","","","","","","","","","","",19.8,1,11.3,1,18.7,1,"","",19.8,1,"","","","","","","","","","","","","","","","","","","","",58,1,"","","","","","","","","","","","",13.4,1,"","","","","","","","","","","","","","","","","","","","","","","","","","","","","","","","","","","","","","","","","","","","","","","","","","","","","","","","","","","","","","","","","","","","","","","","","","","","","","","","","","","","","","","","","","","","","","","","","","","","","","","","","","","","","","","","","","","",""
"06163007","TENDE_SAPC",44.043167,7.586,636,2000082322,0.,1,"","","","","","","","","","","","","","","","","","","","","","","","","","","","","","","","","","",18.6,1,11.4,1,18.6,1,"","",19.9,1,"","","","","","","","","","","","","","","","","","","","",63,1,"","","","","","","","","","","","",13.5,1,"","","","","","","","","","","","","","","","","","","","","","","","","","","","","","","","","","","","","","","","","","","","","","","","","","","","","","","","","","","","","","","","","","","","","","","","","","","","","","","","","","","","","","","","","","","","","","","","","","","","","","","","","","","","","","","","","","","",""
"06163007","TENDE_SAPC",44.043167,7.586,636,2000082323,0.,1,"","","","","","","","","","","","","","","","","","","","","","","","","","","","","","","","","","",18.2,1,11.,1,18.2,1,"","",18.6,1,"","","","","","","","","","","","","","","","","","","","",63,1,"","","","","","","","","","","","",13.1,1,"","","","","","","","","","","","","","","","","","","","","","","","","","","","","","","","","","","","","","","","","","","","","","","","","","","","","","","","","","","","","","","","","","","","","","","","","","","","","","","","","","","","","","","","","","","","","","","","","","","","","","","","","","","","","","","","","","","",""
"06163007","TENDE_SAPC",44.043167,7.586,636,2000082400,0.,1,"","","","","","","","","","","","","","","","","","","","","","","","","","","","","","","","","","",17.,1,10.8,1,17.,1,"","",18.2,1,"","","","","","","","","","","","","","","","","","","","",67,1,"","","","","","","","","","","","",13.,1,"","","","","","","","","","","","","","","","","","","","","","","","","","","","","","","","","","","","","","","","","","","","","","","","","","","","","","","","","","","","","","","","","","","","","","","","","","","","","","","","","","","","","","","","","","","","","","","","","","","","","","","","","","","","","","","","","","","",""
"06163007","TENDE_SAPC",44.043167,7.586,636,2000082401,0.,1,"","","","","","","","","","","","","","","","","","","","","","","","","","","","","","","","","","",16.5,1,10.1,1,16.5,1,"","",17.1,1,"","","","","","","","","","","","","","","","","","","","",66,1,"","","","","","","","","","","","",12.4,1,"","","","","","","","","","","","","","","","","","","","","","","","","","","","","","","","","","","","","","","","","","","","","","","","","","","","","","","","","","","","","","","","","","","","","","","","","","","","","","","","","","","","","","","","","","","","","","","","","","","","","","","","","","","","","","","","","","","",""
"06163007","TENDE_SAPC",44.043167,7.586,636,2000082402,0.,1,"","","","","","","","","","","","","","","","","","","","","","","","","","","","","","","","","","",15.6,1,9.9,1,15.6,1,"","",16.6,1,"","","","","","","","","","","","","","","","","","","","",69,1,"","","","","","","","","","","","",12.2,1,"","","","","","","","","","","","","","","","","","","","","","","","","","","","","","","","","","","","","","","","","","","","","","","","","","","","","","","","","","","","","","","","","","","","","","","","","","","","","","","","","","","","","","","","","","","","","","","","","","","","","","","","","","","","","","","","","","","",""
"06163007","TENDE_SAPC",44.043167,7.586,636,2000082403,0.,1,"","","","","","","","","","","","","","","","","","","","","","","","","","","","","","","","","","",15.4,1,9.1,1,15.4,1,"","",15.7,1,"","","","","","","","","","","","","","","","","","","","",66,1,"","","","","","","","","","","","",11.5,1,"","","","","","","","","","","","","","","","","","","","","","","","","","","","","","","","","","","","","","","","","","","","","","","","","","","","","","","","","","","","","","","","","","","","","","","","","","","","","","","","","","","","","","","","","","","","","","","","","","","","","","","","","","","","","","","","","","","",""
"06163007","TENDE_SAPC",44.043167,7.586,636,2000082404,0.,1,"","","","","","","","","","","","","","","","","","","","","","","","","","","","","","","","","","",15.5,1,8.5,1,15.3,1,"","",15.6,1,"","","","","","","","","","","","","","","","","","","","",63,1,"","","","","","","","","","","","",11.1,1,"","","","","","","","","","","","","","","","","","","","","","","","","","","","","","","","","","","","","","","","","","","","","","","","","","","","","","","","","","","","","","","","","","","","","","","","","","","","","","","","","","","","","","","","","","","","","","","","","","","","","","","","","","","","","","","","","","","",""
"06163007","TENDE_SAPC",44.043167,7.586,636,2000082405,0.,1,"","","","","","","","","","","","","","","","","","","","","","","","","","","","","","","","","","",15.8,1,8.,1,15.5,1,"","",16.,1,"","","","","","","","","","","","","","","","","","","","",60,1,"","","","","","","","","","","","",10.7,1,"","","","","","","","","","","","","","","","","","","","","","","","","","","","","","","","","","","","","","","","","","","","","","","","","","","","","","","","","","","","","","","","","","","","","","","","","","","","","","","","","","","","","","","","","","","","","","","","","","","","","","","","","","","","","","","","","","","",""
"06163007","TENDE_SAPC",44.043167,7.586,636,2000082406,0.,1,"","","","","","","","","","","","","","","","","","","","","","","","","","","","","","","","","","",16.,1,8.5,1,15.5,1,"","",16.,1,"","","","","","","","","","","","","","","","","","","","",61,1,"","","","","","","","","","","","",11.1,1,"","","","","","","","","","","","","","","","","","","","","","","","","","","","","","","","","","","","","","","","","","","","","","","","","","","","","","","","","","","","","","","","","","","","","","","","","","","","","","","","","","","","","","","","","","","","","","","","","","","","","","","","","","","","","","","","","","","",""
"06163007","TENDE_SAPC",44.043167,7.586,636,2000082407,0.,1,"","","","","","","","","","","","","","","","","","","","","","","","","","","","","","","","","","",17.2,1,9.9,1,16.1,1,"","",17.5,1,"","","","","","","","","","","","","","","","","","","","",62,1,"","","","","","","","","","","","",12.1,1,"","","","","","","","","","","","","","","","","","","","","","","","","","","","","","","","","","","","","","","","","","","","","","","","","","","","","","","","","","","","","","","","","","","","","","","","","","","","","","","","","","","","","","","","","","","","","","","","","","","","","","","","","","","","","","","","","","","",""
"06163007","TENDE_SAPC",44.043167,7.586,636,2000082408,0.,1,"","","","","","","","","","","","","","","","","","","","","","","","","","","","","","","","","","",20.,1,10.1,1,17.,1,"","",20.,1,"","","","","","","","","","","","","","","","","","","","",53,1,"","","","","","","","","","","","",12.4,1,"","","","","","","","","","","","","","","","","","","","","","","","","","","","","","","","","","","","","","","","","","","","","","","","","","","","","","","","","","","","","","","","","","","","","","","","","","","","","","","","","","","","","","","","","","","","","","","","","","","","","","","","","","","","","","","","","","","",""
"06163007","TENDE_SAPC",44.043167,7.586,636,2000082409,0.,1,"","","","","","","","","","","","","","","","","","","","","","","","","","","","","","","","","","",23.,1,11.4,1,20.1,1,"","",23.,1,"","","","","","","","","","","","","","","","","","","","",48,1,"","","","","","","","","","","","",13.5,1,"","","","","","","","","","","","","","","","","","","","","","","","","","","","","","","","","","","","","","","","","","","","","","","","","","","","","","","","","","","","","","","","","","","","","","","","","","","","","","","","","","","","","","","","","","","","","","","","","","","","","","","","","","","","","","","","","","","",""
"06163007","TENDE_SAPC",44.043167,7.586,636,2000082410,0.,1,"","","","","","","","","","","","","","","","","","","","","","","","","","","","","","","","","","",26.1,1,10.3,1,23.1,1,"","",26.1,1,"","","","","","","","","","","","","","","","","","","","",37,1,"","","","","","","","","","","","",12.5,1,"","","","","","","","","","","","","","","","","","","","","","","","","","","","","","","","","","","","","","","","","","","","","","","","","","","","","","","","","","","","","","","","","","","","","","","","","","","","","","","","","","","","","","","","","","","","","","","","","","","","","","","","","","","","","","","","","","","",""
"06163007","TENDE_SAPC",44.043167,7.586,636,2000082411,0.,1,"","","","","","","","","","","","","","","","","","","","","","","","","","","","","","","","","","",29.7,1,8.1,1,26.1,1,"","",29.7,1,"","","","","","","","","","","","","","","","","","","","",26,1,"","","","","","","","","","","","",10.8,1,"","","","","","","","","","","","","","","","","","","","","","","","","","","","","","","","","","","","","","","","","","","","","","","","","","","","","","","","","","","","","","","","","","","","","","","","","","","","","","","","","","","","","","","","","","","","","","","","","","","","","","","","","","","","","","","","","","","",""
"06163007","TENDE_SAPC",44.043167,7.586,636,2000082412,0.,1,"","","","","","","","","","","","","","","","","","","","","","","","","","","","","","","","","","",31.7,1,8.6,1,29.1,1,"","",31.7,1,"","","","","","","","","","","","","","","","","","","","",24,1,"","","","","","","","","","","","",11.2,1,"","","","","","","","","","","","","","","","","","","","","","","","","","","","","","","","","","","","","","","","","","","","","","","","","","","","","","","","","","","","","","","","","","","","","","","","","","","","","","","","","","","","","","","","","","","","","","","","","","","","","","","","","","","","","","","","","","","",""
"06163007","TENDE_SAPC",44.043167,7.586,636,2000082413,0.,1,"","","","","","","","","","","","","","","","","","","","","","","","","","","","","","","","","","",31.4,1,11.2,1,30.9,1,"","",32.2,1,"","","","","","","","","","","","","","","","","","","","",29,1,"","","","","","","","","","","","",13.3,1,"","","","","","","","","","","","","","","","","","","","","","","","","","","","","","","","","","","","","","","","","","","","","","","","","","","","","","","","","","","","","","","","","","","","","","","","","","","","","","","","","","","","","","","","","","","","","","","","","","","","","","","","","","","","","","","","","","","",""
"06163007","TENDE_SAPC",44.043167,7.586,636,2000082414,0.,1,"","","","","","","","","","","","","","","","","","","","","","","","","","","","","","","","","","",30.1,1,14.6,1,29.7,1,"","",31.2,1,"","","","","","","","","","","","","","","","","","","","",39,1,"","","","","","","","","","","","",16.6,1,"","","","","","","","","","","","","","","","","","","","","","","","","","","","","","","","","","","","","","","","","","","","","","","","","","","","","","","","","","","","","","","","","","","","","","","","","","","","","","","","","","","","","","","","","","","","","","","","","","","","","","","","","","","","","","","","","","","",""
"06163007","TENDE_SAPC",44.043167,7.586,636,2000082415,0.,1,"","","","","","","","","","","","","","","","","","","","","","","","","","","","","","","","","","",29.8,1,14.4,1,29.8,1,"","",30.3,1,"","","","","","","","","","","","","","","","","","","","",39,1,"","","","","","","","","","","","",16.3,1,"","","","","","","","","","","","","","","","","","","","","","","","","","","","","","","","","","","","","","","","","","","","","","","","","","","","","","","","","","","","","","","","","","","","","","","","","","","","","","","","","","","","","","","","","","","","","","","","","","","","","","","","","","","","","","","","","","","",""
"06163007","TENDE_SAPC",44.043167,7.586,636,2000082416,0.,1,"","","","","","","","","","","","","","","","","","","","","","","","","","","","","","","","","","",28.4,1,15.7,1,28.4,1,"","",29.8,1,"","","","","","","","","","","","","","","","","","","","",46,1,"","","","","","","","","","","","",17.8,1,"","","","","","","","","","","","","","","","","","","","","","","","","","","","","","","","","","","","","","","","","","","","","","","","","","","","","","","","","","","","","","","","","","","","","","","","","","","","","","","","","","","","","","","","","","","","","","","","","","","","","","","","","","","","","","","","","","","",""
"06163007","TENDE_SAPC",44.043167,7.586,636,2000082417,0.,1,"","","","","","","","","","","","","","","","","","","","","","","","","","","","","","","","","","",26.6,1,16.8,1,26.6,1,"","",28.4,1,"","","","","","","","","","","","","","","","","","","","",55,1,"","","","","","","","","","","","",19.1,1,"","","","","","","","","","","","","","","","","","","","","","","","","","","","","","","","","","","","","","","","","","","","","","","","","","","","","","","","","","","","","","","","","","","","","","","","","","","","","","","","","","","","","","","","","","","","","","","","","","","","","","","","","","","","","","","","","","","",""
"06163007","TENDE_SAPC",44.043167,7.586,636,2000082418,0.,1,"","","","","","","","","","","","","","","","","","","","","","","","","","","","","","","","","","",24.4,1,17.1,1,24.4,1,"","",26.6,1,"","","","","","","","","","","","","","","","","","","","",64,1,"","","","","","","","","","","","",19.5,1,"","","","","","","","","","","","","","","","","","","","","","","","","","","","","","","","","","","","","","","","","","","","","","","","","","","","","","","","","","","","","","","","","","","","","","","","","","","","","","","","","","","","","","","","","","","","","","","","","","","","","","","","","","","","","","","","","","","",""
"06163007","TENDE_SAPC",44.043167,7.586,636,2000082419,0.,1,"","","","","","","","","","","","","","","","","","","","","","","","","","","","","","","","","","",21.6,1,15.4,1,21.6,1,"","",24.3,1,"","","","","","","","","","","","","","","","","","","","",68,1,"","","","","","","","","","","","",17.5,1,"","","","","","","","","","","","","","","","","","","","","","","","","","","","","","","","","","","","","","","","","","","","","","","","","","","","","","","","","","","","","","","","","","","","","","","","","","","","","","","","","","","","","","","","","","","","","","","","","","","","","","","","","","","","","","","","","","","",""
"06163007","TENDE_SAPC",44.043167,7.586,636,2000082420,0.,1,"","","","","","","","","","","","","","","","","","","","","","","","","","","","","","","","","","",20.5,1,13.9,1,20.5,1,"","",21.6,1,"","","","","","","","","","","","","","","","","","","","",66,1,"","","","","","","","","","","","",15.9,1,"","","","","","","","","","","","","","","","","","","","","","","","","","","","","","","","","","","","","","","","","","","","","","","","","","","","","","","","","","","","","","","","","","","","","","","","","","","","","","","","","","","","","","","","","","","","","","","","","","","","","","","","","","","","","","","","","","","",""
"06163007","TENDE_SAPC",44.043167,7.586,636,2000082421,0.,1,"","","","","","","","","","","","","","","","","","","","","","","","","","","","","","","","","","",20.4,1,12.6,1,20.2,1,"","",20.8,1,"","","","","","","","","","","","","","","","","","","","",61,1,"","","","","","","","","","","","",14.6,1,"","","","","","","","","","","","","","","","","","","","","","","","","","","","","","","","","","","","","","","","","","","","","","","","","","","","","","","","","","","","","","","","","","","","","","","","","","","","","","","","","","","","","","","","","","","","","","","","","","","","","","","","","","","","","","","","","","","",""
"06163007","TENDE_SAPC",44.043167,7.586,636,2000082422,0.,1,"","","","","","","","","","","","","","","","","","","","","","","","","","","","","","","","","","",19.7,1,10.9,1,19.6,1,"","",20.4,1,"","","","","","","","","","","","","","","","","","","","",57,1,"","","","","","","","","","","","",13.1,1,"","","","","","","","","","","","","","","","","","","","","","","","","","","","","","","","","","","","","","","","","","","","","","","","","","","","","","","","","","","","","","","","","","","","","","","","","","","","","","","","","","","","","","","","","","","","","","","","","","","","","","","","","","","","","","","","","","","",""
"06163007","TENDE_SAPC",44.043167,7.586,636,2000082423,0.,1,"","","","","","","","","","","","","","","","","","","","","","","","","","","","","","","","","","",18.4,1,10.2,1,18.4,1,"","",19.8,1,"","","","","","","","","","","","","","","","","","","","",59,1,"","","","","","","","","","","","",12.5,1,"","","","","","","","","","","","","","","","","","","","","","","","","","","","","","","","","","","","","","","","","","","","","","","","","","","","","","","","","","","","","","","","","","","","","","","","","","","","","","","","","","","","","","","","","","","","","","","","","","","","","","","","","","","","","","","","","","","",""
"06163007","TENDE_SAPC",44.043167,7.586,636,2000082500,0.,1,"","","","","","","","","","","","","","","","","","","","","","","","","","","","","","","","","","",17.5,1,9.4,1,17.5,1,"","",18.4,1,"","","","","","","","","","","","","","","","","","","","",59,1,"","","","","","","","","","","","",11.8,1,"","","","","","","","","","","","","","","","","","","","","","","","","","","","","","","","","","","","","","","","","","","","","","","","","","","","","","","","","","","","","","","","","","","","","","","","","","","","","","","","","","","","","","","","","","","","","","","","","","","","","","","","","","","","","","","","","","","",""
"06163007","TENDE_SAPC",44.043167,7.586,636,2000082501,0.,1,"","","","","","","","","","","","","","","","","","","","","","","","","","","","","","","","","","",17.1,1,8.8,1,17.1,1,"","",17.6,1,"","","","","","","","","","","","","","","","","","","","",58,1,"","","","","","","","","","","","",11.3,1,"","","","","","","","","","","","","","","","","","","","","","","","","","","","","","","","","","","","","","","","","","","","","","","","","","","","","","","","","","","","","","","","","","","","","","","","","","","","","","","","","","","","","","","","","","","","","","","","","","","","","","","","","","","","","","","","","","","",""
"06163007","TENDE_SAPC",44.043167,7.586,636,2000082502,0.,1,"","","","","","","","","","","","","","","","","","","","","","","","","","","","","","","","","","",16.8,1,8.2,1,16.7,1,"","",17.6,1,"","","","","","","","","","","","","","","","","","","","",57,1,"","","","","","","","","","","","",10.9,1,"","","","","","","","","","","","","","","","","","","","","","","","","","","","","","","","","","","","","","","","","","","","","","","","","","","","","","","","","","","","","","","","","","","","","","","","","","","","","","","","","","","","","","","","","","","","","","","","","","","","","","","","","","","","","","","","","","","",""
"06163007","TENDE_SAPC",44.043167,7.586,636,2000082503,0.,1,"","","","","","","","","","","","","","","","","","","","","","","","","","","","","","","","","","",15.9,1,7.6,1,15.9,1,"","",16.7,1,"","","","","","","","","","","","","","","","","","","","",58,1,"","","","","","","","","","","","",10.5,1,"","","","","","","","","","","","","","","","","","","","","","","","","","","","","","","","","","","","","","","","","","","","","","","","","","","","","","","","","","","","","","","","","","","","","","","","","","","","","","","","","","","","","","","","","","","","","","","","","","","","","","","","","","","","","","","","","","","",""
"06163007","TENDE_SAPC",44.043167,7.586,636,2000082504,0.,1,"","","","","","","","","","","","","","","","","","","","","","","","","","","","","","","","","","",15.6,1,7.1,1,15.6,1,"","",16.,1,"","","","","","","","","","","","","","","","","","","","",57,1,"","","","","","","","","","","","",10.1,1,"","","","","","","","","","","","","","","","","","","","","","","","","","","","","","","","","","","","","","","","","","","","","","","","","","","","","","","","","","","","","","","","","","","","","","","","","","","","","","","","","","","","","","","","","","","","","","","","","","","","","","","","","","","","","","","","","","","",""
"06163007","TENDE_SAPC",44.043167,7.586,636,2000082505,0.,1,"","","","","","","","","","","","","","","","","","","","","","","","","","","","","","","","","","",15.8,1,7.,1,15.5,1,"","",16.2,1,"","","","","","","","","","","","","","","","","","","","",56,1,"","","","","","","","","","","","",10.,1,"","","","","","","","","","","","","","","","","","","","","","","","","","","","","","","","","","","","","","","","","","","","","","","","","","","","","","","","","","","","","","","","","","","","","","","","","","","","","","","","","","","","","","","","","","","","","","","","","","","","","","","","","","","","","","","","","","","",""
"06163007","TENDE_SAPC",44.043167,7.586,636,2000082506,0.,1,"","","","","","","","","","","","","","","","","","","","","","","","","","","","","","","","","","",16.2,1,7.4,1,15.4,1,"","",16.3,1,"","","","","","","","","","","","","","","","","","","","",56,1,"","","","","","","","","","","","",10.3,1,"","","","","","","","","","","","","","","","","","","","","","","","","","","","","","","","","","","","","","","","","","","","","","","","","","","","","","","","","","","","","","","","","","","","","","","","","","","","","","","","","","","","","","","","","","","","","","","","","","","","","","","","","","","","","","","","","","","",""
"06163007","TENDE_SAPC",44.043167,7.586,636,2000082507,0.,1,"","","","","","","","","","","","","","","","","","","","","","","","","","","","","","","","","","",16.4,1,7.9,1,15.8,1,"","",16.6,1,"","","","","","","","","","","","","","","","","","","","",57,1,"","","","","","","","","","","","",10.6,1,"","","","","","","","","","","","","","","","","","","","","","","","","","","","","","","","","","","","","","","","","","","","","","","","","","","","","","","","","","","","","","","","","","","","","","","","","","","","","","","","","","","","","","","","","","","","","","","","","","","","","","","","","","","","","","","","","","","",""
"06163007","TENDE_SAPC",44.043167,7.586,636,2000082508,0.,1,"","","","","","","","","","","","","","","","","","","","","","","","","","","","","","","","","","",20.,1,9.5,1,16.2,1,"","",20.,1,"","","","","","","","","","","","","","","","","","","","",51,1,"","","","","","","","","","","","",11.9,1,"","","","","","","","","","","","","","","","","","","","","","","","","","","","","","","","","","","","","","","","","","","","","","","","","","","","","","","","","","","","","","","","","","","","","","","","","","","","","","","","","","","","","","","","","","","","","","","","","","","","","","","","","","","","","","","","","","","",""
"06163007","TENDE_SAPC",44.043167,7.586,636,2000082509,0.,1,"","","","","","","","","","","","","","","","","","","","","","","","","","","","","","","","","","",25.9,1,10.9,1,20.1,1,"","",25.9,1,"","","","","","","","","","","","","","","","","","","","",39,1,"","","","","","","","","","","","",13.,1,"","","","","","","","","","","","","","","","","","","","","","","","","","","","","","","","","","","","","","","","","","","","","","","","","","","","","","","","","","","","","","","","","","","","","","","","","","","","","","","","","","","","","","","","","","","","","","","","","","","","","","","","","","","","","","","","","","","",""
"06163007","TENDE_SAPC",44.043167,7.586,636,2000082510,0.,1,"","","","","","","","","","","","","","","","","","","","","","","","","","","","","","","","","","",30.1,1,7.9,1,26.1,1,"","",30.1,1,"","","","","","","","","","","","","","","","","","","","",25,1,"","","","","","","","","","","","",10.6,1,"","","","","","","","","","","","","","","","","","","","","","","","","","","","","","","","","","","","","","","","","","","","","","","","","","","","","","","","","","","","","","","","","","","","","","","","","","","","","","","","","","","","","","","","","","","","","","","","","","","","","","","","","","","","","","","","","","","",""
"06163007","TENDE_SAPC",44.043167,7.586,636,2000082511,0.,1,"","","","","","","","","","","","","","","","","","","","","","","","","","","","","","","","","","",31.2,1,9.4,1,30.,1,"","",31.2,1,"","","","","","","","","","","","","","","","","","","","",26,1,"","","","","","","","","","","","",11.8,1,"","","","","","","","","","","","","","","","","","","","","","","","","","","","","","","","","","","","","","","","","","","","","","","","","","","","","","","","","","","","","","","","","","","","","","","","","","","","","","","","","","","","","","","","","","","","","","","","","","","","","","","","","","","","","","","","","","","",""
"06163007","TENDE_SAPC",44.043167,7.586,636,2000082512,0.,1,"","","","","","","","","","","","","","","","","","","","","","","","","","","","","","","","","","",32.3,1,9.2,1,30.8,1,"","",32.3,1,"","","","","","","","","","","","","","","","","","","","",24,1,"","","","","","","","","","","","",11.6,1,"","","","","","","","","","","","","","","","","","","","","","","","","","","","","","","","","","","","","","","","","","","","","","","","","","","","","","","","","","","","","","","","","","","","","","","","","","","","","","","","","","","","","","","","","","","","","","","","","","","","","","","","","","","","","","","","","","","",""
"06163007","TENDE_SAPC",44.043167,7.586,636,2000082513,0.,1,"","","","","","","","","","","","","","","","","","","","","","","","","","","","","","","","","","",31.5,1,11.3,1,31.4,1,"","",32.7,1,"","","","","","","","","","","","","","","","","","","","",29,1,"","","","","","","","","","","","",13.4,1,"","","","","","","","","","","","","","","","","","","","","","","","","","","","","","","","","","","","","","","","","","","","","","","","","","","","","","","","","","","","","","","","","","","","","","","","","","","","","","","","","","","","","","","","","","","","","","","","","","","","","","","","","","","","","","","","","","","",""
"06163007","TENDE_SAPC",44.043167,7.586,636,2000082514,0.,1,"","","","","","","","","","","","","","","","","","","","","","","","","","","","","","","","","","",32.,1,11.7,1,31.5,1,"","",32.,1,"","","","","","","","","","","","","","","","","","","","",29,1,"","","","","","","","","","","","",13.8,1,"","","","","","","","","","","","","","","","","","","","","","","","","","","","","","","","","","","","","","","","","","","","","","","","","","","","","","","","","","","","","","","","","","","","","","","","","","","","","","","","","","","","","","","","","","","","","","","","","","","","","","","","","","","","","","","","","","","",""
"06163007","TENDE_SAPC",44.043167,7.586,636,2000082515,0.,1,"","","","","","","","","","","","","","","","","","","","","","","","","","","","","","","","","","",30.4,1,11.9,1,30.4,1,"","",31.9,1,"","","","","","","","","","","","","","","","","","","","",32,1,"","","","","","","","","","","","",13.9,1,"","","","","","","","","","","","","","","","","","","","","","","","","","","","","","","","","","","","","","","","","","","","","","","","","","","","","","","","","","","","","","","","","","","","","","","","","","","","","","","","","","","","","","","","","","","","","","","","","","","","","","","","","","","","","","","","","","","",""
"06163007","TENDE_SAPC",44.043167,7.586,636,2000082516,0.,1,"","","","","","","","","","","","","","","","","","","","","","","","","","","","","","","","","","",28.5,1,13.6,1,28.5,1,"","",30.4,1,"","","","","","","","","","","","","","","","","","","","",40,1,"","","","","","","","","","","","",15.5,1,"","","","","","","","","","","","","","","","","","","","","","","","","","","","","","","","","","","","","","","","","","","","","","","","","","","","","","","","","","","","","","","","","","","","","","","","","","","","","","","","","","","","","","","","","","","","","","","","","","","","","","","","","","","","","","","","","","","",""
"06163007","TENDE_SAPC",44.043167,7.586,636,2000082517,0.,1,"","","","","","","","","","","","","","","","","","","","","","","","","","","","","","","","","","",27.4,1,14.4,1,27.4,1,"","",28.5,1,"","","","","","","","","","","","","","","","","","","","",45,1,"","","","","","","","","","","","",16.4,1,"","","","","","","","","","","","","","","","","","","","","","","","","","","","","","","","","","","","","","","","","","","","","","","","","","","","","","","","","","","","","","","","","","","","","","","","","","","","","","","","","","","","","","","","","","","","","","","","","","","","","","","","","","","","","","","","","","","",""
"06163007","TENDE_SAPC",44.043167,7.586,636,2000082518,0.,1,"","","","","","","","","","","","","","","","","","","","","","","","","","","","","","","","","","",24.5,1,14.9,1,24.5,1,"","",27.4,1,"","","","","","","","","","","","","","","","","","","","",55,1,"","","","","","","","","","","","",16.9,1,"","","","","","","","","","","","","","","","","","","","","","","","","","","","","","","","","","","","","","","","","","","","","","","","","","","","","","","","","","","","","","","","","","","","","","","","","","","","","","","","","","","","","","","","","","","","","","","","","","","","","","","","","","","","","","","","","","","",""
"06163007","TENDE_SAPC",44.043167,7.586,636,2000082519,0.,1,"","","","","","","","","","","","","","","","","","","","","","","","","","","","","","","","","","",22.,1,14.4,1,22.,1,"","",24.5,1,"","","","","","","","","","","","","","","","","","","","",62,1,"","","","","","","","","","","","",16.4,1,"","","","","","","","","","","","","","","","","","","","","","","","","","","","","","","","","","","","","","","","","","","","","","","","","","","","","","","","","","","","","","","","","","","","","","","","","","","","","","","","","","","","","","","","","","","","","","","","","","","","","","","","","","","","","","","","","","","",""
"06163007","TENDE_SAPC",44.043167,7.586,636,2000082520,0.,1,"","","","","","","","","","","","","","","","","","","","","","","","","","","","","","","","","","",22.,1,13.9,1,21.4,1,"","",22.1,1,"","","","","","","","","","","","","","","","","","","","",60,1,"","","","","","","","","","","","",15.8,1,"","","","","","","","","","","","","","","","","","","","","","","","","","","","","","","","","","","","","","","","","","","","","","","","","","","","","","","","","","","","","","","","","","","","","","","","","","","","","","","","","","","","","","","","","","","","","","","","","","","","","","","","","","","","","","","","","","","",""
"06163007","TENDE_SAPC",44.043167,7.586,636,2000082521,0.,1,"","","","","","","","","","","","","","","","","","","","","","","","","","","","","","","","","","",21.7,1,12.8,1,21.7,1,"","",22.,1,"","","","","","","","","","","","","","","","","","","","",57,1,"","","","","","","","","","","","",14.8,1,"","","","","","","","","","","","","","","","","","","","","","","","","","","","","","","","","","","","","","","","","","","","","","","","","","","","","","","","","","","","","","","","","","","","","","","","","","","","","","","","","","","","","","","","","","","","","","","","","","","","","","","","","","","","","","","","","","","",""
"06163007","TENDE_SAPC",44.043167,7.586,636,2000082522,0.,1,"","","","","","","","","","","","","","","","","","","","","","","","","","","","","","","","","","",20.6,1,12.3,1,20.6,1,"","",22.,1,"","","","","","","","","","","","","","","","","","","","",59,1,"","","","","","","","","","","","",14.3,1,"","","","","","","","","","","","","","","","","","","","","","","","","","","","","","","","","","","","","","","","","","","","","","","","","","","","","","","","","","","","","","","","","","","","","","","","","","","","","","","","","","","","","","","","","","","","","","","","","","","","","","","","","","","","","","","","","","","",""
"06163007","TENDE_SAPC",44.043167,7.586,636,2000082523,0.,1,"","","","","","","","","","","","","","","","","","","","","","","","","","","","","","","","","","",18.4,1,11.9,1,18.4,1,"","",20.6,1,"","","","","","","","","","","","","","","","","","","","",66,1,"","","","","","","","","","","","",13.9,1,"","","","","","","","","","","","","","","","","","","","","","","","","","","","","","","","","","","","","","","","","","","","","","","","","","","","","","","","","","","","","","","","","","","","","","","","","","","","","","","","","","","","","","","","","","","","","","","","","","","","","","","","","","","","","","","","","","","",""
"06163007","TENDE_SAPC",44.043167,7.586,636,2000082600,0.,1,"","","","","","","","","","","","","","","","","","","","","","","","","","","","","","","","","","",18.9,1,10.7,1,17.9,1,"","",18.9,1,"","","","","","","","","","","","","","","","","","","","",59,1,"","","","","","","","","","","","",12.9,1,"","","","","","","","","","","","","","","","","","","","","","","","","","","","","","","","","","","","","","","","","","","","","","","","","","","","","","","","","","","","","","","","","","","","","","","","","","","","","","","","","","","","","","","","","","","","","","","","","","","","","","","","","","","","","","","","","","","",""
"06163007","TENDE_SAPC",44.043167,7.586,636,2000082601,0.,1,"","","","","","","","","","","","","","","","","","","","","","","","","","","","","","","","","","",18.,1,10.1,1,18.,1,"","",18.9,1,"","","","","","","","","","","","","","","","","","","","",60,1,"","","","","","","","","","","","",12.4,1,"","","","","","","","","","","","","","","","","","","","","","","","","","","","","","","","","","","","","","","","","","","","","","","","","","","","","","","","","","","","","","","","","","","","","","","","","","","","","","","","","","","","","","","","","","","","","","","","","","","","","","","","","","","","","","","","","","","",""
"06163007","TENDE_SAPC",44.043167,7.586,636,2000082602,0.,1,"","","","","","","","","","","","","","","","","","","","","","","","","","","","","","","","","","",16.4,1,9.6,1,16.4,1,"","",18.,1,"","","","","","","","","","","","","","","","","","","","",64,1,"","","","","","","","","","","","",11.9,1,"","","","","","","","","","","","","","","","","","","","","","","","","","","","","","","","","","","","","","","","","","","","","","","","","","","","","","","","","","","","","","","","","","","","","","","","","","","","","","","","","","","","","","","","","","","","","","","","","","","","","","","","","","","","","","","","","","","",""
"06163007","TENDE_SAPC",44.043167,7.586,636,2000082603,0.,1,"","","","","","","","","","","","","","","","","","","","","","","","","","","","","","","","","","",16.7,1,8.9,1,15.9,1,"","",16.7,1,"","","","","","","","","","","","","","","","","","","","",60,1,"","","","","","","","","","","","",11.4,1,"","","","","","","","","","","","","","","","","","","","","","","","","","","","","","","","","","","","","","","","","","","","","","","","","","","","","","","","","","","","","","","","","","","","","","","","","","","","","","","","","","","","","","","","","","","","","","","","","","","","","","","","","","","","","","","","","","","",""
"06163007","TENDE_SAPC",44.043167,7.586,636,2000082604,0.,1,"","","","","","","","","","","","","","","","","","","","","","","","","","","","","","","","","","",16.,1,8.7,1,16.,1,"","",16.7,1,"","","","","","","","","","","","","","","","","","","","",62,1,"","","","","","","","","","","","",11.2,1,"","","","","","","","","","","","","","","","","","","","","","","","","","","","","","","","","","","","","","","","","","","","","","","","","","","","","","","","","","","","","","","","","","","","","","","","","","","","","","","","","","","","","","","","","","","","","","","","","","","","","","","","","","","","","","","","","","","",""
"06163007","TENDE_SAPC",44.043167,7.586,636,2000082605,0.,1,"","","","","","","","","","","","","","","","","","","","","","","","","","","","","","","","","","",15.9,1,8.1,1,15.8,1,"","",16.3,1,"","","","","","","","","","","","","","","","","","","","",60,1,"","","","","","","","","","","","",10.8,1,"","","","","","","","","","","","","","","","","","","","","","","","","","","","","","","","","","","","","","","","","","","","","","","","","","","","","","","","","","","","","","","","","","","","","","","","","","","","","","","","","","","","","","","","","","","","","","","","","","","","","","","","","","","","","","","","","","","",""
"06163007","TENDE_SAPC",44.043167,7.586,636,2000082606,0.,1,"","","","","","","","","","","","","","","","","","","","","","","","","","","","","","","","","","",15.8,1,8.,1,15.5,1,"","",15.9,1,"","","","","","","","","","","","","","","","","","","","",60,1,"","","","","","","","","","","","",10.7,1,"","","","","","","","","","","","","","","","","","","","","","","","","","","","","","","","","","","","","","","","","","","","","","","","","","","","","","","","","","","","","","","","","","","","","","","","","","","","","","","","","","","","","","","","","","","","","","","","","","","","","","","","","","","","","","","","","","","",""
"06163007","TENDE_SAPC",44.043167,7.586,636,2000082607,0.,1,"","","","","","","","","","","","","","","","","","","","","","","","","","","","","","","","","","",17.1,1,9.8,1,15.8,1,"","",17.2,1,"","","","","","","","","","","","","","","","","","","","",62,1,"","","","","","","","","","","","",12.1,1,"","","","","","","","","","","","","","","","","","","","","","","","","","","","","","","","","","","","","","","","","","","","","","","","","","","","","","","","","","","","","","","","","","","","","","","","","","","","","","","","","","","","","","","","","","","","","","","","","","","","","","","","","","","","","","","","","","","",""
"06163007","TENDE_SAPC",44.043167,7.586,636,2000082608,0.,1,"","","","","","","","","","","","","","","","","","","","","","","","","","","","","","","","","","",20.4,1,10.8,1,17.1,1,"","",20.4,1,"","","","","","","","","","","","","","","","","","","","",54,1,"","","","","","","","","","","","",12.9,1,"","","","","","","","","","","","","","","","","","","","","","","","","","","","","","","","","","","","","","","","","","","","","","","","","","","","","","","","","","","","","","","","","","","","","","","","","","","","","","","","","","","","","","","","","","","","","","","","","","","","","","","","","","","","","","","","","","","",""
"06163007","TENDE_SAPC",44.043167,7.586,636,2000082609,0.,1,"","","","","","","","","","","","","","","","","","","","","","","","","","","","","","","","","","",25.8,1,11.2,1,20.5,1,"","",25.8,1,"","","","","","","","","","","","","","","","","","","","",40,1,"","","","","","","","","","","","",13.3,1,"","","","","","","","","","","","","","","","","","","","","","","","","","","","","","","","","","","","","","","","","","","","","","","","","","","","","","","","","","","","","","","","","","","","","","","","","","","","","","","","","","","","","","","","","","","","","","","","","","","","","","","","","","","","","","","","","","","",""
"06163007","TENDE_SAPC",44.043167,7.586,636,2000082610,0.,1,"","","","","","","","","","","","","","","","","","","","","","","","","","","","","","","","","","",29.2,1,8.8,1,25.8,1,"","",29.2,1,"","","","","","","","","","","","","","","","","","","","",28,1,"","","","","","","","","","","","",11.3,1,"","","","","","","","","","","","","","","","","","","","","","","","","","","","","","","","","","","","","","","","","","","","","","","","","","","","","","","","","","","","","","","","","","","","","","","","","","","","","","","","","","","","","","","","","","","","","","","","","","","","","","","","","","","","","","","","","","","",""
"06163007","TENDE_SAPC",44.043167,7.586,636,2000082611,0.,1,"","","","","","","","","","","","","","","","","","","","","","","","","","","","","","","","","","",30.5,1,10.5,1,29.3,1,"","",30.5,1,"","","","","","","","","","","","","","","","","","","","",29,1,"","","","","","","","","","","","",12.6,1,"","","","","","","","","","","","","","","","","","","","","","","","","","","","","","","","","","","","","","","","","","","","","","","","","","","","","","","","","","","","","","","","","","","","","","","","","","","","","","","","","","","","","","","","","","","","","","","","","","","","","","","","","","","","","","","","","","","",""
"06163007","TENDE_SAPC",44.043167,7.586,636,2000082612,0.,1,"","","","","","","","","","","","","","","","","","","","","","","","","","","","","","","","","","",31.2,1,11.6,1,30.4,1,"","",31.4,1,"","","","","","","","","","","","","","","","","","","","",30,1,"","","","","","","","","","","","",13.6,1,"","","","","","","","","","","","","","","","","","","","","","","","","","","","","","","","","","","","","","","","","","","","","","","","","","","","","","","","","","","","","","","","","","","","","","","","","","","","","","","","","","","","","","","","","","","","","","","","","","","","","","","","","","","","","","","","","","","",""
"06163007","TENDE_SAPC",44.043167,7.586,636,2000082613,0.,1,"","","","","","","","","","","","","","","","","","","","","","","","","","","","","","","","","","",31.2,1,13.,1,31.2,1,"","",31.9,1,"","","","","","","","","","","","","","","","","","","","",33,1,"","","","","","","","","","","","",15.,1,"","","","","","","","","","","","","","","","","","","","","","","","","","","","","","","","","","","","","","","","","","","","","","","","","","","","","","","","","","","","","","","","","","","","","","","","","","","","","","","","","","","","","","","","","","","","","","","","","","","","","","","","","","","","","","","","","","","",""
"06163007","TENDE_SAPC",44.043167,7.586,636,2000082614,0.,1,"","","","","","","","","","","","","","","","","","","","","","","","","","","","","","","","","","",30.1,1,13.8,1,30.1,1,"","",31.2,1,"","","","","","","","","","","","","","","","","","","","",37,1,"","","","","","","","","","","","",15.8,1,"","","","","","","","","","","","","","","","","","","","","","","","","","","","","","","","","","","","","","","","","","","","","","","","","","","","","","","","","","","","","","","","","","","","","","","","","","","","","","","","","","","","","","","","","","","","","","","","","","","","","","","","","","","","","","","","","","","",""
"06163007","TENDE_SAPC",44.043167,7.586,636,2000082615,0.,1,"","","","","","","","","","","","","","","","","","","","","","","","","","","","","","","","","","",29.7,1,13.5,1,29.6,1,"","",30.1,1,"","","","","","","","","","","","","","","","","","","","",37,1,"","","","","","","","","","","","",15.4,1,"","","","","","","","","","","","","","","","","","","","","","","","","","","","","","","","","","","","","","","","","","","","","","","","","","","","","","","","","","","","","","","","","","","","","","","","","","","","","","","","","","","","","","","","","","","","","","","","","","","","","","","","","","","","","","","","","","","",""
"06163007","TENDE_SAPC",44.043167,7.586,636,2000082616,0.,1,"","","","","","","","","","","","","","","","","","","","","","","","","","","","","","","","","","",28.2,1,14.1,1,28.2,1,"","",29.7,1,"","","","","","","","","","","","","","","","","","","","",42,1,"","","","","","","","","","","","",16.,1,"","","","","","","","","","","","","","","","","","","","","","","","","","","","","","","","","","","","","","","","","","","","","","","","","","","","","","","","","","","","","","","","","","","","","","","","","","","","","","","","","","","","","","","","","","","","","","","","","","","","","","","","","","","","","","","","","","","",""
"06163007","TENDE_SAPC",44.043167,7.586,636,2000082617,0.,1,"","","","","","","","","","","","","","","","","","","","","","","","","","","","","","","","","","",26.8,1,13.5,1,26.8,1,"","",28.2,1,"","","","","","","","","","","","","","","","","","","","",44,1,"","","","","","","","","","","","",15.5,1,"","","","","","","","","","","","","","","","","","","","","","","","","","","","","","","","","","","","","","","","","","","","","","","","","","","","","","","","","","","","","","","","","","","","","","","","","","","","","","","","","","","","","","","","","","","","","","","","","","","","","","","","","","","","","","","","","","","",""
"06163007","TENDE_SAPC",44.043167,7.586,636,2000082618,0.,1,"","","","","","","","","","","","","","","","","","","","","","","","","","","","","","","","","","",25.5,1,13.4,1,25.5,1,"","",26.8,1,"","","","","","","","","","","","","","","","","","","","",47,1,"","","","","","","","","","","","",15.3,1,"","","","","","","","","","","","","","","","","","","","","","","","","","","","","","","","","","","","","","","","","","","","","","","","","","","","","","","","","","","","","","","","","","","","","","","","","","","","","","","","","","","","","","","","","","","","","","","","","","","","","","","","","","","","","","","","","","","",""
"06163007","TENDE_SAPC",44.043167,7.586,636,2000082619,0.,1,"","","","","","","","","","","","","","","","","","","","","","","","","","","","","","","","","","",21.5,1,13.4,1,21.5,1,"","",25.4,1,"","","","","","","","","","","","","","","","","","","","",60,1,"","","","","","","","","","","","",15.3,1,"","","","","","","","","","","","","","","","","","","","","","","","","","","","","","","","","","","","","","","","","","","","","","","","","","","","","","","","","","","","","","","","","","","","","","","","","","","","","","","","","","","","","","","","","","","","","","","","","","","","","","","","","","","","","","","","","","","",""
"06163007","TENDE_SAPC",44.043167,7.586,636,2000082620,0.,1,"","","","","","","","","","","","","","","","","","","","","","","","","","","","","","","","","","",19.9,1,13.1,1,19.9,1,"","",21.4,1,"","","","","","","","","","","","","","","","","","","","",65,1,"","","","","","","","","","","","",15.1,1,"","","","","","","","","","","","","","","","","","","","","","","","","","","","","","","","","","","","","","","","","","","","","","","","","","","","","","","","","","","","","","","","","","","","","","","","","","","","","","","","","","","","","","","","","","","","","","","","","","","","","","","","","","","","","","","","","","","",""
"06163007","TENDE_SAPC",44.043167,7.586,636,2000082621,0.,1,"","","","","","","","","","","","","","","","","","","","","","","","","","","","","","","","","","",19.2,1,12.5,1,19.2,1,"","",19.9,1,"","","","","","","","","","","","","","","","","","","","",65,1,"","","","","","","","","","","","",14.4,1,"","","","","","","","","","","","","","","","","","","","","","","","","","","","","","","","","","","","","","","","","","","","","","","","","","","","","","","","","","","","","","","","","","","","","","","","","","","","","","","","","","","","","","","","","","","","","","","","","","","","","","","","","","","","","","","","","","","",""
"06163007","TENDE_SAPC",44.043167,7.586,636,2000082622,0.,1,"","","","","","","","","","","","","","","","","","","","","","","","","","","","","","","","","","",18.6,1,11.4,1,18.6,1,"","",19.2,1,"","","","","","","","","","","","","","","","","","","","",63,1,"","","","","","","","","","","","",13.5,1,"","","","","","","","","","","","","","","","","","","","","","","","","","","","","","","","","","","","","","","","","","","","","","","","","","","","","","","","","","","","","","","","","","","","","","","","","","","","","","","","","","","","","","","","","","","","","","","","","","","","","","","","","","","","","","","","","","","",""
"06163007","TENDE_SAPC",44.043167,7.586,636,2000082623,0.,1,"","","","","","","","","","","","","","","","","","","","","","","","","","","","","","","","","","",17.8,1,10.4,1,17.7,1,"","",18.6,1,"","","","","","","","","","","","","","","","","","","","",62,1,"","","","","","","","","","","","",12.6,1,"","","","","","","","","","","","","","","","","","","","","","","","","","","","","","","","","","","","","","","","","","","","","","","","","","","","","","","","","","","","","","","","","","","","","","","","","","","","","","","","","","","","","","","","","","","","","","","","","","","","","","","","","","","","","","","","","","","",""
"06163007","TENDE_SAPC",44.043167,7.586,636,2000082700,0.,1,"","","","","","","","","","","","","","","","","","","","","","","","","","","","","","","","","","",16.7,1,10.1,1,16.7,1,"","",17.8,1,"","","","","","","","","","","","","","","","","","","","",65,1,"","","","","","","","","","","","",12.3,1,"","","","","","","","","","","","","","","","","","","","","","","","","","","","","","","","","","","","","","","","","","","","","","","","","","","","","","","","","","","","","","","","","","","","","","","","","","","","","","","","","","","","","","","","","","","","","","","","","","","","","","","","","","","","","","","","","","","",""
"06163007","TENDE_SAPC",44.043167,7.586,636,2000082701,0.,1,"","","","","","","","","","","","","","","","","","","","","","","","","","","","","","","","","","",16.,1,9.4,1,16.,1,"","",16.6,1,"","","","","","","","","","","","","","","","","","","","",65,1,"","","","","","","","","","","","",11.8,1,"","","","","","","","","","","","","","","","","","","","","","","","","","","","","","","","","","","","","","","","","","","","","","","","","","","","","","","","","","","","","","","","","","","","","","","","","","","","","","","","","","","","","","","","","","","","","","","","","","","","","","","","","","","","","","","","","","","",""
"06163007","TENDE_SAPC",44.043167,7.586,636,2000082702,0.,1,"","","","","","","","","","","","","","","","","","","","","","","","","","","","","","","","","","",15.6,1,8.8,1,15.6,1,"","",16.,1,"","","","","","","","","","","","","","","","","","","","",64,1,"","","","","","","","","","","","",11.3,1,"","","","","","","","","","","","","","","","","","","","","","","","","","","","","","","","","","","","","","","","","","","","","","","","","","","","","","","","","","","","","","","","","","","","","","","","","","","","","","","","","","","","","","","","","","","","","","","","","","","","","","","","","","","","","","","","","","","",""
"06163007","TENDE_SAPC",44.043167,7.586,636,2000082703,0.,1,"","","","","","","","","","","","","","","","","","","","","","","","","","","","","","","","","","",15.,1,9.1,1,15.,1,"","",15.7,1,"","","","","","","","","","","","","","","","","","","","",68,1,"","","","","","","","","","","","",11.6,1,"","","","","","","","","","","","","","","","","","","","","","","","","","","","","","","","","","","","","","","","","","","","","","","","","","","","","","","","","","","","","","","","","","","","","","","","","","","","","","","","","","","","","","","","","","","","","","","","","","","","","","","","","","","","","","","","","","","",""
"06163007","TENDE_SAPC",44.043167,7.586,636,2000082704,0.,1,"","","","","","","","","","","","","","","","","","","","","","","","","","","","","","","","","","",15.,1,9.8,1,14.9,1,"","",15.1,1,"","","","","","","","","","","","","","","","","","","","",71,1,"","","","","","","","","","","","",12.1,1,"","","","","","","","","","","","","","","","","","","","","","","","","","","","","","","","","","","","","","","","","","","","","","","","","","","","","","","","","","","","","","","","","","","","","","","","","","","","","","","","","","","","","","","","","","","","","","","","","","","","","","","","","","","","","","","","","","","",""
"06163007","TENDE_SAPC",44.043167,7.586,636,2000082705,0.,1,"","","","","","","","","","","","","","","","","","","","","","","","","","","","","","","","","","",14.7,1,10.1,1,14.6,1,"","",15.,1,"","","","","","","","","","","","","","","","","","","","",74,1,"","","","","","","","","","","","",12.4,1,"","","","","","","","","","","","","","","","","","","","","","","","","","","","","","","","","","","","","","","","","","","","","","","","","","","","","","","","","","","","","","","","","","","","","","","","","","","","","","","","","","","","","","","","","","","","","","","","","","","","","","","","","","","","","","","","","","","",""
"06163007","TENDE_SAPC",44.043167,7.586,636,2000082706,0.,1,"","","","","","","","","","","","","","","","","","","","","","","","","","","","","","","","","","",15.,1,10.4,1,14.5,1,"","",15.,1,"","","","","","","","","","","","","","","","","","","","",74,1,"","","","","","","","","","","","",12.6,1,"","","","","","","","","","","","","","","","","","","","","","","","","","","","","","","","","","","","","","","","","","","","","","","","","","","","","","","","","","","","","","","","","","","","","","","","","","","","","","","","","","","","","","","","","","","","","","","","","","","","","","","","","","","","","","","","","","","",""
"06163007","TENDE_SAPC",44.043167,7.586,636,2000082707,0.,1,"","","","","","","","","","","","","","","","","","","","","","","","","","","","","","","","","","",16.,1,11.4,1,15.,1,"","",16.,1,"","","","","","","","","","","","","","","","","","","","",74,1,"","","","","","","","","","","","",13.4,1,"","","","","","","","","","","","","","","","","","","","","","","","","","","","","","","","","","","","","","","","","","","","","","","","","","","","","","","","","","","","","","","","","","","","","","","","","","","","","","","","","","","","","","","","","","","","","","","","","","","","","","","","","","","","","","","","","","","",""
"06163007","TENDE_SAPC",44.043167,7.586,636,2000082708,0.,1,"","","","","","","","","","","","","","","","","","","","","","","","","","","","","","","","","","",19.5,1,11.3,1,16.,1,"","",19.5,1,"","","","","","","","","","","","","","","","","","","","",59,1,"","","","","","","","","","","","",13.3,1,"","","","","","","","","","","","","","","","","","","","","","","","","","","","","","","","","","","","","","","","","","","","","","","","","","","","","","","","","","","","","","","","","","","","","","","","","","","","","","","","","","","","","","","","","","","","","","","","","","","","","","","","","","","","","","","","","","","",""
"06163007","TENDE_SAPC",44.043167,7.586,636,2000082709,0.,1,"","","","","","","","","","","","","","","","","","","","","","","","","","","","","","","","","","",24.,1,12.6,1,19.6,1,"","",24.,1,"","","","","","","","","","","","","","","","","","","","",49,1,"","","","","","","","","","","","",14.6,1,"","","","","","","","","","","","","","","","","","","","","","","","","","","","","","","","","","","","","","","","","","","","","","","","","","","","","","","","","","","","","","","","","","","","","","","","","","","","","","","","","","","","","","","","","","","","","","","","","","","","","","","","","","","","","","","","","","","",""
"06163007","TENDE_SAPC",44.043167,7.586,636,2000082710,0.,1,"","","","","","","","","","","","","","","","","","","","","","","","","","","","","","","","","","",25.8,1,12.6,1,24.,1,"","",25.8,1,"","","","","","","","","","","","","","","","","","","","",44,1,"","","","","","","","","","","","",14.6,1,"","","","","","","","","","","","","","","","","","","","","","","","","","","","","","","","","","","","","","","","","","","","","","","","","","","","","","","","","","","","","","","","","","","","","","","","","","","","","","","","","","","","","","","","","","","","","","","","","","","","","","","","","","","","","","","","","","","",""
"06163007","TENDE_SAPC",44.043167,7.586,636,2000082711,0.,1,"","","","","","","","","","","","","","","","","","","","","","","","","","","","","","","","","","",26.6,1,11.9,1,25.,1,"","",26.6,1,"","","","","","","","","","","","","","","","","","","","",40,1,"","","","","","","","","","","","",13.9,1,"","","","","","","","","","","","","","","","","","","","","","","","","","","","","","","","","","","","","","","","","","","","","","","","","","","","","","","","","","","","","","","","","","","","","","","","","","","","","","","","","","","","","","","","","","","","","","","","","","","","","","","","","","","","","","","","","","","",""
"06163007","TENDE_SAPC",44.043167,7.586,636,2000082712,0.,1,"","","","","","","","","","","","","","","","","","","","","","","","","","","","","","","","","","",26.8,1,12.4,1,26.4,1,"","",26.9,1,"","","","","","","","","","","","","","","","","","","","",41,1,"","","","","","","","","","","","",14.4,1,"","","","","","","","","","","","","","","","","","","","","","","","","","","","","","","","","","","","","","","","","","","","","","","","","","","","","","","","","","","","","","","","","","","","","","","","","","","","","","","","","","","","","","","","","","","","","","","","","","","","","","","","","","","","","","","","","","","",""
"06163007","TENDE_SAPC",44.043167,7.586,636,2000082713,0.,1,"","","","","","","","","","","","","","","","","","","","","","","","","","","","","","","","","","",25.3,1,13.5,1,25.3,1,"","",26.7,1,"","","","","","","","","","","","","","","","","","","","",48,1,"","","","","","","","","","","","",15.4,1,"","","","","","","","","","","","","","","","","","","","","","","","","","","","","","","","","","","","","","","","","","","","","","","","","","","","","","","","","","","","","","","","","","","","","","","","","","","","","","","","","","","","","","","","","","","","","","","","","","","","","","","","","","","","","","","","","","","",""
"06163007","TENDE_SAPC",44.043167,7.586,636,2000082714,0.,1,"","","","","","","","","","","","","","","","","","","","","","","","","","","","","","","","","","",24.,1,16.8,1,24.,1,"","",25.3,1,"","","","","","","","","","","","","","","","","","","","",64,1,"","","","","","","","","","","","",19.1,1,"","","","","","","","","","","","","","","","","","","","","","","","","","","","","","","","","","","","","","","","","","","","","","","","","","","","","","","","","","","","","","","","","","","","","","","","","","","","","","","","","","","","","","","","","","","","","","","","","","","","","","","","","","","","","","","","","","","",""
"06163007","TENDE_SAPC",44.043167,7.586,636,2000082715,1.2,1,"","","","","","","","","","","","","","","","","","","","","","","","","","","","","","","","","","",21.5,1,17.9,1,21.4,1,"","",23.9,1,"","","","","","","","","","","","","","","","","","","","",80,1,"","","","","","","","","","","","",20.5,1,"","","","","","","","","","","","","","","","","","","","","","","","","","","","","","","","","","","","","","","","","","","","","","","","","","","","","","","","","","","","","","","","","","","","","","","","","","","","","","","","","","","","","","","","","","","","","","","","","","","","","","","","","","","","","","","","","","","",""
"06163007","TENDE_SAPC",44.043167,7.586,636,2000082716,0.,1,"","","","","","","","","","","","","","","","","","","","","","","","","","","","","","","","","","",21.8,1,18.,1,21.4,1,"","",21.9,1,"","","","","","","","","","","","","","","","","","","","",79,1,"","","","","","","","","","","","",20.6,1,"","","","","","","","","","","","","","","","","","","","","","","","","","","","","","","","","","","","","","","","","","","","","","","","","","","","","","","","","","","","","","","","","","","","","","","","","","","","","","","","","","","","","","","","","","","","","","","","","","","","","","","","","","","","","","","","","","","",""
"06163007","TENDE_SAPC",44.043167,7.586,636,2000082717,0.,1,"","","","","","","","","","","","","","","","","","","","","","","","","","","","","","","","","","",20.4,1,15.8,1,20.3,1,"","",21.9,1,"","","","","","","","","","","","","","","","","","","","",75,1,"","","","","","","","","","","","",17.9,1,"","","","","","","","","","","","","","","","","","","","","","","","","","","","","","","","","","","","","","","","","","","","","","","","","","","","","","","","","","","","","","","","","","","","","","","","","","","","","","","","","","","","","","","","","","","","","","","","","","","","","","","","","","","","","","","","","","","",""
"06163007","TENDE_SAPC",44.043167,7.586,636,2000082718,0.,1,"","","","","","","","","","","","","","","","","","","","","","","","","","","","","","","","","","",19.7,1,16.2,1,19.7,1,"","",20.4,1,"","","","","","","","","","","","","","","","","","","","",80,1,"","","","","","","","","","","","",18.3,1,"","","","","","","","","","","","","","","","","","","","","","","","","","","","","","","","","","","","","","","","","","","","","","","","","","","","","","","","","","","","","","","","","","","","","","","","","","","","","","","","","","","","","","","","","","","","","","","","","","","","","","","","","","","","","","","","","","","",""
"06163007","TENDE_SAPC",44.043167,7.586,636,2000082719,0.,1,"","","","","","","","","","","","","","","","","","","","","","","","","","","","","","","","","","",18.7,1,15.4,1,18.7,1,"","",19.7,1,"","","","","","","","","","","","","","","","","","","","",81,1,"","","","","","","","","","","","",17.4,1,"","","","","","","","","","","","","","","","","","","","","","","","","","","","","","","","","","","","","","","","","","","","","","","","","","","","","","","","","","","","","","","","","","","","","","","","","","","","","","","","","","","","","","","","","","","","","","","","","","","","","","","","","","","","","","","","","","","",""
"06163007","TENDE_SAPC",44.043167,7.586,636,2000082720,0.,1,"","","","","","","","","","","","","","","","","","","","","","","","","","","","","","","","","","",18.4,1,14.5,1,18.4,1,"","",18.7,1,"","","","","","","","","","","","","","","","","","","","",78,1,"","","","","","","","","","","","",16.5,1,"","","","","","","","","","","","","","","","","","","","","","","","","","","","","","","","","","","","","","","","","","","","","","","","","","","","","","","","","","","","","","","","","","","","","","","","","","","","","","","","","","","","","","","","","","","","","","","","","","","","","","","","","","","","","","","","","","","",""
"06163007","TENDE_SAPC",44.043167,7.586,636,2000082721,0.,1,"","","","","","","","","","","","","","","","","","","","","","","","","","","","","","","","","","",17.2,1,13.9,1,17.2,1,"","",18.4,1,"","","","","","","","","","","","","","","","","","","","",81,1,"","","","","","","","","","","","",15.9,1,"","","","","","","","","","","","","","","","","","","","","","","","","","","","","","","","","","","","","","","","","","","","","","","","","","","","","","","","","","","","","","","","","","","","","","","","","","","","","","","","","","","","","","","","","","","","","","","","","","","","","","","","","","","","","","","","","","","",""
"06163007","TENDE_SAPC",44.043167,7.586,636,2000082722,0.,1,"","","","","","","","","","","","","","","","","","","","","","","","","","","","","","","","","","",16.8,1,13.1,1,16.7,1,"","",17.1,1,"","","","","","","","","","","","","","","","","","","","",79,1,"","","","","","","","","","","","",15.1,1,"","","","","","","","","","","","","","","","","","","","","","","","","","","","","","","","","","","","","","","","","","","","","","","","","","","","","","","","","","","","","","","","","","","","","","","","","","","","","","","","","","","","","","","","","","","","","","","","","","","","","","","","","","","","","","","","","","","",""
"06163007","TENDE_SAPC",44.043167,7.586,636,2000082723,0.,1,"","","","","","","","","","","","","","","","","","","","","","","","","","","","","","","","","","",16.5,1,12.6,1,16.5,1,"","",16.7,1,"","","","","","","","","","","","","","","","","","","","",78,1,"","","","","","","","","","","","",14.6,1,"","","","","","","","","","","","","","","","","","","","","","","","","","","","","","","","","","","","","","","","","","","","","","","","","","","","","","","","","","","","","","","","","","","","","","","","","","","","","","","","","","","","","","","","","","","","","","","","","","","","","","","","","","","","","","","","","","","",""
"06163007","TENDE_SAPC",44.043167,7.586,636,2000082800,0.,1,"","","","","","","","","","","","","","","","","","","","","","","","","","","","","","","","","","",16.1,1,12.3,1,16.1,1,"","",16.5,1,"","","","","","","","","","","","","","","","","","","","",78,1,"","","","","","","","","","","","",14.2,1,"","","","","","","","","","","","","","","","","","","","","","","","","","","","","","","","","","","","","","","","","","","","","","","","","","","","","","","","","","","","","","","","","","","","","","","","","","","","","","","","","","","","","","","","","","","","","","","","","","","","","","","","","","","","","","","","","","","",""
"06163007","TENDE_SAPC",44.043167,7.586,636,2000082801,0.,1,"","","","","","","","","","","","","","","","","","","","","","","","","","","","","","","","","","",16.4,1,11.1,1,15.6,1,"","",16.4,1,"","","","","","","","","","","","","","","","","","","","",71,1,"","","","","","","","","","","","",13.2,1,"","","","","","","","","","","","","","","","","","","","","","","","","","","","","","","","","","","","","","","","","","","","","","","","","","","","","","","","","","","","","","","","","","","","","","","","","","","","","","","","","","","","","","","","","","","","","","","","","","","","","","","","","","","","","","","","","","","",""
"06163007","TENDE_SAPC",44.043167,7.586,636,2000082802,0.,1,"","","","","","","","","","","","","","","","","","","","","","","","","","","","","","","","","","",18.2,1,10.3,1,16.5,1,"","",19.3,1,"","","","","","","","","","","","","","","","","","","","",60,1,"","","","","","","","","","","","",12.5,1,"","","","","","","","","","","","","","","","","","","","","","","","","","","","","","","","","","","","","","","","","","","","","","","","","","","","","","","","","","","","","","","","","","","","","","","","","","","","","","","","","","","","","","","","","","","","","","","","","","","","","","","","","","","","","","","","","","","",""
"06163007","TENDE_SAPC",44.043167,7.586,636,2000082803,0.,1,"","","","","","","","","","","","","","","","","","","","","","","","","","","","","","","","","","",16.5,1,9.7,1,16.2,1,"","",18.1,1,"","","","","","","","","","","","","","","","","","","","",64,1,"","","","","","","","","","","","",12.,1,"","","","","","","","","","","","","","","","","","","","","","","","","","","","","","","","","","","","","","","","","","","","","","","","","","","","","","","","","","","","","","","","","","","","","","","","","","","","","","","","","","","","","","","","","","","","","","","","","","","","","","","","","","","","","","","","","","","",""
"06163007","TENDE_SAPC",44.043167,7.586,636,2000082804,0.,1,"","","","","","","","","","","","","","","","","","","","","","","","","","","","","","","","","","",16.6,1,9.5,1,16.4,1,"","",17.2,1,"","","","","","","","","","","","","","","","","","","","",63,1,"","","","","","","","","","","","",11.9,1,"","","","","","","","","","","","","","","","","","","","","","","","","","","","","","","","","","","","","","","","","","","","","","","","","","","","","","","","","","","","","","","","","","","","","","","","","","","","","","","","","","","","","","","","","","","","","","","","","","","","","","","","","","","","","","","","","","","",""
"06163007","TENDE_SAPC",44.043167,7.586,636,2000082805,0.,1,"","","","","","","","","","","","","","","","","","","","","","","","","","","","","","","","","","",15.3,1,9.2,1,15.3,1,"","",16.6,1,"","","","","","","","","","","","","","","","","","","","",67,1,"","","","","","","","","","","","",11.6,1,"","","","","","","","","","","","","","","","","","","","","","","","","","","","","","","","","","","","","","","","","","","","","","","","","","","","","","","","","","","","","","","","","","","","","","","","","","","","","","","","","","","","","","","","","","","","","","","","","","","","","","","","","","","","","","","","","","","",""
"06163007","TENDE_SAPC",44.043167,7.586,636,2000082806,0.,1,"","","","","","","","","","","","","","","","","","","","","","","","","","","","","","","","","","",15.1,1,9.2,1,15.,1,"","",15.3,1,"","","","","","","","","","","","","","","","","","","","",68,1,"","","","","","","","","","","","",11.6,1,"","","","","","","","","","","","","","","","","","","","","","","","","","","","","","","","","","","","","","","","","","","","","","","","","","","","","","","","","","","","","","","","","","","","","","","","","","","","","","","","","","","","","","","","","","","","","","","","","","","","","","","","","","","","","","","","","","","",""
"06163007","TENDE_SAPC",44.043167,7.586,636,2000082807,0.,1,"","","","","","","","","","","","","","","","","","","","","","","","","","","","","","","","","","",15.1,1,10.3,1,14.9,1,"","",15.1,1,"","","","","","","","","","","","","","","","","","","","",73,1,"","","","","","","","","","","","",12.5,1,"","","","","","","","","","","","","","","","","","","","","","","","","","","","","","","","","","","","","","","","","","","","","","","","","","","","","","","","","","","","","","","","","","","","","","","","","","","","","","","","","","","","","","","","","","","","","","","","","","","","","","","","","","","","","","","","","","","",""
"06163007","TENDE_SAPC",44.043167,7.586,636,2000082808,0.,1,"","","","","","","","","","","","","","","","","","","","","","","","","","","","","","","","","","",18.,1,10.8,1,15.1,1,"","",18.,1,"","","","","","","","","","","","","","","","","","","","",63,1,"","","","","","","","","","","","",13.,1,"","","","","","","","","","","","","","","","","","","","","","","","","","","","","","","","","","","","","","","","","","","","","","","","","","","","","","","","","","","","","","","","","","","","","","","","","","","","","","","","","","","","","","","","","","","","","","","","","","","","","","","","","","","","","","","","","","","",""
"06163007","TENDE_SAPC",44.043167,7.586,636,2000082809,0.,1,"","","","","","","","","","","","","","","","","","","","","","","","","","","","","","","","","","",23.3,1,9.7,1,18.2,1,"","",23.5,1,"","","","","","","","","","","","","","","","","","","","",42,1,"","","","","","","","","","","","",12.,1,"","","","","","","","","","","","","","","","","","","","","","","","","","","","","","","","","","","","","","","","","","","","","","","","","","","","","","","","","","","","","","","","","","","","","","","","","","","","","","","","","","","","","","","","","","","","","","","","","","","","","","","","","","","","","","","","","","","",""
"06163007","TENDE_SAPC",44.043167,7.586,636,2000082810,0.,1,"","","","","","","","","","","","","","","","","","","","","","","","","","","","","","","","","","",25.4,1,8.4,1,23.3,1,"","",25.4,1,"","","","","","","","","","","","","","","","","","","","",34,1,"","","","","","","","","","","","",11.,1,"","","","","","","","","","","","","","","","","","","","","","","","","","","","","","","","","","","","","","","","","","","","","","","","","","","","","","","","","","","","","","","","","","","","","","","","","","","","","","","","","","","","","","","","","","","","","","","","","","","","","","","","","","","","","","","","","","","",""
"06163007","TENDE_SAPC",44.043167,7.586,636,2000082811,0.,1,"","","","","","","","","","","","","","","","","","","","","","","","","","","","","","","","","","",25.3,1,9.2,1,24.6,1,"","",25.8,1,"","","","","","","","","","","","","","","","","","","","",36,1,"","","","","","","","","","","","",11.6,1,"","","","","","","","","","","","","","","","","","","","","","","","","","","","","","","","","","","","","","","","","","","","","","","","","","","","","","","","","","","","","","","","","","","","","","","","","","","","","","","","","","","","","","","","","","","","","","","","","","","","","","","","","","","","","","","","","","","",""
"06163007","TENDE_SAPC",44.043167,7.586,636,2000082812,0.,1,"","","","","","","","","","","","","","","","","","","","","","","","","","","","","","","","","","",24.9,1,10.,1,24.5,1,"","",25.7,1,"","","","","","","","","","","","","","","","","","","","",39,1,"","","","","","","","","","","","",12.3,1,"","","","","","","","","","","","","","","","","","","","","","","","","","","","","","","","","","","","","","","","","","","","","","","","","","","","","","","","","","","","","","","","","","","","","","","","","","","","","","","","","","","","","","","","","","","","","","","","","","","","","","","","","","","","","","","","","","","",""
"06163007","TENDE_SAPC",44.043167,7.586,636,2000082813,0.,1,"","","","","","","","","","","","","","","","","","","","","","","","","","","","","","","","","","",24.3,1,11.6,1,23.8,1,"","",24.9,1,"","","","","","","","","","","","","","","","","","","","",45,1,"","","","","","","","","","","","",13.6,1,"","","","","","","","","","","","","","","","","","","","","","","","","","","","","","","","","","","","","","","","","","","","","","","","","","","","","","","","","","","","","","","","","","","","","","","","","","","","","","","","","","","","","","","","","","","","","","","","","","","","","","","","","","","","","","","","","","","",""
"06163007","TENDE_SAPC",44.043167,7.586,636,2000082814,0.,1,"","","","","","","","","","","","","","","","","","","","","","","","","","","","","","","","","","",23.,1,12.3,1,22.9,1,"","",24.5,1,"","","","","","","","","","","","","","","","","","","","",51,1,"","","","","","","","","","","","",14.3,1,"","","","","","","","","","","","","","","","","","","","","","","","","","","","","","","","","","","","","","","","","","","","","","","","","","","","","","","","","","","","","","","","","","","","","","","","","","","","","","","","","","","","","","","","","","","","","","","","","","","","","","","","","","","","","","","","","","","",""
"06163007","TENDE_SAPC",44.043167,7.586,636,2000082815,0.,1,"","","","","","","","","","","","","","","","","","","","","","","","","","","","","","","","","","",22.7,1,11.7,1,22.7,1,"","",23.,1,"","","","","","","","","","","","","","","","","","","","",50,1,"","","","","","","","","","","","",13.8,1,"","","","","","","","","","","","","","","","","","","","","","","","","","","","","","","","","","","","","","","","","","","","","","","","","","","","","","","","","","","","","","","","","","","","","","","","","","","","","","","","","","","","","","","","","","","","","","","","","","","","","","","","","","","","","","","","","","","",""
"06163007","TENDE_SAPC",44.043167,7.586,636,2000082816,0.,1,"","","","","","","","","","","","","","","","","","","","","","","","","","","","","","","","","","",22.7,1,11.4,1,22.6,1,"","",22.8,1,"","","","","","","","","","","","","","","","","","","","",49,1,"","","","","","","","","","","","",13.5,1,"","","","","","","","","","","","","","","","","","","","","","","","","","","","","","","","","","","","","","","","","","","","","","","","","","","","","","","","","","","","","","","","","","","","","","","","","","","","","","","","","","","","","","","","","","","","","","","","","","","","","","","","","","","","","","","","","","","",""
"06163007","TENDE_SAPC",44.043167,7.586,636,2000082817,0.,1,"","","","","","","","","","","","","","","","","","","","","","","","","","","","","","","","","","",21.9,1,11.6,1,21.9,1,"","",22.7,1,"","","","","","","","","","","","","","","","","","","","",52,1,"","","","","","","","","","","","",13.6,1,"","","","","","","","","","","","","","","","","","","","","","","","","","","","","","","","","","","","","","","","","","","","","","","","","","","","","","","","","","","","","","","","","","","","","","","","","","","","","","","","","","","","","","","","","","","","","","","","","","","","","","","","","","","","","","","","","","","",""
"06163007","TENDE_SAPC",44.043167,7.586,636,2000082818,0.,1,"","","","","","","","","","","","","","","","","","","","","","","","","","","","","","","","","","",21.2,1,12.1,1,21.2,1,"","",21.9,1,"","","","","","","","","","","","","","","","","","","","",56,1,"","","","","","","","","","","","",14.1,1,"","","","","","","","","","","","","","","","","","","","","","","","","","","","","","","","","","","","","","","","","","","","","","","","","","","","","","","","","","","","","","","","","","","","","","","","","","","","","","","","","","","","","","","","","","","","","","","","","","","","","","","","","","","","","","","","","","","",""
"06163007","TENDE_SAPC",44.043167,7.586,636,2000082819,0.,1,"","","","","","","","","","","","","","","","","","","","","","","","","","","","","","","","","","",19.3,1,12.1,1,19.3,1,"","",21.1,1,"","","","","","","","","","","","","","","","","","","","",63,1,"","","","","","","","","","","","",14.1,1,"","","","","","","","","","","","","","","","","","","","","","","","","","","","","","","","","","","","","","","","","","","","","","","","","","","","","","","","","","","","","","","","","","","","","","","","","","","","","","","","","","","","","","","","","","","","","","","","","","","","","","","","","","","","","","","","","","","",""
"06163007","TENDE_SAPC",44.043167,7.586,636,2000082820,0.,1,"","","","","","","","","","","","","","","","","","","","","","","","","","","","","","","","","","",18.,1,12.7,1,18.,1,"","",19.3,1,"","","","","","","","","","","","","","","","","","","","",71,1,"","","","","","","","","","","","",14.6,1,"","","","","","","","","","","","","","","","","","","","","","","","","","","","","","","","","","","","","","","","","","","","","","","","","","","","","","","","","","","","","","","","","","","","","","","","","","","","","","","","","","","","","","","","","","","","","","","","","","","","","","","","","","","","","","","","","","","",""
"06163007","TENDE_SAPC",44.043167,7.586,636,2000082821,0.,1,"","","","","","","","","","","","","","","","","","","","","","","","","","","","","","","","","","",16.8,1,12.3,1,16.8,1,"","",18.,1,"","","","","","","","","","","","","","","","","","","","",75,1,"","","","","","","","","","","","",14.3,1,"","","","","","","","","","","","","","","","","","","","","","","","","","","","","","","","","","","","","","","","","","","","","","","","","","","","","","","","","","","","","","","","","","","","","","","","","","","","","","","","","","","","","","","","","","","","","","","","","","","","","","","","","","","","","","","","","","","",""
"06163007","TENDE_SAPC",44.043167,7.586,636,2000082822,0.,1,"","","","","","","","","","","","","","","","","","","","","","","","","","","","","","","","","","",16.7,1,12.,1,16.7,1,"","",16.8,1,"","","","","","","","","","","","","","","","","","","","",74,1,"","","","","","","","","","","","",14.,1,"","","","","","","","","","","","","","","","","","","","","","","","","","","","","","","","","","","","","","","","","","","","","","","","","","","","","","","","","","","","","","","","","","","","","","","","","","","","","","","","","","","","","","","","","","","","","","","","","","","","","","","","","","","","","","","","","","","",""
"06163007","TENDE_SAPC",44.043167,7.586,636,2000082823,0.,1,"","","","","","","","","","","","","","","","","","","","","","","","","","","","","","","","","","",16.5,1,11.8,1,16.5,1,"","",16.9,1,"","","","","","","","","","","","","","","","","","","","",74,1,"","","","","","","","","","","","",13.9,1,"","","","","","","","","","","","","","","","","","","","","","","","","","","","","","","","","","","","","","","","","","","","","","","","","","","","","","","","","","","","","","","","","","","","","","","","","","","","","","","","","","","","","","","","","","","","","","","","","","","","","","","","","","","","","","","","","","","",""
"06163007","TENDE_SAPC",44.043167,7.586,636,2000082900,0.,1,"","","","","","","","","","","","","","","","","","","","","","","","","","","","","","","","","","",15.6,1,11.8,1,15.6,1,"","",16.5,1,"","","","","","","","","","","","","","","","","","","","",78,1,"","","","","","","","","","","","",13.8,1,"","","","","","","","","","","","","","","","","","","","","","","","","","","","","","","","","","","","","","","","","","","","","","","","","","","","","","","","","","","","","","","","","","","","","","","","","","","","","","","","","","","","","","","","","","","","","","","","","","","","","","","","","","","","","","","","","","","",""
"06163007","TENDE_SAPC",44.043167,7.586,636,2000082901,0.,1,"","","","","","","","","","","","","","","","","","","","","","","","","","","","","","","","","","",16.1,1,11.5,1,15.6,1,"","",16.2,1,"","","","","","","","","","","","","","","","","","","","",74,1,"","","","","","","","","","","","",13.5,1,"","","","","","","","","","","","","","","","","","","","","","","","","","","","","","","","","","","","","","","","","","","","","","","","","","","","","","","","","","","","","","","","","","","","","","","","","","","","","","","","","","","","","","","","","","","","","","","","","","","","","","","","","","","","","","","","","","","",""
"06163007","TENDE_SAPC",44.043167,7.586,636,2000082902,0.,1,"","","","","","","","","","","","","","","","","","","","","","","","","","","","","","","","","","",16.3,1,11.2,1,16.1,1,"","",16.3,1,"","","","","","","","","","","","","","","","","","","","",72,1,"","","","","","","","","","","","",13.3,1,"","","","","","","","","","","","","","","","","","","","","","","","","","","","","","","","","","","","","","","","","","","","","","","","","","","","","","","","","","","","","","","","","","","","","","","","","","","","","","","","","","","","","","","","","","","","","","","","","","","","","","","","","","","","","","","","","","","",""
"06163007","TENDE_SAPC",44.043167,7.586,636,2000082903,0.,1,"","","","","","","","","","","","","","","","","","","","","","","","","","","","","","","","","","",15.3,1,11.3,1,15.3,1,"","",16.2,1,"","","","","","","","","","","","","","","","","","","","",77,1,"","","","","","","","","","","","",13.4,1,"","","","","","","","","","","","","","","","","","","","","","","","","","","","","","","","","","","","","","","","","","","","","","","","","","","","","","","","","","","","","","","","","","","","","","","","","","","","","","","","","","","","","","","","","","","","","","","","","","","","","","","","","","","","","","","","","","","",""
"06163007","TENDE_SAPC",44.043167,7.586,636,2000082904,0.,1,"","","","","","","","","","","","","","","","","","","","","","","","","","","","","","","","","","",15.,1,11.4,1,15.,1,"","",15.3,1,"","","","","","","","","","","","","","","","","","","","",79,1,"","","","","","","","","","","","",13.4,1,"","","","","","","","","","","","","","","","","","","","","","","","","","","","","","","","","","","","","","","","","","","","","","","","","","","","","","","","","","","","","","","","","","","","","","","","","","","","","","","","","","","","","","","","","","","","","","","","","","","","","","","","","","","","","","","","","","","",""
"06163007","TENDE_SAPC",44.043167,7.586,636,2000082905,0.,1,"","","","","","","","","","","","","","","","","","","","","","","","","","","","","","","","","","",14.2,1,10.8,1,14.2,1,"","",15.,1,"","","","","","","","","","","","","","","","","","","","",80,1,"","","","","","","","","","","","",12.9,1,"","","","","","","","","","","","","","","","","","","","","","","","","","","","","","","","","","","","","","","","","","","","","","","","","","","","","","","","","","","","","","","","","","","","","","","","","","","","","","","","","","","","","","","","","","","","","","","","","","","","","","","","","","","","","","","","","","","",""
"06163007","TENDE_SAPC",44.043167,7.586,636,2000082906,0.,1,"","","","","","","","","","","","","","","","","","","","","","","","","","","","","","","","","","",14.3,1,10.3,1,14.1,1,"","",14.3,1,"","","","","","","","","","","","","","","","","","","","",77,1,"","","","","","","","","","","","",12.5,1,"","","","","","","","","","","","","","","","","","","","","","","","","","","","","","","","","","","","","","","","","","","","","","","","","","","","","","","","","","","","","","","","","","","","","","","","","","","","","","","","","","","","","","","","","","","","","","","","","","","","","","","","","","","","","","","","","","","",""
"06163007","TENDE_SAPC",44.043167,7.586,636,2000082907,0.,1,"","","","","","","","","","","","","","","","","","","","","","","","","","","","","","","","","","",14.9,1,10.9,1,14.3,1,"","",14.9,1,"","","","","","","","","","","","","","","","","","","","",77,1,"","","","","","","","","","","","",13.,1,"","","","","","","","","","","","","","","","","","","","","","","","","","","","","","","","","","","","","","","","","","","","","","","","","","","","","","","","","","","","","","","","","","","","","","","","","","","","","","","","","","","","","","","","","","","","","","","","","","","","","","","","","","","","","","","","","","","",""
"06163007","TENDE_SAPC",44.043167,7.586,636,2000082908,0.,1,"","","","","","","","","","","","","","","","","","","","","","","","","","","","","","","","","","",17.9,1,11.,1,14.9,1,"","",17.9,1,"","","","","","","","","","","","","","","","","","","","",64,1,"","","","","","","","","","","","",13.1,1,"","","","","","","","","","","","","","","","","","","","","","","","","","","","","","","","","","","","","","","","","","","","","","","","","","","","","","","","","","","","","","","","","","","","","","","","","","","","","","","","","","","","","","","","","","","","","","","","","","","","","","","","","","","","","","","","","","","",""
"06163007","TENDE_SAPC",44.043167,7.586,636,2000082909,0.,1,"","","","","","","","","","","","","","","","","","","","","","","","","","","","","","","","","","",22.8,1,10.2,1,18.1,1,"","",22.8,1,"","","","","","","","","","","","","","","","","","","","",45,1,"","","","","","","","","","","","",12.5,1,"","","","","","","","","","","","","","","","","","","","","","","","","","","","","","","","","","","","","","","","","","","","","","","","","","","","","","","","","","","","","","","","","","","","","","","","","","","","","","","","","","","","","","","","","","","","","","","","","","","","","","","","","","","","","","","","","","","",""
"06163007","TENDE_SAPC",44.043167,7.586,636,2000082910,0.,1,"","","","","","","","","","","","","","","","","","","","","","","","","","","","","","","","","","",24.8,1,7.4,1,22.8,1,"","",24.8,1,"","","","","","","","","","","","","","","","","","","","",33,1,"","","","","","","","","","","","",10.3,1,"","","","","","","","","","","","","","","","","","","","","","","","","","","","","","","","","","","","","","","","","","","","","","","","","","","","","","","","","","","","","","","","","","","","","","","","","","","","","","","","","","","","","","","","","","","","","","","","","","","","","","","","","","","","","","","","","","","",""
"06163007","TENDE_SAPC",44.043167,7.586,636,2000082911,0.,1,"","","","","","","","","","","","","","","","","","","","","","","","","","","","","","","","","","",25.7,1,7.8,1,24.8,1,"","",25.8,1,"","","","","","","","","","","","","","","","","","","","",32,1,"","","","","","","","","","","","",10.5,1,"","","","","","","","","","","","","","","","","","","","","","","","","","","","","","","","","","","","","","","","","","","","","","","","","","","","","","","","","","","","","","","","","","","","","","","","","","","","","","","","","","","","","","","","","","","","","","","","","","","","","","","","","","","","","","","","","","","",""
"06163007","TENDE_SAPC",44.043167,7.586,636,2000082912,0.,1,"","","","","","","","","","","","","","","","","","","","","","","","","","","","","","","","","","",25.7,1,9.9,1,25.3,1,"","",26.1,1,"","","","","","","","","","","","","","","","","","","","",37,1,"","","","","","","","","","","","",12.2,1,"","","","","","","","","","","","","","","","","","","","","","","","","","","","","","","","","","","","","","","","","","","","","","","","","","","","","","","","","","","","","","","","","","","","","","","","","","","","","","","","","","","","","","","","","","","","","","","","","","","","","","","","","","","","","","","","","","","",""
"06163007","TENDE_SAPC",44.043167,7.586,636,2000082913,0.,1,"","","","","","","","","","","","","","","","","","","","","","","","","","","","","","","","","","",24.5,1,9.2,1,24.4,1,"","",25.7,1,"","","","","","","","","","","","","","","","","","","","",38,1,"","","","","","","","","","","","",11.7,1,"","","","","","","","","","","","","","","","","","","","","","","","","","","","","","","","","","","","","","","","","","","","","","","","","","","","","","","","","","","","","","","","","","","","","","","","","","","","","","","","","","","","","","","","","","","","","","","","","","","","","","","","","","","","","","","","","","","",""
"06163007","TENDE_SAPC",44.043167,7.586,636,2000082914,0.,1,"","","","","","","","","","","","","","","","","","","","","","","","","","","","","","","","","","",24.6,1,10.5,1,24.4,1,"","",25.1,1,"","","","","","","","","","","","","","","","","","","","",41,1,"","","","","","","","","","","","",12.7,1,"","","","","","","","","","","","","","","","","","","","","","","","","","","","","","","","","","","","","","","","","","","","","","","","","","","","","","","","","","","","","","","","","","","","","","","","","","","","","","","","","","","","","","","","","","","","","","","","","","","","","","","","","","","","","","","","","","","",""
"06163007","TENDE_SAPC",44.043167,7.586,636,2000082915,0.,1,"","","","","","","","","","","","","","","","","","","","","","","","","","","","","","","","","","",23.6,1,10.6,1,23.6,1,"","",24.9,1,"","","","","","","","","","","","","","","","","","","","",44,1,"","","","","","","","","","","","",12.8,1,"","","","","","","","","","","","","","","","","","","","","","","","","","","","","","","","","","","","","","","","","","","","","","","","","","","","","","","","","","","","","","","","","","","","","","","","","","","","","","","","","","","","","","","","","","","","","","","","","","","","","","","","","","","","","","","","","","","",""
"06163007","TENDE_SAPC",44.043167,7.586,636,2000082916,0.,1,"","","","","","","","","","","","","","","","","","","","","","","","","","","","","","","","","","",22.9,1,10.3,1,22.9,1,"","",23.8,1,"","","","","","","","","","","","","","","","","","","","",45,1,"","","","","","","","","","","","",12.5,1,"","","","","","","","","","","","","","","","","","","","","","","","","","","","","","","","","","","","","","","","","","","","","","","","","","","","","","","","","","","","","","","","","","","","","","","","","","","","","","","","","","","","","","","","","","","","","","","","","","","","","","","","","","","","","","","","","","","",""
"06163007","TENDE_SAPC",44.043167,7.586,636,2000082917,0.,1,"","","","","","","","","","","","","","","","","","","","","","","","","","","","","","","","","","",22.1,1,9.3,1,22.1,1,"","",22.9,1,"","","","","","","","","","","","","","","","","","","","",44,1,"","","","","","","","","","","","",11.7,1,"","","","","","","","","","","","","","","","","","","","","","","","","","","","","","","","","","","","","","","","","","","","","","","","","","","","","","","","","","","","","","","","","","","","","","","","","","","","","","","","","","","","","","","","","","","","","","","","","","","","","","","","","","","","","","","","","","","",""
"06163007","TENDE_SAPC",44.043167,7.586,636,2000082918,0.,1,"","","","","","","","","","","","","","","","","","","","","","","","","","","","","","","","","","",20.,1,9.5,1,20.,1,"","",22.1,1,"","","","","","","","","","","","","","","","","","","","",51,1,"","","","","","","","","","","","",11.9,1,"","","","","","","","","","","","","","","","","","","","","","","","","","","","","","","","","","","","","","","","","","","","","","","","","","","","","","","","","","","","","","","","","","","","","","","","","","","","","","","","","","","","","","","","","","","","","","","","","","","","","","","","","","","","","","","","","","","",""
"06163007","TENDE_SAPC",44.043167,7.586,636,2000082919,0.,1,"","","","","","","","","","","","","","","","","","","","","","","","","","","","","","","","","","",17.7,1,10.6,1,17.7,1,"","",19.9,1,"","","","","","","","","","","","","","","","","","","","",63,1,"","","","","","","","","","","","",12.7,1,"","","","","","","","","","","","","","","","","","","","","","","","","","","","","","","","","","","","","","","","","","","","","","","","","","","","","","","","","","","","","","","","","","","","","","","","","","","","","","","","","","","","","","","","","","","","","","","","","","","","","","","","","","","","","","","","","","","",""
"06163007","TENDE_SAPC",44.043167,7.586,636,2000082920,0.,1,"","","","","","","","","","","","","","","","","","","","","","","","","","","","","","","","","","",16.4,1,10.7,1,16.4,1,"","",17.7,1,"","","","","","","","","","","","","","","","","","","","",69,1,"","","","","","","","","","","","",12.8,1,"","","","","","","","","","","","","","","","","","","","","","","","","","","","","","","","","","","","","","","","","","","","","","","","","","","","","","","","","","","","","","","","","","","","","","","","","","","","","","","","","","","","","","","","","","","","","","","","","","","","","","","","","","","","","","","","","","","",""
"06163007","TENDE_SAPC",44.043167,7.586,636,2000082921,0.,1,"","","","","","","","","","","","","","","","","","","","","","","","","","","","","","","","","","",15.7,1,10.7,1,15.7,1,"","",16.4,1,"","","","","","","","","","","","","","","","","","","","",72,1,"","","","","","","","","","","","",12.8,1,"","","","","","","","","","","","","","","","","","","","","","","","","","","","","","","","","","","","","","","","","","","","","","","","","","","","","","","","","","","","","","","","","","","","","","","","","","","","","","","","","","","","","","","","","","","","","","","","","","","","","","","","","","","","","","","","","","","",""
"06163007","TENDE_SAPC",44.043167,7.586,636,2000082922,0.,1,"","","","","","","","","","","","","","","","","","","","","","","","","","","","","","","","","","",14.8,1,10.4,1,14.8,1,"","",15.6,1,"","","","","","","","","","","","","","","","","","","","",75,1,"","","","","","","","","","","","",12.6,1,"","","","","","","","","","","","","","","","","","","","","","","","","","","","","","","","","","","","","","","","","","","","","","","","","","","","","","","","","","","","","","","","","","","","","","","","","","","","","","","","","","","","","","","","","","","","","","","","","","","","","","","","","","","","","","","","","","","",""
"06163007","TENDE_SAPC",44.043167,7.586,636,2000082923,0.,1,"","","","","","","","","","","","","","","","","","","","","","","","","","","","","","","","","","",14.6,1,9.8,1,14.3,1,"","",14.9,1,"","","","","","","","","","","","","","","","","","","","",73,1,"","","","","","","","","","","","",12.1,1,"","","","","","","","","","","","","","","","","","","","","","","","","","","","","","","","","","","","","","","","","","","","","","","","","","","","","","","","","","","","","","","","","","","","","","","","","","","","","","","","","","","","","","","","","","","","","","","","","","","","","","","","","","","","","","","","","","","",""
"06163007","TENDE_SAPC",44.043167,7.586,636,2000083000,0.,1,"","","","","","","","","","","","","","","","","","","","","","","","","","","","","","","","","","",13.9,1,9.5,1,13.9,1,"","",14.6,1,"","","","","","","","","","","","","","","","","","","","",75,1,"","","","","","","","","","","","",11.9,1,"","","","","","","","","","","","","","","","","","","","","","","","","","","","","","","","","","","","","","","","","","","","","","","","","","","","","","","","","","","","","","","","","","","","","","","","","","","","","","","","","","","","","","","","","","","","","","","","","","","","","","","","","","","","","","","","","","","",""
"06163007","TENDE_SAPC",44.043167,7.586,636,2000083001,0.,1,"","","","","","","","","","","","","","","","","","","","","","","","","","","","","","","","","","",13.7,1,9.3,1,13.7,1,"","",13.9,1,"","","","","","","","","","","","","","","","","","","","",75,1,"","","","","","","","","","","","",11.7,1,"","","","","","","","","","","","","","","","","","","","","","","","","","","","","","","","","","","","","","","","","","","","","","","","","","","","","","","","","","","","","","","","","","","","","","","","","","","","","","","","","","","","","","","","","","","","","","","","","","","","","","","","","","","","","","","","","","","",""
"06163007","TENDE_SAPC",44.043167,7.586,636,2000083002,0.,1,"","","","","","","","","","","","","","","","","","","","","","","","","","","","","","","","","","",13.6,1,9.2,1,13.5,1,"","",13.9,1,"","","","","","","","","","","","","","","","","","","","",75,1,"","","","","","","","","","","","",11.7,1,"","","","","","","","","","","","","","","","","","","","","","","","","","","","","","","","","","","","","","","","","","","","","","","","","","","","","","","","","","","","","","","","","","","","","","","","","","","","","","","","","","","","","","","","","","","","","","","","","","","","","","","","","","","","","","","","","","","",""
"06163007","TENDE_SAPC",44.043167,7.586,636,2000083003,0.,1,"","","","","","","","","","","","","","","","","","","","","","","","","","","","","","","","","","",13.1,1,9.2,1,13.1,1,"","",13.7,1,"","","","","","","","","","","","","","","","","","","","",77,1,"","","","","","","","","","","","",11.6,1,"","","","","","","","","","","","","","","","","","","","","","","","","","","","","","","","","","","","","","","","","","","","","","","","","","","","","","","","","","","","","","","","","","","","","","","","","","","","","","","","","","","","","","","","","","","","","","","","","","","","","","","","","","","","","","","","","","","",""
"06163007","TENDE_SAPC",44.043167,7.586,636,2000083004,0.,1,"","","","","","","","","","","","","","","","","","","","","","","","","","","","","","","","","","",13.,1,9.3,1,12.7,1,"","",13.1,1,"","","","","","","","","","","","","","","","","","","","",78,1,"","","","","","","","","","","","",11.7,1,"","","","","","","","","","","","","","","","","","","","","","","","","","","","","","","","","","","","","","","","","","","","","","","","","","","","","","","","","","","","","","","","","","","","","","","","","","","","","","","","","","","","","","","","","","","","","","","","","","","","","","","","","","","","","","","","","","","",""
"06163007","TENDE_SAPC",44.043167,7.586,636,2000083005,0.,1,"","","","","","","","","","","","","","","","","","","","","","","","","","","","","","","","","","",13.6,1,9.4,1,13.,1,"","",13.6,1,"","","","","","","","","","","","","","","","","","","","",76,1,"","","","","","","","","","","","",11.8,1,"","","","","","","","","","","","","","","","","","","","","","","","","","","","","","","","","","","","","","","","","","","","","","","","","","","","","","","","","","","","","","","","","","","","","","","","","","","","","","","","","","","","","","","","","","","","","","","","","","","","","","","","","","","","","","","","","","","",""
"06163007","TENDE_SAPC",44.043167,7.586,636,2000083006,0.,1,"","","","","","","","","","","","","","","","","","","","","","","","","","","","","","","","","","",14.9,1,9.3,1,13.6,1,"","",14.9,1,"","","","","","","","","","","","","","","","","","","","",69,1,"","","","","","","","","","","","",11.7,1,"","","","","","","","","","","","","","","","","","","","","","","","","","","","","","","","","","","","","","","","","","","","","","","","","","","","","","","","","","","","","","","","","","","","","","","","","","","","","","","","","","","","","","","","","","","","","","","","","","","","","","","","","","","","","","","","","","","",""
"06163007","TENDE_SAPC",44.043167,7.586,636,2000083007,0.,1,"","","","","","","","","","","","","","","","","","","","","","","","","","","","","","","","","","",16.5,1,9.4,1,14.9,1,"","",16.5,1,"","","","","","","","","","","","","","","","","","","","",63,1,"","","","","","","","","","","","",11.8,1,"","","","","","","","","","","","","","","","","","","","","","","","","","","","","","","","","","","","","","","","","","","","","","","","","","","","","","","","","","","","","","","","","","","","","","","","","","","","","","","","","","","","","","","","","","","","","","","","","","","","","","","","","","","","","","","","","","","",""
"06163007","TENDE_SAPC",44.043167,7.586,636,2000083008,0.,1,"","","","","","","","","","","","","","","","","","","","","","","","","","","","","","","","","","",16.9,1,11.4,1,16.5,1,"","",16.9,1,"","","","","","","","","","","","","","","","","","","","",70,1,"","","","","","","","","","","","",13.4,1,"","","","","","","","","","","","","","","","","","","","","","","","","","","","","","","","","","","","","","","","","","","","","","","","","","","","","","","","","","","","","","","","","","","","","","","","","","","","","","","","","","","","","","","","","","","","","","","","","","","","","","","","","","","","","","","","","","","",""
"06163007","TENDE_SAPC",44.043167,7.586,636,2000083009,0.,1,"","","","","","","","","","","","","","","","","","","","","","","","","","","","","","","","","","",17.2,1,11.9,1,16.9,1,"","",17.2,1,"","","","","","","","","","","","","","","","","","","","",71,1,"","","","","","","","","","","","",13.9,1,"","","","","","","","","","","","","","","","","","","","","","","","","","","","","","","","","","","","","","","","","","","","","","","","","","","","","","","","","","","","","","","","","","","","","","","","","","","","","","","","","","","","","","","","","","","","","","","","","","","","","","","","","","","","","","","","","","","",""
"06163007","TENDE_SAPC",44.043167,7.586,636,2000083010,0.,1,"","","","","","","","","","","","","","","","","","","","","","","","","","","","","","","","","","",20.2,1,10.6,1,17.3,1,"","",20.2,1,"","","","","","","","","","","","","","","","","","","","",54,1,"","","","","","","","","","","","",12.8,1,"","","","","","","","","","","","","","","","","","","","","","","","","","","","","","","","","","","","","","","","","","","","","","","","","","","","","","","","","","","","","","","","","","","","","","","","","","","","","","","","","","","","","","","","","","","","","","","","","","","","","","","","","","","","","","","","","","","",""
"06163007","TENDE_SAPC",44.043167,7.586,636,2000083011,0.,1,"","","","","","","","","","","","","","","","","","","","","","","","","","","","","","","","","","",19.9,1,12.6,1,19.8,1,"","",20.9,1,"","","","","","","","","","","","","","","","","","","","",63,1,"","","","","","","","","","","","",14.6,1,"","","","","","","","","","","","","","","","","","","","","","","","","","","","","","","","","","","","","","","","","","","","","","","","","","","","","","","","","","","","","","","","","","","","","","","","","","","","","","","","","","","","","","","","","","","","","","","","","","","","","","","","","","","","","","","","","","","",""
"06163007","TENDE_SAPC",44.043167,7.586,636,2000083012,0.,1,"","","","","","","","","","","","","","","","","","","","","","","","","","","","","","","","","","",21.,1,10.5,1,19.9,1,"","",21.1,1,"","","","","","","","","","","","","","","","","","","","",51,1,"","","","","","","","","","","","",12.7,1,"","","","","","","","","","","","","","","","","","","","","","","","","","","","","","","","","","","","","","","","","","","","","","","","","","","","","","","","","","","","","","","","","","","","","","","","","","","","","","","","","","","","","","","","","","","","","","","","","","","","","","","","","","","","","","","","","","","",""
"06163007","TENDE_SAPC",44.043167,7.586,636,2000083013,0.,1,"","","","","","","","","","","","","","","","","","","","","","","","","","","","","","","","","","",19.3,1,10.6,1,19.2,1,"","",21.,1,"","","","","","","","","","","","","","","","","","","","",57,1,"","","","","","","","","","","","",12.7,1,"","","","","","","","","","","","","","","","","","","","","","","","","","","","","","","","","","","","","","","","","","","","","","","","","","","","","","","","","","","","","","","","","","","","","","","","","","","","","","","","","","","","","","","","","","","","","","","","","","","","","","","","","","","","","","","","","","","",""
"06163007","TENDE_SAPC",44.043167,7.586,636,2000083014,0.,1,"","","","","","","","","","","","","","","","","","","","","","","","","","","","","","","","","","",18.2,1,12.2,1,18.2,1,"","",19.2,1,"","","","","","","","","","","","","","","","","","","","",68,1,"","","","","","","","","","","","",14.2,1,"","","","","","","","","","","","","","","","","","","","","","","","","","","","","","","","","","","","","","","","","","","","","","","","","","","","","","","","","","","","","","","","","","","","","","","","","","","","","","","","","","","","","","","","","","","","","","","","","","","","","","","","","","","","","","","","","","","",""
"06163007","TENDE_SAPC",44.043167,7.586,636,2000083015,0.2,1,"","","","","","","","","","","","","","","","","","","","","","","","","","","","","","","","","","",17.8,1,12.7,1,17.7,1,"","",18.2,1,"","","","","","","","","","","","","","","","","","","","",72,1,"","","","","","","","","","","","",14.6,1,"","","","","","","","","","","","","","","","","","","","","","","","","","","","","","","","","","","","","","","","","","","","","","","","","","","","","","","","","","","","","","","","","","","","","","","","","","","","","","","","","","","","","","","","","","","","","","","","","","","","","","","","","","","","","","","","","","","",""
"06163007","TENDE_SAPC",44.043167,7.586,636,2000083016,0.,1,"","","","","","","","","","","","","","","","","","","","","","","","","","","","","","","","","","",19.,1,10.8,1,17.8,1,"","",19.,1,"","","","","","","","","","","","","","","","","","","","",59,1,"","","","","","","","","","","","",12.9,1,"","","","","","","","","","","","","","","","","","","","","","","","","","","","","","","","","","","","","","","","","","","","","","","","","","","","","","","","","","","","","","","","","","","","","","","","","","","","","","","","","","","","","","","","","","","","","","","","","","","","","","","","","","","","","","","","","","","",""
"06163007","TENDE_SAPC",44.043167,7.586,636,2000083017,0.,1,"","","","","","","","","","","","","","","","","","","","","","","","","","","","","","","","","","",17.9,1,10.8,1,17.9,1,"","",19.2,1,"","","","","","","","","","","","","","","","","","","","",63,1,"","","","","","","","","","","","",12.9,1,"","","","","","","","","","","","","","","","","","","","","","","","","","","","","","","","","","","","","","","","","","","","","","","","","","","","","","","","","","","","","","","","","","","","","","","","","","","","","","","","","","","","","","","","","","","","","","","","","","","","","","","","","","","","","","","","","","","",""
"06163007","TENDE_SAPC",44.043167,7.586,636,2000083018,0.,1,"","","","","","","","","","","","","","","","","","","","","","","","","","","","","","","","","","",15.6,1,10.6,1,15.6,1,"","",17.9,1,"","","","","","","","","","","","","","","","","","","","",72,1,"","","","","","","","","","","","",12.7,1,"","","","","","","","","","","","","","","","","","","","","","","","","","","","","","","","","","","","","","","","","","","","","","","","","","","","","","","","","","","","","","","","","","","","","","","","","","","","","","","","","","","","","","","","","","","","","","","","","","","","","","","","","","","","","","","","","","","",""
"06163007","TENDE_SAPC",44.043167,7.586,636,2000083019,0.,1,"","","","","","","","","","","","","","","","","","","","","","","","","","","","","","","","","","",14.7,1,10.1,1,14.7,1,"","",15.6,1,"","","","","","","","","","","","","","","","","","","","",74,1,"","","","","","","","","","","","",12.4,1,"","","","","","","","","","","","","","","","","","","","","","","","","","","","","","","","","","","","","","","","","","","","","","","","","","","","","","","","","","","","","","","","","","","","","","","","","","","","","","","","","","","","","","","","","","","","","","","","","","","","","","","","","","","","","","","","","","","",""
"06163007","TENDE_SAPC",44.043167,7.586,636,2000083020,0.,1,"","","","","","","","","","","","","","","","","","","","","","","","","","","","","","","","","","",14.8,1,9.6,1,14.5,1,"","",14.9,1,"","","","","","","","","","","","","","","","","","","","",71,1,"","","","","","","","","","","","",11.9,1,"","","","","","","","","","","","","","","","","","","","","","","","","","","","","","","","","","","","","","","","","","","","","","","","","","","","","","","","","","","","","","","","","","","","","","","","","","","","","","","","","","","","","","","","","","","","","","","","","","","","","","","","","","","","","","","","","","","",""
"06163007","TENDE_SAPC",44.043167,7.586,636,2000083021,0.,1,"","","","","","","","","","","","","","","","","","","","","","","","","","","","","","","","","","",14.,1,9.2,1,14.,1,"","",14.8,1,"","","","","","","","","","","","","","","","","","","","",73,1,"","","","","","","","","","","","",11.6,1,"","","","","","","","","","","","","","","","","","","","","","","","","","","","","","","","","","","","","","","","","","","","","","","","","","","","","","","","","","","","","","","","","","","","","","","","","","","","","","","","","","","","","","","","","","","","","","","","","","","","","","","","","","","","","","","","","","","",""
"06163007","TENDE_SAPC",44.043167,7.586,636,2000083022,0.,1,"","","","","","","","","","","","","","","","","","","","","","","","","","","","","","","","","","",13.,1,8.9,1,13.,1,"","",14.,1,"","","","","","","","","","","","","","","","","","","","",76,1,"","","","","","","","","","","","",11.4,1,"","","","","","","","","","","","","","","","","","","","","","","","","","","","","","","","","","","","","","","","","","","","","","","","","","","","","","","","","","","","","","","","","","","","","","","","","","","","","","","","","","","","","","","","","","","","","","","","","","","","","","","","","","","","","","","","","","","",""
"06163007","TENDE_SAPC",44.043167,7.586,636,2000083023,0.,1,"","","","","","","","","","","","","","","","","","","","","","","","","","","","","","","","","","",13.4,1,10.,1,13.,1,"","",13.5,1,"","","","","","","","","","","","","","","","","","","","",80,1,"","","","","","","","","","","","",12.3,1,"","","","","","","","","","","","","","","","","","","","","","","","","","","","","","","","","","","","","","","","","","","","","","","","","","","","","","","","","","","","","","","","","","","","","","","","","","","","","","","","","","","","","","","","","","","","","","","","","","","","","","","","","","","","","","","","","","","",""
"06163007","TENDE_SAPC",44.043167,7.586,636,2000083100,0.8,1,"","","","","","","","","","","","","","","","","","","","","","","","","","","","","","","","","","",13.3,1,10.3,1,13.3,1,"","",13.4,1,"","","","","","","","","","","","","","","","","","","","",82,1,"","","","","","","","","","","","",12.5,1,"","","","","","","","","","","","","","","","","","","","","","","","","","","","","","","","","","","","","","","","","","","","","","","","","","","","","","","","","","","","","","","","","","","","","","","","","","","","","","","","","","","","","","","","","","","","","","","","","","","","","","","","","","","","","","","","","","","",""
"06163007","TENDE_SAPC",44.043167,7.586,636,2000083101,0.,1,"","","","","","","","","","","","","","","","","","","","","","","","","","","","","","","","","","",12.8,1,10.2,1,12.7,1,"","",13.3,1,"","","","","","","","","","","","","","","","","","","","",84,1,"","","","","","","","","","","","",12.4,1,"","","","","","","","","","","","","","","","","","","","","","","","","","","","","","","","","","","","","","","","","","","","","","","","","","","","","","","","","","","","","","","","","","","","","","","","","","","","","","","","","","","","","","","","","","","","","","","","","","","","","","","","","","","","","","","","","","","",""
"06163007","TENDE_SAPC",44.043167,7.586,636,2000083102,0.6,1,"","","","","","","","","","","","","","","","","","","","","","","","","","","","","","","","","","",13.1,1,10.6,1,12.8,1,"","",13.1,1,"","","","","","","","","","","","","","","","","","","","",85,1,"","","","","","","","","","","","",12.8,1,"","","","","","","","","","","","","","","","","","","","","","","","","","","","","","","","","","","","","","","","","","","","","","","","","","","","","","","","","","","","","","","","","","","","","","","","","","","","","","","","","","","","","","","","","","","","","","","","","","","","","","","","","","","","","","","","","","","",""
"06163007","TENDE_SAPC",44.043167,7.586,636,2000083103,0.2,1,"","","","","","","","","","","","","","","","","","","","","","","","","","","","","","","","","","",12.8,1,10.5,1,12.8,1,"","",13.2,1,"","","","","","","","","","","","","","","","","","","","",86,1,"","","","","","","","","","","","",12.7,1,"","","","","","","","","","","","","","","","","","","","","","","","","","","","","","","","","","","","","","","","","","","","","","","","","","","","","","","","","","","","","","","","","","","","","","","","","","","","","","","","","","","","","","","","","","","","","","","","","","","","","","","","","","","","","","","","","","","",""
"06163007","TENDE_SAPC",44.043167,7.586,636,2000083104,0.,1,"","","","","","","","","","","","","","","","","","","","","","","","","","","","","","","","","","",12.3,1,10.,1,12.3,1,"","",12.8,1,"","","","","","","","","","","","","","","","","","","","",86,1,"","","","","","","","","","","","",12.3,1,"","","","","","","","","","","","","","","","","","","","","","","","","","","","","","","","","","","","","","","","","","","","","","","","","","","","","","","","","","","","","","","","","","","","","","","","","","","","","","","","","","","","","","","","","","","","","","","","","","","","","","","","","","","","","","","","","","","",""
"06163007","TENDE_SAPC",44.043167,7.586,636,2000083105,0.,1,"","","","","","","","","","","","","","","","","","","","","","","","","","","","","","","","","","",12.1,1,9.8,1,12.1,1,"","",12.3,1,"","","","","","","","","","","","","","","","","","","","",86,1,"","","","","","","","","","","","",12.1,1,"","","","","","","","","","","","","","","","","","","","","","","","","","","","","","","","","","","","","","","","","","","","","","","","","","","","","","","","","","","","","","","","","","","","","","","","","","","","","","","","","","","","","","","","","","","","","","","","","","","","","","","","","","","","","","","","","","","",""
"06163007","TENDE_SAPC",44.043167,7.586,636,2000083106,0.,1,"","","","","","","","","","","","","","","","","","","","","","","","","","","","","","","","","","",12.,1,9.7,1,11.8,1,"","",12.1,1,"","","","","","","","","","","","","","","","","","","","",86,1,"","","","","","","","","","","","",12.,1,"","","","","","","","","","","","","","","","","","","","","","","","","","","","","","","","","","","","","","","","","","","","","","","","","","","","","","","","","","","","","","","","","","","","","","","","","","","","","","","","","","","","","","","","","","","","","","","","","","","","","","","","","","","","","","","","","","","",""
"06163007","TENDE_SAPC",44.043167,7.586,636,2000083107,0.,1,"","","","","","","","","","","","","","","","","","","","","","","","","","","","","","","","","","",13.3,1,10.3,1,12.,1,"","",13.3,1,"","","","","","","","","","","","","","","","","","","","",82,1,"","","","","","","","","","","","",12.5,1,"","","","","","","","","","","","","","","","","","","","","","","","","","","","","","","","","","","","","","","","","","","","","","","","","","","","","","","","","","","","","","","","","","","","","","","","","","","","","","","","","","","","","","","","","","","","","","","","","","","","","","","","","","","","","","","","","","","",""
"06163007","TENDE_SAPC",44.043167,7.586,636,2000083108,0.,1,"","","","","","","","","","","","","","","","","","","","","","","","","","","","","","","","","","",15.4,1,11.2,1,13.3,1,"","",15.4,1,"","","","","","","","","","","","","","","","","","","","",76,1,"","","","","","","","","","","","",13.3,1,"","","","","","","","","","","","","","","","","","","","","","","","","","","","","","","","","","","","","","","","","","","","","","","","","","","","","","","","","","","","","","","","","","","","","","","","","","","","","","","","","","","","","","","","","","","","","","","","","","","","","","","","","","","","","","","","","","","",""
"06163007","TENDE_SAPC",44.043167,7.586,636,2000083109,0.,1,"","","","","","","","","","","","","","","","","","","","","","","","","","","","","","","","","","",18.3,1,11.6,1,15.3,1,"","",18.3,1,"","","","","","","","","","","","","","","","","","","","",65,1,"","","","","","","","","","","","",13.6,1,"","","","","","","","","","","","","","","","","","","","","","","","","","","","","","","","","","","","","","","","","","","","","","","","","","","","","","","","","","","","","","","","","","","","","","","","","","","","","","","","","","","","","","","","","","","","","","","","","","","","","","","","","","","","","","","","","","","",""
"06163007","TENDE_SAPC",44.043167,7.586,636,2000083110,0.,1,"","","","","","","","","","","","","","","","","","","","","","","","","","","","","","","","","","",21.7,1,9.6,1,18.3,1,"","",21.7,1,"","","","","","","","","","","","","","","","","","","","",46,1,"","","","","","","","","","","","",11.9,1,"","","","","","","","","","","","","","","","","","","","","","","","","","","","","","","","","","","","","","","","","","","","","","","","","","","","","","","","","","","","","","","","","","","","","","","","","","","","","","","","","","","","","","","","","","","","","","","","","","","","","","","","","","","","","","","","","","","",""
"06163007","TENDE_SAPC",44.043167,7.586,636,2000083111,0.,1,"","","","","","","","","","","","","","","","","","","","","","","","","","","","","","","","","","",23.8,1,7.,1,21.8,1,"","",23.8,1,"","","","","","","","","","","","","","","","","","","","",34,1,"","","","","","","","","","","","",10.,1,"","","","","","","","","","","","","","","","","","","","","","","","","","","","","","","","","","","","","","","","","","","","","","","","","","","","","","","","","","","","","","","","","","","","","","","","","","","","","","","","","","","","","","","","","","","","","","","","","","","","","","","","","","","","","","","","","","","",""
"06163007","TENDE_SAPC",44.043167,7.586,636,2000083112,0.,1,"","","","","","","","","","","","","","","","","","","","","","","","","","","","","","","","","","",24.4,1,7.1,1,23.8,1,"","",24.7,1,"","","","","","","","","","","","","","","","","","","","",33,1,"","","","","","","","","","","","",10.1,1,"","","","","","","","","","","","","","","","","","","","","","","","","","","","","","","","","","","","","","","","","","","","","","","","","","","","","","","","","","","","","","","","","","","","","","","","","","","","","","","","","","","","","","","","","","","","","","","","","","","","","","","","","","","","","","","","","","","",""
"06163007","TENDE_SAPC",44.043167,7.586,636,2000083113,0.,1,"","","","","","","","","","","","","","","","","","","","","","","","","","","","","","","","","","",23.6,1,8.8,1,23.3,1,"","",24.5,1,"","","","","","","","","","","","","","","","","","","","",39,1,"","","","","","","","","","","","",11.3,1,"","","","","","","","","","","","","","","","","","","","","","","","","","","","","","","","","","","","","","","","","","","","","","","","","","","","","","","","","","","","","","","","","","","","","","","","","","","","","","","","","","","","","","","","","","","","","","","","","","","","","","","","","","","","","","","","","","","",""
"06163007","TENDE_SAPC",44.043167,7.586,636,2000083114,0.,1,"","","","","","","","","","","","","","","","","","","","","","","","","","","","","","","","","","",21.8,1,9.,1,21.8,1,"","",24.2,1,"","","","","","","","","","","","","","","","","","","","",44,1,"","","","","","","","","","","","",11.5,1,"","","","","","","","","","","","","","","","","","","","","","","","","","","","","","","","","","","","","","","","","","","","","","","","","","","","","","","","","","","","","","","","","","","","","","","","","","","","","","","","","","","","","","","","","","","","","","","","","","","","","","","","","","","","","","","","","","","",""
"06163007","TENDE_SAPC",44.043167,7.586,636,2000083115,0.2,1,"","","","","","","","","","","","","","","","","","","","","","","","","","","","","","","","","","",17.9,1,11.7,1,17.3,1,"","",21.8,1,"","","","","","","","","","","","","","","","","","","","",67,1,"","","","","","","","","","","","",13.7,1,"","","","","","","","","","","","","","","","","","","","","","","","","","","","","","","","","","","","","","","","","","","","","","","","","","","","","","","","","","","","","","","","","","","","","","","","","","","","","","","","","","","","","","","","","","","","","","","","","","","","","","","","","","","","","","","","","","","",""
"06163007","TENDE_SAPC",44.043167,7.586,636,2000083116,1.,1,"","","","","","","","","","","","","","","","","","","","","","","","","","","","","","","","","","",16.8,1,12.3,1,16.,1,"","",18.,1,"","","","","","","","","","","","","","","","","","","","",75,1,"","","","","","","","","","","","",14.3,1,"","","","","","","","","","","","","","","","","","","","","","","","","","","","","","","","","","","","","","","","","","","","","","","","","","","","","","","","","","","","","","","","","","","","","","","","","","","","","","","","","","","","","","","","","","","","","","","","","","","","","","","","","","","","","","","","","","","",""
"06163007","TENDE_SAPC",44.043167,7.586,636,2000083117,0.,1,"","","","","","","","","","","","","","","","","","","","","","","","","","","","","","","","","","",16.1,1,11.9,1,16.1,1,"","",16.8,1,"","","","","","","","","","","","","","","","","","","","",76,1,"","","","","","","","","","","","",13.9,1,"","","","","","","","","","","","","","","","","","","","","","","","","","","","","","","","","","","","","","","","","","","","","","","","","","","","","","","","","","","","","","","","","","","","","","","","","","","","","","","","","","","","","","","","","","","","","","","","","","","","","","","","","","","","","","","","","","","",""
"06163007","TENDE_SAPC",44.043167,7.586,636,2000083118,0.,1,"","","","","","","","","","","","","","","","","","","","","","","","","","","","","","","","","","",15.6,1,12.,1,15.6,1,"","",16.2,1,"","","","","","","","","","","","","","","","","","","","",79,1,"","","","","","","","","","","","",14.,1,"","","","","","","","","","","","","","","","","","","","","","","","","","","","","","","","","","","","","","","","","","","","","","","","","","","","","","","","","","","","","","","","","","","","","","","","","","","","","","","","","","","","","","","","","","","","","","","","","","","","","","","","","","","","","","","","","","","",""
"06163007","TENDE_SAPC",44.043167,7.586,636,2000083119,0.,1,"","","","","","","","","","","","","","","","","","","","","","","","","","","","","","","","","","",14.9,1,11.3,1,14.9,1,"","",15.6,1,"","","","","","","","","","","","","","","","","","","","",79,1,"","","","","","","","","","","","",13.4,1,"","","","","","","","","","","","","","","","","","","","","","","","","","","","","","","","","","","","","","","","","","","","","","","","","","","","","","","","","","","","","","","","","","","","","","","","","","","","","","","","","","","","","","","","","","","","","","","","","","","","","","","","","","","","","","","","","","","",""
"06163007","TENDE_SAPC",44.043167,7.586,636,2000083120,0.,1,"","","","","","","","","","","","","","","","","","","","","","","","","","","","","","","","","","",14.4,1,10.6,1,14.4,1,"","",14.9,1,"","","","","","","","","","","","","","","","","","","","",78,1,"","","","","","","","","","","","",12.8,1,"","","","","","","","","","","","","","","","","","","","","","","","","","","","","","","","","","","","","","","","","","","","","","","","","","","","","","","","","","","","","","","","","","","","","","","","","","","","","","","","","","","","","","","","","","","","","","","","","","","","","","","","","","","","","","","","","","","",""
"06163007","TENDE_SAPC",44.043167,7.586,636,2000083121,0.,1,"","","","","","","","","","","","","","","","","","","","","","","","","","","","","","","","","","",13.3,1,10.1,1,13.3,1,"","",14.4,1,"","","","","","","","","","","","","","","","","","","","",81,1,"","","","","","","","","","","","",12.3,1,"","","","","","","","","","","","","","","","","","","","","","","","","","","","","","","","","","","","","","","","","","","","","","","","","","","","","","","","","","","","","","","","","","","","","","","","","","","","","","","","","","","","","","","","","","","","","","","","","","","","","","","","","","","","","","","","","","","",""
"06163007","TENDE_SAPC",44.043167,7.586,636,2000083122,0.,1,"","","","","","","","","","","","","","","","","","","","","","","","","","","","","","","","","","",12.8,1,9.4,1,12.7,1,"","",13.3,1,"","","","","","","","","","","","","","","","","","","","",80,1,"","","","","","","","","","","","",11.8,1,"","","","","","","","","","","","","","","","","","","","","","","","","","","","","","","","","","","","","","","","","","","","","","","","","","","","","","","","","","","","","","","","","","","","","","","","","","","","","","","","","","","","","","","","","","","","","","","","","","","","","","","","","","","","","","","","","","","",""
"06163007","TENDE_SAPC",44.043167,7.586,636,2000083123,0.,1,"","","","","","","","","","","","","","","","","","","","","","","","","","","","","","","","","","",12.4,1,8.5,1,12.4,1,"","",12.8,1,"","","","","","","","","","","","","","","","","","","","",77,1,"","","","","","","","","","","","",11.1,1,"","","","","","","","","","","","","","","","","","","","","","","","","","","","","","","","","","","","","","","","","","","","","","","","","","","","","","","","","","","","","","","","","","","","","","","","","","","","","","","","","","","","","","","","","","","","","","","","","","","","","","","","","","","","","","","","","","","",""
"06163007","TENDE_SAPC",44.043167,7.586,636,2000090100,0.,1,"","","","","","","","","","","","","","","","","","","","","","","","","","","","","","","","","","",11.8,1,7.9,1,11.8,1,"","",12.4,1,"","","","","","","","","","","","","","","","","","","","",77,1,"","","","","","","","","","","","",10.6,1,"","","","","","","","","","","","","","","","","","","","","","","","","","","","","","","","","","","","","","","","","","","","","","","","","","","","","","","","","","","","","","","","","","","","","","","","","","","","","","","","","","","","","","","","","","","","","","","","","","","","","","","","","","","","","","","","","","","",""
"06163007","TENDE_SAPC",44.043167,7.586,636,2000090101,0.,1,"","","","","","","","","","","","","","","","","","","","","","","","","","","","","","","","","","",10.9,1,7.4,1,10.9,1,"","",11.8,1,"","","","","","","","","","","","","","","","","","","","",79,1,"","","","","","","","","","","","",10.3,1,"","","","","","","","","","","","","","","","","","","","","","","","","","","","","","","","","","","","","","","","","","","","","","","","","","","","","","","","","","","","","","","","","","","","","","","","","","","","","","","","","","","","","","","","","","","","","","","","","","","","","","","","","","","","","","","","","","","",""
"06163007","TENDE_SAPC",44.043167,7.586,636,2000090102,0.,1,"","","","","","","","","","","","","","","","","","","","","","","","","","","","","","","","","","",10.3,1,6.8,1,10.3,1,"","",10.9,1,"","","","","","","","","","","","","","","","","","","","",79,1,"","","","","","","","","","","","",9.9,1,"","","","","","","","","","","","","","","","","","","","","","","","","","","","","","","","","","","","","","","","","","","","","","","","","","","","","","","","","","","","","","","","","","","","","","","","","","","","","","","","","","","","","","","","","","","","","","","","","","","","","","","","","","","","","","","","","","","",""
"06163007","TENDE_SAPC",44.043167,7.586,636,2000090103,0.,1,"","","","","","","","","","","","","","","","","","","","","","","","","","","","","","","","","","",9.9,1,6.2,1,9.9,1,"","",10.3,1,"","","","","","","","","","","","","","","","","","","","",78,1,"","","","","","","","","","","","",9.5,1,"","","","","","","","","","","","","","","","","","","","","","","","","","","","","","","","","","","","","","","","","","","","","","","","","","","","","","","","","","","","","","","","","","","","","","","","","","","","","","","","","","","","","","","","","","","","","","","","","","","","","","","","","","","","","","","","","","","",""
"06163007","TENDE_SAPC",44.043167,7.586,636,2000090104,0.,1,"","","","","","","","","","","","","","","","","","","","","","","","","","","","","","","","","","",9.7,1,5.9,1,9.7,1,"","",10.,1,"","","","","","","","","","","","","","","","","","","","",77,1,"","","","","","","","","","","","",9.3,1,"","","","","","","","","","","","","","","","","","","","","","","","","","","","","","","","","","","","","","","","","","","","","","","","","","","","","","","","","","","","","","","","","","","","","","","","","","","","","","","","","","","","","","","","","","","","","","","","","","","","","","","","","","","","","","","","","","","",""
"06163007","TENDE_SAPC",44.043167,7.586,636,2000090105,0.,1,"","","","","","","","","","","","","","","","","","","","","","","","","","","","","","","","","","",9.6,1,5.4,1,9.5,1,"","",9.9,1,"","","","","","","","","","","","","","","","","","","","",75,1,"","","","","","","","","","","","",9.,1,"","","","","","","","","","","","","","","","","","","","","","","","","","","","","","","","","","","","","","","","","","","","","","","","","","","","","","","","","","","","","","","","","","","","","","","","","","","","","","","","","","","","","","","","","","","","","","","","","","","","","","","","","","","","","","","","","","","",""
"06163007","TENDE_SAPC",44.043167,7.586,636,2000090106,0.,1,"","","","","","","","","","","","","","","","","","","","","","","","","","","","","","","","","","",9.6,1,5.4,1,9.5,1,"","",9.8,1,"","","","","","","","","","","","","","","","","","","","",75,1,"","","","","","","","","","","","",9.,1,"","","","","","","","","","","","","","","","","","","","","","","","","","","","","","","","","","","","","","","","","","","","","","","","","","","","","","","","","","","","","","","","","","","","","","","","","","","","","","","","","","","","","","","","","","","","","","","","","","","","","","","","","","","","","","","","","","","",""
"06163007","TENDE_SAPC",44.043167,7.586,636,2000090107,0.,1,"","","","","","","","","","","","","","","","","","","","","","","","","","","","","","","","","","",10.,1,6.2,1,9.5,1,"","",10.1,1,"","","","","","","","","","","","","","","","","","","","",77,1,"","","","","","","","","","","","",9.4,1,"","","","","","","","","","","","","","","","","","","","","","","","","","","","","","","","","","","","","","","","","","","","","","","","","","","","","","","","","","","","","","","","","","","","","","","","","","","","","","","","","","","","","","","","","","","","","","","","","","","","","","","","","","","","","","","","","","","",""
"06163007","TENDE_SAPC",44.043167,7.586,636,2000090108,0.,1,"","","","","","","","","","","","","","","","","","","","","","","","","","","","","","","","","","",12.5,1,6.7,1,10.,1,"","",12.5,1,"","","","","","","","","","","","","","","","","","","","",68,1,"","","","","","","","","","","","",9.8,1,"","","","","","","","","","","","","","","","","","","","","","","","","","","","","","","","","","","","","","","","","","","","","","","","","","","","","","","","","","","","","","","","","","","","","","","","","","","","","","","","","","","","","","","","","","","","","","","","","","","","","","","","","","","","","","","","","","","",""
"06163007","TENDE_SAPC",44.043167,7.586,636,2000090109,0.,1,"","","","","","","","","","","","","","","","","","","","","","","","","","","","","","","","","","",19.8,1,8.2,1,12.7,1,"","",19.8,1,"","","","","","","","","","","","","","","","","","","","",47,1,"","","","","","","","","","","","",10.8,1,"","","","","","","","","","","","","","","","","","","","","","","","","","","","","","","","","","","","","","","","","","","","","","","","","","","","","","","","","","","","","","","","","","","","","","","","","","","","","","","","","","","","","","","","","","","","","","","","","","","","","","","","","","","","","","","","","","","",""
"06163007","TENDE_SAPC",44.043167,7.586,636,2000090110,0.,1,"","","","","","","","","","","","","","","","","","","","","","","","","","","","","","","","","","",23.9,1,3.8,1,19.7,1,"","",23.9,1,"","","","","","","","","","","","","","","","","","","","",27,1,"","","","","","","","","","","","",8.,1,"","","","","","","","","","","","","","","","","","","","","","","","","","","","","","","","","","","","","","","","","","","","","","","","","","","","","","","","","","","","","","","","","","","","","","","","","","","","","","","","","","","","","","","","","","","","","","","","","","","","","","","","","","","","","","","","","","","",""
"06163007","TENDE_SAPC",44.043167,7.586,636,2000090111,0.,1,"","","","","","","","","","","","","","","","","","","","","","","","","","","","","","","","","","",25.,1,4.7,1,23.9,1,"","",25.1,1,"","","","","","","","","","","","","","","","","","","","",27,1,"","","","","","","","","","","","",8.5,1,"","","","","","","","","","","","","","","","","","","","","","","","","","","","","","","","","","","","","","","","","","","","","","","","","","","","","","","","","","","","","","","","","","","","","","","","","","","","","","","","","","","","","","","","","","","","","","","","","","","","","","","","","","","","","","","","","","","",""
"06163007","TENDE_SAPC",44.043167,7.586,636,2000090112,0.,1,"","","","","","","","","","","","","","","","","","","","","","","","","","","","","","","","","","",25.4,1,6.1,1,25.,1,"","",25.6,1,"","","","","","","","","","","","","","","","","","","","",29,1,"","","","","","","","","","","","",9.4,1,"","","","","","","","","","","","","","","","","","","","","","","","","","","","","","","","","","","","","","","","","","","","","","","","","","","","","","","","","","","","","","","","","","","","","","","","","","","","","","","","","","","","","","","","","","","","","","","","","","","","","","","","","","","","","","","","","","","",""
"06163007","TENDE_SAPC",44.043167,7.586,636,2000090113,0.,1,"","","","","","","","","","","","","","","","","","","","","","","","","","","","","","","","","","",25.1,1,7.7,1,25.1,1,"","",25.5,1,"","","","","","","","","","","","","","","","","","","","",33,1,"","","","","","","","","","","","",10.5,1,"","","","","","","","","","","","","","","","","","","","","","","","","","","","","","","","","","","","","","","","","","","","","","","","","","","","","","","","","","","","","","","","","","","","","","","","","","","","","","","","","","","","","","","","","","","","","","","","","","","","","","","","","","","","","","","","","","","",""
"06163007","TENDE_SAPC",44.043167,7.586,636,2000090114,0.,1,"","","","","","","","","","","","","","","","","","","","","","","","","","","","","","","","","","",24.6,1,8.5,1,24.6,1,"","",25.2,1,"","","","","","","","","","","","","","","","","","","","",36,1,"","","","","","","","","","","","",11.1,1,"","","","","","","","","","","","","","","","","","","","","","","","","","","","","","","","","","","","","","","","","","","","","","","","","","","","","","","","","","","","","","","","","","","","","","","","","","","","","","","","","","","","","","","","","","","","","","","","","","","","","","","","","","","","","","","","","","","",""
"06163007","TENDE_SAPC",44.043167,7.586,636,2000090115,0.,1,"","","","","","","","","","","","","","","","","","","","","","","","","","","","","","","","","","",23.7,1,9.7,1,23.6,1,"","",24.6,1,"","","","","","","","","","","","","","","","","","","","",41,1,"","","","","","","","","","","","",12.,1,"","","","","","","","","","","","","","","","","","","","","","","","","","","","","","","","","","","","","","","","","","","","","","","","","","","","","","","","","","","","","","","","","","","","","","","","","","","","","","","","","","","","","","","","","","","","","","","","","","","","","","","","","","","","","","","","","","","",""
"06163007","TENDE_SAPC",44.043167,7.586,636,2000090116,0.,1,"","","","","","","","","","","","","","","","","","","","","","","","","","","","","","","","","","",22.2,1,9.7,1,22.2,1,"","",23.6,1,"","","","","","","","","","","","","","","","","","","","",45,1,"","","","","","","","","","","","",12.,1,"","","","","","","","","","","","","","","","","","","","","","","","","","","","","","","","","","","","","","","","","","","","","","","","","","","","","","","","","","","","","","","","","","","","","","","","","","","","","","","","","","","","","","","","","","","","","","","","","","","","","","","","","","","","","","","","","","","",""
"06163007","TENDE_SAPC",44.043167,7.586,636,2000090117,0.,1,"","","","","","","","","","","","","","","","","","","","","","","","","","","","","","","","","","",20.8,1,9.4,1,20.8,1,"","",22.1,1,"","","","","","","","","","","","","","","","","","","","",48,1,"","","","","","","","","","","","",11.8,1,"","","","","","","","","","","","","","","","","","","","","","","","","","","","","","","","","","","","","","","","","","","","","","","","","","","","","","","","","","","","","","","","","","","","","","","","","","","","","","","","","","","","","","","","","","","","","","","","","","","","","","","","","","","","","","","","","","","",""
"06163007","TENDE_SAPC",44.043167,7.586,636,2000090118,0.,1,"","","","","","","","","","","","","","","","","","","","","","","","","","","","","","","","","","",19.3,1,9.8,1,19.3,1,"","",20.9,1,"","","","","","","","","","","","","","","","","","","","",54,1,"","","","","","","","","","","","",12.1,1,"","","","","","","","","","","","","","","","","","","","","","","","","","","","","","","","","","","","","","","","","","","","","","","","","","","","","","","","","","","","","","","","","","","","","","","","","","","","","","","","","","","","","","","","","","","","","","","","","","","","","","","","","","","","","","","","","","","",""
"06163007","TENDE_SAPC",44.043167,7.586,636,2000090119,0.,1,"","","","","","","","","","","","","","","","","","","","","","","","","","","","","","","","","","",16.1,1,10.2,1,16.1,1,"","",19.1,1,"","","","","","","","","","","","","","","","","","","","",68,1,"","","","","","","","","","","","",12.4,1,"","","","","","","","","","","","","","","","","","","","","","","","","","","","","","","","","","","","","","","","","","","","","","","","","","","","","","","","","","","","","","","","","","","","","","","","","","","","","","","","","","","","","","","","","","","","","","","","","","","","","","","","","","","","","","","","","","","",""
"06163007","TENDE_SAPC",44.043167,7.586,636,2000090120,0.,1,"","","","","","","","","","","","","","","","","","","","","","","","","","","","","","","","","","",14.9,1,10.1,1,14.9,1,"","",16.1,1,"","","","","","","","","","","","","","","","","","","","",73,1,"","","","","","","","","","","","",12.3,1,"","","","","","","","","","","","","","","","","","","","","","","","","","","","","","","","","","","","","","","","","","","","","","","","","","","","","","","","","","","","","","","","","","","","","","","","","","","","","","","","","","","","","","","","","","","","","","","","","","","","","","","","","","","","","","","","","","","",""
"06163007","TENDE_SAPC",44.043167,7.586,636,2000090121,0.,1,"","","","","","","","","","","","","","","","","","","","","","","","","","","","","","","","","","",14.4,1,9.4,1,14.4,1,"","",14.9,1,"","","","","","","","","","","","","","","","","","","","",72,1,"","","","","","","","","","","","",11.8,1,"","","","","","","","","","","","","","","","","","","","","","","","","","","","","","","","","","","","","","","","","","","","","","","","","","","","","","","","","","","","","","","","","","","","","","","","","","","","","","","","","","","","","","","","","","","","","","","","","","","","","","","","","","","","","","","","","","","",""
"06163007","TENDE_SAPC",44.043167,7.586,636,2000090122,0.,1,"","","","","","","","","","","","","","","","","","","","","","","","","","","","","","","","","","",14.,1,9.,1,14.,1,"","",14.5,1,"","","","","","","","","","","","","","","","","","","","",72,1,"","","","","","","","","","","","",11.5,1,"","","","","","","","","","","","","","","","","","","","","","","","","","","","","","","","","","","","","","","","","","","","","","","","","","","","","","","","","","","","","","","","","","","","","","","","","","","","","","","","","","","","","","","","","","","","","","","","","","","","","","","","","","","","","","","","","","","",""
"06163007","TENDE_SAPC",44.043167,7.586,636,2000090123,0.,1,"","","","","","","","","","","","","","","","","","","","","","","","","","","","","","","","","","",13.5,1,8.8,1,13.5,1,"","",14.1,1,"","","","","","","","","","","","","","","","","","","","",73,1,"","","","","","","","","","","","",11.3,1,"","","","","","","","","","","","","","","","","","","","","","","","","","","","","","","","","","","","","","","","","","","","","","","","","","","","","","","","","","","","","","","","","","","","","","","","","","","","","","","","","","","","","","","","","","","","","","","","","","","","","","","","","","","","","","","","","","","",""
"06163007","TENDE_SAPC",44.043167,7.586,636,2000090200,0.,1,"","","","","","","","","","","","","","","","","","","","","","","","","","","","","","","","","","",13.,1,8.5,1,13.,1,"","",13.7,1,"","","","","","","","","","","","","","","","","","","","",74,1,"","","","","","","","","","","","",11.1,1,"","","","","","","","","","","","","","","","","","","","","","","","","","","","","","","","","","","","","","","","","","","","","","","","","","","","","","","","","","","","","","","","","","","","","","","","","","","","","","","","","","","","","","","","","","","","","","","","","","","","","","","","","","","","","","","","","","","",""
"06163007","TENDE_SAPC",44.043167,7.586,636,2000090201,0.,1,"","","","","","","","","","","","","","","","","","","","","","","","","","","","","","","","","","",12.,1,8.5,1,12.,1,"","",13.1,1,"","","","","","","","","","","","","","","","","","","","",79,1,"","","","","","","","","","","","",11.1,1,"","","","","","","","","","","","","","","","","","","","","","","","","","","","","","","","","","","","","","","","","","","","","","","","","","","","","","","","","","","","","","","","","","","","","","","","","","","","","","","","","","","","","","","","","","","","","","","","","","","","","","","","","","","","","","","","","","","",""
"06163007","TENDE_SAPC",44.043167,7.586,636,2000090202,0.,1,"","","","","","","","","","","","","","","","","","","","","","","","","","","","","","","","","","",11.4,1,8.3,1,11.4,1,"","",12.,1,"","","","","","","","","","","","","","","","","","","","",81,1,"","","","","","","","","","","","",10.9,1,"","","","","","","","","","","","","","","","","","","","","","","","","","","","","","","","","","","","","","","","","","","","","","","","","","","","","","","","","","","","","","","","","","","","","","","","","","","","","","","","","","","","","","","","","","","","","","","","","","","","","","","","","","","","","","","","","","","",""
"06163007","TENDE_SAPC",44.043167,7.586,636,2000090203,0.,1,"","","","","","","","","","","","","","","","","","","","","","","","","","","","","","","","","","",11.1,1,8.,1,11.1,1,"","",11.4,1,"","","","","","","","","","","","","","","","","","","","",81,1,"","","","","","","","","","","","",10.7,1,"","","","","","","","","","","","","","","","","","","","","","","","","","","","","","","","","","","","","","","","","","","","","","","","","","","","","","","","","","","","","","","","","","","","","","","","","","","","","","","","","","","","","","","","","","","","","","","","","","","","","","","","","","","","","","","","","","","",""
"06163007","TENDE_SAPC",44.043167,7.586,636,2000090204,0.,1,"","","","","","","","","","","","","","","","","","","","","","","","","","","","","","","","","","",10.9,1,7.6,1,10.9,1,"","",11.2,1,"","","","","","","","","","","","","","","","","","","","",80,1,"","","","","","","","","","","","",10.4,1,"","","","","","","","","","","","","","","","","","","","","","","","","","","","","","","","","","","","","","","","","","","","","","","","","","","","","","","","","","","","","","","","","","","","","","","","","","","","","","","","","","","","","","","","","","","","","","","","","","","","","","","","","","","","","","","","","","","",""
"06163007","TENDE_SAPC",44.043167,7.586,636,2000090205,0.,1,"","","","","","","","","","","","","","","","","","","","","","","","","","","","","","","","","","",10.4,1,7.3,1,10.4,1,"","",10.8,1,"","","","","","","","","","","","","","","","","","","","",81,1,"","","","","","","","","","","","",10.2,1,"","","","","","","","","","","","","","","","","","","","","","","","","","","","","","","","","","","","","","","","","","","","","","","","","","","","","","","","","","","","","","","","","","","","","","","","","","","","","","","","","","","","","","","","","","","","","","","","","","","","","","","","","","","","","","","","","","","",""
"06163007","TENDE_SAPC",44.043167,7.586,636,2000090206,0.,1,"","","","","","","","","","","","","","","","","","","","","","","","","","","","","","","","","","",10.4,1,7.3,1,10.3,1,"","",10.5,1,"","","","","","","","","","","","","","","","","","","","",81,1,"","","","","","","","","","","","",10.2,1,"","","","","","","","","","","","","","","","","","","","","","","","","","","","","","","","","","","","","","","","","","","","","","","","","","","","","","","","","","","","","","","","","","","","","","","","","","","","","","","","","","","","","","","","","","","","","","","","","","","","","","","","","","","","","","","","","","","",""
"06163007","TENDE_SAPC",44.043167,7.586,636,2000090207,0.,1,"","","","","","","","","","","","","","","","","","","","","","","","","","","","","","","","","","",10.8,1,7.7,1,10.4,1,"","",10.8,1,"","","","","","","","","","","","","","","","","","","","",81,1,"","","","","","","","","","","","",10.5,1,"","","","","","","","","","","","","","","","","","","","","","","","","","","","","","","","","","","","","","","","","","","","","","","","","","","","","","","","","","","","","","","","","","","","","","","","","","","","","","","","","","","","","","","","","","","","","","","","","","","","","","","","","","","","","","","","","","","",""
"06163007","TENDE_SAPC",44.043167,7.586,636,2000090208,0.,1,"","","","","","","","","","","","","","","","","","","","","","","","","","","","","","","","","","",13.4,1,8.5,1,10.8,1,"","",13.4,1,"","","","","","","","","","","","","","","","","","","","",72,1,"","","","","","","","","","","","",11.,1,"","","","","","","","","","","","","","","","","","","","","","","","","","","","","","","","","","","","","","","","","","","","","","","","","","","","","","","","","","","","","","","","","","","","","","","","","","","","","","","","","","","","","","","","","","","","","","","","","","","","","","","","","","","","","","","","","","","",""
"06163007","TENDE_SAPC",44.043167,7.586,636,2000090209,0.,1,"","","","","","","","","","","","","","","","","","","","","","","","","","","","","","","","","","",19.2,1,6.6,1,13.6,1,"","",19.4,1,"","","","","","","","","","","","","","","","","","","","",44,1,"","","","","","","","","","","","",9.8,1,"","","","","","","","","","","","","","","","","","","","","","","","","","","","","","","","","","","","","","","","","","","","","","","","","","","","","","","","","","","","","","","","","","","","","","","","","","","","","","","","","","","","","","","","","","","","","","","","","","","","","","","","","","","","","","","","","","","",""
"06163007","TENDE_SAPC",44.043167,7.586,636,2000090210,0.,1,"","","","","","","","","","","","","","","","","","","","","","","","","","","","","","","","","","",23.6,1,4.,1,19.3,1,"","",23.6,1,"","","","","","","","","","","","","","","","","","","","",28,1,"","","","","","","","","","","","",8.1,1,"","","","","","","","","","","","","","","","","","","","","","","","","","","","","","","","","","","","","","","","","","","","","","","","","","","","","","","","","","","","","","","","","","","","","","","","","","","","","","","","","","","","","","","","","","","","","","","","","","","","","","","","","","","","","","","","","","","",""
"06163007","TENDE_SAPC",44.043167,7.586,636,2000090211,0.,1,"","","","","","","","","","","","","","","","","","","","","","","","","","","","","","","","","","",25.2,1,5.4,1,23.7,1,"","",25.2,1,"","","","","","","","","","","","","","","","","","","","",28,1,"","","","","","","","","","","","",9.,1,"","","","","","","","","","","","","","","","","","","","","","","","","","","","","","","","","","","","","","","","","","","","","","","","","","","","","","","","","","","","","","","","","","","","","","","","","","","","","","","","","","","","","","","","","","","","","","","","","","","","","","","","","","","","","","","","","","","",""
"06163007","TENDE_SAPC",44.043167,7.586,636,2000090212,0.,1,"","","","","","","","","","","","","","","","","","","","","","","","","","","","","","","","","","",26.1,1,6.7,1,25.2,1,"","",26.2,1,"","","","","","","","","","","","","","","","","","","","",29,1,"","","","","","","","","","","","",9.8,1,"","","","","","","","","","","","","","","","","","","","","","","","","","","","","","","","","","","","","","","","","","","","","","","","","","","","","","","","","","","","","","","","","","","","","","","","","","","","","","","","","","","","","","","","","","","","","","","","","","","","","","","","","","","","","","","","","","","",""
"06163007","TENDE_SAPC",44.043167,7.586,636,2000090213,0.,1,"","","","","","","","","","","","","","","","","","","","","","","","","","","","","","","","","","",26.5,1,6.,1,26.,1,"","",26.6,1,"","","","","","","","","","","","","","","","","","","","",27,1,"","","","","","","","","","","","",9.3,1,"","","","","","","","","","","","","","","","","","","","","","","","","","","","","","","","","","","","","","","","","","","","","","","","","","","","","","","","","","","","","","","","","","","","","","","","","","","","","","","","","","","","","","","","","","","","","","","","","","","","","","","","","","","","","","","","","","","",""
"06163007","TENDE_SAPC",44.043167,7.586,636,2000090214,0.,1,"","","","","","","","","","","","","","","","","","","","","","","","","","","","","","","","","","",26.,1,6.6,1,26.,1,"","",26.6,1,"","","","","","","","","","","","","","","","","","","","",29,1,"","","","","","","","","","","","",9.7,1,"","","","","","","","","","","","","","","","","","","","","","","","","","","","","","","","","","","","","","","","","","","","","","","","","","","","","","","","","","","","","","","","","","","","","","","","","","","","","","","","","","","","","","","","","","","","","","","","","","","","","","","","","","","","","","","","","","","",""
"06163007","TENDE_SAPC",44.043167,7.586,636,2000090215,0.,1,"","","","","","","","","","","","","","","","","","","","","","","","","","","","","","","","","","",24.8,1,7.4,1,24.8,1,"","",26.,1,"","","","","","","","","","","","","","","","","","","","",33,1,"","","","","","","","","","","","",10.3,1,"","","","","","","","","","","","","","","","","","","","","","","","","","","","","","","","","","","","","","","","","","","","","","","","","","","","","","","","","","","","","","","","","","","","","","","","","","","","","","","","","","","","","","","","","","","","","","","","","","","","","","","","","","","","","","","","","","","",""
"06163007","TENDE_SAPC",44.043167,7.586,636,2000090216,0.,1,"","","","","","","","","","","","","","","","","","","","","","","","","","","","","","","","","","",23.2,1,8.1,1,23.2,1,"","",24.8,1,"","","","","","","","","","","","","","","","","","","","",38,1,"","","","","","","","","","","","",10.8,1,"","","","","","","","","","","","","","","","","","","","","","","","","","","","","","","","","","","","","","","","","","","","","","","","","","","","","","","","","","","","","","","","","","","","","","","","","","","","","","","","","","","","","","","","","","","","","","","","","","","","","","","","","","","","","","","","","","","",""
"06163007","TENDE_SAPC",44.043167,7.586,636,2000090217,0.,1,"","","","","","","","","","","","","","","","","","","","","","","","","","","","","","","","","","",22.3,1,8.8,1,22.3,1,"","",23.2,1,"","","","","","","","","","","","","","","","","","","","",42,1,"","","","","","","","","","","","",11.3,1,"","","","","","","","","","","","","","","","","","","","","","","","","","","","","","","","","","","","","","","","","","","","","","","","","","","","","","","","","","","","","","","","","","","","","","","","","","","","","","","","","","","","","","","","","","","","","","","","","","","","","","","","","","","","","","","","","","","",""
"06163007","TENDE_SAPC",44.043167,7.586,636,2000090218,0.,1,"","","","","","","","","","","","","","","","","","","","","","","","","","","","","","","","","","",20.4,1,9.6,1,20.4,1,"","",22.3,1,"","","","","","","","","","","","","","","","","","","","",50,1,"","","","","","","","","","","","",12.,1,"","","","","","","","","","","","","","","","","","","","","","","","","","","","","","","","","","","","","","","","","","","","","","","","","","","","","","","","","","","","","","","","","","","","","","","","","","","","","","","","","","","","","","","","","","","","","","","","","","","","","","","","","","","","","","","","","","","",""
"06163007","TENDE_SAPC",44.043167,7.586,636,2000090219,0.,1,"","","","","","","","","","","","","","","","","","","","","","","","","","","","","","","","","","",17.4,1,9.8,1,17.4,1,"","",20.3,1,"","","","","","","","","","","","","","","","","","","","",61,1,"","","","","","","","","","","","",12.1,1,"","","","","","","","","","","","","","","","","","","","","","","","","","","","","","","","","","","","","","","","","","","","","","","","","","","","","","","","","","","","","","","","","","","","","","","","","","","","","","","","","","","","","","","","","","","","","","","","","","","","","","","","","","","","","","","","","","","",""
"06163007","TENDE_SAPC",44.043167,7.586,636,2000090220,0.,1,"","","","","","","","","","","","","","","","","","","","","","","","","","","","","","","","","","",15.9,1,9.8,1,15.9,1,"","",17.4,1,"","","","","","","","","","","","","","","","","","","","",67,1,"","","","","","","","","","","","",12.1,1,"","","","","","","","","","","","","","","","","","","","","","","","","","","","","","","","","","","","","","","","","","","","","","","","","","","","","","","","","","","","","","","","","","","","","","","","","","","","","","","","","","","","","","","","","","","","","","","","","","","","","","","","","","","","","","","","","","","",""
"06163007","TENDE_SAPC",44.043167,7.586,636,2000090221,0.,1,"","","","","","","","","","","","","","","","","","","","","","","","","","","","","","","","","","",14.6,1,9.2,1,14.6,1,"","",15.8,1,"","","","","","","","","","","","","","","","","","","","",70,1,"","","","","","","","","","","","",11.6,1,"","","","","","","","","","","","","","","","","","","","","","","","","","","","","","","","","","","","","","","","","","","","","","","","","","","","","","","","","","","","","","","","","","","","","","","","","","","","","","","","","","","","","","","","","","","","","","","","","","","","","","","","","","","","","","","","","","","",""
"06163007","TENDE_SAPC",44.043167,7.586,636,2000090222,0.,1,"","","","","","","","","","","","","","","","","","","","","","","","","","","","","","","","","","",13.5,1,8.5,1,13.5,1,"","",14.6,1,"","","","","","","","","","","","","","","","","","","","",72,1,"","","","","","","","","","","","",11.1,1,"","","","","","","","","","","","","","","","","","","","","","","","","","","","","","","","","","","","","","","","","","","","","","","","","","","","","","","","","","","","","","","","","","","","","","","","","","","","","","","","","","","","","","","","","","","","","","","","","","","","","","","","","","","","","","","","","","","",""
"06163007","TENDE_SAPC",44.043167,7.586,636,2000090223,0.,1,"","","","","","","","","","","","","","","","","","","","","","","","","","","","","","","","","","",12.9,1,8.4,1,12.9,1,"","",13.5,1,"","","","","","","","","","","","","","","","","","","","",74,1,"","","","","","","","","","","","",11.,1,"","","","","","","","","","","","","","","","","","","","","","","","","","","","","","","","","","","","","","","","","","","","","","","","","","","","","","","","","","","","","","","","","","","","","","","","","","","","","","","","","","","","","","","","","","","","","","","","","","","","","","","","","","","","","","","","","","","",""
"06163007","TENDE_SAPC",44.043167,7.586,636,2000090300,0.,1,"","","","","","","","","","","","","","","","","","","","","","","","","","","","","","","","","","",12.2,1,8.3,1,12.2,1,"","",12.8,1,"","","","","","","","","","","","","","","","","","","","",77,1,"","","","","","","","","","","","",10.9,1,"","","","","","","","","","","","","","","","","","","","","","","","","","","","","","","","","","","","","","","","","","","","","","","","","","","","","","","","","","","","","","","","","","","","","","","","","","","","","","","","","","","","","","","","","","","","","","","","","","","","","","","","","","","","","","","","","","","",""
"06163007","TENDE_SAPC",44.043167,7.586,636,2000090301,0.,1,"","","","","","","","","","","","","","","","","","","","","","","","","","","","","","","","","","",11.6,1,8.1,1,11.6,1,"","",12.1,1,"","","","","","","","","","","","","","","","","","","","",79,1,"","","","","","","","","","","","",10.8,1,"","","","","","","","","","","","","","","","","","","","","","","","","","","","","","","","","","","","","","","","","","","","","","","","","","","","","","","","","","","","","","","","","","","","","","","","","","","","","","","","","","","","","","","","","","","","","","","","","","","","","","","","","","","","","","","","","","","",""
"06163007","TENDE_SAPC",44.043167,7.586,636,2000090302,0.,1,"","","","","","","","","","","","","","","","","","","","","","","","","","","","","","","","","","",11.1,1,7.6,1,11.1,1,"","",11.6,1,"","","","","","","","","","","","","","","","","","","","",79,1,"","","","","","","","","","","","",10.4,1,"","","","","","","","","","","","","","","","","","","","","","","","","","","","","","","","","","","","","","","","","","","","","","","","","","","","","","","","","","","","","","","","","","","","","","","","","","","","","","","","","","","","","","","","","","","","","","","","","","","","","","","","","","","","","","","","","","","",""
"06163007","TENDE_SAPC",44.043167,7.586,636,2000090303,0.,1,"","","","","","","","","","","","","","","","","","","","","","","","","","","","","","","","","","",10.8,1,7.3,1,10.8,1,"","",11.1,1,"","","","","","","","","","","","","","","","","","","","",79,1,"","","","","","","","","","","","",10.2,1,"","","","","","","","","","","","","","","","","","","","","","","","","","","","","","","","","","","","","","","","","","","","","","","","","","","","","","","","","","","","","","","","","","","","","","","","","","","","","","","","","","","","","","","","","","","","","","","","","","","","","","","","","","","","","","","","","","","",""
"06163007","TENDE_SAPC",44.043167,7.586,636,2000090304,0.,1,"","","","","","","","","","","","","","","","","","","","","","","","","","","","","","","","","","",10.8,1,7.5,1,10.6,1,"","",10.8,1,"","","","","","","","","","","","","","","","","","","","",80,1,"","","","","","","","","","","","",10.3,1,"","","","","","","","","","","","","","","","","","","","","","","","","","","","","","","","","","","","","","","","","","","","","","","","","","","","","","","","","","","","","","","","","","","","","","","","","","","","","","","","","","","","","","","","","","","","","","","","","","","","","","","","","","","","","","","","","","","",""
"06163007","TENDE_SAPC",44.043167,7.586,636,2000090305,0.,1,"","","","","","","","","","","","","","","","","","","","","","","","","","","","","","","","","","",11.8,1,6.5,1,10.8,1,"","",11.8,1,"","","","","","","","","","","","","","","","","","","","",70,1,"","","","","","","","","","","","",9.7,1,"","","","","","","","","","","","","","","","","","","","","","","","","","","","","","","","","","","","","","","","","","","","","","","","","","","","","","","","","","","","","","","","","","","","","","","","","","","","","","","","","","","","","","","","","","","","","","","","","","","","","","","","","","","","","","","","","","","",""
"06163007","TENDE_SAPC",44.043167,7.586,636,2000090306,0.,1,"","","","","","","","","","","","","","","","","","","","","","","","","","","","","","","","","","",11.6,1,6.1,1,11.6,1,"","",11.9,1,"","","","","","","","","","","","","","","","","","","","",69,1,"","","","","","","","","","","","",9.4,1,"","","","","","","","","","","","","","","","","","","","","","","","","","","","","","","","","","","","","","","","","","","","","","","","","","","","","","","","","","","","","","","","","","","","","","","","","","","","","","","","","","","","","","","","","","","","","","","","","","","","","","","","","","","","","","","","","","","",""
"06163007","TENDE_SAPC",44.043167,7.586,636,2000090307,0.,1,"","","","","","","","","","","","","","","","","","","","","","","","","","","","","","","","","","",12.1,1,6.6,1,11.6,1,"","",12.1,1,"","","","","","","","","","","","","","","","","","","","",69,1,"","","","","","","","","","","","",9.7,1,"","","","","","","","","","","","","","","","","","","","","","","","","","","","","","","","","","","","","","","","","","","","","","","","","","","","","","","","","","","","","","","","","","","","","","","","","","","","","","","","","","","","","","","","","","","","","","","","","","","","","","","","","","","","","","","","","","","",""
"06163007","TENDE_SAPC",44.043167,7.586,636,2000090308,0.,1,"","","","","","","","","","","","","","","","","","","","","","","","","","","","","","","","","","",14.2,1,7.3,1,12.1,1,"","",14.2,1,"","","","","","","","","","","","","","","","","","","","",63,1,"","","","","","","","","","","","",10.2,1,"","","","","","","","","","","","","","","","","","","","","","","","","","","","","","","","","","","","","","","","","","","","","","","","","","","","","","","","","","","","","","","","","","","","","","","","","","","","","","","","","","","","","","","","","","","","","","","","","","","","","","","","","","","","","","","","","","","",""
"06163007","TENDE_SAPC",44.043167,7.586,636,2000090309,0.,1,"","","","","","","","","","","","","","","","","","","","","","","","","","","","","","","","","","",19.7,1,6.1,1,14.3,1,"","",19.7,1,"","","","","","","","","","","","","","","","","","","","",41,1,"","","","","","","","","","","","",9.4,1,"","","","","","","","","","","","","","","","","","","","","","","","","","","","","","","","","","","","","","","","","","","","","","","","","","","","","","","","","","","","","","","","","","","","","","","","","","","","","","","","","","","","","","","","","","","","","","","","","","","","","","","","","","","","","","","","","","","",""
"06163007","TENDE_SAPC",44.043167,7.586,636,2000090310,0.,1,"","","","","","","","","","","","","","","","","","","","","","","","","","","","","","","","","","",23.2,1,4.7,1,19.7,1,"","",23.2,1,"","","","","","","","","","","","","","","","","","","","",30,1,"","","","","","","","","","","","",8.5,1,"","","","","","","","","","","","","","","","","","","","","","","","","","","","","","","","","","","","","","","","","","","","","","","","","","","","","","","","","","","","","","","","","","","","","","","","","","","","","","","","","","","","","","","","","","","","","","","","","","","","","","","","","","","","","","","","","","","",""
"06163007","TENDE_SAPC",44.043167,7.586,636,2000090311,0.,1,"","","","","","","","","","","","","","","","","","","","","","","","","","","","","","","","","","",23.5,1,5.4,1,23.2,1,"","",23.9,1,"","","","","","","","","","","","","","","","","","","","",31,1,"","","","","","","","","","","","",9.,1,"","","","","","","","","","","","","","","","","","","","","","","","","","","","","","","","","","","","","","","","","","","","","","","","","","","","","","","","","","","","","","","","","","","","","","","","","","","","","","","","","","","","","","","","","","","","","","","","","","","","","","","","","","","","","","","","","","","",""
"06163007","TENDE_SAPC",44.043167,7.586,636,2000090312,0.,1,"","","","","","","","","","","","","","","","","","","","","","","","","","","","","","","","","","",23.,1,6.3,1,22.7,1,"","",23.6,1,"","","","","","","","","","","","","","","","","","","","",34,1,"","","","","","","","","","","","",9.5,1,"","","","","","","","","","","","","","","","","","","","","","","","","","","","","","","","","","","","","","","","","","","","","","","","","","","","","","","","","","","","","","","","","","","","","","","","","","","","","","","","","","","","","","","","","","","","","","","","","","","","","","","","","","","","","","","","","","","",""
"06163007","TENDE_SAPC",44.043167,7.586,636,2000090313,0.,1,"","","","","","","","","","","","","","","","","","","","","","","","","","","","","","","","","","",22.3,1,6.5,1,22.3,1,"","",23.4,1,"","","","","","","","","","","","","","","","","","","","",36,1,"","","","","","","","","","","","",9.7,1,"","","","","","","","","","","","","","","","","","","","","","","","","","","","","","","","","","","","","","","","","","","","","","","","","","","","","","","","","","","","","","","","","","","","","","","","","","","","","","","","","","","","","","","","","","","","","","","","","","","","","","","","","","","","","","","","","","","",""
"06163007","TENDE_SAPC",44.043167,7.586,636,2000090314,0.,1,"","","","","","","","","","","","","","","","","","","","","","","","","","","","","","","","","","",23.1,1,5.9,1,22.3,1,"","",23.5,1,"","","","","","","","","","","","","","","","","","","","",33,1,"","","","","","","","","","","","",9.3,1,"","","","","","","","","","","","","","","","","","","","","","","","","","","","","","","","","","","","","","","","","","","","","","","","","","","","","","","","","","","","","","","","","","","","","","","","","","","","","","","","","","","","","","","","","","","","","","","","","","","","","","","","","","","","","","","","","","","",""
"06163007","TENDE_SAPC",44.043167,7.586,636,2000090315,0.,1,"","","","","","","","","","","","","","","","","","","","","","","","","","","","","","","","","","",21.4,1,7.2,1,21.4,1,"","",23.1,1,"","","","","","","","","","","","","","","","","","","","",40,1,"","","","","","","","","","","","",10.2,1,"","","","","","","","","","","","","","","","","","","","","","","","","","","","","","","","","","","","","","","","","","","","","","","","","","","","","","","","","","","","","","","","","","","","","","","","","","","","","","","","","","","","","","","","","","","","","","","","","","","","","","","","","","","","","","","","","","","",""
"06163007","TENDE_SAPC",44.043167,7.586,636,2000090316,0.,1,"","","","","","","","","","","","","","","","","","","","","","","","","","","","","","","","","","",21.,1,6.5,1,20.8,1,"","",21.4,1,"","","","","","","","","","","","","","","","","","","","",39,1,"","","","","","","","","","","","",9.7,1,"","","","","","","","","","","","","","","","","","","","","","","","","","","","","","","","","","","","","","","","","","","","","","","","","","","","","","","","","","","","","","","","","","","","","","","","","","","","","","","","","","","","","","","","","","","","","","","","","","","","","","","","","","","","","","","","","","","",""
"06163007","TENDE_SAPC",44.043167,7.586,636,2000090317,0.,1,"","","","","","","","","","","","","","","","","","","","","","","","","","","","","","","","","","",20.3,1,7.3,1,20.3,1,"","",21.,1,"","","","","","","","","","","","","","","","","","","","",43,1,"","","","","","","","","","","","",10.2,1,"","","","","","","","","","","","","","","","","","","","","","","","","","","","","","","","","","","","","","","","","","","","","","","","","","","","","","","","","","","","","","","","","","","","","","","","","","","","","","","","","","","","","","","","","","","","","","","","","","","","","","","","","","","","","","","","","","","",""
"06163007","TENDE_SAPC",44.043167,7.586,636,2000090318,0.,1,"","","","","","","","","","","","","","","","","","","","","","","","","","","","","","","","","","",18.4,1,7.8,1,18.4,1,"","",20.3,1,"","","","","","","","","","","","","","","","","","","","",50,1,"","","","","","","","","","","","",10.6,1,"","","","","","","","","","","","","","","","","","","","","","","","","","","","","","","","","","","","","","","","","","","","","","","","","","","","","","","","","","","","","","","","","","","","","","","","","","","","","","","","","","","","","","","","","","","","","","","","","","","","","","","","","","","","","","","","","","","",""
"06163007","TENDE_SAPC",44.043167,7.586,636,2000090319,0.,1,"","","","","","","","","","","","","","","","","","","","","","","","","","","","","","","","","","",15.7,1,8.4,1,15.7,1,"","",18.4,1,"","","","","","","","","","","","","","","","","","","","",62,1,"","","","","","","","","","","","",11.,1,"","","","","","","","","","","","","","","","","","","","","","","","","","","","","","","","","","","","","","","","","","","","","","","","","","","","","","","","","","","","","","","","","","","","","","","","","","","","","","","","","","","","","","","","","","","","","","","","","","","","","","","","","","","","","","","","","","","",""
"06163007","TENDE_SAPC",44.043167,7.586,636,2000090320,0.,1,"","","","","","","","","","","","","","","","","","","","","","","","","","","","","","","","","","",14.4,1,7.9,1,14.4,1,"","",15.7,1,"","","","","","","","","","","","","","","","","","","","",65,1,"","","","","","","","","","","","",10.6,1,"","","","","","","","","","","","","","","","","","","","","","","","","","","","","","","","","","","","","","","","","","","","","","","","","","","","","","","","","","","","","","","","","","","","","","","","","","","","","","","","","","","","","","","","","","","","","","","","","","","","","","","","","","","","","","","","","","","",""
"06163007","TENDE_SAPC",44.043167,7.586,636,2000090321,0.,1,"","","","","","","","","","","","","","","","","","","","","","","","","","","","","","","","","","",13.9,1,7.6,1,13.9,1,"","",14.4,1,"","","","","","","","","","","","","","","","","","","","",66,1,"","","","","","","","","","","","",10.5,1,"","","","","","","","","","","","","","","","","","","","","","","","","","","","","","","","","","","","","","","","","","","","","","","","","","","","","","","","","","","","","","","","","","","","","","","","","","","","","","","","","","","","","","","","","","","","","","","","","","","","","","","","","","","","","","","","","","","",""
"06163007","TENDE_SAPC",44.043167,7.586,636,2000090322,0.,1,"","","","","","","","","","","","","","","","","","","","","","","","","","","","","","","","","","",13.5,1,7.3,1,13.5,1,"","",14.2,1,"","","","","","","","","","","","","","","","","","","","",66,1,"","","","","","","","","","","","",10.2,1,"","","","","","","","","","","","","","","","","","","","","","","","","","","","","","","","","","","","","","","","","","","","","","","","","","","","","","","","","","","","","","","","","","","","","","","","","","","","","","","","","","","","","","","","","","","","","","","","","","","","","","","","","","","","","","","","","","","",""
"06163007","TENDE_SAPC",44.043167,7.586,636,2000090323,0.,1,"","","","","","","","","","","","","","","","","","","","","","","","","","","","","","","","","","",13.2,1,6.5,1,12.9,1,"","",13.6,1,"","","","","","","","","","","","","","","","","","","","",64,1,"","","","","","","","","","","","",9.7,1,"","","","","","","","","","","","","","","","","","","","","","","","","","","","","","","","","","","","","","","","","","","","","","","","","","","","","","","","","","","","","","","","","","","","","","","","","","","","","","","","","","","","","","","","","","","","","","","","","","","","","","","","","","","","","","","","","","","",""
"06163007","TENDE_SAPC",44.043167,7.586,636,2000090400,0.,1,"","","","","","","","","","","","","","","","","","","","","","","","","","","","","","","","","","",12.8,1,5.9,1,12.4,1,"","",13.3,1,"","","","","","","","","","","","","","","","","","","","",63,1,"","","","","","","","","","","","",9.3,1,"","","","","","","","","","","","","","","","","","","","","","","","","","","","","","","","","","","","","","","","","","","","","","","","","","","","","","","","","","","","","","","","","","","","","","","","","","","","","","","","","","","","","","","","","","","","","","","","","","","","","","","","","","","","","","","","","","","",""
"06163007","TENDE_SAPC",44.043167,7.586,636,2000090401,0.,1,"","","","","","","","","","","","","","","","","","","","","","","","","","","","","","","","","","",12.2,1,5.8,1,12.2,1,"","",12.8,1,"","","","","","","","","","","","","","","","","","","","",65,1,"","","","","","","","","","","","",9.2,1,"","","","","","","","","","","","","","","","","","","","","","","","","","","","","","","","","","","","","","","","","","","","","","","","","","","","","","","","","","","","","","","","","","","","","","","","","","","","","","","","","","","","","","","","","","","","","","","","","","","","","","","","","","","","","","","","","","","",""
"06163007","TENDE_SAPC",44.043167,7.586,636,2000090402,0.,1,"","","","","","","","","","","","","","","","","","","","","","","","","","","","","","","","","","",11.5,1,5.8,1,11.5,1,"","",12.3,1,"","","","","","","","","","","","","","","","","","","","",68,1,"","","","","","","","","","","","",9.2,1,"","","","","","","","","","","","","","","","","","","","","","","","","","","","","","","","","","","","","","","","","","","","","","","","","","","","","","","","","","","","","","","","","","","","","","","","","","","","","","","","","","","","","","","","","","","","","","","","","","","","","","","","","","","","","","","","","","","",""
"06163007","TENDE_SAPC",44.043167,7.586,636,2000090403,0.,1,"","","","","","","","","","","","","","","","","","","","","","","","","","","","","","","","","","",11.3,1,5.6,1,11.3,1,"","",11.4,1,"","","","","","","","","","","","","","","","","","","","",68,1,"","","","","","","","","","","","",9.1,1,"","","","","","","","","","","","","","","","","","","","","","","","","","","","","","","","","","","","","","","","","","","","","","","","","","","","","","","","","","","","","","","","","","","","","","","","","","","","","","","","","","","","","","","","","","","","","","","","","","","","","","","","","","","","","","","","","","","",""
"06163007","TENDE_SAPC",44.043167,7.586,636,2000090404,0.,1,"","","","","","","","","","","","","","","","","","","","","","","","","","","","","","","","","","",11.5,1,5.8,1,11.3,1,"","",11.6,1,"","","","","","","","","","","","","","","","","","","","",68,1,"","","","","","","","","","","","",9.2,1,"","","","","","","","","","","","","","","","","","","","","","","","","","","","","","","","","","","","","","","","","","","","","","","","","","","","","","","","","","","","","","","","","","","","","","","","","","","","","","","","","","","","","","","","","","","","","","","","","","","","","","","","","","","","","","","","","","","",""
"06163007","TENDE_SAPC",44.043167,7.586,636,2000090405,0.,1,"","","","","","","","","","","","","","","","","","","","","","","","","","","","","","","","","","",10.9,1,5.6,1,10.9,1,"","",11.5,1,"","","","","","","","","","","","","","","","","","","","",70,1,"","","","","","","","","","","","",9.1,1,"","","","","","","","","","","","","","","","","","","","","","","","","","","","","","","","","","","","","","","","","","","","","","","","","","","","","","","","","","","","","","","","","","","","","","","","","","","","","","","","","","","","","","","","","","","","","","","","","","","","","","","","","","","","","","","","","","","",""
"06163007","TENDE_SAPC",44.043167,7.586,636,2000090406,0.,1,"","","","","","","","","","","","","","","","","","","","","","","","","","","","","","","","","","",12.,1,5.6,1,10.9,1,"","",12.,1,"","","","","","","","","","","","","","","","","","","","",65,1,"","","","","","","","","","","","",9.1,1,"","","","","","","","","","","","","","","","","","","","","","","","","","","","","","","","","","","","","","","","","","","","","","","","","","","","","","","","","","","","","","","","","","","","","","","","","","","","","","","","","","","","","","","","","","","","","","","","","","","","","","","","","","","","","","","","","","","",""
"06163007","TENDE_SAPC",44.043167,7.586,636,2000090407,0.,1,"","","","","","","","","","","","","","","","","","","","","","","","","","","","","","","","","","",15.4,1,4.4,1,11.9,1,"","",15.4,1,"","","","","","","","","","","","","","","","","","","","",48,1,"","","","","","","","","","","","",8.4,1,"","","","","","","","","","","","","","","","","","","","","","","","","","","","","","","","","","","","","","","","","","","","","","","","","","","","","","","","","","","","","","","","","","","","","","","","","","","","","","","","","","","","","","","","","","","","","","","","","","","","","","","","","","","","","","","","","","","",""
"06163007","TENDE_SAPC",44.043167,7.586,636,2000090408,0.,1,"","","","","","","","","","","","","","","","","","","","","","","","","","","","","","","","","","",19.1,1,3.7,1,15.4,1,"","",19.1,1,"","","","","","","","","","","","","","","","","","","","",36,1,"","","","","","","","","","","","",7.9,1,"","","","","","","","","","","","","","","","","","","","","","","","","","","","","","","","","","","","","","","","","","","","","","","","","","","","","","","","","","","","","","","","","","","","","","","","","","","","","","","","","","","","","","","","","","","","","","","","","","","","","","","","","","","","","","","","","","","",""
"06163007","TENDE_SAPC",44.043167,7.586,636,2000090409,0.,1,"","","","","","","","","","","","","","","","","","","","","","","","","","","","","","","","","","",22.3,1,2.9,1,19.2,1,"","",22.3,1,"","","","","","","","","","","","","","","","","","","","",28,1,"","","","","","","","","","","","",7.5,1,"","","","","","","","","","","","","","","","","","","","","","","","","","","","","","","","","","","","","","","","","","","","","","","","","","","","","","","","","","","","","","","","","","","","","","","","","","","","","","","","","","","","","","","","","","","","","","","","","","","","","","","","","","","","","","","","","","","",""
"06163007","TENDE_SAPC",44.043167,7.586,636,2000090410,0.,1,"","","","","","","","","","","","","","","","","","","","","","","","","","","","","","","","","","",22.9,1,2.4,1,22.2,1,"","",23.5,1,"","","","","","","","","","","","","","","","","","","","",26,1,"","","","","","","","","","","","",7.2,1,"","","","","","","","","","","","","","","","","","","","","","","","","","","","","","","","","","","","","","","","","","","","","","","","","","","","","","","","","","","","","","","","","","","","","","","","","","","","","","","","","","","","","","","","","","","","","","","","","","","","","","","","","","","","","","","","","","","",""
"06163007","TENDE_SAPC",44.043167,7.586,636,2000090411,0.,1,"","","","","","","","","","","","","","","","","","","","","","","","","","","","","","","","","","",23.7,1,3.,1,21.9,1,"","",23.8,1,"","","","","","","","","","","","","","","","","","","","",26,1,"","","","","","","","","","","","",7.6,1,"","","","","","","","","","","","","","","","","","","","","","","","","","","","","","","","","","","","","","","","","","","","","","","","","","","","","","","","","","","","","","","","","","","","","","","","","","","","","","","","","","","","","","","","","","","","","","","","","","","","","","","","","","","","","","","","","","","",""
"06163007","TENDE_SAPC",44.043167,7.586,636,2000090412,0.,1,"","","","","","","","","","","","","","","","","","","","","","","","","","","","","","","","","","",21.4,1,7.2,1,21.4,1,"","",24.,1,"","","","","","","","","","","","","","","","","","","","",40,1,"","","","","","","","","","","","",10.2,1,"","","","","","","","","","","","","","","","","","","","","","","","","","","","","","","","","","","","","","","","","","","","","","","","","","","","","","","","","","","","","","","","","","","","","","","","","","","","","","","","","","","","","","","","","","","","","","","","","","","","","","","","","","","","","","","","","","","",""
"06163007","TENDE_SAPC",44.043167,7.586,636,2000090413,0.,1,"","","","","","","","","","","","","","","","","","","","","","","","","","","","","","","","","","",19.9,1,9.5,1,19.3,1,"","",21.3,1,"","","","","","","","","","","","","","","","","","","","",51,1,"","","","","","","","","","","","",11.8,1,"","","","","","","","","","","","","","","","","","","","","","","","","","","","","","","","","","","","","","","","","","","","","","","","","","","","","","","","","","","","","","","","","","","","","","","","","","","","","","","","","","","","","","","","","","","","","","","","","","","","","","","","","","","","","","","","","","","",""
"06163007","TENDE_SAPC",44.043167,7.586,636,2000090414,0.,1,"","","","","","","","","","","","","","","","","","","","","","","","","","","","","","","","","","",19.4,1,8.1,1,19.4,1,"","",20.3,1,"","","","","","","","","","","","","","","","","","","","",48,1,"","","","","","","","","","","","",10.8,1,"","","","","","","","","","","","","","","","","","","","","","","","","","","","","","","","","","","","","","","","","","","","","","","","","","","","","","","","","","","","","","","","","","","","","","","","","","","","","","","","","","","","","","","","","","","","","","","","","","","","","","","","","","","","","","","","","","","",""
"06163007","TENDE_SAPC",44.043167,7.586,636,2000090415,0.,1,"","","","","","","","","","","","","","","","","","","","","","","","","","","","","","","","","","",19.2,1,7.9,1,19.,1,"","",19.6,1,"","","","","","","","","","","","","","","","","","","","",48,1,"","","","","","","","","","","","",10.7,1,"","","","","","","","","","","","","","","","","","","","","","","","","","","","","","","","","","","","","","","","","","","","","","","","","","","","","","","","","","","","","","","","","","","","","","","","","","","","","","","","","","","","","","","","","","","","","","","","","","","","","","","","","","","","","","","","","","","",""
"06163007","TENDE_SAPC",44.043167,7.586,636,2000090416,0.,1,"","","","","","","","","","","","","","","","","","","","","","","","","","","","","","","","","","",18.4,1,8.1,1,18.4,1,"","",19.3,1,"","","","","","","","","","","","","","","","","","","","",51,1,"","","","","","","","","","","","",10.8,1,"","","","","","","","","","","","","","","","","","","","","","","","","","","","","","","","","","","","","","","","","","","","","","","","","","","","","","","","","","","","","","","","","","","","","","","","","","","","","","","","","","","","","","","","","","","","","","","","","","","","","","","","","","","","","","","","","","","",""
"06163007","TENDE_SAPC",44.043167,7.586,636,2000090417,0.,1,"","","","","","","","","","","","","","","","","","","","","","","","","","","","","","","","","","",16.5,1,7.4,1,16.5,1,"","",18.3,1,"","","","","","","","","","","","","","","","","","","","",55,1,"","","","","","","","","","","","",10.3,1,"","","","","","","","","","","","","","","","","","","","","","","","","","","","","","","","","","","","","","","","","","","","","","","","","","","","","","","","","","","","","","","","","","","","","","","","","","","","","","","","","","","","","","","","","","","","","","","","","","","","","","","","","","","","","","","","","","","",""
"06163007","TENDE_SAPC",44.043167,7.586,636,2000090418,0.,1,"","","","","","","","","","","","","","","","","","","","","","","","","","","","","","","","","","",15.1,1,7.6,1,15.1,1,"","",16.5,1,"","","","","","","","","","","","","","","","","","","","",61,1,"","","","","","","","","","","","",10.4,1,"","","","","","","","","","","","","","","","","","","","","","","","","","","","","","","","","","","","","","","","","","","","","","","","","","","","","","","","","","","","","","","","","","","","","","","","","","","","","","","","","","","","","","","","","","","","","","","","","","","","","","","","","","","","","","","","","","","",""
"06163007","TENDE_SAPC",44.043167,7.586,636,2000090419,0.,1,"","","","","","","","","","","","","","","","","","","","","","","","","","","","","","","","","","",15.2,1,8.,1,15.,1,"","",15.2,1,"","","","","","","","","","","","","","","","","","","","",62,1,"","","","","","","","","","","","",10.7,1,"","","","","","","","","","","","","","","","","","","","","","","","","","","","","","","","","","","","","","","","","","","","","","","","","","","","","","","","","","","","","","","","","","","","","","","","","","","","","","","","","","","","","","","","","","","","","","","","","","","","","","","","","","","","","","","","","","","",""
"06163007","TENDE_SAPC",44.043167,7.586,636,2000090420,1.4,1,"","","","","","","","","","","","","","","","","","","","","","","","","","","","","","","","","","",14.6,1,11.,1,14.6,1,"","",15.2,1,"","","","","","","","","","","","","","","","","","","","",79,1,"","","","","","","","","","","","",13.1,1,"","","","","","","","","","","","","","","","","","","","","","","","","","","","","","","","","","","","","","","","","","","","","","","","","","","","","","","","","","","","","","","","","","","","","","","","","","","","","","","","","","","","","","","","","","","","","","","","","","","","","","","","","","","","","","","","","","","",""
"06163007","TENDE_SAPC",44.043167,7.586,636,2000090421,0.4,1,"","","","","","","","","","","","","","","","","","","","","","","","","","","","","","","","","","",14.,1,11.3,1,13.9,1,"","",14.6,1,"","","","","","","","","","","","","","","","","","","","",84,1,"","","","","","","","","","","","",13.4,1,"","","","","","","","","","","","","","","","","","","","","","","","","","","","","","","","","","","","","","","","","","","","","","","","","","","","","","","","","","","","","","","","","","","","","","","","","","","","","","","","","","","","","","","","","","","","","","","","","","","","","","","","","","","","","","","","","","","",""
"06163007","TENDE_SAPC",44.043167,7.586,636,2000090422,0.,1,"","","","","","","","","","","","","","","","","","","","","","","","","","","","","","","","","","",13.8,1,11.1,1,13.7,1,"","",14.,1,"","","","","","","","","","","","","","","","","","","","",84,1,"","","","","","","","","","","","",13.2,1,"","","","","","","","","","","","","","","","","","","","","","","","","","","","","","","","","","","","","","","","","","","","","","","","","","","","","","","","","","","","","","","","","","","","","","","","","","","","","","","","","","","","","","","","","","","","","","","","","","","","","","","","","","","","","","","","","","","",""
"06163007","TENDE_SAPC",44.043167,7.586,636,2000090423,0.,1,"","","","","","","","","","","","","","","","","","","","","","","","","","","","","","","","","","",13.3,1,10.1,1,13.3,1,"","",13.9,1,"","","","","","","","","","","","","","","","","","","","",81,1,"","","","","","","","","","","","",12.3,1,"","","","","","","","","","","","","","","","","","","","","","","","","","","","","","","","","","","","","","","","","","","","","","","","","","","","","","","","","","","","","","","","","","","","","","","","","","","","","","","","","","","","","","","","","","","","","","","","","","","","","","","","","","","","","","","","","","","",""
"06163007","TENDE_SAPC",44.043167,7.586,636,2000090500,0.,1,"","","","","","","","","","","","","","","","","","","","","","","","","","","","","","","","","","",13.7,1,8.1,1,13.1,1,"","",13.8,1,"","","","","","","","","","","","","","","","","","","","",69,1,"","","","","","","","","","","","",10.8,1,"","","","","","","","","","","","","","","","","","","","","","","","","","","","","","","","","","","","","","","","","","","","","","","","","","","","","","","","","","","","","","","","","","","","","","","","","","","","","","","","","","","","","","","","","","","","","","","","","","","","","","","","","","","","","","","","","","","",""
"06163007","TENDE_SAPC",44.043167,7.586,636,2000090501,0.,1,"","","","","","","","","","","","","","","","","","","","","","","","","","","","","","","","","","",14.9,1,6.2,1,13.7,1,"","",14.9,1,"","","","","","","","","","","","","","","","","","","","",56,1,"","","","","","","","","","","","",9.5,1,"","","","","","","","","","","","","","","","","","","","","","","","","","","","","","","","","","","","","","","","","","","","","","","","","","","","","","","","","","","","","","","","","","","","","","","","","","","","","","","","","","","","","","","","","","","","","","","","","","","","","","","","","","","","","","","","","","","",""
"06163007","TENDE_SAPC",44.043167,7.586,636,2000090502,0.,1,"","","","","","","","","","","","","","","","","","","","","","","","","","","","","","","","","","",15.2,1,5.4,1,14.9,1,"","",15.7,1,"","","","","","","","","","","","","","","","","","","","",52,1,"","","","","","","","","","","","",9.,1,"","","","","","","","","","","","","","","","","","","","","","","","","","","","","","","","","","","","","","","","","","","","","","","","","","","","","","","","","","","","","","","","","","","","","","","","","","","","","","","","","","","","","","","","","","","","","","","","","","","","","","","","","","","","","","","","","","","",""
"06163007","TENDE_SAPC",44.043167,7.586,636,2000090503,0.,1,"","","","","","","","","","","","","","","","","","","","","","","","","","","","","","","","","","",15.4,1,3.8,1,14.8,1,"","",15.6,1,"","","","","","","","","","","","","","","","","","","","",46,1,"","","","","","","","","","","","",8.,1,"","","","","","","","","","","","","","","","","","","","","","","","","","","","","","","","","","","","","","","","","","","","","","","","","","","","","","","","","","","","","","","","","","","","","","","","","","","","","","","","","","","","","","","","","","","","","","","","","","","","","","","","","","","","","","","","","","","",""
"06163007","TENDE_SAPC",44.043167,7.586,636,2000090504,0.,1,"","","","","","","","","","","","","","","","","","","","","","","","","","","","","","","","","","",11.9,1,5.1,1,11.8,1,"","",15.5,1,"","","","","","","","","","","","","","","","","","","","",63,1,"","","","","","","","","","","","",8.8,1,"","","","","","","","","","","","","","","","","","","","","","","","","","","","","","","","","","","","","","","","","","","","","","","","","","","","","","","","","","","","","","","","","","","","","","","","","","","","","","","","","","","","","","","","","","","","","","","","","","","","","","","","","","","","","","","","","","","",""
"06163007","TENDE_SAPC",44.043167,7.586,636,2000090505,0.,1,"","","","","","","","","","","","","","","","","","","","","","","","","","","","","","","","","","",9.9,1,5.5,1,9.9,1,"","",11.9,1,"","","","","","","","","","","","","","","","","","","","",74,1,"","","","","","","","","","","","",9.,1,"","","","","","","","","","","","","","","","","","","","","","","","","","","","","","","","","","","","","","","","","","","","","","","","","","","","","","","","","","","","","","","","","","","","","","","","","","","","","","","","","","","","","","","","","","","","","","","","","","","","","","","","","","","","","","","","","","","",""
"06163007","TENDE_SAPC",44.043167,7.586,636,2000090506,0.,1,"","","","","","","","","","","","","","","","","","","","","","","","","","","","","","","","","","",9.7,1,4.5,1,9.4,1,"","",9.9,1,"","","","","","","","","","","","","","","","","","","","",70,1,"","","","","","","","","","","","",8.4,1,"","","","","","","","","","","","","","","","","","","","","","","","","","","","","","","","","","","","","","","","","","","","","","","","","","","","","","","","","","","","","","","","","","","","","","","","","","","","","","","","","","","","","","","","","","","","","","","","","","","","","","","","","","","","","","","","","","","",""
"06163007","TENDE_SAPC",44.043167,7.586,636,2000090507,0.,1,"","","","","","","","","","","","","","","","","","","","","","","","","","","","","","","","","","",9.6,1,5.2,1,9.5,1,"","",9.8,1,"","","","","","","","","","","","","","","","","","","","",74,1,"","","","","","","","","","","","",8.8,1,"","","","","","","","","","","","","","","","","","","","","","","","","","","","","","","","","","","","","","","","","","","","","","","","","","","","","","","","","","","","","","","","","","","","","","","","","","","","","","","","","","","","","","","","","","","","","","","","","","","","","","","","","","","","","","","","","","","",""
"06163007","TENDE_SAPC",44.043167,7.586,636,2000090508,0.,1,"","","","","","","","","","","","","","","","","","","","","","","","","","","","","","","","","","",11.6,1,5.7,1,9.6,1,"","",11.6,1,"","","","","","","","","","","","","","","","","","","","",67,1,"","","","","","","","","","","","",9.1,1,"","","","","","","","","","","","","","","","","","","","","","","","","","","","","","","","","","","","","","","","","","","","","","","","","","","","","","","","","","","","","","","","","","","","","","","","","","","","","","","","","","","","","","","","","","","","","","","","","","","","","","","","","","","","","","","","","","","",""
"06163007","TENDE_SAPC",44.043167,7.586,636,2000090509,0.,1,"","","","","","","","","","","","","","","","","","","","","","","","","","","","","","","","","","",18.2,1,4.,1,11.9,1,"","",18.3,1,"","","","","","","","","","","","","","","","","","","","",39,1,"","","","","","","","","","","","",8.1,1,"","","","","","","","","","","","","","","","","","","","","","","","","","","","","","","","","","","","","","","","","","","","","","","","","","","","","","","","","","","","","","","","","","","","","","","","","","","","","","","","","","","","","","","","","","","","","","","","","","","","","","","","","","","","","","","","","","","",""
"06163007","TENDE_SAPC",44.043167,7.586,636,2000090510,0.,1,"","","","","","","","","","","","","","","","","","","","","","","","","","","","","","","","","","",20.8,1,3.,1,18.1,1,"","",20.8,1,"","","","","","","","","","","","","","","","","","","","",31,1,"","","","","","","","","","","","",7.6,1,"","","","","","","","","","","","","","","","","","","","","","","","","","","","","","","","","","","","","","","","","","","","","","","","","","","","","","","","","","","","","","","","","","","","","","","","","","","","","","","","","","","","","","","","","","","","","","","","","","","","","","","","","","","","","","","","","","","",""
"06163007","TENDE_SAPC",44.043167,7.586,636,2000090511,0.,1,"","","","","","","","","","","","","","","","","","","","","","","","","","","","","","","","","","",22.2,1,4.3,1,20.9,1,"","",22.2,1,"","","","","","","","","","","","","","","","","","","","",31,1,"","","","","","","","","","","","",8.3,1,"","","","","","","","","","","","","","","","","","","","","","","","","","","","","","","","","","","","","","","","","","","","","","","","","","","","","","","","","","","","","","","","","","","","","","","","","","","","","","","","","","","","","","","","","","","","","","","","","","","","","","","","","","","","","","","","","","","",""
"06163007","TENDE_SAPC",44.043167,7.586,636,2000090512,0.,1,"","","","","","","","","","","","","","","","","","","","","","","","","","","","","","","","","","",22.1,1,5.1,1,21.8,1,"","",22.2,1,"","","","","","","","","","","","","","","","","","","","",33,1,"","","","","","","","","","","","",8.8,1,"","","","","","","","","","","","","","","","","","","","","","","","","","","","","","","","","","","","","","","","","","","","","","","","","","","","","","","","","","","","","","","","","","","","","","","","","","","","","","","","","","","","","","","","","","","","","","","","","","","","","","","","","","","","","","","","","","","",""
"06163007","TENDE_SAPC",44.043167,7.586,636,2000090513,0.,1,"","","","","","","","","","","","","","","","","","","","","","","","","","","","","","","","","","",21.8,1,4.8,1,21.8,1,"","",22.1,1,"","","","","","","","","","","","","","","","","","","","",33,1,"","","","","","","","","","","","",8.6,1,"","","","","","","","","","","","","","","","","","","","","","","","","","","","","","","","","","","","","","","","","","","","","","","","","","","","","","","","","","","","","","","","","","","","","","","","","","","","","","","","","","","","","","","","","","","","","","","","","","","","","","","","","","","","","","","","","","","",""
"06163007","TENDE_SAPC",44.043167,7.586,636,2000090514,0.,1,"","","","","","","","","","","","","","","","","","","","","","","","","","","","","","","","","","",21.6,1,5.5,1,21.6,1,"","",21.8,1,"","","","","","","","","","","","","","","","","","","","",35,1,"","","","","","","","","","","","",9.,1,"","","","","","","","","","","","","","","","","","","","","","","","","","","","","","","","","","","","","","","","","","","","","","","","","","","","","","","","","","","","","","","","","","","","","","","","","","","","","","","","","","","","","","","","","","","","","","","","","","","","","","","","","","","","","","","","","","","",""
"06163007","TENDE_SAPC",44.043167,7.586,636,2000090515,0.,1,"","","","","","","","","","","","","","","","","","","","","","","","","","","","","","","","","","",21.,1,6.9,1,21.,1,"","",21.7,1,"","","","","","","","","","","","","","","","","","","","",40,1,"","","","","","","","","","","","",9.9,1,"","","","","","","","","","","","","","","","","","","","","","","","","","","","","","","","","","","","","","","","","","","","","","","","","","","","","","","","","","","","","","","","","","","","","","","","","","","","","","","","","","","","","","","","","","","","","","","","","","","","","","","","","","","","","","","","","","","",""
"06163007","TENDE_SAPC",44.043167,7.586,636,2000090516,0.,1,"","","","","","","","","","","","","","","","","","","","","","","","","","","","","","","","","","",19.6,1,8.,1,19.6,1,"","",21.,1,"","","","","","","","","","","","","","","","","","","","",47,1,"","","","","","","","","","","","",10.7,1,"","","","","","","","","","","","","","","","","","","","","","","","","","","","","","","","","","","","","","","","","","","","","","","","","","","","","","","","","","","","","","","","","","","","","","","","","","","","","","","","","","","","","","","","","","","","","","","","","","","","","","","","","","","","","","","","","","","",""
"06163007","TENDE_SAPC",44.043167,7.586,636,2000090517,0.,1,"","","","","","","","","","","","","","","","","","","","","","","","","","","","","","","","","","",18.7,1,7.8,1,18.7,1,"","",19.6,1,"","","","","","","","","","","","","","","","","","","","",49,1,"","","","","","","","","","","","",10.5,1,"","","","","","","","","","","","","","","","","","","","","","","","","","","","","","","","","","","","","","","","","","","","","","","","","","","","","","","","","","","","","","","","","","","","","","","","","","","","","","","","","","","","","","","","","","","","","","","","","","","","","","","","","","","","","","","","","","","",""
"06163007","TENDE_SAPC",44.043167,7.586,636,2000090518,0.,1,"","","","","","","","","","","","","","","","","","","","","","","","","","","","","","","","","","",16.9,1,8.3,1,16.9,1,"","",18.7,1,"","","","","","","","","","","","","","","","","","","","",57,1,"","","","","","","","","","","","",11.,1,"","","","","","","","","","","","","","","","","","","","","","","","","","","","","","","","","","","","","","","","","","","","","","","","","","","","","","","","","","","","","","","","","","","","","","","","","","","","","","","","","","","","","","","","","","","","","","","","","","","","","","","","","","","","","","","","","","","",""
"06163007","TENDE_SAPC",44.043167,7.586,636,2000090519,0.,1,"","","","","","","","","","","","","","","","","","","","","","","","","","","","","","","","","","",14.4,1,8.6,1,14.4,1,"","",16.8,1,"","","","","","","","","","","","","","","","","","","","",68,1,"","","","","","","","","","","","",11.1,1,"","","","","","","","","","","","","","","","","","","","","","","","","","","","","","","","","","","","","","","","","","","","","","","","","","","","","","","","","","","","","","","","","","","","","","","","","","","","","","","","","","","","","","","","","","","","","","","","","","","","","","","","","","","","","","","","","","","",""
"06163007","TENDE_SAPC",44.043167,7.586,636,2000090520,0.,1,"","","","","","","","","","","","","","","","","","","","","","","","","","","","","","","","","","",13.1,1,8.4,1,13.1,1,"","",14.4,1,"","","","","","","","","","","","","","","","","","","","",73,1,"","","","","","","","","","","","",11.,1,"","","","","","","","","","","","","","","","","","","","","","","","","","","","","","","","","","","","","","","","","","","","","","","","","","","","","","","","","","","","","","","","","","","","","","","","","","","","","","","","","","","","","","","","","","","","","","","","","","","","","","","","","","","","","","","","","","","",""
"06163007","TENDE_SAPC",44.043167,7.586,636,2000090521,0.,1,"","","","","","","","","","","","","","","","","","","","","","","","","","","","","","","","","","",12.,1,7.9,1,12.,1,"","",13.,1,"","","","","","","","","","","","","","","","","","","","",76,1,"","","","","","","","","","","","",10.6,1,"","","","","","","","","","","","","","","","","","","","","","","","","","","","","","","","","","","","","","","","","","","","","","","","","","","","","","","","","","","","","","","","","","","","","","","","","","","","","","","","","","","","","","","","","","","","","","","","","","","","","","","","","","","","","","","","","","","",""
"06163007","TENDE_SAPC",44.043167,7.586,636,2000090522,0.,1,"","","","","","","","","","","","","","","","","","","","","","","","","","","","","","","","","","",11.5,1,7.6,1,11.5,1,"","",12.,1,"","","","","","","","","","","","","","","","","","","","",77,1,"","","","","","","","","","","","",10.4,1,"","","","","","","","","","","","","","","","","","","","","","","","","","","","","","","","","","","","","","","","","","","","","","","","","","","","","","","","","","","","","","","","","","","","","","","","","","","","","","","","","","","","","","","","","","","","","","","","","","","","","","","","","","","","","","","","","","","",""
"06163007","TENDE_SAPC",44.043167,7.586,636,2000090523,0.,1,"","","","","","","","","","","","","","","","","","","","","","","","","","","","","","","","","","",11.4,1,7.1,1,11.,1,"","",11.5,1,"","","","","","","","","","","","","","","","","","","","",75,1,"","","","","","","","","","","","",10.1,1,"","","","","","","","","","","","","","","","","","","","","","","","","","","","","","","","","","","","","","","","","","","","","","","","","","","","","","","","","","","","","","","","","","","","","","","","","","","","","","","","","","","","","","","","","","","","","","","","","","","","","","","","","","","","","","","","","","","",""
"06163007","TENDE_SAPC",44.043167,7.586,636,2000090600,0.,1,"","","","","","","","","","","","","","","","","","","","","","","","","","","","","","","","","","",11.6,1,6.7,1,11.4,1,"","",11.7,1,"","","","","","","","","","","","","","","","","","","","",72,1,"","","","","","","","","","","","",9.8,1,"","","","","","","","","","","","","","","","","","","","","","","","","","","","","","","","","","","","","","","","","","","","","","","","","","","","","","","","","","","","","","","","","","","","","","","","","","","","","","","","","","","","","","","","","","","","","","","","","","","","","","","","","","","","","","","","","","","",""
"06163007","TENDE_SAPC",44.043167,7.586,636,2000090601,0.,1,"","","","","","","","","","","","","","","","","","","","","","","","","","","","","","","","","","",10.7,1,6.6,1,10.7,1,"","",11.6,1,"","","","","","","","","","","","","","","","","","","","",76,1,"","","","","","","","","","","","",9.8,1,"","","","","","","","","","","","","","","","","","","","","","","","","","","","","","","","","","","","","","","","","","","","","","","","","","","","","","","","","","","","","","","","","","","","","","","","","","","","","","","","","","","","","","","","","","","","","","","","","","","","","","","","","","","","","","","","","","","",""
"06163007","TENDE_SAPC",44.043167,7.586,636,2000090602,0.,1,"","","","","","","","","","","","","","","","","","","","","","","","","","","","","","","","","","",10.1,1,6.4,1,10.1,1,"","",10.6,1,"","","","","","","","","","","","","","","","","","","","",78,1,"","","","","","","","","","","","",9.6,1,"","","","","","","","","","","","","","","","","","","","","","","","","","","","","","","","","","","","","","","","","","","","","","","","","","","","","","","","","","","","","","","","","","","","","","","","","","","","","","","","","","","","","","","","","","","","","","","","","","","","","","","","","","","","","","","","","","","",""
"06163007","TENDE_SAPC",44.043167,7.586,636,2000090603,0.,1,"","","","","","","","","","","","","","","","","","","","","","","","","","","","","","","","","","",10.1,1,6.2,1,10.1,1,"","",10.3,1,"","","","","","","","","","","","","","","","","","","","",77,1,"","","","","","","","","","","","",9.5,1,"","","","","","","","","","","","","","","","","","","","","","","","","","","","","","","","","","","","","","","","","","","","","","","","","","","","","","","","","","","","","","","","","","","","","","","","","","","","","","","","","","","","","","","","","","","","","","","","","","","","","","","","","","","","","","","","","","","",""
"06163007","TENDE_SAPC",44.043167,7.586,636,2000090604,0.,1,"","","","","","","","","","","","","","","","","","","","","","","","","","","","","","","","","","",9.8,1,6.1,1,9.8,1,"","",10.1,1,"","","","","","","","","","","","","","","","","","","","",78,1,"","","","","","","","","","","","",9.4,1,"","","","","","","","","","","","","","","","","","","","","","","","","","","","","","","","","","","","","","","","","","","","","","","","","","","","","","","","","","","","","","","","","","","","","","","","","","","","","","","","","","","","","","","","","","","","","","","","","","","","","","","","","","","","","","","","","","","",""
"06163007","TENDE_SAPC",44.043167,7.586,636,2000090605,0.,1,"","","","","","","","","","","","","","","","","","","","","","","","","","","","","","","","","","",9.1,1,5.8,1,9.1,1,"","",9.8,1,"","","","","","","","","","","","","","","","","","","","",80,1,"","","","","","","","","","","","",9.2,1,"","","","","","","","","","","","","","","","","","","","","","","","","","","","","","","","","","","","","","","","","","","","","","","","","","","","","","","","","","","","","","","","","","","","","","","","","","","","","","","","","","","","","","","","","","","","","","","","","","","","","","","","","","","","","","","","","","","",""
"06163007","TENDE_SAPC",44.043167,7.586,636,2000090606,0.,1,"","","","","","","","","","","","","","","","","","","","","","","","","","","","","","","","","","",9.4,1,5.9,1,9.1,1,"","",9.4,1,"","","","","","","","","","","","","","","","","","","","",79,1,"","","","","","","","","","","","",9.3,1,"","","","","","","","","","","","","","","","","","","","","","","","","","","","","","","","","","","","","","","","","","","","","","","","","","","","","","","","","","","","","","","","","","","","","","","","","","","","","","","","","","","","","","","","","","","","","","","","","","","","","","","","","","","","","","","","","","","",""
"06163007","TENDE_SAPC",44.043167,7.586,636,2000090607,0.,1,"","","","","","","","","","","","","","","","","","","","","","","","","","","","","","","","","","",9.8,1,6.5,1,9.4,1,"","",9.8,1,"","","","","","","","","","","","","","","","","","","","",80,1,"","","","","","","","","","","","",9.7,1,"","","","","","","","","","","","","","","","","","","","","","","","","","","","","","","","","","","","","","","","","","","","","","","","","","","","","","","","","","","","","","","","","","","","","","","","","","","","","","","","","","","","","","","","","","","","","","","","","","","","","","","","","","","","","","","","","","","",""
"06163007","TENDE_SAPC",44.043167,7.586,636,2000090608,0.,1,"","","","","","","","","","","","","","","","","","","","","","","","","","","","","","","","","","",11.2,1,7.5,1,9.8,1,"","",11.2,1,"","","","","","","","","","","","","","","","","","","","",78,1,"","","","","","","","","","","","",10.4,1,"","","","","","","","","","","","","","","","","","","","","","","","","","","","","","","","","","","","","","","","","","","","","","","","","","","","","","","","","","","","","","","","","","","","","","","","","","","","","","","","","","","","","","","","","","","","","","","","","","","","","","","","","","","","","","","","","","","",""
"06163007","TENDE_SAPC",44.043167,7.586,636,2000090609,0.,1,"","","","","","","","","","","","","","","","","","","","","","","","","","","","","","","","","","",18.5,1,6.,1,11.5,1,"","",18.5,1,"","","","","","","","","","","","","","","","","","","","",44,1,"","","","","","","","","","","","",9.3,1,"","","","","","","","","","","","","","","","","","","","","","","","","","","","","","","","","","","","","","","","","","","","","","","","","","","","","","","","","","","","","","","","","","","","","","","","","","","","","","","","","","","","","","","","","","","","","","","","","","","","","","","","","","","","","","","","","","","",""
"06163007","TENDE_SAPC",44.043167,7.586,636,2000090610,0.,1,"","","","","","","","","","","","","","","","","","","","","","","","","","","","","","","","","","",21.1,1,5.,1,18.5,1,"","",21.1,1,"","","","","","","","","","","","","","","","","","","","",35,1,"","","","","","","","","","","","",8.7,1,"","","","","","","","","","","","","","","","","","","","","","","","","","","","","","","","","","","","","","","","","","","","","","","","","","","","","","","","","","","","","","","","","","","","","","","","","","","","","","","","","","","","","","","","","","","","","","","","","","","","","","","","","","","","","","","","","","","",""
"06163007","TENDE_SAPC",44.043167,7.586,636,2000090611,0.,1,"","","","","","","","","","","","","","","","","","","","","","","","","","","","","","","","","","",22.2,1,6.4,1,21.1,1,"","",22.3,1,"","","","","","","","","","","","","","","","","","","","",36,1,"","","","","","","","","","","","",9.6,1,"","","","","","","","","","","","","","","","","","","","","","","","","","","","","","","","","","","","","","","","","","","","","","","","","","","","","","","","","","","","","","","","","","","","","","","","","","","","","","","","","","","","","","","","","","","","","","","","","","","","","","","","","","","","","","","","","","","",""
"06163007","TENDE_SAPC",44.043167,7.586,636,2000090612,0.,1,"","","","","","","","","","","","","","","","","","","","","","","","","","","","","","","","","","",22.7,1,8.,1,22.3,1,"","",23.,1,"","","","","","","","","","","","","","","","","","","","",39,1,"","","","","","","","","","","","",10.7,1,"","","","","","","","","","","","","","","","","","","","","","","","","","","","","","","","","","","","","","","","","","","","","","","","","","","","","","","","","","","","","","","","","","","","","","","","","","","","","","","","","","","","","","","","","","","","","","","","","","","","","","","","","","","","","","","","","","","",""
"06163007","TENDE_SAPC",44.043167,7.586,636,2000090613,0.,1,"","","","","","","","","","","","","","","","","","","","","","","","","","","","","","","","","","",22.7,1,8.,1,22.2,1,"","",22.8,1,"","","","","","","","","","","","","","","","","","","","",39,1,"","","","","","","","","","","","",10.7,1,"","","","","","","","","","","","","","","","","","","","","","","","","","","","","","","","","","","","","","","","","","","","","","","","","","","","","","","","","","","","","","","","","","","","","","","","","","","","","","","","","","","","","","","","","","","","","","","","","","","","","","","","","","","","","","","","","","","",""
"06163007","TENDE_SAPC",44.043167,7.586,636,2000090614,0.,1,"","","","","","","","","","","","","","","","","","","","","","","","","","","","","","","","","","",21.8,1,8.3,1,21.3,1,"","",22.7,1,"","","","","","","","","","","","","","","","","","","","",42,1,"","","","","","","","","","","","",10.9,1,"","","","","","","","","","","","","","","","","","","","","","","","","","","","","","","","","","","","","","","","","","","","","","","","","","","","","","","","","","","","","","","","","","","","","","","","","","","","","","","","","","","","","","","","","","","","","","","","","","","","","","","","","","","","","","","","","","","",""
"06163007","TENDE_SAPC",44.043167,7.586,636,2000090615,0.,1,"","","","","","","","","","","","","","","","","","","","","","","","","","","","","","","","","","",21.4,1,8.6,1,21.4,1,"","",22.2,1,"","","","","","","","","","","","","","","","","","","","",44,1,"","","","","","","","","","","","",11.2,1,"","","","","","","","","","","","","","","","","","","","","","","","","","","","","","","","","","","","","","","","","","","","","","","","","","","","","","","","","","","","","","","","","","","","","","","","","","","","","","","","","","","","","","","","","","","","","","","","","","","","","","","","","","","","","","","","","","","",""
"06163007","TENDE_SAPC",44.043167,7.586,636,2000090616,0.,1,"","","","","","","","","","","","","","","","","","","","","","","","","","","","","","","","","","",20.,1,8.3,1,20.,1,"","",21.3,1,"","","","","","","","","","","","","","","","","","","","",47,1,"","","","","","","","","","","","",11.,1,"","","","","","","","","","","","","","","","","","","","","","","","","","","","","","","","","","","","","","","","","","","","","","","","","","","","","","","","","","","","","","","","","","","","","","","","","","","","","","","","","","","","","","","","","","","","","","","","","","","","","","","","","","","","","","","","","","","",""
"06163007","TENDE_SAPC",44.043167,7.586,636,2000090617,0.,1,"","","","","","","","","","","","","","","","","","","","","","","","","","","","","","","","","","",19.1,1,7.8,1,19.1,1,"","",20.,1,"","","","","","","","","","","","","","","","","","","","",48,1,"","","","","","","","","","","","",10.6,1,"","","","","","","","","","","","","","","","","","","","","","","","","","","","","","","","","","","","","","","","","","","","","","","","","","","","","","","","","","","","","","","","","","","","","","","","","","","","","","","","","","","","","","","","","","","","","","","","","","","","","","","","","","","","","","","","","","","",""
"06163007","TENDE_SAPC",44.043167,7.586,636,2000090618,0.,1,"","","","","","","","","","","","","","","","","","","","","","","","","","","","","","","","","","",17.9,1,7.3,1,17.9,1,"","",19.1,1,"","","","","","","","","","","","","","","","","","","","",50,1,"","","","","","","","","","","","",10.2,1,"","","","","","","","","","","","","","","","","","","","","","","","","","","","","","","","","","","","","","","","","","","","","","","","","","","","","","","","","","","","","","","","","","","","","","","","","","","","","","","","","","","","","","","","","","","","","","","","","","","","","","","","","","","","","","","","","","","",""
"06163007","TENDE_SAPC",44.043167,7.586,636,2000090619,0.,1,"","","","","","","","","","","","","","","","","","","","","","","","","","","","","","","","","","",16.6,1,8.3,1,16.6,1,"","",17.9,1,"","","","","","","","","","","","","","","","","","","","",58,1,"","","","","","","","","","","","",10.9,1,"","","","","","","","","","","","","","","","","","","","","","","","","","","","","","","","","","","","","","","","","","","","","","","","","","","","","","","","","","","","","","","","","","","","","","","","","","","","","","","","","","","","","","","","","","","","","","","","","","","","","","","","","","","","","","","","","","","",""
"06163007","TENDE_SAPC",44.043167,7.586,636,2000090620,0.,1,"","","","","","","","","","","","","","","","","","","","","","","","","","","","","","","","","","",15.9,1,8.9,1,15.9,1,"","",16.6,1,"","","","","","","","","","","","","","","","","","","","",63,1,"","","","","","","","","","","","",11.4,1,"","","","","","","","","","","","","","","","","","","","","","","","","","","","","","","","","","","","","","","","","","","","","","","","","","","","","","","","","","","","","","","","","","","","","","","","","","","","","","","","","","","","","","","","","","","","","","","","","","","","","","","","","","","","","","","","","","","",""
"06163007","TENDE_SAPC",44.043167,7.586,636,2000090621,0.,1,"","","","","","","","","","","","","","","","","","","","","","","","","","","","","","","","","","",14.8,1,8.7,1,14.8,1,"","",15.8,1,"","","","","","","","","","","","","","","","","","","","",67,1,"","","","","","","","","","","","",11.3,1,"","","","","","","","","","","","","","","","","","","","","","","","","","","","","","","","","","","","","","","","","","","","","","","","","","","","","","","","","","","","","","","","","","","","","","","","","","","","","","","","","","","","","","","","","","","","","","","","","","","","","","","","","","","","","","","","","","","",""
"06163007","TENDE_SAPC",44.043167,7.586,636,2000090622,0.,1,"","","","","","","","","","","","","","","","","","","","","","","","","","","","","","","","","","",13.8,1,8.6,1,13.8,1,"","",14.7,1,"","","","","","","","","","","","","","","","","","","","",71,1,"","","","","","","","","","","","",11.2,1,"","","","","","","","","","","","","","","","","","","","","","","","","","","","","","","","","","","","","","","","","","","","","","","","","","","","","","","","","","","","","","","","","","","","","","","","","","","","","","","","","","","","","","","","","","","","","","","","","","","","","","","","","","","","","","","","","","","",""
"06163007","TENDE_SAPC",44.043167,7.586,636,2000090623,0.,1,"","","","","","","","","","","","","","","","","","","","","","","","","","","","","","","","","","",13.7,1,8.3,1,13.7,1,"","",13.8,1,"","","","","","","","","","","","","","","","","","","","",70,1,"","","","","","","","","","","","",11.,1,"","","","","","","","","","","","","","","","","","","","","","","","","","","","","","","","","","","","","","","","","","","","","","","","","","","","","","","","","","","","","","","","","","","","","","","","","","","","","","","","","","","","","","","","","","","","","","","","","","","","","","","","","","","","","","","","","","","",""
"06163007","TENDE_SAPC",44.043167,7.586,636,2000090700,0.,1,"","","","","","","","","","","","","","","","","","","","","","","","","","","","","","","","","","",13.7,1,8.5,1,13.6,1,"","",13.7,1,"","","","","","","","","","","","","","","","","","","","",71,1,"","","","","","","","","","","","",11.1,1,"","","","","","","","","","","","","","","","","","","","","","","","","","","","","","","","","","","","","","","","","","","","","","","","","","","","","","","","","","","","","","","","","","","","","","","","","","","","","","","","","","","","","","","","","","","","","","","","","","","","","","","","","","","","","","","","","","","",""
"06163007","TENDE_SAPC",44.043167,7.586,636,2000090701,0.,1,"","","","","","","","","","","","","","","","","","","","","","","","","","","","","","","","","","",13.7,1,8.3,1,13.7,1,"","",14.,1,"","","","","","","","","","","","","","","","","","","","",70,1,"","","","","","","","","","","","",11.,1,"","","","","","","","","","","","","","","","","","","","","","","","","","","","","","","","","","","","","","","","","","","","","","","","","","","","","","","","","","","","","","","","","","","","","","","","","","","","","","","","","","","","","","","","","","","","","","","","","","","","","","","","","","","","","","","","","","","",""
"06163007","TENDE_SAPC",44.043167,7.586,636,2000090702,0.,1,"","","","","","","","","","","","","","","","","","","","","","","","","","","","","","","","","","",13.3,1,8.4,1,13.3,1,"","",13.7,1,"","","","","","","","","","","","","","","","","","","","",72,1,"","","","","","","","","","","","",11.,1,"","","","","","","","","","","","","","","","","","","","","","","","","","","","","","","","","","","","","","","","","","","","","","","","","","","","","","","","","","","","","","","","","","","","","","","","","","","","","","","","","","","","","","","","","","","","","","","","","","","","","","","","","","","","","","","","","","","",""
"06163007","TENDE_SAPC",44.043167,7.586,636,2000090703,0.,1,"","","","","","","","","","","","","","","","","","","","","","","","","","","","","","","","","","",13.1,1,8.4,1,13.1,1,"","",13.3,1,"","","","","","","","","","","","","","","","","","","","",73,1,"","","","","","","","","","","","",11.,1,"","","","","","","","","","","","","","","","","","","","","","","","","","","","","","","","","","","","","","","","","","","","","","","","","","","","","","","","","","","","","","","","","","","","","","","","","","","","","","","","","","","","","","","","","","","","","","","","","","","","","","","","","","","","","","","","","","","",""
"06163007","TENDE_SAPC",44.043167,7.586,636,2000090704,0.,1,"","","","","","","","","","","","","","","","","","","","","","","","","","","","","","","","","","",13.3,1,8.4,1,13.1,1,"","",13.3,1,"","","","","","","","","","","","","","","","","","","","",72,1,"","","","","","","","","","","","",11.,1,"","","","","","","","","","","","","","","","","","","","","","","","","","","","","","","","","","","","","","","","","","","","","","","","","","","","","","","","","","","","","","","","","","","","","","","","","","","","","","","","","","","","","","","","","","","","","","","","","","","","","","","","","","","","","","","","","","","",""
"06163007","TENDE_SAPC",44.043167,7.586,636,2000090705,0.,1,"","","","","","","","","","","","","","","","","","","","","","","","","","","","","","","","","","",13.,1,8.3,1,13.,1,"","",13.5,1,"","","","","","","","","","","","","","","","","","","","",73,1,"","","","","","","","","","","","",10.9,1,"","","","","","","","","","","","","","","","","","","","","","","","","","","","","","","","","","","","","","","","","","","","","","","","","","","","","","","","","","","","","","","","","","","","","","","","","","","","","","","","","","","","","","","","","","","","","","","","","","","","","","","","","","","","","","","","","","","",""
"06163007","TENDE_SAPC",44.043167,7.586,636,2000090706,0.,1,"","","","","","","","","","","","","","","","","","","","","","","","","","","","","","","","","","",13.2,1,8.3,1,12.9,1,"","",13.2,1,"","","","","","","","","","","","","","","","","","","","",72,1,"","","","","","","","","","","","",10.9,1,"","","","","","","","","","","","","","","","","","","","","","","","","","","","","","","","","","","","","","","","","","","","","","","","","","","","","","","","","","","","","","","","","","","","","","","","","","","","","","","","","","","","","","","","","","","","","","","","","","","","","","","","","","","","","","","","","","","",""
"06163007","TENDE_SAPC",44.043167,7.586,636,2000090707,0.,1,"","","","","","","","","","","","","","","","","","","","","","","","","","","","","","","","","","",14.1,1,8.7,1,13.2,1,"","",14.1,1,"","","","","","","","","","","","","","","","","","","","",70,1,"","","","","","","","","","","","",11.2,1,"","","","","","","","","","","","","","","","","","","","","","","","","","","","","","","","","","","","","","","","","","","","","","","","","","","","","","","","","","","","","","","","","","","","","","","","","","","","","","","","","","","","","","","","","","","","","","","","","","","","","","","","","","","","","","","","","","","",""
"06163007","TENDE_SAPC",44.043167,7.586,636,2000090708,0.,1,"","","","","","","","","","","","","","","","","","","","","","","","","","","","","","","","","","",15.6,1,8.1,1,14.1,1,"","",15.6,1,"","","","","","","","","","","","","","","","","","","","",61,1,"","","","","","","","","","","","",10.8,1,"","","","","","","","","","","","","","","","","","","","","","","","","","","","","","","","","","","","","","","","","","","","","","","","","","","","","","","","","","","","","","","","","","","","","","","","","","","","","","","","","","","","","","","","","","","","","","","","","","","","","","","","","","","","","","","","","","","",""
"06163007","TENDE_SAPC",44.043167,7.586,636,2000090709,0.,1,"","","","","","","","","","","","","","","","","","","","","","","","","","","","","","","","","","",18.3,1,7.7,1,15.7,1,"","",18.3,1,"","","","","","","","","","","","","","","","","","","","",50,1,"","","","","","","","","","","","",10.5,1,"","","","","","","","","","","","","","","","","","","","","","","","","","","","","","","","","","","","","","","","","","","","","","","","","","","","","","","","","","","","","","","","","","","","","","","","","","","","","","","","","","","","","","","","","","","","","","","","","","","","","","","","","","","","","","","","","","","",""
"06163007","TENDE_SAPC",44.043167,7.586,636,2000090710,0.,1,"","","","","","","","","","","","","","","","","","","","","","","","","","","","","","","","","","",19.7,1,8.4,1,18.3,1,"","",19.7,1,"","","","","","","","","","","","","","","","","","","","",48,1,"","","","","","","","","","","","",11.,1,"","","","","","","","","","","","","","","","","","","","","","","","","","","","","","","","","","","","","","","","","","","","","","","","","","","","","","","","","","","","","","","","","","","","","","","","","","","","","","","","","","","","","","","","","","","","","","","","","","","","","","","","","","","","","","","","","","","",""
"06163007","TENDE_SAPC",44.043167,7.586,636,2000090711,0.,1,"","","","","","","","","","","","","","","","","","","","","","","","","","","","","","","","","","",21.6,1,8.5,1,19.8,1,"","",21.6,1,"","","","","","","","","","","","","","","","","","","","",43,1,"","","","","","","","","","","","",11.1,1,"","","","","","","","","","","","","","","","","","","","","","","","","","","","","","","","","","","","","","","","","","","","","","","","","","","","","","","","","","","","","","","","","","","","","","","","","","","","","","","","","","","","","","","","","","","","","","","","","","","","","","","","","","","","","","","","","","","",""
"06163007","TENDE_SAPC",44.043167,7.586,636,2000090712,0.,1,"","","","","","","","","","","","","","","","","","","","","","","","","","","","","","","","","","",22.,1,9.5,1,21.6,1,"","",22.,1,"","","","","","","","","","","","","","","","","","","","",45,1,"","","","","","","","","","","","",11.9,1,"","","","","","","","","","","","","","","","","","","","","","","","","","","","","","","","","","","","","","","","","","","","","","","","","","","","","","","","","","","","","","","","","","","","","","","","","","","","","","","","","","","","","","","","","","","","","","","","","","","","","","","","","","","","","","","","","","","",""
"06163007","TENDE_SAPC",44.043167,7.586,636,2000090713,0.,1,"","","","","","","","","","","","","","","","","","","","","","","","","","","","","","","","","","",22.3,1,10.1,1,22.1,1,"","",22.3,1,"","","","","","","","","","","","","","","","","","","","",46,1,"","","","","","","","","","","","",12.4,1,"","","","","","","","","","","","","","","","","","","","","","","","","","","","","","","","","","","","","","","","","","","","","","","","","","","","","","","","","","","","","","","","","","","","","","","","","","","","","","","","","","","","","","","","","","","","","","","","","","","","","","","","","","","","","","","","","","","",""
"06163007","TENDE_SAPC",44.043167,7.586,636,2000090714,0.,1,"","","","","","","","","","","","","","","","","","","","","","","","","","","","","","","","","","",22.3,1,10.8,1,21.9,1,"","",22.3,1,"","","","","","","","","","","","","","","","","","","","",48,1,"","","","","","","","","","","","",12.9,1,"","","","","","","","","","","","","","","","","","","","","","","","","","","","","","","","","","","","","","","","","","","","","","","","","","","","","","","","","","","","","","","","","","","","","","","","","","","","","","","","","","","","","","","","","","","","","","","","","","","","","","","","","","","","","","","","","","","",""
"06163007","TENDE_SAPC",44.043167,7.586,636,2000090715,0.,1,"","","","","","","","","","","","","","","","","","","","","","","","","","","","","","","","","","",21.5,1,11.5,1,21.5,1,"","",22.5,1,"","","","","","","","","","","","","","","","","","","","",53,1,"","","","","","","","","","","","",13.6,1,"","","","","","","","","","","","","","","","","","","","","","","","","","","","","","","","","","","","","","","","","","","","","","","","","","","","","","","","","","","","","","","","","","","","","","","","","","","","","","","","","","","","","","","","","","","","","","","","","","","","","","","","","","","","","","","","","","","",""
"06163007","TENDE_SAPC",44.043167,7.586,636,2000090716,0.,1,"","","","","","","","","","","","","","","","","","","","","","","","","","","","","","","","","","",20.7,1,11.9,1,20.7,1,"","",21.5,1,"","","","","","","","","","","","","","","","","","","","",57,1,"","","","","","","","","","","","",13.9,1,"","","","","","","","","","","","","","","","","","","","","","","","","","","","","","","","","","","","","","","","","","","","","","","","","","","","","","","","","","","","","","","","","","","","","","","","","","","","","","","","","","","","","","","","","","","","","","","","","","","","","","","","","","","","","","","","","","","",""
"06163007","TENDE_SAPC",44.043167,7.586,636,2000090717,0.,1,"","","","","","","","","","","","","","","","","","","","","","","","","","","","","","","","","","",19.8,1,12.1,1,19.8,1,"","",20.7,1,"","","","","","","","","","","","","","","","","","","","",61,1,"","","","","","","","","","","","",14.1,1,"","","","","","","","","","","","","","","","","","","","","","","","","","","","","","","","","","","","","","","","","","","","","","","","","","","","","","","","","","","","","","","","","","","","","","","","","","","","","","","","","","","","","","","","","","","","","","","","","","","","","","","","","","","","","","","","","","","",""
"06163007","TENDE_SAPC",44.043167,7.586,636,2000090718,0.,1,"","","","","","","","","","","","","","","","","","","","","","","","","","","","","","","","","","",17.9,1,12.6,1,17.9,1,"","",19.8,1,"","","","","","","","","","","","","","","","","","","","",71,1,"","","","","","","","","","","","",14.5,1,"","","","","","","","","","","","","","","","","","","","","","","","","","","","","","","","","","","","","","","","","","","","","","","","","","","","","","","","","","","","","","","","","","","","","","","","","","","","","","","","","","","","","","","","","","","","","","","","","","","","","","","","","","","","","","","","","","","",""
"06163007","TENDE_SAPC",44.043167,7.586,636,2000090719,0.,1,"","","","","","","","","","","","","","","","","","","","","","","","","","","","","","","","","","",15.8,1,11.6,1,15.8,1,"","",17.9,1,"","","","","","","","","","","","","","","","","","","","",76,1,"","","","","","","","","","","","",13.6,1,"","","","","","","","","","","","","","","","","","","","","","","","","","","","","","","","","","","","","","","","","","","","","","","","","","","","","","","","","","","","","","","","","","","","","","","","","","","","","","","","","","","","","","","","","","","","","","","","","","","","","","","","","","","","","","","","","","","",""
"06163007","TENDE_SAPC",44.043167,7.586,636,2000090720,0.,1,"","","","","","","","","","","","","","","","","","","","","","","","","","","","","","","","","","",17.3,1,9.9,1,15.6,1,"","",17.3,1,"","","","","","","","","","","","","","","","","","","","",62,1,"","","","","","","","","","","","",12.2,1,"","","","","","","","","","","","","","","","","","","","","","","","","","","","","","","","","","","","","","","","","","","","","","","","","","","","","","","","","","","","","","","","","","","","","","","","","","","","","","","","","","","","","","","","","","","","","","","","","","","","","","","","","","","","","","","","","","","",""
"06163007","TENDE_SAPC",44.043167,7.586,636,2000090721,0.,1,"","","","","","","","","","","","","","","","","","","","","","","","","","","","","","","","","","",16.1,1,9.,1,16.1,1,"","",17.3,1,"","","","","","","","","","","","","","","","","","","","",63,1,"","","","","","","","","","","","",11.5,1,"","","","","","","","","","","","","","","","","","","","","","","","","","","","","","","","","","","","","","","","","","","","","","","","","","","","","","","","","","","","","","","","","","","","","","","","","","","","","","","","","","","","","","","","","","","","","","","","","","","","","","","","","","","","","","","","","","","",""
"06163007","TENDE_SAPC",44.043167,7.586,636,2000090722,0.,1,"","","","","","","","","","","","","","","","","","","","","","","","","","","","","","","","","","",15.2,1,8.7,1,15.2,1,"","",16.,1,"","","","","","","","","","","","","","","","","","","","",65,1,"","","","","","","","","","","","",11.2,1,"","","","","","","","","","","","","","","","","","","","","","","","","","","","","","","","","","","","","","","","","","","","","","","","","","","","","","","","","","","","","","","","","","","","","","","","","","","","","","","","","","","","","","","","","","","","","","","","","","","","","","","","","","","","","","","","","","","",""
"06163007","TENDE_SAPC",44.043167,7.586,636,2000090723,0.,1,"","","","","","","","","","","","","","","","","","","","","","","","","","","","","","","","","","",17.6,1,3.1,1,14.9,1,"","",17.6,1,"","","","","","","","","","","","","","","","","","","","",38,1,"","","","","","","","","","","","",7.6,1,"","","","","","","","","","","","","","","","","","","","","","","","","","","","","","","","","","","","","","","","","","","","","","","","","","","","","","","","","","","","","","","","","","","","","","","","","","","","","","","","","","","","","","","","","","","","","","","","","","","","","","","","","","","","","","","","","","","",""
"06163007","TENDE_SAPC",44.043167,7.586,636,2000090800,0.,1,"","","","","","","","","","","","","","","","","","","","","","","","","","","","","","","","","","",17.2,1,2.4,1,17.1,1,"","",19.,1,"","","","","","","","","","","","","","","","","","","","",37,1,"","","","","","","","","","","","",7.2,1,"","","","","","","","","","","","","","","","","","","","","","","","","","","","","","","","","","","","","","","","","","","","","","","","","","","","","","","","","","","","","","","","","","","","","","","","","","","","","","","","","","","","","","","","","","","","","","","","","","","","","","","","","","","","","","","","","","","",""
"06163007","TENDE_SAPC",44.043167,7.586,636,2000090801,0.,1,"","","","","","","","","","","","","","","","","","","","","","","","","","","","","","","","","","",17.9,1,0.5,1,17.1,1,"","",17.9,1,"","","","","","","","","","","","","","","","","","","","",31,1,"","","","","","","","","","","","",6.3,1,"","","","","","","","","","","","","","","","","","","","","","","","","","","","","","","","","","","","","","","","","","","","","","","","","","","","","","","","","","","","","","","","","","","","","","","","","","","","","","","","","","","","","","","","","","","","","","","","","","","","","","","","","","","","","","","","","","","",""
"06163007","TENDE_SAPC",44.043167,7.586,636,2000090802,0.,1,"","","","","","","","","","","","","","","","","","","","","","","","","","","","","","","","","","",17.6,1,-0.7,1,17.6,1,"","",18.,1,"","","","","","","","","","","","","","","","","","","","",29,1,"","","","","","","","","","","","",5.8,1,"","","","","","","","","","","","","","","","","","","","","","","","","","","","","","","","","","","","","","","","","","","","","","","","","","","","","","","","","","","","","","","","","","","","","","","","","","","","","","","","","","","","","","","","","","","","","","","","","","","","","","","","","","","","","","","","","","","",""
"06163007","TENDE_SAPC",44.043167,7.586,636,2000090803,0.,1,"","","","","","","","","","","","","","","","","","","","","","","","","","","","","","","","","","",17.2,1,1.6,1,17.1,1,"","",17.5,1,"","","","","","","","","","","","","","","","","","","","",35,1,"","","","","","","","","","","","",6.9,1,"","","","","","","","","","","","","","","","","","","","","","","","","","","","","","","","","","","","","","","","","","","","","","","","","","","","","","","","","","","","","","","","","","","","","","","","","","","","","","","","","","","","","","","","","","","","","","","","","","","","","","","","","","","","","","","","","","","",""
"06163007","TENDE_SAPC",44.043167,7.586,636,2000090804,0.,1,"","","","","","","","","","","","","","","","","","","","","","","","","","","","","","","","","","",17.,1,2.2,1,16.7,1,"","",17.2,1,"","","","","","","","","","","","","","","","","","","","",37,1,"","","","","","","","","","","","",7.2,1,"","","","","","","","","","","","","","","","","","","","","","","","","","","","","","","","","","","","","","","","","","","","","","","","","","","","","","","","","","","","","","","","","","","","","","","","","","","","","","","","","","","","","","","","","","","","","","","","","","","","","","","","","","","","","","","","","","","",""
"06163007","TENDE_SAPC",44.043167,7.586,636,2000090805,0.,1,"","","","","","","","","","","","","","","","","","","","","","","","","","","","","","","","","","",16.7,1,1.9,1,16.5,1,"","",17.,1,"","","","","","","","","","","","","","","","","","","","",37,1,"","","","","","","","","","","","",7.,1,"","","","","","","","","","","","","","","","","","","","","","","","","","","","","","","","","","","","","","","","","","","","","","","","","","","","","","","","","","","","","","","","","","","","","","","","","","","","","","","","","","","","","","","","","","","","","","","","","","","","","","","","","","","","","","","","","","","",""
"06163007","TENDE_SAPC",44.043167,7.586,636,2000090806,0.,1,"","","","","","","","","","","","","","","","","","","","","","","","","","","","","","","","","","",16.9,1,2.1,1,16.7,1,"","",17.,1,"","","","","","","","","","","","","","","","","","","","",37,1,"","","","","","","","","","","","",7.1,1,"","","","","","","","","","","","","","","","","","","","","","","","","","","","","","","","","","","","","","","","","","","","","","","","","","","","","","","","","","","","","","","","","","","","","","","","","","","","","","","","","","","","","","","","","","","","","","","","","","","","","","","","","","","","","","","","","","","",""
"06163007","TENDE_SAPC",44.043167,7.586,636,2000090807,0.,1,"","","","","","","","","","","","","","","","","","","","","","","","","","","","","","","","","","",17.2,1,1.6,1,16.7,1,"","",17.4,1,"","","","","","","","","","","","","","","","","","","","",35,1,"","","","","","","","","","","","",6.9,1,"","","","","","","","","","","","","","","","","","","","","","","","","","","","","","","","","","","","","","","","","","","","","","","","","","","","","","","","","","","","","","","","","","","","","","","","","","","","","","","","","","","","","","","","","","","","","","","","","","","","","","","","","","","","","","","","","","","",""
"06163007","TENDE_SAPC",44.043167,7.586,636,2000090808,0.,1,"","","","","","","","","","","","","","","","","","","","","","","","","","","","","","","","","","",16.7,1,3.4,1,16.6,1,"","",17.4,1,"","","","","","","","","","","","","","","","","","","","",41,1,"","","","","","","","","","","","",7.8,1,"","","","","","","","","","","","","","","","","","","","","","","","","","","","","","","","","","","","","","","","","","","","","","","","","","","","","","","","","","","","","","","","","","","","","","","","","","","","","","","","","","","","","","","","","","","","","","","","","","","","","","","","","","","","","","","","","","","",""
"06163007","TENDE_SAPC",44.043167,7.586,636,2000090809,0.,1,"","","","","","","","","","","","","","","","","","","","","","","","","","","","","","","","","","",22.9,1,-2.7,1,16.6,1,"","",23.,1,"","","","","","","","","","","","","","","","","","","","",18,1,"","","","","","","","","","","","",5.,1,"","","","","","","","","","","","","","","","","","","","","","","","","","","","","","","","","","","","","","","","","","","","","","","","","","","","","","","","","","","","","","","","","","","","","","","","","","","","","","","","","","","","","","","","","","","","","","","","","","","","","","","","","","","","","","","","","","","",""
"06163007","TENDE_SAPC",44.043167,7.586,636,2000090810,0.,1,"","","","","","","","","","","","","","","","","","","","","","","","","","","","","","","","","","",24.5,1,-3.9,1,22.9,1,"","",24.5,1,"","","","","","","","","","","","","","","","","","","","",15,1,"","","","","","","","","","","","",4.6,1,"","","","","","","","","","","","","","","","","","","","","","","","","","","","","","","","","","","","","","","","","","","","","","","","","","","","","","","","","","","","","","","","","","","","","","","","","","","","","","","","","","","","","","","","","","","","","","","","","","","","","","","","","","","","","","","","","","","",""
"06163007","TENDE_SAPC",44.043167,7.586,636,2000090811,0.,1,"","","","","","","","","","","","","","","","","","","","","","","","","","","","","","","","","","",25.3,1,0.,1,24.4,1,"","",25.3,1,"","","","","","","","","","","","","","","","","","","","",19,1,"","","","","","","","","","","","",6.1,1,"","","","","","","","","","","","","","","","","","","","","","","","","","","","","","","","","","","","","","","","","","","","","","","","","","","","","","","","","","","","","","","","","","","","","","","","","","","","","","","","","","","","","","","","","","","","","","","","","","","","","","","","","","","","","","","","","","","",""
"06163007","TENDE_SAPC",44.043167,7.586,636,2000090812,0.,1,"","","","","","","","","","","","","","","","","","","","","","","","","","","","","","","","","","",25.,1,-0.2,1,24.7,1,"","",25.4,1,"","","","","","","","","","","","","","","","","","","","",19,1,"","","","","","","","","","","","",6.,1,"","","","","","","","","","","","","","","","","","","","","","","","","","","","","","","","","","","","","","","","","","","","","","","","","","","","","","","","","","","","","","","","","","","","","","","","","","","","","","","","","","","","","","","","","","","","","","","","","","","","","","","","","","","","","","","","","","","",""
"06163007","TENDE_SAPC",44.043167,7.586,636,2000090813,0.,1,"","","","","","","","","","","","","","","","","","","","","","","","","","","","","","","","","","",25.8,1,-1.1,1,24.8,1,"","",25.8,1,"","","","","","","","","","","","","","","","","","","","",17,1,"","","","","","","","","","","","",5.6,1,"","","","","","","","","","","","","","","","","","","","","","","","","","","","","","","","","","","","","","","","","","","","","","","","","","","","","","","","","","","","","","","","","","","","","","","","","","","","","","","","","","","","","","","","","","","","","","","","","","","","","","","","","","","","","","","","","","","",""
"06163007","TENDE_SAPC",44.043167,7.586,636,2000090814,0.,1,"","","","","","","","","","","","","","","","","","","","","","","","","","","","","","","","","","",24.9,1,4.6,1,24.9,1,"","",26.5,1,"","","","","","","","","","","","","","","","","","","","",27,1,"","","","","","","","","","","","",8.5,1,"","","","","","","","","","","","","","","","","","","","","","","","","","","","","","","","","","","","","","","","","","","","","","","","","","","","","","","","","","","","","","","","","","","","","","","","","","","","","","","","","","","","","","","","","","","","","","","","","","","","","","","","","","","","","","","","","","","",""
"06163007","TENDE_SAPC",44.043167,7.586,636,2000090815,0.,1,"","","","","","","","","","","","","","","","","","","","","","","","","","","","","","","","","","",22.7,1,7.3,1,22.7,1,"","",25.3,1,"","","","","","","","","","","","","","","","","","","","",37,1,"","","","","","","","","","","","",10.2,1,"","","","","","","","","","","","","","","","","","","","","","","","","","","","","","","","","","","","","","","","","","","","","","","","","","","","","","","","","","","","","","","","","","","","","","","","","","","","","","","","","","","","","","","","","","","","","","","","","","","","","","","","","","","","","","","","","","","",""
"06163007","TENDE_SAPC",44.043167,7.586,636,2000090816,0.,1,"","","","","","","","","","","","","","","","","","","","","","","","","","","","","","","","","","",21.1,1,8.,1,21.1,1,"","",22.6,1,"","","","","","","","","","","","","","","","","","","","",43,1,"","","","","","","","","","","","",10.7,1,"","","","","","","","","","","","","","","","","","","","","","","","","","","","","","","","","","","","","","","","","","","","","","","","","","","","","","","","","","","","","","","","","","","","","","","","","","","","","","","","","","","","","","","","","","","","","","","","","","","","","","","","","","","","","","","","","","","",""
"06163007","TENDE_SAPC",44.043167,7.586,636,2000090817,0.,1,"","","","","","","","","","","","","","","","","","","","","","","","","","","","","","","","","","",20.1,1,7.8,1,20.1,1,"","",21.,1,"","","","","","","","","","","","","","","","","","","","",45,1,"","","","","","","","","","","","",10.6,1,"","","","","","","","","","","","","","","","","","","","","","","","","","","","","","","","","","","","","","","","","","","","","","","","","","","","","","","","","","","","","","","","","","","","","","","","","","","","","","","","","","","","","","","","","","","","","","","","","","","","","","","","","","","","","","","","","","","",""
"06163007","TENDE_SAPC",44.043167,7.586,636,2000090818,0.,1,"","","","","","","","","","","","","","","","","","","","","","","","","","","","","","","","","","",18.3,1,8.3,1,18.3,1,"","",20.,1,"","","","","","","","","","","","","","","","","","","","",52,1,"","","","","","","","","","","","",10.9,1,"","","","","","","","","","","","","","","","","","","","","","","","","","","","","","","","","","","","","","","","","","","","","","","","","","","","","","","","","","","","","","","","","","","","","","","","","","","","","","","","","","","","","","","","","","","","","","","","","","","","","","","","","","","","","","","","","","","",""
"06163007","TENDE_SAPC",44.043167,7.586,636,2000090819,0.,1,"","","","","","","","","","","","","","","","","","","","","","","","","","","","","","","","","","",15.3,1,7.8,1,15.3,1,"","",18.3,1,"","","","","","","","","","","","","","","","","","","","",61,1,"","","","","","","","","","","","",10.6,1,"","","","","","","","","","","","","","","","","","","","","","","","","","","","","","","","","","","","","","","","","","","","","","","","","","","","","","","","","","","","","","","","","","","","","","","","","","","","","","","","","","","","","","","","","","","","","","","","","","","","","","","","","","","","","","","","","","","",""
"06163007","TENDE_SAPC",44.043167,7.586,636,2000090820,0.,1,"","","","","","","","","","","","","","","","","","","","","","","","","","","","","","","","","","",13.6,1,6.2,1,13.6,1,"","",15.3,1,"","","","","","","","","","","","","","","","","","","","",61,1,"","","","","","","","","","","","",9.5,1,"","","","","","","","","","","","","","","","","","","","","","","","","","","","","","","","","","","","","","","","","","","","","","","","","","","","","","","","","","","","","","","","","","","","","","","","","","","","","","","","","","","","","","","","","","","","","","","","","","","","","","","","","","","","","","","","","","","",""
"06163007","TENDE_SAPC",44.043167,7.586,636,2000090821,0.,1,"","","","","","","","","","","","","","","","","","","","","","","","","","","","","","","","","","",13.4,1,4.8,1,13.3,1,"","",13.6,1,"","","","","","","","","","","","","","","","","","","","",56,1,"","","","","","","","","","","","",8.6,1,"","","","","","","","","","","","","","","","","","","","","","","","","","","","","","","","","","","","","","","","","","","","","","","","","","","","","","","","","","","","","","","","","","","","","","","","","","","","","","","","","","","","","","","","","","","","","","","","","","","","","","","","","","","","","","","","","","","",""
"06163007","TENDE_SAPC",44.043167,7.586,636,2000090822,0.,1,"","","","","","","","","","","","","","","","","","","","","","","","","","","","","","","","","","",12.3,1,4.5,1,12.3,1,"","",13.4,1,"","","","","","","","","","","","","","","","","","","","",59,1,"","","","","","","","","","","","",8.4,1,"","","","","","","","","","","","","","","","","","","","","","","","","","","","","","","","","","","","","","","","","","","","","","","","","","","","","","","","","","","","","","","","","","","","","","","","","","","","","","","","","","","","","","","","","","","","","","","","","","","","","","","","","","","","","","","","","","","",""
"06163007","TENDE_SAPC",44.043167,7.586,636,2000090823,0.,1,"","","","","","","","","","","","","","","","","","","","","","","","","","","","","","","","","","",11.3,1,4.,1,11.2,1,"","",12.3,1,"","","","","","","","","","","","","","","","","","","","",61,1,"","","","","","","","","","","","",8.2,1,"","","","","","","","","","","","","","","","","","","","","","","","","","","","","","","","","","","","","","","","","","","","","","","","","","","","","","","","","","","","","","","","","","","","","","","","","","","","","","","","","","","","","","","","","","","","","","","","","","","","","","","","","","","","","","","","","","","",""
"06163007","TENDE_SAPC",44.043167,7.586,636,2000090900,0.,1,"","","","","","","","","","","","","","","","","","","","","","","","","","","","","","","","","","",11.6,1,2.6,1,10.9,1,"","",11.6,1,"","","","","","","","","","","","","","","","","","","","",54,1,"","","","","","","","","","","","",7.4,1,"","","","","","","","","","","","","","","","","","","","","","","","","","","","","","","","","","","","","","","","","","","","","","","","","","","","","","","","","","","","","","","","","","","","","","","","","","","","","","","","","","","","","","","","","","","","","","","","","","","","","","","","","","","","","","","","","","","",""
"06163007","TENDE_SAPC",44.043167,7.586,636,2000090901,0.,1,"","","","","","","","","","","","","","","","","","","","","","","","","","","","","","","","","","",11.7,1,2.2,1,11.5,1,"","",11.8,1,"","","","","","","","","","","","","","","","","","","","",52,1,"","","","","","","","","","","","",7.1,1,"","","","","","","","","","","","","","","","","","","","","","","","","","","","","","","","","","","","","","","","","","","","","","","","","","","","","","","","","","","","","","","","","","","","","","","","","","","","","","","","","","","","","","","","","","","","","","","","","","","","","","","","","","","","","","","","","","","",""
"06163007","TENDE_SAPC",44.043167,7.586,636,2000090902,0.,1,"","","","","","","","","","","","","","","","","","","","","","","","","","","","","","","","","","",11.5,1,2.2,1,11.4,1,"","",11.7,1,"","","","","","","","","","","","","","","","","","","","",53,1,"","","","","","","","","","","","",7.2,1,"","","","","","","","","","","","","","","","","","","","","","","","","","","","","","","","","","","","","","","","","","","","","","","","","","","","","","","","","","","","","","","","","","","","","","","","","","","","","","","","","","","","","","","","","","","","","","","","","","","","","","","","","","","","","","","","","","","",""
"06163007","TENDE_SAPC",44.043167,7.586,636,2000090903,0.,1,"","","","","","","","","","","","","","","","","","","","","","","","","","","","","","","","","","",16.4,1,3.4,1,11.5,1,"","",16.8,1,"","","","","","","","","","","","","","","","","","","","",42,1,"","","","","","","","","","","","",7.8,1,"","","","","","","","","","","","","","","","","","","","","","","","","","","","","","","","","","","","","","","","","","","","","","","","","","","","","","","","","","","","","","","","","","","","","","","","","","","","","","","","","","","","","","","","","","","","","","","","","","","","","","","","","","","","","","","","","","","",""
"06163007","TENDE_SAPC",44.043167,7.586,636,2000090904,0.,1,"","","","","","","","","","","","","","","","","","","","","","","","","","","","","","","","","","",17.1,1,4.4,1,15.6,1,"","",17.3,1,"","","","","","","","","","","","","","","","","","","","",43,1,"","","","","","","","","","","","",8.4,1,"","","","","","","","","","","","","","","","","","","","","","","","","","","","","","","","","","","","","","","","","","","","","","","","","","","","","","","","","","","","","","","","","","","","","","","","","","","","","","","","","","","","","","","","","","","","","","","","","","","","","","","","","","","","","","","","","","","",""
"06163007","TENDE_SAPC",44.043167,7.586,636,2000090905,0.,1,"","","","","","","","","","","","","","","","","","","","","","","","","","","","","","","","","","",15.1,1,2.6,1,15.1,1,"","",17.2,1,"","","","","","","","","","","","","","","","","","","","",43,1,"","","","","","","","","","","","",7.4,1,"","","","","","","","","","","","","","","","","","","","","","","","","","","","","","","","","","","","","","","","","","","","","","","","","","","","","","","","","","","","","","","","","","","","","","","","","","","","","","","","","","","","","","","","","","","","","","","","","","","","","","","","","","","","","","","","","","","",""
"06163007","TENDE_SAPC",44.043167,7.586,636,2000090906,0.,1,"","","","","","","","","","","","","","","","","","","","","","","","","","","","","","","","","","",14.1,1,2.9,1,13.9,1,"","",15.,1,"","","","","","","","","","","","","","","","","","","","",47,1,"","","","","","","","","","","","",7.5,1,"","","","","","","","","","","","","","","","","","","","","","","","","","","","","","","","","","","","","","","","","","","","","","","","","","","","","","","","","","","","","","","","","","","","","","","","","","","","","","","","","","","","","","","","","","","","","","","","","","","","","","","","","","","","","","","","","","","",""
"06163007","TENDE_SAPC",44.043167,7.586,636,2000090907,0.,1,"","","","","","","","","","","","","","","","","","","","","","","","","","","","","","","","","","",13.1,1,4.3,1,13.1,1,"","",14.1,1,"","","","","","","","","","","","","","","","","","","","",55,1,"","","","","","","","","","","","",8.3,1,"","","","","","","","","","","","","","","","","","","","","","","","","","","","","","","","","","","","","","","","","","","","","","","","","","","","","","","","","","","","","","","","","","","","","","","","","","","","","","","","","","","","","","","","","","","","","","","","","","","","","","","","","","","","","","","","","","","",""
"06163007","TENDE_SAPC",44.043167,7.586,636,2000090908,0.,1,"","","","","","","","","","","","","","","","","","","","","","","","","","","","","","","","","","",13.2,1,5.8,1,12.7,1,"","",13.2,1,"","","","","","","","","","","","","","","","","","","","",61,1,"","","","","","","","","","","","",9.2,1,"","","","","","","","","","","","","","","","","","","","","","","","","","","","","","","","","","","","","","","","","","","","","","","","","","","","","","","","","","","","","","","","","","","","","","","","","","","","","","","","","","","","","","","","","","","","","","","","","","","","","","","","","","","","","","","","","","","",""
"06163007","TENDE_SAPC",44.043167,7.586,636,2000090909,0.,1,"","","","","","","","","","","","","","","","","","","","","","","","","","","","","","","","","","",21.2,1,2.9,1,13.2,1,"","",21.2,1,"","","","","","","","","","","","","","","","","","","","",30,1,"","","","","","","","","","","","",7.5,1,"","","","","","","","","","","","","","","","","","","","","","","","","","","","","","","","","","","","","","","","","","","","","","","","","","","","","","","","","","","","","","","","","","","","","","","","","","","","","","","","","","","","","","","","","","","","","","","","","","","","","","","","","","","","","","","","","","","",""
"06163007","TENDE_SAPC",44.043167,7.586,636,2000090910,0.,1,"","","","","","","","","","","","","","","","","","","","","","","","","","","","","","","","","","",22.8,1,3.3,1,21.3,1,"","",22.8,1,"","","","","","","","","","","","","","","","","","","","",28,1,"","","","","","","","","","","","",7.8,1,"","","","","","","","","","","","","","","","","","","","","","","","","","","","","","","","","","","","","","","","","","","","","","","","","","","","","","","","","","","","","","","","","","","","","","","","","","","","","","","","","","","","","","","","","","","","","","","","","","","","","","","","","","","","","","","","","","","",""
"06163007","TENDE_SAPC",44.043167,7.586,636,2000090911,0.,1,"","","","","","","","","","","","","","","","","","","","","","","","","","","","","","","","","","",24.4,1,4.2,1,22.9,1,"","",24.5,1,"","","","","","","","","","","","","","","","","","","","",27,1,"","","","","","","","","","","","",8.2,1,"","","","","","","","","","","","","","","","","","","","","","","","","","","","","","","","","","","","","","","","","","","","","","","","","","","","","","","","","","","","","","","","","","","","","","","","","","","","","","","","","","","","","","","","","","","","","","","","","","","","","","","","","","","","","","","","","","","",""
"06163007","TENDE_SAPC",44.043167,7.586,636,2000090912,0.,1,"","","","","","","","","","","","","","","","","","","","","","","","","","","","","","","","","","",25.4,1,5.,1,24.4,1,"","",25.4,1,"","","","","","","","","","","","","","","","","","","","",27,1,"","","","","","","","","","","","",8.7,1,"","","","","","","","","","","","","","","","","","","","","","","","","","","","","","","","","","","","","","","","","","","","","","","","","","","","","","","","","","","","","","","","","","","","","","","","","","","","","","","","","","","","","","","","","","","","","","","","","","","","","","","","","","","","","","","","","","","",""
"06163007","TENDE_SAPC",44.043167,7.586,636,2000090913,0.,1,"","","","","","","","","","","","","","","","","","","","","","","","","","","","","","","","","","",26.2,1,5.2,1,25.5,1,"","",26.2,1,"","","","","","","","","","","","","","","","","","","","",26,1,"","","","","","","","","","","","",8.8,1,"","","","","","","","","","","","","","","","","","","","","","","","","","","","","","","","","","","","","","","","","","","","","","","","","","","","","","","","","","","","","","","","","","","","","","","","","","","","","","","","","","","","","","","","","","","","","","","","","","","","","","","","","","","","","","","","","","","",""
"06163007","TENDE_SAPC",44.043167,7.586,636,2000090914,0.,1,"","","","","","","","","","","","","","","","","","","","","","","","","","","","","","","","","","",25.2,1,7.3,1,25.2,1,"","",26.2,1,"","","","","","","","","","","","","","","","","","","","",32,1,"","","","","","","","","","","","",10.2,1,"","","","","","","","","","","","","","","","","","","","","","","","","","","","","","","","","","","","","","","","","","","","","","","","","","","","","","","","","","","","","","","","","","","","","","","","","","","","","","","","","","","","","","","","","","","","","","","","","","","","","","","","","","","","","","","","","","","",""
"06163007","TENDE_SAPC",44.043167,7.586,636,2000090915,0.,1,"","","","","","","","","","","","","","","","","","","","","","","","","","","","","","","","","","",24.,1,9.6,1,24.,1,"","",25.3,1,"","","","","","","","","","","","","","","","","","","","",40,1,"","","","","","","","","","","","",11.9,1,"","","","","","","","","","","","","","","","","","","","","","","","","","","","","","","","","","","","","","","","","","","","","","","","","","","","","","","","","","","","","","","","","","","","","","","","","","","","","","","","","","","","","","","","","","","","","","","","","","","","","","","","","","","","","","","","","","","",""
"06163007","TENDE_SAPC",44.043167,7.586,636,2000090916,0.,1,"","","","","","","","","","","","","","","","","","","","","","","","","","","","","","","","","","",22.7,1,9.8,1,22.7,1,"","",24.,1,"","","","","","","","","","","","","","","","","","","","",44,1,"","","","","","","","","","","","",12.1,1,"","","","","","","","","","","","","","","","","","","","","","","","","","","","","","","","","","","","","","","","","","","","","","","","","","","","","","","","","","","","","","","","","","","","","","","","","","","","","","","","","","","","","","","","","","","","","","","","","","","","","","","","","","","","","","","","","","","",""
"06163007","TENDE_SAPC",44.043167,7.586,636,2000090917,0.,1,"","","","","","","","","","","","","","","","","","","","","","","","","","","","","","","","","","",21.5,1,10.,1,21.5,1,"","",22.7,1,"","","","","","","","","","","","","","","","","","","","",48,1,"","","","","","","","","","","","",12.3,1,"","","","","","","","","","","","","","","","","","","","","","","","","","","","","","","","","","","","","","","","","","","","","","","","","","","","","","","","","","","","","","","","","","","","","","","","","","","","","","","","","","","","","","","","","","","","","","","","","","","","","","","","","","","","","","","","","","","",""
"06163007","TENDE_SAPC",44.043167,7.586,636,2000090918,0.,1,"","","","","","","","","","","","","","","","","","","","","","","","","","","","","","","","","","",19.8,1,9.9,1,19.8,1,"","",21.5,1,"","","","","","","","","","","","","","","","","","","","",53,1,"","","","","","","","","","","","",12.2,1,"","","","","","","","","","","","","","","","","","","","","","","","","","","","","","","","","","","","","","","","","","","","","","","","","","","","","","","","","","","","","","","","","","","","","","","","","","","","","","","","","","","","","","","","","","","","","","","","","","","","","","","","","","","","","","","","","","","",""
"06163007","TENDE_SAPC",44.043167,7.586,636,2000090919,0.,1,"","","","","","","","","","","","","","","","","","","","","","","","","","","","","","","","","","",16.2,1,9.4,1,16.2,1,"","",19.7,1,"","","","","","","","","","","","","","","","","","","","",64,1,"","","","","","","","","","","","",11.8,1,"","","","","","","","","","","","","","","","","","","","","","","","","","","","","","","","","","","","","","","","","","","","","","","","","","","","","","","","","","","","","","","","","","","","","","","","","","","","","","","","","","","","","","","","","","","","","","","","","","","","","","","","","","","","","","","","","","","",""
"06163007","TENDE_SAPC",44.043167,7.586,636,2000090920,0.,1,"","","","","","","","","","","","","","","","","","","","","","","","","","","","","","","","","","",14.7,1,8.2,1,14.7,1,"","",16.2,1,"","","","","","","","","","","","","","","","","","","","",65,1,"","","","","","","","","","","","",10.8,1,"","","","","","","","","","","","","","","","","","","","","","","","","","","","","","","","","","","","","","","","","","","","","","","","","","","","","","","","","","","","","","","","","","","","","","","","","","","","","","","","","","","","","","","","","","","","","","","","","","","","","","","","","","","","","","","","","","","",""
"06163007","TENDE_SAPC",44.043167,7.586,636,2000090921,0.,1,"","","","","","","","","","","","","","","","","","","","","","","","","","","","","","","","","","",13.6,1,7.1,1,13.6,1,"","",14.7,1,"","","","","","","","","","","","","","","","","","","","",65,1,"","","","","","","","","","","","",10.1,1,"","","","","","","","","","","","","","","","","","","","","","","","","","","","","","","","","","","","","","","","","","","","","","","","","","","","","","","","","","","","","","","","","","","","","","","","","","","","","","","","","","","","","","","","","","","","","","","","","","","","","","","","","","","","","","","","","","","",""
"06163007","TENDE_SAPC",44.043167,7.586,636,2000090922,0.,1,"","","","","","","","","","","","","","","","","","","","","","","","","","","","","","","","","","",13.4,1,5.5,1,13.4,1,"","",13.8,1,"","","","","","","","","","","","","","","","","","","","",59,1,"","","","","","","","","","","","",9.1,1,"","","","","","","","","","","","","","","","","","","","","","","","","","","","","","","","","","","","","","","","","","","","","","","","","","","","","","","","","","","","","","","","","","","","","","","","","","","","","","","","","","","","","","","","","","","","","","","","","","","","","","","","","","","","","","","","","","","",""
"06163007","TENDE_SAPC",44.043167,7.586,636,2000090923,0.,1,"","","","","","","","","","","","","","","","","","","","","","","","","","","","","","","","","","",13.8,1,3.3,1,13.2,1,"","",13.9,1,"","","","","","","","","","","","","","","","","","","","",49,1,"","","","","","","","","","","","",7.7,1,"","","","","","","","","","","","","","","","","","","","","","","","","","","","","","","","","","","","","","","","","","","","","","","","","","","","","","","","","","","","","","","","","","","","","","","","","","","","","","","","","","","","","","","","","","","","","","","","","","","","","","","","","","","","","","","","","","","",""
"06163007","TENDE_SAPC",44.043167,7.586,636,2000091000,0.,1,"","","","","","","","","","","","","","","","","","","","","","","","","","","","","","","","","","",13.3,1,1.9,1,13.3,1,"","",13.8,1,"","","","","","","","","","","","","","","","","","","","",46,1,"","","","","","","","","","","","",7.,1,"","","","","","","","","","","","","","","","","","","","","","","","","","","","","","","","","","","","","","","","","","","","","","","","","","","","","","","","","","","","","","","","","","","","","","","","","","","","","","","","","","","","","","","","","","","","","","","","","","","","","","","","","","","","","","","","","","","",""
"06163007","TENDE_SAPC",44.043167,7.586,636,2000091001,0.,1,"","","","","","","","","","","","","","","","","","","","","","","","","","","","","","","","","","",13.2,1,0.6,1,13.1,1,"","",13.6,1,"","","","","","","","","","","","","","","","","","","","",42,1,"","","","","","","","","","","","",6.4,1,"","","","","","","","","","","","","","","","","","","","","","","","","","","","","","","","","","","","","","","","","","","","","","","","","","","","","","","","","","","","","","","","","","","","","","","","","","","","","","","","","","","","","","","","","","","","","","","","","","","","","","","","","","","","","","","","","","","",""
"06163007","TENDE_SAPC",44.043167,7.586,636,2000091002,0.,1,"","","","","","","","","","","","","","","","","","","","","","","","","","","","","","","","","","",11.4,1,1.3,1,11.4,1,"","",13.2,1,"","","","","","","","","","","","","","","","","","","","",50,1,"","","","","","","","","","","","",6.7,1,"","","","","","","","","","","","","","","","","","","","","","","","","","","","","","","","","","","","","","","","","","","","","","","","","","","","","","","","","","","","","","","","","","","","","","","","","","","","","","","","","","","","","","","","","","","","","","","","","","","","","","","","","","","","","","","","","","","",""
"06163007","TENDE_SAPC",44.043167,7.586,636,2000091003,0.,1,"","","","","","","","","","","","","","","","","","","","","","","","","","","","","","","","","","",10.6,1,0.3,1,10.3,1,"","",11.4,1,"","","","","","","","","","","","","","","","","","","","",49,1,"","","","","","","","","","","","",6.3,1,"","","","","","","","","","","","","","","","","","","","","","","","","","","","","","","","","","","","","","","","","","","","","","","","","","","","","","","","","","","","","","","","","","","","","","","","","","","","","","","","","","","","","","","","","","","","","","","","","","","","","","","","","","","","","","","","","","","",""
"06163007","TENDE_SAPC",44.043167,7.586,636,2000091004,0.,1,"","","","","","","","","","","","","","","","","","","","","","","","","","","","","","","","","","",10.3,1,-0.8,1,10.1,1,"","",10.6,1,"","","","","","","","","","","","","","","","","","","","",46,1,"","","","","","","","","","","","",5.8,1,"","","","","","","","","","","","","","","","","","","","","","","","","","","","","","","","","","","","","","","","","","","","","","","","","","","","","","","","","","","","","","","","","","","","","","","","","","","","","","","","","","","","","","","","","","","","","","","","","","","","","","","","","","","","","","","","","","","",""
"06163007","TENDE_SAPC",44.043167,7.586,636,2000091005,0.,1,"","","","","","","","","","","","","","","","","","","","","","","","","","","","","","","","","","",9.5,1,-0.4,1,9.5,1,"","",10.3,1,"","","","","","","","","","","","","","","","","","","","",50,1,"","","","","","","","","","","","",5.9,1,"","","","","","","","","","","","","","","","","","","","","","","","","","","","","","","","","","","","","","","","","","","","","","","","","","","","","","","","","","","","","","","","","","","","","","","","","","","","","","","","","","","","","","","","","","","","","","","","","","","","","","","","","","","","","","","","","","","",""
"06163007","TENDE_SAPC",44.043167,7.586,636,2000091006,0.,1,"","","","","","","","","","","","","","","","","","","","","","","","","","","","","","","","","","",8.7,1,-0.1,1,8.7,1,"","",9.6,1,"","","","","","","","","","","","","","","","","","","","",54,1,"","","","","","","","","","","","",6.1,1,"","","","","","","","","","","","","","","","","","","","","","","","","","","","","","","","","","","","","","","","","","","","","","","","","","","","","","","","","","","","","","","","","","","","","","","","","","","","","","","","","","","","","","","","","","","","","","","","","","","","","","","","","","","","","","","","","","","",""
"06163007","TENDE_SAPC",44.043167,7.586,636,2000091007,0.,1,"","","","","","","","","","","","","","","","","","","","","","","","","","","","","","","","","","",8.4,1,0.6,1,8.4,1,"","",8.7,1,"","","","","","","","","","","","","","","","","","","","",58,1,"","","","","","","","","","","","",6.4,1,"","","","","","","","","","","","","","","","","","","","","","","","","","","","","","","","","","","","","","","","","","","","","","","","","","","","","","","","","","","","","","","","","","","","","","","","","","","","","","","","","","","","","","","","","","","","","","","","","","","","","","","","","","","","","","","","","","","",""
"06163007","TENDE_SAPC",44.043167,7.586,636,2000091008,0.,1,"","","","","","","","","","","","","","","","","","","","","","","","","","","","","","","","","","",8.7,1,1.1,1,8.4,1,"","",8.7,1,"","","","","","","","","","","","","","","","","","","","",59,1,"","","","","","","","","","","","",6.6,1,"","","","","","","","","","","","","","","","","","","","","","","","","","","","","","","","","","","","","","","","","","","","","","","","","","","","","","","","","","","","","","","","","","","","","","","","","","","","","","","","","","","","","","","","","","","","","","","","","","","","","","","","","","","","","","","","","","","",""
"06163007","TENDE_SAPC",44.043167,7.586,636,2000091009,0.,1,"","","","","","","","","","","","","","","","","","","","","","","","","","","","","","","","","","",19.6,1,1.5,1,8.7,1,"","",19.6,1,"","","","","","","","","","","","","","","","","","","","",30,1,"","","","","","","","","","","","",6.8,1,"","","","","","","","","","","","","","","","","","","","","","","","","","","","","","","","","","","","","","","","","","","","","","","","","","","","","","","","","","","","","","","","","","","","","","","","","","","","","","","","","","","","","","","","","","","","","","","","","","","","","","","","","","","","","","","","","","","",""
"06163007","TENDE_SAPC",44.043167,7.586,636,2000091010,0.,1,"","","","","","","","","","","","","","","","","","","","","","","","","","","","","","","","","","",24.5,1,-1.4,1,19.8,1,"","",24.5,1,"","","","","","","","","","","","","","","","","","","","",18,1,"","","","","","","","","","","","",5.5,1,"","","","","","","","","","","","","","","","","","","","","","","","","","","","","","","","","","","","","","","","","","","","","","","","","","","","","","","","","","","","","","","","","","","","","","","","","","","","","","","","","","","","","","","","","","","","","","","","","","","","","","","","","","","","","","","","","","","",""
"06163007","TENDE_SAPC",44.043167,7.586,636,2000091011,0.,1,"","","","","","","","","","","","","","","","","","","","","","","","","","","","","","","","","","",26.3,1,-0.7,1,24.5,1,"","",26.3,1,"","","","","","","","","","","","","","","","","","","","",17,1,"","","","","","","","","","","","",5.8,1,"","","","","","","","","","","","","","","","","","","","","","","","","","","","","","","","","","","","","","","","","","","","","","","","","","","","","","","","","","","","","","","","","","","","","","","","","","","","","","","","","","","","","","","","","","","","","","","","","","","","","","","","","","","","","","","","","","","",""
"06163007","TENDE_SAPC",44.043167,7.586,636,2000091012,0.,1,"","","","","","","","","","","","","","","","","","","","","","","","","","","","","","","","","","",26.6,1,3.8,1,26.1,1,"","",26.7,1,"","","","","","","","","","","","","","","","","","","","",23,1,"","","","","","","","","","","","",8.,1,"","","","","","","","","","","","","","","","","","","","","","","","","","","","","","","","","","","","","","","","","","","","","","","","","","","","","","","","","","","","","","","","","","","","","","","","","","","","","","","","","","","","","","","","","","","","","","","","","","","","","","","","","","","","","","","","","","","",""
"06163007","TENDE_SAPC",44.043167,7.586,636,2000091013,0.,1,"","","","","","","","","","","","","","","","","","","","","","","","","","","","","","","","","","",26.5,1,6.,1,26.5,1,"","",26.8,1,"","","","","","","","","","","","","","","","","","","","",27,1,"","","","","","","","","","","","",9.3,1,"","","","","","","","","","","","","","","","","","","","","","","","","","","","","","","","","","","","","","","","","","","","","","","","","","","","","","","","","","","","","","","","","","","","","","","","","","","","","","","","","","","","","","","","","","","","","","","","","","","","","","","","","","","","","","","","","","","",""
"06163007","TENDE_SAPC",44.043167,7.586,636,2000091014,0.,1,"","","","","","","","","","","","","","","","","","","","","","","","","","","","","","","","","","",26.2,1,6.2,1,26.2,1,"","",26.5,1,"","","","","","","","","","","","","","","","","","","","",28,1,"","","","","","","","","","","","",9.5,1,"","","","","","","","","","","","","","","","","","","","","","","","","","","","","","","","","","","","","","","","","","","","","","","","","","","","","","","","","","","","","","","","","","","","","","","","","","","","","","","","","","","","","","","","","","","","","","","","","","","","","","","","","","","","","","","","","","","",""
"06163007","TENDE_SAPC",44.043167,7.586,636,2000091015,0.,1,"","","","","","","","","","","","","","","","","","","","","","","","","","","","","","","","","","",25.,1,7.6,1,25.,1,"","",26.2,1,"","","","","","","","","","","","","","","","","","","","",33,1,"","","","","","","","","","","","",10.4,1,"","","","","","","","","","","","","","","","","","","","","","","","","","","","","","","","","","","","","","","","","","","","","","","","","","","","","","","","","","","","","","","","","","","","","","","","","","","","","","","","","","","","","","","","","","","","","","","","","","","","","","","","","","","","","","","","","","","",""
"06163007","TENDE_SAPC",44.043167,7.586,636,2000091016,0.,1,"","","","","","","","","","","","","","","","","","","","","","","","","","","","","","","","","","",23.5,1,7.1,1,23.5,1,"","",25.,1,"","","","","","","","","","","","","","","","","","","","",35,1,"","","","","","","","","","","","",10.1,1,"","","","","","","","","","","","","","","","","","","","","","","","","","","","","","","","","","","","","","","","","","","","","","","","","","","","","","","","","","","","","","","","","","","","","","","","","","","","","","","","","","","","","","","","","","","","","","","","","","","","","","","","","","","","","","","","","","","",""
"06163007","TENDE_SAPC",44.043167,7.586,636,2000091017,0.,1,"","","","","","","","","","","","","","","","","","","","","","","","","","","","","","","","","","",22.1,1,6.7,1,22.1,1,"","",23.5,1,"","","","","","","","","","","","","","","","","","","","",37,1,"","","","","","","","","","","","",9.8,1,"","","","","","","","","","","","","","","","","","","","","","","","","","","","","","","","","","","","","","","","","","","","","","","","","","","","","","","","","","","","","","","","","","","","","","","","","","","","","","","","","","","","","","","","","","","","","","","","","","","","","","","","","","","","","","","","","","","",""
"06163007","TENDE_SAPC",44.043167,7.586,636,2000091018,0.,1,"","","","","","","","","","","","","","","","","","","","","","","","","","","","","","","","","","",18.4,1,8.1,1,18.4,1,"","",22.1,1,"","","","","","","","","","","","","","","","","","","","",51,1,"","","","","","","","","","","","",10.8,1,"","","","","","","","","","","","","","","","","","","","","","","","","","","","","","","","","","","","","","","","","","","","","","","","","","","","","","","","","","","","","","","","","","","","","","","","","","","","","","","","","","","","","","","","","","","","","","","","","","","","","","","","","","","","","","","","","","","",""
"06163007","TENDE_SAPC",44.043167,7.586,636,2000091019,0.,1,"","","","","","","","","","","","","","","","","","","","","","","","","","","","","","","","","","",15.6,1,8.3,1,15.6,1,"","",18.4,1,"","","","","","","","","","","","","","","","","","","","",62,1,"","","","","","","","","","","","",11.,1,"","","","","","","","","","","","","","","","","","","","","","","","","","","","","","","","","","","","","","","","","","","","","","","","","","","","","","","","","","","","","","","","","","","","","","","","","","","","","","","","","","","","","","","","","","","","","","","","","","","","","","","","","","","","","","","","","","","",""
"06163007","TENDE_SAPC",44.043167,7.586,636,2000091020,0.,1,"","","","","","","","","","","","","","","","","","","","","","","","","","","","","","","","","","",14.3,1,7.8,1,14.3,1,"","",15.6,1,"","","","","","","","","","","","","","","","","","","","",65,1,"","","","","","","","","","","","",10.6,1,"","","","","","","","","","","","","","","","","","","","","","","","","","","","","","","","","","","","","","","","","","","","","","","","","","","","","","","","","","","","","","","","","","","","","","","","","","","","","","","","","","","","","","","","","","","","","","","","","","","","","","","","","","","","","","","","","","","",""
"06163007","TENDE_SAPC",44.043167,7.586,636,2000091021,0.,1,"","","","","","","","","","","","","","","","","","","","","","","","","","","","","","","","","","",13.8,1,7.8,1,13.8,1,"","",14.3,1,"","","","","","","","","","","","","","","","","","","","",67,1,"","","","","","","","","","","","",10.6,1,"","","","","","","","","","","","","","","","","","","","","","","","","","","","","","","","","","","","","","","","","","","","","","","","","","","","","","","","","","","","","","","","","","","","","","","","","","","","","","","","","","","","","","","","","","","","","","","","","","","","","","","","","","","","","","","","","","","",""
"06163007","TENDE_SAPC",44.043167,7.586,636,2000091022,0.,1,"","","","","","","","","","","","","","","","","","","","","","","","","","","","","","","","","","",13.9,1,7.2,1,13.5,1,"","",14.,1,"","","","","","","","","","","","","","","","","","","","",64,1,"","","","","","","","","","","","",10.1,1,"","","","","","","","","","","","","","","","","","","","","","","","","","","","","","","","","","","","","","","","","","","","","","","","","","","","","","","","","","","","","","","","","","","","","","","","","","","","","","","","","","","","","","","","","","","","","","","","","","","","","","","","","","","","","","","","","","","",""
"06163007","TENDE_SAPC",44.043167,7.586,636,2000091023,0.,1,"","","","","","","","","","","","","","","","","","","","","","","","","","","","","","","","","","",13.9,1,6.7,1,13.4,1,"","",14.2,1,"","","","","","","","","","","","","","","","","","","","",62,1,"","","","","","","","","","","","",9.8,1,"","","","","","","","","","","","","","","","","","","","","","","","","","","","","","","","","","","","","","","","","","","","","","","","","","","","","","","","","","","","","","","","","","","","","","","","","","","","","","","","","","","","","","","","","","","","","","","","","","","","","","","","","","","","","","","","","","","",""
"06163007","TENDE_SAPC",44.043167,7.586,636,2000091100,0.,1,"","","","","","","","","","","","","","","","","","","","","","","","","","","","","","","","","","",13.1,1,6.7,1,13.1,1,"","",13.9,1,"","","","","","","","","","","","","","","","","","","","",65,1,"","","","","","","","","","","","",9.8,1,"","","","","","","","","","","","","","","","","","","","","","","","","","","","","","","","","","","","","","","","","","","","","","","","","","","","","","","","","","","","","","","","","","","","","","","","","","","","","","","","","","","","","","","","","","","","","","","","","","","","","","","","","","","","","","","","","","","",""
"06163007","TENDE_SAPC",44.043167,7.586,636,2000091101,0.,1,"","","","","","","","","","","","","","","","","","","","","","","","","","","","","","","","","","",12.7,1,6.3,1,12.6,1,"","",13.1,1,"","","","","","","","","","","","","","","","","","","","",65,1,"","","","","","","","","","","","",9.5,1,"","","","","","","","","","","","","","","","","","","","","","","","","","","","","","","","","","","","","","","","","","","","","","","","","","","","","","","","","","","","","","","","","","","","","","","","","","","","","","","","","","","","","","","","","","","","","","","","","","","","","","","","","","","","","","","","","","","",""
"06163007","TENDE_SAPC",44.043167,7.586,636,2000091102,0.,1,"","","","","","","","","","","","","","","","","","","","","","","","","","","","","","","","","","",11.5,1,6.2,1,11.5,1,"","",12.7,1,"","","","","","","","","","","","","","","","","","","","",70,1,"","","","","","","","","","","","",9.5,1,"","","","","","","","","","","","","","","","","","","","","","","","","","","","","","","","","","","","","","","","","","","","","","","","","","","","","","","","","","","","","","","","","","","","","","","","","","","","","","","","","","","","","","","","","","","","","","","","","","","","","","","","","","","","","","","","","","","",""
"06163007","TENDE_SAPC",44.043167,7.586,636,2000091103,0.,1,"","","","","","","","","","","","","","","","","","","","","","","","","","","","","","","","","","",11.,1,5.7,1,11.,1,"","",11.5,1,"","","","","","","","","","","","","","","","","","","","",70,1,"","","","","","","","","","","","",9.2,1,"","","","","","","","","","","","","","","","","","","","","","","","","","","","","","","","","","","","","","","","","","","","","","","","","","","","","","","","","","","","","","","","","","","","","","","","","","","","","","","","","","","","","","","","","","","","","","","","","","","","","","","","","","","","","","","","","","","",""
"06163007","TENDE_SAPC",44.043167,7.586,636,2000091104,0.,1,"","","","","","","","","","","","","","","","","","","","","","","","","","","","","","","","","","",10.9,1,5.4,1,10.9,1,"","",11.1,1,"","","","","","","","","","","","","","","","","","","","",69,1,"","","","","","","","","","","","",9.,1,"","","","","","","","","","","","","","","","","","","","","","","","","","","","","","","","","","","","","","","","","","","","","","","","","","","","","","","","","","","","","","","","","","","","","","","","","","","","","","","","","","","","","","","","","","","","","","","","","","","","","","","","","","","","","","","","","","","",""
"06163007","TENDE_SAPC",44.043167,7.586,636,2000091105,0.,1,"","","","","","","","","","","","","","","","","","","","","","","","","","","","","","","","","","",10.6,1,4.9,1,10.5,1,"","",11.,1,"","","","","","","","","","","","","","","","","","","","",68,1,"","","","","","","","","","","","",8.7,1,"","","","","","","","","","","","","","","","","","","","","","","","","","","","","","","","","","","","","","","","","","","","","","","","","","","","","","","","","","","","","","","","","","","","","","","","","","","","","","","","","","","","","","","","","","","","","","","","","","","","","","","","","","","","","","","","","","","",""
"06163007","TENDE_SAPC",44.043167,7.586,636,2000091106,0.,1,"","","","","","","","","","","","","","","","","","","","","","","","","","","","","","","","","","",10.8,1,4.7,1,10.5,1,"","",10.8,1,"","","","","","","","","","","","","","","","","","","","",66,1,"","","","","","","","","","","","",8.5,1,"","","","","","","","","","","","","","","","","","","","","","","","","","","","","","","","","","","","","","","","","","","","","","","","","","","","","","","","","","","","","","","","","","","","","","","","","","","","","","","","","","","","","","","","","","","","","","","","","","","","","","","","","","","","","","","","","","","",""
"06163007","TENDE_SAPC",44.043167,7.586,636,2000091107,0.,1,"","","","","","","","","","","","","","","","","","","","","","","","","","","","","","","","","","",11.2,1,4.9,1,10.8,1,"","",11.2,1,"","","","","","","","","","","","","","","","","","","","",65,1,"","","","","","","","","","","","",8.6,1,"","","","","","","","","","","","","","","","","","","","","","","","","","","","","","","","","","","","","","","","","","","","","","","","","","","","","","","","","","","","","","","","","","","","","","","","","","","","","","","","","","","","","","","","","","","","","","","","","","","","","","","","","","","","","","","","","","","",""
"06163007","TENDE_SAPC",44.043167,7.586,636,2000091108,0.,1,"","","","","","","","","","","","","","","","","","","","","","","","","","","","","","","","","","",11.1,1,6.2,1,11.,1,"","",11.2,1,"","","","","","","","","","","","","","","","","","","","",72,1,"","","","","","","","","","","","",9.5,1,"","","","","","","","","","","","","","","","","","","","","","","","","","","","","","","","","","","","","","","","","","","","","","","","","","","","","","","","","","","","","","","","","","","","","","","","","","","","","","","","","","","","","","","","","","","","","","","","","","","","","","","","","","","","","","","","","","","",""
"06163007","TENDE_SAPC",44.043167,7.586,636,2000091109,0.,1,"","","","","","","","","","","","","","","","","","","","","","","","","","","","","","","","","","",20.5,1,5.7,1,11.1,1,"","",20.5,1,"","","","","","","","","","","","","","","","","","","","",38,1,"","","","","","","","","","","","",9.1,1,"","","","","","","","","","","","","","","","","","","","","","","","","","","","","","","","","","","","","","","","","","","","","","","","","","","","","","","","","","","","","","","","","","","","","","","","","","","","","","","","","","","","","","","","","","","","","","","","","","","","","","","","","","","","","","","","","","","",""
"06163007","TENDE_SAPC",44.043167,7.586,636,2000091110,0.,1,"","","","","","","","","","","","","","","","","","","","","","","","","","","","","","","","","","",24.5,1,5.3,1,20.6,1,"","",24.5,1,"","","","","","","","","","","","","","","","","","","","",29,1,"","","","","","","","","","","","",8.9,1,"","","","","","","","","","","","","","","","","","","","","","","","","","","","","","","","","","","","","","","","","","","","","","","","","","","","","","","","","","","","","","","","","","","","","","","","","","","","","","","","","","","","","","","","","","","","","","","","","","","","","","","","","","","","","","","","","","","",""
"06163007","TENDE_SAPC",44.043167,7.586,636,2000091111,0.,1,"","","","","","","","","","","","","","","","","","","","","","","","","","","","","","","","","","",26.2,1,5.7,1,24.6,1,"","",26.2,1,"","","","","","","","","","","","","","","","","","","","",27,1,"","","","","","","","","","","","",9.2,1,"","","","","","","","","","","","","","","","","","","","","","","","","","","","","","","","","","","","","","","","","","","","","","","","","","","","","","","","","","","","","","","","","","","","","","","","","","","","","","","","","","","","","","","","","","","","","","","","","","","","","","","","","","","","","","","","","","","",""
"06163007","TENDE_SAPC",44.043167,7.586,636,2000091112,0.,1,"","","","","","","","","","","","","","","","","","","","","","","","","","","","","","","","","","",26.2,1,6.8,1,26.1,1,"","",26.6,1,"","","","","","","","","","","","","","","","","","","","",29,1,"","","","","","","","","","","","",9.8,1,"","","","","","","","","","","","","","","","","","","","","","","","","","","","","","","","","","","","","","","","","","","","","","","","","","","","","","","","","","","","","","","","","","","","","","","","","","","","","","","","","","","","","","","","","","","","","","","","","","","","","","","","","","","","","","","","","","","",""
"06163007","TENDE_SAPC",44.043167,7.586,636,2000091113,0.,1,"","","","","","","","","","","","","","","","","","","","","","","","","","","","","","","","","","",25.8,1,6.9,1,25.8,1,"","",26.3,1,"","","","","","","","","","","","","","","","","","","","",30,1,"","","","","","","","","","","","",9.9,1,"","","","","","","","","","","","","","","","","","","","","","","","","","","","","","","","","","","","","","","","","","","","","","","","","","","","","","","","","","","","","","","","","","","","","","","","","","","","","","","","","","","","","","","","","","","","","","","","","","","","","","","","","","","","","","","","","","","",""
"06163007","TENDE_SAPC",44.043167,7.586,636,2000091114,0.,1,"","","","","","","","","","","","","","","","","","","","","","","","","","","","","","","","","","",25.7,1,6.3,1,25.7,1,"","",26.,1,"","","","","","","","","","","","","","","","","","","","",29,1,"","","","","","","","","","","","",9.6,1,"","","","","","","","","","","","","","","","","","","","","","","","","","","","","","","","","","","","","","","","","","","","","","","","","","","","","","","","","","","","","","","","","","","","","","","","","","","","","","","","","","","","","","","","","","","","","","","","","","","","","","","","","","","","","","","","","","","",""
"06163007","TENDE_SAPC",44.043167,7.586,636,2000091115,0.,1,"","","","","","","","","","","","","","","","","","","","","","","","","","","","","","","","","","",24.2,1,7.3,1,24.2,1,"","",25.8,1,"","","","","","","","","","","","","","","","","","","","",34,1,"","","","","","","","","","","","",10.2,1,"","","","","","","","","","","","","","","","","","","","","","","","","","","","","","","","","","","","","","","","","","","","","","","","","","","","","","","","","","","","","","","","","","","","","","","","","","","","","","","","","","","","","","","","","","","","","","","","","","","","","","","","","","","","","","","","","","","",""
"06163007","TENDE_SAPC",44.043167,7.586,636,2000091116,0.,1,"","","","","","","","","","","","","","","","","","","","","","","","","","","","","","","","","","",22.7,1,6.4,1,22.7,1,"","",24.2,1,"","","","","","","","","","","","","","","","","","","","",35,1,"","","","","","","","","","","","",9.6,1,"","","","","","","","","","","","","","","","","","","","","","","","","","","","","","","","","","","","","","","","","","","","","","","","","","","","","","","","","","","","","","","","","","","","","","","","","","","","","","","","","","","","","","","","","","","","","","","","","","","","","","","","","","","","","","","","","","","",""
"06163007","TENDE_SAPC",44.043167,7.586,636,2000091117,0.,1,"","","","","","","","","","","","","","","","","","","","","","","","","","","","","","","","","","",21.9,1,5.7,1,21.9,1,"","",22.7,1,"","","","","","","","","","","","","","","","","","","","",35,1,"","","","","","","","","","","","",9.2,1,"","","","","","","","","","","","","","","","","","","","","","","","","","","","","","","","","","","","","","","","","","","","","","","","","","","","","","","","","","","","","","","","","","","","","","","","","","","","","","","","","","","","","","","","","","","","","","","","","","","","","","","","","","","","","","","","","","","",""
"06163007","TENDE_SAPC",44.043167,7.586,636,2000091118,0.,1,"","","","","","","","","","","","","","","","","","","","","","","","","","","","","","","","","","",18.7,1,6.8,1,18.7,1,"","",21.9,1,"","","","","","","","","","","","","","","","","","","","",46,1,"","","","","","","","","","","","",9.9,1,"","","","","","","","","","","","","","","","","","","","","","","","","","","","","","","","","","","","","","","","","","","","","","","","","","","","","","","","","","","","","","","","","","","","","","","","","","","","","","","","","","","","","","","","","","","","","","","","","","","","","","","","","","","","","","","","","","","",""
"06163007","TENDE_SAPC",44.043167,7.586,636,2000091119,0.,1,"","","","","","","","","","","","","","","","","","","","","","","","","","","","","","","","","","",15.9,1,7.4,1,15.9,1,"","",18.7,1,"","","","","","","","","","","","","","","","","","","","",57,1,"","","","","","","","","","","","",10.3,1,"","","","","","","","","","","","","","","","","","","","","","","","","","","","","","","","","","","","","","","","","","","","","","","","","","","","","","","","","","","","","","","","","","","","","","","","","","","","","","","","","","","","","","","","","","","","","","","","","","","","","","","","","","","","","","","","","","","",""
"06163007","TENDE_SAPC",44.043167,7.586,636,2000091120,0.,1,"","","","","","","","","","","","","","","","","","","","","","","","","","","","","","","","","","",14.6,1,7.4,1,14.6,1,"","",15.9,1,"","","","","","","","","","","","","","","","","","","","",62,1,"","","","","","","","","","","","",10.3,1,"","","","","","","","","","","","","","","","","","","","","","","","","","","","","","","","","","","","","","","","","","","","","","","","","","","","","","","","","","","","","","","","","","","","","","","","","","","","","","","","","","","","","","","","","","","","","","","","","","","","","","","","","","","","","","","","","","","",""
"06163007","TENDE_SAPC",44.043167,7.586,636,2000091121,0.,1,"","","","","","","","","","","","","","","","","","","","","","","","","","","","","","","","","","",14.1,1,6.9,1,14.1,1,"","",14.6,1,"","","","","","","","","","","","","","","","","","","","",62,1,"","","","","","","","","","","","",10.,1,"","","","","","","","","","","","","","","","","","","","","","","","","","","","","","","","","","","","","","","","","","","","","","","","","","","","","","","","","","","","","","","","","","","","","","","","","","","","","","","","","","","","","","","","","","","","","","","","","","","","","","","","","","","","","","","","","","","",""
"06163007","TENDE_SAPC",44.043167,7.586,636,2000091122,0.,1,"","","","","","","","","","","","","","","","","","","","","","","","","","","","","","","","","","",13.7,1,6.8,1,13.6,1,"","",14.1,1,"","","","","","","","","","","","","","","","","","","","",63,1,"","","","","","","","","","","","",9.9,1,"","","","","","","","","","","","","","","","","","","","","","","","","","","","","","","","","","","","","","","","","","","","","","","","","","","","","","","","","","","","","","","","","","","","","","","","","","","","","","","","","","","","","","","","","","","","","","","","","","","","","","","","","","","","","","","","","","","",""
"06163007","TENDE_SAPC",44.043167,7.586,636,2000091123,0.,1,"","","","","","","","","","","","","","","","","","","","","","","","","","","","","","","","","","",13.7,1,6.3,1,13.1,1,"","",13.8,1,"","","","","","","","","","","","","","","","","","","","",61,1,"","","","","","","","","","","","",9.5,1,"","","","","","","","","","","","","","","","","","","","","","","","","","","","","","","","","","","","","","","","","","","","","","","","","","","","","","","","","","","","","","","","","","","","","","","","","","","","","","","","","","","","","","","","","","","","","","","","","","","","","","","","","","","","","","","","","","","",""
"06163007","TENDE_SAPC",44.043167,7.586,636,2000091200,0.,1,"","","","","","","","","","","","","","","","","","","","","","","","","","","","","","","","","","",13.3,1,6.6,1,13.3,1,"","",13.9,1,"","","","","","","","","","","","","","","","","","","","",64,1,"","","","","","","","","","","","",9.8,1,"","","","","","","","","","","","","","","","","","","","","","","","","","","","","","","","","","","","","","","","","","","","","","","","","","","","","","","","","","","","","","","","","","","","","","","","","","","","","","","","","","","","","","","","","","","","","","","","","","","","","","","","","","","","","","","","","","","",""
"06163007","TENDE_SAPC",44.043167,7.586,636,2000091201,0.,1,"","","","","","","","","","","","","","","","","","","","","","","","","","","","","","","","","","",12.7,1,6.9,1,12.7,1,"","",13.2,1,"","","","","","","","","","","","","","","","","","","","",68,1,"","","","","","","","","","","","",10.,1,"","","","","","","","","","","","","","","","","","","","","","","","","","","","","","","","","","","","","","","","","","","","","","","","","","","","","","","","","","","","","","","","","","","","","","","","","","","","","","","","","","","","","","","","","","","","","","","","","","","","","","","","","","","","","","","","","","","",""
"06163007","TENDE_SAPC",44.043167,7.586,636,2000091202,0.,1,"","","","","","","","","","","","","","","","","","","","","","","","","","","","","","","","","","",12.2,1,7.1,1,12.2,1,"","",12.9,1,"","","","","","","","","","","","","","","","","","","","",71,1,"","","","","","","","","","","","",10.1,1,"","","","","","","","","","","","","","","","","","","","","","","","","","","","","","","","","","","","","","","","","","","","","","","","","","","","","","","","","","","","","","","","","","","","","","","","","","","","","","","","","","","","","","","","","","","","","","","","","","","","","","","","","","","","","","","","","","","",""
"06163007","TENDE_SAPC",44.043167,7.586,636,2000091203,0.,1,"","","","","","","","","","","","","","","","","","","","","","","","","","","","","","","","","","",12.,1,7.1,1,11.7,1,"","",12.2,1,"","","","","","","","","","","","","","","","","","","","",72,1,"","","","","","","","","","","","",10.1,1,"","","","","","","","","","","","","","","","","","","","","","","","","","","","","","","","","","","","","","","","","","","","","","","","","","","","","","","","","","","","","","","","","","","","","","","","","","","","","","","","","","","","","","","","","","","","","","","","","","","","","","","","","","","","","","","","","","","",""
"06163007","TENDE_SAPC",44.043167,7.586,636,2000091204,0.,1,"","","","","","","","","","","","","","","","","","","","","","","","","","","","","","","","","","",12.,1,7.3,1,12.,1,"","",12.2,1,"","","","","","","","","","","","","","","","","","","","",73,1,"","","","","","","","","","","","",10.2,1,"","","","","","","","","","","","","","","","","","","","","","","","","","","","","","","","","","","","","","","","","","","","","","","","","","","","","","","","","","","","","","","","","","","","","","","","","","","","","","","","","","","","","","","","","","","","","","","","","","","","","","","","","","","","","","","","","","","",""
"06163007","TENDE_SAPC",44.043167,7.586,636,2000091205,0.,1,"","","","","","","","","","","","","","","","","","","","","","","","","","","","","","","","","","",11.9,1,7.4,1,11.9,1,"","",12.2,1,"","","","","","","","","","","","","","","","","","","","",74,1,"","","","","","","","","","","","",10.3,1,"","","","","","","","","","","","","","","","","","","","","","","","","","","","","","","","","","","","","","","","","","","","","","","","","","","","","","","","","","","","","","","","","","","","","","","","","","","","","","","","","","","","","","","","","","","","","","","","","","","","","","","","","","","","","","","","","","","",""
"06163007","TENDE_SAPC",44.043167,7.586,636,2000091206,0.,1,"","","","","","","","","","","","","","","","","","","","","","","","","","","","","","","","","","",12.2,1,7.7,1,11.8,1,"","",12.2,1,"","","","","","","","","","","","","","","","","","","","",74,1,"","","","","","","","","","","","",10.5,1,"","","","","","","","","","","","","","","","","","","","","","","","","","","","","","","","","","","","","","","","","","","","","","","","","","","","","","","","","","","","","","","","","","","","","","","","","","","","","","","","","","","","","","","","","","","","","","","","","","","","","","","","","","","","","","","","","","","",""
"06163007","TENDE_SAPC",44.043167,7.586,636,2000091207,0.,1,"","","","","","","","","","","","","","","","","","","","","","","","","","","","","","","","","","",12.6,1,8.3,1,12.1,1,"","",12.6,1,"","","","","","","","","","","","","","","","","","","","",75,1,"","","","","","","","","","","","",10.9,1,"","","","","","","","","","","","","","","","","","","","","","","","","","","","","","","","","","","","","","","","","","","","","","","","","","","","","","","","","","","","","","","","","","","","","","","","","","","","","","","","","","","","","","","","","","","","","","","","","","","","","","","","","","","","","","","","","","","",""
"06163007","TENDE_SAPC",44.043167,7.586,636,2000091208,0.,1,"","","","","","","","","","","","","","","","","","","","","","","","","","","","","","","","","","",13.4,1,9.1,1,12.6,1,"","",13.4,1,"","","","","","","","","","","","","","","","","","","","",75,1,"","","","","","","","","","","","",11.5,1,"","","","","","","","","","","","","","","","","","","","","","","","","","","","","","","","","","","","","","","","","","","","","","","","","","","","","","","","","","","","","","","","","","","","","","","","","","","","","","","","","","","","","","","","","","","","","","","","","","","","","","","","","","","","","","","","","","","",""
"06163007","TENDE_SAPC",44.043167,7.586,636,2000091209,0.,1,"","","","","","","","","","","","","","","","","","","","","","","","","","","","","","","","","","",21.3,1,8.2,1,13.4,1,"","",21.3,1,"","","","","","","","","","","","","","","","","","","","",43,1,"","","","","","","","","","","","",10.9,1,"","","","","","","","","","","","","","","","","","","","","","","","","","","","","","","","","","","","","","","","","","","","","","","","","","","","","","","","","","","","","","","","","","","","","","","","","","","","","","","","","","","","","","","","","","","","","","","","","","","","","","","","","","","","","","","","","","","",""
"06163007","TENDE_SAPC",44.043167,7.586,636,2000091210,0.,1,"","","","","","","","","","","","","","","","","","","","","","","","","","","","","","","","","","",24.5,1,7.6,1,21.4,1,"","",24.5,1,"","","","","","","","","","","","","","","","","","","","",34,1,"","","","","","","","","","","","",10.4,1,"","","","","","","","","","","","","","","","","","","","","","","","","","","","","","","","","","","","","","","","","","","","","","","","","","","","","","","","","","","","","","","","","","","","","","","","","","","","","","","","","","","","","","","","","","","","","","","","","","","","","","","","","","","","","","","","","","","",""
"06163007","TENDE_SAPC",44.043167,7.586,636,2000091211,0.,1,"","","","","","","","","","","","","","","","","","","","","","","","","","","","","","","","","","",25.7,1,7.3,1,24.5,1,"","",25.7,1,"","","","","","","","","","","","","","","","","","","","",31,1,"","","","","","","","","","","","",10.2,1,"","","","","","","","","","","","","","","","","","","","","","","","","","","","","","","","","","","","","","","","","","","","","","","","","","","","","","","","","","","","","","","","","","","","","","","","","","","","","","","","","","","","","","","","","","","","","","","","","","","","","","","","","","","","","","","","","","","",""
"06163007","TENDE_SAPC",44.043167,7.586,636,2000091212,0.,1,"","","","","","","","","","","","","","","","","","","","","","","","","","","","","","","","","","",25.6,1,8.1,1,25.5,1,"","",25.7,1,"","","","","","","","","","","","","","","","","","","","",33,1,"","","","","","","","","","","","",10.8,1,"","","","","","","","","","","","","","","","","","","","","","","","","","","","","","","","","","","","","","","","","","","","","","","","","","","","","","","","","","","","","","","","","","","","","","","","","","","","","","","","","","","","","","","","","","","","","","","","","","","","","","","","","","","","","","","","","","","",""
"06163007","TENDE_SAPC",44.043167,7.586,636,2000091213,0.,1,"","","","","","","","","","","","","","","","","","","","","","","","","","","","","","","","","","",25.4,1,8.4,1,25.4,1,"","",25.7,1,"","","","","","","","","","","","","","","","","","","","",34,1,"","","","","","","","","","","","",11.,1,"","","","","","","","","","","","","","","","","","","","","","","","","","","","","","","","","","","","","","","","","","","","","","","","","","","","","","","","","","","","","","","","","","","","","","","","","","","","","","","","","","","","","","","","","","","","","","","","","","","","","","","","","","","","","","","","","","","",""
"06163007","TENDE_SAPC",44.043167,7.586,636,2000091214,0.,1,"","","","","","","","","","","","","","","","","","","","","","","","","","","","","","","","","","",24.7,1,8.6,1,24.6,1,"","",25.5,1,"","","","","","","","","","","","","","","","","","","","",36,1,"","","","","","","","","","","","",11.2,1,"","","","","","","","","","","","","","","","","","","","","","","","","","","","","","","","","","","","","","","","","","","","","","","","","","","","","","","","","","","","","","","","","","","","","","","","","","","","","","","","","","","","","","","","","","","","","","","","","","","","","","","","","","","","","","","","","","","",""
"06163007","TENDE_SAPC",44.043167,7.586,636,2000091215,0.,1,"","","","","","","","","","","","","","","","","","","","","","","","","","","","","","","","","","",23.8,1,9.4,1,23.7,1,"","",24.7,1,"","","","","","","","","","","","","","","","","","","","",40,1,"","","","","","","","","","","","",11.8,1,"","","","","","","","","","","","","","","","","","","","","","","","","","","","","","","","","","","","","","","","","","","","","","","","","","","","","","","","","","","","","","","","","","","","","","","","","","","","","","","","","","","","","","","","","","","","","","","","","","","","","","","","","","","","","","","","","","","",""
"06163007","TENDE_SAPC",44.043167,7.586,636,2000091216,0.,1,"","","","","","","","","","","","","","","","","","","","","","","","","","","","","","","","","","",22.4,1,9.9,1,22.4,1,"","",23.8,1,"","","","","","","","","","","","","","","","","","","","",45,1,"","","","","","","","","","","","",12.2,1,"","","","","","","","","","","","","","","","","","","","","","","","","","","","","","","","","","","","","","","","","","","","","","","","","","","","","","","","","","","","","","","","","","","","","","","","","","","","","","","","","","","","","","","","","","","","","","","","","","","","","","","","","","","","","","","","","","","",""
"06163007","TENDE_SAPC",44.043167,7.586,636,2000091217,0.,1,"","","","","","","","","","","","","","","","","","","","","","","","","","","","","","","","","","",21.6,1,10.1,1,21.6,1,"","",22.4,1,"","","","","","","","","","","","","","","","","","","","",48,1,"","","","","","","","","","","","",12.4,1,"","","","","","","","","","","","","","","","","","","","","","","","","","","","","","","","","","","","","","","","","","","","","","","","","","","","","","","","","","","","","","","","","","","","","","","","","","","","","","","","","","","","","","","","","","","","","","","","","","","","","","","","","","","","","","","","","","","",""
"06163007","TENDE_SAPC",44.043167,7.586,636,2000091218,0.,1,"","","","","","","","","","","","","","","","","","","","","","","","","","","","","","","","","","",20.,1,11.,1,20.,1,"","",21.6,1,"","","","","","","","","","","","","","","","","","","","",56,1,"","","","","","","","","","","","",13.1,1,"","","","","","","","","","","","","","","","","","","","","","","","","","","","","","","","","","","","","","","","","","","","","","","","","","","","","","","","","","","","","","","","","","","","","","","","","","","","","","","","","","","","","","","","","","","","","","","","","","","","","","","","","","","","","","","","","","","",""
"06163007","TENDE_SAPC",44.043167,7.586,636,2000091219,0.,1,"","","","","","","","","","","","","","","","","","","","","","","","","","","","","","","","","","",17.6,1,10.9,1,17.6,1,"","",20.,1,"","","","","","","","","","","","","","","","","","","","",65,1,"","","","","","","","","","","","",13.1,1,"","","","","","","","","","","","","","","","","","","","","","","","","","","","","","","","","","","","","","","","","","","","","","","","","","","","","","","","","","","","","","","","","","","","","","","","","","","","","","","","","","","","","","","","","","","","","","","","","","","","","","","","","","","","","","","","","","","",""
"06163007","TENDE_SAPC",44.043167,7.586,636,2000091220,0.,1,"","","","","","","","","","","","","","","","","","","","","","","","","","","","","","","","","","",15.6,1,10.6,1,15.6,1,"","",17.6,1,"","","","","","","","","","","","","","","","","","","","",72,1,"","","","","","","","","","","","",12.7,1,"","","","","","","","","","","","","","","","","","","","","","","","","","","","","","","","","","","","","","","","","","","","","","","","","","","","","","","","","","","","","","","","","","","","","","","","","","","","","","","","","","","","","","","","","","","","","","","","","","","","","","","","","","","","","","","","","","","",""
"06163007","TENDE_SAPC",44.043167,7.586,636,2000091221,0.,1,"","","","","","","","","","","","","","","","","","","","","","","","","","","","","","","","","","",14.7,1,10.1,1,14.7,1,"","",15.5,1,"","","","","","","","","","","","","","","","","","","","",74,1,"","","","","","","","","","","","",12.4,1,"","","","","","","","","","","","","","","","","","","","","","","","","","","","","","","","","","","","","","","","","","","","","","","","","","","","","","","","","","","","","","","","","","","","","","","","","","","","","","","","","","","","","","","","","","","","","","","","","","","","","","","","","","","","","","","","","","","",""
"06163007","TENDE_SAPC",44.043167,7.586,636,2000091222,0.,1,"","","","","","","","","","","","","","","","","","","","","","","","","","","","","","","","","","",14.4,1,9.8,1,14.4,1,"","",14.7,1,"","","","","","","","","","","","","","","","","","","","",74,1,"","","","","","","","","","","","",12.1,1,"","","","","","","","","","","","","","","","","","","","","","","","","","","","","","","","","","","","","","","","","","","","","","","","","","","","","","","","","","","","","","","","","","","","","","","","","","","","","","","","","","","","","","","","","","","","","","","","","","","","","","","","","","","","","","","","","","","",""
"06163007","TENDE_SAPC",44.043167,7.586,636,2000091223,0.,1,"","","","","","","","","","","","","","","","","","","","","","","","","","","","","","","","","","",14.4,1,9.4,1,14.3,1,"","",14.8,1,"","","","","","","","","","","","","","","","","","","","",72,1,"","","","","","","","","","","","",11.8,1,"","","","","","","","","","","","","","","","","","","","","","","","","","","","","","","","","","","","","","","","","","","","","","","","","","","","","","","","","","","","","","","","","","","","","","","","","","","","","","","","","","","","","","","","","","","","","","","","","","","","","","","","","","","","","","","","","","","",""
"06163007","TENDE_SAPC",44.043167,7.586,636,2000091300,0.,1,"","","","","","","","","","","","","","","","","","","","","","","","","","","","","","","","","","",13.1,1,9.3,1,13.1,1,"","",14.4,1,"","","","","","","","","","","","","","","","","","","","",78,1,"","","","","","","","","","","","",11.7,1,"","","","","","","","","","","","","","","","","","","","","","","","","","","","","","","","","","","","","","","","","","","","","","","","","","","","","","","","","","","","","","","","","","","","","","","","","","","","","","","","","","","","","","","","","","","","","","","","","","","","","","","","","","","","","","","","","","","",""
"06163007","TENDE_SAPC",44.043167,7.586,636,2000091301,0.,1,"","","","","","","","","","","","","","","","","","","","","","","","","","","","","","","","","","",12.7,1,9.1,1,12.7,1,"","",13.1,1,"","","","","","","","","","","","","","","","","","","","",79,1,"","","","","","","","","","","","",11.6,1,"","","","","","","","","","","","","","","","","","","","","","","","","","","","","","","","","","","","","","","","","","","","","","","","","","","","","","","","","","","","","","","","","","","","","","","","","","","","","","","","","","","","","","","","","","","","","","","","","","","","","","","","","","","","","","","","","","","",""
"06163007","TENDE_SAPC",44.043167,7.586,636,2000091302,0.,1,"","","","","","","","","","","","","","","","","","","","","","","","","","","","","","","","","","",12.7,1,9.,1,12.5,1,"","",12.9,1,"","","","","","","","","","","","","","","","","","","","",78,1,"","","","","","","","","","","","",11.4,1,"","","","","","","","","","","","","","","","","","","","","","","","","","","","","","","","","","","","","","","","","","","","","","","","","","","","","","","","","","","","","","","","","","","","","","","","","","","","","","","","","","","","","","","","","","","","","","","","","","","","","","","","","","","","","","","","","","","",""
"06163007","TENDE_SAPC",44.043167,7.586,636,2000091303,0.,1,"","","","","","","","","","","","","","","","","","","","","","","","","","","","","","","","","","",12.,1,8.7,1,12.,1,"","",12.7,1,"","","","","","","","","","","","","","","","","","","","",80,1,"","","","","","","","","","","","",11.2,1,"","","","","","","","","","","","","","","","","","","","","","","","","","","","","","","","","","","","","","","","","","","","","","","","","","","","","","","","","","","","","","","","","","","","","","","","","","","","","","","","","","","","","","","","","","","","","","","","","","","","","","","","","","","","","","","","","","","",""
"06163007","TENDE_SAPC",44.043167,7.586,636,2000091304,0.,1,"","","","","","","","","","","","","","","","","","","","","","","","","","","","","","","","","","",12.1,1,8.6,1,11.8,1,"","",12.2,1,"","","","","","","","","","","","","","","","","","","","",79,1,"","","","","","","","","","","","",11.1,1,"","","","","","","","","","","","","","","","","","","","","","","","","","","","","","","","","","","","","","","","","","","","","","","","","","","","","","","","","","","","","","","","","","","","","","","","","","","","","","","","","","","","","","","","","","","","","","","","","","","","","","","","","","","","","","","","","","","",""
"06163007","TENDE_SAPC",44.043167,7.586,636,2000091305,0.,1,"","","","","","","","","","","","","","","","","","","","","","","","","","","","","","","","","","",11.6,1,8.4,1,11.6,1,"","",12.1,1,"","","","","","","","","","","","","","","","","","","","",81,1,"","","","","","","","","","","","",11.,1,"","","","","","","","","","","","","","","","","","","","","","","","","","","","","","","","","","","","","","","","","","","","","","","","","","","","","","","","","","","","","","","","","","","","","","","","","","","","","","","","","","","","","","","","","","","","","","","","","","","","","","","","","","","","","","","","","","","",""
"06163007","TENDE_SAPC",44.043167,7.586,636,2000091306,0.,1,"","","","","","","","","","","","","","","","","","","","","","","","","","","","","","","","","","",11.3,1,8.2,1,11.3,1,"","",11.6,1,"","","","","","","","","","","","","","","","","","","","",81,1,"","","","","","","","","","","","",10.8,1,"","","","","","","","","","","","","","","","","","","","","","","","","","","","","","","","","","","","","","","","","","","","","","","","","","","","","","","","","","","","","","","","","","","","","","","","","","","","","","","","","","","","","","","","","","","","","","","","","","","","","","","","","","","","","","","","","","","",""
"06163007","TENDE_SAPC",44.043167,7.586,636,2000091307,0.,1,"","","","","","","","","","","","","","","","","","","","","","","","","","","","","","","","","","",12.,1,8.5,1,11.3,1,"","",12.,1,"","","","","","","","","","","","","","","","","","","","",79,1,"","","","","","","","","","","","",11.1,1,"","","","","","","","","","","","","","","","","","","","","","","","","","","","","","","","","","","","","","","","","","","","","","","","","","","","","","","","","","","","","","","","","","","","","","","","","","","","","","","","","","","","","","","","","","","","","","","","","","","","","","","","","","","","","","","","","","","",""
"06163007","TENDE_SAPC",44.043167,7.586,636,2000091308,0.,1,"","","","","","","","","","","","","","","","","","","","","","","","","","","","","","","","","","",12.7,1,9.3,1,12.,1,"","",12.7,1,"","","","","","","","","","","","","","","","","","","","",80,1,"","","","","","","","","","","","",11.7,1,"","","","","","","","","","","","","","","","","","","","","","","","","","","","","","","","","","","","","","","","","","","","","","","","","","","","","","","","","","","","","","","","","","","","","","","","","","","","","","","","","","","","","","","","","","","","","","","","","","","","","","","","","","","","","","","","","","","",""
"06163007","TENDE_SAPC",44.043167,7.586,636,2000091309,0.,1,"","","","","","","","","","","","","","","","","","","","","","","","","","","","","","","","","","",19.7,1,7.7,1,12.7,1,"","",19.7,1,"","","","","","","","","","","","","","","","","","","","",46,1,"","","","","","","","","","","","",10.5,1,"","","","","","","","","","","","","","","","","","","","","","","","","","","","","","","","","","","","","","","","","","","","","","","","","","","","","","","","","","","","","","","","","","","","","","","","","","","","","","","","","","","","","","","","","","","","","","","","","","","","","","","","","","","","","","","","","","","",""
"06163007","TENDE_SAPC",44.043167,7.586,636,2000091310,0.,1,"","","","","","","","","","","","","","","","","","","","","","","","","","","","","","","","","","",22.5,1,7.8,1,19.8,1,"","",22.5,1,"","","","","","","","","","","","","","","","","","","","",39,1,"","","","","","","","","","","","",10.6,1,"","","","","","","","","","","","","","","","","","","","","","","","","","","","","","","","","","","","","","","","","","","","","","","","","","","","","","","","","","","","","","","","","","","","","","","","","","","","","","","","","","","","","","","","","","","","","","","","","","","","","","","","","","","","","","","","","","","",""
"06163007","TENDE_SAPC",44.043167,7.586,636,2000091311,0.,1,"","","","","","","","","","","","","","","","","","","","","","","","","","","","","","","","","","",23.6,1,8.8,1,22.5,1,"","",23.6,1,"","","","","","","","","","","","","","","","","","","","",39,1,"","","","","","","","","","","","",11.3,1,"","","","","","","","","","","","","","","","","","","","","","","","","","","","","","","","","","","","","","","","","","","","","","","","","","","","","","","","","","","","","","","","","","","","","","","","","","","","","","","","","","","","","","","","","","","","","","","","","","","","","","","","","","","","","","","","","","","",""
"06163007","TENDE_SAPC",44.043167,7.586,636,2000091312,0.,1,"","","","","","","","","","","","","","","","","","","","","","","","","","","","","","","","","","",24.3,1,9.5,1,23.6,1,"","",24.4,1,"","","","","","","","","","","","","","","","","","","","",39,1,"","","","","","","","","","","","",11.8,1,"","","","","","","","","","","","","","","","","","","","","","","","","","","","","","","","","","","","","","","","","","","","","","","","","","","","","","","","","","","","","","","","","","","","","","","","","","","","","","","","","","","","","","","","","","","","","","","","","","","","","","","","","","","","","","","","","","","",""
"06163007","TENDE_SAPC",44.043167,7.586,636,2000091313,0.,1,"","","","","","","","","","","","","","","","","","","","","","","","","","","","","","","","","","",24.,1,10.3,1,23.9,1,"","",24.5,1,"","","","","","","","","","","","","","","","","","","","",42,1,"","","","","","","","","","","","",12.5,1,"","","","","","","","","","","","","","","","","","","","","","","","","","","","","","","","","","","","","","","","","","","","","","","","","","","","","","","","","","","","","","","","","","","","","","","","","","","","","","","","","","","","","","","","","","","","","","","","","","","","","","","","","","","","","","","","","","","",""
"06163007","TENDE_SAPC",44.043167,7.586,636,2000091314,0.,1,"","","","","","","","","","","","","","","","","","","","","","","","","","","","","","","","","","",23.7,1,10.7,1,23.4,1,"","",24.2,1,"","","","","","","","","","","","","","","","","","","","",44,1,"","","","","","","","","","","","",12.9,1,"","","","","","","","","","","","","","","","","","","","","","","","","","","","","","","","","","","","","","","","","","","","","","","","","","","","","","","","","","","","","","","","","","","","","","","","","","","","","","","","","","","","","","","","","","","","","","","","","","","","","","","","","","","","","","","","","","","",""
"06163007","TENDE_SAPC",44.043167,7.586,636,2000091315,0.,1,"","","","","","","","","","","","","","","","","","","","","","","","","","","","","","","","","","",22.4,1,12.1,1,22.4,1,"","",23.7,1,"","","","","","","","","","","","","","","","","","","","",52,1,"","","","","","","","","","","","",14.1,1,"","","","","","","","","","","","","","","","","","","","","","","","","","","","","","","","","","","","","","","","","","","","","","","","","","","","","","","","","","","","","","","","","","","","","","","","","","","","","","","","","","","","","","","","","","","","","","","","","","","","","","","","","","","","","","","","","","","",""
"06163007","TENDE_SAPC",44.043167,7.586,636,2000091316,0.,1,"","","","","","","","","","","","","","","","","","","","","","","","","","","","","","","","","","",21.1,1,12.2,1,21.1,1,"","",22.4,1,"","","","","","","","","","","","","","","","","","","","",57,1,"","","","","","","","","","","","",14.2,1,"","","","","","","","","","","","","","","","","","","","","","","","","","","","","","","","","","","","","","","","","","","","","","","","","","","","","","","","","","","","","","","","","","","","","","","","","","","","","","","","","","","","","","","","","","","","","","","","","","","","","","","","","","","","","","","","","","","",""
"06163007","TENDE_SAPC",44.043167,7.586,636,2000091317,0.,1,"","","","","","","","","","","","","","","","","","","","","","","","","","","","","","","","","","",19.7,1,12.7,1,19.7,1,"","",21.1,1,"","","","","","","","","","","","","","","","","","","","",64,1,"","","","","","","","","","","","",14.7,1,"","","","","","","","","","","","","","","","","","","","","","","","","","","","","","","","","","","","","","","","","","","","","","","","","","","","","","","","","","","","","","","","","","","","","","","","","","","","","","","","","","","","","","","","","","","","","","","","","","","","","","","","","","","","","","","","","","","",""
"06163007","TENDE_SAPC",44.043167,7.586,636,2000091318,0.,1,"","","","","","","","","","","","","","","","","","","","","","","","","","","","","","","","","","",18.,1,13.3,1,18.,1,"","",19.7,1,"","","","","","","","","","","","","","","","","","","","",74,1,"","","","","","","","","","","","",15.2,1,"","","","","","","","","","","","","","","","","","","","","","","","","","","","","","","","","","","","","","","","","","","","","","","","","","","","","","","","","","","","","","","","","","","","","","","","","","","","","","","","","","","","","","","","","","","","","","","","","","","","","","","","","","","","","","","","","","","",""
"06163007","TENDE_SAPC",44.043167,7.586,636,2000091319,0.,1,"","","","","","","","","","","","","","","","","","","","","","","","","","","","","","","","","","",17.1,1,13.4,1,17.1,1,"","",18.,1,"","","","","","","","","","","","","","","","","","","","",79,1,"","","","","","","","","","","","",15.4,1,"","","","","","","","","","","","","","","","","","","","","","","","","","","","","","","","","","","","","","","","","","","","","","","","","","","","","","","","","","","","","","","","","","","","","","","","","","","","","","","","","","","","","","","","","","","","","","","","","","","","","","","","","","","","","","","","","","","",""
"06163007","TENDE_SAPC",44.043167,7.586,636,2000091320,0.,1,"","","","","","","","","","","","","","","","","","","","","","","","","","","","","","","","","","",16.6,1,12.3,1,16.5,1,"","",17.1,1,"","","","","","","","","","","","","","","","","","","","",76,1,"","","","","","","","","","","","",14.3,1,"","","","","","","","","","","","","","","","","","","","","","","","","","","","","","","","","","","","","","","","","","","","","","","","","","","","","","","","","","","","","","","","","","","","","","","","","","","","","","","","","","","","","","","","","","","","","","","","","","","","","","","","","","","","","","","","","","","",""
"06163007","TENDE_SAPC",44.043167,7.586,636,2000091321,0.,1,"","","","","","","","","","","","","","","","","","","","","","","","","","","","","","","","","","",16.9,1,12.2,1,16.6,1,"","",16.9,1,"","","","","","","","","","","","","","","","","","","","",74,1,"","","","","","","","","","","","",14.2,1,"","","","","","","","","","","","","","","","","","","","","","","","","","","","","","","","","","","","","","","","","","","","","","","","","","","","","","","","","","","","","","","","","","","","","","","","","","","","","","","","","","","","","","","","","","","","","","","","","","","","","","","","","","","","","","","","","","","",""
"06163007","TENDE_SAPC",44.043167,7.586,636,2000091322,0.,1,"","","","","","","","","","","","","","","","","","","","","","","","","","","","","","","","","","",16.6,1,11.9,1,16.6,1,"","",16.9,1,"","","","","","","","","","","","","","","","","","","","",74,1,"","","","","","","","","","","","",13.9,1,"","","","","","","","","","","","","","","","","","","","","","","","","","","","","","","","","","","","","","","","","","","","","","","","","","","","","","","","","","","","","","","","","","","","","","","","","","","","","","","","","","","","","","","","","","","","","","","","","","","","","","","","","","","","","","","","","","","",""
"06163007","TENDE_SAPC",44.043167,7.586,636,2000091323,0.,1,"","","","","","","","","","","","","","","","","","","","","","","","","","","","","","","","","","",16.6,1,11.1,1,16.6,1,"","",16.6,1,"","","","","","","","","","","","","","","","","","","","",70,1,"","","","","","","","","","","","",13.2,1,"","","","","","","","","","","","","","","","","","","","","","","","","","","","","","","","","","","","","","","","","","","","","","","","","","","","","","","","","","","","","","","","","","","","","","","","","","","","","","","","","","","","","","","","","","","","","","","","","","","","","","","","","","","","","","","","","","","",""
"06163007","TENDE_SAPC",44.043167,7.586,636,2000091400,0.,1,"","","","","","","","","","","","","","","","","","","","","","","","","","","","","","","","","","",16.5,1,10.6,1,16.5,1,"","",16.6,1,"","","","","","","","","","","","","","","","","","","","",68,1,"","","","","","","","","","","","",12.7,1,"","","","","","","","","","","","","","","","","","","","","","","","","","","","","","","","","","","","","","","","","","","","","","","","","","","","","","","","","","","","","","","","","","","","","","","","","","","","","","","","","","","","","","","","","","","","","","","","","","","","","","","","","","","","","","","","","","","",""
"06163007","TENDE_SAPC",44.043167,7.586,636,2000091401,0.,1,"","","","","","","","","","","","","","","","","","","","","","","","","","","","","","","","","","",16.7,1,10.8,1,16.5,1,"","",16.7,1,"","","","","","","","","","","","","","","","","","","","",68,1,"","","","","","","","","","","","",12.9,1,"","","","","","","","","","","","","","","","","","","","","","","","","","","","","","","","","","","","","","","","","","","","","","","","","","","","","","","","","","","","","","","","","","","","","","","","","","","","","","","","","","","","","","","","","","","","","","","","","","","","","","","","","","","","","","","","","","","",""
"06163007","TENDE_SAPC",44.043167,7.586,636,2000091402,0.,1,"","","","","","","","","","","","","","","","","","","","","","","","","","","","","","","","","","",16.2,1,9.8,1,16.2,1,"","",16.9,1,"","","","","","","","","","","","","","","","","","","","",66,1,"","","","","","","","","","","","",12.1,1,"","","","","","","","","","","","","","","","","","","","","","","","","","","","","","","","","","","","","","","","","","","","","","","","","","","","","","","","","","","","","","","","","","","","","","","","","","","","","","","","","","","","","","","","","","","","","","","","","","","","","","","","","","","","","","","","","","","",""
"06163007","TENDE_SAPC",44.043167,7.586,636,2000091403,0.,1,"","","","","","","","","","","","","","","","","","","","","","","","","","","","","","","","","","",15.1,1,9.9,1,15.1,1,"","",16.2,1,"","","","","","","","","","","","","","","","","","","","",71,1,"","","","","","","","","","","","",12.2,1,"","","","","","","","","","","","","","","","","","","","","","","","","","","","","","","","","","","","","","","","","","","","","","","","","","","","","","","","","","","","","","","","","","","","","","","","","","","","","","","","","","","","","","","","","","","","","","","","","","","","","","","","","","","","","","","","","","","",""
"06163007","TENDE_SAPC",44.043167,7.586,636,2000091404,0.,1,"","","","","","","","","","","","","","","","","","","","","","","","","","","","","","","","","","",14.8,1,9.6,1,14.6,1,"","",15.1,1,"","","","","","","","","","","","","","","","","","","","",71,1,"","","","","","","","","","","","",11.9,1,"","","","","","","","","","","","","","","","","","","","","","","","","","","","","","","","","","","","","","","","","","","","","","","","","","","","","","","","","","","","","","","","","","","","","","","","","","","","","","","","","","","","","","","","","","","","","","","","","","","","","","","","","","","","","","","","","","","",""
"06163007","TENDE_SAPC",44.043167,7.586,636,2000091405,0.,1,"","","","","","","","","","","","","","","","","","","","","","","","","","","","","","","","","","",15.7,1,9.6,1,14.8,1,"","",15.8,1,"","","","","","","","","","","","","","","","","","","","",67,1,"","","","","","","","","","","","",11.9,1,"","","","","","","","","","","","","","","","","","","","","","","","","","","","","","","","","","","","","","","","","","","","","","","","","","","","","","","","","","","","","","","","","","","","","","","","","","","","","","","","","","","","","","","","","","","","","","","","","","","","","","","","","","","","","","","","","","","",""
"06163007","TENDE_SAPC",44.043167,7.586,636,2000091406,0.,1,"","","","","","","","","","","","","","","","","","","","","","","","","","","","","","","","","","",15.6,1,9.5,1,15.5,1,"","",15.7,1,"","","","","","","","","","","","","","","","","","","","",67,1,"","","","","","","","","","","","",11.8,1,"","","","","","","","","","","","","","","","","","","","","","","","","","","","","","","","","","","","","","","","","","","","","","","","","","","","","","","","","","","","","","","","","","","","","","","","","","","","","","","","","","","","","","","","","","","","","","","","","","","","","","","","","","","","","","","","","","","",""
"06163007","TENDE_SAPC",44.043167,7.586,636,2000091407,0.,1,"","","","","","","","","","","","","","","","","","","","","","","","","","","","","","","","","","",16.3,1,9.9,1,15.6,1,"","",16.3,1,"","","","","","","","","","","","","","","","","","","","",66,1,"","","","","","","","","","","","",12.2,1,"","","","","","","","","","","","","","","","","","","","","","","","","","","","","","","","","","","","","","","","","","","","","","","","","","","","","","","","","","","","","","","","","","","","","","","","","","","","","","","","","","","","","","","","","","","","","","","","","","","","","","","","","","","","","","","","","","","",""
"06163007","TENDE_SAPC",44.043167,7.586,636,2000091408,0.,1,"","","","","","","","","","","","","","","","","","","","","","","","","","","","","","","","","","",17.4,1,10.5,1,16.3,1,"","",17.4,1,"","","","","","","","","","","","","","","","","","","","",64,1,"","","","","","","","","","","","",12.7,1,"","","","","","","","","","","","","","","","","","","","","","","","","","","","","","","","","","","","","","","","","","","","","","","","","","","","","","","","","","","","","","","","","","","","","","","","","","","","","","","","","","","","","","","","","","","","","","","","","","","","","","","","","","","","","","","","","","","",""
"06163007","TENDE_SAPC",44.043167,7.586,636,2000091409,0.,1,"","","","","","","","","","","","","","","","","","","","","","","","","","","","","","","","","","",20.9,1,10.4,1,17.4,1,"","",20.9,1,"","","","","","","","","","","","","","","","","","","","",51,1,"","","","","","","","","","","","",12.6,1,"","","","","","","","","","","","","","","","","","","","","","","","","","","","","","","","","","","","","","","","","","","","","","","","","","","","","","","","","","","","","","","","","","","","","","","","","","","","","","","","","","","","","","","","","","","","","","","","","","","","","","","","","","","","","","","","","","","",""
"06163007","TENDE_SAPC",44.043167,7.586,636,2000091410,0.,1,"","","","","","","","","","","","","","","","","","","","","","","","","","","","","","","","","","",22.2,1,10.3,1,21.,1,"","",22.2,1,"","","","","","","","","","","","","","","","","","","","",47,1,"","","","","","","","","","","","",12.5,1,"","","","","","","","","","","","","","","","","","","","","","","","","","","","","","","","","","","","","","","","","","","","","","","","","","","","","","","","","","","","","","","","","","","","","","","","","","","","","","","","","","","","","","","","","","","","","","","","","","","","","","","","","","","","","","","","","","","",""
"06163007","TENDE_SAPC",44.043167,7.586,636,2000091411,0.,1,"","","","","","","","","","","","","","","","","","","","","","","","","","","","","","","","","","",23.5,1,10.5,1,22.3,1,"","",23.5,1,"","","","","","","","","","","","","","","","","","","","",44,1,"","","","","","","","","","","","",12.7,1,"","","","","","","","","","","","","","","","","","","","","","","","","","","","","","","","","","","","","","","","","","","","","","","","","","","","","","","","","","","","","","","","","","","","","","","","","","","","","","","","","","","","","","","","","","","","","","","","","","","","","","","","","","","","","","","","","","","",""
"06163007","TENDE_SAPC",44.043167,7.586,636,2000091412,0.,1,"","","","","","","","","","","","","","","","","","","","","","","","","","","","","","","","","","",23.4,1,11.4,1,22.9,1,"","",23.5,1,"","","","","","","","","","","","","","","","","","","","",47,1,"","","","","","","","","","","","",13.5,1,"","","","","","","","","","","","","","","","","","","","","","","","","","","","","","","","","","","","","","","","","","","","","","","","","","","","","","","","","","","","","","","","","","","","","","","","","","","","","","","","","","","","","","","","","","","","","","","","","","","","","","","","","","","","","","","","","","","",""
"06163007","TENDE_SAPC",44.043167,7.586,636,2000091413,0.,1,"","","","","","","","","","","","","","","","","","","","","","","","","","","","","","","","","","",23.7,1,11.7,1,23.3,1,"","",23.8,1,"","","","","","","","","","","","","","","","","","","","",47,1,"","","","","","","","","","","","",13.7,1,"","","","","","","","","","","","","","","","","","","","","","","","","","","","","","","","","","","","","","","","","","","","","","","","","","","","","","","","","","","","","","","","","","","","","","","","","","","","","","","","","","","","","","","","","","","","","","","","","","","","","","","","","","","","","","","","","","","",""
"06163007","TENDE_SAPC",44.043167,7.586,636,2000091414,0.,1,"","","","","","","","","","","","","","","","","","","","","","","","","","","","","","","","","","",22.2,1,12.7,1,22.2,1,"","",23.9,1,"","","","","","","","","","","","","","","","","","","","",55,1,"","","","","","","","","","","","",14.7,1,"","","","","","","","","","","","","","","","","","","","","","","","","","","","","","","","","","","","","","","","","","","","","","","","","","","","","","","","","","","","","","","","","","","","","","","","","","","","","","","","","","","","","","","","","","","","","","","","","","","","","","","","","","","","","","","","","","","",""
"06163007","TENDE_SAPC",44.043167,7.586,636,2000091415,0.,1,"","","","","","","","","","","","","","","","","","","","","","","","","","","","","","","","","","",21.2,1,13.4,1,21.2,1,"","",22.1,1,"","","","","","","","","","","","","","","","","","","","",61,1,"","","","","","","","","","","","",15.3,1,"","","","","","","","","","","","","","","","","","","","","","","","","","","","","","","","","","","","","","","","","","","","","","","","","","","","","","","","","","","","","","","","","","","","","","","","","","","","","","","","","","","","","","","","","","","","","","","","","","","","","","","","","","","","","","","","","","","",""
"06163007","TENDE_SAPC",44.043167,7.586,636,2000091416,0.,1,"","","","","","","","","","","","","","","","","","","","","","","","","","","","","","","","","","",20.5,1,13.5,1,20.5,1,"","",21.2,1,"","","","","","","","","","","","","","","","","","","","",64,1,"","","","","","","","","","","","",15.4,1,"","","","","","","","","","","","","","","","","","","","","","","","","","","","","","","","","","","","","","","","","","","","","","","","","","","","","","","","","","","","","","","","","","","","","","","","","","","","","","","","","","","","","","","","","","","","","","","","","","","","","","","","","","","","","","","","","","","",""
"06163007","TENDE_SAPC",44.043167,7.586,636,2000091417,0.,1,"","","","","","","","","","","","","","","","","","","","","","","","","","","","","","","","","","",20.1,1,13.5,1,20.1,1,"","",20.5,1,"","","","","","","","","","","","","","","","","","","","",66,1,"","","","","","","","","","","","",15.5,1,"","","","","","","","","","","","","","","","","","","","","","","","","","","","","","","","","","","","","","","","","","","","","","","","","","","","","","","","","","","","","","","","","","","","","","","","","","","","","","","","","","","","","","","","","","","","","","","","","","","","","","","","","","","","","","","","","","","",""
"06163007","TENDE_SAPC",44.043167,7.586,636,2000091418,0.,1,"","","","","","","","","","","","","","","","","","","","","","","","","","","","","","","","","","",19.3,1,13.7,1,19.3,1,"","",20.1,1,"","","","","","","","","","","","","","","","","","","","",70,1,"","","","","","","","","","","","",15.6,1,"","","","","","","","","","","","","","","","","","","","","","","","","","","","","","","","","","","","","","","","","","","","","","","","","","","","","","","","","","","","","","","","","","","","","","","","","","","","","","","","","","","","","","","","","","","","","","","","","","","","","","","","","","","","","","","","","","","",""
"06163007","TENDE_SAPC",44.043167,7.586,636,2000091419,0.,1,"","","","","","","","","","","","","","","","","","","","","","","","","","","","","","","","","","",18.8,1,14.1,1,18.8,1,"","",19.3,1,"","","","","","","","","","","","","","","","","","","","",74,1,"","","","","","","","","","","","",16.,1,"","","","","","","","","","","","","","","","","","","","","","","","","","","","","","","","","","","","","","","","","","","","","","","","","","","","","","","","","","","","","","","","","","","","","","","","","","","","","","","","","","","","","","","","","","","","","","","","","","","","","","","","","","","","","","","","","","","",""
"06163007","TENDE_SAPC",44.043167,7.586,636,2000091420,0.,1,"","","","","","","","","","","","","","","","","","","","","","","","","","","","","","","","","","",18.7,1,14.4,1,18.7,1,"","",18.9,1,"","","","","","","","","","","","","","","","","","","","",76,1,"","","","","","","","","","","","",16.4,1,"","","","","","","","","","","","","","","","","","","","","","","","","","","","","","","","","","","","","","","","","","","","","","","","","","","","","","","","","","","","","","","","","","","","","","","","","","","","","","","","","","","","","","","","","","","","","","","","","","","","","","","","","","","","","","","","","","","",""
"06163007","TENDE_SAPC",44.043167,7.586,636,2000091421,0.,1,"","","","","","","","","","","","","","","","","","","","","","","","","","","","","","","","","","",18.,1,14.1,1,18.,1,"","",18.7,1,"","","","","","","","","","","","","","","","","","","","",78,1,"","","","","","","","","","","","",16.1,1,"","","","","","","","","","","","","","","","","","","","","","","","","","","","","","","","","","","","","","","","","","","","","","","","","","","","","","","","","","","","","","","","","","","","","","","","","","","","","","","","","","","","","","","","","","","","","","","","","","","","","","","","","","","","","","","","","","","",""
"06163007","TENDE_SAPC",44.043167,7.586,636,2000091422,0.,1,"","","","","","","","","","","","","","","","","","","","","","","","","","","","","","","","","","",17.3,1,14.,1,17.3,1,"","",18.,1,"","","","","","","","","","","","","","","","","","","","",81,1,"","","","","","","","","","","","",16.,1,"","","","","","","","","","","","","","","","","","","","","","","","","","","","","","","","","","","","","","","","","","","","","","","","","","","","","","","","","","","","","","","","","","","","","","","","","","","","","","","","","","","","","","","","","","","","","","","","","","","","","","","","","","","","","","","","","","","",""
"06163007","TENDE_SAPC",44.043167,7.586,636,2000091423,0.,1,"","","","","","","","","","","","","","","","","","","","","","","","","","","","","","","","","","",16.9,1,12.2,1,16.8,1,"","",17.3,1,"","","","","","","","","","","","","","","","","","","","",74,1,"","","","","","","","","","","","",14.2,1,"","","","","","","","","","","","","","","","","","","","","","","","","","","","","","","","","","","","","","","","","","","","","","","","","","","","","","","","","","","","","","","","","","","","","","","","","","","","","","","","","","","","","","","","","","","","","","","","","","","","","","","","","","","","","","","","","","","",""
"06163007","TENDE_SAPC",44.043167,7.586,636,2000091500,0.,1,"","","","","","","","","","","","","","","","","","","","","","","","","","","","","","","","","","",16.7,1,11.8,1,16.7,1,"","",17.,1,"","","","","","","","","","","","","","","","","","","","",73,1,"","","","","","","","","","","","",13.8,1,"","","","","","","","","","","","","","","","","","","","","","","","","","","","","","","","","","","","","","","","","","","","","","","","","","","","","","","","","","","","","","","","","","","","","","","","","","","","","","","","","","","","","","","","","","","","","","","","","","","","","","","","","","","","","","","","","","","",""
"06163007","TENDE_SAPC",44.043167,7.586,636,2000091501,0.,1,"","","","","","","","","","","","","","","","","","","","","","","","","","","","","","","","","","",16.6,1,10.7,1,16.5,1,"","",16.7,1,"","","","","","","","","","","","","","","","","","","","",68,1,"","","","","","","","","","","","",12.8,1,"","","","","","","","","","","","","","","","","","","","","","","","","","","","","","","","","","","","","","","","","","","","","","","","","","","","","","","","","","","","","","","","","","","","","","","","","","","","","","","","","","","","","","","","","","","","","","","","","","","","","","","","","","","","","","","","","","","",""
"06163007","TENDE_SAPC",44.043167,7.586,636,2000091502,0.,1,"","","","","","","","","","","","","","","","","","","","","","","","","","","","","","","","","","",16.2,1,10.5,1,16.,1,"","",16.9,1,"","","","","","","","","","","","","","","","","","","","",69,1,"","","","","","","","","","","","",12.7,1,"","","","","","","","","","","","","","","","","","","","","","","","","","","","","","","","","","","","","","","","","","","","","","","","","","","","","","","","","","","","","","","","","","","","","","","","","","","","","","","","","","","","","","","","","","","","","","","","","","","","","","","","","","","","","","","","","","","",""
"06163007","TENDE_SAPC",44.043167,7.586,636,2000091503,0.,1,"","","","","","","","","","","","","","","","","","","","","","","","","","","","","","","","","","",15.2,1,10.4,1,15.2,1,"","",16.2,1,"","","","","","","","","","","","","","","","","","","","",73,1,"","","","","","","","","","","","",12.6,1,"","","","","","","","","","","","","","","","","","","","","","","","","","","","","","","","","","","","","","","","","","","","","","","","","","","","","","","","","","","","","","","","","","","","","","","","","","","","","","","","","","","","","","","","","","","","","","","","","","","","","","","","","","","","","","","","","","","",""
"06163007","TENDE_SAPC",44.043167,7.586,636,2000091504,0.,1,"","","","","","","","","","","","","","","","","","","","","","","","","","","","","","","","","","",15.8,1,10.3,1,15.1,1,"","",15.8,1,"","","","","","","","","","","","","","","","","","","","",70,1,"","","","","","","","","","","","",12.5,1,"","","","","","","","","","","","","","","","","","","","","","","","","","","","","","","","","","","","","","","","","","","","","","","","","","","","","","","","","","","","","","","","","","","","","","","","","","","","","","","","","","","","","","","","","","","","","","","","","","","","","","","","","","","","","","","","","","","",""
"06163007","TENDE_SAPC",44.043167,7.586,636,2000091505,0.,1,"","","","","","","","","","","","","","","","","","","","","","","","","","","","","","","","","","",15.3,1,9.9,1,15.3,1,"","",16.,1,"","","","","","","","","","","","","","","","","","","","",70,1,"","","","","","","","","","","","",12.1,1,"","","","","","","","","","","","","","","","","","","","","","","","","","","","","","","","","","","","","","","","","","","","","","","","","","","","","","","","","","","","","","","","","","","","","","","","","","","","","","","","","","","","","","","","","","","","","","","","","","","","","","","","","","","","","","","","","","","",""
"06163007","TENDE_SAPC",44.043167,7.586,636,2000091506,0.,1,"","","","","","","","","","","","","","","","","","","","","","","","","","","","","","","","","","",14.1,1,9.9,1,14.1,1,"","",15.2,1,"","","","","","","","","","","","","","","","","","","","",76,1,"","","","","","","","","","","","",12.2,1,"","","","","","","","","","","","","","","","","","","","","","","","","","","","","","","","","","","","","","","","","","","","","","","","","","","","","","","","","","","","","","","","","","","","","","","","","","","","","","","","","","","","","","","","","","","","","","","","","","","","","","","","","","","","","","","","","","","",""
"06163007","TENDE_SAPC",44.043167,7.586,636,2000091507,0.,1,"","","","","","","","","","","","","","","","","","","","","","","","","","","","","","","","","","",14.8,1,10.8,1,14.,1,"","",14.8,1,"","","","","","","","","","","","","","","","","","","","",77,1,"","","","","","","","","","","","",12.9,1,"","","","","","","","","","","","","","","","","","","","","","","","","","","","","","","","","","","","","","","","","","","","","","","","","","","","","","","","","","","","","","","","","","","","","","","","","","","","","","","","","","","","","","","","","","","","","","","","","","","","","","","","","","","","","","","","","","","",""
"06163007","TENDE_SAPC",44.043167,7.586,636,2000091508,0.,1,"","","","","","","","","","","","","","","","","","","","","","","","","","","","","","","","","","",17.,1,10.1,1,14.8,1,"","",17.,1,"","","","","","","","","","","","","","","","","","","","",64,1,"","","","","","","","","","","","",12.4,1,"","","","","","","","","","","","","","","","","","","","","","","","","","","","","","","","","","","","","","","","","","","","","","","","","","","","","","","","","","","","","","","","","","","","","","","","","","","","","","","","","","","","","","","","","","","","","","","","","","","","","","","","","","","","","","","","","","","",""
"06163007","TENDE_SAPC",44.043167,7.586,636,2000091509,0.,1,"","","","","","","","","","","","","","","","","","","","","","","","","","","","","","","","","","",20.7,1,10.8,1,17.1,1,"","",20.7,1,"","","","","","","","","","","","","","","","","","","","",53,1,"","","","","","","","","","","","",12.9,1,"","","","","","","","","","","","","","","","","","","","","","","","","","","","","","","","","","","","","","","","","","","","","","","","","","","","","","","","","","","","","","","","","","","","","","","","","","","","","","","","","","","","","","","","","","","","","","","","","","","","","","","","","","","","","","","","","","","",""
"06163007","TENDE_SAPC",44.043167,7.586,636,2000091510,0.,1,"","","","","","","","","","","","","","","","","","","","","","","","","","","","","","","","","","",22.5,1,11.6,1,20.8,1,"","",22.6,1,"","","","","","","","","","","","","","","","","","","","",50,1,"","","","","","","","","","","","",13.6,1,"","","","","","","","","","","","","","","","","","","","","","","","","","","","","","","","","","","","","","","","","","","","","","","","","","","","","","","","","","","","","","","","","","","","","","","","","","","","","","","","","","","","","","","","","","","","","","","","","","","","","","","","","","","","","","","","","","","",""
"06163007","TENDE_SAPC",44.043167,7.586,636,2000091511,0.,1,"","","","","","","","","","","","","","","","","","","","","","","","","","","","","","","","","","",24.3,1,11.3,1,22.6,1,"","",24.3,1,"","","","","","","","","","","","","","","","","","","","",44,1,"","","","","","","","","","","","",13.3,1,"","","","","","","","","","","","","","","","","","","","","","","","","","","","","","","","","","","","","","","","","","","","","","","","","","","","","","","","","","","","","","","","","","","","","","","","","","","","","","","","","","","","","","","","","","","","","","","","","","","","","","","","","","","","","","","","","","","",""
"06163007","TENDE_SAPC",44.043167,7.586,636,2000091512,0.,1,"","","","","","","","","","","","","","","","","","","","","","","","","","","","","","","","","","",23.,1,13.2,1,23.,1,"","",24.4,1,"","","","","","","","","","","","","","","","","","","","",54,1,"","","","","","","","","","","","",15.1,1,"","","","","","","","","","","","","","","","","","","","","","","","","","","","","","","","","","","","","","","","","","","","","","","","","","","","","","","","","","","","","","","","","","","","","","","","","","","","","","","","","","","","","","","","","","","","","","","","","","","","","","","","","","","","","","","","","","","",""
"06163007","TENDE_SAPC",44.043167,7.586,636,2000091513,0.,1,"","","","","","","","","","","","","","","","","","","","","","","","","","","","","","","","","","",22.3,1,13.9,1,22.3,1,"","",23.,1,"","","","","","","","","","","","","","","","","","","","",59,1,"","","","","","","","","","","","",15.8,1,"","","","","","","","","","","","","","","","","","","","","","","","","","","","","","","","","","","","","","","","","","","","","","","","","","","","","","","","","","","","","","","","","","","","","","","","","","","","","","","","","","","","","","","","","","","","","","","","","","","","","","","","","","","","","","","","","","","",""
"06163007","TENDE_SAPC",44.043167,7.586,636,2000091514,0.,1,"","","","","","","","","","","","","","","","","","","","","","","","","","","","","","","","","","",22.2,1,14.1,1,22.2,1,"","",22.4,1,"","","","","","","","","","","","","","","","","","","","",60,1,"","","","","","","","","","","","",16.,1,"","","","","","","","","","","","","","","","","","","","","","","","","","","","","","","","","","","","","","","","","","","","","","","","","","","","","","","","","","","","","","","","","","","","","","","","","","","","","","","","","","","","","","","","","","","","","","","","","","","","","","","","","","","","","","","","","","","",""
"06163007","TENDE_SAPC",44.043167,7.586,636,2000091515,0.,1,"","","","","","","","","","","","","","","","","","","","","","","","","","","","","","","","","","",21.7,1,14.1,1,21.7,1,"","",22.2,1,"","","","","","","","","","","","","","","","","","","","",62,1,"","","","","","","","","","","","",16.1,1,"","","","","","","","","","","","","","","","","","","","","","","","","","","","","","","","","","","","","","","","","","","","","","","","","","","","","","","","","","","","","","","","","","","","","","","","","","","","","","","","","","","","","","","","","","","","","","","","","","","","","","","","","","","","","","","","","","","",""
"06163007","TENDE_SAPC",44.043167,7.586,636,2000091516,0.,1,"","","","","","","","","","","","","","","","","","","","","","","","","","","","","","","","","","",21.,1,14.4,1,21.,1,"","",21.7,1,"","","","","","","","","","","","","","","","","","","","",66,1,"","","","","","","","","","","","",16.4,1,"","","","","","","","","","","","","","","","","","","","","","","","","","","","","","","","","","","","","","","","","","","","","","","","","","","","","","","","","","","","","","","","","","","","","","","","","","","","","","","","","","","","","","","","","","","","","","","","","","","","","","","","","","","","","","","","","","","",""
"06163007","TENDE_SAPC",44.043167,7.586,636,2000091517,0.,1,"","","","","","","","","","","","","","","","","","","","","","","","","","","","","","","","","","",20.2,1,14.8,1,20.2,1,"","",21.,1,"","","","","","","","","","","","","","","","","","","","",71,1,"","","","","","","","","","","","",16.8,1,"","","","","","","","","","","","","","","","","","","","","","","","","","","","","","","","","","","","","","","","","","","","","","","","","","","","","","","","","","","","","","","","","","","","","","","","","","","","","","","","","","","","","","","","","","","","","","","","","","","","","","","","","","","","","","","","","","","",""
"06163007","TENDE_SAPC",44.043167,7.586,636,2000091518,0.,1,"","","","","","","","","","","","","","","","","","","","","","","","","","","","","","","","","","",19.7,1,15.1,1,19.7,1,"","",20.2,1,"","","","","","","","","","","","","","","","","","","","",75,1,"","","","","","","","","","","","",17.2,1,"","","","","","","","","","","","","","","","","","","","","","","","","","","","","","","","","","","","","","","","","","","","","","","","","","","","","","","","","","","","","","","","","","","","","","","","","","","","","","","","","","","","","","","","","","","","","","","","","","","","","","","","","","","","","","","","","","","",""
"06163007","TENDE_SAPC",44.043167,7.586,636,2000091519,0.,1,"","","","","","","","","","","","","","","","","","","","","","","","","","","","","","","","","","",19.2,1,15.5,1,19.2,1,"","",19.7,1,"","","","","","","","","","","","","","","","","","","","",79,1,"","","","","","","","","","","","",17.5,1,"","","","","","","","","","","","","","","","","","","","","","","","","","","","","","","","","","","","","","","","","","","","","","","","","","","","","","","","","","","","","","","","","","","","","","","","","","","","","","","","","","","","","","","","","","","","","","","","","","","","","","","","","","","","","","","","","","","",""
"06163007","TENDE_SAPC",44.043167,7.586,636,2000091520,0.,1,"","","","","","","","","","","","","","","","","","","","","","","","","","","","","","","","","","",18.2,1,15.1,1,18.2,1,"","",19.2,1,"","","","","","","","","","","","","","","","","","","","",82,1,"","","","","","","","","","","","",17.1,1,"","","","","","","","","","","","","","","","","","","","","","","","","","","","","","","","","","","","","","","","","","","","","","","","","","","","","","","","","","","","","","","","","","","","","","","","","","","","","","","","","","","","","","","","","","","","","","","","","","","","","","","","","","","","","","","","","","","",""
"06163007","TENDE_SAPC",44.043167,7.586,636,2000091521,0.,1,"","","","","","","","","","","","","","","","","","","","","","","","","","","","","","","","","","",17.9,1,14.8,1,17.9,1,"","",18.2,1,"","","","","","","","","","","","","","","","","","","","",82,1,"","","","","","","","","","","","",16.8,1,"","","","","","","","","","","","","","","","","","","","","","","","","","","","","","","","","","","","","","","","","","","","","","","","","","","","","","","","","","","","","","","","","","","","","","","","","","","","","","","","","","","","","","","","","","","","","","","","","","","","","","","","","","","","","","","","","","","",""
"06163007","TENDE_SAPC",44.043167,7.586,636,2000091522,0.,1,"","","","","","","","","","","","","","","","","","","","","","","","","","","","","","","","","","",17.3,1,14.4,1,17.3,1,"","",17.9,1,"","","","","","","","","","","","","","","","","","","","",83,1,"","","","","","","","","","","","",16.4,1,"","","","","","","","","","","","","","","","","","","","","","","","","","","","","","","","","","","","","","","","","","","","","","","","","","","","","","","","","","","","","","","","","","","","","","","","","","","","","","","","","","","","","","","","","","","","","","","","","","","","","","","","","","","","","","","","","","","",""
"06163007","TENDE_SAPC",44.043167,7.586,636,2000091523,0.,1,"","","","","","","","","","","","","","","","","","","","","","","","","","","","","","","","","","",17.3,1,13.,1,17.2,1,"","",17.4,1,"","","","","","","","","","","","","","","","","","","","",76,1,"","","","","","","","","","","","",15.,1,"","","","","","","","","","","","","","","","","","","","","","","","","","","","","","","","","","","","","","","","","","","","","","","","","","","","","","","","","","","","","","","","","","","","","","","","","","","","","","","","","","","","","","","","","","","","","","","","","","","","","","","","","","","","","","","","","","","",""
"06163007","TENDE_SAPC",44.043167,7.586,636,2000091600,0.,1,"","","","","","","","","","","","","","","","","","","","","","","","","","","","","","","","","","",16.3,1,12.1,1,16.3,1,"","",17.4,1,"","","","","","","","","","","","","","","","","","","","",76,1,"","","","","","","","","","","","",14.1,1,"","","","","","","","","","","","","","","","","","","","","","","","","","","","","","","","","","","","","","","","","","","","","","","","","","","","","","","","","","","","","","","","","","","","","","","","","","","","","","","","","","","","","","","","","","","","","","","","","","","","","","","","","","","","","","","","","","","",""
"06163007","TENDE_SAPC",44.043167,7.586,636,2000091601,0.,1,"","","","","","","","","","","","","","","","","","","","","","","","","","","","","","","","","","",15.3,1,11.9,1,15.3,1,"","",16.3,1,"","","","","","","","","","","","","","","","","","","","",80,1,"","","","","","","","","","","","",13.9,1,"","","","","","","","","","","","","","","","","","","","","","","","","","","","","","","","","","","","","","","","","","","","","","","","","","","","","","","","","","","","","","","","","","","","","","","","","","","","","","","","","","","","","","","","","","","","","","","","","","","","","","","","","","","","","","","","","","","",""
"06163007","TENDE_SAPC",44.043167,7.586,636,2000091602,0.,1,"","","","","","","","","","","","","","","","","","","","","","","","","","","","","","","","","","",14.2,1,11.4,1,14.2,1,"","",15.3,1,"","","","","","","","","","","","","","","","","","","","",83,1,"","","","","","","","","","","","",13.4,1,"","","","","","","","","","","","","","","","","","","","","","","","","","","","","","","","","","","","","","","","","","","","","","","","","","","","","","","","","","","","","","","","","","","","","","","","","","","","","","","","","","","","","","","","","","","","","","","","","","","","","","","","","","","","","","","","","","","",""
"06163007","TENDE_SAPC",44.043167,7.586,636,2000091603,0.,1,"","","","","","","","","","","","","","","","","","","","","","","","","","","","","","","","","","",13.7,1,11.,1,13.7,1,"","",14.2,1,"","","","","","","","","","","","","","","","","","","","",84,1,"","","","","","","","","","","","",13.1,1,"","","","","","","","","","","","","","","","","","","","","","","","","","","","","","","","","","","","","","","","","","","","","","","","","","","","","","","","","","","","","","","","","","","","","","","","","","","","","","","","","","","","","","","","","","","","","","","","","","","","","","","","","","","","","","","","","","","",""
"06163007","TENDE_SAPC",44.043167,7.586,636,2000091604,0.,1,"","","","","","","","","","","","","","","","","","","","","","","","","","","","","","","","","","",14.4,1,10.6,1,13.6,1,"","",14.4,1,"","","","","","","","","","","","","","","","","","","","",78,1,"","","","","","","","","","","","",12.8,1,"","","","","","","","","","","","","","","","","","","","","","","","","","","","","","","","","","","","","","","","","","","","","","","","","","","","","","","","","","","","","","","","","","","","","","","","","","","","","","","","","","","","","","","","","","","","","","","","","","","","","","","","","","","","","","","","","","","",""
"06163007","TENDE_SAPC",44.043167,7.586,636,2000091605,0.,1,"","","","","","","","","","","","","","","","","","","","","","","","","","","","","","","","","","",13.5,1,10.1,1,13.5,1,"","",14.4,1,"","","","","","","","","","","","","","","","","","","","",80,1,"","","","","","","","","","","","",12.4,1,"","","","","","","","","","","","","","","","","","","","","","","","","","","","","","","","","","","","","","","","","","","","","","","","","","","","","","","","","","","","","","","","","","","","","","","","","","","","","","","","","","","","","","","","","","","","","","","","","","","","","","","","","","","","","","","","","","","",""
"06163007","TENDE_SAPC",44.043167,7.586,636,2000091606,0.,1,"","","","","","","","","","","","","","","","","","","","","","","","","","","","","","","","","","",13.,1,9.8,1,12.9,1,"","",13.4,1,"","","","","","","","","","","","","","","","","","","","",81,1,"","","","","","","","","","","","",12.1,1,"","","","","","","","","","","","","","","","","","","","","","","","","","","","","","","","","","","","","","","","","","","","","","","","","","","","","","","","","","","","","","","","","","","","","","","","","","","","","","","","","","","","","","","","","","","","","","","","","","","","","","","","","","","","","","","","","","","",""
"06163007","TENDE_SAPC",44.043167,7.586,636,2000091607,0.,1,"","","","","","","","","","","","","","","","","","","","","","","","","","","","","","","","","","",13.8,1,9.8,1,13.,1,"","",13.8,1,"","","","","","","","","","","","","","","","","","","","",77,1,"","","","","","","","","","","","",12.1,1,"","","","","","","","","","","","","","","","","","","","","","","","","","","","","","","","","","","","","","","","","","","","","","","","","","","","","","","","","","","","","","","","","","","","","","","","","","","","","","","","","","","","","","","","","","","","","","","","","","","","","","","","","","","","","","","","","","","",""
"06163007","TENDE_SAPC",44.043167,7.586,636,2000091608,0.,1,"","","","","","","","","","","","","","","","","","","","","","","","","","","","","","","","","","",14.9,1,11.1,1,13.9,1,"","",14.9,1,"","","","","","","","","","","","","","","","","","","","",78,1,"","","","","","","","","","","","",13.2,1,"","","","","","","","","","","","","","","","","","","","","","","","","","","","","","","","","","","","","","","","","","","","","","","","","","","","","","","","","","","","","","","","","","","","","","","","","","","","","","","","","","","","","","","","","","","","","","","","","","","","","","","","","","","","","","","","","","","",""
"06163007","TENDE_SAPC",44.043167,7.586,636,2000091609,0.,1,"","","","","","","","","","","","","","","","","","","","","","","","","","","","","","","","","","",19.9,1,11.4,1,15.,1,"","",19.9,1,"","","","","","","","","","","","","","","","","","","","",58,1,"","","","","","","","","","","","",13.4,1,"","","","","","","","","","","","","","","","","","","","","","","","","","","","","","","","","","","","","","","","","","","","","","","","","","","","","","","","","","","","","","","","","","","","","","","","","","","","","","","","","","","","","","","","","","","","","","","","","","","","","","","","","","","","","","","","","","","",""
"06163007","TENDE_SAPC",44.043167,7.586,636,2000091610,0.,1,"","","","","","","","","","","","","","","","","","","","","","","","","","","","","","","","","","",22.5,1,11.9,1,20.,1,"","",22.5,1,"","","","","","","","","","","","","","","","","","","","",51,1,"","","","","","","","","","","","",13.9,1,"","","","","","","","","","","","","","","","","","","","","","","","","","","","","","","","","","","","","","","","","","","","","","","","","","","","","","","","","","","","","","","","","","","","","","","","","","","","","","","","","","","","","","","","","","","","","","","","","","","","","","","","","","","","","","","","","","","",""
"06163007","TENDE_SAPC",44.043167,7.586,636,2000091611,0.,1,"","","","","","","","","","","","","","","","","","","","","","","","","","","","","","","","","","",24.2,1,12.2,1,22.5,1,"","",24.2,1,"","","","","","","","","","","","","","","","","","","","",47,1,"","","","","","","","","","","","",14.2,1,"","","","","","","","","","","","","","","","","","","","","","","","","","","","","","","","","","","","","","","","","","","","","","","","","","","","","","","","","","","","","","","","","","","","","","","","","","","","","","","","","","","","","","","","","","","","","","","","","","","","","","","","","","","","","","","","","","","",""
"06163007","TENDE_SAPC",44.043167,7.586,636,2000091612,0.,1,"","","","","","","","","","","","","","","","","","","","","","","","","","","","","","","","","","",24.4,1,13.3,1,24.3,1,"","",24.7,1,"","","","","","","","","","","","","","","","","","","","",50,1,"","","","","","","","","","","","",15.2,1,"","","","","","","","","","","","","","","","","","","","","","","","","","","","","","","","","","","","","","","","","","","","","","","","","","","","","","","","","","","","","","","","","","","","","","","","","","","","","","","","","","","","","","","","","","","","","","","","","","","","","","","","","","","","","","","","","","","",""
"06163007","TENDE_SAPC",44.043167,7.586,636,2000091613,0.,1,"","","","","","","","","","","","","","","","","","","","","","","","","","","","","","","","","","",24.,1,13.2,1,24.,1,"","",24.5,1,"","","","","","","","","","","","","","","","","","","","",51,1,"","","","","","","","","","","","",15.2,1,"","","","","","","","","","","","","","","","","","","","","","","","","","","","","","","","","","","","","","","","","","","","","","","","","","","","","","","","","","","","","","","","","","","","","","","","","","","","","","","","","","","","","","","","","","","","","","","","","","","","","","","","","","","","","","","","","","","",""
"06163007","TENDE_SAPC",44.043167,7.586,636,2000091614,0.,1,"","","","","","","","","","","","","","","","","","","","","","","","","","","","","","","","","","",23.,1,13.7,1,23.,1,"","",24.1,1,"","","","","","","","","","","","","","","","","","","","",56,1,"","","","","","","","","","","","",15.7,1,"","","","","","","","","","","","","","","","","","","","","","","","","","","","","","","","","","","","","","","","","","","","","","","","","","","","","","","","","","","","","","","","","","","","","","","","","","","","","","","","","","","","","","","","","","","","","","","","","","","","","","","","","","","","","","","","","","","",""
"06163007","TENDE_SAPC",44.043167,7.586,636,2000091615,0.,1,"","","","","","","","","","","","","","","","","","","","","","","","","","","","","","","","","","",21.4,1,14.5,1,21.4,1,"","",23.,1,"","","","","","","","","","","","","","","","","","","","",65,1,"","","","","","","","","","","","",16.5,1,"","","","","","","","","","","","","","","","","","","","","","","","","","","","","","","","","","","","","","","","","","","","","","","","","","","","","","","","","","","","","","","","","","","","","","","","","","","","","","","","","","","","","","","","","","","","","","","","","","","","","","","","","","","","","","","","","","","",""
"06163007","TENDE_SAPC",44.043167,7.586,636,2000091616,0.,1,"","","","","","","","","","","","","","","","","","","","","","","","","","","","","","","","","","",20.5,1,14.8,1,20.5,1,"","",21.4,1,"","","","","","","","","","","","","","","","","","","","",70,1,"","","","","","","","","","","","",16.8,1,"","","","","","","","","","","","","","","","","","","","","","","","","","","","","","","","","","","","","","","","","","","","","","","","","","","","","","","","","","","","","","","","","","","","","","","","","","","","","","","","","","","","","","","","","","","","","","","","","","","","","","","","","","","","","","","","","","","",""
"06163007","TENDE_SAPC",44.043167,7.586,636,2000091617,0.,1,"","","","","","","","","","","","","","","","","","","","","","","","","","","","","","","","","","",19.9,1,14.9,1,19.9,1,"","",20.5,1,"","","","","","","","","","","","","","","","","","","","",73,1,"","","","","","","","","","","","",16.9,1,"","","","","","","","","","","","","","","","","","","","","","","","","","","","","","","","","","","","","","","","","","","","","","","","","","","","","","","","","","","","","","","","","","","","","","","","","","","","","","","","","","","","","","","","","","","","","","","","","","","","","","","","","","","","","","","","","","","",""
"06163007","TENDE_SAPC",44.043167,7.586,636,2000091618,0.,1,"","","","","","","","","","","","","","","","","","","","","","","","","","","","","","","","","","",19.3,1,15.2,1,19.3,1,"","",19.9,1,"","","","","","","","","","","","","","","","","","","","",77,1,"","","","","","","","","","","","",17.2,1,"","","","","","","","","","","","","","","","","","","","","","","","","","","","","","","","","","","","","","","","","","","","","","","","","","","","","","","","","","","","","","","","","","","","","","","","","","","","","","","","","","","","","","","","","","","","","","","","","","","","","","","","","","","","","","","","","","","",""
"06163007","TENDE_SAPC",44.043167,7.586,636,2000091619,0.,1,"","","","","","","","","","","","","","","","","","","","","","","","","","","","","","","","","","",18.,1,14.7,1,18.,1,"","",19.3,1,"","","","","","","","","","","","","","","","","","","","",81,1,"","","","","","","","","","","","",16.7,1,"","","","","","","","","","","","","","","","","","","","","","","","","","","","","","","","","","","","","","","","","","","","","","","","","","","","","","","","","","","","","","","","","","","","","","","","","","","","","","","","","","","","","","","","","","","","","","","","","","","","","","","","","","","","","","","","","","","",""
"06163007","TENDE_SAPC",44.043167,7.586,636,2000091620,0.,1,"","","","","","","","","","","","","","","","","","","","","","","","","","","","","","","","","","",16.4,1,13.7,1,16.4,1,"","",18.,1,"","","","","","","","","","","","","","","","","","","","",84,1,"","","","","","","","","","","","",15.6,1,"","","","","","","","","","","","","","","","","","","","","","","","","","","","","","","","","","","","","","","","","","","","","","","","","","","","","","","","","","","","","","","","","","","","","","","","","","","","","","","","","","","","","","","","","","","","","","","","","","","","","","","","","","","","","","","","","","","",""
"06163007","TENDE_SAPC",44.043167,7.586,636,2000091621,0.,1,"","","","","","","","","","","","","","","","","","","","","","","","","","","","","","","","","","",16.2,1,13.3,1,16.2,1,"","",16.6,1,"","","","","","","","","","","","","","","","","","","","",83,1,"","","","","","","","","","","","",15.3,1,"","","","","","","","","","","","","","","","","","","","","","","","","","","","","","","","","","","","","","","","","","","","","","","","","","","","","","","","","","","","","","","","","","","","","","","","","","","","","","","","","","","","","","","","","","","","","","","","","","","","","","","","","","","","","","","","","","","",""
"06163007","TENDE_SAPC",44.043167,7.586,636,2000091622,0.,1,"","","","","","","","","","","","","","","","","","","","","","","","","","","","","","","","","","",15.9,1,12.5,1,15.8,1,"","",16.1,1,"","","","","","","","","","","","","","","","","","","","",80,1,"","","","","","","","","","","","",14.4,1,"","","","","","","","","","","","","","","","","","","","","","","","","","","","","","","","","","","","","","","","","","","","","","","","","","","","","","","","","","","","","","","","","","","","","","","","","","","","","","","","","","","","","","","","","","","","","","","","","","","","","","","","","","","","","","","","","","","",""
"06163007","TENDE_SAPC",44.043167,7.586,636,2000091623,0.,1,"","","","","","","","","","","","","","","","","","","","","","","","","","","","","","","","","","",15.4,1,11.6,1,15.4,1,"","",15.9,1,"","","","","","","","","","","","","","","","","","","","",78,1,"","","","","","","","","","","","",13.6,1,"","","","","","","","","","","","","","","","","","","","","","","","","","","","","","","","","","","","","","","","","","","","","","","","","","","","","","","","","","","","","","","","","","","","","","","","","","","","","","","","","","","","","","","","","","","","","","","","","","","","","","","","","","","","","","","","","","","",""
"06163007","TENDE_SAPC",44.043167,7.586,636,2000091700,0.,1,"","","","","","","","","","","","","","","","","","","","","","","","","","","","","","","","","","",15.,1,10.8,1,15.,1,"","",15.4,1,"","","","","","","","","","","","","","","","","","","","",76,1,"","","","","","","","","","","","",12.9,1,"","","","","","","","","","","","","","","","","","","","","","","","","","","","","","","","","","","","","","","","","","","","","","","","","","","","","","","","","","","","","","","","","","","","","","","","","","","","","","","","","","","","","","","","","","","","","","","","","","","","","","","","","","","","","","","","","","","",""
"06163007","TENDE_SAPC",44.043167,7.586,636,2000091701,0.,1,"","","","","","","","","","","","","","","","","","","","","","","","","","","","","","","","","","",13.9,1,10.3,1,13.9,1,"","",15.,1,"","","","","","","","","","","","","","","","","","","","",79,1,"","","","","","","","","","","","",12.5,1,"","","","","","","","","","","","","","","","","","","","","","","","","","","","","","","","","","","","","","","","","","","","","","","","","","","","","","","","","","","","","","","","","","","","","","","","","","","","","","","","","","","","","","","","","","","","","","","","","","","","","","","","","","","","","","","","","","","",""
"06163007","TENDE_SAPC",44.043167,7.586,636,2000091702,0.,1,"","","","","","","","","","","","","","","","","","","","","","","","","","","","","","","","","","",13.1,1,9.5,1,13.1,1,"","",13.9,1,"","","","","","","","","","","","","","","","","","","","",79,1,"","","","","","","","","","","","",11.9,1,"","","","","","","","","","","","","","","","","","","","","","","","","","","","","","","","","","","","","","","","","","","","","","","","","","","","","","","","","","","","","","","","","","","","","","","","","","","","","","","","","","","","","","","","","","","","","","","","","","","","","","","","","","","","","","","","","","","",""
"06163007","TENDE_SAPC",44.043167,7.586,636,2000091703,0.,1,"","","","","","","","","","","","","","","","","","","","","","","","","","","","","","","","","","",12.4,1,8.7,1,12.4,1,"","",13.1,1,"","","","","","","","","","","","","","","","","","","","",78,1,"","","","","","","","","","","","",11.2,1,"","","","","","","","","","","","","","","","","","","","","","","","","","","","","","","","","","","","","","","","","","","","","","","","","","","","","","","","","","","","","","","","","","","","","","","","","","","","","","","","","","","","","","","","","","","","","","","","","","","","","","","","","","","","","","","","","","","",""
"06163007","TENDE_SAPC",44.043167,7.586,636,2000091704,0.,1,"","","","","","","","","","","","","","","","","","","","","","","","","","","","","","","","","","",11.5,1,8.2,1,11.5,1,"","",12.4,1,"","","","","","","","","","","","","","","","","","","","",80,1,"","","","","","","","","","","","",10.8,1,"","","","","","","","","","","","","","","","","","","","","","","","","","","","","","","","","","","","","","","","","","","","","","","","","","","","","","","","","","","","","","","","","","","","","","","","","","","","","","","","","","","","","","","","","","","","","","","","","","","","","","","","","","","","","","","","","","","",""
"06163007","TENDE_SAPC",44.043167,7.586,636,2000091705,0.,1,"","","","","","","","","","","","","","","","","","","","","","","","","","","","","","","","","","",10.9,1,7.6,1,10.9,1,"","",11.5,1,"","","","","","","","","","","","","","","","","","","","",80,1,"","","","","","","","","","","","",10.4,1,"","","","","","","","","","","","","","","","","","","","","","","","","","","","","","","","","","","","","","","","","","","","","","","","","","","","","","","","","","","","","","","","","","","","","","","","","","","","","","","","","","","","","","","","","","","","","","","","","","","","","","","","","","","","","","","","","","","",""
"06163007","TENDE_SAPC",44.043167,7.586,636,2000091706,0.,1,"","","","","","","","","","","","","","","","","","","","","","","","","","","","","","","","","","",10.4,1,7.1,1,10.4,1,"","",10.9,1,"","","","","","","","","","","","","","","","","","","","",80,1,"","","","","","","","","","","","",10.1,1,"","","","","","","","","","","","","","","","","","","","","","","","","","","","","","","","","","","","","","","","","","","","","","","","","","","","","","","","","","","","","","","","","","","","","","","","","","","","","","","","","","","","","","","","","","","","","","","","","","","","","","","","","","","","","","","","","","","",""
"06163007","TENDE_SAPC",44.043167,7.586,636,2000091707,0.,1,"","","","","","","","","","","","","","","","","","","","","","","","","","","","","","","","","","",10.8,1,7.1,1,10.4,1,"","",10.8,1,"","","","","","","","","","","","","","","","","","","","",78,1,"","","","","","","","","","","","",10.1,1,"","","","","","","","","","","","","","","","","","","","","","","","","","","","","","","","","","","","","","","","","","","","","","","","","","","","","","","","","","","","","","","","","","","","","","","","","","","","","","","","","","","","","","","","","","","","","","","","","","","","","","","","","","","","","","","","","","","",""
"06163007","TENDE_SAPC",44.043167,7.586,636,2000091708,0.,1,"","","","","","","","","","","","","","","","","","","","","","","","","","","","","","","","","","",11.5,1,7.8,1,10.8,1,"","",11.5,1,"","","","","","","","","","","","","","","","","","","","",78,1,"","","","","","","","","","","","",10.6,1,"","","","","","","","","","","","","","","","","","","","","","","","","","","","","","","","","","","","","","","","","","","","","","","","","","","","","","","","","","","","","","","","","","","","","","","","","","","","","","","","","","","","","","","","","","","","","","","","","","","","","","","","","","","","","","","","","","","",""
"06163007","TENDE_SAPC",44.043167,7.586,636,2000091709,0.,1,"","","","","","","","","","","","","","","","","","","","","","","","","","","","","","","","","","",18.8,1,9.3,1,11.5,1,"","",18.8,1,"","","","","","","","","","","","","","","","","","","","",54,1,"","","","","","","","","","","","",11.7,1,"","","","","","","","","","","","","","","","","","","","","","","","","","","","","","","","","","","","","","","","","","","","","","","","","","","","","","","","","","","","","","","","","","","","","","","","","","","","","","","","","","","","","","","","","","","","","","","","","","","","","","","","","","","","","","","","","","","",""
"06163007","TENDE_SAPC",44.043167,7.586,636,2000091710,0.,1,"","","","","","","","","","","","","","","","","","","","","","","","","","","","","","","","","","",23.6,1,6.8,1,18.9,1,"","",23.6,1,"","","","","","","","","","","","","","","","","","","","",34,1,"","","","","","","","","","","","",9.9,1,"","","","","","","","","","","","","","","","","","","","","","","","","","","","","","","","","","","","","","","","","","","","","","","","","","","","","","","","","","","","","","","","","","","","","","","","","","","","","","","","","","","","","","","","","","","","","","","","","","","","","","","","","","","","","","","","","","","",""
"06163007","TENDE_SAPC",44.043167,7.586,636,2000091711,0.,1,"","","","","","","","","","","","","","","","","","","","","","","","","","","","","","","","","","",25.,1,7.6,1,23.6,1,"","",25.,1,"","","","","","","","","","","","","","","","","","","","",33,1,"","","","","","","","","","","","",10.4,1,"","","","","","","","","","","","","","","","","","","","","","","","","","","","","","","","","","","","","","","","","","","","","","","","","","","","","","","","","","","","","","","","","","","","","","","","","","","","","","","","","","","","","","","","","","","","","","","","","","","","","","","","","","","","","","","","","","","",""
"06163007","TENDE_SAPC",44.043167,7.586,636,2000091712,0.,1,"","","","","","","","","","","","","","","","","","","","","","","","","","","","","","","","","","",24.9,1,9.6,1,24.9,1,"","",25.2,1,"","","","","","","","","","","","","","","","","","","","",38,1,"","","","","","","","","","","","",11.9,1,"","","","","","","","","","","","","","","","","","","","","","","","","","","","","","","","","","","","","","","","","","","","","","","","","","","","","","","","","","","","","","","","","","","","","","","","","","","","","","","","","","","","","","","","","","","","","","","","","","","","","","","","","","","","","","","","","","","",""
"06163007","TENDE_SAPC",44.043167,7.586,636,2000091713,0.,1,"","","","","","","","","","","","","","","","","","","","","","","","","","","","","","","","","","",24.5,1,11.4,1,24.5,1,"","",25.1,1,"","","","","","","","","","","","","","","","","","","","",44,1,"","","","","","","","","","","","",13.5,1,"","","","","","","","","","","","","","","","","","","","","","","","","","","","","","","","","","","","","","","","","","","","","","","","","","","","","","","","","","","","","","","","","","","","","","","","","","","","","","","","","","","","","","","","","","","","","","","","","","","","","","","","","","","","","","","","","","","",""
"06163007","TENDE_SAPC",44.043167,7.586,636,2000091714,0.,1,"","","","","","","","","","","","","","","","","","","","","","","","","","","","","","","","","","",24.4,1,11.7,1,24.,1,"","",24.9,1,"","","","","","","","","","","","","","","","","","","","",45,1,"","","","","","","","","","","","",13.7,1,"","","","","","","","","","","","","","","","","","","","","","","","","","","","","","","","","","","","","","","","","","","","","","","","","","","","","","","","","","","","","","","","","","","","","","","","","","","","","","","","","","","","","","","","","","","","","","","","","","","","","","","","","","","","","","","","","","","",""
"06163007","TENDE_SAPC",44.043167,7.586,636,2000091715,0.,1,"","","","","","","","","","","","","","","","","","","","","","","","","","","","","","","","","","",22.8,1,12.7,1,22.8,1,"","",24.4,1,"","","","","","","","","","","","","","","","","","","","",53,1,"","","","","","","","","","","","",14.7,1,"","","","","","","","","","","","","","","","","","","","","","","","","","","","","","","","","","","","","","","","","","","","","","","","","","","","","","","","","","","","","","","","","","","","","","","","","","","","","","","","","","","","","","","","","","","","","","","","","","","","","","","","","","","","","","","","","","","",""
"06163007","TENDE_SAPC",44.043167,7.586,636,2000091716,0.,1,"","","","","","","","","","","","","","","","","","","","","","","","","","","","","","","","","","",21.6,1,13.,1,21.6,1,"","",22.8,1,"","","","","","","","","","","","","","","","","","","","",58,1,"","","","","","","","","","","","",14.9,1,"","","","","","","","","","","","","","","","","","","","","","","","","","","","","","","","","","","","","","","","","","","","","","","","","","","","","","","","","","","","","","","","","","","","","","","","","","","","","","","","","","","","","","","","","","","","","","","","","","","","","","","","","","","","","","","","","","","",""
"06163007","TENDE_SAPC",44.043167,7.586,636,2000091717,0.,1,"","","","","","","","","","","","","","","","","","","","","","","","","","","","","","","","","","",20.6,1,13.1,1,20.6,1,"","",21.6,1,"","","","","","","","","","","","","","","","","","","","",62,1,"","","","","","","","","","","","",15.,1,"","","","","","","","","","","","","","","","","","","","","","","","","","","","","","","","","","","","","","","","","","","","","","","","","","","","","","","","","","","","","","","","","","","","","","","","","","","","","","","","","","","","","","","","","","","","","","","","","","","","","","","","","","","","","","","","","","","",""
"06163007","TENDE_SAPC",44.043167,7.586,636,2000091718,0.,1,"","","","","","","","","","","","","","","","","","","","","","","","","","","","","","","","","","",19.7,1,12.7,1,19.7,1,"","",20.6,1,"","","","","","","","","","","","","","","","","","","","",64,1,"","","","","","","","","","","","",14.7,1,"","","","","","","","","","","","","","","","","","","","","","","","","","","","","","","","","","","","","","","","","","","","","","","","","","","","","","","","","","","","","","","","","","","","","","","","","","","","","","","","","","","","","","","","","","","","","","","","","","","","","","","","","","","","","","","","","","","",""
"06163007","TENDE_SAPC",44.043167,7.586,636,2000091719,0.,1,"","","","","","","","","","","","","","","","","","","","","","","","","","","","","","","","","","",18.7,1,12.7,1,18.7,1,"","",19.7,1,"","","","","","","","","","","","","","","","","","","","",68,1,"","","","","","","","","","","","",14.6,1,"","","","","","","","","","","","","","","","","","","","","","","","","","","","","","","","","","","","","","","","","","","","","","","","","","","","","","","","","","","","","","","","","","","","","","","","","","","","","","","","","","","","","","","","","","","","","","","","","","","","","","","","","","","","","","","","","","","",""
"06163007","TENDE_SAPC",44.043167,7.586,636,2000091720,0.,1,"","","","","","","","","","","","","","","","","","","","","","","","","","","","","","","","","","",16.5,1,12.5,1,16.5,1,"","",18.6,1,"","","","","","","","","","","","","","","","","","","","",77,1,"","","","","","","","","","","","",14.4,1,"","","","","","","","","","","","","","","","","","","","","","","","","","","","","","","","","","","","","","","","","","","","","","","","","","","","","","","","","","","","","","","","","","","","","","","","","","","","","","","","","","","","","","","","","","","","","","","","","","","","","","","","","","","","","","","","","","","",""
"06163007","TENDE_SAPC",44.043167,7.586,636,2000091721,0.,1,"","","","","","","","","","","","","","","","","","","","","","","","","","","","","","","","","","",16.1,1,11.9,1,16.1,1,"","",16.5,1,"","","","","","","","","","","","","","","","","","","","",76,1,"","","","","","","","","","","","",13.9,1,"","","","","","","","","","","","","","","","","","","","","","","","","","","","","","","","","","","","","","","","","","","","","","","","","","","","","","","","","","","","","","","","","","","","","","","","","","","","","","","","","","","","","","","","","","","","","","","","","","","","","","","","","","","","","","","","","","","",""
"06163007","TENDE_SAPC",44.043167,7.586,636,2000091722,0.,1,"","","","","","","","","","","","","","","","","","","","","","","","","","","","","","","","","","",15.1,1,11.7,1,15.1,1,"","",16.1,1,"","","","","","","","","","","","","","","","","","","","",80,1,"","","","","","","","","","","","",13.7,1,"","","","","","","","","","","","","","","","","","","","","","","","","","","","","","","","","","","","","","","","","","","","","","","","","","","","","","","","","","","","","","","","","","","","","","","","","","","","","","","","","","","","","","","","","","","","","","","","","","","","","","","","","","","","","","","","","","","",""
"06163007","TENDE_SAPC",44.043167,7.586,636,2000091723,0.,1,"","","","","","","","","","","","","","","","","","","","","","","","","","","","","","","","","","",14.7,1,11.5,1,14.7,1,"","",15.1,1,"","","","","","","","","","","","","","","","","","","","",81,1,"","","","","","","","","","","","",13.5,1,"","","","","","","","","","","","","","","","","","","","","","","","","","","","","","","","","","","","","","","","","","","","","","","","","","","","","","","","","","","","","","","","","","","","","","","","","","","","","","","","","","","","","","","","","","","","","","","","","","","","","","","","","","","","","","","","","","","",""
"06163007","TENDE_SAPC",44.043167,7.586,636,2000091800,0.,1,"","","","","","","","","","","","","","","","","","","","","","","","","","","","","","","","","","",14.5,1,11.1,1,14.4,1,"","",14.7,1,"","","","","","","","","","","","","","","","","","","","",80,1,"","","","","","","","","","","","",13.2,1,"","","","","","","","","","","","","","","","","","","","","","","","","","","","","","","","","","","","","","","","","","","","","","","","","","","","","","","","","","","","","","","","","","","","","","","","","","","","","","","","","","","","","","","","","","","","","","","","","","","","","","","","","","","","","","","","","","","",""
"06163007","TENDE_SAPC",44.043167,7.586,636,2000091801,0.,1,"","","","","","","","","","","","","","","","","","","","","","","","","","","","","","","","","","",14.2,1,10.8,1,14.1,1,"","",14.5,1,"","","","","","","","","","","","","","","","","","","","",80,1,"","","","","","","","","","","","",12.9,1,"","","","","","","","","","","","","","","","","","","","","","","","","","","","","","","","","","","","","","","","","","","","","","","","","","","","","","","","","","","","","","","","","","","","","","","","","","","","","","","","","","","","","","","","","","","","","","","","","","","","","","","","","","","","","","","","","","","",""
"06163007","TENDE_SAPC",44.043167,7.586,636,2000091802,0.,1,"","","","","","","","","","","","","","","","","","","","","","","","","","","","","","","","","","",13.7,1,10.5,1,13.7,1,"","",14.2,1,"","","","","","","","","","","","","","","","","","","","",81,1,"","","","","","","","","","","","",12.7,1,"","","","","","","","","","","","","","","","","","","","","","","","","","","","","","","","","","","","","","","","","","","","","","","","","","","","","","","","","","","","","","","","","","","","","","","","","","","","","","","","","","","","","","","","","","","","","","","","","","","","","","","","","","","","","","","","","","","",""
"06163007","TENDE_SAPC",44.043167,7.586,636,2000091803,0.,1,"","","","","","","","","","","","","","","","","","","","","","","","","","","","","","","","","","",13.1,1,10.1,1,13.1,1,"","",13.7,1,"","","","","","","","","","","","","","","","","","","","",82,1,"","","","","","","","","","","","",12.3,1,"","","","","","","","","","","","","","","","","","","","","","","","","","","","","","","","","","","","","","","","","","","","","","","","","","","","","","","","","","","","","","","","","","","","","","","","","","","","","","","","","","","","","","","","","","","","","","","","","","","","","","","","","","","","","","","","","","","",""
"06163007","TENDE_SAPC",44.043167,7.586,636,2000091804,0.,1,"","","","","","","","","","","","","","","","","","","","","","","","","","","","","","","","","","",12.3,1,9.5,1,12.3,1,"","",13.1,1,"","","","","","","","","","","","","","","","","","","","",83,1,"","","","","","","","","","","","",11.9,1,"","","","","","","","","","","","","","","","","","","","","","","","","","","","","","","","","","","","","","","","","","","","","","","","","","","","","","","","","","","","","","","","","","","","","","","","","","","","","","","","","","","","","","","","","","","","","","","","","","","","","","","","","","","","","","","","","","","",""
"06163007","TENDE_SAPC",44.043167,7.586,636,2000091805,0.,1,"","","","","","","","","","","","","","","","","","","","","","","","","","","","","","","","","","",11.7,1,9.1,1,11.7,1,"","",12.3,1,"","","","","","","","","","","","","","","","","","","","",84,1,"","","","","","","","","","","","",11.5,1,"","","","","","","","","","","","","","","","","","","","","","","","","","","","","","","","","","","","","","","","","","","","","","","","","","","","","","","","","","","","","","","","","","","","","","","","","","","","","","","","","","","","","","","","","","","","","","","","","","","","","","","","","","","","","","","","","","","",""
"06163007","TENDE_SAPC",44.043167,7.586,636,2000091806,0.,1,"","","","","","","","","","","","","","","","","","","","","","","","","","","","","","","","","","",12.1,1,9.5,1,11.7,1,"","",12.1,1,"","","","","","","","","","","","","","","","","","","","",84,1,"","","","","","","","","","","","",11.8,1,"","","","","","","","","","","","","","","","","","","","","","","","","","","","","","","","","","","","","","","","","","","","","","","","","","","","","","","","","","","","","","","","","","","","","","","","","","","","","","","","","","","","","","","","","","","","","","","","","","","","","","","","","","","","","","","","","","","",""
"06163007","TENDE_SAPC",44.043167,7.586,636,2000091807,0.,1,"","","","","","","","","","","","","","","","","","","","","","","","","","","","","","","","","","",13.8,1,9.4,1,12.1,1,"","",13.8,1,"","","","","","","","","","","","","","","","","","","","",75,1,"","","","","","","","","","","","",11.8,1,"","","","","","","","","","","","","","","","","","","","","","","","","","","","","","","","","","","","","","","","","","","","","","","","","","","","","","","","","","","","","","","","","","","","","","","","","","","","","","","","","","","","","","","","","","","","","","","","","","","","","","","","","","","","","","","","","","","",""
"06163007","TENDE_SAPC",44.043167,7.586,636,2000091808,0.,1,"","","","","","","","","","","","","","","","","","","","","","","","","","","","","","","","","","",16.2,1,10.1,1,13.9,1,"","",16.2,1,"","","","","","","","","","","","","","","","","","","","",67,1,"","","","","","","","","","","","",12.3,1,"","","","","","","","","","","","","","","","","","","","","","","","","","","","","","","","","","","","","","","","","","","","","","","","","","","","","","","","","","","","","","","","","","","","","","","","","","","","","","","","","","","","","","","","","","","","","","","","","","","","","","","","","","","","","","","","","","","",""
"06163007","TENDE_SAPC",44.043167,7.586,636,2000091809,0.,1,"","","","","","","","","","","","","","","","","","","","","","","","","","","","","","","","","","",19.1,1,9.8,1,16.2,1,"","",19.1,1,"","","","","","","","","","","","","","","","","","","","",55,1,"","","","","","","","","","","","",12.1,1,"","","","","","","","","","","","","","","","","","","","","","","","","","","","","","","","","","","","","","","","","","","","","","","","","","","","","","","","","","","","","","","","","","","","","","","","","","","","","","","","","","","","","","","","","","","","","","","","","","","","","","","","","","","","","","","","","","","",""
"06163007","TENDE_SAPC",44.043167,7.586,636,2000091810,0.,1,"","","","","","","","","","","","","","","","","","","","","","","","","","","","","","","","","","",21.,1,10.2,1,19.1,1,"","",21.,1,"","","","","","","","","","","","","","","","","","","","",50,1,"","","","","","","","","","","","",12.4,1,"","","","","","","","","","","","","","","","","","","","","","","","","","","","","","","","","","","","","","","","","","","","","","","","","","","","","","","","","","","","","","","","","","","","","","","","","","","","","","","","","","","","","","","","","","","","","","","","","","","","","","","","","","","","","","","","","","","",""
"06163007","TENDE_SAPC",44.043167,7.586,636,2000091811,0.,1,"","","","","","","","","","","","","","","","","","","","","","","","","","","","","","","","","","",22.4,1,9.5,1,20.6,1,"","",22.4,1,"","","","","","","","","","","","","","","","","","","","",44,1,"","","","","","","","","","","","",11.9,1,"","","","","","","","","","","","","","","","","","","","","","","","","","","","","","","","","","","","","","","","","","","","","","","","","","","","","","","","","","","","","","","","","","","","","","","","","","","","","","","","","","","","","","","","","","","","","","","","","","","","","","","","","","","","","","","","","","","",""
"06163007","TENDE_SAPC",44.043167,7.586,636,2000091812,0.,1,"","","","","","","","","","","","","","","","","","","","","","","","","","","","","","","","","","",23.1,1,9.8,1,22.6,1,"","",23.4,1,"","","","","","","","","","","","","","","","","","","","",43,1,"","","","","","","","","","","","",12.1,1,"","","","","","","","","","","","","","","","","","","","","","","","","","","","","","","","","","","","","","","","","","","","","","","","","","","","","","","","","","","","","","","","","","","","","","","","","","","","","","","","","","","","","","","","","","","","","","","","","","","","","","","","","","","","","","","","","","","",""
"06163007","TENDE_SAPC",44.043167,7.586,636,2000091813,0.,1,"","","","","","","","","","","","","","","","","","","","","","","","","","","","","","","","","","",23.1,1,10.2,1,23.,1,"","",23.5,1,"","","","","","","","","","","","","","","","","","","","",44,1,"","","","","","","","","","","","",12.4,1,"","","","","","","","","","","","","","","","","","","","","","","","","","","","","","","","","","","","","","","","","","","","","","","","","","","","","","","","","","","","","","","","","","","","","","","","","","","","","","","","","","","","","","","","","","","","","","","","","","","","","","","","","","","","","","","","","","","",""
"06163007","TENDE_SAPC",44.043167,7.586,636,2000091814,0.,1,"","","","","","","","","","","","","","","","","","","","","","","","","","","","","","","","","","",22.1,1,12.1,1,22.1,1,"","",23.2,1,"","","","","","","","","","","","","","","","","","","","",53,1,"","","","","","","","","","","","",14.1,1,"","","","","","","","","","","","","","","","","","","","","","","","","","","","","","","","","","","","","","","","","","","","","","","","","","","","","","","","","","","","","","","","","","","","","","","","","","","","","","","","","","","","","","","","","","","","","","","","","","","","","","","","","","","","","","","","","","","",""
"06163007","TENDE_SAPC",44.043167,7.586,636,2000091815,0.6,1,"","","","","","","","","","","","","","","","","","","","","","","","","","","","","","","","","","",18.6,1,14.7,1,18.6,1,"","",22.,1,"","","","","","","","","","","","","","","","","","","","",78,1,"","","","","","","","","","","","",16.7,1,"","","","","","","","","","","","","","","","","","","","","","","","","","","","","","","","","","","","","","","","","","","","","","","","","","","","","","","","","","","","","","","","","","","","","","","","","","","","","","","","","","","","","","","","","","","","","","","","","","","","","","","","","","","","","","","","","","","",""
"06163007","TENDE_SAPC",44.043167,7.586,636,2000091816,22.8,1,"","","","","","","","","","","","","","","","","","","","","","","","","","","","","","","","","","",16.5,1,14.,1,16.4,1,"","",18.6,1,"","","","","","","","","","","","","","","","","","","","",85,1,"","","","","","","","","","","","",15.9,1,"","","","","","","","","","","","","","","","","","","","","","","","","","","","","","","","","","","","","","","","","","","","","","","","","","","","","","","","","","","","","","","","","","","","","","","","","","","","","","","","","","","","","","","","","","","","","","","","","","","","","","","","","","","","","","","","","","","",""
"06163007","TENDE_SAPC",44.043167,7.586,636,2000091817,1.8,1,"","","","","","","","","","","","","","","","","","","","","","","","","","","","","","","","","","",14.9,1,11.9,1,14.9,1,"","",16.7,1,"","","","","","","","","","","","","","","","","","","","",82,1,"","","","","","","","","","","","",13.9,1,"","","","","","","","","","","","","","","","","","","","","","","","","","","","","","","","","","","","","","","","","","","","","","","","","","","","","","","","","","","","","","","","","","","","","","","","","","","","","","","","","","","","","","","","","","","","","","","","","","","","","","","","","","","","","","","","","","","",""
"06163007","TENDE_SAPC",44.043167,7.586,636,2000091818,28.6,1,"","","","","","","","","","","","","","","","","","","","","","","","","","","","","","","","","","",12.2,1,9.9,1,11.7,1,"","",14.8,1,"","","","","","","","","","","","","","","","","","","","",86,1,"","","","","","","","","","","","",12.2,1,"","","","","","","","","","","","","","","","","","","","","","","","","","","","","","","","","","","","","","","","","","","","","","","","","","","","","","","","","","","","","","","","","","","","","","","","","","","","","","","","","","","","","","","","","","","","","","","","","","","","","","","","","","","","","","","","","","","",""
"06163007","TENDE_SAPC",44.043167,7.586,636,2000091819,4.2,1,"","","","","","","","","","","","","","","","","","","","","","","","","","","","","","","","","","",12.4,1,10.1,1,12.2,1,"","",12.4,1,"","","","","","","","","","","","","","","","","","","","",86,1,"","","","","","","","","","","","",12.4,1,"","","","","","","","","","","","","","","","","","","","","","","","","","","","","","","","","","","","","","","","","","","","","","","","","","","","","","","","","","","","","","","","","","","","","","","","","","","","","","","","","","","","","","","","","","","","","","","","","","","","","","","","","","","","","","","","","","","",""
"06163007","TENDE_SAPC",44.043167,7.586,636,2000091820,0.,1,"","","","","","","","","","","","","","","","","","","","","","","","","","","","","","","","","","",12.2,1,9.9,1,12.2,1,"","",12.4,1,"","","","","","","","","","","","","","","","","","","","",86,1,"","","","","","","","","","","","",12.2,1,"","","","","","","","","","","","","","","","","","","","","","","","","","","","","","","","","","","","","","","","","","","","","","","","","","","","","","","","","","","","","","","","","","","","","","","","","","","","","","","","","","","","","","","","","","","","","","","","","","","","","","","","","","","","","","","","","","","",""
"06163007","TENDE_SAPC",44.043167,7.586,636,2000091821,0.,1,"","","","","","","","","","","","","","","","","","","","","","","","","","","","","","","","","","",11.9,1,9.8,1,11.8,1,"","",12.2,1,"","","","","","","","","","","","","","","","","","","","",87,1,"","","","","","","","","","","","",12.1,1,"","","","","","","","","","","","","","","","","","","","","","","","","","","","","","","","","","","","","","","","","","","","","","","","","","","","","","","","","","","","","","","","","","","","","","","","","","","","","","","","","","","","","","","","","","","","","","","","","","","","","","","","","","","","","","","","","","","",""
"06163007","TENDE_SAPC",44.043167,7.586,636,2000091822,0.,1,"","","","","","","","","","","","","","","","","","","","","","","","","","","","","","","","","","",11.6,1,9.3,1,11.6,1,"","",11.9,1,"","","","","","","","","","","","","","","","","","","","",86,1,"","","","","","","","","","","","",11.7,1,"","","","","","","","","","","","","","","","","","","","","","","","","","","","","","","","","","","","","","","","","","","","","","","","","","","","","","","","","","","","","","","","","","","","","","","","","","","","","","","","","","","","","","","","","","","","","","","","","","","","","","","","","","","","","","","","","","","",""
"06163007","TENDE_SAPC",44.043167,7.586,636,2000091823,0.,1,"","","","","","","","","","","","","","","","","","","","","","","","","","","","","","","","","","",11.1,1,8.8,1,11.1,1,"","",11.6,1,"","","","","","","","","","","","","","","","","","","","",86,1,"","","","","","","","","","","","",11.3,1,"","","","","","","","","","","","","","","","","","","","","","","","","","","","","","","","","","","","","","","","","","","","","","","","","","","","","","","","","","","","","","","","","","","","","","","","","","","","","","","","","","","","","","","","","","","","","","","","","","","","","","","","","","","","","","","","","","","",""
"06163007","TENDE_SAPC",44.043167,7.586,636,2000091900,0.,1,"","","","","","","","","","","","","","","","","","","","","","","","","","","","","","","","","","",11.2,1,8.4,1,11.,1,"","",11.2,1,"","","","","","","","","","","","","","","","","","","","",83,1,"","","","","","","","","","","","",11.,1,"","","","","","","","","","","","","","","","","","","","","","","","","","","","","","","","","","","","","","","","","","","","","","","","","","","","","","","","","","","","","","","","","","","","","","","","","","","","","","","","","","","","","","","","","","","","","","","","","","","","","","","","","","","","","","","","","","","",""
"06163007","TENDE_SAPC",44.043167,7.586,636,2000091901,0.,1,"","","","","","","","","","","","","","","","","","","","","","","","","","","","","","","","","","",11.,1,8.4,1,10.9,1,"","",11.2,1,"","","","","","","","","","","","","","","","","","","","",84,1,"","","","","","","","","","","","",11.,1,"","","","","","","","","","","","","","","","","","","","","","","","","","","","","","","","","","","","","","","","","","","","","","","","","","","","","","","","","","","","","","","","","","","","","","","","","","","","","","","","","","","","","","","","","","","","","","","","","","","","","","","","","","","","","","","","","","","",""
"06163007","TENDE_SAPC",44.043167,7.586,636,2000091902,0.,1,"","","","","","","","","","","","","","","","","","","","","","","","","","","","","","","","","","",10.5,1,8.3,1,10.5,1,"","",11.,1,"","","","","","","","","","","","","","","","","","","","",86,1,"","","","","","","","","","","","",10.9,1,"","","","","","","","","","","","","","","","","","","","","","","","","","","","","","","","","","","","","","","","","","","","","","","","","","","","","","","","","","","","","","","","","","","","","","","","","","","","","","","","","","","","","","","","","","","","","","","","","","","","","","","","","","","","","","","","","","","",""
"06163007","TENDE_SAPC",44.043167,7.586,636,2000091903,0.2,1,"","","","","","","","","","","","","","","","","","","","","","","","","","","","","","","","","","",10.6,1,8.2,1,10.5,1,"","",10.6,1,"","","","","","","","","","","","","","","","","","","","",85,1,"","","","","","","","","","","","",10.8,1,"","","","","","","","","","","","","","","","","","","","","","","","","","","","","","","","","","","","","","","","","","","","","","","","","","","","","","","","","","","","","","","","","","","","","","","","","","","","","","","","","","","","","","","","","","","","","","","","","","","","","","","","","","","","","","","","","","","",""
"06163007","TENDE_SAPC",44.043167,7.586,636,2000091904,0.,1,"","","","","","","","","","","","","","","","","","","","","","","","","","","","","","","","","","",10.5,1,7.9,1,10.5,1,"","",10.6,1,"","","","","","","","","","","","","","","","","","","","",84,1,"","","","","","","","","","","","",10.6,1,"","","","","","","","","","","","","","","","","","","","","","","","","","","","","","","","","","","","","","","","","","","","","","","","","","","","","","","","","","","","","","","","","","","","","","","","","","","","","","","","","","","","","","","","","","","","","","","","","","","","","","","","","","","","","","","","","","","",""
"06163007","TENDE_SAPC",44.043167,7.586,636,2000091905,0.,1,"","","","","","","","","","","","","","","","","","","","","","","","","","","","","","","","","","",10.2,1,7.8,1,10.,1,"","",10.4,1,"","","","","","","","","","","","","","","","","","","","",85,1,"","","","","","","","","","","","",10.6,1,"","","","","","","","","","","","","","","","","","","","","","","","","","","","","","","","","","","","","","","","","","","","","","","","","","","","","","","","","","","","","","","","","","","","","","","","","","","","","","","","","","","","","","","","","","","","","","","","","","","","","","","","","","","","","","","","","","","",""
"06163007","TENDE_SAPC",44.043167,7.586,636,2000091906,0.,1,"","","","","","","","","","","","","","","","","","","","","","","","","","","","","","","","","","",10.2,1,7.8,1,10.,1,"","",10.2,1,"","","","","","","","","","","","","","","","","","","","",85,1,"","","","","","","","","","","","",10.6,1,"","","","","","","","","","","","","","","","","","","","","","","","","","","","","","","","","","","","","","","","","","","","","","","","","","","","","","","","","","","","","","","","","","","","","","","","","","","","","","","","","","","","","","","","","","","","","","","","","","","","","","","","","","","","","","","","","","","",""
"06163007","TENDE_SAPC",44.043167,7.586,636,2000091907,0.,1,"","","","","","","","","","","","","","","","","","","","","","","","","","","","","","","","","","",10.9,1,8.6,1,10.2,1,"","",10.9,1,"","","","","","","","","","","","","","","","","","","","",86,1,"","","","","","","","","","","","",11.2,1,"","","","","","","","","","","","","","","","","","","","","","","","","","","","","","","","","","","","","","","","","","","","","","","","","","","","","","","","","","","","","","","","","","","","","","","","","","","","","","","","","","","","","","","","","","","","","","","","","","","","","","","","","","","","","","","","","","","",""
"06163007","TENDE_SAPC",44.043167,7.586,636,2000091908,0.,1,"","","","","","","","","","","","","","","","","","","","","","","","","","","","","","","","","","",12.8,1,9.6,1,10.9,1,"","",12.8,1,"","","","","","","","","","","","","","","","","","","","",81,1,"","","","","","","","","","","","",12.,1,"","","","","","","","","","","","","","","","","","","","","","","","","","","","","","","","","","","","","","","","","","","","","","","","","","","","","","","","","","","","","","","","","","","","","","","","","","","","","","","","","","","","","","","","","","","","","","","","","","","","","","","","","","","","","","","","","","","",""
"06163007","TENDE_SAPC",44.043167,7.586,636,2000091909,0.,1,"","","","","","","","","","","","","","","","","","","","","","","","","","","","","","","","","","",14.7,1,10.3,1,12.8,1,"","",14.8,1,"","","","","","","","","","","","","","","","","","","","",75,1,"","","","","","","","","","","","",12.5,1,"","","","","","","","","","","","","","","","","","","","","","","","","","","","","","","","","","","","","","","","","","","","","","","","","","","","","","","","","","","","","","","","","","","","","","","","","","","","","","","","","","","","","","","","","","","","","","","","","","","","","","","","","","","","","","","","","","","",""
"06163007","TENDE_SAPC",44.043167,7.586,636,2000091910,0.,1,"","","","","","","","","","","","","","","","","","","","","","","","","","","","","","","","","","",18.2,1,10.6,1,14.7,1,"","",18.2,1,"","","","","","","","","","","","","","","","","","","","",61,1,"","","","","","","","","","","","",12.7,1,"","","","","","","","","","","","","","","","","","","","","","","","","","","","","","","","","","","","","","","","","","","","","","","","","","","","","","","","","","","","","","","","","","","","","","","","","","","","","","","","","","","","","","","","","","","","","","","","","","","","","","","","","","","","","","","","","","","",""
"06163007","TENDE_SAPC",44.043167,7.586,636,2000091911,0.,1,"","","","","","","","","","","","","","","","","","","","","","","","","","","","","","","","","","",22.1,1,8.2,1,18.4,1,"","",22.1,1,"","","","","","","","","","","","","","","","","","","","",41,1,"","","","","","","","","","","","",10.9,1,"","","","","","","","","","","","","","","","","","","","","","","","","","","","","","","","","","","","","","","","","","","","","","","","","","","","","","","","","","","","","","","","","","","","","","","","","","","","","","","","","","","","","","","","","","","","","","","","","","","","","","","","","","","","","","","","","","","",""
"06163007","TENDE_SAPC",44.043167,7.586,636,2000091912,0.,1,"","","","","","","","","","","","","","","","","","","","","","","","","","","","","","","","","","",21.1,1,9.7,1,21.1,1,"","",22.5,1,"","","","","","","","","","","","","","","","","","","","",48,1,"","","","","","","","","","","","",12.,1,"","","","","","","","","","","","","","","","","","","","","","","","","","","","","","","","","","","","","","","","","","","","","","","","","","","","","","","","","","","","","","","","","","","","","","","","","","","","","","","","","","","","","","","","","","","","","","","","","","","","","","","","","","","","","","","","","","","",""
"06163007","TENDE_SAPC",44.043167,7.586,636,2000091913,0.,1,"","","","","","","","","","","","","","","","","","","","","","","","","","","","","","","","","","",20.4,1,10.2,1,20.4,1,"","",21.4,1,"","","","","","","","","","","","","","","","","","","","",52,1,"","","","","","","","","","","","",12.4,1,"","","","","","","","","","","","","","","","","","","","","","","","","","","","","","","","","","","","","","","","","","","","","","","","","","","","","","","","","","","","","","","","","","","","","","","","","","","","","","","","","","","","","","","","","","","","","","","","","","","","","","","","","","","","","","","","","","","",""
"06163007","TENDE_SAPC",44.043167,7.586,636,2000091914,0.,1,"","","","","","","","","","","","","","","","","","","","","","","","","","","","","","","","","","",19.9,1,10.3,1,19.9,1,"","",20.5,1,"","","","","","","","","","","","","","","","","","","","",54,1,"","","","","","","","","","","","",12.5,1,"","","","","","","","","","","","","","","","","","","","","","","","","","","","","","","","","","","","","","","","","","","","","","","","","","","","","","","","","","","","","","","","","","","","","","","","","","","","","","","","","","","","","","","","","","","","","","","","","","","","","","","","","","","","","","","","","","","",""
"06163007","TENDE_SAPC",44.043167,7.586,636,2000091915,0.,1,"","","","","","","","","","","","","","","","","","","","","","","","","","","","","","","","","","",19.,1,8.6,1,19.,1,"","",19.9,1,"","","","","","","","","","","","","","","","","","","","",51,1,"","","","","","","","","","","","",11.2,1,"","","","","","","","","","","","","","","","","","","","","","","","","","","","","","","","","","","","","","","","","","","","","","","","","","","","","","","","","","","","","","","","","","","","","","","","","","","","","","","","","","","","","","","","","","","","","","","","","","","","","","","","","","","","","","","","","","","",""
"06163007","TENDE_SAPC",44.043167,7.586,636,2000091916,1.,1,"","","","","","","","","","","","","","","","","","","","","","","","","","","","","","","","","","",15.9,1,12.1,1,15.9,1,"","",18.9,1,"","","","","","","","","","","","","","","","","","","","",78,1,"","","","","","","","","","","","",14.1,1,"","","","","","","","","","","","","","","","","","","","","","","","","","","","","","","","","","","","","","","","","","","","","","","","","","","","","","","","","","","","","","","","","","","","","","","","","","","","","","","","","","","","","","","","","","","","","","","","","","","","","","","","","","","","","","","","","","","",""
"06163007","TENDE_SAPC",44.043167,7.586,636,2000091917,1.,1,"","","","","","","","","","","","","","","","","","","","","","","","","","","","","","","","","","",15.,1,12.5,1,15.,1,"","",15.8,1,"","","","","","","","","","","","","","","","","","","","",85,1,"","","","","","","","","","","","",14.5,1,"","","","","","","","","","","","","","","","","","","","","","","","","","","","","","","","","","","","","","","","","","","","","","","","","","","","","","","","","","","","","","","","","","","","","","","","","","","","","","","","","","","","","","","","","","","","","","","","","","","","","","","","","","","","","","","","","","","",""
"06163007","TENDE_SAPC",44.043167,7.586,636,2000091918,0.,1,"","","","","","","","","","","","","","","","","","","","","","","","","","","","","","","","","","",14.5,1,12.2,1,14.5,1,"","",15.,1,"","","","","","","","","","","","","","","","","","","","",86,1,"","","","","","","","","","","","",14.2,1,"","","","","","","","","","","","","","","","","","","","","","","","","","","","","","","","","","","","","","","","","","","","","","","","","","","","","","","","","","","","","","","","","","","","","","","","","","","","","","","","","","","","","","","","","","","","","","","","","","","","","","","","","","","","","","","","","","","",""
"06163007","TENDE_SAPC",44.043167,7.586,636,2000091919,0.,1,"","","","","","","","","","","","","","","","","","","","","","","","","","","","","","","","","","",14.3,1,12.,1,14.3,1,"","",14.6,1,"","","","","","","","","","","","","","","","","","","","",86,1,"","","","","","","","","","","","",14.,1,"","","","","","","","","","","","","","","","","","","","","","","","","","","","","","","","","","","","","","","","","","","","","","","","","","","","","","","","","","","","","","","","","","","","","","","","","","","","","","","","","","","","","","","","","","","","","","","","","","","","","","","","","","","","","","","","","","","",""
"06163007","TENDE_SAPC",44.043167,7.586,636,2000091920,0.,1,"","","","","","","","","","","","","","","","","","","","","","","","","","","","","","","","","","",14.3,1,12.2,1,14.2,1,"","",14.3,1,"","","","","","","","","","","","","","","","","","","","",87,1,"","","","","","","","","","","","",14.2,1,"","","","","","","","","","","","","","","","","","","","","","","","","","","","","","","","","","","","","","","","","","","","","","","","","","","","","","","","","","","","","","","","","","","","","","","","","","","","","","","","","","","","","","","","","","","","","","","","","","","","","","","","","","","","","","","","","","","",""
"06163007","TENDE_SAPC",44.043167,7.586,636,2000091921,0.,1,"","","","","","","","","","","","","","","","","","","","","","","","","","","","","","","","","","",14.2,1,12.2,1,14.2,1,"","",14.3,1,"","","","","","","","","","","","","","","","","","","","",88,1,"","","","","","","","","","","","",14.2,1,"","","","","","","","","","","","","","","","","","","","","","","","","","","","","","","","","","","","","","","","","","","","","","","","","","","","","","","","","","","","","","","","","","","","","","","","","","","","","","","","","","","","","","","","","","","","","","","","","","","","","","","","","","","","","","","","","","","",""
"06163007","TENDE_SAPC",44.043167,7.586,636,2000091922,0.,1,"","","","","","","","","","","","","","","","","","","","","","","","","","","","","","","","","","",14.2,1,12.2,1,14.2,1,"","",14.3,1,"","","","","","","","","","","","","","","","","","","","",88,1,"","","","","","","","","","","","",14.2,1,"","","","","","","","","","","","","","","","","","","","","","","","","","","","","","","","","","","","","","","","","","","","","","","","","","","","","","","","","","","","","","","","","","","","","","","","","","","","","","","","","","","","","","","","","","","","","","","","","","","","","","","","","","","","","","","","","","","",""
"06163007","TENDE_SAPC",44.043167,7.586,636,2000091923,0.,1,"","","","","","","","","","","","","","","","","","","","","","","","","","","","","","","","","","",14.2,1,12.2,1,14.1,1,"","",14.2,1,"","","","","","","","","","","","","","","","","","","","",88,1,"","","","","","","","","","","","",14.2,1,"","","","","","","","","","","","","","","","","","","","","","","","","","","","","","","","","","","","","","","","","","","","","","","","","","","","","","","","","","","","","","","","","","","","","","","","","","","","","","","","","","","","","","","","","","","","","","","","","","","","","","","","","","","","","","","","","","","",""
"06163007","TENDE_SAPC",44.043167,7.586,636,2000092000,0.,1,"","","","","","","","","","","","","","","","","","","","","","","","","","","","","","","","","","",14.2,1,12.2,1,14.1,1,"","",14.2,1,"","","","","","","","","","","","","","","","","","","","",88,1,"","","","","","","","","","","","",14.2,1,"","","","","","","","","","","","","","","","","","","","","","","","","","","","","","","","","","","","","","","","","","","","","","","","","","","","","","","","","","","","","","","","","","","","","","","","","","","","","","","","","","","","","","","","","","","","","","","","","","","","","","","","","","","","","","","","","","","",""
"06163007","TENDE_SAPC",44.043167,7.586,636,2000092001,0.,1,"","","","","","","","","","","","","","","","","","","","","","","","","","","","","","","","","","",14.1,1,12.1,1,14.,1,"","",14.2,1,"","","","","","","","","","","","","","","","","","","","",88,1,"","","","","","","","","","","","",14.1,1,"","","","","","","","","","","","","","","","","","","","","","","","","","","","","","","","","","","","","","","","","","","","","","","","","","","","","","","","","","","","","","","","","","","","","","","","","","","","","","","","","","","","","","","","","","","","","","","","","","","","","","","","","","","","","","","","","","","",""
"06163007","TENDE_SAPC",44.043167,7.586,636,2000092002,0.,1,"","","","","","","","","","","","","","","","","","","","","","","","","","","","","","","","","","",13.9,1,11.9,1,13.9,1,"","",14.1,1,"","","","","","","","","","","","","","","","","","","","",88,1,"","","","","","","","","","","","",13.9,1,"","","","","","","","","","","","","","","","","","","","","","","","","","","","","","","","","","","","","","","","","","","","","","","","","","","","","","","","","","","","","","","","","","","","","","","","","","","","","","","","","","","","","","","","","","","","","","","","","","","","","","","","","","","","","","","","","","","",""
"06163007","TENDE_SAPC",44.043167,7.586,636,2000092003,0.2,1,"","","","","","","","","","","","","","","","","","","","","","","","","","","","","","","","","","",13.9,1,11.9,1,13.9,1,"","",14.,1,"","","","","","","","","","","","","","","","","","","","",88,1,"","","","","","","","","","","","",13.9,1,"","","","","","","","","","","","","","","","","","","","","","","","","","","","","","","","","","","","","","","","","","","","","","","","","","","","","","","","","","","","","","","","","","","","","","","","","","","","","","","","","","","","","","","","","","","","","","","","","","","","","","","","","","","","","","","","","","","",""
"06163007","TENDE_SAPC",44.043167,7.586,636,2000092004,0.,1,"","","","","","","","","","","","","","","","","","","","","","","","","","","","","","","","","","",13.,1,11.1,1,13.,1,"","",13.9,1,"","","","","","","","","","","","","","","","","","","","",88,1,"","","","","","","","","","","","",13.2,1,"","","","","","","","","","","","","","","","","","","","","","","","","","","","","","","","","","","","","","","","","","","","","","","","","","","","","","","","","","","","","","","","","","","","","","","","","","","","","","","","","","","","","","","","","","","","","","","","","","","","","","","","","","","","","","","","","","","",""
"06163007","TENDE_SAPC",44.043167,7.586,636,2000092005,0.,1,"","","","","","","","","","","","","","","","","","","","","","","","","","","","","","","","","","",12.4,1,10.6,1,12.4,1,"","",12.9,1,"","","","","","","","","","","","","","","","","","","","",89,1,"","","","","","","","","","","","",12.8,1,"","","","","","","","","","","","","","","","","","","","","","","","","","","","","","","","","","","","","","","","","","","","","","","","","","","","","","","","","","","","","","","","","","","","","","","","","","","","","","","","","","","","","","","","","","","","","","","","","","","","","","","","","","","","","","","","","","","",""
"06163007","TENDE_SAPC",44.043167,7.586,636,2000092006,0.,1,"","","","","","","","","","","","","","","","","","","","","","","","","","","","","","","","","","",12.7,1,10.9,1,12.3,1,"","",12.7,1,"","","","","","","","","","","","","","","","","","","","",89,1,"","","","","","","","","","","","",13.,1,"","","","","","","","","","","","","","","","","","","","","","","","","","","","","","","","","","","","","","","","","","","","","","","","","","","","","","","","","","","","","","","","","","","","","","","","","","","","","","","","","","","","","","","","","","","","","","","","","","","","","","","","","","","","","","","","","","","",""
"06163007","TENDE_SAPC",44.043167,7.586,636,2000092007,0.,1,"","","","","","","","","","","","","","","","","","","","","","","","","","","","","","","","","","",13.6,1,11.6,1,12.7,1,"","",13.6,1,"","","","","","","","","","","","","","","","","","","","",88,1,"","","","","","","","","","","","",13.7,1,"","","","","","","","","","","","","","","","","","","","","","","","","","","","","","","","","","","","","","","","","","","","","","","","","","","","","","","","","","","","","","","","","","","","","","","","","","","","","","","","","","","","","","","","","","","","","","","","","","","","","","","","","","","","","","","","","","","",""
"06163007","TENDE_SAPC",44.043167,7.586,636,2000092008,0.,1,"","","","","","","","","","","","","","","","","","","","","","","","","","","","","","","","","","",15.4,1,12.7,1,13.6,1,"","",15.4,1,"","","","","","","","","","","","","","","","","","","","",84,1,"","","","","","","","","","","","",14.7,1,"","","","","","","","","","","","","","","","","","","","","","","","","","","","","","","","","","","","","","","","","","","","","","","","","","","","","","","","","","","","","","","","","","","","","","","","","","","","","","","","","","","","","","","","","","","","","","","","","","","","","","","","","","","","","","","","","","","",""
"06163007","TENDE_SAPC",44.043167,7.586,636,2000092009,0.,1,"","","","","","","","","","","","","","","","","","","","","","","","","","","","","","","","","","",18.2,1,14.1,1,15.3,1,"","",18.2,1,"","","","","","","","","","","","","","","","","","","","",77,1,"","","","","","","","","","","","",16.1,1,"","","","","","","","","","","","","","","","","","","","","","","","","","","","","","","","","","","","","","","","","","","","","","","","","","","","","","","","","","","","","","","","","","","","","","","","","","","","","","","","","","","","","","","","","","","","","","","","","","","","","","","","","","","","","","","","","","","",""
"06163007","TENDE_SAPC",44.043167,7.586,636,2000092010,0.,1,"","","","","","","","","","","","","","","","","","","","","","","","","","","","","","","","","","",21.6,1,11.3,1,18.2,1,"","",21.6,1,"","","","","","","","","","","","","","","","","","","","",52,1,"","","","","","","","","","","","",13.4,1,"","","","","","","","","","","","","","","","","","","","","","","","","","","","","","","","","","","","","","","","","","","","","","","","","","","","","","","","","","","","","","","","","","","","","","","","","","","","","","","","","","","","","","","","","","","","","","","","","","","","","","","","","","","","","","","","","","","",""
"06163007","TENDE_SAPC",44.043167,7.586,636,2000092011,0.,1,"","","","","","","","","","","","","","","","","","","","","","","","","","","","","","","","","","",21.5,1,10.6,1,21.4,1,"","",22.4,1,"","","","","","","","","","","","","","","","","","","","",50,1,"","","","","","","","","","","","",12.8,1,"","","","","","","","","","","","","","","","","","","","","","","","","","","","","","","","","","","","","","","","","","","","","","","","","","","","","","","","","","","","","","","","","","","","","","","","","","","","","","","","","","","","","","","","","","","","","","","","","","","","","","","","","","","","","","","","","","","",""
"06163007","TENDE_SAPC",44.043167,7.586,636,2000092012,0.,1,"","","","","","","","","","","","","","","","","","","","","","","","","","","","","","","","","","",20.5,1,11.4,1,20.3,1,"","",21.5,1,"","","","","","","","","","","","","","","","","","","","",56,1,"","","","","","","","","","","","",13.5,1,"","","","","","","","","","","","","","","","","","","","","","","","","","","","","","","","","","","","","","","","","","","","","","","","","","","","","","","","","","","","","","","","","","","","","","","","","","","","","","","","","","","","","","","","","","","","","","","","","","","","","","","","","","","","","","","","","","","",""
"06163007","TENDE_SAPC",44.043167,7.586,636,2000092013,"","","","","","","","","","","","","","","","","","","","","","","","","","","","","","","","","","","","",16.7,1,13.2,1,"","","","","","","","","","","","","","","","","","","","","","","","","","",80,1,"","","","","","","","","","","","",15.2,1,"","","","","","","","","","","","","","","","","","","","","","","","","","","","","","","","","","","","","","","","","","","","","","","","","","","","","","","","","","","","","","","","","","","","","","","","","","","","","","","","","","","","","","","","","","","","","","","","","","","","","","","","","","","","","","","","","","","",""
"06163007","TENDE_SAPC",44.043167,7.586,636,2000092014,3.4,1,"","","","","","","","","","","","","","","","","","","","","","","","","","","","","","","","","","",17.1,1,13.4,1,16.1,1,"","",17.1,1,"","","","","","","","","","","","","","","","","","","","",79,1,"","","","","","","","","","","","",15.4,1,"","","","","","","","","","","","","","","","","","","","","","","","","","","","","","","","","","","","","","","","","","","","","","","","","","","","","","","","","","","","","","","","","","","","","","","","","","","","","","","","","","","","","","","","","","","","","","","","","","","","","","","","","","","","","","","","","","","",""
"06163007","TENDE_SAPC",44.043167,7.586,636,2000092015,"","","","","","","","","","","","","","","","","","","","","","","","","","","","","","","","","","","","",17.2,1,13.7,1,"","","","","","","","","","","","","","","","","","","","","","","","","","",80,1,"","","","","","","","","","","","",15.7,1,"","","","","","","","","","","","","","","","","","","","","","","","","","","","","","","","","","","","","","","","","","","","","","","","","","","","","","","","","","","","","","","","","","","","","","","","","","","","","","","","","","","","","","","","","","","","","","","","","","","","","","","","","","","","","","","","","","","",""
"06163007","TENDE_SAPC",44.043167,7.586,636,2000092016,1.2,1,"","","","","","","","","","","","","","","","","","","","","","","","","","","","","","","","","","",16.8,1,14.1,1,16.8,1,"","",17.1,1,"","","","","","","","","","","","","","","","","","","","",84,1,"","","","","","","","","","","","",16.,1,"","","","","","","","","","","","","","","","","","","","","","","","","","","","","","","","","","","","","","","","","","","","","","","","","","","","","","","","","","","","","","","","","","","","","","","","","","","","","","","","","","","","","","","","","","","","","","","","","","","","","","","","","","","","","","","","","","","",""
"06163007","TENDE_SAPC",44.043167,7.586,636,2000092017,5.2,1,"","","","","","","","","","","","","","","","","","","","","","","","","","","","","","","","","","",16.4,1,14.1,1,16.2,1,"","",16.8,1,"","","","","","","","","","","","","","","","","","","","",86,1,"","","","","","","","","","","","",16.,1,"","","","","","","","","","","","","","","","","","","","","","","","","","","","","","","","","","","","","","","","","","","","","","","","","","","","","","","","","","","","","","","","","","","","","","","","","","","","","","","","","","","","","","","","","","","","","","","","","","","","","","","","","","","","","","","","","","","",""
"06163007","TENDE_SAPC",44.043167,7.586,636,2000092018,"","","","","","","","","","","","","","","","","","","","","","","","","","","","","","","","","","","","",15.2,1,12.9,1,"","","","","","","","","","","","","","","","","","","","","","","","","","",86,1,"","","","","","","","","","","","",14.8,1,"","","","","","","","","","","","","","","","","","","","","","","","","","","","","","","","","","","","","","","","","","","","","","","","","","","","","","","","","","","","","","","","","","","","","","","","","","","","","","","","","","","","","","","","","","","","","","","","","","","","","","","","","","","","","","","","","","","",""
"06163007","TENDE_SAPC",44.043167,7.586,636,2000092019,0.,1,"","","","","","","","","","","","","","","","","","","","","","","","","","","","","","","","","","",13.8,1,11.7,1,13.8,1,"","",15.2,1,"","","","","","","","","","","","","","","","","","","","",87,1,"","","","","","","","","","","","",13.7,1,"","","","","","","","","","","","","","","","","","","","","","","","","","","","","","","","","","","","","","","","","","","","","","","","","","","","","","","","","","","","","","","","","","","","","","","","","","","","","","","","","","","","","","","","","","","","","","","","","","","","","","","","","","","","","","","","","","","",""
"06163007","TENDE_SAPC",44.043167,7.586,636,2000092020,0.,1,"","","","","","","","","","","","","","","","","","","","","","","","","","","","","","","","","","",12.5,1,10.4,1,12.5,1,"","",13.8,1,"","","","","","","","","","","","","","","","","","","","",87,1,"","","","","","","","","","","","",12.6,1,"","","","","","","","","","","","","","","","","","","","","","","","","","","","","","","","","","","","","","","","","","","","","","","","","","","","","","","","","","","","","","","","","","","","","","","","","","","","","","","","","","","","","","","","","","","","","","","","","","","","","","","","","","","","","","","","","","","",""
"06163007","TENDE_SAPC",44.043167,7.586,636,2000092021,0.,1,"","","","","","","","","","","","","","","","","","","","","","","","","","","","","","","","","","",11.1,1,9.,1,11.1,1,"","",12.4,1,"","","","","","","","","","","","","","","","","","","","",87,1,"","","","","","","","","","","","",11.5,1,"","","","","","","","","","","","","","","","","","","","","","","","","","","","","","","","","","","","","","","","","","","","","","","","","","","","","","","","","","","","","","","","","","","","","","","","","","","","","","","","","","","","","","","","","","","","","","","","","","","","","","","","","","","","","","","","","","","",""
"06163007","TENDE_SAPC",44.043167,7.586,636,2000092022,0.,1,"","","","","","","","","","","","","","","","","","","","","","","","","","","","","","","","","","",10.2,1,8.1,1,10.2,1,"","",11.1,1,"","","","","","","","","","","","","","","","","","","","",87,1,"","","","","","","","","","","","",10.8,1,"","","","","","","","","","","","","","","","","","","","","","","","","","","","","","","","","","","","","","","","","","","","","","","","","","","","","","","","","","","","","","","","","","","","","","","","","","","","","","","","","","","","","","","","","","","","","","","","","","","","","","","","","","","","","","","","","","","",""
"06163007","TENDE_SAPC",44.043167,7.586,636,2000092023,0.,1,"","","","","","","","","","","","","","","","","","","","","","","","","","","","","","","","","","",9.3,1,7.1,1,9.3,1,"","",10.2,1,"","","","","","","","","","","","","","","","","","","","",86,1,"","","","","","","","","","","","",10.1,1,"","","","","","","","","","","","","","","","","","","","","","","","","","","","","","","","","","","","","","","","","","","","","","","","","","","","","","","","","","","","","","","","","","","","","","","","","","","","","","","","","","","","","","","","","","","","","","","","","","","","","","","","","","","","","","","","","","","",""
"06163007","TENDE_SAPC",44.043167,7.586,636,2000092100,0.2,1,"","","","","","","","","","","","","","","","","","","","","","","","","","","","","","","","","","",8.9,1,6.9,1,8.8,1,"","",9.2,1,"","","","","","","","","","","","","","","","","","","","",87,1,"","","","","","","","","","","","",9.9,1,"","","","","","","","","","","","","","","","","","","","","","","","","","","","","","","","","","","","","","","","","","","","","","","","","","","","","","","","","","","","","","","","","","","","","","","","","","","","","","","","","","","","","","","","","","","","","","","","","","","","","","","","","","","","","","","","","","","",""
"06163007","TENDE_SAPC",44.043167,7.586,636,2000092101,0.,1,"","","","","","","","","","","","","","","","","","","","","","","","","","","","","","","","","","",8.4,1,6.2,1,8.4,1,"","",8.8,1,"","","","","","","","","","","","","","","","","","","","",86,1,"","","","","","","","","","","","",9.5,1,"","","","","","","","","","","","","","","","","","","","","","","","","","","","","","","","","","","","","","","","","","","","","","","","","","","","","","","","","","","","","","","","","","","","","","","","","","","","","","","","","","","","","","","","","","","","","","","","","","","","","","","","","","","","","","","","","","","",""
"06163007","TENDE_SAPC",44.043167,7.586,636,2000092102,0.,1,"","","","","","","","","","","","","","","","","","","","","","","","","","","","","","","","","","",9.5,1,6.2,1,8.3,1,"","",9.5,1,"","","","","","","","","","","","","","","","","","","","",80,1,"","","","","","","","","","","","",9.5,1,"","","","","","","","","","","","","","","","","","","","","","","","","","","","","","","","","","","","","","","","","","","","","","","","","","","","","","","","","","","","","","","","","","","","","","","","","","","","","","","","","","","","","","","","","","","","","","","","","","","","","","","","","","","","","","","","","","","",""
"06163007","TENDE_SAPC",44.043167,7.586,636,2000092103,0.,1,"","","","","","","","","","","","","","","","","","","","","","","","","","","","","","","","","","",11.6,1,6.7,1,9.5,1,"","",11.8,1,"","","","","","","","","","","","","","","","","","","","",72,1,"","","","","","","","","","","","",9.8,1,"","","","","","","","","","","","","","","","","","","","","","","","","","","","","","","","","","","","","","","","","","","","","","","","","","","","","","","","","","","","","","","","","","","","","","","","","","","","","","","","","","","","","","","","","","","","","","","","","","","","","","","","","","","","","","","","","","","",""
"06163007","TENDE_SAPC",44.043167,7.586,636,2000092104,0.2,1,"","","","","","","","","","","","","","","","","","","","","","","","","","","","","","","","","","",11.7,1,5.6,1,10.8,1,"","",11.8,1,"","","","","","","","","","","","","","","","","","","","",66,1,"","","","","","","","","","","","",9.1,1,"","","","","","","","","","","","","","","","","","","","","","","","","","","","","","","","","","","","","","","","","","","","","","","","","","","","","","","","","","","","","","","","","","","","","","","","","","","","","","","","","","","","","","","","","","","","","","","","","","","","","","","","","","","","","","","","","","","",""
"06163007","TENDE_SAPC",44.043167,7.586,636,2000092105,0.4,1,"","","","","","","","","","","","","","","","","","","","","","","","","","","","","","","","","","",10.5,1,6.1,1,10.4,1,"","",11.9,1,"","","","","","","","","","","","","","","","","","","","",74,1,"","","","","","","","","","","","",9.4,1,"","","","","","","","","","","","","","","","","","","","","","","","","","","","","","","","","","","","","","","","","","","","","","","","","","","","","","","","","","","","","","","","","","","","","","","","","","","","","","","","","","","","","","","","","","","","","","","","","","","","","","","","","","","","","","","","","","","",""
"06163007","TENDE_SAPC",44.043167,7.586,636,2000092106,0.,1,"","","","","","","","","","","","","","","","","","","","","","","","","","","","","","","","","","",9.2,1,6.3,1,9.2,1,"","",10.5,1,"","","","","","","","","","","","","","","","","","","","",82,1,"","","","","","","","","","","","",9.5,1,"","","","","","","","","","","","","","","","","","","","","","","","","","","","","","","","","","","","","","","","","","","","","","","","","","","","","","","","","","","","","","","","","","","","","","","","","","","","","","","","","","","","","","","","","","","","","","","","","","","","","","","","","","","","","","","","","","","",""
"06163007","TENDE_SAPC",44.043167,7.586,636,2000092107,0.,1,"","","","","","","","","","","","","","","","","","","","","","","","","","","","","","","","","","",10.,1,6.7,1,8.9,1,"","",10.,1,"","","","","","","","","","","","","","","","","","","","",80,1,"","","","","","","","","","","","",9.8,1,"","","","","","","","","","","","","","","","","","","","","","","","","","","","","","","","","","","","","","","","","","","","","","","","","","","","","","","","","","","","","","","","","","","","","","","","","","","","","","","","","","","","","","","","","","","","","","","","","","","","","","","","","","","","","","","","","","","",""
"06163007","TENDE_SAPC",44.043167,7.586,636,2000092108,0.,1,"","","","","","","","","","","","","","","","","","","","","","","","","","","","","","","","","","",11.,1,6.9,1,10.,1,"","",11.3,1,"","","","","","","","","","","","","","","","","","","","",76,1,"","","","","","","","","","","","",10.,1,"","","","","","","","","","","","","","","","","","","","","","","","","","","","","","","","","","","","","","","","","","","","","","","","","","","","","","","","","","","","","","","","","","","","","","","","","","","","","","","","","","","","","","","","","","","","","","","","","","","","","","","","","","","","","","","","","","","",""
"06163007","TENDE_SAPC",44.043167,7.586,636,2000092109,0.,1,"","","","","","","","","","","","","","","","","","","","","","","","","","","","","","","","","","",13.8,1,6.9,1,10.4,1,"","",13.8,1,"","","","","","","","","","","","","","","","","","","","",63,1,"","","","","","","","","","","","",9.9,1,"","","","","","","","","","","","","","","","","","","","","","","","","","","","","","","","","","","","","","","","","","","","","","","","","","","","","","","","","","","","","","","","","","","","","","","","","","","","","","","","","","","","","","","","","","","","","","","","","","","","","","","","","","","","","","","","","","","",""
"06163007","TENDE_SAPC",44.043167,7.586,636,2000092110,0.,1,"","","","","","","","","","","","","","","","","","","","","","","","","","","","","","","","","","",18.1,1,4.3,1,14.,1,"","",18.1,1,"","","","","","","","","","","","","","","","","","","","",40,1,"","","","","","","","","","","","",8.3,1,"","","","","","","","","","","","","","","","","","","","","","","","","","","","","","","","","","","","","","","","","","","","","","","","","","","","","","","","","","","","","","","","","","","","","","","","","","","","","","","","","","","","","","","","","","","","","","","","","","","","","","","","","","","","","","","","","","","",""
"06163007","TENDE_SAPC",44.043167,7.586,636,2000092111,0.,1,"","","","","","","","","","","","","","","","","","","","","","","","","","","","","","","","","","",20.1,1,3.7,1,18.1,1,"","",20.1,1,"","","","","","","","","","","","","","","","","","","","",34,1,"","","","","","","","","","","","",8.,1,"","","","","","","","","","","","","","","","","","","","","","","","","","","","","","","","","","","","","","","","","","","","","","","","","","","","","","","","","","","","","","","","","","","","","","","","","","","","","","","","","","","","","","","","","","","","","","","","","","","","","","","","","","","","","","","","","","","",""
"06163007","TENDE_SAPC",44.043167,7.586,636,2000092112,0.,1,"","","","","","","","","","","","","","","","","","","","","","","","","","","","","","","","","","",21.1,1,5.,1,20.1,1,"","",21.1,1,"","","","","","","","","","","","","","","","","","","","",35,1,"","","","","","","","","","","","",8.7,1,"","","","","","","","","","","","","","","","","","","","","","","","","","","","","","","","","","","","","","","","","","","","","","","","","","","","","","","","","","","","","","","","","","","","","","","","","","","","","","","","","","","","","","","","","","","","","","","","","","","","","","","","","","","","","","","","","","","",""
"06163007","TENDE_SAPC",44.043167,7.586,636,2000092113,0.,1,"","","","","","","","","","","","","","","","","","","","","","","","","","","","","","","","","","",21.3,1,6.,1,21.1,1,"","",21.4,1,"","","","","","","","","","","","","","","","","","","","",37,1,"","","","","","","","","","","","",9.3,1,"","","","","","","","","","","","","","","","","","","","","","","","","","","","","","","","","","","","","","","","","","","","","","","","","","","","","","","","","","","","","","","","","","","","","","","","","","","","","","","","","","","","","","","","","","","","","","","","","","","","","","","","","","","","","","","","","","","",""
"06163007","TENDE_SAPC",44.043167,7.586,636,2000092114,0.,1,"","","","","","","","","","","","","","","","","","","","","","","","","","","","","","","","","","",21.,1,5.7,1,20.9,1,"","",21.5,1,"","","","","","","","","","","","","","","","","","","","",37,1,"","","","","","","","","","","","",9.2,1,"","","","","","","","","","","","","","","","","","","","","","","","","","","","","","","","","","","","","","","","","","","","","","","","","","","","","","","","","","","","","","","","","","","","","","","","","","","","","","","","","","","","","","","","","","","","","","","","","","","","","","","","","","","","","","","","","","","",""
"06163007","TENDE_SAPC",44.043167,7.586,636,2000092115,0.,1,"","","","","","","","","","","","","","","","","","","","","","","","","","","","","","","","","","",19.7,1,4.6,1,19.7,1,"","",21.,1,"","","","","","","","","","","","","","","","","","","","",37,1,"","","","","","","","","","","","",8.5,1,"","","","","","","","","","","","","","","","","","","","","","","","","","","","","","","","","","","","","","","","","","","","","","","","","","","","","","","","","","","","","","","","","","","","","","","","","","","","","","","","","","","","","","","","","","","","","","","","","","","","","","","","","","","","","","","","","","","",""
"06163007","TENDE_SAPC",44.043167,7.586,636,2000092116,0.,1,"","","","","","","","","","","","","","","","","","","","","","","","","","","","","","","","","","",16.3,1,7.5,1,16.3,1,"","",19.7,1,"","","","","","","","","","","","","","","","","","","","",56,1,"","","","","","","","","","","","",10.4,1,"","","","","","","","","","","","","","","","","","","","","","","","","","","","","","","","","","","","","","","","","","","","","","","","","","","","","","","","","","","","","","","","","","","","","","","","","","","","","","","","","","","","","","","","","","","","","","","","","","","","","","","","","","","","","","","","","","","",""
"06163007","TENDE_SAPC",44.043167,7.586,636,2000092117,0.,1,"","","","","","","","","","","","","","","","","","","","","","","","","","","","","","","","","","",14.1,1,7.8,1,14.1,1,"","",16.2,1,"","","","","","","","","","","","","","","","","","","","",66,1,"","","","","","","","","","","","",10.6,1,"","","","","","","","","","","","","","","","","","","","","","","","","","","","","","","","","","","","","","","","","","","","","","","","","","","","","","","","","","","","","","","","","","","","","","","","","","","","","","","","","","","","","","","","","","","","","","","","","","","","","","","","","","","","","","","","","","","",""
"06163007","TENDE_SAPC",44.043167,7.586,636,2000092118,0.,1,"","","","","","","","","","","","","","","","","","","","","","","","","","","","","","","","","","",12.6,1,8.5,1,12.6,1,"","",14.1,1,"","","","","","","","","","","","","","","","","","","","",76,1,"","","","","","","","","","","","",11.1,1,"","","","","","","","","","","","","","","","","","","","","","","","","","","","","","","","","","","","","","","","","","","","","","","","","","","","","","","","","","","","","","","","","","","","","","","","","","","","","","","","","","","","","","","","","","","","","","","","","","","","","","","","","","","","","","","","","","","",""
"06163007","TENDE_SAPC",44.043167,7.586,636,2000092119,0.,1,"","","","","","","","","","","","","","","","","","","","","","","","","","","","","","","","","","",11.8,1,8.1,1,11.8,1,"","",12.6,1,"","","","","","","","","","","","","","","","","","","","",78,1,"","","","","","","","","","","","",10.8,1,"","","","","","","","","","","","","","","","","","","","","","","","","","","","","","","","","","","","","","","","","","","","","","","","","","","","","","","","","","","","","","","","","","","","","","","","","","","","","","","","","","","","","","","","","","","","","","","","","","","","","","","","","","","","","","","","","","","",""
"06163007","TENDE_SAPC",44.043167,7.586,636,2000092120,0.,1,"","","","","","","","","","","","","","","","","","","","","","","","","","","","","","","","","","",10.8,1,7.5,1,10.8,1,"","",11.8,1,"","","","","","","","","","","","","","","","","","","","",80,1,"","","","","","","","","","","","",10.3,1,"","","","","","","","","","","","","","","","","","","","","","","","","","","","","","","","","","","","","","","","","","","","","","","","","","","","","","","","","","","","","","","","","","","","","","","","","","","","","","","","","","","","","","","","","","","","","","","","","","","","","","","","","","","","","","","","","","","",""
"06163007","TENDE_SAPC",44.043167,7.586,636,2000092121,0.,1,"","","","","","","","","","","","","","","","","","","","","","","","","","","","","","","","","","",10.5,1,6.8,1,10.2,1,"","",10.8,1,"","","","","","","","","","","","","","","","","","","","",78,1,"","","","","","","","","","","","",9.9,1,"","","","","","","","","","","","","","","","","","","","","","","","","","","","","","","","","","","","","","","","","","","","","","","","","","","","","","","","","","","","","","","","","","","","","","","","","","","","","","","","","","","","","","","","","","","","","","","","","","","","","","","","","","","","","","","","","","","",""
"06163007","TENDE_SAPC",44.043167,7.586,636,2000092122,0.,1,"","","","","","","","","","","","","","","","","","","","","","","","","","","","","","","","","","",10.1,1,6.4,1,10.1,1,"","",10.6,1,"","","","","","","","","","","","","","","","","","","","",78,1,"","","","","","","","","","","","",9.6,1,"","","","","","","","","","","","","","","","","","","","","","","","","","","","","","","","","","","","","","","","","","","","","","","","","","","","","","","","","","","","","","","","","","","","","","","","","","","","","","","","","","","","","","","","","","","","","","","","","","","","","","","","","","","","","","","","","","","",""
"06163007","TENDE_SAPC",44.043167,7.586,636,2000092123,0.,1,"","","","","","","","","","","","","","","","","","","","","","","","","","","","","","","","","","",9.9,1,5.9,1,9.9,1,"","",10.3,1,"","","","","","","","","","","","","","","","","","","","",76,1,"","","","","","","","","","","","",9.3,1,"","","","","","","","","","","","","","","","","","","","","","","","","","","","","","","","","","","","","","","","","","","","","","","","","","","","","","","","","","","","","","","","","","","","","","","","","","","","","","","","","","","","","","","","","","","","","","","","","","","","","","","","","","","","","","","","","","","",""
"06163007","TENDE_SAPC",44.043167,7.586,636,2000092200,0.,1,"","","","","","","","","","","","","","","","","","","","","","","","","","","","","","","","","","",9.8,1,5.6,1,9.7,1,"","",10.,1,"","","","","","","","","","","","","","","","","","","","",75,1,"","","","","","","","","","","","",9.1,1,"","","","","","","","","","","","","","","","","","","","","","","","","","","","","","","","","","","","","","","","","","","","","","","","","","","","","","","","","","","","","","","","","","","","","","","","","","","","","","","","","","","","","","","","","","","","","","","","","","","","","","","","","","","","","","","","","","","",""
"06163007","TENDE_SAPC",44.043167,7.586,636,2000092201,0.,1,"","","","","","","","","","","","","","","","","","","","","","","","","","","","","","","","","","",9.2,1,5.6,1,9.2,1,"","",9.8,1,"","","","","","","","","","","","","","","","","","","","",78,1,"","","","","","","","","","","","",9.1,1,"","","","","","","","","","","","","","","","","","","","","","","","","","","","","","","","","","","","","","","","","","","","","","","","","","","","","","","","","","","","","","","","","","","","","","","","","","","","","","","","","","","","","","","","","","","","","","","","","","","","","","","","","","","","","","","","","","","",""
"06163007","TENDE_SAPC",44.043167,7.586,636,2000092202,0.,1,"","","","","","","","","","","","","","","","","","","","","","","","","","","","","","","","","","",8.7,1,5.1,1,8.7,1,"","",9.1,1,"","","","","","","","","","","","","","","","","","","","",78,1,"","","","","","","","","","","","",8.8,1,"","","","","","","","","","","","","","","","","","","","","","","","","","","","","","","","","","","","","","","","","","","","","","","","","","","","","","","","","","","","","","","","","","","","","","","","","","","","","","","","","","","","","","","","","","","","","","","","","","","","","","","","","","","","","","","","","","","",""
"06163007","TENDE_SAPC",44.043167,7.586,636,2000092203,0.,1,"","","","","","","","","","","","","","","","","","","","","","","","","","","","","","","","","","",8.5,1,4.5,1,8.5,1,"","",8.9,1,"","","","","","","","","","","","","","","","","","","","",76,1,"","","","","","","","","","","","",8.4,1,"","","","","","","","","","","","","","","","","","","","","","","","","","","","","","","","","","","","","","","","","","","","","","","","","","","","","","","","","","","","","","","","","","","","","","","","","","","","","","","","","","","","","","","","","","","","","","","","","","","","","","","","","","","","","","","","","","","",""
"06163007","TENDE_SAPC",44.043167,7.586,636,2000092204,0.,1,"","","","","","","","","","","","","","","","","","","","","","","","","","","","","","","","","","",8.6,1,4.4,1,8.3,1,"","",8.7,1,"","","","","","","","","","","","","","","","","","","","",75,1,"","","","","","","","","","","","",8.4,1,"","","","","","","","","","","","","","","","","","","","","","","","","","","","","","","","","","","","","","","","","","","","","","","","","","","","","","","","","","","","","","","","","","","","","","","","","","","","","","","","","","","","","","","","","","","","","","","","","","","","","","","","","","","","","","","","","","","",""
"06163007","TENDE_SAPC",44.043167,7.586,636,2000092205,0.,1,"","","","","","","","","","","","","","","","","","","","","","","","","","","","","","","","","","",7.9,1,4.3,1,7.9,1,"","",8.6,1,"","","","","","","","","","","","","","","","","","","","",78,1,"","","","","","","","","","","","",8.3,1,"","","","","","","","","","","","","","","","","","","","","","","","","","","","","","","","","","","","","","","","","","","","","","","","","","","","","","","","","","","","","","","","","","","","","","","","","","","","","","","","","","","","","","","","","","","","","","","","","","","","","","","","","","","","","","","","","","","",""
"06163007","TENDE_SAPC",44.043167,7.586,636,2000092206,0.,1,"","","","","","","","","","","","","","","","","","","","","","","","","","","","","","","","","","",7.6,1,4.5,1,7.6,1,"","",7.9,1,"","","","","","","","","","","","","","","","","","","","",81,1,"","","","","","","","","","","","",8.4,1,"","","","","","","","","","","","","","","","","","","","","","","","","","","","","","","","","","","","","","","","","","","","","","","","","","","","","","","","","","","","","","","","","","","","","","","","","","","","","","","","","","","","","","","","","","","","","","","","","","","","","","","","","","","","","","","","","","","",""
"06163007","TENDE_SAPC",44.043167,7.586,636,2000092207,0.,1,"","","","","","","","","","","","","","","","","","","","","","","","","","","","","","","","","","",8.,1,4.8,1,7.6,1,"","",8.1,1,"","","","","","","","","","","","","","","","","","","","",80,1,"","","","","","","","","","","","",8.6,1,"","","","","","","","","","","","","","","","","","","","","","","","","","","","","","","","","","","","","","","","","","","","","","","","","","","","","","","","","","","","","","","","","","","","","","","","","","","","","","","","","","","","","","","","","","","","","","","","","","","","","","","","","","","","","","","","","","","",""
"06163007","TENDE_SAPC",44.043167,7.586,636,2000092208,0.,1,"","","","","","","","","","","","","","","","","","","","","","","","","","","","","","","","","","",8.5,1,5.6,1,8.,1,"","",8.5,1,"","","","","","","","","","","","","","","","","","","","",82,1,"","","","","","","","","","","","",9.1,1,"","","","","","","","","","","","","","","","","","","","","","","","","","","","","","","","","","","","","","","","","","","","","","","","","","","","","","","","","","","","","","","","","","","","","","","","","","","","","","","","","","","","","","","","","","","","","","","","","","","","","","","","","","","","","","","","","","","",""
"06163007","TENDE_SAPC",44.043167,7.586,636,2000092209,0.,1,"","","","","","","","","","","","","","","","","","","","","","","","","","","","","","","","","","",13.8,1,7.3,1,8.5,1,"","",13.8,1,"","","","","","","","","","","","","","","","","","","","",65,1,"","","","","","","","","","","","",10.2,1,"","","","","","","","","","","","","","","","","","","","","","","","","","","","","","","","","","","","","","","","","","","","","","","","","","","","","","","","","","","","","","","","","","","","","","","","","","","","","","","","","","","","","","","","","","","","","","","","","","","","","","","","","","","","","","","","","","","",""
"06163007","TENDE_SAPC",44.043167,7.586,636,2000092210,0.,1,"","","","","","","","","","","","","","","","","","","","","","","","","","","","","","","","","","",19.1,1,4.8,1,14.2,1,"","",19.1,1,"","","","","","","","","","","","","","","","","","","","",39,1,"","","","","","","","","","","","",8.6,1,"","","","","","","","","","","","","","","","","","","","","","","","","","","","","","","","","","","","","","","","","","","","","","","","","","","","","","","","","","","","","","","","","","","","","","","","","","","","","","","","","","","","","","","","","","","","","","","","","","","","","","","","","","","","","","","","","","","",""
"06163007","TENDE_SAPC",44.043167,7.586,636,2000092211,0.,1,"","","","","","","","","","","","","","","","","","","","","","","","","","","","","","","","","","",22.2,1,4.3,1,19.2,1,"","",22.2,1,"","","","","","","","","","","","","","","","","","","","",31,1,"","","","","","","","","","","","",8.3,1,"","","","","","","","","","","","","","","","","","","","","","","","","","","","","","","","","","","","","","","","","","","","","","","","","","","","","","","","","","","","","","","","","","","","","","","","","","","","","","","","","","","","","","","","","","","","","","","","","","","","","","","","","","","","","","","","","","","",""
"06163007","TENDE_SAPC",44.043167,7.586,636,2000092212,0.,1,"","","","","","","","","","","","","","","","","","","","","","","","","","","","","","","","","","",23.2,1,4.7,1,22.3,1,"","",23.2,1,"","","","","","","","","","","","","","","","","","","","",30,1,"","","","","","","","","","","","",8.5,1,"","","","","","","","","","","","","","","","","","","","","","","","","","","","","","","","","","","","","","","","","","","","","","","","","","","","","","","","","","","","","","","","","","","","","","","","","","","","","","","","","","","","","","","","","","","","","","","","","","","","","","","","","","","","","","","","","","","",""
"06163007","TENDE_SAPC",44.043167,7.586,636,2000092213,0.,1,"","","","","","","","","","","","","","","","","","","","","","","","","","","","","","","","","","",23.1,1,5.,1,23.1,1,"","",23.4,1,"","","","","","","","","","","","","","","","","","","","",31,1,"","","","","","","","","","","","",8.7,1,"","","","","","","","","","","","","","","","","","","","","","","","","","","","","","","","","","","","","","","","","","","","","","","","","","","","","","","","","","","","","","","","","","","","","","","","","","","","","","","","","","","","","","","","","","","","","","","","","","","","","","","","","","","","","","","","","","","",""
"06163007","TENDE_SAPC",44.043167,7.586,636,2000092214,0.,1,"","","","","","","","","","","","","","","","","","","","","","","","","","","","","","","","","","",22.6,1,6.4,1,22.6,1,"","",23.1,1,"","","","","","","","","","","","","","","","","","","","",35,1,"","","","","","","","","","","","",9.6,1,"","","","","","","","","","","","","","","","","","","","","","","","","","","","","","","","","","","","","","","","","","","","","","","","","","","","","","","","","","","","","","","","","","","","","","","","","","","","","","","","","","","","","","","","","","","","","","","","","","","","","","","","","","","","","","","","","","","",""
"06163007","TENDE_SAPC",44.043167,7.586,636,2000092215,0.,1,"","","","","","","","","","","","","","","","","","","","","","","","","","","","","","","","","","",21.3,1,6.8,1,21.3,1,"","",22.6,1,"","","","","","","","","","","","","","","","","","","","",39,1,"","","","","","","","","","","","",9.9,1,"","","","","","","","","","","","","","","","","","","","","","","","","","","","","","","","","","","","","","","","","","","","","","","","","","","","","","","","","","","","","","","","","","","","","","","","","","","","","","","","","","","","","","","","","","","","","","","","","","","","","","","","","","","","","","","","","","","",""
"06163007","TENDE_SAPC",44.043167,7.586,636,2000092216,0.,1,"","","","","","","","","","","","","","","","","","","","","","","","","","","","","","","","","","",19.2,1,7.6,1,19.2,1,"","",21.3,1,"","","","","","","","","","","","","","","","","","","","",47,1,"","","","","","","","","","","","",10.4,1,"","","","","","","","","","","","","","","","","","","","","","","","","","","","","","","","","","","","","","","","","","","","","","","","","","","","","","","","","","","","","","","","","","","","","","","","","","","","","","","","","","","","","","","","","","","","","","","","","","","","","","","","","","","","","","","","","","","",""
"06163007","TENDE_SAPC",44.043167,7.586,636,2000092217,0.,1,"","","","","","","","","","","","","","","","","","","","","","","","","","","","","","","","","","",16.2,1,8.4,1,16.2,1,"","",19.1,1,"","","","","","","","","","","","","","","","","","","","",60,1,"","","","","","","","","","","","",11.,1,"","","","","","","","","","","","","","","","","","","","","","","","","","","","","","","","","","","","","","","","","","","","","","","","","","","","","","","","","","","","","","","","","","","","","","","","","","","","","","","","","","","","","","","","","","","","","","","","","","","","","","","","","","","","","","","","","","","",""
"06163007","TENDE_SAPC",44.043167,7.586,636,2000092218,0.,1,"","","","","","","","","","","","","","","","","","","","","","","","","","","","","","","","","","",14.,1,8.6,1,14.,1,"","",16.1,1,"","","","","","","","","","","","","","","","","","","","",70,1,"","","","","","","","","","","","",11.2,1,"","","","","","","","","","","","","","","","","","","","","","","","","","","","","","","","","","","","","","","","","","","","","","","","","","","","","","","","","","","","","","","","","","","","","","","","","","","","","","","","","","","","","","","","","","","","","","","","","","","","","","","","","","","","","","","","","","","",""
"06163007","TENDE_SAPC",44.043167,7.586,636,2000092219,0.,1,"","","","","","","","","","","","","","","","","","","","","","","","","","","","","","","","","","",12.9,1,9.,1,12.9,1,"","",14.,1,"","","","","","","","","","","","","","","","","","","","",77,1,"","","","","","","","","","","","",11.4,1,"","","","","","","","","","","","","","","","","","","","","","","","","","","","","","","","","","","","","","","","","","","","","","","","","","","","","","","","","","","","","","","","","","","","","","","","","","","","","","","","","","","","","","","","","","","","","","","","","","","","","","","","","","","","","","","","","","","",""
"06163007","TENDE_SAPC",44.043167,7.586,636,2000092220,0.,1,"","","","","","","","","","","","","","","","","","","","","","","","","","","","","","","","","","",12.4,1,8.5,1,12.3,1,"","",12.9,1,"","","","","","","","","","","","","","","","","","","","",77,1,"","","","","","","","","","","","",11.1,1,"","","","","","","","","","","","","","","","","","","","","","","","","","","","","","","","","","","","","","","","","","","","","","","","","","","","","","","","","","","","","","","","","","","","","","","","","","","","","","","","","","","","","","","","","","","","","","","","","","","","","","","","","","","","","","","","","","","",""
"06163007","TENDE_SAPC",44.043167,7.586,636,2000092221,0.,1,"","","","","","","","","","","","","","","","","","","","","","","","","","","","","","","","","","",11.9,1,8.,1,11.8,1,"","",12.4,1,"","","","","","","","","","","","","","","","","","","","",77,1,"","","","","","","","","","","","",10.7,1,"","","","","","","","","","","","","","","","","","","","","","","","","","","","","","","","","","","","","","","","","","","","","","","","","","","","","","","","","","","","","","","","","","","","","","","","","","","","","","","","","","","","","","","","","","","","","","","","","","","","","","","","","","","","","","","","","","","",""
"06163007","TENDE_SAPC",44.043167,7.586,636,2000092222,0.,1,"","","","","","","","","","","","","","","","","","","","","","","","","","","","","","","","","","",11.8,1,7.5,1,11.8,1,"","",12.3,1,"","","","","","","","","","","","","","","","","","","","",75,1,"","","","","","","","","","","","",10.4,1,"","","","","","","","","","","","","","","","","","","","","","","","","","","","","","","","","","","","","","","","","","","","","","","","","","","","","","","","","","","","","","","","","","","","","","","","","","","","","","","","","","","","","","","","","","","","","","","","","","","","","","","","","","","","","","","","","","","",""
"06163007","TENDE_SAPC",44.043167,7.586,636,2000092223,0.,1,"","","","","","","","","","","","","","","","","","","","","","","","","","","","","","","","","","",10.8,1,7.3,1,10.8,1,"","",11.8,1,"","","","","","","","","","","","","","","","","","","","",79,1,"","","","","","","","","","","","",10.2,1,"","","","","","","","","","","","","","","","","","","","","","","","","","","","","","","","","","","","","","","","","","","","","","","","","","","","","","","","","","","","","","","","","","","","","","","","","","","","","","","","","","","","","","","","","","","","","","","","","","","","","","","","","","","","","","","","","","","",""
"06163007","TENDE_SAPC",44.043167,7.586,636,2000092300,0.,1,"","","","","","","","","","","","","","","","","","","","","","","","","","","","","","","","","","",10.3,1,6.8,1,10.3,1,"","",10.8,1,"","","","","","","","","","","","","","","","","","","","",79,1,"","","","","","","","","","","","",9.9,1,"","","","","","","","","","","","","","","","","","","","","","","","","","","","","","","","","","","","","","","","","","","","","","","","","","","","","","","","","","","","","","","","","","","","","","","","","","","","","","","","","","","","","","","","","","","","","","","","","","","","","","","","","","","","","","","","","","","",""
"06163007","TENDE_SAPC",44.043167,7.586,636,2000092301,0.,1,"","","","","","","","","","","","","","","","","","","","","","","","","","","","","","","","","","",10.1,1,6.2,1,10.,1,"","",10.3,1,"","","","","","","","","","","","","","","","","","","","",77,1,"","","","","","","","","","","","",9.5,1,"","","","","","","","","","","","","","","","","","","","","","","","","","","","","","","","","","","","","","","","","","","","","","","","","","","","","","","","","","","","","","","","","","","","","","","","","","","","","","","","","","","","","","","","","","","","","","","","","","","","","","","","","","","","","","","","","","","",""
"06163007","TENDE_SAPC",44.043167,7.586,636,2000092302,0.,1,"","","","","","","","","","","","","","","","","","","","","","","","","","","","","","","","","","",9.9,1,5.7,1,9.8,1,"","",10.2,1,"","","","","","","","","","","","","","","","","","","","",75,1,"","","","","","","","","","","","",9.1,1,"","","","","","","","","","","","","","","","","","","","","","","","","","","","","","","","","","","","","","","","","","","","","","","","","","","","","","","","","","","","","","","","","","","","","","","","","","","","","","","","","","","","","","","","","","","","","","","","","","","","","","","","","","","","","","","","","","","",""
"06163007","TENDE_SAPC",44.043167,7.586,636,2000092303,0.,1,"","","","","","","","","","","","","","","","","","","","","","","","","","","","","","","","","","",9.3,1,5.8,1,9.3,1,"","",10.,1,"","","","","","","","","","","","","","","","","","","","",79,1,"","","","","","","","","","","","",9.2,1,"","","","","","","","","","","","","","","","","","","","","","","","","","","","","","","","","","","","","","","","","","","","","","","","","","","","","","","","","","","","","","","","","","","","","","","","","","","","","","","","","","","","","","","","","","","","","","","","","","","","","","","","","","","","","","","","","","","",""
"06163007","TENDE_SAPC",44.043167,7.586,636,2000092304,0.,1,"","","","","","","","","","","","","","","","","","","","","","","","","","","","","","","","","","",8.4,1,5.5,1,8.4,1,"","",9.2,1,"","","","","","","","","","","","","","","","","","","","",82,1,"","","","","","","","","","","","",9.,1,"","","","","","","","","","","","","","","","","","","","","","","","","","","","","","","","","","","","","","","","","","","","","","","","","","","","","","","","","","","","","","","","","","","","","","","","","","","","","","","","","","","","","","","","","","","","","","","","","","","","","","","","","","","","","","","","","","","",""
"06163007","TENDE_SAPC",44.043167,7.586,636,2000092305,0.,1,"","","","","","","","","","","","","","","","","","","","","","","","","","","","","","","","","","",8.2,1,5.3,1,8.2,1,"","",8.4,1,"","","","","","","","","","","","","","","","","","","","",82,1,"","","","","","","","","","","","",8.9,1,"","","","","","","","","","","","","","","","","","","","","","","","","","","","","","","","","","","","","","","","","","","","","","","","","","","","","","","","","","","","","","","","","","","","","","","","","","","","","","","","","","","","","","","","","","","","","","","","","","","","","","","","","","","","","","","","","","","",""
"06163007","TENDE_SAPC",44.043167,7.586,636,2000092306,0.,1,"","","","","","","","","","","","","","","","","","","","","","","","","","","","","","","","","","",8.3,1,5.2,1,8.1,1,"","",8.3,1,"","","","","","","","","","","","","","","","","","","","",81,1,"","","","","","","","","","","","",8.9,1,"","","","","","","","","","","","","","","","","","","","","","","","","","","","","","","","","","","","","","","","","","","","","","","","","","","","","","","","","","","","","","","","","","","","","","","","","","","","","","","","","","","","","","","","","","","","","","","","","","","","","","","","","","","","","","","","","","","",""
"06163007","TENDE_SAPC",44.043167,7.586,636,2000092307,0.,1,"","","","","","","","","","","","","","","","","","","","","","","","","","","","","","","","","","",8.6,1,5.5,1,8.3,1,"","",8.6,1,"","","","","","","","","","","","","","","","","","","","",81,1,"","","","","","","","","","","","",9.,1,"","","","","","","","","","","","","","","","","","","","","","","","","","","","","","","","","","","","","","","","","","","","","","","","","","","","","","","","","","","","","","","","","","","","","","","","","","","","","","","","","","","","","","","","","","","","","","","","","","","","","","","","","","","","","","","","","","","",""
"06163007","TENDE_SAPC",44.043167,7.586,636,2000092308,0.,1,"","","","","","","","","","","","","","","","","","","","","","","","","","","","","","","","","","",8.9,1,6.,1,8.6,1,"","",8.9,1,"","","","","","","","","","","","","","","","","","","","",82,1,"","","","","","","","","","","","",9.3,1,"","","","","","","","","","","","","","","","","","","","","","","","","","","","","","","","","","","","","","","","","","","","","","","","","","","","","","","","","","","","","","","","","","","","","","","","","","","","","","","","","","","","","","","","","","","","","","","","","","","","","","","","","","","","","","","","","","","",""
"06163007","TENDE_SAPC",44.043167,7.586,636,2000092309,0.,1,"","","","","","","","","","","","","","","","","","","","","","","","","","","","","","","","","","",14.4,1,7.4,1,8.9,1,"","",14.4,1,"","","","","","","","","","","","","","","","","","","","",63,1,"","","","","","","","","","","","",10.3,1,"","","","","","","","","","","","","","","","","","","","","","","","","","","","","","","","","","","","","","","","","","","","","","","","","","","","","","","","","","","","","","","","","","","","","","","","","","","","","","","","","","","","","","","","","","","","","","","","","","","","","","","","","","","","","","","","","","","",""
"06163007","TENDE_SAPC",44.043167,7.586,636,2000092310,0.,1,"","","","","","","","","","","","","","","","","","","","","","","","","","","","","","","","","","",19.8,1,4.3,1,14.4,1,"","",19.8,1,"","","","","","","","","","","","","","","","","","","","",36,1,"","","","","","","","","","","","",8.3,1,"","","","","","","","","","","","","","","","","","","","","","","","","","","","","","","","","","","","","","","","","","","","","","","","","","","","","","","","","","","","","","","","","","","","","","","","","","","","","","","","","","","","","","","","","","","","","","","","","","","","","","","","","","","","","","","","","","","",""
"06163007","TENDE_SAPC",44.043167,7.586,636,2000092311,0.,1,"","","","","","","","","","","","","","","","","","","","","","","","","","","","","","","","","","",22.,1,4.1,1,19.9,1,"","",22.1,1,"","","","","","","","","","","","","","","","","","","","",31,1,"","","","","","","","","","","","",8.2,1,"","","","","","","","","","","","","","","","","","","","","","","","","","","","","","","","","","","","","","","","","","","","","","","","","","","","","","","","","","","","","","","","","","","","","","","","","","","","","","","","","","","","","","","","","","","","","","","","","","","","","","","","","","","","","","","","","","","",""
"06163007","TENDE_SAPC",44.043167,7.586,636,2000092312,0.,1,"","","","","","","","","","","","","","","","","","","","","","","","","","","","","","","","","","",22.4,1,4.4,1,22.,1,"","",22.6,1,"","","","","","","","","","","","","","","","","","","","",31,1,"","","","","","","","","","","","",8.4,1,"","","","","","","","","","","","","","","","","","","","","","","","","","","","","","","","","","","","","","","","","","","","","","","","","","","","","","","","","","","","","","","","","","","","","","","","","","","","","","","","","","","","","","","","","","","","","","","","","","","","","","","","","","","","","","","","","","","",""
"06163007","TENDE_SAPC",44.043167,7.586,636,2000092313,0.,1,"","","","","","","","","","","","","","","","","","","","","","","","","","","","","","","","","","",22.3,1,6.1,1,22.2,1,"","",22.5,1,"","","","","","","","","","","","","","","","","","","","",35,1,"","","","","","","","","","","","",9.4,1,"","","","","","","","","","","","","","","","","","","","","","","","","","","","","","","","","","","","","","","","","","","","","","","","","","","","","","","","","","","","","","","","","","","","","","","","","","","","","","","","","","","","","","","","","","","","","","","","","","","","","","","","","","","","","","","","","","","",""
"06163007","TENDE_SAPC",44.043167,7.586,636,2000092314,0.,1,"","","","","","","","","","","","","","","","","","","","","","","","","","","","","","","","","","",22.3,1,5.7,1,22.2,1,"","",22.6,1,"","","","","","","","","","","","","","","","","","","","",34,1,"","","","","","","","","","","","",9.1,1,"","","","","","","","","","","","","","","","","","","","","","","","","","","","","","","","","","","","","","","","","","","","","","","","","","","","","","","","","","","","","","","","","","","","","","","","","","","","","","","","","","","","","","","","","","","","","","","","","","","","","","","","","","","","","","","","","","","",""
"06163007","TENDE_SAPC",44.043167,7.586,636,2000092315,0.,1,"","","","","","","","","","","","","","","","","","","","","","","","","","","","","","","","","","",20.5,1,6.4,1,20.5,1,"","",22.3,1,"","","","","","","","","","","","","","","","","","","","",40,1,"","","","","","","","","","","","",9.6,1,"","","","","","","","","","","","","","","","","","","","","","","","","","","","","","","","","","","","","","","","","","","","","","","","","","","","","","","","","","","","","","","","","","","","","","","","","","","","","","","","","","","","","","","","","","","","","","","","","","","","","","","","","","","","","","","","","","","",""
"06163007","TENDE_SAPC",44.043167,7.586,636,2000092316,0.,1,"","","","","","","","","","","","","","","","","","","","","","","","","","","","","","","","","","",18.8,1,6.9,1,18.8,1,"","",20.5,1,"","","","","","","","","","","","","","","","","","","","",46,1,"","","","","","","","","","","","",10.,1,"","","","","","","","","","","","","","","","","","","","","","","","","","","","","","","","","","","","","","","","","","","","","","","","","","","","","","","","","","","","","","","","","","","","","","","","","","","","","","","","","","","","","","","","","","","","","","","","","","","","","","","","","","","","","","","","","","","",""
"06163007","TENDE_SAPC",44.043167,7.586,636,2000092317,0.,1,"","","","","","","","","","","","","","","","","","","","","","","","","","","","","","","","","","",17.6,1,6.5,1,17.6,1,"","",18.8,1,"","","","","","","","","","","","","","","","","","","","",48,1,"","","","","","","","","","","","",9.6,1,"","","","","","","","","","","","","","","","","","","","","","","","","","","","","","","","","","","","","","","","","","","","","","","","","","","","","","","","","","","","","","","","","","","","","","","","","","","","","","","","","","","","","","","","","","","","","","","","","","","","","","","","","","","","","","","","","","","",""
"06163007","TENDE_SAPC",44.043167,7.586,636,2000092318,0.,1,"","","","","","","","","","","","","","","","","","","","","","","","","","","","","","","","","","",14.9,1,7.2,1,14.9,1,"","",17.7,1,"","","","","","","","","","","","","","","","","","","","",60,1,"","","","","","","","","","","","",10.1,1,"","","","","","","","","","","","","","","","","","","","","","","","","","","","","","","","","","","","","","","","","","","","","","","","","","","","","","","","","","","","","","","","","","","","","","","","","","","","","","","","","","","","","","","","","","","","","","","","","","","","","","","","","","","","","","","","","","","",""
"06163007","TENDE_SAPC",44.043167,7.586,636,2000092319,0.,1,"","","","","","","","","","","","","","","","","","","","","","","","","","","","","","","","","","",12.6,1,7.5,1,12.6,1,"","",14.9,1,"","","","","","","","","","","","","","","","","","","","",71,1,"","","","","","","","","","","","",10.3,1,"","","","","","","","","","","","","","","","","","","","","","","","","","","","","","","","","","","","","","","","","","","","","","","","","","","","","","","","","","","","","","","","","","","","","","","","","","","","","","","","","","","","","","","","","","","","","","","","","","","","","","","","","","","","","","","","","","","",""
"06163007","TENDE_SAPC",44.043167,7.586,636,2000092320,0.,1,"","","","","","","","","","","","","","","","","","","","","","","","","","","","","","","","","","",12.2,1,8.1,1,12.1,1,"","",12.6,1,"","","","","","","","","","","","","","","","","","","","",76,1,"","","","","","","","","","","","",10.8,1,"","","","","","","","","","","","","","","","","","","","","","","","","","","","","","","","","","","","","","","","","","","","","","","","","","","","","","","","","","","","","","","","","","","","","","","","","","","","","","","","","","","","","","","","","","","","","","","","","","","","","","","","","","","","","","","","","","","",""
"06163007","TENDE_SAPC",44.043167,7.586,636,2000092321,0.,1,"","","","","","","","","","","","","","","","","","","","","","","","","","","","","","","","","","",12.,1,7.9,1,12.,1,"","",12.3,1,"","","","","","","","","","","","","","","","","","","","",76,1,"","","","","","","","","","","","",10.6,1,"","","","","","","","","","","","","","","","","","","","","","","","","","","","","","","","","","","","","","","","","","","","","","","","","","","","","","","","","","","","","","","","","","","","","","","","","","","","","","","","","","","","","","","","","","","","","","","","","","","","","","","","","","","","","","","","","","","",""
"06163007","TENDE_SAPC",44.043167,7.586,636,2000092322,0.,1,"","","","","","","","","","","","","","","","","","","","","","","","","","","","","","","","","","",11.8,1,7.5,1,11.7,1,"","",12.2,1,"","","","","","","","","","","","","","","","","","","","",75,1,"","","","","","","","","","","","",10.4,1,"","","","","","","","","","","","","","","","","","","","","","","","","","","","","","","","","","","","","","","","","","","","","","","","","","","","","","","","","","","","","","","","","","","","","","","","","","","","","","","","","","","","","","","","","","","","","","","","","","","","","","","","","","","","","","","","","","","",""
"06163007","TENDE_SAPC",44.043167,7.586,636,2000092323,0.,1,"","","","","","","","","","","","","","","","","","","","","","","","","","","","","","","","","","",12.,1,7.5,1,11.7,1,"","",12.,1,"","","","","","","","","","","","","","","","","","","","",74,1,"","","","","","","","","","","","",10.4,1,"","","","","","","","","","","","","","","","","","","","","","","","","","","","","","","","","","","","","","","","","","","","","","","","","","","","","","","","","","","","","","","","","","","","","","","","","","","","","","","","","","","","","","","","","","","","","","","","","","","","","","","","","","","","","","","","","","","",""
"06163007","TENDE_SAPC",44.043167,7.586,636,2000092400,0.,1,"","","","","","","","","","","","","","","","","","","","","","","","","","","","","","","","","","",11.2,1,7.5,1,11.2,1,"","",12.1,1,"","","","","","","","","","","","","","","","","","","","",78,1,"","","","","","","","","","","","",10.4,1,"","","","","","","","","","","","","","","","","","","","","","","","","","","","","","","","","","","","","","","","","","","","","","","","","","","","","","","","","","","","","","","","","","","","","","","","","","","","","","","","","","","","","","","","","","","","","","","","","","","","","","","","","","","","","","","","","","","",""
"06163007","TENDE_SAPC",44.043167,7.586,636,2000092401,0.,1,"","","","","","","","","","","","","","","","","","","","","","","","","","","","","","","","","","",12.1,1,8.,1,11.2,1,"","",12.1,1,"","","","","","","","","","","","","","","","","","","","",76,1,"","","","","","","","","","","","",10.7,1,"","","","","","","","","","","","","","","","","","","","","","","","","","","","","","","","","","","","","","","","","","","","","","","","","","","","","","","","","","","","","","","","","","","","","","","","","","","","","","","","","","","","","","","","","","","","","","","","","","","","","","","","","","","","","","","","","","","",""
"06163007","TENDE_SAPC",44.043167,7.586,636,2000092402,0.,1,"","","","","","","","","","","","","","","","","","","","","","","","","","","","","","","","","","",12.7,1,8.4,1,12.1,1,"","",12.7,1,"","","","","","","","","","","","","","","","","","","","",75,1,"","","","","","","","","","","","",11.,1,"","","","","","","","","","","","","","","","","","","","","","","","","","","","","","","","","","","","","","","","","","","","","","","","","","","","","","","","","","","","","","","","","","","","","","","","","","","","","","","","","","","","","","","","","","","","","","","","","","","","","","","","","","","","","","","","","","","",""
"06163007","TENDE_SAPC",44.043167,7.586,636,2000092403,0.,1,"","","","","","","","","","","","","","","","","","","","","","","","","","","","","","","","","","",12.5,1,8.6,1,12.5,1,"","",12.8,1,"","","","","","","","","","","","","","","","","","","","",77,1,"","","","","","","","","","","","",11.1,1,"","","","","","","","","","","","","","","","","","","","","","","","","","","","","","","","","","","","","","","","","","","","","","","","","","","","","","","","","","","","","","","","","","","","","","","","","","","","","","","","","","","","","","","","","","","","","","","","","","","","","","","","","","","","","","","","","","","",""
"06163007","TENDE_SAPC",44.043167,7.586,636,2000092404,0.,1,"","","","","","","","","","","","","","","","","","","","","","","","","","","","","","","","","","",11.9,1,8.6,1,11.9,1,"","",12.5,1,"","","","","","","","","","","","","","","","","","","","",80,1,"","","","","","","","","","","","",11.1,1,"","","","","","","","","","","","","","","","","","","","","","","","","","","","","","","","","","","","","","","","","","","","","","","","","","","","","","","","","","","","","","","","","","","","","","","","","","","","","","","","","","","","","","","","","","","","","","","","","","","","","","","","","","","","","","","","","","","",""
"06163007","TENDE_SAPC",44.043167,7.586,636,2000092405,0.,1,"","","","","","","","","","","","","","","","","","","","","","","","","","","","","","","","","","",11.3,1,8.3,1,11.3,1,"","",11.9,1,"","","","","","","","","","","","","","","","","","","","",82,1,"","","","","","","","","","","","",11.,1,"","","","","","","","","","","","","","","","","","","","","","","","","","","","","","","","","","","","","","","","","","","","","","","","","","","","","","","","","","","","","","","","","","","","","","","","","","","","","","","","","","","","","","","","","","","","","","","","","","","","","","","","","","","","","","","","","","","",""
"06163007","TENDE_SAPC",44.043167,7.586,636,2000092406,0.,1,"","","","","","","","","","","","","","","","","","","","","","","","","","","","","","","","","","",11.,1,8.,1,11.,1,"","",11.3,1,"","","","","","","","","","","","","","","","","","","","",82,1,"","","","","","","","","","","","",10.7,1,"","","","","","","","","","","","","","","","","","","","","","","","","","","","","","","","","","","","","","","","","","","","","","","","","","","","","","","","","","","","","","","","","","","","","","","","","","","","","","","","","","","","","","","","","","","","","","","","","","","","","","","","","","","","","","","","","","","",""
"06163007","TENDE_SAPC",44.043167,7.586,636,2000092407,0.,1,"","","","","","","","","","","","","","","","","","","","","","","","","","","","","","","","","","",11.7,1,8.5,1,11.1,1,"","",11.7,1,"","","","","","","","","","","","","","","","","","","","",81,1,"","","","","","","","","","","","",11.1,1,"","","","","","","","","","","","","","","","","","","","","","","","","","","","","","","","","","","","","","","","","","","","","","","","","","","","","","","","","","","","","","","","","","","","","","","","","","","","","","","","","","","","","","","","","","","","","","","","","","","","","","","","","","","","","","","","","","","",""
"06163007","TENDE_SAPC",44.043167,7.586,636,2000092408,0.,1,"","","","","","","","","","","","","","","","","","","","","","","","","","","","","","","","","","",13.2,1,9.3,1,11.7,1,"","",13.2,1,"","","","","","","","","","","","","","","","","","","","",77,1,"","","","","","","","","","","","",11.7,1,"","","","","","","","","","","","","","","","","","","","","","","","","","","","","","","","","","","","","","","","","","","","","","","","","","","","","","","","","","","","","","","","","","","","","","","","","","","","","","","","","","","","","","","","","","","","","","","","","","","","","","","","","","","","","","","","","","","",""
"06163007","TENDE_SAPC",44.043167,7.586,636,2000092409,0.,1,"","","","","","","","","","","","","","","","","","","","","","","","","","","","","","","","","","",18.2,1,10.6,1,13.3,1,"","",18.2,1,"","","","","","","","","","","","","","","","","","","","",61,1,"","","","","","","","","","","","",12.7,1,"","","","","","","","","","","","","","","","","","","","","","","","","","","","","","","","","","","","","","","","","","","","","","","","","","","","","","","","","","","","","","","","","","","","","","","","","","","","","","","","","","","","","","","","","","","","","","","","","","","","","","","","","","","","","","","","","","","",""
"06163007","TENDE_SAPC",44.043167,7.586,636,2000092410,0.,1,"","","","","","","","","","","","","","","","","","","","","","","","","","","","","","","","","","",20.9,1,7.5,1,18.4,1,"","",21.1,1,"","","","","","","","","","","","","","","","","","","","",42,1,"","","","","","","","","","","","",10.4,1,"","","","","","","","","","","","","","","","","","","","","","","","","","","","","","","","","","","","","","","","","","","","","","","","","","","","","","","","","","","","","","","","","","","","","","","","","","","","","","","","","","","","","","","","","","","","","","","","","","","","","","","","","","","","","","","","","","","",""
"06163007","TENDE_SAPC",44.043167,7.586,636,2000092411,0.,1,"","","","","","","","","","","","","","","","","","","","","","","","","","","","","","","","","","",20.7,1,7.,1,20.3,1,"","",21.3,1,"","","","","","","","","","","","","","","","","","","","",41,1,"","","","","","","","","","","","",10.,1,"","","","","","","","","","","","","","","","","","","","","","","","","","","","","","","","","","","","","","","","","","","","","","","","","","","","","","","","","","","","","","","","","","","","","","","","","","","","","","","","","","","","","","","","","","","","","","","","","","","","","","","","","","","","","","","","","","","",""
"06163007","TENDE_SAPC",44.043167,7.586,636,2000092412,0.,1,"","","","","","","","","","","","","","","","","","","","","","","","","","","","","","","","","","",21.4,1,7.6,1,20.6,1,"","",21.4,1,"","","","","","","","","","","","","","","","","","","","",41,1,"","","","","","","","","","","","",10.4,1,"","","","","","","","","","","","","","","","","","","","","","","","","","","","","","","","","","","","","","","","","","","","","","","","","","","","","","","","","","","","","","","","","","","","","","","","","","","","","","","","","","","","","","","","","","","","","","","","","","","","","","","","","","","","","","","","","","","",""
"06163007","TENDE_SAPC",44.043167,7.586,636,2000092413,0.,1,"","","","","","","","","","","","","","","","","","","","","","","","","","","","","","","","","","",20.8,1,8.4,1,20.8,1,"","",21.5,1,"","","","","","","","","","","","","","","","","","","","",45,1,"","","","","","","","","","","","",11.,1,"","","","","","","","","","","","","","","","","","","","","","","","","","","","","","","","","","","","","","","","","","","","","","","","","","","","","","","","","","","","","","","","","","","","","","","","","","","","","","","","","","","","","","","","","","","","","","","","","","","","","","","","","","","","","","","","","","","",""
"06163007","TENDE_SAPC",44.043167,7.586,636,2000092414,0.,1,"","","","","","","","","","","","","","","","","","","","","","","","","","","","","","","","","","",19.6,1,7.7,1,19.6,1,"","",20.8,1,"","","","","","","","","","","","","","","","","","","","",46,1,"","","","","","","","","","","","",10.5,1,"","","","","","","","","","","","","","","","","","","","","","","","","","","","","","","","","","","","","","","","","","","","","","","","","","","","","","","","","","","","","","","","","","","","","","","","","","","","","","","","","","","","","","","","","","","","","","","","","","","","","","","","","","","","","","","","","","","",""
"06163007","TENDE_SAPC",44.043167,7.586,636,2000092415,0.,1,"","","","","","","","","","","","","","","","","","","","","","","","","","","","","","","","","","",18.9,1,8.8,1,18.9,1,"","",19.6,1,"","","","","","","","","","","","","","","","","","","","",52,1,"","","","","","","","","","","","",11.3,1,"","","","","","","","","","","","","","","","","","","","","","","","","","","","","","","","","","","","","","","","","","","","","","","","","","","","","","","","","","","","","","","","","","","","","","","","","","","","","","","","","","","","","","","","","","","","","","","","","","","","","","","","","","","","","","","","","","","",""
"06163007","TENDE_SAPC",44.043167,7.586,636,2000092416,0.,1,"","","","","","","","","","","","","","","","","","","","","","","","","","","","","","","","","","",18.8,1,9.,1,18.8,1,"","",19.2,1,"","","","","","","","","","","","","","","","","","","","",53,1,"","","","","","","","","","","","",11.5,1,"","","","","","","","","","","","","","","","","","","","","","","","","","","","","","","","","","","","","","","","","","","","","","","","","","","","","","","","","","","","","","","","","","","","","","","","","","","","","","","","","","","","","","","","","","","","","","","","","","","","","","","","","","","","","","","","","","","",""
"06163007","TENDE_SAPC",44.043167,7.586,636,2000092417,0.,1,"","","","","","","","","","","","","","","","","","","","","","","","","","","","","","","","","","",17.9,1,10.,1,17.9,1,"","",18.8,1,"","","","","","","","","","","","","","","","","","","","",60,1,"","","","","","","","","","","","",12.3,1,"","","","","","","","","","","","","","","","","","","","","","","","","","","","","","","","","","","","","","","","","","","","","","","","","","","","","","","","","","","","","","","","","","","","","","","","","","","","","","","","","","","","","","","","","","","","","","","","","","","","","","","","","","","","","","","","","","","",""
"06163007","TENDE_SAPC",44.043167,7.586,636,2000092418,0.,1,"","","","","","","","","","","","","","","","","","","","","","","","","","","","","","","","","","",16.9,1,9.6,1,16.9,1,"","",17.9,1,"","","","","","","","","","","","","","","","","","","","",62,1,"","","","","","","","","","","","",11.9,1,"","","","","","","","","","","","","","","","","","","","","","","","","","","","","","","","","","","","","","","","","","","","","","","","","","","","","","","","","","","","","","","","","","","","","","","","","","","","","","","","","","","","","","","","","","","","","","","","","","","","","","","","","","","","","","","","","","","",""
"06163007","TENDE_SAPC",44.043167,7.586,636,2000092419,0.,1,"","","","","","","","","","","","","","","","","","","","","","","","","","","","","","","","","","",15.9,1,10.4,1,15.9,1,"","",16.9,1,"","","","","","","","","","","","","","","","","","","","",70,1,"","","","","","","","","","","","",12.6,1,"","","","","","","","","","","","","","","","","","","","","","","","","","","","","","","","","","","","","","","","","","","","","","","","","","","","","","","","","","","","","","","","","","","","","","","","","","","","","","","","","","","","","","","","","","","","","","","","","","","","","","","","","","","","","","","","","","","",""
"06163007","TENDE_SAPC",44.043167,7.586,636,2000092420,0.,1,"","","","","","","","","","","","","","","","","","","","","","","","","","","","","","","","","","",15.,1,10.4,1,15.,1,"","",15.9,1,"","","","","","","","","","","","","","","","","","","","",74,1,"","","","","","","","","","","","",12.6,1,"","","","","","","","","","","","","","","","","","","","","","","","","","","","","","","","","","","","","","","","","","","","","","","","","","","","","","","","","","","","","","","","","","","","","","","","","","","","","","","","","","","","","","","","","","","","","","","","","","","","","","","","","","","","","","","","","","","",""
"06163007","TENDE_SAPC",44.043167,7.586,636,2000092421,0.,1,"","","","","","","","","","","","","","","","","","","","","","","","","","","","","","","","","","",14.8,1,10.6,1,14.8,1,"","",15.,1,"","","","","","","","","","","","","","","","","","","","",76,1,"","","","","","","","","","","","",12.8,1,"","","","","","","","","","","","","","","","","","","","","","","","","","","","","","","","","","","","","","","","","","","","","","","","","","","","","","","","","","","","","","","","","","","","","","","","","","","","","","","","","","","","","","","","","","","","","","","","","","","","","","","","","","","","","","","","","","","",""
"06163007","TENDE_SAPC",44.043167,7.586,636,2000092422,0.,1,"","","","","","","","","","","","","","","","","","","","","","","","","","","","","","","","","","",14.,1,10.2,1,14.,1,"","",14.8,1,"","","","","","","","","","","","","","","","","","","","",78,1,"","","","","","","","","","","","",12.4,1,"","","","","","","","","","","","","","","","","","","","","","","","","","","","","","","","","","","","","","","","","","","","","","","","","","","","","","","","","","","","","","","","","","","","","","","","","","","","","","","","","","","","","","","","","","","","","","","","","","","","","","","","","","","","","","","","","","","",""
"06163007","TENDE_SAPC",44.043167,7.586,636,2000092423,0.,1,"","","","","","","","","","","","","","","","","","","","","","","","","","","","","","","","","","",12.6,1,8.9,1,12.5,1,"","",14.,1,"","","","","","","","","","","","","","","","","","","","",78,1,"","","","","","","","","","","","",11.4,1,"","","","","","","","","","","","","","","","","","","","","","","","","","","","","","","","","","","","","","","","","","","","","","","","","","","","","","","","","","","","","","","","","","","","","","","","","","","","","","","","","","","","","","","","","","","","","","","","","","","","","","","","","","","","","","","","","","","",""
"06163007","TENDE_SAPC",44.043167,7.586,636,2000092500,0.,1,"","","","","","","","","","","","","","","","","","","","","","","","","","","","","","","","","","",11.9,1,8.4,1,11.9,1,"","",12.6,1,"","","","","","","","","","","","","","","","","","","","",79,1,"","","","","","","","","","","","",11.,1,"","","","","","","","","","","","","","","","","","","","","","","","","","","","","","","","","","","","","","","","","","","","","","","","","","","","","","","","","","","","","","","","","","","","","","","","","","","","","","","","","","","","","","","","","","","","","","","","","","","","","","","","","","","","","","","","","","","",""
"06163007","TENDE_SAPC",44.043167,7.586,636,2000092501,0.,1,"","","","","","","","","","","","","","","","","","","","","","","","","","","","","","","","","","",11.3,1,8.2,1,11.3,1,"","",11.9,1,"","","","","","","","","","","","","","","","","","","","",81,1,"","","","","","","","","","","","",10.8,1,"","","","","","","","","","","","","","","","","","","","","","","","","","","","","","","","","","","","","","","","","","","","","","","","","","","","","","","","","","","","","","","","","","","","","","","","","","","","","","","","","","","","","","","","","","","","","","","","","","","","","","","","","","","","","","","","","","","",""
"06163007","TENDE_SAPC",44.043167,7.586,636,2000092502,0.,1,"","","","","","","","","","","","","","","","","","","","","","","","","","","","","","","","","","",10.8,1,7.8,1,10.8,1,"","",11.4,1,"","","","","","","","","","","","","","","","","","","","",82,1,"","","","","","","","","","","","",10.6,1,"","","","","","","","","","","","","","","","","","","","","","","","","","","","","","","","","","","","","","","","","","","","","","","","","","","","","","","","","","","","","","","","","","","","","","","","","","","","","","","","","","","","","","","","","","","","","","","","","","","","","","","","","","","","","","","","","","","",""
"06163007","TENDE_SAPC",44.043167,7.586,636,2000092503,0.,1,"","","","","","","","","","","","","","","","","","","","","","","","","","","","","","","","","","",10.6,1,7.8,1,10.5,1,"","",10.8,1,"","","","","","","","","","","","","","","","","","","","",83,1,"","","","","","","","","","","","",10.6,1,"","","","","","","","","","","","","","","","","","","","","","","","","","","","","","","","","","","","","","","","","","","","","","","","","","","","","","","","","","","","","","","","","","","","","","","","","","","","","","","","","","","","","","","","","","","","","","","","","","","","","","","","","","","","","","","","","","","",""
"06163007","TENDE_SAPC",44.043167,7.586,636,2000092504,0.,1,"","","","","","","","","","","","","","","","","","","","","","","","","","","","","","","","","","",10.1,1,7.3,1,10.1,1,"","",10.7,1,"","","","","","","","","","","","","","","","","","","","",83,1,"","","","","","","","","","","","",10.2,1,"","","","","","","","","","","","","","","","","","","","","","","","","","","","","","","","","","","","","","","","","","","","","","","","","","","","","","","","","","","","","","","","","","","","","","","","","","","","","","","","","","","","","","","","","","","","","","","","","","","","","","","","","","","","","","","","","","","",""
"06163007","TENDE_SAPC",44.043167,7.586,636,2000092505,0.,1,"","","","","","","","","","","","","","","","","","","","","","","","","","","","","","","","","","",9.8,1,7.2,1,9.8,1,"","",10.1,1,"","","","","","","","","","","","","","","","","","","","",84,1,"","","","","","","","","","","","",10.2,1,"","","","","","","","","","","","","","","","","","","","","","","","","","","","","","","","","","","","","","","","","","","","","","","","","","","","","","","","","","","","","","","","","","","","","","","","","","","","","","","","","","","","","","","","","","","","","","","","","","","","","","","","","","","","","","","","","","","",""
"06163007","TENDE_SAPC",44.043167,7.586,636,2000092506,0.,1,"","","","","","","","","","","","","","","","","","","","","","","","","","","","","","","","","","",9.5,1,7.1,1,9.3,1,"","",9.8,1,"","","","","","","","","","","","","","","","","","","","",85,1,"","","","","","","","","","","","",10.1,1,"","","","","","","","","","","","","","","","","","","","","","","","","","","","","","","","","","","","","","","","","","","","","","","","","","","","","","","","","","","","","","","","","","","","","","","","","","","","","","","","","","","","","","","","","","","","","","","","","","","","","","","","","","","","","","","","","","","",""
"06163007","TENDE_SAPC",44.043167,7.586,636,2000092507,0.,1,"","","","","","","","","","","","","","","","","","","","","","","","","","","","","","","","","","",11.,1,7.7,1,9.6,1,"","",11.,1,"","","","","","","","","","","","","","","","","","","","",80,1,"","","","","","","","","","","","",10.5,1,"","","","","","","","","","","","","","","","","","","","","","","","","","","","","","","","","","","","","","","","","","","","","","","","","","","","","","","","","","","","","","","","","","","","","","","","","","","","","","","","","","","","","","","","","","","","","","","","","","","","","","","","","","","","","","","","","","","",""
"06163007","TENDE_SAPC",44.043167,7.586,636,2000092508,0.,1,"","","","","","","","","","","","","","","","","","","","","","","","","","","","","","","","","","",12.9,1,8.6,1,11.1,1,"","",13.,1,"","","","","","","","","","","","","","","","","","","","",75,1,"","","","","","","","","","","","",11.1,1,"","","","","","","","","","","","","","","","","","","","","","","","","","","","","","","","","","","","","","","","","","","","","","","","","","","","","","","","","","","","","","","","","","","","","","","","","","","","","","","","","","","","","","","","","","","","","","","","","","","","","","","","","","","","","","","","","","","",""
"06163007","TENDE_SAPC",44.043167,7.586,636,2000092509,0.,1,"","","","","","","","","","","","","","","","","","","","","","","","","","","","","","","","","","",16.1,1,9.7,1,13.,1,"","",16.1,1,"","","","","","","","","","","","","","","","","","","","",66,1,"","","","","","","","","","","","",12.1,1,"","","","","","","","","","","","","","","","","","","","","","","","","","","","","","","","","","","","","","","","","","","","","","","","","","","","","","","","","","","","","","","","","","","","","","","","","","","","","","","","","","","","","","","","","","","","","","","","","","","","","","","","","","","","","","","","","","","",""
"06163007","TENDE_SAPC",44.043167,7.586,636,2000092510,0.,1,"","","","","","","","","","","","","","","","","","","","","","","","","","","","","","","","","","",19.6,1,8.6,1,16.2,1,"","",19.6,1,"","","","","","","","","","","","","","","","","","","","",49,1,"","","","","","","","","","","","",11.1,1,"","","","","","","","","","","","","","","","","","","","","","","","","","","","","","","","","","","","","","","","","","","","","","","","","","","","","","","","","","","","","","","","","","","","","","","","","","","","","","","","","","","","","","","","","","","","","","","","","","","","","","","","","","","","","","","","","","","",""
"06163007","TENDE_SAPC",44.043167,7.586,636,2000092511,0.,1,"","","","","","","","","","","","","","","","","","","","","","","","","","","","","","","","","","",20.5,1,8.8,1,19.6,1,"","",21.1,1,"","","","","","","","","","","","","","","","","","","","",47,1,"","","","","","","","","","","","",11.3,1,"","","","","","","","","","","","","","","","","","","","","","","","","","","","","","","","","","","","","","","","","","","","","","","","","","","","","","","","","","","","","","","","","","","","","","","","","","","","","","","","","","","","","","","","","","","","","","","","","","","","","","","","","","","","","","","","","","","",""
"06163007","TENDE_SAPC",44.043167,7.586,636,2000092512,0.,1,"","","","","","","","","","","","","","","","","","","","","","","","","","","","","","","","","","",21.5,1,9.4,1,20.4,1,"","",21.6,1,"","","","","","","","","","","","","","","","","","","","",46,1,"","","","","","","","","","","","",11.8,1,"","","","","","","","","","","","","","","","","","","","","","","","","","","","","","","","","","","","","","","","","","","","","","","","","","","","","","","","","","","","","","","","","","","","","","","","","","","","","","","","","","","","","","","","","","","","","","","","","","","","","","","","","","","","","","","","","","","",""
"06163007","TENDE_SAPC",44.043167,7.586,636,2000092513,0.,1,"","","","","","","","","","","","","","","","","","","","","","","","","","","","","","","","","","",21.9,1,9.8,1,21.5,1,"","",22.1,1,"","","","","","","","","","","","","","","","","","","","",46,1,"","","","","","","","","","","","",12.1,1,"","","","","","","","","","","","","","","","","","","","","","","","","","","","","","","","","","","","","","","","","","","","","","","","","","","","","","","","","","","","","","","","","","","","","","","","","","","","","","","","","","","","","","","","","","","","","","","","","","","","","","","","","","","","","","","","","","","",""
"06163007","TENDE_SAPC",44.043167,7.586,636,2000092514,0.,1,"","","","","","","","","","","","","","","","","","","","","","","","","","","","","","","","","","",21.8,1,10.3,1,21.2,1,"","",22.,1,"","","","","","","","","","","","","","","","","","","","",48,1,"","","","","","","","","","","","",12.5,1,"","","","","","","","","","","","","","","","","","","","","","","","","","","","","","","","","","","","","","","","","","","","","","","","","","","","","","","","","","","","","","","","","","","","","","","","","","","","","","","","","","","","","","","","","","","","","","","","","","","","","","","","","","","","","","","","","","","",""
"06163007","TENDE_SAPC",44.043167,7.586,636,2000092515,0.,1,"","","","","","","","","","","","","","","","","","","","","","","","","","","","","","","","","","",20.6,1,10.7,1,20.6,1,"","",21.8,1,"","","","","","","","","","","","","","","","","","","","",53,1,"","","","","","","","","","","","",12.8,1,"","","","","","","","","","","","","","","","","","","","","","","","","","","","","","","","","","","","","","","","","","","","","","","","","","","","","","","","","","","","","","","","","","","","","","","","","","","","","","","","","","","","","","","","","","","","","","","","","","","","","","","","","","","","","","","","","","","",""
"06163007","TENDE_SAPC",44.043167,7.586,636,2000092516,0.,1,"","","","","","","","","","","","","","","","","","","","","","","","","","","","","","","","","","",19.5,1,10.8,1,19.5,1,"","",20.7,1,"","","","","","","","","","","","","","","","","","","","",57,1,"","","","","","","","","","","","",12.9,1,"","","","","","","","","","","","","","","","","","","","","","","","","","","","","","","","","","","","","","","","","","","","","","","","","","","","","","","","","","","","","","","","","","","","","","","","","","","","","","","","","","","","","","","","","","","","","","","","","","","","","","","","","","","","","","","","","","","",""
"06163007","TENDE_SAPC",44.043167,7.586,636,2000092517,0.,1,"","","","","","","","","","","","","","","","","","","","","","","","","","","","","","","","","","",18.2,1,10.6,1,18.2,1,"","",19.4,1,"","","","","","","","","","","","","","","","","","","","",61,1,"","","","","","","","","","","","",12.7,1,"","","","","","","","","","","","","","","","","","","","","","","","","","","","","","","","","","","","","","","","","","","","","","","","","","","","","","","","","","","","","","","","","","","","","","","","","","","","","","","","","","","","","","","","","","","","","","","","","","","","","","","","","","","","","","","","","","","",""
"06163007","TENDE_SAPC",44.043167,7.586,636,2000092518,0.,1,"","","","","","","","","","","","","","","","","","","","","","","","","","","","","","","","","","",16.5,1,10.8,1,16.5,1,"","",18.2,1,"","","","","","","","","","","","","","","","","","","","",69,1,"","","","","","","","","","","","",12.9,1,"","","","","","","","","","","","","","","","","","","","","","","","","","","","","","","","","","","","","","","","","","","","","","","","","","","","","","","","","","","","","","","","","","","","","","","","","","","","","","","","","","","","","","","","","","","","","","","","","","","","","","","","","","","","","","","","","","","",""
"06163007","TENDE_SAPC",44.043167,7.586,636,2000092519,0.,1,"","","","","","","","","","","","","","","","","","","","","","","","","","","","","","","","","","",15.1,1,11.1,1,15.1,1,"","",16.4,1,"","","","","","","","","","","","","","","","","","","","",77,1,"","","","","","","","","","","","",13.2,1,"","","","","","","","","","","","","","","","","","","","","","","","","","","","","","","","","","","","","","","","","","","","","","","","","","","","","","","","","","","","","","","","","","","","","","","","","","","","","","","","","","","","","","","","","","","","","","","","","","","","","","","","","","","","","","","","","","","",""
"06163007","TENDE_SAPC",44.043167,7.586,636,2000092520,0.,1,"","","","","","","","","","","","","","","","","","","","","","","","","","","","","","","","","","",14.8,1,11.,1,14.8,1,"","",15.2,1,"","","","","","","","","","","","","","","","","","","","",78,1,"","","","","","","","","","","","",13.1,1,"","","","","","","","","","","","","","","","","","","","","","","","","","","","","","","","","","","","","","","","","","","","","","","","","","","","","","","","","","","","","","","","","","","","","","","","","","","","","","","","","","","","","","","","","","","","","","","","","","","","","","","","","","","","","","","","","","","",""
"06163007","TENDE_SAPC",44.043167,7.586,636,2000092521,0.,1,"","","","","","","","","","","","","","","","","","","","","","","","","","","","","","","","","","",14.2,1,10.6,1,14.2,1,"","",14.8,1,"","","","","","","","","","","","","","","","","","","","",79,1,"","","","","","","","","","","","",12.8,1,"","","","","","","","","","","","","","","","","","","","","","","","","","","","","","","","","","","","","","","","","","","","","","","","","","","","","","","","","","","","","","","","","","","","","","","","","","","","","","","","","","","","","","","","","","","","","","","","","","","","","","","","","","","","","","","","","","","",""
"06163007","TENDE_SAPC",44.043167,7.586,636,2000092522,0.,1,"","","","","","","","","","","","","","","","","","","","","","","","","","","","","","","","","","",14.4,1,11.,1,14.2,1,"","",14.4,1,"","","","","","","","","","","","","","","","","","","","",80,1,"","","","","","","","","","","","",13.1,1,"","","","","","","","","","","","","","","","","","","","","","","","","","","","","","","","","","","","","","","","","","","","","","","","","","","","","","","","","","","","","","","","","","","","","","","","","","","","","","","","","","","","","","","","","","","","","","","","","","","","","","","","","","","","","","","","","","","",""
"06163007","TENDE_SAPC",44.043167,7.586,636,2000092523,0.,1,"","","","","","","","","","","","","","","","","","","","","","","","","","","","","","","","","","",14.7,1,11.1,1,14.4,1,"","",14.7,1,"","","","","","","","","","","","","","","","","","","","",79,1,"","","","","","","","","","","","",13.2,1,"","","","","","","","","","","","","","","","","","","","","","","","","","","","","","","","","","","","","","","","","","","","","","","","","","","","","","","","","","","","","","","","","","","","","","","","","","","","","","","","","","","","","","","","","","","","","","","","","","","","","","","","","","","","","","","","","","","",""
"06163007","TENDE_SAPC",44.043167,7.586,636,2000092600,0.,1,"","","","","","","","","","","","","","","","","","","","","","","","","","","","","","","","","","",14.8,1,11.4,1,14.7,1,"","",14.8,1,"","","","","","","","","","","","","","","","","","","","",80,1,"","","","","","","","","","","","",13.4,1,"","","","","","","","","","","","","","","","","","","","","","","","","","","","","","","","","","","","","","","","","","","","","","","","","","","","","","","","","","","","","","","","","","","","","","","","","","","","","","","","","","","","","","","","","","","","","","","","","","","","","","","","","","","","","","","","","","","",""
"06163007","TENDE_SAPC",44.043167,7.586,636,2000092601,0.,1,"","","","","","","","","","","","","","","","","","","","","","","","","","","","","","","","","","",14.8,1,11.6,1,14.8,1,"","",14.8,1,"","","","","","","","","","","","","","","","","","","","",81,1,"","","","","","","","","","","","",13.6,1,"","","","","","","","","","","","","","","","","","","","","","","","","","","","","","","","","","","","","","","","","","","","","","","","","","","","","","","","","","","","","","","","","","","","","","","","","","","","","","","","","","","","","","","","","","","","","","","","","","","","","","","","","","","","","","","","","","","",""
"06163007","TENDE_SAPC",44.043167,7.586,636,2000092602,0.,1,"","","","","","","","","","","","","","","","","","","","","","","","","","","","","","","","","","",14.8,1,11.6,1,14.8,1,"","",14.9,1,"","","","","","","","","","","","","","","","","","","","",81,1,"","","","","","","","","","","","",13.6,1,"","","","","","","","","","","","","","","","","","","","","","","","","","","","","","","","","","","","","","","","","","","","","","","","","","","","","","","","","","","","","","","","","","","","","","","","","","","","","","","","","","","","","","","","","","","","","","","","","","","","","","","","","","","","","","","","","","","",""
"06163007","TENDE_SAPC",44.043167,7.586,636,2000092603,0.,1,"","","","","","","","","","","","","","","","","","","","","","","","","","","","","","","","","","",14.8,1,11.6,1,14.8,1,"","",14.8,1,"","","","","","","","","","","","","","","","","","","","",81,1,"","","","","","","","","","","","",13.6,1,"","","","","","","","","","","","","","","","","","","","","","","","","","","","","","","","","","","","","","","","","","","","","","","","","","","","","","","","","","","","","","","","","","","","","","","","","","","","","","","","","","","","","","","","","","","","","","","","","","","","","","","","","","","","","","","","","","","",""
"06163007","TENDE_SAPC",44.043167,7.586,636,2000092604,0.,1,"","","","","","","","","","","","","","","","","","","","","","","","","","","","","","","","","","",14.6,1,11.6,1,14.6,1,"","",14.8,1,"","","","","","","","","","","","","","","","","","","","",82,1,"","","","","","","","","","","","",13.6,1,"","","","","","","","","","","","","","","","","","","","","","","","","","","","","","","","","","","","","","","","","","","","","","","","","","","","","","","","","","","","","","","","","","","","","","","","","","","","","","","","","","","","","","","","","","","","","","","","","","","","","","","","","","","","","","","","","","","",""
"06163007","TENDE_SAPC",44.043167,7.586,636,2000092605,0.,1,"","","","","","","","","","","","","","","","","","","","","","","","","","","","","","","","","","",14.6,1,11.7,1,14.6,1,"","",14.7,1,"","","","","","","","","","","","","","","","","","","","",83,1,"","","","","","","","","","","","",13.8,1,"","","","","","","","","","","","","","","","","","","","","","","","","","","","","","","","","","","","","","","","","","","","","","","","","","","","","","","","","","","","","","","","","","","","","","","","","","","","","","","","","","","","","","","","","","","","","","","","","","","","","","","","","","","","","","","","","","","",""
"06163007","TENDE_SAPC",44.043167,7.586,636,2000092606,0.,1,"","","","","","","","","","","","","","","","","","","","","","","","","","","","","","","","","","",14.5,1,11.6,1,14.5,1,"","",14.6,1,"","","","","","","","","","","","","","","","","","","","",83,1,"","","","","","","","","","","","",13.7,1,"","","","","","","","","","","","","","","","","","","","","","","","","","","","","","","","","","","","","","","","","","","","","","","","","","","","","","","","","","","","","","","","","","","","","","","","","","","","","","","","","","","","","","","","","","","","","","","","","","","","","","","","","","","","","","","","","","","",""
"06163007","TENDE_SAPC",44.043167,7.586,636,2000092607,0.,1,"","","","","","","","","","","","","","","","","","","","","","","","","","","","","","","","","","",15.2,1,11.8,1,14.5,1,"","",15.2,1,"","","","","","","","","","","","","","","","","","","","",80,1,"","","","","","","","","","","","",13.8,1,"","","","","","","","","","","","","","","","","","","","","","","","","","","","","","","","","","","","","","","","","","","","","","","","","","","","","","","","","","","","","","","","","","","","","","","","","","","","","","","","","","","","","","","","","","","","","","","","","","","","","","","","","","","","","","","","","","","",""
"06163007","TENDE_SAPC",44.043167,7.586,636,2000092608,0.,1,"","","","","","","","","","","","","","","","","","","","","","","","","","","","","","","","","","",16.6,1,11.3,1,15.2,1,"","",16.6,1,"","","","","","","","","","","","","","","","","","","","",71,1,"","","","","","","","","","","","",13.4,1,"","","","","","","","","","","","","","","","","","","","","","","","","","","","","","","","","","","","","","","","","","","","","","","","","","","","","","","","","","","","","","","","","","","","","","","","","","","","","","","","","","","","","","","","","","","","","","","","","","","","","","","","","","","","","","","","","","","",""
"06163007","TENDE_SAPC",44.043167,7.586,636,2000092609,0.,1,"","","","","","","","","","","","","","","","","","","","","","","","","","","","","","","","","","",17.9,1,10.5,1,16.6,1,"","",17.9,1,"","","","","","","","","","","","","","","","","","","","",62,1,"","","","","","","","","","","","",12.7,1,"","","","","","","","","","","","","","","","","","","","","","","","","","","","","","","","","","","","","","","","","","","","","","","","","","","","","","","","","","","","","","","","","","","","","","","","","","","","","","","","","","","","","","","","","","","","","","","","","","","","","","","","","","","","","","","","","","","",""
"06163007","TENDE_SAPC",44.043167,7.586,636,2000092610,0.,1,"","","","","","","","","","","","","","","","","","","","","","","","","","","","","","","","","","",18.2,1,10.8,1,17.9,1,"","",18.3,1,"","","","","","","","","","","","","","","","","","","","",62,1,"","","","","","","","","","","","",12.9,1,"","","","","","","","","","","","","","","","","","","","","","","","","","","","","","","","","","","","","","","","","","","","","","","","","","","","","","","","","","","","","","","","","","","","","","","","","","","","","","","","","","","","","","","","","","","","","","","","","","","","","","","","","","","","","","","","","","","",""
"06163007","TENDE_SAPC",44.043167,7.586,636,2000092611,0.,1,"","","","","","","","","","","","","","","","","","","","","","","","","","","","","","","","","","",18.5,1,11.1,1,18.2,1,"","",18.5,1,"","","","","","","","","","","","","","","","","","","","",62,1,"","","","","","","","","","","","",13.2,1,"","","","","","","","","","","","","","","","","","","","","","","","","","","","","","","","","","","","","","","","","","","","","","","","","","","","","","","","","","","","","","","","","","","","","","","","","","","","","","","","","","","","","","","","","","","","","","","","","","","","","","","","","","","","","","","","","","","",""
"06163007","TENDE_SAPC",44.043167,7.586,636,2000092612,0.,1,"","","","","","","","","","","","","","","","","","","","","","","","","","","","","","","","","","",18.5,1,10.8,1,18.4,1,"","",18.5,1,"","","","","","","","","","","","","","","","","","","","",61,1,"","","","","","","","","","","","",13.,1,"","","","","","","","","","","","","","","","","","","","","","","","","","","","","","","","","","","","","","","","","","","","","","","","","","","","","","","","","","","","","","","","","","","","","","","","","","","","","","","","","","","","","","","","","","","","","","","","","","","","","","","","","","","","","","","","","","","",""
"06163007","TENDE_SAPC",44.043167,7.586,636,2000092613,0.,1,"","","","","","","","","","","","","","","","","","","","","","","","","","","","","","","","","","",18.7,1,10.8,1,18.4,1,"","",18.8,1,"","","","","","","","","","","","","","","","","","","","",60,1,"","","","","","","","","","","","",12.9,1,"","","","","","","","","","","","","","","","","","","","","","","","","","","","","","","","","","","","","","","","","","","","","","","","","","","","","","","","","","","","","","","","","","","","","","","","","","","","","","","","","","","","","","","","","","","","","","","","","","","","","","","","","","","","","","","","","","","",""
"06163007","TENDE_SAPC",44.043167,7.586,636,2000092614,0.,1,"","","","","","","","","","","","","","","","","","","","","","","","","","","","","","","","","","",18.6,1,10.9,1,18.6,1,"","",18.8,1,"","","","","","","","","","","","","","","","","","","","",61,1,"","","","","","","","","","","","",13.,1,"","","","","","","","","","","","","","","","","","","","","","","","","","","","","","","","","","","","","","","","","","","","","","","","","","","","","","","","","","","","","","","","","","","","","","","","","","","","","","","","","","","","","","","","","","","","","","","","","","","","","","","","","","","","","","","","","","","",""
"06163007","TENDE_SAPC",44.043167,7.586,636,2000092615,0.,1,"","","","","","","","","","","","","","","","","","","","","","","","","","","","","","","","","","",18.5,1,10.8,1,18.5,1,"","",18.6,1,"","","","","","","","","","","","","","","","","","","","",61,1,"","","","","","","","","","","","",13.,1,"","","","","","","","","","","","","","","","","","","","","","","","","","","","","","","","","","","","","","","","","","","","","","","","","","","","","","","","","","","","","","","","","","","","","","","","","","","","","","","","","","","","","","","","","","","","","","","","","","","","","","","","","","","","","","","","","","","",""
"06163007","TENDE_SAPC",44.043167,7.586,636,2000092616,0.,1,"","","","","","","","","","","","","","","","","","","","","","","","","","","","","","","","","","",18.3,1,10.6,1,18.3,1,"","",18.5,1,"","","","","","","","","","","","","","","","","","","","",61,1,"","","","","","","","","","","","",12.8,1,"","","","","","","","","","","","","","","","","","","","","","","","","","","","","","","","","","","","","","","","","","","","","","","","","","","","","","","","","","","","","","","","","","","","","","","","","","","","","","","","","","","","","","","","","","","","","","","","","","","","","","","","","","","","","","","","","","","",""
"06163007","TENDE_SAPC",44.043167,7.586,636,2000092617,0.,1,"","","","","","","","","","","","","","","","","","","","","","","","","","","","","","","","","","",17.5,1,11.3,1,17.5,1,"","",18.3,1,"","","","","","","","","","","","","","","","","","","","",67,1,"","","","","","","","","","","","",13.4,1,"","","","","","","","","","","","","","","","","","","","","","","","","","","","","","","","","","","","","","","","","","","","","","","","","","","","","","","","","","","","","","","","","","","","","","","","","","","","","","","","","","","","","","","","","","","","","","","","","","","","","","","","","","","","","","","","","","","",""
"06163007","TENDE_SAPC",44.043167,7.586,636,2000092618,0.,1,"","","","","","","","","","","","","","","","","","","","","","","","","","","","","","","","","","",15.5,1,11.1,1,15.5,1,"","",17.5,1,"","","","","","","","","","","","","","","","","","","","",75,1,"","","","","","","","","","","","",13.2,1,"","","","","","","","","","","","","","","","","","","","","","","","","","","","","","","","","","","","","","","","","","","","","","","","","","","","","","","","","","","","","","","","","","","","","","","","","","","","","","","","","","","","","","","","","","","","","","","","","","","","","","","","","","","","","","","","","","","",""
"06163007","TENDE_SAPC",44.043167,7.586,636,2000092619,0.,1,"","","","","","","","","","","","","","","","","","","","","","","","","","","","","","","","","","",14.9,1,11.3,1,14.9,1,"","",15.5,1,"","","","","","","","","","","","","","","","","","","","",79,1,"","","","","","","","","","","","",13.4,1,"","","","","","","","","","","","","","","","","","","","","","","","","","","","","","","","","","","","","","","","","","","","","","","","","","","","","","","","","","","","","","","","","","","","","","","","","","","","","","","","","","","","","","","","","","","","","","","","","","","","","","","","","","","","","","","","","","","",""
"06163007","TENDE_SAPC",44.043167,7.586,636,2000092620,0.,1,"","","","","","","","","","","","","","","","","","","","","","","","","","","","","","","","","","",15.,1,11.4,1,14.9,1,"","",15.1,1,"","","","","","","","","","","","","","","","","","","","",79,1,"","","","","","","","","","","","",13.4,1,"","","","","","","","","","","","","","","","","","","","","","","","","","","","","","","","","","","","","","","","","","","","","","","","","","","","","","","","","","","","","","","","","","","","","","","","","","","","","","","","","","","","","","","","","","","","","","","","","","","","","","","","","","","","","","","","","","","",""
"06163007","TENDE_SAPC",44.043167,7.586,636,2000092621,0.,1,"","","","","","","","","","","","","","","","","","","","","","","","","","","","","","","","","","",15.2,1,11.4,1,15.,1,"","",15.2,1,"","","","","","","","","","","","","","","","","","","","",78,1,"","","","","","","","","","","","",13.4,1,"","","","","","","","","","","","","","","","","","","","","","","","","","","","","","","","","","","","","","","","","","","","","","","","","","","","","","","","","","","","","","","","","","","","","","","","","","","","","","","","","","","","","","","","","","","","","","","","","","","","","","","","","","","","","","","","","","","",""
"06163007","TENDE_SAPC",44.043167,7.586,636,2000092622,0.,1,"","","","","","","","","","","","","","","","","","","","","","","","","","","","","","","","","","",15.1,1,11.5,1,15.,1,"","",15.2,1,"","","","","","","","","","","","","","","","","","","","",79,1,"","","","","","","","","","","","",13.5,1,"","","","","","","","","","","","","","","","","","","","","","","","","","","","","","","","","","","","","","","","","","","","","","","","","","","","","","","","","","","","","","","","","","","","","","","","","","","","","","","","","","","","","","","","","","","","","","","","","","","","","","","","","","","","","","","","","","","",""
"06163007","TENDE_SAPC",44.043167,7.586,636,2000092623,0.,1,"","","","","","","","","","","","","","","","","","","","","","","","","","","","","","","","","","",15.1,1,11.7,1,15.1,1,"","",15.2,1,"","","","","","","","","","","","","","","","","","","","",80,1,"","","","","","","","","","","","",13.7,1,"","","","","","","","","","","","","","","","","","","","","","","","","","","","","","","","","","","","","","","","","","","","","","","","","","","","","","","","","","","","","","","","","","","","","","","","","","","","","","","","","","","","","","","","","","","","","","","","","","","","","","","","","","","","","","","","","","","",""
"06163007","TENDE_SAPC",44.043167,7.586,636,2000092700,0.,1,"","","","","","","","","","","","","","","","","","","","","","","","","","","","","","","","","","",15.2,1,11.4,1,15.1,1,"","",15.2,1,"","","","","","","","","","","","","","","","","","","","",78,1,"","","","","","","","","","","","",13.4,1,"","","","","","","","","","","","","","","","","","","","","","","","","","","","","","","","","","","","","","","","","","","","","","","","","","","","","","","","","","","","","","","","","","","","","","","","","","","","","","","","","","","","","","","","","","","","","","","","","","","","","","","","","","","","","","","","","","","",""
"06163007","TENDE_SAPC",44.043167,7.586,636,2000092701,0.,1,"","","","","","","","","","","","","","","","","","","","","","","","","","","","","","","","","","",13.7,1,10.5,1,13.7,1,"","",15.3,1,"","","","","","","","","","","","","","","","","","","","",81,1,"","","","","","","","","","","","",12.7,1,"","","","","","","","","","","","","","","","","","","","","","","","","","","","","","","","","","","","","","","","","","","","","","","","","","","","","","","","","","","","","","","","","","","","","","","","","","","","","","","","","","","","","","","","","","","","","","","","","","","","","","","","","","","","","","","","","","","",""
"06163007","TENDE_SAPC",44.043167,7.586,636,2000092702,0.,1,"","","","","","","","","","","","","","","","","","","","","","","","","","","","","","","","","","",12.6,1,9.8,1,12.6,1,"","",13.7,1,"","","","","","","","","","","","","","","","","","","","",83,1,"","","","","","","","","","","","",12.1,1,"","","","","","","","","","","","","","","","","","","","","","","","","","","","","","","","","","","","","","","","","","","","","","","","","","","","","","","","","","","","","","","","","","","","","","","","","","","","","","","","","","","","","","","","","","","","","","","","","","","","","","","","","","","","","","","","","","","",""
"06163007","TENDE_SAPC",44.043167,7.586,636,2000092703,0.,1,"","","","","","","","","","","","","","","","","","","","","","","","","","","","","","","","","","",11.7,1,9.1,1,11.7,1,"","",12.6,1,"","","","","","","","","","","","","","","","","","","","",84,1,"","","","","","","","","","","","",11.5,1,"","","","","","","","","","","","","","","","","","","","","","","","","","","","","","","","","","","","","","","","","","","","","","","","","","","","","","","","","","","","","","","","","","","","","","","","","","","","","","","","","","","","","","","","","","","","","","","","","","","","","","","","","","","","","","","","","","","",""
"06163007","TENDE_SAPC",44.043167,7.586,636,2000092704,0.,1,"","","","","","","","","","","","","","","","","","","","","","","","","","","","","","","","","","",11.3,1,8.9,1,11.3,1,"","",11.7,1,"","","","","","","","","","","","","","","","","","","","",85,1,"","","","","","","","","","","","",11.4,1,"","","","","","","","","","","","","","","","","","","","","","","","","","","","","","","","","","","","","","","","","","","","","","","","","","","","","","","","","","","","","","","","","","","","","","","","","","","","","","","","","","","","","","","","","","","","","","","","","","","","","","","","","","","","","","","","","","","",""
"06163007","TENDE_SAPC",44.043167,7.586,636,2000092705,0.,1,"","","","","","","","","","","","","","","","","","","","","","","","","","","","","","","","","","",11.2,1,8.6,1,11.1,1,"","",11.3,1,"","","","","","","","","","","","","","","","","","","","",84,1,"","","","","","","","","","","","",11.2,1,"","","","","","","","","","","","","","","","","","","","","","","","","","","","","","","","","","","","","","","","","","","","","","","","","","","","","","","","","","","","","","","","","","","","","","","","","","","","","","","","","","","","","","","","","","","","","","","","","","","","","","","","","","","","","","","","","","","",""
"06163007","TENDE_SAPC",44.043167,7.586,636,2000092706,0.,1,"","","","","","","","","","","","","","","","","","","","","","","","","","","","","","","","","","",10.9,1,8.1,1,10.9,1,"","",11.2,1,"","","","","","","","","","","","","","","","","","","","",83,1,"","","","","","","","","","","","",10.8,1,"","","","","","","","","","","","","","","","","","","","","","","","","","","","","","","","","","","","","","","","","","","","","","","","","","","","","","","","","","","","","","","","","","","","","","","","","","","","","","","","","","","","","","","","","","","","","","","","","","","","","","","","","","","","","","","","","","","",""
"06163007","TENDE_SAPC",44.043167,7.586,636,2000092707,0.,1,"","","","","","","","","","","","","","","","","","","","","","","","","","","","","","","","","","",11.6,1,8.3,1,10.9,1,"","",11.6,1,"","","","","","","","","","","","","","","","","","","","",80,1,"","","","","","","","","","","","",10.9,1,"","","","","","","","","","","","","","","","","","","","","","","","","","","","","","","","","","","","","","","","","","","","","","","","","","","","","","","","","","","","","","","","","","","","","","","","","","","","","","","","","","","","","","","","","","","","","","","","","","","","","","","","","","","","","","","","","","","",""
"06163007","TENDE_SAPC",44.043167,7.586,636,2000092708,0.,1,"","","","","","","","","","","","","","","","","","","","","","","","","","","","","","","","","","",13.2,1,8.9,1,11.6,1,"","",13.2,1,"","","","","","","","","","","","","","","","","","","","",75,1,"","","","","","","","","","","","",11.4,1,"","","","","","","","","","","","","","","","","","","","","","","","","","","","","","","","","","","","","","","","","","","","","","","","","","","","","","","","","","","","","","","","","","","","","","","","","","","","","","","","","","","","","","","","","","","","","","","","","","","","","","","","","","","","","","","","","","","",""
"06163007","TENDE_SAPC",44.043167,7.586,636,2000092709,0.,1,"","","","","","","","","","","","","","","","","","","","","","","","","","","","","","","","","","",15.5,1,10.3,1,13.2,1,"","",15.5,1,"","","","","","","","","","","","","","","","","","","","",71,1,"","","","","","","","","","","","",12.5,1,"","","","","","","","","","","","","","","","","","","","","","","","","","","","","","","","","","","","","","","","","","","","","","","","","","","","","","","","","","","","","","","","","","","","","","","","","","","","","","","","","","","","","","","","","","","","","","","","","","","","","","","","","","","","","","","","","","","",""
"06163007","TENDE_SAPC",44.043167,7.586,636,2000092710,0.,1,"","","","","","","","","","","","","","","","","","","","","","","","","","","","","","","","","","",20.,1,9.8,1,15.7,1,"","",20.,1,"","","","","","","","","","","","","","","","","","","","",52,1,"","","","","","","","","","","","",12.1,1,"","","","","","","","","","","","","","","","","","","","","","","","","","","","","","","","","","","","","","","","","","","","","","","","","","","","","","","","","","","","","","","","","","","","","","","","","","","","","","","","","","","","","","","","","","","","","","","","","","","","","","","","","","","","","","","","","","","",""
"06163007","TENDE_SAPC",44.043167,7.586,636,2000092711,0.,1,"","","","","","","","","","","","","","","","","","","","","","","","","","","","","","","","","","",21.4,1,9.6,1,20.,1,"","",21.4,1,"","","","","","","","","","","","","","","","","","","","",47,1,"","","","","","","","","","","","",11.9,1,"","","","","","","","","","","","","","","","","","","","","","","","","","","","","","","","","","","","","","","","","","","","","","","","","","","","","","","","","","","","","","","","","","","","","","","","","","","","","","","","","","","","","","","","","","","","","","","","","","","","","","","","","","","","","","","","","","","",""
"06163007","TENDE_SAPC",44.043167,7.586,636,2000092712,0.,1,"","","","","","","","","","","","","","","","","","","","","","","","","","","","","","","","","","",22.6,1,10.1,1,21.5,1,"","",22.6,1,"","","","","","","","","","","","","","","","","","","","",45,1,"","","","","","","","","","","","",12.3,1,"","","","","","","","","","","","","","","","","","","","","","","","","","","","","","","","","","","","","","","","","","","","","","","","","","","","","","","","","","","","","","","","","","","","","","","","","","","","","","","","","","","","","","","","","","","","","","","","","","","","","","","","","","","","","","","","","","","",""
"06163007","TENDE_SAPC",44.043167,7.586,636,2000092713,0.,1,"","","","","","","","","","","","","","","","","","","","","","","","","","","","","","","","","","",21.7,1,9.6,1,21.7,1,"","",22.5,1,"","","","","","","","","","","","","","","","","","","","",46,1,"","","","","","","","","","","","",11.9,1,"","","","","","","","","","","","","","","","","","","","","","","","","","","","","","","","","","","","","","","","","","","","","","","","","","","","","","","","","","","","","","","","","","","","","","","","","","","","","","","","","","","","","","","","","","","","","","","","","","","","","","","","","","","","","","","","","","","",""
"06163007","TENDE_SAPC",44.043167,7.586,636,2000092714,0.,1,"","","","","","","","","","","","","","","","","","","","","","","","","","","","","","","","","","",20.1,1,10.2,1,20.1,1,"","",21.8,1,"","","","","","","","","","","","","","","","","","","","",53,1,"","","","","","","","","","","","",12.4,1,"","","","","","","","","","","","","","","","","","","","","","","","","","","","","","","","","","","","","","","","","","","","","","","","","","","","","","","","","","","","","","","","","","","","","","","","","","","","","","","","","","","","","","","","","","","","","","","","","","","","","","","","","","","","","","","","","","","",""
"06163007","TENDE_SAPC",44.043167,7.586,636,2000092715,0.,1,"","","","","","","","","","","","","","","","","","","","","","","","","","","","","","","","","","",19.7,1,9.8,1,19.5,1,"","",20.,1,"","","","","","","","","","","","","","","","","","","","",53,1,"","","","","","","","","","","","",12.1,1,"","","","","","","","","","","","","","","","","","","","","","","","","","","","","","","","","","","","","","","","","","","","","","","","","","","","","","","","","","","","","","","","","","","","","","","","","","","","","","","","","","","","","","","","","","","","","","","","","","","","","","","","","","","","","","","","","","","",""
"06163007","TENDE_SAPC",44.043167,7.586,636,2000092716,0.,1,"","","","","","","","","","","","","","","","","","","","","","","","","","","","","","","","","","",19.2,1,11.,1,19.2,1,"","",19.9,1,"","","","","","","","","","","","","","","","","","","","",59,1,"","","","","","","","","","","","",13.1,1,"","","","","","","","","","","","","","","","","","","","","","","","","","","","","","","","","","","","","","","","","","","","","","","","","","","","","","","","","","","","","","","","","","","","","","","","","","","","","","","","","","","","","","","","","","","","","","","","","","","","","","","","","","","","","","","","","","","",""
"06163007","TENDE_SAPC",44.043167,7.586,636,2000092717,0.,1,"","","","","","","","","","","","","","","","","","","","","","","","","","","","","","","","","","",16.8,1,11.3,1,16.8,1,"","",19.2,1,"","","","","","","","","","","","","","","","","","","","",70,1,"","","","","","","","","","","","",13.4,1,"","","","","","","","","","","","","","","","","","","","","","","","","","","","","","","","","","","","","","","","","","","","","","","","","","","","","","","","","","","","","","","","","","","","","","","","","","","","","","","","","","","","","","","","","","","","","","","","","","","","","","","","","","","","","","","","","","","",""
"06163007","TENDE_SAPC",44.043167,7.586,636,2000092718,0.,1,"","","","","","","","","","","","","","","","","","","","","","","","","","","","","","","","","","",15.1,1,10.9,1,15.1,1,"","",16.7,1,"","","","","","","","","","","","","","","","","","","","",76,1,"","","","","","","","","","","","",13.,1,"","","","","","","","","","","","","","","","","","","","","","","","","","","","","","","","","","","","","","","","","","","","","","","","","","","","","","","","","","","","","","","","","","","","","","","","","","","","","","","","","","","","","","","","","","","","","","","","","","","","","","","","","","","","","","","","","","","",""
"06163007","TENDE_SAPC",44.043167,7.586,636,2000092719,0.,1,"","","","","","","","","","","","","","","","","","","","","","","","","","","","","","","","","","",13.5,1,10.3,1,13.5,1,"","",15.,1,"","","","","","","","","","","","","","","","","","","","",81,1,"","","","","","","","","","","","",12.5,1,"","","","","","","","","","","","","","","","","","","","","","","","","","","","","","","","","","","","","","","","","","","","","","","","","","","","","","","","","","","","","","","","","","","","","","","","","","","","","","","","","","","","","","","","","","","","","","","","","","","","","","","","","","","","","","","","","","","",""
"06163007","TENDE_SAPC",44.043167,7.586,636,2000092720,0.,1,"","","","","","","","","","","","","","","","","","","","","","","","","","","","","","","","","","",13.,1,10.,1,12.9,1,"","",13.5,1,"","","","","","","","","","","","","","","","","","","","",82,1,"","","","","","","","","","","","",12.3,1,"","","","","","","","","","","","","","","","","","","","","","","","","","","","","","","","","","","","","","","","","","","","","","","","","","","","","","","","","","","","","","","","","","","","","","","","","","","","","","","","","","","","","","","","","","","","","","","","","","","","","","","","","","","","","","","","","","","",""
"06163007","TENDE_SAPC",44.043167,7.586,636,2000092721,0.,1,"","","","","","","","","","","","","","","","","","","","","","","","","","","","","","","","","","",12.7,1,9.5,1,12.7,1,"","",13.,1,"","","","","","","","","","","","","","","","","","","","",81,1,"","","","","","","","","","","","",11.9,1,"","","","","","","","","","","","","","","","","","","","","","","","","","","","","","","","","","","","","","","","","","","","","","","","","","","","","","","","","","","","","","","","","","","","","","","","","","","","","","","","","","","","","","","","","","","","","","","","","","","","","","","","","","","","","","","","","","","",""
"06163007","TENDE_SAPC",44.043167,7.586,636,2000092722,0.,1,"","","","","","","","","","","","","","","","","","","","","","","","","","","","","","","","","","",12.1,1,9.1,1,12.1,1,"","",12.7,1,"","","","","","","","","","","","","","","","","","","","",82,1,"","","","","","","","","","","","",11.6,1,"","","","","","","","","","","","","","","","","","","","","","","","","","","","","","","","","","","","","","","","","","","","","","","","","","","","","","","","","","","","","","","","","","","","","","","","","","","","","","","","","","","","","","","","","","","","","","","","","","","","","","","","","","","","","","","","","","","",""
"06163007","TENDE_SAPC",44.043167,7.586,636,2000092723,0.,1,"","","","","","","","","","","","","","","","","","","","","","","","","","","","","","","","","","",11.7,1,9.1,1,11.7,1,"","",12.2,1,"","","","","","","","","","","","","","","","","","","","",84,1,"","","","","","","","","","","","",11.5,1,"","","","","","","","","","","","","","","","","","","","","","","","","","","","","","","","","","","","","","","","","","","","","","","","","","","","","","","","","","","","","","","","","","","","","","","","","","","","","","","","","","","","","","","","","","","","","","","","","","","","","","","","","","","","","","","","","","","",""
"06163007","TENDE_SAPC",44.043167,7.586,636,2000092800,0.,1,"","","","","","","","","","","","","","","","","","","","","","","","","","","","","","","","","","",11.1,1,8.7,1,11.1,1,"","",11.7,1,"","","","","","","","","","","","","","","","","","","","",85,1,"","","","","","","","","","","","",11.2,1,"","","","","","","","","","","","","","","","","","","","","","","","","","","","","","","","","","","","","","","","","","","","","","","","","","","","","","","","","","","","","","","","","","","","","","","","","","","","","","","","","","","","","","","","","","","","","","","","","","","","","","","","","","","","","","","","","","","",""
"06163007","TENDE_SAPC",44.043167,7.586,636,2000092801,0.,1,"","","","","","","","","","","","","","","","","","","","","","","","","","","","","","","","","","",10.8,1,8.4,1,10.8,1,"","",11.,1,"","","","","","","","","","","","","","","","","","","","",85,1,"","","","","","","","","","","","",11.,1,"","","","","","","","","","","","","","","","","","","","","","","","","","","","","","","","","","","","","","","","","","","","","","","","","","","","","","","","","","","","","","","","","","","","","","","","","","","","","","","","","","","","","","","","","","","","","","","","","","","","","","","","","","","","","","","","","","","",""
"06163007","TENDE_SAPC",44.043167,7.586,636,2000092802,0.,1,"","","","","","","","","","","","","","","","","","","","","","","","","","","","","","","","","","",10.7,1,8.1,1,10.6,1,"","",10.9,1,"","","","","","","","","","","","","","","","","","","","",84,1,"","","","","","","","","","","","",10.8,1,"","","","","","","","","","","","","","","","","","","","","","","","","","","","","","","","","","","","","","","","","","","","","","","","","","","","","","","","","","","","","","","","","","","","","","","","","","","","","","","","","","","","","","","","","","","","","","","","","","","","","","","","","","","","","","","","","","","",""
"06163007","TENDE_SAPC",44.043167,7.586,636,2000092803,0.,1,"","","","","","","","","","","","","","","","","","","","","","","","","","","","","","","","","","",10.1,1,7.7,1,10.1,1,"","",10.7,1,"","","","","","","","","","","","","","","","","","","","",85,1,"","","","","","","","","","","","",10.5,1,"","","","","","","","","","","","","","","","","","","","","","","","","","","","","","","","","","","","","","","","","","","","","","","","","","","","","","","","","","","","","","","","","","","","","","","","","","","","","","","","","","","","","","","","","","","","","","","","","","","","","","","","","","","","","","","","","","","",""
"06163007","TENDE_SAPC",44.043167,7.586,636,2000092804,0.,1,"","","","","","","","","","","","","","","","","","","","","","","","","","","","","","","","","","",9.8,1,7.6,1,9.8,1,"","",10.1,1,"","","","","","","","","","","","","","","","","","","","",86,1,"","","","","","","","","","","","",10.4,1,"","","","","","","","","","","","","","","","","","","","","","","","","","","","","","","","","","","","","","","","","","","","","","","","","","","","","","","","","","","","","","","","","","","","","","","","","","","","","","","","","","","","","","","","","","","","","","","","","","","","","","","","","","","","","","","","","","","",""
"06163007","TENDE_SAPC",44.043167,7.586,636,2000092805,0.,1,"","","","","","","","","","","","","","","","","","","","","","","","","","","","","","","","","","",9.5,1,7.3,1,9.5,1,"","",9.8,1,"","","","","","","","","","","","","","","","","","","","",86,1,"","","","","","","","","","","","",10.2,1,"","","","","","","","","","","","","","","","","","","","","","","","","","","","","","","","","","","","","","","","","","","","","","","","","","","","","","","","","","","","","","","","","","","","","","","","","","","","","","","","","","","","","","","","","","","","","","","","","","","","","","","","","","","","","","","","","","","",""
"06163007","TENDE_SAPC",44.043167,7.586,636,2000092806,0.,1,"","","","","","","","","","","","","","","","","","","","","","","","","","","","","","","","","","",9.6,1,7.4,1,9.5,1,"","",9.6,1,"","","","","","","","","","","","","","","","","","","","",86,1,"","","","","","","","","","","","",10.3,1,"","","","","","","","","","","","","","","","","","","","","","","","","","","","","","","","","","","","","","","","","","","","","","","","","","","","","","","","","","","","","","","","","","","","","","","","","","","","","","","","","","","","","","","","","","","","","","","","","","","","","","","","","","","","","","","","","","","",""
"06163007","TENDE_SAPC",44.043167,7.586,636,2000092807,0.,1,"","","","","","","","","","","","","","","","","","","","","","","","","","","","","","","","","","",10.3,1,7.9,1,9.6,1,"","",10.3,1,"","","","","","","","","","","","","","","","","","","","",85,1,"","","","","","","","","","","","",10.6,1,"","","","","","","","","","","","","","","","","","","","","","","","","","","","","","","","","","","","","","","","","","","","","","","","","","","","","","","","","","","","","","","","","","","","","","","","","","","","","","","","","","","","","","","","","","","","","","","","","","","","","","","","","","","","","","","","","","","",""
"06163007","TENDE_SAPC",44.043167,7.586,636,2000092808,0.,1,"","","","","","","","","","","","","","","","","","","","","","","","","","","","","","","","","","",11.,1,8.6,1,10.3,1,"","",11.,1,"","","","","","","","","","","","","","","","","","","","",85,1,"","","","","","","","","","","","",11.1,1,"","","","","","","","","","","","","","","","","","","","","","","","","","","","","","","","","","","","","","","","","","","","","","","","","","","","","","","","","","","","","","","","","","","","","","","","","","","","","","","","","","","","","","","","","","","","","","","","","","","","","","","","","","","","","","","","","","","",""
"06163007","TENDE_SAPC",44.043167,7.586,636,2000092809,0.,1,"","","","","","","","","","","","","","","","","","","","","","","","","","","","","","","","","","",14.1,1,10.5,1,11.,1,"","",14.1,1,"","","","","","","","","","","","","","","","","","","","",79,1,"","","","","","","","","","","","",12.7,1,"","","","","","","","","","","","","","","","","","","","","","","","","","","","","","","","","","","","","","","","","","","","","","","","","","","","","","","","","","","","","","","","","","","","","","","","","","","","","","","","","","","","","","","","","","","","","","","","","","","","","","","","","","","","","","","","","","","",""
"06163007","TENDE_SAPC",44.043167,7.586,636,2000092810,0.,1,"","","","","","","","","","","","","","","","","","","","","","","","","","","","","","","","","","",19.1,1,9.6,1,14.2,1,"","",19.1,1,"","","","","","","","","","","","","","","","","","","","",54,1,"","","","","","","","","","","","",11.9,1,"","","","","","","","","","","","","","","","","","","","","","","","","","","","","","","","","","","","","","","","","","","","","","","","","","","","","","","","","","","","","","","","","","","","","","","","","","","","","","","","","","","","","","","","","","","","","","","","","","","","","","","","","","","","","","","","","","","",""
"06163007","TENDE_SAPC",44.043167,7.586,636,2000092811,0.,1,"","","","","","","","","","","","","","","","","","","","","","","","","","","","","","","","","","",20.9,1,9.8,1,19.1,1,"","",20.9,1,"","","","","","","","","","","","","","","","","","","","",49,1,"","","","","","","","","","","","",12.1,1,"","","","","","","","","","","","","","","","","","","","","","","","","","","","","","","","","","","","","","","","","","","","","","","","","","","","","","","","","","","","","","","","","","","","","","","","","","","","","","","","","","","","","","","","","","","","","","","","","","","","","","","","","","","","","","","","","","","",""
"06163007","TENDE_SAPC",44.043167,7.586,636,2000092812,0.,1,"","","","","","","","","","","","","","","","","","","","","","","","","","","","","","","","","","",22.,1,9.2,1,20.9,1,"","",22.,1,"","","","","","","","","","","","","","","","","","","","",44,1,"","","","","","","","","","","","",11.6,1,"","","","","","","","","","","","","","","","","","","","","","","","","","","","","","","","","","","","","","","","","","","","","","","","","","","","","","","","","","","","","","","","","","","","","","","","","","","","","","","","","","","","","","","","","","","","","","","","","","","","","","","","","","","","","","","","","","","",""
"06163007","TENDE_SAPC",44.043167,7.586,636,2000092813,0.,1,"","","","","","","","","","","","","","","","","","","","","","","","","","","","","","","","","","",22.3,1,8.8,1,22.,1,"","",22.4,1,"","","","","","","","","","","","","","","","","","","","",42,1,"","","","","","","","","","","","",11.3,1,"","","","","","","","","","","","","","","","","","","","","","","","","","","","","","","","","","","","","","","","","","","","","","","","","","","","","","","","","","","","","","","","","","","","","","","","","","","","","","","","","","","","","","","","","","","","","","","","","","","","","","","","","","","","","","","","","","","",""
"06163007","TENDE_SAPC",44.043167,7.586,636,2000092814,0.,1,"","","","","","","","","","","","","","","","","","","","","","","","","","","","","","","","","","",21.6,1,9.2,1,21.6,1,"","",22.4,1,"","","","","","","","","","","","","","","","","","","","",45,1,"","","","","","","","","","","","",11.6,1,"","","","","","","","","","","","","","","","","","","","","","","","","","","","","","","","","","","","","","","","","","","","","","","","","","","","","","","","","","","","","","","","","","","","","","","","","","","","","","","","","","","","","","","","","","","","","","","","","","","","","","","","","","","","","","","","","","","",""
"06163007","TENDE_SAPC",44.043167,7.586,636,2000092815,0.,1,"","","","","","","","","","","","","","","","","","","","","","","","","","","","","","","","","","",19.9,1,9.7,1,19.9,1,"","",21.7,1,"","","","","","","","","","","","","","","","","","","","",52,1,"","","","","","","","","","","","",12.1,1,"","","","","","","","","","","","","","","","","","","","","","","","","","","","","","","","","","","","","","","","","","","","","","","","","","","","","","","","","","","","","","","","","","","","","","","","","","","","","","","","","","","","","","","","","","","","","","","","","","","","","","","","","","","","","","","","","","","",""
"06163007","TENDE_SAPC",44.043167,7.586,636,2000092816,0.,1,"","","","","","","","","","","","","","","","","","","","","","","","","","","","","","","","","","",17.8,1,9.4,1,17.8,1,"","",19.9,1,"","","","","","","","","","","","","","","","","","","","",58,1,"","","","","","","","","","","","",11.8,1,"","","","","","","","","","","","","","","","","","","","","","","","","","","","","","","","","","","","","","","","","","","","","","","","","","","","","","","","","","","","","","","","","","","","","","","","","","","","","","","","","","","","","","","","","","","","","","","","","","","","","","","","","","","","","","","","","","","",""
"06163007","TENDE_SAPC",44.043167,7.586,636,2000092817,0.,1,"","","","","","","","","","","","","","","","","","","","","","","","","","","","","","","","","","",16.6,1,10.4,1,16.6,1,"","",17.9,1,"","","","","","","","","","","","","","","","","","","","",67,1,"","","","","","","","","","","","",12.6,1,"","","","","","","","","","","","","","","","","","","","","","","","","","","","","","","","","","","","","","","","","","","","","","","","","","","","","","","","","","","","","","","","","","","","","","","","","","","","","","","","","","","","","","","","","","","","","","","","","","","","","","","","","","","","","","","","","","","",""
"06163007","TENDE_SAPC",44.043167,7.586,636,2000092818,0.,1,"","","","","","","","","","","","","","","","","","","","","","","","","","","","","","","","","","",15.,1,10.8,1,15.,1,"","",16.6,1,"","","","","","","","","","","","","","","","","","","","",76,1,"","","","","","","","","","","","",12.9,1,"","","","","","","","","","","","","","","","","","","","","","","","","","","","","","","","","","","","","","","","","","","","","","","","","","","","","","","","","","","","","","","","","","","","","","","","","","","","","","","","","","","","","","","","","","","","","","","","","","","","","","","","","","","","","","","","","","","",""
"06163007","TENDE_SAPC",44.043167,7.586,636,2000092819,0.,1,"","","","","","","","","","","","","","","","","","","","","","","","","","","","","","","","","","",13.9,1,9.9,1,13.9,1,"","",15.,1,"","","","","","","","","","","","","","","","","","","","",77,1,"","","","","","","","","","","","",12.2,1,"","","","","","","","","","","","","","","","","","","","","","","","","","","","","","","","","","","","","","","","","","","","","","","","","","","","","","","","","","","","","","","","","","","","","","","","","","","","","","","","","","","","","","","","","","","","","","","","","","","","","","","","","","","","","","","","","","","",""
"06163007","TENDE_SAPC",44.043167,7.586,636,2000092820,0.,1,"","","","","","","","","","","","","","","","","","","","","","","","","","","","","","","","","","",13.8,1,9.2,1,13.6,1,"","",13.9,1,"","","","","","","","","","","","","","","","","","","","",74,1,"","","","","","","","","","","","",11.7,1,"","","","","","","","","","","","","","","","","","","","","","","","","","","","","","","","","","","","","","","","","","","","","","","","","","","","","","","","","","","","","","","","","","","","","","","","","","","","","","","","","","","","","","","","","","","","","","","","","","","","","","","","","","","","","","","","","","","",""
"06163007","TENDE_SAPC",44.043167,7.586,636,2000092821,0.,1,"","","","","","","","","","","","","","","","","","","","","","","","","","","","","","","","","","",12.9,1,8.6,1,12.8,1,"","",13.8,1,"","","","","","","","","","","","","","","","","","","","",75,1,"","","","","","","","","","","","",11.1,1,"","","","","","","","","","","","","","","","","","","","","","","","","","","","","","","","","","","","","","","","","","","","","","","","","","","","","","","","","","","","","","","","","","","","","","","","","","","","","","","","","","","","","","","","","","","","","","","","","","","","","","","","","","","","","","","","","","","",""
"06163007","TENDE_SAPC",44.043167,7.586,636,2000092822,0.,1,"","","","","","","","","","","","","","","","","","","","","","","","","","","","","","","","","","",13.,1,7.7,1,12.8,1,"","",13.,1,"","","","","","","","","","","","","","","","","","","","",70,1,"","","","","","","","","","","","",10.5,1,"","","","","","","","","","","","","","","","","","","","","","","","","","","","","","","","","","","","","","","","","","","","","","","","","","","","","","","","","","","","","","","","","","","","","","","","","","","","","","","","","","","","","","","","","","","","","","","","","","","","","","","","","","","","","","","","","","","",""
"06163007","TENDE_SAPC",44.043167,7.586,636,2000092823,0.,1,"","","","","","","","","","","","","","","","","","","","","","","","","","","","","","","","","","",12.7,1,7.6,1,12.7,1,"","",13.2,1,"","","","","","","","","","","","","","","","","","","","",71,1,"","","","","","","","","","","","",10.4,1,"","","","","","","","","","","","","","","","","","","","","","","","","","","","","","","","","","","","","","","","","","","","","","","","","","","","","","","","","","","","","","","","","","","","","","","","","","","","","","","","","","","","","","","","","","","","","","","","","","","","","","","","","","","","","","","","","","","",""
"06163007","TENDE_SAPC",44.043167,7.586,636,2000092900,0.,1,"","","","","","","","","","","","","","","","","","","","","","","","","","","","","","","","","","",12.1,1,7.6,1,12.1,1,"","",12.7,1,"","","","","","","","","","","","","","","","","","","","",74,1,"","","","","","","","","","","","",10.4,1,"","","","","","","","","","","","","","","","","","","","","","","","","","","","","","","","","","","","","","","","","","","","","","","","","","","","","","","","","","","","","","","","","","","","","","","","","","","","","","","","","","","","","","","","","","","","","","","","","","","","","","","","","","","","","","","","","","","",""
"06163007","TENDE_SAPC",44.043167,7.586,636,2000092901,0.,1,"","","","","","","","","","","","","","","","","","","","","","","","","","","","","","","","","","",11.9,1,7.4,1,11.9,1,"","",12.1,1,"","","","","","","","","","","","","","","","","","","","",74,1,"","","","","","","","","","","","",10.3,1,"","","","","","","","","","","","","","","","","","","","","","","","","","","","","","","","","","","","","","","","","","","","","","","","","","","","","","","","","","","","","","","","","","","","","","","","","","","","","","","","","","","","","","","","","","","","","","","","","","","","","","","","","","","","","","","","","","","",""
"06163007","TENDE_SAPC",44.043167,7.586,636,2000092902,0.,1,"","","","","","","","","","","","","","","","","","","","","","","","","","","","","","","","","","",11.4,1,6.7,1,11.4,1,"","",12.,1,"","","","","","","","","","","","","","","","","","","","",73,1,"","","","","","","","","","","","",9.8,1,"","","","","","","","","","","","","","","","","","","","","","","","","","","","","","","","","","","","","","","","","","","","","","","","","","","","","","","","","","","","","","","","","","","","","","","","","","","","","","","","","","","","","","","","","","","","","","","","","","","","","","","","","","","","","","","","","","","",""
"06163007","TENDE_SAPC",44.043167,7.586,636,2000092903,0.,1,"","","","","","","","","","","","","","","","","","","","","","","","","","","","","","","","","","",11.,1,6.1,1,11.,1,"","",11.5,1,"","","","","","","","","","","","","","","","","","","","",72,1,"","","","","","","","","","","","",9.4,1,"","","","","","","","","","","","","","","","","","","","","","","","","","","","","","","","","","","","","","","","","","","","","","","","","","","","","","","","","","","","","","","","","","","","","","","","","","","","","","","","","","","","","","","","","","","","","","","","","","","","","","","","","","","","","","","","","","","",""
"06163007","TENDE_SAPC",44.043167,7.586,636,2000092904,0.,1,"","","","","","","","","","","","","","","","","","","","","","","","","","","","","","","","","","",12.3,1,5.9,1,11.,1,"","",12.3,1,"","","","","","","","","","","","","","","","","","","","",65,1,"","","","","","","","","","","","",9.3,1,"","","","","","","","","","","","","","","","","","","","","","","","","","","","","","","","","","","","","","","","","","","","","","","","","","","","","","","","","","","","","","","","","","","","","","","","","","","","","","","","","","","","","","","","","","","","","","","","","","","","","","","","","","","","","","","","","","","",""
"06163007","TENDE_SAPC",44.043167,7.586,636,2000092905,0.,1,"","","","","","","","","","","","","","","","","","","","","","","","","","","","","","","","","","",11.8,1,6.1,1,11.8,1,"","",12.4,1,"","","","","","","","","","","","","","","","","","","","",68,1,"","","","","","","","","","","","",9.4,1,"","","","","","","","","","","","","","","","","","","","","","","","","","","","","","","","","","","","","","","","","","","","","","","","","","","","","","","","","","","","","","","","","","","","","","","","","","","","","","","","","","","","","","","","","","","","","","","","","","","","","","","","","","","","","","","","","","","",""
"06163007","TENDE_SAPC",44.043167,7.586,636,2000092906,0.,1,"","","","","","","","","","","","","","","","","","","","","","","","","","","","","","","","","","",12.2,1,6.5,1,11.6,1,"","",12.2,1,"","","","","","","","","","","","","","","","","","","","",68,1,"","","","","","","","","","","","",9.6,1,"","","","","","","","","","","","","","","","","","","","","","","","","","","","","","","","","","","","","","","","","","","","","","","","","","","","","","","","","","","","","","","","","","","","","","","","","","","","","","","","","","","","","","","","","","","","","","","","","","","","","","","","","","","","","","","","","","","",""
"06163007","TENDE_SAPC",44.043167,7.586,636,2000092907,0.,1,"","","","","","","","","","","","","","","","","","","","","","","","","","","","","","","","","","",13.2,1,7.6,1,12.2,1,"","",13.2,1,"","","","","","","","","","","","","","","","","","","","",69,1,"","","","","","","","","","","","",10.4,1,"","","","","","","","","","","","","","","","","","","","","","","","","","","","","","","","","","","","","","","","","","","","","","","","","","","","","","","","","","","","","","","","","","","","","","","","","","","","","","","","","","","","","","","","","","","","","","","","","","","","","","","","","","","","","","","","","","","",""
"06163007","TENDE_SAPC",44.043167,7.586,636,2000092908,0.,1,"","","","","","","","","","","","","","","","","","","","","","","","","","","","","","","","","","",15.3,1,8.3,1,13.2,1,"","",15.3,1,"","","","","","","","","","","","","","","","","","","","",63,1,"","","","","","","","","","","","",10.9,1,"","","","","","","","","","","","","","","","","","","","","","","","","","","","","","","","","","","","","","","","","","","","","","","","","","","","","","","","","","","","","","","","","","","","","","","","","","","","","","","","","","","","","","","","","","","","","","","","","","","","","","","","","","","","","","","","","","","",""
"06163007","TENDE_SAPC",44.043167,7.586,636,2000092909,0.,1,"","","","","","","","","","","","","","","","","","","","","","","","","","","","","","","","","","",15.,1,9.8,1,14.8,1,"","",15.4,1,"","","","","","","","","","","","","","","","","","","","",71,1,"","","","","","","","","","","","",12.1,1,"","","","","","","","","","","","","","","","","","","","","","","","","","","","","","","","","","","","","","","","","","","","","","","","","","","","","","","","","","","","","","","","","","","","","","","","","","","","","","","","","","","","","","","","","","","","","","","","","","","","","","","","","","","","","","","","","","","",""
"06163007","TENDE_SAPC",44.043167,7.586,636,2000092910,0.,1,"","","","","","","","","","","","","","","","","","","","","","","","","","","","","","","","","","",15.6,1,10.8,1,15.,1,"","",15.8,1,"","","","","","","","","","","","","","","","","","","","",73,1,"","","","","","","","","","","","",12.9,1,"","","","","","","","","","","","","","","","","","","","","","","","","","","","","","","","","","","","","","","","","","","","","","","","","","","","","","","","","","","","","","","","","","","","","","","","","","","","","","","","","","","","","","","","","","","","","","","","","","","","","","","","","","","","","","","","","","","",""
"06163007","TENDE_SAPC",44.043167,7.586,636,2000092911,0.,1,"","","","","","","","","","","","","","","","","","","","","","","","","","","","","","","","","","",15.9,1,11.7,1,15.5,1,"","",15.9,1,"","","","","","","","","","","","","","","","","","","","",76,1,"","","","","","","","","","","","",13.7,1,"","","","","","","","","","","","","","","","","","","","","","","","","","","","","","","","","","","","","","","","","","","","","","","","","","","","","","","","","","","","","","","","","","","","","","","","","","","","","","","","","","","","","","","","","","","","","","","","","","","","","","","","","","","","","","","","","","","",""
"06163007","TENDE_SAPC",44.043167,7.586,636,2000092912,1.2,1,"","","","","","","","","","","","","","","","","","","","","","","","","","","","","","","","","","",15.2,1,12.1,1,15.2,1,"","",16.1,1,"","","","","","","","","","","","","","","","","","","","",82,1,"","","","","","","","","","","","",14.1,1,"","","","","","","","","","","","","","","","","","","","","","","","","","","","","","","","","","","","","","","","","","","","","","","","","","","","","","","","","","","","","","","","","","","","","","","","","","","","","","","","","","","","","","","","","","","","","","","","","","","","","","","","","","","","","","","","","","","",""
"06163007","TENDE_SAPC",44.043167,7.586,636,2000092913,2.6,1,"","","","","","","","","","","","","","","","","","","","","","","","","","","","","","","","","","",14.6,1,11.7,1,14.6,1,"","",15.1,1,"","","","","","","","","","","","","","","","","","","","",83,1,"","","","","","","","","","","","",13.8,1,"","","","","","","","","","","","","","","","","","","","","","","","","","","","","","","","","","","","","","","","","","","","","","","","","","","","","","","","","","","","","","","","","","","","","","","","","","","","","","","","","","","","","","","","","","","","","","","","","","","","","","","","","","","","","","","","","","","",""
"06163007","TENDE_SAPC",44.043167,7.586,636,2000092914,0.6,1,"","","","","","","","","","","","","","","","","","","","","","","","","","","","","","","","","","",14.6,1,11.9,1,14.6,1,"","",14.8,1,"","","","","","","","","","","","","","","","","","","","",84,1,"","","","","","","","","","","","",13.9,1,"","","","","","","","","","","","","","","","","","","","","","","","","","","","","","","","","","","","","","","","","","","","","","","","","","","","","","","","","","","","","","","","","","","","","","","","","","","","","","","","","","","","","","","","","","","","","","","","","","","","","","","","","","","","","","","","","","","",""
"06163007","TENDE_SAPC",44.043167,7.586,636,2000092915,2.2,1,"","","","","","","","","","","","","","","","","","","","","","","","","","","","","","","","","","",14.5,1,"","",14.5,1,"","",14.9,1,"","","","","","","","","","","","","","","","","","","","","","","","","","","","","","","","","","","","","","","","","","","","","","","","","","","","","","","","","","","","","","","","","","","","","","","","","","","","","","","","","","","","","","","","","","","","","","","","","","","","","","","","","","","","","","","","","","","","","","","","","","","","","","","","","","","","","","","","","","","","","","","","","","","","","","","",""
"06163007","TENDE_SAPC",44.043167,7.586,636,2000092916,3.6,1,"","","","","","","","","","","","","","","","","","","","","","","","","","","","","","","","","","",14.1,1,11.8,1,14.1,1,"","",14.6,1,"","","","","","","","","","","","","","","","","","","","",86,1,"","","","","","","","","","","","",13.8,1,"","","","","","","","","","","","","","","","","","","","","","","","","","","","","","","","","","","","","","","","","","","","","","","","","","","","","","","","","","","","","","","","","","","","","","","","","","","","","","","","","","","","","","","","","","","","","","","","","","","","","","","","","","","","","","","","","","","",""
"06163007","TENDE_SAPC",44.043167,7.586,636,2000092917,2.8,1,"","","","","","","","","","","","","","","","","","","","","","","","","","","","","","","","","","",13.9,1,11.8,1,13.9,1,"","",14.2,1,"","","","","","","","","","","","","","","","","","","","",87,1,"","","","","","","","","","","","",13.8,1,"","","","","","","","","","","","","","","","","","","","","","","","","","","","","","","","","","","","","","","","","","","","","","","","","","","","","","","","","","","","","","","","","","","","","","","","","","","","","","","","","","","","","","","","","","","","","","","","","","","","","","","","","","","","","","","","","","","",""
"06163007","TENDE_SAPC",44.043167,7.586,636,2000092918,1.6,1,"","","","","","","","","","","","","","","","","","","","","","","","","","","","","","","","","","",13.7,1,11.6,1,13.7,1,"","",13.9,1,"","","","","","","","","","","","","","","","","","","","",87,1,"","","","","","","","","","","","",13.6,1,"","","","","","","","","","","","","","","","","","","","","","","","","","","","","","","","","","","","","","","","","","","","","","","","","","","","","","","","","","","","","","","","","","","","","","","","","","","","","","","","","","","","","","","","","","","","","","","","","","","","","","","","","","","","","","","","","","","",""
"06163007","TENDE_SAPC",44.043167,7.586,636,2000092919,2.2,1,"","","","","","","","","","","","","","","","","","","","","","","","","","","","","","","","","","",13.7,1,11.6,1,13.6,1,"","",13.8,1,"","","","","","","","","","","","","","","","","","","","",87,1,"","","","","","","","","","","","",13.6,1,"","","","","","","","","","","","","","","","","","","","","","","","","","","","","","","","","","","","","","","","","","","","","","","","","","","","","","","","","","","","","","","","","","","","","","","","","","","","","","","","","","","","","","","","","","","","","","","","","","","","","","","","","","","","","","","","","","","",""
"06163007","TENDE_SAPC",44.043167,7.586,636,2000092920,4.6,1,"","","","","","","","","","","","","","","","","","","","","","","","","","","","","","","","","","",13.7,1,11.7,1,13.6,1,"","",13.8,1,"","","","","","","","","","","","","","","","","","","","",88,1,"","","","","","","","","","","","",13.8,1,"","","","","","","","","","","","","","","","","","","","","","","","","","","","","","","","","","","","","","","","","","","","","","","","","","","","","","","","","","","","","","","","","","","","","","","","","","","","","","","","","","","","","","","","","","","","","","","","","","","","","","","","","","","","","","","","","","","",""
"06163007","TENDE_SAPC",44.043167,7.586,636,2000092921,6.,1,"","","","","","","","","","","","","","","","","","","","","","","","","","","","","","","","","","",13.7,1,11.7,1,13.6,1,"","",13.7,1,"","","","","","","","","","","","","","","","","","","","",88,1,"","","","","","","","","","","","",13.8,1,"","","","","","","","","","","","","","","","","","","","","","","","","","","","","","","","","","","","","","","","","","","","","","","","","","","","","","","","","","","","","","","","","","","","","","","","","","","","","","","","","","","","","","","","","","","","","","","","","","","","","","","","","","","","","","","","","","","",""
"06163007","TENDE_SAPC",44.043167,7.586,636,2000092922,2.8,1,"","","","","","","","","","","","","","","","","","","","","","","","","","","","","","","","","","",13.6,1,11.6,1,13.6,1,"","",13.7,1,"","","","","","","","","","","","","","","","","","","","",88,1,"","","","","","","","","","","","",13.7,1,"","","","","","","","","","","","","","","","","","","","","","","","","","","","","","","","","","","","","","","","","","","","","","","","","","","","","","","","","","","","","","","","","","","","","","","","","","","","","","","","","","","","","","","","","","","","","","","","","","","","","","","","","","","","","","","","","","","",""
"06163007","TENDE_SAPC",44.043167,7.586,636,2000092923,1.6,1,"","","","","","","","","","","","","","","","","","","","","","","","","","","","","","","","","","",13.5,1,11.7,1,13.5,1,"","",13.6,1,"","","","","","","","","","","","","","","","","","","","",89,1,"","","","","","","","","","","","",13.7,1,"","","","","","","","","","","","","","","","","","","","","","","","","","","","","","","","","","","","","","","","","","","","","","","","","","","","","","","","","","","","","","","","","","","","","","","","","","","","","","","","","","","","","","","","","","","","","","","","","","","","","","","","","","","","","","","","","","","",""
"06163007","TENDE_SAPC",44.043167,7.586,636,2000093000,3.4,1,"","","","","","","","","","","","","","","","","","","","","","","","","","","","","","","","","","",13.5,1,11.5,1,13.5,1,"","",13.6,1,"","","","","","","","","","","","","","","","","","","","",88,1,"","","","","","","","","","","","",13.6,1,"","","","","","","","","","","","","","","","","","","","","","","","","","","","","","","","","","","","","","","","","","","","","","","","","","","","","","","","","","","","","","","","","","","","","","","","","","","","","","","","","","","","","","","","","","","","","","","","","","","","","","","","","","","","","","","","","","","",""
"06163007","TENDE_SAPC",44.043167,7.586,636,2000093001,4.8,1,"","","","","","","","","","","","","","","","","","","","","","","","","","","","","","","","","","",13.5,1,11.7,1,13.5,1,"","",13.6,1,"","","","","","","","","","","","","","","","","","","","",89,1,"","","","","","","","","","","","",13.7,1,"","","","","","","","","","","","","","","","","","","","","","","","","","","","","","","","","","","","","","","","","","","","","","","","","","","","","","","","","","","","","","","","","","","","","","","","","","","","","","","","","","","","","","","","","","","","","","","","","","","","","","","","","","","","","","","","","","","",""
"06163007","TENDE_SAPC",44.043167,7.586,636,2000093002,3.2,1,"","","","","","","","","","","","","","","","","","","","","","","","","","","","","","","","","","",13.4,1,11.6,1,13.4,1,"","",13.5,1,"","","","","","","","","","","","","","","","","","","","",89,1,"","","","","","","","","","","","",13.7,1,"","","","","","","","","","","","","","","","","","","","","","","","","","","","","","","","","","","","","","","","","","","","","","","","","","","","","","","","","","","","","","","","","","","","","","","","","","","","","","","","","","","","","","","","","","","","","","","","","","","","","","","","","","","","","","","","","","","",""
"06163007","TENDE_SAPC",44.043167,7.586,636,2000093003,4.,1,"","","","","","","","","","","","","","","","","","","","","","","","","","","","","","","","","","",13.3,1,11.5,1,13.3,1,"","",13.4,1,"","","","","","","","","","","","","","","","","","","","",89,1,"","","","","","","","","","","","",13.6,1,"","","","","","","","","","","","","","","","","","","","","","","","","","","","","","","","","","","","","","","","","","","","","","","","","","","","","","","","","","","","","","","","","","","","","","","","","","","","","","","","","","","","","","","","","","","","","","","","","","","","","","","","","","","","","","","","","","","",""
"06163007","TENDE_SAPC",44.043167,7.586,636,2000093004,4.2,1,"","","","","","","","","","","","","","","","","","","","","","","","","","","","","","","","","","",13.2,1,11.4,1,13.2,1,"","",13.4,1,"","","","","","","","","","","","","","","","","","","","",89,1,"","","","","","","","","","","","",13.5,1,"","","","","","","","","","","","","","","","","","","","","","","","","","","","","","","","","","","","","","","","","","","","","","","","","","","","","","","","","","","","","","","","","","","","","","","","","","","","","","","","","","","","","","","","","","","","","","","","","","","","","","","","","","","","","","","","","","","",""
"06163007","TENDE_SAPC",44.043167,7.586,636,2000093005,5.8,1,"","","","","","","","","","","","","","","","","","","","","","","","","","","","","","","","","","",13.2,1,11.4,1,13.2,1,"","",13.3,1,"","","","","","","","","","","","","","","","","","","","",89,1,"","","","","","","","","","","","",13.5,1,"","","","","","","","","","","","","","","","","","","","","","","","","","","","","","","","","","","","","","","","","","","","","","","","","","","","","","","","","","","","","","","","","","","","","","","","","","","","","","","","","","","","","","","","","","","","","","","","","","","","","","","","","","","","","","","","","","","",""
"06163007","TENDE_SAPC",44.043167,7.586,636,2000093006,3.6,1,"","","","","","","","","","","","","","","","","","","","","","","","","","","","","","","","","","",13.2,1,11.4,1,13.2,1,"","",13.3,1,"","","","","","","","","","","","","","","","","","","","",89,1,"","","","","","","","","","","","",13.5,1,"","","","","","","","","","","","","","","","","","","","","","","","","","","","","","","","","","","","","","","","","","","","","","","","","","","","","","","","","","","","","","","","","","","","","","","","","","","","","","","","","","","","","","","","","","","","","","","","","","","","","","","","","","","","","","","","","","","",""
"06163007","TENDE_SAPC",44.043167,7.586,636,2000093007,2.8,1,"","","","","","","","","","","","","","","","","","","","","","","","","","","","","","","","","","",13.3,1,11.5,1,13.2,1,"","",13.4,1,"","","","","","","","","","","","","","","","","","","","",89,1,"","","","","","","","","","","","",13.6,1,"","","","","","","","","","","","","","","","","","","","","","","","","","","","","","","","","","","","","","","","","","","","","","","","","","","","","","","","","","","","","","","","","","","","","","","","","","","","","","","","","","","","","","","","","","","","","","","","","","","","","","","","","","","","","","","","","","","",""
"06163007","TENDE_SAPC",44.043167,7.586,636,2000093008,2.6,1,"","","","","","","","","","","","","","","","","","","","","","","","","","","","","","","","","","",13.6,1,11.8,1,13.3,1,"","",13.6,1,"","","","","","","","","","","","","","","","","","","","",89,1,"","","","","","","","","","","","",13.8,1,"","","","","","","","","","","","","","","","","","","","","","","","","","","","","","","","","","","","","","","","","","","","","","","","","","","","","","","","","","","","","","","","","","","","","","","","","","","","","","","","","","","","","","","","","","","","","","","","","","","","","","","","","","","","","","","","","","","",""
"06163007","TENDE_SAPC",44.043167,7.586,636,2000093009,1.4,1,"","","","","","","","","","","","","","","","","","","","","","","","","","","","","","","","","","",13.9,1,11.9,1,13.5,1,"","",13.9,1,"","","","","","","","","","","","","","","","","","","","",88,1,"","","","","","","","","","","","",13.9,1,"","","","","","","","","","","","","","","","","","","","","","","","","","","","","","","","","","","","","","","","","","","","","","","","","","","","","","","","","","","","","","","","","","","","","","","","","","","","","","","","","","","","","","","","","","","","","","","","","","","","","","","","","","","","","","","","","","","",""
"06163007","TENDE_SAPC",44.043167,7.586,636,2000093010,0.4,1,"","","","","","","","","","","","","","","","","","","","","","","","","","","","","","","","","","",14.7,1,12.,1,13.9,1,"","",14.7,1,"","","","","","","","","","","","","","","","","","","","",84,1,"","","","","","","","","","","","",14.,1,"","","","","","","","","","","","","","","","","","","","","","","","","","","","","","","","","","","","","","","","","","","","","","","","","","","","","","","","","","","","","","","","","","","","","","","","","","","","","","","","","","","","","","","","","","","","","","","","","","","","","","","","","","","","","","","","","","","",""
"06163007","TENDE_SAPC",44.043167,7.586,636,2000093011,0.,1,"","","","","","","","","","","","","","","","","","","","","","","","","","","","","","","","","","",15.2,1,11.8,1,14.7,1,"","",15.2,1,"","","","","","","","","","","","","","","","","","","","",80,1,"","","","","","","","","","","","",13.8,1,"","","","","","","","","","","","","","","","","","","","","","","","","","","","","","","","","","","","","","","","","","","","","","","","","","","","","","","","","","","","","","","","","","","","","","","","","","","","","","","","","","","","","","","","","","","","","","","","","","","","","","","","","","","","","","","","","","","",""
"06163007","TENDE_SAPC",44.043167,7.586,636,2000093012,0.,1,"","","","","","","","","","","","","","","","","","","","","","","","","","","","","","","","","","",15.8,1,11.8,1,15.3,1,"","",15.9,1,"","","","","","","","","","","","","","","","","","","","",77,1,"","","","","","","","","","","","",13.8,1,"","","","","","","","","","","","","","","","","","","","","","","","","","","","","","","","","","","","","","","","","","","","","","","","","","","","","","","","","","","","","","","","","","","","","","","","","","","","","","","","","","","","","","","","","","","","","","","","","","","","","","","","","","","","","","","","","","","",""
"06163007","TENDE_SAPC",44.043167,7.586,636,2000093013,0.,1,"","","","","","","","","","","","","","","","","","","","","","","","","","","","","","","","","","",16.6,1,11.5,1,15.8,1,"","",16.8,1,"","","","","","","","","","","","","","","","","","","","",72,1,"","","","","","","","","","","","",13.6,1,"","","","","","","","","","","","","","","","","","","","","","","","","","","","","","","","","","","","","","","","","","","","","","","","","","","","","","","","","","","","","","","","","","","","","","","","","","","","","","","","","","","","","","","","","","","","","","","","","","","","","","","","","","","","","","","","","","","",""
"06163007","TENDE_SAPC",44.043167,7.586,636,2000093014,0.,1,"","","","","","","","","","","","","","","","","","","","","","","","","","","","","","","","","","",17.9,1,11.7,1,16.6,1,"","",18.1,1,"","","","","","","","","","","","","","","","","","","","",67,1,"","","","","","","","","","","","",13.7,1,"","","","","","","","","","","","","","","","","","","","","","","","","","","","","","","","","","","","","","","","","","","","","","","","","","","","","","","","","","","","","","","","","","","","","","","","","","","","","","","","","","","","","","","","","","","","","","","","","","","","","","","","","","","","","","","","","","","",""
"06163007","TENDE_SAPC",44.043167,7.586,636,2000093015,0.,1,"","","","","","","","","","","","","","","","","","","","","","","","","","","","","","","","","","",16.3,1,11.7,1,16.3,1,"","",18.1,1,"","","","","","","","","","","","","","","","","","","","",74,1,"","","","","","","","","","","","",13.7,1,"","","","","","","","","","","","","","","","","","","","","","","","","","","","","","","","","","","","","","","","","","","","","","","","","","","","","","","","","","","","","","","","","","","","","","","","","","","","","","","","","","","","","","","","","","","","","","","","","","","","","","","","","","","","","","","","","","","",""
"06163007","TENDE_SAPC",44.043167,7.586,636,2000093016,0.,1,"","","","","","","","","","","","","","","","","","","","","","","","","","","","","","","","","","",15.7,1,12.1,1,15.7,1,"","",16.3,1,"","","","","","","","","","","","","","","","","","","","",79,1,"","","","","","","","","","","","",14.1,1,"","","","","","","","","","","","","","","","","","","","","","","","","","","","","","","","","","","","","","","","","","","","","","","","","","","","","","","","","","","","","","","","","","","","","","","","","","","","","","","","","","","","","","","","","","","","","","","","","","","","","","","","","","","","","","","","","","","",""
"06163007","TENDE_SAPC",44.043167,7.586,636,2000093017,0.,1,"","","","","","","","","","","","","","","","","","","","","","","","","","","","","","","","","","",15.1,1,12.2,1,15.1,1,"","",15.7,1,"","","","","","","","","","","","","","","","","","","","",83,1,"","","","","","","","","","","","",14.2,1,"","","","","","","","","","","","","","","","","","","","","","","","","","","","","","","","","","","","","","","","","","","","","","","","","","","","","","","","","","","","","","","","","","","","","","","","","","","","","","","","","","","","","","","","","","","","","","","","","","","","","","","","","","","","","","","","","","","",""
"06163007","TENDE_SAPC",44.043167,7.586,636,2000093018,0.,1,"","","","","","","","","","","","","","","","","","","","","","","","","","","","","","","","","","",14.9,1,11.9,1,14.9,1,"","",15.1,1,"","","","","","","","","","","","","","","","","","","","",82,1,"","","","","","","","","","","","",13.9,1,"","","","","","","","","","","","","","","","","","","","","","","","","","","","","","","","","","","","","","","","","","","","","","","","","","","","","","","","","","","","","","","","","","","","","","","","","","","","","","","","","","","","","","","","","","","","","","","","","","","","","","","","","","","","","","","","","","","",""
"06163007","TENDE_SAPC",44.043167,7.586,636,2000093019,0.,1,"","","","","","","","","","","","","","","","","","","","","","","","","","","","","","","","","","",14.6,1,11.6,1,14.6,1,"","",14.9,1,"","","","","","","","","","","","","","","","","","","","",82,1,"","","","","","","","","","","","",13.6,1,"","","","","","","","","","","","","","","","","","","","","","","","","","","","","","","","","","","","","","","","","","","","","","","","","","","","","","","","","","","","","","","","","","","","","","","","","","","","","","","","","","","","","","","","","","","","","","","","","","","","","","","","","","","","","","","","","","","",""
"06163007","TENDE_SAPC",44.043167,7.586,636,2000093020,0.,1,"","","","","","","","","","","","","","","","","","","","","","","","","","","","","","","","","","",13.7,1,11.,1,13.7,1,"","",14.6,1,"","","","","","","","","","","","","","","","","","","","",84,1,"","","","","","","","","","","","",13.1,1,"","","","","","","","","","","","","","","","","","","","","","","","","","","","","","","","","","","","","","","","","","","","","","","","","","","","","","","","","","","","","","","","","","","","","","","","","","","","","","","","","","","","","","","","","","","","","","","","","","","","","","","","","","","","","","","","","","","",""
"06163007","TENDE_SAPC",44.043167,7.586,636,2000093021,0.,1,"","","","","","","","","","","","","","","","","","","","","","","","","","","","","","","","","","",13.2,1,10.4,1,13.2,1,"","",13.7,1,"","","","","","","","","","","","","","","","","","","","",83,1,"","","","","","","","","","","","",12.6,1,"","","","","","","","","","","","","","","","","","","","","","","","","","","","","","","","","","","","","","","","","","","","","","","","","","","","","","","","","","","","","","","","","","","","","","","","","","","","","","","","","","","","","","","","","","","","","","","","","","","","","","","","","","","","","","","","","","","",""
"06163007","TENDE_SAPC",44.043167,7.586,636,2000093022,0.,1,"","","","","","","","","","","","","","","","","","","","","","","","","","","","","","","","","","",12.5,1,9.3,1,12.5,1,"","",13.2,1,"","","","","","","","","","","","","","","","","","","","",81,1,"","","","","","","","","","","","",11.7,1,"","","","","","","","","","","","","","","","","","","","","","","","","","","","","","","","","","","","","","","","","","","","","","","","","","","","","","","","","","","","","","","","","","","","","","","","","","","","","","","","","","","","","","","","","","","","","","","","","","","","","","","","","","","","","","","","","","","",""
"06163007","TENDE_SAPC",44.043167,7.586,636,2000093023,0.,1,"","","","","","","","","","","","","","","","","","","","","","","","","","","","","","","","","","",11.4,1,8.8,1,11.4,1,"","",12.5,1,"","","","","","","","","","","","","","","","","","","","",84,1,"","","","","","","","","","","","",11.3,1,"","","","","","","","","","","","","","","","","","","","","","","","","","","","","","","","","","","","","","","","","","","","","","","","","","","","","","","","","","","","","","","","","","","","","","","","","","","","","","","","","","","","","","","","","","","","","","","","","","","","","","","","","","","","","","","","","","","",""
"06163007","TENDE_SAPC",44.043167,7.586,636,2000100100,0.,1,"","","","","","","","","","","","","","","","","","","","","","","","","","","","","","","","","","",10.5,1,8.3,1,10.5,1,"","",11.4,1,"","","","","","","","","","","","","","","","","","","","",86,1,"","","","","","","","","","","","",10.9,1,"","","","","","","","","","","","","","","","","","","","","","","","","","","","","","","","","","","","","","","","","","","","","","","","","","","","","","","","","","","","","","","","","","","","","","","","","","","","","","","","","","","","","","","","","","","","","","","","","","","","","","","","","","","","","","","","","","","",""
"06163007","TENDE_SAPC",44.043167,7.586,636,2000100101,0.,1,"","","","","","","","","","","","","","","","","","","","","","","","","","","","","","","","","","",10.6,1,8.4,1,10.5,1,"","",10.6,1,"","","","","","","","","","","","","","","","","","","","",86,1,"","","","","","","","","","","","",11.,1,"","","","","","","","","","","","","","","","","","","","","","","","","","","","","","","","","","","","","","","","","","","","","","","","","","","","","","","","","","","","","","","","","","","","","","","","","","","","","","","","","","","","","","","","","","","","","","","","","","","","","","","","","","","","","","","","","","","",""
"06163007","TENDE_SAPC",44.043167,7.586,636,2000100102,0.,1,"","","","","","","","","","","","","","","","","","","","","","","","","","","","","","","","","","",10.5,1,7.9,1,10.5,1,"","",10.8,1,"","","","","","","","","","","","","","","","","","","","",84,1,"","","","","","","","","","","","",10.6,1,"","","","","","","","","","","","","","","","","","","","","","","","","","","","","","","","","","","","","","","","","","","","","","","","","","","","","","","","","","","","","","","","","","","","","","","","","","","","","","","","","","","","","","","","","","","","","","","","","","","","","","","","","","","","","","","","","","","",""
"06163007","TENDE_SAPC",44.043167,7.586,636,2000100103,0.,1,"","","","","","","","","","","","","","","","","","","","","","","","","","","","","","","","","","",10.7,1,8.1,1,10.5,1,"","",10.7,1,"","","","","","","","","","","","","","","","","","","","",84,1,"","","","","","","","","","","","",10.8,1,"","","","","","","","","","","","","","","","","","","","","","","","","","","","","","","","","","","","","","","","","","","","","","","","","","","","","","","","","","","","","","","","","","","","","","","","","","","","","","","","","","","","","","","","","","","","","","","","","","","","","","","","","","","","","","","","","","","",""
"06163007","TENDE_SAPC",44.043167,7.586,636,2000100104,0.,1,"","","","","","","","","","","","","","","","","","","","","","","","","","","","","","","","","","",10.1,1,7.5,1,10.1,1,"","",10.8,1,"","","","","","","","","","","","","","","","","","","","",84,1,"","","","","","","","","","","","",10.4,1,"","","","","","","","","","","","","","","","","","","","","","","","","","","","","","","","","","","","","","","","","","","","","","","","","","","","","","","","","","","","","","","","","","","","","","","","","","","","","","","","","","","","","","","","","","","","","","","","","","","","","","","","","","","","","","","","","","","",""
"06163007","TENDE_SAPC",44.043167,7.586,636,2000100105,0.,1,"","","","","","","","","","","","","","","","","","","","","","","","","","","","","","","","","","",10.4,1,7.1,1,9.9,1,"","",10.4,1,"","","","","","","","","","","","","","","","","","","","",80,1,"","","","","","","","","","","","",10.1,1,"","","","","","","","","","","","","","","","","","","","","","","","","","","","","","","","","","","","","","","","","","","","","","","","","","","","","","","","","","","","","","","","","","","","","","","","","","","","","","","","","","","","","","","","","","","","","","","","","","","","","","","","","","","","","","","","","","","",""
"06163007","TENDE_SAPC",44.043167,7.586,636,2000100106,0.,1,"","","","","","","","","","","","","","","","","","","","","","","","","","","","","","","","","","",10.4,1,7.3,1,10.3,1,"","",10.4,1,"","","","","","","","","","","","","","","","","","","","",81,1,"","","","","","","","","","","","",10.2,1,"","","","","","","","","","","","","","","","","","","","","","","","","","","","","","","","","","","","","","","","","","","","","","","","","","","","","","","","","","","","","","","","","","","","","","","","","","","","","","","","","","","","","","","","","","","","","","","","","","","","","","","","","","","","","","","","","","","",""
"06163007","TENDE_SAPC",44.043167,7.586,636,2000100107,0.,1,"","","","","","","","","","","","","","","","","","","","","","","","","","","","","","","","","","",11.3,1,7.4,1,10.4,1,"","",11.3,1,"","","","","","","","","","","","","","","","","","","","",77,1,"","","","","","","","","","","","",10.3,1,"","","","","","","","","","","","","","","","","","","","","","","","","","","","","","","","","","","","","","","","","","","","","","","","","","","","","","","","","","","","","","","","","","","","","","","","","","","","","","","","","","","","","","","","","","","","","","","","","","","","","","","","","","","","","","","","","","","",""
"06163007","TENDE_SAPC",44.043167,7.586,636,2000100108,0.,1,"","","","","","","","","","","","","","","","","","","","","","","","","","","","","","","","","","",11.8,1,7.9,1,11.3,1,"","",11.8,1,"","","","","","","","","","","","","","","","","","","","",77,1,"","","","","","","","","","","","",10.6,1,"","","","","","","","","","","","","","","","","","","","","","","","","","","","","","","","","","","","","","","","","","","","","","","","","","","","","","","","","","","","","","","","","","","","","","","","","","","","","","","","","","","","","","","","","","","","","","","","","","","","","","","","","","","","","","","","","","","",""
"06163007","TENDE_SAPC",44.043167,7.586,636,2000100109,0.2,1,"","","","","","","","","","","","","","","","","","","","","","","","","","","","","","","","","","",14.,1,8.6,1,11.8,1,"","",14.,1,"","","","","","","","","","","","","","","","","","","","",70,1,"","","","","","","","","","","","",11.2,1,"","","","","","","","","","","","","","","","","","","","","","","","","","","","","","","","","","","","","","","","","","","","","","","","","","","","","","","","","","","","","","","","","","","","","","","","","","","","","","","","","","","","","","","","","","","","","","","","","","","","","","","","","","","","","","","","","","","",""
"06163007","TENDE_SAPC",44.043167,7.586,636,2000100110,0.,1,"","","","","","","","","","","","","","","","","","","","","","","","","","","","","","","","","","",15.4,1,8.4,1,14.1,1,"","",15.6,1,"","","","","","","","","","","","","","","","","","","","",63,1,"","","","","","","","","","","","",11.,1,"","","","","","","","","","","","","","","","","","","","","","","","","","","","","","","","","","","","","","","","","","","","","","","","","","","","","","","","","","","","","","","","","","","","","","","","","","","","","","","","","","","","","","","","","","","","","","","","","","","","","","","","","","","","","","","","","","","",""
"06163007","TENDE_SAPC",44.043167,7.586,636,2000100111,0.,1,"","","","","","","","","","","","","","","","","","","","","","","","","","","","","","","","","","",15.6,1,9.,1,15.2,1,"","",15.6,1,"","","","","","","","","","","","","","","","","","","","",65,1,"","","","","","","","","","","","",11.5,1,"","","","","","","","","","","","","","","","","","","","","","","","","","","","","","","","","","","","","","","","","","","","","","","","","","","","","","","","","","","","","","","","","","","","","","","","","","","","","","","","","","","","","","","","","","","","","","","","","","","","","","","","","","","","","","","","","","","",""
"06163007","TENDE_SAPC",44.043167,7.586,636,2000100112,0.,1,"","","","","","","","","","","","","","","","","","","","","","","","","","","","","","","","","","",16.3,1,9.7,1,15.7,1,"","",16.3,1,"","","","","","","","","","","","","","","","","","","","",65,1,"","","","","","","","","","","","",12.,1,"","","","","","","","","","","","","","","","","","","","","","","","","","","","","","","","","","","","","","","","","","","","","","","","","","","","","","","","","","","","","","","","","","","","","","","","","","","","","","","","","","","","","","","","","","","","","","","","","","","","","","","","","","","","","","","","","","","",""
"06163007","TENDE_SAPC",44.043167,7.586,636,2000100113,0.,1,"","","","","","","","","","","","","","","","","","","","","","","","","","","","","","","","","","",18.1,1,7.2,1,16.2,1,"","",18.1,1,"","","","","","","","","","","","","","","","","","","","",49,1,"","","","","","","","","","","","",10.2,1,"","","","","","","","","","","","","","","","","","","","","","","","","","","","","","","","","","","","","","","","","","","","","","","","","","","","","","","","","","","","","","","","","","","","","","","","","","","","","","","","","","","","","","","","","","","","","","","","","","","","","","","","","","","","","","","","","","","",""
"06163007","TENDE_SAPC",44.043167,7.586,636,2000100114,0.,1,"","","","","","","","","","","","","","","","","","","","","","","","","","","","","","","","","","",17.7,1,7.7,1,17.7,1,"","",18.8,1,"","","","","","","","","","","","","","","","","","","","",52,1,"","","","","","","","","","","","",10.5,1,"","","","","","","","","","","","","","","","","","","","","","","","","","","","","","","","","","","","","","","","","","","","","","","","","","","","","","","","","","","","","","","","","","","","","","","","","","","","","","","","","","","","","","","","","","","","","","","","","","","","","","","","","","","","","","","","","","","",""
"06163007","TENDE_SAPC",44.043167,7.586,636,2000100115,0.,1,"","","","","","","","","","","","","","","","","","","","","","","","","","","","","","","","","","",15.5,1,9.2,1,15.5,1,"","",17.7,1,"","","","","","","","","","","","","","","","","","","","",66,1,"","","","","","","","","","","","",11.6,1,"","","","","","","","","","","","","","","","","","","","","","","","","","","","","","","","","","","","","","","","","","","","","","","","","","","","","","","","","","","","","","","","","","","","","","","","","","","","","","","","","","","","","","","","","","","","","","","","","","","","","","","","","","","","","","","","","","","",""
"06163007","TENDE_SAPC",44.043167,7.586,636,2000100116,0.6,1,"","","","","","","","","","","","","","","","","","","","","","","","","","","","","","","","","","",14.,1,10.,1,14.,1,"","",15.4,1,"","","","","","","","","","","","","","","","","","","","",77,1,"","","","","","","","","","","","",12.3,1,"","","","","","","","","","","","","","","","","","","","","","","","","","","","","","","","","","","","","","","","","","","","","","","","","","","","","","","","","","","","","","","","","","","","","","","","","","","","","","","","","","","","","","","","","","","","","","","","","","","","","","","","","","","","","","","","","","","",""
"06163007","TENDE_SAPC",44.043167,7.586,636,2000100117,0.2,1,"","","","","","","","","","","","","","","","","","","","","","","","","","","","","","","","","","",13.3,1,10.5,1,13.3,1,"","",13.9,1,"","","","","","","","","","","","","","","","","","","","",83,1,"","","","","","","","","","","","",12.7,1,"","","","","","","","","","","","","","","","","","","","","","","","","","","","","","","","","","","","","","","","","","","","","","","","","","","","","","","","","","","","","","","","","","","","","","","","","","","","","","","","","","","","","","","","","","","","","","","","","","","","","","","","","","","","","","","","","","","",""
"06163007","TENDE_SAPC",44.043167,7.586,636,2000100118,0.,1,"","","","","","","","","","","","","","","","","","","","","","","","","","","","","","","","","","",11.9,1,9.5,1,11.9,1,"","",13.3,1,"","","","","","","","","","","","","","","","","","","","",85,1,"","","","","","","","","","","","",11.8,1,"","","","","","","","","","","","","","","","","","","","","","","","","","","","","","","","","","","","","","","","","","","","","","","","","","","","","","","","","","","","","","","","","","","","","","","","","","","","","","","","","","","","","","","","","","","","","","","","","","","","","","","","","","","","","","","","","","","",""
"06163007","TENDE_SAPC",44.043167,7.586,636,2000100119,0.,1,"","","","","","","","","","","","","","","","","","","","","","","","","","","","","","","","","","",11.9,1,9.6,1,11.7,1,"","",11.9,1,"","","","","","","","","","","","","","","","","","","","",86,1,"","","","","","","","","","","","",12.,1,"","","","","","","","","","","","","","","","","","","","","","","","","","","","","","","","","","","","","","","","","","","","","","","","","","","","","","","","","","","","","","","","","","","","","","","","","","","","","","","","","","","","","","","","","","","","","","","","","","","","","","","","","","","","","","","","","","","",""
"06163007","TENDE_SAPC",44.043167,7.586,636,2000100120,0.,1,"","","","","","","","","","","","","","","","","","","","","","","","","","","","","","","","","","",11.2,1,8.4,1,11.1,1,"","",11.9,1,"","","","","","","","","","","","","","","","","","","","",83,1,"","","","","","","","","","","","",11.,1,"","","","","","","","","","","","","","","","","","","","","","","","","","","","","","","","","","","","","","","","","","","","","","","","","","","","","","","","","","","","","","","","","","","","","","","","","","","","","","","","","","","","","","","","","","","","","","","","","","","","","","","","","","","","","","","","","","","",""
"06163007","TENDE_SAPC",44.043167,7.586,636,2000100121,0.,1,"","","","","","","","","","","","","","","","","","","","","","","","","","","","","","","","","","",9.9,1,7.3,1,9.9,1,"","",11.2,1,"","","","","","","","","","","","","","","","","","","","",84,1,"","","","","","","","","","","","",10.2,1,"","","","","","","","","","","","","","","","","","","","","","","","","","","","","","","","","","","","","","","","","","","","","","","","","","","","","","","","","","","","","","","","","","","","","","","","","","","","","","","","","","","","","","","","","","","","","","","","","","","","","","","","","","","","","","","","","","","",""
"06163007","TENDE_SAPC",44.043167,7.586,636,2000100122,0.,1,"","","","","","","","","","","","","","","","","","","","","","","","","","","","","","","","","","",9.2,1,7.,1,9.2,1,"","",9.9,1,"","","","","","","","","","","","","","","","","","","","",86,1,"","","","","","","","","","","","",10.,1,"","","","","","","","","","","","","","","","","","","","","","","","","","","","","","","","","","","","","","","","","","","","","","","","","","","","","","","","","","","","","","","","","","","","","","","","","","","","","","","","","","","","","","","","","","","","","","","","","","","","","","","","","","","","","","","","","","","",""
"06163007","TENDE_SAPC",44.043167,7.586,636,2000100123,0.,1,"","","","","","","","","","","","","","","","","","","","","","","","","","","","","","","","","","",8.8,1,6.6,1,8.8,1,"","",9.3,1,"","","","","","","","","","","","","","","","","","","","",86,1,"","","","","","","","","","","","",9.7,1,"","","","","","","","","","","","","","","","","","","","","","","","","","","","","","","","","","","","","","","","","","","","","","","","","","","","","","","","","","","","","","","","","","","","","","","","","","","","","","","","","","","","","","","","","","","","","","","","","","","","","","","","","","","","","","","","","","","",""
"06163007","TENDE_SAPC",44.043167,7.586,636,2000100200,0.,1,"","","","","","","","","","","","","","","","","","","","","","","","","","","","","","","","","","",8.4,1,5.9,1,8.4,1,"","",8.8,1,"","","","","","","","","","","","","","","","","","","","",84,1,"","","","","","","","","","","","",9.2,1,"","","","","","","","","","","","","","","","","","","","","","","","","","","","","","","","","","","","","","","","","","","","","","","","","","","","","","","","","","","","","","","","","","","","","","","","","","","","","","","","","","","","","","","","","","","","","","","","","","","","","","","","","","","","","","","","","","","",""
"06163007","TENDE_SAPC",44.043167,7.586,636,2000100201,0.,1,"","","","","","","","","","","","","","","","","","","","","","","","","","","","","","","","","","",7.9,1,5.4,1,7.9,1,"","",8.4,1,"","","","","","","","","","","","","","","","","","","","",84,1,"","","","","","","","","","","","",8.9,1,"","","","","","","","","","","","","","","","","","","","","","","","","","","","","","","","","","","","","","","","","","","","","","","","","","","","","","","","","","","","","","","","","","","","","","","","","","","","","","","","","","","","","","","","","","","","","","","","","","","","","","","","","","","","","","","","","","","",""
"06163007","TENDE_SAPC",44.043167,7.586,636,2000100202,0.,1,"","","","","","","","","","","","","","","","","","","","","","","","","","","","","","","","","","",7.7,1,5.2,1,7.6,1,"","",7.9,1,"","","","","","","","","","","","","","","","","","","","",84,1,"","","","","","","","","","","","",8.8,1,"","","","","","","","","","","","","","","","","","","","","","","","","","","","","","","","","","","","","","","","","","","","","","","","","","","","","","","","","","","","","","","","","","","","","","","","","","","","","","","","","","","","","","","","","","","","","","","","","","","","","","","","","","","","","","","","","","","",""
"06163007","TENDE_SAPC",44.043167,7.586,636,2000100203,0.,1,"","","","","","","","","","","","","","","","","","","","","","","","","","","","","","","","","","",7.5,1,4.8,1,7.5,1,"","",7.8,1,"","","","","","","","","","","","","","","","","","","","",83,1,"","","","","","","","","","","","",8.6,1,"","","","","","","","","","","","","","","","","","","","","","","","","","","","","","","","","","","","","","","","","","","","","","","","","","","","","","","","","","","","","","","","","","","","","","","","","","","","","","","","","","","","","","","","","","","","","","","","","","","","","","","","","","","","","","","","","","","",""
"06163007","TENDE_SAPC",44.043167,7.586,636,2000100204,0.,1,"","","","","","","","","","","","","","","","","","","","","","","","","","","","","","","","","","",7.3,1,4.6,1,7.3,1,"","",7.5,1,"","","","","","","","","","","","","","","","","","","","",83,1,"","","","","","","","","","","","",8.5,1,"","","","","","","","","","","","","","","","","","","","","","","","","","","","","","","","","","","","","","","","","","","","","","","","","","","","","","","","","","","","","","","","","","","","","","","","","","","","","","","","","","","","","","","","","","","","","","","","","","","","","","","","","","","","","","","","","","","",""
"06163007","TENDE_SAPC",44.043167,7.586,636,2000100205,0.,1,"","","","","","","","","","","","","","","","","","","","","","","","","","","","","","","","","","",7.7,1,4.8,1,7.3,1,"","",7.7,1,"","","","","","","","","","","","","","","","","","","","",82,1,"","","","","","","","","","","","",8.6,1,"","","","","","","","","","","","","","","","","","","","","","","","","","","","","","","","","","","","","","","","","","","","","","","","","","","","","","","","","","","","","","","","","","","","","","","","","","","","","","","","","","","","","","","","","","","","","","","","","","","","","","","","","","","","","","","","","","","",""
"06163007","TENDE_SAPC",44.043167,7.586,636,2000100206,0.,1,"","","","","","","","","","","","","","","","","","","","","","","","","","","","","","","","","","",7.8,1,5.1,1,7.8,1,"","",8.,1,"","","","","","","","","","","","","","","","","","","","",83,1,"","","","","","","","","","","","",8.8,1,"","","","","","","","","","","","","","","","","","","","","","","","","","","","","","","","","","","","","","","","","","","","","","","","","","","","","","","","","","","","","","","","","","","","","","","","","","","","","","","","","","","","","","","","","","","","","","","","","","","","","","","","","","","","","","","","","","","",""
"06163007","TENDE_SAPC",44.043167,7.586,636,2000100207,0.,1,"","","","","","","","","","","","","","","","","","","","","","","","","","","","","","","","","","",7.7,1,5.,1,7.7,1,"","",7.9,1,"","","","","","","","","","","","","","","","","","","","",83,1,"","","","","","","","","","","","",8.7,1,"","","","","","","","","","","","","","","","","","","","","","","","","","","","","","","","","","","","","","","","","","","","","","","","","","","","","","","","","","","","","","","","","","","","","","","","","","","","","","","","","","","","","","","","","","","","","","","","","","","","","","","","","","","","","","","","","","","",""
"06163007","TENDE_SAPC",44.043167,7.586,636,2000100208,0.,1,"","","","","","","","","","","","","","","","","","","","","","","","","","","","","","","","","","",7.9,1,5.5,1,7.7,1,"","",7.9,1,"","","","","","","","","","","","","","","","","","","","",85,1,"","","","","","","","","","","","",9.,1,"","","","","","","","","","","","","","","","","","","","","","","","","","","","","","","","","","","","","","","","","","","","","","","","","","","","","","","","","","","","","","","","","","","","","","","","","","","","","","","","","","","","","","","","","","","","","","","","","","","","","","","","","","","","","","","","","","","",""
"06163007","TENDE_SAPC",44.043167,7.586,636,2000100209,0.,1,"","","","","","","","","","","","","","","","","","","","","","","","","","","","","","","","","","",11.8,1,8.5,1,7.9,1,"","",11.8,1,"","","","","","","","","","","","","","","","","","","","",80,1,"","","","","","","","","","","","",11.1,1,"","","","","","","","","","","","","","","","","","","","","","","","","","","","","","","","","","","","","","","","","","","","","","","","","","","","","","","","","","","","","","","","","","","","","","","","","","","","","","","","","","","","","","","","","","","","","","","","","","","","","","","","","","","","","","","","","","","",""
"06163007","TENDE_SAPC",44.043167,7.586,636,2000100210,0.,1,"","","","","","","","","","","","","","","","","","","","","","","","","","","","","","","","","","",14.9,1,9.5,1,11.8,1,"","",14.9,1,"","","","","","","","","","","","","","","","","","","","",70,1,"","","","","","","","","","","","",11.8,1,"","","","","","","","","","","","","","","","","","","","","","","","","","","","","","","","","","","","","","","","","","","","","","","","","","","","","","","","","","","","","","","","","","","","","","","","","","","","","","","","","","","","","","","","","","","","","","","","","","","","","","","","","","","","","","","","","","","",""
"06163007","TENDE_SAPC",44.043167,7.586,636,2000100211,0.,1,"","","","","","","","","","","","","","","","","","","","","","","","","","","","","","","","","","",17.,1,6.8,1,15.,1,"","",17.,1,"","","","","","","","","","","","","","","","","","","","",51,1,"","","","","","","","","","","","",9.9,1,"","","","","","","","","","","","","","","","","","","","","","","","","","","","","","","","","","","","","","","","","","","","","","","","","","","","","","","","","","","","","","","","","","","","","","","","","","","","","","","","","","","","","","","","","","","","","","","","","","","","","","","","","","","","","","","","","","","",""
"06163007","TENDE_SAPC",44.043167,7.586,636,2000100212,0.,1,"","","","","","","","","","","","","","","","","","","","","","","","","","","","","","","","","","",17.1,1,7.4,1,17.1,1,"","",18.,1,"","","","","","","","","","","","","","","","","","","","",53,1,"","","","","","","","","","","","",10.3,1,"","","","","","","","","","","","","","","","","","","","","","","","","","","","","","","","","","","","","","","","","","","","","","","","","","","","","","","","","","","","","","","","","","","","","","","","","","","","","","","","","","","","","","","","","","","","","","","","","","","","","","","","","","","","","","","","","","","",""
"06163007","TENDE_SAPC",44.043167,7.586,636,2000100213,0.,1,"","","","","","","","","","","","","","","","","","","","","","","","","","","","","","","","","","",17.4,1,8.3,1,17.1,1,"","",18.8,1,"","","","","","","","","","","","","","","","","","","","",55,1,"","","","","","","","","","","","",10.9,1,"","","","","","","","","","","","","","","","","","","","","","","","","","","","","","","","","","","","","","","","","","","","","","","","","","","","","","","","","","","","","","","","","","","","","","","","","","","","","","","","","","","","","","","","","","","","","","","","","","","","","","","","","","","","","","","","","","","",""
"06163007","TENDE_SAPC",44.043167,7.586,636,2000100214,0.,1,"","","","","","","","","","","","","","","","","","","","","","","","","","","","","","","","","","",15.9,1,8.4,1,15.9,1,"","",17.4,1,"","","","","","","","","","","","","","","","","","","","",61,1,"","","","","","","","","","","","",11.,1,"","","","","","","","","","","","","","","","","","","","","","","","","","","","","","","","","","","","","","","","","","","","","","","","","","","","","","","","","","","","","","","","","","","","","","","","","","","","","","","","","","","","","","","","","","","","","","","","","","","","","","","","","","","","","","","","","","","",""
"06163007","TENDE_SAPC",44.043167,7.586,636,2000100215,0.,1,"","","","","","","","","","","","","","","","","","","","","","","","","","","","","","","","","","",13.7,1,6.5,1,13.7,1,"","",15.8,1,"","","","","","","","","","","","","","","","","","","","",62,1,"","","","","","","","","","","","",9.7,1,"","","","","","","","","","","","","","","","","","","","","","","","","","","","","","","","","","","","","","","","","","","","","","","","","","","","","","","","","","","","","","","","","","","","","","","","","","","","","","","","","","","","","","","","","","","","","","","","","","","","","","","","","","","","","","","","","","","",""
"06163007","TENDE_SAPC",44.043167,7.586,636,2000100216,0.2,1,"","","","","","","","","","","","","","","","","","","","","","","","","","","","","","","","","","",12.7,1,8.6,1,12.7,1,"","",13.7,1,"","","","","","","","","","","","","","","","","","","","",76,1,"","","","","","","","","","","","",11.1,1,"","","","","","","","","","","","","","","","","","","","","","","","","","","","","","","","","","","","","","","","","","","","","","","","","","","","","","","","","","","","","","","","","","","","","","","","","","","","","","","","","","","","","","","","","","","","","","","","","","","","","","","","","","","","","","","","","","","",""
"06163007","TENDE_SAPC",44.043167,7.586,636,2000100217,0.,1,"","","","","","","","","","","","","","","","","","","","","","","","","","","","","","","","","","",11.6,1,8.4,1,11.6,1,"","",12.7,1,"","","","","","","","","","","","","","","","","","","","",81,1,"","","","","","","","","","","","",11.,1,"","","","","","","","","","","","","","","","","","","","","","","","","","","","","","","","","","","","","","","","","","","","","","","","","","","","","","","","","","","","","","","","","","","","","","","","","","","","","","","","","","","","","","","","","","","","","","","","","","","","","","","","","","","","","","","","","","","",""
"06163007","TENDE_SAPC",44.043167,7.586,636,2000100218,0.,1,"","","","","","","","","","","","","","","","","","","","","","","","","","","","","","","","","","",10.8,1,7.1,1,10.8,1,"","",11.6,1,"","","","","","","","","","","","","","","","","","","","",78,1,"","","","","","","","","","","","",10.1,1,"","","","","","","","","","","","","","","","","","","","","","","","","","","","","","","","","","","","","","","","","","","","","","","","","","","","","","","","","","","","","","","","","","","","","","","","","","","","","","","","","","","","","","","","","","","","","","","","","","","","","","","","","","","","","","","","","","","",""
"06163007","TENDE_SAPC",44.043167,7.586,636,2000100219,0.,1,"","","","","","","","","","","","","","","","","","","","","","","","","","","","","","","","","","",11.5,1,6.8,1,10.6,1,"","",11.6,1,"","","","","","","","","","","","","","","","","","","","",73,1,"","","","","","","","","","","","",9.9,1,"","","","","","","","","","","","","","","","","","","","","","","","","","","","","","","","","","","","","","","","","","","","","","","","","","","","","","","","","","","","","","","","","","","","","","","","","","","","","","","","","","","","","","","","","","","","","","","","","","","","","","","","","","","","","","","","","","","",""
"06163007","TENDE_SAPC",44.043167,7.586,636,2000100220,0.2,1,"","","","","","","","","","","","","","","","","","","","","","","","","","","","","","","","","","",10.7,1,7.4,1,10.7,1,"","",11.4,1,"","","","","","","","","","","","","","","","","","","","",80,1,"","","","","","","","","","","","",10.3,1,"","","","","","","","","","","","","","","","","","","","","","","","","","","","","","","","","","","","","","","","","","","","","","","","","","","","","","","","","","","","","","","","","","","","","","","","","","","","","","","","","","","","","","","","","","","","","","","","","","","","","","","","","","","","","","","","","","","",""
"06163007","TENDE_SAPC",44.043167,7.586,636,2000100221,0.,1,"","","","","","","","","","","","","","","","","","","","","","","","","","","","","","","","","","",10.9,1,6.4,1,10.7,1,"","",11.,1,"","","","","","","","","","","","","","","","","","","","",74,1,"","","","","","","","","","","","",9.6,1,"","","","","","","","","","","","","","","","","","","","","","","","","","","","","","","","","","","","","","","","","","","","","","","","","","","","","","","","","","","","","","","","","","","","","","","","","","","","","","","","","","","","","","","","","","","","","","","","","","","","","","","","","","","","","","","","","","","",""
"06163007","TENDE_SAPC",44.043167,7.586,636,2000100222,0.,1,"","","","","","","","","","","","","","","","","","","","","","","","","","","","","","","","","","",13.1,1,4.5,1,11.,1,"","",13.1,1,"","","","","","","","","","","","","","","","","","","","",56,1,"","","","","","","","","","","","",8.4,1,"","","","","","","","","","","","","","","","","","","","","","","","","","","","","","","","","","","","","","","","","","","","","","","","","","","","","","","","","","","","","","","","","","","","","","","","","","","","","","","","","","","","","","","","","","","","","","","","","","","","","","","","","","","","","","","","","","","",""
"06163007","TENDE_SAPC",44.043167,7.586,636,2000100223,0.,1,"","","","","","","","","","","","","","","","","","","","","","","","","","","","","","","","","","",13.8,1,3.8,1,13.1,1,"","",13.8,1,"","","","","","","","","","","","","","","","","","","","",51,1,"","","","","","","","","","","","",8.,1,"","","","","","","","","","","","","","","","","","","","","","","","","","","","","","","","","","","","","","","","","","","","","","","","","","","","","","","","","","","","","","","","","","","","","","","","","","","","","","","","","","","","","","","","","","","","","","","","","","","","","","","","","","","","","","","","","","","",""
"06163007","TENDE_SAPC",44.043167,7.586,636,2000100300,0.,1,"","","","","","","","","","","","","","","","","","","","","","","","","","","","","","","","","","",13.6,1,3.6,1,13.5,1,"","",13.9,1,"","","","","","","","","","","","","","","","","","","","",51,1,"","","","","","","","","","","","",7.9,1,"","","","","","","","","","","","","","","","","","","","","","","","","","","","","","","","","","","","","","","","","","","","","","","","","","","","","","","","","","","","","","","","","","","","","","","","","","","","","","","","","","","","","","","","","","","","","","","","","","","","","","","","","","","","","","","","","","","",""
"06163007","TENDE_SAPC",44.043167,7.586,636,2000100301,0.,1,"","","","","","","","","","","","","","","","","","","","","","","","","","","","","","","","","","",13.6,1,3.1,1,13.2,1,"","",13.6,1,"","","","","","","","","","","","","","","","","","","","",49,1,"","","","","","","","","","","","",7.6,1,"","","","","","","","","","","","","","","","","","","","","","","","","","","","","","","","","","","","","","","","","","","","","","","","","","","","","","","","","","","","","","","","","","","","","","","","","","","","","","","","","","","","","","","","","","","","","","","","","","","","","","","","","","","","","","","","","","","",""
"06163007","TENDE_SAPC",44.043167,7.586,636,2000100302,0.,1,"","","","","","","","","","","","","","","","","","","","","","","","","","","","","","","","","","",13.9,1,2.5,1,13.6,1,"","",14.3,1,"","","","","","","","","","","","","","","","","","","","",46,1,"","","","","","","","","","","","",7.3,1,"","","","","","","","","","","","","","","","","","","","","","","","","","","","","","","","","","","","","","","","","","","","","","","","","","","","","","","","","","","","","","","","","","","","","","","","","","","","","","","","","","","","","","","","","","","","","","","","","","","","","","","","","","","","","","","","","","","",""
"06163007","TENDE_SAPC",44.043167,7.586,636,2000100303,0.,1,"","","","","","","","","","","","","","","","","","","","","","","","","","","","","","","","","","",14.1,1,2.,1,14.,1,"","",14.4,1,"","","","","","","","","","","","","","","","","","","","",44,1,"","","","","","","","","","","","",7.1,1,"","","","","","","","","","","","","","","","","","","","","","","","","","","","","","","","","","","","","","","","","","","","","","","","","","","","","","","","","","","","","","","","","","","","","","","","","","","","","","","","","","","","","","","","","","","","","","","","","","","","","","","","","","","","","","","","","","","",""
"06163007","TENDE_SAPC",44.043167,7.586,636,2000100304,0.,1,"","","","","","","","","","","","","","","","","","","","","","","","","","","","","","","","","","",13.9,1,1.8,1,13.8,1,"","",14.2,1,"","","","","","","","","","","","","","","","","","","","",44,1,"","","","","","","","","","","","",7.,1,"","","","","","","","","","","","","","","","","","","","","","","","","","","","","","","","","","","","","","","","","","","","","","","","","","","","","","","","","","","","","","","","","","","","","","","","","","","","","","","","","","","","","","","","","","","","","","","","","","","","","","","","","","","","","","","","","","","",""
"06163007","TENDE_SAPC",44.043167,7.586,636,2000100305,0.,1,"","","","","","","","","","","","","","","","","","","","","","","","","","","","","","","","","","",13.5,1,1.8,1,13.5,1,"","",14.,1,"","","","","","","","","","","","","","","","","","","","",45,1,"","","","","","","","","","","","",6.9,1,"","","","","","","","","","","","","","","","","","","","","","","","","","","","","","","","","","","","","","","","","","","","","","","","","","","","","","","","","","","","","","","","","","","","","","","","","","","","","","","","","","","","","","","","","","","","","","","","","","","","","","","","","","","","","","","","","","","",""
"06163007","TENDE_SAPC",44.043167,7.586,636,2000100306,0.,1,"","","","","","","","","","","","","","","","","","","","","","","","","","","","","","","","","","",12.8,1,2.,1,12.4,1,"","",13.5,1,"","","","","","","","","","","","","","","","","","","","",48,1,"","","","","","","","","","","","",7.1,1,"","","","","","","","","","","","","","","","","","","","","","","","","","","","","","","","","","","","","","","","","","","","","","","","","","","","","","","","","","","","","","","","","","","","","","","","","","","","","","","","","","","","","","","","","","","","","","","","","","","","","","","","","","","","","","","","","","","",""
"06163007","TENDE_SAPC",44.043167,7.586,636,2000100307,0.,1,"","","","","","","","","","","","","","","","","","","","","","","","","","","","","","","","","","",13.1,1,2.3,1,11.2,1,"","",13.4,1,"","","","","","","","","","","","","","","","","","","","",48,1,"","","","","","","","","","","","",7.2,1,"","","","","","","","","","","","","","","","","","","","","","","","","","","","","","","","","","","","","","","","","","","","","","","","","","","","","","","","","","","","","","","","","","","","","","","","","","","","","","","","","","","","","","","","","","","","","","","","","","","","","","","","","","","","","","","","","","","",""
"06163007","TENDE_SAPC",44.043167,7.586,636,2000100308,0.,1,"","","","","","","","","","","","","","","","","","","","","","","","","","","","","","","","","","",15.8,1,-0.5,1,13.3,1,"","",15.8,1,"","","","","","","","","","","","","","","","","","","","",33,1,"","","","","","","","","","","","",5.9,1,"","","","","","","","","","","","","","","","","","","","","","","","","","","","","","","","","","","","","","","","","","","","","","","","","","","","","","","","","","","","","","","","","","","","","","","","","","","","","","","","","","","","","","","","","","","","","","","","","","","","","","","","","","","","","","","","","","","",""
"06163007","TENDE_SAPC",44.043167,7.586,636,2000100309,0.,1,"","","","","","","","","","","","","","","","","","","","","","","","","","","","","","","","","","",16.7,1,-0.5,1,15.8,1,"","",16.7,1,"","","","","","","","","","","","","","","","","","","","",31,1,"","","","","","","","","","","","",5.9,1,"","","","","","","","","","","","","","","","","","","","","","","","","","","","","","","","","","","","","","","","","","","","","","","","","","","","","","","","","","","","","","","","","","","","","","","","","","","","","","","","","","","","","","","","","","","","","","","","","","","","","","","","","","","","","","","","","","","",""
"06163007","TENDE_SAPC",44.043167,7.586,636,2000100310,0.,1,"","","","","","","","","","","","","","","","","","","","","","","","","","","","","","","","","","",18.3,1,-1.,1,16.7,1,"","",19.,1,"","","","","","","","","","","","","","","","","","","","",27,1,"","","","","","","","","","","","",5.7,1,"","","","","","","","","","","","","","","","","","","","","","","","","","","","","","","","","","","","","","","","","","","","","","","","","","","","","","","","","","","","","","","","","","","","","","","","","","","","","","","","","","","","","","","","","","","","","","","","","","","","","","","","","","","","","","","","","","","",""
"06163007","TENDE_SAPC",44.043167,7.586,636,2000100311,0.,1,"","","","","","","","","","","","","","","","","","","","","","","","","","","","","","","","","","",18.9,1,0.5,1,18.3,1,"","",19.6,1,"","","","","","","","","","","","","","","","","","","","",29,1,"","","","","","","","","","","","",6.3,1,"","","","","","","","","","","","","","","","","","","","","","","","","","","","","","","","","","","","","","","","","","","","","","","","","","","","","","","","","","","","","","","","","","","","","","","","","","","","","","","","","","","","","","","","","","","","","","","","","","","","","","","","","","","","","","","","","","","",""
"06163007","TENDE_SAPC",44.043167,7.586,636,2000100312,0.,1,"","","","","","","","","","","","","","","","","","","","","","","","","","","","","","","","","","",20.1,1,1.5,1,18.9,1,"","",20.3,1,"","","","","","","","","","","","","","","","","","","","",29,1,"","","","","","","","","","","","",6.8,1,"","","","","","","","","","","","","","","","","","","","","","","","","","","","","","","","","","","","","","","","","","","","","","","","","","","","","","","","","","","","","","","","","","","","","","","","","","","","","","","","","","","","","","","","","","","","","","","","","","","","","","","","","","","","","","","","","","","",""
"06163007","TENDE_SAPC",44.043167,7.586,636,2000100313,0.,1,"","","","","","","","","","","","","","","","","","","","","","","","","","","","","","","","","","",19.6,1,-1.,1,19.2,1,"","",20.6,1,"","","","","","","","","","","","","","","","","","","","",25,1,"","","","","","","","","","","","",5.7,1,"","","","","","","","","","","","","","","","","","","","","","","","","","","","","","","","","","","","","","","","","","","","","","","","","","","","","","","","","","","","","","","","","","","","","","","","","","","","","","","","","","","","","","","","","","","","","","","","","","","","","","","","","","","","","","","","","","","",""
"06163007","TENDE_SAPC",44.043167,7.586,636,2000100314,0.,1,"","","","","","","","","","","","","","","","","","","","","","","","","","","","","","","","","","",20.1,1,-1.1,1,19.7,1,"","",20.3,1,"","","","","","","","","","","","","","","","","","","","",24,1,"","","","","","","","","","","","",5.6,1,"","","","","","","","","","","","","","","","","","","","","","","","","","","","","","","","","","","","","","","","","","","","","","","","","","","","","","","","","","","","","","","","","","","","","","","","","","","","","","","","","","","","","","","","","","","","","","","","","","","","","","","","","","","","","","","","","","","",""
"06163007","TENDE_SAPC",44.043167,7.586,636,2000100315,0.,1,"","","","","","","","","","","","","","","","","","","","","","","","","","","","","","","","","","",18.8,1,0.4,1,18.8,1,"","",20.1,1,"","","","","","","","","","","","","","","","","","","","",29,1,"","","","","","","","","","","","",6.3,1,"","","","","","","","","","","","","","","","","","","","","","","","","","","","","","","","","","","","","","","","","","","","","","","","","","","","","","","","","","","","","","","","","","","","","","","","","","","","","","","","","","","","","","","","","","","","","","","","","","","","","","","","","","","","","","","","","","","",""
"06163007","TENDE_SAPC",44.043167,7.586,636,2000100316,0.,1,"","","","","","","","","","","","","","","","","","","","","","","","","","","","","","","","","","",16.4,1,2.4,1,16.4,1,"","",18.8,1,"","","","","","","","","","","","","","","","","","","","",39,1,"","","","","","","","","","","","",7.3,1,"","","","","","","","","","","","","","","","","","","","","","","","","","","","","","","","","","","","","","","","","","","","","","","","","","","","","","","","","","","","","","","","","","","","","","","","","","","","","","","","","","","","","","","","","","","","","","","","","","","","","","","","","","","","","","","","","","","",""
"06163007","TENDE_SAPC",44.043167,7.586,636,2000100317,0.,1,"","","","","","","","","","","","","","","","","","","","","","","","","","","","","","","","","","",14.9,1,3.1,1,14.8,1,"","",16.3,1,"","","","","","","","","","","","","","","","","","","","",45,1,"","","","","","","","","","","","",7.6,1,"","","","","","","","","","","","","","","","","","","","","","","","","","","","","","","","","","","","","","","","","","","","","","","","","","","","","","","","","","","","","","","","","","","","","","","","","","","","","","","","","","","","","","","","","","","","","","","","","","","","","","","","","","","","","","","","","","","",""
"06163007","TENDE_SAPC",44.043167,7.586,636,2000100318,0.,1,"","","","","","","","","","","","","","","","","","","","","","","","","","","","","","","","","","",13.5,1,3.3,1,13.4,1,"","",14.8,1,"","","","","","","","","","","","","","","","","","","","",50,1,"","","","","","","","","","","","",7.7,1,"","","","","","","","","","","","","","","","","","","","","","","","","","","","","","","","","","","","","","","","","","","","","","","","","","","","","","","","","","","","","","","","","","","","","","","","","","","","","","","","","","","","","","","","","","","","","","","","","","","","","","","","","","","","","","","","","","","",""
"06163007","TENDE_SAPC",44.043167,7.586,636,2000100319,0.,1,"","","","","","","","","","","","","","","","","","","","","","","","","","","","","","","","","","",15.3,1,2.1,1,13.3,1,"","",15.3,1,"","","","","","","","","","","","","","","","","","","","",41,1,"","","","","","","","","","","","",7.1,1,"","","","","","","","","","","","","","","","","","","","","","","","","","","","","","","","","","","","","","","","","","","","","","","","","","","","","","","","","","","","","","","","","","","","","","","","","","","","","","","","","","","","","","","","","","","","","","","","","","","","","","","","","","","","","","","","","","","",""
"06163007","TENDE_SAPC",44.043167,7.586,636,2000100320,0.,1,"","","","","","","","","","","","","","","","","","","","","","","","","","","","","","","","","","",15.9,1,2.7,1,15.2,1,"","",16.2,1,"","","","","","","","","","","","","","","","","","","","",41,1,"","","","","","","","","","","","",7.4,1,"","","","","","","","","","","","","","","","","","","","","","","","","","","","","","","","","","","","","","","","","","","","","","","","","","","","","","","","","","","","","","","","","","","","","","","","","","","","","","","","","","","","","","","","","","","","","","","","","","","","","","","","","","","","","","","","","","","",""
"06163007","TENDE_SAPC",44.043167,7.586,636,2000100321,0.,1,"","","","","","","","","","","","","","","","","","","","","","","","","","","","","","","","","","",16.,1,2.7,1,15.5,1,"","",16.1,1,"","","","","","","","","","","","","","","","","","","","",41,1,"","","","","","","","","","","","",7.4,1,"","","","","","","","","","","","","","","","","","","","","","","","","","","","","","","","","","","","","","","","","","","","","","","","","","","","","","","","","","","","","","","","","","","","","","","","","","","","","","","","","","","","","","","","","","","","","","","","","","","","","","","","","","","","","","","","","","","",""
"06163007","TENDE_SAPC",44.043167,7.586,636,2000100322,0.,1,"","","","","","","","","","","","","","","","","","","","","","","","","","","","","","","","","","",16.1,1,2.1,1,15.6,1,"","",16.1,1,"","","","","","","","","","","","","","","","","","","","",39,1,"","","","","","","","","","","","",7.1,1,"","","","","","","","","","","","","","","","","","","","","","","","","","","","","","","","","","","","","","","","","","","","","","","","","","","","","","","","","","","","","","","","","","","","","","","","","","","","","","","","","","","","","","","","","","","","","","","","","","","","","","","","","","","","","","","","","","","",""
"06163007","TENDE_SAPC",44.043167,7.586,636,2000100323,0.,1,"","","","","","","","","","","","","","","","","","","","","","","","","","","","","","","","","","",15.5,1,3.3,1,15.4,1,"","",16.2,1,"","","","","","","","","","","","","","","","","","","","",44,1,"","","","","","","","","","","","",7.7,1,"","","","","","","","","","","","","","","","","","","","","","","","","","","","","","","","","","","","","","","","","","","","","","","","","","","","","","","","","","","","","","","","","","","","","","","","","","","","","","","","","","","","","","","","","","","","","","","","","","","","","","","","","","","","","","","","","","","",""
"06163007","TENDE_SAPC",44.043167,7.586,636,2000100400,0.,1,"","","","","","","","","","","","","","","","","","","","","","","","","","","","","","","","","","",15.3,1,3.4,1,15.,1,"","",15.7,1,"","","","","","","","","","","","","","","","","","","","",45,1,"","","","","","","","","","","","",7.8,1,"","","","","","","","","","","","","","","","","","","","","","","","","","","","","","","","","","","","","","","","","","","","","","","","","","","","","","","","","","","","","","","","","","","","","","","","","","","","","","","","","","","","","","","","","","","","","","","","","","","","","","","","","","","","","","","","","","","",""
"06163007","TENDE_SAPC",44.043167,7.586,636,2000100401,0.,1,"","","","","","","","","","","","","","","","","","","","","","","","","","","","","","","","","","",15.4,1,3.8,1,15.2,1,"","",15.5,1,"","","","","","","","","","","","","","","","","","","","",46,1,"","","","","","","","","","","","",8.,1,"","","","","","","","","","","","","","","","","","","","","","","","","","","","","","","","","","","","","","","","","","","","","","","","","","","","","","","","","","","","","","","","","","","","","","","","","","","","","","","","","","","","","","","","","","","","","","","","","","","","","","","","","","","","","","","","","","","",""
"06163007","TENDE_SAPC",44.043167,7.586,636,2000100402,0.,1,"","","","","","","","","","","","","","","","","","","","","","","","","","","","","","","","","","",15.1,1,3.9,1,15.,1,"","",15.4,1,"","","","","","","","","","","","","","","","","","","","",47,1,"","","","","","","","","","","","",8.,1,"","","","","","","","","","","","","","","","","","","","","","","","","","","","","","","","","","","","","","","","","","","","","","","","","","","","","","","","","","","","","","","","","","","","","","","","","","","","","","","","","","","","","","","","","","","","","","","","","","","","","","","","","","","","","","","","","","","",""
"06163007","TENDE_SAPC",44.043167,7.586,636,2000100403,0.,1,"","","","","","","","","","","","","","","","","","","","","","","","","","","","","","","","","","",15.3,1,3.7,1,15.,1,"","",15.4,1,"","","","","","","","","","","","","","","","","","","","",46,1,"","","","","","","","","","","","",8.,1,"","","","","","","","","","","","","","","","","","","","","","","","","","","","","","","","","","","","","","","","","","","","","","","","","","","","","","","","","","","","","","","","","","","","","","","","","","","","","","","","","","","","","","","","","","","","","","","","","","","","","","","","","","","","","","","","","","","",""
"06163007","TENDE_SAPC",44.043167,7.586,636,2000100404,0.,1,"","","","","","","","","","","","","","","","","","","","","","","","","","","","","","","","","","",15.4,1,3.8,1,15.2,1,"","",15.5,1,"","","","","","","","","","","","","","","","","","","","",46,1,"","","","","","","","","","","","",8.,1,"","","","","","","","","","","","","","","","","","","","","","","","","","","","","","","","","","","","","","","","","","","","","","","","","","","","","","","","","","","","","","","","","","","","","","","","","","","","","","","","","","","","","","","","","","","","","","","","","","","","","","","","","","","","","","","","","","","",""
"06163007","TENDE_SAPC",44.043167,7.586,636,2000100405,0.,1,"","","","","","","","","","","","","","","","","","","","","","","","","","","","","","","","","","",15.3,1,4.,1,15.1,1,"","",15.4,1,"","","","","","","","","","","","","","","","","","","","",47,1,"","","","","","","","","","","","",8.2,1,"","","","","","","","","","","","","","","","","","","","","","","","","","","","","","","","","","","","","","","","","","","","","","","","","","","","","","","","","","","","","","","","","","","","","","","","","","","","","","","","","","","","","","","","","","","","","","","","","","","","","","","","","","","","","","","","","","","",""
"06163007","TENDE_SAPC",44.043167,7.586,636,2000100406,0.,1,"","","","","","","","","","","","","","","","","","","","","","","","","","","","","","","","","","",15.3,1,4.6,1,15.1,1,"","",15.4,1,"","","","","","","","","","","","","","","","","","","","",49,1,"","","","","","","","","","","","",8.5,1,"","","","","","","","","","","","","","","","","","","","","","","","","","","","","","","","","","","","","","","","","","","","","","","","","","","","","","","","","","","","","","","","","","","","","","","","","","","","","","","","","","","","","","","","","","","","","","","","","","","","","","","","","","","","","","","","","","","",""
"06163007","TENDE_SAPC",44.043167,7.586,636,2000100407,0.,1,"","","","","","","","","","","","","","","","","","","","","","","","","","","","","","","","","","",15.4,1,5.6,1,15.1,1,"","",15.4,1,"","","","","","","","","","","","","","","","","","","","",52,1,"","","","","","","","","","","","",9.1,1,"","","","","","","","","","","","","","","","","","","","","","","","","","","","","","","","","","","","","","","","","","","","","","","","","","","","","","","","","","","","","","","","","","","","","","","","","","","","","","","","","","","","","","","","","","","","","","","","","","","","","","","","","","","","","","","","","","","",""
"06163007","TENDE_SAPC",44.043167,7.586,636,2000100408,0.,1,"","","","","","","","","","","","","","","","","","","","","","","","","","","","","","","","","","",15.5,1,5.7,1,15.2,1,"","",15.6,1,"","","","","","","","","","","","","","","","","","","","",52,1,"","","","","","","","","","","","",9.1,1,"","","","","","","","","","","","","","","","","","","","","","","","","","","","","","","","","","","","","","","","","","","","","","","","","","","","","","","","","","","","","","","","","","","","","","","","","","","","","","","","","","","","","","","","","","","","","","","","","","","","","","","","","","","","","","","","","","","",""
"06163007","TENDE_SAPC",44.043167,7.586,636,2000100409,0.,1,"","","","","","","","","","","","","","","","","","","","","","","","","","","","","","","","","","",17.,1,5.3,1,15.5,1,"","",17.,1,"","","","","","","","","","","","","","","","","","","","",46,1,"","","","","","","","","","","","",8.9,1,"","","","","","","","","","","","","","","","","","","","","","","","","","","","","","","","","","","","","","","","","","","","","","","","","","","","","","","","","","","","","","","","","","","","","","","","","","","","","","","","","","","","","","","","","","","","","","","","","","","","","","","","","","","","","","","","","","","",""
"06163007","TENDE_SAPC",44.043167,7.586,636,2000100410,0.,1,"","","","","","","","","","","","","","","","","","","","","","","","","","","","","","","","","","",19.4,1,3.9,1,17.1,1,"","",19.4,1,"","","","","","","","","","","","","","","","","","","","",36,1,"","","","","","","","","","","","",8.1,1,"","","","","","","","","","","","","","","","","","","","","","","","","","","","","","","","","","","","","","","","","","","","","","","","","","","","","","","","","","","","","","","","","","","","","","","","","","","","","","","","","","","","","","","","","","","","","","","","","","","","","","","","","","","","","","","","","","","",""
"06163007","TENDE_SAPC",44.043167,7.586,636,2000100411,0.,1,"","","","","","","","","","","","","","","","","","","","","","","","","","","","","","","","","","",20.3,1,3.9,1,19.5,1,"","",20.3,1,"","","","","","","","","","","","","","","","","","","","",34,1,"","","","","","","","","","","","",8.1,1,"","","","","","","","","","","","","","","","","","","","","","","","","","","","","","","","","","","","","","","","","","","","","","","","","","","","","","","","","","","","","","","","","","","","","","","","","","","","","","","","","","","","","","","","","","","","","","","","","","","","","","","","","","","","","","","","","","","",""
"06163007","TENDE_SAPC",44.043167,7.586,636,2000100412,0.,1,"","","","","","","","","","","","","","","","","","","","","","","","","","","","","","","","","","",20.9,1,3.1,1,20.2,1,"","",20.9,1,"","","","","","","","","","","","","","","","","","","","",31,1,"","","","","","","","","","","","",7.6,1,"","","","","","","","","","","","","","","","","","","","","","","","","","","","","","","","","","","","","","","","","","","","","","","","","","","","","","","","","","","","","","","","","","","","","","","","","","","","","","","","","","","","","","","","","","","","","","","","","","","","","","","","","","","","","","","","","","","",""
"06163007","TENDE_SAPC",44.043167,7.586,636,2000100413,0.,1,"","","","","","","","","","","","","","","","","","","","","","","","","","","","","","","","","","",21.3,1,3.,1,20.9,1,"","",21.4,1,"","","","","","","","","","","","","","","","","","","","",30,1,"","","","","","","","","","","","",7.6,1,"","","","","","","","","","","","","","","","","","","","","","","","","","","","","","","","","","","","","","","","","","","","","","","","","","","","","","","","","","","","","","","","","","","","","","","","","","","","","","","","","","","","","","","","","","","","","","","","","","","","","","","","","","","","","","","","","","","",""
"06163007","TENDE_SAPC",44.043167,7.586,636,2000100414,0.,1,"","","","","","","","","","","","","","","","","","","","","","","","","","","","","","","","","","",21.3,1,2.5,1,21.2,1,"","",21.5,1,"","","","","","","","","","","","","","","","","","","","",29,1,"","","","","","","","","","","","",7.3,1,"","","","","","","","","","","","","","","","","","","","","","","","","","","","","","","","","","","","","","","","","","","","","","","","","","","","","","","","","","","","","","","","","","","","","","","","","","","","","","","","","","","","","","","","","","","","","","","","","","","","","","","","","","","","","","","","","","","",""
"06163007","TENDE_SAPC",44.043167,7.586,636,2000100415,0.,1,"","","","","","","","","","","","","","","","","","","","","","","","","","","","","","","","","","",20.4,1,3.1,1,20.4,1,"","",21.3,1,"","","","","","","","","","","","","","","","","","","","",32,1,"","","","","","","","","","","","",7.7,1,"","","","","","","","","","","","","","","","","","","","","","","","","","","","","","","","","","","","","","","","","","","","","","","","","","","","","","","","","","","","","","","","","","","","","","","","","","","","","","","","","","","","","","","","","","","","","","","","","","","","","","","","","","","","","","","","","","","",""
"06163007","TENDE_SAPC",44.043167,7.586,636,2000100416,0.,1,"","","","","","","","","","","","","","","","","","","","","","","","","","","","","","","","","","",19.5,1,3.2,1,19.5,1,"","",20.3,1,"","","","","","","","","","","","","","","","","","","","",34,1,"","","","","","","","","","","","",7.7,1,"","","","","","","","","","","","","","","","","","","","","","","","","","","","","","","","","","","","","","","","","","","","","","","","","","","","","","","","","","","","","","","","","","","","","","","","","","","","","","","","","","","","","","","","","","","","","","","","","","","","","","","","","","","","","","","","","","","",""
"06163007","TENDE_SAPC",44.043167,7.586,636,2000100417,0.,1,"","","","","","","","","","","","","","","","","","","","","","","","","","","","","","","","","","",18.3,1,3.3,1,18.3,1,"","",19.5,1,"","","","","","","","","","","","","","","","","","","","",37,1,"","","","","","","","","","","","",7.8,1,"","","","","","","","","","","","","","","","","","","","","","","","","","","","","","","","","","","","","","","","","","","","","","","","","","","","","","","","","","","","","","","","","","","","","","","","","","","","","","","","","","","","","","","","","","","","","","","","","","","","","","","","","","","","","","","","","","","",""
"06163007","TENDE_SAPC",44.043167,7.586,636,2000100418,0.,1,"","","","","","","","","","","","","","","","","","","","","","","","","","","","","","","","","","",17.9,1,3.4,1,17.1,1,"","",18.3,1,"","","","","","","","","","","","","","","","","","","","",38,1,"","","","","","","","","","","","",7.8,1,"","","","","","","","","","","","","","","","","","","","","","","","","","","","","","","","","","","","","","","","","","","","","","","","","","","","","","","","","","","","","","","","","","","","","","","","","","","","","","","","","","","","","","","","","","","","","","","","","","","","","","","","","","","","","","","","","","","",""
"06163007","TENDE_SAPC",44.043167,7.586,636,2000100419,0.,1,"","","","","","","","","","","","","","","","","","","","","","","","","","","","","","","","","","",16.3,1,4.3,1,16.3,1,"","",18.1,1,"","","","","","","","","","","","","","","","","","","","",45,1,"","","","","","","","","","","","",8.3,1,"","","","","","","","","","","","","","","","","","","","","","","","","","","","","","","","","","","","","","","","","","","","","","","","","","","","","","","","","","","","","","","","","","","","","","","","","","","","","","","","","","","","","","","","","","","","","","","","","","","","","","","","","","","","","","","","","","","",""
"06163007","TENDE_SAPC",44.043167,7.586,636,2000100420,0.,1,"","","","","","","","","","","","","","","","","","","","","","","","","","","","","","","","","","",13.8,1,5.7,1,13.8,1,"","",16.3,1,"","","","","","","","","","","","","","","","","","","","",58,1,"","","","","","","","","","","","",9.1,1,"","","","","","","","","","","","","","","","","","","","","","","","","","","","","","","","","","","","","","","","","","","","","","","","","","","","","","","","","","","","","","","","","","","","","","","","","","","","","","","","","","","","","","","","","","","","","","","","","","","","","","","","","","","","","","","","","","","",""
"06163007","TENDE_SAPC",44.043167,7.586,636,2000100421,0.,1,"","","","","","","","","","","","","","","","","","","","","","","","","","","","","","","","","","",12.8,1,5.7,1,12.8,1,"","",14.,1,"","","","","","","","","","","","","","","","","","","","",62,1,"","","","","","","","","","","","",9.1,1,"","","","","","","","","","","","","","","","","","","","","","","","","","","","","","","","","","","","","","","","","","","","","","","","","","","","","","","","","","","","","","","","","","","","","","","","","","","","","","","","","","","","","","","","","","","","","","","","","","","","","","","","","","","","","","","","","","","",""
"06163007","TENDE_SAPC",44.043167,7.586,636,2000100422,0.,1,"","","","","","","","","","","","","","","","","","","","","","","","","","","","","","","","","","",12.6,1,6.,1,12.4,1,"","",12.8,1,"","","","","","","","","","","","","","","","","","","","",64,1,"","","","","","","","","","","","",9.3,1,"","","","","","","","","","","","","","","","","","","","","","","","","","","","","","","","","","","","","","","","","","","","","","","","","","","","","","","","","","","","","","","","","","","","","","","","","","","","","","","","","","","","","","","","","","","","","","","","","","","","","","","","","","","","","","","","","","","",""
"06163007","TENDE_SAPC",44.043167,7.586,636,2000100423,0.,1,"","","","","","","","","","","","","","","","","","","","","","","","","","","","","","","","","","",11.3,1,6.2,1,11.3,1,"","",12.5,1,"","","","","","","","","","","","","","","","","","","","",71,1,"","","","","","","","","","","","",9.5,1,"","","","","","","","","","","","","","","","","","","","","","","","","","","","","","","","","","","","","","","","","","","","","","","","","","","","","","","","","","","","","","","","","","","","","","","","","","","","","","","","","","","","","","","","","","","","","","","","","","","","","","","","","","","","","","","","","","","",""
"06163007","TENDE_SAPC",44.043167,7.586,636,2000100500,0.,1,"","","","","","","","","","","","","","","","","","","","","","","","","","","","","","","","","","",10.8,1,6.2,1,10.8,1,"","",11.3,1,"","","","","","","","","","","","","","","","","","","","",73,1,"","","","","","","","","","","","",9.4,1,"","","","","","","","","","","","","","","","","","","","","","","","","","","","","","","","","","","","","","","","","","","","","","","","","","","","","","","","","","","","","","","","","","","","","","","","","","","","","","","","","","","","","","","","","","","","","","","","","","","","","","","","","","","","","","","","","","","",""
"06163007","TENDE_SAPC",44.043167,7.586,636,2000100501,0.,1,"","","","","","","","","","","","","","","","","","","","","","","","","","","","","","","","","","",10.2,1,6.2,1,10.2,1,"","",10.8,1,"","","","","","","","","","","","","","","","","","","","",76,1,"","","","","","","","","","","","",9.4,1,"","","","","","","","","","","","","","","","","","","","","","","","","","","","","","","","","","","","","","","","","","","","","","","","","","","","","","","","","","","","","","","","","","","","","","","","","","","","","","","","","","","","","","","","","","","","","","","","","","","","","","","","","","","","","","","","","","","",""
"06163007","TENDE_SAPC",44.043167,7.586,636,2000100502,0.,1,"","","","","","","","","","","","","","","","","","","","","","","","","","","","","","","","","","",10.1,1,6.1,1,10.1,1,"","",10.5,1,"","","","","","","","","","","","","","","","","","","","",76,1,"","","","","","","","","","","","",9.4,1,"","","","","","","","","","","","","","","","","","","","","","","","","","","","","","","","","","","","","","","","","","","","","","","","","","","","","","","","","","","","","","","","","","","","","","","","","","","","","","","","","","","","","","","","","","","","","","","","","","","","","","","","","","","","","","","","","","","",""
"06163007","TENDE_SAPC",44.043167,7.586,636,2000100503,0.,1,"","","","","","","","","","","","","","","","","","","","","","","","","","","","","","","","","","",9.8,1,6.,1,9.8,1,"","",10.,1,"","","","","","","","","","","","","","","","","","","","",77,1,"","","","","","","","","","","","",9.3,1,"","","","","","","","","","","","","","","","","","","","","","","","","","","","","","","","","","","","","","","","","","","","","","","","","","","","","","","","","","","","","","","","","","","","","","","","","","","","","","","","","","","","","","","","","","","","","","","","","","","","","","","","","","","","","","","","","","","",""
"06163007","TENDE_SAPC",44.043167,7.586,636,2000100504,0.,1,"","","","","","","","","","","","","","","","","","","","","","","","","","","","","","","","","","",9.4,1,5.9,1,9.4,1,"","",9.8,1,"","","","","","","","","","","","","","","","","","","","",79,1,"","","","","","","","","","","","",9.3,1,"","","","","","","","","","","","","","","","","","","","","","","","","","","","","","","","","","","","","","","","","","","","","","","","","","","","","","","","","","","","","","","","","","","","","","","","","","","","","","","","","","","","","","","","","","","","","","","","","","","","","","","","","","","","","","","","","","","",""
"06163007","TENDE_SAPC",44.043167,7.586,636,2000100505,0.,1,"","","","","","","","","","","","","","","","","","","","","","","","","","","","","","","","","","",9.7,1,6.2,1,9.4,1,"","",9.7,1,"","","","","","","","","","","","","","","","","","","","",79,1,"","","","","","","","","","","","",9.5,1,"","","","","","","","","","","","","","","","","","","","","","","","","","","","","","","","","","","","","","","","","","","","","","","","","","","","","","","","","","","","","","","","","","","","","","","","","","","","","","","","","","","","","","","","","","","","","","","","","","","","","","","","","","","","","","","","","","","",""
"06163007","TENDE_SAPC",44.043167,7.586,636,2000100506,0.,1,"","","","","","","","","","","","","","","","","","","","","","","","","","","","","","","","","","",9.7,1,6.4,1,9.7,1,"","",9.9,1,"","","","","","","","","","","","","","","","","","","","",80,1,"","","","","","","","","","","","",9.6,1,"","","","","","","","","","","","","","","","","","","","","","","","","","","","","","","","","","","","","","","","","","","","","","","","","","","","","","","","","","","","","","","","","","","","","","","","","","","","","","","","","","","","","","","","","","","","","","","","","","","","","","","","","","","","","","","","","","","",""
"06163007","TENDE_SAPC",44.043167,7.586,636,2000100507,0.,1,"","","","","","","","","","","","","","","","","","","","","","","","","","","","","","","","","","",10.1,1,6.8,1,9.7,1,"","",10.1,1,"","","","","","","","","","","","","","","","","","","","",80,1,"","","","","","","","","","","","",9.9,1,"","","","","","","","","","","","","","","","","","","","","","","","","","","","","","","","","","","","","","","","","","","","","","","","","","","","","","","","","","","","","","","","","","","","","","","","","","","","","","","","","","","","","","","","","","","","","","","","","","","","","","","","","","","","","","","","","","","",""
"06163007","TENDE_SAPC",44.043167,7.586,636,2000100508,0.,1,"","","","","","","","","","","","","","","","","","","","","","","","","","","","","","","","","","",10.4,1,7.3,1,10.1,1,"","",10.4,1,"","","","","","","","","","","","","","","","","","","","",81,1,"","","","","","","","","","","","",10.2,1,"","","","","","","","","","","","","","","","","","","","","","","","","","","","","","","","","","","","","","","","","","","","","","","","","","","","","","","","","","","","","","","","","","","","","","","","","","","","","","","","","","","","","","","","","","","","","","","","","","","","","","","","","","","","","","","","","","","",""
"06163007","TENDE_SAPC",44.043167,7.586,636,2000100509,0.,1,"","","","","","","","","","","","","","","","","","","","","","","","","","","","","","","","","","",12.3,1,8.4,1,10.3,1,"","",12.3,1,"","","","","","","","","","","","","","","","","","","","",77,1,"","","","","","","","","","","","",11.,1,"","","","","","","","","","","","","","","","","","","","","","","","","","","","","","","","","","","","","","","","","","","","","","","","","","","","","","","","","","","","","","","","","","","","","","","","","","","","","","","","","","","","","","","","","","","","","","","","","","","","","","","","","","","","","","","","","","","",""
"06163007","TENDE_SAPC",44.043167,7.586,636,2000100510,0.,1,"","","","","","","","","","","","","","","","","","","","","","","","","","","","","","","","","","",18.4,1,8.1,1,12.6,1,"","",18.4,1,"","","","","","","","","","","","","","","","","","","","",51,1,"","","","","","","","","","","","",10.8,1,"","","","","","","","","","","","","","","","","","","","","","","","","","","","","","","","","","","","","","","","","","","","","","","","","","","","","","","","","","","","","","","","","","","","","","","","","","","","","","","","","","","","","","","","","","","","","","","","","","","","","","","","","","","","","","","","","","","",""
"06163007","TENDE_SAPC",44.043167,7.586,636,2000100511,0.,1,"","","","","","","","","","","","","","","","","","","","","","","","","","","","","","","","","","",21.5,1,6.2,1,18.5,1,"","",21.5,1,"","","","","","","","","","","","","","","","","","","","",37,1,"","","","","","","","","","","","",9.5,1,"","","","","","","","","","","","","","","","","","","","","","","","","","","","","","","","","","","","","","","","","","","","","","","","","","","","","","","","","","","","","","","","","","","","","","","","","","","","","","","","","","","","","","","","","","","","","","","","","","","","","","","","","","","","","","","","","","","",""
"06163007","TENDE_SAPC",44.043167,7.586,636,2000100512,0.,1,"","","","","","","","","","","","","","","","","","","","","","","","","","","","","","","","","","",21.9,1,7.3,1,21.1,1,"","",22.,1,"","","","","","","","","","","","","","","","","","","","",39,1,"","","","","","","","","","","","",10.2,1,"","","","","","","","","","","","","","","","","","","","","","","","","","","","","","","","","","","","","","","","","","","","","","","","","","","","","","","","","","","","","","","","","","","","","","","","","","","","","","","","","","","","","","","","","","","","","","","","","","","","","","","","","","","","","","","","","","","",""
"06163007","TENDE_SAPC",44.043167,7.586,636,2000100513,0.,1,"","","","","","","","","","","","","","","","","","","","","","","","","","","","","","","","","","",21.8,1,7.6,1,21.5,1,"","",22.1,1,"","","","","","","","","","","","","","","","","","","","",40,1,"","","","","","","","","","","","",10.4,1,"","","","","","","","","","","","","","","","","","","","","","","","","","","","","","","","","","","","","","","","","","","","","","","","","","","","","","","","","","","","","","","","","","","","","","","","","","","","","","","","","","","","","","","","","","","","","","","","","","","","","","","","","","","","","","","","","","","",""
"06163007","TENDE_SAPC",44.043167,7.586,636,2000100514,0.,1,"","","","","","","","","","","","","","","","","","","","","","","","","","","","","","","","","","",19.7,1,9.,1,19.7,1,"","",21.8,1,"","","","","","","","","","","","","","","","","","","","",50,1,"","","","","","","","","","","","",11.4,1,"","","","","","","","","","","","","","","","","","","","","","","","","","","","","","","","","","","","","","","","","","","","","","","","","","","","","","","","","","","","","","","","","","","","","","","","","","","","","","","","","","","","","","","","","","","","","","","","","","","","","","","","","","","","","","","","","","","",""
"06163007","TENDE_SAPC",44.043167,7.586,636,2000100515,0.,1,"","","","","","","","","","","","","","","","","","","","","","","","","","","","","","","","","","",19.1,1,8.1,1,19.1,1,"","",19.7,1,"","","","","","","","","","","","","","","","","","","","",49,1,"","","","","","","","","","","","",10.8,1,"","","","","","","","","","","","","","","","","","","","","","","","","","","","","","","","","","","","","","","","","","","","","","","","","","","","","","","","","","","","","","","","","","","","","","","","","","","","","","","","","","","","","","","","","","","","","","","","","","","","","","","","","","","","","","","","","","","",""
"06163007","TENDE_SAPC",44.043167,7.586,636,2000100516,0.,1,"","","","","","","","","","","","","","","","","","","","","","","","","","","","","","","","","","",18.2,1,8.5,1,18.2,1,"","",19.1,1,"","","","","","","","","","","","","","","","","","","","",53,1,"","","","","","","","","","","","",11.1,1,"","","","","","","","","","","","","","","","","","","","","","","","","","","","","","","","","","","","","","","","","","","","","","","","","","","","","","","","","","","","","","","","","","","","","","","","","","","","","","","","","","","","","","","","","","","","","","","","","","","","","","","","","","","","","","","","","","","",""
"06163007","TENDE_SAPC",44.043167,7.586,636,2000100517,0.,1,"","","","","","","","","","","","","","","","","","","","","","","","","","","","","","","","","","",17.1,1,8.8,1,17.1,1,"","",18.2,1,"","","","","","","","","","","","","","","","","","","","",58,1,"","","","","","","","","","","","",11.3,1,"","","","","","","","","","","","","","","","","","","","","","","","","","","","","","","","","","","","","","","","","","","","","","","","","","","","","","","","","","","","","","","","","","","","","","","","","","","","","","","","","","","","","","","","","","","","","","","","","","","","","","","","","","","","","","","","","","","",""
"06163007","TENDE_SAPC",44.043167,7.586,636,2000100518,0.,1,"","","","","","","","","","","","","","","","","","","","","","","","","","","","","","","","","","",15.8,1,9.5,1,15.8,1,"","",17.1,1,"","","","","","","","","","","","","","","","","","","","",66,1,"","","","","","","","","","","","",11.8,1,"","","","","","","","","","","","","","","","","","","","","","","","","","","","","","","","","","","","","","","","","","","","","","","","","","","","","","","","","","","","","","","","","","","","","","","","","","","","","","","","","","","","","","","","","","","","","","","","","","","","","","","","","","","","","","","","","","","",""
"06163007","TENDE_SAPC",44.043167,7.586,636,2000100519,0.,1,"","","","","","","","","","","","","","","","","","","","","","","","","","","","","","","","","","",15.1,1,9.9,1,15.1,1,"","",15.8,1,"","","","","","","","","","","","","","","","","","","","",71,1,"","","","","","","","","","","","",12.2,1,"","","","","","","","","","","","","","","","","","","","","","","","","","","","","","","","","","","","","","","","","","","","","","","","","","","","","","","","","","","","","","","","","","","","","","","","","","","","","","","","","","","","","","","","","","","","","","","","","","","","","","","","","","","","","","","","","","","",""
"06163007","TENDE_SAPC",44.043167,7.586,636,2000100520,0.,1,"","","","","","","","","","","","","","","","","","","","","","","","","","","","","","","","","","",13.4,1,9.1,1,13.4,1,"","",15.1,1,"","","","","","","","","","","","","","","","","","","","",75,1,"","","","","","","","","","","","",11.5,1,"","","","","","","","","","","","","","","","","","","","","","","","","","","","","","","","","","","","","","","","","","","","","","","","","","","","","","","","","","","","","","","","","","","","","","","","","","","","","","","","","","","","","","","","","","","","","","","","","","","","","","","","","","","","","","","","","","","",""
"06163007","TENDE_SAPC",44.043167,7.586,636,2000100521,0.,1,"","","","","","","","","","","","","","","","","","","","","","","","","","","","","","","","","","",12.7,1,9.,1,12.7,1,"","",13.3,1,"","","","","","","","","","","","","","","","","","","","",78,1,"","","","","","","","","","","","",11.4,1,"","","","","","","","","","","","","","","","","","","","","","","","","","","","","","","","","","","","","","","","","","","","","","","","","","","","","","","","","","","","","","","","","","","","","","","","","","","","","","","","","","","","","","","","","","","","","","","","","","","","","","","","","","","","","","","","","","","",""
"06163007","TENDE_SAPC",44.043167,7.586,636,2000100522,0.,1,"","","","","","","","","","","","","","","","","","","","","","","","","","","","","","","","","","",12.,1,8.8,1,12.,1,"","",12.7,1,"","","","","","","","","","","","","","","","","","","","",81,1,"","","","","","","","","","","","",11.3,1,"","","","","","","","","","","","","","","","","","","","","","","","","","","","","","","","","","","","","","","","","","","","","","","","","","","","","","","","","","","","","","","","","","","","","","","","","","","","","","","","","","","","","","","","","","","","","","","","","","","","","","","","","","","","","","","","","","","",""
"06163007","TENDE_SAPC",44.043167,7.586,636,2000100523,0.,1,"","","","","","","","","","","","","","","","","","","","","","","","","","","","","","","","","","",11.1,1,8.3,1,11.1,1,"","",12.,1,"","","","","","","","","","","","","","","","","","","","",83,1,"","","","","","","","","","","","",10.9,1,"","","","","","","","","","","","","","","","","","","","","","","","","","","","","","","","","","","","","","","","","","","","","","","","","","","","","","","","","","","","","","","","","","","","","","","","","","","","","","","","","","","","","","","","","","","","","","","","","","","","","","","","","","","","","","","","","","","",""
"06163007","TENDE_SAPC",44.043167,7.586,636,2000100600,0.,1,"","","","","","","","","","","","","","","","","","","","","","","","","","","","","","","","","","",11.1,1,8.5,1,10.7,1,"","",11.1,1,"","","","","","","","","","","","","","","","","","","","",84,1,"","","","","","","","","","","","",11.1,1,"","","","","","","","","","","","","","","","","","","","","","","","","","","","","","","","","","","","","","","","","","","","","","","","","","","","","","","","","","","","","","","","","","","","","","","","","","","","","","","","","","","","","","","","","","","","","","","","","","","","","","","","","","","","","","","","","","","",""
"06163007","TENDE_SAPC",44.043167,7.586,636,2000100601,0.,1,"","","","","","","","","","","","","","","","","","","","","","","","","","","","","","","","","","",11.3,1,8.7,1,11.1,1,"","",11.3,1,"","","","","","","","","","","","","","","","","","","","",84,1,"","","","","","","","","","","","",11.2,1,"","","","","","","","","","","","","","","","","","","","","","","","","","","","","","","","","","","","","","","","","","","","","","","","","","","","","","","","","","","","","","","","","","","","","","","","","","","","","","","","","","","","","","","","","","","","","","","","","","","","","","","","","","","","","","","","","","","",""
"06163007","TENDE_SAPC",44.043167,7.586,636,2000100602,0.,1,"","","","","","","","","","","","","","","","","","","","","","","","","","","","","","","","","","",11.8,1,8.6,1,11.3,1,"","",11.8,1,"","","","","","","","","","","","","","","","","","","","",81,1,"","","","","","","","","","","","",11.2,1,"","","","","","","","","","","","","","","","","","","","","","","","","","","","","","","","","","","","","","","","","","","","","","","","","","","","","","","","","","","","","","","","","","","","","","","","","","","","","","","","","","","","","","","","","","","","","","","","","","","","","","","","","","","","","","","","","","","",""
"06163007","TENDE_SAPC",44.043167,7.586,636,2000100603,0.,1,"","","","","","","","","","","","","","","","","","","","","","","","","","","","","","","","","","",11.5,1,8.2,1,11.5,1,"","",11.9,1,"","","","","","","","","","","","","","","","","","","","",80,1,"","","","","","","","","","","","",10.8,1,"","","","","","","","","","","","","","","","","","","","","","","","","","","","","","","","","","","","","","","","","","","","","","","","","","","","","","","","","","","","","","","","","","","","","","","","","","","","","","","","","","","","","","","","","","","","","","","","","","","","","","","","","","","","","","","","","","","",""
"06163007","TENDE_SAPC",44.043167,7.586,636,2000100604,0.,1,"","","","","","","","","","","","","","","","","","","","","","","","","","","","","","","","","","",10.9,1,7.9,1,10.9,1,"","",11.5,1,"","","","","","","","","","","","","","","","","","","","",82,1,"","","","","","","","","","","","",10.7,1,"","","","","","","","","","","","","","","","","","","","","","","","","","","","","","","","","","","","","","","","","","","","","","","","","","","","","","","","","","","","","","","","","","","","","","","","","","","","","","","","","","","","","","","","","","","","","","","","","","","","","","","","","","","","","","","","","","","",""
"06163007","TENDE_SAPC",44.043167,7.586,636,2000100605,0.,1,"","","","","","","","","","","","","","","","","","","","","","","","","","","","","","","","","","",11.3,1,8.2,1,10.8,1,"","",11.3,1,"","","","","","","","","","","","","","","","","","","","",81,1,"","","","","","","","","","","","",10.8,1,"","","","","","","","","","","","","","","","","","","","","","","","","","","","","","","","","","","","","","","","","","","","","","","","","","","","","","","","","","","","","","","","","","","","","","","","","","","","","","","","","","","","","","","","","","","","","","","","","","","","","","","","","","","","","","","","","","","",""
"06163007","TENDE_SAPC",44.043167,7.586,636,2000100606,0.,1,"","","","","","","","","","","","","","","","","","","","","","","","","","","","","","","","","","",11.5,1,8.2,1,11.3,1,"","",11.5,1,"","","","","","","","","","","","","","","","","","","","",80,1,"","","","","","","","","","","","",10.8,1,"","","","","","","","","","","","","","","","","","","","","","","","","","","","","","","","","","","","","","","","","","","","","","","","","","","","","","","","","","","","","","","","","","","","","","","","","","","","","","","","","","","","","","","","","","","","","","","","","","","","","","","","","","","","","","","","","","","",""
"06163007","TENDE_SAPC",44.043167,7.586,636,2000100607,0.,1,"","","","","","","","","","","","","","","","","","","","","","","","","","","","","","","","","","",12.1,1,8.6,1,11.4,1,"","",12.1,1,"","","","","","","","","","","","","","","","","","","","",79,1,"","","","","","","","","","","","",11.1,1,"","","","","","","","","","","","","","","","","","","","","","","","","","","","","","","","","","","","","","","","","","","","","","","","","","","","","","","","","","","","","","","","","","","","","","","","","","","","","","","","","","","","","","","","","","","","","","","","","","","","","","","","","","","","","","","","","","","",""
"06163007","TENDE_SAPC",44.043167,7.586,636,2000100608,0.,1,"","","","","","","","","","","","","","","","","","","","","","","","","","","","","","","","","","",13.5,1,8.5,1,12.1,1,"","",13.5,1,"","","","","","","","","","","","","","","","","","","","",72,1,"","","","","","","","","","","","",11.1,1,"","","","","","","","","","","","","","","","","","","","","","","","","","","","","","","","","","","","","","","","","","","","","","","","","","","","","","","","","","","","","","","","","","","","","","","","","","","","","","","","","","","","","","","","","","","","","","","","","","","","","","","","","","","","","","","","","","","",""
"06163007","TENDE_SAPC",44.043167,7.586,636,2000100609,1.4,1,"","","","","","","","","","","","","","","","","","","","","","","","","","","","","","","","","","",13.4,1,9.8,1,13.1,1,"","",13.6,1,"","","","","","","","","","","","","","","","","","","","",79,1,"","","","","","","","","","","","",12.1,1,"","","","","","","","","","","","","","","","","","","","","","","","","","","","","","","","","","","","","","","","","","","","","","","","","","","","","","","","","","","","","","","","","","","","","","","","","","","","","","","","","","","","","","","","","","","","","","","","","","","","","","","","","","","","","","","","","","","",""
"06163007","TENDE_SAPC",44.043167,7.586,636,2000100610,0.,1,"","","","","","","","","","","","","","","","","","","","","","","","","","","","","","","","","","",14.9,1,9.3,1,13.4,1,"","",14.9,1,"","","","","","","","","","","","","","","","","","","","",69,1,"","","","","","","","","","","","",11.7,1,"","","","","","","","","","","","","","","","","","","","","","","","","","","","","","","","","","","","","","","","","","","","","","","","","","","","","","","","","","","","","","","","","","","","","","","","","","","","","","","","","","","","","","","","","","","","","","","","","","","","","","","","","","","","","","","","","","","",""
"06163007","TENDE_SAPC",44.043167,7.586,636,2000100611,0.,1,"","","","","","","","","","","","","","","","","","","","","","","","","","","","","","","","","","",19.,1,10.,1,15.,1,"","",19.,1,"","","","","","","","","","","","","","","","","","","","",56,1,"","","","","","","","","","","","",12.3,1,"","","","","","","","","","","","","","","","","","","","","","","","","","","","","","","","","","","","","","","","","","","","","","","","","","","","","","","","","","","","","","","","","","","","","","","","","","","","","","","","","","","","","","","","","","","","","","","","","","","","","","","","","","","","","","","","","","","",""
"06163007","TENDE_SAPC",44.043167,7.586,636,2000100612,0.,1,"","","","","","","","","","","","","","","","","","","","","","","","","","","","","","","","","","",17.2,1,10.6,1,17.2,1,"","",20.1,1,"","","","","","","","","","","","","","","","","","","","",65,1,"","","","","","","","","","","","",12.7,1,"","","","","","","","","","","","","","","","","","","","","","","","","","","","","","","","","","","","","","","","","","","","","","","","","","","","","","","","","","","","","","","","","","","","","","","","","","","","","","","","","","","","","","","","","","","","","","","","","","","","","","","","","","","","","","","","","","","",""
"06163007","TENDE_SAPC",44.043167,7.586,636,2000100615,2.2,1,"","","","","","","","","","","","","","","","","","","","","","","","","","","","","","","","","","",12.5,1,10.,1,"","","","","","","","","","","","","","","","","","","","","","","","","","",85,1,"","","","","","","","","","","","",12.3,1,"","","","","","","","","","","","","","","","","","","","","","","","","","","","","","","","","","","","","","","","","","","","","","","","","","","","","","","","","","","","","","","","","","","","","","","","","","","","","","","","","","","","","","","","","","","","","","","","","","","","","","","","","","","","","","","","","","","",""
"06163007","TENDE_SAPC",44.043167,7.586,636,2000100616,2.6,1,"","","","","","","","","","","","","","","","","","","","","","","","","","","","","","","","","","",11.7,1,"","","","","","","","","","","","","","","","","","","","","","","","","","","","","","","","","","","","","","","","","","","","","","","","","","","","","","","","","","","","","","","","","","","","","","","","","","","","","","","","","","","","","","","","","","","","","","","","","","","","","","","","","","","","","","","","","","","","","","","","","","","","","","","","","","","","","","","","","","","","","","","","","","","","","","","","","","","","","","","",""
"06163007","TENDE_SAPC",44.043167,7.586,636,2000100617,1.6,1,"","","","","","","","","","","","","","","","","","","","","","","","","","","","","","","","","","",11.2,1,8.6,1,11.2,1,"","",11.7,1,"","","","","","","","","","","","","","","","","","","","",84,1,"","","","","","","","","","","","",11.2,1,"","","","","","","","","","","","","","","","","","","","","","","","","","","","","","","","","","","","","","","","","","","","","","","","","","","","","","","","","","","","","","","","","","","","","","","","","","","","","","","","","","","","","","","","","","","","","","","","","","","","","","","","","","","","","","","","","","","",""
"06163007","TENDE_SAPC",44.043167,7.586,636,2000100618,0.,1,"","","","","","","","","","","","","","","","","","","","","","","","","","","","","","","","","","",10.6,1,8.2,1,10.6,1,"","",11.2,1,"","","","","","","","","","","","","","","","","","","","",85,1,"","","","","","","","","","","","",10.8,1,"","","","","","","","","","","","","","","","","","","","","","","","","","","","","","","","","","","","","","","","","","","","","","","","","","","","","","","","","","","","","","","","","","","","","","","","","","","","","","","","","","","","","","","","","","","","","","","","","","","","","","","","","","","","","","","","","","","",""
"06163007","TENDE_SAPC",44.043167,7.586,636,2000100619,0.,1,"","","","","","","","","","","","","","","","","","","","","","","","","","","","","","","","","","",10.4,1,7.1,1,10.4,1,"","",10.7,1,"","","","","","","","","","","","","","","","","","","","",80,1,"","","","","","","","","","","","",10.1,1,"","","","","","","","","","","","","","","","","","","","","","","","","","","","","","","","","","","","","","","","","","","","","","","","","","","","","","","","","","","","","","","","","","","","","","","","","","","","","","","","","","","","","","","","","","","","","","","","","","","","","","","","","","","","","","","","","","","",""
"06163007","TENDE_SAPC",44.043167,7.586,636,2000100620,0.6,1,"","","","","","","","","","","","","","","","","","","","","","","","","","","","","","","","","","",10.9,1,5.8,1,10.2,1,"","",11.,1,"","","","","","","","","","","","","","","","","","","","",71,1,"","","","","","","","","","","","",9.2,1,"","","","","","","","","","","","","","","","","","","","","","","","","","","","","","","","","","","","","","","","","","","","","","","","","","","","","","","","","","","","","","","","","","","","","","","","","","","","","","","","","","","","","","","","","","","","","","","","","","","","","","","","","","","","","","","","","","","",""
"06163007","TENDE_SAPC",44.043167,7.586,636,2000100621,0.2,1,"","","","","","","","","","","","","","","","","","","","","","","","","","","","","","","","","","",9.8,1,6.5,1,9.8,1,"","",10.8,1,"","","","","","","","","","","","","","","","","","","","",80,1,"","","","","","","","","","","","",9.7,1,"","","","","","","","","","","","","","","","","","","","","","","","","","","","","","","","","","","","","","","","","","","","","","","","","","","","","","","","","","","","","","","","","","","","","","","","","","","","","","","","","","","","","","","","","","","","","","","","","","","","","","","","","","","","","","","","","","","",""
"06163007","TENDE_SAPC",44.043167,7.586,636,2000100622,0.,1,"","","","","","","","","","","","","","","","","","","","","","","","","","","","","","","","","","",9.4,1,5.9,1,9.4,1,"","",9.8,1,"","","","","","","","","","","","","","","","","","","","",79,1,"","","","","","","","","","","","",9.3,1,"","","","","","","","","","","","","","","","","","","","","","","","","","","","","","","","","","","","","","","","","","","","","","","","","","","","","","","","","","","","","","","","","","","","","","","","","","","","","","","","","","","","","","","","","","","","","","","","","","","","","","","","","","","","","","","","","","","",""
"06163007","TENDE_SAPC",44.043167,7.586,636,2000100623,0.,1,"","","","","","","","","","","","","","","","","","","","","","","","","","","","","","","","","","",8.9,1,5.3,1,8.9,1,"","",9.4,1,"","","","","","","","","","","","","","","","","","","","",78,1,"","","","","","","","","","","","",8.9,1,"","","","","","","","","","","","","","","","","","","","","","","","","","","","","","","","","","","","","","","","","","","","","","","","","","","","","","","","","","","","","","","","","","","","","","","","","","","","","","","","","","","","","","","","","","","","","","","","","","","","","","","","","","","","","","","","","","","",""
"06163007","TENDE_SAPC",44.043167,7.586,636,2000100700,0.,1,"","","","","","","","","","","","","","","","","","","","","","","","","","","","","","","","","","",8.5,1,4.9,1,8.5,1,"","",9.,1,"","","","","","","","","","","","","","","","","","","","",78,1,"","","","","","","","","","","","",8.6,1,"","","","","","","","","","","","","","","","","","","","","","","","","","","","","","","","","","","","","","","","","","","","","","","","","","","","","","","","","","","","","","","","","","","","","","","","","","","","","","","","","","","","","","","","","","","","","","","","","","","","","","","","","","","","","","","","","","","",""
"06163007","TENDE_SAPC",44.043167,7.586,636,2000100701,0.,1,"","","","","","","","","","","","","","","","","","","","","","","","","","","","","","","","","","",7.3,1,4.6,1,7.3,1,"","",8.5,1,"","","","","","","","","","","","","","","","","","","","",83,1,"","","","","","","","","","","","",8.5,1,"","","","","","","","","","","","","","","","","","","","","","","","","","","","","","","","","","","","","","","","","","","","","","","","","","","","","","","","","","","","","","","","","","","","","","","","","","","","","","","","","","","","","","","","","","","","","","","","","","","","","","","","","","","","","","","","","","","",""
"06163007","TENDE_SAPC",44.043167,7.586,636,2000100702,0.,1,"","","","","","","","","","","","","","","","","","","","","","","","","","","","","","","","","","",7.1,1,3.9,1,7.,1,"","",7.2,1,"","","","","","","","","","","","","","","","","","","","",80,1,"","","","","","","","","","","","",8.1,1,"","","","","","","","","","","","","","","","","","","","","","","","","","","","","","","","","","","","","","","","","","","","","","","","","","","","","","","","","","","","","","","","","","","","","","","","","","","","","","","","","","","","","","","","","","","","","","","","","","","","","","","","","","","","","","","","","","","",""
"06163007","TENDE_SAPC",44.043167,7.586,636,2000100703,0.,1,"","","","","","","","","","","","","","","","","","","","","","","","","","","","","","","","","","",6.6,1,3.7,1,6.3,1,"","",7.1,1,"","","","","","","","","","","","","","","","","","","","",82,1,"","","","","","","","","","","","",8.,1,"","","","","","","","","","","","","","","","","","","","","","","","","","","","","","","","","","","","","","","","","","","","","","","","","","","","","","","","","","","","","","","","","","","","","","","","","","","","","","","","","","","","","","","","","","","","","","","","","","","","","","","","","","","","","","","","","","","",""
"06163007","TENDE_SAPC",44.043167,7.586,636,2000100704,0.,1,"","","","","","","","","","","","","","","","","","","","","","","","","","","","","","","","","","",6.4,1,3.,1,6.4,1,"","",7.2,1,"","","","","","","","","","","","","","","","","","","","",79,1,"","","","","","","","","","","","",7.6,1,"","","","","","","","","","","","","","","","","","","","","","","","","","","","","","","","","","","","","","","","","","","","","","","","","","","","","","","","","","","","","","","","","","","","","","","","","","","","","","","","","","","","","","","","","","","","","","","","","","","","","","","","","","","","","","","","","","","",""
"06163007","TENDE_SAPC",44.043167,7.586,636,2000100705,0.,1,"","","","","","","","","","","","","","","","","","","","","","","","","","","","","","","","","","",6.2,1,2.6,1,6.,1,"","",6.4,1,"","","","","","","","","","","","","","","","","","","","",78,1,"","","","","","","","","","","","",7.4,1,"","","","","","","","","","","","","","","","","","","","","","","","","","","","","","","","","","","","","","","","","","","","","","","","","","","","","","","","","","","","","","","","","","","","","","","","","","","","","","","","","","","","","","","","","","","","","","","","","","","","","","","","","","","","","","","","","","","",""
"06163007","TENDE_SAPC",44.043167,7.586,636,2000100706,0.,1,"","","","","","","","","","","","","","","","","","","","","","","","","","","","","","","","","","",6.,1,1.7,1,5.8,1,"","",6.2,1,"","","","","","","","","","","","","","","","","","","","",74,1,"","","","","","","","","","","","",6.9,1,"","","","","","","","","","","","","","","","","","","","","","","","","","","","","","","","","","","","","","","","","","","","","","","","","","","","","","","","","","","","","","","","","","","","","","","","","","","","","","","","","","","","","","","","","","","","","","","","","","","","","","","","","","","","","","","","","","","",""
"06163007","TENDE_SAPC",44.043167,7.586,636,2000100707,0.,1,"","","","","","","","","","","","","","","","","","","","","","","","","","","","","","","","","","",6.3,1,2.2,1,5.8,1,"","",6.3,1,"","","","","","","","","","","","","","","","","","","","",75,1,"","","","","","","","","","","","",7.2,1,"","","","","","","","","","","","","","","","","","","","","","","","","","","","","","","","","","","","","","","","","","","","","","","","","","","","","","","","","","","","","","","","","","","","","","","","","","","","","","","","","","","","","","","","","","","","","","","","","","","","","","","","","","","","","","","","","","","",""
"06163007","TENDE_SAPC",44.043167,7.586,636,2000100708,0.,1,"","","","","","","","","","","","","","","","","","","","","","","","","","","","","","","","","","",6.1,1,2.9,1,6.,1,"","",6.3,1,"","","","","","","","","","","","","","","","","","","","",80,1,"","","","","","","","","","","","",7.5,1,"","","","","","","","","","","","","","","","","","","","","","","","","","","","","","","","","","","","","","","","","","","","","","","","","","","","","","","","","","","","","","","","","","","","","","","","","","","","","","","","","","","","","","","","","","","","","","","","","","","","","","","","","","","","","","","","","","","",""
"06163007","TENDE_SAPC",44.043167,7.586,636,2000100709,0.,1,"","","","","","","","","","","","","","","","","","","","","","","","","","","","","","","","","","",7.,1,4.3,1,6.1,1,"","",7.,1,"","","","","","","","","","","","","","","","","","","","",83,1,"","","","","","","","","","","","",8.3,1,"","","","","","","","","","","","","","","","","","","","","","","","","","","","","","","","","","","","","","","","","","","","","","","","","","","","","","","","","","","","","","","","","","","","","","","","","","","","","","","","","","","","","","","","","","","","","","","","","","","","","","","","","","","","","","","","","","","",""
"06163007","TENDE_SAPC",44.043167,7.586,636,2000100710,0.,1,"","","","","","","","","","","","","","","","","","","","","","","","","","","","","","","","","","",13.3,1,3.9,1,7.,1,"","",13.3,1,"","","","","","","","","","","","","","","","","","","","",53,1,"","","","","","","","","","","","",8.1,1,"","","","","","","","","","","","","","","","","","","","","","","","","","","","","","","","","","","","","","","","","","","","","","","","","","","","","","","","","","","","","","","","","","","","","","","","","","","","","","","","","","","","","","","","","","","","","","","","","","","","","","","","","","","","","","","","","","","",""
"06163007","TENDE_SAPC",44.043167,7.586,636,2000100711,0.,1,"","","","","","","","","","","","","","","","","","","","","","","","","","","","","","","","","","",16.1,1,3.8,1,13.3,1,"","",16.4,1,"","","","","","","","","","","","","","","","","","","","",44,1,"","","","","","","","","","","","",8.,1,"","","","","","","","","","","","","","","","","","","","","","","","","","","","","","","","","","","","","","","","","","","","","","","","","","","","","","","","","","","","","","","","","","","","","","","","","","","","","","","","","","","","","","","","","","","","","","","","","","","","","","","","","","","","","","","","","","","",""
"06163007","TENDE_SAPC",44.043167,7.586,636,2000100712,0.,1,"","","","","","","","","","","","","","","","","","","","","","","","","","","","","","","","","","",16.6,1,4.6,1,15.7,1,"","",16.6,1,"","","","","","","","","","","","","","","","","","","","",45,1,"","","","","","","","","","","","",8.5,1,"","","","","","","","","","","","","","","","","","","","","","","","","","","","","","","","","","","","","","","","","","","","","","","","","","","","","","","","","","","","","","","","","","","","","","","","","","","","","","","","","","","","","","","","","","","","","","","","","","","","","","","","","","","","","","","","","","","",""
"06163007","TENDE_SAPC",44.043167,7.586,636,2000100713,0.,1,"","","","","","","","","","","","","","","","","","","","","","","","","","","","","","","","","","",15.6,1,6.6,1,15.3,1,"","",16.5,1,"","","","","","","","","","","","","","","","","","","","",55,1,"","","","","","","","","","","","",9.7,1,"","","","","","","","","","","","","","","","","","","","","","","","","","","","","","","","","","","","","","","","","","","","","","","","","","","","","","","","","","","","","","","","","","","","","","","","","","","","","","","","","","","","","","","","","","","","","","","","","","","","","","","","","","","","","","","","","","","",""
"06163007","TENDE_SAPC",44.043167,7.586,636,2000100714,0.,1,"","","","","","","","","","","","","","","","","","","","","","","","","","","","","","","","","","",15.9,1,5.2,1,15.3,1,"","",16.4,1,"","","","","","","","","","","","","","","","","","","","",49,1,"","","","","","","","","","","","",8.8,1,"","","","","","","","","","","","","","","","","","","","","","","","","","","","","","","","","","","","","","","","","","","","","","","","","","","","","","","","","","","","","","","","","","","","","","","","","","","","","","","","","","","","","","","","","","","","","","","","","","","","","","","","","","","","","","","","","","","",""
"06163007","TENDE_SAPC",44.043167,7.586,636,2000100715,0.,1,"","","","","","","","","","","","","","","","","","","","","","","","","","","","","","","","","","",14.5,1,6.1,1,14.5,1,"","",15.9,1,"","","","","","","","","","","","","","","","","","","","",57,1,"","","","","","","","","","","","",9.4,1,"","","","","","","","","","","","","","","","","","","","","","","","","","","","","","","","","","","","","","","","","","","","","","","","","","","","","","","","","","","","","","","","","","","","","","","","","","","","","","","","","","","","","","","","","","","","","","","","","","","","","","","","","","","","","","","","","","","",""
"06163007","TENDE_SAPC",44.043167,7.586,636,2000100716,0.,1,"","","","","","","","","","","","","","","","","","","","","","","","","","","","","","","","","","",13.6,1,6.7,1,13.5,1,"","",14.4,1,"","","","","","","","","","","","","","","","","","","","",63,1,"","","","","","","","","","","","",9.8,1,"","","","","","","","","","","","","","","","","","","","","","","","","","","","","","","","","","","","","","","","","","","","","","","","","","","","","","","","","","","","","","","","","","","","","","","","","","","","","","","","","","","","","","","","","","","","","","","","","","","","","","","","","","","","","","","","","","","",""
"06163007","TENDE_SAPC",44.043167,7.586,636,2000100717,0.,1,"","","","","","","","","","","","","","","","","","","","","","","","","","","","","","","","","","",11.7,1,7.,1,11.7,1,"","",13.7,1,"","","","","","","","","","","","","","","","","","","","",73,1,"","","","","","","","","","","","",10.,1,"","","","","","","","","","","","","","","","","","","","","","","","","","","","","","","","","","","","","","","","","","","","","","","","","","","","","","","","","","","","","","","","","","","","","","","","","","","","","","","","","","","","","","","","","","","","","","","","","","","","","","","","","","","","","","","","","","","",""
"06163007","TENDE_SAPC",44.043167,7.586,636,2000100718,0.,1,"","","","","","","","","","","","","","","","","","","","","","","","","","","","","","","","","","",10.3,1,6.8,1,10.3,1,"","",11.7,1,"","","","","","","","","","","","","","","","","","","","",79,1,"","","","","","","","","","","","",9.9,1,"","","","","","","","","","","","","","","","","","","","","","","","","","","","","","","","","","","","","","","","","","","","","","","","","","","","","","","","","","","","","","","","","","","","","","","","","","","","","","","","","","","","","","","","","","","","","","","","","","","","","","","","","","","","","","","","","","","",""
"06163007","TENDE_SAPC",44.043167,7.586,636,2000100719,0.,1,"","","","","","","","","","","","","","","","","","","","","","","","","","","","","","","","","","",9.,1,5.7,1,9.,1,"","",10.3,1,"","","","","","","","","","","","","","","","","","","","",80,1,"","","","","","","","","","","","",9.2,1,"","","","","","","","","","","","","","","","","","","","","","","","","","","","","","","","","","","","","","","","","","","","","","","","","","","","","","","","","","","","","","","","","","","","","","","","","","","","","","","","","","","","","","","","","","","","","","","","","","","","","","","","","","","","","","","","","","","",""
"06163007","TENDE_SAPC",44.043167,7.586,636,2000100720,0.,1,"","","","","","","","","","","","","","","","","","","","","","","","","","","","","","","","","","",7.8,1,4.7,1,7.8,1,"","",9.,1,"","","","","","","","","","","","","","","","","","","","",81,1,"","","","","","","","","","","","",8.6,1,"","","","","","","","","","","","","","","","","","","","","","","","","","","","","","","","","","","","","","","","","","","","","","","","","","","","","","","","","","","","","","","","","","","","","","","","","","","","","","","","","","","","","","","","","","","","","","","","","","","","","","","","","","","","","","","","","","","",""
"06163007","TENDE_SAPC",44.043167,7.586,636,2000100721,0.,1,"","","","","","","","","","","","","","","","","","","","","","","","","","","","","","","","","","",6.9,1,4.,1,6.9,1,"","",7.7,1,"","","","","","","","","","","","","","","","","","","","",82,1,"","","","","","","","","","","","",8.2,1,"","","","","","","","","","","","","","","","","","","","","","","","","","","","","","","","","","","","","","","","","","","","","","","","","","","","","","","","","","","","","","","","","","","","","","","","","","","","","","","","","","","","","","","","","","","","","","","","","","","","","","","","","","","","","","","","","","","",""
"06163007","TENDE_SAPC",44.043167,7.586,636,2000100722,0.,1,"","","","","","","","","","","","","","","","","","","","","","","","","","","","","","","","","","",6.4,1,3.5,1,6.4,1,"","",6.9,1,"","","","","","","","","","","","","","","","","","","","",82,1,"","","","","","","","","","","","",7.9,1,"","","","","","","","","","","","","","","","","","","","","","","","","","","","","","","","","","","","","","","","","","","","","","","","","","","","","","","","","","","","","","","","","","","","","","","","","","","","","","","","","","","","","","","","","","","","","","","","","","","","","","","","","","","","","","","","","","","",""
"06163007","TENDE_SAPC",44.043167,7.586,636,2000100723,0.,1,"","","","","","","","","","","","","","","","","","","","","","","","","","","","","","","","","","",6.6,1,3.4,1,6.3,1,"","",6.7,1,"","","","","","","","","","","","","","","","","","","","",80,1,"","","","","","","","","","","","",7.8,1,"","","","","","","","","","","","","","","","","","","","","","","","","","","","","","","","","","","","","","","","","","","","","","","","","","","","","","","","","","","","","","","","","","","","","","","","","","","","","","","","","","","","","","","","","","","","","","","","","","","","","","","","","","","","","","","","","","","",""
"06163007","TENDE_SAPC",44.043167,7.586,636,2000100800,0.,1,"","","","","","","","","","","","","","","","","","","","","","","","","","","","","","","","","","",7.,1,2.7,1,6.6,1,"","",7.2,1,"","","","","","","","","","","","","","","","","","","","",74,1,"","","","","","","","","","","","",7.4,1,"","","","","","","","","","","","","","","","","","","","","","","","","","","","","","","","","","","","","","","","","","","","","","","","","","","","","","","","","","","","","","","","","","","","","","","","","","","","","","","","","","","","","","","","","","","","","","","","","","","","","","","","","","","","","","","","","","","",""
"06163007","TENDE_SAPC",44.043167,7.586,636,2000100801,0.,1,"","","","","","","","","","","","","","","","","","","","","","","","","","","","","","","","","","",6.1,1,2.4,1,6.,1,"","",7.,1,"","","","","","","","","","","","","","","","","","","","",77,1,"","","","","","","","","","","","",7.2,1,"","","","","","","","","","","","","","","","","","","","","","","","","","","","","","","","","","","","","","","","","","","","","","","","","","","","","","","","","","","","","","","","","","","","","","","","","","","","","","","","","","","","","","","","","","","","","","","","","","","","","","","","","","","","","","","","","","","",""
"06163007","TENDE_SAPC",44.043167,7.586,636,2000100802,0.,1,"","","","","","","","","","","","","","","","","","","","","","","","","","","","","","","","","","",5.3,1,1.6,1,5.3,1,"","",6.2,1,"","","","","","","","","","","","","","","","","","","","",77,1,"","","","","","","","","","","","",6.9,1,"","","","","","","","","","","","","","","","","","","","","","","","","","","","","","","","","","","","","","","","","","","","","","","","","","","","","","","","","","","","","","","","","","","","","","","","","","","","","","","","","","","","","","","","","","","","","","","","","","","","","","","","","","","","","","","","","","","",""
"06163007","TENDE_SAPC",44.043167,7.586,636,2000100803,0.,1,"","","","","","","","","","","","","","","","","","","","","","","","","","","","","","","","","","",5.6,1,0.8,1,5.1,1,"","",5.7,1,"","","","","","","","","","","","","","","","","","","","",71,1,"","","","","","","","","","","","",6.5,1,"","","","","","","","","","","","","","","","","","","","","","","","","","","","","","","","","","","","","","","","","","","","","","","","","","","","","","","","","","","","","","","","","","","","","","","","","","","","","","","","","","","","","","","","","","","","","","","","","","","","","","","","","","","","","","","","","","","",""
"06163007","TENDE_SAPC",44.043167,7.586,636,2000100804,0.,1,"","","","","","","","","","","","","","","","","","","","","","","","","","","","","","","","","","",4.6,1,0.7,1,4.6,1,"","",5.7,1,"","","","","","","","","","","","","","","","","","","","",76,1,"","","","","","","","","","","","",6.4,1,"","","","","","","","","","","","","","","","","","","","","","","","","","","","","","","","","","","","","","","","","","","","","","","","","","","","","","","","","","","","","","","","","","","","","","","","","","","","","","","","","","","","","","","","","","","","","","","","","","","","","","","","","","","","","","","","","","","",""
"06163007","TENDE_SAPC",44.043167,7.586,636,2000100805,0.,1,"","","","","","","","","","","","","","","","","","","","","","","","","","","","","","","","","","",4.1,1,0.4,1,4.1,1,"","",4.6,1,"","","","","","","","","","","","","","","","","","","","",77,1,"","","","","","","","","","","","",6.3,1,"","","","","","","","","","","","","","","","","","","","","","","","","","","","","","","","","","","","","","","","","","","","","","","","","","","","","","","","","","","","","","","","","","","","","","","","","","","","","","","","","","","","","","","","","","","","","","","","","","","","","","","","","","","","","","","","","","","",""
"06163007","TENDE_SAPC",44.043167,7.586,636,2000100806,0.,1,"","","","","","","","","","","","","","","","","","","","","","","","","","","","","","","","","","",4.1,1,0.1,1,3.9,1,"","",4.2,1,"","","","","","","","","","","","","","","","","","","","",75,1,"","","","","","","","","","","","",6.1,1,"","","","","","","","","","","","","","","","","","","","","","","","","","","","","","","","","","","","","","","","","","","","","","","","","","","","","","","","","","","","","","","","","","","","","","","","","","","","","","","","","","","","","","","","","","","","","","","","","","","","","","","","","","","","","","","","","","","",""
"06163007","TENDE_SAPC",44.043167,7.586,636,2000100807,0.,1,"","","","","","","","","","","","","","","","","","","","","","","","","","","","","","","","","","",4.7,1,0.3,1,4.,1,"","",4.7,1,"","","","","","","","","","","","","","","","","","","","",73,1,"","","","","","","","","","","","",6.2,1,"","","","","","","","","","","","","","","","","","","","","","","","","","","","","","","","","","","","","","","","","","","","","","","","","","","","","","","","","","","","","","","","","","","","","","","","","","","","","","","","","","","","","","","","","","","","","","","","","","","","","","","","","","","","","","","","","","","",""
"06163007","TENDE_SAPC",44.043167,7.586,636,2000100808,0.,1,"","","","","","","","","","","","","","","","","","","","","","","","","","","","","","","","","","",5.4,1,0.8,1,4.6,1,"","",5.4,1,"","","","","","","","","","","","","","","","","","","","",72,1,"","","","","","","","","","","","",6.5,1,"","","","","","","","","","","","","","","","","","","","","","","","","","","","","","","","","","","","","","","","","","","","","","","","","","","","","","","","","","","","","","","","","","","","","","","","","","","","","","","","","","","","","","","","","","","","","","","","","","","","","","","","","","","","","","","","","","","",""
"06163007","TENDE_SAPC",44.043167,7.586,636,2000100809,0.,1,"","","","","","","","","","","","","","","","","","","","","","","","","","","","","","","","","","",7.8,1,1.,1,5.5,1,"","",7.8,1,"","","","","","","","","","","","","","","","","","","","",62,1,"","","","","","","","","","","","",6.6,1,"","","","","","","","","","","","","","","","","","","","","","","","","","","","","","","","","","","","","","","","","","","","","","","","","","","","","","","","","","","","","","","","","","","","","","","","","","","","","","","","","","","","","","","","","","","","","","","","","","","","","","","","","","","","","","","","","","","",""
"06163007","TENDE_SAPC",44.043167,7.586,636,2000100810,0.,1,"","","","","","","","","","","","","","","","","","","","","","","","","","","","","","","","","","",15.8,1,-1.3,1,7.9,1,"","",16.7,1,"","","","","","","","","","","","","","","","","","","","",31,1,"","","","","","","","","","","","",5.6,1,"","","","","","","","","","","","","","","","","","","","","","","","","","","","","","","","","","","","","","","","","","","","","","","","","","","","","","","","","","","","","","","","","","","","","","","","","","","","","","","","","","","","","","","","","","","","","","","","","","","","","","","","","","","","","","","","","","","",""
"06163007","TENDE_SAPC",44.043167,7.586,636,2000100811,0.,1,"","","","","","","","","","","","","","","","","","","","","","","","","","","","","","","","","","",16.4,1,-1.7,1,15.4,1,"","",16.4,1,"","","","","","","","","","","","","","","","","","","","",29,1,"","","","","","","","","","","","",5.4,1,"","","","","","","","","","","","","","","","","","","","","","","","","","","","","","","","","","","","","","","","","","","","","","","","","","","","","","","","","","","","","","","","","","","","","","","","","","","","","","","","","","","","","","","","","","","","","","","","","","","","","","","","","","","","","","","","","","","",""
"06163007","TENDE_SAPC",44.043167,7.586,636,2000100812,0.,1,"","","","","","","","","","","","","","","","","","","","","","","","","","","","","","","","","","",17.2,1,-1.,1,16.4,1,"","",17.2,1,"","","","","","","","","","","","","","","","","","","","",29,1,"","","","","","","","","","","","",5.7,1,"","","","","","","","","","","","","","","","","","","","","","","","","","","","","","","","","","","","","","","","","","","","","","","","","","","","","","","","","","","","","","","","","","","","","","","","","","","","","","","","","","","","","","","","","","","","","","","","","","","","","","","","","","","","","","","","","","","",""
"06163007","TENDE_SAPC",44.043167,7.586,636,2000100813,0.,1,"","","","","","","","","","","","","","","","","","","","","","","","","","","","","","","","","","",17.6,1,1.5,1,17.1,1,"","",17.6,1,"","","","","","","","","","","","","","","","","","","","",34,1,"","","","","","","","","","","","",6.8,1,"","","","","","","","","","","","","","","","","","","","","","","","","","","","","","","","","","","","","","","","","","","","","","","","","","","","","","","","","","","","","","","","","","","","","","","","","","","","","","","","","","","","","","","","","","","","","","","","","","","","","","","","","","","","","","","","","","","",""
"06163007","TENDE_SAPC",44.043167,7.586,636,2000100814,0.,1,"","","","","","","","","","","","","","","","","","","","","","","","","","","","","","","","","","",17.2,1,4.5,1,17.2,1,"","",17.7,1,"","","","","","","","","","","","","","","","","","","","",43,1,"","","","","","","","","","","","",8.4,1,"","","","","","","","","","","","","","","","","","","","","","","","","","","","","","","","","","","","","","","","","","","","","","","","","","","","","","","","","","","","","","","","","","","","","","","","","","","","","","","","","","","","","","","","","","","","","","","","","","","","","","","","","","","","","","","","","","","",""
"06163007","TENDE_SAPC",44.043167,7.586,636,2000100815,0.,1,"","","","","","","","","","","","","","","","","","","","","","","","","","","","","","","","","","",15.4,1,5.,1,15.4,1,"","",17.2,1,"","","","","","","","","","","","","","","","","","","","",50,1,"","","","","","","","","","","","",8.7,1,"","","","","","","","","","","","","","","","","","","","","","","","","","","","","","","","","","","","","","","","","","","","","","","","","","","","","","","","","","","","","","","","","","","","","","","","","","","","","","","","","","","","","","","","","","","","","","","","","","","","","","","","","","","","","","","","","","","",""
"06163007","TENDE_SAPC",44.043167,7.586,636,2000100816,0.,1,"","","","","","","","","","","","","","","","","","","","","","","","","","","","","","","","","","",14.7,1,4.4,1,14.7,1,"","",15.4,1,"","","","","","","","","","","","","","","","","","","","",50,1,"","","","","","","","","","","","",8.3,1,"","","","","","","","","","","","","","","","","","","","","","","","","","","","","","","","","","","","","","","","","","","","","","","","","","","","","","","","","","","","","","","","","","","","","","","","","","","","","","","","","","","","","","","","","","","","","","","","","","","","","","","","","","","","","","","","","","","",""
"06163007","TENDE_SAPC",44.043167,7.586,636,2000100817,0.,1,"","","","","","","","","","","","","","","","","","","","","","","","","","","","","","","","","","",11.9,1,5.5,1,11.9,1,"","",14.7,1,"","","","","","","","","","","","","","","","","","","","",65,1,"","","","","","","","","","","","",9.,1,"","","","","","","","","","","","","","","","","","","","","","","","","","","","","","","","","","","","","","","","","","","","","","","","","","","","","","","","","","","","","","","","","","","","","","","","","","","","","","","","","","","","","","","","","","","","","","","","","","","","","","","","","","","","","","","","","","","",""
"06163007","TENDE_SAPC",44.043167,7.586,636,2000100818,0.,1,"","","","","","","","","","","","","","","","","","","","","","","","","","","","","","","","","","",10.,1,5.8,1,10.,1,"","",11.9,1,"","","","","","","","","","","","","","","","","","","","",75,1,"","","","","","","","","","","","",9.2,1,"","","","","","","","","","","","","","","","","","","","","","","","","","","","","","","","","","","","","","","","","","","","","","","","","","","","","","","","","","","","","","","","","","","","","","","","","","","","","","","","","","","","","","","","","","","","","","","","","","","","","","","","","","","","","","","","","","","",""
"06163007","TENDE_SAPC",44.043167,7.586,636,2000100819,0.,1,"","","","","","","","","","","","","","","","","","","","","","","","","","","","","","","","","","",8.8,1,5.2,1,8.8,1,"","",10.,1,"","","","","","","","","","","","","","","","","","","","",78,1,"","","","","","","","","","","","",8.8,1,"","","","","","","","","","","","","","","","","","","","","","","","","","","","","","","","","","","","","","","","","","","","","","","","","","","","","","","","","","","","","","","","","","","","","","","","","","","","","","","","","","","","","","","","","","","","","","","","","","","","","","","","","","","","","","","","","","","",""
"06163007","TENDE_SAPC",44.043167,7.586,636,2000100820,0.,1,"","","","","","","","","","","","","","","","","","","","","","","","","","","","","","","","","","",8.1,1,4.7,1,8.1,1,"","",8.8,1,"","","","","","","","","","","","","","","","","","","","",79,1,"","","","","","","","","","","","",8.5,1,"","","","","","","","","","","","","","","","","","","","","","","","","","","","","","","","","","","","","","","","","","","","","","","","","","","","","","","","","","","","","","","","","","","","","","","","","","","","","","","","","","","","","","","","","","","","","","","","","","","","","","","","","","","","","","","","","","","",""
"06163007","TENDE_SAPC",44.043167,7.586,636,2000100821,0.,1,"","","","","","","","","","","","","","","","","","","","","","","","","","","","","","","","","","",7.5,1,4.1,1,7.5,1,"","",8.,1,"","","","","","","","","","","","","","","","","","","","",79,1,"","","","","","","","","","","","",8.2,1,"","","","","","","","","","","","","","","","","","","","","","","","","","","","","","","","","","","","","","","","","","","","","","","","","","","","","","","","","","","","","","","","","","","","","","","","","","","","","","","","","","","","","","","","","","","","","","","","","","","","","","","","","","","","","","","","","","","",""
"06163007","TENDE_SAPC",44.043167,7.586,636,2000100822,0.,1,"","","","","","","","","","","","","","","","","","","","","","","","","","","","","","","","","","",7.3,1,3.5,1,7.3,1,"","",7.5,1,"","","","","","","","","","","","","","","","","","","","",77,1,"","","","","","","","","","","","",7.9,1,"","","","","","","","","","","","","","","","","","","","","","","","","","","","","","","","","","","","","","","","","","","","","","","","","","","","","","","","","","","","","","","","","","","","","","","","","","","","","","","","","","","","","","","","","","","","","","","","","","","","","","","","","","","","","","","","","","","",""
"06163007","TENDE_SAPC",44.043167,7.586,636,2000100823,0.,1,"","","","","","","","","","","","","","","","","","","","","","","","","","","","","","","","","","",7.,1,3.2,1,7.,1,"","",7.4,1,"","","","","","","","","","","","","","","","","","","","",77,1,"","","","","","","","","","","","",7.7,1,"","","","","","","","","","","","","","","","","","","","","","","","","","","","","","","","","","","","","","","","","","","","","","","","","","","","","","","","","","","","","","","","","","","","","","","","","","","","","","","","","","","","","","","","","","","","","","","","","","","","","","","","","","","","","","","","","","","",""
"06163007","TENDE_SAPC",44.043167,7.586,636,2000100900,0.,1,"","","","","","","","","","","","","","","","","","","","","","","","","","","","","","","","","","",6.8,1,2.5,1,6.7,1,"","",7.,1,"","","","","","","","","","","","","","","","","","","","",74,1,"","","","","","","","","","","","",7.3,1,"","","","","","","","","","","","","","","","","","","","","","","","","","","","","","","","","","","","","","","","","","","","","","","","","","","","","","","","","","","","","","","","","","","","","","","","","","","","","","","","","","","","","","","","","","","","","","","","","","","","","","","","","","","","","","","","","","","",""
"06163007","TENDE_SAPC",44.043167,7.586,636,2000100901,0.,1,"","","","","","","","","","","","","","","","","","","","","","","","","","","","","","","","","","",6.7,1,2.2,1,6.5,1,"","",6.9,1,"","","","","","","","","","","","","","","","","","","","",73,1,"","","","","","","","","","","","",7.2,1,"","","","","","","","","","","","","","","","","","","","","","","","","","","","","","","","","","","","","","","","","","","","","","","","","","","","","","","","","","","","","","","","","","","","","","","","","","","","","","","","","","","","","","","","","","","","","","","","","","","","","","","","","","","","","","","","","","","",""
"06163007","TENDE_SAPC",44.043167,7.586,636,2000100902,0.,1,"","","","","","","","","","","","","","","","","","","","","","","","","","","","","","","","","","",6.4,1,2.3,1,6.4,1,"","",6.7,1,"","","","","","","","","","","","","","","","","","","","",75,1,"","","","","","","","","","","","",7.2,1,"","","","","","","","","","","","","","","","","","","","","","","","","","","","","","","","","","","","","","","","","","","","","","","","","","","","","","","","","","","","","","","","","","","","","","","","","","","","","","","","","","","","","","","","","","","","","","","","","","","","","","","","","","","","","","","","","","","",""
"06163007","TENDE_SAPC",44.043167,7.586,636,2000100903,0.,1,"","","","","","","","","","","","","","","","","","","","","","","","","","","","","","","","","","",6.2,1,1.9,1,6.1,1,"","",6.7,1,"","","","","","","","","","","","","","","","","","","","",74,1,"","","","","","","","","","","","",7.,1,"","","","","","","","","","","","","","","","","","","","","","","","","","","","","","","","","","","","","","","","","","","","","","","","","","","","","","","","","","","","","","","","","","","","","","","","","","","","","","","","","","","","","","","","","","","","","","","","","","","","","","","","","","","","","","","","","","","",""
"06163007","TENDE_SAPC",44.043167,7.586,636,2000100904,0.,1,"","","","","","","","","","","","","","","","","","","","","","","","","","","","","","","","","","",5.7,1,2.2,1,5.7,1,"","",6.2,1,"","","","","","","","","","","","","","","","","","","","",78,1,"","","","","","","","","","","","",7.1,1,"","","","","","","","","","","","","","","","","","","","","","","","","","","","","","","","","","","","","","","","","","","","","","","","","","","","","","","","","","","","","","","","","","","","","","","","","","","","","","","","","","","","","","","","","","","","","","","","","","","","","","","","","","","","","","","","","","","",""
"06163007","TENDE_SAPC",44.043167,7.586,636,2000100905,0.,1,"","","","","","","","","","","","","","","","","","","","","","","","","","","","","","","","","","",5.1,1,2.3,1,5.1,1,"","",5.7,1,"","","","","","","","","","","","","","","","","","","","",82,1,"","","","","","","","","","","","",7.2,1,"","","","","","","","","","","","","","","","","","","","","","","","","","","","","","","","","","","","","","","","","","","","","","","","","","","","","","","","","","","","","","","","","","","","","","","","","","","","","","","","","","","","","","","","","","","","","","","","","","","","","","","","","","","","","","","","","","","",""
"06163007","TENDE_SAPC",44.043167,7.586,636,2000100906,0.,1,"","","","","","","","","","","","","","","","","","","","","","","","","","","","","","","","","","",6.1,1,2.4,1,5.1,1,"","",6.1,1,"","","","","","","","","","","","","","","","","","","","",77,1,"","","","","","","","","","","","",7.2,1,"","","","","","","","","","","","","","","","","","","","","","","","","","","","","","","","","","","","","","","","","","","","","","","","","","","","","","","","","","","","","","","","","","","","","","","","","","","","","","","","","","","","","","","","","","","","","","","","","","","","","","","","","","","","","","","","","","","",""
"06163007","TENDE_SAPC",44.043167,7.586,636,2000100907,0.,1,"","","","","","","","","","","","","","","","","","","","","","","","","","","","","","","","","","",7.2,1,2.7,1,6.2,1,"","",7.2,1,"","","","","","","","","","","","","","","","","","","","",73,1,"","","","","","","","","","","","",7.4,1,"","","","","","","","","","","","","","","","","","","","","","","","","","","","","","","","","","","","","","","","","","","","","","","","","","","","","","","","","","","","","","","","","","","","","","","","","","","","","","","","","","","","","","","","","","","","","","","","","","","","","","","","","","","","","","","","","","","",""
"06163007","TENDE_SAPC",44.043167,7.586,636,2000100908,0.,1,"","","","","","","","","","","","","","","","","","","","","","","","","","","","","","","","","","",8.7,1,3.3,1,7.2,1,"","",8.7,1,"","","","","","","","","","","","","","","","","","","","",69,1,"","","","","","","","","","","","",7.8,1,"","","","","","","","","","","","","","","","","","","","","","","","","","","","","","","","","","","","","","","","","","","","","","","","","","","","","","","","","","","","","","","","","","","","","","","","","","","","","","","","","","","","","","","","","","","","","","","","","","","","","","","","","","","","","","","","","","","",""
"06163007","TENDE_SAPC",44.043167,7.586,636,2000100909,0.,1,"","","","","","","","","","","","","","","","","","","","","","","","","","","","","","","","","","",10.6,1,4.7,1,8.7,1,"","",10.6,1,"","","","","","","","","","","","","","","","","","","","",67,1,"","","","","","","","","","","","",8.5,1,"","","","","","","","","","","","","","","","","","","","","","","","","","","","","","","","","","","","","","","","","","","","","","","","","","","","","","","","","","","","","","","","","","","","","","","","","","","","","","","","","","","","","","","","","","","","","","","","","","","","","","","","","","","","","","","","","","","",""
"06163007","TENDE_SAPC",44.043167,7.586,636,2000100910,0.,1,"","","","","","","","","","","","","","","","","","","","","","","","","","","","","","","","","","",14.2,1,3.9,1,10.6,1,"","",14.2,1,"","","","","","","","","","","","","","","","","","","","",50,1,"","","","","","","","","","","","",8.1,1,"","","","","","","","","","","","","","","","","","","","","","","","","","","","","","","","","","","","","","","","","","","","","","","","","","","","","","","","","","","","","","","","","","","","","","","","","","","","","","","","","","","","","","","","","","","","","","","","","","","","","","","","","","","","","","","","","","","",""
"06163007","TENDE_SAPC",44.043167,7.586,636,2000100911,0.,1,"","","","","","","","","","","","","","","","","","","","","","","","","","","","","","","","","","",16.6,1,2.2,1,14.2,1,"","",16.6,1,"","","","","","","","","","","","","","","","","","","","",38,1,"","","","","","","","","","","","",7.2,1,"","","","","","","","","","","","","","","","","","","","","","","","","","","","","","","","","","","","","","","","","","","","","","","","","","","","","","","","","","","","","","","","","","","","","","","","","","","","","","","","","","","","","","","","","","","","","","","","","","","","","","","","","","","","","","","","","","","",""
"06163007","TENDE_SAPC",44.043167,7.586,636,2000100912,0.,1,"","","","","","","","","","","","","","","","","","","","","","","","","","","","","","","","","","",17.8,1,2.5,1,16.6,1,"","",17.8,1,"","","","","","","","","","","","","","","","","","","","",36,1,"","","","","","","","","","","","",7.3,1,"","","","","","","","","","","","","","","","","","","","","","","","","","","","","","","","","","","","","","","","","","","","","","","","","","","","","","","","","","","","","","","","","","","","","","","","","","","","","","","","","","","","","","","","","","","","","","","","","","","","","","","","","","","","","","","","","","","",""
"06163007","TENDE_SAPC",44.043167,7.586,636,2000100913,0.,1,"","","","","","","","","","","","","","","","","","","","","","","","","","","","","","","","","","",18.3,1,4.5,1,17.8,1,"","",18.3,1,"","","","","","","","","","","","","","","","","","","","",40,1,"","","","","","","","","","","","",8.4,1,"","","","","","","","","","","","","","","","","","","","","","","","","","","","","","","","","","","","","","","","","","","","","","","","","","","","","","","","","","","","","","","","","","","","","","","","","","","","","","","","","","","","","","","","","","","","","","","","","","","","","","","","","","","","","","","","","","","",""
"06163007","TENDE_SAPC",44.043167,7.586,636,2000100914,0.,1,"","","","","","","","","","","","","","","","","","","","","","","","","","","","","","","","","","",17.1,1,5.1,1,17.1,1,"","",18.3,1,"","","","","","","","","","","","","","","","","","","","",45,1,"","","","","","","","","","","","",8.8,1,"","","","","","","","","","","","","","","","","","","","","","","","","","","","","","","","","","","","","","","","","","","","","","","","","","","","","","","","","","","","","","","","","","","","","","","","","","","","","","","","","","","","","","","","","","","","","","","","","","","","","","","","","","","","","","","","","","","",""
"06163007","TENDE_SAPC",44.043167,7.586,636,2000100915,0.,1,"","","","","","","","","","","","","","","","","","","","","","","","","","","","","","","","","","",15.7,1,5.9,1,15.7,1,"","",17.1,1,"","","","","","","","","","","","","","","","","","","","",52,1,"","","","","","","","","","","","",9.3,1,"","","","","","","","","","","","","","","","","","","","","","","","","","","","","","","","","","","","","","","","","","","","","","","","","","","","","","","","","","","","","","","","","","","","","","","","","","","","","","","","","","","","","","","","","","","","","","","","","","","","","","","","","","","","","","","","","","","",""
"06163007","TENDE_SAPC",44.043167,7.586,636,2000100916,0.,1,"","","","","","","","","","","","","","","","","","","","","","","","","","","","","","","","","","",14.7,1,5.7,1,14.6,1,"","",15.7,1,"","","","","","","","","","","","","","","","","","","","",55,1,"","","","","","","","","","","","",9.2,1,"","","","","","","","","","","","","","","","","","","","","","","","","","","","","","","","","","","","","","","","","","","","","","","","","","","","","","","","","","","","","","","","","","","","","","","","","","","","","","","","","","","","","","","","","","","","","","","","","","","","","","","","","","","","","","","","","","","",""
"06163007","TENDE_SAPC",44.043167,7.586,636,2000100917,0.,1,"","","","","","","","","","","","","","","","","","","","","","","","","","","","","","","","","","",13.4,1,6.5,1,13.4,1,"","",14.7,1,"","","","","","","","","","","","","","","","","","","","",63,1,"","","","","","","","","","","","",9.7,1,"","","","","","","","","","","","","","","","","","","","","","","","","","","","","","","","","","","","","","","","","","","","","","","","","","","","","","","","","","","","","","","","","","","","","","","","","","","","","","","","","","","","","","","","","","","","","","","","","","","","","","","","","","","","","","","","","","","",""
"06163007","TENDE_SAPC",44.043167,7.586,636,2000100918,0.,1,"","","","","","","","","","","","","","","","","","","","","","","","","","","","","","","","","","",11.1,1,6.8,1,11.1,1,"","",13.3,1,"","","","","","","","","","","","","","","","","","","","",75,1,"","","","","","","","","","","","",9.9,1,"","","","","","","","","","","","","","","","","","","","","","","","","","","","","","","","","","","","","","","","","","","","","","","","","","","","","","","","","","","","","","","","","","","","","","","","","","","","","","","","","","","","","","","","","","","","","","","","","","","","","","","","","","","","","","","","","","","",""
"06163007","TENDE_SAPC",44.043167,7.586,636,2000100919,0.,1,"","","","","","","","","","","","","","","","","","","","","","","","","","","","","","","","","","",10.5,1,6.6,1,10.5,1,"","",11.1,1,"","","","","","","","","","","","","","","","","","","","",77,1,"","","","","","","","","","","","",9.8,1,"","","","","","","","","","","","","","","","","","","","","","","","","","","","","","","","","","","","","","","","","","","","","","","","","","","","","","","","","","","","","","","","","","","","","","","","","","","","","","","","","","","","","","","","","","","","","","","","","","","","","","","","","","","","","","","","","","","",""
"06163007","TENDE_SAPC",44.043167,7.586,636,2000100920,0.,1,"","","","","","","","","","","","","","","","","","","","","","","","","","","","","","","","","","",10.1,1,6.8,1,10.1,1,"","",10.5,1,"","","","","","","","","","","","","","","","","","","","",80,1,"","","","","","","","","","","","",9.9,1,"","","","","","","","","","","","","","","","","","","","","","","","","","","","","","","","","","","","","","","","","","","","","","","","","","","","","","","","","","","","","","","","","","","","","","","","","","","","","","","","","","","","","","","","","","","","","","","","","","","","","","","","","","","","","","","","","","","",""
"06163007","TENDE_SAPC",44.043167,7.586,636,2000100921,0.,1,"","","","","","","","","","","","","","","","","","","","","","","","","","","","","","","","","","",9.8,1,6.5,1,9.7,1,"","",10.,1,"","","","","","","","","","","","","","","","","","","","",80,1,"","","","","","","","","","","","",9.7,1,"","","","","","","","","","","","","","","","","","","","","","","","","","","","","","","","","","","","","","","","","","","","","","","","","","","","","","","","","","","","","","","","","","","","","","","","","","","","","","","","","","","","","","","","","","","","","","","","","","","","","","","","","","","","","","","","","","","",""
"06163007","TENDE_SAPC",44.043167,7.586,636,2000100922,0.,1,"","","","","","","","","","","","","","","","","","","","","","","","","","","","","","","","","","",9.9,1,6.1,1,9.7,1,"","",9.9,1,"","","","","","","","","","","","","","","","","","","","",77,1,"","","","","","","","","","","","",9.4,1,"","","","","","","","","","","","","","","","","","","","","","","","","","","","","","","","","","","","","","","","","","","","","","","","","","","","","","","","","","","","","","","","","","","","","","","","","","","","","","","","","","","","","","","","","","","","","","","","","","","","","","","","","","","","","","","","","","","",""
"06163007","TENDE_SAPC",44.043167,7.586,636,2000100923,0.,1,"","","","","","","","","","","","","","","","","","","","","","","","","","","","","","","","","","",9.3,1,6.,1,9.3,1,"","",9.9,1,"","","","","","","","","","","","","","","","","","","","",80,1,"","","","","","","","","","","","",9.4,1,"","","","","","","","","","","","","","","","","","","","","","","","","","","","","","","","","","","","","","","","","","","","","","","","","","","","","","","","","","","","","","","","","","","","","","","","","","","","","","","","","","","","","","","","","","","","","","","","","","","","","","","","","","","","","","","","","","","",""
"06163007","TENDE_SAPC",44.043167,7.586,636,2000101000,0.,1,"","","","","","","","","","","","","","","","","","","","","","","","","","","","","","","","","","",9.,1,6.1,1,8.9,1,"","",9.3,1,"","","","","","","","","","","","","","","","","","","","",82,1,"","","","","","","","","","","","",9.4,1,"","","","","","","","","","","","","","","","","","","","","","","","","","","","","","","","","","","","","","","","","","","","","","","","","","","","","","","","","","","","","","","","","","","","","","","","","","","","","","","","","","","","","","","","","","","","","","","","","","","","","","","","","","","","","","","","","","","",""
"06163007","TENDE_SAPC",44.043167,7.586,636,2000101001,0.,1,"","","","","","","","","","","","","","","","","","","","","","","","","","","","","","","","","","",9.1,1,6.,1,9.,1,"","",9.1,1,"","","","","","","","","","","","","","","","","","","","",81,1,"","","","","","","","","","","","",9.3,1,"","","","","","","","","","","","","","","","","","","","","","","","","","","","","","","","","","","","","","","","","","","","","","","","","","","","","","","","","","","","","","","","","","","","","","","","","","","","","","","","","","","","","","","","","","","","","","","","","","","","","","","","","","","","","","","","","","","",""
"06163007","TENDE_SAPC",44.043167,7.586,636,2000101002,0.,1,"","","","","","","","","","","","","","","","","","","","","","","","","","","","","","","","","","",9.,1,5.9,1,9.,1,"","",9.1,1,"","","","","","","","","","","","","","","","","","","","",81,1,"","","","","","","","","","","","",9.3,1,"","","","","","","","","","","","","","","","","","","","","","","","","","","","","","","","","","","","","","","","","","","","","","","","","","","","","","","","","","","","","","","","","","","","","","","","","","","","","","","","","","","","","","","","","","","","","","","","","","","","","","","","","","","","","","","","","","","",""
"06163007","TENDE_SAPC",44.043167,7.586,636,2000101003,0.,1,"","","","","","","","","","","","","","","","","","","","","","","","","","","","","","","","","","",8.2,1,5.3,1,8.2,1,"","",9.,1,"","","","","","","","","","","","","","","","","","","","",82,1,"","","","","","","","","","","","",8.9,1,"","","","","","","","","","","","","","","","","","","","","","","","","","","","","","","","","","","","","","","","","","","","","","","","","","","","","","","","","","","","","","","","","","","","","","","","","","","","","","","","","","","","","","","","","","","","","","","","","","","","","","","","","","","","","","","","","","","",""
"06163007","TENDE_SAPC",44.043167,7.586,636,2000101004,0.,1,"","","","","","","","","","","","","","","","","","","","","","","","","","","","","","","","","","",7.9,1,5.4,1,7.9,1,"","",8.2,1,"","","","","","","","","","","","","","","","","","","","",84,1,"","","","","","","","","","","","",8.9,1,"","","","","","","","","","","","","","","","","","","","","","","","","","","","","","","","","","","","","","","","","","","","","","","","","","","","","","","","","","","","","","","","","","","","","","","","","","","","","","","","","","","","","","","","","","","","","","","","","","","","","","","","","","","","","","","","","","","",""
"06163007","TENDE_SAPC",44.043167,7.586,636,2000101005,0.,1,"","","","","","","","","","","","","","","","","","","","","","","","","","","","","","","","","","",8.2,1,5.7,1,7.9,1,"","",8.3,1,"","","","","","","","","","","","","","","","","","","","",84,1,"","","","","","","","","","","","",9.1,1,"","","","","","","","","","","","","","","","","","","","","","","","","","","","","","","","","","","","","","","","","","","","","","","","","","","","","","","","","","","","","","","","","","","","","","","","","","","","","","","","","","","","","","","","","","","","","","","","","","","","","","","","","","","","","","","","","","","",""
"06163007","TENDE_SAPC",44.043167,7.586,636,2000101006,0.,1,"","","","","","","","","","","","","","","","","","","","","","","","","","","","","","","","","","",8.3,1,5.6,1,8.1,1,"","",8.3,1,"","","","","","","","","","","","","","","","","","","","",83,1,"","","","","","","","","","","","",9.1,1,"","","","","","","","","","","","","","","","","","","","","","","","","","","","","","","","","","","","","","","","","","","","","","","","","","","","","","","","","","","","","","","","","","","","","","","","","","","","","","","","","","","","","","","","","","","","","","","","","","","","","","","","","","","","","","","","","","","",""
"06163007","TENDE_SAPC",44.043167,7.586,636,2000101007,0.4,1,"","","","","","","","","","","","","","","","","","","","","","","","","","","","","","","","","","",8.6,1,5.9,1,8.2,1,"","",8.7,1,"","","","","","","","","","","","","","","","","","","","",83,1,"","","","","","","","","","","","",9.3,1,"","","","","","","","","","","","","","","","","","","","","","","","","","","","","","","","","","","","","","","","","","","","","","","","","","","","","","","","","","","","","","","","","","","","","","","","","","","","","","","","","","","","","","","","","","","","","","","","","","","","","","","","","","","","","","","","","","","",""
"06163007","TENDE_SAPC",44.043167,7.586,636,2000101008,0.6,1,"","","","","","","","","","","","","","","","","","","","","","","","","","","","","","","","","","",9.7,1,6.8,1,8.7,1,"","",9.7,1,"","","","","","","","","","","","","","","","","","","","",82,1,"","","","","","","","","","","","",9.9,1,"","","","","","","","","","","","","","","","","","","","","","","","","","","","","","","","","","","","","","","","","","","","","","","","","","","","","","","","","","","","","","","","","","","","","","","","","","","","","","","","","","","","","","","","","","","","","","","","","","","","","","","","","","","","","","","","","","","",""
"06163007","TENDE_SAPC",44.043167,7.586,636,2000101009,0.,1,"","","","","","","","","","","","","","","","","","","","","","","","","","","","","","","","","","",11.2,1,8.1,1,9.6,1,"","",11.2,1,"","","","","","","","","","","","","","","","","","","","",81,1,"","","","","","","","","","","","",10.8,1,"","","","","","","","","","","","","","","","","","","","","","","","","","","","","","","","","","","","","","","","","","","","","","","","","","","","","","","","","","","","","","","","","","","","","","","","","","","","","","","","","","","","","","","","","","","","","","","","","","","","","","","","","","","","","","","","","","","",""
"06163007","TENDE_SAPC",44.043167,7.586,636,2000101010,0.,1,"","","","","","","","","","","","","","","","","","","","","","","","","","","","","","","","","","",13.,1,8.9,1,11.2,1,"","",13.,1,"","","","","","","","","","","","","","","","","","","","",76,1,"","","","","","","","","","","","",11.4,1,"","","","","","","","","","","","","","","","","","","","","","","","","","","","","","","","","","","","","","","","","","","","","","","","","","","","","","","","","","","","","","","","","","","","","","","","","","","","","","","","","","","","","","","","","","","","","","","","","","","","","","","","","","","","","","","","","","","",""
"06163007","TENDE_SAPC",44.043167,7.586,636,2000101011,0.,1,"","","","","","","","","","","","","","","","","","","","","","","","","","","","","","","","","","",14.5,1,7.1,1,13.,1,"","",14.7,1,"","","","","","","","","","","","","","","","","","","","",61,1,"","","","","","","","","","","","",10.1,1,"","","","","","","","","","","","","","","","","","","","","","","","","","","","","","","","","","","","","","","","","","","","","","","","","","","","","","","","","","","","","","","","","","","","","","","","","","","","","","","","","","","","","","","","","","","","","","","","","","","","","","","","","","","","","","","","","","","",""
"06163007","TENDE_SAPC",44.043167,7.586,636,2000101012,0.,1,"","","","","","","","","","","","","","","","","","","","","","","","","","","","","","","","","","",14.,1,6.4,1,14.,1,"","",14.6,1,"","","","","","","","","","","","","","","","","","","","",60,1,"","","","","","","","","","","","",9.6,1,"","","","","","","","","","","","","","","","","","","","","","","","","","","","","","","","","","","","","","","","","","","","","","","","","","","","","","","","","","","","","","","","","","","","","","","","","","","","","","","","","","","","","","","","","","","","","","","","","","","","","","","","","","","","","","","","","","","",""
"06163007","TENDE_SAPC",44.043167,7.586,636,2000101013,0.,1,"","","","","","","","","","","","","","","","","","","","","","","","","","","","","","","","","","",13.9,1,6.5,1,13.9,1,"","",14.1,1,"","","","","","","","","","","","","","","","","","","","",61,1,"","","","","","","","","","","","",9.7,1,"","","","","","","","","","","","","","","","","","","","","","","","","","","","","","","","","","","","","","","","","","","","","","","","","","","","","","","","","","","","","","","","","","","","","","","","","","","","","","","","","","","","","","","","","","","","","","","","","","","","","","","","","","","","","","","","","","","",""
"06163007","TENDE_SAPC",44.043167,7.586,636,2000101014,0.,1,"","","","","","","","","","","","","","","","","","","","","","","","","","","","","","","","","","",14.1,1,6.4,1,13.9,1,"","",14.2,1,"","","","","","","","","","","","","","","","","","","","",60,1,"","","","","","","","","","","","",9.6,1,"","","","","","","","","","","","","","","","","","","","","","","","","","","","","","","","","","","","","","","","","","","","","","","","","","","","","","","","","","","","","","","","","","","","","","","","","","","","","","","","","","","","","","","","","","","","","","","","","","","","","","","","","","","","","","","","","","","",""
"06163007","TENDE_SAPC",44.043167,7.586,636,2000101015,0.,1,"","","","","","","","","","","","","","","","","","","","","","","","","","","","","","","","","","",14.1,1,6.4,1,14.1,1,"","",14.3,1,"","","","","","","","","","","","","","","","","","","","",60,1,"","","","","","","","","","","","",9.6,1,"","","","","","","","","","","","","","","","","","","","","","","","","","","","","","","","","","","","","","","","","","","","","","","","","","","","","","","","","","","","","","","","","","","","","","","","","","","","","","","","","","","","","","","","","","","","","","","","","","","","","","","","","","","","","","","","","","","",""
"06163007","TENDE_SAPC",44.043167,7.586,636,2000101016,0.,1,"","","","","","","","","","","","","","","","","","","","","","","","","","","","","","","","","","",13.7,1,7.2,1,13.7,1,"","",14.1,1,"","","","","","","","","","","","","","","","","","","","",65,1,"","","","","","","","","","","","",10.2,1,"","","","","","","","","","","","","","","","","","","","","","","","","","","","","","","","","","","","","","","","","","","","","","","","","","","","","","","","","","","","","","","","","","","","","","","","","","","","","","","","","","","","","","","","","","","","","","","","","","","","","","","","","","","","","","","","","","","",""
"06163007","TENDE_SAPC",44.043167,7.586,636,2000101017,0.,1,"","","","","","","","","","","","","","","","","","","","","","","","","","","","","","","","","","",12.5,1,8.2,1,12.5,1,"","",13.7,1,"","","","","","","","","","","","","","","","","","","","",75,1,"","","","","","","","","","","","",10.9,1,"","","","","","","","","","","","","","","","","","","","","","","","","","","","","","","","","","","","","","","","","","","","","","","","","","","","","","","","","","","","","","","","","","","","","","","","","","","","","","","","","","","","","","","","","","","","","","","","","","","","","","","","","","","","","","","","","","","",""
"06163007","TENDE_SAPC",44.043167,7.586,636,2000101018,0.,1,"","","","","","","","","","","","","","","","","","","","","","","","","","","","","","","","","","",11.5,1,8.4,1,11.5,1,"","",12.4,1,"","","","","","","","","","","","","","","","","","","","",81,1,"","","","","","","","","","","","",11.,1,"","","","","","","","","","","","","","","","","","","","","","","","","","","","","","","","","","","","","","","","","","","","","","","","","","","","","","","","","","","","","","","","","","","","","","","","","","","","","","","","","","","","","","","","","","","","","","","","","","","","","","","","","","","","","","","","","","","",""
"06163007","TENDE_SAPC",44.043167,7.586,636,2000101019,0.,1,"","","","","","","","","","","","","","","","","","","","","","","","","","","","","","","","","","",10.8,1,8.,1,10.8,1,"","",11.5,1,"","","","","","","","","","","","","","","","","","","","",83,1,"","","","","","","","","","","","",10.7,1,"","","","","","","","","","","","","","","","","","","","","","","","","","","","","","","","","","","","","","","","","","","","","","","","","","","","","","","","","","","","","","","","","","","","","","","","","","","","","","","","","","","","","","","","","","","","","","","","","","","","","","","","","","","","","","","","","","","",""
"06163007","TENDE_SAPC",44.043167,7.586,636,2000101020,0.,1,"","","","","","","","","","","","","","","","","","","","","","","","","","","","","","","","","","",10.8,1,7.7,1,10.7,1,"","",10.9,1,"","","","","","","","","","","","","","","","","","","","",81,1,"","","","","","","","","","","","",10.5,1,"","","","","","","","","","","","","","","","","","","","","","","","","","","","","","","","","","","","","","","","","","","","","","","","","","","","","","","","","","","","","","","","","","","","","","","","","","","","","","","","","","","","","","","","","","","","","","","","","","","","","","","","","","","","","","","","","","","",""
"06163007","TENDE_SAPC",44.043167,7.586,636,2000101021,0.,1,"","","","","","","","","","","","","","","","","","","","","","","","","","","","","","","","","","",9.6,1,6.1,1,9.6,1,"","",10.8,1,"","","","","","","","","","","","","","","","","","","","",79,1,"","","","","","","","","","","","",9.4,1,"","","","","","","","","","","","","","","","","","","","","","","","","","","","","","","","","","","","","","","","","","","","","","","","","","","","","","","","","","","","","","","","","","","","","","","","","","","","","","","","","","","","","","","","","","","","","","","","","","","","","","","","","","","","","","","","","","","",""
"06163007","TENDE_SAPC",44.043167,7.586,636,2000101022,0.,1,"","","","","","","","","","","","","","","","","","","","","","","","","","","","","","","","","","",8.1,1,5.2,1,8.1,1,"","",9.6,1,"","","","","","","","","","","","","","","","","","","","",82,1,"","","","","","","","","","","","",8.8,1,"","","","","","","","","","","","","","","","","","","","","","","","","","","","","","","","","","","","","","","","","","","","","","","","","","","","","","","","","","","","","","","","","","","","","","","","","","","","","","","","","","","","","","","","","","","","","","","","","","","","","","","","","","","","","","","","","","","",""
"06163007","TENDE_SAPC",44.043167,7.586,636,2000101023,0.,1,"","","","","","","","","","","","","","","","","","","","","","","","","","","","","","","","","","",7.4,1,4.7,1,7.4,1,"","",8.1,1,"","","","","","","","","","","","","","","","","","","","",83,1,"","","","","","","","","","","","",8.5,1,"","","","","","","","","","","","","","","","","","","","","","","","","","","","","","","","","","","","","","","","","","","","","","","","","","","","","","","","","","","","","","","","","","","","","","","","","","","","","","","","","","","","","","","","","","","","","","","","","","","","","","","","","","","","","","","","","","","",""
"06163007","TENDE_SAPC",44.043167,7.586,636,2000101100,0.,1,"","","","","","","","","","","","","","","","","","","","","","","","","","","","","","","","","","",7.,1,4.3,1,7.,1,"","",7.4,1,"","","","","","","","","","","","","","","","","","","","",83,1,"","","","","","","","","","","","",8.3,1,"","","","","","","","","","","","","","","","","","","","","","","","","","","","","","","","","","","","","","","","","","","","","","","","","","","","","","","","","","","","","","","","","","","","","","","","","","","","","","","","","","","","","","","","","","","","","","","","","","","","","","","","","","","","","","","","","","","",""
"06163007","TENDE_SAPC",44.043167,7.586,636,2000101101,0.,1,"","","","","","","","","","","","","","","","","","","","","","","","","","","","","","","","","","",6.7,1,4.,1,6.7,1,"","",7.,1,"","","","","","","","","","","","","","","","","","","","",83,1,"","","","","","","","","","","","",8.1,1,"","","","","","","","","","","","","","","","","","","","","","","","","","","","","","","","","","","","","","","","","","","","","","","","","","","","","","","","","","","","","","","","","","","","","","","","","","","","","","","","","","","","","","","","","","","","","","","","","","","","","","","","","","","","","","","","","","","",""
"06163007","TENDE_SAPC",44.043167,7.586,636,2000101102,0.,1,"","","","","","","","","","","","","","","","","","","","","","","","","","","","","","","","","","",6.2,1,3.5,1,6.2,1,"","",6.7,1,"","","","","","","","","","","","","","","","","","","","",83,1,"","","","","","","","","","","","",7.9,1,"","","","","","","","","","","","","","","","","","","","","","","","","","","","","","","","","","","","","","","","","","","","","","","","","","","","","","","","","","","","","","","","","","","","","","","","","","","","","","","","","","","","","","","","","","","","","","","","","","","","","","","","","","","","","","","","","","","",""
"06163007","TENDE_SAPC",44.043167,7.586,636,2000101103,0.,1,"","","","","","","","","","","","","","","","","","","","","","","","","","","","","","","","","","",6.,1,3.5,1,5.9,1,"","",6.1,1,"","","","","","","","","","","","","","","","","","","","",84,1,"","","","","","","","","","","","",7.8,1,"","","","","","","","","","","","","","","","","","","","","","","","","","","","","","","","","","","","","","","","","","","","","","","","","","","","","","","","","","","","","","","","","","","","","","","","","","","","","","","","","","","","","","","","","","","","","","","","","","","","","","","","","","","","","","","","","","","",""
"06163007","TENDE_SAPC",44.043167,7.586,636,2000101104,0.,1,"","","","","","","","","","","","","","","","","","","","","","","","","","","","","","","","","","",6.1,1,3.6,1,5.8,1,"","",6.1,1,"","","","","","","","","","","","","","","","","","","","",84,1,"","","","","","","","","","","","",7.9,1,"","","","","","","","","","","","","","","","","","","","","","","","","","","","","","","","","","","","","","","","","","","","","","","","","","","","","","","","","","","","","","","","","","","","","","","","","","","","","","","","","","","","","","","","","","","","","","","","","","","","","","","","","","","","","","","","","","","",""
"06163007","TENDE_SAPC",44.043167,7.586,636,2000101105,0.,1,"","","","","","","","","","","","","","","","","","","","","","","","","","","","","","","","","","",6.8,1,3.9,1,6.1,1,"","",6.8,1,"","","","","","","","","","","","","","","","","","","","",82,1,"","","","","","","","","","","","",8.1,1,"","","","","","","","","","","","","","","","","","","","","","","","","","","","","","","","","","","","","","","","","","","","","","","","","","","","","","","","","","","","","","","","","","","","","","","","","","","","","","","","","","","","","","","","","","","","","","","","","","","","","","","","","","","","","","","","","","","",""
"06163007","TENDE_SAPC",44.043167,7.586,636,2000101106,0.2,1,"","","","","","","","","","","","","","","","","","","","","","","","","","","","","","","","","","",8.8,1,5.9,1,6.9,1,"","",8.8,1,"","","","","","","","","","","","","","","","","","","","",82,1,"","","","","","","","","","","","",9.3,1,"","","","","","","","","","","","","","","","","","","","","","","","","","","","","","","","","","","","","","","","","","","","","","","","","","","","","","","","","","","","","","","","","","","","","","","","","","","","","","","","","","","","","","","","","","","","","","","","","","","","","","","","","","","","","","","","","","","",""
"06163007","TENDE_SAPC",44.043167,7.586,636,2000101107,0.8,1,"","","","","","","","","","","","","","","","","","","","","","","","","","","","","","","","","","",9.,1,6.4,1,8.9,1,"","",9.,1,"","","","","","","","","","","","","","","","","","","","",84,1,"","","","","","","","","","","","",9.6,1,"","","","","","","","","","","","","","","","","","","","","","","","","","","","","","","","","","","","","","","","","","","","","","","","","","","","","","","","","","","","","","","","","","","","","","","","","","","","","","","","","","","","","","","","","","","","","","","","","","","","","","","","","","","","","","","","","","","",""
"06163007","TENDE_SAPC",44.043167,7.586,636,2000101108,2.2,1,"","","","","","","","","","","","","","","","","","","","","","","","","","","","","","","","","","",9.2,1,6.8,1,9.,1,"","",9.2,1,"","","","","","","","","","","","","","","","","","","","",85,1,"","","","","","","","","","","","",9.9,1,"","","","","","","","","","","","","","","","","","","","","","","","","","","","","","","","","","","","","","","","","","","","","","","","","","","","","","","","","","","","","","","","","","","","","","","","","","","","","","","","","","","","","","","","","","","","","","","","","","","","","","","","","","","","","","","","","","","",""
"06163007","TENDE_SAPC",44.043167,7.586,636,2000101109,6.2,1,"","","","","","","","","","","","","","","","","","","","","","","","","","","","","","","","","","",9.2,1,6.8,1,9.2,1,"","",9.2,1,"","","","","","","","","","","","","","","","","","","","",85,1,"","","","","","","","","","","","",9.9,1,"","","","","","","","","","","","","","","","","","","","","","","","","","","","","","","","","","","","","","","","","","","","","","","","","","","","","","","","","","","","","","","","","","","","","","","","","","","","","","","","","","","","","","","","","","","","","","","","","","","","","","","","","","","","","","","","","","","",""
"06163007","TENDE_SAPC",44.043167,7.586,636,2000101110,5.6,1,"","","","","","","","","","","","","","","","","","","","","","","","","","","","","","","","","","",9.3,1,6.9,1,9.2,1,"","",9.3,1,"","","","","","","","","","","","","","","","","","","","",85,1,"","","","","","","","","","","","",9.9,1,"","","","","","","","","","","","","","","","","","","","","","","","","","","","","","","","","","","","","","","","","","","","","","","","","","","","","","","","","","","","","","","","","","","","","","","","","","","","","","","","","","","","","","","","","","","","","","","","","","","","","","","","","","","","","","","","","","","",""
"06163007","TENDE_SAPC",44.043167,7.586,636,2000101111,6.,1,"","","","","","","","","","","","","","","","","","","","","","","","","","","","","","","","","","",11.3,1,9.,1,"","","","","","","","","","","","","","","","","","","","","","","","","","",86,1,"","","","","","","","","","","","",11.5,1,"","","","","","","","","","","","","","","","","","","","","","","","","","","","","","","","","","","","","","","","","","","","","","","","","","","","","","","","","","","","","","","","","","","","","","","","","","","","","","","","","","","","","","","","","","","","","","","","","","","","","","","","","","","","","","","","","","","",""
"06163007","TENDE_SAPC",44.043167,7.586,636,2000101112,9.4,1,"","","","","","","","","","","","","","","","","","","","","","","","","","","","","","","","","","",12.9,1,10.8,1,11.3,1,"","",12.9,1,"","","","","","","","","","","","","","","","","","","","",87,1,"","","","","","","","","","","","",12.9,1,"","","","","","","","","","","","","","","","","","","","","","","","","","","","","","","","","","","","","","","","","","","","","","","","","","","","","","","","","","","","","","","","","","","","","","","","","","","","","","","","","","","","","","","","","","","","","","","","","","","","","","","","","","","","","","","","","","","",""
"06163007","TENDE_SAPC",44.043167,7.586,636,2000101113,13.6,1,"","","","","","","","","","","","","","","","","","","","","","","","","","","","","","","","","","",13.8,1,11.7,1,12.9,1,"","",13.8,1,"","","","","","","","","","","","","","","","","","","","",87,1,"","","","","","","","","","","","",13.7,1,"","","","","","","","","","","","","","","","","","","","","","","","","","","","","","","","","","","","","","","","","","","","","","","","","","","","","","","","","","","","","","","","","","","","","","","","","","","","","","","","","","","","","","","","","","","","","","","","","","","","","","","","","","","","","","","","","","","",""
"06163007","TENDE_SAPC",44.043167,7.586,636,2000101114,4.2,1,"","","","","","","","","","","","","","","","","","","","","","","","","","","","","","","","","","",13.5,1,10.7,1,13.4,1,"","",14.,1,"","","","","","","","","","","","","","","","","","","","",83,1,"","","","","","","","","","","","",12.8,1,"","","","","","","","","","","","","","","","","","","","","","","","","","","","","","","","","","","","","","","","","","","","","","","","","","","","","","","","","","","","","","","","","","","","","","","","","","","","","","","","","","","","","","","","","","","","","","","","","","","","","","","","","","","","","","","","","","","",""
"06163007","TENDE_SAPC",44.043167,7.586,636,2000101115,3.4,1,"","","","","","","","","","","","","","","","","","","","","","","","","","","","","","","","","","",13.6,1,11.1,1,13.5,1,"","",13.7,1,"","","","","","","","","","","","","","","","","","","","",85,1,"","","","","","","","","","","","",13.2,1,"","","","","","","","","","","","","","","","","","","","","","","","","","","","","","","","","","","","","","","","","","","","","","","","","","","","","","","","","","","","","","","","","","","","","","","","","","","","","","","","","","","","","","","","","","","","","","","","","","","","","","","","","","","","","","","","","","","",""
"06163007","TENDE_SAPC",44.043167,7.586,636,2000101116,2.2,1,"","","","","","","","","","","","","","","","","","","","","","","","","","","","","","","","","","",13.3,1,10.8,1,13.3,1,"","",13.6,1,"","","","","","","","","","","","","","","","","","","","",85,1,"","","","","","","","","","","","",13.,1,"","","","","","","","","","","","","","","","","","","","","","","","","","","","","","","","","","","","","","","","","","","","","","","","","","","","","","","","","","","","","","","","","","","","","","","","","","","","","","","","","","","","","","","","","","","","","","","","","","","","","","","","","","","","","","","","","","","",""
"06163007","TENDE_SAPC",44.043167,7.586,636,2000101117,0.2,1,"","","","","","","","","","","","","","","","","","","","","","","","","","","","","","","","","","",13.2,1,10.6,1,13.1,1,"","",13.5,1,"","","","","","","","","","","","","","","","","","","","",84,1,"","","","","","","","","","","","",12.7,1,"","","","","","","","","","","","","","","","","","","","","","","","","","","","","","","","","","","","","","","","","","","","","","","","","","","","","","","","","","","","","","","","","","","","","","","","","","","","","","","","","","","","","","","","","","","","","","","","","","","","","","","","","","","","","","","","","","","",""
"06163007","TENDE_SAPC",44.043167,7.586,636,2000101118,0.8,1,"","","","","","","","","","","","","","","","","","","","","","","","","","","","","","","","","","",12.6,1,10.1,1,12.6,1,"","",13.2,1,"","","","","","","","","","","","","","","","","","","","",85,1,"","","","","","","","","","","","",12.4,1,"","","","","","","","","","","","","","","","","","","","","","","","","","","","","","","","","","","","","","","","","","","","","","","","","","","","","","","","","","","","","","","","","","","","","","","","","","","","","","","","","","","","","","","","","","","","","","","","","","","","","","","","","","","","","","","","","","","",""
"06163007","TENDE_SAPC",44.043167,7.586,636,2000101119,0.2,1,"","","","","","","","","","","","","","","","","","","","","","","","","","","","","","","","","","",12.4,1,10.1,1,12.4,1,"","",12.6,1,"","","","","","","","","","","","","","","","","","","","",86,1,"","","","","","","","","","","","",12.4,1,"","","","","","","","","","","","","","","","","","","","","","","","","","","","","","","","","","","","","","","","","","","","","","","","","","","","","","","","","","","","","","","","","","","","","","","","","","","","","","","","","","","","","","","","","","","","","","","","","","","","","","","","","","","","","","","","","","","",""
"06163007","TENDE_SAPC",44.043167,7.586,636,2000101120,3.,1,"","","","","","","","","","","","","","","","","","","","","","","","","","","","","","","","","","",12.4,1,10.3,1,12.3,1,"","",12.5,1,"","","","","","","","","","","","","","","","","","","","",87,1,"","","","","","","","","","","","",12.5,1,"","","","","","","","","","","","","","","","","","","","","","","","","","","","","","","","","","","","","","","","","","","","","","","","","","","","","","","","","","","","","","","","","","","","","","","","","","","","","","","","","","","","","","","","","","","","","","","","","","","","","","","","","","","","","","","","","","","",""
"06163007","TENDE_SAPC",44.043167,7.586,636,2000101121,1.8,1,"","","","","","","","","","","","","","","","","","","","","","","","","","","","","","","","","","",12.3,1,10.2,1,12.3,1,"","",12.4,1,"","","","","","","","","","","","","","","","","","","","",87,1,"","","","","","","","","","","","",12.4,1,"","","","","","","","","","","","","","","","","","","","","","","","","","","","","","","","","","","","","","","","","","","","","","","","","","","","","","","","","","","","","","","","","","","","","","","","","","","","","","","","","","","","","","","","","","","","","","","","","","","","","","","","","","","","","","","","","","","",""
"06163007","TENDE_SAPC",44.043167,7.586,636,2000101122,0.8,1,"","","","","","","","","","","","","","","","","","","","","","","","","","","","","","","","","","",12.3,1,10.2,1,12.3,1,"","",12.4,1,"","","","","","","","","","","","","","","","","","","","",87,1,"","","","","","","","","","","","",12.4,1,"","","","","","","","","","","","","","","","","","","","","","","","","","","","","","","","","","","","","","","","","","","","","","","","","","","","","","","","","","","","","","","","","","","","","","","","","","","","","","","","","","","","","","","","","","","","","","","","","","","","","","","","","","","","","","","","","","","",""
"06163007","TENDE_SAPC",44.043167,7.586,636,2000101123,0.2,1,"","","","","","","","","","","","","","","","","","","","","","","","","","","","","","","","","","",12.2,1,10.3,1,12.1,1,"","",12.3,1,"","","","","","","","","","","","","","","","","","","","",88,1,"","","","","","","","","","","","",12.5,1,"","","","","","","","","","","","","","","","","","","","","","","","","","","","","","","","","","","","","","","","","","","","","","","","","","","","","","","","","","","","","","","","","","","","","","","","","","","","","","","","","","","","","","","","","","","","","","","","","","","","","","","","","","","","","","","","","","","",""
"06163007","TENDE_SAPC",44.043167,7.586,636,2000101200,1.4,1,"","","","","","","","","","","","","","","","","","","","","","","","","","","","","","","","","","",12.4,1,10.5,1,12.2,1,"","",12.4,1,"","","","","","","","","","","","","","","","","","","","",88,1,"","","","","","","","","","","","",12.6,1,"","","","","","","","","","","","","","","","","","","","","","","","","","","","","","","","","","","","","","","","","","","","","","","","","","","","","","","","","","","","","","","","","","","","","","","","","","","","","","","","","","","","","","","","","","","","","","","","","","","","","","","","","","","","","","","","","","","",""
"06163007","TENDE_SAPC",44.043167,7.586,636,2000101201,0.8,1,"","","","","","","","","","","","","","","","","","","","","","","","","","","","","","","","","","",12.9,1,11.,1,12.3,1,"","",12.9,1,"","","","","","","","","","","","","","","","","","","","",88,1,"","","","","","","","","","","","",13.1,1,"","","","","","","","","","","","","","","","","","","","","","","","","","","","","","","","","","","","","","","","","","","","","","","","","","","","","","","","","","","","","","","","","","","","","","","","","","","","","","","","","","","","","","","","","","","","","","","","","","","","","","","","","","","","","","","","","","","",""
"06163007","TENDE_SAPC",44.043167,7.586,636,2000101202,0.,1,"","","","","","","","","","","","","","","","","","","","","","","","","","","","","","","","","","",12.5,1,10.6,1,12.4,1,"","",12.9,1,"","","","","","","","","","","","","","","","","","","","",88,1,"","","","","","","","","","","","",12.7,1,"","","","","","","","","","","","","","","","","","","","","","","","","","","","","","","","","","","","","","","","","","","","","","","","","","","","","","","","","","","","","","","","","","","","","","","","","","","","","","","","","","","","","","","","","","","","","","","","","","","","","","","","","","","","","","","","","","","",""
"06163007","TENDE_SAPC",44.043167,7.586,636,2000101203,0.,1,"","","","","","","","","","","","","","","","","","","","","","","","","","","","","","","","","","",12.2,1,10.3,1,12.2,1,"","",12.5,1,"","","","","","","","","","","","","","","","","","","","",88,1,"","","","","","","","","","","","",12.5,1,"","","","","","","","","","","","","","","","","","","","","","","","","","","","","","","","","","","","","","","","","","","","","","","","","","","","","","","","","","","","","","","","","","","","","","","","","","","","","","","","","","","","","","","","","","","","","","","","","","","","","","","","","","","","","","","","","","","",""
"06163007","TENDE_SAPC",44.043167,7.586,636,2000101204,0.4,1,"","","","","","","","","","","","","","","","","","","","","","","","","","","","","","","","","","",12.3,1,10.4,1,12.1,1,"","",12.3,1,"","","","","","","","","","","","","","","","","","","","",88,1,"","","","","","","","","","","","",12.6,1,"","","","","","","","","","","","","","","","","","","","","","","","","","","","","","","","","","","","","","","","","","","","","","","","","","","","","","","","","","","","","","","","","","","","","","","","","","","","","","","","","","","","","","","","","","","","","","","","","","","","","","","","","","","","","","","","","","","",""
"06163007","TENDE_SAPC",44.043167,7.586,636,2000101205,0.,1,"","","","","","","","","","","","","","","","","","","","","","","","","","","","","","","","","","",12.2,1,10.3,1,12.,1,"","",12.3,1,"","","","","","","","","","","","","","","","","","","","",88,1,"","","","","","","","","","","","",12.5,1,"","","","","","","","","","","","","","","","","","","","","","","","","","","","","","","","","","","","","","","","","","","","","","","","","","","","","","","","","","","","","","","","","","","","","","","","","","","","","","","","","","","","","","","","","","","","","","","","","","","","","","","","","","","","","","","","","","","",""
"06163007","TENDE_SAPC",44.043167,7.586,636,2000101206,0.2,1,"","","","","","","","","","","","","","","","","","","","","","","","","","","","","","","","","","",11.8,1,9.9,1,11.8,1,"","",12.4,1,"","","","","","","","","","","","","","","","","","","","",88,1,"","","","","","","","","","","","",12.2,1,"","","","","","","","","","","","","","","","","","","","","","","","","","","","","","","","","","","","","","","","","","","","","","","","","","","","","","","","","","","","","","","","","","","","","","","","","","","","","","","","","","","","","","","","","","","","","","","","","","","","","","","","","","","","","","","","","","","",""
"06163007","TENDE_SAPC",44.043167,7.586,636,2000101207,0.,1,"","","","","","","","","","","","","","","","","","","","","","","","","","","","","","","","","","",11.9,1,10.,1,11.4,1,"","",11.9,1,"","","","","","","","","","","","","","","","","","","","",88,1,"","","","","","","","","","","","",12.2,1,"","","","","","","","","","","","","","","","","","","","","","","","","","","","","","","","","","","","","","","","","","","","","","","","","","","","","","","","","","","","","","","","","","","","","","","","","","","","","","","","","","","","","","","","","","","","","","","","","","","","","","","","","","","","","","","","","","","",""
"06163007","TENDE_SAPC",44.043167,7.586,636,2000101208,0.,1,"","","","","","","","","","","","","","","","","","","","","","","","","","","","","","","","","","",12.3,1,10.2,1,11.9,1,"","",12.4,1,"","","","","","","","","","","","","","","","","","","","",87,1,"","","","","","","","","","","","",12.4,1,"","","","","","","","","","","","","","","","","","","","","","","","","","","","","","","","","","","","","","","","","","","","","","","","","","","","","","","","","","","","","","","","","","","","","","","","","","","","","","","","","","","","","","","","","","","","","","","","","","","","","","","","","","","","","","","","","","","",""
"06163007","TENDE_SAPC",44.043167,7.586,636,2000101209,0.6,1,"","","","","","","","","","","","","","","","","","","","","","","","","","","","","","","","","","",12.6,1,10.5,1,12.3,1,"","",12.7,1,"","","","","","","","","","","","","","","","","","","","",87,1,"","","","","","","","","","","","",12.7,1,"","","","","","","","","","","","","","","","","","","","","","","","","","","","","","","","","","","","","","","","","","","","","","","","","","","","","","","","","","","","","","","","","","","","","","","","","","","","","","","","","","","","","","","","","","","","","","","","","","","","","","","","","","","","","","","","","","","",""
"06163007","TENDE_SAPC",44.043167,7.586,636,2000101210,3.8,1,"","","","","","","","","","","","","","","","","","","","","","","","","","","","","","","","","","",12.8,1,10.7,1,12.6,1,"","",12.8,1,"","","","","","","","","","","","","","","","","","","","",87,1,"","","","","","","","","","","","",12.8,1,"","","","","","","","","","","","","","","","","","","","","","","","","","","","","","","","","","","","","","","","","","","","","","","","","","","","","","","","","","","","","","","","","","","","","","","","","","","","","","","","","","","","","","","","","","","","","","","","","","","","","","","","","","","","","","","","","","","",""
"06163007","TENDE_SAPC",44.043167,7.586,636,2000101211,3.2,1,"","","","","","","","","","","","","","","","","","","","","","","","","","","","","","","","","","",12.8,1,10.5,1,12.8,1,"","",13.,1,"","","","","","","","","","","","","","","","","","","","",86,1,"","","","","","","","","","","","",12.7,1,"","","","","","","","","","","","","","","","","","","","","","","","","","","","","","","","","","","","","","","","","","","","","","","","","","","","","","","","","","","","","","","","","","","","","","","","","","","","","","","","","","","","","","","","","","","","","","","","","","","","","","","","","","","","","","","","","","","",""
"06163007","TENDE_SAPC",44.043167,7.586,636,2000101212,2.8,1,"","","","","","","","","","","","","","","","","","","","","","","","","","","","","","","","","","",12.9,1,10.6,1,12.7,1,"","",13.,1,"","","","","","","","","","","","","","","","","","","","",86,1,"","","","","","","","","","","","",12.8,1,"","","","","","","","","","","","","","","","","","","","","","","","","","","","","","","","","","","","","","","","","","","","","","","","","","","","","","","","","","","","","","","","","","","","","","","","","","","","","","","","","","","","","","","","","","","","","","","","","","","","","","","","","","","","","","","","","","","",""
"06163007","TENDE_SAPC",44.043167,7.586,636,2000101213,3.2,1,"","","","","","","","","","","","","","","","","","","","","","","","","","","","","","","","","","",13.1,1,10.8,1,12.9,1,"","",13.2,1,"","","","","","","","","","","","","","","","","","","","",86,1,"","","","","","","","","","","","",12.9,1,"","","","","","","","","","","","","","","","","","","","","","","","","","","","","","","","","","","","","","","","","","","","","","","","","","","","","","","","","","","","","","","","","","","","","","","","","","","","","","","","","","","","","","","","","","","","","","","","","","","","","","","","","","","","","","","","","","","",""
"06163007","TENDE_SAPC",44.043167,7.586,636,2000101214,0.2,1,"","","","","","","","","","","","","","","","","","","","","","","","","","","","","","","","","","",13.3,1,10.5,1,13.1,1,"","",13.6,1,"","","","","","","","","","","","","","","","","","","","",83,1,"","","","","","","","","","","","",12.7,1,"","","","","","","","","","","","","","","","","","","","","","","","","","","","","","","","","","","","","","","","","","","","","","","","","","","","","","","","","","","","","","","","","","","","","","","","","","","","","","","","","","","","","","","","","","","","","","","","","","","","","","","","","","","","","","","","","","","",""
"06163007","TENDE_SAPC",44.043167,7.586,636,2000101215,0.,1,"","","","","","","","","","","","","","","","","","","","","","","","","","","","","","","","","","",13.2,1,10.7,1,13.2,1,"","",13.5,1,"","","","","","","","","","","","","","","","","","","","",85,1,"","","","","","","","","","","","",12.9,1,"","","","","","","","","","","","","","","","","","","","","","","","","","","","","","","","","","","","","","","","","","","","","","","","","","","","","","","","","","","","","","","","","","","","","","","","","","","","","","","","","","","","","","","","","","","","","","","","","","","","","","","","","","","","","","","","","","","",""
"06163007","TENDE_SAPC",44.043167,7.586,636,2000101216,0.,1,"","","","","","","","","","","","","","","","","","","","","","","","","","","","","","","","","","",13.,1,10.7,1,12.9,1,"","",13.2,1,"","","","","","","","","","","","","","","","","","","","",86,1,"","","","","","","","","","","","",12.9,1,"","","","","","","","","","","","","","","","","","","","","","","","","","","","","","","","","","","","","","","","","","","","","","","","","","","","","","","","","","","","","","","","","","","","","","","","","","","","","","","","","","","","","","","","","","","","","","","","","","","","","","","","","","","","","","","","","","","",""
"06163007","TENDE_SAPC",44.043167,7.586,636,2000101217,0.2,1,"","","","","","","","","","","","","","","","","","","","","","","","","","","","","","","","","","",12.7,1,10.4,1,12.6,1,"","",13.1,1,"","","","","","","","","","","","","","","","","","","","",86,1,"","","","","","","","","","","","",12.6,1,"","","","","","","","","","","","","","","","","","","","","","","","","","","","","","","","","","","","","","","","","","","","","","","","","","","","","","","","","","","","","","","","","","","","","","","","","","","","","","","","","","","","","","","","","","","","","","","","","","","","","","","","","","","","","","","","","","","",""
"06163007","TENDE_SAPC",44.043167,7.586,636,2000101218,0.,1,"","","","","","","","","","","","","","","","","","","","","","","","","","","","","","","","","","",12.7,1,10.6,1,12.5,1,"","",12.8,1,"","","","","","","","","","","","","","","","","","","","",87,1,"","","","","","","","","","","","",12.8,1,"","","","","","","","","","","","","","","","","","","","","","","","","","","","","","","","","","","","","","","","","","","","","","","","","","","","","","","","","","","","","","","","","","","","","","","","","","","","","","","","","","","","","","","","","","","","","","","","","","","","","","","","","","","","","","","","","","","",""
"06163007","TENDE_SAPC",44.043167,7.586,636,2000101219,4.,1,"","","","","","","","","","","","","","","","","","","","","","","","","","","","","","","","","","",12.7,1,10.6,1,12.6,1,"","",12.8,1,"","","","","","","","","","","","","","","","","","","","",87,1,"","","","","","","","","","","","",12.8,1,"","","","","","","","","","","","","","","","","","","","","","","","","","","","","","","","","","","","","","","","","","","","","","","","","","","","","","","","","","","","","","","","","","","","","","","","","","","","","","","","","","","","","","","","","","","","","","","","","","","","","","","","","","","","","","","","","","","",""
"06163007","TENDE_SAPC",44.043167,7.586,636,2000101220,4.,1,"","","","","","","","","","","","","","","","","","","","","","","","","","","","","","","","","","",12.8,1,10.9,1,12.5,1,"","",12.8,1,"","","","","","","","","","","","","","","","","","","","",88,1,"","","","","","","","","","","","",13.,1,"","","","","","","","","","","","","","","","","","","","","","","","","","","","","","","","","","","","","","","","","","","","","","","","","","","","","","","","","","","","","","","","","","","","","","","","","","","","","","","","","","","","","","","","","","","","","","","","","","","","","","","","","","","","","","","","","","","",""
"06163007","TENDE_SAPC",44.043167,7.586,636,2000101221,8.2,1,"","","","","","","","","","","","","","","","","","","","","","","","","","","","","","","","","","",13.,1,11.1,1,12.6,1,"","",13.,1,"","","","","","","","","","","","","","","","","","","","",88,1,"","","","","","","","","","","","",13.2,1,"","","","","","","","","","","","","","","","","","","","","","","","","","","","","","","","","","","","","","","","","","","","","","","","","","","","","","","","","","","","","","","","","","","","","","","","","","","","","","","","","","","","","","","","","","","","","","","","","","","","","","","","","","","","","","","","","","","",""
"06163007","TENDE_SAPC",44.043167,7.586,636,2000101222,2.2,1,"","","","","","","","","","","","","","","","","","","","","","","","","","","","","","","","","","",15.2,1,13.4,1,13.,1,"","",15.2,1,"","","","","","","","","","","","","","","","","","","","",89,1,"","","","","","","","","","","","",15.3,1,"","","","","","","","","","","","","","","","","","","","","","","","","","","","","","","","","","","","","","","","","","","","","","","","","","","","","","","","","","","","","","","","","","","","","","","","","","","","","","","","","","","","","","","","","","","","","","","","","","","","","","","","","","","","","","","","","","","",""
"06163007","TENDE_SAPC",44.043167,7.586,636,2000101223,1.4,1,"","","","","","","","","","","","","","","","","","","","","","","","","","","","","","","","","","",15.6,1,13.4,1,15.1,1,"","",15.7,1,"","","","","","","","","","","","","","","","","","","","",87,1,"","","","","","","","","","","","",15.4,1,"","","","","","","","","","","","","","","","","","","","","","","","","","","","","","","","","","","","","","","","","","","","","","","","","","","","","","","","","","","","","","","","","","","","","","","","","","","","","","","","","","","","","","","","","","","","","","","","","","","","","","","","","","","","","","","","","","","",""
"06163007","TENDE_SAPC",44.043167,7.586,636,2000101300,0.2,1,"","","","","","","","","","","","","","","","","","","","","","","","","","","","","","","","","","",15.3,1,13.3,1,15.1,1,"","",15.6,1,"","","","","","","","","","","","","","","","","","","","",88,1,"","","","","","","","","","","","",15.3,1,"","","","","","","","","","","","","","","","","","","","","","","","","","","","","","","","","","","","","","","","","","","","","","","","","","","","","","","","","","","","","","","","","","","","","","","","","","","","","","","","","","","","","","","","","","","","","","","","","","","","","","","","","","","","","","","","","","","",""
"06163007","TENDE_SAPC",44.043167,7.586,636,2000101301,1.2,1,"","","","","","","","","","","","","","","","","","","","","","","","","","","","","","","","","","",15.,1,13.,1,14.6,1,"","",15.6,1,"","","","","","","","","","","","","","","","","","","","",88,1,"","","","","","","","","","","","",15.,1,"","","","","","","","","","","","","","","","","","","","","","","","","","","","","","","","","","","","","","","","","","","","","","","","","","","","","","","","","","","","","","","","","","","","","","","","","","","","","","","","","","","","","","","","","","","","","","","","","","","","","","","","","","","","","","","","","","","",""
"06163007","TENDE_SAPC",44.043167,7.586,636,2000101302,6.,1,"","","","","","","","","","","","","","","","","","","","","","","","","","","","","","","","","","",14.7,1,12.9,1,14.7,1,"","",15.1,1,"","","","","","","","","","","","","","","","","","","","",89,1,"","","","","","","","","","","","",14.9,1,"","","","","","","","","","","","","","","","","","","","","","","","","","","","","","","","","","","","","","","","","","","","","","","","","","","","","","","","","","","","","","","","","","","","","","","","","","","","","","","","","","","","","","","","","","","","","","","","","","","","","","","","","","","","","","","","","","","",""
"06163007","TENDE_SAPC",44.043167,7.586,636,2000101303,0.4,1,"","","","","","","","","","","","","","","","","","","","","","","","","","","","","","","","","","",13.4,1,11.3,1,13.2,1,"","",14.7,1,"","","","","","","","","","","","","","","","","","","","",87,1,"","","","","","","","","","","","",13.3,1,"","","","","","","","","","","","","","","","","","","","","","","","","","","","","","","","","","","","","","","","","","","","","","","","","","","","","","","","","","","","","","","","","","","","","","","","","","","","","","","","","","","","","","","","","","","","","","","","","","","","","","","","","","","","","","","","","","","",""
"06163007","TENDE_SAPC",44.043167,7.586,636,2000101304,0.,1,"","","","","","","","","","","","","","","","","","","","","","","","","","","","","","","","","","",12.6,1,10.5,1,12.5,1,"","",13.4,1,"","","","","","","","","","","","","","","","","","","","",87,1,"","","","","","","","","","","","",12.7,1,"","","","","","","","","","","","","","","","","","","","","","","","","","","","","","","","","","","","","","","","","","","","","","","","","","","","","","","","","","","","","","","","","","","","","","","","","","","","","","","","","","","","","","","","","","","","","","","","","","","","","","","","","","","","","","","","","","","",""
"06163007","TENDE_SAPC",44.043167,7.586,636,2000101305,0.,1,"","","","","","","","","","","","","","","","","","","","","","","","","","","","","","","","","","",12.9,1,10.8,1,12.6,1,"","",12.9,1,"","","","","","","","","","","","","","","","","","","","",87,1,"","","","","","","","","","","","",12.9,1,"","","","","","","","","","","","","","","","","","","","","","","","","","","","","","","","","","","","","","","","","","","","","","","","","","","","","","","","","","","","","","","","","","","","","","","","","","","","","","","","","","","","","","","","","","","","","","","","","","","","","","","","","","","","","","","","","","","",""
"06163007","TENDE_SAPC",44.043167,7.586,636,2000101306,0.,1,"","","","","","","","","","","","","","","","","","","","","","","","","","","","","","","","","","",12.7,1,10.2,1,12.6,1,"","",12.8,1,"","","","","","","","","","","","","","","","","","","","",85,1,"","","","","","","","","","","","",12.5,1,"","","","","","","","","","","","","","","","","","","","","","","","","","","","","","","","","","","","","","","","","","","","","","","","","","","","","","","","","","","","","","","","","","","","","","","","","","","","","","","","","","","","","","","","","","","","","","","","","","","","","","","","","","","","","","","","","","","",""
"06163007","TENDE_SAPC",44.043167,7.586,636,2000101307,0.,1,"","","","","","","","","","","","","","","","","","","","","","","","","","","","","","","","","","",13.1,1,10.3,1,12.7,1,"","",13.1,1,"","","","","","","","","","","","","","","","","","","","",83,1,"","","","","","","","","","","","",12.5,1,"","","","","","","","","","","","","","","","","","","","","","","","","","","","","","","","","","","","","","","","","","","","","","","","","","","","","","","","","","","","","","","","","","","","","","","","","","","","","","","","","","","","","","","","","","","","","","","","","","","","","","","","","","","","","","","","","","","",""
"06163007","TENDE_SAPC",44.043167,7.586,636,2000101308,0.,1,"","","","","","","","","","","","","","","","","","","","","","","","","","","","","","","","","","",14.1,1,10.5,1,13.1,1,"","",14.1,1,"","","","","","","","","","","","","","","","","","","","",79,1,"","","","","","","","","","","","",12.7,1,"","","","","","","","","","","","","","","","","","","","","","","","","","","","","","","","","","","","","","","","","","","","","","","","","","","","","","","","","","","","","","","","","","","","","","","","","","","","","","","","","","","","","","","","","","","","","","","","","","","","","","","","","","","","","","","","","","","",""
"06163007","TENDE_SAPC",44.043167,7.586,636,2000101309,0.,1,"","","","","","","","","","","","","","","","","","","","","","","","","","","","","","","","","","",15.5,1,11.7,1,14.1,1,"","",15.5,1,"","","","","","","","","","","","","","","","","","","","",78,1,"","","","","","","","","","","","",13.7,1,"","","","","","","","","","","","","","","","","","","","","","","","","","","","","","","","","","","","","","","","","","","","","","","","","","","","","","","","","","","","","","","","","","","","","","","","","","","","","","","","","","","","","","","","","","","","","","","","","","","","","","","","","","","","","","","","","","","",""
"06163007","TENDE_SAPC",44.043167,7.586,636,2000101310,0.,1,"","","","","","","","","","","","","","","","","","","","","","","","","","","","","","","","","","",16.6,1,11.7,1,15.6,1,"","",16.6,1,"","","","","","","","","","","","","","","","","","","","",73,1,"","","","","","","","","","","","",13.8,1,"","","","","","","","","","","","","","","","","","","","","","","","","","","","","","","","","","","","","","","","","","","","","","","","","","","","","","","","","","","","","","","","","","","","","","","","","","","","","","","","","","","","","","","","","","","","","","","","","","","","","","","","","","","","","","","","","","","",""
"06163007","TENDE_SAPC",44.043167,7.586,636,2000101311,0.,1,"","","","","","","","","","","","","","","","","","","","","","","","","","","","","","","","","","",17.,1,12.1,1,16.5,1,"","",17.,1,"","","","","","","","","","","","","","","","","","","","",73,1,"","","","","","","","","","","","",14.1,1,"","","","","","","","","","","","","","","","","","","","","","","","","","","","","","","","","","","","","","","","","","","","","","","","","","","","","","","","","","","","","","","","","","","","","","","","","","","","","","","","","","","","","","","","","","","","","","","","","","","","","","","","","","","","","","","","","","","",""
"06163007","TENDE_SAPC",44.043167,7.586,636,2000101312,0.,1,"","","","","","","","","","","","","","","","","","","","","","","","","","","","","","","","","","",17.5,1,14.2,1,17.1,1,"","",17.6,1,"","","","","","","","","","","","","","","","","","","","",81,1,"","","","","","","","","","","","",16.2,1,"","","","","","","","","","","","","","","","","","","","","","","","","","","","","","","","","","","","","","","","","","","","","","","","","","","","","","","","","","","","","","","","","","","","","","","","","","","","","","","","","","","","","","","","","","","","","","","","","","","","","","","","","","","","","","","","","","","",""
"06163007","TENDE_SAPC",44.043167,7.586,636,2000101313,0.,1,"","","","","","","","","","","","","","","","","","","","","","","","","","","","","","","","","","",18.1,1,12.8,1,17.4,1,"","",18.1,1,"","","","","","","","","","","","","","","","","","","","",71,1,"","","","","","","","","","","","",14.7,1,"","","","","","","","","","","","","","","","","","","","","","","","","","","","","","","","","","","","","","","","","","","","","","","","","","","","","","","","","","","","","","","","","","","","","","","","","","","","","","","","","","","","","","","","","","","","","","","","","","","","","","","","","","","","","","","","","","","",""
"06163007","TENDE_SAPC",44.043167,7.586,636,2000101314,0.,1,"","","","","","","","","","","","","","","","","","","","","","","","","","","","","","","","","","",18.3,1,"","",18.1,1,"","",18.7,1,"","","","","","","","","","","","","","","","","","","","","","","","","","","","","","","","","","","","","","","","","","","","","","","","","","","","","","","","","","","","","","","","","","","","","","","","","","","","","","","","","","","","","","","","","","","","","","","","","","","","","","","","","","","","","","","","","","","","","","","","","","","","","","","","","","","","","","","","","","","","","","","","","","","","","","","",""
"06163007","TENDE_SAPC",44.043167,7.586,636,2000101315,0.,1,"","","","","","","","","","","","","","","","","","","","","","","","","","","","","","","","","","",17.9,1,12.6,1,17.8,1,"","",18.3,1,"","","","","","","","","","","","","","","","","","","","",71,1,"","","","","","","","","","","","",14.5,1,"","","","","","","","","","","","","","","","","","","","","","","","","","","","","","","","","","","","","","","","","","","","","","","","","","","","","","","","","","","","","","","","","","","","","","","","","","","","","","","","","","","","","","","","","","","","","","","","","","","","","","","","","","","","","","","","","","","",""
"06163007","TENDE_SAPC",44.043167,7.586,636,2000101316,0.,1,"","","","","","","","","","","","","","","","","","","","","","","","","","","","","","","","","","",17.1,1,14.2,1,17.1,1,"","",18.1,1,"","","","","","","","","","","","","","","","","","","","",83,1,"","","","","","","","","","","","",16.1,1,"","","","","","","","","","","","","","","","","","","","","","","","","","","","","","","","","","","","","","","","","","","","","","","","","","","","","","","","","","","","","","","","","","","","","","","","","","","","","","","","","","","","","","","","","","","","","","","","","","","","","","","","","","","","","","","","","","","",""
"06163007","TENDE_SAPC",44.043167,7.586,636,2000101317,0.,1,"","","","","","","","","","","","","","","","","","","","","","","","","","","","","","","","","","",16.2,1,13.9,1,16.2,1,"","",17.1,1,"","","","","","","","","","","","","","","","","","","","",86,1,"","","","","","","","","","","","",15.8,1,"","","","","","","","","","","","","","","","","","","","","","","","","","","","","","","","","","","","","","","","","","","","","","","","","","","","","","","","","","","","","","","","","","","","","","","","","","","","","","","","","","","","","","","","","","","","","","","","","","","","","","","","","","","","","","","","","","","",""
"06163007","TENDE_SAPC",44.043167,7.586,636,2000101318,0.,1,"","","","","","","","","","","","","","","","","","","","","","","","","","","","","","","","","","",15.9,1,13.2,1,15.8,1,"","",16.1,1,"","","","","","","","","","","","","","","","","","","","",84,1,"","","","","","","","","","","","",15.1,1,"","","","","","","","","","","","","","","","","","","","","","","","","","","","","","","","","","","","","","","","","","","","","","","","","","","","","","","","","","","","","","","","","","","","","","","","","","","","","","","","","","","","","","","","","","","","","","","","","","","","","","","","","","","","","","","","","","","",""
"06163007","TENDE_SAPC",44.043167,7.586,636,2000101319,0.,1,"","","","","","","","","","","","","","","","","","","","","","","","","","","","","","","","","","",15.4,1,12.3,1,15.3,1,"","",16.,1,"","","","","","","","","","","","","","","","","","","","",82,1,"","","","","","","","","","","","",14.3,1,"","","","","","","","","","","","","","","","","","","","","","","","","","","","","","","","","","","","","","","","","","","","","","","","","","","","","","","","","","","","","","","","","","","","","","","","","","","","","","","","","","","","","","","","","","","","","","","","","","","","","","","","","","","","","","","","","","","",""
"06163007","TENDE_SAPC",44.043167,7.586,636,2000101320,0.,1,"","","","","","","","","","","","","","","","","","","","","","","","","","","","","","","","","","",15.9,1,11.7,1,15.4,1,"","",15.9,1,"","","","","","","","","","","","","","","","","","","","",76,1,"","","","","","","","","","","","",13.7,1,"","","","","","","","","","","","","","","","","","","","","","","","","","","","","","","","","","","","","","","","","","","","","","","","","","","","","","","","","","","","","","","","","","","","","","","","","","","","","","","","","","","","","","","","","","","","","","","","","","","","","","","","","","","","","","","","","","","",""
"06163007","TENDE_SAPC",44.043167,7.586,636,2000101321,0.,1,"","","","","","","","","","","","","","","","","","","","","","","","","","","","","","","","","","",17.2,1,11.,1,15.7,1,"","",17.7,1,"","","","","","","","","","","","","","","","","","","","",67,1,"","","","","","","","","","","","",13.1,1,"","","","","","","","","","","","","","","","","","","","","","","","","","","","","","","","","","","","","","","","","","","","","","","","","","","","","","","","","","","","","","","","","","","","","","","","","","","","","","","","","","","","","","","","","","","","","","","","","","","","","","","","","","","","","","","","","","","",""
"06163007","TENDE_SAPC",44.043167,7.586,636,2000101322,0.,1,"","","","","","","","","","","","","","","","","","","","","","","","","","","","","","","","","","",16.,1,11.8,1,16.,1,"","",17.3,1,"","","","","","","","","","","","","","","","","","","","",76,1,"","","","","","","","","","","","",13.8,1,"","","","","","","","","","","","","","","","","","","","","","","","","","","","","","","","","","","","","","","","","","","","","","","","","","","","","","","","","","","","","","","","","","","","","","","","","","","","","","","","","","","","","","","","","","","","","","","","","","","","","","","","","","","","","","","","","","","",""
"06163007","TENDE_SAPC",44.043167,7.586,636,2000101323,0.,1,"","","","","","","","","","","","","","","","","","","","","","","","","","","","","","","","","","",15.6,1,12.,1,15.4,1,"","",16.1,1,"","","","","","","","","","","","","","","","","","","","",79,1,"","","","","","","","","","","","",14.,1,"","","","","","","","","","","","","","","","","","","","","","","","","","","","","","","","","","","","","","","","","","","","","","","","","","","","","","","","","","","","","","","","","","","","","","","","","","","","","","","","","","","","","","","","","","","","","","","","","","","","","","","","","","","","","","","","","","","",""
"06163007","TENDE_SAPC",44.043167,7.586,636,2000101400,0.,1,"","","","","","","","","","","","","","","","","","","","","","","","","","","","","","","","","","",15.9,1,12.6,1,15.4,1,"","",16.,1,"","","","","","","","","","","","","","","","","","","","",81,1,"","","","","","","","","","","","",14.6,1,"","","","","","","","","","","","","","","","","","","","","","","","","","","","","","","","","","","","","","","","","","","","","","","","","","","","","","","","","","","","","","","","","","","","","","","","","","","","","","","","","","","","","","","","","","","","","","","","","","","","","","","","","","","","","","","","","","","",""
"06163007","TENDE_SAPC",44.043167,7.586,636,2000101401,0.,1,"","","","","","","","","","","","","","","","","","","","","","","","","","","","","","","","","","",15.7,1,12.6,1,15.7,1,"","",17.6,1,"","","","","","","","","","","","","","","","","","","","",82,1,"","","","","","","","","","","","",14.6,1,"","","","","","","","","","","","","","","","","","","","","","","","","","","","","","","","","","","","","","","","","","","","","","","","","","","","","","","","","","","","","","","","","","","","","","","","","","","","","","","","","","","","","","","","","","","","","","","","","","","","","","","","","","","","","","","","","","","",""
"06163007","TENDE_SAPC",44.043167,7.586,636,2000101402,0.,1,"","","","","","","","","","","","","","","","","","","","","","","","","","","","","","","","","","",15.5,1,13.,1,15.4,1,"","",15.7,1,"","","","","","","","","","","","","","","","","","","","",85,1,"","","","","","","","","","","","",14.9,1,"","","","","","","","","","","","","","","","","","","","","","","","","","","","","","","","","","","","","","","","","","","","","","","","","","","","","","","","","","","","","","","","","","","","","","","","","","","","","","","","","","","","","","","","","","","","","","","","","","","","","","","","","","","","","","","","","","","",""
"06163007","TENDE_SAPC",44.043167,7.586,636,2000101403,0.,1,"","","","","","","","","","","","","","","","","","","","","","","","","","","","","","","","","","",16.3,1,12.6,1,15.4,1,"","",16.3,1,"","","","","","","","","","","","","","","","","","","","",79,1,"","","","","","","","","","","","",14.6,1,"","","","","","","","","","","","","","","","","","","","","","","","","","","","","","","","","","","","","","","","","","","","","","","","","","","","","","","","","","","","","","","","","","","","","","","","","","","","","","","","","","","","","","","","","","","","","","","","","","","","","","","","","","","","","","","","","","","",""
"06163007","TENDE_SAPC",44.043167,7.586,636,2000101404,0.,1,"","","","","","","","","","","","","","","","","","","","","","","","","","","","","","","","","","",15.9,1,13.2,1,15.9,1,"","",16.3,1,"","","","","","","","","","","","","","","","","","","","",84,1,"","","","","","","","","","","","",15.1,1,"","","","","","","","","","","","","","","","","","","","","","","","","","","","","","","","","","","","","","","","","","","","","","","","","","","","","","","","","","","","","","","","","","","","","","","","","","","","","","","","","","","","","","","","","","","","","","","","","","","","","","","","","","","","","","","","","","","",""
"06163007","TENDE_SAPC",44.043167,7.586,636,2000101405,0.,1,"","","","","","","","","","","","","","","","","","","","","","","","","","","","","","","","","","",15.7,1,13.2,1,15.7,1,"","",16.4,1,"","","","","","","","","","","","","","","","","","","","",85,1,"","","","","","","","","","","","",15.1,1,"","","","","","","","","","","","","","","","","","","","","","","","","","","","","","","","","","","","","","","","","","","","","","","","","","","","","","","","","","","","","","","","","","","","","","","","","","","","","","","","","","","","","","","","","","","","","","","","","","","","","","","","","","","","","","","","","","","",""
"06163007","TENDE_SAPC",44.043167,7.586,636,2000101406,1.,1,"","","","","","","","","","","","","","","","","","","","","","","","","","","","","","","","","","",16.6,1,14.4,1,"","","","","","","","","","","","","","","","","","","","","","","","","","",87,1,"","","","","","","","","","","","",16.4,1,"","","","","","","","","","","","","","","","","","","","","","","","","","","","","","","","","","","","","","","","","","","","","","","","","","","","","","","","","","","","","","","","","","","","","","","","","","","","","","","","","","","","","","","","","","","","","","","","","","","","","","","","","","","","","","","","","","","",""
"06163007","TENDE_SAPC",44.043167,7.586,636,2000101407,0.,1,"","","","","","","","","","","","","","","","","","","","","","","","","","","","","","","","","","",15.8,1,14.,1,15.8,1,"","",16.6,1,"","","","","","","","","","","","","","","","","","","","",89,1,"","","","","","","","","","","","",15.9,1,"","","","","","","","","","","","","","","","","","","","","","","","","","","","","","","","","","","","","","","","","","","","","","","","","","","","","","","","","","","","","","","","","","","","","","","","","","","","","","","","","","","","","","","","","","","","","","","","","","","","","","","","","","","","","","","","","","","",""
"06163007","TENDE_SAPC",44.043167,7.586,636,2000101408,0.4,1,"","","","","","","","","","","","","","","","","","","","","","","","","","","","","","","","","","",15.9,1,14.3,1,15.7,1,"","",16.,1,"","","","","","","","","","","","","","","","","","","","",90,1,"","","","","","","","","","","","",16.2,1,"","","","","","","","","","","","","","","","","","","","","","","","","","","","","","","","","","","","","","","","","","","","","","","","","","","","","","","","","","","","","","","","","","","","","","","","","","","","","","","","","","","","","","","","","","","","","","","","","","","","","","","","","","","","","","","","","","","",""
"06163007","TENDE_SAPC",44.043167,7.586,636,2000101409,7.4,1,"","","","","","","","","","","","","","","","","","","","","","","","","","","","","","","","","","",15.9,1,13.4,1,15.3,1,"","",16.1,1,"","","","","","","","","","","","","","","","","","","","",85,1,"","","","","","","","","","","","",15.3,1,"","","","","","","","","","","","","","","","","","","","","","","","","","","","","","","","","","","","","","","","","","","","","","","","","","","","","","","","","","","","","","","","","","","","","","","","","","","","","","","","","","","","","","","","","","","","","","","","","","","","","","","","","","","","","","","","","","","",""
"06163007","TENDE_SAPC",44.043167,7.586,636,2000101410,0.4,1,"","","","","","","","","","","","","","","","","","","","","","","","","","","","","","","","","","",15.7,1,13.9,1,15.7,1,"","",16.,1,"","","","","","","","","","","","","","","","","","","","",89,1,"","","","","","","","","","","","",15.8,1,"","","","","","","","","","","","","","","","","","","","","","","","","","","","","","","","","","","","","","","","","","","","","","","","","","","","","","","","","","","","","","","","","","","","","","","","","","","","","","","","","","","","","","","","","","","","","","","","","","","","","","","","","","","","","","","","","","","",""
"06163007","TENDE_SAPC",44.043167,7.586,636,2000101411,0.2,1,"","","","","","","","","","","","","","","","","","","","","","","","","","","","","","","","","","",16.3,1,14.1,1,15.6,1,"","",16.5,1,"","","","","","","","","","","","","","","","","","","","",87,1,"","","","","","","","","","","","",16.1,1,"","","","","","","","","","","","","","","","","","","","","","","","","","","","","","","","","","","","","","","","","","","","","","","","","","","","","","","","","","","","","","","","","","","","","","","","","","","","","","","","","","","","","","","","","","","","","","","","","","","","","","","","","","","","","","","","","","","",""
"06163007","TENDE_SAPC",44.043167,7.586,636,2000101412,0.4,1,"","","","","","","","","","","","","","","","","","","","","","","","","","","","","","","","","","",16.5,1,14.,1,16.2,1,"","",16.6,1,"","","","","","","","","","","","","","","","","","","","",85,1,"","","","","","","","","","","","",15.9,1,"","","","","","","","","","","","","","","","","","","","","","","","","","","","","","","","","","","","","","","","","","","","","","","","","","","","","","","","","","","","","","","","","","","","","","","","","","","","","","","","","","","","","","","","","","","","","","","","","","","","","","","","","","","","","","","","","","","",""
"06163007","TENDE_SAPC",44.043167,7.586,636,2000101413,0.,1,"","","","","","","","","","","","","","","","","","","","","","","","","","","","","","","","","","",17.1,1,14.,1,16.5,1,"","",17.2,1,"","","","","","","","","","","","","","","","","","","","",82,1,"","","","","","","","","","","","",16.,1,"","","","","","","","","","","","","","","","","","","","","","","","","","","","","","","","","","","","","","","","","","","","","","","","","","","","","","","","","","","","","","","","","","","","","","","","","","","","","","","","","","","","","","","","","","","","","","","","","","","","","","","","","","","","","","","","","","","",""
"06163007","TENDE_SAPC",44.043167,7.586,636,2000101414,0.2,1,"","","","","","","","","","","","","","","","","","","","","","","","","","","","","","","","","","",16.3,1,13.6,1,16.3,1,"","",17.4,1,"","","","","","","","","","","","","","","","","","","","",84,1,"","","","","","","","","","","","",15.5,1,"","","","","","","","","","","","","","","","","","","","","","","","","","","","","","","","","","","","","","","","","","","","","","","","","","","","","","","","","","","","","","","","","","","","","","","","","","","","","","","","","","","","","","","","","","","","","","","","","","","","","","","","","","","","","","","","","","","",""
"06163007","TENDE_SAPC",44.043167,7.586,636,2000101415,1.6,1,"","","","","","","","","","","","","","","","","","","","","","","","","","","","","","","","","","",15.9,1,13.6,1,15.9,1,"","",16.3,1,"","","","","","","","","","","","","","","","","","","","",86,1,"","","","","","","","","","","","",15.5,1,"","","","","","","","","","","","","","","","","","","","","","","","","","","","","","","","","","","","","","","","","","","","","","","","","","","","","","","","","","","","","","","","","","","","","","","","","","","","","","","","","","","","","","","","","","","","","","","","","","","","","","","","","","","","","","","","","","","",""
"06163007","TENDE_SAPC",44.043167,7.586,636,2000101416,7.8,1,"","","","","","","","","","","","","","","","","","","","","","","","","","","","","","","","","","",15.3,1,13.1,1,15.3,1,"","",16.,1,"","","","","","","","","","","","","","","","","","","","",87,1,"","","","","","","","","","","","",15.1,1,"","","","","","","","","","","","","","","","","","","","","","","","","","","","","","","","","","","","","","","","","","","","","","","","","","","","","","","","","","","","","","","","","","","","","","","","","","","","","","","","","","","","","","","","","","","","","","","","","","","","","","","","","","","","","","","","","","","",""
"06163007","TENDE_SAPC",44.043167,7.586,636,2000101417,3.8,1,"","","","","","","","","","","","","","","","","","","","","","","","","","","","","","","","","","",14.6,1,12.5,1,14.6,1,"","",15.3,1,"","","","","","","","","","","","","","","","","","","","",87,1,"","","","","","","","","","","","",14.4,1,"","","","","","","","","","","","","","","","","","","","","","","","","","","","","","","","","","","","","","","","","","","","","","","","","","","","","","","","","","","","","","","","","","","","","","","","","","","","","","","","","","","","","","","","","","","","","","","","","","","","","","","","","","","","","","","","","","","",""
"06163007","TENDE_SAPC",44.043167,7.586,636,2000101418,4.4,1,"","","","","","","","","","","","","","","","","","","","","","","","","","","","","","","","","","",14.5,1,12.2,1,14.4,1,"","",14.7,1,"","","","","","","","","","","","","","","","","","","","",86,1,"","","","","","","","","","","","",14.2,1,"","","","","","","","","","","","","","","","","","","","","","","","","","","","","","","","","","","","","","","","","","","","","","","","","","","","","","","","","","","","","","","","","","","","","","","","","","","","","","","","","","","","","","","","","","","","","","","","","","","","","","","","","","","","","","","","","","","",""
"06163007","TENDE_SAPC",44.043167,7.586,636,2000101419,7.,1,"","","","","","","","","","","","","","","","","","","","","","","","","","","","","","","","","","",14.,1,11.7,1,13.9,1,"","",14.4,1,"","","","","","","","","","","","","","","","","","","","",86,1,"","","","","","","","","","","","",13.7,1,"","","","","","","","","","","","","","","","","","","","","","","","","","","","","","","","","","","","","","","","","","","","","","","","","","","","","","","","","","","","","","","","","","","","","","","","","","","","","","","","","","","","","","","","","","","","","","","","","","","","","","","","","","","","","","","","","","","",""
"06163007","TENDE_SAPC",44.043167,7.586,636,2000101420,2.4,1,"","","","","","","","","","","","","","","","","","","","","","","","","","","","","","","","","","",14.2,1,11.9,1,14.,1,"","",14.3,1,"","","","","","","","","","","","","","","","","","","","",86,1,"","","","","","","","","","","","",13.9,1,"","","","","","","","","","","","","","","","","","","","","","","","","","","","","","","","","","","","","","","","","","","","","","","","","","","","","","","","","","","","","","","","","","","","","","","","","","","","","","","","","","","","","","","","","","","","","","","","","","","","","","","","","","","","","","","","","","","",""
"06163007","TENDE_SAPC",44.043167,7.586,636,2000101421,4.6,1,"","","","","","","","","","","","","","","","","","","","","","","","","","","","","","","","","","",14.5,1,12.,1,14.1,1,"","",14.5,1,"","","","","","","","","","","","","","","","","","","","",85,1,"","","","","","","","","","","","",14.,1,"","","","","","","","","","","","","","","","","","","","","","","","","","","","","","","","","","","","","","","","","","","","","","","","","","","","","","","","","","","","","","","","","","","","","","","","","","","","","","","","","","","","","","","","","","","","","","","","","","","","","","","","","","","","","","","","","","","",""
"06163007","TENDE_SAPC",44.043167,7.586,636,2000101422,10.4,1,"","","","","","","","","","","","","","","","","","","","","","","","","","","","","","","","","","",14.5,1,12.2,1,14.3,1,"","",14.8,1,"","","","","","","","","","","","","","","","","","","","",86,1,"","","","","","","","","","","","",14.2,1,"","","","","","","","","","","","","","","","","","","","","","","","","","","","","","","","","","","","","","","","","","","","","","","","","","","","","","","","","","","","","","","","","","","","","","","","","","","","","","","","","","","","","","","","","","","","","","","","","","","","","","","","","","","","","","","","","","","",""
"06163007","TENDE_SAPC",44.043167,7.586,636,2000101423,7.8,1,"","","","","","","","","","","","","","","","","","","","","","","","","","","","","","","","","","",14.5,1,12.4,1,14.4,1,"","",14.7,1,"","","","","","","","","","","","","","","","","","","","",87,1,"","","","","","","","","","","","",14.3,1,"","","","","","","","","","","","","","","","","","","","","","","","","","","","","","","","","","","","","","","","","","","","","","","","","","","","","","","","","","","","","","","","","","","","","","","","","","","","","","","","","","","","","","","","","","","","","","","","","","","","","","","","","","","","","","","","","","","",""
"06163007","TENDE_SAPC",44.043167,7.586,636,2000101500,3.,1,"","","","","","","","","","","","","","","","","","","","","","","","","","","","","","","","","","",14.2,1,12.1,1,14.2,1,"","",14.6,1,"","","","","","","","","","","","","","","","","","","","",87,1,"","","","","","","","","","","","",14.1,1,"","","","","","","","","","","","","","","","","","","","","","","","","","","","","","","","","","","","","","","","","","","","","","","","","","","","","","","","","","","","","","","","","","","","","","","","","","","","","","","","","","","","","","","","","","","","","","","","","","","","","","","","","","","","","","","","","","","",""
"06163007","TENDE_SAPC",44.043167,7.586,636,2000101501,4.4,1,"","","","","","","","","","","","","","","","","","","","","","","","","","","","","","","","","","",14.5,1,12.5,1,14.2,1,"","",14.7,1,"","","","","","","","","","","","","","","","","","","","",88,1,"","","","","","","","","","","","",14.5,1,"","","","","","","","","","","","","","","","","","","","","","","","","","","","","","","","","","","","","","","","","","","","","","","","","","","","","","","","","","","","","","","","","","","","","","","","","","","","","","","","","","","","","","","","","","","","","","","","","","","","","","","","","","","","","","","","","","","",""
"06163007","TENDE_SAPC",44.043167,7.586,636,2000101502,3.,1,"","","","","","","","","","","","","","","","","","","","","","","","","","","","","","","","","","",14.1,1,12.1,1,14.1,1,"","",14.7,1,"","","","","","","","","","","","","","","","","","","","",88,1,"","","","","","","","","","","","",14.1,1,"","","","","","","","","","","","","","","","","","","","","","","","","","","","","","","","","","","","","","","","","","","","","","","","","","","","","","","","","","","","","","","","","","","","","","","","","","","","","","","","","","","","","","","","","","","","","","","","","","","","","","","","","","","","","","","","","","","",""
"06163007","TENDE_SAPC",44.043167,7.586,636,2000101503,1.6,1,"","","","","","","","","","","","","","","","","","","","","","","","","","","","","","","","","","",14.,1,12.,1,13.9,1,"","",14.3,1,"","","","","","","","","","","","","","","","","","","","",88,1,"","","","","","","","","","","","",14.,1,"","","","","","","","","","","","","","","","","","","","","","","","","","","","","","","","","","","","","","","","","","","","","","","","","","","","","","","","","","","","","","","","","","","","","","","","","","","","","","","","","","","","","","","","","","","","","","","","","","","","","","","","","","","","","","","","","","","",""
"06163007","TENDE_SAPC",44.043167,7.586,636,2000101504,0.4,1,"","","","","","","","","","","","","","","","","","","","","","","","","","","","","","","","","","",14.,1,11.9,1,13.9,1,"","",14.3,1,"","","","","","","","","","","","","","","","","","","","",87,1,"","","","","","","","","","","","",13.9,1,"","","","","","","","","","","","","","","","","","","","","","","","","","","","","","","","","","","","","","","","","","","","","","","","","","","","","","","","","","","","","","","","","","","","","","","","","","","","","","","","","","","","","","","","","","","","","","","","","","","","","","","","","","","","","","","","","","","",""
"06163007","TENDE_SAPC",44.043167,7.586,636,2000101505,0.8,1,"","","","","","","","","","","","","","","","","","","","","","","","","","","","","","","","","","",13.9,1,11.8,1,13.8,1,"","",14.3,1,"","","","","","","","","","","","","","","","","","","","",87,1,"","","","","","","","","","","","",13.8,1,"","","","","","","","","","","","","","","","","","","","","","","","","","","","","","","","","","","","","","","","","","","","","","","","","","","","","","","","","","","","","","","","","","","","","","","","","","","","","","","","","","","","","","","","","","","","","","","","","","","","","","","","","","","","","","","","","","","",""
"06163007","TENDE_SAPC",44.043167,7.586,636,2000101506,0.,1,"","","","","","","","","","","","","","","","","","","","","","","","","","","","","","","","","","",13.7,1,11.6,1,13.6,1,"","",14.,1,"","","","","","","","","","","","","","","","","","","","",87,1,"","","","","","","","","","","","",13.6,1,"","","","","","","","","","","","","","","","","","","","","","","","","","","","","","","","","","","","","","","","","","","","","","","","","","","","","","","","","","","","","","","","","","","","","","","","","","","","","","","","","","","","","","","","","","","","","","","","","","","","","","","","","","","","","","","","","","","",""
"06163007","TENDE_SAPC",44.043167,7.586,636,2000101507,0.,1,"","","","","","","","","","","","","","","","","","","","","","","","","","","","","","","","","","",13.9,1,11.8,1,13.5,1,"","",13.9,1,"","","","","","","","","","","","","","","","","","","","",87,1,"","","","","","","","","","","","",13.8,1,"","","","","","","","","","","","","","","","","","","","","","","","","","","","","","","","","","","","","","","","","","","","","","","","","","","","","","","","","","","","","","","","","","","","","","","","","","","","","","","","","","","","","","","","","","","","","","","","","","","","","","","","","","","","","","","","","","","",""
"06163007","TENDE_SAPC",44.043167,7.586,636,2000101508,0.2,1,"","","","","","","","","","","","","","","","","","","","","","","","","","","","","","","","","","",14.6,1,12.3,1,13.8,1,"","",14.7,1,"","","","","","","","","","","","","","","","","","","","",86,1,"","","","","","","","","","","","",14.3,1,"","","","","","","","","","","","","","","","","","","","","","","","","","","","","","","","","","","","","","","","","","","","","","","","","","","","","","","","","","","","","","","","","","","","","","","","","","","","","","","","","","","","","","","","","","","","","","","","","","","","","","","","","","","","","","","","","","","",""
"06163007","TENDE_SAPC",44.043167,7.586,636,2000101509,0.8,1,"","","","","","","","","","","","","","","","","","","","","","","","","","","","","","","","","","",14.7,1,12.6,1,14.5,1,"","",15.1,1,"","","","","","","","","","","","","","","","","","","","",87,1,"","","","","","","","","","","","",14.5,1,"","","","","","","","","","","","","","","","","","","","","","","","","","","","","","","","","","","","","","","","","","","","","","","","","","","","","","","","","","","","","","","","","","","","","","","","","","","","","","","","","","","","","","","","","","","","","","","","","","","","","","","","","","","","","","","","","","","",""
"06163007","TENDE_SAPC",44.043167,7.586,636,2000101510,6.4,1,"","","","","","","","","","","","","","","","","","","","","","","","","","","","","","","","","","",14.6,1,12.5,1,14.2,1,"","",14.9,1,"","","","","","","","","","","","","","","","","","","","",87,1,"","","","","","","","","","","","",14.4,1,"","","","","","","","","","","","","","","","","","","","","","","","","","","","","","","","","","","","","","","","","","","","","","","","","","","","","","","","","","","","","","","","","","","","","","","","","","","","","","","","","","","","","","","","","","","","","","","","","","","","","","","","","","","","","","","","","","","",""
"06163007","TENDE_SAPC",44.043167,7.586,636,2000101511,7.2,1,"","","","","","","","","","","","","","","","","","","","","","","","","","","","","","","","","","",14.2,1,12.1,1,14.1,1,"","",14.7,1,"","","","","","","","","","","","","","","","","","","","",87,1,"","","","","","","","","","","","",14.1,1,"","","","","","","","","","","","","","","","","","","","","","","","","","","","","","","","","","","","","","","","","","","","","","","","","","","","","","","","","","","","","","","","","","","","","","","","","","","","","","","","","","","","","","","","","","","","","","","","","","","","","","","","","","","","","","","","","","","",""
"06163007","TENDE_SAPC",44.043167,7.586,636,2000101512,8.,1,"","","","","","","","","","","","","","","","","","","","","","","","","","","","","","","","","","",13.6,1,11.3,1,13.6,1,"","",14.3,1,"","","","","","","","","","","","","","","","","","","","",86,1,"","","","","","","","","","","","",13.4,1,"","","","","","","","","","","","","","","","","","","","","","","","","","","","","","","","","","","","","","","","","","","","","","","","","","","","","","","","","","","","","","","","","","","","","","","","","","","","","","","","","","","","","","","","","","","","","","","","","","","","","","","","","","","","","","","","","","","",""
"06163007","TENDE_SAPC",44.043167,7.586,636,2000101513,3.2,1,"","","","","","","","","","","","","","","","","","","","","","","","","","","","","","","","","","",13.1,1,10.6,1,13.1,1,"","",13.6,1,"","","","","","","","","","","","","","","","","","","","",85,1,"","","","","","","","","","","","",12.8,1,"","","","","","","","","","","","","","","","","","","","","","","","","","","","","","","","","","","","","","","","","","","","","","","","","","","","","","","","","","","","","","","","","","","","","","","","","","","","","","","","","","","","","","","","","","","","","","","","","","","","","","","","","","","","","","","","","","","",""
"06163007","TENDE_SAPC",44.043167,7.586,636,2000101514,3.6,1,"","","","","","","","","","","","","","","","","","","","","","","","","","","","","","","","","","",12.8,1,10.5,1,12.8,1,"","",13.3,1,"","","","","","","","","","","","","","","","","","","","",86,1,"","","","","","","","","","","","",12.7,1,"","","","","","","","","","","","","","","","","","","","","","","","","","","","","","","","","","","","","","","","","","","","","","","","","","","","","","","","","","","","","","","","","","","","","","","","","","","","","","","","","","","","","","","","","","","","","","","","","","","","","","","","","","","","","","","","","","","",""
"06163007","TENDE_SAPC",44.043167,7.586,636,2000101515,4.4,1,"","","","","","","","","","","","","","","","","","","","","","","","","","","","","","","","","","",12.7,1,10.6,1,12.7,1,"","",13.,1,"","","","","","","","","","","","","","","","","","","","",87,1,"","","","","","","","","","","","",12.8,1,"","","","","","","","","","","","","","","","","","","","","","","","","","","","","","","","","","","","","","","","","","","","","","","","","","","","","","","","","","","","","","","","","","","","","","","","","","","","","","","","","","","","","","","","","","","","","","","","","","","","","","","","","","","","","","","","","","","",""
"06163007","TENDE_SAPC",44.043167,7.586,636,2000101516,3.8,1,"","","","","","","","","","","","","","","","","","","","","","","","","","","","","","","","","","",12.7,1,10.6,1,12.6,1,"","",12.8,1,"","","","","","","","","","","","","","","","","","","","",87,1,"","","","","","","","","","","","",12.8,1,"","","","","","","","","","","","","","","","","","","","","","","","","","","","","","","","","","","","","","","","","","","","","","","","","","","","","","","","","","","","","","","","","","","","","","","","","","","","","","","","","","","","","","","","","","","","","","","","","","","","","","","","","","","","","","","","","","","",""
"06163007","TENDE_SAPC",44.043167,7.586,636,2000101517,0.8,1,"","","","","","","","","","","","","","","","","","","","","","","","","","","","","","","","","","",11.9,1,9.8,1,11.9,1,"","",12.8,1,"","","","","","","","","","","","","","","","","","","","",87,1,"","","","","","","","","","","","",12.1,1,"","","","","","","","","","","","","","","","","","","","","","","","","","","","","","","","","","","","","","","","","","","","","","","","","","","","","","","","","","","","","","","","","","","","","","","","","","","","","","","","","","","","","","","","","","","","","","","","","","","","","","","","","","","","","","","","","","","",""
"06163007","TENDE_SAPC",44.043167,7.586,636,2000101518,3.4,1,"","","","","","","","","","","","","","","","","","","","","","","","","","","","","","","","","","",11.8,1,9.7,1,11.8,1,"","",11.9,1,"","","","","","","","","","","","","","","","","","","","",87,1,"","","","","","","","","","","","",12.,1,"","","","","","","","","","","","","","","","","","","","","","","","","","","","","","","","","","","","","","","","","","","","","","","","","","","","","","","","","","","","","","","","","","","","","","","","","","","","","","","","","","","","","","","","","","","","","","","","","","","","","","","","","","","","","","","","","","","",""
"06163007","TENDE_SAPC",44.043167,7.586,636,2000101519,3.2,1,"","","","","","","","","","","","","","","","","","","","","","","","","","","","","","","","","","",11.5,1,9.6,1,11.5,1,"","",11.8,1,"","","","","","","","","","","","","","","","","","","","",88,1,"","","","","","","","","","","","",11.9,1,"","","","","","","","","","","","","","","","","","","","","","","","","","","","","","","","","","","","","","","","","","","","","","","","","","","","","","","","","","","","","","","","","","","","","","","","","","","","","","","","","","","","","","","","","","","","","","","","","","","","","","","","","","","","","","","","","","","",""
"06163007","TENDE_SAPC",44.043167,7.586,636,2000101520,1.4,1,"","","","","","","","","","","","","","","","","","","","","","","","","","","","","","","","","","",10.9,1,8.8,1,10.9,1,"","",11.5,1,"","","","","","","","","","","","","","","","","","","","",87,1,"","","","","","","","","","","","",11.3,1,"","","","","","","","","","","","","","","","","","","","","","","","","","","","","","","","","","","","","","","","","","","","","","","","","","","","","","","","","","","","","","","","","","","","","","","","","","","","","","","","","","","","","","","","","","","","","","","","","","","","","","","","","","","","","","","","","","","",""
"06163007","TENDE_SAPC",44.043167,7.586,636,2000101521,0.,1,"","","","","","","","","","","","","","","","","","","","","","","","","","","","","","","","","","",11.5,1,9.4,1,10.8,1,"","",11.5,1,"","","","","","","","","","","","","","","","","","","","",87,1,"","","","","","","","","","","","",11.8,1,"","","","","","","","","","","","","","","","","","","","","","","","","","","","","","","","","","","","","","","","","","","","","","","","","","","","","","","","","","","","","","","","","","","","","","","","","","","","","","","","","","","","","","","","","","","","","","","","","","","","","","","","","","","","","","","","","","","",""
"06163007","TENDE_SAPC",44.043167,7.586,636,2000101522,0.2,1,"","","","","","","","","","","","","","","","","","","","","","","","","","","","","","","","","","",11.2,1,9.1,1,11.2,1,"","",11.6,1,"","","","","","","","","","","","","","","","","","","","",87,1,"","","","","","","","","","","","",11.6,1,"","","","","","","","","","","","","","","","","","","","","","","","","","","","","","","","","","","","","","","","","","","","","","","","","","","","","","","","","","","","","","","","","","","","","","","","","","","","","","","","","","","","","","","","","","","","","","","","","","","","","","","","","","","","","","","","","","","",""
"06163007","TENDE_SAPC",44.043167,7.586,636,2000101523,0.,1,"","","","","","","","","","","","","","","","","","","","","","","","","","","","","","","","","","",11.1,1,9.2,1,11.1,1,"","",11.2,1,"","","","","","","","","","","","","","","","","","","","",88,1,"","","","","","","","","","","","",11.6,1,"","","","","","","","","","","","","","","","","","","","","","","","","","","","","","","","","","","","","","","","","","","","","","","","","","","","","","","","","","","","","","","","","","","","","","","","","","","","","","","","","","","","","","","","","","","","","","","","","","","","","","","","","","","","","","","","","","","",""
"06163007","TENDE_SAPC",44.043167,7.586,636,2000101600,0.,1,"","","","","","","","","","","","","","","","","","","","","","","","","","","","","","","","","","",10.8,1,8.9,1,10.8,1,"","",11.1,1,"","","","","","","","","","","","","","","","","","","","",88,1,"","","","","","","","","","","","",11.4,1,"","","","","","","","","","","","","","","","","","","","","","","","","","","","","","","","","","","","","","","","","","","","","","","","","","","","","","","","","","","","","","","","","","","","","","","","","","","","","","","","","","","","","","","","","","","","","","","","","","","","","","","","","","","","","","","","","","","",""
"06163007","TENDE_SAPC",44.043167,7.586,636,2000101601,1.6,1,"","","","","","","","","","","","","","","","","","","","","","","","","","","","","","","","","","",10.7,1,8.8,1,10.7,1,"","",10.8,1,"","","","","","","","","","","","","","","","","","","","",88,1,"","","","","","","","","","","","",11.3,1,"","","","","","","","","","","","","","","","","","","","","","","","","","","","","","","","","","","","","","","","","","","","","","","","","","","","","","","","","","","","","","","","","","","","","","","","","","","","","","","","","","","","","","","","","","","","","","","","","","","","","","","","","","","","","","","","","","","",""
"06163007","TENDE_SAPC",44.043167,7.586,636,2000101602,2.2,1,"","","","","","","","","","","","","","","","","","","","","","","","","","","","","","","","","","",10.2,1,8.,1,10.2,1,"","",10.7,1,"","","","","","","","","","","","","","","","","","","","",86,1,"","","","","","","","","","","","",10.7,1,"","","","","","","","","","","","","","","","","","","","","","","","","","","","","","","","","","","","","","","","","","","","","","","","","","","","","","","","","","","","","","","","","","","","","","","","","","","","","","","","","","","","","","","","","","","","","","","","","","","","","","","","","","","","","","","","","","","",""
"06163007","TENDE_SAPC",44.043167,7.586,636,2000101603,1.8,1,"","","","","","","","","","","","","","","","","","","","","","","","","","","","","","","","","","",10.,1,7.8,1,9.9,1,"","",10.2,1,"","","","","","","","","","","","","","","","","","","","",86,1,"","","","","","","","","","","","",10.5,1,"","","","","","","","","","","","","","","","","","","","","","","","","","","","","","","","","","","","","","","","","","","","","","","","","","","","","","","","","","","","","","","","","","","","","","","","","","","","","","","","","","","","","","","","","","","","","","","","","","","","","","","","","","","","","","","","","","","",""
"06163007","TENDE_SAPC",44.043167,7.586,636,2000101604,1.,1,"","","","","","","","","","","","","","","","","","","","","","","","","","","","","","","","","","",10.,1,7.8,1,9.7,1,"","",10.,1,"","","","","","","","","","","","","","","","","","","","",86,1,"","","","","","","","","","","","",10.5,1,"","","","","","","","","","","","","","","","","","","","","","","","","","","","","","","","","","","","","","","","","","","","","","","","","","","","","","","","","","","","","","","","","","","","","","","","","","","","","","","","","","","","","","","","","","","","","","","","","","","","","","","","","","","","","","","","","","","",""
"06163007","TENDE_SAPC",44.043167,7.586,636,2000101605,2.8,1,"","","","","","","","","","","","","","","","","","","","","","","","","","","","","","","","","","",9.8,1,7.4,1,9.7,1,"","",10.,1,"","","","","","","","","","","","","","","","","","","","",85,1,"","","","","","","","","","","","",10.3,1,"","","","","","","","","","","","","","","","","","","","","","","","","","","","","","","","","","","","","","","","","","","","","","","","","","","","","","","","","","","","","","","","","","","","","","","","","","","","","","","","","","","","","","","","","","","","","","","","","","","","","","","","","","","","","","","","","","","",""
"06163007","TENDE_SAPC",44.043167,7.586,636,2000101606,0.2,1,"","","","","","","","","","","","","","","","","","","","","","","","","","","","","","","","","","",10.,1,7.8,1,9.8,1,"","",10.,1,"","","","","","","","","","","","","","","","","","","","",86,1,"","","","","","","","","","","","",10.5,1,"","","","","","","","","","","","","","","","","","","","","","","","","","","","","","","","","","","","","","","","","","","","","","","","","","","","","","","","","","","","","","","","","","","","","","","","","","","","","","","","","","","","","","","","","","","","","","","","","","","","","","","","","","","","","","","","","","","",""
"06163007","TENDE_SAPC",44.043167,7.586,636,2000101607,5.6,1,"","","","","","","","","","","","","","","","","","","","","","","","","","","","","","","","","","",10.,1,7.9,1,10.,1,"","",10.1,1,"","","","","","","","","","","","","","","","","","","","",87,1,"","","","","","","","","","","","",10.7,1,"","","","","","","","","","","","","","","","","","","","","","","","","","","","","","","","","","","","","","","","","","","","","","","","","","","","","","","","","","","","","","","","","","","","","","","","","","","","","","","","","","","","","","","","","","","","","","","","","","","","","","","","","","","","","","","","","","","",""
"06163007","TENDE_SAPC",44.043167,7.586,636,2000101608,3.,1,"","","","","","","","","","","","","","","","","","","","","","","","","","","","","","","","","","",10.3,1,8.1,1,10.,1,"","",10.3,1,"","","","","","","","","","","","","","","","","","","","",86,1,"","","","","","","","","","","","",10.8,1,"","","","","","","","","","","","","","","","","","","","","","","","","","","","","","","","","","","","","","","","","","","","","","","","","","","","","","","","","","","","","","","","","","","","","","","","","","","","","","","","","","","","","","","","","","","","","","","","","","","","","","","","","","","","","","","","","","","",""
"06163007","TENDE_SAPC",44.043167,7.586,636,2000101609,6.6,1,"","","","","","","","","","","","","","","","","","","","","","","","","","","","","","","","","","",10.4,1,8.3,1,10.3,1,"","",10.4,1,"","","","","","","","","","","","","","","","","","","","",87,1,"","","","","","","","","","","","",11.,1,"","","","","","","","","","","","","","","","","","","","","","","","","","","","","","","","","","","","","","","","","","","","","","","","","","","","","","","","","","","","","","","","","","","","","","","","","","","","","","","","","","","","","","","","","","","","","","","","","","","","","","","","","","","","","","","","","","","",""
"06163007","TENDE_SAPC",44.043167,7.586,636,2000101610,4.8,1,"","","","","","","","","","","","","","","","","","","","","","","","","","","","","","","","","","",9.6,1,7.4,1,9.5,1,"","",10.4,1,"","","","","","","","","","","","","","","","","","","","",86,1,"","","","","","","","","","","","",10.3,1,"","","","","","","","","","","","","","","","","","","","","","","","","","","","","","","","","","","","","","","","","","","","","","","","","","","","","","","","","","","","","","","","","","","","","","","","","","","","","","","","","","","","","","","","","","","","","","","","","","","","","","","","","","","","","","","","","","","",""
"06163007","TENDE_SAPC",44.043167,7.586,636,2000101611,2.,1,"","","","","","","","","","","","","","","","","","","","","","","","","","","","","","","","","","",9.7,1,7.,1,9.3,1,"","",9.7,1,"","","","","","","","","","","","","","","","","","","","",83,1,"","","","","","","","","","","","",10.,1,"","","","","","","","","","","","","","","","","","","","","","","","","","","","","","","","","","","","","","","","","","","","","","","","","","","","","","","","","","","","","","","","","","","","","","","","","","","","","","","","","","","","","","","","","","","","","","","","","","","","","","","","","","","","","","","","","","","",""
"06163007","TENDE_SAPC",44.043167,7.586,636,2000101612,0.8,1,"","","","","","","","","","","","","","","","","","","","","","","","","","","","","","","","","","",10.1,1,7.3,1,9.6,1,"","",10.1,1,"","","","","","","","","","","","","","","","","","","","",83,1,"","","","","","","","","","","","",10.2,1,"","","","","","","","","","","","","","","","","","","","","","","","","","","","","","","","","","","","","","","","","","","","","","","","","","","","","","","","","","","","","","","","","","","","","","","","","","","","","","","","","","","","","","","","","","","","","","","","","","","","","","","","","","","","","","","","","","","",""
"06163007","TENDE_SAPC",44.043167,7.586,636,2000101613,0.2,1,"","","","","","","","","","","","","","","","","","","","","","","","","","","","","","","","","","",10.6,1,7.8,1,10.1,1,"","",10.7,1,"","","","","","","","","","","","","","","","","","","","",83,1,"","","","","","","","","","","","",10.6,1,"","","","","","","","","","","","","","","","","","","","","","","","","","","","","","","","","","","","","","","","","","","","","","","","","","","","","","","","","","","","","","","","","","","","","","","","","","","","","","","","","","","","","","","","","","","","","","","","","","","","","","","","","","","","","","","","","","","",""
"06163007","TENDE_SAPC",44.043167,7.586,636,2000101614,1.8,1,"","","","","","","","","","","","","","","","","","","","","","","","","","","","","","","","","","",10.5,1,8.1,1,10.5,1,"","",10.6,1,"","","","","","","","","","","","","","","","","","","","",85,1,"","","","","","","","","","","","",10.8,1,"","","","","","","","","","","","","","","","","","","","","","","","","","","","","","","","","","","","","","","","","","","","","","","","","","","","","","","","","","","","","","","","","","","","","","","","","","","","","","","","","","","","","","","","","","","","","","","","","","","","","","","","","","","","","","","","","","","",""
"06163007","TENDE_SAPC",44.043167,7.586,636,2000101615,4.8,1,"","","","","","","","","","","","","","","","","","","","","","","","","","","","","","","","","","",10.6,1,8.4,1,10.5,1,"","",10.7,1,"","","","","","","","","","","","","","","","","","","","",86,1,"","","","","","","","","","","","",11.,1,"","","","","","","","","","","","","","","","","","","","","","","","","","","","","","","","","","","","","","","","","","","","","","","","","","","","","","","","","","","","","","","","","","","","","","","","","","","","","","","","","","","","","","","","","","","","","","","","","","","","","","","","","","","","","","","","","","","",""
"06163007","TENDE_SAPC",44.043167,7.586,636,2000101616,2.2,1,"","","","","","","","","","","","","","","","","","","","","","","","","","","","","","","","","","",10.5,1,8.3,1,10.5,1,"","",10.7,1,"","","","","","","","","","","","","","","","","","","","",86,1,"","","","","","","","","","","","",10.9,1,"","","","","","","","","","","","","","","","","","","","","","","","","","","","","","","","","","","","","","","","","","","","","","","","","","","","","","","","","","","","","","","","","","","","","","","","","","","","","","","","","","","","","","","","","","","","","","","","","","","","","","","","","","","","","","","","","","","",""
"06163007","TENDE_SAPC",44.043167,7.586,636,2000101617,1.2,1,"","","","","","","","","","","","","","","","","","","","","","","","","","","","","","","","","","",10.1,1,7.9,1,10.1,1,"","",10.5,1,"","","","","","","","","","","","","","","","","","","","",86,1,"","","","","","","","","","","","",10.6,1,"","","","","","","","","","","","","","","","","","","","","","","","","","","","","","","","","","","","","","","","","","","","","","","","","","","","","","","","","","","","","","","","","","","","","","","","","","","","","","","","","","","","","","","","","","","","","","","","","","","","","","","","","","","","","","","","","","","",""
"06163007","TENDE_SAPC",44.043167,7.586,636,2000101618,1.,1,"","","","","","","","","","","","","","","","","","","","","","","","","","","","","","","","","","",10.2,1,8.,1,10.,1,"","",10.2,1,"","","","","","","","","","","","","","","","","","","","",86,1,"","","","","","","","","","","","",10.7,1,"","","","","","","","","","","","","","","","","","","","","","","","","","","","","","","","","","","","","","","","","","","","","","","","","","","","","","","","","","","","","","","","","","","","","","","","","","","","","","","","","","","","","","","","","","","","","","","","","","","","","","","","","","","","","","","","","","","",""
"06163007","TENDE_SAPC",44.043167,7.586,636,2000101619,0.2,1,"","","","","","","","","","","","","","","","","","","","","","","","","","","","","","","","","","",10.2,1,8.1,1,10.1,1,"","",10.3,1,"","","","","","","","","","","","","","","","","","","","",87,1,"","","","","","","","","","","","",10.8,1,"","","","","","","","","","","","","","","","","","","","","","","","","","","","","","","","","","","","","","","","","","","","","","","","","","","","","","","","","","","","","","","","","","","","","","","","","","","","","","","","","","","","","","","","","","","","","","","","","","","","","","","","","","","","","","","","","","","",""
"06163007","TENDE_SAPC",44.043167,7.586,636,2000101620,0.6,1,"","","","","","","","","","","","","","","","","","","","","","","","","","","","","","","","","","",10.2,1,8.1,1,10.1,1,"","",10.2,1,"","","","","","","","","","","","","","","","","","","","",87,1,"","","","","","","","","","","","",10.8,1,"","","","","","","","","","","","","","","","","","","","","","","","","","","","","","","","","","","","","","","","","","","","","","","","","","","","","","","","","","","","","","","","","","","","","","","","","","","","","","","","","","","","","","","","","","","","","","","","","","","","","","","","","","","","","","","","","","","",""
"06163007","TENDE_SAPC",44.043167,7.586,636,2000101621,0.,1,"","","","","","","","","","","","","","","","","","","","","","","","","","","","","","","","","","",10.3,1,8.2,1,10.2,1,"","",10.3,1,"","","","","","","","","","","","","","","","","","","","",87,1,"","","","","","","","","","","","",10.9,1,"","","","","","","","","","","","","","","","","","","","","","","","","","","","","","","","","","","","","","","","","","","","","","","","","","","","","","","","","","","","","","","","","","","","","","","","","","","","","","","","","","","","","","","","","","","","","","","","","","","","","","","","","","","","","","","","","","","",""
"06163007","TENDE_SAPC",44.043167,7.586,636,2000101622,0.,1,"","","","","","","","","","","","","","","","","","","","","","","","","","","","","","","","","","",10.3,1,8.1,1,10.3,1,"","",10.4,1,"","","","","","","","","","","","","","","","","","","","",86,1,"","","","","","","","","","","","",10.8,1,"","","","","","","","","","","","","","","","","","","","","","","","","","","","","","","","","","","","","","","","","","","","","","","","","","","","","","","","","","","","","","","","","","","","","","","","","","","","","","","","","","","","","","","","","","","","","","","","","","","","","","","","","","","","","","","","","","","",""
"06163007","TENDE_SAPC",44.043167,7.586,636,2000101623,0.,1,"","","","","","","","","","","","","","","","","","","","","","","","","","","","","","","","","","",10.3,1,8.2,1,10.3,1,"","",10.4,1,"","","","","","","","","","","","","","","","","","","","",87,1,"","","","","","","","","","","","",10.9,1,"","","","","","","","","","","","","","","","","","","","","","","","","","","","","","","","","","","","","","","","","","","","","","","","","","","","","","","","","","","","","","","","","","","","","","","","","","","","","","","","","","","","","","","","","","","","","","","","","","","","","","","","","","","","","","","","","","","",""
"06163007","TENDE_SAPC",44.043167,7.586,636,2000101700,0.4,1,"","","","","","","","","","","","","","","","","","","","","","","","","","","","","","","","","","",10.,1,7.9,1,10.,1,"","",10.4,1,"","","","","","","","","","","","","","","","","","","","",87,1,"","","","","","","","","","","","",10.7,1,"","","","","","","","","","","","","","","","","","","","","","","","","","","","","","","","","","","","","","","","","","","","","","","","","","","","","","","","","","","","","","","","","","","","","","","","","","","","","","","","","","","","","","","","","","","","","","","","","","","","","","","","","","","","","","","","","","","",""
"06163007","TENDE_SAPC",44.043167,7.586,636,2000101701,0.,1,"","","","","","","","","","","","","","","","","","","","","","","","","","","","","","","","","","",9.7,1,7.6,1,9.4,1,"","",10.,1,"","","","","","","","","","","","","","","","","","","","",87,1,"","","","","","","","","","","","",10.5,1,"","","","","","","","","","","","","","","","","","","","","","","","","","","","","","","","","","","","","","","","","","","","","","","","","","","","","","","","","","","","","","","","","","","","","","","","","","","","","","","","","","","","","","","","","","","","","","","","","","","","","","","","","","","","","","","","","","","",""
"06163007","TENDE_SAPC",44.043167,7.586,636,2000101702,0.,1,"","","","","","","","","","","","","","","","","","","","","","","","","","","","","","","","","","",9.4,1,7.3,1,9.4,1,"","",9.7,1,"","","","","","","","","","","","","","","","","","","","",87,1,"","","","","","","","","","","","",10.2,1,"","","","","","","","","","","","","","","","","","","","","","","","","","","","","","","","","","","","","","","","","","","","","","","","","","","","","","","","","","","","","","","","","","","","","","","","","","","","","","","","","","","","","","","","","","","","","","","","","","","","","","","","","","","","","","","","","","","",""
"06163007","TENDE_SAPC",44.043167,7.586,636,2000101703,0.,1,"","","","","","","","","","","","","","","","","","","","","","","","","","","","","","","","","","",8.7,1,6.7,1,8.7,1,"","",9.4,1,"","","","","","","","","","","","","","","","","","","","",87,1,"","","","","","","","","","","","",9.8,1,"","","","","","","","","","","","","","","","","","","","","","","","","","","","","","","","","","","","","","","","","","","","","","","","","","","","","","","","","","","","","","","","","","","","","","","","","","","","","","","","","","","","","","","","","","","","","","","","","","","","","","","","","","","","","","","","","","","",""
"06163007","TENDE_SAPC",44.043167,7.586,636,2000101704,0.,1,"","","","","","","","","","","","","","","","","","","","","","","","","","","","","","","","","","",8.4,1,6.5,1,8.4,1,"","",8.8,1,"","","","","","","","","","","","","","","","","","","","",88,1,"","","","","","","","","","","","",9.7,1,"","","","","","","","","","","","","","","","","","","","","","","","","","","","","","","","","","","","","","","","","","","","","","","","","","","","","","","","","","","","","","","","","","","","","","","","","","","","","","","","","","","","","","","","","","","","","","","","","","","","","","","","","","","","","","","","","","","",""
"06163007","TENDE_SAPC",44.043167,7.586,636,2000101705,0.2,1,"","","","","","","","","","","","","","","","","","","","","","","","","","","","","","","","","","",8.,1,6.1,1,8.,1,"","",8.4,1,"","","","","","","","","","","","","","","","","","","","",88,1,"","","","","","","","","","","","",9.4,1,"","","","","","","","","","","","","","","","","","","","","","","","","","","","","","","","","","","","","","","","","","","","","","","","","","","","","","","","","","","","","","","","","","","","","","","","","","","","","","","","","","","","","","","","","","","","","","","","","","","","","","","","","","","","","","","","","","","",""
"06163007","TENDE_SAPC",44.043167,7.586,636,2000101706,0.,1,"","","","","","","","","","","","","","","","","","","","","","","","","","","","","","","","","","",7.8,1,5.9,1,7.8,1,"","",8.1,1,"","","","","","","","","","","","","","","","","","","","",88,1,"","","","","","","","","","","","",9.3,1,"","","","","","","","","","","","","","","","","","","","","","","","","","","","","","","","","","","","","","","","","","","","","","","","","","","","","","","","","","","","","","","","","","","","","","","","","","","","","","","","","","","","","","","","","","","","","","","","","","","","","","","","","","","","","","","","","","","",""
"06163007","TENDE_SAPC",44.043167,7.586,636,2000101707,0.,1,"","","","","","","","","","","","","","","","","","","","","","","","","","","","","","","","","","",8.4,1,6.5,1,7.7,1,"","",8.4,1,"","","","","","","","","","","","","","","","","","","","",88,1,"","","","","","","","","","","","",9.7,1,"","","","","","","","","","","","","","","","","","","","","","","","","","","","","","","","","","","","","","","","","","","","","","","","","","","","","","","","","","","","","","","","","","","","","","","","","","","","","","","","","","","","","","","","","","","","","","","","","","","","","","","","","","","","","","","","","","","",""
"06163007","TENDE_SAPC",44.043167,7.586,636,2000101708,0.,1,"","","","","","","","","","","","","","","","","","","","","","","","","","","","","","","","","","",9.6,1,7.7,1,8.5,1,"","",9.6,1,"","","","","","","","","","","","","","","","","","","","",88,1,"","","","","","","","","","","","",10.5,1,"","","","","","","","","","","","","","","","","","","","","","","","","","","","","","","","","","","","","","","","","","","","","","","","","","","","","","","","","","","","","","","","","","","","","","","","","","","","","","","","","","","","","","","","","","","","","","","","","","","","","","","","","","","","","","","","","","","",""
"06163007","TENDE_SAPC",44.043167,7.586,636,2000101709,0.,1,"","","","","","","","","","","","","","","","","","","","","","","","","","","","","","","","","","",10.3,1,8.2,1,9.6,1,"","",10.4,1,"","","","","","","","","","","","","","","","","","","","",87,1,"","","","","","","","","","","","",10.9,1,"","","","","","","","","","","","","","","","","","","","","","","","","","","","","","","","","","","","","","","","","","","","","","","","","","","","","","","","","","","","","","","","","","","","","","","","","","","","","","","","","","","","","","","","","","","","","","","","","","","","","","","","","","","","","","","","","","","",""
"06163007","TENDE_SAPC",44.043167,7.586,636,2000101710,0.,1,"","","","","","","","","","","","","","","","","","","","","","","","","","","","","","","","","","",12.4,1,9.2,1,10.3,1,"","",13.2,1,"","","","","","","","","","","","","","","","","","","","",81,1,"","","","","","","","","","","","",11.6,1,"","","","","","","","","","","","","","","","","","","","","","","","","","","","","","","","","","","","","","","","","","","","","","","","","","","","","","","","","","","","","","","","","","","","","","","","","","","","","","","","","","","","","","","","","","","","","","","","","","","","","","","","","","","","","","","","","","","",""
"06163007","TENDE_SAPC",44.043167,7.586,636,2000101711,0.,1,"","","","","","","","","","","","","","","","","","","","","","","","","","","","","","","","","","",13.8,1,9.6,1,12.5,1,"","",14.1,1,"","","","","","","","","","","","","","","","","","","","",76,1,"","","","","","","","","","","","",12.,1,"","","","","","","","","","","","","","","","","","","","","","","","","","","","","","","","","","","","","","","","","","","","","","","","","","","","","","","","","","","","","","","","","","","","","","","","","","","","","","","","","","","","","","","","","","","","","","","","","","","","","","","","","","","","","","","","","","","",""
"06163007","TENDE_SAPC",44.043167,7.586,636,2000101712,0.,1,"","","","","","","","","","","","","","","","","","","","","","","","","","","","","","","","","","",16.8,1,8.7,1,13.8,1,"","",16.8,1,"","","","","","","","","","","","","","","","","","","","",59,1,"","","","","","","","","","","","",11.3,1,"","","","","","","","","","","","","","","","","","","","","","","","","","","","","","","","","","","","","","","","","","","","","","","","","","","","","","","","","","","","","","","","","","","","","","","","","","","","","","","","","","","","","","","","","","","","","","","","","","","","","","","","","","","","","","","","","","","",""
"06163007","TENDE_SAPC",44.043167,7.586,636,2000101713,0.,1,"","","","","","","","","","","","","","","","","","","","","","","","","","","","","","","","","","",17.8,1,8.4,1,16.3,1,"","",17.9,1,"","","","","","","","","","","","","","","","","","","","",54,1,"","","","","","","","","","","","",11.,1,"","","","","","","","","","","","","","","","","","","","","","","","","","","","","","","","","","","","","","","","","","","","","","","","","","","","","","","","","","","","","","","","","","","","","","","","","","","","","","","","","","","","","","","","","","","","","","","","","","","","","","","","","","","","","","","","","","","",""
"06163007","TENDE_SAPC",44.043167,7.586,636,2000101714,0.,1,"","","","","","","","","","","","","","","","","","","","","","","","","","","","","","","","","","",16.9,1,9.1,1,16.9,1,"","",18.2,1,"","","","","","","","","","","","","","","","","","","","",60,1,"","","","","","","","","","","","",11.5,1,"","","","","","","","","","","","","","","","","","","","","","","","","","","","","","","","","","","","","","","","","","","","","","","","","","","","","","","","","","","","","","","","","","","","","","","","","","","","","","","","","","","","","","","","","","","","","","","","","","","","","","","","","","","","","","","","","","","",""
"06163007","TENDE_SAPC",44.043167,7.586,636,2000101715,0.,1,"","","","","","","","","","","","","","","","","","","","","","","","","","","","","","","","","","",15.4,1,10.2,1,15.4,1,"","",16.8,1,"","","","","","","","","","","","","","","","","","","","",71,1,"","","","","","","","","","","","",12.4,1,"","","","","","","","","","","","","","","","","","","","","","","","","","","","","","","","","","","","","","","","","","","","","","","","","","","","","","","","","","","","","","","","","","","","","","","","","","","","","","","","","","","","","","","","","","","","","","","","","","","","","","","","","","","","","","","","","","","",""
"06163007","TENDE_SAPC",44.043167,7.586,636,2000101716,0.,1,"","","","","","","","","","","","","","","","","","","","","","","","","","","","","","","","","","",14.4,1,10.4,1,14.4,1,"","",15.4,1,"","","","","","","","","","","","","","","","","","","","",77,1,"","","","","","","","","","","","",12.6,1,"","","","","","","","","","","","","","","","","","","","","","","","","","","","","","","","","","","","","","","","","","","","","","","","","","","","","","","","","","","","","","","","","","","","","","","","","","","","","","","","","","","","","","","","","","","","","","","","","","","","","","","","","","","","","","","","","","","",""
"06163007","TENDE_SAPC",44.043167,7.586,636,2000101717,0.,1,"","","","","","","","","","","","","","","","","","","","","","","","","","","","","","","","","","",13.1,1,10.3,1,13.1,1,"","",14.4,1,"","","","","","","","","","","","","","","","","","","","",83,1,"","","","","","","","","","","","",12.5,1,"","","","","","","","","","","","","","","","","","","","","","","","","","","","","","","","","","","","","","","","","","","","","","","","","","","","","","","","","","","","","","","","","","","","","","","","","","","","","","","","","","","","","","","","","","","","","","","","","","","","","","","","","","","","","","","","","","","",""
"06163007","TENDE_SAPC",44.043167,7.586,636,2000101718,0.,1,"","","","","","","","","","","","","","","","","","","","","","","","","","","","","","","","","","",11.6,1,9.5,1,11.6,1,"","",13.1,1,"","","","","","","","","","","","","","","","","","","","",87,1,"","","","","","","","","","","","",11.9,1,"","","","","","","","","","","","","","","","","","","","","","","","","","","","","","","","","","","","","","","","","","","","","","","","","","","","","","","","","","","","","","","","","","","","","","","","","","","","","","","","","","","","","","","","","","","","","","","","","","","","","","","","","","","","","","","","","","","",""
"06163007","TENDE_SAPC",44.043167,7.586,636,2000101719,0.,1,"","","","","","","","","","","","","","","","","","","","","","","","","","","","","","","","","","",11.7,1,9.6,1,11.6,1,"","",11.7,1,"","","","","","","","","","","","","","","","","","","","",87,1,"","","","","","","","","","","","",11.9,1,"","","","","","","","","","","","","","","","","","","","","","","","","","","","","","","","","","","","","","","","","","","","","","","","","","","","","","","","","","","","","","","","","","","","","","","","","","","","","","","","","","","","","","","","","","","","","","","","","","","","","","","","","","","","","","","","","","","",""
"06163007","TENDE_SAPC",44.043167,7.586,636,2000101720,0.,1,"","","","","","","","","","","","","","","","","","","","","","","","","","","","","","","","","","",10.8,1,8.7,1,10.8,1,"","",11.6,1,"","","","","","","","","","","","","","","","","","","","",87,1,"","","","","","","","","","","","",11.3,1,"","","","","","","","","","","","","","","","","","","","","","","","","","","","","","","","","","","","","","","","","","","","","","","","","","","","","","","","","","","","","","","","","","","","","","","","","","","","","","","","","","","","","","","","","","","","","","","","","","","","","","","","","","","","","","","","","","","",""
"06163007","TENDE_SAPC",44.043167,7.586,636,2000101721,0.,1,"","","","","","","","","","","","","","","","","","","","","","","","","","","","","","","","","","",10.,1,7.9,1,10.,1,"","",10.8,1,"","","","","","","","","","","","","","","","","","","","",87,1,"","","","","","","","","","","","",10.7,1,"","","","","","","","","","","","","","","","","","","","","","","","","","","","","","","","","","","","","","","","","","","","","","","","","","","","","","","","","","","","","","","","","","","","","","","","","","","","","","","","","","","","","","","","","","","","","","","","","","","","","","","","","","","","","","","","","","","",""
"06163007","TENDE_SAPC",44.043167,7.586,636,2000101722,0.,1,"","","","","","","","","","","","","","","","","","","","","","","","","","","","","","","","","","",9.5,1,7.3,1,9.5,1,"","",10.,1,"","","","","","","","","","","","","","","","","","","","",86,1,"","","","","","","","","","","","",10.2,1,"","","","","","","","","","","","","","","","","","","","","","","","","","","","","","","","","","","","","","","","","","","","","","","","","","","","","","","","","","","","","","","","","","","","","","","","","","","","","","","","","","","","","","","","","","","","","","","","","","","","","","","","","","","","","","","","","","","",""
"06163007","TENDE_SAPC",44.043167,7.586,636,2000101723,0.,1,"","","","","","","","","","","","","","","","","","","","","","","","","","","","","","","","","","",9.4,1,6.7,1,9.4,1,"","",9.6,1,"","","","","","","","","","","","","","","","","","","","",83,1,"","","","","","","","","","","","",9.8,1,"","","","","","","","","","","","","","","","","","","","","","","","","","","","","","","","","","","","","","","","","","","","","","","","","","","","","","","","","","","","","","","","","","","","","","","","","","","","","","","","","","","","","","","","","","","","","","","","","","","","","","","","","","","","","","","","","","","",""
"06163007","TENDE_SAPC",44.043167,7.586,636,2000101800,0.,1,"","","","","","","","","","","","","","","","","","","","","","","","","","","","","","","","","","",8.7,1,6.3,1,8.7,1,"","",9.4,1,"","","","","","","","","","","","","","","","","","","","",85,1,"","","","","","","","","","","","",9.5,1,"","","","","","","","","","","","","","","","","","","","","","","","","","","","","","","","","","","","","","","","","","","","","","","","","","","","","","","","","","","","","","","","","","","","","","","","","","","","","","","","","","","","","","","","","","","","","","","","","","","","","","","","","","","","","","","","","","","",""
"06163007","TENDE_SAPC",44.043167,7.586,636,2000101801,0.,1,"","","","","","","","","","","","","","","","","","","","","","","","","","","","","","","","","","",8.4,1,5.9,1,8.4,1,"","",8.8,1,"","","","","","","","","","","","","","","","","","","","",84,1,"","","","","","","","","","","","",9.2,1,"","","","","","","","","","","","","","","","","","","","","","","","","","","","","","","","","","","","","","","","","","","","","","","","","","","","","","","","","","","","","","","","","","","","","","","","","","","","","","","","","","","","","","","","","","","","","","","","","","","","","","","","","","","","","","","","","","","",""
"06163007","TENDE_SAPC",44.043167,7.586,636,2000101802,0.,1,"","","","","","","","","","","","","","","","","","","","","","","","","","","","","","","","","","",8.,1,5.6,1,7.9,1,"","",8.4,1,"","","","","","","","","","","","","","","","","","","","",85,1,"","","","","","","","","","","","",9.1,1,"","","","","","","","","","","","","","","","","","","","","","","","","","","","","","","","","","","","","","","","","","","","","","","","","","","","","","","","","","","","","","","","","","","","","","","","","","","","","","","","","","","","","","","","","","","","","","","","","","","","","","","","","","","","","","","","","","","",""
"06163007","TENDE_SAPC",44.043167,7.586,636,2000101803,0.,1,"","","","","","","","","","","","","","","","","","","","","","","","","","","","","","","","","","",7.8,1,5.4,1,7.8,1,"","",8.1,1,"","","","","","","","","","","","","","","","","","","","",85,1,"","","","","","","","","","","","",9.,1,"","","","","","","","","","","","","","","","","","","","","","","","","","","","","","","","","","","","","","","","","","","","","","","","","","","","","","","","","","","","","","","","","","","","","","","","","","","","","","","","","","","","","","","","","","","","","","","","","","","","","","","","","","","","","","","","","","","",""
"06163007","TENDE_SAPC",44.043167,7.586,636,2000101804,0.,1,"","","","","","","","","","","","","","","","","","","","","","","","","","","","","","","","","","",7.4,1,5.2,1,7.4,1,"","",7.8,1,"","","","","","","","","","","","","","","","","","","","",86,1,"","","","","","","","","","","","",8.8,1,"","","","","","","","","","","","","","","","","","","","","","","","","","","","","","","","","","","","","","","","","","","","","","","","","","","","","","","","","","","","","","","","","","","","","","","","","","","","","","","","","","","","","","","","","","","","","","","","","","","","","","","","","","","","","","","","","","","",""
"06163007","TENDE_SAPC",44.043167,7.586,636,2000101805,0.,1,"","","","","","","","","","","","","","","","","","","","","","","","","","","","","","","","","","",7.3,1,5.1,1,7.2,1,"","",7.4,1,"","","","","","","","","","","","","","","","","","","","",86,1,"","","","","","","","","","","","",8.8,1,"","","","","","","","","","","","","","","","","","","","","","","","","","","","","","","","","","","","","","","","","","","","","","","","","","","","","","","","","","","","","","","","","","","","","","","","","","","","","","","","","","","","","","","","","","","","","","","","","","","","","","","","","","","","","","","","","","","",""
"06163007","TENDE_SAPC",44.043167,7.586,636,2000101806,0.,1,"","","","","","","","","","","","","","","","","","","","","","","","","","","","","","","","","","",7.3,1,5.3,1,7.2,1,"","",7.3,1,"","","","","","","","","","","","","","","","","","","","",87,1,"","","","","","","","","","","","",8.9,1,"","","","","","","","","","","","","","","","","","","","","","","","","","","","","","","","","","","","","","","","","","","","","","","","","","","","","","","","","","","","","","","","","","","","","","","","","","","","","","","","","","","","","","","","","","","","","","","","","","","","","","","","","","","","","","","","","","","",""
"06163007","TENDE_SAPC",44.043167,7.586,636,2000101807,"","","","","","","","","","","","","","","","","","","","","","","","","","","","","","","","","","","","",8.1,1,5.9,1,"","","","","","","","","","","","","","","","","","","","","","","","","","",86,1,"","","","","","","","","","","","",9.3,1,"","","","","","","","","","","","","","","","","","","","","","","","","","","","","","","","","","","","","","","","","","","","","","","","","","","","","","","","","","","","","","","","","","","","","","","","","","","","","","","","","","","","","","","","","","","","","","","","","","","","","","","","","","","","","","","","","","","",""
"06163007","TENDE_SAPC",44.043167,7.586,636,2000101808,0.,1,"","","","","","","","","","","","","","","","","","","","","","","","","","","","","","","","","","",9.2,1,6.3,1,8.1,1,"","",9.2,1,"","","","","","","","","","","","","","","","","","","","",82,1,"","","","","","","","","","","","",9.5,1,"","","","","","","","","","","","","","","","","","","","","","","","","","","","","","","","","","","","","","","","","","","","","","","","","","","","","","","","","","","","","","","","","","","","","","","","","","","","","","","","","","","","","","","","","","","","","","","","","","","","","","","","","","","","","","","","","","","",""
"06163007","TENDE_SAPC",44.043167,7.586,636,2000101809,0.,1,"","","","","","","","","","","","","","","","","","","","","","","","","","","","","","","","","","",11.5,1,8.2,1,9.2,1,"","",11.5,1,"","","","","","","","","","","","","","","","","","","","",80,1,"","","","","","","","","","","","",10.8,1,"","","","","","","","","","","","","","","","","","","","","","","","","","","","","","","","","","","","","","","","","","","","","","","","","","","","","","","","","","","","","","","","","","","","","","","","","","","","","","","","","","","","","","","","","","","","","","","","","","","","","","","","","","","","","","","","","","","",""
"06163007","TENDE_SAPC",44.043167,7.586,636,2000101810,0.,1,"","","","","","","","","","","","","","","","","","","","","","","","","","","","","","","","","","",15.9,1,10.,1,11.6,1,"","",15.9,1,"","","","","","","","","","","","","","","","","","","","",68,1,"","","","","","","","","","","","",12.3,1,"","","","","","","","","","","","","","","","","","","","","","","","","","","","","","","","","","","","","","","","","","","","","","","","","","","","","","","","","","","","","","","","","","","","","","","","","","","","","","","","","","","","","","","","","","","","","","","","","","","","","","","","","","","","","","","","","","","",""
"06163007","TENDE_SAPC",44.043167,7.586,636,2000101811,0.,1,"","","","","","","","","","","","","","","","","","","","","","","","","","","","","","","","","","",17.3,1,7.9,1,15.9,1,"","",17.3,1,"","","","","","","","","","","","","","","","","","","","",54,1,"","","","","","","","","","","","",10.6,1,"","","","","","","","","","","","","","","","","","","","","","","","","","","","","","","","","","","","","","","","","","","","","","","","","","","","","","","","","","","","","","","","","","","","","","","","","","","","","","","","","","","","","","","","","","","","","","","","","","","","","","","","","","","","","","","","","","","",""
"06163007","TENDE_SAPC",44.043167,7.586,636,2000101812,0.,1,"","","","","","","","","","","","","","","","","","","","","","","","","","","","","","","","","","",18.5,1,8.5,1,17.3,1,"","",18.5,1,"","","","","","","","","","","","","","","","","","","","",52,1,"","","","","","","","","","","","",11.,1,"","","","","","","","","","","","","","","","","","","","","","","","","","","","","","","","","","","","","","","","","","","","","","","","","","","","","","","","","","","","","","","","","","","","","","","","","","","","","","","","","","","","","","","","","","","","","","","","","","","","","","","","","","","","","","","","","","","",""
"06163007","TENDE_SAPC",44.043167,7.586,636,2000101813,0.,1,"","","","","","","","","","","","","","","","","","","","","","","","","","","","","","","","","","",18.3,1,8.8,1,18.3,1,"","",18.6,1,"","","","","","","","","","","","","","","","","","","","",54,1,"","","","","","","","","","","","",11.3,1,"","","","","","","","","","","","","","","","","","","","","","","","","","","","","","","","","","","","","","","","","","","","","","","","","","","","","","","","","","","","","","","","","","","","","","","","","","","","","","","","","","","","","","","","","","","","","","","","","","","","","","","","","","","","","","","","","","","",""
"06163007","TENDE_SAPC",44.043167,7.586,636,2000101814,0.,1,"","","","","","","","","","","","","","","","","","","","","","","","","","","","","","","","","","",17.3,1,9.5,1,17.3,1,"","",18.3,1,"","","","","","","","","","","","","","","","","","","","",60,1,"","","","","","","","","","","","",11.8,1,"","","","","","","","","","","","","","","","","","","","","","","","","","","","","","","","","","","","","","","","","","","","","","","","","","","","","","","","","","","","","","","","","","","","","","","","","","","","","","","","","","","","","","","","","","","","","","","","","","","","","","","","","","","","","","","","","","","",""
"06163007","TENDE_SAPC",44.043167,7.586,636,2000101815,0.,1,"","","","","","","","","","","","","","","","","","","","","","","","","","","","","","","","","","",16.1,1,10.,1,16.1,1,"","",17.2,1,"","","","","","","","","","","","","","","","","","","","",67,1,"","","","","","","","","","","","",12.2,1,"","","","","","","","","","","","","","","","","","","","","","","","","","","","","","","","","","","","","","","","","","","","","","","","","","","","","","","","","","","","","","","","","","","","","","","","","","","","","","","","","","","","","","","","","","","","","","","","","","","","","","","","","","","","","","","","","","","",""
"06163007","TENDE_SAPC",44.043167,7.586,636,2000101816,0.,1,"","","","","","","","","","","","","","","","","","","","","","","","","","","","","","","","","","",14.8,1,10.,1,14.8,1,"","",16.,1,"","","","","","","","","","","","","","","","","","","","",73,1,"","","","","","","","","","","","",12.3,1,"","","","","","","","","","","","","","","","","","","","","","","","","","","","","","","","","","","","","","","","","","","","","","","","","","","","","","","","","","","","","","","","","","","","","","","","","","","","","","","","","","","","","","","","","","","","","","","","","","","","","","","","","","","","","","","","","","","",""
"06163007","TENDE_SAPC",44.043167,7.586,636,2000101817,0.,1,"","","","","","","","","","","","","","","","","","","","","","","","","","","","","","","","","","",12.7,1,10.1,1,12.7,1,"","",14.8,1,"","","","","","","","","","","","","","","","","","","","",84,1,"","","","","","","","","","","","",12.3,1,"","","","","","","","","","","","","","","","","","","","","","","","","","","","","","","","","","","","","","","","","","","","","","","","","","","","","","","","","","","","","","","","","","","","","","","","","","","","","","","","","","","","","","","","","","","","","","","","","","","","","","","","","","","","","","","","","","","",""
"06163007","TENDE_SAPC",44.043167,7.586,636,2000101818,0.,1,"","","","","","","","","","","","","","","","","","","","","","","","","","","","","","","","","","",11.8,1,9.9,1,11.8,1,"","",12.7,1,"","","","","","","","","","","","","","","","","","","","",88,1,"","","","","","","","","","","","",12.2,1,"","","","","","","","","","","","","","","","","","","","","","","","","","","","","","","","","","","","","","","","","","","","","","","","","","","","","","","","","","","","","","","","","","","","","","","","","","","","","","","","","","","","","","","","","","","","","","","","","","","","","","","","","","","","","","","","","","","",""
"06163007","TENDE_SAPC",44.043167,7.586,636,2000101819,0.,1,"","","","","","","","","","","","","","","","","","","","","","","","","","","","","","","","","","",11.,1,9.1,1,11.,1,"","",11.8,1,"","","","","","","","","","","","","","","","","","","","",88,1,"","","","","","","","","","","","",11.5,1,"","","","","","","","","","","","","","","","","","","","","","","","","","","","","","","","","","","","","","","","","","","","","","","","","","","","","","","","","","","","","","","","","","","","","","","","","","","","","","","","","","","","","","","","","","","","","","","","","","","","","","","","","","","","","","","","","","","",""
"06163007","TENDE_SAPC",44.043167,7.586,636,2000101820,0.,1,"","","","","","","","","","","","","","","","","","","","","","","","","","","","","","","","","","",10.,1,8.1,1,10.,1,"","",11.,1,"","","","","","","","","","","","","","","","","","","","",88,1,"","","","","","","","","","","","",10.8,1,"","","","","","","","","","","","","","","","","","","","","","","","","","","","","","","","","","","","","","","","","","","","","","","","","","","","","","","","","","","","","","","","","","","","","","","","","","","","","","","","","","","","","","","","","","","","","","","","","","","","","","","","","","","","","","","","","","","",""
"06163007","TENDE_SAPC",44.043167,7.586,636,2000101821,0.,1,"","","","","","","","","","","","","","","","","","","","","","","","","","","","","","","","","","",9.6,1,7.7,1,9.6,1,"","",10.,1,"","","","","","","","","","","","","","","","","","","","",88,1,"","","","","","","","","","","","",10.5,1,"","","","","","","","","","","","","","","","","","","","","","","","","","","","","","","","","","","","","","","","","","","","","","","","","","","","","","","","","","","","","","","","","","","","","","","","","","","","","","","","","","","","","","","","","","","","","","","","","","","","","","","","","","","","","","","","","","","",""
"06163007","TENDE_SAPC",44.043167,7.586,636,2000101822,0.,1,"","","","","","","","","","","","","","","","","","","","","","","","","","","","","","","","","","",10.6,1,8.9,1,9.6,1,"","",10.6,1,"","","","","","","","","","","","","","","","","","","","",89,1,"","","","","","","","","","","","",11.4,1,"","","","","","","","","","","","","","","","","","","","","","","","","","","","","","","","","","","","","","","","","","","","","","","","","","","","","","","","","","","","","","","","","","","","","","","","","","","","","","","","","","","","","","","","","","","","","","","","","","","","","","","","","","","","","","","","","","","",""
"06163007","TENDE_SAPC",44.043167,7.586,636,2000101823,0.,1,"","","","","","","","","","","","","","","","","","","","","","","","","","","","","","","","","","",10.6,1,8.2,1,10.6,1,"","",10.7,1,"","","","","","","","","","","","","","","","","","","","",85,1,"","","","","","","","","","","","",10.8,1,"","","","","","","","","","","","","","","","","","","","","","","","","","","","","","","","","","","","","","","","","","","","","","","","","","","","","","","","","","","","","","","","","","","","","","","","","","","","","","","","","","","","","","","","","","","","","","","","","","","","","","","","","","","","","","","","","","","",""
"06163007","TENDE_SAPC",44.043167,7.586,636,2000101900,0.,1,"","","","","","","","","","","","","","","","","","","","","","","","","","","","","","","","","","",9.4,1,7.3,1,9.4,1,"","",10.6,1,"","","","","","","","","","","","","","","","","","","","",87,1,"","","","","","","","","","","","",10.2,1,"","","","","","","","","","","","","","","","","","","","","","","","","","","","","","","","","","","","","","","","","","","","","","","","","","","","","","","","","","","","","","","","","","","","","","","","","","","","","","","","","","","","","","","","","","","","","","","","","","","","","","","","","","","","","","","","","","","",""
"06163007","TENDE_SAPC",44.043167,7.586,636,2000101901,0.,1,"","","","","","","","","","","","","","","","","","","","","","","","","","","","","","","","","","",8.8,1,6.9,1,8.8,1,"","",9.4,1,"","","","","","","","","","","","","","","","","","","","",88,1,"","","","","","","","","","","","",10.,1,"","","","","","","","","","","","","","","","","","","","","","","","","","","","","","","","","","","","","","","","","","","","","","","","","","","","","","","","","","","","","","","","","","","","","","","","","","","","","","","","","","","","","","","","","","","","","","","","","","","","","","","","","","","","","","","","","","","",""
"06163007","TENDE_SAPC",44.043167,7.586,636,2000101902,0.,1,"","","","","","","","","","","","","","","","","","","","","","","","","","","","","","","","","","",9.1,1,7.2,1,8.7,1,"","",9.2,1,"","","","","","","","","","","","","","","","","","","","",88,1,"","","","","","","","","","","","",10.2,1,"","","","","","","","","","","","","","","","","","","","","","","","","","","","","","","","","","","","","","","","","","","","","","","","","","","","","","","","","","","","","","","","","","","","","","","","","","","","","","","","","","","","","","","","","","","","","","","","","","","","","","","","","","","","","","","","","","","",""
"06163007","TENDE_SAPC",44.043167,7.586,636,2000101903,0.,1,"","","","","","","","","","","","","","","","","","","","","","","","","","","","","","","","","","",8.6,1,6.9,1,8.6,1,"","",9.1,1,"","","","","","","","","","","","","","","","","","","","",89,1,"","","","","","","","","","","","",9.9,1,"","","","","","","","","","","","","","","","","","","","","","","","","","","","","","","","","","","","","","","","","","","","","","","","","","","","","","","","","","","","","","","","","","","","","","","","","","","","","","","","","","","","","","","","","","","","","","","","","","","","","","","","","","","","","","","","","","","",""
"06163007","TENDE_SAPC",44.043167,7.586,636,2000101904,0.,1,"","","","","","","","","","","","","","","","","","","","","","","","","","","","","","","","","","",8.1,1,6.4,1,8.,1,"","",8.6,1,"","","","","","","","","","","","","","","","","","","","",89,1,"","","","","","","","","","","","",9.6,1,"","","","","","","","","","","","","","","","","","","","","","","","","","","","","","","","","","","","","","","","","","","","","","","","","","","","","","","","","","","","","","","","","","","","","","","","","","","","","","","","","","","","","","","","","","","","","","","","","","","","","","","","","","","","","","","","","","","",""
"06163007","TENDE_SAPC",44.043167,7.586,636,2000101905,0.,1,"","","","","","","","","","","","","","","","","","","","","","","","","","","","","","","","","","",7.5,1,5.8,1,7.5,1,"","",8.1,1,"","","","","","","","","","","","","","","","","","","","",89,1,"","","","","","","","","","","","",9.2,1,"","","","","","","","","","","","","","","","","","","","","","","","","","","","","","","","","","","","","","","","","","","","","","","","","","","","","","","","","","","","","","","","","","","","","","","","","","","","","","","","","","","","","","","","","","","","","","","","","","","","","","","","","","","","","","","","","","","",""
"06163007","TENDE_SAPC",44.043167,7.586,636,2000101906,0.,1,"","","","","","","","","","","","","","","","","","","","","","","","","","","","","","","","","","",7.9,1,6.4,1,7.4,1,"","",7.9,1,"","","","","","","","","","","","","","","","","","","","",90,1,"","","","","","","","","","","","",9.6,1,"","","","","","","","","","","","","","","","","","","","","","","","","","","","","","","","","","","","","","","","","","","","","","","","","","","","","","","","","","","","","","","","","","","","","","","","","","","","","","","","","","","","","","","","","","","","","","","","","","","","","","","","","","","","","","","","","","","",""
"06163007","TENDE_SAPC",44.043167,7.586,636,2000101907,0.,1,"","","","","","","","","","","","","","","","","","","","","","","","","","","","","","","","","","",8.6,1,6.9,1,7.9,1,"","",8.6,1,"","","","","","","","","","","","","","","","","","","","",89,1,"","","","","","","","","","","","",9.9,1,"","","","","","","","","","","","","","","","","","","","","","","","","","","","","","","","","","","","","","","","","","","","","","","","","","","","","","","","","","","","","","","","","","","","","","","","","","","","","","","","","","","","","","","","","","","","","","","","","","","","","","","","","","","","","","","","","","","",""
"06163007","TENDE_SAPC",44.043167,7.586,636,2000101908,0.,1,"","","","","","","","","","","","","","","","","","","","","","","","","","","","","","","","","","",9.9,1,7.7,1,8.6,1,"","",9.9,1,"","","","","","","","","","","","","","","","","","","","",86,1,"","","","","","","","","","","","",10.5,1,"","","","","","","","","","","","","","","","","","","","","","","","","","","","","","","","","","","","","","","","","","","","","","","","","","","","","","","","","","","","","","","","","","","","","","","","","","","","","","","","","","","","","","","","","","","","","","","","","","","","","","","","","","","","","","","","","","","",""
"06163007","TENDE_SAPC",44.043167,7.586,636,2000101909,0.,1,"","","","","","","","","","","","","","","","","","","","","","","","","","","","","","","","","","",11.2,1,7.9,1,9.9,1,"","",11.2,1,"","","","","","","","","","","","","","","","","","","","",80,1,"","","","","","","","","","","","",10.6,1,"","","","","","","","","","","","","","","","","","","","","","","","","","","","","","","","","","","","","","","","","","","","","","","","","","","","","","","","","","","","","","","","","","","","","","","","","","","","","","","","","","","","","","","","","","","","","","","","","","","","","","","","","","","","","","","","","","","",""
"06163007","TENDE_SAPC",44.043167,7.586,636,2000101910,0.,1,"","","","","","","","","","","","","","","","","","","","","","","","","","","","","","","","","","",13.6,1,8.,1,11.2,1,"","",13.6,1,"","","","","","","","","","","","","","","","","","","","",69,1,"","","","","","","","","","","","",10.7,1,"","","","","","","","","","","","","","","","","","","","","","","","","","","","","","","","","","","","","","","","","","","","","","","","","","","","","","","","","","","","","","","","","","","","","","","","","","","","","","","","","","","","","","","","","","","","","","","","","","","","","","","","","","","","","","","","","","","",""
"06163007","TENDE_SAPC",44.043167,7.586,636,2000101911,0.,1,"","","","","","","","","","","","","","","","","","","","","","","","","","","","","","","","","","",16.1,1,7.3,1,13.6,1,"","",16.2,1,"","","","","","","","","","","","","","","","","","","","",56,1,"","","","","","","","","","","","",10.2,1,"","","","","","","","","","","","","","","","","","","","","","","","","","","","","","","","","","","","","","","","","","","","","","","","","","","","","","","","","","","","","","","","","","","","","","","","","","","","","","","","","","","","","","","","","","","","","","","","","","","","","","","","","","","","","","","","","","","",""
"06163007","TENDE_SAPC",44.043167,7.586,636,2000101912,0.,1,"","","","","","","","","","","","","","","","","","","","","","","","","","","","","","","","","","",16.5,1,7.4,1,16.,1,"","",16.6,1,"","","","","","","","","","","","","","","","","","","","",55,1,"","","","","","","","","","","","",10.3,1,"","","","","","","","","","","","","","","","","","","","","","","","","","","","","","","","","","","","","","","","","","","","","","","","","","","","","","","","","","","","","","","","","","","","","","","","","","","","","","","","","","","","","","","","","","","","","","","","","","","","","","","","","","","","","","","","","","","",""
"06163007","TENDE_SAPC",44.043167,7.586,636,2000101913,0.,1,"","","","","","","","","","","","","","","","","","","","","","","","","","","","","","","","","","",17.2,1,7.5,1,16.1,1,"","",17.3,1,"","","","","","","","","","","","","","","","","","","","",53,1,"","","","","","","","","","","","",10.4,1,"","","","","","","","","","","","","","","","","","","","","","","","","","","","","","","","","","","","","","","","","","","","","","","","","","","","","","","","","","","","","","","","","","","","","","","","","","","","","","","","","","","","","","","","","","","","","","","","","","","","","","","","","","","","","","","","","","","",""
"06163007","TENDE_SAPC",44.043167,7.586,636,2000101914,0.,1,"","","","","","","","","","","","","","","","","","","","","","","","","","","","","","","","","","",16.2,1,8.2,1,16.2,1,"","",17.2,1,"","","","","","","","","","","","","","","","","","","","",59,1,"","","","","","","","","","","","",10.8,1,"","","","","","","","","","","","","","","","","","","","","","","","","","","","","","","","","","","","","","","","","","","","","","","","","","","","","","","","","","","","","","","","","","","","","","","","","","","","","","","","","","","","","","","","","","","","","","","","","","","","","","","","","","","","","","","","","","","",""
"06163007","TENDE_SAPC",44.043167,7.586,636,2000101915,0.,1,"","","","","","","","","","","","","","","","","","","","","","","","","","","","","","","","","","",15.4,1,9.1,1,15.3,1,"","",16.2,1,"","","","","","","","","","","","","","","","","","","","",66,1,"","","","","","","","","","","","",11.5,1,"","","","","","","","","","","","","","","","","","","","","","","","","","","","","","","","","","","","","","","","","","","","","","","","","","","","","","","","","","","","","","","","","","","","","","","","","","","","","","","","","","","","","","","","","","","","","","","","","","","","","","","","","","","","","","","","","","","",""
"06163007","TENDE_SAPC",44.043167,7.586,636,2000101916,0.,1,"","","","","","","","","","","","","","","","","","","","","","","","","","","","","","","","","","",15.,1,10.2,1,15.,1,"","",15.7,1,"","","","","","","","","","","","","","","","","","","","",73,1,"","","","","","","","","","","","",12.4,1,"","","","","","","","","","","","","","","","","","","","","","","","","","","","","","","","","","","","","","","","","","","","","","","","","","","","","","","","","","","","","","","","","","","","","","","","","","","","","","","","","","","","","","","","","","","","","","","","","","","","","","","","","","","","","","","","","","","",""
"06163007","TENDE_SAPC",44.043167,7.586,636,2000101917,0.,1,"","","","","","","","","","","","","","","","","","","","","","","","","","","","","","","","","","",14.5,1,10.5,1,14.5,1,"","",15.,1,"","","","","","","","","","","","","","","","","","","","",77,1,"","","","","","","","","","","","",12.7,1,"","","","","","","","","","","","","","","","","","","","","","","","","","","","","","","","","","","","","","","","","","","","","","","","","","","","","","","","","","","","","","","","","","","","","","","","","","","","","","","","","","","","","","","","","","","","","","","","","","","","","","","","","","","","","","","","","","","",""
"06163007","TENDE_SAPC",44.043167,7.586,636,2000101918,0.,1,"","","","","","","","","","","","","","","","","","","","","","","","","","","","","","","","","","",14.1,1,10.9,1,14.,1,"","",14.4,1,"","","","","","","","","","","","","","","","","","","","",81,1,"","","","","","","","","","","","",13.,1,"","","","","","","","","","","","","","","","","","","","","","","","","","","","","","","","","","","","","","","","","","","","","","","","","","","","","","","","","","","","","","","","","","","","","","","","","","","","","","","","","","","","","","","","","","","","","","","","","","","","","","","","","","","","","","","","","","","",""
"06163007","TENDE_SAPC",44.043167,7.586,636,2000101919,0.,1,"","","","","","","","","","","","","","","","","","","","","","","","","","","","","","","","","","",13.8,1,11.,1,13.8,1,"","",14.1,1,"","","","","","","","","","","","","","","","","","","","",83,1,"","","","","","","","","","","","",13.1,1,"","","","","","","","","","","","","","","","","","","","","","","","","","","","","","","","","","","","","","","","","","","","","","","","","","","","","","","","","","","","","","","","","","","","","","","","","","","","","","","","","","","","","","","","","","","","","","","","","","","","","","","","","","","","","","","","","","","",""
"06163007","TENDE_SAPC",44.043167,7.586,636,2000101920,0.,1,"","","","","","","","","","","","","","","","","","","","","","","","","","","","","","","","","","",13.5,1,11.,1,13.3,1,"","",13.8,1,"","","","","","","","","","","","","","","","","","","","",85,1,"","","","","","","","","","","","",13.1,1,"","","","","","","","","","","","","","","","","","","","","","","","","","","","","","","","","","","","","","","","","","","","","","","","","","","","","","","","","","","","","","","","","","","","","","","","","","","","","","","","","","","","","","","","","","","","","","","","","","","","","","","","","","","","","","","","","","","",""
"06163007","TENDE_SAPC",44.043167,7.586,636,2000101921,0.,1,"","","","","","","","","","","","","","","","","","","","","","","","","","","","","","","","","","",13.2,1,10.9,1,13.1,1,"","",13.4,1,"","","","","","","","","","","","","","","","","","","","",86,1,"","","","","","","","","","","","",13.,1,"","","","","","","","","","","","","","","","","","","","","","","","","","","","","","","","","","","","","","","","","","","","","","","","","","","","","","","","","","","","","","","","","","","","","","","","","","","","","","","","","","","","","","","","","","","","","","","","","","","","","","","","","","","","","","","","","","","",""
"06163007","TENDE_SAPC",44.043167,7.586,636,2000101922,0.,1,"","","","","","","","","","","","","","","","","","","","","","","","","","","","","","","","","","",12.8,1,10.7,1,12.8,1,"","",13.1,1,"","","","","","","","","","","","","","","","","","","","",87,1,"","","","","","","","","","","","",12.8,1,"","","","","","","","","","","","","","","","","","","","","","","","","","","","","","","","","","","","","","","","","","","","","","","","","","","","","","","","","","","","","","","","","","","","","","","","","","","","","","","","","","","","","","","","","","","","","","","","","","","","","","","","","","","","","","","","","","","",""
"06163007","TENDE_SAPC",44.043167,7.586,636,2000101923,0.,1,"","","","","","","","","","","","","","","","","","","","","","","","","","","","","","","","","","",12.5,1,10.4,1,12.5,1,"","",12.9,1,"","","","","","","","","","","","","","","","","","","","",87,1,"","","","","","","","","","","","",12.6,1,"","","","","","","","","","","","","","","","","","","","","","","","","","","","","","","","","","","","","","","","","","","","","","","","","","","","","","","","","","","","","","","","","","","","","","","","","","","","","","","","","","","","","","","","","","","","","","","","","","","","","","","","","","","","","","","","","","","",""
"06163007","TENDE_SAPC",44.043167,7.586,636,2000102000,0.,1,"","","","","","","","","","","","","","","","","","","","","","","","","","","","","","","","","","",11.8,1,9.9,1,11.8,1,"","",12.5,1,"","","","","","","","","","","","","","","","","","","","",88,1,"","","","","","","","","","","","",12.2,1,"","","","","","","","","","","","","","","","","","","","","","","","","","","","","","","","","","","","","","","","","","","","","","","","","","","","","","","","","","","","","","","","","","","","","","","","","","","","","","","","","","","","","","","","","","","","","","","","","","","","","","","","","","","","","","","","","","","",""
"06163007","TENDE_SAPC",44.043167,7.586,636,2000102001,0.,1,"","","","","","","","","","","","","","","","","","","","","","","","","","","","","","","","","","",11.5,1,9.6,1,11.5,1,"","",11.8,1,"","","","","","","","","","","","","","","","","","","","",88,1,"","","","","","","","","","","","",11.9,1,"","","","","","","","","","","","","","","","","","","","","","","","","","","","","","","","","","","","","","","","","","","","","","","","","","","","","","","","","","","","","","","","","","","","","","","","","","","","","","","","","","","","","","","","","","","","","","","","","","","","","","","","","","","","","","","","","","","",""
"06163007","TENDE_SAPC",44.043167,7.586,636,2000102002,0.,1,"","","","","","","","","","","","","","","","","","","","","","","","","","","","","","","","","","",11.3,1,9.4,1,11.3,1,"","",11.6,1,"","","","","","","","","","","","","","","","","","","","",88,1,"","","","","","","","","","","","",11.8,1,"","","","","","","","","","","","","","","","","","","","","","","","","","","","","","","","","","","","","","","","","","","","","","","","","","","","","","","","","","","","","","","","","","","","","","","","","","","","","","","","","","","","","","","","","","","","","","","","","","","","","","","","","","","","","","","","","","","",""
"06163007","TENDE_SAPC",44.043167,7.586,636,2000102003,0.,1,"","","","","","","","","","","","","","","","","","","","","","","","","","","","","","","","","","",10.7,1,9.,1,10.6,1,"","",11.3,1,"","","","","","","","","","","","","","","","","","","","",89,1,"","","","","","","","","","","","",11.4,1,"","","","","","","","","","","","","","","","","","","","","","","","","","","","","","","","","","","","","","","","","","","","","","","","","","","","","","","","","","","","","","","","","","","","","","","","","","","","","","","","","","","","","","","","","","","","","","","","","","","","","","","","","","","","","","","","","","","",""
"06163007","TENDE_SAPC",44.043167,7.586,636,2000102004,0.,1,"","","","","","","","","","","","","","","","","","","","","","","","","","","","","","","","","","",10.8,1,9.1,1,10.5,1,"","",10.8,1,"","","","","","","","","","","","","","","","","","","","",89,1,"","","","","","","","","","","","",11.5,1,"","","","","","","","","","","","","","","","","","","","","","","","","","","","","","","","","","","","","","","","","","","","","","","","","","","","","","","","","","","","","","","","","","","","","","","","","","","","","","","","","","","","","","","","","","","","","","","","","","","","","","","","","","","","","","","","","","","",""
"06163007","TENDE_SAPC",44.043167,7.586,636,2000102005,0.,1,"","","","","","","","","","","","","","","","","","","","","","","","","","","","","","","","","","",11.,1,9.3,1,10.8,1,"","",11.1,1,"","","","","","","","","","","","","","","","","","","","",89,1,"","","","","","","","","","","","",11.7,1,"","","","","","","","","","","","","","","","","","","","","","","","","","","","","","","","","","","","","","","","","","","","","","","","","","","","","","","","","","","","","","","","","","","","","","","","","","","","","","","","","","","","","","","","","","","","","","","","","","","","","","","","","","","","","","","","","","","",""
"06163007","TENDE_SAPC",44.043167,7.586,636,2000102006,0.,1,"","","","","","","","","","","","","","","","","","","","","","","","","","","","","","","","","","",10.9,1,9.,1,10.9,1,"","",11.,1,"","","","","","","","","","","","","","","","","","","","",88,1,"","","","","","","","","","","","",11.5,1,"","","","","","","","","","","","","","","","","","","","","","","","","","","","","","","","","","","","","","","","","","","","","","","","","","","","","","","","","","","","","","","","","","","","","","","","","","","","","","","","","","","","","","","","","","","","","","","","","","","","","","","","","","","","","","","","","","","",""
"06163007","TENDE_SAPC",44.043167,7.586,636,2000102007,0.,1,"","","","","","","","","","","","","","","","","","","","","","","","","","","","","","","","","","",11.3,1,9.4,1,10.9,1,"","",11.3,1,"","","","","","","","","","","","","","","","","","","","",88,1,"","","","","","","","","","","","",11.8,1,"","","","","","","","","","","","","","","","","","","","","","","","","","","","","","","","","","","","","","","","","","","","","","","","","","","","","","","","","","","","","","","","","","","","","","","","","","","","","","","","","","","","","","","","","","","","","","","","","","","","","","","","","","","","","","","","","","","",""
"06163007","TENDE_SAPC",44.043167,7.586,636,2000102008,0.,1,"","","","","","","","","","","","","","","","","","","","","","","","","","","","","","","","","","",12.1,1,9.1,1,11.4,1,"","",13.,1,"","","","","","","","","","","","","","","","","","","","",82,1,"","","","","","","","","","","","",11.6,1,"","","","","","","","","","","","","","","","","","","","","","","","","","","","","","","","","","","","","","","","","","","","","","","","","","","","","","","","","","","","","","","","","","","","","","","","","","","","","","","","","","","","","","","","","","","","","","","","","","","","","","","","","","","","","","","","","","","",""
"06163007","TENDE_SAPC",44.043167,7.586,636,2000102009,0.,1,"","","","","","","","","","","","","","","","","","","","","","","","","","","","","","","","","","",13.7,1,9.3,1,12.1,1,"","",14.6,1,"","","","","","","","","","","","","","","","","","","","",75,1,"","","","","","","","","","","","",11.7,1,"","","","","","","","","","","","","","","","","","","","","","","","","","","","","","","","","","","","","","","","","","","","","","","","","","","","","","","","","","","","","","","","","","","","","","","","","","","","","","","","","","","","","","","","","","","","","","","","","","","","","","","","","","","","","","","","","","","",""
"06163007","TENDE_SAPC",44.043167,7.586,636,2000102010,0.,1,"","","","","","","","","","","","","","","","","","","","","","","","","","","","","","","","","","",16.2,1,8.9,1,13.8,1,"","",16.2,1,"","","","","","","","","","","","","","","","","","","","",62,1,"","","","","","","","","","","","",11.4,1,"","","","","","","","","","","","","","","","","","","","","","","","","","","","","","","","","","","","","","","","","","","","","","","","","","","","","","","","","","","","","","","","","","","","","","","","","","","","","","","","","","","","","","","","","","","","","","","","","","","","","","","","","","","","","","","","","","","",""
"06163007","TENDE_SAPC",44.043167,7.586,636,2000102011,0.,1,"","","","","","","","","","","","","","","","","","","","","","","","","","","","","","","","","","",17.3,1,7.3,1,16.2,1,"","",17.3,1,"","","","","","","","","","","","","","","","","","","","",52,1,"","","","","","","","","","","","",10.2,1,"","","","","","","","","","","","","","","","","","","","","","","","","","","","","","","","","","","","","","","","","","","","","","","","","","","","","","","","","","","","","","","","","","","","","","","","","","","","","","","","","","","","","","","","","","","","","","","","","","","","","","","","","","","","","","","","","","","",""
"06163007","TENDE_SAPC",44.043167,7.586,636,2000102012,0.,1,"","","","","","","","","","","","","","","","","","","","","","","","","","","","","","","","","","",16.3,1,8.5,1,16.1,1,"","",17.3,1,"","","","","","","","","","","","","","","","","","","","",60,1,"","","","","","","","","","","","",11.1,1,"","","","","","","","","","","","","","","","","","","","","","","","","","","","","","","","","","","","","","","","","","","","","","","","","","","","","","","","","","","","","","","","","","","","","","","","","","","","","","","","","","","","","","","","","","","","","","","","","","","","","","","","","","","","","","","","","","","",""
"06163007","TENDE_SAPC",44.043167,7.586,636,2000102013,0.,1,"","","","","","","","","","","","","","","","","","","","","","","","","","","","","","","","","","",16.5,1,8.7,1,16.3,1,"","",16.6,1,"","","","","","","","","","","","","","","","","","","","",60,1,"","","","","","","","","","","","",11.2,1,"","","","","","","","","","","","","","","","","","","","","","","","","","","","","","","","","","","","","","","","","","","","","","","","","","","","","","","","","","","","","","","","","","","","","","","","","","","","","","","","","","","","","","","","","","","","","","","","","","","","","","","","","","","","","","","","","","","",""
"06163007","TENDE_SAPC",44.043167,7.586,636,2000102014,0.,1,"","","","","","","","","","","","","","","","","","","","","","","","","","","","","","","","","","",16.8,1,8.5,1,16.4,1,"","",16.8,1,"","","","","","","","","","","","","","","","","","","","",58,1,"","","","","","","","","","","","",11.1,1,"","","","","","","","","","","","","","","","","","","","","","","","","","","","","","","","","","","","","","","","","","","","","","","","","","","","","","","","","","","","","","","","","","","","","","","","","","","","","","","","","","","","","","","","","","","","","","","","","","","","","","","","","","","","","","","","","","","",""
"06163007","TENDE_SAPC",44.043167,7.586,636,2000102015,0.,1,"","","","","","","","","","","","","","","","","","","","","","","","","","","","","","","","","","",16.7,1,7.1,1,16.7,1,"","",17.1,1,"","","","","","","","","","","","","","","","","","","","",53,1,"","","","","","","","","","","","",10.1,1,"","","","","","","","","","","","","","","","","","","","","","","","","","","","","","","","","","","","","","","","","","","","","","","","","","","","","","","","","","","","","","","","","","","","","","","","","","","","","","","","","","","","","","","","","","","","","","","","","","","","","","","","","","","","","","","","","","","",""
"06163007","TENDE_SAPC",44.043167,7.586,636,2000102016,0.,1,"","","","","","","","","","","","","","","","","","","","","","","","","","","","","","","","","","",15.1,1,7.6,1,15.1,1,"","",16.7,1,"","","","","","","","","","","","","","","","","","","","",61,1,"","","","","","","","","","","","",10.4,1,"","","","","","","","","","","","","","","","","","","","","","","","","","","","","","","","","","","","","","","","","","","","","","","","","","","","","","","","","","","","","","","","","","","","","","","","","","","","","","","","","","","","","","","","","","","","","","","","","","","","","","","","","","","","","","","","","","","",""
"06163007","TENDE_SAPC",44.043167,7.586,636,2000102017,0.,1,"","","","","","","","","","","","","","","","","","","","","","","","","","","","","","","","","","",13.4,1,8.2,1,13.4,1,"","",15.2,1,"","","","","","","","","","","","","","","","","","","","",71,1,"","","","","","","","","","","","",10.9,1,"","","","","","","","","","","","","","","","","","","","","","","","","","","","","","","","","","","","","","","","","","","","","","","","","","","","","","","","","","","","","","","","","","","","","","","","","","","","","","","","","","","","","","","","","","","","","","","","","","","","","","","","","","","","","","","","","","","",""
"06163007","TENDE_SAPC",44.043167,7.586,636,2000102018,0.,1,"","","","","","","","","","","","","","","","","","","","","","","","","","","","","","","","","","",11.6,1,7.9,1,11.6,1,"","",13.3,1,"","","","","","","","","","","","","","","","","","","","",78,1,"","","","","","","","","","","","",10.6,1,"","","","","","","","","","","","","","","","","","","","","","","","","","","","","","","","","","","","","","","","","","","","","","","","","","","","","","","","","","","","","","","","","","","","","","","","","","","","","","","","","","","","","","","","","","","","","","","","","","","","","","","","","","","","","","","","","","","",""
"06163007","TENDE_SAPC",44.043167,7.586,636,2000102019,0.,1,"","","","","","","","","","","","","","","","","","","","","","","","","","","","","","","","","","",11.1,1,7.6,1,11.,1,"","",11.6,1,"","","","","","","","","","","","","","","","","","","","",79,1,"","","","","","","","","","","","",10.4,1,"","","","","","","","","","","","","","","","","","","","","","","","","","","","","","","","","","","","","","","","","","","","","","","","","","","","","","","","","","","","","","","","","","","","","","","","","","","","","","","","","","","","","","","","","","","","","","","","","","","","","","","","","","","","","","","","","","","",""
"06163007","TENDE_SAPC",44.043167,7.586,636,2000102020,0.,1,"","","","","","","","","","","","","","","","","","","","","","","","","","","","","","","","","","",10.5,1,7.2,1,10.5,1,"","",11.,1,"","","","","","","","","","","","","","","","","","","","",80,1,"","","","","","","","","","","","",10.1,1,"","","","","","","","","","","","","","","","","","","","","","","","","","","","","","","","","","","","","","","","","","","","","","","","","","","","","","","","","","","","","","","","","","","","","","","","","","","","","","","","","","","","","","","","","","","","","","","","","","","","","","","","","","","","","","","","","","","",""
"06163007","TENDE_SAPC",44.043167,7.586,636,2000102021,0.,1,"","","","","","","","","","","","","","","","","","","","","","","","","","","","","","","","","","",10.2,1,6.7,1,10.1,1,"","",10.4,1,"","","","","","","","","","","","","","","","","","","","",79,1,"","","","","","","","","","","","",9.8,1,"","","","","","","","","","","","","","","","","","","","","","","","","","","","","","","","","","","","","","","","","","","","","","","","","","","","","","","","","","","","","","","","","","","","","","","","","","","","","","","","","","","","","","","","","","","","","","","","","","","","","","","","","","","","","","","","","","","",""
"06163007","TENDE_SAPC",44.043167,7.586,636,2000102022,0.,1,"","","","","","","","","","","","","","","","","","","","","","","","","","","","","","","","","","",9.6,1,6.7,1,9.5,1,"","",10.2,1,"","","","","","","","","","","","","","","","","","","","",82,1,"","","","","","","","","","","","",9.8,1,"","","","","","","","","","","","","","","","","","","","","","","","","","","","","","","","","","","","","","","","","","","","","","","","","","","","","","","","","","","","","","","","","","","","","","","","","","","","","","","","","","","","","","","","","","","","","","","","","","","","","","","","","","","","","","","","","","","",""
"06163007","TENDE_SAPC",44.043167,7.586,636,2000102023,0.,1,"","","","","","","","","","","","","","","","","","","","","","","","","","","","","","","","","","",9.9,1,6.1,1,9.5,1,"","",9.9,1,"","","","","","","","","","","","","","","","","","","","",77,1,"","","","","","","","","","","","",9.4,1,"","","","","","","","","","","","","","","","","","","","","","","","","","","","","","","","","","","","","","","","","","","","","","","","","","","","","","","","","","","","","","","","","","","","","","","","","","","","","","","","","","","","","","","","","","","","","","","","","","","","","","","","","","","","","","","","","","","",""
"06163007","TENDE_SAPC",44.043167,7.586,636,2000102100,0.,1,"","","","","","","","","","","","","","","","","","","","","","","","","","","","","","","","","","",9.4,1,6.1,1,9.3,1,"","",9.9,1,"","","","","","","","","","","","","","","","","","","","",80,1,"","","","","","","","","","","","",9.4,1,"","","","","","","","","","","","","","","","","","","","","","","","","","","","","","","","","","","","","","","","","","","","","","","","","","","","","","","","","","","","","","","","","","","","","","","","","","","","","","","","","","","","","","","","","","","","","","","","","","","","","","","","","","","","","","","","","","","",""
"06163007","TENDE_SAPC",44.043167,7.586,636,2000102101,0.,1,"","","","","","","","","","","","","","","","","","","","","","","","","","","","","","","","","","",9.,1,5.9,1,9.,1,"","",9.4,1,"","","","","","","","","","","","","","","","","","","","",81,1,"","","","","","","","","","","","",9.3,1,"","","","","","","","","","","","","","","","","","","","","","","","","","","","","","","","","","","","","","","","","","","","","","","","","","","","","","","","","","","","","","","","","","","","","","","","","","","","","","","","","","","","","","","","","","","","","","","","","","","","","","","","","","","","","","","","","","","",""
"06163007","TENDE_SAPC",44.043167,7.586,636,2000102102,0.,1,"","","","","","","","","","","","","","","","","","","","","","","","","","","","","","","","","","",9.6,1,5.8,1,9.,1,"","",9.6,1,"","","","","","","","","","","","","","","","","","","","",77,1,"","","","","","","","","","","","",9.2,1,"","","","","","","","","","","","","","","","","","","","","","","","","","","","","","","","","","","","","","","","","","","","","","","","","","","","","","","","","","","","","","","","","","","","","","","","","","","","","","","","","","","","","","","","","","","","","","","","","","","","","","","","","","","","","","","","","","","",""
"06163007","TENDE_SAPC",44.043167,7.586,636,2000102103,0.,1,"","","","","","","","","","","","","","","","","","","","","","","","","","","","","","","","","","",9.8,1,5.6,1,9.6,1,"","",10.,1,"","","","","","","","","","","","","","","","","","","","",75,1,"","","","","","","","","","","","",9.1,1,"","","","","","","","","","","","","","","","","","","","","","","","","","","","","","","","","","","","","","","","","","","","","","","","","","","","","","","","","","","","","","","","","","","","","","","","","","","","","","","","","","","","","","","","","","","","","","","","","","","","","","","","","","","","","","","","","","","",""
"06163007","TENDE_SAPC",44.043167,7.586,636,2000102104,0.,1,"","","","","","","","","","","","","","","","","","","","","","","","","","","","","","","","","","",9.6,1,5.2,1,9.6,1,"","",10.2,1,"","","","","","","","","","","","","","","","","","","","",74,1,"","","","","","","","","","","","",8.8,1,"","","","","","","","","","","","","","","","","","","","","","","","","","","","","","","","","","","","","","","","","","","","","","","","","","","","","","","","","","","","","","","","","","","","","","","","","","","","","","","","","","","","","","","","","","","","","","","","","","","","","","","","","","","","","","","","","","","",""
"06163007","TENDE_SAPC",44.043167,7.586,636,2000102105,0.,1,"","","","","","","","","","","","","","","","","","","","","","","","","","","","","","","","","","",9.7,1,5.3,1,9.5,1,"","",9.9,1,"","","","","","","","","","","","","","","","","","","","",74,1,"","","","","","","","","","","","",8.9,1,"","","","","","","","","","","","","","","","","","","","","","","","","","","","","","","","","","","","","","","","","","","","","","","","","","","","","","","","","","","","","","","","","","","","","","","","","","","","","","","","","","","","","","","","","","","","","","","","","","","","","","","","","","","","","","","","","","","",""
"06163007","TENDE_SAPC",44.043167,7.586,636,2000102106,0.,1,"","","","","","","","","","","","","","","","","","","","","","","","","","","","","","","","","","",10.2,1,5.2,1,9.6,1,"","",10.2,1,"","","","","","","","","","","","","","","","","","","","",71,1,"","","","","","","","","","","","",8.8,1,"","","","","","","","","","","","","","","","","","","","","","","","","","","","","","","","","","","","","","","","","","","","","","","","","","","","","","","","","","","","","","","","","","","","","","","","","","","","","","","","","","","","","","","","","","","","","","","","","","","","","","","","","","","","","","","","","","","",""
"06163007","TENDE_SAPC",44.043167,7.586,636,2000102107,0.,1,"","","","","","","","","","","","","","","","","","","","","","","","","","","","","","","","","","",10.5,1,5.3,1,10.1,1,"","",10.6,1,"","","","","","","","","","","","","","","","","","","","",70,1,"","","","","","","","","","","","",8.9,1,"","","","","","","","","","","","","","","","","","","","","","","","","","","","","","","","","","","","","","","","","","","","","","","","","","","","","","","","","","","","","","","","","","","","","","","","","","","","","","","","","","","","","","","","","","","","","","","","","","","","","","","","","","","","","","","","","","","",""
"06163007","TENDE_SAPC",44.043167,7.586,636,2000102108,0.,1,"","","","","","","","","","","","","","","","","","","","","","","","","","","","","","","","","","",11.6,1,5.5,1,10.6,1,"","",11.6,1,"","","","","","","","","","","","","","","","","","","","",66,1,"","","","","","","","","","","","",9.,1,"","","","","","","","","","","","","","","","","","","","","","","","","","","","","","","","","","","","","","","","","","","","","","","","","","","","","","","","","","","","","","","","","","","","","","","","","","","","","","","","","","","","","","","","","","","","","","","","","","","","","","","","","","","","","","","","","","","",""
"06163007","TENDE_SAPC",44.043167,7.586,636,2000102109,0.,1,"","","","","","","","","","","","","","","","","","","","","","","","","","","","","","","","","","",15.9,1,4.9,1,11.6,1,"","",15.9,1,"","","","","","","","","","","","","","","","","","","","",48,1,"","","","","","","","","","","","",8.7,1,"","","","","","","","","","","","","","","","","","","","","","","","","","","","","","","","","","","","","","","","","","","","","","","","","","","","","","","","","","","","","","","","","","","","","","","","","","","","","","","","","","","","","","","","","","","","","","","","","","","","","","","","","","","","","","","","","","","",""
"06163007","TENDE_SAPC",44.043167,7.586,636,2000102110,0.,1,"","","","","","","","","","","","","","","","","","","","","","","","","","","","","","","","","","",18.6,1,3.6,1,15.9,1,"","",18.6,1,"","","","","","","","","","","","","","","","","","","","",37,1,"","","","","","","","","","","","",7.9,1,"","","","","","","","","","","","","","","","","","","","","","","","","","","","","","","","","","","","","","","","","","","","","","","","","","","","","","","","","","","","","","","","","","","","","","","","","","","","","","","","","","","","","","","","","","","","","","","","","","","","","","","","","","","","","","","","","","","",""
"06163007","TENDE_SAPC",44.043167,7.586,636,2000102111,0.,1,"","","","","","","","","","","","","","","","","","","","","","","","","","","","","","","","","","",19.3,1,4.2,1,18.6,1,"","",19.3,1,"","","","","","","","","","","","","","","","","","","","",37,1,"","","","","","","","","","","","",8.3,1,"","","","","","","","","","","","","","","","","","","","","","","","","","","","","","","","","","","","","","","","","","","","","","","","","","","","","","","","","","","","","","","","","","","","","","","","","","","","","","","","","","","","","","","","","","","","","","","","","","","","","","","","","","","","","","","","","","","",""
"06163007","TENDE_SAPC",44.043167,7.586,636,2000102112,0.,1,"","","","","","","","","","","","","","","","","","","","","","","","","","","","","","","","","","",19.2,1,4.1,1,19.2,1,"","",19.5,1,"","","","","","","","","","","","","","","","","","","","",37,1,"","","","","","","","","","","","",8.2,1,"","","","","","","","","","","","","","","","","","","","","","","","","","","","","","","","","","","","","","","","","","","","","","","","","","","","","","","","","","","","","","","","","","","","","","","","","","","","","","","","","","","","","","","","","","","","","","","","","","","","","","","","","","","","","","","","","","","",""
"06163007","TENDE_SAPC",44.043167,7.586,636,2000102113,0.,1,"","","","","","","","","","","","","","","","","","","","","","","","","","","","","","","","","","",19.2,1,3.8,1,19.1,1,"","",19.5,1,"","","","","","","","","","","","","","","","","","","","",36,1,"","","","","","","","","","","","",8.,1,"","","","","","","","","","","","","","","","","","","","","","","","","","","","","","","","","","","","","","","","","","","","","","","","","","","","","","","","","","","","","","","","","","","","","","","","","","","","","","","","","","","","","","","","","","","","","","","","","","","","","","","","","","","","","","","","","","","",""
"06163007","TENDE_SAPC",44.043167,7.586,636,2000102114,0.,1,"","","","","","","","","","","","","","","","","","","","","","","","","","","","","","","","","","",18.4,1,4.9,1,18.4,1,"","",19.2,1,"","","","","","","","","","","","","","","","","","","","",41,1,"","","","","","","","","","","","",8.7,1,"","","","","","","","","","","","","","","","","","","","","","","","","","","","","","","","","","","","","","","","","","","","","","","","","","","","","","","","","","","","","","","","","","","","","","","","","","","","","","","","","","","","","","","","","","","","","","","","","","","","","","","","","","","","","","","","","","","",""
"06163007","TENDE_SAPC",44.043167,7.586,636,2000102115,0.,1,"","","","","","","","","","","","","","","","","","","","","","","","","","","","","","","","","","",17.3,1,4.9,1,17.3,1,"","",18.4,1,"","","","","","","","","","","","","","","","","","","","",44,1,"","","","","","","","","","","","",8.7,1,"","","","","","","","","","","","","","","","","","","","","","","","","","","","","","","","","","","","","","","","","","","","","","","","","","","","","","","","","","","","","","","","","","","","","","","","","","","","","","","","","","","","","","","","","","","","","","","","","","","","","","","","","","","","","","","","","","","",""
"06163007","TENDE_SAPC",44.043167,7.586,636,2000102116,0.,1,"","","","","","","","","","","","","","","","","","","","","","","","","","","","","","","","","","",16.5,1,4.8,1,16.4,1,"","",17.2,1,"","","","","","","","","","","","","","","","","","","","",46,1,"","","","","","","","","","","","",8.6,1,"","","","","","","","","","","","","","","","","","","","","","","","","","","","","","","","","","","","","","","","","","","","","","","","","","","","","","","","","","","","","","","","","","","","","","","","","","","","","","","","","","","","","","","","","","","","","","","","","","","","","","","","","","","","","","","","","","","",""
"06163007","TENDE_SAPC",44.043167,7.586,636,2000102117,0.,1,"","","","","","","","","","","","","","","","","","","","","","","","","","","","","","","","","","",16.,1,5.3,1,15.9,1,"","",16.4,1,"","","","","","","","","","","","","","","","","","","","",49,1,"","","","","","","","","","","","",8.9,1,"","","","","","","","","","","","","","","","","","","","","","","","","","","","","","","","","","","","","","","","","","","","","","","","","","","","","","","","","","","","","","","","","","","","","","","","","","","","","","","","","","","","","","","","","","","","","","","","","","","","","","","","","","","","","","","","","","","",""
"06163007","TENDE_SAPC",44.043167,7.586,636,2000102118,0.,1,"","","","","","","","","","","","","","","","","","","","","","","","","","","","","","","","","","",14.8,1,5.6,1,14.8,1,"","",16.,1,"","","","","","","","","","","","","","","","","","","","",54,1,"","","","","","","","","","","","",9.1,1,"","","","","","","","","","","","","","","","","","","","","","","","","","","","","","","","","","","","","","","","","","","","","","","","","","","","","","","","","","","","","","","","","","","","","","","","","","","","","","","","","","","","","","","","","","","","","","","","","","","","","","","","","","","","","","","","","","","",""
"06163007","TENDE_SAPC",44.043167,7.586,636,2000102119,0.,1,"","","","","","","","","","","","","","","","","","","","","","","","","","","","","","","","","","",13.9,1,5.8,1,13.9,1,"","",15.2,1,"","","","","","","","","","","","","","","","","","","","",58,1,"","","","","","","","","","","","",9.2,1,"","","","","","","","","","","","","","","","","","","","","","","","","","","","","","","","","","","","","","","","","","","","","","","","","","","","","","","","","","","","","","","","","","","","","","","","","","","","","","","","","","","","","","","","","","","","","","","","","","","","","","","","","","","","","","","","","","","",""
"06163007","TENDE_SAPC",44.043167,7.586,636,2000102120,0.,1,"","","","","","","","","","","","","","","","","","","","","","","","","","","","","","","","","","",12.6,1,5.7,1,12.6,1,"","",13.9,1,"","","","","","","","","","","","","","","","","","","","",63,1,"","","","","","","","","","","","",9.2,1,"","","","","","","","","","","","","","","","","","","","","","","","","","","","","","","","","","","","","","","","","","","","","","","","","","","","","","","","","","","","","","","","","","","","","","","","","","","","","","","","","","","","","","","","","","","","","","","","","","","","","","","","","","","","","","","","","","","",""
"06163007","TENDE_SAPC",44.043167,7.586,636,2000102121,0.,1,"","","","","","","","","","","","","","","","","","","","","","","","","","","","","","","","","","",10.8,1,6.,1,10.8,1,"","",12.5,1,"","","","","","","","","","","","","","","","","","","","",72,1,"","","","","","","","","","","","",9.3,1,"","","","","","","","","","","","","","","","","","","","","","","","","","","","","","","","","","","","","","","","","","","","","","","","","","","","","","","","","","","","","","","","","","","","","","","","","","","","","","","","","","","","","","","","","","","","","","","","","","","","","","","","","","","","","","","","","","","",""
"06163007","TENDE_SAPC",44.043167,7.586,636,2000102122,0.,1,"","","","","","","","","","","","","","","","","","","","","","","","","","","","","","","","","","",10.2,1,6.2,1,10.2,1,"","",10.8,1,"","","","","","","","","","","","","","","","","","","","",76,1,"","","","","","","","","","","","",9.4,1,"","","","","","","","","","","","","","","","","","","","","","","","","","","","","","","","","","","","","","","","","","","","","","","","","","","","","","","","","","","","","","","","","","","","","","","","","","","","","","","","","","","","","","","","","","","","","","","","","","","","","","","","","","","","","","","","","","","",""
"06163007","TENDE_SAPC",44.043167,7.586,636,2000102123,0.,1,"","","","","","","","","","","","","","","","","","","","","","","","","","","","","","","","","","",10.3,1,5.9,1,10.,1,"","",10.3,1,"","","","","","","","","","","","","","","","","","","","",74,1,"","","","","","","","","","","","",9.3,1,"","","","","","","","","","","","","","","","","","","","","","","","","","","","","","","","","","","","","","","","","","","","","","","","","","","","","","","","","","","","","","","","","","","","","","","","","","","","","","","","","","","","","","","","","","","","","","","","","","","","","","","","","","","","","","","","","","","",""
"06163007","TENDE_SAPC",44.043167,7.586,636,2000102200,0.,1,"","","","","","","","","","","","","","","","","","","","","","","","","","","","","","","","","","",9.7,1,5.7,1,9.7,1,"","",10.3,1,"","","","","","","","","","","","","","","","","","","","",76,1,"","","","","","","","","","","","",9.1,1,"","","","","","","","","","","","","","","","","","","","","","","","","","","","","","","","","","","","","","","","","","","","","","","","","","","","","","","","","","","","","","","","","","","","","","","","","","","","","","","","","","","","","","","","","","","","","","","","","","","","","","","","","","","","","","","","","","","",""
"06163007","TENDE_SAPC",44.043167,7.586,636,2000102201,0.,1,"","","","","","","","","","","","","","","","","","","","","","","","","","","","","","","","","","",8.8,1,5.5,1,8.8,1,"","",9.6,1,"","","","","","","","","","","","","","","","","","","","",80,1,"","","","","","","","","","","","",9.,1,"","","","","","","","","","","","","","","","","","","","","","","","","","","","","","","","","","","","","","","","","","","","","","","","","","","","","","","","","","","","","","","","","","","","","","","","","","","","","","","","","","","","","","","","","","","","","","","","","","","","","","","","","","","","","","","","","","","",""
"06163007","TENDE_SAPC",44.043167,7.586,636,2000102202,0.,1,"","","","","","","","","","","","","","","","","","","","","","","","","","","","","","","","","","",8.3,1,5.2,1,8.3,1,"","",8.8,1,"","","","","","","","","","","","","","","","","","","","",81,1,"","","","","","","","","","","","",8.9,1,"","","","","","","","","","","","","","","","","","","","","","","","","","","","","","","","","","","","","","","","","","","","","","","","","","","","","","","","","","","","","","","","","","","","","","","","","","","","","","","","","","","","","","","","","","","","","","","","","","","","","","","","","","","","","","","","","","","",""
"06163007","TENDE_SAPC",44.043167,7.586,636,2000102203,0.,1,"","","","","","","","","","","","","","","","","","","","","","","","","","","","","","","","","","",7.8,1,4.9,1,7.8,1,"","",8.4,1,"","","","","","","","","","","","","","","","","","","","",82,1,"","","","","","","","","","","","",8.7,1,"","","","","","","","","","","","","","","","","","","","","","","","","","","","","","","","","","","","","","","","","","","","","","","","","","","","","","","","","","","","","","","","","","","","","","","","","","","","","","","","","","","","","","","","","","","","","","","","","","","","","","","","","","","","","","","","","","","",""
"06163007","TENDE_SAPC",44.043167,7.586,636,2000102204,0.,1,"","","","","","","","","","","","","","","","","","","","","","","","","","","","","","","","","","",7.6,1,4.4,1,7.6,1,"","",8.,1,"","","","","","","","","","","","","","","","","","","","",80,1,"","","","","","","","","","","","",8.3,1,"","","","","","","","","","","","","","","","","","","","","","","","","","","","","","","","","","","","","","","","","","","","","","","","","","","","","","","","","","","","","","","","","","","","","","","","","","","","","","","","","","","","","","","","","","","","","","","","","","","","","","","","","","","","","","","","","","","",""
"06163007","TENDE_SAPC",44.043167,7.586,636,2000102205,0.,1,"","","","","","","","","","","","","","","","","","","","","","","","","","","","","","","","","","",7.3,1,4.4,1,7.3,1,"","",7.7,1,"","","","","","","","","","","","","","","","","","","","",82,1,"","","","","","","","","","","","",8.4,1,"","","","","","","","","","","","","","","","","","","","","","","","","","","","","","","","","","","","","","","","","","","","","","","","","","","","","","","","","","","","","","","","","","","","","","","","","","","","","","","","","","","","","","","","","","","","","","","","","","","","","","","","","","","","","","","","","","","",""
"06163007","TENDE_SAPC",44.043167,7.586,636,2000102206,0.,1,"","","","","","","","","","","","","","","","","","","","","","","","","","","","","","","","","","",7.2,1,4.,1,7.2,1,"","",7.4,1,"","","","","","","","","","","","","","","","","","","","",80,1,"","","","","","","","","","","","",8.1,1,"","","","","","","","","","","","","","","","","","","","","","","","","","","","","","","","","","","","","","","","","","","","","","","","","","","","","","","","","","","","","","","","","","","","","","","","","","","","","","","","","","","","","","","","","","","","","","","","","","","","","","","","","","","","","","","","","","","",""
"06163007","TENDE_SAPC",44.043167,7.586,636,2000102207,0.,1,"","","","","","","","","","","","","","","","","","","","","","","","","","","","","","","","","","",7.1,1,4.2,1,6.9,1,"","",7.2,1,"","","","","","","","","","","","","","","","","","","","",82,1,"","","","","","","","","","","","",8.3,1,"","","","","","","","","","","","","","","","","","","","","","","","","","","","","","","","","","","","","","","","","","","","","","","","","","","","","","","","","","","","","","","","","","","","","","","","","","","","","","","","","","","","","","","","","","","","","","","","","","","","","","","","","","","","","","","","","","","",""
"06163007","TENDE_SAPC",44.043167,7.586,636,2000102208,0.,1,"","","","","","","","","","","","","","","","","","","","","","","","","","","","","","","","","","",7.4,1,4.7,1,7.1,1,"","",7.4,1,"","","","","","","","","","","","","","","","","","","","",83,1,"","","","","","","","","","","","",8.5,1,"","","","","","","","","","","","","","","","","","","","","","","","","","","","","","","","","","","","","","","","","","","","","","","","","","","","","","","","","","","","","","","","","","","","","","","","","","","","","","","","","","","","","","","","","","","","","","","","","","","","","","","","","","","","","","","","","","","",""
"06163007","TENDE_SAPC",44.043167,7.586,636,2000102209,0.,1,"","","","","","","","","","","","","","","","","","","","","","","","","","","","","","","","","","",8.1,1,5.6,1,7.4,1,"","",8.1,1,"","","","","","","","","","","","","","","","","","","","",84,1,"","","","","","","","","","","","",9.1,1,"","","","","","","","","","","","","","","","","","","","","","","","","","","","","","","","","","","","","","","","","","","","","","","","","","","","","","","","","","","","","","","","","","","","","","","","","","","","","","","","","","","","","","","","","","","","","","","","","","","","","","","","","","","","","","","","","","","",""
"06163007","TENDE_SAPC",44.043167,7.586,636,2000102210,0.,1,"","","","","","","","","","","","","","","","","","","","","","","","","","","","","","","","","","",15.,1,7.5,1,8.1,1,"","",15.,1,"","","","","","","","","","","","","","","","","","","","",61,1,"","","","","","","","","","","","",10.4,1,"","","","","","","","","","","","","","","","","","","","","","","","","","","","","","","","","","","","","","","","","","","","","","","","","","","","","","","","","","","","","","","","","","","","","","","","","","","","","","","","","","","","","","","","","","","","","","","","","","","","","","","","","","","","","","","","","","","",""
"06163007","TENDE_SAPC",44.043167,7.586,636,2000102211,0.,1,"","","","","","","","","","","","","","","","","","","","","","","","","","","","","","","","","","",18.1,1,5.,1,15.,1,"","",18.1,1,"","","","","","","","","","","","","","","","","","","","",42,1,"","","","","","","","","","","","",8.7,1,"","","","","","","","","","","","","","","","","","","","","","","","","","","","","","","","","","","","","","","","","","","","","","","","","","","","","","","","","","","","","","","","","","","","","","","","","","","","","","","","","","","","","","","","","","","","","","","","","","","","","","","","","","","","","","","","","","","",""
"06163007","TENDE_SAPC",44.043167,7.586,636,2000102212,0.,1,"","","","","","","","","","","","","","","","","","","","","","","","","","","","","","","","","","",19.5,1,6.2,1,18.2,1,"","",19.5,1,"","","","","","","","","","","","","","","","","","","","",42,1,"","","","","","","","","","","","",9.5,1,"","","","","","","","","","","","","","","","","","","","","","","","","","","","","","","","","","","","","","","","","","","","","","","","","","","","","","","","","","","","","","","","","","","","","","","","","","","","","","","","","","","","","","","","","","","","","","","","","","","","","","","","","","","","","","","","","","","",""
"06163007","TENDE_SAPC",44.043167,7.586,636,2000102613,"","","","","","","","","","","","","","","","","","","","","","","","","","","","","","","","","","","","",16.3,1,6.4,1,"","","","","","","","","","","","","","","","","","","","","","","","","","",52,1,"","","","","","","","","","","","",9.6,1,"","","","","","","","","","","","","","","","","","","","","","","","","","","","","","","","","","","","","","","","","","","","","","","","","","","","","","","","","","","","","","","","","","","","","","","","","","","","","","","","","","","","","","","","","","","","","","","","","","","","","","","","","","","","","","","","","","","",""
"06163007","TENDE_SAPC",44.043167,7.586,636,2000102614,0.,1,"","","","","","","","","","","","","","","","","","","","","","","","","","","","","","","","","","",15.8,1,7.3,1,15.8,1,"","",16.5,1,"","","","","","","","","","","","","","","","","","","","",57,1,"","","","","","","","","","","","",10.2,1,"","","","","","","","","","","","","","","","","","","","","","","","","","","","","","","","","","","","","","","","","","","","","","","","","","","","","","","","","","","","","","","","","","","","","","","","","","","","","","","","","","","","","","","","","","","","","","","","","","","","","","","","","","","","","","","","","","","",""
"06163007","TENDE_SAPC",44.043167,7.586,636,2000102615,0.,1,"","","","","","","","","","","","","","","","","","","","","","","","","","","","","","","","","","",14.9,1,8.6,1,14.9,1,"","",15.8,1,"","","","","","","","","","","","","","","","","","","","",66,1,"","","","","","","","","","","","",11.2,1,"","","","","","","","","","","","","","","","","","","","","","","","","","","","","","","","","","","","","","","","","","","","","","","","","","","","","","","","","","","","","","","","","","","","","","","","","","","","","","","","","","","","","","","","","","","","","","","","","","","","","","","","","","","","","","","","","","","",""
"06163007","TENDE_SAPC",44.043167,7.586,636,2000102616,0.,1,"","","","","","","","","","","","","","","","","","","","","","","","","","","","","","","","","","",13.6,1,9.2,1,13.6,1,"","",14.9,1,"","","","","","","","","","","","","","","","","","","","",75,1,"","","","","","","","","","","","",11.7,1,"","","","","","","","","","","","","","","","","","","","","","","","","","","","","","","","","","","","","","","","","","","","","","","","","","","","","","","","","","","","","","","","","","","","","","","","","","","","","","","","","","","","","","","","","","","","","","","","","","","","","","","","","","","","","","","","","","","",""
"06163007","TENDE_SAPC",44.043167,7.586,636,2000102617,0.,1,"","","","","","","","","","","","","","","","","","","","","","","","","","","","","","","","","","",12.8,1,9.2,1,12.8,1,"","",13.6,1,"","","","","","","","","","","","","","","","","","","","",79,1,"","","","","","","","","","","","",11.7,1,"","","","","","","","","","","","","","","","","","","","","","","","","","","","","","","","","","","","","","","","","","","","","","","","","","","","","","","","","","","","","","","","","","","","","","","","","","","","","","","","","","","","","","","","","","","","","","","","","","","","","","","","","","","","","","","","","","","",""
"06163007","TENDE_SAPC",44.043167,7.586,636,2000102618,0.,1,"","","","","","","","","","","","","","","","","","","","","","","","","","","","","","","","","","",12.2,1,9.,1,12.2,1,"","",12.8,1,"","","","","","","","","","","","","","","","","","","","",81,1,"","","","","","","","","","","","",11.5,1,"","","","","","","","","","","","","","","","","","","","","","","","","","","","","","","","","","","","","","","","","","","","","","","","","","","","","","","","","","","","","","","","","","","","","","","","","","","","","","","","","","","","","","","","","","","","","","","","","","","","","","","","","","","","","","","","","","","",""
"06163007","TENDE_SAPC",44.043167,7.586,636,2000102619,0.,1,"","","","","","","","","","","","","","","","","","","","","","","","","","","","","","","","","","",11.8,1,8.6,1,11.8,1,"","",12.3,1,"","","","","","","","","","","","","","","","","","","","",81,1,"","","","","","","","","","","","",11.2,1,"","","","","","","","","","","","","","","","","","","","","","","","","","","","","","","","","","","","","","","","","","","","","","","","","","","","","","","","","","","","","","","","","","","","","","","","","","","","","","","","","","","","","","","","","","","","","","","","","","","","","","","","","","","","","","","","","","","",""
"06163007","TENDE_SAPC",44.043167,7.586,636,2000102620,0.,1,"","","","","","","","","","","","","","","","","","","","","","","","","","","","","","","","","","",10.9,1,7.2,1,10.9,1,"","",11.8,1,"","","","","","","","","","","","","","","","","","","","",78,1,"","","","","","","","","","","","",10.2,1,"","","","","","","","","","","","","","","","","","","","","","","","","","","","","","","","","","","","","","","","","","","","","","","","","","","","","","","","","","","","","","","","","","","","","","","","","","","","","","","","","","","","","","","","","","","","","","","","","","","","","","","","","","","","","","","","","","","",""
"06163007","TENDE_SAPC",44.043167,7.586,636,2000102621,0.,1,"","","","","","","","","","","","","","","","","","","","","","","","","","","","","","","","","","",9.7,1,6.6,1,9.7,1,"","",10.9,1,"","","","","","","","","","","","","","","","","","","","",81,1,"","","","","","","","","","","","",9.7,1,"","","","","","","","","","","","","","","","","","","","","","","","","","","","","","","","","","","","","","","","","","","","","","","","","","","","","","","","","","","","","","","","","","","","","","","","","","","","","","","","","","","","","","","","","","","","","","","","","","","","","","","","","","","","","","","","","","","",""
"06163007","TENDE_SAPC",44.043167,7.586,636,2000102622,0.,1,"","","","","","","","","","","","","","","","","","","","","","","","","","","","","","","","","","",9.4,1,6.5,1,9.4,1,"","",9.7,1,"","","","","","","","","","","","","","","","","","","","",82,1,"","","","","","","","","","","","",9.7,1,"","","","","","","","","","","","","","","","","","","","","","","","","","","","","","","","","","","","","","","","","","","","","","","","","","","","","","","","","","","","","","","","","","","","","","","","","","","","","","","","","","","","","","","","","","","","","","","","","","","","","","","","","","","","","","","","","","","",""
"06163007","TENDE_SAPC",44.043167,7.586,636,2000102623,0.,1,"","","","","","","","","","","","","","","","","","","","","","","","","","","","","","","","","","",8.8,1,6.1,1,8.8,1,"","",9.4,1,"","","","","","","","","","","","","","","","","","","","",83,1,"","","","","","","","","","","","",9.4,1,"","","","","","","","","","","","","","","","","","","","","","","","","","","","","","","","","","","","","","","","","","","","","","","","","","","","","","","","","","","","","","","","","","","","","","","","","","","","","","","","","","","","","","","","","","","","","","","","","","","","","","","","","","","","","","","","","","","",""
"06163007","TENDE_SAPC",44.043167,7.586,636,2000102700,0.,1,"","","","","","","","","","","","","","","","","","","","","","","","","","","","","","","","","","",8.1,1,5.6,1,8.1,1,"","",8.8,1,"","","","","","","","","","","","","","","","","","","","",84,1,"","","","","","","","","","","","",9.1,1,"","","","","","","","","","","","","","","","","","","","","","","","","","","","","","","","","","","","","","","","","","","","","","","","","","","","","","","","","","","","","","","","","","","","","","","","","","","","","","","","","","","","","","","","","","","","","","","","","","","","","","","","","","","","","","","","","","","",""
"06163007","TENDE_SAPC",44.043167,7.586,636,2000102701,0.,1,"","","","","","","","","","","","","","","","","","","","","","","","","","","","","","","","","","",7.5,1,5.,1,7.5,1,"","",8.1,1,"","","","","","","","","","","","","","","","","","","","",84,1,"","","","","","","","","","","","",8.7,1,"","","","","","","","","","","","","","","","","","","","","","","","","","","","","","","","","","","","","","","","","","","","","","","","","","","","","","","","","","","","","","","","","","","","","","","","","","","","","","","","","","","","","","","","","","","","","","","","","","","","","","","","","","","","","","","","","","","",""
"06163007","TENDE_SAPC",44.043167,7.586,636,2000102702,0.,1,"","","","","","","","","","","","","","","","","","","","","","","","","","","","","","","","","","",6.8,1,4.5,1,6.8,1,"","",7.5,1,"","","","","","","","","","","","","","","","","","","","",85,1,"","","","","","","","","","","","",8.4,1,"","","","","","","","","","","","","","","","","","","","","","","","","","","","","","","","","","","","","","","","","","","","","","","","","","","","","","","","","","","","","","","","","","","","","","","","","","","","","","","","","","","","","","","","","","","","","","","","","","","","","","","","","","","","","","","","","","","",""
"06163007","TENDE_SAPC",44.043167,7.586,636,2000102703,0.,1,"","","","","","","","","","","","","","","","","","","","","","","","","","","","","","","","","","",6.5,1,4.3,1,6.5,1,"","",6.8,1,"","","","","","","","","","","","","","","","","","","","",86,1,"","","","","","","","","","","","",8.3,1,"","","","","","","","","","","","","","","","","","","","","","","","","","","","","","","","","","","","","","","","","","","","","","","","","","","","","","","","","","","","","","","","","","","","","","","","","","","","","","","","","","","","","","","","","","","","","","","","","","","","","","","","","","","","","","","","","","","",""
"06163007","TENDE_SAPC",44.043167,7.586,636,2000102704,0.,1,"","","","","","","","","","","","","","","","","","","","","","","","","","","","","","","","","","",6.7,1,4.5,1,6.5,1,"","",6.8,1,"","","","","","","","","","","","","","","","","","","","",86,1,"","","","","","","","","","","","",8.4,1,"","","","","","","","","","","","","","","","","","","","","","","","","","","","","","","","","","","","","","","","","","","","","","","","","","","","","","","","","","","","","","","","","","","","","","","","","","","","","","","","","","","","","","","","","","","","","","","","","","","","","","","","","","","","","","","","","","","",""
"06163007","TENDE_SAPC",44.043167,7.586,636,2000102705,0.,1,"","","","","","","","","","","","","","","","","","","","","","","","","","","","","","","","","","",6.6,1,4.3,1,6.6,1,"","",6.8,1,"","","","","","","","","","","","","","","","","","","","",85,1,"","","","","","","","","","","","",8.3,1,"","","","","","","","","","","","","","","","","","","","","","","","","","","","","","","","","","","","","","","","","","","","","","","","","","","","","","","","","","","","","","","","","","","","","","","","","","","","","","","","","","","","","","","","","","","","","","","","","","","","","","","","","","","","","","","","","","","",""
"06163007","TENDE_SAPC",44.043167,7.586,636,2000102706,0.,1,"","","","","","","","","","","","","","","","","","","","","","","","","","","","","","","","","","",6.2,1,4.,1,6.2,1,"","",6.6,1,"","","","","","","","","","","","","","","","","","","","",86,1,"","","","","","","","","","","","",8.1,1,"","","","","","","","","","","","","","","","","","","","","","","","","","","","","","","","","","","","","","","","","","","","","","","","","","","","","","","","","","","","","","","","","","","","","","","","","","","","","","","","","","","","","","","","","","","","","","","","","","","","","","","","","","","","","","","","","","","",""
"06163007","TENDE_SAPC",44.043167,7.586,636,2000102707,0.,1,"","","","","","","","","","","","","","","","","","","","","","","","","","","","","","","","","","",6.5,1,4.3,1,6.1,1,"","",6.5,1,"","","","","","","","","","","","","","","","","","","","",86,1,"","","","","","","","","","","","",8.3,1,"","","","","","","","","","","","","","","","","","","","","","","","","","","","","","","","","","","","","","","","","","","","","","","","","","","","","","","","","","","","","","","","","","","","","","","","","","","","","","","","","","","","","","","","","","","","","","","","","","","","","","","","","","","","","","","","","","","",""
"06163007","TENDE_SAPC",44.043167,7.586,636,2000102708,0.,1,"","","","","","","","","","","","","","","","","","","","","","","","","","","","","","","","","","",7.5,1,5.,1,6.5,1,"","",7.6,1,"","","","","","","","","","","","","","","","","","","","",84,1,"","","","","","","","","","","","",8.7,1,"","","","","","","","","","","","","","","","","","","","","","","","","","","","","","","","","","","","","","","","","","","","","","","","","","","","","","","","","","","","","","","","","","","","","","","","","","","","","","","","","","","","","","","","","","","","","","","","","","","","","","","","","","","","","","","","","","","",""
"06163007","TENDE_SAPC",44.043167,7.586,636,2000102709,0.,1,"","","","","","","","","","","","","","","","","","","","","","","","","","","","","","","","","","",8.7,1,5.6,1,7.5,1,"","",8.7,1,"","","","","","","","","","","","","","","","","","","","",81,1,"","","","","","","","","","","","",9.1,1,"","","","","","","","","","","","","","","","","","","","","","","","","","","","","","","","","","","","","","","","","","","","","","","","","","","","","","","","","","","","","","","","","","","","","","","","","","","","","","","","","","","","","","","","","","","","","","","","","","","","","","","","","","","","","","","","","","","",""
"06163007","TENDE_SAPC",44.043167,7.586,636,2000102710,0.,1,"","","","","","","","","","","","","","","","","","","","","","","","","","","","","","","","","","",14.,1,7.7,1,8.7,1,"","",14.,1,"","","","","","","","","","","","","","","","","","","","",66,1,"","","","","","","","","","","","",10.5,1,"","","","","","","","","","","","","","","","","","","","","","","","","","","","","","","","","","","","","","","","","","","","","","","","","","","","","","","","","","","","","","","","","","","","","","","","","","","","","","","","","","","","","","","","","","","","","","","","","","","","","","","","","","","","","","","","","","","",""
"06163007","TENDE_SAPC",44.043167,7.586,636,2000102711,0.,1,"","","","","","","","","","","","","","","","","","","","","","","","","","","","","","","","","","",16.1,1,6.8,1,14.,1,"","",16.1,1,"","","","","","","","","","","","","","","","","","","","",54,1,"","","","","","","","","","","","",9.9,1,"","","","","","","","","","","","","","","","","","","","","","","","","","","","","","","","","","","","","","","","","","","","","","","","","","","","","","","","","","","","","","","","","","","","","","","","","","","","","","","","","","","","","","","","","","","","","","","","","","","","","","","","","","","","","","","","","","","",""
"06163007","TENDE_SAPC",44.043167,7.586,636,2000102712,0.,1,"","","","","","","","","","","","","","","","","","","","","","","","","","","","","","","","","","",17.3,1,7.3,1,16.1,1,"","",17.3,1,"","","","","","","","","","","","","","","","","","","","",52,1,"","","","","","","","","","","","",10.2,1,"","","","","","","","","","","","","","","","","","","","","","","","","","","","","","","","","","","","","","","","","","","","","","","","","","","","","","","","","","","","","","","","","","","","","","","","","","","","","","","","","","","","","","","","","","","","","","","","","","","","","","","","","","","","","","","","","","","",""
"06163007","TENDE_SAPC",44.043167,7.586,636,2000102713,0.,1,"","","","","","","","","","","","","","","","","","","","","","","","","","","","","","","","","","",17.7,1,7.7,1,17.3,1,"","",17.7,1,"","","","","","","","","","","","","","","","","","","","",52,1,"","","","","","","","","","","","",10.5,1,"","","","","","","","","","","","","","","","","","","","","","","","","","","","","","","","","","","","","","","","","","","","","","","","","","","","","","","","","","","","","","","","","","","","","","","","","","","","","","","","","","","","","","","","","","","","","","","","","","","","","","","","","","","","","","","","","","","",""
"06163007","TENDE_SAPC",44.043167,7.586,636,2000102714,0.,1,"","","","","","","","","","","","","","","","","","","","","","","","","","","","","","","","","","",16.9,1,8.6,1,16.9,1,"","",17.9,1,"","","","","","","","","","","","","","","","","","","","",58,1,"","","","","","","","","","","","",11.1,1,"","","","","","","","","","","","","","","","","","","","","","","","","","","","","","","","","","","","","","","","","","","","","","","","","","","","","","","","","","","","","","","","","","","","","","","","","","","","","","","","","","","","","","","","","","","","","","","","","","","","","","","","","","","","","","","","","","","",""
"06163007","TENDE_SAPC",44.043167,7.586,636,2000102715,0.,1,"","","","","","","","","","","","","","","","","","","","","","","","","","","","","","","","","","",16.1,1,9.3,1,16.1,1,"","",16.9,1,"","","","","","","","","","","","","","","","","","","","",64,1,"","","","","","","","","","","","",11.7,1,"","","","","","","","","","","","","","","","","","","","","","","","","","","","","","","","","","","","","","","","","","","","","","","","","","","","","","","","","","","","","","","","","","","","","","","","","","","","","","","","","","","","","","","","","","","","","","","","","","","","","","","","","","","","","","","","","","","",""
"06163007","TENDE_SAPC",44.043167,7.586,636,2000102716,0.,1,"","","","","","","","","","","","","","","","","","","","","","","","","","","","","","","","","","",14.8,1,9.8,1,14.8,1,"","",16.1,1,"","","","","","","","","","","","","","","","","","","","",72,1,"","","","","","","","","","","","",12.1,1,"","","","","","","","","","","","","","","","","","","","","","","","","","","","","","","","","","","","","","","","","","","","","","","","","","","","","","","","","","","","","","","","","","","","","","","","","","","","","","","","","","","","","","","","","","","","","","","","","","","","","","","","","","","","","","","","","","","",""
"06163007","TENDE_SAPC",44.043167,7.586,636,2000102717,0.,1,"","","","","","","","","","","","","","","","","","","","","","","","","","","","","","","","","","",12.8,1,9.4,1,12.8,1,"","",14.8,1,"","","","","","","","","","","","","","","","","","","","",80,1,"","","","","","","","","","","","",11.8,1,"","","","","","","","","","","","","","","","","","","","","","","","","","","","","","","","","","","","","","","","","","","","","","","","","","","","","","","","","","","","","","","","","","","","","","","","","","","","","","","","","","","","","","","","","","","","","","","","","","","","","","","","","","","","","","","","","","","",""
"06163007","TENDE_SAPC",44.043167,7.586,636,2000102718,0.,1,"","","","","","","","","","","","","","","","","","","","","","","","","","","","","","","","","","",11.3,1,7.8,1,11.2,1,"","",12.6,1,"","","","","","","","","","","","","","","","","","","","",79,1,"","","","","","","","","","","","",10.6,1,"","","","","","","","","","","","","","","","","","","","","","","","","","","","","","","","","","","","","","","","","","","","","","","","","","","","","","","","","","","","","","","","","","","","","","","","","","","","","","","","","","","","","","","","","","","","","","","","","","","","","","","","","","","","","","","","","","","",""
"06163007","TENDE_SAPC",44.043167,7.586,636,2000102719,0.,1,"","","","","","","","","","","","","","","","","","","","","","","","","","","","","","","","","","",11.,1,7.3,1,11.,1,"","",11.5,1,"","","","","","","","","","","","","","","","","","","","",78,1,"","","","","","","","","","","","",10.2,1,"","","","","","","","","","","","","","","","","","","","","","","","","","","","","","","","","","","","","","","","","","","","","","","","","","","","","","","","","","","","","","","","","","","","","","","","","","","","","","","","","","","","","","","","","","","","","","","","","","","","","","","","","","","","","","","","","","","",""
"06163007","TENDE_SAPC",44.043167,7.586,636,2000102720,0.,1,"","","","","","","","","","","","","","","","","","","","","","","","","","","","","","","","","","",9.4,1,6.5,1,9.4,1,"","",11.,1,"","","","","","","","","","","","","","","","","","","","",82,1,"","","","","","","","","","","","",9.7,1,"","","","","","","","","","","","","","","","","","","","","","","","","","","","","","","","","","","","","","","","","","","","","","","","","","","","","","","","","","","","","","","","","","","","","","","","","","","","","","","","","","","","","","","","","","","","","","","","","","","","","","","","","","","","","","","","","","","",""
"06163007","TENDE_SAPC",44.043167,7.586,636,2000102721,0.,1,"","","","","","","","","","","","","","","","","","","","","","","","","","","","","","","","","","",8.3,1,5.6,1,8.3,1,"","",9.5,1,"","","","","","","","","","","","","","","","","","","","",83,1,"","","","","","","","","","","","",9.1,1,"","","","","","","","","","","","","","","","","","","","","","","","","","","","","","","","","","","","","","","","","","","","","","","","","","","","","","","","","","","","","","","","","","","","","","","","","","","","","","","","","","","","","","","","","","","","","","","","","","","","","","","","","","","","","","","","","","","",""
"06163007","TENDE_SAPC",44.043167,7.586,636,2000102722,0.,1,"","","","","","","","","","","","","","","","","","","","","","","","","","","","","","","","","","",7.3,1,4.8,1,7.3,1,"","",8.2,1,"","","","","","","","","","","","","","","","","","","","",84,1,"","","","","","","","","","","","",8.6,1,"","","","","","","","","","","","","","","","","","","","","","","","","","","","","","","","","","","","","","","","","","","","","","","","","","","","","","","","","","","","","","","","","","","","","","","","","","","","","","","","","","","","","","","","","","","","","","","","","","","","","","","","","","","","","","","","","","","",""
"06163007","TENDE_SAPC",44.043167,7.586,636,2000102723,0.,1,"","","","","","","","","","","","","","","","","","","","","","","","","","","","","","","","","","",6.4,1,3.9,1,6.4,1,"","",7.3,1,"","","","","","","","","","","","","","","","","","","","",84,1,"","","","","","","","","","","","",8.1,1,"","","","","","","","","","","","","","","","","","","","","","","","","","","","","","","","","","","","","","","","","","","","","","","","","","","","","","","","","","","","","","","","","","","","","","","","","","","","","","","","","","","","","","","","","","","","","","","","","","","","","","","","","","","","","","","","","","","",""
"06163007","TENDE_SAPC",44.043167,7.586,636,2000102800,0.,1,"","","","","","","","","","","","","","","","","","","","","","","","","","","","","","","","","","",5.9,1,3.4,1,5.9,1,"","",6.4,1,"","","","","","","","","","","","","","","","","","","","",84,1,"","","","","","","","","","","","",7.8,1,"","","","","","","","","","","","","","","","","","","","","","","","","","","","","","","","","","","","","","","","","","","","","","","","","","","","","","","","","","","","","","","","","","","","","","","","","","","","","","","","","","","","","","","","","","","","","","","","","","","","","","","","","","","","","","","","","","","",""
"06163007","TENDE_SAPC",44.043167,7.586,636,2000102801,0.,1,"","","","","","","","","","","","","","","","","","","","","","","","","","","","","","","","","","",5.7,1,3.,1,5.6,1,"","",5.9,1,"","","","","","","","","","","","","","","","","","","","",83,1,"","","","","","","","","","","","",7.6,1,"","","","","","","","","","","","","","","","","","","","","","","","","","","","","","","","","","","","","","","","","","","","","","","","","","","","","","","","","","","","","","","","","","","","","","","","","","","","","","","","","","","","","","","","","","","","","","","","","","","","","","","","","","","","","","","","","","","",""
"06163007","TENDE_SAPC",44.043167,7.586,636,2000102802,0.,1,"","","","","","","","","","","","","","","","","","","","","","","","","","","","","","","","","","",5.2,1,2.5,1,5.2,1,"","",5.6,1,"","","","","","","","","","","","","","","","","","","","",83,1,"","","","","","","","","","","","",7.3,1,"","","","","","","","","","","","","","","","","","","","","","","","","","","","","","","","","","","","","","","","","","","","","","","","","","","","","","","","","","","","","","","","","","","","","","","","","","","","","","","","","","","","","","","","","","","","","","","","","","","","","","","","","","","","","","","","","","","",""
"06163007","TENDE_SAPC",44.043167,7.586,636,2000102803,0.,1,"","","","","","","","","","","","","","","","","","","","","","","","","","","","","","","","","","",5.,1,2.4,1,5.,1,"","",5.2,1,"","","","","","","","","","","","","","","","","","","","",83,1,"","","","","","","","","","","","",7.2,1,"","","","","","","","","","","","","","","","","","","","","","","","","","","","","","","","","","","","","","","","","","","","","","","","","","","","","","","","","","","","","","","","","","","","","","","","","","","","","","","","","","","","","","","","","","","","","","","","","","","","","","","","","","","","","","","","","","","",""
"06163007","TENDE_SAPC",44.043167,7.586,636,2000102804,0.,1,"","","","","","","","","","","","","","","","","","","","","","","","","","","","","","","","","","",5.1,1,2.3,1,5.,1,"","",5.2,1,"","","","","","","","","","","","","","","","","","","","",82,1,"","","","","","","","","","","","",7.2,1,"","","","","","","","","","","","","","","","","","","","","","","","","","","","","","","","","","","","","","","","","","","","","","","","","","","","","","","","","","","","","","","","","","","","","","","","","","","","","","","","","","","","","","","","","","","","","","","","","","","","","","","","","","","","","","","","","","","",""
"06163007","TENDE_SAPC",44.043167,7.586,636,2000102805,0.,1,"","","","","","","","","","","","","","","","","","","","","","","","","","","","","","","","","","",5.2,1,2.2,1,5.1,1,"","",5.3,1,"","","","","","","","","","","","","","","","","","","","",81,1,"","","","","","","","","","","","",7.2,1,"","","","","","","","","","","","","","","","","","","","","","","","","","","","","","","","","","","","","","","","","","","","","","","","","","","","","","","","","","","","","","","","","","","","","","","","","","","","","","","","","","","","","","","","","","","","","","","","","","","","","","","","","","","","","","","","","","","",""
"06163007","TENDE_SAPC",44.043167,7.586,636,2000102806,0.,1,"","","","","","","","","","","","","","","","","","","","","","","","","","","","","","","","","","",5.2,1,2.,1,5.,1,"","",5.2,1,"","","","","","","","","","","","","","","","","","","","",80,1,"","","","","","","","","","","","",7.1,1,"","","","","","","","","","","","","","","","","","","","","","","","","","","","","","","","","","","","","","","","","","","","","","","","","","","","","","","","","","","","","","","","","","","","","","","","","","","","","","","","","","","","","","","","","","","","","","","","","","","","","","","","","","","","","","","","","","","",""
"06163007","TENDE_SAPC",44.043167,7.586,636,2000102807,0.,1,"","","","","","","","","","","","","","","","","","","","","","","","","","","","","","","","","","",5.2,1,2.2,1,5.2,1,"","",5.3,1,"","","","","","","","","","","","","","","","","","","","",81,1,"","","","","","","","","","","","",7.2,1,"","","","","","","","","","","","","","","","","","","","","","","","","","","","","","","","","","","","","","","","","","","","","","","","","","","","","","","","","","","","","","","","","","","","","","","","","","","","","","","","","","","","","","","","","","","","","","","","","","","","","","","","","","","","","","","","","","","",""
"06163007","TENDE_SAPC",44.043167,7.586,636,2000102808,0.,1,"","","","","","","","","","","","","","","","","","","","","","","","","","","","","","","","","","",5.6,1,2.6,1,5.2,1,"","",5.6,1,"","","","","","","","","","","","","","","","","","","","",81,1,"","","","","","","","","","","","",7.4,1,"","","","","","","","","","","","","","","","","","","","","","","","","","","","","","","","","","","","","","","","","","","","","","","","","","","","","","","","","","","","","","","","","","","","","","","","","","","","","","","","","","","","","","","","","","","","","","","","","","","","","","","","","","","","","","","","","","","",""
"06163007","TENDE_SAPC",44.043167,7.586,636,2000102809,0.,1,"","","","","","","","","","","","","","","","","","","","","","","","","","","","","","","","","","",5.8,1,3.1,1,5.6,1,"","",5.8,1,"","","","","","","","","","","","","","","","","","","","",83,1,"","","","","","","","","","","","",7.6,1,"","","","","","","","","","","","","","","","","","","","","","","","","","","","","","","","","","","","","","","","","","","","","","","","","","","","","","","","","","","","","","","","","","","","","","","","","","","","","","","","","","","","","","","","","","","","","","","","","","","","","","","","","","","","","","","","","","","",""
"06163007","TENDE_SAPC",44.043167,7.586,636,2000102810,0.,1,"","","","","","","","","","","","","","","","","","","","","","","","","","","","","","","","","","",12.8,1,5.,1,5.8,1,"","",12.8,1,"","","","","","","","","","","","","","","","","","","","",59,1,"","","","","","","","","","","","",8.7,1,"","","","","","","","","","","","","","","","","","","","","","","","","","","","","","","","","","","","","","","","","","","","","","","","","","","","","","","","","","","","","","","","","","","","","","","","","","","","","","","","","","","","","","","","","","","","","","","","","","","","","","","","","","","","","","","","","","","",""
"06163007","TENDE_SAPC",44.043167,7.586,636,2000102811,0.,1,"","","","","","","","","","","","","","","","","","","","","","","","","","","","","","","","","","",16.6,1,5.5,1,13.,1,"","",16.6,1,"","","","","","","","","","","","","","","","","","","","",48,1,"","","","","","","","","","","","",9.,1,"","","","","","","","","","","","","","","","","","","","","","","","","","","","","","","","","","","","","","","","","","","","","","","","","","","","","","","","","","","","","","","","","","","","","","","","","","","","","","","","","","","","","","","","","","","","","","","","","","","","","","","","","","","","","","","","","","","",""
"06163007","TENDE_SAPC",44.043167,7.586,636,2000102812,0.,1,"","","","","","","","","","","","","","","","","","","","","","","","","","","","","","","","","","",18.,1,5.2,1,16.7,1,"","",18.,1,"","","","","","","","","","","","","","","","","","","","",43,1,"","","","","","","","","","","","",8.9,1,"","","","","","","","","","","","","","","","","","","","","","","","","","","","","","","","","","","","","","","","","","","","","","","","","","","","","","","","","","","","","","","","","","","","","","","","","","","","","","","","","","","","","","","","","","","","","","","","","","","","","","","","","","","","","","","","","","","",""
"06163007","TENDE_SAPC",44.043167,7.586,636,2000102813,0.,1,"","","","","","","","","","","","","","","","","","","","","","","","","","","","","","","","","","",18.8,1,5.6,1,17.9,1,"","",18.8,1,"","","","","","","","","","","","","","","","","","","","",42,1,"","","","","","","","","","","","",9.1,1,"","","","","","","","","","","","","","","","","","","","","","","","","","","","","","","","","","","","","","","","","","","","","","","","","","","","","","","","","","","","","","","","","","","","","","","","","","","","","","","","","","","","","","","","","","","","","","","","","","","","","","","","","","","","","","","","","","","",""
"06163007","TENDE_SAPC",44.043167,7.586,636,2000102814,0.,1,"","","","","","","","","","","","","","","","","","","","","","","","","","","","","","","","","","",17.4,1,8.3,1,17.4,1,"","",18.9,1,"","","","","","","","","","","","","","","","","","","","",55,1,"","","","","","","","","","","","",10.9,1,"","","","","","","","","","","","","","","","","","","","","","","","","","","","","","","","","","","","","","","","","","","","","","","","","","","","","","","","","","","","","","","","","","","","","","","","","","","","","","","","","","","","","","","","","","","","","","","","","","","","","","","","","","","","","","","","","","","",""
"06163007","TENDE_SAPC",44.043167,7.586,636,2000102815,0.,1,"","","","","","","","","","","","","","","","","","","","","","","","","","","","","","","","","","",15.6,1,9.5,1,15.6,1,"","",17.4,1,"","","","","","","","","","","","","","","","","","","","",67,1,"","","","","","","","","","","","",11.8,1,"","","","","","","","","","","","","","","","","","","","","","","","","","","","","","","","","","","","","","","","","","","","","","","","","","","","","","","","","","","","","","","","","","","","","","","","","","","","","","","","","","","","","","","","","","","","","","","","","","","","","","","","","","","","","","","","","","","",""
"06163007","TENDE_SAPC",44.043167,7.586,636,2000102816,0.,1,"","","","","","","","","","","","","","","","","","","","","","","","","","","","","","","","","","",14.4,1,9.6,1,14.4,1,"","",15.5,1,"","","","","","","","","","","","","","","","","","","","",73,1,"","","","","","","","","","","","",12.,1,"","","","","","","","","","","","","","","","","","","","","","","","","","","","","","","","","","","","","","","","","","","","","","","","","","","","","","","","","","","","","","","","","","","","","","","","","","","","","","","","","","","","","","","","","","","","","","","","","","","","","","","","","","","","","","","","","","","",""
"06163007","TENDE_SAPC",44.043167,7.586,636,2000102817,0.,1,"","","","","","","","","","","","","","","","","","","","","","","","","","","","","","","","","","",13.6,1,9.8,1,13.6,1,"","",14.4,1,"","","","","","","","","","","","","","","","","","","","",78,1,"","","","","","","","","","","","",12.1,1,"","","","","","","","","","","","","","","","","","","","","","","","","","","","","","","","","","","","","","","","","","","","","","","","","","","","","","","","","","","","","","","","","","","","","","","","","","","","","","","","","","","","","","","","","","","","","","","","","","","","","","","","","","","","","","","","","","","",""
"06163007","TENDE_SAPC",44.043167,7.586,636,2000102818,0.,1,"","","","","","","","","","","","","","","","","","","","","","","","","","","","","","","","","","",11.8,1,8.8,1,11.8,1,"","",13.6,1,"","","","","","","","","","","","","","","","","","","","",82,1,"","","","","","","","","","","","",11.3,1,"","","","","","","","","","","","","","","","","","","","","","","","","","","","","","","","","","","","","","","","","","","","","","","","","","","","","","","","","","","","","","","","","","","","","","","","","","","","","","","","","","","","","","","","","","","","","","","","","","","","","","","","","","","","","","","","","","","",""
"06163007","TENDE_SAPC",44.043167,7.586,636,2000102819,0.,1,"","","","","","","","","","","","","","","","","","","","","","","","","","","","","","","","","","",10.9,1,8.3,1,10.9,1,"","",11.7,1,"","","","","","","","","","","","","","","","","","","","",84,1,"","","","","","","","","","","","",10.9,1,"","","","","","","","","","","","","","","","","","","","","","","","","","","","","","","","","","","","","","","","","","","","","","","","","","","","","","","","","","","","","","","","","","","","","","","","","","","","","","","","","","","","","","","","","","","","","","","","","","","","","","","","","","","","","","","","","","","",""
"06163007","TENDE_SAPC",44.043167,7.586,636,2000102820,0.,1,"","","","","","","","","","","","","","","","","","","","","","","","","","","","","","","","","","",11.3,1,8.7,1,10.9,1,"","",11.3,1,"","","","","","","","","","","","","","","","","","","","",84,1,"","","","","","","","","","","","",11.2,1,"","","","","","","","","","","","","","","","","","","","","","","","","","","","","","","","","","","","","","","","","","","","","","","","","","","","","","","","","","","","","","","","","","","","","","","","","","","","","","","","","","","","","","","","","","","","","","","","","","","","","","","","","","","","","","","","","","","",""
"06163007","TENDE_SAPC",44.043167,7.586,636,2000102821,0.,1,"","","","","","","","","","","","","","","","","","","","","","","","","","","","","","","","","","",11.3,1,8.7,1,11.3,1,"","",11.5,1,"","","","","","","","","","","","","","","","","","","","",84,1,"","","","","","","","","","","","",11.2,1,"","","","","","","","","","","","","","","","","","","","","","","","","","","","","","","","","","","","","","","","","","","","","","","","","","","","","","","","","","","","","","","","","","","","","","","","","","","","","","","","","","","","","","","","","","","","","","","","","","","","","","","","","","","","","","","","","","","",""
"06163007","TENDE_SAPC",44.043167,7.586,636,2000102822,0.,1,"","","","","","","","","","","","","","","","","","","","","","","","","","","","","","","","","","",9.9,1,7.3,1,9.9,1,"","",11.3,1,"","","","","","","","","","","","","","","","","","","","",84,1,"","","","","","","","","","","","",10.2,1,"","","","","","","","","","","","","","","","","","","","","","","","","","","","","","","","","","","","","","","","","","","","","","","","","","","","","","","","","","","","","","","","","","","","","","","","","","","","","","","","","","","","","","","","","","","","","","","","","","","","","","","","","","","","","","","","","","","",""
"06163007","TENDE_SAPC",44.043167,7.586,636,2000102823,0.,1,"","","","","","","","","","","","","","","","","","","","","","","","","","","","","","","","","","",8.4,1,6.,1,8.4,1,"","",9.9,1,"","","","","","","","","","","","","","","","","","","","",85,1,"","","","","","","","","","","","",9.4,1,"","","","","","","","","","","","","","","","","","","","","","","","","","","","","","","","","","","","","","","","","","","","","","","","","","","","","","","","","","","","","","","","","","","","","","","","","","","","","","","","","","","","","","","","","","","","","","","","","","","","","","","","","","","","","","","","","","","",""
"06163007","TENDE_SAPC",44.043167,7.586,636,2000102900,0.,1,"","","","","","","","","","","","","","","","","","","","","","","","","","","","","","","","","","",7.8,1,5.6,1,7.8,1,"","",8.4,1,"","","","","","","","","","","","","","","","","","","","",86,1,"","","","","","","","","","","","",9.1,1,"","","","","","","","","","","","","","","","","","","","","","","","","","","","","","","","","","","","","","","","","","","","","","","","","","","","","","","","","","","","","","","","","","","","","","","","","","","","","","","","","","","","","","","","","","","","","","","","","","","","","","","","","","","","","","","","","","","",""
"06163007","TENDE_SAPC",44.043167,7.586,636,2000102901,0.,1,"","","","","","","","","","","","","","","","","","","","","","","","","","","","","","","","","","",7.9,1,5.5,1,7.5,1,"","",7.9,1,"","","","","","","","","","","","","","","","","","","","",85,1,"","","","","","","","","","","","",9.,1,"","","","","","","","","","","","","","","","","","","","","","","","","","","","","","","","","","","","","","","","","","","","","","","","","","","","","","","","","","","","","","","","","","","","","","","","","","","","","","","","","","","","","","","","","","","","","","","","","","","","","","","","","","","","","","","","","","","",""
"06163007","TENDE_SAPC",44.043167,7.586,636,2000102902,0.,1,"","","","","","","","","","","","","","","","","","","","","","","","","","","","","","","","","","",7.7,1,5.,1,7.7,1,"","",8.,1,"","","","","","","","","","","","","","","","","","","","",83,1,"","","","","","","","","","","","",8.7,1,"","","","","","","","","","","","","","","","","","","","","","","","","","","","","","","","","","","","","","","","","","","","","","","","","","","","","","","","","","","","","","","","","","","","","","","","","","","","","","","","","","","","","","","","","","","","","","","","","","","","","","","","","","","","","","","","","","","",""
"06163007","TENDE_SAPC",44.043167,7.586,636,2000102903,0.,1,"","","","","","","","","","","","","","","","","","","","","","","","","","","","","","","","","","",7.9,1,5.2,1,7.5,1,"","",7.9,1,"","","","","","","","","","","","","","","","","","","","",83,1,"","","","","","","","","","","","",8.8,1,"","","","","","","","","","","","","","","","","","","","","","","","","","","","","","","","","","","","","","","","","","","","","","","","","","","","","","","","","","","","","","","","","","","","","","","","","","","","","","","","","","","","","","","","","","","","","","","","","","","","","","","","","","","","","","","","","","","",""
"06163007","TENDE_SAPC",44.043167,7.586,636,2000102904,0.,1,"","","","","","","","","","","","","","","","","","","","","","","","","","","","","","","","","","",8.3,1,5.2,1,7.9,1,"","",8.3,1,"","","","","","","","","","","","","","","","","","","","",81,1,"","","","","","","","","","","","",8.9,1,"","","","","","","","","","","","","","","","","","","","","","","","","","","","","","","","","","","","","","","","","","","","","","","","","","","","","","","","","","","","","","","","","","","","","","","","","","","","","","","","","","","","","","","","","","","","","","","","","","","","","","","","","","","","","","","","","","","",""
"06163007","TENDE_SAPC",44.043167,7.586,636,2000102905,0.,1,"","","","","","","","","","","","","","","","","","","","","","","","","","","","","","","","","","",8.2,1,5.1,1,8.2,1,"","",8.4,1,"","","","","","","","","","","","","","","","","","","","",81,1,"","","","","","","","","","","","",8.8,1,"","","","","","","","","","","","","","","","","","","","","","","","","","","","","","","","","","","","","","","","","","","","","","","","","","","","","","","","","","","","","","","","","","","","","","","","","","","","","","","","","","","","","","","","","","","","","","","","","","","","","","","","","","","","","","","","","","","",""
"06163007","TENDE_SAPC",44.043167,7.586,636,2000102906,0.,1,"","","","","","","","","","","","","","","","","","","","","","","","","","","","","","","","","","",7.8,1,5.1,1,7.8,1,"","",8.2,1,"","","","","","","","","","","","","","","","","","","","",83,1,"","","","","","","","","","","","",8.8,1,"","","","","","","","","","","","","","","","","","","","","","","","","","","","","","","","","","","","","","","","","","","","","","","","","","","","","","","","","","","","","","","","","","","","","","","","","","","","","","","","","","","","","","","","","","","","","","","","","","","","","","","","","","","","","","","","","","","",""
"06163007","TENDE_SAPC",44.043167,7.586,636,2000102907,0.,1,"","","","","","","","","","","","","","","","","","","","","","","","","","","","","","","","","","",7.9,1,5.4,1,7.7,1,"","",7.9,1,"","","","","","","","","","","","","","","","","","","","",84,1,"","","","","","","","","","","","",8.9,1,"","","","","","","","","","","","","","","","","","","","","","","","","","","","","","","","","","","","","","","","","","","","","","","","","","","","","","","","","","","","","","","","","","","","","","","","","","","","","","","","","","","","","","","","","","","","","","","","","","","","","","","","","","","","","","","","","","","",""
"06163007","TENDE_SAPC",44.043167,7.586,636,2000102908,0.,1,"","","","","","","","","","","","","","","","","","","","","","","","","","","","","","","","","","",9.1,1,6.,1,7.9,1,"","",9.1,1,"","","","","","","","","","","","","","","","","","","","",81,1,"","","","","","","","","","","","",9.3,1,"","","","","","","","","","","","","","","","","","","","","","","","","","","","","","","","","","","","","","","","","","","","","","","","","","","","","","","","","","","","","","","","","","","","","","","","","","","","","","","","","","","","","","","","","","","","","","","","","","","","","","","","","","","","","","","","","","","",""
"06163007","TENDE_SAPC",44.043167,7.586,636,2000102909,0.,1,"","","","","","","","","","","","","","","","","","","","","","","","","","","","","","","","","","",11.4,1,5.9,1,9.1,1,"","",11.4,1,"","","","","","","","","","","","","","","","","","","","",69,1,"","","","","","","","","","","","",9.3,1,"","","","","","","","","","","","","","","","","","","","","","","","","","","","","","","","","","","","","","","","","","","","","","","","","","","","","","","","","","","","","","","","","","","","","","","","","","","","","","","","","","","","","","","","","","","","","","","","","","","","","","","","","","","","","","","","","","","",""
"06163007","TENDE_SAPC",44.043167,7.586,636,2000102910,0.,1,"","","","","","","","","","","","","","","","","","","","","","","","","","","","","","","","","","",15.7,1,5.6,1,11.4,1,"","",15.7,1,"","","","","","","","","","","","","","","","","","","","",51,1,"","","","","","","","","","","","",9.1,1,"","","","","","","","","","","","","","","","","","","","","","","","","","","","","","","","","","","","","","","","","","","","","","","","","","","","","","","","","","","","","","","","","","","","","","","","","","","","","","","","","","","","","","","","","","","","","","","","","","","","","","","","","","","","","","","","","","","",""
"06163007","TENDE_SAPC",44.043167,7.586,636,2000102911,0.,1,"","","","","","","","","","","","","","","","","","","","","","","","","","","","","","","","","","",16.8,1,5.1,1,15.6,1,"","",17.2,1,"","","","","","","","","","","","","","","","","","","","",46,1,"","","","","","","","","","","","",8.8,1,"","","","","","","","","","","","","","","","","","","","","","","","","","","","","","","","","","","","","","","","","","","","","","","","","","","","","","","","","","","","","","","","","","","","","","","","","","","","","","","","","","","","","","","","","","","","","","","","","","","","","","","","","","","","","","","","","","","",""
"06163007","TENDE_SAPC",44.043167,7.586,636,2000102912,0.,1,"","","","","","","","","","","","","","","","","","","","","","","","","","","","","","","","","","",15.8,1,6.8,1,15.8,1,"","",16.9,1,"","","","","","","","","","","","","","","","","","","","",55,1,"","","","","","","","","","","","",9.9,1,"","","","","","","","","","","","","","","","","","","","","","","","","","","","","","","","","","","","","","","","","","","","","","","","","","","","","","","","","","","","","","","","","","","","","","","","","","","","","","","","","","","","","","","","","","","","","","","","","","","","","","","","","","","","","","","","","","","",""
"06163007","TENDE_SAPC",44.043167,7.586,636,2000102913,0.,1,"","","","","","","","","","","","","","","","","","","","","","","","","","","","","","","","","","",15.7,1,7.2,1,15.3,1,"","",15.8,1,"","","","","","","","","","","","","","","","","","","","",57,1,"","","","","","","","","","","","",10.1,1,"","","","","","","","","","","","","","","","","","","","","","","","","","","","","","","","","","","","","","","","","","","","","","","","","","","","","","","","","","","","","","","","","","","","","","","","","","","","","","","","","","","","","","","","","","","","","","","","","","","","","","","","","","","","","","","","","","","",""
"06163007","TENDE_SAPC",44.043167,7.586,636,2000102914,0.,1,"","","","","","","","","","","","","","","","","","","","","","","","","","","","","","","","","","",15.6,1,7.6,1,15.4,1,"","",15.8,1,"","","","","","","","","","","","","","","","","","","","",59,1,"","","","","","","","","","","","",10.4,1,"","","","","","","","","","","","","","","","","","","","","","","","","","","","","","","","","","","","","","","","","","","","","","","","","","","","","","","","","","","","","","","","","","","","","","","","","","","","","","","","","","","","","","","","","","","","","","","","","","","","","","","","","","","","","","","","","","","",""
"06163007","TENDE_SAPC",44.043167,7.586,636,2000102915,0.,1,"","","","","","","","","","","","","","","","","","","","","","","","","","","","","","","","","","",14.8,1,8.3,1,14.8,1,"","",15.7,1,"","","","","","","","","","","","","","","","","","","","",65,1,"","","","","","","","","","","","",10.9,1,"","","","","","","","","","","","","","","","","","","","","","","","","","","","","","","","","","","","","","","","","","","","","","","","","","","","","","","","","","","","","","","","","","","","","","","","","","","","","","","","","","","","","","","","","","","","","","","","","","","","","","","","","","","","","","","","","","","",""
"06163007","TENDE_SAPC",44.043167,7.586,636,2000102916,0.,1,"","","","","","","","","","","","","","","","","","","","","","","","","","","","","","","","","","",14.1,1,8.7,1,14.1,1,"","",14.8,1,"","","","","","","","","","","","","","","","","","","","",70,1,"","","","","","","","","","","","",11.2,1,"","","","","","","","","","","","","","","","","","","","","","","","","","","","","","","","","","","","","","","","","","","","","","","","","","","","","","","","","","","","","","","","","","","","","","","","","","","","","","","","","","","","","","","","","","","","","","","","","","","","","","","","","","","","","","","","","","","",""
"06163007","TENDE_SAPC",44.043167,7.586,636,2000102917,0.,1,"","","","","","","","","","","","","","","","","","","","","","","","","","","","","","","","","","",13.6,1,9.2,1,13.6,1,"","",14.1,1,"","","","","","","","","","","","","","","","","","","","",75,1,"","","","","","","","","","","","",11.7,1,"","","","","","","","","","","","","","","","","","","","","","","","","","","","","","","","","","","","","","","","","","","","","","","","","","","","","","","","","","","","","","","","","","","","","","","","","","","","","","","","","","","","","","","","","","","","","","","","","","","","","","","","","","","","","","","","","","","",""
"06163007","TENDE_SAPC",44.043167,7.586,636,2000102918,0.,1,"","","","","","","","","","","","","","","","","","","","","","","","","","","","","","","","","","",13.2,1,9.4,1,13.1,1,"","",13.5,1,"","","","","","","","","","","","","","","","","","","","",78,1,"","","","","","","","","","","","",11.8,1,"","","","","","","","","","","","","","","","","","","","","","","","","","","","","","","","","","","","","","","","","","","","","","","","","","","","","","","","","","","","","","","","","","","","","","","","","","","","","","","","","","","","","","","","","","","","","","","","","","","","","","","","","","","","","","","","","","","",""
"06163007","TENDE_SAPC",44.043167,7.586,636,2000102919,0.,1,"","","","","","","","","","","","","","","","","","","","","","","","","","","","","","","","","","",12.9,1,9.5,1,12.9,1,"","",13.2,1,"","","","","","","","","","","","","","","","","","","","",80,1,"","","","","","","","","","","","",11.9,1,"","","","","","","","","","","","","","","","","","","","","","","","","","","","","","","","","","","","","","","","","","","","","","","","","","","","","","","","","","","","","","","","","","","","","","","","","","","","","","","","","","","","","","","","","","","","","","","","","","","","","","","","","","","","","","","","","","","",""
"06163007","TENDE_SAPC",44.043167,7.586,636,2000102920,0.,1,"","","","","","","","","","","","","","","","","","","","","","","","","","","","","","","","","","",12.9,1,9.5,1,12.9,1,"","",13.,1,"","","","","","","","","","","","","","","","","","","","",80,1,"","","","","","","","","","","","",11.9,1,"","","","","","","","","","","","","","","","","","","","","","","","","","","","","","","","","","","","","","","","","","","","","","","","","","","","","","","","","","","","","","","","","","","","","","","","","","","","","","","","","","","","","","","","","","","","","","","","","","","","","","","","","","","","","","","","","","","",""
"06163007","TENDE_SAPC",44.043167,7.586,636,2000102921,0.,1,"","","","","","","","","","","","","","","","","","","","","","","","","","","","","","","","","","",12.6,1,9.6,1,12.6,1,"","",12.9,1,"","","","","","","","","","","","","","","","","","","","",82,1,"","","","","","","","","","","","",11.9,1,"","","","","","","","","","","","","","","","","","","","","","","","","","","","","","","","","","","","","","","","","","","","","","","","","","","","","","","","","","","","","","","","","","","","","","","","","","","","","","","","","","","","","","","","","","","","","","","","","","","","","","","","","","","","","","","","","","","",""
"06163007","TENDE_SAPC",44.043167,7.586,636,2000102922,0.,1,"","","","","","","","","","","","","","","","","","","","","","","","","","","","","","","","","","",12.4,1,9.4,1,12.2,1,"","",12.6,1,"","","","","","","","","","","","","","","","","","","","",82,1,"","","","","","","","","","","","",11.8,1,"","","","","","","","","","","","","","","","","","","","","","","","","","","","","","","","","","","","","","","","","","","","","","","","","","","","","","","","","","","","","","","","","","","","","","","","","","","","","","","","","","","","","","","","","","","","","","","","","","","","","","","","","","","","","","","","","","","",""
"06163007","TENDE_SAPC",44.043167,7.586,636,2000102923,0.,1,"","","","","","","","","","","","","","","","","","","","","","","","","","","","","","","","","","",12.1,1,9.3,1,12.1,1,"","",12.4,1,"","","","","","","","","","","","","","","","","","","","",83,1,"","","","","","","","","","","","",11.7,1,"","","","","","","","","","","","","","","","","","","","","","","","","","","","","","","","","","","","","","","","","","","","","","","","","","","","","","","","","","","","","","","","","","","","","","","","","","","","","","","","","","","","","","","","","","","","","","","","","","","","","","","","","","","","","","","","","","","",""
"06163007","TENDE_SAPC",44.043167,7.586,636,2000103000,0.,1,"","","","","","","","","","","","","","","","","","","","","","","","","","","","","","","","","","",12.1,1,9.3,1,12.1,1,"","",12.2,1,"","","","","","","","","","","","","","","","","","","","",83,1,"","","","","","","","","","","","",11.7,1,"","","","","","","","","","","","","","","","","","","","","","","","","","","","","","","","","","","","","","","","","","","","","","","","","","","","","","","","","","","","","","","","","","","","","","","","","","","","","","","","","","","","","","","","","","","","","","","","","","","","","","","","","","","","","","","","","","","",""
"06163007","TENDE_SAPC",44.043167,7.586,636,2000103001,0.,1,"","","","","","","","","","","","","","","","","","","","","","","","","","","","","","","","","","",11.4,1,7.9,1,11.4,1,"","",12.1,1,"","","","","","","","","","","","","","","","","","","","",79,1,"","","","","","","","","","","","",10.6,1,"","","","","","","","","","","","","","","","","","","","","","","","","","","","","","","","","","","","","","","","","","","","","","","","","","","","","","","","","","","","","","","","","","","","","","","","","","","","","","","","","","","","","","","","","","","","","","","","","","","","","","","","","","","","","","","","","","","",""
"06163007","TENDE_SAPC",44.043167,7.586,636,2000103002,0.,1,"","","","","","","","","","","","","","","","","","","","","","","","","","","","","","","","","","",10.5,1,6.1,1,10.5,1,"","",11.3,1,"","","","","","","","","","","","","","","","","","","","",74,1,"","","","","","","","","","","","",9.4,1,"","","","","","","","","","","","","","","","","","","","","","","","","","","","","","","","","","","","","","","","","","","","","","","","","","","","","","","","","","","","","","","","","","","","","","","","","","","","","","","","","","","","","","","","","","","","","","","","","","","","","","","","","","","","","","","","","","","",""
"06163007","TENDE_SAPC",44.043167,7.586,636,2000103003,0.,1,"","","","","","","","","","","","","","","","","","","","","","","","","","","","","","","","","","",9.9,1,5.5,1,9.9,1,"","",10.5,1,"","","","","","","","","","","","","","","","","","","","",74,1,"","","","","","","","","","","","",9.,1,"","","","","","","","","","","","","","","","","","","","","","","","","","","","","","","","","","","","","","","","","","","","","","","","","","","","","","","","","","","","","","","","","","","","","","","","","","","","","","","","","","","","","","","","","","","","","","","","","","","","","","","","","","","","","","","","","","","",""
"06163007","TENDE_SAPC",44.043167,7.586,636,2000103004,0.,1,"","","","","","","","","","","","","","","","","","","","","","","","","","","","","","","","","","",9.4,1,5.2,1,9.4,1,"","",9.9,1,"","","","","","","","","","","","","","","","","","","","",75,1,"","","","","","","","","","","","",8.8,1,"","","","","","","","","","","","","","","","","","","","","","","","","","","","","","","","","","","","","","","","","","","","","","","","","","","","","","","","","","","","","","","","","","","","","","","","","","","","","","","","","","","","","","","","","","","","","","","","","","","","","","","","","","","","","","","","","","","",""
"06163007","TENDE_SAPC",44.043167,7.586,636,2000103005,0.,1,"","","","","","","","","","","","","","","","","","","","","","","","","","","","","","","","","","",9.5,1,5.3,1,9.2,1,"","",9.5,1,"","","","","","","","","","","","","","","","","","","","",75,1,"","","","","","","","","","","","",8.9,1,"","","","","","","","","","","","","","","","","","","","","","","","","","","","","","","","","","","","","","","","","","","","","","","","","","","","","","","","","","","","","","","","","","","","","","","","","","","","","","","","","","","","","","","","","","","","","","","","","","","","","","","","","","","","","","","","","","","",""
"06163007","TENDE_SAPC",44.043167,7.586,636,2000103006,0.,1,"","","","","","","","","","","","","","","","","","","","","","","","","","","","","","","","","","",9.6,1,5.6,1,9.5,1,"","",9.7,1,"","","","","","","","","","","","","","","","","","","","",76,1,"","","","","","","","","","","","",9.1,1,"","","","","","","","","","","","","","","","","","","","","","","","","","","","","","","","","","","","","","","","","","","","","","","","","","","","","","","","","","","","","","","","","","","","","","","","","","","","","","","","","","","","","","","","","","","","","","","","","","","","","","","","","","","","","","","","","","","",""
"06163007","TENDE_SAPC",44.043167,7.586,636,2000103007,0.,1,"","","","","","","","","","","","","","","","","","","","","","","","","","","","","","","","","","",9.6,1,5.9,1,9.4,1,"","",9.6,1,"","","","","","","","","","","","","","","","","","","","",78,1,"","","","","","","","","","","","",9.3,1,"","","","","","","","","","","","","","","","","","","","","","","","","","","","","","","","","","","","","","","","","","","","","","","","","","","","","","","","","","","","","","","","","","","","","","","","","","","","","","","","","","","","","","","","","","","","","","","","","","","","","","","","","","","","","","","","","","","",""
"06163007","TENDE_SAPC",44.043167,7.586,636,2000103008,0.,1,"","","","","","","","","","","","","","","","","","","","","","","","","","","","","","","","","","",10.2,1,6.,1,9.6,1,"","",10.2,1,"","","","","","","","","","","","","","","","","","","","",75,1,"","","","","","","","","","","","",9.3,1,"","","","","","","","","","","","","","","","","","","","","","","","","","","","","","","","","","","","","","","","","","","","","","","","","","","","","","","","","","","","","","","","","","","","","","","","","","","","","","","","","","","","","","","","","","","","","","","","","","","","","","","","","","","","","","","","","","","",""
"06163007","TENDE_SAPC",44.043167,7.586,636,2000103009,0.,1,"","","","","","","","","","","","","","","","","","","","","","","","","","","","","","","","","","",11.7,1,7.2,1,10.2,1,"","",11.7,1,"","","","","","","","","","","","","","","","","","","","",74,1,"","","","","","","","","","","","",10.2,1,"","","","","","","","","","","","","","","","","","","","","","","","","","","","","","","","","","","","","","","","","","","","","","","","","","","","","","","","","","","","","","","","","","","","","","","","","","","","","","","","","","","","","","","","","","","","","","","","","","","","","","","","","","","","","","","","","","","",""
"06163007","TENDE_SAPC",44.043167,7.586,636,2000103010,0.,1,"","","","","","","","","","","","","","","","","","","","","","","","","","","","","","","","","","",13.9,1,7.9,1,11.8,1,"","",13.9,1,"","","","","","","","","","","","","","","","","","","","",67,1,"","","","","","","","","","","","",10.6,1,"","","","","","","","","","","","","","","","","","","","","","","","","","","","","","","","","","","","","","","","","","","","","","","","","","","","","","","","","","","","","","","","","","","","","","","","","","","","","","","","","","","","","","","","","","","","","","","","","","","","","","","","","","","","","","","","","","","",""
"06163007","TENDE_SAPC",44.043167,7.586,636,2000103011,0.,1,"","","","","","","","","","","","","","","","","","","","","","","","","","","","","","","","","","",14.8,1,7.8,1,13.9,1,"","",15.,1,"","","","","","","","","","","","","","","","","","","","",63,1,"","","","","","","","","","","","",10.6,1,"","","","","","","","","","","","","","","","","","","","","","","","","","","","","","","","","","","","","","","","","","","","","","","","","","","","","","","","","","","","","","","","","","","","","","","","","","","","","","","","","","","","","","","","","","","","","","","","","","","","","","","","","","","","","","","","","","","",""
"06163007","TENDE_SAPC",44.043167,7.586,636,2000103012,0.,1,"","","","","","","","","","","","","","","","","","","","","","","","","","","","","","","","","","",15.5,1,7.,1,14.8,1,"","",15.7,1,"","","","","","","","","","","","","","","","","","","","",57,1,"","","","","","","","","","","","",10.,1,"","","","","","","","","","","","","","","","","","","","","","","","","","","","","","","","","","","","","","","","","","","","","","","","","","","","","","","","","","","","","","","","","","","","","","","","","","","","","","","","","","","","","","","","","","","","","","","","","","","","","","","","","","","","","","","","","","","",""
"06163007","TENDE_SAPC",44.043167,7.586,636,2000103013,0.,1,"","","","","","","","","","","","","","","","","","","","","","","","","","","","","","","","","","",15.3,1,7.6,1,15.2,1,"","",15.6,1,"","","","","","","","","","","","","","","","","","","","",60,1,"","","","","","","","","","","","",10.4,1,"","","","","","","","","","","","","","","","","","","","","","","","","","","","","","","","","","","","","","","","","","","","","","","","","","","","","","","","","","","","","","","","","","","","","","","","","","","","","","","","","","","","","","","","","","","","","","","","","","","","","","","","","","","","","","","","","","","",""
"06163007","TENDE_SAPC",44.043167,7.586,636,2000103014,0.,1,"","","","","","","","","","","","","","","","","","","","","","","","","","","","","","","","","","",14.9,1,7.7,1,14.9,1,"","",15.2,1,"","","","","","","","","","","","","","","","","","","","",62,1,"","","","","","","","","","","","",10.5,1,"","","","","","","","","","","","","","","","","","","","","","","","","","","","","","","","","","","","","","","","","","","","","","","","","","","","","","","","","","","","","","","","","","","","","","","","","","","","","","","","","","","","","","","","","","","","","","","","","","","","","","","","","","","","","","","","","","","",""
"06163007","TENDE_SAPC",44.043167,7.586,636,2000103015,0.2,1,"","","","","","","","","","","","","","","","","","","","","","","","","","","","","","","","","","",13.4,1,9.1,1,13.4,1,"","",14.9,1,"","","","","","","","","","","","","","","","","","","","",75,1,"","","","","","","","","","","","",11.5,1,"","","","","","","","","","","","","","","","","","","","","","","","","","","","","","","","","","","","","","","","","","","","","","","","","","","","","","","","","","","","","","","","","","","","","","","","","","","","","","","","","","","","","","","","","","","","","","","","","","","","","","","","","","","","","","","","","","","",""
"06163007","TENDE_SAPC",44.043167,7.586,636,2000103016,0.6,1,"","","","","","","","","","","","","","","","","","","","","","","","","","","","","","","","","","",12.9,1,9.3,1,12.9,1,"","",13.4,1,"","","","","","","","","","","","","","","","","","","","",79,1,"","","","","","","","","","","","",11.7,1,"","","","","","","","","","","","","","","","","","","","","","","","","","","","","","","","","","","","","","","","","","","","","","","","","","","","","","","","","","","","","","","","","","","","","","","","","","","","","","","","","","","","","","","","","","","","","","","","","","","","","","","","","","","","","","","","","","","",""
"06163007","TENDE_SAPC",44.043167,7.586,636,2000103017,1.,1,"","","","","","","","","","","","","","","","","","","","","","","","","","","","","","","","","","",12.6,1,9.1,1,12.5,1,"","",12.9,1,"","","","","","","","","","","","","","","","","","","","",79,1,"","","","","","","","","","","","",11.5,1,"","","","","","","","","","","","","","","","","","","","","","","","","","","","","","","","","","","","","","","","","","","","","","","","","","","","","","","","","","","","","","","","","","","","","","","","","","","","","","","","","","","","","","","","","","","","","","","","","","","","","","","","","","","","","","","","","","","",""
"06163007","TENDE_SAPC",44.043167,7.586,636,2000103018,0.,1,"","","","","","","","","","","","","","","","","","","","","","","","","","","","","","","","","","",12.4,1,9.2,1,12.4,1,"","",12.7,1,"","","","","","","","","","","","","","","","","","","","",81,1,"","","","","","","","","","","","",11.6,1,"","","","","","","","","","","","","","","","","","","","","","","","","","","","","","","","","","","","","","","","","","","","","","","","","","","","","","","","","","","","","","","","","","","","","","","","","","","","","","","","","","","","","","","","","","","","","","","","","","","","","","","","","","","","","","","","","","","",""
"06163007","TENDE_SAPC",44.043167,7.586,636,2000103019,6.,1,"","","","","","","","","","","","","","","","","","","","","","","","","","","","","","","","","","",12.3,1,9.7,1,12.3,1,"","",12.5,1,"","","","","","","","","","","","","","","","","","","","",84,1,"","","","","","","","","","","","",12.,1,"","","","","","","","","","","","","","","","","","","","","","","","","","","","","","","","","","","","","","","","","","","","","","","","","","","","","","","","","","","","","","","","","","","","","","","","","","","","","","","","","","","","","","","","","","","","","","","","","","","","","","","","","","","","","","","","","","","",""
"06163007","TENDE_SAPC",44.043167,7.586,636,2000103020,0.8,1,"","","","","","","","","","","","","","","","","","","","","","","","","","","","","","","","","","",12.1,1,9.5,1,12.1,1,"","",12.3,1,"","","","","","","","","","","","","","","","","","","","",84,1,"","","","","","","","","","","","",11.8,1,"","","","","","","","","","","","","","","","","","","","","","","","","","","","","","","","","","","","","","","","","","","","","","","","","","","","","","","","","","","","","","","","","","","","","","","","","","","","","","","","","","","","","","","","","","","","","","","","","","","","","","","","","","","","","","","","","","","",""
"06163007","TENDE_SAPC",44.043167,7.586,636,2000103021,3.2,1,"","","","","","","","","","","","","","","","","","","","","","","","","","","","","","","","","","",12.,1,9.6,1,12.,1,"","",12.2,1,"","","","","","","","","","","","","","","","","","","","",85,1,"","","","","","","","","","","","",11.9,1,"","","","","","","","","","","","","","","","","","","","","","","","","","","","","","","","","","","","","","","","","","","","","","","","","","","","","","","","","","","","","","","","","","","","","","","","","","","","","","","","","","","","","","","","","","","","","","","","","","","","","","","","","","","","","","","","","","","",""
"06163007","TENDE_SAPC",44.043167,7.586,636,2000103022,0.8,1,"","","","","","","","","","","","","","","","","","","","","","","","","","","","","","","","","","",11.8,1,9.2,1,11.7,1,"","",12.,1,"","","","","","","","","","","","","","","","","","","","",84,1,"","","","","","","","","","","","",11.6,1,"","","","","","","","","","","","","","","","","","","","","","","","","","","","","","","","","","","","","","","","","","","","","","","","","","","","","","","","","","","","","","","","","","","","","","","","","","","","","","","","","","","","","","","","","","","","","","","","","","","","","","","","","","","","","","","","","","","",""
"06163007","TENDE_SAPC",44.043167,7.586,636,2000103023,4.8,1,"","","","","","","","","","","","","","","","","","","","","","","","","","","","","","","","","","",11.8,1,9.4,1,11.8,1,"","",11.8,1,"","","","","","","","","","","","","","","","","","","","",85,1,"","","","","","","","","","","","",11.7,1,"","","","","","","","","","","","","","","","","","","","","","","","","","","","","","","","","","","","","","","","","","","","","","","","","","","","","","","","","","","","","","","","","","","","","","","","","","","","","","","","","","","","","","","","","","","","","","","","","","","","","","","","","","","","","","","","","","","",""
"06163007","TENDE_SAPC",44.043167,7.586,636,2000103100,1.6,1,"","","","","","","","","","","","","","","","","","","","","","","","","","","","","","","","","","",11.7,1,9.3,1,11.7,1,"","",11.9,1,"","","","","","","","","","","","","","","","","","","","",85,1,"","","","","","","","","","","","",11.7,1,"","","","","","","","","","","","","","","","","","","","","","","","","","","","","","","","","","","","","","","","","","","","","","","","","","","","","","","","","","","","","","","","","","","","","","","","","","","","","","","","","","","","","","","","","","","","","","","","","","","","","","","","","","","","","","","","","","","",""
"06163007","TENDE_SAPC",44.043167,7.586,636,2000110710,"","","","","","","","","","","","","","","","","","","","","","","","","","","","","","","","","","","","",6.6,1,3.4,1,"","","","","","","","","","","","","","","","","","","","","","","","","","",80,1,"","","","","","","","","","","","",7.8,1,"","","","","","","","","","","","","","","","","","","","","","","","","","","","","","","","","","","","","","","","","","","","","","","","","","","","","","","","","","","","","","","","","","","","","","","","","","","","","","","","","","","","","","","","","","","","","","","","","","","","","","","","","","","","","","","","","","","",""
"06163007","TENDE_SAPC",44.043167,7.586,636,2000110711,0.,1,"","","","","","","","","","","","","","","","","","","","","","","","","","","","","","","","","","",10.,1,3.,1,6.5,1,"","",10.,1,"","","","","","","","","","","","","","","","","","","","",62,1,"","","","","","","","","","","","",7.6,1,"","","","","","","","","","","","","","","","","","","","","","","","","","","","","","","","","","","","","","","","","","","","","","","","","","","","","","","","","","","","","","","","","","","","","","","","","","","","","","","","","","","","","","","","","","","","","","","","","","","","","","","","","","","","","","","","","","","",""
"06163007","TENDE_SAPC",44.043167,7.586,636,2000110712,0.,1,"","","","","","","","","","","","","","","","","","","","","","","","","","","","","","","","","","",10.6,1,1.4,1,10.,1,"","",10.9,1,"","","","","","","","","","","","","","","","","","","","",53,1,"","","","","","","","","","","","",6.8,1,"","","","","","","","","","","","","","","","","","","","","","","","","","","","","","","","","","","","","","","","","","","","","","","","","","","","","","","","","","","","","","","","","","","","","","","","","","","","","","","","","","","","","","","","","","","","","","","","","","","","","","","","","","","","","","","","","","","",""
"06163007","TENDE_SAPC",44.043167,7.586,636,2000110713,0.,1,"","","","","","","","","","","","","","","","","","","","","","","","","","","","","","","","","","",10.2,1,1.,1,10.2,1,"","",10.6,1,"","","","","","","","","","","","","","","","","","","","",53,1,"","","","","","","","","","","","",6.6,1,"","","","","","","","","","","","","","","","","","","","","","","","","","","","","","","","","","","","","","","","","","","","","","","","","","","","","","","","","","","","","","","","","","","","","","","","","","","","","","","","","","","","","","","","","","","","","","","","","","","","","","","","","","","","","","","","","","","",""
"06163007","TENDE_SAPC",44.043167,7.586,636,2000110714,0.,1,"","","","","","","","","","","","","","","","","","","","","","","","","","","","","","","","","","",9.7,1,1.8,1,9.7,1,"","",10.3,1,"","","","","","","","","","","","","","","","","","","","",58,1,"","","","","","","","","","","","",7.,1,"","","","","","","","","","","","","","","","","","","","","","","","","","","","","","","","","","","","","","","","","","","","","","","","","","","","","","","","","","","","","","","","","","","","","","","","","","","","","","","","","","","","","","","","","","","","","","","","","","","","","","","","","","","","","","","","","","","",""
"06163007","TENDE_SAPC",44.043167,7.586,636,2000110715,0.,1,"","","","","","","","","","","","","","","","","","","","","","","","","","","","","","","","","","",8.8,1,1.7,1,8.8,1,"","",9.7,1,"","","","","","","","","","","","","","","","","","","","",61,1,"","","","","","","","","","","","",6.9,1,"","","","","","","","","","","","","","","","","","","","","","","","","","","","","","","","","","","","","","","","","","","","","","","","","","","","","","","","","","","","","","","","","","","","","","","","","","","","","","","","","","","","","","","","","","","","","","","","","","","","","","","","","","","","","","","","","","","",""
"06163007","TENDE_SAPC",44.043167,7.586,636,2000110716,0.,1,"","","","","","","","","","","","","","","","","","","","","","","","","","","","","","","","","","",7.6,1,1.9,1,7.5,1,"","",8.8,1,"","","","","","","","","","","","","","","","","","","","",67,1,"","","","","","","","","","","","",7.,1,"","","","","","","","","","","","","","","","","","","","","","","","","","","","","","","","","","","","","","","","","","","","","","","","","","","","","","","","","","","","","","","","","","","","","","","","","","","","","","","","","","","","","","","","","","","","","","","","","","","","","","","","","","","","","","","","","","","",""
"06163007","TENDE_SAPC",44.043167,7.586,636,2000110717,0.,1,"","","","","","","","","","","","","","","","","","","","","","","","","","","","","","","","","","",6.8,1,1.7,1,6.8,1,"","",7.5,1,"","","","","","","","","","","","","","","","","","","","",70,1,"","","","","","","","","","","","",6.9,1,"","","","","","","","","","","","","","","","","","","","","","","","","","","","","","","","","","","","","","","","","","","","","","","","","","","","","","","","","","","","","","","","","","","","","","","","","","","","","","","","","","","","","","","","","","","","","","","","","","","","","","","","","","","","","","","","","","","",""
"06163007","TENDE_SAPC",44.043167,7.586,636,2000110718,0.,1,"","","","","","","","","","","","","","","","","","","","","","","","","","","","","","","","","","",4.8,1,1.5,1,4.8,1,"","",6.8,1,"","","","","","","","","","","","","","","","","","","","",79,1,"","","","","","","","","","","","",6.8,1,"","","","","","","","","","","","","","","","","","","","","","","","","","","","","","","","","","","","","","","","","","","","","","","","","","","","","","","","","","","","","","","","","","","","","","","","","","","","","","","","","","","","","","","","","","","","","","","","","","","","","","","","","","","","","","","","","","","",""
"06163007","TENDE_SAPC",44.043167,7.586,636,2000110719,0.,1,"","","","","","","","","","","","","","","","","","","","","","","","","","","","","","","","","","",3.7,1,0.9,1,3.7,1,"","",4.8,1,"","","","","","","","","","","","","","","","","","","","",82,1,"","","","","","","","","","","","",6.5,1,"","","","","","","","","","","","","","","","","","","","","","","","","","","","","","","","","","","","","","","","","","","","","","","","","","","","","","","","","","","","","","","","","","","","","","","","","","","","","","","","","","","","","","","","","","","","","","","","","","","","","","","","","","","","","","","","","","","",""
"06163007","TENDE_SAPC",44.043167,7.586,636,2000110720,0.,1,"","","","","","","","","","","","","","","","","","","","","","","","","","","","","","","","","","",3.2,1,0.6,1,3.1,1,"","",3.7,1,"","","","","","","","","","","","","","","","","","","","",83,1,"","","","","","","","","","","","",6.4,1,"","","","","","","","","","","","","","","","","","","","","","","","","","","","","","","","","","","","","","","","","","","","","","","","","","","","","","","","","","","","","","","","","","","","","","","","","","","","","","","","","","","","","","","","","","","","","","","","","","","","","","","","","","","","","","","","","","","",""
"06163007","TENDE_SAPC",44.043167,7.586,636,2000110721,0.,1,"","","","","","","","","","","","","","","","","","","","","","","","","","","","","","","","","","",2.5,1,-0.1,1,2.5,1,"","",3.1,1,"","","","","","","","","","","","","","","","","","","","",83,1,"","","","","","","","","","","","",6.1,1,"","","","","","","","","","","","","","","","","","","","","","","","","","","","","","","","","","","","","","","","","","","","","","","","","","","","","","","","","","","","","","","","","","","","","","","","","","","","","","","","","","","","","","","","","","","","","","","","","","","","","","","","","","","","","","","","","","","",""
"06163007","TENDE_SAPC",44.043167,7.586,636,2000110722,0.,1,"","","","","","","","","","","","","","","","","","","","","","","","","","","","","","","","","","",2.1,1,-0.7,1,2.1,1,"","",2.7,1,"","","","","","","","","","","","","","","","","","","","",82,1,"","","","","","","","","","","","",5.8,1,"","","","","","","","","","","","","","","","","","","","","","","","","","","","","","","","","","","","","","","","","","","","","","","","","","","","","","","","","","","","","","","","","","","","","","","","","","","","","","","","","","","","","","","","","","","","","","","","","","","","","","","","","","","","","","","","","","","",""
"06163007","TENDE_SAPC",44.043167,7.586,636,2000110723,0.,1,"","","","","","","","","","","","","","","","","","","","","","","","","","","","","","","","","","",1.7,1,-0.9,1,1.6,1,"","",2.,1,"","","","","","","","","","","","","","","","","","","","",83,1,"","","","","","","","","","","","",5.7,1,"","","","","","","","","","","","","","","","","","","","","","","","","","","","","","","","","","","","","","","","","","","","","","","","","","","","","","","","","","","","","","","","","","","","","","","","","","","","","","","","","","","","","","","","","","","","","","","","","","","","","","","","","","","","","","","","","","","",""
"06163007","TENDE_SAPC",44.043167,7.586,636,2000110800,0.,1,"","","","","","","","","","","","","","","","","","","","","","","","","","","","","","","","","","",1.8,1,-0.8,1,1.5,1,"","",1.8,1,"","","","","","","","","","","","","","","","","","","","",83,1,"","","","","","","","","","","","",5.8,1,"","","","","","","","","","","","","","","","","","","","","","","","","","","","","","","","","","","","","","","","","","","","","","","","","","","","","","","","","","","","","","","","","","","","","","","","","","","","","","","","","","","","","","","","","","","","","","","","","","","","","","","","","","","","","","","","","","","",""
"06163007","TENDE_SAPC",44.043167,7.586,636,2000110801,0.,1,"","","","","","","","","","","","","","","","","","","","","","","","","","","","","","","","","","",1.7,1,-1.2,1,1.4,1,"","",1.9,1,"","","","","","","","","","","","","","","","","","","","",81,1,"","","","","","","","","","","","",5.6,1,"","","","","","","","","","","","","","","","","","","","","","","","","","","","","","","","","","","","","","","","","","","","","","","","","","","","","","","","","","","","","","","","","","","","","","","","","","","","","","","","","","","","","","","","","","","","","","","","","","","","","","","","","","","","","","","","","","","",""
"06163007","TENDE_SAPC",44.043167,7.586,636,2000110802,0.,1,"","","","","","","","","","","","","","","","","","","","","","","","","","","","","","","","","","",1.6,1,-1.5,1,1.6,1,"","",1.9,1,"","","","","","","","","","","","","","","","","","","","",80,1,"","","","","","","","","","","","",5.5,1,"","","","","","","","","","","","","","","","","","","","","","","","","","","","","","","","","","","","","","","","","","","","","","","","","","","","","","","","","","","","","","","","","","","","","","","","","","","","","","","","","","","","","","","","","","","","","","","","","","","","","","","","","","","","","","","","","","","",""
"06163007","TENDE_SAPC",44.043167,7.586,636,2000110803,0.,1,"","","","","","","","","","","","","","","","","","","","","","","","","","","","","","","","","","",1.5,1,-1.7,1,1.3,1,"","",1.6,1,"","","","","","","","","","","","","","","","","","","","",79,1,"","","","","","","","","","","","",5.4,1,"","","","","","","","","","","","","","","","","","","","","","","","","","","","","","","","","","","","","","","","","","","","","","","","","","","","","","","","","","","","","","","","","","","","","","","","","","","","","","","","","","","","","","","","","","","","","","","","","","","","","","","","","","","","","","","","","","","",""
"06163007","TENDE_SAPC",44.043167,7.586,636,2000110804,0.,1,"","","","","","","","","","","","","","","","","","","","","","","","","","","","","","","","","","",1.4,1,-2.,1,1.4,1,"","",1.6,1,"","","","","","","","","","","","","","","","","","","","",78,1,"","","","","","","","","","","","",5.3,1,"","","","","","","","","","","","","","","","","","","","","","","","","","","","","","","","","","","","","","","","","","","","","","","","","","","","","","","","","","","","","","","","","","","","","","","","","","","","","","","","","","","","","","","","","","","","","","","","","","","","","","","","","","","","","","","","","","","",""
"06163007","TENDE_SAPC",44.043167,7.586,636,2000110805,0.,1,"","","","","","","","","","","","","","","","","","","","","","","","","","","","","","","","","","",1.3,1,-2.3,1,1.3,1,"","",1.6,1,"","","","","","","","","","","","","","","","","","","","",77,1,"","","","","","","","","","","","",5.2,1,"","","","","","","","","","","","","","","","","","","","","","","","","","","","","","","","","","","","","","","","","","","","","","","","","","","","","","","","","","","","","","","","","","","","","","","","","","","","","","","","","","","","","","","","","","","","","","","","","","","","","","","","","","","","","","","","","","","",""
"06163007","TENDE_SAPC",44.043167,7.586,636,2000110806,0.,1,"","","","","","","","","","","","","","","","","","","","","","","","","","","","","","","","","","",0.7,1,-2.7,1,0.7,1,"","",1.3,1,"","","","","","","","","","","","","","","","","","","","",78,1,"","","","","","","","","","","","",5.,1,"","","","","","","","","","","","","","","","","","","","","","","","","","","","","","","","","","","","","","","","","","","","","","","","","","","","","","","","","","","","","","","","","","","","","","","","","","","","","","","","","","","","","","","","","","","","","","","","","","","","","","","","","","","","","","","","","","","",""
"06163007","TENDE_SAPC",44.043167,7.586,636,2000110807,0.,1,"","","","","","","","","","","","","","","","","","","","","","","","","","","","","","","","","","",0.3,1,-2.6,1,0.3,1,"","",0.7,1,"","","","","","","","","","","","","","","","","","","","",81,1,"","","","","","","","","","","","",5.1,1,"","","","","","","","","","","","","","","","","","","","","","","","","","","","","","","","","","","","","","","","","","","","","","","","","","","","","","","","","","","","","","","","","","","","","","","","","","","","","","","","","","","","","","","","","","","","","","","","","","","","","","","","","","","","","","","","","","","",""
"06163007","TENDE_SAPC",44.043167,7.586,636,2000110808,0.,1,"","","","","","","","","","","","","","","","","","","","","","","","","","","","","","","","","","",0.3,1,-2.4,1,0.2,1,"","",0.4,1,"","","","","","","","","","","","","","","","","","","","",82,1,"","","","","","","","","","","","",5.1,1,"","","","","","","","","","","","","","","","","","","","","","","","","","","","","","","","","","","","","","","","","","","","","","","","","","","","","","","","","","","","","","","","","","","","","","","","","","","","","","","","","","","","","","","","","","","","","","","","","","","","","","","","","","","","","","","","","","","",""
"06163007","TENDE_SAPC",44.043167,7.586,636,2000110809,0.,1,"","","","","","","","","","","","","","","","","","","","","","","","","","","","","","","","","","",1.,1,-1.9,1,0.2,1,"","",1.,1,"","","","","","","","","","","","","","","","","","","","",81,1,"","","","","","","","","","","","",5.3,1,"","","","","","","","","","","","","","","","","","","","","","","","","","","","","","","","","","","","","","","","","","","","","","","","","","","","","","","","","","","","","","","","","","","","","","","","","","","","","","","","","","","","","","","","","","","","","","","","","","","","","","","","","","","","","","","","","","","",""
"06163007","TENDE_SAPC",44.043167,7.586,636,2000110810,"","","","","","","","","","","","","","","","","","","","","","","","","","","","","","","","","","","","",4.,1,0.,1,"","","","","","","","","","","","","","","","","","","","","","","","","","",75,1,"","","","","","","","","","","","",6.1,1,"","","","","","","","","","","","","","","","","","","","","","","","","","","","","","","","","","","","","","","","","","","","","","","","","","","","","","","","","","","","","","","","","","","","","","","","","","","","","","","","","","","","","","","","","","","","","","","","","","","","","","","","","","","","","","","","","","","",""
"06163007","TENDE_SAPC",44.043167,7.586,636,2000110811,0.,1,"","","","","","","","","","","","","","","","","","","","","","","","","","","","","","","","","","",8.,1,-1.5,1,4.1,1,"","",8.,1,"","","","","","","","","","","","","","","","","","","","",51,1,"","","","","","","","","","","","",5.5,1,"","","","","","","","","","","","","","","","","","","","","","","","","","","","","","","","","","","","","","","","","","","","","","","","","","","","","","","","","","","","","","","","","","","","","","","","","","","","","","","","","","","","","","","","","","","","","","","","","","","","","","","","","","","","","","","","","","","",""
"06163007","TENDE_SAPC",44.043167,7.586,636,2000110812,1.2,1,"","","","","","","","","","","","","","","","","","","","","","","","","","","","","","","","","","",5.4,1,1.3,1,5.,1,"","",8.,1,"","","","","","","","","","","","","","","","","","","","",75,1,"","","","","","","","","","","","",6.7,1,"","","","","","","","","","","","","","","","","","","","","","","","","","","","","","","","","","","","","","","","","","","","","","","","","","","","","","","","","","","","","","","","","","","","","","","","","","","","","","","","","","","","","","","","","","","","","","","","","","","","","","","","","","","","","","","","","","","",""
"06163007","TENDE_SAPC",44.043167,7.586,636,2000110813,0.,1,"","","","","","","","","","","","","","","","","","","","","","","","","","","","","","","","","","",8.8,1,-0.3,1,5.5,1,"","",8.8,1,"","","","","","","","","","","","","","","","","","","","",53,1,"","","","","","","","","","","","",6.,1,"","","","","","","","","","","","","","","","","","","","","","","","","","","","","","","","","","","","","","","","","","","","","","","","","","","","","","","","","","","","","","","","","","","","","","","","","","","","","","","","","","","","","","","","","","","","","","","","","","","","","","","","","","","","","","","","","","","",""
"06163007","TENDE_SAPC",44.043167,7.586,636,2000110814,0.,1,"","","","","","","","","","","","","","","","","","","","","","","","","","","","","","","","","","",7.6,1,0.8,1,7.6,1,"","",9.1,1,"","","","","","","","","","","","","","","","","","","","",62,1,"","","","","","","","","","","","",6.5,1,"","","","","","","","","","","","","","","","","","","","","","","","","","","","","","","","","","","","","","","","","","","","","","","","","","","","","","","","","","","","","","","","","","","","","","","","","","","","","","","","","","","","","","","","","","","","","","","","","","","","","","","","","","","","","","","","","","","",""
"06163007","TENDE_SAPC",44.043167,7.586,636,2000110815,0.,1,"","","","","","","","","","","","","","","","","","","","","","","","","","","","","","","","","","",5.7,1,1.8,1,5.7,1,"","",7.6,1,"","","","","","","","","","","","","","","","","","","","",76,1,"","","","","","","","","","","","",7.,1,"","","","","","","","","","","","","","","","","","","","","","","","","","","","","","","","","","","","","","","","","","","","","","","","","","","","","","","","","","","","","","","","","","","","","","","","","","","","","","","","","","","","","","","","","","","","","","","","","","","","","","","","","","","","","","","","","","","",""
"06163007","TENDE_SAPC",44.043167,7.586,636,2000110816,0.,1,"","","","","","","","","","","","","","","","","","","","","","","","","","","","","","","","","","",4.4,1,1.4,1,4.4,1,"","",5.7,1,"","","","","","","","","","","","","","","","","","","","",81,1,"","","","","","","","","","","","",6.8,1,"","","","","","","","","","","","","","","","","","","","","","","","","","","","","","","","","","","","","","","","","","","","","","","","","","","","","","","","","","","","","","","","","","","","","","","","","","","","","","","","","","","","","","","","","","","","","","","","","","","","","","","","","","","","","","","","","","","",""
"06163007","TENDE_SAPC",44.043167,7.586,636,2000110817,0.,1,"","","","","","","","","","","","","","","","","","","","","","","","","","","","","","","","","","",4.3,1,1.8,1,4.,1,"","",4.4,1,"","","","","","","","","","","","","","","","","","","","",84,1,"","","","","","","","","","","","",7.,1,"","","","","","","","","","","","","","","","","","","","","","","","","","","","","","","","","","","","","","","","","","","","","","","","","","","","","","","","","","","","","","","","","","","","","","","","","","","","","","","","","","","","","","","","","","","","","","","","","","","","","","","","","","","","","","","","","","","",""
"06163007","TENDE_SAPC",44.043167,7.586,636,2000110818,0.,1,"","","","","","","","","","","","","","","","","","","","","","","","","","","","","","","","","","",3.8,1,0.5,1,3.8,1,"","",4.3,1,"","","","","","","","","","","","","","","","","","","","",79,1,"","","","","","","","","","","","",6.3,1,"","","","","","","","","","","","","","","","","","","","","","","","","","","","","","","","","","","","","","","","","","","","","","","","","","","","","","","","","","","","","","","","","","","","","","","","","","","","","","","","","","","","","","","","","","","","","","","","","","","","","","","","","","","","","","","","","","","",""
"06163007","TENDE_SAPC",44.043167,7.586,636,2000110819,0.,1,"","","","","","","","","","","","","","","","","","","","","","","","","","","","","","","","","","",3.,1,-0.1,1,3.,1,"","",3.8,1,"","","","","","","","","","","","","","","","","","","","",80,1,"","","","","","","","","","","","",6.1,1,"","","","","","","","","","","","","","","","","","","","","","","","","","","","","","","","","","","","","","","","","","","","","","","","","","","","","","","","","","","","","","","","","","","","","","","","","","","","","","","","","","","","","","","","","","","","","","","","","","","","","","","","","","","","","","","","","","","",""
"06163007","TENDE_SAPC",44.043167,7.586,636,2000110820,0.,1,"","","","","","","","","","","","","","","","","","","","","","","","","","","","","","","","","","",2.3,1,-0.5,1,2.3,1,"","",3.,1,"","","","","","","","","","","","","","","","","","","","",82,1,"","","","","","","","","","","","",5.9,1,"","","","","","","","","","","","","","","","","","","","","","","","","","","","","","","","","","","","","","","","","","","","","","","","","","","","","","","","","","","","","","","","","","","","","","","","","","","","","","","","","","","","","","","","","","","","","","","","","","","","","","","","","","","","","","","","","","","",""
"06163007","TENDE_SAPC",44.043167,7.586,636,2000110821,0.,1,"","","","","","","","","","","","","","","","","","","","","","","","","","","","","","","","","","",1.9,1,-0.7,1,1.9,1,"","",2.3,1,"","","","","","","","","","","","","","","","","","","","",83,1,"","","","","","","","","","","","",5.8,1,"","","","","","","","","","","","","","","","","","","","","","","","","","","","","","","","","","","","","","","","","","","","","","","","","","","","","","","","","","","","","","","","","","","","","","","","","","","","","","","","","","","","","","","","","","","","","","","","","","","","","","","","","","","","","","","","","","","",""
"06163007","TENDE_SAPC",44.043167,7.586,636,2000110822,0.,1,"","","","","","","","","","","","","","","","","","","","","","","","","","","","","","","","","","",1.5,1,-0.9,1,1.4,1,"","",1.9,1,"","","","","","","","","","","","","","","","","","","","",84,1,"","","","","","","","","","","","",5.7,1,"","","","","","","","","","","","","","","","","","","","","","","","","","","","","","","","","","","","","","","","","","","","","","","","","","","","","","","","","","","","","","","","","","","","","","","","","","","","","","","","","","","","","","","","","","","","","","","","","","","","","","","","","","","","","","","","","","","",""
"06163007","TENDE_SAPC",44.043167,7.586,636,2000110823,0.,1,"","","","","","","","","","","","","","","","","","","","","","","","","","","","","","","","","","",1.5,1,-0.9,1,1.3,1,"","",1.6,1,"","","","","","","","","","","","","","","","","","","","",84,1,"","","","","","","","","","","","",5.7,1,"","","","","","","","","","","","","","","","","","","","","","","","","","","","","","","","","","","","","","","","","","","","","","","","","","","","","","","","","","","","","","","","","","","","","","","","","","","","","","","","","","","","","","","","","","","","","","","","","","","","","","","","","","","","","","","","","","","",""
"06163007","TENDE_SAPC",44.043167,7.586,636,2000110900,0.,1,"","","","","","","","","","","","","","","","","","","","","","","","","","","","","","","","","","",1.3,1,-1.3,1,1.2,1,"","",1.5,1,"","","","","","","","","","","","","","","","","","","","",83,1,"","","","","","","","","","","","",5.6,1,"","","","","","","","","","","","","","","","","","","","","","","","","","","","","","","","","","","","","","","","","","","","","","","","","","","","","","","","","","","","","","","","","","","","","","","","","","","","","","","","","","","","","","","","","","","","","","","","","","","","","","","","","","","","","","","","","","","",""
"06163007","TENDE_SAPC",44.043167,7.586,636,2000110901,0.,1,"","","","","","","","","","","","","","","","","","","","","","","","","","","","","","","","","","",1.3,1,-1.4,1,1.2,1,"","",1.5,1,"","","","","","","","","","","","","","","","","","","","",82,1,"","","","","","","","","","","","",5.5,1,"","","","","","","","","","","","","","","","","","","","","","","","","","","","","","","","","","","","","","","","","","","","","","","","","","","","","","","","","","","","","","","","","","","","","","","","","","","","","","","","","","","","","","","","","","","","","","","","","","","","","","","","","","","","","","","","","","","",""
"06163007","TENDE_SAPC",44.043167,7.586,636,2000110902,0.,1,"","","","","","","","","","","","","","","","","","","","","","","","","","","","","","","","","","",1.1,1,-1.5,1,1.,1,"","",1.3,1,"","","","","","","","","","","","","","","","","","","","",83,1,"","","","","","","","","","","","",5.5,1,"","","","","","","","","","","","","","","","","","","","","","","","","","","","","","","","","","","","","","","","","","","","","","","","","","","","","","","","","","","","","","","","","","","","","","","","","","","","","","","","","","","","","","","","","","","","","","","","","","","","","","","","","","","","","","","","","","","",""
"06163007","TENDE_SAPC",44.043167,7.586,636,2000110903,0.,1,"","","","","","","","","","","","","","","","","","","","","","","","","","","","","","","","","","",1.1,1,-2.,1,0.9,1,"","",1.1,1,"","","","","","","","","","","","","","","","","","","","",80,1,"","","","","","","","","","","","",5.3,1,"","","","","","","","","","","","","","","","","","","","","","","","","","","","","","","","","","","","","","","","","","","","","","","","","","","","","","","","","","","","","","","","","","","","","","","","","","","","","","","","","","","","","","","","","","","","","","","","","","","","","","","","","","","","","","","","","","","",""
"06163007","TENDE_SAPC",44.043167,7.586,636,2000110904,0.,1,"","","","","","","","","","","","","","","","","","","","","","","","","","","","","","","","","","",0.9,1,-1.8,1,0.7,1,"","",1.1,1,"","","","","","","","","","","","","","","","","","","","",82,1,"","","","","","","","","","","","",5.3,1,"","","","","","","","","","","","","","","","","","","","","","","","","","","","","","","","","","","","","","","","","","","","","","","","","","","","","","","","","","","","","","","","","","","","","","","","","","","","","","","","","","","","","","","","","","","","","","","","","","","","","","","","","","","","","","","","","","","",""
"06163007","TENDE_SAPC",44.043167,7.586,636,2000110905,0.,1,"","","","","","","","","","","","","","","","","","","","","","","","","","","","","","","","","","",1.2,1,-1.7,1,0.9,1,"","",1.3,1,"","","","","","","","","","","","","","","","","","","","",81,1,"","","","","","","","","","","","",5.4,1,"","","","","","","","","","","","","","","","","","","","","","","","","","","","","","","","","","","","","","","","","","","","","","","","","","","","","","","","","","","","","","","","","","","","","","","","","","","","","","","","","","","","","","","","","","","","","","","","","","","","","","","","","","","","","","","","","","","",""
"06163007","TENDE_SAPC",44.043167,7.586,636,2000110906,0.,1,"","","","","","","","","","","","","","","","","","","","","","","","","","","","","","","","","","",0.6,1,-2.1,1,0.6,1,"","",1.2,1,"","","","","","","","","","","","","","","","","","","","",82,1,"","","","","","","","","","","","",5.2,1,"","","","","","","","","","","","","","","","","","","","","","","","","","","","","","","","","","","","","","","","","","","","","","","","","","","","","","","","","","","","","","","","","","","","","","","","","","","","","","","","","","","","","","","","","","","","","","","","","","","","","","","","","","","","","","","","","","","",""
"06163007","TENDE_SAPC",44.043167,7.586,636,2000110910,"","","","","","","","","","","","","","","","","","","","","","","","","","","","","","","","","","","","",6.7,1,0.6,1,"","","","","","","","","","","","","","","","","","","","","","","","","","",65,1,"","","","","","","","","","","","",6.4,1,"","","","","","","","","","","","","","","","","","","","","","","","","","","","","","","","","","","","","","","","","","","","","","","","","","","","","","","","","","","","","","","","","","","","","","","","","","","","","","","","","","","","","","","","","","","","","","","","","","","","","","","","","","","","","","","","","","","",""
"06163007","TENDE_SAPC",44.043167,7.586,636,2000110911,0.,1,"","","","","","","","","","","","","","","","","","","","","","","","","","","","","","","","","","",10.5,1,-0.1,1,6.7,1,"","",10.5,1,"","","","","","","","","","","","","","","","","","","","",48,1,"","","","","","","","","","","","",6.1,1,"","","","","","","","","","","","","","","","","","","","","","","","","","","","","","","","","","","","","","","","","","","","","","","","","","","","","","","","","","","","","","","","","","","","","","","","","","","","","","","","","","","","","","","","","","","","","","","","","","","","","","","","","","","","","","","","","","","",""
"06163007","TENDE_SAPC",44.043167,7.586,636,2000110912,0.,1,"","","","","","","","","","","","","","","","","","","","","","","","","","","","","","","","","","",10.8,1,-0.1,1,9.9,1,"","",11.2,1,"","","","","","","","","","","","","","","","","","","","",47,1,"","","","","","","","","","","","",6.1,1,"","","","","","","","","","","","","","","","","","","","","","","","","","","","","","","","","","","","","","","","","","","","","","","","","","","","","","","","","","","","","","","","","","","","","","","","","","","","","","","","","","","","","","","","","","","","","","","","","","","","","","","","","","","","","","","","","","","",""
"06163007","TENDE_SAPC",44.043167,7.586,636,2000110913,2.2,1,"","","","","","","","","","","","","","","","","","","","","","","","","","","","","","","","","","",7.8,1,3.6,1,7.8,1,"","",10.6,1,"","","","","","","","","","","","","","","","","","","","",75,1,"","","","","","","","","","","","",7.9,1,"","","","","","","","","","","","","","","","","","","","","","","","","","","","","","","","","","","","","","","","","","","","","","","","","","","","","","","","","","","","","","","","","","","","","","","","","","","","","","","","","","","","","","","","","","","","","","","","","","","","","","","","","","","","","","","","","","","",""
"06163007","TENDE_SAPC",44.043167,7.586,636,2000110914,2.6,1,"","","","","","","","","","","","","","","","","","","","","","","","","","","","","","","","","","",7.,1,3.4,1,6.7,1,"","",7.8,1,"","","","","","","","","","","","","","","","","","","","",78,1,"","","","","","","","","","","","",7.8,1,"","","","","","","","","","","","","","","","","","","","","","","","","","","","","","","","","","","","","","","","","","","","","","","","","","","","","","","","","","","","","","","","","","","","","","","","","","","","","","","","","","","","","","","","","","","","","","","","","","","","","","","","","","","","","","","","","","","",""
"06163007","TENDE_SAPC",44.043167,7.586,636,2000110915,0.,1,"","","","","","","","","","","","","","","","","","","","","","","","","","","","","","","","","","",7.1,1,4.2,1,7.,1,"","",7.3,1,"","","","","","","","","","","","","","","","","","","","",82,1,"","","","","","","","","","","","",8.3,1,"","","","","","","","","","","","","","","","","","","","","","","","","","","","","","","","","","","","","","","","","","","","","","","","","","","","","","","","","","","","","","","","","","","","","","","","","","","","","","","","","","","","","","","","","","","","","","","","","","","","","","","","","","","","","","","","","","","",""
"06163007","TENDE_SAPC",44.043167,7.586,636,2000110916,0.,1,"","","","","","","","","","","","","","","","","","","","","","","","","","","","","","","","","","",6.1,1,3.4,1,6.1,1,"","",7.1,1,"","","","","","","","","","","","","","","","","","","","",83,1,"","","","","","","","","","","","",7.8,1,"","","","","","","","","","","","","","","","","","","","","","","","","","","","","","","","","","","","","","","","","","","","","","","","","","","","","","","","","","","","","","","","","","","","","","","","","","","","","","","","","","","","","","","","","","","","","","","","","","","","","","","","","","","","","","","","","","","",""
"06163007","TENDE_SAPC",44.043167,7.586,636,2000110917,0.,1,"","","","","","","","","","","","","","","","","","","","","","","","","","","","","","","","","","",5.2,1,2.9,1,5.2,1,"","",6.,1,"","","","","","","","","","","","","","","","","","","","",85,1,"","","","","","","","","","","","",7.5,1,"","","","","","","","","","","","","","","","","","","","","","","","","","","","","","","","","","","","","","","","","","","","","","","","","","","","","","","","","","","","","","","","","","","","","","","","","","","","","","","","","","","","","","","","","","","","","","","","","","","","","","","","","","","","","","","","","","","",""
"06163007","TENDE_SAPC",44.043167,7.586,636,2000110918,0.,1,"","","","","","","","","","","","","","","","","","","","","","","","","","","","","","","","","","",4.2,1,1.9,1,4.2,1,"","",5.2,1,"","","","","","","","","","","","","","","","","","","","",85,1,"","","","","","","","","","","","",7.,1,"","","","","","","","","","","","","","","","","","","","","","","","","","","","","","","","","","","","","","","","","","","","","","","","","","","","","","","","","","","","","","","","","","","","","","","","","","","","","","","","","","","","","","","","","","","","","","","","","","","","","","","","","","","","","","","","","","","",""
"06163007","TENDE_SAPC",44.043167,7.586,636,2000110919,0.,1,"","","","","","","","","","","","","","","","","","","","","","","","","","","","","","","","","","",3.4,1,1.1,1,3.4,1,"","",4.2,1,"","","","","","","","","","","","","","","","","","","","",85,1,"","","","","","","","","","","","",6.6,1,"","","","","","","","","","","","","","","","","","","","","","","","","","","","","","","","","","","","","","","","","","","","","","","","","","","","","","","","","","","","","","","","","","","","","","","","","","","","","","","","","","","","","","","","","","","","","","","","","","","","","","","","","","","","","","","","","","","",""
"06163007","TENDE_SAPC",44.043167,7.586,636,2000110920,0.2,1,"","","","","","","","","","","","","","","","","","","","","","","","","","","","","","","","","","",2.7,1,0.6,1,2.7,1,"","",3.4,1,"","","","","","","","","","","","","","","","","","","","",86,1,"","","","","","","","","","","","",6.4,1,"","","","","","","","","","","","","","","","","","","","","","","","","","","","","","","","","","","","","","","","","","","","","","","","","","","","","","","","","","","","","","","","","","","","","","","","","","","","","","","","","","","","","","","","","","","","","","","","","","","","","","","","","","","","","","","","","","","",""
"06163007","TENDE_SAPC",44.043167,7.586,636,2000110921,0.,1,"","","","","","","","","","","","","","","","","","","","","","","","","","","","","","","","","","",2.1,1,-0.2,1,2.1,1,"","",2.7,1,"","","","","","","","","","","","","","","","","","","","",85,1,"","","","","","","","","","","","",6.,1,"","","","","","","","","","","","","","","","","","","","","","","","","","","","","","","","","","","","","","","","","","","","","","","","","","","","","","","","","","","","","","","","","","","","","","","","","","","","","","","","","","","","","","","","","","","","","","","","","","","","","","","","","","","","","","","","","","","",""
"06163007","TENDE_SAPC",44.043167,7.586,636,2000110922,0.,1,"","","","","","","","","","","","","","","","","","","","","","","","","","","","","","","","","","",1.8,1,-0.5,1,1.7,1,"","",2.1,1,"","","","","","","","","","","","","","","","","","","","",85,1,"","","","","","","","","","","","",5.9,1,"","","","","","","","","","","","","","","","","","","","","","","","","","","","","","","","","","","","","","","","","","","","","","","","","","","","","","","","","","","","","","","","","","","","","","","","","","","","","","","","","","","","","","","","","","","","","","","","","","","","","","","","","","","","","","","","","","","",""
"06163007","TENDE_SAPC",44.043167,7.586,636,2000110923,0.,1,"","","","","","","","","","","","","","","","","","","","","","","","","","","","","","","","","","",1.,1,-1.2,1,1.,1,"","",1.8,1,"","","","","","","","","","","","","","","","","","","","",85,1,"","","","","","","","","","","","",5.6,1,"","","","","","","","","","","","","","","","","","","","","","","","","","","","","","","","","","","","","","","","","","","","","","","","","","","","","","","","","","","","","","","","","","","","","","","","","","","","","","","","","","","","","","","","","","","","","","","","","","","","","","","","","","","","","","","","","","","",""
"06163007","TENDE_SAPC",44.043167,7.586,636,2000111000,0.,1,"","","","","","","","","","","","","","","","","","","","","","","","","","","","","","","","","","",1.,1,-1.2,1,1.,1,"","",1.2,1,"","","","","","","","","","","","","","","","","","","","",85,1,"","","","","","","","","","","","",5.6,1,"","","","","","","","","","","","","","","","","","","","","","","","","","","","","","","","","","","","","","","","","","","","","","","","","","","","","","","","","","","","","","","","","","","","","","","","","","","","","","","","","","","","","","","","","","","","","","","","","","","","","","","","","","","","","","","","","","","",""
"06163007","TENDE_SAPC",44.043167,7.586,636,2000111001,0.,1,"","","","","","","","","","","","","","","","","","","","","","","","","","","","","","","","","","",0.6,1,-1.6,1,0.6,1,"","",1.,1,"","","","","","","","","","","","","","","","","","","","",85,1,"","","","","","","","","","","","",5.4,1,"","","","","","","","","","","","","","","","","","","","","","","","","","","","","","","","","","","","","","","","","","","","","","","","","","","","","","","","","","","","","","","","","","","","","","","","","","","","","","","","","","","","","","","","","","","","","","","","","","","","","","","","","","","","","","","","","","","",""
"06163007","TENDE_SAPC",44.043167,7.586,636,2000111002,0.,1,"","","","","","","","","","","","","","","","","","","","","","","","","","","","","","","","","","",0.5,1,-1.7,1,0.4,1,"","",0.7,1,"","","","","","","","","","","","","","","","","","","","",85,1,"","","","","","","","","","","","",5.4,1,"","","","","","","","","","","","","","","","","","","","","","","","","","","","","","","","","","","","","","","","","","","","","","","","","","","","","","","","","","","","","","","","","","","","","","","","","","","","","","","","","","","","","","","","","","","","","","","","","","","","","","","","","","","","","","","","","","","",""
"06163007","TENDE_SAPC",44.043167,7.586,636,2000111003,0.,1,"","","","","","","","","","","","","","","","","","","","","","","","","","","","","","","","","","",0.2,1,-2.,1,0.2,1,"","",0.5,1,"","","","","","","","","","","","","","","","","","","","",85,1,"","","","","","","","","","","","",5.3,1,"","","","","","","","","","","","","","","","","","","","","","","","","","","","","","","","","","","","","","","","","","","","","","","","","","","","","","","","","","","","","","","","","","","","","","","","","","","","","","","","","","","","","","","","","","","","","","","","","","","","","","","","","","","","","","","","","","","",""
"06163007","TENDE_SAPC",44.043167,7.586,636,2000111004,0.,1,"","","","","","","","","","","","","","","","","","","","","","","","","","","","","","","","","","",0.2,1,-2.,1,0.,1,"","",0.3,1,"","","","","","","","","","","","","","","","","","","","",85,1,"","","","","","","","","","","","",5.3,1,"","","","","","","","","","","","","","","","","","","","","","","","","","","","","","","","","","","","","","","","","","","","","","","","","","","","","","","","","","","","","","","","","","","","","","","","","","","","","","","","","","","","","","","","","","","","","","","","","","","","","","","","","","","","","","","","","","","",""
"06163007","TENDE_SAPC",44.043167,7.586,636,2000111005,0.,1,"","","","","","","","","","","","","","","","","","","","","","","","","","","","","","","","","","",0.,1,-2.4,1,0.,1,"","",0.2,1,"","","","","","","","","","","","","","","","","","","","",84,1,"","","","","","","","","","","","",5.1,1,"","","","","","","","","","","","","","","","","","","","","","","","","","","","","","","","","","","","","","","","","","","","","","","","","","","","","","","","","","","","","","","","","","","","","","","","","","","","","","","","","","","","","","","","","","","","","","","","","","","","","","","","","","","","","","","","","","","",""
"06163007","TENDE_SAPC",44.043167,7.586,636,2000111006,0.,1,"","","","","","","","","","","","","","","","","","","","","","","","","","","","","","","","","","",0.4,1,-2.2,1,0.,1,"","",0.4,1,"","","","","","","","","","","","","","","","","","","","",83,1,"","","","","","","","","","","","",5.2,1,"","","","","","","","","","","","","","","","","","","","","","","","","","","","","","","","","","","","","","","","","","","","","","","","","","","","","","","","","","","","","","","","","","","","","","","","","","","","","","","","","","","","","","","","","","","","","","","","","","","","","","","","","","","","","","","","","","","",""
"06163007","TENDE_SAPC",44.043167,7.586,636,2000111010,"","","","","","","","","","","","","","","","","","","","","","","","","","","","","","","","","","","","",3.2,1,-0.4,1,"","","","","","","","","","","","","","","","","","","","","","","","","","",77,1,"","","","","","","","","","","","",5.9,1,"","","","","","","","","","","","","","","","","","","","","","","","","","","","","","","","","","","","","","","","","","","","","","","","","","","","","","","","","","","","","","","","","","","","","","","","","","","","","","","","","","","","","","","","","","","","","","","","","","","","","","","","","","","","","","","","","","","",""
"06163007","TENDE_SAPC",44.043167,7.586,636,2000111011,0.2,1,"","","","","","","","","","","","","","","","","","","","","","","","","","","","","","","","","","",7.1,1,0.7,1,3.2,1,"","",7.1,1,"","","","","","","","","","","","","","","","","","","","",64,1,"","","","","","","","","","","","",6.4,1,"","","","","","","","","","","","","","","","","","","","","","","","","","","","","","","","","","","","","","","","","","","","","","","","","","","","","","","","","","","","","","","","","","","","","","","","","","","","","","","","","","","","","","","","","","","","","","","","","","","","","","","","","","","","","","","","","","","",""
"06163007","TENDE_SAPC",44.043167,7.586,636,2000111012,0.,1,"","","","","","","","","","","","","","","","","","","","","","","","","","","","","","","","","","",10.4,1,-2.6,1,7.1,1,"","",10.4,1,"","","","","","","","","","","","","","","","","","","","",40,1,"","","","","","","","","","","","",5.,1,"","","","","","","","","","","","","","","","","","","","","","","","","","","","","","","","","","","","","","","","","","","","","","","","","","","","","","","","","","","","","","","","","","","","","","","","","","","","","","","","","","","","","","","","","","","","","","","","","","","","","","","","","","","","","","","","","","","",""
"06163007","TENDE_SAPC",44.043167,7.586,636,2000111013,0.,1,"","","","","","","","","","","","","","","","","","","","","","","","","","","","","","","","","","",11.8,1,-2.8,1,10.3,1,"","",11.8,1,"","","","","","","","","","","","","","","","","","","","",36,1,"","","","","","","","","","","","",5.,1,"","","","","","","","","","","","","","","","","","","","","","","","","","","","","","","","","","","","","","","","","","","","","","","","","","","","","","","","","","","","","","","","","","","","","","","","","","","","","","","","","","","","","","","","","","","","","","","","","","","","","","","","","","","","","","","","","","","",""
"06163007","TENDE_SAPC",44.043167,7.586,636,2000111014,0.,1,"","","","","","","","","","","","","","","","","","","","","","","","","","","","","","","","","","",11.2,1,-0.9,1,11.2,1,"","",12.2,1,"","","","","","","","","","","","","","","","","","","","",43,1,"","","","","","","","","","","","",5.7,1,"","","","","","","","","","","","","","","","","","","","","","","","","","","","","","","","","","","","","","","","","","","","","","","","","","","","","","","","","","","","","","","","","","","","","","","","","","","","","","","","","","","","","","","","","","","","","","","","","","","","","","","","","","","","","","","","","","","",""
"06163007","TENDE_SAPC",44.043167,7.586,636,2000111015,0.,1,"","","","","","","","","","","","","","","","","","","","","","","","","","","","","","","","","","",7.6,1,0.8,1,7.6,1,"","",11.1,1,"","","","","","","","","","","","","","","","","","","","",62,1,"","","","","","","","","","","","",6.5,1,"","","","","","","","","","","","","","","","","","","","","","","","","","","","","","","","","","","","","","","","","","","","","","","","","","","","","","","","","","","","","","","","","","","","","","","","","","","","","","","","","","","","","","","","","","","","","","","","","","","","","","","","","","","","","","","","","","","",""
"06163007","TENDE_SAPC",44.043167,7.586,636,2000111016,0.,1,"","","","","","","","","","","","","","","","","","","","","","","","","","","","","","","","","","",5.3,1,1.4,1,5.3,1,"","",7.6,1,"","","","","","","","","","","","","","","","","","","","",76,1,"","","","","","","","","","","","",6.8,1,"","","","","","","","","","","","","","","","","","","","","","","","","","","","","","","","","","","","","","","","","","","","","","","","","","","","","","","","","","","","","","","","","","","","","","","","","","","","","","","","","","","","","","","","","","","","","","","","","","","","","","","","","","","","","","","","","","","",""
"06163007","TENDE_SAPC",44.043167,7.586,636,2000111017,0.,1,"","","","","","","","","","","","","","","","","","","","","","","","","","","","","","","","","","",3.8,1,0.7,1,3.8,1,"","",5.3,1,"","","","","","","","","","","","","","","","","","","","",80,1,"","","","","","","","","","","","",6.4,1,"","","","","","","","","","","","","","","","","","","","","","","","","","","","","","","","","","","","","","","","","","","","","","","","","","","","","","","","","","","","","","","","","","","","","","","","","","","","","","","","","","","","","","","","","","","","","","","","","","","","","","","","","","","","","","","","","","","",""
"06163007","TENDE_SAPC",44.043167,7.586,636,2000111018,0.,1,"","","","","","","","","","","","","","","","","","","","","","","","","","","","","","","","","","",2.9,1,0.1,1,2.9,1,"","",3.8,1,"","","","","","","","","","","","","","","","","","","","",82,1,"","","","","","","","","","","","",6.2,1,"","","","","","","","","","","","","","","","","","","","","","","","","","","","","","","","","","","","","","","","","","","","","","","","","","","","","","","","","","","","","","","","","","","","","","","","","","","","","","","","","","","","","","","","","","","","","","","","","","","","","","","","","","","","","","","","","","","",""
"06163007","TENDE_SAPC",44.043167,7.586,636,2000111019,0.,1,"","","","","","","","","","","","","","","","","","","","","","","","","","","","","","","","","","",2.6,1,-0.2,1,2.6,1,"","",2.9,1,"","","","","","","","","","","","","","","","","","","","",82,1,"","","","","","","","","","","","",6.,1,"","","","","","","","","","","","","","","","","","","","","","","","","","","","","","","","","","","","","","","","","","","","","","","","","","","","","","","","","","","","","","","","","","","","","","","","","","","","","","","","","","","","","","","","","","","","","","","","","","","","","","","","","","","","","","","","","","","",""
"06163007","TENDE_SAPC",44.043167,7.586,636,2000111020,0.,1,"","","","","","","","","","","","","","","","","","","","","","","","","","","","","","","","","","",2.2,1,-0.4,1,2.2,1,"","",2.6,1,"","","","","","","","","","","","","","","","","","","","",83,1,"","","","","","","","","","","","",5.9,1,"","","","","","","","","","","","","","","","","","","","","","","","","","","","","","","","","","","","","","","","","","","","","","","","","","","","","","","","","","","","","","","","","","","","","","","","","","","","","","","","","","","","","","","","","","","","","","","","","","","","","","","","","","","","","","","","","","","",""
"06163007","TENDE_SAPC",44.043167,7.586,636,2000111021,0.,1,"","","","","","","","","","","","","","","","","","","","","","","","","","","","","","","","","","",1.8,1,-0.8,1,1.8,1,"","",2.2,1,"","","","","","","","","","","","","","","","","","","","",83,1,"","","","","","","","","","","","",5.8,1,"","","","","","","","","","","","","","","","","","","","","","","","","","","","","","","","","","","","","","","","","","","","","","","","","","","","","","","","","","","","","","","","","","","","","","","","","","","","","","","","","","","","","","","","","","","","","","","","","","","","","","","","","","","","","","","","","","","",""
"06163007","TENDE_SAPC",44.043167,7.586,636,2000111022,0.,1,"","","","","","","","","","","","","","","","","","","","","","","","","","","","","","","","","","",1.3,1,-1.3,1,1.3,1,"","",1.8,1,"","","","","","","","","","","","","","","","","","","","",83,1,"","","","","","","","","","","","",5.6,1,"","","","","","","","","","","","","","","","","","","","","","","","","","","","","","","","","","","","","","","","","","","","","","","","","","","","","","","","","","","","","","","","","","","","","","","","","","","","","","","","","","","","","","","","","","","","","","","","","","","","","","","","","","","","","","","","","","","",""
"06163007","TENDE_SAPC",44.043167,7.586,636,2000111023,0.,1,"","","","","","","","","","","","","","","","","","","","","","","","","","","","","","","","","","",1.1,1,-1.5,1,1.1,1,"","",1.3,1,"","","","","","","","","","","","","","","","","","","","",83,1,"","","","","","","","","","","","",5.5,1,"","","","","","","","","","","","","","","","","","","","","","","","","","","","","","","","","","","","","","","","","","","","","","","","","","","","","","","","","","","","","","","","","","","","","","","","","","","","","","","","","","","","","","","","","","","","","","","","","","","","","","","","","","","","","","","","","","","",""
"06163007","TENDE_SAPC",44.043167,7.586,636,2000111100,0.,1,"","","","","","","","","","","","","","","","","","","","","","","","","","","","","","","","","","",0.6,1,-2.,1,0.6,1,"","",1.1,1,"","","","","","","","","","","","","","","","","","","","",83,1,"","","","","","","","","","","","",5.3,1,"","","","","","","","","","","","","","","","","","","","","","","","","","","","","","","","","","","","","","","","","","","","","","","","","","","","","","","","","","","","","","","","","","","","","","","","","","","","","","","","","","","","","","","","","","","","","","","","","","","","","","","","","","","","","","","","","","","",""
"06163007","TENDE_SAPC",44.043167,7.586,636,2000111101,0.,1,"","","","","","","","","","","","","","","","","","","","","","","","","","","","","","","","","","",0.5,1,-1.9,1,0.5,1,"","",0.7,1,"","","","","","","","","","","","","","","","","","","","",84,1,"","","","","","","","","","","","",5.3,1,"","","","","","","","","","","","","","","","","","","","","","","","","","","","","","","","","","","","","","","","","","","","","","","","","","","","","","","","","","","","","","","","","","","","","","","","","","","","","","","","","","","","","","","","","","","","","","","","","","","","","","","","","","","","","","","","","","","",""
"06163007","TENDE_SAPC",44.043167,7.586,636,2000111102,0.,1,"","","","","","","","","","","","","","","","","","","","","","","","","","","","","","","","","","",1.,1,-2.2,1,0.5,1,"","",1.,1,"","","","","","","","","","","","","","","","","","","","",79,1,"","","","","","","","","","","","",5.2,1,"","","","","","","","","","","","","","","","","","","","","","","","","","","","","","","","","","","","","","","","","","","","","","","","","","","","","","","","","","","","","","","","","","","","","","","","","","","","","","","","","","","","","","","","","","","","","","","","","","","","","","","","","","","","","","","","","","","",""
"06163007","TENDE_SAPC",44.043167,7.586,636,2000111103,0.,1,"","","","","","","","","","","","","","","","","","","","","","","","","","","","","","","","","","",0.5,1,-2.6,1,0.5,1,"","",1.,1,"","","","","","","","","","","","","","","","","","","","",80,1,"","","","","","","","","","","","",5.1,1,"","","","","","","","","","","","","","","","","","","","","","","","","","","","","","","","","","","","","","","","","","","","","","","","","","","","","","","","","","","","","","","","","","","","","","","","","","","","","","","","","","","","","","","","","","","","","","","","","","","","","","","","","","","","","","","","","","","",""
"06163007","TENDE_SAPC",44.043167,7.586,636,2000111104,0.,1,"","","","","","","","","","","","","","","","","","","","","","","","","","","","","","","","","","",0.9,1,-2.2,1,0.5,1,"","",0.9,1,"","","","","","","","","","","","","","","","","","","","",80,1,"","","","","","","","","","","","",5.2,1,"","","","","","","","","","","","","","","","","","","","","","","","","","","","","","","","","","","","","","","","","","","","","","","","","","","","","","","","","","","","","","","","","","","","","","","","","","","","","","","","","","","","","","","","","","","","","","","","","","","","","","","","","","","","","","","","","","","",""
"06163007","TENDE_SAPC",44.043167,7.586,636,2000111105,0.,1,"","","","","","","","","","","","","","","","","","","","","","","","","","","","","","","","","","",0.7,1,-2.5,1,0.7,1,"","",1.1,1,"","","","","","","","","","","","","","","","","","","","",79,1,"","","","","","","","","","","","",5.1,1,"","","","","","","","","","","","","","","","","","","","","","","","","","","","","","","","","","","","","","","","","","","","","","","","","","","","","","","","","","","","","","","","","","","","","","","","","","","","","","","","","","","","","","","","","","","","","","","","","","","","","","","","","","","","","","","","","","","",""
"06163007","TENDE_SAPC",44.043167,7.586,636,2000111106,0.,1,"","","","","","","","","","","","","","","","","","","","","","","","","","","","","","","","","","",0.5,1,-2.6,1,0.4,1,"","",0.7,1,"","","","","","","","","","","","","","","","","","","","",80,1,"","","","","","","","","","","","",5.1,1,"","","","","","","","","","","","","","","","","","","","","","","","","","","","","","","","","","","","","","","","","","","","","","","","","","","","","","","","","","","","","","","","","","","","","","","","","","","","","","","","","","","","","","","","","","","","","","","","","","","","","","","","","","","","","","","","","","","",""
"06163007","TENDE_SAPC",44.043167,7.586,636,2000111107,0.,1,"","","","","","","","","","","","","","","","","","","","","","","","","","","","","","","","","","",0.3,1,-2.6,1,0.2,1,"","",0.5,1,"","","","","","","","","","","","","","","","","","","","",81,1,"","","","","","","","","","","","",5.1,1,"","","","","","","","","","","","","","","","","","","","","","","","","","","","","","","","","","","","","","","","","","","","","","","","","","","","","","","","","","","","","","","","","","","","","","","","","","","","","","","","","","","","","","","","","","","","","","","","","","","","","","","","","","","","","","","","","","","",""
"06163007","TENDE_SAPC",44.043167,7.586,636,2000111108,0.,1,"","","","","","","","","","","","","","","","","","","","","","","","","","","","","","","","","","",0.4,1,-2.5,1,0.2,1,"","",0.4,1,"","","","","","","","","","","","","","","","","","","","",81,1,"","","","","","","","","","","","",5.1,1,"","","","","","","","","","","","","","","","","","","","","","","","","","","","","","","","","","","","","","","","","","","","","","","","","","","","","","","","","","","","","","","","","","","","","","","","","","","","","","","","","","","","","","","","","","","","","","","","","","","","","","","","","","","","","","","","","","","",""
"06163007","TENDE_SAPC",44.043167,7.586,636,2000111109,0.,1,"","","","","","","","","","","","","","","","","","","","","","","","","","","","","","","","","","",0.8,1,-1.9,1,0.4,1,"","",0.8,1,"","","","","","","","","","","","","","","","","","","","",82,1,"","","","","","","","","","","","",5.3,1,"","","","","","","","","","","","","","","","","","","","","","","","","","","","","","","","","","","","","","","","","","","","","","","","","","","","","","","","","","","","","","","","","","","","","","","","","","","","","","","","","","","","","","","","","","","","","","","","","","","","","","","","","","","","","","","","","","","",""
"06163007","TENDE_SAPC",44.043167,7.586,636,2000111110,0.,1,"","","","","","","","","","","","","","","","","","","","","","","","","","","","","","","","","","",4.1,1,-0.1,1,0.8,1,"","",4.1,1,"","","","","","","","","","","","","","","","","","","","",74,1,"","","","","","","","","","","","",6.1,1,"","","","","","","","","","","","","","","","","","","","","","","","","","","","","","","","","","","","","","","","","","","","","","","","","","","","","","","","","","","","","","","","","","","","","","","","","","","","","","","","","","","","","","","","","","","","","","","","","","","","","","","","","","","","","","","","","","","",""
"06163007","TENDE_SAPC",44.043167,7.586,636,2000111111,0.2,1,"","","","","","","","","","","","","","","","","","","","","","","","","","","","","","","","","","",8.4,1,1.5,1,4.2,1,"","",9.1,1,"","","","","","","","","","","","","","","","","","","","",62,1,"","","","","","","","","","","","",6.8,1,"","","","","","","","","","","","","","","","","","","","","","","","","","","","","","","","","","","","","","","","","","","","","","","","","","","","","","","","","","","","","","","","","","","","","","","","","","","","","","","","","","","","","","","","","","","","","","","","","","","","","","","","","","","","","","","","","","","",""
"06163007","TENDE_SAPC",44.043167,7.586,636,2000111112,0.,1,"","","","","","","","","","","","","","","","","","","","","","","","","","","","","","","","","","",12.,1,-0.2,1,7.5,1,"","",12.,1,"","","","","","","","","","","","","","","","","","","","",43,1,"","","","","","","","","","","","",6.,1,"","","","","","","","","","","","","","","","","","","","","","","","","","","","","","","","","","","","","","","","","","","","","","","","","","","","","","","","","","","","","","","","","","","","","","","","","","","","","","","","","","","","","","","","","","","","","","","","","","","","","","","","","","","","","","","","","","","",""
"06163007","TENDE_SAPC",44.043167,7.586,636,2000111113,0.,1,"","","","","","","","","","","","","","","","","","","","","","","","","","","","","","","","","","",10.9,1,0.9,1,10.9,1,"","",12.3,1,"","","","","","","","","","","","","","","","","","","","",50,1,"","","","","","","","","","","","",6.5,1,"","","","","","","","","","","","","","","","","","","","","","","","","","","","","","","","","","","","","","","","","","","","","","","","","","","","","","","","","","","","","","","","","","","","","","","","","","","","","","","","","","","","","","","","","","","","","","","","","","","","","","","","","","","","","","","","","","","",""
"06163007","TENDE_SAPC",44.043167,7.586,636,2000111114,0.,1,"","","","","","","","","","","","","","","","","","","","","","","","","","","","","","","","","","",8.,1,0.9,1,8.,1,"","",10.8,1,"","","","","","","","","","","","","","","","","","","","",61,1,"","","","","","","","","","","","",6.5,1,"","","","","","","","","","","","","","","","","","","","","","","","","","","","","","","","","","","","","","","","","","","","","","","","","","","","","","","","","","","","","","","","","","","","","","","","","","","","","","","","","","","","","","","","","","","","","","","","","","","","","","","","","","","","","","","","","","","",""
"06163007","TENDE_SAPC",44.043167,7.586,636,2000111115,0.,1,"","","","","","","","","","","","","","","","","","","","","","","","","","","","","","","","","","",6.7,1,2.4,1,6.7,1,"","",7.9,1,"","","","","","","","","","","","","","","","","","","","",74,1,"","","","","","","","","","","","",7.3,1,"","","","","","","","","","","","","","","","","","","","","","","","","","","","","","","","","","","","","","","","","","","","","","","","","","","","","","","","","","","","","","","","","","","","","","","","","","","","","","","","","","","","","","","","","","","","","","","","","","","","","","","","","","","","","","","","","","","",""
"06163007","TENDE_SAPC",44.043167,7.586,636,2000111116,0.,1,"","","","","","","","","","","","","","","","","","","","","","","","","","","","","","","","","","",8.1,1,3.2,1,6.7,1,"","",8.1,1,"","","","","","","","","","","","","","","","","","","","",71,1,"","","","","","","","","","","","",7.7,1,"","","","","","","","","","","","","","","","","","","","","","","","","","","","","","","","","","","","","","","","","","","","","","","","","","","","","","","","","","","","","","","","","","","","","","","","","","","","","","","","","","","","","","","","","","","","","","","","","","","","","","","","","","","","","","","","","","","",""
"06163007","TENDE_SAPC",44.043167,7.586,636,2000111117,0.,1,"","","","","","","","","","","","","","","","","","","","","","","","","","","","","","","","","","",7.7,1,3.2,1,7.7,1,"","",8.1,1,"","","","","","","","","","","","","","","","","","","","",73,1,"","","","","","","","","","","","",7.7,1,"","","","","","","","","","","","","","","","","","","","","","","","","","","","","","","","","","","","","","","","","","","","","","","","","","","","","","","","","","","","","","","","","","","","","","","","","","","","","","","","","","","","","","","","","","","","","","","","","","","","","","","","","","","","","","","","","","","",""
"06163007","TENDE_SAPC",44.043167,7.586,636,2000111118,0.,1,"","","","","","","","","","","","","","","","","","","","","","","","","","","","","","","","","","",6.,1,2.8,1,6.,1,"","",7.6,1,"","","","","","","","","","","","","","","","","","","","",80,1,"","","","","","","","","","","","",7.5,1,"","","","","","","","","","","","","","","","","","","","","","","","","","","","","","","","","","","","","","","","","","","","","","","","","","","","","","","","","","","","","","","","","","","","","","","","","","","","","","","","","","","","","","","","","","","","","","","","","","","","","","","","","","","","","","","","","","","",""
"06163007","TENDE_SAPC",44.043167,7.586,636,2000111119,0.,1,"","","","","","","","","","","","","","","","","","","","","","","","","","","","","","","","","","",5.8,1,2.8,1,5.8,1,"","",6.,1,"","","","","","","","","","","","","","","","","","","","",81,1,"","","","","","","","","","","","",7.5,1,"","","","","","","","","","","","","","","","","","","","","","","","","","","","","","","","","","","","","","","","","","","","","","","","","","","","","","","","","","","","","","","","","","","","","","","","","","","","","","","","","","","","","","","","","","","","","","","","","","","","","","","","","","","","","","","","","","","",""
"06163007","TENDE_SAPC",44.043167,7.586,636,2000111120,0.,1,"","","","","","","","","","","","","","","","","","","","","","","","","","","","","","","","","","",5.,1,2.2,1,5.,1,"","",5.9,1,"","","","","","","","","","","","","","","","","","","","",82,1,"","","","","","","","","","","","",7.1,1,"","","","","","","","","","","","","","","","","","","","","","","","","","","","","","","","","","","","","","","","","","","","","","","","","","","","","","","","","","","","","","","","","","","","","","","","","","","","","","","","","","","","","","","","","","","","","","","","","","","","","","","","","","","","","","","","","","","",""
"06163007","TENDE_SAPC",44.043167,7.586,636,2000111121,0.,1,"","","","","","","","","","","","","","","","","","","","","","","","","","","","","","","","","","",4.6,1,2.1,1,4.6,1,"","",5.,1,"","","","","","","","","","","","","","","","","","","","",84,1,"","","","","","","","","","","","",7.1,1,"","","","","","","","","","","","","","","","","","","","","","","","","","","","","","","","","","","","","","","","","","","","","","","","","","","","","","","","","","","","","","","","","","","","","","","","","","","","","","","","","","","","","","","","","","","","","","","","","","","","","","","","","","","","","","","","","","","",""
"06163007","TENDE_SAPC",44.043167,7.586,636,2000111122,0.,1,"","","","","","","","","","","","","","","","","","","","","","","","","","","","","","","","","","",4.,1,1.4,1,4.,1,"","",4.6,1,"","","","","","","","","","","","","","","","","","","","",83,1,"","","","","","","","","","","","",6.7,1,"","","","","","","","","","","","","","","","","","","","","","","","","","","","","","","","","","","","","","","","","","","","","","","","","","","","","","","","","","","","","","","","","","","","","","","","","","","","","","","","","","","","","","","","","","","","","","","","","","","","","","","","","","","","","","","","","","","",""
"06163007","TENDE_SAPC",44.043167,7.586,636,2000111123,0.,1,"","","","","","","","","","","","","","","","","","","","","","","","","","","","","","","","","","",3.2,1,0.6,1,3.2,1,"","",4.1,1,"","","","","","","","","","","","","","","","","","","","",83,1,"","","","","","","","","","","","",6.4,1,"","","","","","","","","","","","","","","","","","","","","","","","","","","","","","","","","","","","","","","","","","","","","","","","","","","","","","","","","","","","","","","","","","","","","","","","","","","","","","","","","","","","","","","","","","","","","","","","","","","","","","","","","","","","","","","","","","","",""
"06163007","TENDE_SAPC",44.043167,7.586,636,2000111200,0.,1,"","","","","","","","","","","","","","","","","","","","","","","","","","","","","","","","","","",2.6,1,0.2,1,2.6,1,"","",3.2,1,"","","","","","","","","","","","","","","","","","","","",84,1,"","","","","","","","","","","","",6.2,1,"","","","","","","","","","","","","","","","","","","","","","","","","","","","","","","","","","","","","","","","","","","","","","","","","","","","","","","","","","","","","","","","","","","","","","","","","","","","","","","","","","","","","","","","","","","","","","","","","","","","","","","","","","","","","","","","","","","",""
"06163007","TENDE_SAPC",44.043167,7.586,636,2000111201,0.,1,"","","","","","","","","","","","","","","","","","","","","","","","","","","","","","","","","","",2.4,1,0.,1,2.3,1,"","",2.7,1,"","","","","","","","","","","","","","","","","","","","",84,1,"","","","","","","","","","","","",6.1,1,"","","","","","","","","","","","","","","","","","","","","","","","","","","","","","","","","","","","","","","","","","","","","","","","","","","","","","","","","","","","","","","","","","","","","","","","","","","","","","","","","","","","","","","","","","","","","","","","","","","","","","","","","","","","","","","","","","","",""
"06163007","TENDE_SAPC",44.043167,7.586,636,2000111202,0.,1,"","","","","","","","","","","","","","","","","","","","","","","","","","","","","","","","","","",2.1,1,-0.3,1,2.1,1,"","",2.4,1,"","","","","","","","","","","","","","","","","","","","",84,1,"","","","","","","","","","","","",6.,1,"","","","","","","","","","","","","","","","","","","","","","","","","","","","","","","","","","","","","","","","","","","","","","","","","","","","","","","","","","","","","","","","","","","","","","","","","","","","","","","","","","","","","","","","","","","","","","","","","","","","","","","","","","","","","","","","","","","",""
"06163007","TENDE_SAPC",44.043167,7.586,636,2000111203,0.,1,"","","","","","","","","","","","","","","","","","","","","","","","","","","","","","","","","","",2.,1,-0.6,1,1.9,1,"","",2.3,1,"","","","","","","","","","","","","","","","","","","","",83,1,"","","","","","","","","","","","",5.9,1,"","","","","","","","","","","","","","","","","","","","","","","","","","","","","","","","","","","","","","","","","","","","","","","","","","","","","","","","","","","","","","","","","","","","","","","","","","","","","","","","","","","","","","","","","","","","","","","","","","","","","","","","","","","","","","","","","","","",""
"06163007","TENDE_SAPC",44.043167,7.586,636,2000111204,0.,1,"","","","","","","","","","","","","","","","","","","","","","","","","","","","","","","","","","",2.3,1,-0.6,1,2.,1,"","",2.3,1,"","","","","","","","","","","","","","","","","","","","",81,1,"","","","","","","","","","","","",5.8,1,"","","","","","","","","","","","","","","","","","","","","","","","","","","","","","","","","","","","","","","","","","","","","","","","","","","","","","","","","","","","","","","","","","","","","","","","","","","","","","","","","","","","","","","","","","","","","","","","","","","","","","","","","","","","","","","","","","","",""
"06163007","TENDE_SAPC",44.043167,7.586,636,2000111205,0.,1,"","","","","","","","","","","","","","","","","","","","","","","","","","","","","","","","","","",2.7,1,-0.4,1,2.3,1,"","",2.7,1,"","","","","","","","","","","","","","","","","","","","",80,1,"","","","","","","","","","","","",5.9,1,"","","","","","","","","","","","","","","","","","","","","","","","","","","","","","","","","","","","","","","","","","","","","","","","","","","","","","","","","","","","","","","","","","","","","","","","","","","","","","","","","","","","","","","","","","","","","","","","","","","","","","","","","","","","","","","","","","","",""
"06163007","TENDE_SAPC",44.043167,7.586,636,2000111206,0.,1,"","","","","","","","","","","","","","","","","","","","","","","","","","","","","","","","","","",3.1,1,-0.2,1,2.7,1,"","",3.1,1,"","","","","","","","","","","","","","","","","","","","",79,1,"","","","","","","","","","","","",6.,1,"","","","","","","","","","","","","","","","","","","","","","","","","","","","","","","","","","","","","","","","","","","","","","","","","","","","","","","","","","","","","","","","","","","","","","","","","","","","","","","","","","","","","","","","","","","","","","","","","","","","","","","","","","","","","","","","","","","",""
"06163007","TENDE_SAPC",44.043167,7.586,636,2000111207,0.,1,"","","","","","","","","","","","","","","","","","","","","","","","","","","","","","","","","","",3.1,1,-0.4,1,2.9,1,"","",3.3,1,"","","","","","","","","","","","","","","","","","","","",78,1,"","","","","","","","","","","","",6.,1,"","","","","","","","","","","","","","","","","","","","","","","","","","","","","","","","","","","","","","","","","","","","","","","","","","","","","","","","","","","","","","","","","","","","","","","","","","","","","","","","","","","","","","","","","","","","","","","","","","","","","","","","","","","","","","","","","","","",""
"06163007","TENDE_SAPC",44.043167,7.586,636,2000111208,0.,1,"","","","","","","","","","","","","","","","","","","","","","","","","","","","","","","","","","",4.2,1,-0.4,1,3.2,1,"","",4.2,1,"","","","","","","","","","","","","","","","","","","","",72,1,"","","","","","","","","","","","",5.9,1,"","","","","","","","","","","","","","","","","","","","","","","","","","","","","","","","","","","","","","","","","","","","","","","","","","","","","","","","","","","","","","","","","","","","","","","","","","","","","","","","","","","","","","","","","","","","","","","","","","","","","","","","","","","","","","","","","","","",""
"06163007","TENDE_SAPC",44.043167,7.586,636,2000111209,0.,1,"","","","","","","","","","","","","","","","","","","","","","","","","","","","","","","","","","",5.5,1,0.3,1,4.3,1,"","",5.5,1,"","","","","","","","","","","","","","","","","","","","",69,1,"","","","","","","","","","","","",6.2,1,"","","","","","","","","","","","","","","","","","","","","","","","","","","","","","","","","","","","","","","","","","","","","","","","","","","","","","","","","","","","","","","","","","","","","","","","","","","","","","","","","","","","","","","","","","","","","","","","","","","","","","","","","","","","","","","","","","","",""
"06163007","TENDE_SAPC",44.043167,7.586,636,2000111210,0.,1,"","","","","","","","","","","","","","","","","","","","","","","","","","","","","","","","","","",6.8,1,0.9,1,5.5,1,"","",6.8,1,"","","","","","","","","","","","","","","","","","","","",66,1,"","","","","","","","","","","","",6.5,1,"","","","","","","","","","","","","","","","","","","","","","","","","","","","","","","","","","","","","","","","","","","","","","","","","","","","","","","","","","","","","","","","","","","","","","","","","","","","","","","","","","","","","","","","","","","","","","","","","","","","","","","","","","","","","","","","","","","",""
"06163007","TENDE_SAPC",44.043167,7.586,636,2000111211,0.,1,"","","","","","","","","","","","","","","","","","","","","","","","","","","","","","","","","","",7.5,1,1.8,1,6.8,1,"","",7.5,1,"","","","","","","","","","","","","","","","","","","","",67,1,"","","","","","","","","","","","",6.9,1,"","","","","","","","","","","","","","","","","","","","","","","","","","","","","","","","","","","","","","","","","","","","","","","","","","","","","","","","","","","","","","","","","","","","","","","","","","","","","","","","","","","","","","","","","","","","","","","","","","","","","","","","","","","","","","","","","","","",""
"06163007","TENDE_SAPC",44.043167,7.586,636,2000111212,0.,1,"","","","","","","","","","","","","","","","","","","","","","","","","","","","","","","","","","",7.5,1,2.8,1,7.5,1,"","",7.7,1,"","","","","","","","","","","","","","","","","","","","",72,1,"","","","","","","","","","","","",7.5,1,"","","","","","","","","","","","","","","","","","","","","","","","","","","","","","","","","","","","","","","","","","","","","","","","","","","","","","","","","","","","","","","","","","","","","","","","","","","","","","","","","","","","","","","","","","","","","","","","","","","","","","","","","","","","","","","","","","","",""
"06163007","TENDE_SAPC",44.043167,7.586,636,2000111213,0.,1,"","","","","","","","","","","","","","","","","","","","","","","","","","","","","","","","","","",7.1,1,3.5,1,7.1,1,"","",7.5,1,"","","","","","","","","","","","","","","","","","","","",78,1,"","","","","","","","","","","","",7.9,1,"","","","","","","","","","","","","","","","","","","","","","","","","","","","","","","","","","","","","","","","","","","","","","","","","","","","","","","","","","","","","","","","","","","","","","","","","","","","","","","","","","","","","","","","","","","","","","","","","","","","","","","","","","","","","","","","","","","",""
"06163007","TENDE_SAPC",44.043167,7.586,636,2000111214,0.,1,"","","","","","","","","","","","","","","","","","","","","","","","","","","","","","","","","","",6.8,1,3.6,1,6.8,1,"","",7.,1,"","","","","","","","","","","","","","","","","","","","",80,1,"","","","","","","","","","","","",7.9,1,"","","","","","","","","","","","","","","","","","","","","","","","","","","","","","","","","","","","","","","","","","","","","","","","","","","","","","","","","","","","","","","","","","","","","","","","","","","","","","","","","","","","","","","","","","","","","","","","","","","","","","","","","","","","","","","","","","","",""
"06163007","TENDE_SAPC",44.043167,7.586,636,2000111215,0.,1,"","","","","","","","","","","","","","","","","","","","","","","","","","","","","","","","","","",7.1,1,3.,1,6.8,1,"","",7.1,1,"","","","","","","","","","","","","","","","","","","","",75,1,"","","","","","","","","","","","",7.6,1,"","","","","","","","","","","","","","","","","","","","","","","","","","","","","","","","","","","","","","","","","","","","","","","","","","","","","","","","","","","","","","","","","","","","","","","","","","","","","","","","","","","","","","","","","","","","","","","","","","","","","","","","","","","","","","","","","","","",""
"06163007","TENDE_SAPC",44.043167,7.586,636,2000111216,0.,1,"","","","","","","","","","","","","","","","","","","","","","","","","","","","","","","","","","",7.1,1,3.3,1,7.1,1,"","",7.3,1,"","","","","","","","","","","","","","","","","","","","",77,1,"","","","","","","","","","","","",7.8,1,"","","","","","","","","","","","","","","","","","","","","","","","","","","","","","","","","","","","","","","","","","","","","","","","","","","","","","","","","","","","","","","","","","","","","","","","","","","","","","","","","","","","","","","","","","","","","","","","","","","","","","","","","","","","","","","","","","","",""
"06163007","TENDE_SAPC",44.043167,7.586,636,2000111217,0.,1,"","","","","","","","","","","","","","","","","","","","","","","","","","","","","","","","","","",6.7,1,3.8,1,6.7,1,"","",7.1,1,"","","","","","","","","","","","","","","","","","","","",82,1,"","","","","","","","","","","","",8.,1,"","","","","","","","","","","","","","","","","","","","","","","","","","","","","","","","","","","","","","","","","","","","","","","","","","","","","","","","","","","","","","","","","","","","","","","","","","","","","","","","","","","","","","","","","","","","","","","","","","","","","","","","","","","","","","","","","","","",""
"06163007","TENDE_SAPC",44.043167,7.586,636,2000111218,0.,1,"","","","","","","","","","","","","","","","","","","","","","","","","","","","","","","","","","",6.5,1,4.,1,6.5,1,"","",6.7,1,"","","","","","","","","","","","","","","","","","","","",84,1,"","","","","","","","","","","","",8.1,1,"","","","","","","","","","","","","","","","","","","","","","","","","","","","","","","","","","","","","","","","","","","","","","","","","","","","","","","","","","","","","","","","","","","","","","","","","","","","","","","","","","","","","","","","","","","","","","","","","","","","","","","","","","","","","","","","","","","",""
"06163007","TENDE_SAPC",44.043167,7.586,636,2000111219,0.,1,"","","","","","","","","","","","","","","","","","","","","","","","","","","","","","","","","","",6.6,1,4.1,1,6.5,1,"","",6.6,1,"","","","","","","","","","","","","","","","","","","","",84,1,"","","","","","","","","","","","",8.2,1,"","","","","","","","","","","","","","","","","","","","","","","","","","","","","","","","","","","","","","","","","","","","","","","","","","","","","","","","","","","","","","","","","","","","","","","","","","","","","","","","","","","","","","","","","","","","","","","","","","","","","","","","","","","","","","","","","","","",""
"06163007","TENDE_SAPC",44.043167,7.586,636,2000111220,0.2,1,"","","","","","","","","","","","","","","","","","","","","","","","","","","","","","","","","","",6.6,1,4.3,1,6.5,1,"","",6.6,1,"","","","","","","","","","","","","","","","","","","","",85,1,"","","","","","","","","","","","",8.3,1,"","","","","","","","","","","","","","","","","","","","","","","","","","","","","","","","","","","","","","","","","","","","","","","","","","","","","","","","","","","","","","","","","","","","","","","","","","","","","","","","","","","","","","","","","","","","","","","","","","","","","","","","","","","","","","","","","","","",""
"06163007","TENDE_SAPC",44.043167,7.586,636,2000111221,0.2,1,"","","","","","","","","","","","","","","","","","","","","","","","","","","","","","","","","","",6.7,1,4.5,1,6.6,1,"","",6.7,1,"","","","","","","","","","","","","","","","","","","","",86,1,"","","","","","","","","","","","",8.4,1,"","","","","","","","","","","","","","","","","","","","","","","","","","","","","","","","","","","","","","","","","","","","","","","","","","","","","","","","","","","","","","","","","","","","","","","","","","","","","","","","","","","","","","","","","","","","","","","","","","","","","","","","","","","","","","","","","","","",""
"06163007","TENDE_SAPC",44.043167,7.586,636,2000112714,"","","","","","","","","","","","","","","","","","","","","","","","","","","","","","","","","","","","",7.4,1,-1.3,1,"","","","","","","","","","","","","","","","","","","","","","","","","","",54,1,"","","","","","","","","","","","",5.6,1,"","","","","","","","","","","","","","","","","","","","","","","","","","","","","","","","","","","","","","","","","","","","","","","","","","","","","","","","","","","","","","","","","","","","","","","","","","","","","","","","","","","","","","","","","","","","","","","","","","","","","","","","","","","","","","","","","","","",""
"06163007","TENDE_SAPC",44.043167,7.586,636,2000112715,0.,1,"","","","","","","","","","","","","","","","","","","","","","","","","","","","","","","","","","",5.6,1,-0.3,1,5.6,1,"","",7.4,1,"","","","","","","","","","","","","","","","","","","","",66,1,"","","","","","","","","","","","",6.,1,"","","","","","","","","","","","","","","","","","","","","","","","","","","","","","","","","","","","","","","","","","","","","","","","","","","","","","","","","","","","","","","","","","","","","","","","","","","","","","","","","","","","","","","","","","","","","","","","","","","","","","","","","","","","","","","","","","","",""
"06163007","TENDE_SAPC",44.043167,7.586,636,2000112716,0.,1,"","","","","","","","","","","","","","","","","","","","","","","","","","","","","","","","","","",4.3,1,-0.7,1,4.3,1,"","",5.6,1,"","","","","","","","","","","","","","","","","","","","",70,1,"","","","","","","","","","","","",5.8,1,"","","","","","","","","","","","","","","","","","","","","","","","","","","","","","","","","","","","","","","","","","","","","","","","","","","","","","","","","","","","","","","","","","","","","","","","","","","","","","","","","","","","","","","","","","","","","","","","","","","","","","","","","","","","","","","","","","","",""
"06163007","TENDE_SAPC",44.043167,7.586,636,2000112717,0.,1,"","","","","","","","","","","","","","","","","","","","","","","","","","","","","","","","","","",3.3,1,-0.9,1,3.3,1,"","",4.3,1,"","","","","","","","","","","","","","","","","","","","",74,1,"","","","","","","","","","","","",5.7,1,"","","","","","","","","","","","","","","","","","","","","","","","","","","","","","","","","","","","","","","","","","","","","","","","","","","","","","","","","","","","","","","","","","","","","","","","","","","","","","","","","","","","","","","","","","","","","","","","","","","","","","","","","","","","","","","","","","","",""
"06163007","TENDE_SAPC",44.043167,7.586,636,2000112718,0.,1,"","","","","","","","","","","","","","","","","","","","","","","","","","","","","","","","","","",2.8,1,-1.2,1,2.8,1,"","",3.3,1,"","","","","","","","","","","","","","","","","","","","",75,1,"","","","","","","","","","","","",5.6,1,"","","","","","","","","","","","","","","","","","","","","","","","","","","","","","","","","","","","","","","","","","","","","","","","","","","","","","","","","","","","","","","","","","","","","","","","","","","","","","","","","","","","","","","","","","","","","","","","","","","","","","","","","","","","","","","","","","","",""
"06163007","TENDE_SAPC",44.043167,7.586,636,2000112719,0.,1,"","","","","","","","","","","","","","","","","","","","","","","","","","","","","","","","","","",2.7,1,-1.5,1,2.6,1,"","",2.8,1,"","","","","","","","","","","","","","","","","","","","",74,1,"","","","","","","","","","","","",5.5,1,"","","","","","","","","","","","","","","","","","","","","","","","","","","","","","","","","","","","","","","","","","","","","","","","","","","","","","","","","","","","","","","","","","","","","","","","","","","","","","","","","","","","","","","","","","","","","","","","","","","","","","","","","","","","","","","","","","","",""
"06163007","TENDE_SAPC",44.043167,7.586,636,2000112720,0.,1,"","","","","","","","","","","","","","","","","","","","","","","","","","","","","","","","","","",2.3,1,-1.7,1,2.2,1,"","",2.7,1,"","","","","","","","","","","","","","","","","","","","",75,1,"","","","","","","","","","","","",5.4,1,"","","","","","","","","","","","","","","","","","","","","","","","","","","","","","","","","","","","","","","","","","","","","","","","","","","","","","","","","","","","","","","","","","","","","","","","","","","","","","","","","","","","","","","","","","","","","","","","","","","","","","","","","","","","","","","","","","","",""
"06163007","TENDE_SAPC",44.043167,7.586,636,2000112721,0.,1,"","","","","","","","","","","","","","","","","","","","","","","","","","","","","","","","","","",2.3,1,-1.9,1,2.1,1,"","",2.5,1,"","","","","","","","","","","","","","","","","","","","",74,1,"","","","","","","","","","","","",5.3,1,"","","","","","","","","","","","","","","","","","","","","","","","","","","","","","","","","","","","","","","","","","","","","","","","","","","","","","","","","","","","","","","","","","","","","","","","","","","","","","","","","","","","","","","","","","","","","","","","","","","","","","","","","","","","","","","","","","","",""
"06163007","TENDE_SAPC",44.043167,7.586,636,2000112722,0.,1,"","","","","","","","","","","","","","","","","","","","","","","","","","","","","","","","","","",2.,1,-2.,1,2.,1,"","",2.4,1,"","","","","","","","","","","","","","","","","","","","",75,1,"","","","","","","","","","","","",5.3,1,"","","","","","","","","","","","","","","","","","","","","","","","","","","","","","","","","","","","","","","","","","","","","","","","","","","","","","","","","","","","","","","","","","","","","","","","","","","","","","","","","","","","","","","","","","","","","","","","","","","","","","","","","","","","","","","","","","","",""
"06163007","TENDE_SAPC",44.043167,7.586,636,2000112723,0.,1,"","","","","","","","","","","","","","","","","","","","","","","","","","","","","","","","","","",2.,1,-2.,1,1.9,1,"","",2.1,1,"","","","","","","","","","","","","","","","","","","","",75,1,"","","","","","","","","","","","",5.3,1,"","","","","","","","","","","","","","","","","","","","","","","","","","","","","","","","","","","","","","","","","","","","","","","","","","","","","","","","","","","","","","","","","","","","","","","","","","","","","","","","","","","","","","","","","","","","","","","","","","","","","","","","","","","","","","","","","","","",""
"06163007","TENDE_SAPC",44.043167,7.586,636,2000112800,0.,1,"","","","","","","","","","","","","","","","","","","","","","","","","","","","","","","","","","",2.,1,-1.6,1,"","","","",2.1,1,"","","","","","","","","","","","","","","","","","","","",77,1,"","","","","","","","","","","","",5.4,1,"","","","","","","","","","","","","","","","","","","","","","","","","","","","","","","","","","","","","","","","","","","","","","","","","","","","","","","","","","","","","","","","","","","","","","","","","","","","","","","","","","","","","","","","","","","","","","","","","","","","","","","","","","","","","","","","","","","",""
"06163007","TENDE_SAPC",44.043167,7.586,636,2000112907,0.,1,"","","","","","","","","","","","","","","","","","","","","","","","","","","","","","","","","","",2.,1,-0.9,1,"","","","","","","","","","","","","","","","","","","","","","","","","","",81,1,"","","","","","","","","","","","",5.7,1,"","","","","","","","","","","","","","","","","","","","","","","","","","","","","","","","","","","","","","","","","","","","","","","","","","","","","","","","","","","","","","","","","","","","","","","","","","","","","","","","","","","","","","","","","","","","","","","","","","","","","","","","","","","","","","","","","","","",""
"06163007","TENDE_SAPC",44.043167,7.586,636,2000112908,0.,1,"","","","","","","","","","","","","","","","","","","","","","","","","","","","","","","","","","",2.,1,-1.3,1,"","","","","","","","","","","","","","","","","","","","","","","","","","",79,1,"","","","","","","","","","","","",5.6,1,"","","","","","","","","","","","","","","","","","","","","","","","","","","","","","","","","","","","","","","","","","","","","","","","","","","","","","","","","","","","","","","","","","","","","","","","","","","","","","","","","","","","","","","","","","","","","","","","","","","","","","","","","","","","","","","","","","","",""
"06163007","TENDE_SAPC",44.043167,7.586,636,2000112909,0.,1,"","","","","","","","","","","","","","","","","","","","","","","","","","","","","","","","","","",3.1,1,-0.7,1,"","","","",3.1,1,"","","","","","","","","","","","","","","","","","","","",76,1,"","","","","","","","","","","","",5.8,1,"","","","","","","","","","","","","","","","","","","","","","","","","","","","","","","","","","","","","","","","","","","","","","","","","","","","","","","","","","","","","","","","","","","","","","","","","","","","","","","","","","","","","","","","","","","","","","","","","","","","","","","","","","","","","","","","","","","",""
"06163007","TENDE_SAPC",44.043167,7.586,636,2000112910,0.,1,"","","","","","","","","","","","","","","","","","","","","","","","","","","","","","","","","","",5.2,1,0.4,1,3.1,1,"","",5.2,1,"","","","","","","","","","","","","","","","","","","","",71,1,"","","","","","","","","","","","",6.3,1,"","","","","","","","","","","","","","","","","","","","","","","","","","","","","","","","","","","","","","","","","","","","","","","","","","","","","","","","","","","","","","","","","","","","","","","","","","","","","","","","","","","","","","","","","","","","","","","","","","","","","","","","","","","","","","","","","","","",""
"06163007","TENDE_SAPC",44.043167,7.586,636,2000112911,0.,1,"","","","","","","","","","","","","","","","","","","","","","","","","","","","","","","","","","",8.4,1,-0.4,1,5.3,1,"","",8.4,1,"","","","","","","","","","","","","","","","","","","","",54,1,"","","","","","","","","","","","",5.9,1,"","","","","","","","","","","","","","","","","","","","","","","","","","","","","","","","","","","","","","","","","","","","","","","","","","","","","","","","","","","","","","","","","","","","","","","","","","","","","","","","","","","","","","","","","","","","","","","","","","","","","","","","","","","","","","","","","","","",""
"06163007","TENDE_SAPC",44.043167,7.586,636,2000112912,0.,1,"","","","","","","","","","","","","","","","","","","","","","","","","","","","","","","","","","",9.5,1,0.9,1,8.4,1,"","",10.1,1,"","","","","","","","","","","","","","","","","","","","",55,1,"","","","","","","","","","","","",6.5,1,"","","","","","","","","","","","","","","","","","","","","","","","","","","","","","","","","","","","","","","","","","","","","","","","","","","","","","","","","","","","","","","","","","","","","","","","","","","","","","","","","","","","","","","","","","","","","","","","","","","","","","","","","","","","","","","","","","","",""
"06163007","TENDE_SAPC",44.043167,7.586,636,2000112913,0.,1,"","","","","","","","","","","","","","","","","","","","","","","","","","","","","","","","","","",10.2,1,2.8,1,9.4,1,"","",10.4,1,"","","","","","","","","","","","","","","","","","","","",60,1,"","","","","","","","","","","","",7.5,1,"","","","","","","","","","","","","","","","","","","","","","","","","","","","","","","","","","","","","","","","","","","","","","","","","","","","","","","","","","","","","","","","","","","","","","","","","","","","","","","","","","","","","","","","","","","","","","","","","","","","","","","","","","","","","","","","","","","",""
"06163007","TENDE_SAPC",44.043167,7.586,636,2000112914,0.,1,"","","","","","","","","","","","","","","","","","","","","","","","","","","","","","","","","","",9.7,1,3.4,1,9.7,1,"","",10.2,1,"","","","","","","","","","","","","","","","","","","","",65,1,"","","","","","","","","","","","",7.8,1,"","","","","","","","","","","","","","","","","","","","","","","","","","","","","","","","","","","","","","","","","","","","","","","","","","","","","","","","","","","","","","","","","","","","","","","","","","","","","","","","","","","","","","","","","","","","","","","","","","","","","","","","","","","","","","","","","","","",""
"06163007","TENDE_SAPC",44.043167,7.586,636,2000112915,0.,1,"","","","","","","","","","","","","","","","","","","","","","","","","","","","","","","","","","",8.8,1,4.4,1,8.8,1,"","",9.7,1,"","","","","","","","","","","","","","","","","","","","",74,1,"","","","","","","","","","","","",8.4,1,"","","","","","","","","","","","","","","","","","","","","","","","","","","","","","","","","","","","","","","","","","","","","","","","","","","","","","","","","","","","","","","","","","","","","","","","","","","","","","","","","","","","","","","","","","","","","","","","","","","","","","","","","","","","","","","","","","","",""
"06163007","TENDE_SAPC",44.043167,7.586,636,2000113007,0.,1,"","","","","","","","","","","","","","","","","","","","","","","","","","","","","","","","","","",4.1,1,1.,1,"","","","",4.2,1,"","","","","","","","","","","","","","","","","","","","",80,1,"","","","","","","","","","","","",6.5,1,"","","","","","","","","","","","","","","","","","","","","","","","","","","","","","","","","","","","","","","","","","","","","","","","","","","","","","","","","","","","","","","","","","","","","","","","","","","","","","","","","","","","","","","","","","","","","","","","","","","","","","","","","","","","","","","","","","","",""
"06163007","TENDE_SAPC",44.043167,7.586,636,2000113008,0.,1,"","","","","","","","","","","","","","","","","","","","","","","","","","","","","","","","","","",4.7,1,1.5,1,4.,1,"","",4.8,1,"","","","","","","","","","","","","","","","","","","","",80,1,"","","","","","","","","","","","",6.8,1,"","","","","","","","","","","","","","","","","","","","","","","","","","","","","","","","","","","","","","","","","","","","","","","","","","","","","","","","","","","","","","","","","","","","","","","","","","","","","","","","","","","","","","","","","","","","","","","","","","","","","","","","","","","","","","","","","","","",""
"06163007","TENDE_SAPC",44.043167,7.586,636,2000113009,0.,1,"","","","","","","","","","","","","","","","","","","","","","","","","","","","","","","","","","",6.2,1,2.5,1,4.8,1,"","",6.2,1,"","","","","","","","","","","","","","","","","","","","",77,1,"","","","","","","","","","","","",7.3,1,"","","","","","","","","","","","","","","","","","","","","","","","","","","","","","","","","","","","","","","","","","","","","","","","","","","","","","","","","","","","","","","","","","","","","","","","","","","","","","","","","","","","","","","","","","","","","","","","","","","","","","","","","","","","","","","","","","","",""
"06163007","TENDE_SAPC",44.043167,7.586,636,2000113010,0.,1,"","","","","","","","","","","","","","","","","","","","","","","","","","","","","","","","","","",6.5,1,3.1,1,5.9,1,"","",6.5,1,"","","","","","","","","","","","","","","","","","","","",79,1,"","","","","","","","","","","","",7.6,1,"","","","","","","","","","","","","","","","","","","","","","","","","","","","","","","","","","","","","","","","","","","","","","","","","","","","","","","","","","","","","","","","","","","","","","","","","","","","","","","","","","","","","","","","","","","","","","","","","","","","","","","","","","","","","","","","","","","",""
"06163007","TENDE_SAPC",44.043167,7.586,636,2000113011,0.,1,"","","","","","","","","","","","","","","","","","","","","","","","","","","","","","","","","","",12.2,1,2.1,1,6.6,1,"","",12.2,1,"","","","","","","","","","","","","","","","","","","","",50,1,"","","","","","","","","","","","",7.1,1,"","","","","","","","","","","","","","","","","","","","","","","","","","","","","","","","","","","","","","","","","","","","","","","","","","","","","","","","","","","","","","","","","","","","","","","","","","","","","","","","","","","","","","","","","","","","","","","","","","","","","","","","","","","","","","","","","","","",""
"06163007","TENDE_SAPC",44.043167,7.586,636,2000113012,0.,1,"","","","","","","","","","","","","","","","","","","","","","","","","","","","","","","","","","",11.9,1,1.8,1,11.9,1,"","",12.8,1,"","","","","","","","","","","","","","","","","","","","",50,1,"","","","","","","","","","","","",7.,1,"","","","","","","","","","","","","","","","","","","","","","","","","","","","","","","","","","","","","","","","","","","","","","","","","","","","","","","","","","","","","","","","","","","","","","","","","","","","","","","","","","","","","","","","","","","","","","","","","","","","","","","","","","","","","","","","","","","",""
"06163007","TENDE_SAPC",44.043167,7.586,636,2000113013,0.,1,"","","","","","","","","","","","","","","","","","","","","","","","","","","","","","","","","","",12.1,1,2.3,1,11.8,1,"","",13.2,1,"","","","","","","","","","","","","","","","","","","","",51,1,"","","","","","","","","","","","",7.2,1,"","","","","","","","","","","","","","","","","","","","","","","","","","","","","","","","","","","","","","","","","","","","","","","","","","","","","","","","","","","","","","","","","","","","","","","","","","","","","","","","","","","","","","","","","","","","","","","","","","","","","","","","","","","","","","","","","","","",""
"06163007","TENDE_SAPC",44.043167,7.586,636,2000113014,0.,1,"","","","","","","","","","","","","","","","","","","","","","","","","","","","","","","","","","",11.7,1,2.7,1,11.7,1,"","",12.1,1,"","","","","","","","","","","","","","","","","","","","",54,1,"","","","","","","","","","","","",7.4,1,"","","","","","","","","","","","","","","","","","","","","","","","","","","","","","","","","","","","","","","","","","","","","","","","","","","","","","","","","","","","","","","","","","","","","","","","","","","","","","","","","","","","","","","","","","","","","","","","","","","","","","","","","","","","","","","","","","","",""
"06163007","TENDE_SAPC",44.043167,7.586,636,2000113015,0.,1,"","","","","","","","","","","","","","","","","","","","","","","","","","","","","","","","","","",10.6,1,4.3,1,10.6,1,"","",11.7,1,"","","","","","","","","","","","","","","","","","","","",65,1,"","","","","","","","","","","","",8.3,1,"","","","","","","","","","","","","","","","","","","","","","","","","","","","","","","","","","","","","","","","","","","","","","","","","","","","","","","","","","","","","","","","","","","","","","","","","","","","","","","","","","","","","","","","","","","","","","","","","","","","","","","","","","","","","","","","","","","",""
"06163007","TENDE_SAPC",44.043167,7.586,636,2000113016,0.,1,"","","","","","","","","","","","","","","","","","","","","","","","","","","","","","","","","","",7.6,1,3.6,1,7.6,1,"","",10.5,1,"","","","","","","","","","","","","","","","","","","","",76,1,"","","","","","","","","","","","",7.9,1,"","","","","","","","","","","","","","","","","","","","","","","","","","","","","","","","","","","","","","","","","","","","","","","","","","","","","","","","","","","","","","","","","","","","","","","","","","","","","","","","","","","","","","","","","","","","","","","","","","","","","","","","","","","","","","","","","","","",""
"06163007","TENDE_SAPC",44.043167,7.586,636,2000113017,0.,1,"","","","","","","","","","","","","","","","","","","","","","","","","","","","","","","","","","",5.9,1,2.9,1,5.9,1,"","",7.6,1,"","","","","","","","","","","","","","","","","","","","",81,1,"","","","","","","","","","","","",7.5,1,"","","","","","","","","","","","","","","","","","","","","","","","","","","","","","","","","","","","","","","","","","","","","","","","","","","","","","","","","","","","","","","","","","","","","","","","","","","","","","","","","","","","","","","","","","","","","","","","","","","","","","","","","","","","","","","","","","","",""
"06163007","TENDE_SAPC",44.043167,7.586,636,2000113018,0.,1,"","","","","","","","","","","","","","","","","","","","","","","","","","","","","","","","","","",5.7,1,2.7,1,5.7,1,"","",5.9,1,"","","","","","","","","","","","","","","","","","","","",81,1,"","","","","","","","","","","","",7.4,1,"","","","","","","","","","","","","","","","","","","","","","","","","","","","","","","","","","","","","","","","","","","","","","","","","","","","","","","","","","","","","","","","","","","","","","","","","","","","","","","","","","","","","","","","","","","","","","","","","","","","","","","","","","","","","","","","","","","",""
"06163007","TENDE_SAPC",44.043167,7.586,636,2000121411,"","","","","","","","","","","","","","","","","","","","","","","","","","","","","","","","","","","","",10.4,1,2.2,1,"","","","","","","","","","","","","","","","","","","","","","","","","","",57,1,"","","","","","","","","","","","",7.2,1,"","","","","","","","","","","","","","","","","","","","","","","","","","","","","","","","","","","","","","","","","","","","","","","","","","","","","","","","","","","","","","","","","","","","","","","","","","","","","","","","","","","","","","","","","","","","","","","","","","","","","","","","","","","","","","","","","","","",""
"06163007","TENDE_SAPC",44.043167,7.586,636,2000121412,0.,1,"","","","","","","","","","","","","","","","","","","","","","","","","","","","","","","","","","",11.8,1,1.4,1,10.1,1,"","",11.8,1,"","","","","","","","","","","","","","","","","","","","",49,1,"","","","","","","","","","","","",6.8,1,"","","","","","","","","","","","","","","","","","","","","","","","","","","","","","","","","","","","","","","","","","","","","","","","","","","","","","","","","","","","","","","","","","","","","","","","","","","","","","","","","","","","","","","","","","","","","","","","","","","","","","","","","","","","","","","","","","","",""
"06163007","TENDE_SAPC",44.043167,7.586,636,2000121413,0.,1,"","","","","","","","","","","","","","","","","","","","","","","","","","","","","","","","","","",11.5,1,1.1,1,11.5,1,"","",12.9,1,"","","","","","","","","","","","","","","","","","","","",49,1,"","","","","","","","","","","","",6.6,1,"","","","","","","","","","","","","","","","","","","","","","","","","","","","","","","","","","","","","","","","","","","","","","","","","","","","","","","","","","","","","","","","","","","","","","","","","","","","","","","","","","","","","","","","","","","","","","","","","","","","","","","","","","","","","","","","","","","",""
"06163007","TENDE_SAPC",44.043167,7.586,636,2000121414,0.,1,"","","","","","","","","","","","","","","","","","","","","","","","","","","","","","","","","","",10.7,1,2.3,1,10.7,1,"","",11.4,1,"","","","","","","","","","","","","","","","","","","","",56,1,"","","","","","","","","","","","",7.2,1,"","","","","","","","","","","","","","","","","","","","","","","","","","","","","","","","","","","","","","","","","","","","","","","","","","","","","","","","","","","","","","","","","","","","","","","","","","","","","","","","","","","","","","","","","","","","","","","","","","","","","","","","","","","","","","","","","","","",""
"06163007","TENDE_SAPC",44.043167,7.586,636,2000121415,0.,1,"","","","","","","","","","","","","","","","","","","","","","","","","","","","","","","","","","",9.9,1,1.5,1,9.7,1,"","",10.7,1,"","","","","","","","","","","","","","","","","","","","",56,1,"","","","","","","","","","","","",6.8,1,"","","","","","","","","","","","","","","","","","","","","","","","","","","","","","","","","","","","","","","","","","","","","","","","","","","","","","","","","","","","","","","","","","","","","","","","","","","","","","","","","","","","","","","","","","","","","","","","","","","","","","","","","","","","","","","","","","","",""
"06163007","TENDE_SAPC",44.043167,7.586,636,2000121416,0.,1,"","","","","","","","","","","","","","","","","","","","","","","","","","","","","","","","","","",8.8,1,2.1,1,8.7,1,"","",9.8,1,"","","","","","","","","","","","","","","","","","","","",63,1,"","","","","","","","","","","","",7.1,1,"","","","","","","","","","","","","","","","","","","","","","","","","","","","","","","","","","","","","","","","","","","","","","","","","","","","","","","","","","","","","","","","","","","","","","","","","","","","","","","","","","","","","","","","","","","","","","","","","","","","","","","","","","","","","","","","","","","",""
"06163007","TENDE_SAPC",44.043167,7.586,636,2000121417,0.,1,"","","","","","","","","","","","","","","","","","","","","","","","","","","","","","","","","","",7.7,1,2.2,1,7.7,1,"","",9.2,1,"","","","","","","","","","","","","","","","","","","","",68,1,"","","","","","","","","","","","",7.1,1,"","","","","","","","","","","","","","","","","","","","","","","","","","","","","","","","","","","","","","","","","","","","","","","","","","","","","","","","","","","","","","","","","","","","","","","","","","","","","","","","","","","","","","","","","","","","","","","","","","","","","","","","","","","","","","","","","","","",""
"06163007","TENDE_SAPC",44.043167,7.586,636,2000121418,0.,1,"","","","","","","","","","","","","","","","","","","","","","","","","","","","","","","","","","",8.7,1,2.5,1,7.1,1,"","",8.8,1,"","","","","","","","","","","","","","","","","","","","",65,1,"","","","","","","","","","","","",7.3,1,"","","","","","","","","","","","","","","","","","","","","","","","","","","","","","","","","","","","","","","","","","","","","","","","","","","","","","","","","","","","","","","","","","","","","","","","","","","","","","","","","","","","","","","","","","","","","","","","","","","","","","","","","","","","","","","","","","","",""
"06163007","TENDE_SAPC",44.043167,7.586,636,2000121419,0.,1,"","","","","","","","","","","","","","","","","","","","","","","","","","","","","","","","","","",8.,1,2.9,1,8.,1,"","",9.2,1,"","","","","","","","","","","","","","","","","","","","",70,1,"","","","","","","","","","","","",7.5,1,"","","","","","","","","","","","","","","","","","","","","","","","","","","","","","","","","","","","","","","","","","","","","","","","","","","","","","","","","","","","","","","","","","","","","","","","","","","","","","","","","","","","","","","","","","","","","","","","","","","","","","","","","","","","","","","","","","","",""
"06163007","TENDE_SAPC",44.043167,7.586,636,2000121420,0.,1,"","","","","","","","","","","","","","","","","","","","","","","","","","","","","","","","","","",5.1,1,1.4,1,5.1,1,"","",7.9,1,"","","","","","","","","","","","","","","","","","","","",77,1,"","","","","","","","","","","","",6.8,1,"","","","","","","","","","","","","","","","","","","","","","","","","","","","","","","","","","","","","","","","","","","","","","","","","","","","","","","","","","","","","","","","","","","","","","","","","","","","","","","","","","","","","","","","","","","","","","","","","","","","","","","","","","","","","","","","","","","",""
"06163007","TENDE_SAPC",44.043167,7.586,636,2000121421,0.,1,"","","","","","","","","","","","","","","","","","","","","","","","","","","","","","","","","","",4.,1,0.9,1,4.,1,"","",5.1,1,"","","","","","","","","","","","","","","","","","","","",80,1,"","","","","","","","","","","","",6.5,1,"","","","","","","","","","","","","","","","","","","","","","","","","","","","","","","","","","","","","","","","","","","","","","","","","","","","","","","","","","","","","","","","","","","","","","","","","","","","","","","","","","","","","","","","","","","","","","","","","","","","","","","","","","","","","","","","","","","",""
"06163007","TENDE_SAPC",44.043167,7.586,636,2000121422,0.,1,"","","","","","","","","","","","","","","","","","","","","","","","","","","","","","","","","","",3.3,1,0.5,1,3.3,1,"","",4.,1,"","","","","","","","","","","","","","","","","","","","",82,1,"","","","","","","","","","","","",6.3,1,"","","","","","","","","","","","","","","","","","","","","","","","","","","","","","","","","","","","","","","","","","","","","","","","","","","","","","","","","","","","","","","","","","","","","","","","","","","","","","","","","","","","","","","","","","","","","","","","","","","","","","","","","","","","","","","","","","","",""
"06163007","TENDE_SAPC",44.043167,7.586,636,2000121423,0.,1,"","","","","","","","","","","","","","","","","","","","","","","","","","","","","","","","","","",3.,1,0.2,1,3.,1,"","",3.4,1,"","","","","","","","","","","","","","","","","","","","",82,1,"","","","","","","","","","","","",6.2,1,"","","","","","","","","","","","","","","","","","","","","","","","","","","","","","","","","","","","","","","","","","","","","","","","","","","","","","","","","","","","","","","","","","","","","","","","","","","","","","","","","","","","","","","","","","","","","","","","","","","","","","","","","","","","","","","","","","","",""
"06163007","TENDE_SAPC",44.043167,7.586,636,2000121500,0.,1,"","","","","","","","","","","","","","","","","","","","","","","","","","","","","","","","","","",3.,1,0.4,1,2.9,1,"","",3.1,1,"","","","","","","","","","","","","","","","","","","","","","","","","","","","","","","","","","",6.3,1,"","","","","","","","","","","","","","","","","","","","","","","","","","","","","","","","","","","","","","","","","","","","","","","","","","","","","","","","","","","","","","","","","","","","","","","","","","","","","","","","","","","","","","","","","","","","","","","","","","","","","","","","","","","","","","","","","","","",""
"06163007","TENDE_SAPC",44.043167,7.586,636,2000121501,0.,1,"","","","","","","","","","","","","","","","","","","","","","","","","","","","","","","","","","",3.1,1,0.5,1,2.8,1,"","",3.1,1,"","","","","","","","","","","","","","","","","","","","",83,1,"","","","","","","","","","","","",6.3,1,"","","","","","","","","","","","","","","","","","","","","","","","","","","","","","","","","","","","","","","","","","","","","","","","","","","","","","","","","","","","","","","","","","","","","","","","","","","","","","","","","","","","","","","","","","","","","","","","","","","","","","","","","","","","","","","","","","","",""
"06163007","TENDE_SAPC",44.043167,7.586,636,2000121502,0.,1,"","","","","","","","","","","","","","","","","","","","","","","","","","","","","","","","","","",2.8,1,0.,1,2.8,1,"","",3.1,1,"","","","","","","","","","","","","","","","","","","","",82,1,"","","","","","","","","","","","",6.1,1,"","","","","","","","","","","","","","","","","","","","","","","","","","","","","","","","","","","","","","","","","","","","","","","","","","","","","","","","","","","","","","","","","","","","","","","","","","","","","","","","","","","","","","","","","","","","","","","","","","","","","","","","","","","","","","","","","","","",""
"06163007","TENDE_SAPC",44.043167,7.586,636,2000121503,0.,1,"","","","","","","","","","","","","","","","","","","","","","","","","","","","","","","","","","",3.,1,0.2,1,2.9,1,"","",3.1,1,"","","","","","","","","","","","","","","","","","","","",82,1,"","","","","","","","","","","","",6.2,1,"","","","","","","","","","","","","","","","","","","","","","","","","","","","","","","","","","","","","","","","","","","","","","","","","","","","","","","","","","","","","","","","","","","","","","","","","","","","","","","","","","","","","","","","","","","","","","","","","","","","","","","","","","","","","","","","","","","",""
"06163007","TENDE_SAPC",44.043167,7.586,636,2000121504,0.,1,"","","","","","","","","","","","","","","","","","","","","","","","","","","","","","","","","","",2.7,1,0.1,1,2.7,1,"","",3.,1,"","","","","","","","","","","","","","","","","","","","",83,1,"","","","","","","","","","","","",6.2,1,"","","","","","","","","","","","","","","","","","","","","","","","","","","","","","","","","","","","","","","","","","","","","","","","","","","","","","","","","","","","","","","","","","","","","","","","","","","","","","","","","","","","","","","","","","","","","","","","","","","","","","","","","","","","","","","","","","","",""
"06163007","TENDE_SAPC",44.043167,7.586,636,2000121505,0.,1,"","","","","","","","","","","","","","","","","","","","","","","","","","","","","","","","","","",2.3,1,-0.3,1,2.3,1,"","",2.7,1,"","","","","","","","","","","","","","","","","","","","",83,1,"","","","","","","","","","","","",6.,1,"","","","","","","","","","","","","","","","","","","","","","","","","","","","","","","","","","","","","","","","","","","","","","","","","","","","","","","","","","","","","","","","","","","","","","","","","","","","","","","","","","","","","","","","","","","","","","","","","","","","","","","","","","","","","","","","","","","",""
"06163007","TENDE_SAPC",44.043167,7.586,636,2000121506,0.,1,"","","","","","","","","","","","","","","","","","","","","","","","","","","","","","","","","","",2.3,1,-0.1,1,2.2,1,"","",2.4,1,"","","","","","","","","","","","","","","","","","","","",84,1,"","","","","","","","","","","","",6.1,1,"","","","","","","","","","","","","","","","","","","","","","","","","","","","","","","","","","","","","","","","","","","","","","","","","","","","","","","","","","","","","","","","","","","","","","","","","","","","","","","","","","","","","","","","","","","","","","","","","","","","","","","","","","","","","","","","","","","",""
"06163007","TENDE_SAPC",44.043167,7.586,636,2000121600,0.,1,"","","","","","","","","","","","","","","","","","","","","","","","","","","","","","","","","","",-0.4,1,-7.4,1,-0.4,1,"","",0.,1,"","","","","","","","","","","","","","","","","","","","",59,1,"","","","","","","","","","","","",3.5,1,"","","","","","","","","","","","","","","","","","","","","","","","","","","","","","","","","","","","","","","","","","","","","","","","","","","","","","","","","","","","","","","","","","","","","","","","","","","","","","","","","","","","","","","","","","","","","","","","","","","","","","","","","","","","","","","","","","","",""
"06163007","TENDE_SAPC",44.043167,7.586,636,2000121601,0.,1,"","","","","","","","","","","","","","","","","","","","","","","","","","","","","","","","","","",-0.1,1,-8.1,1,-0.4,1,"","",0.1,1,"","","","","","","","","","","","","","","","","","","","",55,1,"","","","","","","","","","","","",3.3,1,"","","","","","","","","","","","","","","","","","","","","","","","","","","","","","","","","","","","","","","","","","","","","","","","","","","","","","","","","","","","","","","","","","","","","","","","","","","","","","","","","","","","","","","","","","","","","","","","","","","","","","","","","","","","","","","","","","","",""
"06163007","TENDE_SAPC",44.043167,7.586,636,2000121602,0.,1,"","","","","","","","","","","","","","","","","","","","","","","","","","","","","","","","","","",-0.4,1,-8.8,1,-0.5,1,"","",0.1,1,"","","","","","","","","","","","","","","","","","","","",53,1,"","","","","","","","","","","","",3.1,1,"","","","","","","","","","","","","","","","","","","","","","","","","","","","","","","","","","","","","","","","","","","","","","","","","","","","","","","","","","","","","","","","","","","","","","","","","","","","","","","","","","","","","","","","","","","","","","","","","","","","","","","","","","","","","","","","","","","",""
"06163007","TENDE_SAPC",44.043167,7.586,636,2000121603,0.,1,"","","","","","","","","","","","","","","","","","","","","","","","","","","","","","","","","","",-0.7,1,-9.4,1,-0.8,1,"","",-0.4,1,"","","","","","","","","","","","","","","","","","","","",52,1,"","","","","","","","","","","","",3.,1,"","","","","","","","","","","","","","","","","","","","","","","","","","","","","","","","","","","","","","","","","","","","","","","","","","","","","","","","","","","","","","","","","","","","","","","","","","","","","","","","","","","","","","","","","","","","","","","","","","","","","","","","","","","","","","","","","","","",""
"06163007","TENDE_SAPC",44.043167,7.586,636,2000121604,0.,1,"","","","","","","","","","","","","","","","","","","","","","","","","","","","","","","","","","",-0.2,1,-10.4,1,-0.8,1,"","",-0.2,1,"","","","","","","","","","","","","","","","","","","","",46,1,"","","","","","","","","","","","",2.8,1,"","","","","","","","","","","","","","","","","","","","","","","","","","","","","","","","","","","","","","","","","","","","","","","","","","","","","","","","","","","","","","","","","","","","","","","","","","","","","","","","","","","","","","","","","","","","","","","","","","","","","","","","","","","","","","","","","","","",""
"06163007","TENDE_SAPC",44.043167,7.586,636,2000121605,0.,1,"","","","","","","","","","","","","","","","","","","","","","","","","","","","","","","","","","",-1.,1,-9.1,1,-1.,1,"","",-0.2,1,"","","","","","","","","","","","","","","","","","","","",54,1,"","","","","","","","","","","","",3.1,1,"","","","","","","","","","","","","","","","","","","","","","","","","","","","","","","","","","","","","","","","","","","","","","","","","","","","","","","","","","","","","","","","","","","","","","","","","","","","","","","","","","","","","","","","","","","","","","","","","","","","","","","","","","","","","","","","","","","",""
"06163007","TENDE_SAPC",44.043167,7.586,636,2000121606,0.,1,"","","","","","","","","","","","","","","","","","","","","","","","","","","","","","","","","","",-1.4,1,-9.3,1,-1.4,1,"","",-1.,1,"","","","","","","","","","","","","","","","","","","","",55,1,"","","","","","","","","","","","",3.,1,"","","","","","","","","","","","","","","","","","","","","","","","","","","","","","","","","","","","","","","","","","","","","","","","","","","","","","","","","","","","","","","","","","","","","","","","","","","","","","","","","","","","","","","","","","","","","","","","","","","","","","","","","","","","","","","","","","","",""
"06163007","TENDE_SAPC",44.043167,7.586,636,2000121607,0.,1,"","","","","","","","","","","","","","","","","","","","","","","","","","","","","","","","","","",-1.5,1,-9.6,1,-1.6,1,"","",-1.3,1,"","","","","","","","","","","","","","","","","","","","",54,1,"","","","","","","","","","","","",3.,1,"","","","","","","","","","","","","","","","","","","","","","","","","","","","","","","","","","","","","","","","","","","","","","","","","","","","","","","","","","","","","","","","","","","","","","","","","","","","","","","","","","","","","","","","","","","","","","","","","","","","","","","","","","","","","","","","","","","",""
"06163007","TENDE_SAPC",44.043167,7.586,636,2000121608,0.,1,"","","","","","","","","","","","","","","","","","","","","","","","","","","","","","","","","","",-1.5,1,-9.4,1,-1.6,1,"","",-1.4,1,"","","","","","","","","","","","","","","","","","","","",55,1,"","","","","","","","","","","","",3.,1,"","","","","","","","","","","","","","","","","","","","","","","","","","","","","","","","","","","","","","","","","","","","","","","","","","","","","","","","","","","","","","","","","","","","","","","","","","","","","","","","","","","","","","","","","","","","","","","","","","","","","","","","","","","","","","","","","","","",""
"06163007","TENDE_SAPC",44.043167,7.586,636,2000121609,0.,1,"","","","","","","","","","","","","","","","","","","","","","","","","","","","","","","","","","",-1.3,1,-9.,1,-1.5,1,"","",-1.2,1,"","","","","","","","","","","","","","","","","","","","",56,1,"","","","","","","","","","","","",3.1,1,"","","","","","","","","","","","","","","","","","","","","","","","","","","","","","","","","","","","","","","","","","","","","","","","","","","","","","","","","","","","","","","","","","","","","","","","","","","","","","","","","","","","","","","","","","","","","","","","","","","","","","","","","","","","","","","","","","","",""
"06163007","TENDE_SAPC",44.043167,7.586,636,2000121610,0.,1,"","","","","","","","","","","","","","","","","","","","","","","","","","","","","","","","","","",-0.5,1,-8.9,1,-1.3,1,"","",-0.5,1,"","","","","","","","","","","","","","","","","","","","",53,1,"","","","","","","","","","","","",3.1,1,"","","","","","","","","","","","","","","","","","","","","","","","","","","","","","","","","","","","","","","","","","","","","","","","","","","","","","","","","","","","","","","","","","","","","","","","","","","","","","","","","","","","","","","","","","","","","","","","","","","","","","","","","","","","","","","","","","","",""
"06163007","TENDE_SAPC",44.043167,7.586,636,2000121611,0.,1,"","","","","","","","","","","","","","","","","","","","","","","","","","","","","","","","","","",6.1,1,-8.2,1,-0.5,1,"","",6.1,1,"","","","","","","","","","","","","","","","","","","","",35,1,"","","","","","","","","","","","",3.3,1,"","","","","","","","","","","","","","","","","","","","","","","","","","","","","","","","","","","","","","","","","","","","","","","","","","","","","","","","","","","","","","","","","","","","","","","","","","","","","","","","","","","","","","","","","","","","","","","","","","","","","","","","","","","","","","","","","","","",""
"06163007","TENDE_SAPC",44.043167,7.586,636,2000121612,0.,1,"","","","","","","","","","","","","","","","","","","","","","","","","","","","","","","","","","",7.,1,-6.7,1,6.2,1,"","",8.2,1,"","","","","","","","","","","","","","","","","","","","",37,1,"","","","","","","","","","","","",3.7,1,"","","","","","","","","","","","","","","","","","","","","","","","","","","","","","","","","","","","","","","","","","","","","","","","","","","","","","","","","","","","","","","","","","","","","","","","","","","","","","","","","","","","","","","","","","","","","","","","","","","","","","","","","","","","","","","","","","","",""
"06163007","TENDE_SAPC",44.043167,7.586,636,2000121700,0.,1,"","","","","","","","","","","","","","","","","","","","","","","","","","","","","","","","","","",-0.4,1,-4.7,1,-0.6,1,"","",-0.4,1,"","","","","","","","","","","","","","","","","","","","","","","","","","","","","","","","","","",4.3,1,"","","","","","","","","","","","","","","","","","","","","","","","","","","","","","","","","","","","","","","","","","","","","","","","","","","","","","","","","","","","","","","","","","","","","","","","","","","","","","","","","","","","","","","","","","","","","","","","","","","","","","","","","","","","","","","","","","","",""
"06163007","TENDE_SAPC",44.043167,7.586,636,2000121701,0.,1,"","","","","","","","","","","","","","","","","","","","","","","","","","","","","","","","","","",-0.7,1,-4.8,1,-0.8,1,"","",-0.4,1,"","","","","","","","","","","","","","","","","","","","",74,1,"","","","","","","","","","","","",4.3,1,"","","","","","","","","","","","","","","","","","","","","","","","","","","","","","","","","","","","","","","","","","","","","","","","","","","","","","","","","","","","","","","","","","","","","","","","","","","","","","","","","","","","","","","","","","","","","","","","","","","","","","","","","","","","","","","","","","","",""
"06163007","TENDE_SAPC",44.043167,7.586,636,2000121702,0.,1,"","","","","","","","","","","","","","","","","","","","","","","","","","","","","","","","","","",-1.2,1,-4.9,1,-1.2,1,"","",-0.7,1,"","","","","","","","","","","","","","","","","","","","",76,1,"","","","","","","","","","","","",4.3,1,"","","","","","","","","","","","","","","","","","","","","","","","","","","","","","","","","","","","","","","","","","","","","","","","","","","","","","","","","","","","","","","","","","","","","","","","","","","","","","","","","","","","","","","","","","","","","","","","","","","","","","","","","","","","","","","","","","","",""
"06163007","TENDE_SAPC",44.043167,7.586,636,2000121703,0.,1,"","","","","","","","","","","","","","","","","","","","","","","","","","","","","","","","","","",-1.2,1,-5.2,1,-1.3,1,"","",-1.1,1,"","","","","","","","","","","","","","","","","","","","",74,1,"","","","","","","","","","","","",4.1,1,"","","","","","","","","","","","","","","","","","","","","","","","","","","","","","","","","","","","","","","","","","","","","","","","","","","","","","","","","","","","","","","","","","","","","","","","","","","","","","","","","","","","","","","","","","","","","","","","","","","","","","","","","","","","","","","","","","","",""
"06163007","TENDE_SAPC",44.043167,7.586,636,2000121704,0.,1,"","","","","","","","","","","","","","","","","","","","","","","","","","","","","","","","","","",-1.5,1,-5.5,1,-1.5,1,"","",-1.3,1,"","","","","","","","","","","","","","","","","","","","",74,1,"","","","","","","","","","","","",4.1,1,"","","","","","","","","","","","","","","","","","","","","","","","","","","","","","","","","","","","","","","","","","","","","","","","","","","","","","","","","","","","","","","","","","","","","","","","","","","","","","","","","","","","","","","","","","","","","","","","","","","","","","","","","","","","","","","","","","","",""
"06163007","TENDE_SAPC",44.043167,7.586,636,2000121705,0.,1,"","","","","","","","","","","","","","","","","","","","","","","","","","","","","","","","","","",-1.6,1,-5.6,1,-1.7,1,"","",-1.5,1,"","","","","","","","","","","","","","","","","","","","",74,1,"","","","","","","","","","","","",4.,1,"","","","","","","","","","","","","","","","","","","","","","","","","","","","","","","","","","","","","","","","","","","","","","","","","","","","","","","","","","","","","","","","","","","","","","","","","","","","","","","","","","","","","","","","","","","","","","","","","","","","","","","","","","","","","","","","","","","",""
"06163007","TENDE_SAPC",44.043167,7.586,636,2000121706,0.,1,"","","","","","","","","","","","","","","","","","","","","","","","","","","","","","","","","","",-1.6,1,-6.,1,-1.7,1,"","",-1.5,1,"","","","","","","","","","","","","","","","","","","","",72,1,"","","","","","","","","","","","",3.9,1,"","","","","","","","","","","","","","","","","","","","","","","","","","","","","","","","","","","","","","","","","","","","","","","","","","","","","","","","","","","","","","","","","","","","","","","","","","","","","","","","","","","","","","","","","","","","","","","","","","","","","","","","","","","","","","","","","","","",""
"06163007","TENDE_SAPC",44.043167,7.586,636,2000121707,0.,1,"","","","","","","","","","","","","","","","","","","","","","","","","","","","","","","","","","",-1.1,1,-6.9,1,-1.7,1,"","",-1.1,1,"","","","","","","","","","","","","","","","","","","","",65,1,"","","","","","","","","","","","",3.7,1,"","","","","","","","","","","","","","","","","","","","","","","","","","","","","","","","","","","","","","","","","","","","","","","","","","","","","","","","","","","","","","","","","","","","","","","","","","","","","","","","","","","","","","","","","","","","","","","","","","","","","","","","","","","","","","","","","","","",""
"06163007","TENDE_SAPC",44.043167,7.586,636,2000121708,0.,1,"","","","","","","","","","","","","","","","","","","","","","","","","","","","","","","","","","",-0.6,1,-7.2,1,-1.3,1,"","",-0.6,1,"","","","","","","","","","","","","","","","","","","","",61,1,"","","","","","","","","","","","",3.6,1,"","","","","","","","","","","","","","","","","","","","","","","","","","","","","","","","","","","","","","","","","","","","","","","","","","","","","","","","","","","","","","","","","","","","","","","","","","","","","","","","","","","","","","","","","","","","","","","","","","","","","","","","","","","","","","","","","","","",""
"06163007","TENDE_SAPC",44.043167,7.586,636,2000121709,0.,1,"","","","","","","","","","","","","","","","","","","","","","","","","","","","","","","","","","",0.7,1,-6.9,1,-0.6,1,"","",0.7,1,"","","","","","","","","","","","","","","","","","","","",57,1,"","","","","","","","","","","","",3.7,1,"","","","","","","","","","","","","","","","","","","","","","","","","","","","","","","","","","","","","","","","","","","","","","","","","","","","","","","","","","","","","","","","","","","","","","","","","","","","","","","","","","","","","","","","","","","","","","","","","","","","","","","","","","","","","","","","","","","",""
"06163007","TENDE_SAPC",44.043167,7.586,636,2000121710,0.,1,"","","","","","","","","","","","","","","","","","","","","","","","","","","","","","","","","","",2.3,1,-5.8,1,0.7,1,"","",2.3,1,"","","","","","","","","","","","","","","","","","","","",55,1,"","","","","","","","","","","","",4.,1,"","","","","","","","","","","","","","","","","","","","","","","","","","","","","","","","","","","","","","","","","","","","","","","","","","","","","","","","","","","","","","","","","","","","","","","","","","","","","","","","","","","","","","","","","","","","","","","","","","","","","","","","","","","","","","","","","","","",""
"06163007","TENDE_SAPC",44.043167,7.586,636,2000121711,0.,1,"","","","","","","","","","","","","","","","","","","","","","","","","","","","","","","","","","",8.2,1,-5.7,1,2.4,1,"","",8.2,1,"","","","","","","","","","","","","","","","","","","","",37,1,"","","","","","","","","","","","",4.,1,"","","","","","","","","","","","","","","","","","","","","","","","","","","","","","","","","","","","","","","","","","","","","","","","","","","","","","","","","","","","","","","","","","","","","","","","","","","","","","","","","","","","","","","","","","","","","","","","","","","","","","","","","","","","","","","","","","","",""
"06163007","TENDE_SAPC",44.043167,7.586,636,2000121712,0.,1,"","","","","","","","","","","","","","","","","","","","","","","","","","","","","","","","","","",8.8,1,-8.3,1,7.7,1,"","",8.8,1,"","","","","","","","","","","","","","","","","","","","",29,1,"","","","","","","","","","","","",3.3,1,"","","","","","","","","","","","","","","","","","","","","","","","","","","","","","","","","","","","","","","","","","","","","","","","","","","","","","","","","","","","","","","","","","","","","","","","","","","","","","","","","","","","","","","","","","","","","","","","","","","","","","","","","","","","","","","","","","","",""
"06163007","TENDE_SAPC",44.043167,7.586,636,2000121713,0.,1,"","","","","","","","","","","","","","","","","","","","","","","","","","","","","","","","","","",9.,1,-6.8,1,8.5,1,"","",9.,1,"","","","","","","","","","","","","","","","","","","","",32,1,"","","","","","","","","","","","",3.7,1,"","","","","","","","","","","","","","","","","","","","","","","","","","","","","","","","","","","","","","","","","","","","","","","","","","","","","","","","","","","","","","","","","","","","","","","","","","","","","","","","","","","","","","","","","","","","","","","","","","","","","","","","","","","","","","","","","","","",""
"06163007","TENDE_SAPC",44.043167,7.586,636,2000121714,0.,1,"","","","","","","","","","","","","","","","","","","","","","","","","","","","","","","","","","",7.2,1,-3.7,1,7.2,1,"","",9.4,1,"","","","","","","","","","","","","","","","","","","","",46,1,"","","","","","","","","","","","",4.7,1,"","","","","","","","","","","","","","","","","","","","","","","","","","","","","","","","","","","","","","","","","","","","","","","","","","","","","","","","","","","","","","","","","","","","","","","","","","","","","","","","","","","","","","","","","","","","","","","","","","","","","","","","","","","","","","","","","","","",""
"06163007","TENDE_SAPC",44.043167,7.586,636,2000121715,0.,1,"","","","","","","","","","","","","","","","","","","","","","","","","","","","","","","","","","",3.8,1,-3.,1,3.8,1,"","",7.2,1,"","","","","","","","","","","","","","","","","","","","",61,1,"","","","","","","","","","","","",4.9,1,"","","","","","","","","","","","","","","","","","","","","","","","","","","","","","","","","","","","","","","","","","","","","","","","","","","","","","","","","","","","","","","","","","","","","","","","","","","","","","","","","","","","","","","","","","","","","","","","","","","","","","","","","","","","","","","","","","","",""
"06163007","TENDE_SAPC",44.043167,7.586,636,2000121716,0.,1,"","","","","","","","","","","","","","","","","","","","","","","","","","","","","","","","","","",2.1,1,-3.,1,2.1,1,"","",3.8,1,"","","","","","","","","","","","","","","","","","","","",69,1,"","","","","","","","","","","","",4.9,1,"","","","","","","","","","","","","","","","","","","","","","","","","","","","","","","","","","","","","","","","","","","","","","","","","","","","","","","","","","","","","","","","","","","","","","","","","","","","","","","","","","","","","","","","","","","","","","","","","","","","","","","","","","","","","","","","","","","",""
"06163007","TENDE_SAPC",44.043167,7.586,636,2000121717,0.,1,"","","","","","","","","","","","","","","","","","","","","","","","","","","","","","","","","","",1.1,1,-3.6,1,1.1,1,"","",2.1,1,"","","","","","","","","","","","","","","","","","","","",71,1,"","","","","","","","","","","","",4.7,1,"","","","","","","","","","","","","","","","","","","","","","","","","","","","","","","","","","","","","","","","","","","","","","","","","","","","","","","","","","","","","","","","","","","","","","","","","","","","","","","","","","","","","","","","","","","","","","","","","","","","","","","","","","","","","","","","","","","",""
"06163007","TENDE_SAPC",44.043167,7.586,636,2000121718,0.,1,"","","","","","","","","","","","","","","","","","","","","","","","","","","","","","","","","","",0.4,1,-3.9,1,0.4,1,"","",1.1,1,"","","","","","","","","","","","","","","","","","","","",73,1,"","","","","","","","","","","","",4.6,1,"","","","","","","","","","","","","","","","","","","","","","","","","","","","","","","","","","","","","","","","","","","","","","","","","","","","","","","","","","","","","","","","","","","","","","","","","","","","","","","","","","","","","","","","","","","","","","","","","","","","","","","","","","","","","","","","","","","",""
"06163007","TENDE_SAPC",44.043167,7.586,636,2000121719,0.,1,"","","","","","","","","","","","","","","","","","","","","","","","","","","","","","","","","","",0.2,1,-4.1,1,0.2,1,"","",0.5,1,"","","","","","","","","","","","","","","","","","","","",73,1,"","","","","","","","","","","","",4.5,1,"","","","","","","","","","","","","","","","","","","","","","","","","","","","","","","","","","","","","","","","","","","","","","","","","","","","","","","","","","","","","","","","","","","","","","","","","","","","","","","","","","","","","","","","","","","","","","","","","","","","","","","","","","","","","","","","","","","",""
"06163007","TENDE_SAPC",44.043167,7.586,636,2000121720,0.,1,"","","","","","","","","","","","","","","","","","","","","","","","","","","","","","","","","","",-0.2,1,-4.8,1,-0.2,1,"","",0.3,1,"","","","","","","","","","","","","","","","","","","","",71,1,"","","","","","","","","","","","",4.3,1,"","","","","","","","","","","","","","","","","","","","","","","","","","","","","","","","","","","","","","","","","","","","","","","","","","","","","","","","","","","","","","","","","","","","","","","","","","","","","","","","","","","","","","","","","","","","","","","","","","","","","","","","","","","","","","","","","","","",""
"06163007","TENDE_SAPC",44.043167,7.586,636,2000121721,0.,1,"","","","","","","","","","","","","","","","","","","","","","","","","","","","","","","","","","",-0.8,1,-4.9,1,-0.8,1,"","",-0.2,1,"","","","","","","","","","","","","","","","","","","","",74,1,"","","","","","","","","","","","",4.3,1,"","","","","","","","","","","","","","","","","","","","","","","","","","","","","","","","","","","","","","","","","","","","","","","","","","","","","","","","","","","","","","","","","","","","","","","","","","","","","","","","","","","","","","","","","","","","","","","","","","","","","","","","","","","","","","","","","","","",""
"06163007","TENDE_SAPC",44.043167,7.586,636,2000121722,0.,1,"","","","","","","","","","","","","","","","","","","","","","","","","","","","","","","","","","",-0.7,1,-4.6,1,-0.9,1,"","",-0.7,1,"","","","","","","","","","","","","","","","","","","","",75,1,"","","","","","","","","","","","",4.4,1,"","","","","","","","","","","","","","","","","","","","","","","","","","","","","","","","","","","","","","","","","","","","","","","","","","","","","","","","","","","","","","","","","","","","","","","","","","","","","","","","","","","","","","","","","","","","","","","","","","","","","","","","","","","","","","","","","","","",""
"06163007","TENDE_SAPC",44.043167,7.586,636,2000121723,0.,1,"","","","","","","","","","","","","","","","","","","","","","","","","","","","","","","","","","",-1.1,1,-4.8,1,-1.3,1,"","",-0.7,1,"","","","","","","","","","","","","","","","","","","","",76,1,"","","","","","","","","","","","",4.3,1,"","","","","","","","","","","","","","","","","","","","","","","","","","","","","","","","","","","","","","","","","","","","","","","","","","","","","","","","","","","","","","","","","","","","","","","","","","","","","","","","","","","","","","","","","","","","","","","","","","","","","","","","","","","","","","","","","","","",""
"06163007","TENDE_SAPC",44.043167,7.586,636,2000121800,0.,1,"","","","","","","","","","","","","","","","","","","","","","","","","","","","","","","","","","",-0.9,1,-5.3,1,-1.1,1,"","",-0.7,1,"","","","","","","","","","","","","","","","","","","","",72,1,"","","","","","","","","","","","",4.1,1,"","","","","","","","","","","","","","","","","","","","","","","","","","","","","","","","","","","","","","","","","","","","","","","","","","","","","","","","","","","","","","","","","","","","","","","","","","","","","","","","","","","","","","","","","","","","","","","","","","","","","","","","","","","","","","","","","","","",""
"06163007","TENDE_SAPC",44.043167,7.586,636,2000121801,0.,1,"","","","","","","","","","","","","","","","","","","","","","","","","","","","","","","","","","",-1.2,1,-5.2,1,-1.2,1,"","",-0.9,1,"","","","","","","","","","","","","","","","","","","","",74,1,"","","","","","","","","","","","",4.1,1,"","","","","","","","","","","","","","","","","","","","","","","","","","","","","","","","","","","","","","","","","","","","","","","","","","","","","","","","","","","","","","","","","","","","","","","","","","","","","","","","","","","","","","","","","","","","","","","","","","","","","","","","","","","","","","","","","","","",""
"06163007","TENDE_SAPC",44.043167,7.586,636,2000121802,0.,1,"","","","","","","","","","","","","","","","","","","","","","","","","","","","","","","","","","",-0.9,1,-5.,1,-1.2,1,"","",-0.8,1,"","","","","","","","","","","","","","","","","","","","",74,1,"","","","","","","","","","","","",4.2,1,"","","","","","","","","","","","","","","","","","","","","","","","","","","","","","","","","","","","","","","","","","","","","","","","","","","","","","","","","","","","","","","","","","","","","","","","","","","","","","","","","","","","","","","","","","","","","","","","","","","","","","","","","","","","","","","","","","","",""
"06163007","TENDE_SAPC",44.043167,7.586,636,2000121803,0.,1,"","","","","","","","","","","","","","","","","","","","","","","","","","","","","","","","","","",-0.8,1,-5.,1,-0.9,1,"","",-0.7,1,"","","","","","","","","","","","","","","","","","","","",73,1,"","","","","","","","","","","","",4.2,1,"","","","","","","","","","","","","","","","","","","","","","","","","","","","","","","","","","","","","","","","","","","","","","","","","","","","","","","","","","","","","","","","","","","","","","","","","","","","","","","","","","","","","","","","","","","","","","","","","","","","","","","","","","","","","","","","","","","",""
"06163007","TENDE_SAPC",44.043167,7.586,636,2000121804,0.,1,"","","","","","","","","","","","","","","","","","","","","","","","","","","","","","","","","","",-0.8,1,-5.2,1,-0.9,1,"","",-0.7,1,"","","","","","","","","","","","","","","","","","","","",72,1,"","","","","","","","","","","","",4.2,1,"","","","","","","","","","","","","","","","","","","","","","","","","","","","","","","","","","","","","","","","","","","","","","","","","","","","","","","","","","","","","","","","","","","","","","","","","","","","","","","","","","","","","","","","","","","","","","","","","","","","","","","","","","","","","","","","","","","",""
"06163007","TENDE_SAPC",44.043167,7.586,636,2000121805,0.,1,"","","","","","","","","","","","","","","","","","","","","","","","","","","","","","","","","","",-0.7,1,-5.5,1,-0.8,1,"","",-0.5,1,"","","","","","","","","","","","","","","","","","","","",70,1,"","","","","","","","","","","","",4.1,1,"","","","","","","","","","","","","","","","","","","","","","","","","","","","","","","","","","","","","","","","","","","","","","","","","","","","","","","","","","","","","","","","","","","","","","","","","","","","","","","","","","","","","","","","","","","","","","","","","","","","","","","","","","","","","","","","","","","",""
"06163007","TENDE_SAPC",44.043167,7.586,636,2000121806,0.,1,"","","","","","","","","","","","","","","","","","","","","","","","","","","","","","","","","","",-0.8,1,-5.2,1,-0.8,1,"","",-0.6,1,"","","","","","","","","","","","","","","","","","","","",72,1,"","","","","","","","","","","","",4.2,1,"","","","","","","","","","","","","","","","","","","","","","","","","","","","","","","","","","","","","","","","","","","","","","","","","","","","","","","","","","","","","","","","","","","","","","","","","","","","","","","","","","","","","","","","","","","","","","","","","","","","","","","","","","","","","","","","","","","",""
"06163007","TENDE_SAPC",44.043167,7.586,636,2000121807,0.,1,"","","","","","","","","","","","","","","","","","","","","","","","","","","","","","","","","","",-1.4,1,-5.4,1,-1.4,1,"","",-0.8,1,"","","","","","","","","","","","","","","","","","","","",74,1,"","","","","","","","","","","","",4.1,1,"","","","","","","","","","","","","","","","","","","","","","","","","","","","","","","","","","","","","","","","","","","","","","","","","","","","","","","","","","","","","","","","","","","","","","","","","","","","","","","","","","","","","","","","","","","","","","","","","","","","","","","","","","","","","","","","","","","",""
"06163007","TENDE_SAPC",44.043167,7.586,636,2000121808,0.,1,"","","","","","","","","","","","","","","","","","","","","","","","","","","","","","","","","","",-0.9,1,-5.7,1,-1.4,1,"","",-0.9,1,"","","","","","","","","","","","","","","","","","","","",70,1,"","","","","","","","","","","","",4.,1,"","","","","","","","","","","","","","","","","","","","","","","","","","","","","","","","","","","","","","","","","","","","","","","","","","","","","","","","","","","","","","","","","","","","","","","","","","","","","","","","","","","","","","","","","","","","","","","","","","","","","","","","","","","","","","","","","","","",""
"06163007","TENDE_SAPC",44.043167,7.586,636,2000121809,0.,1,"","","","","","","","","","","","","","","","","","","","","","","","","","","","","","","","","","",-0.6,1,-5.8,1,-0.9,1,"","",-0.6,1,"","","","","","","","","","","","","","","","","","","","",68,1,"","","","","","","","","","","","",4.,1,"","","","","","","","","","","","","","","","","","","","","","","","","","","","","","","","","","","","","","","","","","","","","","","","","","","","","","","","","","","","","","","","","","","","","","","","","","","","","","","","","","","","","","","","","","","","","","","","","","","","","","","","","","","","","","","","","","","",""
"06163007","TENDE_SAPC",44.043167,7.586,636,2000121810,0.,1,"","","","","","","","","","","","","","","","","","","","","","","","","","","","","","","","","","",0.5,1,-4.9,1,-0.6,1,"","",0.5,1,"","","","","","","","","","","","","","","","","","","","",67,1,"","","","","","","","","","","","",4.2,1,"","","","","","","","","","","","","","","","","","","","","","","","","","","","","","","","","","","","","","","","","","","","","","","","","","","","","","","","","","","","","","","","","","","","","","","","","","","","","","","","","","","","","","","","","","","","","","","","","","","","","","","","","","","","","","","","","","","",""
"06163007","TENDE_SAPC",44.043167,7.586,636,2000121811,0.,1,"","","","","","","","","","","","","","","","","","","","","","","","","","","","","","","","","","",6.6,1,-4.2,1,0.5,1,"","",6.6,1,"","","","","","","","","","","","","","","","","","","","",46,1,"","","","","","","","","","","","",4.5,1,"","","","","","","","","","","","","","","","","","","","","","","","","","","","","","","","","","","","","","","","","","","","","","","","","","","","","","","","","","","","","","","","","","","","","","","","","","","","","","","","","","","","","","","","","","","","","","","","","","","","","","","","","","","","","","","","","","","",""
"06163007","TENDE_SAPC",44.043167,7.586,636,2000121812,0.2,1,"","","","","","","","","","","","","","","","","","","","","","","","","","","","","","","","","","",8.2,1,-3.7,1,6.6,1,"","",8.2,1,"","","","","","","","","","","","","","","","","","","","",43,1,"","","","","","","","","","","","",4.7,1,"","","","","","","","","","","","","","","","","","","","","","","","","","","","","","","","","","","","","","","","","","","","","","","","","","","","","","","","","","","","","","","","","","","","","","","","","","","","","","","","","","","","","","","","","","","","","","","","","","","","","","","","","","","","","","","","","","","",""
"06163007","TENDE_SAPC",44.043167,7.586,636,2000121813,0.,1,"","","","","","","","","","","","","","","","","","","","","","","","","","","","","","","","","","",8.6,1,-3.3,1,8.1,1,"","",8.8,1,"","","","","","","","","","","","","","","","","","","","",43,1,"","","","","","","","","","","","",4.8,1,"","","","","","","","","","","","","","","","","","","","","","","","","","","","","","","","","","","","","","","","","","","","","","","","","","","","","","","","","","","","","","","","","","","","","","","","","","","","","","","","","","","","","","","","","","","","","","","","","","","","","","","","","","","","","","","","","","","",""
"06163007","TENDE_SAPC",44.043167,7.586,636,2000121814,0.,1,"","","","","","","","","","","","","","","","","","","","","","","","","","","","","","","","","","",6.3,1,-2.1,1,6.3,1,"","",8.7,1,"","","","","","","","","","","","","","","","","","","","",55,1,"","","","","","","","","","","","",5.2,1,"","","","","","","","","","","","","","","","","","","","","","","","","","","","","","","","","","","","","","","","","","","","","","","","","","","","","","","","","","","","","","","","","","","","","","","","","","","","","","","","","","","","","","","","","","","","","","","","","","","","","","","","","","","","","","","","","","","",""
"06163007","TENDE_SAPC",44.043167,7.586,636,2000121815,0.,1,"","","","","","","","","","","","","","","","","","","","","","","","","","","","","","","","","","",3.7,1,-1.9,1,3.7,1,"","",6.1,1,"","","","","","","","","","","","","","","","","","","","",67,1,"","","","","","","","","","","","",5.3,1,"","","","","","","","","","","","","","","","","","","","","","","","","","","","","","","","","","","","","","","","","","","","","","","","","","","","","","","","","","","","","","","","","","","","","","","","","","","","","","","","","","","","","","","","","","","","","","","","","","","","","","","","","","","","","","","","","","","",""
"06163007","TENDE_SAPC",44.043167,7.586,636,2000121816,0.,1,"","","","","","","","","","","","","","","","","","","","","","","","","","","","","","","","","","",2.8,1,-2.1,1,2.8,1,"","",3.7,1,"","","","","","","","","","","","","","","","","","","","",70,1,"","","","","","","","","","","","",5.2,1,"","","","","","","","","","","","","","","","","","","","","","","","","","","","","","","","","","","","","","","","","","","","","","","","","","","","","","","","","","","","","","","","","","","","","","","","","","","","","","","","","","","","","","","","","","","","","","","","","","","","","","","","","","","","","","","","","","","",""
"06163007","TENDE_SAPC",44.043167,7.586,636,2000121817,0.,1,"","","","","","","","","","","","","","","","","","","","","","","","","","","","","","","","","","",1.4,1,-2.6,1,1.4,1,"","",2.8,1,"","","","","","","","","","","","","","","","","","","","",75,1,"","","","","","","","","","","","",5.1,1,"","","","","","","","","","","","","","","","","","","","","","","","","","","","","","","","","","","","","","","","","","","","","","","","","","","","","","","","","","","","","","","","","","","","","","","","","","","","","","","","","","","","","","","","","","","","","","","","","","","","","","","","","","","","","","","","","","","",""
"06163007","TENDE_SAPC",44.043167,7.586,636,2000121818,0.,1,"","","","","","","","","","","","","","","","","","","","","","","","","","","","","","","","","","",0.8,1,-3.,1,0.8,1,"","",1.4,1,"","","","","","","","","","","","","","","","","","","","",76,1,"","","","","","","","","","","","",4.9,1,"","","","","","","","","","","","","","","","","","","","","","","","","","","","","","","","","","","","","","","","","","","","","","","","","","","","","","","","","","","","","","","","","","","","","","","","","","","","","","","","","","","","","","","","","","","","","","","","","","","","","","","","","","","","","","","","","","","",""
"06163007","TENDE_SAPC",44.043167,7.586,636,2000121819,0.,1,"","","","","","","","","","","","","","","","","","","","","","","","","","","","","","","","","","",0.4,1,-3.,1,0.4,1,"","",0.8,1,"","","","","","","","","","","","","","","","","","","","",78,1,"","","","","","","","","","","","",4.9,1,"","","","","","","","","","","","","","","","","","","","","","","","","","","","","","","","","","","","","","","","","","","","","","","","","","","","","","","","","","","","","","","","","","","","","","","","","","","","","","","","","","","","","","","","","","","","","","","","","","","","","","","","","","","","","","","","","","","",""
"06163007","TENDE_SAPC",44.043167,7.586,636,2000121820,0.,1,"","","","","","","","","","","","","","","","","","","","","","","","","","","","","","","","","","",-0.3,1,-3.5,1,-0.3,1,"","",0.4,1,"","","","","","","","","","","","","","","","","","","","",79,1,"","","","","","","","","","","","",4.7,1,"","","","","","","","","","","","","","","","","","","","","","","","","","","","","","","","","","","","","","","","","","","","","","","","","","","","","","","","","","","","","","","","","","","","","","","","","","","","","","","","","","","","","","","","","","","","","","","","","","","","","","","","","","","","","","","","","","","",""
"06163007","TENDE_SAPC",44.043167,7.586,636,2000121821,0.,1,"","","","","","","","","","","","","","","","","","","","","","","","","","","","","","","","","","",-0.3,1,-3.3,1,-0.5,1,"","",-0.2,1,"","","","","","","","","","","","","","","","","","","","",80,1,"","","","","","","","","","","","",4.8,1,"","","","","","","","","","","","","","","","","","","","","","","","","","","","","","","","","","","","","","","","","","","","","","","","","","","","","","","","","","","","","","","","","","","","","","","","","","","","","","","","","","","","","","","","","","","","","","","","","","","","","","","","","","","","","","","","","","","",""
"06163007","TENDE_SAPC",44.043167,7.586,636,2000121822,0.,1,"","","","","","","","","","","","","","","","","","","","","","","","","","","","","","","","","","",-0.3,1,-3.5,1,-0.6,1,"","",-0.2,1,"","","","","","","","","","","","","","","","","","","","",79,1,"","","","","","","","","","","","",4.7,1,"","","","","","","","","","","","","","","","","","","","","","","","","","","","","","","","","","","","","","","","","","","","","","","","","","","","","","","","","","","","","","","","","","","","","","","","","","","","","","","","","","","","","","","","","","","","","","","","","","","","","","","","","","","","","","","","","","","",""
"06163007","TENDE_SAPC",44.043167,7.586,636,2000121823,0.,1,"","","","","","","","","","","","","","","","","","","","","","","","","","","","","","","","","","",-0.1,1,-3.3,1,-0.3,1,"","",-0.1,1,"","","","","","","","","","","","","","","","","","","","",79,1,"","","","","","","","","","","","",4.8,1,"","","","","","","","","","","","","","","","","","","","","","","","","","","","","","","","","","","","","","","","","","","","","","","","","","","","","","","","","","","","","","","","","","","","","","","","","","","","","","","","","","","","","","","","","","","","","","","","","","","","","","","","","","","","","","","","","","","",""
"06163007","TENDE_SAPC",44.043167,7.586,636,2000121900,0.,1,"","","","","","","","","","","","","","","","","","","","","","","","","","","","","","","","","","",-0.3,1,-3.7,1,-0.3,1,"","",0.,1,"","","","","","","","","","","","","","","","","","","","",78,1,"","","","","","","","","","","","",4.7,1,"","","","","","","","","","","","","","","","","","","","","","","","","","","","","","","","","","","","","","","","","","","","","","","","","","","","","","","","","","","","","","","","","","","","","","","","","","","","","","","","","","","","","","","","","","","","","","","","","","","","","","","","","","","","","","","","","","","",""
"06163007","TENDE_SAPC",44.043167,7.586,636,2000121901,0.,1,"","","","","","","","","","","","","","","","","","","","","","","","","","","","","","","","","","",-0.6,1,-4.,1,-0.6,1,"","",-0.3,1,"","","","","","","","","","","","","","","","","","","","",78,1,"","","","","","","","","","","","",4.6,1,"","","","","","","","","","","","","","","","","","","","","","","","","","","","","","","","","","","","","","","","","","","","","","","","","","","","","","","","","","","","","","","","","","","","","","","","","","","","","","","","","","","","","","","","","","","","","","","","","","","","","","","","","","","","","","","","","","","",""
"06163007","TENDE_SAPC",44.043167,7.586,636,2000121902,0.,1,"","","","","","","","","","","","","","","","","","","","","","","","","","","","","","","","","","",-0.7,1,-3.7,1,-0.9,1,"","",-0.6,1,"","","","","","","","","","","","","","","","","","","","",80,1,"","","","","","","","","","","","",4.6,1,"","","","","","","","","","","","","","","","","","","","","","","","","","","","","","","","","","","","","","","","","","","","","","","","","","","","","","","","","","","","","","","","","","","","","","","","","","","","","","","","","","","","","","","","","","","","","","","","","","","","","","","","","","","","","","","","","","","",""
"06163007","TENDE_SAPC",44.043167,7.586,636,2000121903,0.,1,"","","","","","","","","","","","","","","","","","","","","","","","","","","","","","","","","","",-0.7,1,-3.7,1,-0.8,1,"","",-0.6,1,"","","","","","","","","","","","","","","","","","","","",80,1,"","","","","","","","","","","","",4.6,1,"","","","","","","","","","","","","","","","","","","","","","","","","","","","","","","","","","","","","","","","","","","","","","","","","","","","","","","","","","","","","","","","","","","","","","","","","","","","","","","","","","","","","","","","","","","","","","","","","","","","","","","","","","","","","","","","","","","",""
"06163007","TENDE_SAPC",44.043167,7.586,636,2000121904,0.,1,"","","","","","","","","","","","","","","","","","","","","","","","","","","","","","","","","","",-1.2,1,-4.2,1,-1.2,1,"","",-0.7,1,"","","","","","","","","","","","","","","","","","","","",80,1,"","","","","","","","","","","","",4.5,1,"","","","","","","","","","","","","","","","","","","","","","","","","","","","","","","","","","","","","","","","","","","","","","","","","","","","","","","","","","","","","","","","","","","","","","","","","","","","","","","","","","","","","","","","","","","","","","","","","","","","","","","","","","","","","","","","","","","",""
"06163007","TENDE_SAPC",44.043167,7.586,636,2000121905,0.,1,"","","","","","","","","","","","","","","","","","","","","","","","","","","","","","","","","","",-1.2,1,-4.,1,-1.2,1,"","",-0.9,1,"","","","","","","","","","","","","","","","","","","","",81,1,"","","","","","","","","","","","",4.5,1,"","","","","","","","","","","","","","","","","","","","","","","","","","","","","","","","","","","","","","","","","","","","","","","","","","","","","","","","","","","","","","","","","","","","","","","","","","","","","","","","","","","","","","","","","","","","","","","","","","","","","","","","","","","","","","","","","","","",""
"06163007","TENDE_SAPC",44.043167,7.586,636,2000121906,0.,1,"","","","","","","","","","","","","","","","","","","","","","","","","","","","","","","","","","",-1.,1,-3.8,1,-1.2,1,"","",-1.,1,"","","","","","","","","","","","","","","","","","","","",81,1,"","","","","","","","","","","","",4.6,1,"","","","","","","","","","","","","","","","","","","","","","","","","","","","","","","","","","","","","","","","","","","","","","","","","","","","","","","","","","","","","","","","","","","","","","","","","","","","","","","","","","","","","","","","","","","","","","","","","","","","","","","","","","","","","","","","","","","",""
"06163007","TENDE_SAPC",44.043167,7.586,636,2000121907,0.,1,"","","","","","","","","","","","","","","","","","","","","","","","","","","","","","","","","","",-1.4,1,-4.6,1,-1.4,1,"","",-1.,1,"","","","","","","","","","","","","","","","","","","","",79,1,"","","","","","","","","","","","",4.4,1,"","","","","","","","","","","","","","","","","","","","","","","","","","","","","","","","","","","","","","","","","","","","","","","","","","","","","","","","","","","","","","","","","","","","","","","","","","","","","","","","","","","","","","","","","","","","","","","","","","","","","","","","","","","","","","","","","","","",""
"06163007","TENDE_SAPC",44.043167,7.586,636,2000121908,0.,1,"","","","","","","","","","","","","","","","","","","","","","","","","","","","","","","","","","",-0.8,1,-4.,1,-1.5,1,"","",-0.8,1,"","","","","","","","","","","","","","","","","","","","",79,1,"","","","","","","","","","","","",4.6,1,"","","","","","","","","","","","","","","","","","","","","","","","","","","","","","","","","","","","","","","","","","","","","","","","","","","","","","","","","","","","","","","","","","","","","","","","","","","","","","","","","","","","","","","","","","","","","","","","","","","","","","","","","","","","","","","","","","","",""
"06163007","TENDE_SAPC",44.043167,7.586,636,2000121909,0.,1,"","","","","","","","","","","","","","","","","","","","","","","","","","","","","","","","","","",-0.2,1,-3.9,1,-0.8,1,"","",-0.2,1,"","","","","","","","","","","","","","","","","","","","",76,1,"","","","","","","","","","","","",4.6,1,"","","","","","","","","","","","","","","","","","","","","","","","","","","","","","","","","","","","","","","","","","","","","","","","","","","","","","","","","","","","","","","","","","","","","","","","","","","","","","","","","","","","","","","","","","","","","","","","","","","","","","","","","","","","","","","","","","","",""
"06163007","TENDE_SAPC",44.043167,7.586,636,2000121910,0.,1,"","","","","","","","","","","","","","","","","","","","","","","","","","","","","","","","","","",1.1,1,-3.,1,-0.2,1,"","",1.1,1,"","","","","","","","","","","","","","","","","","","","",74,1,"","","","","","","","","","","","",4.9,1,"","","","","","","","","","","","","","","","","","","","","","","","","","","","","","","","","","","","","","","","","","","","","","","","","","","","","","","","","","","","","","","","","","","","","","","","","","","","","","","","","","","","","","","","","","","","","","","","","","","","","","","","","","","","","","","","","","","",""
"06163007","TENDE_SAPC",44.043167,7.586,636,2000121911,0.,1,"","","","","","","","","","","","","","","","","","","","","","","","","","","","","","","","","","",6.6,1,-1.3,1,1.2,1,"","",6.6,1,"","","","","","","","","","","","","","","","","","","","",57,1,"","","","","","","","","","","","",5.6,1,"","","","","","","","","","","","","","","","","","","","","","","","","","","","","","","","","","","","","","","","","","","","","","","","","","","","","","","","","","","","","","","","","","","","","","","","","","","","","","","","","","","","","","","","","","","","","","","","","","","","","","","","","","","","","","","","","","","",""
"06163007","TENDE_SAPC",44.043167,7.586,636,2000121912,0.,1,"","","","","","","","","","","","","","","","","","","","","","","","","","","","","","","","","","",9.4,1,-0.8,1,6.6,1,"","",9.4,1,"","","","","","","","","","","","","","","","","","","","",49,1,"","","","","","","","","","","","",5.8,1,"","","","","","","","","","","","","","","","","","","","","","","","","","","","","","","","","","","","","","","","","","","","","","","","","","","","","","","","","","","","","","","","","","","","","","","","","","","","","","","","","","","","","","","","","","","","","","","","","","","","","","","","","","","","","","","","","","","",""
"06163007","TENDE_SAPC",44.043167,7.586,636,2000121913,0.,1,"","","","","","","","","","","","","","","","","","","","","","","","","","","","","","","","","","",8.9,1,-0.2,1,8.8,1,"","",9.8,1,"","","","","","","","","","","","","","","","","","","","",53,1,"","","","","","","","","","","","",6.,1,"","","","","","","","","","","","","","","","","","","","","","","","","","","","","","","","","","","","","","","","","","","","","","","","","","","","","","","","","","","","","","","","","","","","","","","","","","","","","","","","","","","","","","","","","","","","","","","","","","","","","","","","","","","","","","","","","","","",""
"06163007","TENDE_SAPC",44.043167,7.586,636,2000121914,"","","","","","","","","","","","","","","","","","","","","","","","","","","","","","","","","","","","",6.4,1,-0.1,1,"","","","","","","","","","","","","","","","","","","","","","","","","","",63,1,"","","","","","","","","","","","",6.1,1,"","","","","","","","","","","","","","","","","","","","","","","","","","","","","","","","","","","","","","","","","","","","","","","","","","","","","","","","","","","","","","","","","","","","","","","","","","","","","","","","","","","","","","","","","","","","","","","","","","","","","","","","","","","","","","","","","","","",""
"06163007","TENDE_SAPC",44.043167,7.586,636,2000121915,0.,1,"","","","","","","","","","","","","","","","","","","","","","","","","","","","","","","","","","",4.3,1,-0.3,1,4.3,1,"","",6.3,1,"","","","","","","","","","","","","","","","","","","","",72,1,"","","","","","","","","","","","",6.,1,"","","","","","","","","","","","","","","","","","","","","","","","","","","","","","","","","","","","","","","","","","","","","","","","","","","","","","","","","","","","","","","","","","","","","","","","","","","","","","","","","","","","","","","","","","","","","","","","","","","","","","","","","","","","","","","","","","","",""
"06163007","TENDE_SAPC",44.043167,7.586,636,2000121916,0.,1,"","","","","","","","","","","","","","","","","","","","","","","","","","","","","","","","","","",2.8,1,-0.7,1,2.8,1,"","",4.3,1,"","","","","","","","","","","","","","","","","","","","",78,1,"","","","","","","","","","","","",5.8,1,"","","","","","","","","","","","","","","","","","","","","","","","","","","","","","","","","","","","","","","","","","","","","","","","","","","","","","","","","","","","","","","","","","","","","","","","","","","","","","","","","","","","","","","","","","","","","","","","","","","","","","","","","","","","","","","","","","","",""
"06163007","TENDE_SAPC",44.043167,7.586,636,2000121917,0.,1,"","","","","","","","","","","","","","","","","","","","","","","","","","","","","","","","","","",2.9,1,-0.6,1,2.5,1,"","",3.,1,"","","","","","","","","","","","","","","","","","","","",78,1,"","","","","","","","","","","","",5.9,1,"","","","","","","","","","","","","","","","","","","","","","","","","","","","","","","","","","","","","","","","","","","","","","","","","","","","","","","","","","","","","","","","","","","","","","","","","","","","","","","","","","","","","","","","","","","","","","","","","","","","","","","","","","","","","","","","","","","",""
"06163007","TENDE_SAPC",44.043167,7.586,636,2000121918,0.,1,"","","","","","","","","","","","","","","","","","","","","","","","","","","","","","","","","","",1.8,1,-1.3,1,1.8,1,"","",2.9,1,"","","","","","","","","","","","","","","","","","","","",80,1,"","","","","","","","","","","","",5.6,1,"","","","","","","","","","","","","","","","","","","","","","","","","","","","","","","","","","","","","","","","","","","","","","","","","","","","","","","","","","","","","","","","","","","","","","","","","","","","","","","","","","","","","","","","","","","","","","","","","","","","","","","","","","","","","","","","","","","",""
"06163007","TENDE_SAPC",44.043167,7.586,636,2000121919,0.,1,"","","","","","","","","","","","","","","","","","","","","","","","","","","","","","","","","","",2.3,1,-1.3,1,1.7,1,"","",2.3,1,"","","","","","","","","","","","","","","","","","","","",77,1,"","","","","","","","","","","","",5.6,1,"","","","","","","","","","","","","","","","","","","","","","","","","","","","","","","","","","","","","","","","","","","","","","","","","","","","","","","","","","","","","","","","","","","","","","","","","","","","","","","","","","","","","","","","","","","","","","","","","","","","","","","","","","","","","","","","","","","",""
"06163007","TENDE_SAPC",44.043167,7.586,636,2000121920,0.,1,"","","","","","","","","","","","","","","","","","","","","","","","","","","","","","","","","","",2.1,1,-1.5,1,2.1,1,"","",2.4,1,"","","","","","","","","","","","","","","","","","","","",77,1,"","","","","","","","","","","","",5.5,1,"","","","","","","","","","","","","","","","","","","","","","","","","","","","","","","","","","","","","","","","","","","","","","","","","","","","","","","","","","","","","","","","","","","","","","","","","","","","","","","","","","","","","","","","","","","","","","","","","","","","","","","","","","","","","","","","","","","",""
"06163007","TENDE_SAPC",44.043167,7.586,636,2000121921,0.,1,"","","","","","","","","","","","","","","","","","","","","","","","","","","","","","","","","","",1.9,1,-1.9,1,1.9,1,"","",2.1,1,"","","","","","","","","","","","","","","","","","","","",76,1,"","","","","","","","","","","","",5.3,1,"","","","","","","","","","","","","","","","","","","","","","","","","","","","","","","","","","","","","","","","","","","","","","","","","","","","","","","","","","","","","","","","","","","","","","","","","","","","","","","","","","","","","","","","","","","","","","","","","","","","","","","","","","","","","","","","","","","",""
"06163007","TENDE_SAPC",44.043167,7.586,636,2000122000,0.,1,"","","","","","","","","","","","","","","","","","","","","","","","","","","","","","","","","","",3.,1,-0.8,1,2.9,1,"","",3.,1,"","","","","","","","","","","","","","","","","","","","",76,1,"","","","","","","","","","","","",5.8,1,"","","","","","","","","","","","","","","","","","","","","","","","","","","","","","","","","","","","","","","","","","","","","","","","","","","","","","","","","","","","","","","","","","","","","","","","","","","","","","","","","","","","","","","","","","","","","","","","","","","","","","","","","","","","","","","","","","","",""
"06163007","TENDE_SAPC",44.043167,7.586,636,2000122001,0.,1,"","","","","","","","","","","","","","","","","","","","","","","","","","","","","","","","","","",2.9,1,-0.9,1,2.9,1,"","",3.1,1,"","","","","","","","","","","","","","","","","","","","",76,1,"","","","","","","","","","","","",5.7,1,"","","","","","","","","","","","","","","","","","","","","","","","","","","","","","","","","","","","","","","","","","","","","","","","","","","","","","","","","","","","","","","","","","","","","","","","","","","","","","","","","","","","","","","","","","","","","","","","","","","","","","","","","","","","","","","","","","","",""
"06163007","TENDE_SAPC",44.043167,7.586,636,2000122002,0.,1,"","","","","","","","","","","","","","","","","","","","","","","","","","","","","","","","","","",2.5,1,-1.1,1,2.5,1,"","",2.9,1,"","","","","","","","","","","","","","","","","","","","",77,1,"","","","","","","","","","","","",5.6,1,"","","","","","","","","","","","","","","","","","","","","","","","","","","","","","","","","","","","","","","","","","","","","","","","","","","","","","","","","","","","","","","","","","","","","","","","","","","","","","","","","","","","","","","","","","","","","","","","","","","","","","","","","","","","","","","","","","","",""
"06163007","TENDE_SAPC",44.043167,7.586,636,2000122003,0.,1,"","","","","","","","","","","","","","","","","","","","","","","","","","","","","","","","","","",1.6,1,-1.8,1,1.6,1,"","",2.5,1,"","","","","","","","","","","","","","","","","","","","",78,1,"","","","","","","","","","","","",5.3,1,"","","","","","","","","","","","","","","","","","","","","","","","","","","","","","","","","","","","","","","","","","","","","","","","","","","","","","","","","","","","","","","","","","","","","","","","","","","","","","","","","","","","","","","","","","","","","","","","","","","","","","","","","","","","","","","","","","","",""
"06163007","TENDE_SAPC",44.043167,7.586,636,2000122004,0.,1,"","","","","","","","","","","","","","","","","","","","","","","","","","","","","","","","","","",0.6,1,-2.8,1,0.6,1,"","",1.5,1,"","","","","","","","","","","","","","","","","","","","",78,1,"","","","","","","","","","","","",5.,1,"","","","","","","","","","","","","","","","","","","","","","","","","","","","","","","","","","","","","","","","","","","","","","","","","","","","","","","","","","","","","","","","","","","","","","","","","","","","","","","","","","","","","","","","","","","","","","","","","","","","","","","","","","","","","","","","","","","",""
"06163007","TENDE_SAPC",44.043167,7.586,636,2000122005,0.,1,"","","","","","","","","","","","","","","","","","","","","","","","","","","","","","","","","","",-0.4,1,-3.3,1,-0.4,1,"","",0.6,1,"","","","","","","","","","","","","","","","","","","","",81,1,"","","","","","","","","","","","",4.8,1,"","","","","","","","","","","","","","","","","","","","","","","","","","","","","","","","","","","","","","","","","","","","","","","","","","","","","","","","","","","","","","","","","","","","","","","","","","","","","","","","","","","","","","","","","","","","","","","","","","","","","","","","","","","","","","","","","","","",""
"06163007","TENDE_SAPC",44.043167,7.586,636,2000122006,0.,1,"","","","","","","","","","","","","","","","","","","","","","","","","","","","","","","","","","",-0.6,1,-3.3,1,-0.6,1,"","",-0.3,1,"","","","","","","","","","","","","","","","","","","","",82,1,"","","","","","","","","","","","",4.8,1,"","","","","","","","","","","","","","","","","","","","","","","","","","","","","","","","","","","","","","","","","","","","","","","","","","","","","","","","","","","","","","","","","","","","","","","","","","","","","","","","","","","","","","","","","","","","","","","","","","","","","","","","","","","","","","","","","","","",""
"06163007","TENDE_SAPC",44.043167,7.586,636,2000122011,"","","","","","","","","","","","","","","","","","","","","","","","","","","","","","","","","","","","","",1,"","","",1,"",1,"",1,"",1,"",1,"","","","","","","","","","","","","","","","",64,1,"","","","","","","","","","","","","","","","","","","","","","","","","","","","","","","","","","","","","","","","","","","","","","","","","","","","","","","","","","","","","","","","","","","","","","","","","","","","","","","","","","","","","","","","","","","","","","","","","","","","","","","","","","","","","","","","","","","","","","","","","","","","","","","","","",""
"06163007","TENDE_SAPC",44.043167,7.586,636,2000122012,0.,1,"","","","","","","","","","","","","","","","","","","","","","","","","","","","","","","","","","","",1,"","","",1,"",1,"",1,"",1,"",1,"","","","","","","","","","","","","","","","",37,1,"","","","","","","","","","","","","","","","","","","","","","","","","","","","","","","","","","","","","","","","","","","","","","","","","","","","","","","","","","","","","","","","","","","","","","","","","","","","","","","","","","","","","","","","","","","","","","","","","","","","","","","","","","","","","","","","","","","","","","","","","","","","","","","","","",""
"06163007","TENDE_SAPC",44.043167,7.586,636,2000122211,"","","","","","","","","","","","","","","","","","","","","","","","","","","","","","","","","","","","","",1,"","","",1,"",1,"",1,"",1,"",1,"","","","","","","","","","","","","","","","",48,1,"","","","","","","","","","","","","","","","","","","","","","","","","","","","","","","","","","","","","","","","","","","","","","","","","","","","","","","","","","","","","","","","","","","","","","","","","","","","","","","","","","","","","","","","","","","","","","","","","","","","","","","","","","","","","","","","","","","","","","","","","","","","","","","","","",""
"06163007","TENDE_SAPC",44.043167,7.586,636,2000122212,0.,1,"","","","","","","","","","","","","","","","","","","","","","","","","","","","","","","","","","","",1,"","","",1,"",1,"",1,"",1,"",1,"","","","","","","","","","","","","","","","",22,1,"","","","","","","","","","","","","","","","","","","","","","","","","","","","","","","","","","","","","","","","","","","","","","","","","","","","","","","","","","","","","","","","","","","","","","","","","","","","","","","","","","","","","","","","","","","","","","","","","","","","","","","","","","","","","","","","","","","","","","","","","","","","","","","","","",""
"06163007","TENDE_SAPC",44.043167,7.586,636,2000122311,"","","","","","","","","","","","","","","","","","","","","","","","","","","","","","","","","","","","","",1,"","","",1,"",1,"",1,"",1,"",1,"","","","","","","","","","","","","","","","",25,1,"","","","","","","","","","","","","","","","","","","","","","","","","","","","","","","","","","","","","","","","","","","","","","","","","","","","","","","","","","","","","","","","","","","","","","","","","","","","","","","","","","","","","","","","","","","","","","","","","","","","","","","","","","","","","","","","","","","","","","","","","","","","","","","","","",""
"06163007","TENDE_SAPC",44.043167,7.586,636,2000122312,0.,1,"","","","","","","","","","","","","","","","","","","","","","","","","","","","","","","","","","","",1,"","","",1,"",1,"",1,"",1,"",1,"","","","","","","","","","","","","","","","",21,1,"","","","","","","","","","","","","","","","","","","","","","","","","","","","","","","","","","","","","","","","","","","","","","","","","","","","","","","","","","","","","","","","","","","","","","","","","","","","","","","","","","","","","","","","","","","","","","","","","","","","","","","","","","","","","","","","","","","","","","","","","","","","","","","","","",""
"06163007","TENDE_SAPC",44.043167,7.586,636,2000122313,0.,1,"","","","","","","","","","","","","","","","","","","","","","","","","","","","","","","","","","","",1,"","","",1,"",1,"",1,"",1,"",1,"","","","","","","","","","","","","","","","",25,1,"","","","","","","","","","","","","","","","","","","","","","","","","","","","","","","","","","","","","","","","","","","","","","","","","","","","","","","","","","","","","","","","","","","","","","","","","","","","","","","","","","","","","","","","","","","","","","","","","","","","","","","","","","","","","","","","","","","","","","","","","","","","","","","","","",""
"06163007","TENDE_SAPC",44.043167,7.586,636,2000122811,"","","","","","","","","","","","","","","","","","","","","","","","","","","","","","","","","","","","","",1,"","","",1,"",1,"",1,"",1,"",1,"","","","","","","","","","","","","","","","",48,1,"","","","","","","","","","","","","","","","","","","","","","","","","","","","","","","","","","","","","","","","","","","","","","","","","","","","","","","","","","","","","","","","","","","","","","","","","","","","","","","","","","","","","","","","","","","","","","","","","","","","","","","","","","","","","","","","","","","","","","","","","","","","","","","","","",""
"06163007","TENDE_SAPC",44.043167,7.586,636,2000122812,0.,1,"","","","","","","","","","","","","","","","","","","","","","","","","","","","","","","","","","","",1,"","","",1,"",1,"",1,"",1,"",1,"","","","","","","","","","","","","","","","",43,1,"","","","","","","","","","","","","","","","","","","","","","","","","","","","","","","","","","","","","","","","","","","","","","","","","","","","","","","","","","","","","","","","","","","","","","","","","","","","","","","","","","","","","","","","","","","","","","","","","","","","","","","","","","","","","","","","","","","","","","","","","","","","","","","","","",""
"06163007","TENDE_SAPC",44.043167,7.586,636,2000122813,0.,1,"","","","","","","","","","","","","","","","","","","","","","","","","","","","","","","","","","","",1,"","","",1,"",1,"",1,"",1,"",1,"","","","","","","","","","","","","","","","",44,1,"","","","","","","","","","","","","","","","","","","","","","","","","","","","","","","","","","","","","","","","","","","","","","","","","","","","","","","","","","","","","","","","","","","","","","","","","","","","","","","","","","","","","","","","","","","","","","","","","","","","","","","","","","","","","","","","","","","","","","","","","","","","","","","","","",""
"06163007","TENDE_SAPC",44.043167,7.586,636,2000122814,0.,1,"","","","","","","","","","","","","","","","","","","","","","","","","","","","","","","","","","","",1,"","","",1,"",1,"",1,"",1,"",1,"","","","","","","","","","","","","","","","",56,1,"","","","","","","","","","","","","","","","","","","","","","","","","","","","","","","","","","","","","","","","","","","","","","","","","","","","","","","","","","","","","","","","","","","","","","","","","","","","","","","","","","","","","","","","","","","","","","","","","","","","","","","","","","","","","","","","","","","","","","","","","","","","","","","","","",""
"06163007","TENDE_SAPC",44.043167,7.586,636,2000122911,"","","","","","","","","","","","","","","","","","","","","","","","","","","","","","","","","","","","","",1,"","","",1,"",1,"",1,"",1,"",1,"","","","","","","","","","","","","","","","",45,1,"","","","","","","","","","","","","","","","","","","","","","","","","","","","","","","","","","","","","","","","","","","","","","","","","","","","","","","","","","","","","","","","","","","","","","","","","","","","","","","","","","","","","","","","","","","","","","","","","","","","","","","","","","","","","","","","","","","","","","","","","","","","","","","","","",""
"06163007","TENDE_SAPC",44.043167,7.586,636,2000122912,0.,1,"","","","","","","","","","","","","","","","","","","","","","","","","","","","","","","","","","","",1,"","","",1,"",1,"",1,"",1,"",1,"","","","","","","","","","","","","","","","",39,1,"","","","","","","","","","","","","","","","","","","","","","","","","","","","","","","","","","","","","","","","","","","","","","","","","","","","","","","","","","","","","","","","","","","","","","","","","","","","","","","","","","","","","","","","","","","","","","","","","","","","","","","","","","","","","","","","","","","","","","","","","","","","","","","","","",""
