"NUM_POSTE","NOM_USUEL","LAT","LON","ALTI","AAAAMMJJHH","RR1","QRR1","DRR1","QDRR1","FF","QFF","DD","QDD","FXY","QFXY","DXY","QDXY","HXY","QHXY","FXI","QFXI","DXI","QDXI","HXI","QHXI","FF2","QFF2","DD2","QDD2","FXI2","QFXI2","DXI2","QDXI2","HXI2","QHXI2","FXI3S","QFXI3S","DXI3S","QDXI3S","HFXI3S","QHFXI3S","T","QT","TD","QTD","TN","QTN","HTN","QHTN","TX","QTX","HTX","QHTX","DG","QDG","T10","QT10","T20","QT20","T50","QT50","T100","QT100","TNSOL","QTNSOL","TN50","QTN50","TCHAUSSEE","QTCHAUSSEE","DHUMEC","QDHUMEC","U","QU","UN","QUN","HUN","QHUN","UX","QUX","HUX","QHUX","DHUMI40","QDHUMI40","DHUMI80","QDHUMI80","TSV","QTSV","PMER","QPMER","PSTAT","QPSTAT","PMERMIN","QPMERMIN","GEOP","QGEOP","N","QN","NBAS","QNBAS","CL","QCL","CM","QCM","CH","QCH","N1","QN1","C1","QC1","B1","QB1","N2","QN2","C2","QC2","B2","QB2","N3","QN3","C3","QC3","B3","QB3","N4","QN4","C4","QC4","B4","QB4","VV","QVV","DVV200","QDVV200","WW","QWW","W1","QW1","W2","QW2","SOL","QSOL","SOLNG","QSOLNG","TMER","QTMER","VVMER","QVVMER","ETATMER","QETATMER","DIRHOULE","QDIRHOULE","HVAGUE","QHVAGUE","PVAGUE","QPVAGUE","HNEIGEF","QHNEIGEF","NEIGETOT","QNEIGETOT","TSNEIGE","QTSNEIGE","TUBENEIGE","QTUBENEIGE","HNEIGEFI3","QHNEIGEFI3","HNEIGEFI1","QHNEIGEFI1","ESNEIGE","QESNEIGE","CHARGENEIGE","QCHARGENEIGE","GLO","QGLO","GLO2","QGLO2","DIR","QDIR","DIR2","QDIR2","DIF","QDIF","DIF2","QDIF2","UV","QUV","UV2","QUV2","UV_INDICE","QUV_INDICE","INFRAR","QINFRAR","INFRAR2","QINFRAR2","INS","QINS","INS2","QINS2","TLAGON","QTLAGON","TVEGETAUX","QTVEGETAUX","ECOULEMENT","QECOULEMENT"
"35049001","CANCALE",48.711667,-1.843333,40,1981010100,"","","","",15.,1,260,1,"","","","","","","","","","","","","","","","","","","","","","","","","","","","",7.5,1,6.2,1,"","","","","","","","","","","","","","","","","","","","","","","","","","",93,1,"","","","","","","","","","","","",9.6,1,1028.6,1,"","","","","","",0,1,"","",0,1,0,1,0,1,"","","","","","","","","","","","","","","","","","","","","","","","",15000,1,"","",0,1,"","","","","","","","","","","","",4,1,"","","","","","","","","","","","","","","","","","","","","","","","","","","","","","","","","","","","","","","","","","","","","","","","","","","","","",""
"35049001","CANCALE",48.711667,-1.843333,40,1981010103,"","","","",11.,1,280,1,"","","","","","","","","","","","","","","","","","","","","","","","","","","","",8.5,1,5.7,1,"","","","","","","","","","","","","","","","","","","","","","","","","","",84,1,"","","","","","","","","","","","",9.3,1,1029.6,1,"","","","","","",1,1,0,1,0,1,4,1,0,1,"","","","","","","","","","","","","","","","","","","","","","","","",25000,1,"","",0,1,"","","","","","","","","","","","",4,1,"","","","","","","","","","","","","","","","","","","","","","","","","","","","","","","","","","","","","","","","","","","","","","","","","","","","","",""
"35049001","CANCALE",48.711667,-1.843333,40,1981010106,"","","","",14.,1,280,1,"","","","","","","","","","","","","","","","","","","","","","","","","","","","",7.8,1,5.9,1,"","","","","","","","","","","","","","","","","","","","","","","","","","",89,1,"","","","","","","","","","","","",9.4,1,1030.3,1,"","","","","","",5,1,5,1,8,1,0,1,0,1,"","","","","","","","","","","","","","","","","","","","","","","","",30000,1,"","",0,1,"","","","",1,1,"","","","","","",4,1,"","","","","","","","","","","","","","","","","","","","","","","","","","","","","","","","","","","","","","","","","","","","","","","","","","","","","",""
"35049001","CANCALE",48.711667,-1.843333,40,1981010109,"","","","",15.,1,280,1,"","","","","","","","","","","","","","","","","","","","","","","","","","","","",7.5,1,2.9,1,"","","","","","","","","","","","","","","","","","","","","","","","","","",73,1,"","","","","","","","","","","","",7.6,1,1032.7,1,"","","","","","",6,1,6,1,8,1,0,1,0,1,"","","","","","","","","","","","","","","","","","","","","","","","",30000,1,"","",20,1,2,1,"","","","","","","","","","",4,1,"","","","","","","","","","","","","","","","","","","","","","","","","","","","","","","","","","","","","","","","","","","","","","","","","","","","","",""
"35049001","CANCALE",48.711667,-1.843333,40,1981010112,"","","","",12.,1,300,1,"","","","","","","","","","","","","","","","","","","","","","","","","","","","",8.2,1,2.4,1,"","","","","","","","","","","","","","","","","","","","","","","","","","",67,1,"","","","","","","","","","","","",7.3,1,1034.5,1,"","","","","","",6,1,6,1,8,1,0,1,0,1,"","","","","","","","","","","","","","","","","","","","","","","","",35000,1,"","",2,1,5,1,"","","","","","","","","","",5,1,"","","","","","","","","","","","","","","","","","","","","","","","","","","","","","","","","","","","","","","","","","","","","","","","","","","","","",""
"35049001","CANCALE",48.711667,-1.843333,40,1981010115,"","","","",8.,1,300,1,"","","","","","","","","","","","","","","","","","","","","","","","","","","","",8.,1,3.3,1,"","","","","","","","","","","","","","","","","","","","","","","","","","",72,1,"","","","","","","","","","","","",7.8,1,1034.5,1,"","","","","","",7,1,7,1,8,1,"","","","","","","","","","","","","","","","","","","","","","","","","","","","",25000,1,"","",80,1,1,1,"","","","","","","","","","",4,1,"","","","","","","","","","","","","","","","","","","","","","","","","","","","","","","","","","","","","","","","","","","","","","","","","","","","","",""
"35049001","CANCALE",48.711667,-1.843333,40,1981010118,"","","","",6.,1,300,1,"","","","","","","","","","","","","","","","","","","","","","","","","","","","",8.,1,3.3,1,"","","","","","","","","","","","","","","","","","","","","","","","","","",72,1,"","","","","","","","","","","","",7.8,1,1035.5,1,"","","","","","",7,1,7,1,8,1,"","","","","","","","","","","","","","","","","","","","","","","","","","","","",30000,1,"","",2,1,8,1,"","","","","","","","","","",4,1,"","","","","","","","","","","","","","","","","","","","","","","","","","","","","","","","","","","","","","","","","","","","","","","","","","","","","",""
"35049001","CANCALE",48.711667,-1.843333,40,1981010121,"","","","",5.,1,280,1,"","","","","","","","","","","","","","","","","","","","","","","","","","","","",7.8,1,4.5,1,"","","","","","","","","","","","","","","","","","","","","","","","","","",80,1,"","","","","","","","","","","","",8.5,1,1035.5,1,"","","","","","",5,1,5,1,0,1,7,1,0,1,"","","","","","","","","","","","","","","","","","","","","","","","",30000,1,"","",0,1,"","","","","","","","","","","","",3,1,"","","","","","","","","","","","","","","","","","","","","","","","","","","","","","","","","","","","","","","","","","","","","","","","","","","","","",""
"35049001","CANCALE",48.711667,-1.843333,40,1981010200,"","","","",6.,1,280,1,"","","","","","","","","","","","","","","","","","","","","","","","","","","","",7.4,1,4.3,1,"","","","","","","","","","","","","","","","","","","","","","","","","","",81,1,"","","","","","","","","","","","",8.4,1,1034.6,1,"","","","","","",7,1,7,1,8,1,"","","","","","","","","","","","","","","","","","","","","","","","","","","","",30000,1,"","",0,1,"","","","","","","","","","","","",4,1,"","","","","","","","","","","","","","","","","","","","","","","","","","","","","","","","","","","","","","","","","","","","","","","","","","","","","",""
"35049001","CANCALE",48.711667,-1.843333,40,1981010203,"","","","",8.,1,280,1,"","","","","","","","","","","","","","","","","","","","","","","","","","","","",7.4,1,5.3,1,"","","","","","","","","","","","","","","","","","","","","","","","","","",87,1,"","","","","","","","","","","","",9.,1,1032.2,1,"","","","","","",7,1,7,1,8,1,"","","","","","","","","","","","","","","","","","","","","","","","","","","","",30000,1,"","",0,1,"","","","","","","","","","","","",4,1,"","","","","","","","","","","","","","","","","","","","","","","","","","","","","","","","","","","","","","","","","","","","","","","","","","","","","",""
"35049001","CANCALE",48.711667,-1.843333,40,1981010206,"","","","",8.,1,280,1,"","","","","","","","","","","","","","","","","","","","","","","","","","","","",8.2,1,6.,1,"","","","","","","","","","","","","","","","","","","","","","","","","","",87,1,"","","","","","","","","","","","",9.5,1,1030.4,1,"","","","","","",8,1,8,1,8,1,"","","","","","","","","","","","","","","","","","","","","","","","","","","","",30000,1,"","",0,1,"","","","",1,1,"","","","","","",4,1,"","","","","","","","","","","","","","","","","","","","","","","","","","","","","","","","","","","","","","","","","","","","","","","","","","","","","",""
"35049001","CANCALE",48.711667,-1.843333,40,1981010209,"","","","",9.,1,280,1,"","","","","","","","","","","","","","","","","","","","","","","","","","","","",7.5,1,6.2,1,"","","","","","","","","","","","","","","","","","","","","","","","","","",93,1,"","","","","","","","","","","","",9.6,1,1029.2,1,"","","","","","",8,1,8,1,8,1,"","","","","","","","","","","","","","","","","","","","","","","","","","","","",15000,1,"","",25,1,2,1,"","","","","","","","","","",4,1,"","","","","","","","","","","","","","","","","","","","","","","","","","","","","","","","","","","","","","","","","","","","","","","","","","","","","",""
"35049001","CANCALE",48.711667,-1.843333,40,1981010212,"","","","",12.,1,280,1,"","","","","","","","","","","","","","","","","","","","","","","","","","","","",8.2,1,6.4,1,"","","","","","","","","","","","","","","","","","","","","","","","","","",90,1,"","","","","","","","","","","","",9.8,1,1027.7,1,"","","","","","",8,1,8,1,8,1,"","","","","","","","","","","","","","","","","","","","","","","","","","","","",18000,1,"","",25,1,8,1,"","","","","","","","","","",4,1,"","","","","","","","","","","","","","","","","","","","","","","","","","","","","","","","","","","","","","","","","","","","","","","","","","","","","",""
"35049001","CANCALE",48.711667,-1.843333,40,1981010215,"","","","",10.,1,280,1,"","","","","","","","","","","","","","","","","","","","","","","","","","","","",8.8,1,6.4,1,"","","","","","","","","","","","","","","","","","","","","","","","","","",87,1,"","","","","","","","","","","","",9.8,1,1025.5,1,"","","","","","",8,1,8,1,8,1,"","","","","","","","","","","","","","","","","","","","","","","","","","","","",20000,1,"","",2,1,8,1,"","","","","","","","","","",4,1,"","","","","","","","","","","","","","","","","","","","","","","","","","","","","","","","","","","","","","","","","","","","","","","","","","","","","",""
"35049001","CANCALE",48.711667,-1.843333,40,1981010218,"","","","",11.,1,260,1,"","","","","","","","","","","","","","","","","","","","","","","","","","","","",9.7,1,6.9,1,"","","","","","","","","","","","","","","","","","","","","","","","","","",84,1,"","","","","","","","","","","","",10.1,1,1024.1,1,"","","","","","",8,1,8,1,8,1,"","","","","","","","","","","","","","","","","","","","","","","","","","","","",25000,1,"","",2,1,8,1,"","","","","","","","","","",4,1,"","","","","","","","","","","","","","","","","","","","","","","","","","","","","","","","","","","","","","","","","","","","","","","","","","","","","",""
"35049001","CANCALE",48.711667,-1.843333,40,1981010221,"","","","",10.,1,280,1,"","","","","","","","","","","","","","","","","","","","","","","","","","","","",9.5,1,6.2,1,"","","","","","","","","","","","","","","","","","","","","","","","","","",80,1,"","","","","","","","","","","","",9.6,1,1023.5,1,"","","","","","",8,1,8,1,8,1,"","","","","","","","","","","","","","","","","","","","","","","","","","","","",25000,1,"","",0,1,"","","","","","","","","","","","",5,1,"","","","","","","","","","","","","","","","","","","","","","","","","","","","","","","","","","","","","","","","","","","","","","","","","","","","","",""
"35049001","CANCALE",48.711667,-1.843333,40,1981010300,"","","","",11.,1,260,1,"","","","","","","","","","","","","","","","","","","","","","","","","","","","",9.5,1,6.,1,"","","","","","","","","","","","","","","","","","","","","","","","","","",80,1,"","","","","","","","","","","","",9.5,1,1021.5,1,"","","","","","",8,1,8,1,8,1,"","","","","","","","","","","","","","","","","","","","","","","","","","","","",25000,1,"","",0,1,"","","","","","","","","","","","",5,1,"","","","","","","","","","","","","","","","","","","","","","","","","","","","","","","","","","","","","","","","","","","","","","","","","","","","","",""
"35049001","CANCALE",48.711667,-1.843333,40,1981010303,"","","","",12.,1,260,1,"","","","","","","","","","","","","","","","","","","","","","","","","","","","",10.,1,6.6,1,"","","","","","","","","","","","","","","","","","","","","","","","","","",80,1,"","","","","","","","","","","","",9.9,1,1019.1,1,"","","","","","",3,1,0,1,8,1,0,1,0,1,"","","","","","","","","","","","","","","","","","","","","","","","",30000,1,"","",0,1,"","","","","","","","","","","","",5,1,"","","","","","","","","","","","","","","","","","","","","","","","","","","","","","","","","","","","","","","","","","","","","","","","","","","","","",""
"35049001","CANCALE",48.711667,-1.843333,40,1981010306,"","","","",16.,1,260,1,"","","","","","","","","","","","","","","","","","","","","","","","","","","","",9.8,1,6.9,1,"","","","","","","","","","","","","","","","","","","","","","","","","","",83,1,"","","","","","","","","","","","",10.1,1,1016.2,1,"","","","","","",7,1,7,1,8,1,"","","","","","","","","","","","","","","","","","","","","","","","","","","","",25000,1,"","",0,1,"","","","",1,1,"","","","","","",5,1,"","","","","","","","","","","","","","","","","","","","","","","","","","","","","","","","","","","","","","","","","","","","","","","","","","","","","",""
"35049001","CANCALE",48.711667,-1.843333,40,1981010309,"","","","",14.,1,260,1,"","","","","","","","","","","","","","","","","","","","","","","","","","","","",9.7,1,8.2,1,"","","","","","","","","","","","","","","","","","","","","","","","","","",92,1,"","","","","","","","","","","","",11.1,1,1016.2,1,"","","","","","",8,1,8,1,7,1,"","","","","","","","","","","","","","","","","","","","","","","","","","","","",7000,1,"","",21,1,6,1,"","","","","","","","","","",5,1,"","","","","","","","","","","","","","","","","","","","","","","","","","","","","","","","","","","","","","","","","","","","","","","","","","","","","",""
"35049001","CANCALE",48.711667,-1.843333,40,1981010312,"","","","",15.,1,260,1,"","","","","","","","","","","","","","","","","","","","","","","","","","","","",10.1,1,8.7,1,"","","","","","","","","","","","","","","","","","","","","","","","","","",94,1,"","","","","","","","","","","","",11.5,1,1014.4,1,"","","","","","",8,1,8,1,7,1,"","","","","","","","","","","","","","","","","","","","","","","","","","","","",5000,1,"","",60,1,6,1,"","","","","","","","","","",5,1,"","","","","","","","","","","","","","","","","","","","","","","","","","","","","","","","","","","","","","","","","","","","","","","","","","","","","",""
"35049001","CANCALE",48.711667,-1.843333,40,1981010315,"","","","",16.,1,260,1,"","","","","","","","","","","","","","","","","","","","","","","","","","","","",9.8,1,8.9,1,"","","","","","","","","","","","","","","","","","","","","","","","","","",96,1,"","","","","","","","","","","","",11.6,1,1013.,1,"","","","","","",8,1,8,1,7,1,"","","","","","","","","","","","","","","","","","","","","","","","","","","","",3000,1,"","",60,1,6,1,"","","","","","","","","","",5,1,"","","","","","","","","","","","","","","","","","","","","","","","","","","","","","","","","","","","","","","","","","","","","","","","","","","","","",""
"35049001","CANCALE",48.711667,-1.843333,40,1981010318,"","","","",11.,1,280,1,"","","","","","","","","","","","","","","","","","","","","","","","","","","","",8.8,1,8.,1,"","","","","","","","","","","","","","","","","","","","","","","","","","",96,1,"","","","","","","","","","","","",10.9,1,1013.4,1,"","","","","","",8,1,8,1,7,1,"","","","","","","","","","","","","","","","","","","","","","","","","","","","",3000,1,"","",60,1,6,1,"","","","","","","","","","",5,1,"","","","","","","","","","","","","","","","","","","","","","","","","","","","","","","","","","","","","","","","","","","","","","","","","","","","","",""
"35049001","CANCALE",48.711667,-1.843333,40,1981010321,"","","","",3.,1,280,1,"","","","","","","","","","","","","","","","","","","","","","","","","","","","",8.,1,6.9,1,"","","","","","","","","","","","","","","","","","","","","","","","","","",97,1,"","","","","","","","","","","","",10.1,1,1013.2,1,"","","","","","",8,1,8,1,7,1,"","","","","","","","","","","","","","","","","","","","","","","","","","","","",4000,1,"","",60,1,"","","","","","","","","","","","",5,1,"","","","","","","","","","","","","","","","","","","","","","","","","","","","","","","","","","","","","","","","","","","","","","","","","","","","","",""
"35049001","CANCALE",48.711667,-1.843333,40,1981010400,"","","","",1.,1,260,1,"","","","","","","","","","","","","","","","","","","","","","","","","","","","",7.8,1,6.7,1,"","","","","","","","","","","","","","","","","","","","","","","","","","",94,1,"","","","","","","","","","","","",10.,1,1010.4,1,"","","","","","",8,1,8,1,7,1,"","","","","","","","","","","","","","","","","","","","","","","","","","","","",10000,1,"","",0,1,"","","","","","","","","","","","",4,1,"","","","","","","","","","","","","","","","","","","","","","","","","","","","","","","","","","","","","","","","","","","","","","","","","","","","","",""
"35049001","CANCALE",48.711667,-1.843333,40,1981010403,"","","","",0.,1,0,1,"","","","","","","","","","","","","","","","","","","","","","","","","","","","",7.4,1,6.3,1,"","","","","","","","","","","","","","","","","","","","","","","","","","",94,1,"","","","","","","","","","","","",9.7,1,1008.6,1,"","","","","","",8,1,8,1,7,1,"","","","","","","","","","","","","","","","","","","","","","","","","","","","",15000,1,"","",0,1,"","","","","","","","","","","","",4,1,"","","","","","","","","","","","","","","","","","","","","","","","","","","","","","","","","","","","","","","","","","","","","","","","","","","","","",""
"35049001","CANCALE",48.711667,-1.843333,40,1981010406,"","","","",1.,1,360,1,"","","","","","","","","","","","","","","","","","","","","","","","","","","","",6.7,1,5.9,1,"","","","","","","","","","","","","","","","","","","","","","","","","","",95,1,"","","","","","","","","","","","",9.4,1,1010.2,1,"","","","","","",8,1,8,1,5,1,"","","","","","","","","","","","","","","","","","","","","","","","","","","","",25000,1,"","",0,1,"","","","",2,1,"","","","","","",3,1,"","","","","","","","","","","","","","","","","","","","","","","","","","","","","","","","","","","","","","","","","","","","","","","","","","","","","",""
"35049001","CANCALE",48.711667,-1.843333,40,1981010409,"","","","",10.,1,300,1,"","","","","","","","","","","","","","","","","","","","","","","","","","","","",7.5,1,2.9,1,"","","","","","","","","","","","","","","","","","","","","","","","","","",73,1,"","","","","","","","","","","","",7.6,1,1013.6,1,"","","","","","",3,1,0,1,8,1,0,1,1,1,"","","","","","","","","","","","","","","","","","","","","","","","",25000,1,"","",1,1,1,1,"","","","","","","","","","",4,1,"","","","","","","","","","","","","","","","","","","","","","","","","","","","","","","","","","","","","","","","","","","","","","","","","","","","","",""
"35049001","CANCALE",48.711667,-1.843333,40,1981010412,"","","","",13.,1,300,1,"","","","","","","","","","","","","","","","","","","","","","","","","","","","",7.7,1,2.5,1,"","","","","","","","","","","","","","","","","","","","","","","","","","",71,1,"","","","","","","","","","","","",7.4,1,1015.9,1,"","","","","","",4,1,0,1,2,1,0,1,1,1,"","","","","","","","","","","","","","","","","","","","","","","","",30000,1,"","",2,1,1,1,"","","","","","","","","","",4,1,"","","","","","","","","","","","","","","","","","","","","","","","","","","","","","","","","","","","","","","","","","","","","","","","","","","","","",""
"35049001","CANCALE",48.711667,-1.843333,40,1981010415,"","","","",17.,1,300,1,"","","","","","","","","","","","","","","","","","","","","","","","","","","","",7.7,1,2.,1,"","","","","","","","","","","","","","","","","","","","","","","","","","",68,1,"","","","","","","","","","","","",7.1,1,1017.1,1,"","","","","","",5,1,5,1,4,1,0,1,0,1,"","","","","","","","","","","","","","","","","","","","","","","","",30000,1,"","",2,1,1,1,"","","","","","","","","","",5,1,"","","","","","","","","","","","","","","","","","","","","","","","","","","","","","","","","","","","","","","","","","","","","","","","","","","","","",""
"35049001","CANCALE",48.711667,-1.843333,40,1981010418,"","","","",19.,1,280,1,"","","","","","","","","","","","","","","","","","","","","","","","","","","","",7.5,1,0.8,1,"","","","","","","","","","","","","","","","","","","","","","","","","","",63,1,"","","","","","","","","","","","",6.5,1,1019.5,1,"","","","","","",6,1,6,1,3,1,0,1,0,1,"","","","","","","","","","","","","","","","","","","","","","","","",30000,1,"","",2,1,8,1,"","","","","","","","","","",5,1,"","","","","","","","","","","","","","","","","","","","","","","","","","","","","","","","","","","","","","","","","","","","","","","","","","","","","",""
"35049001","CANCALE",48.711667,-1.843333,40,1981010421,"","","","",17.,1,280,1,"","","","","","","","","","","","","","","","","","","","","","","","","","","","",6.7,1,2.2,1,"","","","","","","","","","","","","","","","","","","","","","","","","","",75,1,"","","","","","","","","","","","",7.2,1,1022.1,1,"","","","","","",4,1,0,1,5,1,0,1,0,1,"","","","","","","","","","","","","","","","","","","","","","","","",30000,1,"","",0,1,"","","","","","","","","","","","",5,1,"","","","","","","","","","","","","","","","","","","","","","","","","","","","","","","","","","","","","","","","","","","","","","","","","","","","","",""
"35049001","CANCALE",48.711667,-1.843333,40,1981010500,"","","","",15.,1,300,1,"","","","","","","","","","","","","","","","","","","","","","","","","","","","",6.3,1,-0.5,1,"","","","","","","","","","","","","","","","","","","","","","","","","","",62,1,"","","","","","","","","","","","",5.9,1,1023.6,1,"","","","","","",3,1,0,1,5,1,0,1,0,1,"","","","","","","","","","","","","","","","","","","","","","","","",30000,1,"","",0,1,"","","","","","","","","","","","",5,1,"","","","","","","","","","","","","","","","","","","","","","","","","","","","","","","","","","","","","","","","","","","","","","","","","","","","","",""
"35049001","CANCALE",48.711667,-1.843333,40,1981010503,"","","","",13.,1,300,1,"","","","","","","","","","","","","","","","","","","","","","","","","","","","",6.,1,-0.9,1,"","","","","","","","","","","","","","","","","","","","","","","","","","",61,1,"","","","","","","","","","","","",5.7,1,1024.8,1,"","","","","","",2,1,0,1,2,1,0,1,0,1,"","","","","","","","","","","","","","","","","","","","","","","","",50000,1,"","",0,1,"","","","","","","","","","","","",5,1,"","","","","","","","","","","","","","","","","","","","","","","","","","","","","","","","","","","","","","","","","","","","","","","","","","","","","",""
"35049001","CANCALE",48.711667,-1.843333,40,1981010506,"","","","",12.,1,280,1,"","","","","","","","","","","","","","","","","","","","","","","","","","","","",6.4,1,-0.9,1,"","","","","","","","","","","","","","","","","","","","","","","","","","",59,1,"","","","","","","","","","","","",5.7,1,1026.4,1,"","","","","","",5,1,5,1,8,1,0,1,0,1,"","","","","","","","","","","","","","","","","","","","","","","","",50000,1,"","",0,1,"","","","",1,1,"","","","","","",5,1,"","","","","","","","","","","","","","","","","","","","","","","","","","","","","","","","","","","","","","","","","","","","","","","","","","","","","",""
"35049001","CANCALE",48.711667,-1.843333,40,1981010509,"","","","",8.,1,300,1,"","","","","","","","","","","","","","","","","","","","","","","","","","","","",6.4,1,2.4,1,"","","","","","","","","","","","","","","","","","","","","","","","","","",76,1,"","","","","","","","","","","","",7.3,1,1028.3,1,"","","","","","",5,1,5,1,8,1,0,1,0,1,"","","","","","","","","","","","","","","","","","","","","","","","",20000,1,"","",2,1,2,1,"","","","","","","","","","",3,1,"","","","","","","","","","","","","","","","","","","","","","","","","","","","","","","","","","","","","","","","","","","","","","","","","","","","","",""
"35049001","CANCALE",48.711667,-1.843333,40,1981010512,"","","","",5.,1,300,1,"","","","","","","","","","","","","","","","","","","","","","","","","","","","",7.2,1,0.4,1,"","","","","","","","","","","","","","","","","","","","","","","","","","",62,1,"","","","","","","","","","","","",6.3,1,1028.9,1,"","","","","","",6,1,5,1,8,1,0,1,2,1,"","","","","","","","","","","","","","","","","","","","","","","","",30000,1,"","",2,1,2,1,"","","","","","","","","","",2,1,"","","","","","","","","","","","","","","","","","","","","","","","","","","","","","","","","","","","","","","","","","","","","","","","","","","","","",""
"35049001","CANCALE",48.711667,-1.843333,40,1981010515,"","","","",5.,1,240,1,"","","","","","","","","","","","","","","","","","","","","","","","","","","","",6.,1,2.6,1,"","","","","","","","","","","","","","","","","","","","","","","","","","",79,1,"","","","","","","","","","","","",7.4,1,1028.,1,"","","","","","",8,1,8,1,7,1,2,1,"","","","","","","","","","","","","","","","","","","","","","","","","","",16000,1,"","",61,1,2,1,"","","","","","","","","","",2,1,"","","","","","","","","","","","","","","","","","","","","","","","","","","","","","","","","","","","","","","","","","","","","","","","","","","","","",""
"35049001","CANCALE",48.711667,-1.843333,40,1981010518,"","","","",4.,1,200,1,"","","","","","","","","","","","","","","","","","","","","","","","","","","","",4.8,1,3.8,1,"","","","","","","","","","","","","","","","","","","","","","","","","","",94,1,"","","","","","","","","","","","",8.1,1,1026.7,1,"","","","","","",8,1,8,1,7,1,"","","","","","","","","","","","","","","","","","","","","","","","","","","","",10000,1,"","",61,1,6,1,"","","","","","","","","","",2,1,"","","","","","","","","","","","","","","","","","","","","","","","","","","","","","","","","","","","","","","","","","","","","","","","","","","","","",""
"35049001","CANCALE",48.711667,-1.843333,40,1981010521,"","","","",2.,1,200,1,"","","","","","","","","","","","","","","","","","","","","","","","","","","","",5.8,1,5.,1,"","","","","","","","","","","","","","","","","","","","","","","","","","",95,1,"","","","","","","","","","","","",8.8,1,1025.1,1,"","","","","","",8,1,8,1,7,1,"","","","","","","","","","","","","","","","","","","","","","","","","","","","",7000,1,"","",60,1,"","","","","","","","","","","","",2,1,"","","","","","","","","","","","","","","","","","","","","","","","","","","","","","","","","","","","","","","","","","","","","","","","","","","","","",""
"35049001","CANCALE",48.711667,-1.843333,40,1981010600,"","","","",8.,1,280,1,"","","","","","","","","","","","","","","","","","","","","","","","","","","","",8.2,1,7.6,1,"","","","","","","","","","","","","","","","","","","","","","","","","","",98,1,"","","","","","","","","","","","",10.6,1,1024.8,1,"","","","","","",6,1,6,1,8,1,0,1,0,1,"","","","","","","","","","","","","","","","","","","","","","","","",10000,1,"","",0,1,"","","","","","","","","","","","",3,1,"","","","","","","","","","","","","","","","","","","","","","","","","","","","","","","","","","","","","","","","","","","","","","","","","","","","","",""
"35049001","CANCALE",48.711667,-1.843333,40,1981010603,"","","","",13.,1,280,1,"","","","","","","","","","","","","","","","","","","","","","","","","","","","",8.2,1,5.7,1,"","","","","","","","","","","","","","","","","","","","","","","","","","",86,1,"","","","","","","","","","","","",9.3,1,1025.1,1,"","","","","","",8,1,8,1,8,1,"","","","","","","","","","","","","","","","","","","","","","","","","","","","",20000,1,"","",0,1,"","","","","","","","","","","","",5,1,"","","","","","","","","","","","","","","","","","","","","","","","","","","","","","","","","","","","","","","","","","","","","","","","","","","","","",""
"35049001","CANCALE",48.711667,-1.843333,40,1981010606,"","","","",14.,1,280,1,"","","","","","","","","","","","","","","","","","","","","","","","","","","","",8.4,1,5.3,1,"","","","","","","","","","","","","","","","","","","","","","","","","","",82,1,"","","","","","","","","","","","",9.,1,1025.1,1,"","","","","","",8,1,7,1,8,1,"","","","","","","","","","","","","","","","","","","","","","","","","","","","",28000,1,"","",0,1,"","","","",2,1,"","","","","","",4,1,"","","","","","","","","","","","","","","","","","","","","","","","","","","","","","","","","","","","","","","","","","","","","","","","","","","","","",""
"35049001","CANCALE",48.711667,-1.843333,40,1981010609,"","","","",13.,1,280,1,"","","","","","","","","","","","","","","","","","","","","","","","","","","","",8.6,1,5.7,1,"","","","","","","","","","","","","","","","","","","","","","","","","","",84,1,"","","","","","","","","","","","",9.3,1,1025.7,1,"","","","","","",7,1,0,1,8,1,3,1,2,1,"","","","","","","","","","","","","","","","","","","","","","","","",12000,1,"","",2,1,2,1,"","","","","","","","","","",4,1,"","","","","","","","","","","","","","","","","","","","","","","","","","","","","","","","","","","","","","","","","","","","","","","","","","","","","",""
"35049001","CANCALE",48.711667,-1.843333,40,1981010612,"","","","",13.,1,260,1,"","","","","","","","","","","","","","","","","","","","","","","","","","","","",8.5,1,4.9,1,"","","","","","","","","","","","","","","","","","","","","","","","","","",80,1,"","","","","","","","","","","","",8.8,1,1026.1,1,"","","","","","",8,1,8,1,8,1,"","","","","","","","","","","","","","","","","","","","","","","","","","","","",12000,1,"","",2,1,2,1,"","","","","","","","","","",4,1,"","","","","","","","","","","","","","","","","","","","","","","","","","","","","","","","","","","","","","","","","","","","","","","","","","","","","",""
"35049001","CANCALE",48.711667,-1.843333,40,1981010615,"","","","",13.,1,260,1,"","","","","","","","","","","","","","","","","","","","","","","","","","","","",8.2,1,6.,1,"","","","","","","","","","","","","","","","","","","","","","","","","","",88,1,"","","","","","","","","","","","",9.5,1,1026.1,1,"","","","","","",8,1,8,1,7,1,"","","","","","","","","","","","","","","","","","","","","","","","","","","","",9000,1,"","",61,1,2,1,"","","","","","","","","","",4,1,"","","","","","","","","","","","","","","","","","","","","","","","","","","","","","","","","","","","","","","","","","","","","","","","","","","","","",""
"35049001","CANCALE",48.711667,-1.843333,40,1981010618,"","","","",14.,1,260,1,"","","","","","","","","","","","","","","","","","","","","","","","","","","","",8.6,1,5.6,1,"","","","","","","","","","","","","","","","","","","","","","","","","","",83,1,"","","","","","","","","","","","",9.2,1,1025.6,1,"","","","","","",8,1,8,1,8,1,"","","","","","","","","","","","","","","","","","","","","","","","","","","","",25000,1,"","",2,1,6,1,"","","","","","","","","","",4,1,"","","","","","","","","","","","","","","","","","","","","","","","","","","","","","","","","","","","","","","","","","","","","","","","","","","","","",""
"35049001","CANCALE",48.711667,-1.843333,40,1981010621,"","","","",15.,1,260,1,"","","","","","","","","","","","","","","","","","","","","","","","","","","","",8.6,1,6.,1,"","","","","","","","","","","","","","","","","","","","","","","","","","",85,1,"","","","","","","","","","","","",9.5,1,1025.5,1,"","","","","","",8,1,8,1,5,1,"","","","","","","","","","","","","","","","","","","","","","","","","","","","",18000,1,"","",0,1,"","","","","","","","","","","","",5,1,"","","","","","","","","","","","","","","","","","","","","","","","","","","","","","","","","","","","","","","","","","","","","","","","","","","","","",""
"35049001","CANCALE",48.711667,-1.843333,40,1981010700,"","","","",14.,1,280,1,"","","","","","","","","","","","","","","","","","","","","","","","","","","","",8.5,1,5.4,1,"","","","","","","","","","","","","","","","","","","","","","","","","","",82,1,"","","","","","","","","","","","",9.1,1,1026.7,1,"","","","","","",8,1,8,1,5,1,"","","","","","","","","","","","","","","","","","","","","","","","","","","","",22000,1,"","",0,1,"","","","","","","","","","","","",5,1,"","","","","","","","","","","","","","","","","","","","","","","","","","","","","","","","","","","","","","","","","","","","","","","","","","","","","",""
"35049001","CANCALE",48.711667,-1.843333,40,1981010703,"","","","",6.,1,20,1,"","","","","","","","","","","","","","","","","","","","","","","","","","","","",5.2,1,2.2,1,"","","","","","","","","","","","","","","","","","","","","","","","","","",81,1,"","","","","","","","","","","","",7.2,1,1030.8,1,"","","","","","",3,1,0,1,2,1,0,1,0,1,"","","","","","","","","","","","","","","","","","","","","","","","",45000,1,"","",0,1,"","","","","","","","","","","","",3,1,"","","","","","","","","","","","","","","","","","","","","","","","","","","","","","","","","","","","","","","","","","","","","","","","","","","","","",""
"35049001","CANCALE",48.711667,-1.843333,40,1981010706,"","","","",3.,1,40,1,"","","","","","","","","","","","","","","","","","","","","","","","","","","","",4.8,1,1.4,1,"","","","","","","","","","","","","","","","","","","","","","","","","","",79,1,"","","","","","","","","","","","",6.8,1,1032.9,1,"","","","","","",2,1,0,1,0,1,0,1,2,1,"","","","","","","","","","","","","","","","","","","","","","","","",45000,1,"","",0,1,"","","","",0,1,"","","","","","",3,1,"","","","","","","","","","","","","","","","","","","","","","","","","","","","","","","","","","","","","","","","","","","","","","","","","","","","","",""
"35049001","CANCALE",48.711667,-1.843333,40,1981010709,"","","","",0.,1,0,1,"","","","","","","","","","","","","","","","","","","","","","","","","","","","",5.3,1,1.2,1,"","","","","","","","","","","","","","","","","","","","","","","","","","",75,1,"","","","","","","","","","","","",6.7,1,1035.4,1,"","","","","","",2,1,0,1,2,1,0,1,0,1,"","","","","","","","","","","","","","","","","","","","","","","","",25000,1,"","",2,1,0,1,"","","","","","","","","","",3,1,"","","","","","","","","","","","","","","","","","","","","","","","","","","","","","","","","","","","","","","","","","","","","","","","","","","","","",""
"35049001","CANCALE",48.711667,-1.843333,40,1981010712,"","","","",1.,1,140,1,"","","","","","","","","","","","","","","","","","","","","","","","","","","","",6.5,1,2.,1,"","","","","","","","","","","","","","","","","","","","","","","","","","",73,1,"","","","","","","","","","","","",7.1,1,1037.2,1,"","","","","","",5,1,0,1,8,1,0,1,4,1,"","","","","","","","","","","","","","","","","","","","","","","","",25000,1,"","",3,1,1,1,"","","","","","","","","","",2,1,"","","","","","","","","","","","","","","","","","","","","","","","","","","","","","","","","","","","","","","","","","","","","","","","","","","","","",""
"35049001","CANCALE",48.711667,-1.843333,40,1981010715,"","","","",0.,1,0,1,"","","","","","","","","","","","","","","","","","","","","","","","","","","","",5.5,1,2.5,1,"","","","","","","","","","","","","","","","","","","","","","","","","","",82,1,"","","","","","","","","","","","",7.4,1,1037.,1,"","","","","","",6,1,0,1,8,1,7,1,2,1,"","","","","","","","","","","","","","","","","","","","","","","","",30000,1,"","",2,1,2,1,"","","","","","","","","","",2,1,"","","","","","","","","","","","","","","","","","","","","","","","","","","","","","","","","","","","","","","","","","","","","","","","","","","","","",""
"35049001","CANCALE",48.711667,-1.843333,40,1981010718,"","","","",1.,1,280,1,"","","","","","","","","","","","","","","","","","","","","","","","","","","","",4.3,1,1.,1,"","","","","","","","","","","","","","","","","","","","","","","","","","",79,1,"","","","","","","","","","","","",6.6,1,1037.6,1,"","","","","","",1,1,0,1,8,1,0,1,0,1,"","","","","","","","","","","","","","","","","","","","","","","","",45000,1,"","",1,1,1,1,"","","","","","","","","","",1,1,"","","","","","","","","","","","","","","","","","","","","","","","","","","","","","","","","","","","","","","","","","","","","","","","","","","","","",""
"35049001","CANCALE",48.711667,-1.843333,40,1981010721,"","","","",3.,1,240,1,"","","","","","","","","","","","","","","","","","","","","","","","","","","","",5.1,1,1.2,1,"","","","","","","","","","","","","","","","","","","","","","","","","","",77,1,"","","","","","","","","","","","",6.7,1,1039.6,1,"","","","","","",0,1,"","",0,1,0,1,0,1,"","","","","","","","","","","","","","","","","","","","","","","","",45000,1,"","",0,1,"","","","","","","","","","","","",1,1,"","","","","","","","","","","","","","","","","","","","","","","","","","","","","","","","","","","","","","","","","","","","","","","","","","","","","",""
"35049001","CANCALE",48.711667,-1.843333,40,1981010800,"","","","",6.,1,220,1,"","","","","","","","","","","","","","","","","","","","","","","","","","","","",5.1,1,1.2,1,"","","","","","","","","","","","","","","","","","","","","","","","","","",77,1,"","","","","","","","","","","","",6.7,1,1038.9,1,"","","","","","",8,1,8,1,0,1,7,1,"","","","","","","","","","","","","","","","","","","","","","","","","","",25000,1,"","",0,1,"","","","","","","","","","","","",2,1,"","","","","","","","","","","","","","","","","","","","","","","","","","","","","","","","","","","","","","","","","","","","","","","","","","","","","",""
"35049001","CANCALE",48.711667,-1.843333,40,1981010803,"","","","",5.,1,240,1,"","","","","","","","","","","","","","","","","","","","","","","","","","","","",5.6,1,3.3,1,"","","","","","","","","","","","","","","","","","","","","","","","","","",86,1,"","","","","","","","","","","","",7.8,1,1038.4,1,"","","","","","",8,1,8,1,5,1,"","","","","","","","","","","","","","","","","","","","","","","","","","","","",45000,1,"","",0,1,"","","","","","","","","","","","",2,1,"","","","","","","","","","","","","","","","","","","","","","","","","","","","","","","","","","","","","","","","","","","","","","","","","","","","","",""
"35049001","CANCALE",48.711667,-1.843333,40,1981010806,"","","","",7.,1,240,1,"","","","","","","","","","","","","","","","","","","","","","","","","","","","",6.1,1,3.6,1,"","","","","","","","","","","","","","","","","","","","","","","","","","",85,1,"","","","","","","","","","","","",8.,1,1037.2,1,"","","","","","",8,1,8,1,5,1,"","","","","","","","","","","","","","","","","","","","","","","","","","","","",20000,1,"","",0,1,"","","","",0,1,"","","","","","",2,1,"","","","","","","","","","","","","","","","","","","","","","","","","","","","","","","","","","","","","","","","","","","","","","","","","","","","","",""
"35049001","CANCALE",48.711667,-1.843333,40,1981010809,"","","","",6.,1,240,1,"","","","","","","","","","","","","","","","","","","","","","","","","","","","",6.7,1,4.8,1,"","","","","","","","","","","","","","","","","","","","","","","","","","",88,1,"","","","","","","","","","","","",8.7,1,1037.4,1,"","","","","","",8,1,8,1,5,1,"","","","","","","","","","","","","","","","","","","","","","","","","","","","",10000,1,"","",2,1,2,1,"","","","","","","","","","",2,1,"","","","","","","","","","","","","","","","","","","","","","","","","","","","","","","","","","","","","","","","","","","","","","","","","","","","","",""
"35049001","CANCALE",48.711667,-1.843333,40,1981010812,"","","","",9.,1,260,1,"","","","","","","","","","","","","","","","","","","","","","","","","","","","",8.,1,6.3,1,"","","","","","","","","","","","","","","","","","","","","","","","","","",90,1,"","","","","","","","","","","","",9.7,1,1036.8,1,"","","","","","",7,1,7,1,5,1,"","","","","","","","","","","","","","","","","","","","","","","","","","","","",10000,1,"","",2,1,2,1,"","","","","","","","","","",3,1,"","","","","","","","","","","","","","","","","","","","","","","","","","","","","","","","","","","","","","","","","","","","","","","","","","","","","",""
"35049001","CANCALE",48.711667,-1.843333,40,1981010815,"","","","",7.,1,260,1,"","","","","","","","","","","","","","","","","","","","","","","","","","","","",8.1,1,6.3,1,"","","","","","","","","","","","","","","","","","","","","","","","","","",90,1,"","","","","","","","","","","","",9.7,1,1036.2,1,"","","","","","",8,1,8,1,5,1,"","","","","","","","","","","","","","","","","","","","","","","","","","","","",15000,1,"","",2,1,2,1,"","","","","","","","","","",2,1,"","","","","","","","","","","","","","","","","","","","","","","","","","","","","","","","","","","","","","","","","","","","","","","","","","","","","",""
"35049001","CANCALE",48.711667,-1.843333,40,1981010818,"","","","",6.,1,260,1,"","","","","","","","","","","","","","","","","","","","","","","","","","","","",7.8,1,6.4,1,"","","","","","","","","","","","","","","","","","","","","","","","","","",93,1,"","","","","","","","","","","","",9.8,1,1036.4,1,"","","","","","",8,1,8,1,5,1,"","","","","","","","","","","","","","","","","","","","","","","","","","","","",20000,1,"","",2,1,2,1,"","","","","","","","","","",2,1,"","","","","","","","","","","","","","","","","","","","","","","","","","","","","","","","","","","","","","","","","","","","","","","","","","","","","",""
"35049001","CANCALE",48.711667,-1.843333,40,1981010821,"","","","",5.,1,260,1,"","","","","","","","","","","","","","","","","","","","","","","","","","","","",8.,1,6.7,1,"","","","","","","","","","","","","","","","","","","","","","","","","","",93,1,"","","","","","","","","","","","",10.,1,1036.4,1,"","","","","","",8,1,8,1,5,1,"","","","","","","","","","","","","","","","","","","","","","","","","","","","",25000,1,"","",0,1,"","","","","","","","","","","","",2,1,"","","","","","","","","","","","","","","","","","","","","","","","","","","","","","","","","","","","","","","","","","","","","","","","","","","","","",""
"35049001","CANCALE",48.711667,-1.843333,40,1981010900,"","","","",7.,1,240,1,"","","","","","","","","","","","","","","","","","","","","","","","","","","","",7.8,1,6.,1,"","","","","","","","","","","","","","","","","","","","","","","","","","",90,1,"","","","","","","","","","","","",9.5,1,1035.8,1,"","","","","","",8,1,8,1,5,1,"","","","","","","","","","","","","","","","","","","","","","","","","","","","",30000,1,"","",0,1,"","","","","","","","","","","","",2,1,"","","","","","","","","","","","","","","","","","","","","","","","","","","","","","","","","","","","","","","","","","","","","","","","","","","","","",""
"35049001","CANCALE",48.711667,-1.843333,40,1981010903,"","","","",7.,1,240,1,"","","","","","","","","","","","","","","","","","","","","","","","","","","","",7.3,1,5.3,1,"","","","","","","","","","","","","","","","","","","","","","","","","","",88,1,"","","","","","","","","","","","",9.,1,1035.,1,"","","","","","",8,1,8,1,5,1,"","","","","","","","","","","","","","","","","","","","","","","","","","","","",18000,1,"","",0,1,"","","","","","","","","","","","",2,1,"","","","","","","","","","","","","","","","","","","","","","","","","","","","","","","","","","","","","","","","","","","","","","","","","","","","","",""
"35049001","CANCALE",48.711667,-1.843333,40,1981010906,"","","","",4.,1,240,1,"","","","","","","","","","","","","","","","","","","","","","","","","","","","",6.7,1,4.9,1,"","","","","","","","","","","","","","","","","","","","","","","","","","",90,1,"","","","","","","","","","","","",8.8,1,1034.9,1,"","","","","","",8,1,8,1,5,1,"","","","","","","","","","","","","","","","","","","","","","","","","","","","",12000,1,"","",0,1,"","","","",0,1,"","","","","","",2,1,"","","","","","","","","","","","","","","","","","","","","","","","","","","","","","","","","","","","","","","","","","","","","","","","","","","","","",""
"35049001","CANCALE",48.711667,-1.843333,40,1981010909,"","","","",6.,1,220,1,"","","","","","","","","","","","","","","","","","","","","","","","","","","","",6.4,1,3.6,1,"","","","","","","","","","","","","","","","","","","","","","","","","","",83,1,"","","","","","","","","","","","",8.,1,1032.8,1,"","","","","","",8,1,8,1,5,1,"","","","","","","","","","","","","","","","","","","","","","","","","","","","",6000,1,"","",2,1,2,1,"","","","","","","","","","",2,1,"","","","","","","","","","","","","","","","","","","","","","","","","","","","","","","","","","","","","","","","","","","","","","","","","","","","","",""
"35049001","CANCALE",48.711667,-1.843333,40,1981010912,"","","","",6.,1,220,1,"","","","","","","","","","","","","","","","","","","","","","","","","","","","",7.7,1,3.8,1,"","","","","","","","","","","","","","","","","","","","","","","","","","",77,1,"","","","","","","","","","","","",8.1,1,1031.,1,"","","","","","",8,1,8,1,5,1,"","","","","","","","","","","","","","","","","","","","","","","","","","","","",15000,1,"","",2,1,2,1,"","","","","","","","","","",2,1,"","","","","","","","","","","","","","","","","","","","","","","","","","","","","","","","","","","","","","","","","","","","","","","","","","","","","",""
"35049001","CANCALE",48.711667,-1.843333,40,1981010915,"","","","",6.,1,220,1,"","","","","","","","","","","","","","","","","","","","","","","","","","","","",8.5,1,4.9,1,"","","","","","","","","","","","","","","","","","","","","","","","","","",80,1,"","","","","","","","","","","","",8.8,1,1028.1,1,"","","","","","",7,1,5,1,5,1,0,1,8,1,"","","","","","","","","","","","","","","","","","","","","","","","",16000,1,"","",1,1,2,1,"","","","","","","","","","",2,1,"","","","","","","","","","","","","","","","","","","","","","","","","","","","","","","","","","","","","","","","","","","","","","","","","","","","","",""
"35049001","CANCALE",48.711667,-1.843333,40,1981010918,"","","","",8.,1,220,1,"","","","","","","","","","","","","","","","","","","","","","","","","","","","",7.8,1,4.6,1,"","","","","","","","","","","","","","","","","","","","","","","","","","",82,1,"","","","","","","","","","","","",8.6,1,1025.7,1,"","","","","","",8,1,8,1,5,1,"","","","","","","","","","","","","","","","","","","","","","","","","","","","",20000,1,"","",2,1,2,1,"","","","","","","","","","",3,1,"","","","","","","","","","","","","","","","","","","","","","","","","","","","","","","","","","","","","","","","","","","","","","","","","","","","","",""
"35049001","CANCALE",48.711667,-1.843333,40,1981010921,"","","","",9.,1,220,1,"","","","","","","","","","","","","","","","","","","","","","","","","","","","",7.4,1,5.3,1,"","","","","","","","","","","","","","","","","","","","","","","","","","",87,1,"","","","","","","","","","","","",9.,1,1022.9,1,"","","","","","",8,1,8,1,7,1,"","","","","","","","","","","","","","","","","","","","","","","","","","","","",10000,1,"","",61,1,"","","","","","","","","","","","",3,1,"","","","","","","","","","","","","","","","","","","","","","","","","","","","","","","","","","","","","","","","","","","","","","","","","","","","","",""
"35049001","CANCALE",48.711667,-1.843333,40,1981011000,"","","","",9.,1,280,1,"","","","","","","","","","","","","","","","","","","","","","","","","","","","",5.6,1,3.1,1,"","","","","","","","","","","","","","","","","","","","","","","","","","",84,1,"","","","","","","","","","","","",7.7,1,1021.7,1,"","","","","","",8,1,8,1,8,1,"","","","","","","","","","","","","","","","","","","","","","","","","","","","",40000,1,"","",0,1,"","","","","","","","","","","","",3,1,"","","","","","","","","","","","","","","","","","","","","","","","","","","","","","","","","","","","","","","","","","","","","","","","","","","","","",""
"35049001","CANCALE",48.711667,-1.843333,40,1981011003,"","","","",5.,1,340,1,"","","","","","","","","","","","","","","","","","","","","","","","","","","","",4.7,1,1.4,1,"","","","","","","","","","","","","","","","","","","","","","","","","","",79,1,"","","","","","","","","","","","",6.8,1,1020.4,1,"","","","","","",1,1,0,1,2,1,0,1,0,1,"","","","","","","","","","","","","","","","","","","","","","","","",45000,1,"","",0,1,"","","","","","","","","","","","",3,1,"","","","","","","","","","","","","","","","","","","","","","","","","","","","","","","","","","","","","","","","","","","","","","","","","","","","","",""
"35049001","CANCALE",48.711667,-1.843333,40,1981011006,"","","","",11.,1,320,1,"","","","","","","","","","","","","","","","","","","","","","","","","","","","",5.2,1,0.6,1,"","","","","","","","","","","","","","","","","","","","","","","","","","",72,1,"","","","","","","","","","","","",6.4,1,1019.2,1,"","","","","","",2,1,0,1,2,1,0,1,0,1,"","","","","","","","","","","","","","","","","","","","","","","","",45000,1,"","",0,1,"","","","",0,1,"","","","","","",3,1,"","","","","","","","","","","","","","","","","","","","","","","","","","","","","","","","","","","","","","","","","","","","","","","","","","","","","",""
"35049001","CANCALE",48.711667,-1.843333,40,1981011009,"","","","",12.,1,320,1,"","","","","","","","","","","","","","","","","","","","","","","","","","","","",4.8,1,1.,1,"","","","","","","","","","","","","","","","","","","","","","","","","","",76,1,"","","","","","","","","","","","",6.6,1,1020.5,1,"","","","","","",7,1,7,1,3,1,"","","","","","","","","","","","","","","","","","","","","","","","","","","","",20000,1,"","",3,1,1,1,"","","","","","","","","","",4,1,"","","","","","","","","","","","","","","","","","","","","","","","","","","","","","","","","","","","","","","","","","","","","","","","","","","","","",""
"35049001","CANCALE",48.711667,-1.843333,40,1981011012,"","","","",13.,1,320,1,"","","","","","","","","","","","","","","","","","","","","","","","","","","","",5.,1,-0.2,1,"","","","","","","","","","","","","","","","","","","","","","","","","","",69,1,"","","","","","","","","","","","",6.,1,1021.2,1,"","","","","","",6,1,5,1,3,1,0,1,2,1,"","","","","","","","","","","","","","","","","","","","","","","","",25000,1,"","",2,1,2,1,"","","","","","","","","","",5,1,"","","","","","","","","","","","","","","","","","","","","","","","","","","","","","","","","","","","","","","","","","","","","","","","","","","","","",""
"35049001","CANCALE",48.711667,-1.843333,40,1981011015,"","","","",13.,1,300,1,"","","","","","","","","","","","","","","","","","","","","","","","","","","","",4.8,1,1.,1,"","","","","","","","","","","","","","","","","","","","","","","","","","",76,1,"","","","","","","","","","","","",6.6,1,1022.4,1,"","","","","","",7,1,6,1,3,1,0,1,2,1,"","","","","","","","","","","","","","","","","","","","","","","","",15000,1,"","",2,1,8,1,"","","","","","","","","","",5,1,"","","","","","","","","","","","","","","","","","","","","","","","","","","","","","","","","","","","","","","","","","","","","","","","","","","","","",""
"35049001","CANCALE",48.711667,-1.843333,40,1981011018,"","","","",16.,1,320,1,"","","","","","","","","","","","","","","","","","","","","","","","","","","","",5.3,1,-0.6,1,"","","","","","","","","","","","","","","","","","","","","","","","","","",65,1,"","","","","","","","","","","","",5.8,1,1024.9,1,"","","","","","",6,1,6,1,8,1,0,1,0,1,"","","","","","","","","","","","","","","","","","","","","","","","",25000,1,"","",2,1,8,1,"","","","","","","","","","",5,1,"","","","","","","","","","","","","","","","","","","","","","","","","","","","","","","","","","","","","","","","","","","","","","","","","","","","","",""
"35049001","CANCALE",48.711667,-1.843333,40,1981011021,"","","","",17.,1,340,1,"","","","","","","","","","","","","","","","","","","","","","","","","","","","",4.8,1,2.7,1,"","","","","","","","","","","","","","","","","","","","","","","","","","",87,1,"","","","","","","","","","","","",7.5,1,1027.,1,"","","","","","",4,1,0,1,7,1,0,1,0,1,"","","","","","","","","","","","","","","","","","","","","","","","",25000,1,"","",80,1,"","","","","","","","","","","","",6,1,"","","","","","","","","","","","","","","","","","","","","","","","","","","","","","","","","","","","","","","","","","","","","","","","","","","","","",""
"35049001","CANCALE",48.711667,-1.843333,40,1981011100,"","","","",17.,1,340,1,"","","","","","","","","","","","","","","","","","","","","","","","","","","","",5.2,1,-0.5,1,"","","","","","","","","","","","","","","","","","","","","","","","","","",66,1,"","","","","","","","","","","","",5.9,1,1028.,1,"","","","","","",5,1,5,1,8,1,0,1,0,1,"","","","","","","","","","","","","","","","","","","","","","","","",25000,1,"","",0,1,"","","","","","","","","","","","",5,1,"","","","","","","","","","","","","","","","","","","","","","","","","","","","","","","","","","","","","","","","","","","","","","","","","","","","","",""
"35049001","CANCALE",48.711667,-1.843333,40,1981011103,"","","","",17.,1,340,1,"","","","","","","","","","","","","","","","","","","","","","","","","","","","",4.6,1,0.2,1,"","","","","","","","","","","","","","","","","","","","","","","","","","",76,1,"","","","","","","","","","","","",6.2,1,1028.4,1,"","","","","","",6,1,6,1,3,1,0,1,0,1,"","","","","","","","","","","","","","","","","","","","","","","","",25000,1,"","",0,1,"","","","","","","","","","","","",5,1,"","","","","","","","","","","","","","","","","","","","","","","","","","","","","","","","","","","","","","","","","","","","","","","","","","","","","",""
"35049001","CANCALE",48.711667,-1.843333,40,1981011106,"","","","",13.,1,20,1,"","","","","","","","","","","","","","","","","","","","","","","","","","","","",3.7,1,1.8,1,"","","","","","","","","","","","","","","","","","","","","","","","","","",88,1,"","","","","","","","","","","","",7.,1,1028.2,1,"","","","","","",6,1,6,1,8,1,0,1,0,1,"","","","","","","","","","","","","","","","","","","","","","","","",25000,1,"","",0,1,"","","","",1,1,"","","","","","",5,1,"","","","","","","","","","","","","","","","","","","","","","","","","","","","","","","","","","","","","","","","","","","","","","","","","","","","","",""
"35049001","CANCALE",48.711667,-1.843333,40,1981011109,"","","","",15.,1,40,1,"","","","","","","","","","","","","","","","","","","","","","","","","","","","",3.8,1,1.6,1,"","","","","","","","","","","","","","","","","","","","","","","","","","",87,1,"","","","","","","","","","","","",6.9,1,1029.4,1,"","","","","","",5,1,5,1,3,1,0,1,0,1,"","","","","","","","","","","","","","","","","","","","","","","","",15000,1,"","",25,1,2,1,"","","","","","","","","","",5,1,"","","","","","","","","","","","","","","","","","","","","","","","","","","","","","","","","","","","","","","","","","","","","","","","","","","","","",""
"35049001","CANCALE",48.711667,-1.843333,40,1981011112,"","","","",13.,1,40,1,"","","","","","","","","","","","","","","","","","","","","","","","","","","","",5.5,1,-1.2,1,"","","","","","","","","","","","","","","","","","","","","","","","","","",62,1,"","","","","","","","","","","","",5.6,1,1029.9,1,"","","","","","",3,1,0,1,2,1,0,1,0,1,"","","","","","","","","","","","","","","","","","","","","","","","",30000,1,"","",2,1,8,1,"","","","","","","","","","",5,1,"","","","","","","","","","","","","","","","","","","","","","","","","","","","","","","","","","","","","","","","","","","","","","","","","","","","","",""
"35049001","CANCALE",48.711667,-1.843333,40,1981011115,"","","","",13.,1,40,1,"","","","","","","","","","","","","","","","","","","","","","","","","","","","",5.2,1,-2.7,1,"","","","","","","","","","","","","","","","","","","","","","","","","","",57,1,"","","","","","","","","","","","",5.,1,1028.9,1,"","","","","","",5,1,0,1,2,1,0,1,4,1,"","","","","","","","","","","","","","","","","","","","","","","","",30000,1,"","",3,1,1,1,"","","","","","","","","","",5,1,"","","","","","","","","","","","","","","","","","","","","","","","","","","","","","","","","","","","","","","","","","","","","","","","","","","","","",""
"35049001","CANCALE",48.711667,-1.843333,40,1981011118,"","","","",13.,1,20,1,"","","","","","","","","","","","","","","","","","","","","","","","","","","","",4.5,1,-1.9,1,"","","","","","","","","","","","","","","","","","","","","","","","","","",64,1,"","","","","","","","","","","","",5.3,1,1028.9,1,"","","","","","",4,1,0,1,2,1,0,1,1,1,"","","","","","","","","","","","","","","","","","","","","","","","",35000,1,"","",1,1,1,1,"","","","","","","","","","",5,1,"","","","","","","","","","","","","","","","","","","","","","","","","","","","","","","","","","","","","","","","","","","","","","","","","","","","","",""
"35049001","CANCALE",48.711667,-1.843333,40,1981011121,"","","","",8.,1,20,1,"","","","","","","","","","","","","","","","","","","","","","","","","","","","",4.8,1,0.,1,"","","","","","","","","","","","","","","","","","","","","","","","","","",71,1,"","","","","","","","","","","","",6.1,1,1029.7,1,"","","","","","",4,1,0,1,2,1,0,1,0,1,"","","","","","","","","","","","","","","","","","","","","","","","",35000,1,"","",0,1,"","","","","","","","","","","","",4,1,"","","","","","","","","","","","","","","","","","","","","","","","","","","","","","","","","","","","","","","","","","","","","","","","","","","","","",""
"35049001","CANCALE",48.711667,-1.843333,40,1981011200,"","","","",6.,1,40,1,"","","","","","","","","","","","","","","","","","","","","","","","","","","","",4.5,1,1.2,1,"","","","","","","","","","","","","","","","","","","","","","","","","","",79,1,"","","","","","","","","","","","",6.7,1,1029.,1,"","","","","","",7,1,7,1,8,1,"","","","","","","","","","","","","","","","","","","","","","","","","","","","",25000,1,"","",0,1,"","","","","","","","","","","","",3,1,"","","","","","","","","","","","","","","","","","","","","","","","","","","","","","","","","","","","","","","","","","","","","","","","","","","","","",""
"35049001","CANCALE",48.711667,-1.843333,40,1981011203,"","","","",5.,1,40,1,"","","","","","","","","","","","","","","","","","","","","","","","","","","","",3.7,1,-0.2,1,"","","","","","","","","","","","","","","","","","","","","","","","","","",75,1,"","","","","","","","","","","","",6.,1,1027.3,1,"","","","","","",1,1,0,1,5,1,0,1,0,1,"","","","","","","","","","","","","","","","","","","","","","","","",25000,1,"","",0,1,"","","","","","","","","","","","",3,1,"","","","","","","","","","","","","","","","","","","","","","","","","","","","","","","","","","","","","","","","","","","","","","","","","","","","","",""
"35049001","CANCALE",48.711667,-1.843333,40,1981011206,"","","","",7.,1,300,1,"","","","","","","","","","","","","","","","","","","","","","","","","","","","",4.5,1,-2.1,1,"","","","","","","","","","","","","","","","","","","","","","","","","","",62,1,"","","","","","","","","","","","",5.2,1,1025.7,1,"","","","","","",7,1,7,1,5,1,"","","","","","","","","","","","","","","","","","","","","","","","","","","","",30000,1,"","",0,1,"","","","",0,1,"","","","","","",3,1,"","","","","","","","","","","","","","","","","","","","","","","","","","","","","","","","","","","","","","","","","","","","","","","","","","","","","",""
"35049001","CANCALE",48.711667,-1.843333,40,1981011209,"","","","",7.,1,260,1,"","","","","","","","","","","","","","","","","","","","","","","","","","","","",4.7,1,-2.1,1,"","","","","","","","","","","","","","","","","","","","","","","","","","",61,1,"","","","","","","","","","","","",5.2,1,1023.4,1,"","","","","","",8,1,8,1,5,1,1,1,"","","","","","","","","","","","","","","","","","","","","","","","","","",35000,1,"","",2,1,2,1,"","","","","","","","","","",3,1,"","","","","","","","","","","","","","","","","","","","","","","","","","","","","","","","","","","","","","","","","","","","","","","","","","","","","",""
"35049001","CANCALE",48.711667,-1.843333,40,1981011212,"","","","",8.,1,240,1,"","","","","","","","","","","","","","","","","","","","","","","","","","","","",4.3,1,-0.7,1,"","","","","","","","","","","","","","","","","","","","","","","","","","",69,1,"","","","","","","","","","","","",5.8,1,1019.9,1,"","","","","","",8,1,8,1,5,1,"","","","","","","","","","","","","","","","","","","","","","","","","","","","",18000,1,"","",2,1,2,1,"","","","","","","","","","",3,1,"","","","","","","","","","","","","","","","","","","","","","","","","","","","","","","","","","","","","","","","","","","","","","","","","","","","","",""
"35049001","CANCALE",48.711667,-1.843333,40,1981011215,"","","","",14.,1,240,1,"","","","","","","","","","","","","","","","","","","","","","","","","","","","",5.9,1,4.3,1,"","","","","","","","","","","","","","","","","","","","","","","","","","",91,1,"","","","","","","","","","","","",8.4,1,1012.7,1,"","","","","","",7,1,7,1,7,1,"","","","","","","","","","","","","","","","","","","","","","","","","","","","",18000,1,"","",21,1,5,1,"","","","","","","","","","",4,1,"","","","","","","","","","","","","","","","","","","","","","","","","","","","","","","","","","","","","","","","","","","","","","","","","","","","","",""
"35049001","CANCALE",48.711667,-1.843333,40,1981011218,"","","","",17.,1,300,1,"","","","","","","","","","","","","","","","","","","","","","","","","","","","",5.7,1,1.4,1,"","","","","","","","","","","","","","","","","","","","","","","","","","",74,1,"","","","","","","","","","","","",6.8,1,1011.6,1,"","","","","","",8,1,8,1,8,1,"","","","","","","","","","","","","","","","","","","","","","","","","","","","",25000,1,"","",2,1,8,1,"","","","","","","","","","",5,1,"","","","","","","","","","","","","","","","","","","","","","","","","","","","","","","","","","","","","","","","","","","","","","","","","","","","","",""
"35049001","CANCALE",48.711667,-1.843333,40,1981011221,"","","","",18.,1,280,1,"","","","","","","","","","","","","","","","","","","","","","","","","","","","",5.6,1,-1.4,1,"","","","","","","","","","","","","","","","","","","","","","","","","","",61,1,"","","","","","","","","","","","",5.5,1,1013.2,1,"","","","","","",4,1,0,1,2,1,0,1,0,1,"","","","","","","","","","","","","","","","","","","","","","","","",25000,1,"","",0,1,"","","","","","","","","","","","",5,1,"","","","","","","","","","","","","","","","","","","","","","","","","","","","","","","","","","","","","","","","","","","","","","","","","","","","","",""
"35049001","CANCALE",48.711667,-1.843333,40,1981011300,"","","","",13.,1,300,1,"","","","","","","","","","","","","","","","","","","","","","","","","","","","",4.2,1,-2.3,1,"","","","","","","","","","","","","","","","","","","","","","","","","","",61,1,"","","","","","","","","","","","",5.1,1,1015.7,1,"","","","","","",3,1,0,1,2,1,0,1,0,1,"","","","","","","","","","","","","","","","","","","","","","","","",25000,1,"","",0,1,"","","","","","","","","","","","",5,1,"","","","","","","","","","","","","","","","","","","","","","","","","","","","","","","","","","","","","","","","","","","","","","","","","","","","","",""
"35049001","CANCALE",48.711667,-1.843333,40,1981011303,"","","","",13.,1,340,1,"","","","","","","","","","","","","","","","","","","","","","","","","","","","",3.6,1,-2.6,1,"","","","","","","","","","","","","","","","","","","","","","","","","","",63,1,"","","","","","","","","","","","",5.,1,1019.2,1,"","","","","","",4,1,0,1,8,1,0,1,0,1,"","","","","","","","","","","","","","","","","","","","","","","","",25000,1,"","",0,1,"","","","","","","","","","","","",5,1,"","","","","","","","","","","","","","","","","","","","","","","","","","","","","","","","","","","","","","","","","","","","","","","","","","","","","",""
"35049001","CANCALE",48.711667,-1.843333,40,1981011306,"","","","",17.,1,340,1,"","","","","","","","","","","","","","","","","","","","","","","","","","","","",3.,1,-7.5,1,"","","","","","","","","","","","","","","","","","","","","","","","","","",45,1,"","","","","","","","","","","","",3.4,1,1021.8,1,"","","","","","",1,1,0,1,1,1,0,1,0,1,"","","","","","","","","","","","","","","","","","","","","","","","",55000,1,"","",0,1,"","","","",0,1,"","","","","","",5,1,"","","","","","","","","","","","","","","","","","","","","","","","","","","","","","","","","","","","","","","","","","","","","","","","","","","","","",""
"35049001","CANCALE",48.711667,-1.843333,40,1981011309,"","","","",14.,1,340,1,"","","","","","","","","","","","","","","","","","","","","","","","","","","","",2.4,1,-4.6,1,"","","","","","","","","","","","","","","","","","","","","","","","","","",59,1,"","","","","","","","","","","","",4.3,1,1025.3,1,"","","","","","",6,1,6,1,3,1,0,1,0,1,"","","","","","","","","","","","","","","","","","","","","","","","",23000,1,"","",3,1,1,1,"","","","","","","","","","",5,1,"","","","","","","","","","","","","","","","","","","","","","","","","","","","","","","","","","","","","","","","","","","","","","","","","","","","","",""
"35049001","CANCALE",48.711667,-1.843333,40,1981011312,"","","","",9.,1,340,1,"","","","","","","","","","","","","","","","","","","","","","","","","","","","",3.1,1,-6.1,1,"","","","","","","","","","","","","","","","","","","","","","","","","","",50,1,"","","","","","","","","","","","",3.8,1,1026.9,1,"","","","","","",3,1,0,1,1,1,0,1,0,1,"","","","","","","","","","","","","","","","","","","","","","","","",40000,1,"","",1,1,1,1,"","","","","","","","","","",5,1,"","","","","","","","","","","","","","","","","","","","","","","","","","","","","","","","","","","","","","","","","","","","","","","","","","","","","",""
"35049001","CANCALE",48.711667,-1.843333,40,1981011315,"","","","",11.,1,320,1,"","","","","","","","","","","","","","","","","","","","","","","","","","","","",3.6,1,-4.,1,"","","","","","","","","","","","","","","","","","","","","","","","","","",57,1,"","","","","","","","","","","","",4.5,1,1026.4,1,"","","","","","",5,1,0,1,1,1,5,1,2,1,"","","","","","","","","","","","","","","","","","","","","","","","",45000,1,"","",3,1,1,1,"","","","","","","","","","",4,1,"","","","","","","","","","","","","","","","","","","","","","","","","","","","","","","","","","","","","","","","","","","","","","","","","","","","","",""
"35049001","CANCALE",48.711667,-1.843333,40,1981011318,"","","","",9.,1,300,1,"","","","","","","","","","","","","","","","","","","","","","","","","","","","",4.2,1,-2.9,1,"","","","","","","","","","","","","","","","","","","","","","","","","","",60,1,"","","","","","","","","","","","",4.9,1,1026.1,1,"","","","","","",7,1,7,1,1,1,5,1,"","","","","","","","","","","","","","","","","","","","","","","","","","",45000,1,"","",3,1,1,1,"","","","","","","","","","",4,1,"","","","","","","","","","","","","","","","","","","","","","","","","","","","","","","","","","","","","","","","","","","","","","","","","","","","","",""
"35049001","CANCALE",48.711667,-1.843333,40,1981011321,"","","","",8.,1,220,1,"","","","","","","","","","","","","","","","","","","","","","","","","","","","",3.,1,-1.1,1,"","","","","","","","","","","","","","","","","","","","","","","","","","",74,1,"","","","","","","","","","","","",5.6,1,1024.9,1,"","","","","","",8,1,8,1,7,1,"","","","","","","","","","","","","","","","","","","","","","","","","","","","",15000,1,"","",61,1,"","","","","","","","","","","","",4,1,"","","","","","","","","","","","","","","","","","","","","","","","","","","","","","","","","","","","","","","","","","","","","","","","","","","","","",""
"35049001","CANCALE",48.711667,-1.843333,40,1981011400,"","","","",10.,1,220,1,"","","","","","","","","","","","","","","","","","","","","","","","","","","","",3.3,1,1.8,1,"","","","","","","","","","","","","","","","","","","","","","","","","","",91,1,"","","","","","","","","","","","",7.,1,1020.9,1,"","","","","","",8,1,8,1,5,1,"","","","","","","","","","","","","","","","","","","","","","","","","","","","",15000,1,"","",61,1,"","","","","","","","","","","","",4,1,"","","","","","","","","","","","","","","","","","","","","","","","","","","","","","","","","","","","","","","","","","","","","","","","","","","","","",""
"35049001","CANCALE",48.711667,-1.843333,40,1981011403,"","","","",13.,1,280,1,"","","","","","","","","","","","","","","","","","","","","","","","","","","","",7.4,1,6.3,1,"","","","","","","","","","","","","","","","","","","","","","","","","","",94,1,"","","","","","","","","","","","",9.7,1,1019.1,1,"","","","","","",8,1,8,1,5,1,"","","","","","","","","","","","","","","","","","","","","","","","","","","","",6000,1,"","",60,1,"","","","","","","","","","","","",4,1,"","","","","","","","","","","","","","","","","","","","","","","","","","","","","","","","","","","","","","","","","","","","","","","","","","","","","",""
"35049001","CANCALE",48.711667,-1.843333,40,1981011406,"","","","",12.,1,280,1,"","","","","","","","","","","","","","","","","","","","","","","","","","","","",8.,1,5.6,1,"","","","","","","","","","","","","","","","","","","","","","","","","","",86,1,"","","","","","","","","","","","",9.2,1,1017.6,1,"","","","","","",8,1,8,1,5,1,"","","","","","","","","","","","","","","","","","","","","","","","","","","","",35000,1,"","",60,1,6,1,"","",2,1,"","","","","","",4,1,"","","","","","","","","","","","","","","","","","","","","","","","","","","","","","","","","","","","","","","","","","","","","","","","","","","","","",""
"35049001","CANCALE",48.711667,-1.843333,40,1981011409,"","","","",11.,1,280,1,"","","","","","","","","","","","","","","","","","","","","","","","","","","","",7.8,1,5.9,1,"","","","","","","","","","","","","","","","","","","","","","","","","","",89,1,"","","","","","","","","","","","",9.4,1,1017.5,1,"","","","","","",8,1,8,1,5,1,"","","","","","","","","","","","","","","","","","","","","","","","","","","","",18000,1,"","",60,1,6,1,"","","","","","","","","","",4,1,"","","","","","","","","","","","","","","","","","","","","","","","","","","","","","","","","","","","","","","","","","","","","","","","","","","","","",""
"35049001","CANCALE",48.711667,-1.843333,40,1981011412,"","","","",13.,1,260,1,"","","","","","","","","","","","","","","","","","","","","","","","","","","","",8.5,1,5.1,1,"","","","","","","","","","","","","","","","","","","","","","","","","","",80,1,"","","","","","","","","","","","",8.9,1,1014.7,1,"","","","","","",8,1,8,1,8,1,"","","","","","","","","","","","","","","","","","","","","","","","","","","","",18000,1,"","",2,1,6,1,"","","","","","","","","","",4,1,"","","","","","","","","","","","","","","","","","","","","","","","","","","","","","","","","","","","","","","","","","","","","","","","","","","","","",""
"35049001","CANCALE",48.711667,-1.843333,40,1981011415,"","","","",18.,1,260,1,"","","","","","","","","","","","","","","","","","","","","","","","","","","","",8.7,1,5.9,1,"","","","","","","","","","","","","","","","","","","","","","","","","","",84,1,"","","","","","","","","","","","",9.4,1,1010.4,1,"","","","","","",8,1,8,1,7,1,"","","","","","","","","","","","","","","","","","","","","","","","","","","","",9000,1,"","",2,1,2,1,"","","","","","","","","","",4,1,"","","","","","","","","","","","","","","","","","","","","","","","","","","","","","","","","","","","","","","","","","","","","","","","","","","","","",""
"35049001","CANCALE",48.711667,-1.843333,40,1981011418,"","","","",19.,1,260,1,"","","","","","","","","","","","","","","","","","","","","","","","","","","","",8.6,1,7.7,1,"","","","","","","","","","","","","","","","","","","","","","","","","","",96,1,"","","","","","","","","","","","",10.7,1,1006.6,1,"","","","","","",8,1,8,1,7,1,"","","","","","","","","","","","","","","","","","","","","","","","","","","","",5000,1,"","",61,1,6,1,"","","","","","","","","","",4,1,"","","","","","","","","","","","","","","","","","","","","","","","","","","","","","","","","","","","","","","","","","","","","","","","","","","","","",""
"35049001","CANCALE",48.711667,-1.843333,40,1981011421,"","","","",21.,1,260,1,"","","","","","","","","","","","","","","","","","","","","","","","","","","","",9.2,1,7.8,1,"","","","","","","","","","","","","","","","","","","","","","","","","","",93,1,"","","","","","","","","","","","",10.8,1,1003.5,1,"","","","","","",8,1,8,1,7,1,"","","","","","","","","","","","","","","","","","","","","","","","","","","","",9000,1,"","",61,1,"","","","","","","","","","","","",5,1,"","","","","","","","","","","","","","","","","","","","","","","","","","","","","","","","","","","","","","","","","","","","","","","","","","","","","",""
"35049001","CANCALE",48.711667,-1.843333,40,1981011500,"","","","",22.,1,260,1,"","","","","","","","","","","","","","","","","","","","","","","","","","","","",9.5,1,7.7,1,"","","","","","","","","","","","","","","","","","","","","","","","","","",90,1,"","","","","","","","","","","","",10.7,1,997.8,1,"","","","","","",8,1,8,1,7,1,"","","","","","","","","","","","","","","","","","","","","","","","","","","","",5000,1,"","",65,1,"","","","","","","","","","","","",5,1,"","","","","","","","","","","","","","","","","","","","","","","","","","","","","","","","","","","","","","","","","","","","","","","","","","","","","",""
"35049001","CANCALE",48.711667,-1.843333,40,1981011503,"","","","",23.,1,280,1,"","","","","","","","","","","","","","","","","","","","","","","","","","","","",8.2,1,4.2,1,"","","","","","","","","","","","","","","","","","","","","","","","","","",76,1,"","","","","","","","","","","","",8.3,1,998.6,1,"","","","","","",8,1,8,1,7,1,"","","","","","","","","","","","","","","","","","","","","","","","","","","","",18000,1,"","",65,1,"","","","","","","","","","","","",5,1,"","","","","","","","","","","","","","","","","","","","","","","","","","","","","","","","","","","","","","","","","","","","","","","","","","","","","",""
"35049001","CANCALE",48.711667,-1.843333,40,1981011506,"","","","",19.,1,240,1,"","","","","","","","","","","","","","","","","","","","","","","","","","","","",7.2,1,1.4,1,"","","","","","","","","","","","","","","","","","","","","","","","","","",68,1,"","","","","","","","","","","","",6.8,1,1001.4,1,"","","","","","",7,1,7,1,8,1,"","","","","","","","","","","","","","","","","","","","","","","","","","","","",25000,1,"","",0,1,"","","","",1,1,"","","","","","",5,1,"","","","","","","","","","","","","","","","","","","","","","","","","","","","","","","","","","","","","","","","","","","","","","","","","","","","","",""
"35049001","CANCALE",48.711667,-1.843333,40,1981011509,"","","","",17.,1,300,1,"","","","","","","","","","","","","","","","","","","","","","","","","","","","",7.2,1,2.4,1,"","","","","","","","","","","","","","","","","","","","","","","","","","",71,1,"","","","","","","","","","","","",7.3,1,1003.6,1,"","","","","","",7,1,7,1,8,1,"","","","","","","","","","","","","","","","","","","","","","","","","","","","",18000,1,"","",2,1,2,1,"","","","","","","","","","",5,1,"","","","","","","","","","","","","","","","","","","","","","","","","","","","","","","","","","","","","","","","","","","","","","","","","","","","","",""
"35049001","CANCALE",48.711667,-1.843333,40,1981011512,"","","","",13.,1,300,1,"","","","","","","","","","","","","","","","","","","","","","","","","","","","",5.8,1,3.8,1,"","","","","","","","","","","","","","","","","","","","","","","","","","",88,1,"","","","","","","","","","","","",8.1,1,1004.8,1,"","","","","","",8,1,8,1,8,1,"","","","","","","","","","","","","","","","","","","","","","","","","","","","",18000,1,"","",25,1,8,1,"","","","","","","","","","",5,1,"","","","","","","","","","","","","","","","","","","","","","","","","","","","","","","","","","","","","","","","","","","","","","","","","","","","","",""
"35049001","CANCALE",48.711667,-1.843333,40,1981011515,"","","","",19.,1,280,1,"","","","","","","","","","","","","","","","","","","","","","","","","","","","",6.3,1,1.8,1,"","","","","","","","","","","","","","","","","","","","","","","","","","",73,1,"","","","","","","","","","","","",7.,1,1004.8,1,"","","","","","",7,1,7,1,8,1,"","","","","","","","","","","","","","","","","","","","","","","","","","","","",18000,1,"","",25,1,8,1,"","","","","","","","","","",5,1,"","","","","","","","","","","","","","","","","","","","","","","","","","","","","","","","","","","","","","","","","","","","","","","","","","","","","",""
"35049001","CANCALE",48.711667,-1.843333,40,1981011518,"","","","",19.,1,280,1,"","","","","","","","","","","","","","","","","","","","","","","","","","","","",6.7,1,-2.4,1,"","","","","","","","","","","","","","","","","","","","","","","","","","",52,1,"","","","","","","","","","","","",5.1,1,1006.8,1,"","","","","","",8,1,8,1,8,1,"","","","","","","","","","","","","","","","","","","","","","","","","","","","",30000,1,"","",2,1,8,1,"","","","","","","","","","",5,1,"","","","","","","","","","","","","","","","","","","","","","","","","","","","","","","","","","","","","","","","","","","","","","","","","","","","","",""
"35049001","CANCALE",48.711667,-1.843333,40,1981011521,"","","","",14.,1,300,1,"","","","","","","","","","","","","","","","","","","","","","","","","","","","",6.3,1,-0.2,1,"","","","","","","","","","","","","","","","","","","","","","","","","","",63,1,"","","","","","","","","","","","",6.,1,1010.,1,"","","","","","",3,1,0,1,5,1,0,1,0,1,"","","","","","","","","","","","","","","","","","","","","","","","",30000,1,"","",0,1,"","","","","","","","","","","","",5,1,"","","","","","","","","","","","","","","","","","","","","","","","","","","","","","","","","","","","","","","","","","","","","","","","","","","","","",""
"35049001","CANCALE",48.711667,-1.843333,40,1981011600,"","","","",12.,1,300,1,"","","","","","","","","","","","","","","","","","","","","","","","","","","","",6.1,1,0.8,1,"","","","","","","","","","","","","","","","","","","","","","","","","","",69,1,"","","","","","","","","","","","",6.5,1,1011.5,1,"","","","","","",4,1,0,1,5,1,0,1,0,1,"","","","","","","","","","","","","","","","","","","","","","","","",35000,1,"","",0,1,"","","","","","","","","","","","",5,1,"","","","","","","","","","","","","","","","","","","","","","","","","","","","","","","","","","","","","","","","","","","","","","","","","","","","","",""
"35049001","CANCALE",48.711667,-1.843333,40,1981011603,"","","","",7.,1,300,1,"","","","","","","","","","","","","","","","","","","","","","","","","","","","",6.3,1,1.2,1,"","","","","","","","","","","","","","","","","","","","","","","","","","",70,1,"","","","","","","","","","","","",6.7,1,1012.7,1,"","","","","","",8,1,8,1,5,1,"","","","","","","","","","","","","","","","","","","","","","","","","","","","",35000,1,"","",0,1,"","","","","","","","","","","","",4,1,"","","","","","","","","","","","","","","","","","","","","","","","","","","","","","","","","","","","","","","","","","","","","","","","","","","","","",""
"35049001","CANCALE",48.711667,-1.843333,40,1981011606,"","","","",5.,1,280,1,"","","","","","","","","","","","","","","","","","","","","","","","","","","","",6.2,1,2.7,1,"","","","","","","","","","","","","","","","","","","","","","","","","","",79,1,"","","","","","","","","","","","",7.5,1,1012.7,1,"","","","","","",6,1,6,1,5,1,0,1,0,1,"","","","","","","","","","","","","","","","","","","","","","","","",35000,1,"","",0,1,"","","","",1,1,"","","","","","",3,1,"","","","","","","","","","","","","","","","","","","","","","","","","","","","","","","","","","","","","","","","","","","","","","","","","","","","","",""
"35049001","CANCALE",48.711667,-1.843333,40,1981011609,"","","","",6.,1,220,1,"","","","","","","","","","","","","","","","","","","","","","","","","","","","",5.5,1,1.8,1,"","","","","","","","","","","","","","","","","","","","","","","","","","",77,1,"","","","","","","","","","","","",7.,1,1012.4,1,"","","","","","",8,1,8,1,0,1,7,1,"","","","","","","","","","","","","","","","","","","","","","","","","","",15000,1,"","",2,1,2,1,"","","","","","","","","","",3,1,"","","","","","","","","","","","","","","","","","","","","","","","","","","","","","","","","","","","","","","","","","","","","","","","","","","","","",""
"35049001","CANCALE",48.711667,-1.843333,40,1981011612,"","","","",8.,1,180,1,"","","","","","","","","","","","","","","","","","","","","","","","","","","","",6.5,1,4.8,1,"","","","","","","","","","","","","","","","","","","","","","","","","","",90,1,"","","","","","","","","","","","",8.7,1,1009.2,1,"","","","","","",8,1,8,1,7,1,"","","","","","","","","","","","","","","","","","","","","","","","","","","","",10000,1,"","",60,1,2,1,"","","","","","","","","","",3,1,"","","","","","","","","","","","","","","","","","","","","","","","","","","","","","","","","","","","","","","","","","","","","","","","","","","","","",""
"35049001","CANCALE",48.711667,-1.843333,40,1981011615,"","","","",12.,1,240,1,"","","","","","","","","","","","","","","","","","","","","","","","","","","","",9.7,1,5.9,1,"","","","","","","","","","","","","","","","","","","","","","","","","","",78,1,"","","","","","","","","","","","",9.4,1,1005.6,1,"","","","","","",8,1,8,1,7,1,"","","","","","","","","","","","","","","","","","","","","","","","","","","","",5000,1,"","",60,1,6,1,"","","","","","","","","","",3,1,"","","","","","","","","","","","","","","","","","","","","","","","","","","","","","","","","","","","","","","","","","","","","","","","","","","","","",""
"35049001","CANCALE",48.711667,-1.843333,40,1981011618,"","","","",16.,1,260,1,"","","","","","","","","","","","","","","","","","","","","","","","","","","","",9.2,1,6.4,1,"","","","","","","","","","","","","","","","","","","","","","","","","","",84,1,"","","","","","","","","","","","",9.8,1,1003.9,1,"","","","","","",5,1,0,1,0,1,5,1,2,1,"","","","","","","","","","","","","","","","","","","","","","","","",30000,1,"","",3,1,6,1,"","","","","","","","","","",4,1,"","","","","","","","","","","","","","","","","","","","","","","","","","","","","","","","","","","","","","","","","","","","","","","","","","","","","",""
"35049001","CANCALE",48.711667,-1.843333,40,1981011621,"","","","",14.,1,260,1,"","","","","","","","","","","","","","","","","","","","","","","","","","","","",8.2,1,5.4,1,"","","","","","","","","","","","","","","","","","","","","","","","","","",84,1,"","","","","","","","","","","","",9.1,1,1005.8,1,"","","","","","",5,1,5,1,2,1,0,1,0,1,"","","","","","","","","","","","","","","","","","","","","","","","",15000,1,"","",0,1,"","","","","","","","","","","","",3,1,"","","","","","","","","","","","","","","","","","","","","","","","","","","","","","","","","","","","","","","","","","","","","","","","","","","","","",""
"35049001","CANCALE",48.711667,-1.843333,40,1981011700,"","","","",12.,1,260,1,"","","","","","","","","","","","","","","","","","","","","","","","","","","","",8.,1,4.5,1,"","","","","","","","","","","","","","","","","","","","","","","","","","",79,1,"","","","","","","","","","","","",8.5,1,1006.2,1,"","","","","","",7,1,7,1,8,1,"","","","","","","","","","","","","","","","","","","","","","","","","","","","",15000,1,"","",80,1,"","","","","","","","","","","","",3,1,"","","","","","","","","","","","","","","","","","","","","","","","","","","","","","","","","","","","","","","","","","","","","","","","","","","","","",""
"35049001","CANCALE",48.711667,-1.843333,40,1981011703,"","","","",17.,1,260,1,"","","","","","","","","","","","","","","","","","","","","","","","","","","","",7.7,1,4.3,1,"","","","","","","","","","","","","","","","","","","","","","","","","","",80,1,"","","","","","","","","","","","",8.4,1,1005.4,1,"","","","","","",6,1,6,1,2,1,0,1,0,1,"","","","","","","","","","","","","","","","","","","","","","","","",25000,1,"","",0,1,"","","","","","","","","","","","",4,1,"","","","","","","","","","","","","","","","","","","","","","","","","","","","","","","","","","","","","","","","","","","","","","","","","","","","","",""
"35049001","CANCALE",48.711667,-1.843333,40,1981011706,"","","","",15.,1,260,1,"","","","","","","","","","","","","","","","","","","","","","","","","","","","",7.1,1,4.5,1,"","","","","","","","","","","","","","","","","","","","","","","","","","",84,1,"","","","","","","","","","","","",8.5,1,1005.4,1,"","","","","","",5,1,5,1,8,1,0,1,0,1,"","","","","","","","","","","","","","","","","","","","","","","","",18000,1,"","",0,1,"","","","",2,1,"","","","","","",5,1,"","","","","","","","","","","","","","","","","","","","","","","","","","","","","","","","","","","","","","","","","","","","","","","","","","","","","",""
"35049001","CANCALE",48.711667,-1.843333,40,1981011709,"","","","",13.,1,240,1,"","","","","","","","","","","","","","","","","","","","","","","","","","","","",6.8,1,3.6,1,"","","","","","","","","","","","","","","","","","","","","","","","","","",82,1,"","","","","","","","","","","","",8.,1,1003.4,1,"","","","","","",7,1,7,1,8,1,"","","","","","","","","","","","","","","","","","","","","","","","","","","","",16000,1,"","",80,1,6,1,"","","","","","","","","","",5,1,"","","","","","","","","","","","","","","","","","","","","","","","","","","","","","","","","","","","","","","","","","","","","","","","","","","","","",""
"35049001","CANCALE",48.711667,-1.843333,40,1981011712,"","","","",18.,1,280,1,"","","","","","","","","","","","","","","","","","","","","","","","","","","","",7.9,1,3.4,1,"","","","","","","","","","","","","","","","","","","","","","","","","","",74,1,"","","","","","","","","","","","",7.9,1,1005.4,1,"","","","","","",7,1,7,1,8,1,"","","","","","","","","","","","","","","","","","","","","","","","","","","","",16000,1,"","",2,1,8,1,"","","","","","","","","","",5,1,"","","","","","","","","","","","","","","","","","","","","","","","","","","","","","","","","","","","","","","","","","","","","","","","","","","","","",""
"35049001","CANCALE",48.711667,-1.843333,40,1981011715,"","","","",18.,1,260,1,"","","","","","","","","","","","","","","","","","","","","","","","","","","","",8.2,1,3.4,1,"","","","","","","","","","","","","","","","","","","","","","","","","","",73,1,"","","","","","","","","","","","",7.9,1,1006.6,1,"","","","","","",6,1,5,1,9,1,0,1,2,1,"","","","","","","","","","","","","","","","","","","","","","","","",14000,1,"","",2,1,8,1,"","","","","","","","","","",6,1,"","","","","","","","","","","","","","","","","","","","","","","","","","","","","","","","","","","","","","","","","","","","","","","","","","","","","",""
"35049001","CANCALE",48.711667,-1.843333,40,1981011718,"","","","",20.,1,260,1,"","","","","","","","","","","","","","","","","","","","","","","","","","","","",7.9,1,3.4,1,"","","","","","","","","","","","","","","","","","","","","","","","","","",74,1,"","","","","","","","","","","","",7.9,1,1009.,1,"","","","","","",4,1,0,1,3,1,0,1,0,1,"","","","","","","","","","","","","","","","","","","","","","","","",20000,1,"","",2,1,8,1,"","","","","","","","","","",6,1,"","","","","","","","","","","","","","","","","","","","","","","","","","","","","","","","","","","","","","","","","","","","","","","","","","","","","",""
"35049001","CANCALE",48.711667,-1.843333,40,1981011721,"","","","",21.,1,280,1,"","","","","","","","","","","","","","","","","","","","","","","","","","","","",8.,1,3.3,1,"","","","","","","","","","","","","","","","","","","","","","","","","","",73,1,"","","","","","","","","","","","",7.8,1,1011.,1,"","","","","","",7,1,7,1,3,1,"","","","","","","","","","","","","","","","","","","","","","","","","","","","",18000,1,"","",0,1,"","","","","","","","","","","","",6,1,"","","","","","","","","","","","","","","","","","","","","","","","","","","","","","","","","","","","","","","","","","","","","","","","","","","","","",""
"35049001","CANCALE",48.711667,-1.843333,40,1981011800,"","","","",21.,1,280,1,"","","","","","","","","","","","","","","","","","","","","","","","","","","","",7.5,1,2.8,1,"","","","","","","","","","","","","","","","","","","","","","","","","","",73,1,"","","","","","","","","","","","",7.5,1,1014.3,1,"","","","","","",1,1,0,1,0,1,0,1,2,1,"","","","","","","","","","","","","","","","","","","","","","","","",25000,1,"","",0,1,"","","","","","","","","","","","",6,1,"","","","","","","","","","","","","","","","","","","","","","","","","","","","","","","","","","","","","","","","","","","","","","","","","","","","","",""
"35049001","CANCALE",48.711667,-1.843333,40,1981011803,"","","","",16.,1,300,1,"","","","","","","","","","","","","","","","","","","","","","","","","","","","",7.2,1,2.4,1,"","","","","","","","","","","","","","","","","","","","","","","","","","",73,1,"","","","","","","","","","","","",7.3,1,1017.2,1,"","","","","","",5,1,5,1,5,1,0,1,0,1,"","","","","","","","","","","","","","","","","","","","","","","","",25000,1,"","",0,1,"","","","","","","","","","","","",6,1,"","","","","","","","","","","","","","","","","","","","","","","","","","","","","","","","","","","","","","","","","","","","","","","","","","","","","",""
"35049001","CANCALE",48.711667,-1.843333,40,1981011806,"","","","",9.,1,300,1,"","","","","","","","","","","","","","","","","","","","","","","","","","","","",6.8,1,3.7,1,"","","","","","","","","","","","","","","","","","","","","","","","","","",82,1,"","","","","","","","","","","","",8.,1,1019.2,1,"","","","","","",1,1,0,1,2,1,0,1,0,1,"","","","","","","","","","","","","","","","","","","","","","","","",35000,1,"","",0,1,"","","","",1,1,"","","","","","",4,1,"","","","","","","","","","","","","","","","","","","","","","","","","","","","","","","","","","","","","","","","","","","","","","","","","","","","","",""
"35049001","CANCALE",48.711667,-1.843333,40,1981011809,"","","","",3.,1,280,1,"","","","","","","","","","","","","","","","","","","","","","","","","","","","",6.2,1,4.2,1,"","","","","","","","","","","","","","","","","","","","","","","","","","",88,1,"","","","","","","","","","","","",8.3,1,1020.7,1,"","","","","","",6,1,0,1,8,1,0,1,4,1,"","","","","","","","","","","","","","","","","","","","","","","","",23000,1,"","",3,1,1,1,"","","","","","","","","","",3,1,"","","","","","","","","","","","","","","","","","","","","","","","","","","","","","","","","","","","","","","","","","","","","","","","","","","","","",""
"35049001","CANCALE",48.711667,-1.843333,40,1981011812,"","","","",4.,1,200,1,"","","","","","","","","","","","","","","","","","","","","","","","","","","","",7.4,1,4.8,1,"","","","","","","","","","","","","","","","","","","","","","","","","","",84,1,"","","","","","","","","","","","",8.7,1,1020.5,1,"","","","","","",8,1,8,1,7,1,2,1,"","","","","","","","","","","","","","","","","","","","","","","","","","",15000,1,"","",21,1,6,1,"","","","","","","","","","",3,1,"","","","","","","","","","","","","","","","","","","","","","","","","","","","","","","","","","","","","","","","","","","","","","","","","","","","","",""
"35049001","CANCALE",48.711667,-1.843333,40,1981011815,"","","","",7.,1,180,1,"","","","","","","","","","","","","","","","","","","","","","","","","","","","",6.7,1,5.5,1,"","","","","","","","","","","","","","","","","","","","","","","","","","",93,1,"","","","","","","","","","","","",9.1,1,1017.7,1,"","","","","","",8,1,8,1,7,1,"","","","","","","","","","","","","","","","","","","","","","","","","","","","",5000,1,"","",63,1,6,1,"","","","","","","","","","",3,1,"","","","","","","","","","","","","","","","","","","","","","","","","","","","","","","","","","","","","","","","","","","","","","","","","","","","","",""
"35049001","CANCALE",48.711667,-1.843333,40,1981011818,"","","","",8.,1,220,1,"","","","","","","","","","","","","","","","","","","","","","","","","","","","",9.2,1,8.1,1,"","","","","","","","","","","","","","","","","","","","","","","","","","",95,1,"","","","","","","","","","","","",11.,1,1015.1,1,"","","","","","",8,1,8,1,7,1,"","","","","","","","","","","","","","","","","","","","","","","","","","","","",5000,1,"","",61,1,6,1,"","","","","","","","","","",3,1,"","","","","","","","","","","","","","","","","","","","","","","","","","","","","","","","","","","","","","","","","","","","","","","","","","","","","",""
"35049001","CANCALE",48.711667,-1.843333,40,1981011821,"","","","",13.,1,280,1,"","","","","","","","","","","","","","","","","","","","","","","","","","","","",8.6,1,7.3,1,"","","","","","","","","","","","","","","","","","","","","","","","","","",94,1,"","","","","","","","","","","","",10.4,1,1015.3,1,"","","","","","",7,1,7,1,5,1,"","","","","","","","","","","","","","","","","","","","","","","","","","","","",16000,1,"","",0,1,"","","","","","","","","","","","",4,1,"","","","","","","","","","","","","","","","","","","","","","","","","","","","","","","","","","","","","","","","","","","","","","","","","","","","","",""
"35049001","CANCALE",48.711667,-1.843333,40,1981011900,"","","","",13.,1,280,1,"","","","","","","","","","","","","","","","","","","","","","","","","","","","",8.3,1,7.,1,"","","","","","","","","","","","","","","","","","","","","","","","","","",93,1,"","","","","","","","","","","","",10.2,1,1016.1,1,"","","","","","",8,1,8,1,5,1,"","","","","","","","","","","","","","","","","","","","","","","","","","","","",15000,1,"","",0,1,"","","","","","","","","","","","",4,1,"","","","","","","","","","","","","","","","","","","","","","","","","","","","","","","","","","","","","","","","","","","","","","","","","","","","","",""
"35049001","CANCALE",48.711667,-1.843333,40,1981011903,"","","","",11.,1,280,1,"","","","","","","","","","","","","","","","","","","","","","","","","","","","",8.5,1,5.7,1,"","","","","","","","","","","","","","","","","","","","","","","","","","",84,1,"","","","","","","","","","","","",9.3,1,1016.1,1,"","","","","","",8,1,8,1,5,1,"","","","","","","","","","","","","","","","","","","","","","","","","","","","",15000,1,"","",0,1,"","","","","","","","","","","","",4,1,"","","","","","","","","","","","","","","","","","","","","","","","","","","","","","","","","","","","","","","","","","","","","","","","","","","","","",""
"35049001","CANCALE",48.711667,-1.843333,40,1981011906,"","","","",10.,1,280,1,"","","","","","","","","","","","","","","","","","","","","","","","","","","","",8.3,1,5.3,1,"","","","","","","","","","","","","","","","","","","","","","","","","","",82,1,"","","","","","","","","","","","",9.,1,1017.9,1,"","","","","","",8,1,8,1,5,1,"","","","","","","","","","","","","","","","","","","","","","","","","","","","",20000,1,"","",0,1,"","","","",1,1,"","","","","","",3,1,"","","","","","","","","","","","","","","","","","","","","","","","","","","","","","","","","","","","","","","","","","","","","","","","","","","","","",""
"35049001","CANCALE",48.711667,-1.843333,40,1981011909,"","","","",8.,1,280,1,"","","","","","","","","","","","","","","","","","","","","","","","","","","","",8.2,1,5.4,1,"","","","","","","","","","","","","","","","","","","","","","","","","","",84,1,"","","","","","","","","","","","",9.1,1,1018.4,1,"","","","","","",8,1,8,1,5,1,"","","","","","","","","","","","","","","","","","","","","","","","","","","","",15000,1,"","",21,1,2,1,"","","","","","","","","","",3,1,"","","","","","","","","","","","","","","","","","","","","","","","","","","","","","","","","","","","","","","","","","","","","","","","","","","","","",""
"35049001","CANCALE",48.711667,-1.843333,40,1981011912,"","","","",10.,1,260,1,"","","","","","","","","","","","","","","","","","","","","","","","","","","","",7.5,1,6.2,1,"","","","","","","","","","","","","","","","","","","","","","","","","","",93,1,"","","","","","","","","","","","",9.6,1,1019.5,1,"","","","","","",7,1,7,1,8,1,"","","","","","","","","","","","","","","","","","","","","","","","","","","","",15000,1,"","",25,1,6,1,"","","","","","","","","","",3,1,"","","","","","","","","","","","","","","","","","","","","","","","","","","","","","","","","","","","","","","","","","","","","","","","","","","","","",""
"35049001","CANCALE",48.711667,-1.843333,40,1981011915,"","","","",12.,1,260,1,"","","","","","","","","","","","","","","","","","","","","","","","","","","","",8.,1,5.6,1,"","","","","","","","","","","","","","","","","","","","","","","","","","",86,1,"","","","","","","","","","","","",9.2,1,1020.8,1,"","","","","","",8,1,8,1,8,1,"","","","","","","","","","","","","","","","","","","","","","","","","","","","",18000,1,"","",2,1,2,1,"","","","","","","","","","",3,1,"","","","","","","","","","","","","","","","","","","","","","","","","","","","","","","","","","","","","","","","","","","","","","","","","","","","","",""
"35049001","CANCALE",48.711667,-1.843333,40,1981011918,"","","","",13.,1,260,1,"","","","","","","","","","","","","","","","","","","","","","","","","","","","",8.5,1,6.2,1,"","","","","","","","","","","","","","","","","","","","","","","","","","",87,1,"","","","","","","","","","","","",9.6,1,1019.5,1,"","","","","","",8,1,8,1,8,1,"","","","","","","","","","","","","","","","","","","","","","","","","","","","",18000,1,"","",2,1,8,1,"","","","","","","","","","",3,1,"","","","","","","","","","","","","","","","","","","","","","","","","","","","","","","","","","","","","","","","","","","","","","","","","","","","","",""
"35049001","CANCALE",48.711667,-1.843333,40,1981011921,"","","","",8.,1,260,1,"","","","","","","","","","","","","","","","","","","","","","","","","","","","",8.2,1,6.4,1,"","","","","","","","","","","","","","","","","","","","","","","","","","",90,1,"","","","","","","","","","","","",9.8,1,1017.9,1,"","","","","","",8,1,8,1,8,1,"","","","","","","","","","","","","","","","","","","","","","","","","","","","",5000,1,"","",80,1,"","","","","","","","","","","","",3,1,"","","","","","","","","","","","","","","","","","","","","","","","","","","","","","","","","","","","","","","","","","","","","","","","","","","","","",""
"35049001","CANCALE",48.711667,-1.843333,40,1981012000,"","","","",9.,1,260,1,"","","","","","","","","","","","","","","","","","","","","","","","","","","","",9.4,1,8.3,1,"","","","","","","","","","","","","","","","","","","","","","","","","","",95,1,"","","","","","","","","","","","",11.2,1,1015.6,1,"","","","","","",8,1,8,1,8,1,"","","","","","","","","","","","","","","","","","","","","","","","","","","","",3000,1,"","",80,1,"","","","","","","","","","","","",3,1,"","","","","","","","","","","","","","","","","","","","","","","","","","","","","","","","","","","","","","","","","","","","","","","","","","","","","",""
"35049001","CANCALE",48.711667,-1.843333,40,1981012003,"","","","",15.,1,260,1,"","","","","","","","","","","","","","","","","","","","","","","","","","","","",9.2,1,8.5,1,"","","","","","","","","","","","","","","","","","","","","","","","","","",97,1,"","","","","","","","","","","","",11.3,1,1012.2,1,"","","","","","",8,1,8,1,8,1,"","","","","","","","","","","","","","","","","","","","","","","","","","","","",300,1,"","",80,1,"","","","","","","","","","","","",3,1,"","","","","","","","","","","","","","","","","","","","","","","","","","","","","","","","","","","","","","","","","","","","","","","","","","","","","",""
"35049001","CANCALE",48.711667,-1.843333,40,1981012006,"","","","",15.,1,280,1,"","","","","","","","","","","","","","","","","","","","","","","","","","","","",8.8,1,8.1,1,"","","","","","","","","","","","","","","","","","","","","","","","","","",97,1,"","","","","","","","","","","","",11.,1,1012.4,1,"","","","","","",8,1,8,1,8,1,"","","","","","","","","","","","","","","","","","","","","","","","","","","","",6000,1,"","",0,1,"","","","",2,1,"","","","","","",4,1,"","","","","","","","","","","","","","","","","","","","","","","","","","","","","","","","","","","","","","","","","","","","","","","","","","","","","",""
"35049001","CANCALE",48.711667,-1.843333,40,1981012009,"","","","",12.,1,280,1,"","","","","","","","","","","","","","","","","","","","","","","","","","","","",8.,1,7.3,1,"","","","","","","","","","","","","","","","","","","","","","","","","","",97,1,"","","","","","","","","","","","",10.4,1,1016.2,1,"","","","","","",7,1,7,1,8,1,"","","","","","","","","","","","","","","","","","","","","","","","","","","","",18000,1,"","",2,1,2,1,"","","","","","","","","","",4,1,"","","","","","","","","","","","","","","","","","","","","","","","","","","","","","","","","","","","","","","","","","","","","","","","","","","","","",""
"35049001","CANCALE",48.711667,-1.843333,40,1981012012,"","","","",7.,1,360,1,"","","","","","","","","","","","","","","","","","","","","","","","","","","","",7.9,1,4.8,1,"","","","","","","","","","","","","","","","","","","","","","","","","","",82,1,"","","","","","","","","","","","",8.7,1,1020.2,1,"","","","","","",5,1,0,1,2,1,3,1,5,1,"","","","","","","","","","","","","","","","","","","","","","","","",25000,1,"","",1,1,2,1,"","","","","","","","","","",3,1,"","","","","","","","","","","","","","","","","","","","","","","","","","","","","","","","","","","","","","","","","","","","","","","","","","","","","",""
"35049001","CANCALE",48.711667,-1.843333,40,1981012015,"","","","",7.,1,340,1,"","","","","","","","","","","","","","","","","","","","","","","","","","","","",7.3,1,4.1,1,"","","","","","","","","","","","","","","","","","","","","","","","","","",81,1,"","","","","","","","","","","","",8.3,1,1022.2,1,"","","","","","",7,1,7,1,8,1,"","","","","","","","","","","","","","","","","","","","","","","","","","","","",25000,1,"","",2,1,2,1,"","","","","","","","","","",3,1,"","","","","","","","","","","","","","","","","","","","","","","","","","","","","","","","","","","","","","","","","","","","","","","","","","","","","",""
"35049001","CANCALE",48.711667,-1.843333,40,1981012018,"","","","",4.,1,40,1,"","","","","","","","","","","","","","","","","","","","","","","","","","","","",6.8,1,3.6,1,"","","","","","","","","","","","","","","","","","","","","","","","","","",81,1,"","","","","","","","","","","","",8.,1,1025.,1,"","","","","","",8,1,8,1,5,1,"","","","","","","","","","","","","","","","","","","","","","","","","","","","",25000,1,"","",2,1,2,1,"","","","","","","","","","",3,1,"","","","","","","","","","","","","","","","","","","","","","","","","","","","","","","","","","","","","","","","","","","","","","","","","","","","","",""
"35049001","CANCALE",48.711667,-1.843333,40,1981012021,"","","","",4.,1,140,1,"","","","","","","","","","","","","","","","","","","","","","","","","","","","",6.3,1,4.3,1,"","","","","","","","","","","","","","","","","","","","","","","","","","",88,1,"","","","","","","","","","","","",8.4,1,1026.6,1,"","","","","","",7,1,7,1,5,1,"","","","","","","","","","","","","","","","","","","","","","","","","","","","",20000,1,"","",0,1,"","","","","","","","","","","","",2,1,"","","","","","","","","","","","","","","","","","","","","","","","","","","","","","","","","","","","","","","","","","","","","","","","","","","","","",""
"35049001","CANCALE",48.711667,-1.843333,40,1981012100,"","","","",4.,1,180,1,"","","","","","","","","","","","","","","","","","","","","","","","","","","","",6.3,1,4.5,1,"","","","","","","","","","","","","","","","","","","","","","","","","","",90,1,"","","","","","","","","","","","",8.5,1,1027.,1,"","","","","","",8,1,8,1,5,1,"","","","","","","","","","","","","","","","","","","","","","","","","","","","",20000,1,"","",0,1,"","","","","","","","","","","","",2,1,"","","","","","","","","","","","","","","","","","","","","","","","","","","","","","","","","","","","","","","","","","","","","","","","","","","","","",""
"35049001","CANCALE",48.711667,-1.843333,40,1981012103,"","","","",5.,1,200,1,"","","","","","","","","","","","","","","","","","","","","","","","","","","","",5.5,1,4.1,1,"","","","","","","","","","","","","","","","","","","","","","","","","","",92,1,"","","","","","","","","","","","",8.3,1,1027.2,1,"","","","","","",8,1,8,1,7,1,"","","","","","","","","","","","","","","","","","","","","","","","","","","","",5000,1,"","",61,1,"","","","","","","","","","","","",2,1,"","","","","","","","","","","","","","","","","","","","","","","","","","","","","","","","","","","","","","","","","","","","","","","","","","","","","",""
"35049001","CANCALE",48.711667,-1.843333,40,1981012106,"","","","",6.,1,180,1,"","","","","","","","","","","","","","","","","","","","","","","","","","","","",6.,1,5.1,1,"","","","","","","","","","","","","","","","","","","","","","","","","","",95,1,"","","","","","","","","","","","",8.9,1,1026.3,1,"","","","","","",8,1,8,1,7,1,"","","","","","","","","","","","","","","","","","","","","","","","","","","","",5000,1,"","",61,1,"","","","",2,1,"","","","","","",2,1,"","","","","","","","","","","","","","","","","","","","","","","","","","","","","","","","","","","","","","","","","","","","","","","","","","","","","",""
"35049001","CANCALE",48.711667,-1.843333,40,1981012109,"","","","",9.,1,260,1,"","","","","","","","","","","","","","","","","","","","","","","","","","","","",8.1,1,7.4,1,"","","","","","","","","","","","","","","","","","","","","","","","","","",97,1,"","","","","","","","","","","","",10.5,1,1026.5,1,"","","","","","",8,1,8,1,7,1,"","","","","","","","","","","","","","","","","","","","","","","","","","","","",1600,1,"","",53,1,6,1,"","","","","","","","","","",3,1,"","","","","","","","","","","","","","","","","","","","","","","","","","","","","","","","","","","","","","","","","","","","","","","","","","","","","",""
"35049001","CANCALE",48.711667,-1.843333,40,1981012112,"","","","",11.,1,300,1,"","","","","","","","","","","","","","","","","","","","","","","","","","","","",8.4,1,8.4,1,"","","","","","","","","","","","","","","","","","","","","","","","","","",100,1,"","","","","","","","","","","","",11.,1,1027.3,1,"","","","","","",9,1,"","","","","","","","","","","","","","","","","","","","","","","","","","","","","","","","",100,1,"","",45,1,6,1,"","","","","","","","","","","","","","","","","","","","","","","","","","","","","","","","","","","","","","","","","","","","","","","","","","","","","","","","","","","","","","","","","",""
"35049001","CANCALE",48.711667,-1.843333,40,1981012115,"","","","",12.,1,300,1,"","","","","","","","","","","","","","","","","","","","","","","","","","","","",8.1,1,8.1,1,"","","","","","","","","","","","","","","","","","","","","","","","","","",100,1,"","","","","","","","","","","","",10.8,1,1027.3,1,"","","","","","",9,1,"","","","","","","","","","","","","","","","","","","","","","","","","","","","","","","","",200,1,"","",45,1,4,1,"","","","","","","","","","","","","","","","","","","","","","","","","","","","","","","","","","","","","","","","","","","","","","","","","","","","","","","","","","","","","","","","","",""
"35049001","CANCALE",48.711667,-1.843333,40,1981012118,"","","","",12.,1,300,1,"","","","","","","","","","","","","","","","","","","","","","","","","","","","",8.2,1,7.6,1,"","","","","","","","","","","","","","","","","","","","","","","","","","",97,1,"","","","","","","","","","","","",10.6,1,1027.9,1,"","","","","","",8,1,8,1,6,1,"","","","","","","","","","","","","","","","","","","","","","","","","","","","",20000,1,"","",2,1,4,1,"","","","","","","","","","",4,1,"","","","","","","","","","","","","","","","","","","","","","","","","","","","","","","","","","","","","","","","","","","","","","","","","","","","","",""
"35049001","CANCALE",48.711667,-1.843333,40,1981012121,"","","","",12.,1,320,1,"","","","","","","","","","","","","","","","","","","","","","","","","","","","",8.3,1,7.4,1,"","","","","","","","","","","","","","","","","","","","","","","","","","",96,1,"","","","","","","","","","","","",10.5,1,1028.7,1,"","","","","","",8,1,8,1,6,1,"","","","","","","","","","","","","","","","","","","","","","","","","","","","",25000,1,"","",0,1,"","","","","","","","","","","","",4,1,"","","","","","","","","","","","","","","","","","","","","","","","","","","","","","","","","","","","","","","","","","","","","","","","","","","","","",""
"35049001","CANCALE",48.711667,-1.843333,40,1981012200,"","","","",9.,1,300,1,"","","","","","","","","","","","","","","","","","","","","","","","","","","","",8.,1,7.2,1,"","","","","","","","","","","","","","","","","","","","","","","","","","",96,1,"","","","","","","","","","","","",10.3,1,1029.6,1,"","","","","","",8,1,8,1,6,1,"","","","","","","","","","","","","","","","","","","","","","","","","","","","",30000,1,"","",0,1,"","","","","","","","","","","","",3,1,"","","","","","","","","","","","","","","","","","","","","","","","","","","","","","","","","","","","","","","","","","","","","","","","","","","","","",""
"35049001","CANCALE",48.711667,-1.843333,40,1981012203,"","","","",8.,1,300,1,"","","","","","","","","","","","","","","","","","","","","","","","","","","","",7.8,1,7.2,1,"","","","","","","","","","","","","","","","","","","","","","","","","","",97,1,"","","","","","","","","","","","",10.3,1,1030.1,1,"","","","","","",8,1,8,1,6,1,"","","","","","","","","","","","","","","","","","","","","","","","","","","","",15000,1,"","",0,1,"","","","","","","","","","","","",3,1,"","","","","","","","","","","","","","","","","","","","","","","","","","","","","","","","","","","","","","","","","","","","","","","","","","","","","",""
"35049001","CANCALE",48.711667,-1.843333,40,1981012206,"","","","",8.,1,300,1,"","","","","","","","","","","","","","","","","","","","","","","","","","","","",7.8,1,7.2,1,"","","","","","","","","","","","","","","","","","","","","","","","","","",97,1,"","","","","","","","","","","","",10.3,1,1029.9,1,"","","","","","",9,1,"","","","","","","","","","","","","","","","","","","","","","","","","","","","","","","","",100,1,"","",45,1,"","","","",1,1,"","","","","","","","","","","","","","","","","","","","","","","","","","","","","","","","","","","","","","","","","","","","","","","","","","","","","","","","","","","","","",""
"35049001","CANCALE",48.711667,-1.843333,40,1981012209,"","","","",5.,1,280,1,"","","","","","","","","","","","","","","","","","","","","","","","","","","","",8.,1,8.,1,"","","","","","","","","","","","","","","","","","","","","","","","","","",99,1,"","","","","","","","","","","","",10.6,1,1030.9,1,"","","","","","",9,1,"","","","","","","","","","","","","","","","","","","","","","","","","","","","","","","","",200,1,"","",45,1,4,1,"","","","","","","","","","","","","","","","","","","","","","","","","","","","","","","","","","","","","","","","","","","","","","","","","","","","","","","","","","","","","","","","","",""
"35049001","CANCALE",48.711667,-1.843333,40,1981012212,"","","","",4.,1,300,1,"","","","","","","","","","","","","","","","","","","","","","","","","","","","",8.6,1,8.6,1,"","","","","","","","","","","","","","","","","","","","","","","","","","",99,1,"","","","","","","","","","","","",11.,1,1031.5,1,"","","","","","",8,1,8,1,5,1,"","","","","","","","","","","","","","","","","","","","","","","","","","","","",5000,1,"","",2,1,4,1,"","","","","","","","","","",2,1,"","","","","","","","","","","","","","","","","","","","","","","","","","","","","","","","","","","","","","","","","","","","","","","","","","","","","",""
"35049001","CANCALE",48.711667,-1.843333,40,1981012215,"","","","",4.,1,300,1,"","","","","","","","","","","","","","","","","","","","","","","","","","","","",8.,1,8.,1,"","","","","","","","","","","","","","","","","","","","","","","","","","",99,1,"","","","","","","","","","","","",10.6,1,1031.1,1,"","","","","","",9,1,"","","","","","","","","","","","","","","","","","","","","","","","","","","","","","","","",300,1,"","",45,1,4,1,"","","","","","","","","","",2,1,"","","","","","","","","","","","","","","","","","","","","","","","","","","","","","","","","","","","","","","","","","","","","","","","","","","","","",""
"35049001","CANCALE",48.711667,-1.843333,40,1981012218,"","","","",3.,1,300,1,"","","","","","","","","","","","","","","","","","","","","","","","","","","","",7.9,1,7.9,1,"","","","","","","","","","","","","","","","","","","","","","","","","","",100,1,"","","","","","","","","","","","",10.6,1,1031.5,1,"","","","","","",8,1,8,1,7,1,"","","","","","","","","","","","","","","","","","","","","","","","","","","","",200,1,"","",58,1,4,1,"","","","","","","","","","","","","","","","","","","","","","","","","","","","","","","","","","","","","","","","","","","","","","","","","","","","","","","","","","","","","","","","","",""
"35049001","CANCALE",48.711667,-1.843333,40,1981012221,"","","","",0.,1,0,1,"","","","","","","","","","","","","","","","","","","","","","","","","","","","",8.4,1,8.4,1,"","","","","","","","","","","","","","","","","","","","","","","","","","",100,1,"","","","","","","","","","","","",11.,1,1031.7,1,"","","","","","",9,1,"","","","","","","","","","","","","","","","","","","","","","","","","","","","","","","","",50,1,"","",45,1,"","","","","","","","","","","","","","","","","","","","","","","","","","","","","","","","","","","","","","","","","","","","","","","","","","","","","","","","","","","","","","","","","","","",""
"35049001","CANCALE",48.711667,-1.843333,40,1981012300,"","","","",2.,1,280,1,"","","","","","","","","","","","","","","","","","","","","","","","","","","","",8.3,1,8.3,1,"","","","","","","","","","","","","","","","","","","","","","","","","","",100,1,"","","","","","","","","","","","",10.9,1,1031.6,1,"","","","","","",9,1,"","","","","","","","","","","","","","","","","","","","","","","","","","","","","","","","",100,1,"","",45,1,"","","","","","","","","","","","","","","","","","","","","","","","","","","","","","","","","","","","","","","","","","","","","","","","","","","","","","","","","","","","","","","","","","","",""
"35049001","CANCALE",48.711667,-1.843333,40,1981012303,"","","","",0.,1,0,1,"","","","","","","","","","","","","","","","","","","","","","","","","","","","",8.2,1,8.2,1,"","","","","","","","","","","","","","","","","","","","","","","","","","",100,1,"","","","","","","","","","","","",10.9,1,1031.6,1,"","","","","","",9,1,"","","","","","","","","","","","","","","","","","","","","","","","","","","","","","","","",100,1,"","",45,1,"","","","","","","","","","","","","","","","","","","","","","","","","","","","","","","","","","","","","","","","","","","","","","","","","","","","","","","","","","","","","","","","","","","",""
"35049001","CANCALE",48.711667,-1.843333,40,1981012306,"","","","",2.,1,100,1,"","","","","","","","","","","","","","","","","","","","","","","","","","","","",8.2,1,7.6,1,"","","","","","","","","","","","","","","","","","","","","","","","","","",97,1,"","","","","","","","","","","","",10.6,1,1031.3,1,"","","","","","",8,1,8,1,6,1,"","","","","","","","","","","","","","","","","","","","","","","","","","","","",3000,1,"","",10,1,"","","","",1,1,"","","","","","",2,1,"","","","","","","","","","","","","","","","","","","","","","","","","","","","","","","","","","","","","","","","","","","","","","","","","","","","","",""
"35049001","CANCALE",48.711667,-1.843333,40,1981012309,"","","","",2.,1,100,1,"","","","","","","","","","","","","","","","","","","","","","","","","","","","",7.5,1,7.5,1,"","","","","","","","","","","","","","","","","","","","","","","","","","",100,1,"","","","","","","","","","","","",10.4,1,1031.7,1,"","","","","","",9,1,"","","","","","","","","","","","","","","","","","","","","","","","","","","","","","","","",100,1,"","",45,1,4,1,"","","","","","","","","","","","","","","","","","","","","","","","","","","","","","","","","","","","","","","","","","","","","","","","","","","","","","","","","","","","","","","","","",""
"35049001","CANCALE",48.711667,-1.843333,40,1981012312,"","","","",3.,1,100,1,"","","","","","","","","","","","","","","","","","","","","","","","","","","","",7.6,1,7.6,1,"","","","","","","","","","","","","","","","","","","","","","","","","","",100,1,"","","","","","","","","","","","",10.4,1,1031.3,1,"","","","","","",9,1,"","","","","","","","","","","","","","","","","","","","","","","","","","","","","","","","",100,1,"","",45,1,4,1,"","","","","","","","","","","","","","","","","","","","","","","","","","","","","","","","","","","","","","","","","","","","","","","","","","","","","","","","","","","","","","","","","",""
"35049001","CANCALE",48.711667,-1.843333,40,1981012315,"","","","",3.,1,120,1,"","","","","","","","","","","","","","","","","","","","","","","","","","","","",7.9,1,7.2,1,"","","","","","","","","","","","","","","","","","","","","","","","","","",97,1,"","","","","","","","","","","","",10.3,1,1029.9,1,"","","","","","",8,1,8,1,6,1,"","","","","","","","","","","","","","","","","","","","","","","","","","","","",200,1,"","",44,1,4,1,"","","","","","","","","","","","","","","","","","","","","","","","","","","","","","","","","","","","","","","","","","","","","","","","","","","","","","","","","","","","","","","","","",""
"35049001","CANCALE",48.711667,-1.843333,40,1981012318,"","","","",2.,1,120,1,"","","","","","","","","","","","","","","","","","","","","","","","","","","","",8.,1,8.,1,"","","","","","","","","","","","","","","","","","","","","","","","","","",100,1,"","","","","","","","","","","","",10.7,1,1029.9,1,"","","","","","",8,1,8,1,6,1,"","","","","","","","","","","","","","","","","","","","","","","","","","","","",400,1,"","",44,1,4,1,"","","","","","","","","","",2,1,"","","","","","","","","","","","","","","","","","","","","","","","","","","","","","","","","","","","","","","","","","","","","","","","","","","","","",""
"35049001","CANCALE",48.711667,-1.843333,40,1981012321,"","","","",3.,1,100,1,"","","","","","","","","","","","","","","","","","","","","","","","","","","","",6.7,1,6.7,1,"","","","","","","","","","","","","","","","","","","","","","","","","","",100,1,"","","","","","","","","","","","",9.8,1,1029.9,1,"","","","","","",9,1,"","","","","","","","","","","","","","","","","","","","","","","","","","","","","","","","",100,1,"","",45,1,"","","","","","","","","","","","","","","","","","","","","","","","","","","","","","","","","","","","","","","","","","","","","","","","","","","","","","","","","","","","","","","","","","","",""
"35049001","CANCALE",48.711667,-1.843333,40,1981012400,"","","","",3.,1,180,1,"","","","","","","","","","","","","","","","","","","","","","","","","","","","",5.4,1,5.4,1,"","","","","","","","","","","","","","","","","","","","","","","","","","",100,1,"","","","","","","","","","","","",9.,1,1029.2,1,"","","","","","",9,1,"","","","","","","","","","","","","","","","","","","","","","","","","","","","","","","","",100,1,"","",45,1,"","","","","","","","","","","","","","","","","","","","","","","","","","","","","","","","","","","","","","","","","","","","","","","","","","","","","","","","","","","","","","","","","","","",""
"35049001","CANCALE",48.711667,-1.843333,40,1981012403,"","","","",5.,1,180,1,"","","","","","","","","","","","","","","","","","","","","","","","","","","","",4.6,1,4.6,1,"","","","","","","","","","","","","","","","","","","","","","","","","","",100,1,"","","","","","","","","","","","",8.5,1,1028.9,1,"","","","","","",9,1,"","","","","","","","","","","","","","","","","","","","","","","","","","","","","","","","",100,1,"","",45,1,"","","","","","","","","","","","","","","","","","","","","","","","","","","","","","","","","","","","","","","","","","","","","","","","","","","","","","","","","","","","","","","","","","","",""
"35049001","CANCALE",48.711667,-1.843333,40,1981012406,"","","","",3.,1,180,1,"","","","","","","","","","","","","","","","","","","","","","","","","","","","",4.,1,3.3,1,"","","","","","","","","","","","","","","","","","","","","","","","","","",96,1,"","","","","","","","","","","","",7.8,1,1028.5,1,"","","","","","",9,1,"","","","","","","","","","","","","","","","","","","","","","","","","","","","","","","","",100,1,"","",45,1,"","","","",1,1,"","","","","","","","","","","","","","","","","","","","","","","","","","","","","","","","","","","","","","","","","","","","","","","","","","","","","","","","","","","","","",""
"35049001","CANCALE",48.711667,-1.843333,40,1981012409,"","","","",2.,1,200,1,"","","","","","","","","","","","","","","","","","","","","","","","","","","","",4.4,1,4.4,1,"","","","","","","","","","","","","","","","","","","","","","","","","","",99,1,"","","","","","","","","","","","",8.2,1,1029.2,1,"","","","","","",9,1,"","","","","","","","","","","","","","","","","","","","","","","","","","","","","","","","",100,1,"","",45,1,4,1,"","","","","","","","","","","","","","","","","","","","","","","","","","","","","","","","","","","","","","","","","","","","","","","","","","","","","","","","","","","","","","","","","",""
"35049001","CANCALE",48.711667,-1.843333,40,1981012412,"","","","",0.,1,0,1,"","","","","","","","","","","","","","","","","","","","","","","","","","","","",6.4,1,6.4,1,"","","","","","","","","","","","","","","","","","","","","","","","","","",99,1,"","","","","","","","","","","","",9.5,1,1029.1,1,"","","","","","",9,1,"","","","","","","","","","","","","","","","","","","","","","","","","","","","","","","","",200,1,"","",45,1,4,1,"","","","","","","","","","","","","","","","","","","","","","","","","","","","","","","","","","","","","","","","","","","","","","","","","","","","","","","","","","","","","","","","","",""
"35049001","CANCALE",48.711667,-1.843333,40,1981012415,"","","","",0.,1,0,1,"","","","","","","","","","","","","","","","","","","","","","","","","","","","",7.6,1,6.9,1,"","","","","","","","","","","","","","","","","","","","","","","","","","",97,1,"","","","","","","","","","","","",10.1,1,1027.9,1,"","","","","","",8,1,8,1,6,1,"","","","","","","","","","","","","","","","","","","","","","","","","","","","",1500,1,"","",10,1,4,1,"","","","","","","","","","",1,1,"","","","","","","","","","","","","","","","","","","","","","","","","","","","","","","","","","","","","","","","","","","","","","","","","","","","","",""
"35049001","CANCALE",48.711667,-1.843333,40,1981012418,"","","","",2.,1,280,1,"","","","","","","","","","","","","","","","","","","","","","","","","","","","",7.8,1,7.2,1,"","","","","","","","","","","","","","","","","","","","","","","","","","",97,1,"","","","","","","","","","","","",10.3,1,1027.9,1,"","","","","","",8,1,8,1,6,1,"","","","","","","","","","","","","","","","","","","","","","","","","","","","",4000,1,"","",10,1,4,1,"","","","","","","","","","",2,1,"","","","","","","","","","","","","","","","","","","","","","","","","","","","","","","","","","","","","","","","","","","","","","","","","","","","","",""
"35049001","CANCALE",48.711667,-1.843333,40,1981012421,"","","","",4.,1,280,1,"","","","","","","","","","","","","","","","","","","","","","","","","","","","",8.,1,6.9,1,"","","","","","","","","","","","","","","","","","","","","","","","","","",94,1,"","","","","","","","","","","","",10.1,1,1028.3,1,"","","","","","",8,1,8,1,6,1,"","","","","","","","","","","","","","","","","","","","","","","","","","","","",10000,1,"","",0,1,"","","","","","","","","","","","",2,1,"","","","","","","","","","","","","","","","","","","","","","","","","","","","","","","","","","","","","","","","","","","","","","","","","","","","","",""
"35049001","CANCALE",48.711667,-1.843333,40,1981012500,"","","","",4.,1,280,1,"","","","","","","","","","","","","","","","","","","","","","","","","","","","",8.,1,7.2,1,"","","","","","","","","","","","","","","","","","","","","","","","","","",96,1,"","","","","","","","","","","","",10.3,1,1028.5,1,"","","","","","",8,1,8,1,5,1,"","","","","","","","","","","","","","","","","","","","","","","","","","","","",5000,1,"","",0,1,"","","","","","","","","","","","",2,1,"","","","","","","","","","","","","","","","","","","","","","","","","","","","","","","","","","","","","","","","","","","","","","","","","","","","","",""
"35049001","CANCALE",48.711667,-1.843333,40,1981012503,"","","","",5.,1,280,1,"","","","","","","","","","","","","","","","","","","","","","","","","","","","",8.,1,7.3,1,"","","","","","","","","","","","","","","","","","","","","","","","","","",97,1,"","","","","","","","","","","","",10.4,1,1028.1,1,"","","","","","",8,1,8,1,6,1,"","","","","","","","","","","","","","","","","","","","","","","","","","","","",3000,1,"","",10,1,"","","","","","","","","","","","",2,1,"","","","","","","","","","","","","","","","","","","","","","","","","","","","","","","","","","","","","","","","","","","","","","","","","","","","","",""
"35049001","CANCALE",48.711667,-1.843333,40,1981012506,"","","","",6.,1,280,1,"","","","","","","","","","","","","","","","","","","","","","","","","","","","",7.8,1,6.9,1,"","","","","","","","","","","","","","","","","","","","","","","","","","",96,1,"","","","","","","","","","","","",10.1,1,1027.9,1,"","","","","","",8,1,8,1,6,1,"","","","","","","","","","","","","","","","","","","","","","","","","","","","",3000,1,"","",53,1,"","","","",1,1,"","","","","","",2,1,"","","","","","","","","","","","","","","","","","","","","","","","","","","","","","","","","","","","","","","","","","","","","","","","","","","","","",""
"35049001","CANCALE",48.711667,-1.843333,40,1981012509,"","","","",4.,1,280,1,"","","","","","","","","","","","","","","","","","","","","","","","","","","","",7.5,1,6.9,1,"","","","","","","","","","","","","","","","","","","","","","","","","","",97,1,"","","","","","","","","","","","",10.1,1,1028.5,1,"","","","","","",7,1,7,1,8,1,"","","","","","","","","","","","","","","","","","","","","","","","","","","","",30000,1,"","",2,1,5,1,"","","","","","","","","","",2,1,"","","","","","","","","","","","","","","","","","","","","","","","","","","","","","","","","","","","","","","","","","","","","","","","","","","","","",""
"35049001","CANCALE",48.711667,-1.843333,40,1981012512,"","","","",4.,1,300,1,"","","","","","","","","","","","","","","","","","","","","","","","","","","","",7.8,1,5.9,1,"","","","","","","","","","","","","","","","","","","","","","","","","","",89,1,"","","","","","","","","","","","",9.4,1,1029.6,1,"","","","","","",4,1,0,1,2,1,6,1,0,1,"","","","","","","","","","","","","","","","","","","","","","","","",25000,1,"","",1,1,5,1,"","","","","","","","","","",2,1,"","","","","","","","","","","","","","","","","","","","","","","","","","","","","","","","","","","","","","","","","","","","","","","","","","","","","",""
"35049001","CANCALE",48.711667,-1.843333,40,1981012515,"","","","",3.,1,300,1,"","","","","","","","","","","","","","","","","","","","","","","","","","","","",8.,1,5.6,1,"","","","","","","","","","","","","","","","","","","","","","","","","","",86,1,"","","","","","","","","","","","",9.2,1,1028.9,1,"","","","","","",7,1,7,1,5,1,"","","","","","","","","","","","","","","","","","","","","","","","","","","","",25000,1,"","",3,1,1,1,"","","","","","","","","","",2,1,"","","","","","","","","","","","","","","","","","","","","","","","","","","","","","","","","","","","","","","","","","","","","","","","","","","","","",""
"35049001","CANCALE",48.711667,-1.843333,40,1981012518,"","","","",3.,1,300,1,"","","","","","","","","","","","","","","","","","","","","","","","","","","","",7.4,1,5.7,1,"","","","","","","","","","","","","","","","","","","","","","","","","","",90,1,"","","","","","","","","","","","",9.3,1,1029.9,1,"","","","","","",8,1,8,1,5,1,"","","","","","","","","","","","","","","","","","","","","","","","","","","","",30000,1,"","",2,1,1,1,"","","","","","","","","","",2,1,"","","","","","","","","","","","","","","","","","","","","","","","","","","","","","","","","","","","","","","","","","","","","","","","","","","","","",""
"35049001","CANCALE",48.711667,-1.843333,40,1981012521,"","","","",2.,1,320,1,"","","","","","","","","","","","","","","","","","","","","","","","","","","","",7.,1,5.9,1,"","","","","","","","","","","","","","","","","","","","","","","","","","",94,1,"","","","","","","","","","","","",9.4,1,1030.7,1,"","","","","","",3,1,0,1,5,1,0,1,0,1,"","","","","","","","","","","","","","","","","","","","","","","","",35000,1,"","",0,1,"","","","","","","","","","","","",2,1,"","","","","","","","","","","","","","","","","","","","","","","","","","","","","","","","","","","","","","","","","","","","","","","","","","","","","",""
"35049001","CANCALE",48.711667,-1.843333,40,1981012600,"","","","",2.,1,300,1,"","","","","","","","","","","","","","","","","","","","","","","","","","","","",6.6,1,4.2,1,"","","","","","","","","","","","","","","","","","","","","","","","","","",85,1,"","","","","","","","","","","","",8.3,1,1031.3,1,"","","","","","",0,1,"","",0,1,0,1,0,1,"","","","","","","","","","","","","","","","","","","","","","","","",40000,1,"","",0,1,"","","","","","","","","","","","",1,1,"","","","","","","","","","","","","","","","","","","","","","","","","","","","","","","","","","","","","","","","","","","","","","","","","","","","","",""
"35049001","CANCALE",48.711667,-1.843333,40,1981012603,"","","","",3.,1,280,1,"","","","","","","","","","","","","","","","","","","","","","","","","","","","",6.5,1,5.3,1,"","","","","","","","","","","","","","","","","","","","","","","","","","",93,1,"","","","","","","","","","","","",9.,1,1031.7,1,"","","","","","",1,1,0,1,1,1,0,1,0,1,"","","","","","","","","","","","","","","","","","","","","","","","",40000,1,"","",0,1,"","","","","","","","","","","","",1,1,"","","","","","","","","","","","","","","","","","","","","","","","","","","","","","","","","","","","","","","","","","","","","","","","","","","","","",""
"35049001","CANCALE",48.711667,-1.843333,40,1981012606,"","","","",2.,1,280,1,"","","","","","","","","","","","","","","","","","","","","","","","","","","","",6.,1,4.8,1,"","","","","","","","","","","","","","","","","","","","","","","","","","",93,1,"","","","","","","","","","","","",8.7,1,1032.1,1,"","","","","","",5,1,5,1,1,1,0,1,3,1,"","","","","","","","","","","","","","","","","","","","","","","","",15000,1,"","",0,1,"","","","",1,1,"","","","","","",1,1,"","","","","","","","","","","","","","","","","","","","","","","","","","","","","","","","","","","","","","","","","","","","","","","","","","","","","",""
"35049001","CANCALE",48.711667,-1.843333,40,1981012609,"","","","",0.,1,0,1,"","","","","","","","","","","","","","","","","","","","","","","","","","","","",5.5,1,4.2,1,"","","","","","","","","","","","","","","","","","","","","","","","","","",92,1,"","","","","","","","","","","","",8.3,1,1034.1,1,"","","","","","",6,1,5,1,2,1,4,1,2,1,"","","","","","","","","","","","","","","","","","","","","","","","",10000,1,"","",2,1,2,1,"","","","","","","","","","",2,1,"","","","","","","","","","","","","","","","","","","","","","","","","","","","","","","","","","","","","","","","","","","","","","","","","","","","","",""
"35049001","CANCALE",48.711667,-1.843333,40,1981012612,"","","","",0.,1,0,1,"","","","","","","","","","","","","","","","","","","","","","","","","","","","",8.5,1,6.2,1,"","","","","","","","","","","","","","","","","","","","","","","","","","",86,1,"","","","","","","","","","","","",9.6,1,1034.8,1,"","","","","","",6,1,5,1,2,1,0,1,2,1,"","","","","","","","","","","","","","","","","","","","","","","","",3000,1,"","",10,1,2,1,"","","","","","","","","","",2,1,"","","","","","","","","","","","","","","","","","","","","","","","","","","","","","","","","","","","","","","","","","","","","","","","","","","","","",""
"35049001","CANCALE",48.711667,-1.843333,40,1981012615,"","","","",0.,1,0,1,"","","","","","","","","","","","","","","","","","","","","","","","","","","","",8.,1,6.8,1,"","","","","","","","","","","","","","","","","","","","","","","","","","",93,1,"","","","","","","","","","","","",10.,1,1034.5,1,"","","","","","",6,1,5,1,2,1,5,1,2,1,"","","","","","","","","","","","","","","","","","","","","","","","",3000,1,"","",10,1,2,1,"","","","","","","","","","",2,1,"","","","","","","","","","","","","","","","","","","","","","","","","","","","","","","","","","","","","","","","","","","","","","","","","","","","","",""
"35049001","CANCALE",48.711667,-1.843333,40,1981012618,"","","","",1.,1,160,1,"","","","","","","","","","","","","","","","","","","","","","","","","","","","",6.,1,5.,1,"","","","","","","","","","","","","","","","","","","","","","","","","","",94,1,"","","","","","","","","","","","",8.8,1,1035.3,1,"","","","","","",9,1,"","","","","","","","","","","","","","","","","","","","","","","","","","","","","","","","",200,1,"","",45,1,4,1,"","","","","","","","","","",2,1,"","","","","","","","","","","","","","","","","","","","","","","","","","","","","","","","","","","","","","","","","","","","","","","","","","","","","",""
"35049001","CANCALE",48.711667,-1.843333,40,1981012621,"","","","",0.,1,0,1,"","","","","","","","","","","","","","","","","","","","","","","","","","","","",6.5,1,5.3,1,"","","","","","","","","","","","","","","","","","","","","","","","","","",91,1,"","","","","","","","","","","","",9.,1,1036.1,1,"","","","","","",6,1,6,1,0,1,7,1,0,1,"","","","","","","","","","","","","","","","","","","","","","","","",20000,1,"","",0,1,"","","","","","","","","","","","",2,1,"","","","","","","","","","","","","","","","","","","","","","","","","","","","","","","","","","","","","","","","","","","","","","","","","","","","","",""
"35049001","CANCALE",48.711667,-1.843333,40,1981012700,"","","","",1.,1,160,1,"","","","","","","","","","","","","","","","","","","","","","","","","","","","",7.,1,5.7,1,"","","","","","","","","","","","","","","","","","","","","","","","","","",93,1,"","","","","","","","","","","","",9.3,1,1036.5,1,"","","","","","",6,1,6,1,0,1,7,1,0,1,"","","","","","","","","","","","","","","","","","","","","","","","",5000,1,"","",0,1,"","","","","","","","","","","","",2,1,"","","","","","","","","","","","","","","","","","","","","","","","","","","","","","","","","","","","","","","","","","","","","","","","","","","","","",""
"35049001","CANCALE",48.711667,-1.843333,40,1981012703,"","","","",1.,1,160,1,"","","","","","","","","","","","","","","","","","","","","","","","","","","","",6.,1,4.8,1,"","","","","","","","","","","","","","","","","","","","","","","","","","",92,1,"","","","","","","","","","","","",8.7,1,1036.6,1,"","","","","","",9,1,"","","","","","","","","","","","","","","","","","","","","","","","","","","","","","","","",200,1,"","",45,1,"","","","","","","","","","","","","","","","","","","","","","","","","","","","","","","","","","","","","","","","","","","","","","","","","","","","","","","","","","","","","","","","","","","",""
"35049001","CANCALE",48.711667,-1.843333,40,1981012706,"","","","",0.,1,0,1,"","","","","","","","","","","","","","","","","","","","","","","","","","","","",5.2,1,4.6,1,"","","","","","","","","","","","","","","","","","","","","","","","","","",97,1,"","","","","","","","","","","","",8.6,1,1037.,1,"","","","","","",8,1,8,1,0,1,7,1,"","","","","","","","","","","","","","","","","","","","","","","","","","",10000,1,"","",0,1,"","","","",0,1,"","","","","","",2,1,"","","","","","","","","","","","","","","","","","","","","","","","","","","","","","","","","","","","","","","","","","","","","","","","","","","","","",""
"35049001","CANCALE",48.711667,-1.843333,40,1981012709,"","","","",3.,1,140,1,"","","","","","","","","","","","","","","","","","","","","","","","","","","","",4.8,1,4.,1,"","","","","","","","","","","","","","","","","","","","","","","","","","",95,1,"","","","","","","","","","","","",8.2,1,1038.,1,"","","","","","",8,1,8,1,5,1,"","","","","","","","","","","","","","","","","","","","","","","","","","","","",6000,1,"","",2,1,2,1,"","","","","","","","","","",2,1,"","","","","","","","","","","","","","","","","","","","","","","","","","","","","","","","","","","","","","","","","","","","","","","","","","","","","",""
"35049001","CANCALE",48.711667,-1.843333,40,1981012712,"","","","",2.,1,140,1,"","","","","","","","","","","","","","","","","","","","","","","","","","","","",5.9,1,4.6,1,"","","","","","","","","","","","","","","","","","","","","","","","","","",93,1,"","","","","","","","","","","","",8.6,1,1038.6,1,"","","","","","",8,1,8,1,5,1,"","","","","","","","","","","","","","","","","","","","","","","","","","","","",6000,1,"","",2,1,2,1,"","","","","","","","","","",2,1,"","","","","","","","","","","","","","","","","","","","","","","","","","","","","","","","","","","","","","","","","","","","","","","","","","","","","",""
"35049001","CANCALE",48.711667,-1.843333,40,1981012715,"","","","",3.,1,120,1,"","","","","","","","","","","","","","","","","","","","","","","","","","","","",7.7,1,4.8,1,"","","","","","","","","","","","","","","","","","","","","","","","","","",83,1,"","","","","","","","","","","","",8.7,1,1037.7,1,"","","","","","",8,1,8,1,5,1,"","","","","","","","","","","","","","","","","","","","","","","","","","","","",20000,1,"","",2,1,2,1,"","","","","","","","","","",2,1,"","","","","","","","","","","","","","","","","","","","","","","","","","","","","","","","","","","","","","","","","","","","","","","","","","","","","",""
"35049001","CANCALE",48.711667,-1.843333,40,1981012718,"","","","",5.,1,120,1,"","","","","","","","","","","","","","","","","","","","","","","","","","","","",6.8,1,5.1,1,"","","","","","","","","","","","","","","","","","","","","","","","","","",90,1,"","","","","","","","","","","","",8.9,1,1038.4,1,"","","","","","",1,1,0,1,0,1,0,1,1,1,"","","","","","","","","","","","","","","","","","","","","","","","",20000,1,"","",2,1,1,1,"","","","","","","","","","",2,1,"","","","","","","","","","","","","","","","","","","","","","","","","","","","","","","","","","","","","","","","","","","","","","","","","","","","","",""
"35049001","CANCALE",48.711667,-1.843333,40,1981012721,"","","","",3.,1,100,1,"","","","","","","","","","","","","","","","","","","","","","","","","","","","",6.5,1,4.6,1,"","","","","","","","","","","","","","","","","","","","","","","","","","",90,1,"","","","","","","","","","","","",8.6,1,1038.9,1,"","","","","","",2,1,0,1,0,1,0,1,1,1,"","","","","","","","","","","","","","","","","","","","","","","","",20000,1,"","",0,1,"","","","","","","","","","","","",2,1,"","","","","","","","","","","","","","","","","","","","","","","","","","","","","","","","","","","","","","","","","","","","","","","","","","","","","",""
"35049001","CANCALE",48.711667,-1.843333,40,1981012800,"","","","",2.,1,100,1,"","","","","","","","","","","","","","","","","","","","","","","","","","","","",6.1,1,4.8,1,"","","","","","","","","","","","","","","","","","","","","","","","","","",93,1,"","","","","","","","","","","","",8.7,1,1039.3,1,"","","","","","",0,1,"","",0,1,0,1,0,1,"","","","","","","","","","","","","","","","","","","","","","","","",20000,1,"","",0,1,"","","","","","","","","","","","",2,1,"","","","","","","","","","","","","","","","","","","","","","","","","","","","","","","","","","","","","","","","","","","","","","","","","","","","","",""
"35049001","CANCALE",48.711667,-1.843333,40,1981012803,"","","","",6.,1,140,1,"","","","","","","","","","","","","","","","","","","","","","","","","","","","",5.5,1,4.6,1,"","","","","","","","","","","","","","","","","","","","","","","","","","",95,1,"","","","","","","","","","","","",8.6,1,1039.2,1,"","","","","","",0,1,"","",0,1,0,1,0,1,"","","","","","","","","","","","","","","","","","","","","","","","",20000,1,"","",0,1,"","","","","","","","","","","","",2,1,"","","","","","","","","","","","","","","","","","","","","","","","","","","","","","","","","","","","","","","","","","","","","","","","","","","","","",""
"35049001","CANCALE",48.711667,-1.843333,40,1981012806,"","","","",1.,1,160,1,"","","","","","","","","","","","","","","","","","","","","","","","","","","","",4.1,1,4.1,1,"","","","","","","","","","","","","","","","","","","","","","","","","","",99,1,"","","","","","","","","","","","",8.1,1,1038.9,1,"","","","","","",0,1,"","",0,1,0,1,0,1,"","","","","","","","","","","","","","","","","","","","","","","","",400,1,"","",44,1,"","","","",1,1,"","","","","","",2,1,"","","","","","","","","","","","","","","","","","","","","","","","","","","","","","","","","","","","","","","","","","","","","","","","","","","","","",""
"35049001","CANCALE",48.711667,-1.843333,40,1981012809,"","","","",1.,1,120,1,"","","","","","","","","","","","","","","","","","","","","","","","","","","","",3.7,1,3.7,1,"","","","","","","","","","","","","","","","","","","","","","","","","","",100,1,"","","","","","","","","","","","",8.,1,1039.6,1,"","","","","","",9,1,"","","","","","","","","","","","","","","","","","","","","","","","","","","","","","","","",50,1,"","",47,1,4,1,"","","","","","","","","","","","","","","","","","","","","","","","","","","","","","","","","","","","","","","","","","","","","","","","","","","","","","","","","","","","","","","","","",""
"35049001","CANCALE",48.711667,-1.843333,40,1981012812,"","","","",0.,1,0,1,"","","","","","","","","","","","","","","","","","","","","","","","","","","","",7.7,1,6.2,1,"","","","","","","","","","","","","","","","","","","","","","","","","","",91,1,"","","","","","","","","","","","",9.6,1,1039.3,1,"","","","","","",1,1,0,1,6,1,0,1,0,1,"","","","","","","","","","","","","","","","","","","","","","","","",4000,1,"","",28,1,4,1,"","","","","","","","","","",1,1,"","","","","","","","","","","","","","","","","","","","","","","","","","","","","","","","","","","","","","","","","","","","","","","","","","","","","",""
"35049001","CANCALE",48.711667,-1.843333,40,1981012815,"","","","",0.,1,0,1,"","","","","","","","","","","","","","","","","","","","","","","","","","","","",8.7,1,6.,1,"","","","","","","","","","","","","","","","","","","","","","","","","","",85,1,"","","","","","","","","","","","",9.5,1,1037.3,1,"","","","","","",1,1,0,1,5,1,0,1,0,1,"","","","","","","","","","","","","","","","","","","","","","","","",6000,1,"","",2,1,0,1,"","","","","","","","","","",1,1,"","","","","","","","","","","","","","","","","","","","","","","","","","","","","","","","","","","","","","","","","","","","","","","","","","","","","",""
"35049001","CANCALE",48.711667,-1.843333,40,1981012818,"","","","",0.,1,0,1,"","","","","","","","","","","","","","","","","","","","","","","","","","","","",7.5,1,6.,1,"","","","","","","","","","","","","","","","","","","","","","","","","","",91,1,"","","","","","","","","","","","",9.5,1,1036.9,1,"","","","","","",8,1,8,1,5,1,"","","","","","","","","","","","","","","","","","","","","","","","","","","","",15000,1,"","",3,1,1,1,"","","","","","","","","","",1,1,"","","","","","","","","","","","","","","","","","","","","","","","","","","","","","","","","","","","","","","","","","","","","","","","","","","","","",""
"35049001","CANCALE",48.711667,-1.843333,40,1981012821,"","","","",4.,1,80,1,"","","","","","","","","","","","","","","","","","","","","","","","","","","","",8.6,1,6.9,1,"","","","","","","","","","","","","","","","","","","","","","","","","","",90,1,"","","","","","","","","","","","",10.1,1,1036.4,1,"","","","","","",8,1,8,1,5,1,"","","","","","","","","","","","","","","","","","","","","","","","","","","","",8000,1,"","",0,1,"","","","","","","","","","","","",2,1,"","","","","","","","","","","","","","","","","","","","","","","","","","","","","","","","","","","","","","","","","","","","","","","","","","","","","",""
"35049001","CANCALE",48.711667,-1.843333,40,1981012900,"","","","",3.,1,100,1,"","","","","","","","","","","","","","","","","","","","","","","","","","","","",8.3,1,5.9,1,"","","","","","","","","","","","","","","","","","","","","","","","","","",86,1,"","","","","","","","","","","","",9.4,1,1035.4,1,"","","","","","",8,1,8,1,5,1,"","","","","","","","","","","","","","","","","","","","","","","","","","","","",20000,1,"","",0,1,"","","","","","","","","","","","",2,1,"","","","","","","","","","","","","","","","","","","","","","","","","","","","","","","","","","","","","","","","","","","","","","","","","","","","","",""
"35049001","CANCALE",48.711667,-1.843333,40,1981012903,"","","","",4.,1,100,1,"","","","","","","","","","","","","","","","","","","","","","","","","","","","",7.3,1,3.7,1,"","","","","","","","","","","","","","","","","","","","","","","","","","",78,1,"","","","","","","","","","","","",8.,1,1034.4,1,"","","","","","",8,1,8,1,5,1,"","","","","","","","","","","","","","","","","","","","","","","","","","","","",25000,1,"","",0,1,"","","","","","","","","","","","",2,1,"","","","","","","","","","","","","","","","","","","","","","","","","","","","","","","","","","","","","","","","","","","","","","","","","","","","","",""
"35049001","CANCALE",48.711667,-1.843333,40,1981012906,"","","","",2.,1,120,1,"","","","","","","","","","","","","","","","","","","","","","","","","","","","",5.6,1,3.8,1,"","","","","","","","","","","","","","","","","","","","","","","","","","",89,1,"","","","","","","","","","","","",8.1,1,1034.1,1,"","","","","","",0,1,"","",0,1,0,1,0,1,"","","","","","","","","","","","","","","","","","","","","","","","",20000,1,"","",0,1,"","","","",0,1,"","","","","","",2,1,"","","","","","","","","","","","","","","","","","","","","","","","","","","","","","","","","","","","","","","","","","","","","","","","","","","","","",""
"35049001","CANCALE",48.711667,-1.843333,40,1981012909,"","","","",3.,1,100,1,"","","","","","","","","","","","","","","","","","","","","","","","","","","","",5.8,1,2.6,1,"","","","","","","","","","","","","","","","","","","","","","","","","","",80,1,"","","","","","","","","","","","",7.4,1,1034.1,1,"","","","","","",0,1,"","",0,1,0,1,0,1,"","","","","","","","","","","","","","","","","","","","","","","","",10000,1,"","",2,1,0,1,"","","","","","","","","","",2,1,"","","","","","","","","","","","","","","","","","","","","","","","","","","","","","","","","","","","","","","","","","","","","","","","","","","","","",""
"35049001","CANCALE",48.711667,-1.843333,40,1981012912,"","","","",3.,1,100,1,"","","","","","","","","","","","","","","","","","","","","","","","","","","","",6.9,1,2.2,1,"","","","","","","","","","","","","","","","","","","","","","","","","","",72,1,"","","","","","","","","","","","",7.2,1,1033.8,1,"","","","","","",0,1,"","",0,1,0,1,0,1,"","","","","","","","","","","","","","","","","","","","","","","","",10000,1,"","",2,1,0,1,"","","","","","","","","","",2,1,"","","","","","","","","","","","","","","","","","","","","","","","","","","","","","","","","","","","","","","","","","","","","","","","","","","","","",""
"35049001","CANCALE",48.711667,-1.843333,40,1981012915,"","","","",1.,1,100,1,"","","","","","","","","","","","","","","","","","","","","","","","","","","","",7.4,1,3.3,1,"","","","","","","","","","","","","","","","","","","","","","","","","","",76,1,"","","","","","","","","","","","",7.8,1,1032.5,1,"","","","","","",0,1,"","",0,1,0,1,0,1,"","","","","","","","","","","","","","","","","","","","","","","","",10000,1,"","",2,1,0,1,"","","","","","","","","","",2,1,"","","","","","","","","","","","","","","","","","","","","","","","","","","","","","","","","","","","","","","","","","","","","","","","","","","","","",""
"35049001","CANCALE",48.711667,-1.843333,40,1981012918,"","","","",2.,1,80,1,"","","","","","","","","","","","","","","","","","","","","","","","","","","","",6.6,1,3.1,1,"","","","","","","","","","","","","","","","","","","","","","","","","","",79,1,"","","","","","","","","","","","",7.7,1,1032.5,1,"","","","","","",1,1,0,1,0,1,0,1,2,1,"","","","","","","","","","","","","","","","","","","","","","","","",10000,1,"","",2,1,0,1,"","","","","","","","","","",2,1,"","","","","","","","","","","","","","","","","","","","","","","","","","","","","","","","","","","","","","","","","","","","","","","","","","","","","",""
"35049001","CANCALE",48.711667,-1.843333,40,1981012921,"","","","",3.,1,140,1,"","","","","","","","","","","","","","","","","","","","","","","","","","","","",5.2,1,3.7,1,"","","","","","","","","","","","","","","","","","","","","","","","","","",91,1,"","","","","","","","","","","","",8.,1,1032.9,1,"","","","","","",0,1,"","",0,1,0,1,0,1,"","","","","","","","","","","","","","","","","","","","","","","","",8000,1,"","",0,1,"","","","","","","","","","","","",2,1,"","","","","","","","","","","","","","","","","","","","","","","","","","","","","","","","","","","","","","","","","","","","","","","","","","","","","",""
"35049001","CANCALE",48.711667,-1.843333,40,1981013000,"","","","",1.,1,140,1,"","","","","","","","","","","","","","","","","","","","","","","","","","","","",4.7,1,1.6,1,"","","","","","","","","","","","","","","","","","","","","","","","","","",81,1,"","","","","","","","","","","","",6.9,1,1033.6,1,"","","","","","",0,1,"","",0,1,0,1,0,1,"","","","","","","","","","","","","","","","","","","","","","","","",8000,1,"","",0,1,"","","","","","","","","","","","",2,1,"","","","","","","","","","","","","","","","","","","","","","","","","","","","","","","","","","","","","","","","","","","","","","","","","","","","","",""
"35049001","CANCALE",48.711667,-1.843333,40,1981013003,"","","","",4.,1,120,1,"","","","","","","","","","","","","","","","","","","","","","","","","","","","",4.,1,1.4,1,"","","","","","","","","","","","","","","","","","","","","","","","","","",84,1,"","","","","","","","","","","","",6.8,1,1033.4,1,"","","","","","",0,1,"","",0,1,0,1,0,1,"","","","","","","","","","","","","","","","","","","","","","","","",8000,1,"","",0,1,"","","","","","","","","","","","",2,1,"","","","","","","","","","","","","","","","","","","","","","","","","","","","","","","","","","","","","","","","","","","","","","","","","","","","","",""
"35049001","CANCALE",48.711667,-1.843333,40,1981013006,"","","","",6.,1,120,1,"","","","","","","","","","","","","","","","","","","","","","","","","","","","",3.2,1,0.,1,"","","","","","","","","","","","","","","","","","","","","","","","","","",80,1,"","","","","","","","","","","","",6.1,1,1033.2,1,"","","","","","",0,1,"","",0,1,0,1,0,1,"","","","","","","","","","","","","","","","","","","","","","","","",8000,1,"","",0,1,"","","","",0,1,"","","","","","",2,1,"","","","","","","","","","","","","","","","","","","","","","","","","","","","","","","","","","","","","","","","","","","","","","","","","","","","","",""
"35049001","CANCALE",48.711667,-1.843333,40,1981013009,"","","","",6.,1,120,1,"","","","","","","","","","","","","","","","","","","","","","","","","","","","",3.7,1,0.6,1,"","","","","","","","","","","","","","","","","","","","","","","","","","",80,1,"","","","","","","","","","","","",6.4,1,1034.2,1,"","","","","","",1,1,0,1,0,1,0,1,1,1,"","","","","","","","","","","","","","","","","","","","","","","","",3000,1,"","",10,1,0,1,"","","","","","","","","","",2,1,"","","","","","","","","","","","","","","","","","","","","","","","","","","","","","","","","","","","","","","","","","","","","","","","","","","","","",""
"35049001","CANCALE",48.711667,-1.843333,40,1981013012,"","","","",2.,1,120,1,"","","","","","","","","","","","","","","","","","","","","","","","","","","","",6.2,1,1.4,1,"","","","","","","","","","","","","","","","","","","","","","","","","","",72,1,"","","","","","","","","","","","",6.8,1,1034.8,1,"","","","","","",1,1,0,1,0,1,0,1,1,1,"","","","","","","","","","","","","","","","","","","","","","","","",5000,1,"","",2,1,0,1,"","","","","","","","","","",2,1,"","","","","","","","","","","","","","","","","","","","","","","","","","","","","","","","","","","","","","","","","","","","","","","","","","","","","",""
"35049001","CANCALE",48.711667,-1.843333,40,1981013015,"","","","",2.,1,80,1,"","","","","","","","","","","","","","","","","","","","","","","","","","","","",8.2,1,2.9,1,"","","","","","","","","","","","","","","","","","","","","","","","","","",70,1,"","","","","","","","","","","","",7.6,1,1033.7,1,"","","","","","",1,1,0,1,0,1,0,1,1,1,"","","","","","","","","","","","","","","","","","","","","","","","",6000,1,"","",2,1,0,1,"","","","","","","","","","",2,1,"","","","","","","","","","","","","","","","","","","","","","","","","","","","","","","","","","","","","","","","","","","","","","","","","","","","","",""
"35049001","CANCALE",48.711667,-1.843333,40,1981013018,"","","","",3.,1,80,1,"","","","","","","","","","","","","","","","","","","","","","","","","","","","",6.5,1,3.4,1,"","","","","","","","","","","","","","","","","","","","","","","","","","",82,1,"","","","","","","","","","","","",7.9,1,1034.8,1,"","","","","","",1,1,0,1,0,1,0,1,1,1,"","","","","","","","","","","","","","","","","","","","","","","","",5000,1,"","",2,1,0,1,"","","","","","","","","","",2,1,"","","","","","","","","","","","","","","","","","","","","","","","","","","","","","","","","","","","","","","","","","","","","","","","","","","","","",""
"35049001","CANCALE",48.711667,-1.843333,40,1981013021,"","","","",1.,1,120,1,"","","","","","","","","","","","","","","","","","","","","","","","","","","","",5.7,1,4.,1,"","","","","","","","","","","","","","","","","","","","","","","","","","",89,1,"","","","","","","","","","","","",8.2,1,1035.6,1,"","","","","","",0,1,"","",0,1,0,1,0,1,"","","","","","","","","","","","","","","","","","","","","","","","",7000,1,"","",0,1,"","","","","","","","","","","","",2,1,"","","","","","","","","","","","","","","","","","","","","","","","","","","","","","","","","","","","","","","","","","","","","","","","","","","","","",""
"35049001","CANCALE",48.711667,-1.843333,40,1981013100,"","","","",4.,1,120,1,"","","","","","","","","","","","","","","","","","","","","","","","","","","","",4.8,1,1.4,1,"","","","","","","","","","","","","","","","","","","","","","","","","","",79,1,"","","","","","","","","","","","",6.8,1,1036.,1,"","","","","","",0,1,"","",0,1,0,1,0,1,"","","","","","","","","","","","","","","","","","","","","","","","",5000,1,"","",0,1,"","","","","","","","","","","","",2,1,"","","","","","","","","","","","","","","","","","","","","","","","","","","","","","","","","","","","","","","","","","","","","","","","","","","","","",""
"35049001","CANCALE",48.711667,-1.843333,40,1981013103,"","","","",4.,1,160,1,"","","","","","","","","","","","","","","","","","","","","","","","","","","","",4.,1,0.,1,"","","","","","","","","","","","","","","","","","","","","","","","","","",75,1,"","","","","","","","","","","","",6.1,1,1036.,1,"","","","","","",0,1,"","",0,1,0,1,0,1,"","","","","","","","","","","","","","","","","","","","","","","","",7000,1,"","",0,1,"","","","","","","","","","","","",2,1,"","","","","","","","","","","","","","","","","","","","","","","","","","","","","","","","","","","","","","","","","","","","","","","","","","","","","",""
"35049001","CANCALE",48.711667,-1.843333,40,1981013106,"","","","",4.,1,120,1,"","","","","","","","","","","","","","","","","","","","","","","","","","","","",3.8,1,0.4,1,"","","","","","","","","","","","","","","","","","","","","","","","","","",78,1,"","","","","","","","","","","","",6.3,1,1036.1,1,"","","","","","",0,1,"","",0,1,0,1,0,1,"","","","","","","","","","","","","","","","","","","","","","","","",7000,1,"","",0,1,"","","","",0,1,"","","","","","",2,1,"","","","","","","","","","","","","","","","","","","","","","","","","","","","","","","","","","","","","","","","","","","","","","","","","","","","","",""
"35049001","CANCALE",48.711667,-1.843333,40,1981013109,"","","","",3.,1,120,1,"","","","","","","","","","","","","","","","","","","","","","","","","","","","",4.1,1,0.1,1,"","","","","","","","","","","","","","","","","","","","","","","","","","",76,1,"","","","","","","","","","","","",6.2,1,1036.9,1,"","","","","","",5,1,5,1,0,1,0,1,1,1,"","","","","","","","","","","","","","","","","","","","","","","","",4500,1,"","",10,1,1,1,"","","","","","","","","","",2,1,"","","","","","","","","","","","","","","","","","","","","","","","","","","","","","","","","","","","","","","","","","","","","","","","","","","","","",""
"35049001","CANCALE",48.711667,-1.843333,40,1981013112,"","","","",3.,1,120,1,"","","","","","","","","","","","","","","","","","","","","","","","","","","","",6.5,1,1.2,1,"","","","","","","","","","","","","","","","","","","","","","","","","","",69,1,"","","","","","","","","","","","",6.7,1,1037.6,1,"","","","","","",2,1,0,1,0,1,0,1,1,1,"","","","","","","","","","","","","","","","","","","","","","","","",3500,1,"","",10,1,1,1,"","","","","","","","","","",2,1,"","","","","","","","","","","","","","","","","","","","","","","","","","","","","","","","","","","","","","","","","","","","","","","","","","","","","",""
"35049001","CANCALE",48.711667,-1.843333,40,1981013115,"","","","",0.,1,0,1,"","","","","","","","","","","","","","","","","","","","","","","","","","","","",7.5,1,2.9,1,"","","","","","","","","","","","","","","","","","","","","","","","","","",73,1,"","","","","","","","","","","","",7.6,1,1036.5,1,"","","","","","",1,1,0,1,0,1,0,1,1,1,"","","","","","","","","","","","","","","","","","","","","","","","",5000,1,"","",2,1,0,1,"","","","","","","","","","",1,1,"","","","","","","","","","","","","","","","","","","","","","","","","","","","","","","","","","","","","","","","","","","","","","","","","","","","","",""
"35049001","CANCALE",48.711667,-1.843333,40,1981013118,"","","","",1.,1,100,1,"","","","","","","","","","","","","","","","","","","","","","","","","","","","",6.5,1,3.8,1,"","","","","","","","","","","","","","","","","","","","","","","","","","",83,1,"","","","","","","","","","","","",8.1,1,1037.2,1,"","","","","","",1,1,0,1,0,1,0,1,1,1,"","","","","","","","","","","","","","","","","","","","","","","","",3000,1,"","",10,1,0,1,"","","","","","","","","","",1,1,"","","","","","","","","","","","","","","","","","","","","","","","","","","","","","","","","","","","","","","","","","","","","","","","","","","","","",""
"35049001","CANCALE",48.711667,-1.843333,40,1981013121,"","","","",0.,1,0,1,"","","","","","","","","","","","","","","","","","","","","","","","","","","","",6.8,1,3.8,1,"","","","","","","","","","","","","","","","","","","","","","","","","","",82,1,"","","","","","","","","","","","",8.1,1,1037.3,1,"","","","","","",0,1,"","",0,1,0,1,0,1,"","","","","","","","","","","","","","","","","","","","","","","","",8000,1,"","",0,1,"","","","","","","","","","","","",1,1,"","","","","","","","","","","","","","","","","","","","","","","","","","","","","","","","","","","","","","","","","","","","","","","","","","","","","",""
"35049001","CANCALE",48.711667,-1.843333,40,1981020100,"","","","",2.,1,120,1,"","","","","","","","","","","","","","","","","","","","","","","","","","","","",5.5,1,2.9,1,"","","","","","","","","","","","","","","","","","","","","","","","","","",84,1,"","","","","","","","","","","","",7.6,1,1037.7,1,"","","","","","",0,1,"","",0,1,0,1,0,1,"","","","","","","","","","","","","","","","","","","","","","","","",6000,1,"","",0,1,"","","","","","","","","","","","",1,1,"","","","","","","","","","","","","","","","","","","","","","","","","","","","","","","","","","","","","","","","","","","","","","","","","","","","","",""
"35049001","CANCALE",48.711667,-1.843333,40,1981020103,"","","","",2.,1,120,1,"","","","","","","","","","","","","","","","","","","","","","","","","","","","",3.8,1,2.4,1,"","","","","","","","","","","","","","","","","","","","","","","","","","",91,1,"","","","","","","","","","","","",7.3,1,1037.2,1,"","","","","","",0,1,"","",0,1,0,1,0,1,"","","","","","","","","","","","","","","","","","","","","","","","",5000,1,"","",0,1,"","","","","","","","","","","","",1,1,"","","","","","","","","","","","","","","","","","","","","","","","","","","","","","","","","","","","","","","","","","","","","","","","","","","","","",""
"35049001","CANCALE",48.711667,-1.843333,40,1981020106,"","","","",2.,1,120,1,"","","","","","","","","","","","","","","","","","","","","","","","","","","","",3.,1,1.6,1,"","","","","","","","","","","","","","","","","","","","","","","","","","",91,1,"","","","","","","","","","","","",6.9,1,1037.,1,"","","","","","",0,1,"","",0,1,0,1,0,1,"","","","","","","","","","","","","","","","","","","","","","","","",5000,1,"","",0,1,"","","","",0,1,"","","","","","",1,1,"","","","","","","","","","","","","","","","","","","","","","","","","","","","","","","","","","","","","","","","","","","","","","","","","","","","","",""
"35049001","CANCALE",48.711667,-1.843333,40,1981020109,"","","","",1.,1,180,1,"","","","","","","","","","","","","","","","","","","","","","","","","","","","",3.9,1,1.6,1,"","","","","","","","","","","","","","","","","","","","","","","","","","",85,1,"","","","","","","","","","","","",6.9,1,1037.6,1,"","","","","","",1,1,0,1,0,1,0,1,2,1,"","","","","","","","","","","","","","","","","","","","","","","","",3000,1,"","",10,1,0,1,"","","","","","","","","","",1,1,"","","","","","","","","","","","","","","","","","","","","","","","","","","","","","","","","","","","","","","","","","","","","","","","","","","","","",""
"35049001","CANCALE",48.711667,-1.843333,40,1981020112,"","","","",0.,1,0,1,"","","","","","","","","","","","","","","","","","","","","","","","","","","","",6.1,1,2.5,1,"","","","","","","","","","","","","","","","","","","","","","","","","","",79,1,"","","","","","","","","","","","",7.4,1,1038.2,1,"","","","","","",0,1,"","",0,1,0,1,0,1,"","","","","","","","","","","","","","","","","","","","","","","","",4000,1,"","",10,1,0,1,"","","","","","","","","","",1,1,"","","","","","","","","","","","","","","","","","","","","","","","","","","","","","","","","","","","","","","","","","","","","","","","","","","","","",""
"35049001","CANCALE",48.711667,-1.843333,40,1981020115,"","","","",0.,1,0,1,"","","","","","","","","","","","","","","","","","","","","","","","","","","","",7.8,1,3.4,1,"","","","","","","","","","","","","","","","","","","","","","","","","","",75,1,"","","","","","","","","","","","",7.9,1,1037.,1,"","","","","","",0,1,"","",0,1,0,1,0,1,"","","","","","","","","","","","","","","","","","","","","","","","",5000,1,"","",2,1,0,1,"","","","","","","","","","",1,1,"","","","","","","","","","","","","","","","","","","","","","","","","","","","","","","","","","","","","","","","","","","","","","","","","","","","","",""
"35049001","CANCALE",48.711667,-1.843333,40,1981020118,"","","","",0.,1,0,1,"","","","","","","","","","","","","","","","","","","","","","","","","","","","",7.5,1,2.4,1,"","","","","","","","","","","","","","","","","","","","","","","","","","",71,1,"","","","","","","","","","","","",7.3,1,1037.3,1,"","","","","","",0,1,"","",0,1,0,1,0,1,"","","","","","","","","","","","","","","","","","","","","","","","",10000,1,"","",2,1,0,1,"","","","","","","","","","",1,1,"","","","","","","","","","","","","","","","","","","","","","","","","","","","","","","","","","","","","","","","","","","","","","","","","","","","","",""
"35049001","CANCALE",48.711667,-1.843333,40,1981020121,"","","","",0.,1,0,1,"","","","","","","","","","","","","","","","","","","","","","","","","","","","",7.9,1,2.4,1,"","","","","","","","","","","","","","","","","","","","","","","","","","",68,1,"","","","","","","","","","","","",7.3,1,1037.7,1,"","","","","","",0,1,"","",0,1,0,1,0,1,"","","","","","","","","","","","","","","","","","","","","","","","",12000,1,"","",0,1,0,1,"","","","","","","","","","",1,1,"","","","","","","","","","","","","","","","","","","","","","","","","","","","","","","","","","","","","","","","","","","","","","","","","","","","","",""
"35049001","CANCALE",48.711667,-1.843333,40,1981020200,"","","","",1.,1,160,1,"","","","","","","","","","","","","","","","","","","","","","","","","","","","",5.2,1,2.4,1,"","","","","","","","","","","","","","","","","","","","","","","","","","",83,1,"","","","","","","","","","","","",7.3,1,1037.8,1,"","","","","","",0,1,"","",0,1,0,1,0,1,"","","","","","","","","","","","","","","","","","","","","","","","",12000,1,"","",0,1,"","","","","","","","","","","","",1,1,"","","","","","","","","","","","","","","","","","","","","","","","","","","","","","","","","","","","","","","","","","","","","","","","","","","","","",""
"35049001","CANCALE",48.711667,-1.843333,40,1981020203,"","","","",1.,1,160,1,"","","","","","","","","","","","","","","","","","","","","","","","","","","","",4.5,1,0.6,1,"","","","","","","","","","","","","","","","","","","","","","","","","","",76,1,"","","","","","","","","","","","",6.4,1,1038.,1,"","","","","","",0,1,"","",0,1,0,1,0,1,"","","","","","","","","","","","","","","","","","","","","","","","",12000,1,"","",0,1,"","","","","","","","","","","","",1,1,"","","","","","","","","","","","","","","","","","","","","","","","","","","","","","","","","","","","","","","","","","","","","","","","","","","","","",""
"35049001","CANCALE",48.711667,-1.843333,40,1981020206,"","","","",0.,1,0,1,"","","","","","","","","","","","","","","","","","","","","","","","","","","","",3.5,1,-0.4,1,"","","","","","","","","","","","","","","","","","","","","","","","","","",75,1,"","","","","","","","","","","","",5.9,1,1038.,1,"","","","","","",0,1,"","",0,1,0,1,0,1,"","","","","","","","","","","","","","","","","","","","","","","","",8000,1,"","",0,1,"","","","",0,1,"","","","","","",1,1,"","","","","","","","","","","","","","","","","","","","","","","","","","","","","","","","","","","","","","","","","","","","","","","","","","","","","",""
"35049001","CANCALE",48.711667,-1.843333,40,1981020209,"","","","",0.,1,0,1,"","","","","","","","","","","","","","","","","","","","","","","","","","","","",5.7,1,1.4,1,"","","","","","","","","","","","","","","","","","","","","","","","","","",74,1,"","","","","","","","","","","","",6.8,1,1038.,1,"","","","","","",2,1,0,1,0,1,0,1,1,1,"","","","","","","","","","","","","","","","","","","","","","","","",5000,1,"","",2,1,0,1,"","","","","","","","","","",2,1,"","","","","","","","","","","","","","","","","","","","","","","","","","","","","","","","","","","","","","","","","","","","","","","","","","","","","",""
"35049001","CANCALE",48.711667,-1.843333,40,1981020212,"","","","",3.,1,160,1,"","","","","","","","","","","","","","","","","","","","","","","","","","","","",6.8,1,2.4,1,"","","","","","","","","","","","","","","","","","","","","","","","","","",74,1,"","","","","","","","","","","","",7.3,1,1037.4,1,"","","","","","",2,1,0,1,0,1,0,1,1,1,"","","","","","","","","","","","","","","","","","","","","","","","",4000,1,"","",10,1,0,1,"","","","","","","","","","",2,1,"","","","","","","","","","","","","","","","","","","","","","","","","","","","","","","","","","","","","","","","","","","","","","","","","","","","","",""
"35049001","CANCALE",48.711667,-1.843333,40,1981020215,"","","","",1.,1,200,1,"","","","","","","","","","","","","","","","","","","","","","","","","","","","",9.5,1,3.6,1,"","","","","","","","","","","","","","","","","","","","","","","","","","",68,1,"","","","","","","","","","","","",8.,1,1035.1,1,"","","","","","",6,1,6,1,0,1,0,1,8,1,"","","","","","","","","","","","","","","","","","","","","","","","",3000,1,"","",10,1,1,1,"","","","","","","","","","",2,1,"","","","","","","","","","","","","","","","","","","","","","","","","","","","","","","","","","","","","","","","","","","","","","","","","","","","","",""
"35049001","CANCALE",48.711667,-1.843333,40,1981020218,"","","","",5.,1,200,1,"","","","","","","","","","","","","","","","","","","","","","","","","","","","",8.,1,3.1,1,"","","","","","","","","","","","","","","","","","","","","","","","","","",72,1,"","","","","","","","","","","","",7.7,1,1033.9,1,"","","","","","",5,1,5,1,0,1,0,1,8,1,"","","","","","","","","","","","","","","","","","","","","","","","",3000,1,"","",10,1,1,1,"","","","","","","","","","",2,1,"","","","","","","","","","","","","","","","","","","","","","","","","","","","","","","","","","","","","","","","","","","","","","","","","","","","","",""
"35049001","CANCALE",48.711667,-1.843333,40,1981020221,"","","","",8.,1,200,1,"","","","","","","","","","","","","","","","","","","","","","","","","","","","",6.,1,3.4,1,"","","","","","","","","","","","","","","","","","","","","","","","","","",85,1,"","","","","","","","","","","","",7.9,1,1032.8,1,"","","","","","",4,1,0,1,0,1,0,1,2,1,"","","","","","","","","","","","","","","","","","","","","","","","",7000,1,"","",0,1,"","","","","","","","","","","","",3,1,"","","","","","","","","","","","","","","","","","","","","","","","","","","","","","","","","","","","","","","","","","","","","","","","","","","","","",""
"35049001","CANCALE",48.711667,-1.843333,40,1981020300,"","","","",5.,1,180,1,"","","","","","","","","","","","","","","","","","","","","","","","","","","","",6.,1,4.6,1,"","","","","","","","","","","","","","","","","","","","","","","","","","",93,1,"","","","","","","","","","","","",8.6,1,1028.7,1,"","","","","","",3,1,0,1,0,1,0,1,1,1,"","","","","","","","","","","","","","","","","","","","","","","","",3000,1,"","",10,1,"","","","","","","","","","","","",3,1,"","","","","","","","","","","","","","","","","","","","","","","","","","","","","","","","","","","","","","","","","","","","","","","","","","","","","",""
"35049001","CANCALE",48.711667,-1.843333,40,1981020303,"","","","",12.,1,240,1,"","","","","","","","","","","","","","","","","","","","","","","","","","","","",9.5,1,3.6,1,"","","","","","","","","","","","","","","","","","","","","","","","","","",68,1,"","","","","","","","","","","","",8.,1,1022.8,1,"","","","","","",8,1,8,1,5,1,"","","","","","","","","","","","","","","","","","","","","","","","","","","","",15000,1,"","",0,1,"","","","","","","","","","","","",3,1,"","","","","","","","","","","","","","","","","","","","","","","","","","","","","","","","","","","","","","","","","","","","","","","","","","","","","",""
"35049001","CANCALE",48.711667,-1.843333,40,1981020306,"","","","",10.,1,240,1,"","","","","","","","","","","","","","","","","","","","","","","","","","","","",10.2,1,7.4,1,"","","","","","","","","","","","","","","","","","","","","","","","","","",84,1,"","","","","","","","","","","","",10.5,1,1020.5,1,"","","","","","",8,1,8,1,5,1,"","","","","","","","","","","","","","","","","","","","","","","","","","","","",15000,1,"","",0,1,"","","","",0,1,"","","","","","",3,1,"","","","","","","","","","","","","","","","","","","","","","","","","","","","","","","","","","","","","","","","","","","","","","","","","","","","","",""
"35049001","CANCALE",48.711667,-1.843333,40,1981020309,"","","","",11.,1,240,1,"","","","","","","","","","","","","","","","","","","","","","","","","","","","",10.7,1,8.3,1,"","","","","","","","","","","","","","","","","","","","","","","","","","",87,1,"","","","","","","","","","","","",11.2,1,1017.4,1,"","","","","","",8,1,8,1,7,1,"","","","","","","","","","","","","","","","","","","","","","","","","","","","",3500,1,"","",61,1,5,1,"","","","","","","","","","",4,1,"","","","","","","","","","","","","","","","","","","","","","","","","","","","","","","","","","","","","","","","","","","","","","","","","","","","","",""
"35049001","CANCALE",48.711667,-1.843333,40,1981020312,"","","","",10.,1,240,1,"","","","","","","","","","","","","","","","","","","","","","","","","","","","",11.,1,9.7,1,"","","","","","","","","","","","","","","","","","","","","","","","","","",94,1,"","","","","","","","","","","","",12.3,1,1014.6,1,"","","","","","",8,1,8,1,7,1,"","","","","","","","","","","","","","","","","","","","","","","","","","","","",3000,1,"","",61,1,6,1,"","","","","","","","","","",4,1,"","","","","","","","","","","","","","","","","","","","","","","","","","","","","","","","","","","","","","","","","","","","","","","","","","","","","",""
"35049001","CANCALE",48.711667,-1.843333,40,1981020315,"","","","",8.,1,280,1,"","","","","","","","","","","","","","","","","","","","","","","","","","","","",9.,1,9.,1,"","","","","","","","","","","","","","","","","","","","","","","","","","",99,1,"","","","","","","","","","","","",11.3,1,1011.5,1,"","","","","","",8,1,8,1,7,1,"","","","","","","","","","","","","","","","","","","","","","","","","","","","",1000,1,"","",63,1,6,1,"","","","","","","","","","",4,1,"","","","","","","","","","","","","","","","","","","","","","","","","","","","","","","","","","","","","","","","","","","","","","","","","","","","","",""
"35049001","CANCALE",48.711667,-1.843333,40,1981020318,"","","","",8.,1,280,1,"","","","","","","","","","","","","","","","","","","","","","","","","","","","",8.,1,8.,1,"","","","","","","","","","","","","","","","","","","","","","","","","","",99,1,"","","","","","","","","","","","",10.6,1,1009.5,1,"","","","","","",8,1,8,1,7,1,"","","","","","","","","","","","","","","","","","","","","","","","","","","","",12000,1,"","",61,1,6,1,"","","","","","","","","","",3,1,"","","","","","","","","","","","","","","","","","","","","","","","","","","","","","","","","","","","","","","","","","","","","","","","","","","","","",""
"35049001","CANCALE",48.711667,-1.843333,40,1981020321,"","","","",11.,1,280,1,"","","","","","","","","","","","","","","","","","","","","","","","","","","","",7.5,1,6.4,1,"","","","","","","","","","","","","","","","","","","","","","","","","","",94,1,"","","","","","","","","","","","",9.8,1,1008.2,1,"","","","","","",8,1,8,1,5,1,"","","","","","","","","","","","","","","","","","","","","","","","","","","","",25000,1,"","",0,1,"","","","","","","","","","","","",4,1,"","","","","","","","","","","","","","","","","","","","","","","","","","","","","","","","","","","","","","","","","","","","","","","","","","","","","",""
"35049001","CANCALE",48.711667,-1.843333,40,1981020400,"","","","",13.,1,260,1,"","","","","","","","","","","","","","","","","","","","","","","","","","","","",7.8,1,5.4,1,"","","","","","","","","","","","","","","","","","","","","","","","","","",86,1,"","","","","","","","","","","","",9.1,1,1005.8,1,"","","","","","",7,1,7,1,8,1,"","","","","","","","","","","","","","","","","","","","","","","","","","","","",25000,1,"","",0,1,"","","","","","","","","","","","",4,1,"","","","","","","","","","","","","","","","","","","","","","","","","","","","","","","","","","","","","","","","","","","","","","","","","","","","","",""
"35049001","CANCALE",48.711667,-1.843333,40,1981020403,"","","","",12.,1,300,1,"","","","","","","","","","","","","","","","","","","","","","","","","","","","",7.,1,4.9,1,"","","","","","","","","","","","","","","","","","","","","","","","","","",88,1,"","","","","","","","","","","","",8.8,1,1004.4,1,"","","","","","",5,1,5,1,8,1,0,1,0,1,"","","","","","","","","","","","","","","","","","","","","","","","",25000,1,"","",0,1,"","","","","","","","","","","","",4,1,"","","","","","","","","","","","","","","","","","","","","","","","","","","","","","","","","","","","","","","","","","","","","","","","","","","","","",""
"35049001","CANCALE",48.711667,-1.843333,40,1981020406,"","","","",13.,1,300,1,"","","","","","","","","","","","","","","","","","","","","","","","","","","","",5.6,1,4.1,1,"","","","","","","","","","","","","","","","","","","","","","","","","","",91,1,"","","","","","","","","","","","",8.3,1,1003.4,1,"","","","","","",8,1,8,1,7,1,"","","","","","","","","","","","","","","","","","","","","","","","","","","","",10000,1,"","",61,1,"","","","",2,1,"","","","","","",4,1,"","","","","","","","","","","","","","","","","","","","","","","","","","","","","","","","","","","","","","","","","","","","","","","","","","","","","",""
"35049001","CANCALE",48.711667,-1.843333,40,1981020409,"","","","",8.,1,300,1,"","","","","","","","","","","","","","","","","","","","","","","","","","","","",6.4,1,4.6,1,"","","","","","","","","","","","","","","","","","","","","","","","","","",90,1,"","","","","","","","","","","","",8.6,1,1003.2,1,"","","","","","",7,1,7,1,8,1,"","","","","","","","","","","","","","","","","","","","","","","","","","","","",30000,1,"","",2,1,8,1,"","","","","","","","","","",4,1,"","","","","","","","","","","","","","","","","","","","","","","","","","","","","","","","","","","","","","","","","","","","","","","","","","","","","",""
"35049001","CANCALE",48.711667,-1.843333,40,1981020412,"","","","",15.,1,300,1,"","","","","","","","","","","","","","","","","","","","","","","","","","","","",7.2,1,3.1,1,"","","","","","","","","","","","","","","","","","","","","","","","","","",76,1,"","","","","","","","","","","","",7.7,1,1004.8,1,"","","","","","",4,1,0,1,2,1,0,1,0,1,"","","","","","","","","","","","","","","","","","","","","","","","",30000,1,"","",1,1,8,1,"","","","","","","","","","",5,1,"","","","","","","","","","","","","","","","","","","","","","","","","","","","","","","","","","","","","","","","","","","","","","","","","","","","","",""
"35049001","CANCALE",48.711667,-1.843333,40,1981020415,"","","","",18.,1,300,1,"","","","","","","","","","","","","","","","","","","","","","","","","","","","",7.2,1,1.2,1,"","","","","","","","","","","","","","","","","","","","","","","","","","",66,1,"","","","","","","","","","","","",6.7,1,1005.,1,"","","","","","",6,1,5,1,3,1,6,1,0,1,"","","","","","","","","","","","","","","","","","","","","","","","",25000,1,"","",2,1,1,1,"","","","","","","","","","",5,1,"","","","","","","","","","","","","","","","","","","","","","","","","","","","","","","","","","","","","","","","","","","","","","","","","","","","","",""
"35049001","CANCALE",48.711667,-1.843333,40,1981020418,"","","","",19.,1,300,1,"","","","","","","","","","","","","","","","","","","","","","","","","","","","",7.1,1,1.,1,"","","","","","","","","","","","","","","","","","","","","","","","","","",66,1,"","","","","","","","","","","","",6.6,1,1007.4,1,"","","","","","",5,1,5,1,3,1,0,1,0,1,"","","","","","","","","","","","","","","","","","","","","","","","",28000,1,"","",2,1,1,1,"","","","","","","","","","",5,1,"","","","","","","","","","","","","","","","","","","","","","","","","","","","","","","","","","","","","","","","","","","","","","","","","","","","","",""
"35049001","CANCALE",48.711667,-1.843333,40,1981020421,"","","","",15.,1,320,1,"","","","","","","","","","","","","","","","","","","","","","","","","","","","",6.9,1,0.8,1,"","","","","","","","","","","","","","","","","","","","","","","","","","",66,1,"","","","","","","","","","","","",6.5,1,1009.9,1,"","","","","","",1,1,0,1,2,1,0,1,0,1,"","","","","","","","","","","","","","","","","","","","","","","","",35000,1,"","",0,1,"","","","","","","","","","","","",5,1,"","","","","","","","","","","","","","","","","","","","","","","","","","","","","","","","","","","","","","","","","","","","","","","","","","","","","",""
"35049001","CANCALE",48.711667,-1.843333,40,1981020500,"","","","",12.,1,300,1,"","","","","","","","","","","","","","","","","","","","","","","","","","","","",7.,1,2.9,1,"","","","","","","","","","","","","","","","","","","","","","","","","","",76,1,"","","","","","","","","","","","",7.6,1,1011.2,1,"","","","","","",2,1,0,1,2,1,0,1,2,1,"","","","","","","","","","","","","","","","","","","","","","","","",50000,1,"","",0,1,"","","","","","","","","","","","",5,1,"","","","","","","","","","","","","","","","","","","","","","","","","","","","","","","","","","","","","","","","","","","","","","","","","","","","","",""
"35049001","CANCALE",48.711667,-1.843333,40,1981020503,"","","","",9.,1,300,1,"","","","","","","","","","","","","","","","","","","","","","","","","","","","",6.8,1,3.1,1,"","","","","","","","","","","","","","","","","","","","","","","","","","",78,1,"","","","","","","","","","","","",7.7,1,1012.2,1,"","","","","","",3,1,0,1,2,1,0,1,0,1,"","","","","","","","","","","","","","","","","","","","","","","","",50000,1,"","",0,1,"","","","","","","","","","","","",5,1,"","","","","","","","","","","","","","","","","","","","","","","","","","","","","","","","","","","","","","","","","","","","","","","","","","","","","",""
"35049001","CANCALE",48.711667,-1.843333,40,1981020506,"","","","",9.,1,300,1,"","","","","","","","","","","","","","","","","","","","","","","","","","","","",7.,1,3.3,1,"","","","","","","","","","","","","","","","","","","","","","","","","","",78,1,"","","","","","","","","","","","",7.8,1,1014.,1,"","","","","","",7,1,7,1,5,1,"","","","","","","","","","","","","","","","","","","","","","","","","","","","",45000,1,"","",0,1,"","","","",0,1,"","","","","","",4,1,"","","","","","","","","","","","","","","","","","","","","","","","","","","","","","","","","","","","","","","","","","","","","","","","","","","","","",""
"35049001","CANCALE",48.711667,-1.843333,40,1981020509,"","","","",5.,1,300,1,"","","","","","","","","","","","","","","","","","","","","","","","","","","","",7.5,1,5.6,1,"","","","","","","","","","","","","","","","","","","","","","","","","","",88,1,"","","","","","","","","","","","",9.2,1,1015.2,1,"","","","","","",7,1,6,1,8,1,2,1,"","","","","","","","","","","","","","","","","","","","","","","","","","",25000,1,"","",2,1,2,1,"","","","","","","","","","",4,1,"","","","","","","","","","","","","","","","","","","","","","","","","","","","","","","","","","","","","","","","","","","","","","","","","","","","","",""
"35049001","CANCALE",48.711667,-1.843333,40,1981020512,"","","","",13.,1,280,1,"","","","","","","","","","","","","","","","","","","","","","","","","","","","",8.4,1,6.6,1,"","","","","","","","","","","","","","","","","","","","","","","","","","",90,1,"","","","","","","","","","","","",9.9,1,1016.,1,"","","","","","",7,1,6,1,8,1,3,1,"","","","","","","","","","","","","","","","","","","","","","","","","","",16000,1,"","",2,1,8,1,"","","","","","","","","","",3,1,"","","","","","","","","","","","","","","","","","","","","","","","","","","","","","","","","","","","","","","","","","","","","","","","","","","","","",""
"35049001","CANCALE",48.711667,-1.843333,40,1981020515,"","","","",11.,1,280,1,"","","","","","","","","","","","","","","","","","","","","","","","","","","","",8.3,1,6.7,1,"","","","","","","","","","","","","","","","","","","","","","","","","","",91,1,"","","","","","","","","","","","",10.,1,1017.,1,"","","","","","",7,1,6,1,8,1,3,1,"","","","","","","","","","","","","","","","","","","","","","","","","","",16000,1,"","",2,1,2,1,"","","","","","","","","","",4,1,"","","","","","","","","","","","","","","","","","","","","","","","","","","","","","","","","","","","","","","","","","","","","","","","","","","","","",""
"35049001","CANCALE",48.711667,-1.843333,40,1981020518,"","","","",10.,1,280,1,"","","","","","","","","","","","","","","","","","","","","","","","","","","","",8.5,1,7.2,1,"","","","","","","","","","","","","","","","","","","","","","","","","","",93,1,"","","","","","","","","","","","",10.3,1,1018.5,1,"","","","","","",7,1,7,1,5,1,"","","","","","","","","","","","","","","","","","","","","","","","","","","","",16000,1,"","",2,1,2,1,"","","","","","","","","","",4,1,"","","","","","","","","","","","","","","","","","","","","","","","","","","","","","","","","","","","","","","","","","","","","","","","","","","","","",""
"35049001","CANCALE",48.711667,-1.843333,40,1981020521,"","","","",11.,1,280,1,"","","","","","","","","","","","","","","","","","","","","","","","","","","","",8.5,1,6.6,1,"","","","","","","","","","","","","","","","","","","","","","","","","","",89,1,"","","","","","","","","","","","",9.9,1,1019.9,1,"","","","","","",5,1,5,1,2,1,0,1,0,1,"","","","","","","","","","","","","","","","","","","","","","","","",16000,1,"","",0,1,"","","","","","","","","","","","",4,1,"","","","","","","","","","","","","","","","","","","","","","","","","","","","","","","","","","","","","","","","","","","","","","","","","","","","","",""
"35049001","CANCALE",48.711667,-1.843333,40,1981020600,"","","","",5.,1,280,1,"","","","","","","","","","","","","","","","","","","","","","","","","","","","",8.,1,6.9,1,"","","","","","","","","","","","","","","","","","","","","","","","","","",95,1,"","","","","","","","","","","","",10.1,1,1021.2,1,"","","","","","",4,1,0,1,2,1,0,1,0,1,"","","","","","","","","","","","","","","","","","","","","","","","",16000,1,"","",0,1,"","","","","","","","","","","","",4,1,"","","","","","","","","","","","","","","","","","","","","","","","","","","","","","","","","","","","","","","","","","","","","","","","","","","","","",""
"35049001","CANCALE",48.711667,-1.843333,40,1981020603,"","","","",5.,1,280,1,"","","","","","","","","","","","","","","","","","","","","","","","","","","","",8.,1,6.7,1,"","","","","","","","","","","","","","","","","","","","","","","","","","",93,1,"","","","","","","","","","","","",10.,1,1021.2,1,"","","","","","",3,1,0,1,0,1,5,1,0,1,"","","","","","","","","","","","","","","","","","","","","","","","",20000,1,"","",0,1,"","","","","","","","","","","","",4,1,"","","","","","","","","","","","","","","","","","","","","","","","","","","","","","","","","","","","","","","","","","","","","","","","","","","","","",""
"35049001","CANCALE",48.711667,-1.843333,40,1981020606,"","","","",12.,1,280,1,"","","","","","","","","","","","","","","","","","","","","","","","","","","","",8.2,1,6.9,1,"","","","","","","","","","","","","","","","","","","","","","","","","","",93,1,"","","","","","","","","","","","",10.1,1,1022.4,1,"","","","","","",8,1,8,1,5,1,"","","","","","","","","","","","","","","","","","","","","","","","","","","","",18000,1,"","",0,1,"","","","",0,1,"","","","","","",4,1,"","","","","","","","","","","","","","","","","","","","","","","","","","","","","","","","","","","","","","","","","","","","","","","","","","","","","",""
"35049001","CANCALE",48.711667,-1.843333,40,1981020609,"","","","",11.,1,280,1,"","","","","","","","","","","","","","","","","","","","","","","","","","","","",8.5,1,7.2,1,"","","","","","","","","","","","","","","","","","","","","","","","","","",93,1,"","","","","","","","","","","","",10.3,1,1024.1,1,"","","","","","",8,1,8,1,5,1,"","","","","","","","","","","","","","","","","","","","","","","","","","","","",12000,1,"","",2,1,2,1,"","","","","","","","","","",3,1,"","","","","","","","","","","","","","","","","","","","","","","","","","","","","","","","","","","","","","","","","","","","","","","","","","","","","",""
"35049001","CANCALE",48.711667,-1.843333,40,1981020612,"","","","",8.,1,280,1,"","","","","","","","","","","","","","","","","","","","","","","","","","","","",9.,1,7.7,1,"","","","","","","","","","","","","","","","","","","","","","","","","","",93,1,"","","","","","","","","","","","",10.7,1,1025.1,1,"","","","","","",7,1,0,1,8,1,0,1,2,1,"","","","","","","","","","","","","","","","","","","","","","","","",15000,1,"","",1,1,2,1,"","","","","","","","","","",3,1,"","","","","","","","","","","","","","","","","","","","","","","","","","","","","","","","","","","","","","","","","","","","","","","","","","","","","",""
"35049001","CANCALE",48.711667,-1.843333,40,1981020615,"","","","",11.,1,280,1,"","","","","","","","","","","","","","","","","","","","","","","","","","","","",9.2,1,6.9,1,"","","","","","","","","","","","","","","","","","","","","","","","","","",86,1,"","","","","","","","","","","","",10.1,1,1025.2,1,"","","","","","",8,1,8,1,5,1,"","","","","","","","","","","","","","","","","","","","","","","","","","","","",12000,1,"","",2,1,2,1,"","","","","","","","","","",3,1,"","","","","","","","","","","","","","","","","","","","","","","","","","","","","","","","","","","","","","","","","","","","","","","","","","","","","",""
"35049001","CANCALE",48.711667,-1.843333,40,1981020618,"","","","",13.,1,280,1,"","","","","","","","","","","","","","","","","","","","","","","","","","","","",9.,1,7.3,1,"","","","","","","","","","","","","","","","","","","","","","","","","","",90,1,"","","","","","","","","","","","",10.4,1,1026.4,1,"","","","","","",6,1,6,1,0,1,3,1,8,1,"","","","","","","","","","","","","","","","","","","","","","","","",16000,1,"","",1,1,2,1,"","","","","","","","","","",4,1,"","","","","","","","","","","","","","","","","","","","","","","","","","","","","","","","","","","","","","","","","","","","","","","","","","","","","",""
"35049001","CANCALE",48.711667,-1.843333,40,1981020621,"","","","",11.,1,280,1,"","","","","","","","","","","","","","","","","","","","","","","","","","","","",9.2,1,7.4,1,"","","","","","","","","","","","","","","","","","","","","","","","","","",90,1,"","","","","","","","","","","","",10.5,1,1027.6,1,"","","","","","",8,1,8,1,5,1,"","","","","","","","","","","","","","","","","","","","","","","","","","","","",16000,1,"","",0,1,"","","","","","","","","","","","",4,1,"","","","","","","","","","","","","","","","","","","","","","","","","","","","","","","","","","","","","","","","","","","","","","","","","","","","","",""
"35049001","CANCALE",48.711667,-1.843333,40,1981020700,"","","","",9.,1,280,1,"","","","","","","","","","","","","","","","","","","","","","","","","","","","",8.8,1,7.3,1,"","","","","","","","","","","","","","","","","","","","","","","","","","",92,1,"","","","","","","","","","","","",10.4,1,1029.2,1,"","","","","","",8,1,8,1,7,1,"","","","","","","","","","","","","","","","","","","","","","","","","","","","",4000,1,"","",51,1,"","","","","","","","","","","","",4,1,"","","","","","","","","","","","","","","","","","","","","","","","","","","","","","","","","","","","","","","","","","","","","","","","","","","","","",""
"35049001","CANCALE",48.711667,-1.843333,40,1981020703,"","","","",8.,1,280,1,"","","","","","","","","","","","","","","","","","","","","","","","","","","","",8.3,1,7.6,1,"","","","","","","","","","","","","","","","","","","","","","","","","","",97,1,"","","","","","","","","","","","",10.6,1,1029.6,1,"","","","","","",8,1,8,1,5,1,"","","","","","","","","","","","","","","","","","","","","","","","","","","","",15000,1,"","",0,1,"","","","","","","","","","","","",3,1,"","","","","","","","","","","","","","","","","","","","","","","","","","","","","","","","","","","","","","","","","","","","","","","","","","","","","",""
"35049001","CANCALE",48.711667,-1.843333,40,1981020706,"","","","",8.,1,280,1,"","","","","","","","","","","","","","","","","","","","","","","","","","","","",8.8,1,8.,1,"","","","","","","","","","","","","","","","","","","","","","","","","","",96,1,"","","","","","","","","","","","",10.9,1,1029.7,1,"","","","","","",8,1,8,1,5,1,"","","","","","","","","","","","","","","","","","","","","","","","","","","","",20000,1,"","",0,1,"","","","",0,1,"","","","","","",3,1,"","","","","","","","","","","","","","","","","","","","","","","","","","","","","","","","","","","","","","","","","","","","","","","","","","","","","",""
"35049001","CANCALE",48.711667,-1.843333,40,1981020709,"","","","",8.,1,280,1,"","","","","","","","","","","","","","","","","","","","","","","","","","","","",8.8,1,7.3,1,"","","","","","","","","","","","","","","","","","","","","","","","","","",92,1,"","","","","","","","","","","","",10.4,1,1032.3,1,"","","","","","",8,1,8,1,5,1,"","","","","","","","","","","","","","","","","","","","","","","","","","","","",14000,1,"","",2,1,2,1,"","","","","","","","","","",3,1,"","","","","","","","","","","","","","","","","","","","","","","","","","","","","","","","","","","","","","","","","","","","","","","","","","","","","",""
"35049001","CANCALE",48.711667,-1.843333,40,1981020712,"","","","",6.,1,260,1,"","","","","","","","","","","","","","","","","","","","","","","","","","","","",9.,1,7.7,1,"","","","","","","","","","","","","","","","","","","","","","","","","","",93,1,"","","","","","","","","","","","",10.7,1,1033.2,1,"","","","","","",8,1,8,1,5,1,"","","","","","","","","","","","","","","","","","","","","","","","","","","","",8000,1,"","",2,1,5,1,"","","","","","","","","","",3,1,"","","","","","","","","","","","","","","","","","","","","","","","","","","","","","","","","","","","","","","","","","","","","","","","","","","","","",""
"35049001","CANCALE",48.711667,-1.843333,40,1981020715,"","","","",4.,1,200,1,"","","","","","","","","","","","","","","","","","","","","","","","","","","","",10.5,1,7.8,1,"","","","","","","","","","","","","","","","","","","","","","","","","","",85,1,"","","","","","","","","","","","",10.8,1,1030.1,1,"","","","","","",8,1,8,1,5,1,"","","","","","","","","","","","","","","","","","","","","","","","","","","","",18000,1,"","",2,1,2,1,"","","","","","","","","","",2,1,"","","","","","","","","","","","","","","","","","","","","","","","","","","","","","","","","","","","","","","","","","","","","","","","","","","","","",""
"35049001","CANCALE",48.711667,-1.843333,40,1981020718,"","","","",6.,1,240,1,"","","","","","","","","","","","","","","","","","","","","","","","","","","","",10.7,1,7.6,1,"","","","","","","","","","","","","","","","","","","","","","","","","","",82,1,"","","","","","","","","","","","",10.6,1,1029.9,1,"","","","","","",8,1,8,1,5,1,"","","","","","","","","","","","","","","","","","","","","","","","","","","","",18000,1,"","",2,1,2,1,"","","","","","","","","","",2,1,"","","","","","","","","","","","","","","","","","","","","","","","","","","","","","","","","","","","","","","","","","","","","","","","","","","","","",""
"35049001","CANCALE",48.711667,-1.843333,40,1981020721,"","","","",6.,1,220,1,"","","","","","","","","","","","","","","","","","","","","","","","","","","","",10.,1,5.4,1,"","","","","","","","","","","","","","","","","","","","","","","","","","",75,1,"","","","","","","","","","","","",9.1,1,1029.5,1,"","","","","","",8,1,8,1,5,1,"","","","","","","","","","","","","","","","","","","","","","","","","","","","",30000,1,"","",0,1,"","","","","","","","","","","","",2,1,"","","","","","","","","","","","","","","","","","","","","","","","","","","","","","","","","","","","","","","","","","","","","","","","","","","","","",""
"35049001","CANCALE",48.711667,-1.843333,40,1981020800,"","","","",9.,1,260,1,"","","","","","","","","","","","","","","","","","","","","","","","","","","","",9.3,1,6.4,1,"","","","","","","","","","","","","","","","","","","","","","","","","","",84,1,"","","","","","","","","","","","",9.8,1,1029.3,1,"","","","","","",8,1,8,1,5,1,"","","","","","","","","","","","","","","","","","","","","","","","","","","","",30000,1,"","",0,1,"","","","","","","","","","","","",2,1,"","","","","","","","","","","","","","","","","","","","","","","","","","","","","","","","","","","","","","","","","","","","","","","","","","","","","",""
"35049001","CANCALE",48.711667,-1.843333,40,1981020803,"","","","",7.,1,240,1,"","","","","","","","","","","","","","","","","","","","","","","","","","","","",9.,1,6.2,1,"","","","","","","","","","","","","","","","","","","","","","","","","","",84,1,"","","","","","","","","","","","",9.6,1,1028.7,1,"","","","","","",8,1,8,1,5,1,"","","","","","","","","","","","","","","","","","","","","","","","","","","","",45000,1,"","",0,1,"","","","","","","","","","","","",2,1,"","","","","","","","","","","","","","","","","","","","","","","","","","","","","","","","","","","","","","","","","","","","","","","","","","","","","",""
"35049001","CANCALE",48.711667,-1.843333,40,1981020806,"","","","",6.,1,240,1,"","","","","","","","","","","","","","","","","","","","","","","","","","","","",9.,1,6.2,1,"","","","","","","","","","","","","","","","","","","","","","","","","","",83,1,"","","","","","","","","","","","",9.6,1,1028.1,1,"","","","","","",8,1,8,1,5,1,"","","","","","","","","","","","","","","","","","","","","","","","","","","","",50000,1,"","",0,1,"","","","",0,1,"","","","","","",2,1,"","","","","","","","","","","","","","","","","","","","","","","","","","","","","","","","","","","","","","","","","","","","","","","","","","","","","",""
"35049001","CANCALE",48.711667,-1.843333,40,1981020809,"","","","",6.,1,220,1,"","","","","","","","","","","","","","","","","","","","","","","","","","","","",9.,1,6.2,1,"","","","","","","","","","","","","","","","","","","","","","","","","","",83,1,"","","","","","","","","","","","",9.6,1,1028.1,1,"","","","","","",8,1,8,1,5,1,"","","","","","","","","","","","","","","","","","","","","","","","","","","","",35000,1,"","",2,1,2,1,"","","","","","","","","","",2,1,"","","","","","","","","","","","","","","","","","","","","","","","","","","","","","","","","","","","","","","","","","","","","","","","","","","","","",""
"35049001","CANCALE",48.711667,-1.843333,40,1981020812,"","","","",6.,1,240,1,"","","","","","","","","","","","","","","","","","","","","","","","","","","","",10.3,1,5.9,1,"","","","","","","","","","","","","","","","","","","","","","","","","","",75,1,"","","","","","","","","","","","",9.4,1,1026.7,1,"","","","","","",8,1,8,1,5,1,"","","","","","","","","","","","","","","","","","","","","","","","","","","","",35000,1,"","",2,1,2,1,"","","","","","","","","","",2,1,"","","","","","","","","","","","","","","","","","","","","","","","","","","","","","","","","","","","","","","","","","","","","","","","","","","","","",""
"35049001","CANCALE",48.711667,-1.843333,40,1981020815,"","","","",4.,1,240,1,"","","","","","","","","","","","","","","","","","","","","","","","","","","","",10.,1,6.6,1,"","","","","","","","","","","","","","","","","","","","","","","","","","",81,1,"","","","","","","","","","","","",9.9,1,1025.7,1,"","","","","","",8,1,8,1,5,1,"","","","","","","","","","","","","","","","","","","","","","","","","","","","",40000,1,"","",2,1,2,1,"","","","","","","","","","",2,1,"","","","","","","","","","","","","","","","","","","","","","","","","","","","","","","","","","","","","","","","","","","","","","","","","","","","","",""
"35049001","CANCALE",48.711667,-1.843333,40,1981020818,"","","","",3.,1,200,1,"","","","","","","","","","","","","","","","","","","","","","","","","","","","",9.3,1,7.,1,"","","","","","","","","","","","","","","","","","","","","","","","","","",87,1,"","","","","","","","","","","","",10.2,1,1024.7,1,"","","","","","",8,1,8,1,5,1,"","","","","","","","","","","","","","","","","","","","","","","","","","","","",22000,1,"","",2,1,2,1,"","","","","","","","","","",2,1,"","","","","","","","","","","","","","","","","","","","","","","","","","","","","","","","","","","","","","","","","","","","","","","","","","","","","",""
"35049001","CANCALE",48.711667,-1.843333,40,1981020821,"","","","",3.,1,200,1,"","","","","","","","","","","","","","","","","","","","","","","","","","","","",8.6,1,6.,1,"","","","","","","","","","","","","","","","","","","","","","","","","","",85,1,"","","","","","","","","","","","",9.5,1,1023.3,1,"","","","","","",8,1,8,1,5,1,"","","","","","","","","","","","","","","","","","","","","","","","","","","","",35000,1,"","",0,1,"","","","","","","","","","","","",2,1,"","","","","","","","","","","","","","","","","","","","","","","","","","","","","","","","","","","","","","","","","","","","","","","","","","","","","",""
"35049001","CANCALE",48.711667,-1.843333,40,1981020900,"","","","",2.,1,260,1,"","","","","","","","","","","","","","","","","","","","","","","","","","","","",8.5,1,3.8,1,"","","","","","","","","","","","","","","","","","","","","","","","","","",73,1,"","","","","","","","","","","","",8.1,1,1022.,1,"","","","","","",8,1,8,1,5,1,"","","","","","","","","","","","","","","","","","","","","","","","","","","","",35000,1,"","",0,1,"","","","","","","","","","","","",2,1,"","","","","","","","","","","","","","","","","","","","","","","","","","","","","","","","","","","","","","","","","","","","","","","","","","","","","",""
"35049001","CANCALE",48.711667,-1.843333,40,1981020903,"","","","",3.,1,240,1,"","","","","","","","","","","","","","","","","","","","","","","","","","","","",8.2,1,4.1,1,"","","","","","","","","","","","","","","","","","","","","","","","","","",77,1,"","","","","","","","","","","","",8.3,1,1020.,1,"","","","","","",8,1,8,1,5,1,"","","","","","","","","","","","","","","","","","","","","","","","","","","","",35000,1,"","",0,1,"","","","","","","","","","","","",2,1,"","","","","","","","","","","","","","","","","","","","","","","","","","","","","","","","","","","","","","","","","","","","","","","","","","","","","",""
"35049001","CANCALE",48.711667,-1.843333,40,1981020906,"","","","",2.,1,200,1,"","","","","","","","","","","","","","","","","","","","","","","","","","","","",7.,1,3.3,1,"","","","","","","","","","","","","","","","","","","","","","","","","","",78,1,"","","","","","","","","","","","",7.8,1,1017.2,1,"","","","","","",8,1,8,1,5,1,"","","","","","","","","","","","","","","","","","","","","","","","","","","","",35000,1,"","",0,1,"","","","",0,1,"","","","","","",2,1,"","","","","","","","","","","","","","","","","","","","","","","","","","","","","","","","","","","","","","","","","","","","","","","","","","","","","",""
"35049001","CANCALE",48.711667,-1.843333,40,1981020909,"","","","",3.,1,200,1,"","","","","","","","","","","","","","","","","","","","","","","","","","","","",6.5,1,4.5,1,"","","","","","","","","","","","","","","","","","","","","","","","","","",85,1,"","","","","","","","","","","","",8.5,1,1016.,1,"","","","","","",7,1,7,1,5,1,"","","","","","","","","","","","","","","","","","","","","","","","","","","","",15000,1,"","",2,1,2,1,"","","","","","","","","","",2,1,"","","","","","","","","","","","","","","","","","","","","","","","","","","","","","","","","","","","","","","","","","","","","","","","","","","","","",""
"35049001","CANCALE",48.711667,-1.843333,40,1981020912,"","","","",4.,1,260,1,"","","","","","","","","","","","","","","","","","","","","","","","","","","","",7.5,1,6.2,1,"","","","","","","","","","","","","","","","","","","","","","","","","","",93,1,"","","","","","","","","","","","",9.6,1,1014.7,1,"","","","","","",8,1,8,1,8,1,"","","","","","","","","","","","","","","","","","","","","","","","","","","","",15000,1,"","",2,1,2,1,"","","","","","","","","","",2,1,"","","","","","","","","","","","","","","","","","","","","","","","","","","","","","","","","","","","","","","","","","","","","","","","","","","","","",""
"35049001","CANCALE",48.711667,-1.843333,40,1981020915,"","","","",4.,1,220,1,"","","","","","","","","","","","","","","","","","","","","","","","","","","","",8.,1,6.7,1,"","","","","","","","","","","","","","","","","","","","","","","","","","",93,1,"","","","","","","","","","","","",10.,1,1012.7,1,"","","","","","",8,1,8,1,7,1,"","","","","","","","","","","","","","","","","","","","","","","","","","","","",3000,1,"","",61,1,5,1,"","","","","","","","","","",2,1,"","","","","","","","","","","","","","","","","","","","","","","","","","","","","","","","","","","","","","","","","","","","","","","","","","","","","",""
"35049001","CANCALE",48.711667,-1.843333,40,1981020918,"","","","",17.,1,280,1,"","","","","","","","","","","","","","","","","","","","","","","","","","","","",6.2,1,4.6,1,"","","","","","","","","","","","","","","","","","","","","","","","","","",91,1,"","","","","","","","","","","","",8.6,1,1013.2,1,"","","","","","",8,1,8,1,7,1,"","","","","","","","","","","","","","","","","","","","","","","","","","","","",5000,1,"","",61,1,6,1,"","","","","","","","","","",4,1,"","","","","","","","","","","","","","","","","","","","","","","","","","","","","","","","","","","","","","","","","","","","","","","","","","","","","",""
"35049001","CANCALE",48.711667,-1.843333,40,1981020921,"","","","",17.,1,320,1,"","","","","","","","","","","","","","","","","","","","","","","","","","","","",6.3,1,1.6,1,"","","","","","","","","","","","","","","","","","","","","","","","","","",72,1,"","","","","","","","","","","","",6.9,1,1016.7,1,"","","","","","",8,1,8,1,5,1,"","","","","","","","","","","","","","","","","","","","","","","","","","","","",25000,1,"","",0,1,"","","","","","","","","","","","",5,1,"","","","","","","","","","","","","","","","","","","","","","","","","","","","","","","","","","","","","","","","","","","","","","","","","","","","","",""
"35049001","CANCALE",48.711667,-1.843333,40,1981021000,"","","","",14.,1,320,1,"","","","","","","","","","","","","","","","","","","","","","","","","","","","",6.2,1,1.4,1,"","","","","","","","","","","","","","","","","","","","","","","","","","",72,1,"","","","","","","","","","","","",6.8,1,1018.9,1,"","","","","","",8,1,8,1,5,1,"","","","","","","","","","","","","","","","","","","","","","","","","","","","",30000,1,"","",0,1,"","","","","","","","","","","","",5,1,"","","","","","","","","","","","","","","","","","","","","","","","","","","","","","","","","","","","","","","","","","","","","","","","","","","","","",""
"35049001","CANCALE",48.711667,-1.843333,40,1981021003,"","","","",13.,1,320,1,"","","","","","","","","","","","","","","","","","","","","","","","","","","","",6.,1,0.,1,"","","","","","","","","","","","","","","","","","","","","","","","","","",66,1,"","","","","","","","","","","","",6.1,1,1020.9,1,"","","","","","",3,1,0,1,1,1,0,1,0,1,"","","","","","","","","","","","","","","","","","","","","","","","",30000,1,"","",0,1,"","","","","","","","","","","","",5,1,"","","","","","","","","","","","","","","","","","","","","","","","","","","","","","","","","","","","","","","","","","","","","","","","","","","","","",""
"35049001","CANCALE",48.711667,-1.843333,40,1981021006,"","","","",10.,1,340,1,"","","","","","","","","","","","","","","","","","","","","","","","","","","","",6.,1,0.8,1,"","","","","","","","","","","","","","","","","","","","","","","","","","",70,1,"","","","","","","","","","","","",6.5,1,1023.5,1,"","","","","","",6,1,6,1,1,1,0,1,0,1,"","","","","","","","","","","","","","","","","","","","","","","","",30000,1,"","",0,1,"","","","",1,1,"","","","","","",4,1,"","","","","","","","","","","","","","","","","","","","","","","","","","","","","","","","","","","","","","","","","","","","","","","","","","","","","",""
"35049001","CANCALE",48.711667,-1.843333,40,1981021009,"","","","",10.,1,320,1,"","","","","","","","","","","","","","","","","","","","","","","","","","","","",6.5,1,1.4,1,"","","","","","","","","","","","","","","","","","","","","","","","","","",71,1,"","","","","","","","","","","","",6.8,1,1025.6,1,"","","","","","",5,1,5,1,2,1,0,1,0,1,"","","","","","","","","","","","","","","","","","","","","","","","",35000,1,"","",2,1,2,1,"","","","","","","","","","",4,1,"","","","","","","","","","","","","","","","","","","","","","","","","","","","","","","","","","","","","","","","","","","","","","","","","","","","","",""
"35049001","CANCALE",48.711667,-1.843333,40,1981021012,"","","","",8.,1,340,1,"","","","","","","","","","","","","","","","","","","","","","","","","","","","",7.,1,2.,1,"","","","","","","","","","","","","","","","","","","","","","","","","","",71,1,"","","","","","","","","","","","",7.1,1,1027.5,1,"","","","","","",6,1,6,1,2,1,7,1,0,1,"","","","","","","","","","","","","","","","","","","","","","","","",35000,1,"","",3,1,2,1,"","","","","","","","","","",4,1,"","","","","","","","","","","","","","","","","","","","","","","","","","","","","","","","","","","","","","","","","","","","","","","","","","","","","",""
"35049001","CANCALE",48.711667,-1.843333,40,1981021015,"","","","",8.,1,320,1,"","","","","","","","","","","","","","","","","","","","","","","","","","","","",7.,1,0.8,1,"","","","","","","","","","","","","","","","","","","","","","","","","","",65,1,"","","","","","","","","","","","",6.5,1,1028.3,1,"","","","","","",7,1,0,1,2,1,4,1,2,1,"","","","","","","","","","","","","","","","","","","","","","","","",35000,1,"","",2,1,2,1,"","","","","","","","","","",3,1,"","","","","","","","","","","","","","","","","","","","","","","","","","","","","","","","","","","","","","","","","","","","","","","","","","","","","",""
"35049001","CANCALE",48.711667,-1.843333,40,1981021018,"","","","",8.,1,320,1,"","","","","","","","","","","","","","","","","","","","","","","","","","","","",6.5,1,0.2,1,"","","","","","","","","","","","","","","","","","","","","","","","","","",64,1,"","","","","","","","","","","","",6.2,1,1029.5,1,"","","","","","",7,1,7,1,4,1,7,1,"","","","","","","","","","","","","","","","","","","","","","","","","","",35000,1,"","",2,1,2,1,"","","","","","","","","","",3,1,"","","","","","","","","","","","","","","","","","","","","","","","","","","","","","","","","","","","","","","","","","","","","","","","","","","","","",""
"35049001","CANCALE",48.711667,-1.843333,40,1981021021,"","","","",4.,1,320,1,"","","","","","","","","","","","","","","","","","","","","","","","","","","","",3.5,1,2.2,1,"","","","","","","","","","","","","","","","","","","","","","","","","","",91,1,"","","","","","","","","","","","",7.2,1,1030.8,1,"","","","","","",3,1,0,1,5,1,0,1,0,1,"","","","","","","","","","","","","","","","","","","","","","","","",25000,1,"","",21,1,"","","","","","","","","","","","",3,1,"","","","","","","","","","","","","","","","","","","","","","","","","","","","","","","","","","","","","","","","","","","","","","","","","","","","","",""
"35049001","CANCALE",48.711667,-1.843333,40,1981021100,"","","","",5.,1,60,1,"","","","","","","","","","","","","","","","","","","","","","","","","","","","",4.5,1,1.2,1,"","","","","","","","","","","","","","","","","","","","","","","","","","",79,1,"","","","","","","","","","","","",6.7,1,1031.4,1,"","","","","","",3,1,0,1,5,1,0,1,0,1,"","","","","","","","","","","","","","","","","","","","","","","","",16000,1,"","",0,1,"","","","","","","","","","","","",3,1,"","","","","","","","","","","","","","","","","","","","","","","","","","","","","","","","","","","","","","","","","","","","","","","","","","","","","",""
"35049001","CANCALE",48.711667,-1.843333,40,1981021103,"","","","",5.,1,60,1,"","","","","","","","","","","","","","","","","","","","","","","","","","","","",5.,1,-1.8,1,"","","","","","","","","","","","","","","","","","","","","","","","","","",61,1,"","","","","","","","","","","","",5.3,1,1031.3,1,"","","","","","",4,1,0,1,5,1,0,1,0,1,"","","","","","","","","","","","","","","","","","","","","","","","",16000,1,"","",0,1,"","","","","","","","","","","","",3,1,"","","","","","","","","","","","","","","","","","","","","","","","","","","","","","","","","","","","","","","","","","","","","","","","","","","","","",""
"35049001","CANCALE",48.711667,-1.843333,40,1981021106,"","","","",4.,1,60,1,"","","","","","","","","","","","","","","","","","","","","","","","","","","","",4.3,1,2.7,1,"","","","","","","","","","","","","","","","","","","","","","","","","","",90,1,"","","","","","","","","","","","",7.5,1,1031.6,1,"","","","","","",1,1,0,1,1,1,0,1,0,1,"","","","","","","","","","","","","","","","","","","","","","","","",50000,1,"","",0,1,"","","","",0,1,"","","","","","",2,1,"","","","","","","","","","","","","","","","","","","","","","","","","","","","","","","","","","","","","","","","","","","","","","","","","","","","","",""
"35049001","CANCALE",48.711667,-1.843333,40,1981021109,"","","","",1.,1,20,1,"","","","","","","","","","","","","","","","","","","","","","","","","","","","",5.3,1,-0.6,1,"","","","","","","","","","","","","","","","","","","","","","","","","","",65,1,"","","","","","","","","","","","",5.8,1,1031.6,1,"","","","","","",3,1,0,1,2,1,0,1,0,1,"","","","","","","","","","","","","","","","","","","","","","","","",45000,1,"","",2,1,0,1,"","","","","","","","","","",2,1,"","","","","","","","","","","","","","","","","","","","","","","","","","","","","","","","","","","","","","","","","","","","","","","","","","","","","",""
"35049001","CANCALE",48.711667,-1.843333,40,1981021112,"","","","",2.,1,100,1,"","","","","","","","","","","","","","","","","","","","","","","","","","","","",7.,1,-0.6,1,"","","","","","","","","","","","","","","","","","","","","","","","","","",58,1,"","","","","","","","","","","","",5.8,1,1030.8,1,"","","","","","",3,1,0,1,2,1,0,1,0,1,"","","","","","","","","","","","","","","","","","","","","","","","",50000,1,"","",2,1,0,1,"","","","","","","","","","",2,1,"","","","","","","","","","","","","","","","","","","","","","","","","","","","","","","","","","","","","","","","","","","","","","","","","","","","","",""
"35049001","CANCALE",48.711667,-1.843333,40,1981021115,"","","","",1.,1,120,1,"","","","","","","","","","","","","","","","","","","","","","","","","","","","",6.,1,-0.4,1,"","","","","","","","","","","","","","","","","","","","","","","","","","",63,1,"","","","","","","","","","","","",5.9,1,1028.2,1,"","","","","","",3,1,0,1,2,1,0,1,0,1,"","","","","","","","","","","","","","","","","","","","","","","","",50000,1,"","",2,1,0,1,"","","","","","","","","","",2,1,"","","","","","","","","","","","","","","","","","","","","","","","","","","","","","","","","","","","","","","","","","","","","","","","","","","","","",""
"35049001","CANCALE",48.711667,-1.843333,40,1981021118,"","","","",1.,1,100,1,"","","","","","","","","","","","","","","","","","","","","","","","","","","","",4.,1,-1.3,1,"","","","","","","","","","","","","","","","","","","","","","","","","","",67,1,"","","","","","","","","","","","",5.5,1,1026.1,1,"","","","","","",3,1,0,1,4,1,0,1,0,1,"","","","","","","","","","","","","","","","","","","","","","","","",35000,1,"","",2,1,0,1,"","","","","","","","","","",1,1,"","","","","","","","","","","","","","","","","","","","","","","","","","","","","","","","","","","","","","","","","","","","","","","","","","","","","",""
"35049001","CANCALE",48.711667,-1.843333,40,1981021121,"","","","",4.,1,160,1,"","","","","","","","","","","","","","","","","","","","","","","","","","","","",3.3,1,-1.6,1,"","","","","","","","","","","","","","","","","","","","","","","","","","",70,1,"","","","","","","","","","","","",5.4,1,1024.4,1,"","","","","","",0,1,"","",0,1,0,1,0,1,"","","","","","","","","","","","","","","","","","","","","","","","",35000,1,"","",0,1,"","","","","","","","","","","","",2,1,"","","","","","","","","","","","","","","","","","","","","","","","","","","","","","","","","","","","","","","","","","","","","","","","","","","","","",""
"35049001","CANCALE",48.711667,-1.843333,40,1981021200,"","","","",5.,1,220,1,"","","","","","","","","","","","","","","","","","","","","","","","","","","","",2.,1,-3.1,1,"","","","","","","","","","","","","","","","","","","","","","","","","","",67,1,"","","","","","","","","","","","",4.8,1,1022.8,1,"","","","","","",3,1,0,1,0,1,0,1,4,1,"","","","","","","","","","","","","","","","","","","","","","","","",35000,1,"","",0,1,"","","","","","","","","","","","",2,1,"","","","","","","","","","","","","","","","","","","","","","","","","","","","","","","","","","","","","","","","","","","","","","","","","","","","","",""
"35049001","CANCALE",48.711667,-1.843333,40,1981021203,"","","","",4.,1,220,1,"","","","","","","","","","","","","","","","","","","","","","","","","","","","",0.8,1,-2.9,1,"","","","","","","","","","","","","","","","","","","","","","","","","","",75,1,"","","","","","","","","","","","",4.9,1,1020.2,1,"","","","","","",5,1,5,1,0,1,5,1,0,1,"","","","","","","","","","","","","","","","","","","","","","","","",20000,1,"","",0,1,"","","","","","","","","","","","",2,1,"","","","","","","","","","","","","","","","","","","","","","","","","","","","","","","","","","","","","","","","","","","","","","","","","","","","","",""
"35049001","CANCALE",48.711667,-1.843333,40,1981021206,"","","","",5.,1,180,1,"","","","","","","","","","","","","","","","","","","","","","","","","","","","",0.,1,-3.7,1,"","","","","","","","","","","","","","","","","","","","","","","","","","",76,1,"","","","","","","","","","","","",4.6,1,1018.2,1,"","","","","","",0,1,"","",0,1,0,1,0,1,"","","","","","","","","","","","","","","","","","","","","","","","",12000,1,"","",0,1,"","","","",0,1,"","","","","","",2,1,"","","","","","","","","","","","","","","","","","","","","","","","","","","","","","","","","","","","","","","","","","","","","","","","","","","","","",""
"35049001","CANCALE",48.711667,-1.843333,40,1981021209,"","","","",6.,1,180,1,"","","","","","","","","","","","","","","","","","","","","","","","","","","","",1.4,1,-3.1,1,"","","","","","","","","","","","","","","","","","","","","","","","","","",70,1,"","","","","","","","","","","","",4.8,1,1017.4,1,"","","","","","",3,1,0,1,5,1,0,1,4,1,"","","","","","","","","","","","","","","","","","","","","","","","",10000,1,"","",2,1,0,1,"","","","","","","","","","",2,1,"","","","","","","","","","","","","","","","","","","","","","","","","","","","","","","","","","","","","","","","","","","","","","","","","","","","","",""
"35049001","CANCALE",48.711667,-1.843333,40,1981021212,"","","","",7.,1,160,1,"","","","","","","","","","","","","","","","","","","","","","","","","","","","",4.5,1,-3.4,1,"","","","","","","","","","","","","","","","","","","","","","","","","","",56,1,"","","","","","","","","","","","",4.7,1,1016.4,1,"","","","","","",2,1,0,1,0,1,0,1,1,1,"","","","","","","","","","","","","","","","","","","","","","","","",16000,1,"","",2,1,0,1,"","","","","","","","","","",2,1,"","","","","","","","","","","","","","","","","","","","","","","","","","","","","","","","","","","","","","","","","","","","","","","","","","","","","",""
"35049001","CANCALE",48.711667,-1.843333,40,1981021215,"","","","",8.,1,120,1,"","","","","","","","","","","","","","","","","","","","","","","","","","","","",4.5,1,-3.4,1,"","","","","","","","","","","","","","","","","","","","","","","","","","",56,1,"","","","","","","","","","","","",4.7,1,1014.4,1,"","","","","","",3,1,0,1,0,1,0,1,1,1,"","","","","","","","","","","","","","","","","","","","","","","","",16000,1,"","",2,1,0,1,"","","","","","","","","","",3,1,"","","","","","","","","","","","","","","","","","","","","","","","","","","","","","","","","","","","","","","","","","","","","","","","","","","","","",""
"35049001","CANCALE",48.711667,-1.843333,40,1981021218,"","","","",8.,1,100,1,"","","","","","","","","","","","","","","","","","","","","","","","","","","","",3.9,1,-2.9,1,"","","","","","","","","","","","","","","","","","","","","","","","","","",61,1,"","","","","","","","","","","","",4.9,1,1014.,1,"","","","","","",1,1,0,1,0,1,0,1,1,1,"","","","","","","","","","","","","","","","","","","","","","","","",16000,1,"","",2,1,0,1,"","","","","","","","","","",3,1,"","","","","","","","","","","","","","","","","","","","","","","","","","","","","","","","","","","","","","","","","","","","","","","","","","","","","",""
"35049001","CANCALE",48.711667,-1.843333,40,1981021221,"","","","",10.,1,100,1,"","","","","","","","","","","","","","","","","","","","","","","","","","","","",3.,1,-2.9,1,"","","","","","","","","","","","","","","","","","","","","","","","","","",64,1,"","","","","","","","","","","","",4.9,1,1014.5,1,"","","","","","",0,1,"","",0,1,0,1,0,1,"","","","","","","","","","","","","","","","","","","","","","","","",18000,1,"","",0,1,"","","","","","","","","","","","",3,1,"","","","","","","","","","","","","","","","","","","","","","","","","","","","","","","","","","","","","","","","","","","","","","","","","","","","","",""
"35049001","CANCALE",48.711667,-1.843333,40,1981021300,"","","","",10.,1,100,1,"","","","","","","","","","","","","","","","","","","","","","","","","","","","",2.1,1,-2.9,1,"","","","","","","","","","","","","","","","","","","","","","","","","","",69,1,"","","","","","","","","","","","",4.9,1,1014.8,1,"","","","","","",0,1,"","",0,1,0,1,0,1,"","","","","","","","","","","","","","","","","","","","","","","","",25000,1,"","",0,1,"","","","","","","","","","","","",4,1,"","","","","","","","","","","","","","","","","","","","","","","","","","","","","","","","","","","","","","","","","","","","","","","","","","","","","",""
"35049001","CANCALE",48.711667,-1.843333,40,1981021303,"","","","",12.,1,100,1,"","","","","","","","","","","","","","","","","","","","","","","","","","","","",1.5,1,-4.3,1,"","","","","","","","","","","","","","","","","","","","","","","","","","",65,1,"","","","","","","","","","","","",4.4,1,1014.9,1,"","","","","","",0,1,"","",0,1,0,1,0,1,"","","","","","","","","","","","","","","","","","","","","","","","",25000,1,"","",0,1,"","","","","","","","","","","","",4,1,"","","","","","","","","","","","","","","","","","","","","","","","","","","","","","","","","","","","","","","","","","","","","","","","","","","","","",""
"35049001","CANCALE",48.711667,-1.843333,40,1981021306,"","","","",12.,1,100,1,"","","","","","","","","","","","","","","","","","","","","","","","","","","","",1.,1,-3.7,1,"","","","","","","","","","","","","","","","","","","","","","","","","","",70,1,"","","","","","","","","","","","",4.6,1,1015.5,1,"","","","","","",0,1,"","",0,1,0,1,0,1,"","","","","","","","","","","","","","","","","","","","","","","","",25000,1,"","",0,1,"","","","",0,1,"","","","","","",4,1,"","","","","","","","","","","","","","","","","","","","","","","","","","","","","","","","","","","","","","","","","","","","","","","","","","","","","",""
"35049001","CANCALE",48.711667,-1.843333,40,1981021309,"","","","",11.,1,100,1,"","","","","","","","","","","","","","","","","","","","","","","","","","","","",1.6,1,-4.,1,"","","","","","","","","","","","","","","","","","","","","","","","","","",65,1,"","","","","","","","","","","","",4.5,1,1017.2,1,"","","","","","",0,1,"","",0,1,0,1,0,1,"","","","","","","","","","","","","","","","","","","","","","","","",16000,1,"","",2,1,0,1,"","","","","","","","","","",4,1,"","","","","","","","","","","","","","","","","","","","","","","","","","","","","","","","","","","","","","","","","","","","","","","","","","","","","",""
"35049001","CANCALE",48.711667,-1.843333,40,1981021312,"","","","",10.,1,100,1,"","","","","","","","","","","","","","","","","","","","","","","","","","","","",3.8,1,-6.5,1,"","","","","","","","","","","","","","","","","","","","","","","","","","",48,1,"","","","","","","","","","","","",3.7,1,1018.5,1,"","","","","","",0,1,"","",0,1,0,1,0,1,"","","","","","","","","","","","","","","","","","","","","","","","",22000,1,"","",2,1,0,1,"","","","","","","","","","",4,1,"","","","","","","","","","","","","","","","","","","","","","","","","","","","","","","","","","","","","","","","","","","","","","","","","","","","","",""
"35049001","CANCALE",48.711667,-1.843333,40,1981021315,"","","","",7.,1,100,1,"","","","","","","","","","","","","","","","","","","","","","","","","","","","",4.3,1,-5.5,1,"","","","","","","","","","","","","","","","","","","","","","","","","","",48,1,"","","","","","","","","","","","",4.,1,1018.8,1,"","","","","","",0,1,"","",0,1,0,1,0,1,"","","","","","","","","","","","","","","","","","","","","","","","",25000,1,"","",2,1,0,1,"","","","","","","","","","",3,1,"","","","","","","","","","","","","","","","","","","","","","","","","","","","","","","","","","","","","","","","","","","","","","","","","","","","","",""
"35049001","CANCALE",48.711667,-1.843333,40,1981021318,"","","","",6.,1,100,1,"","","","","","","","","","","","","","","","","","","","","","","","","","","","",4.,1,-6.8,1,"","","","","","","","","","","","","","","","","","","","","","","","","","",44,1,"","","","","","","","","","","","",3.6,1,1020.5,1,"","","","","","",0,1,"","",0,1,0,1,0,1,"","","","","","","","","","","","","","","","","","","","","","","","",15000,1,"","",2,1,0,1,"","","","","","","","","","",2,1,"","","","","","","","","","","","","","","","","","","","","","","","","","","","","","","","","","","","","","","","","","","","","","","","","","","","","",""
"35049001","CANCALE",48.711667,-1.843333,40,1981021321,"","","","",6.,1,100,1,"","","","","","","","","","","","","","","","","","","","","","","","","","","","",3.,1,-6.5,1,"","","","","","","","","","","","","","","","","","","","","","","","","","",49,1,"","","","","","","","","","","","",3.7,1,1022.1,1,"","","","","","",0,1,"","",0,1,0,1,0,1,"","","","","","","","","","","","","","","","","","","","","","","","",25000,1,"","",0,1,"","","","","","","","","","","","",3,1,"","","","","","","","","","","","","","","","","","","","","","","","","","","","","","","","","","","","","","","","","","","","","","","","","","","","","",""
"35049001","CANCALE",48.711667,-1.843333,40,1981021400,"","","","",6.,1,100,1,"","","","","","","","","","","","","","","","","","","","","","","","","","","","",2.,1,-4.9,1,"","","","","","","","","","","","","","","","","","","","","","","","","","",59,1,"","","","","","","","","","","","",4.2,1,1023.2,1,"","","","","","",0,1,"","",0,1,0,1,0,1,"","","","","","","","","","","","","","","","","","","","","","","","",15000,1,"","",0,1,"","","","","","","","","","","","",3,1,"","","","","","","","","","","","","","","","","","","","","","","","","","","","","","","","","","","","","","","","","","","","","","","","","","","","","",""
"35049001","CANCALE",48.711667,-1.843333,40,1981021403,"","","","",4.,1,80,1,"","","","","","","","","","","","","","","","","","","","","","","","","","","","",1.2,1,-4.,1,"","","","","","","","","","","","","","","","","","","","","","","","","","",68,1,"","","","","","","","","","","","",4.5,1,1023.2,1,"","","","","","",0,1,"","",0,1,0,1,0,1,"","","","","","","","","","","","","","","","","","","","","","","","",15000,1,"","",0,1,"","","","","","","","","","","","",2,1,"","","","","","","","","","","","","","","","","","","","","","","","","","","","","","","","","","","","","","","","","","","","","","","","","","","","","",""
"35049001","CANCALE",48.711667,-1.843333,40,1981021406,"","","","",5.,1,100,1,"","","","","","","","","","","","","","","","","","","","","","","","","","","","",0.5,1,-0.6,1,"","","","","","","","","","","","","","","","","","","","","","","","","","",88,1,"","","","","","","","","","","","",5.8,1,1023.2,1,"","","","","","",0,1,"","",0,1,0,1,0,1,"","","","","","","","","","","","","","","","","","","","","","","","",15000,1,"","",0,1,"","","","",0,1,"","","","","","",2,1,"","","","","","","","","","","","","","","","","","","","","","","","","","","","","","","","","","","","","","","","","","","","","","","","","","","","","",""
"35049001","CANCALE",48.711667,-1.843333,40,1981021409,"","","","",6.,1,120,1,"","","","","","","","","","","","","","","","","","","","","","","","","","","","",0.8,1,-2.1,1,"","","","","","","","","","","","","","","","","","","","","","","","","","",80,1,"","","","","","","","","","","","",5.2,1,1023.7,1,"","","","","","",0,1,"","",0,1,0,1,0,1,"","","","","","","","","","","","","","","","","","","","","","","","",8000,1,"","",2,1,0,1,"","","","","","","","","","",2,1,"","","","","","","","","","","","","","","","","","","","","","","","","","","","","","","","","","","","","","","","","","","","","","","","","","","","","",""
"35049001","CANCALE",48.711667,-1.843333,40,1981021412,"","","","",2.,1,120,1,"","","","","","","","","","","","","","","","","","","","","","","","","","","","",3.5,1,-3.7,1,"","","","","","","","","","","","","","","","","","","","","","","","","","",58,1,"","","","","","","","","","","","",4.6,1,1024.6,1,"","","","","","",0,1,"","",0,1,0,1,0,1,"","","","","","","","","","","","","","","","","","","","","","","","",8000,1,"","",2,1,0,1,"","","","","","","","","","",2,1,"","","","","","","","","","","","","","","","","","","","","","","","","","","","","","","","","","","","","","","","","","","","","","","","","","","","","",""
"35049001","CANCALE",48.711667,-1.843333,40,1981021415,"","","","",2.,1,100,1,"","","","","","","","","","","","","","","","","","","","","","","","","","","","",4.5,1,-4.3,1,"","","","","","","","","","","","","","","","","","","","","","","","","","",53,1,"","","","","","","","","","","","",4.4,1,1022.9,1,"","","","","","",0,1,"","",0,1,0,1,0,1,"","","","","","","","","","","","","","","","","","","","","","","","",7000,1,"","",2,1,0,1,"","","","","","","","","","",2,1,"","","","","","","","","","","","","","","","","","","","","","","","","","","","","","","","","","","","","","","","","","","","","","","","","","","","","",""
"35049001","CANCALE",48.711667,-1.843333,40,1981021418,"","","","",3.,1,60,1,"","","","","","","","","","","","","","","","","","","","","","","","","","","","",3.5,1,-2.1,1,"","","","","","","","","","","","","","","","","","","","","","","","","","",67,1,"","","","","","","","","","","","",5.2,1,1022.5,1,"","","","","","",0,1,"","",0,1,0,1,0,1,"","","","","","","","","","","","","","","","","","","","","","","","",7000,1,"","",2,1,0,1,"","","","","","","","","","",2,1,"","","","","","","","","","","","","","","","","","","","","","","","","","","","","","","","","","","","","","","","","","","","","","","","","","","","","",""
"35049001","CANCALE",48.711667,-1.843333,40,1981021421,"","","","",3.,1,60,1,"","","","","","","","","","","","","","","","","","","","","","","","","","","","",4.,1,0.,1,"","","","","","","","","","","","","","","","","","","","","","","","","","",75,1,"","","","","","","","","","","","",6.1,1,1023.2,1,"","","","","","",0,1,"","",0,1,0,1,0,1,"","","","","","","","","","","","","","","","","","","","","","","","",3100,1,"","",10,1,"","","","","","","","","","","","",2,1,"","","","","","","","","","","","","","","","","","","","","","","","","","","","","","","","","","","","","","","","","","","","","","","","","","","","","",""
"35049001","CANCALE",48.711667,-1.843333,40,1981021500,"","","","",4.,1,120,1,"","","","","","","","","","","","","","","","","","","","","","","","","","","","",2.5,1,-0.2,1,"","","","","","","","","","","","","","","","","","","","","","","","","","",82,1,"","","","","","","","","","","","",6.,1,1023.3,1,"","","","","","",0,1,"","",0,1,0,1,0,1,"","","","","","","","","","","","","","","","","","","","","","","","",4000,1,"","",10,1,"","","","","","","","","","","","",3,1,"","","","","","","","","","","","","","","","","","","","","","","","","","","","","","","","","","","","","","","","","","","","","","","","","","","","","",""
"35049001","CANCALE",48.711667,-1.843333,40,1981021503,"","","","",7.,1,120,1,"","","","","","","","","","","","","","","","","","","","","","","","","","","","",2.,1,-2.1,1,"","","","","","","","","","","","","","","","","","","","","","","","","","",73,1,"","","","","","","","","","","","",5.2,1,1022.2,1,"","","","","","",0,1,"","",0,1,0,1,0,1,"","","","","","","","","","","","","","","","","","","","","","","","",18000,1,"","",0,1,"","","","","","","","","","","","",3,1,"","","","","","","","","","","","","","","","","","","","","","","","","","","","","","","","","","","","","","","","","","","","","","","","","","","","","",""
"35049001","CANCALE",48.711667,-1.843333,40,1981021506,"","","","",3.,1,120,1,"","","","","","","","","","","","","","","","","","","","","","","","","","","","",0.5,1,-4.,1,"","","","","","","","","","","","","","","","","","","","","","","","","","",71,1,"","","","","","","","","","","","",4.5,1,1022.8,1,"","","","","","",0,1,"","",0,1,0,1,0,1,"","","","","","","","","","","","","","","","","","","","","","","","",18000,1,"","",0,1,"","","","",0,1,"","","","","","",2,1,"","","","","","","","","","","","","","","","","","","","","","","","","","","","","","","","","","","","","","","","","","","","","","","","","","","","","",""
"35049001","CANCALE",48.711667,-1.843333,40,1981021509,"","","","",2.,1,100,1,"","","","","","","","","","","","","","","","","","","","","","","","","","","","",2.,1,-4.,1,"","","","","","","","","","","","","","","","","","","","","","","","","","",64,1,"","","","","","","","","","","","",4.5,1,1022.9,1,"","","","","","",2,1,0,1,0,1,0,1,2,1,"","","","","","","","","","","","","","","","","","","","","","","","",7000,1,"","",3,1,0,1,"","","","","","","","","","",2,1,"","","","","","","","","","","","","","","","","","","","","","","","","","","","","","","","","","","","","","","","","","","","","","","","","","","","","",""
"35049001","CANCALE",48.711667,-1.843333,40,1981021512,"","","","",3.,1,80,1,"","","","","","","","","","","","","","","","","","","","","","","","","","","","",4.,1,-3.2,1,"","","","","","","","","","","","","","","","","","","","","","","","","","",59,1,"","","","","","","","","","","","",4.8,1,1023.,1,"","","","","","",4,1,0,1,0,1,0,1,2,1,"","","","","","","","","","","","","","","","","","","","","","","","",7000,1,"","",3,1,0,1,"","","","","","","","","","",2,1,"","","","","","","","","","","","","","","","","","","","","","","","","","","","","","","","","","","","","","","","","","","","","","","","","","","","","",""
"35049001","CANCALE",48.711667,-1.843333,40,1981021515,"","","","",4.,1,20,1,"","","","","","","","","","","","","","","","","","","","","","","","","","","","",4.5,1,0.6,1,"","","","","","","","","","","","","","","","","","","","","","","","","","",76,1,"","","","","","","","","","","","",6.4,1,1021.7,1,"","","","","","",5,1,5,1,0,1,0,1,2,1,"","","","","","","","","","","","","","","","","","","","","","","","",7000,1,"","",3,1,1,1,"","","","","","","","","","",2,1,"","","","","","","","","","","","","","","","","","","","","","","","","","","","","","","","","","","","","","","","","","","","","","","","","","","","","",""
"35049001","CANCALE",48.711667,-1.843333,40,1981021518,"","","","",6.,1,60,1,"","","","","","","","","","","","","","","","","","","","","","","","","","","","",5.5,1,-1.2,1,"","","","","","","","","","","","","","","","","","","","","","","","","","",62,1,"","","","","","","","","","","","",5.6,1,1021.3,1,"","","","","","",3,1,0,1,0,1,0,1,8,1,"","","","","","","","","","","","","","","","","","","","","","","","",7000,1,"","",1,1,0,1,"","","","","","","","","","",3,1,"","","","","","","","","","","","","","","","","","","","","","","","","","","","","","","","","","","","","","","","","","","","","","","","","","","","","",""
"35049001","CANCALE",48.711667,-1.843333,40,1981021521,"","","","",6.,1,80,1,"","","","","","","","","","","","","","","","","","","","","","","","","","","","",3.5,1,2.2,1,"","","","","","","","","","","","","","","","","","","","","","","","","","",92,1,"","","","","","","","","","","","",7.2,1,1021.6,1,"","","","","","",6,1,6,1,0,1,0,1,8,1,"","","","","","","","","","","","","","","","","","","","","","","","",18000,1,"","",0,1,"","","","","","","","","","","","",3,1,"","","","","","","","","","","","","","","","","","","","","","","","","","","","","","","","","","","","","","","","","","","","","","","","","","","","","",""
"35049001","CANCALE",48.711667,-1.843333,40,1981021600,"","","","",5.,1,80,1,"","","","","","","","","","","","","","","","","","","","","","","","","","","","",3.,1,1.6,1,"","","","","","","","","","","","","","","","","","","","","","","","","","",92,1,"","","","","","","","","","","","",6.9,1,1022.1,1,"","","","","","",5,1,5,1,0,1,0,1,8,1,"","","","","","","","","","","","","","","","","","","","","","","","",3500,1,"","",10,1,"","","","","","","","","","","","",3,1,"","","","","","","","","","","","","","","","","","","","","","","","","","","","","","","","","","","","","","","","","","","","","","","","","","","","","",""
"35049001","CANCALE",48.711667,-1.843333,40,1981021603,"","","","",4.,1,40,1,"","","","","","","","","","","","","","","","","","","","","","","","","","","","",2.,1,-2.1,1,"","","","","","","","","","","","","","","","","","","","","","","","","","",71,1,"","","","","","","","","","","","",5.2,1,1022.6,1,"","","","","","",7,1,7,1,0,1,0,1,8,1,"","","","","","","","","","","","","","","","","","","","","","","","",5000,1,"","",0,1,"","","","","","","","","","","","",2,1,"","","","","","","","","","","","","","","","","","","","","","","","","","","","","","","","","","","","","","","","","","","","","","","","","","","","","",""
"35049001","CANCALE",48.711667,-1.843333,40,1981021606,"","","","",6.,1,60,1,"","","","","","","","","","","","","","","","","","","","","","","","","","","","",2.5,1,-2.9,1,"","","","","","","","","","","","","","","","","","","","","","","","","","",66,1,"","","","","","","","","","","","",4.9,1,1022.8,1,"","","","","","",2,1,0,1,0,1,0,1,2,1,"","","","","","","","","","","","","","","","","","","","","","","","",10000,1,"","",0,1,"","","","",0,1,"","","","","","",2,1,"","","","","","","","","","","","","","","","","","","","","","","","","","","","","","","","","","","","","","","","","","","","","","","","","","","","","",""
"35049001","CANCALE",48.711667,-1.843333,40,1981021609,"","","","",6.,1,60,1,"","","","","","","","","","","","","","","","","","","","","","","","","","","","",2.,1,-5.8,1,"","","","","","","","","","","","","","","","","","","","","","","","","","",55,1,"","","","","","","","","","","","",3.9,1,1024.5,1,"","","","","","",4,1,0,1,0,1,0,1,2,1,"","","","","","","","","","","","","","","","","","","","","","","","",6000,1,"","",2,1,0,1,"","","","","","","","","","",2,1,"","","","","","","","","","","","","","","","","","","","","","","","","","","","","","","","","","","","","","","","","","","","","","","","","","","","","",""
"35049001","CANCALE",48.711667,-1.843333,40,1981021612,"","","","",8.,1,60,1,"","","","","","","","","","","","","","","","","","","","","","","","","","","","",2.9,1,-1.1,1,"","","","","","","","","","","","","","","","","","","","","","","","","","",75,1,"","","","","","","","","","","","",5.6,1,1024.5,1,"","","","","","",6,1,6,1,5,1,0,1,0,1,"","","","","","","","","","","","","","","","","","","","","","","","",4000,1,"","",10,1,1,1,"","","","","","","","","","",2,1,"","","","","","","","","","","","","","","","","","","","","","","","","","","","","","","","","","","","","","","","","","","","","","","","","","","","","",""
"35049001","CANCALE",48.711667,-1.843333,40,1981021615,"","","","",7.,1,80,1,"","","","","","","","","","","","","","","","","","","","","","","","","","","","",2.5,1,-2.6,1,"","","","","","","","","","","","","","","","","","","","","","","","","","",68,1,"","","","","","","","","","","","",5.,1,1023.7,1,"","","","","","",0,1,"","",0,1,0,1,0,1,"","","","","","","","","","","","","","","","","","","","","","","","",5000,1,"","",2,1,1,1,"","","","","","","","","","",3,1,"","","","","","","","","","","","","","","","","","","","","","","","","","","","","","","","","","","","","","","","","","","","","","","","","","","","","",""
"35049001","CANCALE",48.711667,-1.843333,40,1981021618,"","","","",7.,1,60,1,"","","","","","","","","","","","","","","","","","","","","","","","","","","","",3.,1,-0.4,1,"","","","","","","","","","","","","","","","","","","","","","","","","","",78,1,"","","","","","","","","","","","",5.9,1,1024.2,1,"","","","","","",1,1,0,1,6,1,0,1,0,1,"","","","","","","","","","","","","","","","","","","","","","","","",5000,1,"","",2,1,1,1,"","","","","","","","","","",3,1,"","","","","","","","","","","","","","","","","","","","","","","","","","","","","","","","","","","","","","","","","","","","","","","","","","","","","",""
"35049001","CANCALE",48.711667,-1.843333,40,1981021621,"","","","",8.,1,60,1,"","","","","","","","","","","","","","","","","","","","","","","","","","","","",2.6,1,-0.6,1,"","","","","","","","","","","","","","","","","","","","","","","","","","",79,1,"","","","","","","","","","","","",5.8,1,1024.6,1,"","","","","","",0,1,"","",0,1,0,1,0,1,"","","","","","","","","","","","","","","","","","","","","","","","",3000,1,"","",10,1,"","","","","","","","","","","","",4,1,"","","","","","","","","","","","","","","","","","","","","","","","","","","","","","","","","","","","","","","","","","","","","","","","","","","","","",""
"35049001","CANCALE",48.711667,-1.843333,40,1981021700,"","","","",7.,1,80,1,"","","","","","","","","","","","","","","","","","","","","","","","","","","","",1.8,1,-3.1,1,"","","","","","","","","","","","","","","","","","","","","","","","","","",69,1,"","","","","","","","","","","","",4.8,1,1024.8,1,"","","","","","",0,1,"","",0,1,0,1,0,1,"","","","","","","","","","","","","","","","","","","","","","","","",3000,1,"","",10,1,"","","","","","","","","","","","",3,1,"","","","","","","","","","","","","","","","","","","","","","","","","","","","","","","","","","","","","","","","","","","","","","","","","","","","","",""
"35049001","CANCALE",48.711667,-1.843333,40,1981021703,"","","","",6.,1,60,1,"","","","","","","","","","","","","","","","","","","","","","","","","","","","",0.9,1,-2.3,1,"","","","","","","","","","","","","","","","","","","","","","","","","","",77,1,"","","","","","","","","","","","",5.1,1,1024.8,1,"","","","","","",0,1,"","",0,1,0,1,0,1,"","","","","","","","","","","","","","","","","","","","","","","","",3000,1,"","",10,1,"","","","","","","","","","","","",3,1,"","","","","","","","","","","","","","","","","","","","","","","","","","","","","","","","","","","","","","","","","","","","","","","","","","","","","",""
"35049001","CANCALE",48.711667,-1.843333,40,1981021706,"","","","",7.,1,80,1,"","","","","","","","","","","","","","","","","","","","","","","","","","","","",0.5,1,-2.3,1,"","","","","","","","","","","","","","","","","","","","","","","","","","",80,1,"","","","","","","","","","","","",5.1,1,1024.8,1,"","","","","","",0,1,"","",0,1,0,1,0,1,"","","","","","","","","","","","","","","","","","","","","","","","",3000,1,"","",10,1,"","","","",0,1,"","","","","","",3,1,"","","","","","","","","","","","","","","","","","","","","","","","","","","","","","","","","","","","","","","","","","","","","","","","","","","","","",""
"35049001","CANCALE",48.711667,-1.843333,40,1981021709,"","","","",6.,1,80,1,"","","","","","","","","","","","","","","","","","","","","","","","","","","","",1.,1,-3.4,1,"","","","","","","","","","","","","","","","","","","","","","","","","","",72,1,"","","","","","","","","","","","",4.7,1,1025.8,1,"","","","","","",0,1,"","",0,1,0,1,0,1,"","","","","","","","","","","","","","","","","","","","","","","","",2500,1,"","",10,1,0,1,"","","","","","","","","","",3,1,"","","","","","","","","","","","","","","","","","","","","","","","","","","","","","","","","","","","","","","","","","","","","","","","","","","","","",""
"35049001","CANCALE",48.711667,-1.843333,40,1981021712,"","","","",7.,1,80,1,"","","","","","","","","","","","","","","","","","","","","","","","","","","","",3.7,1,-3.1,1,"","","","","","","","","","","","","","","","","","","","","","","","","","",61,1,"","","","","","","","","","","","",4.8,1,1025.8,1,"","","","","","",0,1,"","",0,1,0,1,0,1,"","","","","","","","","","","","","","","","","","","","","","","","",6000,1,"","",2,1,0,1,"","","","","","","","","","",3,1,"","","","","","","","","","","","","","","","","","","","","","","","","","","","","","","","","","","","","","","","","","","","","","","","","","","","","",""
"35049001","CANCALE",48.711667,-1.843333,40,1981021715,"","","","",6.,1,80,1,"","","","","","","","","","","","","","","","","","","","","","","","","","","","",5.6,1,-3.1,1,"","","","","","","","","","","","","","","","","","","","","","","","","","",54,1,"","","","","","","","","","","","",4.8,1,1024.3,1,"","","","","","",0,1,"","",0,1,0,1,0,1,"","","","","","","","","","","","","","","","","","","","","","","","",8000,1,"","",2,1,0,1,"","","","","","","","","","",3,1,"","","","","","","","","","","","","","","","","","","","","","","","","","","","","","","","","","","","","","","","","","","","","","","","","","","","","",""
"35049001","CANCALE",48.711667,-1.843333,40,1981021718,"","","","",11.,1,80,1,"","","","","","","","","","","","","","","","","","","","","","","","","","","","",5.4,1,-2.6,1,"","","","","","","","","","","","","","","","","","","","","","","","","","",56,1,"","","","","","","","","","","","",5.,1,1024.5,1,"","","","","","",0,1,"","",0,1,0,1,0,1,"","","","","","","","","","","","","","","","","","","","","","","","",8000,1,"","",2,1,0,1,"","","","","","","","","","",4,1,"","","","","","","","","","","","","","","","","","","","","","","","","","","","","","","","","","","","","","","","","","","","","","","","","","","","","",""
"35049001","CANCALE",48.711667,-1.843333,40,1981021721,"","","","",8.,1,80,1,"","","","","","","","","","","","","","","","","","","","","","","","","","","","",3.8,1,-1.1,1,"","","","","","","","","","","","","","","","","","","","","","","","","","",70,1,"","","","","","","","","","","","",5.6,1,1025.,1,"","","","","","",0,1,"","",0,1,0,1,0,1,"","","","","","","","","","","","","","","","","","","","","","","","",4000,1,"","",10,1,"","","","","","","","","","","","",4,1,"","","","","","","","","","","","","","","","","","","","","","","","","","","","","","","","","","","","","","","","","","","","","","","","","","","","","",""
"35049001","CANCALE",48.711667,-1.843333,40,1981021800,"","","","",7.,1,80,1,"","","","","","","","","","","","","","","","","","","","","","","","","","","","",2.1,1,-1.6,1,"","","","","","","","","","","","","","","","","","","","","","","","","","",76,1,"","","","","","","","","","","","",5.4,1,1024.9,1,"","","","","","",0,1,"","",0,1,0,1,0,1,"","","","","","","","","","","","","","","","","","","","","","","","",4000,1,"","",10,1,"","","","","","","","","","","","",3,1,"","","","","","","","","","","","","","","","","","","","","","","","","","","","","","","","","","","","","","","","","","","","","","","","","","","","","",""
"35049001","CANCALE",48.711667,-1.843333,40,1981021803,"","","","",4.,1,100,1,"","","","","","","","","","","","","","","","","","","","","","","","","","","","",1.1,1,-1.3,1,"","","","","","","","","","","","","","","","","","","","","","","","","","",83,1,"","","","","","","","","","","","",5.5,1,1024.1,1,"","","","","","",7,1,7,1,6,1,"","","","","","","","","","","","","","","","","","","","","","","","","","","","",3000,1,"","",10,1,"","","","","","","","","","","","",3,1,"","","","","","","","","","","","","","","","","","","","","","","","","","","","","","","","","","","","","","","","","","","","","","","","","","","","","",""
"35049001","CANCALE",48.711667,-1.843333,40,1981021806,"","","","",3.,1,80,1,"","","","","","","","","","","","","","","","","","","","","","","","","","","","",1.5,1,-1.3,1,"","","","","","","","","","","","","","","","","","","","","","","","","","",82,1,"","","","","","","","","","","","",5.5,1,1024.1,1,"","","","","","",7,1,7,1,6,1,"","","","","","","","","","","","","","","","","","","","","","","","","","","","",3000,1,"","",10,1,"","","","",0,1,"","","","","","",3,1,"","","","","","","","","","","","","","","","","","","","","","","","","","","","","","","","","","","","","","","","","","","","","","","","","","","","","",""
"35049001","CANCALE",48.711667,-1.843333,40,1981021809,"","","","",4.,1,80,1,"","","","","","","","","","","","","","","","","","","","","","","","","","","","",2.,1,-1.3,1,"","","","","","","","","","","","","","","","","","","","","","","","","","",78,1,"","","","","","","","","","","","",5.5,1,1024.,1,"","","","","","",0,1,"","",0,1,0,1,0,1,"","","","","","","","","","","","","","","","","","","","","","","","",5000,1,"","",1,1,1,1,"","","","","","","","","","",2,1,"","","","","","","","","","","","","","","","","","","","","","","","","","","","","","","","","","","","","","","","","","","","","","","","","","","","","",""
"35049001","CANCALE",48.711667,-1.843333,40,1981021812,"","","","",3.,1,80,1,"","","","","","","","","","","","","","","","","","","","","","","","","","","","",3.,1,-2.1,1,"","","","","","","","","","","","","","","","","","","","","","","","","","",69,1,"","","","","","","","","","","","",5.2,1,1023.4,1,"","","","","","",0,1,"","",0,1,0,1,0,1,"","","","","","","","","","","","","","","","","","","","","","","","",6000,1,"","",2,1,1,1,"","","","","","","","","","",2,1,"","","","","","","","","","","","","","","","","","","","","","","","","","","","","","","","","","","","","","","","","","","","","","","","","","","","","",""
"35049001","CANCALE",48.711667,-1.843333,40,1981021815,"","","","",0.,1,0,1,"","","","","","","","","","","","","","","","","","","","","","","","","","","","",4.,1,-0.9,1,"","","","","","","","","","","","","","","","","","","","","","","","","","",70,1,"","","","","","","","","","","","",5.7,1,1021.7,1,"","","","","","",0,1,"","",0,1,0,1,0,1,"","","","","","","","","","","","","","","","","","","","","","","","",7000,1,"","",1,1,1,1,"","","","","","","","","","",2,1,"","","","","","","","","","","","","","","","","","","","","","","","","","","","","","","","","","","","","","","","","","","","","","","","","","","","","",""
"35049001","CANCALE",48.711667,-1.843333,40,1981021818,"","","","",5.,1,60,1,"","","","","","","","","","","","","","","","","","","","","","","","","","","","",4.,1,-1.3,1,"","","","","","","","","","","","","","","","","","","","","","","","","","",67,1,"","","","","","","","","","","","",5.5,1,1021.2,1,"","","","","","",6,1,6,1,5,1,0,1,0,1,"","","","","","","","","","","","","","","","","","","","","","","","",7000,1,"","",3,1,1,1,"","","","","","","","","","",2,1,"","","","","","","","","","","","","","","","","","","","","","","","","","","","","","","","","","","","","","","","","","","","","","","","","","","","","",""
"35049001","CANCALE",48.711667,-1.843333,40,1981021821,"","","","",7.,1,60,1,"","","","","","","","","","","","","","","","","","","","","","","","","","","","",3.,1,-1.1,1,"","","","","","","","","","","","","","","","","","","","","","","","","","",74,1,"","","","","","","","","","","","",5.6,1,1020.8,1,"","","","","","",8,1,8,1,8,1,"","","","","","","","","","","","","","","","","","","","","","","","","","","","",20000,1,"","",0,1,"","","","","","","","","","","","",3,1,"","","","","","","","","","","","","","","","","","","","","","","","","","","","","","","","","","","","","","","","","","","","","","","","","","","","","",""
"35049001","CANCALE",48.711667,-1.843333,40,1981021900,"","","","",7.,1,60,1,"","","","","","","","","","","","","","","","","","","","","","","","","","","","",2.,1,-1.3,1,"","","","","","","","","","","","","","","","","","","","","","","","","","",78,1,"","","","","","","","","","","","",5.5,1,1020.8,1,"","","","","","",4,1,0,1,5,1,0,1,0,1,"","","","","","","","","","","","","","","","","","","","","","","","",35000,1,"","",0,1,"","","","","","","","","","","","",3,1,"","","","","","","","","","","","","","","","","","","","","","","","","","","","","","","","","","","","","","","","","","","","","","","","","","","","","",""
"35049001","CANCALE",48.711667,-1.843333,40,1981021903,"","","","",4.,1,80,1,"","","","","","","","","","","","","","","","","","","","","","","","","","","","",1.8,1,-2.3,1,"","","","","","","","","","","","","","","","","","","","","","","","","","",73,1,"","","","","","","","","","","","",5.1,1,1020.6,1,"","","","","","",8,1,8,1,5,1,"","","","","","","","","","","","","","","","","","","","","","","","","","","","",5000,1,"","",0,1,"","","","","","","","","","","","",3,1,"","","","","","","","","","","","","","","","","","","","","","","","","","","","","","","","","","","","","","","","","","","","","","","","","","","","","",""
"35049001","CANCALE",48.711667,-1.843333,40,1981021906,"","","","",7.,1,80,1,"","","","","","","","","","","","","","","","","","","","","","","","","","","","",1.4,1,-2.6,1,"","","","","","","","","","","","","","","","","","","","","","","","","","",74,1,"","","","","","","","","","","","",5.,1,1020.2,1,"","","","","","",5,1,5,1,5,1,0,1,0,1,"","","","","","","","","","","","","","","","","","","","","","","","",5000,1,"","",0,1,"","","","",0,1,"","","","","","",3,1,"","","","","","","","","","","","","","","","","","","","","","","","","","","","","","","","","","","","","","","","","","","","","","","","","","","","","",""
"35049001","CANCALE",48.711667,-1.843333,40,1981021909,"","","","",4.,1,80,1,"","","","","","","","","","","","","","","","","","","","","","","","","","","","",1.5,1,-2.1,1,"","","","","","","","","","","","","","","","","","","","","","","","","","",76,1,"","","","","","","","","","","","",5.2,1,1020.6,1,"","","","","","",7,1,7,1,5,1,"","","","","","","","","","","","","","","","","","","","","","","","","","","","",7000,1,"","",3,1,2,1,"","","","","","","","","","",3,1,"","","","","","","","","","","","","","","","","","","","","","","","","","","","","","","","","","","","","","","","","","","","","","","","","","","","","",""
"35049001","CANCALE",48.711667,-1.843333,40,1981021912,"","","","",1.,1,340,1,"","","","","","","","","","","","","","","","","","","","","","","","","","","","",1.5,1,0.1,1,"","","","","","","","","","","","","","","","","","","","","","","","","","",90,1,"","","","","","","","","","","","",6.2,1,1021.,1,"","","","","","",8,1,8,1,5,1,"","","","","","","","","","","","","","","","","","","","","","","","","","","","",3000,1,"","",10,1,7,1,"","","","","","","","","","",1,1,"","","","","","","","","","","","","","","","","","","","","","","","","","","","","","","","","","","","","","","","","","","","","","","","","","","","","",""
"35049001","CANCALE",48.711667,-1.843333,40,1981021915,"","","","",9.,1,60,1,"","","","","","","","","","","","","","","","","","","","","","","","","","","","",2.5,1,-1.6,1,"","","","","","","","","","","","","","","","","","","","","","","","","","",74,1,"","","","","","","","","","","","",5.4,1,1020.1,1,"","","","","","",6,1,6,1,5,1,0,1,0,1,"","","","","","","","","","","","","","","","","","","","","","","","",7000,1,"","",2,1,5,1,"","","","","","","","","","",4,1,"","","","","","","","","","","","","","","","","","","","","","","","","","","","","","","","","","","","","","","","","","","","","","","","","","","","","",""
"35049001","CANCALE",48.711667,-1.843333,40,1981021918,"","","","",8.,1,60,1,"","","","","","","","","","","","","","","","","","","","","","","","","","","","",2.5,1,-1.6,1,"","","","","","","","","","","","","","","","","","","","","","","","","","",74,1,"","","","","","","","","","","","",5.4,1,1020.9,1,"","","","","","",8,1,8,1,5,1,"","","","","","","","","","","","","","","","","","","","","","","","","","","","",7000,1,"","",2,1,5,1,"","","","","","","","","","",4,1,"","","","","","","","","","","","","","","","","","","","","","","","","","","","","","","","","","","","","","","","","","","","","","","","","","","","","",""
"35049001","CANCALE",48.711667,-1.843333,40,1981021921,"","","","",6.,1,80,1,"","","","","","","","","","","","","","","","","","","","","","","","","","","","",3.,1,-1.1,1,"","","","","","","","","","","","","","","","","","","","","","","","","","",74,1,"","","","","","","","","","","","",5.6,1,1021.2,1,"","","","","","",8,1,8,1,5,1,"","","","","","","","","","","","","","","","","","","","","","","","","","","","",18000,1,"","",0,1,"","","","","","","","","","","","",3,1,"","","","","","","","","","","","","","","","","","","","","","","","","","","","","","","","","","","","","","","","","","","","","","","","","","","","","",""
"35049001","CANCALE",48.711667,-1.843333,40,1981022000,"","","","",7.,1,80,1,"","","","","","","","","","","","","","","","","","","","","","","","","","","","",2.5,1,-3.1,1,"","","","","","","","","","","","","","","","","","","","","","","","","","",65,1,"","","","","","","","","","","","",4.8,1,1021.7,1,"","","","","","",8,1,8,1,5,1,"","","","","","","","","","","","","","","","","","","","","","","","","","","","",18000,1,"","",0,1,"","","","","","","","","","","","",3,1,"","","","","","","","","","","","","","","","","","","","","","","","","","","","","","","","","","","","","","","","","","","","","","","","","","","","","",""
"35049001","CANCALE",48.711667,-1.843333,40,1981022003,"","","","",4.,1,60,1,"","","","","","","","","","","","","","","","","","","","","","","","","","","","",2.2,1,-2.6,1,"","","","","","","","","","","","","","","","","","","","","","","","","","",70,1,"","","","","","","","","","","","",5.,1,1021.7,1,"","","","","","",8,1,8,1,5,1,"","","","","","","","","","","","","","","","","","","","","","","","","","","","",18000,1,"","",0,1,"","","","","","","","","","","","",3,1,"","","","","","","","","","","","","","","","","","","","","","","","","","","","","","","","","","","","","","","","","","","","","","","","","","","","","",""
"35049001","CANCALE",48.711667,-1.843333,40,1981022006,"","","","",3.,1,40,1,"","","","","","","","","","","","","","","","","","","","","","","","","","","","",2.1,1,-1.1,1,"","","","","","","","","","","","","","","","","","","","","","","","","","",78,1,"","","","","","","","","","","","",5.6,1,1021.7,1,"","","","","","",8,1,8,1,5,1,"","","","","","","","","","","","","","","","","","","","","","","","","","","","",10000,1,"","",0,1,"","","","",0,1,"","","","","","",2,1,"","","","","","","","","","","","","","","","","","","","","","","","","","","","","","","","","","","","","","","","","","","","","","","","","","","","","",""
"35049001","CANCALE",48.711667,-1.843333,40,1981022009,"","","","",1.,1,80,1,"","","","","","","","","","","","","","","","","","","","","","","","","","","","",1.7,1,-0.6,1,"","","","","","","","","","","","","","","","","","","","","","","","","","",85,1,"","","","","","","","","","","","",5.8,1,1022.2,1,"","","","","","",7,1,7,1,5,1,"","","","","","","","","","","","","","","","","","","","","","","","","","","","",6000,1,"","",22,1,7,1,"","","","","","","","","","",2,1,"","","","","","","","","","","","","","","","","","","","","","","","","","","","","","","","","","","","","","","","","","","","","","","","","","","","","",""
"35049001","CANCALE",48.711667,-1.843333,40,1981022012,"","","","",1.,1,80,1,"","","","","","","","","","","","","","","","","","","","","","","","","","","","",3.6,1,-0.6,1,"","","","","","","","","","","","","","","","","","","","","","","","","","",73,1,"","","","","","","","","","","","",5.8,1,1022.5,1,"","","","","","",5,1,5,1,2,1,0,1,0,1,"","","","","","","","","","","","","","","","","","","","","","","","",16000,1,"","",1,1,7,1,"","","","","","","","","","",2,1,"","","","","","","","","","","","","","","","","","","","","","","","","","","","","","","","","","","","","","","","","","","","","","","","","","","","","",""
"35049001","CANCALE",48.711667,-1.843333,40,1981022015,"","","","",3.,1,340,1,"","","","","","","","","","","","","","","","","","","","","","","","","","","","",4.4,1,-2.3,1,"","","","","","","","","","","","","","","","","","","","","","","","","","",60,1,"","","","","","","","","","","","",5.1,1,1021.6,1,"","","","","","",6,1,6,1,2,1,0,1,0,1,"","","","","","","","","","","","","","","","","","","","","","","","",25000,1,"","",2,1,2,1,"","","","","","","","","","",2,1,"","","","","","","","","","","","","","","","","","","","","","","","","","","","","","","","","","","","","","","","","","","","","","","","","","","","","",""
"35049001","CANCALE",48.711667,-1.843333,40,1981022018,"","","","",4.,1,20,1,"","","","","","","","","","","","","","","","","","","","","","","","","","","","",3.,1,-1.1,1,"","","","","","","","","","","","","","","","","","","","","","","","","","",74,1,"","","","","","","","","","","","",5.6,1,1021.6,1,"","","","","","",7,1,7,1,8,1,"","","","","","","","","","","","","","","","","","","","","","","","","","","","",18000,1,"","",2,1,2,1,"","","","","","","","","","",2,1,"","","","","","","","","","","","","","","","","","","","","","","","","","","","","","","","","","","","","","","","","","","","","","","","","","","","","",""
"35049001","CANCALE",48.711667,-1.843333,40,1981022021,"","","","",1.,1,20,1,"","","","","","","","","","","","","","","","","","","","","","","","","","","","",3.,1,-2.1,1,"","","","","","","","","","","","","","","","","","","","","","","","","","",69,1,"","","","","","","","","","","","",5.2,1,1022.5,1,"","","","","","",8,1,8,1,8,1,"","","","","","","","","","","","","","","","","","","","","","","","","","","","",50000,1,"","",0,1,"","","","","","","","","","","","",2,1,"","","","","","","","","","","","","","","","","","","","","","","","","","","","","","","","","","","","","","","","","","","","","","","","","","","","","",""
"35049001","CANCALE",48.711667,-1.843333,40,1981022100,"","","","",0.,1,0,1,"","","","","","","","","","","","","","","","","","","","","","","","","","","","",3.4,1,-3.1,1,"","","","","","","","","","","","","","","","","","","","","","","","","","",62,1,"","","","","","","","","","","","",4.8,1,1022.5,1,"","","","","","",8,1,8,1,5,1,"","","","","","","","","","","","","","","","","","","","","","","","","","","","",35000,1,"","",0,1,"","","","","","","","","","","","",2,1,"","","","","","","","","","","","","","","","","","","","","","","","","","","","","","","","","","","","","","","","","","","","","","","","","","","","","",""
"35049001","CANCALE",48.711667,-1.843333,40,1981022103,"","","","",5.,1,260,1,"","","","","","","","","","","","","","","","","","","","","","","","","","","","",2.4,1,-1.1,1,"","","","","","","","","","","","","","","","","","","","","","","","","","",77,1,"","","","","","","","","","","","",5.6,1,1022.,1,"","","","","","",8,1,8,1,5,1,"","","","","","","","","","","","","","","","","","","","","","","","","","","","",28000,1,"","",0,1,"","","","","","","","","","","","",2,1,"","","","","","","","","","","","","","","","","","","","","","","","","","","","","","","","","","","","","","","","","","","","","","","","","","","","","",""
"35049001","CANCALE",48.711667,-1.843333,40,1981022106,"","","","",4.,1,220,1,"","","","","","","","","","","","","","","","","","","","","","","","","","","","",2.4,1,-1.1,1,"","","","","","","","","","","","","","","","","","","","","","","","","","",77,1,"","","","","","","","","","","","",5.6,1,1021.3,1,"","","","","","",8,1,8,1,5,1,"","","","","","","","","","","","","","","","","","","","","","","","","","","","",25000,1,"","",0,1,"","","","",0,1,"","","","","","",2,1,"","","","","","","","","","","","","","","","","","","","","","","","","","","","","","","","","","","","","","","","","","","","","","","","","","","","","",""
"35049001","CANCALE",48.711667,-1.843333,40,1981022109,"","","","",5.,1,240,1,"","","","","","","","","","","","","","","","","","","","","","","","","","","","",2.6,1,-3.1,1,"","","","","","","","","","","","","","","","","","","","","","","","","","",65,1,"","","","","","","","","","","","",4.8,1,1021.,1,"","","","","","",7,1,7,1,8,1,"","","","","","","","","","","","","","","","","","","","","","","","","","","","",18000,1,"","","","",2,1,"","","","","","","","","","",2,1,"","","","","","","","","","","","","","","","","","","","","","","","","","","","","","","","","","","","","","","","","","","","","","","","","","","","","",""
"35049001","CANCALE",48.711667,-1.843333,40,1981022112,"","","","",4.,1,220,1,"","","","","","","","","","","","","","","","","","","","","","","","","","","","",5.8,1,-2.6,1,"","","","","","","","","","","","","","","","","","","","","","","","","","",54,1,"","","","","","","","","","","","",5.,1,1020.4,1,"","","","","","",7,1,7,1,5,1,"","","","","","","","","","","","","","","","","","","","","","","","","","","","",22000,1,"","",2,1,8,1,"","","","","","","","","","",2,1,"","","","","","","","","","","","","","","","","","","","","","","","","","","","","","","","","","","","","","","","","","","","","","","","","","","","","",""
"35049001","CANCALE",48.711667,-1.843333,40,1981022115,"","","","",6.,1,200,1,"","","","","","","","","","","","","","","","","","","","","","","","","","","","",3.2,1,-0.9,1,"","","","","","","","","","","","","","","","","","","","","","","","","","",74,1,"","","","","","","","","","","","",5.7,1,1018.5,1,"","","","","","",8,1,8,1,5,1,"","","","","","","","","","","","","","","","","","","","","","","","","","","","",10000,1,"","",2,1,2,1,"","","","","","","","","","",2,1,"","","","","","","","","","","","","","","","","","","","","","","","","","","","","","","","","","","","","","","","","","","","","","","","","","","","","",""
"35049001","CANCALE",48.711667,-1.843333,40,1981022118,"","","","",11.,1,180,1,"","","","","","","","","","","","","","","","","","","","","","","","","","","","",3.,1,-0.4,1,"","","","","","","","","","","","","","","","","","","","","","","","","","",78,1,"","","","","","","","","","","","",5.9,1,1015.2,1,"","","","","","",8,1,8,1,5,1,"","","","","","","","","","","","","","","","","","","","","","","","","","","","",8000,1,"","",61,1,2,1,"","","","","","","","","","",3,1,"","","","","","","","","","","","","","","","","","","","","","","","","","","","","","","","","","","","","","","","","","","","","","","","","","","","","",""
"35049001","CANCALE",48.711667,-1.843333,40,1981022121,"","","","",12.,1,160,1,"","","","","","","","","","","","","","","","","","","","","","","","","","","","",2.3,1,1.,1,"","","","","","","","","","","","","","","","","","","","","","","","","","",91,1,"","","","","","","","","","","","",6.6,1,1012.,1,"","","","","","",8,1,8,1,7,1,"","","","","","","","","","","","","","","","","","","","","","","","","","","","",5000,1,"","",61,1,"","","","","","","","","","","","",4,1,"","","","","","","","","","","","","","","","","","","","","","","","","","","","","","","","","","","","","","","","","","","","","","","","","","","","","",""
"35049001","CANCALE",48.711667,-1.843333,40,1981022200,"","","","",7.,1,160,1,"","","","","","","","","","","","","","","","","","","","","","","","","","","","",4.1,1,3.3,1,"","","","","","","","","","","","","","","","","","","","","","","","","","",95,1,"","","","","","","","","","","","",7.8,1,1008.4,1,"","","","","","",8,1,8,1,7,1,"","","","","","","","","","","","","","","","","","","","","","","","","","","","",4000,1,"","",61,1,"","","","","","","","","","","","",3,1,"","","","","","","","","","","","","","","","","","","","","","","","","","","","","","","","","","","","","","","","","","","","","","","","","","","","","",""
"35049001","CANCALE",48.711667,-1.843333,40,1981022203,"","","","",5.,1,260,1,"","","","","","","","","","","","","","","","","","","","","","","","","","","","",4.5,1,3.1,1,"","","","","","","","","","","","","","","","","","","","","","","","","","",92,1,"","","","","","","","","","","","",7.7,1,1006.9,1,"","","","","","",8,1,8,1,5,1,"","","","","","","","","","","","","","","","","","","","","","","","","","","","",12000,1,"","",61,1,"","","","","","","","","","","","",3,1,"","","","","","","","","","","","","","","","","","","","","","","","","","","","","","","","","","","","","","","","","","","","","","","","","","","","","",""
"35049001","CANCALE",48.711667,-1.843333,40,1981022206,"","","","",3.,1,180,1,"","","","","","","","","","","","","","","","","","","","","","","","","","","","",3.1,1,2.,1,"","","","","","","","","","","","","","","","","","","","","","","","","","",93,1,"","","","","","","","","","","","",7.1,1,1006.9,1,"","","","","","",8,1,8,1,7,1,"","","","","","","","","","","","","","","","","","","","","","","","","","","","",8000,1,"","",63,1,"","","","",2,1,"","","","","","",2,1,"","","","","","","","","","","","","","","","","","","","","","","","","","","","","","","","","","","","","","","","","","","","","","","","","","","","","",""
"35049001","CANCALE",48.711667,-1.843333,40,1981022209,"","","","",5.,1,120,1,"","","","","","","","","","","","","","","","","","","","","","","","","","","","",1.6,1,1.,1,"","","","","","","","","","","","","","","","","","","","","","","","","","",96,1,"","","","","","","","","","","","",6.6,1,1007.6,1,"","","","","","",8,1,8,1,8,1,"","","","","","","","","","","","","","","","","","","","","","","","","","","","",15000,1,"","",21,1,7,1,"","","","","","","","","","",2,1,"","","","","","","","","","","","","","","","","","","","","","","","","","","","","","","","","","","","","","","","","","","","","","","","","","","","","",""
"35049001","CANCALE",48.711667,-1.843333,40,1981022212,"","","","",3.,1,160,1,"","","","","","","","","","","","","","","","","","","","","","","","","","","","",2.4,1,1.6,1,"","","","","","","","","","","","","","","","","","","","","","","","","","",94,1,"","","","","","","","","","","","",6.9,1,1008.7,1,"","","","","","",7,1,5,1,7,1,2,1,"","","","","","","","","","","","","","","","","","","","","","","","","","",15000,1,"","",61,1,8,1,"","","","","","","","","","",2,1,"","","","","","","","","","","","","","","","","","","","","","","","","","","","","","","","","","","","","","","","","","","","","","","","","","","","","",""
"35049001","CANCALE",48.711667,-1.843333,40,1981022215,"","","","",3.,1,120,1,"","","","","","","","","","","","","","","","","","","","","","","","","","","","",4.6,1,3.1,1,"","","","","","","","","","","","","","","","","","","","","","","","","","",90,1,"","","","","","","","","","","","",7.7,1,1008.9,1,"","","","","","",7,1,7,1,8,1,"","","","","","","","","","","","","","","","","","","","","","","","","","","","",16000,1,"","",25,1,6,1,"","","","","","","","","","",2,1,"","","","","","","","","","","","","","","","","","","","","","","","","","","","","","","","","","","","","","","","","","","","","","","","","","","","","",""
"35049001","CANCALE",48.711667,-1.843333,40,1981022218,"","","","",3.,1,120,1,"","","","","","","","","","","","","","","","","","","","","","","","","","","","",5.,1,3.6,1,"","","","","","","","","","","","","","","","","","","","","","","","","","",92,1,"","","","","","","","","","","","",8.,1,1009.6,1,"","","","","","",7,1,7,1,8,1,"","","","","","","","","","","","","","","","","","","","","","","","","","","","",16000,1,"","",2,1,8,1,"","","","","","","","","","",2,1,"","","","","","","","","","","","","","","","","","","","","","","","","","","","","","","","","","","","","","","","","","","","","","","","","","","","","",""
"35049001","CANCALE",48.711667,-1.843333,40,1981022221,"","","","",5.,1,120,1,"","","","","","","","","","","","","","","","","","","","","","","","","","","","",4.1,1,3.3,1,"","","","","","","","","","","","","","","","","","","","","","","","","","",95,1,"","","","","","","","","","","","",7.8,1,1010.,1,"","","","","","",6,1,6,1,8,1,0,1,0,1,"","","","","","","","","","","","","","","","","","","","","","","","",10000,1,"","",0,1,"","","","","","","","","","","","",2,1,"","","","","","","","","","","","","","","","","","","","","","","","","","","","","","","","","","","","","","","","","","","","","","","","","","","","","",""
"35049001","CANCALE",48.711667,-1.843333,40,1981022300,"","","","",5.,1,160,1,"","","","","","","","","","","","","","","","","","","","","","","","","","","","",3.1,1,2.2,1,"","","","","","","","","","","","","","","","","","","","","","","","","","",94,1,"","","","","","","","","","","","",7.2,1,1010.3,1,"","","","","","",2,1,0,1,5,1,0,1,2,1,"","","","","","","","","","","","","","","","","","","","","","","","",15000,1,"","",0,1,"","","","","","","","","","","","",2,1,"","","","","","","","","","","","","","","","","","","","","","","","","","","","","","","","","","","","","","","","","","","","","","","","","","","","","",""
"35049001","CANCALE",48.711667,-1.843333,40,1981022303,"","","","",7.,1,180,1,"","","","","","","","","","","","","","","","","","","","","","","","","","","","",1.7,1,0.8,1,"","","","","","","","","","","","","","","","","","","","","","","","","","",94,1,"","","","","","","","","","","","",6.5,1,1009.7,1,"","","","","","",9,1,"","","","","","","","","","","","","","","","","","","","","","","","","","","","","","","","",300,1,"","",45,1,"","","","","","","","","","","","",3,1,"","","","","","","","","","","","","","","","","","","","","","","","","","","","","","","","","","","","","","","","","","","","","","","","","","","","","",""
"35049001","CANCALE",48.711667,-1.843333,40,1981022306,"","","","",7.,1,180,1,"","","","","","","","","","","","","","","","","","","","","","","","","","","","",2.5,1,1.4,1,"","","","","","","","","","","","","","","","","","","","","","","","","","",93,1,"","","","","","","","","","","","",6.8,1,1008.7,1,"","","","","","",6,1,0,1,5,1,3,1,0,1,"","","","","","","","","","","","","","","","","","","","","","","","",18000,1,"","",0,1,"","","","",1,1,"","","","","","",3,1,"","","","","","","","","","","","","","","","","","","","","","","","","","","","","","","","","","","","","","","","","","","","","","","","","","","","","",""
"35049001","CANCALE",48.711667,-1.843333,40,1981022309,"","","","",6.,1,300,1,"","","","","","","","","","","","","","","","","","","","","","","","","","","","",4.,1,2.7,1,"","","","","","","","","","","","","","","","","","","","","","","","","","",92,1,"","","","","","","","","","","","",7.5,1,1008.7,1,"","","","","","",7,1,7,1,8,1,"","","","","","","","","","","","","","","","","","","","","","","","","","","","",18000,1,"","",25,1,8,1,"","","","","","","","","","",3,1,"","","","","","","","","","","","","","","","","","","","","","","","","","","","","","","","","","","","","","","","","","","","","","","","","","","","","",""
"35049001","CANCALE",48.711667,-1.843333,40,1981022312,"","","","",6.,1,260,1,"","","","","","","","","","","","","","","","","","","","","","","","","","","","",4.8,1,2.7,1,"","","","","","","","","","","","","","","","","","","","","","","","","","",87,1,"","","","","","","","","","","","",7.5,1,1009.,1,"","","","","","",8,1,7,1,9,1,"","","","","","","","","","","","","","","","","","","","","","","","","","","","",9000,1,"","",81,1,8,1,"","","","","","","","","","",3,1,"","","","","","","","","","","","","","","","","","","","","","","","","","","","","","","","","","","","","","","","","","","","","","","","","","","","","",""
"35049001","CANCALE",48.711667,-1.843333,40,1981022315,"","","","",14.,1,260,1,"","","","","","","","","","","","","","","","","","","","","","","","","","","","",6.8,1,2.4,1,"","","","","","","","","","","","","","","","","","","","","","","","","","",74,1,"","","","","","","","","","","","",7.3,1,1008.3,1,"","","","","","",8,1,8,1,9,1,"","","","","","","","","","","","","","","","","","","","","","","","","","","","",16000,1,"","",81,1,8,1,"","","","","","","","","","",4,1,"","","","","","","","","","","","","","","","","","","","","","","","","","","","","","","","","","","","","","","","","","","","","","","","","","","","","",""
"35049001","CANCALE",48.711667,-1.843333,40,1981022318,"","","","",16.,1,240,1,"","","","","","","","","","","","","","","","","","","","","","","","","","","","",5.5,1,1.6,1,"","","","","","","","","","","","","","","","","","","","","","","","","","",77,1,"","","","","","","","","","","","",6.9,1,1008.6,1,"","","","","","",8,1,8,1,9,1,"","","","","","","","","","","","","","","","","","","","","","","","","","","","",8000,1,"","",25,1,8,1,"","","","","","","","","","",4,1,"","","","","","","","","","","","","","","","","","","","","","","","","","","","","","","","","","","","","","","","","","","","","","","","","","","","","",""
"35049001","CANCALE",48.711667,-1.843333,40,1981022321,"","","","",7.,1,260,1,"","","","","","","","","","","","","","","","","","","","","","","","","","","","",4.,1,2.7,1,"","","","","","","","","","","","","","","","","","","","","","","","","","",92,1,"","","","","","","","","","","","",7.5,1,1008.7,1,"","","","","","",8,1,8,1,9,1,"","","","","","","","","","","","","","","","","","","","","","","","","","","","",18000,1,"","",0,1,"","","","","","","","","","","","",3,1,"","","","","","","","","","","","","","","","","","","","","","","","","","","","","","","","","","","","","","","","","","","","","","","","","","","","","",""
"35049001","CANCALE",48.711667,-1.843333,40,1981022400,"","","","",6.,1,80,1,"","","","","","","","","","","","","","","","","","","","","","","","","","","","",4.4,1,2.,1,"","","","","","","","","","","","","","","","","","","","","","","","","","",85,1,"","","","","","","","","","","","",7.1,1,1011.7,1,"","","","","","",7,1,7,1,9,1,"","","","","","","","","","","","","","","","","","","","","","","","","","","","",18000,1,"","",0,1,"","","","","","","","","","","","",3,1,"","","","","","","","","","","","","","","","","","","","","","","","","","","","","","","","","","","","","","","","","","","","","","","","","","","","","",""
"35049001","CANCALE",48.711667,-1.843333,40,1981022403,"","","","",8.,1,60,1,"","","","","","","","","","","","","","","","","","","","","","","","","","","","",3.8,1,3.,1,"","","","","","","","","","","","","","","","","","","","","","","","","","",95,1,"","","","","","","","","","","","",7.6,1,1015.3,1,"","","","","","",7,1,7,1,2,1,"","","","","","","","","","","","","","","","","","","","","","","","","","","","",6000,1,"","",0,1,"","","","","","","","","","","","",3,1,"","","","","","","","","","","","","","","","","","","","","","","","","","","","","","","","","","","","","","","","","","","","","","","","","","","","","",""
"35049001","CANCALE",48.711667,-1.843333,40,1981022406,"","","","",9.,1,40,1,"","","","","","","","","","","","","","","","","","","","","","","","","","","","",4.,1,2.2,1,"","","","","","","","","","","","","","","","","","","","","","","","","","",89,1,"","","","","","","","","","","","",7.2,1,1020.1,1,"","","","","","",0,1,"","",0,1,0,1,0,1,"","","","","","","","","","","","","","","","","","","","","","","","",6000,1,"","",0,1,"","","","",1,1,"","","","","","",3,1,"","","","","","","","","","","","","","","","","","","","","","","","","","","","","","","","","","","","","","","","","","","","","","","","","","","","","",""
"35049001","CANCALE",48.711667,-1.843333,40,1981022409,"","","","",8.,1,40,1,"","","","","","","","","","","","","","","","","","","","","","","","","","","","",4.,1,0.,1,"","","","","","","","","","","","","","","","","","","","","","","","","","",76,1,"","","","","","","","","","","","",6.1,1,1021.3,1,"","","","","","",6,1,6,1,5,1,0,1,0,1,"","","","","","","","","","","","","","","","","","","","","","","","",5000,1,"","",3,1,1,1,"","","","","","","","","","",3,1,"","","","","","","","","","","","","","","","","","","","","","","","","","","","","","","","","","","","","","","","","","","","","","","","","","","","","",""
"35049001","CANCALE",48.711667,-1.843333,40,1981022412,"","","","",7.,1,40,1,"","","","","","","","","","","","","","","","","","","","","","","","","","","","",5.,1,-1.2,1,"","","","","","","","","","","","","","","","","","","","","","","","","","",64,1,"","","","","","","","","","","","",5.6,1,1023.6,1,"","","","","","",6,1,6,1,5,1,0,1,0,1,"","","","","","","","","","","","","","","","","","","","","","","","",7000,1,"","",2,1,1,1,"","","","","","","","","","",4,1,"","","","","","","","","","","","","","","","","","","","","","","","","","","","","","","","","","","","","","","","","","","","","","","","","","","","","",""
"35049001","CANCALE",48.711667,-1.843333,40,1981022415,"","","","",5.,1,20,1,"","","","","","","","","","","","","","","","","","","","","","","","","","","","",5.,1,-0.2,1,"","","","","","","","","","","","","","","","","","","","","","","","","","",69,1,"","","","","","","","","","","","",6.,1,1024.,1,"","","","","","",6,1,6,1,5,1,0,1,0,1,"","","","","","","","","","","","","","","","","","","","","","","","",7000,1,"","",2,1,2,1,"","","","","","","","","","",4,1,"","","","","","","","","","","","","","","","","","","","","","","","","","","","","","","","","","","","","","","","","","","","","","","","","","","","","",""
"35049001","CANCALE",48.711667,-1.843333,40,1981022418,"","","","",6.,1,40,1,"","","","","","","","","","","","","","","","","","","","","","","","","","","","",4.5,1,-0.7,1,"","","","","","","","","","","","","","","","","","","","","","","","","","",68,1,"","","","","","","","","","","","",5.8,1,1025.6,1,"","","","","","",6,1,6,1,5,1,0,1,0,1,"","","","","","","","","","","","","","","","","","","","","","","","",7000,1,"","",2,1,2,1,"","","","","","","","","","",3,1,"","","","","","","","","","","","","","","","","","","","","","","","","","","","","","","","","","","","","","","","","","","","","","","","","","","","","",""
"35049001","CANCALE",48.711667,-1.843333,40,1981022421,"","","","",5.,1,40,1,"","","","","","","","","","","","","","","","","","","","","","","","","","","","",3.5,1,-1.2,1,"","","","","","","","","","","","","","","","","","","","","","","","","","",71,1,"","","","","","","","","","","","",5.6,1,1026.9,1,"","","","","","",0,1,"","",0,1,0,1,0,1,"","","","","","","","","","","","","","","","","","","","","","","","",10000,1,"","",0,1,"","","","","","","","","","","","",3,1,"","","","","","","","","","","","","","","","","","","","","","","","","","","","","","","","","","","","","","","","","","","","","","","","","","","","","",""
"35049001","CANCALE",48.711667,-1.843333,40,1981022500,"","","","",5.,1,40,1,"","","","","","","","","","","","","","","","","","","","","","","","","","","","",3.8,1,-1.6,1,"","","","","","","","","","","","","","","","","","","","","","","","","","",67,1,"","","","","","","","","","","","",5.4,1,1027.3,1,"","","","","","",4,1,0,1,5,1,0,1,0,1,"","","","","","","","","","","","","","","","","","","","","","","","",10000,1,"","",0,1,"","","","","","","","","","","","",3,1,"","","","","","","","","","","","","","","","","","","","","","","","","","","","","","","","","","","","","","","","","","","","","","","","","","","","","",""
"35049001","CANCALE",48.711667,-1.843333,40,1981022503,"","","","",4.,1,20,1,"","","","","","","","","","","","","","","","","","","","","","","","","","","","",3.7,1,-1.8,1,"","","","","","","","","","","","","","","","","","","","","","","","","","",67,1,"","","","","","","","","","","","",5.3,1,1027.1,1,"","","","","","",6,1,6,1,5,1,0,1,0,1,"","","","","","","","","","","","","","","","","","","","","","","","",7000,1,"","",0,1,"","","","","","","","","","","","",3,1,"","","","","","","","","","","","","","","","","","","","","","","","","","","","","","","","","","","","","","","","","","","","","","","","","","","","","",""
"35049001","CANCALE",48.711667,-1.843333,40,1981022506,"","","","",3.,1,40,1,"","","","","","","","","","","","","","","","","","","","","","","","","","","","",3.3,1,-1.6,1,"","","","","","","","","","","","","","","","","","","","","","","","","","",70,1,"","","","","","","","","","","","",5.4,1,1026.8,1,"","","","","","",8,1,8,1,5,1,"","","","","","","","","","","","","","","","","","","","","","","","","","","","",10000,1,"","",0,1,"","","","",0,1,"","","","","","",2,1,"","","","","","","","","","","","","","","","","","","","","","","","","","","","","","","","","","","","","","","","","","","","","","","","","","","","","",""
"35049001","CANCALE",48.711667,-1.843333,40,1981022509,"","","","",4.,1,120,1,"","","","","","","","","","","","","","","","","","","","","","","","","","","","",2.5,1,-0.4,1,"","","","","","","","","","","","","","","","","","","","","","","","","","",77,1,"","","","","","","","","","","","",5.9,1,1027.4,1,"","","","","","",8,1,8,1,5,1,"","","","","","","","","","","","","","","","","","","","","","","","","","","","",5000,1,"","",2,1,2,1,"","","","","","","","","","",2,1,"","","","","","","","","","","","","","","","","","","","","","","","","","","","","","","","","","","","","","","","","","","","","","","","","","","","","",""
"35049001","CANCALE",48.711667,-1.843333,40,1981022512,"","","","",4.,1,100,1,"","","","","","","","","","","","","","","","","","","","","","","","","","","","",4.,1,-1.1,1,"","","","","","","","","","","","","","","","","","","","","","","","","","",69,1,"","","","","","","","","","","","",5.6,1,1027.4,1,"","","","","","",8,1,8,1,5,1,"","","","","","","","","","","","","","","","","","","","","","","","","","","","",6000,1,"","",2,1,2,1,"","","","","","","","","","",2,1,"","","","","","","","","","","","","","","","","","","","","","","","","","","","","","","","","","","","","","","","","","","","","","","","","","","","","",""
"35049001","CANCALE",48.711667,-1.843333,40,1981022515,"","","","",0.,1,0,1,"","","","","","","","","","","","","","","","","","","","","","","","","","","","",4.2,1,-0.2,1,"","","","","","","","","","","","","","","","","","","","","","","","","","",72,1,"","","","","","","","","","","","",6.,1,1026.6,1,"","","","","","",6,1,6,1,5,1,0,1,0,1,"","","","","","","","","","","","","","","","","","","","","","","","",6000,1,"","",2,1,2,1,"","","","","","","","","","",2,1,"","","","","","","","","","","","","","","","","","","","","","","","","","","","","","","","","","","","","","","","","","","","","","","","","","","","","",""
"35049001","CANCALE",48.711667,-1.843333,40,1981022518,"","","","",6.,1,80,1,"","","","","","","","","","","","","","","","","","","","","","","","","","","","",3.6,1,-1.6,1,"","","","","","","","","","","","","","","","","","","","","","","","","","",68,1,"","","","","","","","","","","","",5.4,1,1026.6,1,"","","","","","",8,1,8,1,5,1,"","","","","","","","","","","","","","","","","","","","","","","","","","","","",6000,1,"","",2,1,2,1,"","","","","","","","","","",2,1,"","","","","","","","","","","","","","","","","","","","","","","","","","","","","","","","","","","","","","","","","","","","","","","","","","","","","",""
"35049001","CANCALE",48.711667,-1.843333,40,1981022521,"","","","",7.,1,100,1,"","","","","","","","","","","","","","","","","","","","","","","","","","","","",1.5,1,-3.1,1,"","","","","","","","","","","","","","","","","","","","","","","","","","",70,1,"","","","","","","","","","","","",4.8,1,1026.6,1,"","","","","","",0,1,"","",0,1,0,1,0,1,"","","","","","","","","","","","","","","","","","","","","","","","",6000,1,"","",0,1,"","","","","","","","","","","","",3,1,"","","","","","","","","","","","","","","","","","","","","","","","","","","","","","","","","","","","","","","","","","","","","","","","","","","","","",""
"35049001","CANCALE",48.711667,-1.843333,40,1981022600,"","","","",8.,1,100,1,"","","","","","","","","","","","","","","","","","","","","","","","","","","","",0.8,1,-2.6,1,"","","","","","","","","","","","","","","","","","","","","","","","","","",77,1,"","","","","","","","","","","","",5.,1,1026.1,1,"","","","","","",0,1,"","",0,1,0,1,0,1,"","","","","","","","","","","","","","","","","","","","","","","","",5000,1,"","",0,1,"","","","","","","","","","","","",3,1,"","","","","","","","","","","","","","","","","","","","","","","","","","","","","","","","","","","","","","","","","","","","","","","","","","","","","",""
"35049001","CANCALE",48.711667,-1.843333,40,1981022603,"","","","",7.,1,100,1,"","","","","","","","","","","","","","","","","","","","","","","","","","","","",0.5,1,-2.1,1,"","","","","","","","","","","","","","","","","","","","","","","","","","",83,1,"","","","","","","","","","","","",5.2,1,1024.8,1,"","","","","","",0,1,"","",0,1,0,1,0,1,"","","","","","","","","","","","","","","","","","","","","","","","",3000,1,"","",10,1,"","","","","","","","","","","","",3,1,"","","","","","","","","","","","","","","","","","","","","","","","","","","","","","","","","","","","","","","","","","","","","","","","","","","","","",""
"35049001","CANCALE",48.711667,-1.843333,40,1981022606,"","","","",7.,1,100,1,"","","","","","","","","","","","","","","","","","","","","","","","","","","","",0.8,1,-2.6,1,"","","","","","","","","","","","","","","","","","","","","","","","","","",77,1,"","","","","","","","","","","","",5.,1,1024.1,1,"","","","","","",0,1,"","",0,1,0,1,0,1,"","","","","","","","","","","","","","","","","","","","","","","","",3000,1,"","",10,1,"","","","",0,1,"","","","","","",3,1,"","","","","","","","","","","","","","","","","","","","","","","","","","","","","","","","","","","","","","","","","","","","","","","","","","","","","",""
"35049001","CANCALE",48.711667,-1.843333,40,1981022609,"","","","",6.,1,120,1,"","","","","","","","","","","","","","","","","","","","","","","","","","","","",1.5,1,-1.3,1,"","","","","","","","","","","","","","","","","","","","","","","","","","",82,1,"","","","","","","","","","","","",5.5,1,1023.2,1,"","","","","","",7,1,7,1,0,1,0,1,8,1,"","","","","","","","","","","","","","","","","","","","","","","","",1400,1,"","",10,1,1,1,"","","","","","","","","","",2,1,"","","","","","","","","","","","","","","","","","","","","","","","","","","","","","","","","","","","","","","","","","","","","","","","","","","","","",""
"35049001","CANCALE",48.711667,-1.843333,40,1981022612,"","","","",5.,1,100,1,"","","","","","","","","","","","","","","","","","","","","","","","","","","","",4.5,1,-0.9,1,"","","","","","","","","","","","","","","","","","","","","","","","","","",68,1,"","","","","","","","","","","","",5.7,1,1021.1,1,"","","","","","",0,1,"","",0,1,0,1,0,1,"","","","","","","","","","","","","","","","","","","","","","","","",1600,1,"","",10,1,1,1,"","","","","","","","","","",2,1,"","","","","","","","","","","","","","","","","","","","","","","","","","","","","","","","","","","","","","","","","","","","","","","","","","","","","",""
"35049001","CANCALE",48.711667,-1.843333,40,1981022615,"","","","",7.,1,120,1,"","","","","","","","","","","","","","","","","","","","","","","","","","","","",6.,1,1.,1,"","","","","","","","","","","","","","","","","","","","","","","","","","",70,1,"","","","","","","","","","","","",6.6,1,1018.1,1,"","","","","","",4,1,0,1,0,1,0,1,2,1,"","","","","","","","","","","","","","","","","","","","","","","","",7000,1,"","",3,1,0,1,"","","","","","","","","","",3,1,"","","","","","","","","","","","","","","","","","","","","","","","","","","","","","","","","","","","","","","","","","","","","","","","","","","","","",""
"35049001","CANCALE",48.711667,-1.843333,40,1981022618,"","","","",10.,1,120,1,"","","","","","","","","","","","","","","","","","","","","","","","","","","","",3.5,1,0.8,1,"","","","","","","","","","","","","","","","","","","","","","","","","","",83,1,"","","","","","","","","","","","",6.5,1,1016.5,1,"","","","","","",5,1,5,1,0,1,0,1,6,1,"","","","","","","","","","","","","","","","","","","","","","","","",6000,1,"","",3,1,1,1,"","","","","","","","","","",3,1,"","","","","","","","","","","","","","","","","","","","","","","","","","","","","","","","","","","","","","","","","","","","","","","","","","","","","",""
"35049001","CANCALE",48.711667,-1.843333,40,1981022621,"","","","",10.,1,120,1,"","","","","","","","","","","","","","","","","","","","","","","","","","","","",2.5,1,-0.2,1,"","","","","","","","","","","","","","","","","","","","","","","","","","",82,1,"","","","","","","","","","","","",6.,1,1014.8,1,"","","","","","",0,1,"","",0,1,0,1,0,1,"","","","","","","","","","","","","","","","","","","","","","","","",5000,1,"","",0,1,"","","","","","","","","","","","",3,1,"","","","","","","","","","","","","","","","","","","","","","","","","","","","","","","","","","","","","","","","","","","","","","","","","","","","","",""
"35049001","CANCALE",48.711667,-1.843333,40,1981022700,"","","","",13.,1,120,1,"","","","","","","","","","","","","","","","","","","","","","","","","","","","",3.5,1,-0.4,1,"","","","","","","","","","","","","","","","","","","","","","","","","","",75,1,"","","","","","","","","","","","",5.9,1,1011.9,1,"","","","","","",0,1,"","",0,1,0,1,0,1,"","","","","","","","","","","","","","","","","","","","","","","","",5000,1,"","",0,1,"","","","","","","","","","","","",5,1,"","","","","","","","","","","","","","","","","","","","","","","","","","","","","","","","","","","","","","","","","","","","","","","","","","","","","",""
"35049001","CANCALE",48.711667,-1.843333,40,1981022703,"","","","",14.,1,100,1,"","","","","","","","","","","","","","","","","","","","","","","","","","","","",3.,1,0.1,1,"","","","","","","","","","","","","","","","","","","","","","","","","","",83,1,"","","","","","","","","","","","",6.2,1,1007.6,1,"","","","","","",8,1,8,1,6,1,"","","","","","","","","","","","","","","","","","","","","","","","","","","","",3000,1,"","",10,1,"","","","","","","","","","","","",5,1,"","","","","","","","","","","","","","","","","","","","","","","","","","","","","","","","","","","","","","","","","","","","","","","","","","","","","",""
"35049001","CANCALE",48.711667,-1.843333,40,1981022706,"","","","",12.,1,100,1,"","","","","","","","","","","","","","","","","","","","","","","","","","","","",3.5,1,0.8,1,"","","","","","","","","","","","","","","","","","","","","","","","","","",83,1,"","","","","","","","","","","","",6.5,1,1004.5,1,"","","","","","",8,1,8,1,5,1,"","","","","","","","","","","","","","","","","","","","","","","","","","","","",6000,1,"","",0,1,"","","","",0,1,"","","","","","",4,1,"","","","","","","","","","","","","","","","","","","","","","","","","","","","","","","","","","","","","","","","","","","","","","","","","","","","","",""
"35049001","CANCALE",48.711667,-1.843333,40,1981022709,"","","","",15.,1,100,1,"","","","","","","","","","","","","","","","","","","","","","","","","","","","",4.5,1,1.2,1,"","","","","","","","","","","","","","","","","","","","","","","","","","",79,1,"","","","","","","","","","","","",6.7,1,1001.,1,"","","","","","",8,1,8,1,0,1,7,1,"","","","","","","","","","","","","","","","","","","","","","","","","","",7000,1,"","",2,1,6,1,"","","","","","","","","","",4,1,"","","","","","","","","","","","","","","","","","","","","","","","","","","","","","","","","","","","","","","","","","","","","","","","","","","","","",""
"35049001","CANCALE",48.711667,-1.843333,40,1981022712,"","","","",16.,1,100,1,"","","","","","","","","","","","","","","","","","","","","","","","","","","","",6.,1,2.9,1,"","","","","","","","","","","","","","","","","","","","","","","","","","",82,1,"","","","","","","","","","","","",7.6,1,998.,1,"","","","","","",8,1,8,1,5,1,"","","","","","","","","","","","","","","","","","","","","","","","","","","","",7000,1,"","",21,1,6,1,"","","","","","","","","","",4,1,"","","","","","","","","","","","","","","","","","","","","","","","","","","","","","","","","","","","","","","","","","","","","","","","","","","","","",""
"35049001","CANCALE",48.711667,-1.843333,40,1981022715,"","","","",14.,1,100,1,"","","","","","","","","","","","","","","","","","","","","","","","","","","","",6.3,1,5.4,1,"","","","","","","","","","","","","","","","","","","","","","","","","","",92,1,"","","","","","","","","","","","",9.1,1,995.1,1,"","","","","","",8,1,8,1,7,1,"","","","","","","","","","","","","","","","","","","","","","","","","","","","",7000,1,"","",61,1,6,1,"","","","","","","","","","",4,1,"","","","","","","","","","","","","","","","","","","","","","","","","","","","","","","","","","","","","","","","","","","","","","","","","","","","","",""
"35049001","CANCALE",48.711667,-1.843333,40,1981022718,"","","","",13.,1,100,1,"","","","","","","","","","","","","","","","","","","","","","","","","","","","",7.,1,5.3,1,"","","","","","","","","","","","","","","","","","","","","","","","","","",90,1,"","","","","","","","","","","","",9.,1,994.7,1,"","","","","","",8,1,8,1,7,1,"","","","","","","","","","","","","","","","","","","","","","","","","","","","",8000,1,"","",21,1,6,1,"","","","","","","","","","",4,1,"","","","","","","","","","","","","","","","","","","","","","","","","","","","","","","","","","","","","","","","","","","","","","","","","","","","","",""
"35049001","CANCALE",48.711667,-1.843333,40,1981022721,"","","","",8.,1,160,1,"","","","","","","","","","","","","","","","","","","","","","","","","","","","",7.5,1,6.2,1,"","","","","","","","","","","","","","","","","","","","","","","","","","",93,1,"","","","","","","","","","","","",9.6,1,996.4,1,"","","","","","",8,1,8,1,5,1,"","","","","","","","","","","","","","","","","","","","","","","","","","","","",15000,1,"","",61,1,"","","","","","","","","","","","",3,1,"","","","","","","","","","","","","","","","","","","","","","","","","","","","","","","","","","","","","","","","","","","","","","","","","","","","","",""
"35049001","CANCALE",48.711667,-1.843333,40,1981022800,"","","","",5.,1,100,1,"","","","","","","","","","","","","","","","","","","","","","","","","","","","",7.,1,5.8,1,"","","","","","","","","","","","","","","","","","","","","","","","","","",93,1,"","","","","","","","","","","","",9.3,1,995.2,1,"","","","","","",8,1,8,1,5,1,"","","","","","","","","","","","","","","","","","","","","","","","","","","","",8000,1,"","",61,1,"","","","","","","","","","","","",2,1,"","","","","","","","","","","","","","","","","","","","","","","","","","","","","","","","","","","","","","","","","","","","","","","","","","","","","",""
"35049001","CANCALE",48.711667,-1.843333,40,1981022803,"","","","",4.,1,180,1,"","","","","","","","","","","","","","","","","","","","","","","","","","","","",7.5,1,6.6,1,"","","","","","","","","","","","","","","","","","","","","","","","","","",96,1,"","","","","","","","","","","","",9.9,1,995.4,1,"","","","","","",8,1,8,1,5,1,"","","","","","","","","","","","","","","","","","","","","","","","","","","","",6000,1,"","",0,1,"","","","","","","","","","","","",2,1,"","","","","","","","","","","","","","","","","","","","","","","","","","","","","","","","","","","","","","","","","","","","","","","","","","","","","",""
"35049001","CANCALE",48.711667,-1.843333,40,1981022806,"","","","",6.,1,240,1,"","","","","","","","","","","","","","","","","","","","","","","","","","","","",7.4,1,7.4,1,"","","","","","","","","","","","","","","","","","","","","","","","","","",100,1,"","","","","","","","","","","","",10.3,1,995.9,1,"","","","","","",8,1,8,1,7,1,7,1,"","","","","","","","","","","","","","","","","","","","","","","","","","",14000,1,"","",60,1,"","","","",2,1,"","","","","","",2,1,"","","","","","","","","","","","","","","","","","","","","","","","","","","","","","","","","","","","","","","","","","","","","","","","","","","","","",""
"35049001","CANCALE",48.711667,-1.843333,40,1981022809,"","","","",4.,1,260,1,"","","","","","","","","","","","","","","","","","","","","","","","","","","","",7.5,1,6.6,1,"","","","","","","","","","","","","","","","","","","","","","","","","","",96,1,"","","","","","","","","","","","",9.9,1,997.6,1,"","","","","","",6,1,6,1,8,1,0,1,0,1,"","","","","","","","","","","","","","","","","","","","","","","","",18000,1,"","",25,1,6,1,"","","","","","","","","","",2,1,"","","","","","","","","","","","","","","","","","","","","","","","","","","","","","","","","","","","","","","","","","","","","","","","","","","","","",""
"35049001","CANCALE",48.711667,-1.843333,40,1981022812,"","","","",7.,1,200,1,"","","","","","","","","","","","","","","","","","","","","","","","","","","","",11.5,1,4.8,1,"","","","","","","","","","","","","","","","","","","","","","","","","","",64,1,"","","","","","","","","","","","",8.7,1,998.6,1,"","","","","","",4,1,0,1,2,1,0,1,0,1,"","","","","","","","","","","","","","","","","","","","","","","","",35000,1,"","",2,1,8,1,"","","","","","","","","","",2,1,"","","","","","","","","","","","","","","","","","","","","","","","","","","","","","","","","","","","","","","","","","","","","","","","","","","","","",""
"35049001","CANCALE",48.711667,-1.843333,40,1981022815,"","","","",7.,1,240,1,"","","","","","","","","","","","","","","","","","","","","","","","","","","","",9.5,1,3.,1,"","","","","","","","","","","","","","","","","","","","","","","","","","",64,1,"","","","","","","","","","","","",7.6,1,999.2,1,"","","","","","",6,1,6,1,8,1,0,1,0,1,"","","","","","","","","","","","","","","","","","","","","","","","",30000,1,"","",2,1,6,1,"","","","","","","","","","",3,1,"","","","","","","","","","","","","","","","","","","","","","","","","","","","","","","","","","","","","","","","","","","","","","","","","","","","","",""
"35049001","CANCALE",48.711667,-1.843333,40,1981022818,"","","","",4.,1,180,1,"","","","","","","","","","","","","","","","","","","","","","","","","","","","",8.4,1,4.,1,"","","","","","","","","","","","","","","","","","","","","","","","","","",74,1,"","","","","","","","","","","","",8.2,1,1001.1,1,"","","","","","",4,1,0,1,3,1,0,1,0,1,"","","","","","","","","","","","","","","","","","","","","","","","",30000,1,"","",2,1,8,1,"","","","","","","","","","",2,1,"","","","","","","","","","","","","","","","","","","","","","","","","","","","","","","","","","","","","","","","","","","","","","","","","","","","","",""
"35049001","CANCALE",48.711667,-1.843333,40,1981022821,"","","","",7.,1,180,1,"","","","","","","","","","","","","","","","","","","","","","","","","","","","",7.4,1,4.,1,"","","","","","","","","","","","","","","","","","","","","","","","","","",80,1,"","","","","","","","","","","","",8.2,1,1001.9,1,"","","","","","",1,1,0,1,2,1,0,1,0,1,"","","","","","","","","","","","","","","","","","","","","","","","",35000,1,"","",0,1,"","","","","","","","","","","","",3,1,"","","","","","","","","","","","","","","","","","","","","","","","","","","","","","","","","","","","","","","","","","","","","","","","","","","","","",""
"35049001","CANCALE",48.711667,-1.843333,40,1981030100,"","","","",5.,1,180,1,"","","","","","","","","","","","","","","","","","","","","","","","","","","","",5.5,1,3.3,1,"","","","","","","","","","","","","","","","","","","","","","","","","","",86,1,"","","","","","","","","","","","",7.8,1,1002.7,1,"","","","","","",3,1,0,1,3,1,0,1,0,1,"","","","","","","","","","","","","","","","","","","","","","","","",45000,1,"","",0,1,"","","","","","","","","","","","",3,1,"","","","","","","","","","","","","","","","","","","","","","","","","","","","","","","","","","","","","","","","","","","","","","","","","","","","","",""
"35049001","CANCALE",48.711667,-1.843333,40,1981030103,"","","","",6.,1,180,1,"","","","","","","","","","","","","","","","","","","","","","","","","","","","",6.,1,4.6,1,"","","","","","","","","","","","","","","","","","","","","","","","","","",93,1,"","","","","","","","","","","","",8.6,1,1002.8,1,"","","","","","",4,1,0,1,0,1,7,1,0,1,"","","","","","","","","","","","","","","","","","","","","","","","",35000,1,"","",0,1,"","","","","","","","","","","","",3,1,"","","","","","","","","","","","","","","","","","","","","","","","","","","","","","","","","","","","","","","","","","","","","","","","","","","","","",""
"35049001","CANCALE",48.711667,-1.843333,40,1981030106,"","","","",6.,1,180,1,"","","","","","","","","","","","","","","","","","","","","","","","","","","","",6.2,1,4.6,1,"","","","","","","","","","","","","","","","","","","","","","","","","","",91,1,"","","","","","","","","","","","",8.6,1,1002.8,1,"","","","","","",3,1,0,1,0,1,4,1,0,1,"","","","","","","","","","","","","","","","","","","","","","","","",25000,1,"","",0,1,"","","","",1,1,"","","","","","",3,1,"","","","","","","","","","","","","","","","","","","","","","","","","","","","","","","","","","","","","","","","","","","","","","","","","","","","","",""
"35049001","CANCALE",48.711667,-1.843333,40,1981030109,"","","","",8.,1,180,1,"","","","","","","","","","","","","","","","","","","","","","","","","","","","",8.1,1,5.9,1,"","","","","","","","","","","","","","","","","","","","","","","","","","",87,1,"","","","","","","","","","","","",9.4,1,1002.7,1,"","","","","","",2,1,0,1,2,1,3,1,0,1,"","","","","","","","","","","","","","","","","","","","","","","","",20000,1,"","",2,1,0,1,"","","","","","","","","","",3,1,"","","","","","","","","","","","","","","","","","","","","","","","","","","","","","","","","","","","","","","","","","","","","","","","","","","","","",""
"35049001","CANCALE",48.711667,-1.843333,40,1981030112,"","","","",10.,1,200,1,"","","","","","","","","","","","","","","","","","","","","","","","","","","","",10.4,1,6.9,1,"","","","","","","","","","","","","","","","","","","","","","","","","","",80,1,"","","","","","","","","","","","",10.1,1,1002.3,1,"","","","","","",7,1,6,1,8,1,5,1,0,1,"","","","","","","","","","","","","","","","","","","","","","","","",30000,1,"","",3,1,1,1,"","","","","","","","","","",3,1,"","","","","","","","","","","","","","","","","","","","","","","","","","","","","","","","","","","","","","","","","","","","","","","","","","","","","",""
"35049001","CANCALE",48.711667,-1.843333,40,1981030115,"","","","",8.,1,200,1,"","","","","","","","","","","","","","","","","","","","","","","","","","","","",10.5,1,8.,1,"","","","","","","","","","","","","","","","","","","","","","","","","","",86,1,"","","","","","","","","","","","",10.9,1,1001.5,1,"","","","","","",8,1,8,1,7,1,"","","","","","","","","","","","","","","","","","","","","","","","","","","","",12000,1,"","",60,1,8,1,"","","","","","","","","","",3,1,"","","","","","","","","","","","","","","","","","","","","","","","","","","","","","","","","","","","","","","","","","","","","","","","","","","","","",""
"35049001","CANCALE",48.711667,-1.843333,40,1981030118,"","","","",9.,1,220,1,"","","","","","","","","","","","","","","","","","","","","","","","","","","","",8.6,1,6.,1,"","","","","","","","","","","","","","","","","","","","","","","","","","",85,1,"","","","","","","","","","","","",9.5,1,1001.6,1,"","","","","","",8,1,8,1,7,1,"","","","","","","","","","","","","","","","","","","","","","","","","","","","",12000,1,"","",60,1,8,1,"","","","","","","","","","",3,1,"","","","","","","","","","","","","","","","","","","","","","","","","","","","","","","","","","","","","","","","","","","","","","","","","","","","","",""
"35049001","CANCALE",48.711667,-1.843333,40,1981030121,"","","","",6.,1,200,1,"","","","","","","","","","","","","","","","","","","","","","","","","","","","",8.5,1,6.9,1,"","","","","","","","","","","","","","","","","","","","","","","","","","",91,1,"","","","","","","","","","","","",10.1,1,1001.6,1,"","","","","","",8,1,8,1,0,1,7,1,"","","","","","","","","","","","","","","","","","","","","","","","","","",35000,1,"","",0,1,"","","","","","","","","","","","",3,1,"","","","","","","","","","","","","","","","","","","","","","","","","","","","","","","","","","","","","","","","","","","","","","","","","","","","","",""
"35049001","CANCALE",48.711667,-1.843333,40,1981030200,"","","","",5.,1,200,1,"","","","","","","","","","","","","","","","","","","","","","","","","","","","",8.2,1,5.9,1,"","","","","","","","","","","","","","","","","","","","","","","","","","",86,1,"","","","","","","","","","","","",9.4,1,1002.2,1,"","","","","","",3,1,0,1,0,1,7,1,0,1,"","","","","","","","","","","","","","","","","","","","","","","","",45000,1,"","",0,1,"","","","","","","","","","","","",3,1,"","","","","","","","","","","","","","","","","","","","","","","","","","","","","","","","","","","","","","","","","","","","","","","","","","","","","",""
"35049001","CANCALE",48.711667,-1.843333,40,1981030203,"","","","",5.,1,180,1,"","","","","","","","","","","","","","","","","","","","","","","","","","","","",7.,1,5.3,1,"","","","","","","","","","","","","","","","","","","","","","","","","","",90,1,"","","","","","","","","","","","",9.,1,1002.2,1,"","","","","","",0,1,"","",0,1,0,1,0,1,"","","","","","","","","","","","","","","","","","","","","","","","",50000,1,"","",0,1,"","","","","","","","","","","","",3,1,"","","","","","","","","","","","","","","","","","","","","","","","","","","","","","","","","","","","","","","","","","","","","","","","","","","","","",""
"35049001","CANCALE",48.711667,-1.843333,40,1981030206,"","","","",7.,1,180,1,"","","","","","","","","","","","","","","","","","","","","","","","","","","","",7.,1,5.7,1,"","","","","","","","","","","","","","","","","","","","","","","","","","",93,1,"","","","","","","","","","","","",9.3,1,1000.7,1,"","","","","","",6,1,0,1,8,1,0,1,0,1,"","","","","","","","","","","","","","","","","","","","","","","","",20000,1,"","",0,1,"","","","",2,1,"","","","","","",3,1,"","","","","","","","","","","","","","","","","","","","","","","","","","","","","","","","","","","","","","","","","","","","","","","","","","","","","",""
"35049001","CANCALE",48.711667,-1.843333,40,1981030209,"","","","",6.,1,200,1,"","","","","","","","","","","","","","","","","","","","","","","","","","","","",7.,1,5.7,1,"","","","","","","","","","","","","","","","","","","","","","","","","","",93,1,"","","","","","","","","","","","",9.3,1,1000.4,1,"","","","","","",7,1,7,1,7,1,"","","","","","","","","","","","","","","","","","","","","","","","","","","","",18000,1,"","",60,1,6,1,"","","","","","","","","","",3,1,"","","","","","","","","","","","","","","","","","","","","","","","","","","","","","","","","","","","","","","","","","","","","","","","","","","","","",""
"35049001","CANCALE",48.711667,-1.843333,40,1981030212,"","","","",7.,1,220,1,"","","","","","","","","","","","","","","","","","","","","","","","","","","","",10.,1,6.6,1,"","","","","","","","","","","","","","","","","","","","","","","","","","",80,1,"","","","","","","","","","","","",9.9,1,1000.8,1,"","","","","","",8,1,8,1,8,1,"","","","","","","","","","","","","","","","","","","","","","","","","","","","",16000,1,"","",80,1,6,1,"","","","","","","","","","",3,1,"","","","","","","","","","","","","","","","","","","","","","","","","","","","","","","","","","","","","","","","","","","","","","","","","","","","","",""
"35049001","CANCALE",48.711667,-1.843333,40,1981030215,"","","","",10.,1,240,1,"","","","","","","","","","","","","","","","","","","","","","","","","","","","",10.5,1,6.4,1,"","","","","","","","","","","","","","","","","","","","","","","","","","",77,1,"","","","","","","","","","","","",9.8,1,999.9,1,"","","","","","",7,1,7,1,5,1,"","","","","","","","","","","","","","","","","","","","","","","","","","","","",25000,1,"","",2,1,8,1,"","","","","","","","","","",3,1,"","","","","","","","","","","","","","","","","","","","","","","","","","","","","","","","","","","","","","","","","","","","","","","","","","","","","",""
"35049001","CANCALE",48.711667,-1.843333,40,1981030218,"","","","",7.,1,220,1,"","","","","","","","","","","","","","","","","","","","","","","","","","","","",8.8,1,6.9,1,"","","","","","","","","","","","","","","","","","","","","","","","","","",89,1,"","","","","","","","","","","","",10.1,1,1000.,1,"","","","","","",6,1,6,1,8,1,0,1,0,1,"","","","","","","","","","","","","","","","","","","","","","","","",18000,1,"","",2,1,8,1,"","","","","","","","","","",3,1,"","","","","","","","","","","","","","","","","","","","","","","","","","","","","","","","","","","","","","","","","","","","","","","","","","","","","",""
"35049001","CANCALE",48.711667,-1.843333,40,1981030221,"","","","",6.,1,200,1,"","","","","","","","","","","","","","","","","","","","","","","","","","","","",7.5,1,6.2,1,"","","","","","","","","","","","","","","","","","","","","","","","","","",93,1,"","","","","","","","","","","","",9.6,1,999.9,1,"","","","","","",3,1,0,1,8,1,0,1,0,1,"","","","","","","","","","","","","","","","","","","","","","","","",35000,1,"","",0,1,"","","","","","","","","","","","",3,1,"","","","","","","","","","","","","","","","","","","","","","","","","","","","","","","","","","","","","","","","","","","","","","","","","","","","","",""
"35049001","CANCALE",48.711667,-1.843333,40,1981030300,"","","","",7.,1,200,1,"","","","","","","","","","","","","","","","","","","","","","","","","","","","",7.,1,5.7,1,"","","","","","","","","","","","","","","","","","","","","","","","","","",93,1,"","","","","","","","","","","","",9.3,1,998.7,1,"","","","","","",4,1,0,1,5,1,0,1,0,1,"","","","","","","","","","","","","","","","","","","","","","","","",35000,1,"","",0,1,"","","","","","","","","","","","",3,1,"","","","","","","","","","","","","","","","","","","","","","","","","","","","","","","","","","","","","","","","","","","","","","","","","","","","","",""
"35049001","CANCALE",48.711667,-1.843333,40,1981030303,"","","","",5.,1,220,1,"","","","","","","","","","","","","","","","","","","","","","","","","","","","",7.,1,5.7,1,"","","","","","","","","","","","","","","","","","","","","","","","","","",93,1,"","","","","","","","","","","","",9.3,1,997.6,1,"","","","","","",5,1,5,1,5,1,0,1,0,1,"","","","","","","","","","","","","","","","","","","","","","","","",35000,1,"","",0,1,"","","","","","","","","","","","",3,1,"","","","","","","","","","","","","","","","","","","","","","","","","","","","","","","","","","","","","","","","","","","","","","","","","","","","","",""
"35049001","CANCALE",48.711667,-1.843333,40,1981030306,"","","","",7.,1,280,1,"","","","","","","","","","","","","","","","","","","","","","","","","","","","",6.5,1,5.6,1,"","","","","","","","","","","","","","","","","","","","","","","","","","",95,1,"","","","","","","","","","","","",9.2,1,997.5,1,"","","","","","",6,1,5,1,5,1,0,1,0,1,"","","","","","","","","","","","","","","","","","","","","","","","",35000,1,"","",0,1,"","","","",1,1,"","","","","","",3,1,"","","","","","","","","","","","","","","","","","","","","","","","","","","","","","","","","","","","","","","","","","","","","","","","","","","","","",""
"35049001","CANCALE",48.711667,-1.843333,40,1981030309,"","","","",6.,1,300,1,"","","","","","","","","","","","","","","","","","","","","","","","","","","","",6.5,1,5.9,1,"","","","","","","","","","","","","","","","","","","","","","","","","","",96,1,"","","","","","","","","","","","",9.4,1,998.8,1,"","","","","","",8,1,8,1,8,1,"","","","","","","","","","","","","","","","","","","","","","","","","","","","",16000,1,"","",21,1,6,1,"","","","","","","","","","",3,1,"","","","","","","","","","","","","","","","","","","","","","","","","","","","","","","","","","","","","","","","","","","","","","","","","","","","","",""
"35049001","CANCALE",48.711667,-1.843333,40,1981030312,"","","","",6.,1,340,1,"","","","","","","","","","","","","","","","","","","","","","","","","","","","",7.,1,5.7,1,"","","","","","","","","","","","","","","","","","","","","","","","","","",92,1,"","","","","","","","","","","","",9.3,1,1002.2,1,"","","","","","",6,1,6,1,8,1,0,1,0,1,"","","","","","","","","","","","","","","","","","","","","","","","",22000,1,"","",1,1,6,1,"","","","","","","","","","",3,1,"","","","","","","","","","","","","","","","","","","","","","","","","","","","","","","","","","","","","","","","","","","","","","","","","","","","","",""
"35049001","CANCALE",48.711667,-1.843333,40,1981030315,"","","","",8.,1,340,1,"","","","","","","","","","","","","","","","","","","","","","","","","","","","",7.5,1,6.2,1,"","","","","","","","","","","","","","","","","","","","","","","","","","",93,1,"","","","","","","","","","","","",9.6,1,1005.5,1,"","","","","","",7,1,7,1,8,1,"","","","","","","","","","","","","","","","","","","","","","","","","","","","",15000,1,"","",3,1,2,1,"","","","","","","","","","",3,1,"","","","","","","","","","","","","","","","","","","","","","","","","","","","","","","","","","","","","","","","","","","","","","","","","","","","","",""
"35049001","CANCALE",48.711667,-1.843333,40,1981030318,"","","","",7.,1,20,1,"","","","","","","","","","","","","","","","","","","","","","","","","","","","",7.,1,5.7,1,"","","","","","","","","","","","","","","","","","","","","","","","","","",92,1,"","","","","","","","","","","","",9.3,1,1009.,1,"","","","","","",8,1,8,1,8,1,"","","","","","","","","","","","","","","","","","","","","","","","","","","","",7000,1,"","",25,1,2,1,"","","","","","","","","","",3,1,"","","","","","","","","","","","","","","","","","","","","","","","","","","","","","","","","","","","","","","","","","","","","","","","","","","","","",""
"35049001","CANCALE",48.711667,-1.843333,40,1981030321,"","","","",6.,1,40,1,"","","","","","","","","","","","","","","","","","","","","","","","","","","","",6.5,1,5.3,1,"","","","","","","","","","","","","","","","","","","","","","","","","","",93,1,"","","","","","","","","","","","",9.,1,1012.3,1,"","","","","","",8,1,8,1,8,1,"","","","","","","","","","","","","","","","","","","","","","","","","","","","",7000,1,"","",0,1,"","","","","","","","","","","","",3,1,"","","","","","","","","","","","","","","","","","","","","","","","","","","","","","","","","","","","","","","","","","","","","","","","","","","","","",""
"35049001","CANCALE",48.711667,-1.843333,40,1981030400,"","","","",6.,1,40,1,"","","","","","","","","","","","","","","","","","","","","","","","","","","","",6.,1,4.6,1,"","","","","","","","","","","","","","","","","","","","","","","","","","",93,1,"","","","","","","","","","","","",8.6,1,1014.5,1,"","","","","","",8,1,8,1,5,1,"","","","","","","","","","","","","","","","","","","","","","","","","","","","",18000,1,"","",0,1,"","","","","","","","","","","","",3,1,"","","","","","","","","","","","","","","","","","","","","","","","","","","","","","","","","","","","","","","","","","","","","","","","","","","","","",""
"35049001","CANCALE",48.711667,-1.843333,40,1981030403,"","","","",3.,1,360,1,"","","","","","","","","","","","","","","","","","","","","","","","","","","","",5.5,1,4.1,1,"","","","","","","","","","","","","","","","","","","","","","","","","","",92,1,"","","","","","","","","","","","",8.3,1,1014.9,1,"","","","","","",8,1,8,1,5,1,"","","","","","","","","","","","","","","","","","","","","","","","","","","","",18000,1,"","",0,1,"","","","","","","","","","","","",3,1,"","","","","","","","","","","","","","","","","","","","","","","","","","","","","","","","","","","","","","","","","","","","","","","","","","","","","",""
"35049001","CANCALE",48.711667,-1.843333,40,1981030406,"","","","",3.,1,40,1,"","","","","","","","","","","","","","","","","","","","","","","","","","","","",5.1,1,4.,1,"","","","","","","","","","","","","","","","","","","","","","","","","","",94,1,"","","","","","","","","","","","",8.2,1,1014.9,1,"","","","","","",8,1,8,1,5,1,"","","","","","","","","","","","","","","","","","","","","","","","","","","","",16000,1,"","",0,1,"","","","",0,1,"","","","","","",2,1,"","","","","","","","","","","","","","","","","","","","","","","","","","","","","","","","","","","","","","","","","","","","","","","","","","","","","",""
"35049001","CANCALE",48.711667,-1.843333,40,1981030409,"","","","",1.,1,60,1,"","","","","","","","","","","","","","","","","","","","","","","","","","","","",5.4,1,3.1,1,"","","","","","","","","","","","","","","","","","","","","","","","","","",86,1,"","","","","","","","","","","","",7.7,1,1016.9,1,"","","","","","",8,1,8,1,5,1,"","","","","","","","","","","","","","","","","","","","","","","","","","","","",10000,1,"","",2,1,2,1,"","","","","","","","","","",2,1,"","","","","","","","","","","","","","","","","","","","","","","","","","","","","","","","","","","","","","","","","","","","","","","","","","","","","",""
"35049001","CANCALE",48.711667,-1.843333,40,1981030412,"","","","",0.,1,0,1,"","","","","","","","","","","","","","","","","","","","","","","","","","","","",6.6,1,3.1,1,"","","","","","","","","","","","","","","","","","","","","","","","","","",79,1,"","","","","","","","","","","","",7.7,1,1017.3,1,"","","","","","",7,1,7,1,5,1,0,1,0,1,"","","","","","","","","","","","","","","","","","","","","","","","",9000,1,"","",2,1,2,1,"","","","","","","","","","",2,1,"","","","","","","","","","","","","","","","","","","","","","","","","","","","","","","","","","","","","","","","","","","","","","","","","","","","","",""
"35049001","CANCALE",48.711667,-1.843333,40,1981030415,"","","","",1.,1,340,1,"","","","","","","","","","","","","","","","","","","","","","","","","","","","",6.5,1,3.1,1,"","","","","","","","","","","","","","","","","","","","","","","","","","",79,1,"","","","","","","","","","","","",7.7,1,1016.8,1,"","","","","","",7,1,7,1,8,1,0,1,0,1,"","","","","","","","","","","","","","","","","","","","","","","","",10000,1,"","",2,1,2,1,"","","","","","","","","","",2,1,"","","","","","","","","","","","","","","","","","","","","","","","","","","","","","","","","","","","","","","","","","","","","","","","","","","","","",""
"35049001","CANCALE",48.711667,-1.843333,40,1981030418,"","","","",0.,1,0,1,"","","","","","","","","","","","","","","","","","","","","","","","","","","","",5.5,1,2.5,1,"","","","","","","","","","","","","","","","","","","","","","","","","","",81,1,"","","","","","","","","","","","",7.4,1,1016.5,1,"","","","","","",8,1,8,1,5,1,"","","","","","","","","","","","","","","","","","","","","","","","","","","","",8000,1,"","",2,1,2,1,"","","","","","","","","","",2,1,"","","","","","","","","","","","","","","","","","","","","","","","","","","","","","","","","","","","","","","","","","","","","","","","","","","","","",""
"35049001","CANCALE",48.711667,-1.843333,40,1981030421,"","","","",1.,1,100,1,"","","","","","","","","","","","","","","","","","","","","","","","","","","","",4.8,1,2.7,1,"","","","","","","","","","","","","","","","","","","","","","","","","","",87,1,"","","","","","","","","","","","",7.5,1,1016.5,1,"","","","","","",0,1,"","",0,1,0,1,0,1,"","","","","","","","","","","","","","","","","","","","","","","","",10000,1,"","",0,1,"","","","","","","","","","","","",2,1,"","","","","","","","","","","","","","","","","","","","","","","","","","","","","","","","","","","","","","","","","","","","","","","","","","","","","",""
"35049001","CANCALE",48.711667,-1.843333,40,1981030500,"","","","",4.,1,200,1,"","","","","","","","","","","","","","","","","","","","","","","","","","","","",4.3,1,1.6,1,"","","","","","","","","","","","","","","","","","","","","","","","","","",84,1,"","","","","","","","","","","","",6.9,1,1016.,1,"","","","","","",0,1,"","",0,1,0,1,0,1,"","","","","","","","","","","","","","","","","","","","","","","","",6000,1,"","",0,1,"","","","","","","","","","","","",2,1,"","","","","","","","","","","","","","","","","","","","","","","","","","","","","","","","","","","","","","","","","","","","","","","","","","","","","",""
"35049001","CANCALE",48.711667,-1.843333,40,1981030503,"","","","",5.,1,200,1,"","","","","","","","","","","","","","","","","","","","","","","","","","","","",3.5,1,1.2,1,"","","","","","","","","","","","","","","","","","","","","","","","","","",85,1,"","","","","","","","","","","","",6.7,1,1014.5,1,"","","","","","",0,1,"","",0,1,0,1,0,1,"","","","","","","","","","","","","","","","","","","","","","","","",6000,1,"","",0,1,"","","","","","","","","","","","",2,1,"","","","","","","","","","","","","","","","","","","","","","","","","","","","","","","","","","","","","","","","","","","","","","","","","","","","","",""
"35049001","CANCALE",48.711667,-1.843333,40,1981030506,"","","","",4.,1,180,1,"","","","","","","","","","","","","","","","","","","","","","","","","","","","",3.,1,0.4,1,"","","","","","","","","","","","","","","","","","","","","","","","","","",83,1,"","","","","","","","","","","","",6.3,1,1014.7,1,"","","","","","",3,1,0,1,0,1,0,1,2,1,"","","","","","","","","","","","","","","","","","","","","","","","",6000,1,"","",0,1,"","","","",0,1,"","","","","","",2,1,"","","","","","","","","","","","","","","","","","","","","","","","","","","","","","","","","","","","","","","","","","","","","","","","","","","","","",""
"35049001","CANCALE",48.711667,-1.843333,40,1981030509,"","","","",5.,1,180,1,"","","","","","","","","","","","","","","","","","","","","","","","","","","","",4.,1,0.8,1,"","","","","","","","","","","","","","","","","","","","","","","","","","",80,1,"","","","","","","","","","","","",6.5,1,1014.3,1,"","","","","","",7,1,7,1,0,1,5,1,6,1,"","","","","","","","","","","","","","","","","","","","","","","","",7000,1,"","",3,1,1,1,"","","","","","","","","","",2,1,"","","","","","","","","","","","","","","","","","","","","","","","","","","","","","","","","","","","","","","","","","","","","","","","","","","","","",""
"35049001","CANCALE",48.711667,-1.843333,40,1981030512,"","","","",7.,1,180,1,"","","","","","","","","","","","","","","","","","","","","","","","","","","","",7.,1,2.9,1,"","","","","","","","","","","","","","","","","","","","","","","","","","",76,1,"","","","","","","","","","","","",7.6,1,1013.5,1,"","","","","","",6,1,6,1,0,1,0,1,6,1,"","","","","","","","","","","","","","","","","","","","","","","","",14000,1,"","",3,1,1,1,"","","","","","","","","","",3,1,"","","","","","","","","","","","","","","","","","","","","","","","","","","","","","","","","","","","","","","","","","","","","","","","","","","","","",""
"35049001","CANCALE",48.711667,-1.843333,40,1981030515,"","","","",6.,1,180,1,"","","","","","","","","","","","","","","","","","","","","","","","","","","","",7.5,1,2.7,1,"","","","","","","","","","","","","","","","","","","","","","","","","","",72,1,"","","","","","","","","","","","",7.5,1,1010.8,1,"","","","","","",8,1,8,1,0,1,7,1,"","","","","","","","","","","","","","","","","","","","","","","","","","",10000,1,"","",2,1,2,1,"","","","","","","","","","",3,1,"","","","","","","","","","","","","","","","","","","","","","","","","","","","","","","","","","","","","","","","","","","","","","","","","","","","","",""
"35049001","CANCALE",48.711667,-1.843333,40,1981030518,"","","","",6.,1,120,1,"","","","","","","","","","","","","","","","","","","","","","","","","","","","",7.,1,4.9,1,"","","","","","","","","","","","","","","","","","","","","","","","","","",88,1,"","","","","","","","","","","","",8.8,1,1009.7,1,"","","","","","",8,1,8,1,0,1,2,1,"","","","","","","","","","","","","","","","","","","","","","","","","","",7000,1,"","",2,1,2,1,"","","","","","","","","","",3,1,"","","","","","","","","","","","","","","","","","","","","","","","","","","","","","","","","","","","","","","","","","","","","","","","","","","","","",""
"35049001","CANCALE",48.711667,-1.843333,40,1981030521,"","","","",7.,1,120,1,"","","","","","","","","","","","","","","","","","","","","","","","","","","","",6.5,1,4.6,1,"","","","","","","","","","","","","","","","","","","","","","","","","","",88,1,"","","","","","","","","","","","",8.6,1,1009.1,1,"","","","","","",8,1,8,1,7,1,"","","","","","","","","","","","","","","","","","","","","","","","","","","","",7000,1,"","",61,1,"","","","","","","","","","","","",3,1,"","","","","","","","","","","","","","","","","","","","","","","","","","","","","","","","","","","","","","","","","","","","","","","","","","","","","",""
"35049001","CANCALE",48.711667,-1.843333,40,1981030600,"","","","",9.,1,180,1,"","","","","","","","","","","","","","","","","","","","","","","","","","","","",7.5,1,5.7,1,"","","","","","","","","","","","","","","","","","","","","","","","","","",90,1,"","","","","","","","","","","","",9.3,1,1007.3,1,"","","","","","",8,1,8,1,5,1,"","","","","","","","","","","","","","","","","","","","","","","","","","","","",7000,1,"","",61,1,"","","","","","","","","","","","",3,1,"","","","","","","","","","","","","","","","","","","","","","","","","","","","","","","","","","","","","","","","","","","","","","","","","","","","","",""
"35049001","CANCALE",48.711667,-1.843333,40,1981030603,"","","","",7.,1,220,1,"","","","","","","","","","","","","","","","","","","","","","","","","","","","",9.,1,7.7,1,"","","","","","","","","","","","","","","","","","","","","","","","","","",93,1,"","","","","","","","","","","","",10.7,1,1006.,1,"","","","","","",8,1,8,1,5,1,"","","","","","","","","","","","","","","","","","","","","","","","","","","","",7000,1,"","",61,1,"","","","","","","","","","","","",3,1,"","","","","","","","","","","","","","","","","","","","","","","","","","","","","","","","","","","","","","","","","","","","","","","","","","","","","",""
"35049001","CANCALE",48.711667,-1.843333,40,1981030606,"","","","",5.,1,220,1,"","","","","","","","","","","","","","","","","","","","","","","","","","","","",10.,1,8.7,1,"","","","","","","","","","","","","","","","","","","","","","","","","","",93,1,"","","","","","","","","","","","",11.5,1,1006.2,1,"","","","","","",8,1,8,1,5,1,"","","","","","","","","","","","","","","","","","","","","","","","","","","","",7000,1,"","",0,1,"","","","",1,1,"","","","","","",3,1,"","","","","","","","","","","","","","","","","","","","","","","","","","","","","","","","","","","","","","","","","","","","","","","","","","","","","",""
"35049001","CANCALE",48.711667,-1.843333,40,1981030609,"","","","",5.,1,220,1,"","","","","","","","","","","","","","","","","","","","","","","","","","","","",10.5,1,8.7,1,"","","","","","","","","","","","","","","","","","","","","","","","","","",91,1,"","","","","","","","","","","","",11.5,1,1007.4,1,"","","","","","",7,1,7,1,0,1,7,1,"","","","","","","","","","","","","","","","","","","","","","","","","","",16000,1,"","",1,1,2,1,"","","","","","","","","","",3,1,"","","","","","","","","","","","","","","","","","","","","","","","","","","","","","","","","","","","","","","","","","","","","","","","","","","","","",""
"35049001","CANCALE",48.711667,-1.843333,40,1981030612,"","","","",5.,1,220,1,"","","","","","","","","","","","","","","","","","","","","","","","","","","","",10.5,1,9.2,1,"","","","","","","","","","","","","","","","","","","","","","","","","","",93,1,"","","","","","","","","","","","",11.9,1,1008.4,1,"","","","","","",8,1,8,1,5,1,"","","","","","","","","","","","","","","","","","","","","","","","","","","","",7000,1,"","",61,1,6,1,"","","","","","","","","","",3,1,"","","","","","","","","","","","","","","","","","","","","","","","","","","","","","","","","","","","","","","","","","","","","","","","","","","","","",""
"35049001","CANCALE",48.711667,-1.843333,40,1981030615,"","","","",6.,1,260,1,"","","","","","","","","","","","","","","","","","","","","","","","","","","","",12.,1,8.7,1,"","","","","","","","","","","","","","","","","","","","","","","","","","",82,1,"","","","","","","","","","","","",11.5,1,1008.7,1,"","","","","","",7,1,7,1,8,1,"","","","","","","","","","","","","","","","","","","","","","","","","","","","",35000,1,"","",1,1,6,1,"","","","","","","","","","",3,1,"","","","","","","","","","","","","","","","","","","","","","","","","","","","","","","","","","","","","","","","","","","","","","","","","","","","","",""
"35049001","CANCALE",48.711667,-1.843333,40,1981030618,"","","","",5.,1,240,1,"","","","","","","","","","","","","","","","","","","","","","","","","","","","",11.5,1,9.2,1,"","","","","","","","","","","","","","","","","","","","","","","","","","",87,1,"","","","","","","","","","","","",11.9,1,1009.2,1,"","","","","","",4,1,0,1,8,1,0,1,0,1,"","","","","","","","","","","","","","","","","","","","","","","","",35000,1,"","",1,1,6,1,"","","","","","","","","","",2,1,"","","","","","","","","","","","","","","","","","","","","","","","","","","","","","","","","","","","","","","","","","","","","","","","","","","","","",""
"35049001","CANCALE",48.711667,-1.843333,40,1981030621,"","","","",4.,1,200,1,"","","","","","","","","","","","","","","","","","","","","","","","","","","","",10.5,1,9.2,1,"","","","","","","","","","","","","","","","","","","","","","","","","","",93,1,"","","","","","","","","","","","",11.9,1,1009.9,1,"","","","","","",3,1,0,1,8,1,0,1,0,1,"","","","","","","","","","","","","","","","","","","","","","","","",35000,1,"","",0,1,"","","","","","","","","","","","",2,1,"","","","","","","","","","","","","","","","","","","","","","","","","","","","","","","","","","","","","","","","","","","","","","","","","","","","","",""
"35049001","CANCALE",48.711667,-1.843333,40,1981030700,"","","","",5.,1,200,1,"","","","","","","","","","","","","","","","","","","","","","","","","","","","",11.5,1,10.2,1,"","","","","","","","","","","","","","","","","","","","","","","","","","",94,1,"","","","","","","","","","","","",12.7,1,1011.2,1,"","","","","","",8,1,8,1,7,1,"","","","","","","","","","","","","","","","","","","","","","","","","","","","",35000,1,"","",61,1,"","","","","","","","","","","","",2,1,"","","","","","","","","","","","","","","","","","","","","","","","","","","","","","","","","","","","","","","","","","","","","","","","","","","","","",""
"35049001","CANCALE",48.711667,-1.843333,40,1981030703,"","","","",4.,1,220,1,"","","","","","","","","","","","","","","","","","","","","","","","","","","","",11.5,1,10.2,1,"","","","","","","","","","","","","","","","","","","","","","","","","","",94,1,"","","","","","","","","","","","",12.7,1,1010.7,1,"","","","","","",8,1,8,1,7,1,"","","","","","","","","","","","","","","","","","","","","","","","","","","","",35000,1,"","",0,1,"","","","","","","","","","","","",2,1,"","","","","","","","","","","","","","","","","","","","","","","","","","","","","","","","","","","","","","","","","","","","","","","","","","","","","",""
"35049001","CANCALE",48.711667,-1.843333,40,1981030706,"","","","",6.,1,180,1,"","","","","","","","","","","","","","","","","","","","","","","","","","","","",11.6,1,10.5,1,"","","","","","","","","","","","","","","","","","","","","","","","","","",95,1,"","","","","","","","","","","","",13.,1,1010.6,1,"","","","","","",8,1,8,1,5,1,"","","","","","","","","","","","","","","","","","","","","","","","","","","","",35000,1,"","",0,1,"","","","",1,1,"","","","","","",3,1,"","","","","","","","","","","","","","","","","","","","","","","","","","","","","","","","","","","","","","","","","","","","","","","","","","","","","",""
"35049001","CANCALE",48.711667,-1.843333,40,1981030709,"","","","",7.,1,200,1,"","","","","","","","","","","","","","","","","","","","","","","","","","","","",12.5,1,10.3,1,"","","","","","","","","","","","","","","","","","","","","","","","","","",88,1,"","","","","","","","","","","","",12.8,1,1011.4,1,"","","","","","",8,1,5,1,5,1,7,1,"","","","","","","","","","","","","","","","","","","","","","","","","","",18000,1,"","",2,1,2,1,"","","","","","","","","","",3,1,"","","","","","","","","","","","","","","","","","","","","","","","","","","","","","","","","","","","","","","","","","","","","","","","","","","","","",""
"35049001","CANCALE",48.711667,-1.843333,40,1981030712,"","","","",8.,1,200,1,"","","","","","","","","","","","","","","","","","","","","","","","","","","","",14.5,1,10.9,1,"","","","","","","","","","","","","","","","","","","","","","","","","","",81,1,"","","","","","","","","","","","",13.4,1,1011.2,1,"","","","","","",8,1,8,1,5,1,"","","","","","","","","","","","","","","","","","","","","","","","","","","","",30000,1,"","",2,1,2,1,"","","","","","","","","","",3,1,"","","","","","","","","","","","","","","","","","","","","","","","","","","","","","","","","","","","","","","","","","","","","","","","","","","","","",""
"35049001","CANCALE",48.711667,-1.843333,40,1981030715,"","","","",8.,1,240,1,"","","","","","","","","","","","","","","","","","","","","","","","","","","","",15.,1,10.9,1,"","","","","","","","","","","","","","","","","","","","","","","","","","",79,1,"","","","","","","","","","","","",13.4,1,1010.7,1,"","","","","","",8,1,8,1,2,1,7,1,"","","","","","","","","","","","","","","","","","","","","","","","","","",22000,1,"","",2,1,2,1,"","","","","","","","","","",3,1,"","","","","","","","","","","","","","","","","","","","","","","","","","","","","","","","","","","","","","","","","","","","","","","","","","","","","",""
"35049001","CANCALE",48.711667,-1.843333,40,1981030718,"","","","",5.,1,180,1,"","","","","","","","","","","","","","","","","","","","","","","","","","","","",12.5,1,10.7,1,"","","","","","","","","","","","","","","","","","","","","","","","","","",91,1,"","","","","","","","","","","","",13.2,1,1010.4,1,"","","","","","",7,1,5,1,2,1,4,1,2,1,"","","","","","","","","","","","","","","","","","","","","","","","",14000,1,"","",1,1,6,1,"","","","","","","","","","",3,1,"","","","","","","","","","","","","","","","","","","","","","","","","","","","","","","","","","","","","","","","","","","","","","","","","","","","","",""
"35049001","CANCALE",48.711667,-1.843333,40,1981030721,"","","","",6.,1,200,1,"","","","","","","","","","","","","","","","","","","","","","","","","","","","",12.3,1,11.1,1,"","","","","","","","","","","","","","","","","","","","","","","","","","",94,1,"","","","","","","","","","","","",13.5,1,1010.,1,"","","","","","",8,1,8,1,5,1,"","","","","","","","","","","","","","","","","","","","","","","","","","","","",25000,1,"","",0,1,"","","","","","","","","","","","",3,1,"","","","","","","","","","","","","","","","","","","","","","","","","","","","","","","","","","","","","","","","","","","","","","","","","","","","","",""
"35049001","CANCALE",48.711667,-1.843333,40,1981030800,"","","","",5.,1,180,1,"","","","","","","","","","","","","","","","","","","","","","","","","","","","",11.8,1,10.5,1,"","","","","","","","","","","","","","","","","","","","","","","","","","",94,1,"","","","","","","","","","","","",13.,1,1009.1,1,"","","","","","",8,1,8,1,5,1,"","","","","","","","","","","","","","","","","","","","","","","","","","","","",25000,1,"","",0,1,"","","","","","","","","","","","",3,1,"","","","","","","","","","","","","","","","","","","","","","","","","","","","","","","","","","","","","","","","","","","","","","","","","","","","","",""
"35049001","CANCALE",48.711667,-1.843333,40,1981030803,"","","","",8.,1,180,1,"","","","","","","","","","","","","","","","","","","","","","","","","","","","",11.8,1,10.8,1,"","","","","","","","","","","","","","","","","","","","","","","","","","",96,1,"","","","","","","","","","","","",13.3,1,1005.8,1,"","","","","","",8,1,8,1,7,1,"","","","","","","","","","","","","","","","","","","","","","","","","","","","",25000,1,"","",61,1,"","","","","","","","","","","","",3,1,"","","","","","","","","","","","","","","","","","","","","","","","","","","","","","","","","","","","","","","","","","","","","","","","","","","","","",""
"35049001","CANCALE",48.711667,-1.843333,40,1981030806,"","","","",7.,1,200,1,"","","","","","","","","","","","","","","","","","","","","","","","","","","","",12.6,1,11.2,1,"","","","","","","","","","","","","","","","","","","","","","","","","","",93,1,"","","","","","","","","","","","",13.6,1,1004.4,1,"","","","","","",8,1,8,1,7,1,"","","","","","","","","","","","","","","","","","","","","","","","","","","","",25000,1,"","",0,1,"","","","",1,1,"","","","","","",3,1,"","","","","","","","","","","","","","","","","","","","","","","","","","","","","","","","","","","","","","","","","","","","","","","","","","","","","",""
"35049001","CANCALE",48.711667,-1.843333,40,1981030809,"","","","",9.,1,240,1,"","","","","","","","","","","","","","","","","","","","","","","","","","","","",12.2,1,9.9,1,"","","","","","","","","","","","","","","","","","","","","","","","","","",88,1,"","","","","","","","","","","","",12.5,1,1005.9,1,"","","","","","",8,1,8,1,7,1,"","","","","","","","","","","","","","","","","","","","","","","","","","","","",22000,1,"","",61,1,6,1,"","","","","","","","","","",3,1,"","","","","","","","","","","","","","","","","","","","","","","","","","","","","","","","","","","","","","","","","","","","","","","","","","","","","",""
"35049001","CANCALE",48.711667,-1.843333,40,1981030812,"","","","",9.,1,240,1,"","","","","","","","","","","","","","","","","","","","","","","","","","","","",13.5,1,10.3,1,"","","","","","","","","","","","","","","","","","","","","","","","","","",83,1,"","","","","","","","","","","","",12.8,1,1009.2,1,"","","","","","",8,1,8,1,5,1,"","","","","","","","","","","","","","","","","","","","","","","","","","","","",30000,1,"","",2,1,6,1,"","","","","","","","","","",3,1,"","","","","","","","","","","","","","","","","","","","","","","","","","","","","","","","","","","","","","","","","","","","","","","","","","","","","",""
"35049001","CANCALE",48.711667,-1.843333,40,1981030815,"","","","",8.,1,260,1,"","","","","","","","","","","","","","","","","","","","","","","","","","","","",14.2,1,12.5,1,"","","","","","","","","","","","","","","","","","","","","","","","","","",92,1,"","","","","","","","","","","","",14.9,1,1010.8,1,"","","","","","",7,1,7,1,8,1,"","","","","","","","","","","","","","","","","","","","","","","","","","","","",30000,1,"","",25,1,2,1,"","","","","","","","","","",3,1,"","","","","","","","","","","","","","","","","","","","","","","","","","","","","","","","","","","","","","","","","","","","","","","","","","","","","",""
"35049001","CANCALE",48.711667,-1.843333,40,1981030818,"","","","",7.,1,240,1,"","","","","","","","","","","","","","","","","","","","","","","","","","","","",13.5,1,11.3,1,"","","","","","","","","","","","","","","","","","","","","","","","","","",88,1,"","","","","","","","","","","","",13.7,1,1011.9,1,"","","","","","",8,1,8,1,8,1,"","","","","","","","","","","","","","","","","","","","","","","","","","","","",25000,1,"","",2,1,8,1,"","","","","","","","","","",3,1,"","","","","","","","","","","","","","","","","","","","","","","","","","","","","","","","","","","","","","","","","","","","","","","","","","","","","",""
"35049001","CANCALE",48.711667,-1.843333,40,1981030821,"","","","",6.,1,240,1,"","","","","","","","","","","","","","","","","","","","","","","","","","","","",12.8,1,10.9,1,"","","","","","","","","","","","","","","","","","","","","","","","","","",90,1,"","","","","","","","","","","","",13.4,1,1014.,1,"","","","","","",8,1,8,1,8,1,"","","","","","","","","","","","","","","","","","","","","","","","","","","","",25000,1,"","",0,1,"","","","","","","","","","","","",3,1,"","","","","","","","","","","","","","","","","","","","","","","","","","","","","","","","","","","","","","","","","","","","","","","","","","","","","",""
"35049001","CANCALE",48.711667,-1.843333,40,1981030900,"","","","",6.,1,220,1,"","","","","","","","","","","","","","","","","","","","","","","","","","","","",12.5,1,11.3,1,"","","","","","","","","","","","","","","","","","","","","","","","","","",94,1,"","","","","","","","","","","","",13.7,1,1015.6,1,"","","","","","",6,1,6,1,5,1,0,1,0,1,"","","","","","","","","","","","","","","","","","","","","","","","",35000,1,"","",0,1,"","","","","","","","","","","","",3,1,"","","","","","","","","","","","","","","","","","","","","","","","","","","","","","","","","","","","","","","","","","","","","","","","","","","","","",""
"35049001","CANCALE",48.711667,-1.843333,40,1981030903,"","","","",6.,1,220,1,"","","","","","","","","","","","","","","","","","","","","","","","","","","","",12.4,1,10.5,1,"","","","","","","","","","","","","","","","","","","","","","","","","","",91,1,"","","","","","","","","","","","",13.,1,1015.6,1,"","","","","","",8,1,8,1,0,1,7,1,"","","","","","","","","","","","","","","","","","","","","","","","","","",30000,1,"","",0,1,"","","","","","","","","","","","",3,1,"","","","","","","","","","","","","","","","","","","","","","","","","","","","","","","","","","","","","","","","","","","","","","","","","","","","","",""
"35049001","CANCALE",48.711667,-1.843333,40,1981030906,"","","","",5.,1,240,1,"","","","","","","","","","","","","","","","","","","","","","","","","","","","",12.3,1,10.6,1,"","","","","","","","","","","","","","","","","","","","","","","","","","",92,1,"","","","","","","","","","","","",13.1,1,1016.,1,"","","","","","",8,1,8,1,5,1,"","","","","","","","","","","","","","","","","","","","","","","","","","","","",35000,1,"","",0,1,"","","","",1,1,"","","","","","",3,1,"","","","","","","","","","","","","","","","","","","","","","","","","","","","","","","","","","","","","","","","","","","","","","","","","","","","","",""
"35049001","CANCALE",48.711667,-1.843333,40,1981030909,"","","","",5.,1,220,1,"","","","","","","","","","","","","","","","","","","","","","","","","","","","",12.5,1,10.1,1,"","","","","","","","","","","","","","","","","","","","","","","","","","",87,1,"","","","","","","","","","","","",12.6,1,1017.8,1,"","","","","","",8,1,5,1,5,1,2,1,"","","","","","","","","","","","","","","","","","","","","","","","","","",22000,1,"","",2,1,6,1,"","","","","","","","","","",3,1,"","","","","","","","","","","","","","","","","","","","","","","","","","","","","","","","","","","","","","","","","","","","","","","","","","","","","",""
"35049001","CANCALE",48.711667,-1.843333,40,1981030912,"","","","",8.,1,220,1,"","","","","","","","","","","","","","","","","","","","","","","","","","","","",13.6,1,10.3,1,"","","","","","","","","","","","","","","","","","","","","","","","","","",82,1,"","","","","","","","","","","","",12.8,1,1017.5,1,"","","","","","",8,1,8,1,5,1,"","","","","","","","","","","","","","","","","","","","","","","","","","","","",35000,1,"","",2,1,6,1,"","","","","","","","","","",3,1,"","","","","","","","","","","","","","","","","","","","","","","","","","","","","","","","","","","","","","","","","","","","","","","","","","","","","",""
"35049001","CANCALE",48.711667,-1.843333,40,1981030915,"","","","",9.,1,240,1,"","","","","","","","","","","","","","","","","","","","","","","","","","","","",13.3,1,10.3,1,"","","","","","","","","","","","","","","","","","","","","","","","","","",84,1,"","","","","","","","","","","","",12.8,1,1017.4,1,"","","","","","",8,1,8,1,5,1,"","","","","","","","","","","","","","","","","","","","","","","","","","","","",25000,1,"","",2,1,2,1,"","","","","","","","","","",3,1,"","","","","","","","","","","","","","","","","","","","","","","","","","","","","","","","","","","","","","","","","","","","","","","","","","","","","",""
"35049001","CANCALE",48.711667,-1.843333,40,1981030918,"","","","",4.,1,220,1,"","","","","","","","","","","","","","","","","","","","","","","","","","","","",12.6,1,11.2,1,"","","","","","","","","","","","","","","","","","","","","","","","","","",93,1,"","","","","","","","","","","","",13.6,1,1017.2,1,"","","","","","",8,1,8,1,7,1,"","","","","","","","","","","","","","","","","","","","","","","","","","","","",14000,1,"","",61,1,6,1,"","","","","","","","","","",3,1,"","","","","","","","","","","","","","","","","","","","","","","","","","","","","","","","","","","","","","","","","","","","","","","","","","","","","",""
"35049001","CANCALE",48.711667,-1.843333,40,1981030921,"","","","",6.,1,200,1,"","","","","","","","","","","","","","","","","","","","","","","","","","","","",12.5,1,11.2,1,"","","","","","","","","","","","","","","","","","","","","","","","","","",94,1,"","","","","","","","","","","","",13.6,1,1017.5,1,"","","","","","",8,1,8,1,7,1,"","","","","","","","","","","","","","","","","","","","","","","","","","","","",14000,1,"","",61,1,"","","","","","","","","","","","",3,1,"","","","","","","","","","","","","","","","","","","","","","","","","","","","","","","","","","","","","","","","","","","","","","","","","","","","","",""
"35049001","CANCALE",48.711667,-1.843333,40,1981031000,"","","","",5.,1,220,1,"","","","","","","","","","","","","","","","","","","","","","","","","","","","",12.5,1,11.2,1,"","","","","","","","","","","","","","","","","","","","","","","","","","",94,1,"","","","","","","","","","","","",13.6,1,1017.9,1,"","","","","","",8,1,8,1,0,1,7,1,"","","","","","","","","","","","","","","","","","","","","","","","","","",35000,1,"","",0,1,"","","","","","","","","","","","",3,1,"","","","","","","","","","","","","","","","","","","","","","","","","","","","","","","","","","","","","","","","","","","","","","","","","","","","","",""
"35049001","CANCALE",48.711667,-1.843333,40,1981031003,"","","","",4.,1,200,1,"","","","","","","","","","","","","","","","","","","","","","","","","","","","",12.5,1,11.2,1,"","","","","","","","","","","","","","","","","","","","","","","","","","",94,1,"","","","","","","","","","","","",13.6,1,1017.2,1,"","","","","","",8,1,8,1,7,1,"","","","","","","","","","","","","","","","","","","","","","","","","","","","",18000,1,"","",60,1,"","","","","","","","","","","","",2,1,"","","","","","","","","","","","","","","","","","","","","","","","","","","","","","","","","","","","","","","","","","","","","","","","","","","","","",""
"35049001","CANCALE",48.711667,-1.843333,40,1981031006,"","","","",7.,1,200,1,"","","","","","","","","","","","","","","","","","","","","","","","","","","","",12.8,1,10.9,1,"","","","","","","","","","","","","","","","","","","","","","","","","","",90,1,"","","","","","","","","","","","",13.4,1,1015.9,1,"","","","","","",8,1,8,1,7,1,"","","","","","","","","","","","","","","","","","","","","","","","","","","","",35000,1,"","",61,1,"","","","",2,1,"","","","","","",2,1,"","","","","","","","","","","","","","","","","","","","","","","","","","","","","","","","","","","","","","","","","","","","","","","","","","","","","",""
"35049001","CANCALE",48.711667,-1.843333,40,1981031009,"","","","",7.,1,200,1,"","","","","","","","","","","","","","","","","","","","","","","","","","","","",12.5,1,10.3,1,"","","","","","","","","","","","","","","","","","","","","","","","","","",88,1,"","","","","","","","","","","","",12.8,1,1015.2,1,"","","","","","",8,1,7,1,7,1,7,1,"","","","","","","","","","","","","","","","","","","","","","","","","","",9000,1,"","",61,1,6,1,"","","","","","","","","","",3,1,"","","","","","","","","","","","","","","","","","","","","","","","","","","","","","","","","","","","","","","","","","","","","","","","","","","","","",""
"35049001","CANCALE",48.711667,-1.843333,40,1981031012,"","","","",7.,1,180,1,"","","","","","","","","","","","","","","","","","","","","","","","","","","","",13.5,1,10.3,1,"","","","","","","","","","","","","","","","","","","","","","","","","","",83,1,"","","","","","","","","","","","",12.8,1,1014.7,1,"","","","","","",8,1,6,1,7,1,7,1,"","","","","","","","","","","","","","","","","","","","","","","","","","",9000,1,"","",61,1,6,1,"","","","","","","","","","",3,1,"","","","","","","","","","","","","","","","","","","","","","","","","","","","","","","","","","","","","","","","","","","","","","","","","","","","","",""
"35049001","CANCALE",48.711667,-1.843333,40,1981031015,"","","","",5.,1,200,1,"","","","","","","","","","","","","","","","","","","","","","","","","","","","",16.5,1,11.6,1,"","","","","","","","","","","","","","","","","","","","","","","","","","",75,1,"","","","","","","","","","","","",14.,1,1011.9,1,"","","","","","",7,1,5,1,7,1,7,1,"","","","","","","","","","","","","","","","","","","","","","","","","","",10000,1,"","",2,1,6,1,"","","","","","","","","","",2,1,"","","","","","","","","","","","","","","","","","","","","","","","","","","","","","","","","","","","","","","","","","","","","","","","","","","","","",""
"35049001","CANCALE",48.711667,-1.843333,40,1981031018,"","","","",5.,1,180,1,"","","","","","","","","","","","","","","","","","","","","","","","","","","","",16.,1,9.,1,"","","","","","","","","","","","","","","","","","","","","","","","","","",64,1,"","","","","","","","","","","","",11.7,1,1010.6,1,"","","","","","",7,1,5,1,7,1,7,1,"","","","","","","","","","","","","","","","","","","","","","","","","","",16000,1,"","",2,1,6,1,"","","","","","","","","","",2,1,"","","","","","","","","","","","","","","","","","","","","","","","","","","","","","","","","","","","","","","","","","","","","","","","","","","","","",""
"35049001","CANCALE",48.711667,-1.843333,40,1981031021,"","","","",5.,1,220,1,"","","","","","","","","","","","","","","","","","","","","","","","","","","","",15.,1,8.9,1,"","","","","","","","","","","","","","","","","","","","","","","","","","",68,1,"","","","","","","","","","","","",11.6,1,1009.8,1,"","","","","","",8,1,8,1,0,1,7,1,"","","","","","","","","","","","","","","","","","","","","","","","","","",18000,1,"","",0,1,"","","","","","","","","","","","",2,1,"","","","","","","","","","","","","","","","","","","","","","","","","","","","","","","","","","","","","","","","","","","","","","","","","","","","","",""
"35049001","CANCALE",48.711667,-1.843333,40,1981031100,"","","","",5.,1,220,1,"","","","","","","","","","","","","","","","","","","","","","","","","","","","",15.5,1,10.5,1,"","","","","","","","","","","","","","","","","","","","","","","","","","",74,1,"","","","","","","","","","","","",13.,1,1008.3,1,"","","","","","",8,1,8,1,0,1,7,1,"","","","","","","","","","","","","","","","","","","","","","","","","","",18000,1,"","",0,1,"","","","","","","","","","","","",3,1,"","","","","","","","","","","","","","","","","","","","","","","","","","","","","","","","","","","","","","","","","","","","","","","","","","","","","",""
"35049001","CANCALE",48.711667,-1.843333,40,1981031103,"","","","",10.,1,240,1,"","","","","","","","","","","","","","","","","","","","","","","","","","","","",16.,1,12.,1,"","","","","","","","","","","","","","","","","","","","","","","","","","",79,1,"","","","","","","","","","","","",14.4,1,1006.6,1,"","","","","","",8,1,8,1,5,1,7,1,"","","","","","","","","","","","","","","","","","","","","","","","","","",18000,1,"","",0,1,"","","","","","","","","","","","",3,1,"","","","","","","","","","","","","","","","","","","","","","","","","","","","","","","","","","","","","","","","","","","","","","","","","","","","","",""
"35049001","CANCALE",48.711667,-1.843333,40,1981031106,"","","","",11.,1,240,1,"","","","","","","","","","","","","","","","","","","","","","","","","","","","",14.7,1,11.4,1,"","","","","","","","","","","","","","","","","","","","","","","","","","",83,1,"","","","","","","","","","","","",13.8,1,1005.5,1,"","","","","","",8,1,8,1,5,1,"","","","","","","","","","","","","","","","","","","","","","","","","","","","",25000,1,"","",0,1,"","","","",1,1,"","","","","","",5,1,"","","","","","","","","","","","","","","","","","","","","","","","","","","","","","","","","","","","","","","","","","","","","","","","","","","","","",""
"35049001","CANCALE",48.711667,-1.843333,40,1981031109,"","","","",12.,1,260,1,"","","","","","","","","","","","","","","","","","","","","","","","","","","","",14.1,1,9.3,1,"","","","","","","","","","","","","","","","","","","","","","","","","","",75,1,"","","","","","","","","","","","",12.,1,1006.8,1,"","","","","","",8,1,8,1,5,1,"","","","","","","","","","","","","","","","","","","","","","","","","","","","",17000,1,"","",2,1,2,1,"","","","","","","","","","",4,1,"","","","","","","","","","","","","","","","","","","","","","","","","","","","","","","","","","","","","","","","","","","","","","","","","","","","","",""
"35049001","CANCALE",48.711667,-1.843333,40,1981031112,"","","","",12.,1,260,1,"","","","","","","","","","","","","","","","","","","","","","","","","","","","",14.6,1,9.3,1,"","","","","","","","","","","","","","","","","","","","","","","","","","",72,1,"","","","","","","","","","","","",12.,1,1007.4,1,"","","","","","",7,1,7,1,8,1,"","","","","","","","","","","","","","","","","","","","","","","","","","","","",18000,1,"","",2,1,2,1,"","","","","","","","","","",3,1,"","","","","","","","","","","","","","","","","","","","","","","","","","","","","","","","","","","","","","","","","","","","","","","","","","","","","",""
"35049001","CANCALE",48.711667,-1.843333,40,1981031115,"","","","",10.,1,260,1,"","","","","","","","","","","","","","","","","","","","","","","","","","","","",12.4,1,9.,1,"","","","","","","","","","","","","","","","","","","","","","","","","","",81,1,"","","","","","","","","","","","",11.7,1,1007.4,1,"","","","","","",7,1,7,1,8,1,"","","","","","","","","","","","","","","","","","","","","","","","","","","","",18000,1,"","",2,1,8,1,"","","","","","","","","","",3,1,"","","","","","","","","","","","","","","","","","","","","","","","","","","","","","","","","","","","","","","","","","","","","","","","","","","","","",""
"35049001","CANCALE",48.711667,-1.843333,40,1981031118,"","","","",10.,1,260,1,"","","","","","","","","","","","","","","","","","","","","","","","","","","","",14.,1,8.3,1,"","","","","","","","","","","","","","","","","","","","","","","","","","",70,1,"","","","","","","","","","","","",11.2,1,1008.4,1,"","","","","","",7,1,7,1,5,1,"","","","","","","","","","","","","","","","","","","","","","","","","","","","",18000,1,"","",2,1,8,1,"","","","","","","","","","",4,1,"","","","","","","","","","","","","","","","","","","","","","","","","","","","","","","","","","","","","","","","","","","","","","","","","","","","","",""
"35049001","CANCALE",48.711667,-1.843333,40,1981031121,"","","","",5.,1,220,1,"","","","","","","","","","","","","","","","","","","","","","","","","","","","",12.5,1,9.7,1,"","","","","","","","","","","","","","","","","","","","","","","","","","",85,1,"","","","","","","","","","","","",12.3,1,1009.2,1,"","","","","","",5,1,5,1,5,1,0,1,0,1,"","","","","","","","","","","","","","","","","","","","","","","","",18000,1,"","",0,1,"","","","","","","","","","","","",3,1,"","","","","","","","","","","","","","","","","","","","","","","","","","","","","","","","","","","","","","","","","","","","","","","","","","","","","",""
"35049001","CANCALE",48.711667,-1.843333,40,1981031200,"","","","",4.,1,200,1,"","","","","","","","","","","","","","","","","","","","","","","","","","","","",12.,1,10.2,1,"","","","","","","","","","","","","","","","","","","","","","","","","","",91,1,"","","","","","","","","","","","",12.7,1,1008.8,1,"","","","","","",7,1,7,1,8,1,"","","","","","","","","","","","","","","","","","","","","","","","","","","","",25000,1,"","",0,1,"","","","","","","","","","","","",3,1,"","","","","","","","","","","","","","","","","","","","","","","","","","","","","","","","","","","","","","","","","","","","","","","","","","","","","",""
"35049001","CANCALE",48.711667,-1.843333,40,1981031203,"","","","",3.,1,200,1,"","","","","","","","","","","","","","","","","","","","","","","","","","","","",11.6,1,10.3,1,"","","","","","","","","","","","","","","","","","","","","","","","","","",94,1,"","","","","","","","","","","","",12.8,1,1007.2,1,"","","","","","",8,1,8,1,5,1,"","","","","","","","","","","","","","","","","","","","","","","","","","","","",25000,1,"","",0,1,"","","","","","","","","","","","",2,1,"","","","","","","","","","","","","","","","","","","","","","","","","","","","","","","","","","","","","","","","","","","","","","","","","","","","","",""
"35049001","CANCALE",48.711667,-1.843333,40,1981031206,"","","","",7.,1,240,1,"","","","","","","","","","","","","","","","","","","","","","","","","","","","",11.5,1,9.6,1,"","","","","","","","","","","","","","","","","","","","","","","","","","",90,1,"","","","","","","","","","","","",12.2,1,1006.3,1,"","","","","","",8,1,8,1,5,1,"","","","","","","","","","","","","","","","","","","","","","","","","","","","",25000,1,"","",0,1,"","","","","","","","","","","","",3,1,"","","","","","","","","","","","","","","","","","","","","","","","","","","","","","","","","","","","","","","","","","","","","","","","","","","","","",""
"35049001","CANCALE",48.711667,-1.843333,40,1981031209,"","","","",7.,1,280,1,"","","","","","","","","","","","","","","","","","","","","","","","","","","","",11.2,1,8.9,1,"","","","","","","","","","","","","","","","","","","","","","","","","","",87,1,"","","","","","","","","","","","",11.6,1,1006.4,1,"","","","","","",7,1,7,1,8,1,"","","","","","","","","","","","","","","","","","","","","","","","","","","","",20000,1,"","",2,1,2,1,"","","","","","","","","","",3,1,"","","","","","","","","","","","","","","","","","","","","","","","","","","","","","","","","","","","","","","","","","","","","","","","","","","","","",""
"35049001","CANCALE",48.711667,-1.843333,40,1981031212,"","","","",2.,1,280,1,"","","","","","","","","","","","","","","","","","","","","","","","","","","","",11.3,1,8.3,1,"","","","","","","","","","","","","","","","","","","","","","","","","","",84,1,"","","","","","","","","","","","",11.2,1,1006.8,1,"","","","","","",4,1,0,1,3,1,0,1,0,1,"","","","","","","","","","","","","","","","","","","","","","","","",18000,1,"","",2,1,1,1,"","","","","","","","","","",2,1,"","","","","","","","","","","","","","","","","","","","","","","","","","","","","","","","","","","","","","","","","","","","","","","","","","","","","",""
"35049001","CANCALE",48.711667,-1.843333,40,1981031215,"","","","",1.,1,280,1,"","","","","","","","","","","","","","","","","","","","","","","","","","","","",11.1,1,7.3,1,"","","","","","","","","","","","","","","","","","","","","","","","","","",79,1,"","","","","","","","","","","","",10.4,1,1006.6,1,"","","","","","",5,1,0,1,9,1,6,1,0,1,"","","","","","","","","","","","","","","","","","","","","","","","",20000,1,"","",2,1,8,1,"","","","","","","","","","",2,1,"","","","","","","","","","","","","","","","","","","","","","","","","","","","","","","","","","","","","","","","","","","","","","","","","","","","","",""
"35049001","CANCALE",48.711667,-1.843333,40,1981031218,"","","","",1.,1,280,1,"","","","","","","","","","","","","","","","","","","","","","","","","","","","",10.2,1,6.6,1,"","","","","","","","","","","","","","","","","","","","","","","","","","",79,1,"","","","","","","","","","","","",9.9,1,1005.8,1,"","","","","","",2,1,0,1,3,1,0,1,0,1,"","","","","","","","","","","","","","","","","","","","","","","","",20000,1,"","",1,1,8,1,"","","","","","","","","","",2,1,"","","","","","","","","","","","","","","","","","","","","","","","","","","","","","","","","","","","","","","","","","","","","","","","","","","","","",""
"35049001","CANCALE",48.711667,-1.843333,40,1981031221,"","","","",5.,1,220,1,"","","","","","","","","","","","","","","","","","","","","","","","","","","","",10.2,1,6.6,1,"","","","","","","","","","","","","","","","","","","","","","","","","","",79,1,"","","","","","","","","","","","",9.9,1,1005.6,1,"","","","","","",2,1,0,1,0,1,0,1,2,1,"","","","","","","","","","","","","","","","","","","","","","","","",25000,1,"","",0,1,"","","","","","","","","","","","",2,1,"","","","","","","","","","","","","","","","","","","","","","","","","","","","","","","","","","","","","","","","","","","","","","","","","","","","","",""
"35049001","CANCALE",48.711667,-1.843333,40,1981031300,"","","","",5.,1,200,1,"","","","","","","","","","","","","","","","","","","","","","","","","","","","",8.9,1,6.7,1,"","","","","","","","","","","","","","","","","","","","","","","","","","",88,1,"","","","","","","","","","","","",10.,1,1003.9,1,"","","","","","",5,1,5,1,0,1,0,1,6,1,"","","","","","","","","","","","","","","","","","","","","","","","",25000,1,"","",0,1,"","","","","","","","","","","","",3,1,"","","","","","","","","","","","","","","","","","","","","","","","","","","","","","","","","","","","","","","","","","","","","","","","","","","","","",""
"35049001","CANCALE",48.711667,-1.843333,40,1981031303,"","","","",7.,1,220,1,"","","","","","","","","","","","","","","","","","","","","","","","","","","","",8.5,1,6.6,1,"","","","","","","","","","","","","","","","","","","","","","","","","","",89,1,"","","","","","","","","","","","",9.9,1,1002.,1,"","","","","","",8,1,8,1,0,1,7,1,"","","","","","","","","","","","","","","","","","","","","","","","","","",35000,1,"","",0,1,"","","","","","","","","","","","",3,1,"","","","","","","","","","","","","","","","","","","","","","","","","","","","","","","","","","","","","","","","","","","","","","","","","","","","","",""
"35049001","CANCALE",48.711667,-1.843333,40,1981031306,"","","","",6.,1,220,1,"","","","","","","","","","","","","","","","","","","","","","","","","","","","",8.7,1,7.,1,"","","","","","","","","","","","","","","","","","","","","","","","","","",90,1,"","","","","","","","","","","","",10.2,1,1000.6,1,"","","","","","",8,1,8,1,7,1,"","","","","","","","","","","","","","","","","","","","","","","","","","","","",6000,1,"","",63,1,"","","","",1,1,"","","","","","",3,1,"","","","","","","","","","","","","","","","","","","","","","","","","","","","","","","","","","","","","","","","","","","","","","","","","","","","","",""
"35049001","CANCALE",48.711667,-1.843333,40,1981031309,"","","","",12.,1,260,1,"","","","","","","","","","","","","","","","","","","","","","","","","","","","",9.9,1,5.9,1,"","","","","","","","","","","","","","","","","","","","","","","","","","",77,1,"","","","","","","","","","","","",9.4,1,1000.6,1,"","","","","","",7,1,7,1,8,1,"","","","","","","","","","","","","","","","","","","","","","","","","","","","",18000,1,"","",2,1,6,1,"","","","","","","","","","",4,1,"","","","","","","","","","","","","","","","","","","","","","","","","","","","","","","","","","","","","","","","","","","","","","","","","","","","","",""
"35049001","CANCALE",48.711667,-1.843333,40,1981031312,"","","","",13.,1,280,1,"","","","","","","","","","","","","","","","","","","","","","","","","","","","",9.7,1,5.4,1,"","","","","","","","","","","","","","","","","","","","","","","","","","",76,1,"","","","","","","","","","","","",9.1,1,1001.4,1,"","","","","","",7,1,7,1,3,1,"","","","","","","","","","","","","","","","","","","","","","","","","","","","",18000,1,"","",25,1,6,1,"","","","","","","","","","",4,1,"","","","","","","","","","","","","","","","","","","","","","","","","","","","","","","","","","","","","","","","","","","","","","","","","","","","","",""
"35049001","CANCALE",48.711667,-1.843333,40,1981031315,"","","","",14.,1,260,1,"","","","","","","","","","","","","","","","","","","","","","","","","","","","",9.5,1,5.1,1,"","","","","","","","","","","","","","","","","","","","","","","","","","",75,1,"","","","","","","","","","","","",8.9,1,1001.2,1,"","","","","","",6,1,6,1,3,1,0,1,0,1,"","","","","","","","","","","","","","","","","","","","","","","","",15000,1,"","",25,1,8,1,"","","","","","","","","","",4,1,"","","","","","","","","","","","","","","","","","","","","","","","","","","","","","","","","","","","","","","","","","","","","","","","","","","","","",""
"35049001","CANCALE",48.711667,-1.843333,40,1981031318,"","","","",17.,1,260,1,"","","","","","","","","","","","","","","","","","","","","","","","","","","","",8.9,1,4.5,1,"","","","","","","","","","","","","","","","","","","","","","","","","","",75,1,"","","","","","","","","","","","",8.5,1,1002.4,1,"","","","","","",7,1,6,1,3,1,4,1,"","","","","","","","","","","","","","","","","","","","","","","","","","",10000,1,"","",15,1,8,1,"","","","","","","","","","",5,1,"","","","","","","","","","","","","","","","","","","","","","","","","","","","","","","","","","","","","","","","","","","","","","","","","","","","","",""
"35049001","CANCALE",48.711667,-1.843333,40,1981031321,"","","","",16.,1,260,1,"","","","","","","","","","","","","","","","","","","","","","","","","","","","",7.8,1,4.,1,"","","","","","","","","","","","","","","","","","","","","","","","","","",77,1,"","","","","","","","","","","","",8.2,1,1003.1,1,"","","","","","",7,1,7,1,3,1,"","","","","","","","","","","","","","","","","","","","","","","","","","","","",25000,1,"","",0,1,"","","","","","","","","","","","",5,1,"","","","","","","","","","","","","","","","","","","","","","","","","","","","","","","","","","","","","","","","","","","","","","","","","","","","","",""
"35049001","CANCALE",48.711667,-1.843333,40,1981031400,"","","","",12.,1,260,1,"","","","","","","","","","","","","","","","","","","","","","","","","","","","",7.4,1,3.6,1,"","","","","","","","","","","","","","","","","","","","","","","","","","",77,1,"","","","","","","","","","","","",8.,1,1004.2,1,"","","","","","",6,1,5,1,3,1,0,1,3,1,"","","","","","","","","","","","","","","","","","","","","","","","",20000,1,"","",0,1,"","","","","","","","","","","","",5,1,"","","","","","","","","","","","","","","","","","","","","","","","","","","","","","","","","","","","","","","","","","","","","","","","","","","","","",""
"35049001","CANCALE",48.711667,-1.843333,40,1981031403,"","","","",7.,1,260,1,"","","","","","","","","","","","","","","","","","","","","","","","","","","","",6.5,1,3.1,1,"","","","","","","","","","","","","","","","","","","","","","","","","","",79,1,"","","","","","","","","","","","",7.7,1,1004.8,1,"","","","","","",2,1,0,1,0,1,0,1,3,1,"","","","","","","","","","","","","","","","","","","","","","","","",20000,1,"","",0,1,"","","","","","","","","","","","",4,1,"","","","","","","","","","","","","","","","","","","","","","","","","","","","","","","","","","","","","","","","","","","","","","","","","","","","","",""
"35049001","CANCALE",48.711667,-1.843333,40,1981031406,"","","","",7.,1,260,1,"","","","","","","","","","","","","","","","","","","","","","","","","","","","",5.5,1,2.9,1,"","","","","","","","","","","","","","","","","","","","","","","","","","",85,1,"","","","","","","","","","","","",7.6,1,1005.1,1,"","","","","","",3,1,0,1,9,1,0,1,0,1,"","","","","","","","","","","","","","","","","","","","","","","","",20000,1,"","",0,1,"","","","",0,1,"","","","","","",4,1,"","","","","","","","","","","","","","","","","","","","","","","","","","","","","","","","","","","","","","","","","","","","","","","","","","","","","",""
"35049001","CANCALE",48.711667,-1.843333,40,1981031409,"","","","",8.,1,280,1,"","","","","","","","","","","","","","","","","","","","","","","","","","","","",7.2,1,2.4,1,"","","","","","","","","","","","","","","","","","","","","","","","","","",72,1,"","","","","","","","","","","","",7.3,1,1005.5,1,"","","","","","",3,1,0,1,1,1,8,1,8,1,"","","","","","","","","","","","","","","","","","","","","","","","",25000,1,"","",2,1,0,1,"","","","","","","","","","",4,1,"","","","","","","","","","","","","","","","","","","","","","","","","","","","","","","","","","","","","","","","","","","","","","","","","","","","","",""
"35049001","CANCALE",48.711667,-1.843333,40,1981031412,"","","","",7.,1,280,1,"","","","","","","","","","","","","","","","","","","","","","","","","","","","",9.5,1,2.4,1,"","","","","","","","","","","","","","","","","","","","","","","","","","",62,1,"","","","","","","","","","","","",7.3,1,1006.3,1,"","","","","","",3,1,0,1,2,1,0,1,0,1,"","","","","","","","","","","","","","","","","","","","","","","","",35000,1,"","",2,1,0,1,"","","","","","","","","","",3,1,"","","","","","","","","","","","","","","","","","","","","","","","","","","","","","","","","","","","","","","","","","","","","","","","","","","","","",""
"35049001","CANCALE",48.711667,-1.843333,40,1981031415,"","","","",5.,1,260,1,"","","","","","","","","","","","","","","","","","","","","","","","","","","","",11.,1,3.6,1,"","","","","","","","","","","","","","","","","","","","","","","","","","",61,1,"","","","","","","","","","","","",8.,1,1005.,1,"","","","","","",2,1,0,1,2,1,0,1,0,1,"","","","","","","","","","","","","","","","","","","","","","","","",35000,1,"","",1,1,0,1,"","","","","","","","","","",3,1,"","","","","","","","","","","","","","","","","","","","","","","","","","","","","","","","","","","","","","","","","","","","","","","","","","","","","",""
"35049001","CANCALE",48.711667,-1.843333,40,1981031418,"","","","",5.,1,220,1,"","","","","","","","","","","","","","","","","","","","","","","","","","","","",9.,1,1.8,1,"","","","","","","","","","","","","","","","","","","","","","","","","","",61,1,"","","","","","","","","","","","",7.,1,1005.,1,"","","","","","",5,1,0,1,9,1,5,1,0,1,"","","","","","","","","","","","","","","","","","","","","","","","",35000,1,"","",3,1,1,1,"","","","","","","","","","",2,1,"","","","","","","","","","","","","","","","","","","","","","","","","","","","","","","","","","","","","","","","","","","","","","","","","","","","","",""
"35049001","CANCALE",48.711667,-1.843333,40,1981031421,"","","","",5.,1,220,1,"","","","","","","","","","","","","","","","","","","","","","","","","","","","",7.5,1,4.8,1,"","","","","","","","","","","","","","","","","","","","","","","","","","",84,1,"","","","","","","","","","","","",8.7,1,1004.4,1,"","","","","","",6,1,5,1,8,1,0,1,0,1,"","","","","","","","","","","","","","","","","","","","","","","","",20000,1,"","",80,1,8,1,"","","","","","","","","","",2,1,"","","","","","","","","","","","","","","","","","","","","","","","","","","","","","","","","","","","","","","","","","","","","","","","","","","","","",""
"35049001","CANCALE",48.711667,-1.843333,40,1981031500,"","","","",4.,1,220,1,"","","","","","","","","","","","","","","","","","","","","","","","","","","","",6.5,1,4.6,1,"","","","","","","","","","","","","","","","","","","","","","","","","","",89,1,"","","","","","","","","","","","",8.6,1,1004.2,1,"","","","","","",6,1,6,1,7,1,0,1,0,1,"","","","","","","","","","","","","","","","","","","","","","","","",20000,1,"","",60,1,"","","","","","","","","","","","",2,1,"","","","","","","","","","","","","","","","","","","","","","","","","","","","","","","","","","","","","","","","","","","","","","","","","","","","","",""
"35049001","CANCALE",48.711667,-1.843333,40,1981031503,"","","","",3.,1,240,1,"","","","","","","","","","","","","","","","","","","","","","","","","","","","",6.,1,4.6,1,"","","","","","","","","","","","","","","","","","","","","","","","","","",92,1,"","","","","","","","","","","","",8.6,1,1004.6,1,"","","","","","",7,1,7,1,7,1,"","","","","","","","","","","","","","","","","","","","","","","","","","","","",20000,1,"","",0,1,"","","","","","","","","","","","",2,1,"","","","","","","","","","","","","","","","","","","","","","","","","","","","","","","","","","","","","","","","","","","","","","","","","","","","","",""
"35049001","CANCALE",48.711667,-1.843333,40,1981031506,"","","","",2.,1,320,1,"","","","","","","","","","","","","","","","","","","","","","","","","","","","",6.5,1,4.,1,"","","","","","","","","","","","","","","","","","","","","","","","","","",85,1,"","","","","","","","","","","","",8.2,1,1005.1,1,"","","","","","",6,1,5,1,8,1,1,1,0,1,"","","","","","","","","","","","","","","","","","","","","","","","",20000,1,"","",0,1,"","","","",1,1,"","","","","","",2,1,"","","","","","","","","","","","","","","","","","","","","","","","","","","","","","","","","","","","","","","","","","","","","","","","","","","","","",""
"35049001","CANCALE",48.711667,-1.843333,40,1981031509,"","","","",2.,1,360,1,"","","","","","","","","","","","","","","","","","","","","","","","","","","","",7.5,1,5.1,1,"","","","","","","","","","","","","","","","","","","","","","","","","","",86,1,"","","","","","","","","","","","",8.9,1,1007.4,1,"","","","","","",6,1,5,1,7,1,5,1,0,1,"","","","","","","","","","","","","","","","","","","","","","","","",35000,1,"","",2,1,2,1,"","","","","","","","","","",2,1,"","","","","","","","","","","","","","","","","","","","","","","","","","","","","","","","","","","","","","","","","","","","","","","","","","","","","",""
"35049001","CANCALE",48.711667,-1.843333,40,1981031512,"","","","",5.,1,340,1,"","","","","","","","","","","","","","","","","","","","","","","","","","","","",8.5,1,5.4,1,"","","","","","","","","","","","","","","","","","","","","","","","","","",82,1,"","","","","","","","","","","","",9.1,1,1009.8,1,"","","","","","",3,1,0,1,2,1,6,1,0,1,"","","","","","","","","","","","","","","","","","","","","","","","",35000,1,"","",1,1,1,1,"","","","","","","","","","",3,1,"","","","","","","","","","","","","","","","","","","","","","","","","","","","","","","","","","","","","","","","","","","","","","","","","","","","","",""
"35049001","CANCALE",48.711667,-1.843333,40,1981031515,"","","","",8.,1,320,1,"","","","","","","","","","","","","","","","","","","","","","","","","","","","",8.,1,5.6,1,"","","","","","","","","","","","","","","","","","","","","","","","","","",86,1,"","","","","","","","","","","","",9.2,1,1010.7,1,"","","","","","",7,1,6,1,8,1,"","","","","","","","","","","","","","","","","","","","","","","","","","","","",9000,1,"","",3,1,6,1,"","","","","","","","","","",3,1,"","","","","","","","","","","","","","","","","","","","","","","","","","","","","","","","","","","","","","","","","","","","","","","","","","","","","",""
"35049001","CANCALE",48.711667,-1.843333,40,1981031518,"","","","",9.,1,340,1,"","","","","","","","","","","","","","","","","","","","","","","","","","","","",7.5,1,5.1,1,"","","","","","","","","","","","","","","","","","","","","","","","","","",86,1,"","","","","","","","","","","","",8.9,1,1012.7,1,"","","","","","",7,1,7,1,5,1,"","","","","","","","","","","","","","","","","","","","","","","","","","","","",15000,1,"","",2,1,6,1,"","","","","","","","","","",3,1,"","","","","","","","","","","","","","","","","","","","","","","","","","","","","","","","","","","","","","","","","","","","","","","","","","","","","",""
"35049001","CANCALE",48.711667,-1.843333,40,1981031521,"","","","",7.,1,320,1,"","","","","","","","","","","","","","","","","","","","","","","","","","","","",7.5,1,5.1,1,"","","","","","","","","","","","","","","","","","","","","","","","","","",86,1,"","","","","","","","","","","","",8.9,1,1014.7,1,"","","","","","",7,1,7,1,5,1,"","","","","","","","","","","","","","","","","","","","","","","","","","","","",15000,1,"","",0,1,"","","","","","","","","","","","",3,1,"","","","","","","","","","","","","","","","","","","","","","","","","","","","","","","","","","","","","","","","","","","","","","","","","","","","","",""
"35049001","CANCALE",48.711667,-1.843333,40,1981031600,"","","","",9.,1,320,1,"","","","","","","","","","","","","","","","","","","","","","","","","","","","",7.5,1,6.2,1,"","","","","","","","","","","","","","","","","","","","","","","","","","",93,1,"","","","","","","","","","","","",9.6,1,1015.4,1,"","","","","","",7,1,7,1,5,1,"","","","","","","","","","","","","","","","","","","","","","","","","","","","",15000,1,"","",0,1,"","","","","","","","","","","","",3,1,"","","","","","","","","","","","","","","","","","","","","","","","","","","","","","","","","","","","","","","","","","","","","","","","","","","","","",""
"35049001","CANCALE",48.711667,-1.843333,40,1981031603,"","","","",6.,1,300,1,"","","","","","","","","","","","","","","","","","","","","","","","","","","","",7.2,1,5.9,1,"","","","","","","","","","","","","","","","","","","","","","","","","","",93,1,"","","","","","","","","","","","",9.4,1,1014.8,1,"","","","","","",6,1,0,1,5,1,0,1,8,1,"","","","","","","","","","","","","","","","","","","","","","","","",15000,1,"","",0,1,"","","","","","","","","","","","",3,1,"","","","","","","","","","","","","","","","","","","","","","","","","","","","","","","","","","","","","","","","","","","","","","","","","","","","","",""
"35049001","CANCALE",48.711667,-1.843333,40,1981031606,"","","","",5.,1,280,1,"","","","","","","","","","","","","","","","","","","","","","","","","","","","",6.5,1,4.,1,"","","","","","","","","","","","","","","","","","","","","","","","","","",85,1,"","","","","","","","","","","","",8.2,1,1014.8,1,"","","","","","",8,1,8,1,8,1,"","","","","","","","","","","","","","","","","","","","","","","","","","","","",20000,1,"","",0,1,"","","","",1,1,"","","","","","",2,1,"","","","","","","","","","","","","","","","","","","","","","","","","","","","","","","","","","","","","","","","","","","","","","","","","","","","","",""
"35049001","CANCALE",48.711667,-1.843333,40,1981031609,"","","","",5.,1,320,1,"","","","","","","","","","","","","","","","","","","","","","","","","","","","",5.9,1,3.4,1,"","","","","","","","","","","","","","","","","","","","","","","","","","",85,1,"","","","","","","","","","","","",7.9,1,1016.6,1,"","","","","","",8,1,8,1,8,1,"","","","","","","","","","","","","","","","","","","","","","","","","","","","",18000,1,"","",25,1,9,1,"","","","","","","","","","",3,1,"","","","","","","","","","","","","","","","","","","","","","","","","","","","","","","","","","","","","","","","","","","","","","","","","","","","","",""
"35049001","CANCALE",48.711667,-1.843333,40,1981031612,"","","","",3.,1,340,1,"","","","","","","","","","","","","","","","","","","","","","","","","","","","",7.5,1,4.1,1,"","","","","","","","","","","","","","","","","","","","","","","","","","",80,1,"","","","","","","","","","","","",8.3,1,1016.8,1,"","","","","","",7,1,6,1,9,1,0,1,3,1,"","","","","","","","","","","","","","","","","","","","","","","","",25000,1,"","",2,1,9,1,"","","","","","","","","","",3,1,"","","","","","","","","","","","","","","","","","","","","","","","","","","","","","","","","","","","","","","","","","","","","","","","","","","","","",""
"35049001","CANCALE",48.711667,-1.843333,40,1981031615,"","","","",11.,1,300,1,"","","","","","","","","","","","","","","","","","","","","","","","","","","","",6.7,1,2.,1,"","","","","","","","","","","","","","","","","","","","","","","","","","",72,1,"","","","","","","","","","","","",7.1,1,1016.4,1,"","","","","","",6,1,5,1,3,1,6,1,0,1,"","","","","","","","","","","","","","","","","","","","","","","","",25000,1,"","",2,1,8,1,"","","","","","","","","","",3,1,"","","","","","","","","","","","","","","","","","","","","","","","","","","","","","","","","","","","","","","","","","","","","","","","","","","","","",""
"35049001","CANCALE",48.711667,-1.843333,40,1981031618,"","","","",11.,1,300,1,"","","","","","","","","","","","","","","","","","","","","","","","","","","","",7.1,1,2.2,1,"","","","","","","","","","","","","","","","","","","","","","","","","","",71,1,"","","","","","","","","","","","",7.2,1,1016.4,1,"","","","","","",4,1,0,1,3,1,0,1,0,1,"","","","","","","","","","","","","","","","","","","","","","","","",25000,1,"","",2,1,8,1,"","","","","","","","","","",3,1,"","","","","","","","","","","","","","","","","","","","","","","","","","","","","","","","","","","","","","","","","","","","","","","","","","","","","",""
"35049001","CANCALE",48.711667,-1.843333,40,1981031621,"","","","",7.,1,320,1,"","","","","","","","","","","","","","","","","","","","","","","","","","","","",5.6,1,0.1,1,"","","","","","","","","","","","","","","","","","","","","","","","","","",68,1,"","","","","","","","","","","","",6.2,1,1016.7,1,"","","","","","",4,1,0,1,3,1,6,1,0,1,"","","","","","","","","","","","","","","","","","","","","","","","",25000,1,"","",0,1,"","","","","","","","","","","","",3,1,"","","","","","","","","","","","","","","","","","","","","","","","","","","","","","","","","","","","","","","","","","","","","","","","","","","","","",""
"35049001","CANCALE",48.711667,-1.843333,40,1981031700,"","","","",9.,1,320,1,"","","","","","","","","","","","","","","","","","","","","","","","","","","","",6.3,1,1.8,1,"","","","","","","","","","","","","","","","","","","","","","","","","","",73,1,"","","","","","","","","","","","",7.,1,1016.7,1,"","","","","","",4,1,0,1,3,1,0,1,0,1,"","","","","","","","","","","","","","","","","","","","","","","","",25000,1,"","",0,1,"","","","","","","","","","","","",3,1,"","","","","","","","","","","","","","","","","","","","","","","","","","","","","","","","","","","","","","","","","","","","","","","","","","","","","",""
"35049001","CANCALE",48.711667,-1.843333,40,1981031703,"","","","",10.,1,320,1,"","","","","","","","","","","","","","","","","","","","","","","","","","","","",6.1,1,2.2,1,"","","","","","","","","","","","","","","","","","","","","","","","","","",76,1,"","","","","","","","","","","","",7.2,1,1016.3,1,"","","","","","",4,1,0,1,2,1,0,1,0,1,"","","","","","","","","","","","","","","","","","","","","","","","",25000,1,"","",0,1,"","","","","","","","","","","","",3,1,"","","","","","","","","","","","","","","","","","","","","","","","","","","","","","","","","","","","","","","","","","","","","","","","","","","","","",""
"35049001","CANCALE",48.711667,-1.843333,40,1981031706,"","","","",7.,1,20,1,"","","","","","","","","","","","","","","","","","","","","","","","","","","","",5.,1,1.2,1,"","","","","","","","","","","","","","","","","","","","","","","","","","",76,1,"","","","","","","","","","","","",6.7,1,1016.4,1,"","","","","","",6,1,6,1,3,1,0,1,0,1,"","","","","","","","","","","","","","","","","","","","","","","","",28000,1,"","",0,1,"","","","",1,1,"","","","","","",3,1,"","","","","","","","","","","","","","","","","","","","","","","","","","","","","","","","","","","","","","","","","","","","","","","","","","","","","",""
"35049001","CANCALE",48.711667,-1.843333,40,1981031709,"","","","",11.,1,300,1,"","","","","","","","","","","","","","","","","","","","","","","","","","","","",6.5,1,1.2,1,"","","","","","","","","","","","","","","","","","","","","","","","","","",69,1,"","","","","","","","","","","","",6.7,1,1016.4,1,"","","","","","",5,1,0,1,3,1,6,1,0,1,"","","","","","","","","","","","","","","","","","","","","","","","",30000,1,"","",2,1,8,1,"","","","","","","","","","",4,1,"","","","","","","","","","","","","","","","","","","","","","","","","","","","","","","","","","","","","","","","","","","","","","","","","","","","","",""
"35049001","CANCALE",48.711667,-1.843333,40,1981031712,"","","","",10.,1,300,1,"","","","","","","","","","","","","","","","","","","","","","","","","","","","",6.5,1,0.6,1,"","","","","","","","","","","","","","","","","","","","","","","","","","",66,1,"","","","","","","","","","","","",6.4,1,1016.5,1,"","","","","","",6,1,5,1,9,1,6,1,0,1,"","","","","","","","","","","","","","","","","","","","","","","","",18000,1,"","",89,1,8,1,"","","","","","","","","","",4,1,"","","","","","","","","","","","","","","","","","","","","","","","","","","","","","","","","","","","","","","","","","","","","","","","","","","","","",""
"35049001","CANCALE",48.711667,-1.843333,40,1981031715,"","","","",11.,1,300,1,"","","","","","","","","","","","","","","","","","","","","","","","","","","","",5.1,1,1.2,1,"","","","","","","","","","","","","","","","","","","","","","","","","","",76,1,"","","","","","","","","","","","",6.7,1,1016.,1,"","","","","","",6,1,5,1,9,1,6,1,0,1,"","","","","","","","","","","","","","","","","","","","","","","","",18000,1,"","",15,1,8,1,"","","","","","","","","","",4,1,"","","","","","","","","","","","","","","","","","","","","","","","","","","","","","","","","","","","","","","","","","","","","","","","","","","","","",""
"35049001","CANCALE",48.711667,-1.843333,40,1981031718,"","","","",10.,1,300,1,"","","","","","","","","","","","","","","","","","","","","","","","","","","","",6.8,1,0.,1,"","","","","","","","","","","","","","","","","","","","","","","","","","",61,1,"","","","","","","","","","","","",6.1,1,1016.1,1,"","","","","","",4,1,0,1,3,1,0,1,0,1,"","","","","","","","","","","","","","","","","","","","","","","","",35000,1,"","",1,1,8,1,"","","","","","","","","","",4,1,"","","","","","","","","","","","","","","","","","","","","","","","","","","","","","","","","","","","","","","","","","","","","","","","","","","","","",""
"35049001","CANCALE",48.711667,-1.843333,40,1981031721,"","","","",9.,1,320,1,"","","","","","","","","","","","","","","","","","","","","","","","","","","","",6.5,1,0.1,1,"","","","","","","","","","","","","","","","","","","","","","","","","","",64,1,"","","","","","","","","","","","",6.2,1,1016.8,1,"","","","","","",1,1,0,1,2,1,0,1,0,1,"","","","","","","","","","","","","","","","","","","","","","","","",35000,1,"","",0,1,"","","","","","","","","","","","",4,1,"","","","","","","","","","","","","","","","","","","","","","","","","","","","","","","","","","","","","","","","","","","","","","","","","","","","","",""
"35049001","CANCALE",48.711667,-1.843333,40,1981031800,"","","","",10.,1,300,1,"","","","","","","","","","","","","","","","","","","","","","","","","","","","",7.,1,0.,1,"","","","","","","","","","","","","","","","","","","","","","","","","","",61,1,"","","","","","","","","","","","",6.1,1,1016.9,1,"","","","","","",3,1,0,1,1,1,0,1,0,1,"","","","","","","","","","","","","","","","","","","","","","","","",35000,1,"","",0,1,"","","","","","","","","","","","",4,1,"","","","","","","","","","","","","","","","","","","","","","","","","","","","","","","","","","","","","","","","","","","","","","","","","","","","","",""
"35049001","CANCALE",48.711667,-1.843333,40,1981031803,"","","","",9.,1,300,1,"","","","","","","","","","","","","","","","","","","","","","","","","","","","",6.2,1,1.2,1,"","","","","","","","","","","","","","","","","","","","","","","","","","",70,1,"","","","","","","","","","","","",6.7,1,1016.9,1,"","","","","","",1,1,0,1,1,1,0,1,0,1,"","","","","","","","","","","","","","","","","","","","","","","","",40000,1,"","",0,1,"","","","","","","","","","","","",3,1,"","","","","","","","","","","","","","","","","","","","","","","","","","","","","","","","","","","","","","","","","","","","","","","","","","","","","",""
"35049001","CANCALE",48.711667,-1.843333,40,1981031806,"","","","",8.,1,300,1,"","","","","","","","","","","","","","","","","","","","","","","","","","","","",6.5,1,1.2,1,"","","","","","","","","","","","","","","","","","","","","","","","","","",70,1,"","","","","","","","","","","","",6.7,1,1016.9,1,"","","","","","",7,1,7,1,5,1,"","","","","","","","","","","","","","","","","","","","","","","","","","","","",25000,1,"","",0,1,"","","","",0,1,"","","","","","",3,1,"","","","","","","","","","","","","","","","","","","","","","","","","","","","","","","","","","","","","","","","","","","","","","","","","","","","","",""
"35049001","CANCALE",48.711667,-1.843333,40,1981031809,"","","","",11.,1,260,1,"","","","","","","","","","","","","","","","","","","","","","","","","","","","",6.5,1,4.,1,"","","","","","","","","","","","","","","","","","","","","","","","","","",85,1,"","","","","","","","","","","","",8.2,1,1016.,1,"","","","","","",5,1,5,1,8,1,0,1,0,1,"","","","","","","","","","","","","","","","","","","","","","","","",20000,1,"","",1,1,8,1,"","","","","","","","","","",4,1,"","","","","","","","","","","","","","","","","","","","","","","","","","","","","","","","","","","","","","","","","","","","","","","","","","","","","",""
"35049001","CANCALE",48.711667,-1.843333,40,1981031812,"","","","",9.,1,300,1,"","","","","","","","","","","","","","","","","","","","","","","","","","","","",9.,1,5.6,1,"","","","","","","","","","","","","","","","","","","","","","","","","","",80,1,"","","","","","","","","","","","",9.2,1,1016.4,1,"","","","","","",6,1,5,1,8,1,0,1,0,1,"","","","","","","","","","","","","","","","","","","","","","","","",20000,1,"","",2,1,8,1,"","","","","","","","","","",3,1,"","","","","","","","","","","","","","","","","","","","","","","","","","","","","","","","","","","","","","","","","","","","","","","","","","","","","",""
"35049001","CANCALE",48.711667,-1.843333,40,1981031815,"","","","",9.,1,300,1,"","","","","","","","","","","","","","","","","","","","","","","","","","","","",8.6,1,4.8,1,"","","","","","","","","","","","","","","","","","","","","","","","","","",78,1,"","","","","","","","","","","","",8.7,1,1015.8,1,"","","","","","",6,1,5,1,8,1,0,1,0,1,"","","","","","","","","","","","","","","","","","","","","","","","",35000,1,"","",2,1,2,1,"","","","","","","","","","",3,1,"","","","","","","","","","","","","","","","","","","","","","","","","","","","","","","","","","","","","","","","","","","","","","","","","","","","","",""
"35049001","CANCALE",48.711667,-1.843333,40,1981031818,"","","","",9.,1,300,1,"","","","","","","","","","","","","","","","","","","","","","","","","","","","",8.,1,4.5,1,"","","","","","","","","","","","","","","","","","","","","","","","","","",79,1,"","","","","","","","","","","","",8.5,1,1015.2,1,"","","","","","",7,1,6,1,8,1,"","","","","","","","","","","","","","","","","","","","","","","","","","","","",35000,1,"","",2,1,2,1,"","","","","","","","","","",3,1,"","","","","","","","","","","","","","","","","","","","","","","","","","","","","","","","","","","","","","","","","","","","","","","","","","","","","",""
"35049001","CANCALE",48.711667,-1.843333,40,1981031821,"","","","",10.,1,280,1,"","","","","","","","","","","","","","","","","","","","","","","","","","","","",8.,1,3.3,1,"","","","","","","","","","","","","","","","","","","","","","","","","","",72,1,"","","","","","","","","","","","",7.8,1,1015.5,1,"","","","","","",6,1,6,1,5,1,0,1,0,1,"","","","","","","","","","","","","","","","","","","","","","","","",25000,1,"","",0,1,"","","","","","","","","","","","",4,1,"","","","","","","","","","","","","","","","","","","","","","","","","","","","","","","","","","","","","","","","","","","","","","","","","","","","","",""
"35049001","CANCALE",48.711667,-1.843333,40,1981031900,"","","","",9.,1,280,1,"","","","","","","","","","","","","","","","","","","","","","","","","","","","",8.,1,2.,1,"","","","","","","","","","","","","","","","","","","","","","","","","","",66,1,"","","","","","","","","","","","",7.1,1,1014.6,1,"","","","","","",8,1,8,1,5,1,"","","","","","","","","","","","","","","","","","","","","","","","","","","","",25000,1,"","",0,1,"","","","","","","","","","","","",3,1,"","","","","","","","","","","","","","","","","","","","","","","","","","","","","","","","","","","","","","","","","","","","","","","","","","","","","",""
"35049001","CANCALE",48.711667,-1.843333,40,1981031903,"","","","",6.,1,260,1,"","","","","","","","","","","","","","","","","","","","","","","","","","","","",7.,1,1.6,1,"","","","","","","","","","","","","","","","","","","","","","","","","","",69,1,"","","","","","","","","","","","",6.9,1,1013.9,1,"","","","","","",8,1,8,1,5,1,"","","","","","","","","","","","","","","","","","","","","","","","","","","","",25000,1,"","",0,1,"","","","","","","","","","","","",3,1,"","","","","","","","","","","","","","","","","","","","","","","","","","","","","","","","","","","","","","","","","","","","","","","","","","","","","",""
"35049001","CANCALE",48.711667,-1.843333,40,1981031906,"","","","",4.,1,180,1,"","","","","","","","","","","","","","","","","","","","","","","","","","","","",6.3,1,0.,1,"","","","","","","","","","","","","","","","","","","","","","","","","","",69,1,"","","","","","","","","","","","",6.1,1,1012.4,1,"","","","","","",8,1,8,1,5,1,"","","","","","","","","","","","","","","","","","","","","","","","","","","","",30000,1,"","",0,1,"","","","",0,1,"","","","","","",3,1,"","","","","","","","","","","","","","","","","","","","","","","","","","","","","","","","","","","","","","","","","","","","","","","","","","","","","",""
"35049001","CANCALE",48.711667,-1.843333,40,1981031909,"","","","",4.,1,180,1,"","","","","","","","","","","","","","","","","","","","","","","","","","","","",7.2,1,1.8,1,"","","","","","","","","","","","","","","","","","","","","","","","","","",69,1,"","","","","","","","","","","","",7.,1,1012.1,1,"","","","","","",8,1,8,1,5,1,"","","","","","","","","","","","","","","","","","","","","","","","","","","","",35000,1,"","",2,1,2,1,"","","","","","","","","","",3,1,"","","","","","","","","","","","","","","","","","","","","","","","","","","","","","","","","","","","","","","","","","","","","","","","","","","","","",""
"35049001","CANCALE",48.711667,-1.843333,40,1981031912,"","","","",5.,1,200,1,"","","","","","","","","","","","","","","","","","","","","","","","","","","","",10.1,1,4.1,1,"","","","","","","","","","","","","","","","","","","","","","","","","","",67,1,"","","","","","","","","","","","",8.3,1,1010.4,1,"","","","","","",8,1,8,1,5,1,"","","","","","","","","","","","","","","","","","","","","","","","","","","","",35000,1,"","",2,1,2,1,"","","","","","","","","","",2,1,"","","","","","","","","","","","","","","","","","","","","","","","","","","","","","","","","","","","","","","","","","","","","","","","","","","","","",""
"35049001","CANCALE",48.711667,-1.843333,40,1981031915,"","","","",6.,1,180,1,"","","","","","","","","","","","","","","","","","","","","","","","","","","","",10.4,1,4.8,1,"","","","","","","","","","","","","","","","","","","","","","","","","","",69,1,"","","","","","","","","","","","",8.7,1,1008.7,1,"","","","","","",7,1,7,1,8,1,"","","","","","","","","","","","","","","","","","","","","","","","","","","","",25000,1,"","",2,1,2,1,"","","","","","","","","","",2,1,"","","","","","","","","","","","","","","","","","","","","","","","","","","","","","","","","","","","","","","","","","","","","","","","","","","","","",""
"35049001","CANCALE",48.711667,-1.843333,40,1981031918,"","","","",4.,1,220,1,"","","","","","","","","","","","","","","","","","","","","","","","","","","","",9.5,1,3.6,1,"","","","","","","","","","","","","","","","","","","","","","","","","","",68,1,"","","","","","","","","","","","",8.,1,1008.,1,"","","","","","",7,1,7,1,5,1,7,1,"","","","","","","","","","","","","","","","","","","","","","","","","","",35000,1,"","",2,1,2,1,"","","","","","","","","","",2,1,"","","","","","","","","","","","","","","","","","","","","","","","","","","","","","","","","","","","","","","","","","","","","","","","","","","","","",""
"35049001","CANCALE",48.711667,-1.843333,40,1981031921,"","","","",3.,1,180,1,"","","","","","","","","","","","","","","","","","","","","","","","","","","","",8.,1,1.8,1,"","","","","","","","","","","","","","","","","","","","","","","","","","",66,1,"","","","","","","","","","","","",7.,1,1007.,1,"","","","","","",7,1,7,1,0,1,7,1,"","","","","","","","","","","","","","","","","","","","","","","","","","",30000,1,"","",0,1,"","","","","","","","","","","","",2,1,"","","","","","","","","","","","","","","","","","","","","","","","","","","","","","","","","","","","","","","","","","","","","","","","","","","","","",""
"35049001","CANCALE",48.711667,-1.843333,40,1981032000,"","","","",3.,1,180,1,"","","","","","","","","","","","","","","","","","","","","","","","","","","","",6.7,1,3.1,1,"","","","","","","","","","","","","","","","","","","","","","","","","","",78,1,"","","","","","","","","","","","",7.7,1,1006.,1,"","","","","","",7,1,7,1,0,1,7,1,"","","","","","","","","","","","","","","","","","","","","","","","","","",25000,1,"","",0,1,"","","","","","","","","","","","",2,1,"","","","","","","","","","","","","","","","","","","","","","","","","","","","","","","","","","","","","","","","","","","","","","","","","","","","","",""
"35049001","CANCALE",48.711667,-1.843333,40,1981032003,"","","","",3.,1,180,1,"","","","","","","","","","","","","","","","","","","","","","","","","","","","",6.5,1,3.3,1,"","","","","","","","","","","","","","","","","","","","","","","","","","",80,1,"","","","","","","","","","","","",7.8,1,1005.5,1,"","","","","","",7,1,7,1,0,1,7,1,"","","","","","","","","","","","","","","","","","","","","","","","","","",25000,1,"","",0,1,"","","","","","","","","","","","",2,1,"","","","","","","","","","","","","","","","","","","","","","","","","","","","","","","","","","","","","","","","","","","","","","","","","","","","","",""
"35049001","CANCALE",48.711667,-1.843333,40,1981032006,"","","","",3.,1,200,1,"","","","","","","","","","","","","","","","","","","","","","","","","","","","",6.5,1,4.,1,"","","","","","","","","","","","","","","","","","","","","","","","","","",85,1,"","","","","","","","","","","","",8.2,1,1005.4,1,"","","","","","",2,1,0,1,0,1,7,1,0,1,"","","","","","","","","","","","","","","","","","","","","","","","",15000,1,"","",0,1,"","","","",0,1,"","","","","","",2,1,"","","","","","","","","","","","","","","","","","","","","","","","","","","","","","","","","","","","","","","","","","","","","","","","","","","","","",""
"35049001","CANCALE",48.711667,-1.843333,40,1981032009,"","","","",3.,1,180,1,"","","","","","","","","","","","","","","","","","","","","","","","","","","","",9.,1,5.7,1,"","","","","","","","","","","","","","","","","","","","","","","","","","",82,1,"","","","","","","","","","","","",9.3,1,1005.5,1,"","","","","","",3,1,0,1,0,1,7,1,0,1,"","","","","","","","","","","","","","","","","","","","","","","","",5000,1,"","",3,1,0,1,"","","","","","","","","","",2,1,"","","","","","","","","","","","","","","","","","","","","","","","","","","","","","","","","","","","","","","","","","","","","","","","","","","","","",""
"35049001","CANCALE",48.711667,-1.843333,40,1981032012,"","","","",4.,1,160,1,"","","","","","","","","","","","","","","","","","","","","","","","","","","","",12.6,1,8.1,1,"","","","","","","","","","","","","","","","","","","","","","","","","","",76,1,"","","","","","","","","","","","",11.,1,1006.,1,"","","","","","",1,1,0,1,0,1,8,1,0,1,"","","","","","","","","","","","","","","","","","","","","","","","",9000,1,"","",2,1,0,1,"","","","","","","","","","",2,1,"","","","","","","","","","","","","","","","","","","","","","","","","","","","","","","","","","","","","","","","","","","","","","","","","","","","","",""
"35049001","CANCALE",48.711667,-1.843333,40,1981032015,"","","","",5.,1,260,1,"","","","","","","","","","","","","","","","","","","","","","","","","","","","",13.,1,6.6,1,"","","","","","","","","","","","","","","","","","","","","","","","","","",66,1,"","","","","","","","","","","","",9.9,1,1005.6,1,"","","","","","",5,1,0,1,2,1,6,1,0,1,"","","","","","","","","","","","","","","","","","","","","","","","",22000,1,"","",3,1,1,1,"","","","","","","","","","",2,1,"","","","","","","","","","","","","","","","","","","","","","","","","","","","","","","","","","","","","","","","","","","","","","","","","","","","","",""
"35049001","CANCALE",48.711667,-1.843333,40,1981032018,"","","","",8.,1,260,1,"","","","","","","","","","","","","","","","","","","","","","","","","","","","",13.5,1,4.8,1,"","","","","","","","","","","","","","","","","","","","","","","","","","",55,1,"","","","","","","","","","","","",8.7,1,1005.6,1,"","","","","","",8,1,8,1,5,1,"","","","","","","","","","","","","","","","","","","","","","","","","","","","",30000,1,"","",80,1,1,1,"","","","","","","","","","",3,1,"","","","","","","","","","","","","","","","","","","","","","","","","","","","","","","","","","","","","","","","","","","","","","","","","","","","","",""
"35049001","CANCALE",48.711667,-1.843333,40,1981032021,"","","","",4.,1,220,1,"","","","","","","","","","","","","","","","","","","","","","","","","","","","",11.,1,6.6,1,"","","","","","","","","","","","","","","","","","","","","","","","","","",75,1,"","","","","","","","","","","","",9.9,1,1007.1,1,"","","","","","",5,1,5,1,5,1,0,1,0,1,"","","","","","","","","","","","","","","","","","","","","","","","",20000,1,"","",0,1,"","","","","","","","","","","","",2,1,"","","","","","","","","","","","","","","","","","","","","","","","","","","","","","","","","","","","","","","","","","","","","","","","","","","","","",""
"35049001","CANCALE",48.711667,-1.843333,40,1981032100,"","","","",5.,1,220,1,"","","","","","","","","","","","","","","","","","","","","","","","","","","","",8.,1,5.6,1,"","","","","","","","","","","","","","","","","","","","","","","","","","",86,1,"","","","","","","","","","","","",9.2,1,1007.5,1,"","","","","","",0,1,"","",0,1,0,1,0,1,"","","","","","","","","","","","","","","","","","","","","","","","",20000,1,"","",0,1,"","","","","","","","","","","","",2,1,"","","","","","","","","","","","","","","","","","","","","","","","","","","","","","","","","","","","","","","","","","","","","","","","","","","","","",""
"35049001","CANCALE",48.711667,-1.843333,40,1981032103,"","","","",6.,1,200,1,"","","","","","","","","","","","","","","","","","","","","","","","","","","","",9.,1,7.,1,"","","","","","","","","","","","","","","","","","","","","","","","","","",89,1,"","","","","","","","","","","","",10.2,1,1006.2,1,"","","","","","",7,1,7,1,6,1,"","","","","","","","","","","","","","","","","","","","","","","","","","","","",18000,1,"","",0,1,"","","","","","","","","","","","",3,1,"","","","","","","","","","","","","","","","","","","","","","","","","","","","","","","","","","","","","","","","","","","","","","","","","","","","","",""
"35049001","CANCALE",48.711667,-1.843333,40,1981032106,"","","","",8.,1,200,1,"","","","","","","","","","","","","","","","","","","","","","","","","","","","",10.3,1,7.3,1,"","","","","","","","","","","","","","","","","","","","","","","","","","",83,1,"","","","","","","","","","","","",10.4,1,1003.6,1,"","","","","","",7,1,7,1,0,1,7,1,"","","","","","","","","","","","","","","","","","","","","","","","","","",20000,1,"","",0,1,"","","","",0,1,"","","","","","",3,1,"","","","","","","","","","","","","","","","","","","","","","","","","","","","","","","","","","","","","","","","","","","","","","","","","","","","","",""
"35049001","CANCALE",48.711667,-1.843333,40,1981032109,"","","","",12.,1,200,1,"","","","","","","","","","","","","","","","","","","","","","","","","","","","",11.6,1,7.7,1,"","","","","","","","","","","","","","","","","","","","","","","","","","",78,1,"","","","","","","","","","","","",10.7,1,1003.5,1,"","","","","","",8,1,8,1,7,1,7,1,"","","","","","","","","","","","","","","","","","","","","","","","","","",25000,1,"","",2,1,2,1,"","","","","","","","","","",4,1,"","","","","","","","","","","","","","","","","","","","","","","","","","","","","","","","","","","","","","","","","","","","","","","","","","","","","",""
"35049001","CANCALE",48.711667,-1.843333,40,1981032112,"","","","",11.,1,220,1,"","","","","","","","","","","","","","","","","","","","","","","","","","","","",14.1,1,7.7,1,"","","","","","","","","","","","","","","","","","","","","","","","","","",66,1,"","","","","","","","","","","","",10.7,1,1003.,1,"","","","","","",8,1,8,1,5,1,"","","","","","","","","","","","","","","","","","","","","","","","","","","","",18000,1,"","",2,1,2,1,"","","","","","","","","","",4,1,"","","","","","","","","","","","","","","","","","","","","","","","","","","","","","","","","","","","","","","","","","","","","","","","","","","","","",""
"35049001","CANCALE",48.711667,-1.843333,40,1981032115,"","","","",12.,1,220,1,"","","","","","","","","","","","","","","","","","","","","","","","","","","","",14.,1,7.7,1,"","","","","","","","","","","","","","","","","","","","","","","","","","",67,1,"","","","","","","","","","","","",10.7,1,1001.5,1,"","","","","","",7,1,7,1,5,1,0,1,0,1,"","","","","","","","","","","","","","","","","","","","","","","","",18000,1,"","",2,1,2,1,"","","","","","","","","","",4,1,"","","","","","","","","","","","","","","","","","","","","","","","","","","","","","","","","","","","","","","","","","","","","","","","","","","","","",""
"35049001","CANCALE",48.711667,-1.843333,40,1981032118,"","","","",11.,1,200,1,"","","","","","","","","","","","","","","","","","","","","","","","","","","","",13.,1,6.6,1,"","","","","","","","","","","","","","","","","","","","","","","","","","",66,1,"","","","","","","","","","","","",9.9,1,999.4,1,"","","","","","",8,1,8,1,5,1,"","","","","","","","","","","","","","","","","","","","","","","","","","","","",18000,1,"","",2,1,2,1,"","","","","","","","","","",4,1,"","","","","","","","","","","","","","","","","","","","","","","","","","","","","","","","","","","","","","","","","","","","","","","","","","","","","",""
"35049001","CANCALE",48.711667,-1.843333,40,1981032121,"","","","",10.,1,180,1,"","","","","","","","","","","","","","","","","","","","","","","","","","","","",12.,1,5.4,1,"","","","","","","","","","","","","","","","","","","","","","","","","","",66,1,"","","","","","","","","","","","",9.1,1,996.4,1,"","","","","","",5,1,5,1,0,1,7,1,0,1,"","","","","","","","","","","","","","","","","","","","","","","","",25000,1,"","",0,1,"","","","","","","","","","","","",4,1,"","","","","","","","","","","","","","","","","","","","","","","","","","","","","","","","","","","","","","","","","","","","","","","","","","","","","",""
"35049001","CANCALE",48.711667,-1.843333,40,1981032200,"","","","",16.,1,180,1,"","","","","","","","","","","","","","","","","","","","","","","","","","","","",11.5,1,7.6,1,"","","","","","","","","","","","","","","","","","","","","","","","","","",78,1,"","","","","","","","","","","","",10.6,1,988.2,1,"","","","","","",8,1,8,1,5,1,"","","","","","","","","","","","","","","","","","","","","","","","","","","","",25000,1,"","",0,1,"","","","","","","","","","","","",5,1,"","","","","","","","","","","","","","","","","","","","","","","","","","","","","","","","","","","","","","","","","","","","","","","","","","","","","",""
"35049001","CANCALE",48.711667,-1.843333,40,1981032203,"","","","",14.,1,220,1,"","","","","","","","","","","","","","","","","","","","","","","","","","","","",10.6,1,6.3,1,"","","","","","","","","","","","","","","","","","","","","","","","","","",76,1,"","","","","","","","","","","","",9.7,1,987.1,1,"","","","","","",8,1,8,1,5,1,"","","","","","","","","","","","","","","","","","","","","","","","","","","","",25000,1,"","",0,1,"","","","","","","","","","","","",5,1,"","","","","","","","","","","","","","","","","","","","","","","","","","","","","","","","","","","","","","","","","","","","","","","","","","","","","",""
"35049001","CANCALE",48.711667,-1.843333,40,1981032206,"","","","",14.,1,240,1,"","","","","","","","","","","","","","","","","","","","","","","","","","","","",10.,1,5.6,1,"","","","","","","","","","","","","","","","","","","","","","","","","","",75,1,"","","","","","","","","","","","",9.2,1,990.,1,"","","","","","",8,1,8,1,7,1,"","","","","","","","","","","","","","","","","","","","","","","","","","","","",10000,1,"","",60,1,"","","","",1,1,"","","","","","",5,1,"","","","","","","","","","","","","","","","","","","","","","","","","","","","","","","","","","","","","","","","","","","","","","","","","","","","","",""
"35049001","CANCALE",48.711667,-1.843333,40,1981032209,"","","","",19.,1,260,1,"","","","","","","","","","","","","","","","","","","","","","","","","","","","",9.3,1,5.1,1,"","","","","","","","","","","","","","","","","","","","","","","","","","",77,1,"","","","","","","","","","","","",8.9,1,995.1,1,"","","","","","",7,1,7,1,8,1,0,1,0,1,"","","","","","","","","","","","","","","","","","","","","","","","",10000,1,"","",2,1,6,1,"","","","","","","","","","",5,1,"","","","","","","","","","","","","","","","","","","","","","","","","","","","","","","","","","","","","","","","","","","","","","","","","","","","","",""
"35049001","CANCALE",48.711667,-1.843333,40,1981032212,"","","","",17.,1,280,1,"","","","","","","","","","","","","","","","","","","","","","","","","","","","",8.6,1,3.6,1,"","","","","","","","","","","","","","","","","","","","","","","","","","",72,1,"","","","","","","","","","","","",8.,1,1001.1,1,"","","","","","",7,1,7,1,5,1,"","","","","","","","","","","","","","","","","","","","","","","","","","","","",18000,1,"","",2,1,6,1,"","","","","","","","","","",5,1,"","","","","","","","","","","","","","","","","","","","","","","","","","","","","","","","","","","","","","","","","","","","","","","","","","","","","",""
"35049001","CANCALE",48.711667,-1.843333,40,1981032215,"","","","",10.,1,300,1,"","","","","","","","","","","","","","","","","","","","","","","","","","","","",8.4,1,2.7,1,"","","","","","","","","","","","","","","","","","","","","","","","","","",68,1,"","","","","","","","","","","","",7.5,1,1004.3,1,"","","","","","",7,1,5,1,0,1,7,1,1,1,"","","","","","","","","","","","","","","","","","","","","","","","",18000,1,"","",1,1,2,1,"","","","","","","","","","",4,1,"","","","","","","","","","","","","","","","","","","","","","","","","","","","","","","","","","","","","","","","","","","","","","","","","","","","","",""
"35049001","CANCALE",48.711667,-1.843333,40,1981032218,"","","","",3.,1,300,1,"","","","","","","","","","","","","","","","","","","","","","","","","","","","",7.2,1,2.7,1,"","","","","","","","","","","","","","","","","","","","","","","","","","",74,1,"","","","","","","","","","","","",7.5,1,1005.6,1,"","","","","","",7,1,7,1,0,1,7,1,"","","","","","","","","","","","","","","","","","","","","","","","","","",18000,1,"","",2,1,2,1,"","","","","","","","","","",3,1,"","","","","","","","","","","","","","","","","","","","","","","","","","","","","","","","","","","","","","","","","","","","","","","","","","","","","",""
"35049001","CANCALE",48.711667,-1.843333,40,1981032221,"","","","",5.,1,120,1,"","","","","","","","","","","","","","","","","","","","","","","","","","","","",7.,1,3.1,1,"","","","","","","","","","","","","","","","","","","","","","","","","","",77,1,"","","","","","","","","","","","",7.7,1,1006.2,1,"","","","","","",8,1,8,1,7,1,"","","","","","","","","","","","","","","","","","","","","","","","","","","","",18000,1,"","",61,1,"","","","","","","","","","","","",3,1,"","","","","","","","","","","","","","","","","","","","","","","","","","","","","","","","","","","","","","","","","","","","","","","","","","","","","",""
"35049001","CANCALE",48.711667,-1.843333,40,1981032300,"","","","",9.,1,160,1,"","","","","","","","","","","","","","","","","","","","","","","","","","","","",8.7,1,8.,1,"","","","","","","","","","","","","","","","","","","","","","","","","","",97,1,"","","","","","","","","","","","",10.9,1,1003.2,1,"","","","","","",8,1,8,1,7,1,"","","","","","","","","","","","","","","","","","","","","","","","","","","","",10000,1,"","",61,1,"","","","","","","","","","","","",3,1,"","","","","","","","","","","","","","","","","","","","","","","","","","","","","","","","","","","","","","","","","","","","","","","","","","","","","",""
"35049001","CANCALE",48.711667,-1.843333,40,1981032303,"","","","",9.,1,200,1,"","","","","","","","","","","","","","","","","","","","","","","","","","","","",10.8,1,9.3,1,"","","","","","","","","","","","","","","","","","","","","","","","","","",92,1,"","","","","","","","","","","","",12.,1,1000.7,1,"","","","","","",8,1,8,1,5,1,"","","","","","","","","","","","","","","","","","","","","","","","","","","","",25000,1,"","",0,1,"","","","","","","","","","","","",3,1,"","","","","","","","","","","","","","","","","","","","","","","","","","","","","","","","","","","","","","","","","","","","","","","","","","","","","",""
"35049001","CANCALE",48.711667,-1.843333,40,1981032306,"","","","",8.,1,180,1,"","","","","","","","","","","","","","","","","","","","","","","","","","","","",11.6,1,10.3,1,"","","","","","","","","","","","","","","","","","","","","","","","","","",93,1,"","","","","","","","","","","","",12.8,1,1000.3,1,"","","","","","",8,1,8,1,5,1,"","","","","","","","","","","","","","","","","","","","","","","","","","","","",30000,1,"","",0,1,"","","","",1,1,"","","","","","",3,1,"","","","","","","","","","","","","","","","","","","","","","","","","","","","","","","","","","","","","","","","","","","","","","","","","","","","","",""
"35049001","CANCALE",48.711667,-1.843333,40,1981032309,"","","","",8.,1,200,1,"","","","","","","","","","","","","","","","","","","","","","","","","","","","",12.8,1,10.9,1,"","","","","","","","","","","","","","","","","","","","","","","","","","",91,1,"","","","","","","","","","","","",13.4,1,999.5,1,"","","","","","",8,1,8,1,7,1,"","","","","","","","","","","","","","","","","","","","","","","","","","","","",10000,1,"","",60,1,6,1,"","","","","","","","","","",3,1,"","","","","","","","","","","","","","","","","","","","","","","","","","","","","","","","","","","","","","","","","","","","","","","","","","","","","",""
"35049001","CANCALE",48.711667,-1.843333,40,1981032312,"","","","",10.,1,240,1,"","","","","","","","","","","","","","","","","","","","","","","","","","","","",14.7,1,11.8,1,"","","","","","","","","","","","","","","","","","","","","","","","","","",85,1,"","","","","","","","","","","","",14.2,1,999.2,1,"","","","","","",8,1,8,1,5,1,"","","","","","","","","","","","","","","","","","","","","","","","","","","","",30000,1,"","",2,1,6,1,"","","","","","","","","","",3,1,"","","","","","","","","","","","","","","","","","","","","","","","","","","","","","","","","","","","","","","","","","","","","","","","","","","","","",""
"35049001","CANCALE",48.711667,-1.843333,40,1981032315,"","","","",17.,1,260,1,"","","","","","","","","","","","","","","","","","","","","","","","","","","","",15.,1,12.4,1,"","","","","","","","","","","","","","","","","","","","","","","","","","",87,1,"","","","","","","","","","","","",14.8,1,999.1,1,"","","","","","",7,1,7,1,8,1,"","","","","","","","","","","","","","","","","","","","","","","","","","","","",25000,1,"","",2,1,6,1,"","","","","","","","","","",4,1,"","","","","","","","","","","","","","","","","","","","","","","","","","","","","","","","","","","","","","","","","","","","","","","","","","","","","",""
"35049001","CANCALE",48.711667,-1.843333,40,1981032318,"","","","",15.,1,260,1,"","","","","","","","","","","","","","","","","","","","","","","","","","","","",13.5,1,9.1,1,"","","","","","","","","","","","","","","","","","","","","","","","","","",76,1,"","","","","","","","","","","","",11.8,1,1001.2,1,"","","","","","",7,1,7,1,8,1,"","","","","","","","","","","","","","","","","","","","","","","","","","","","",16000,1,"","",2,1,6,1,"","","","","","","","","","",4,1,"","","","","","","","","","","","","","","","","","","","","","","","","","","","","","","","","","","","","","","","","","","","","","","","","","","","","",""
"35049001","CANCALE",48.711667,-1.843333,40,1981032321,"","","","",13.,1,280,1,"","","","","","","","","","","","","","","","","","","","","","","","","","","","",12.6,1,7.7,1,"","","","","","","","","","","","","","","","","","","","","","","","","","",73,1,"","","","","","","","","","","","",10.7,1,1005.1,1,"","","","","","",8,1,8,1,5,1,"","","","","","","","","","","","","","","","","","","","","","","","","","","","",16000,1,"","",0,1,"","","","","","","","","","","","",4,1,"","","","","","","","","","","","","","","","","","","","","","","","","","","","","","","","","","","","","","","","","","","","","","","","","","","","","",""
"35049001","CANCALE",48.711667,-1.843333,40,1981032400,"","","","",6.,1,220,1,"","","","","","","","","","","","","","","","","","","","","","","","","","","","",11.8,1,8.1,1,"","","","","","","","","","","","","","","","","","","","","","","","","","",80,1,"","","","","","","","","","","","",11.,1,1007.9,1,"","","","","","",6,1,6,1,5,1,0,1,0,1,"","","","","","","","","","","","","","","","","","","","","","","","",25000,1,"","",0,1,"","","","","","","","","","","","",3,1,"","","","","","","","","","","","","","","","","","","","","","","","","","","","","","","","","","","","","","","","","","","","","","","","","","","","","",""
"35049001","CANCALE",48.711667,-1.843333,40,1981032403,"","","","",6.,1,200,1,"","","","","","","","","","","","","","","","","","","","","","","","","","","","",10.4,1,8.2,1,"","","","","","","","","","","","","","","","","","","","","","","","","","",89,1,"","","","","","","","","","","","",11.1,1,1008.3,1,"","","","","","",6,1,6,1,5,1,0,1,0,1,"","","","","","","","","","","","","","","","","","","","","","","","",18000,1,"","",0,1,"","","","","","","","","","","","",3,1,"","","","","","","","","","","","","","","","","","","","","","","","","","","","","","","","","","","","","","","","","","","","","","","","","","","","","",""
"35049001","CANCALE",48.711667,-1.843333,40,1981032406,"","","","",6.,1,220,1,"","","","","","","","","","","","","","","","","","","","","","","","","","","","",11.2,1,8.9,1,"","","","","","","","","","","","","","","","","","","","","","","","","","",87,1,"","","","","","","","","","","","",11.6,1,1008.,1,"","","","","","",6,1,6,1,5,1,0,1,0,1,"","","","","","","","","","","","","","","","","","","","","","","","",12000,1,"","",0,1,"","","","",0,1,"","","","","","",3,1,"","","","","","","","","","","","","","","","","","","","","","","","","","","","","","","","","","","","","","","","","","","","","","","","","","","","","",""
"35049001","CANCALE",48.711667,-1.843333,40,1981032409,"","","","",7.,1,200,1,"","","","","","","","","","","","","","","","","","","","","","","","","","","","",11.8,1,10.7,1,"","","","","","","","","","","","","","","","","","","","","","","","","","",95,1,"","","","","","","","","","","","",13.2,1,1007.8,1,"","","","","","",8,1,8,1,5,1,"","","","","","","","","","","","","","","","","","","","","","","","","","","","",9000,1,"","",63,1,6,1,"","","","","","","","","","",4,1,"","","","","","","","","","","","","","","","","","","","","","","","","","","","","","","","","","","","","","","","","","","","","","","","","","","","","",""
"35049001","CANCALE",48.711667,-1.843333,40,1981032412,"","","","",6.,1,240,1,"","","","","","","","","","","","","","","","","","","","","","","","","","","","",15.,1,11.9,1,"","","","","","","","","","","","","","","","","","","","","","","","","","",84,1,"","","","","","","","","","","","",14.3,1,1007.6,1,"","","","","","",7,1,7,1,5,1,"","","","","","","","","","","","","","","","","","","","","","","","","","","","",35000,1,"","",2,1,6,1,"","","","","","","","","","",3,1,"","","","","","","","","","","","","","","","","","","","","","","","","","","","","","","","","","","","","","","","","","","","","","","","","","","","","",""
"35049001","CANCALE",48.711667,-1.843333,40,1981032415,"","","","",6.,1,260,1,"","","","","","","","","","","","","","","","","","","","","","","","","","","","",15.5,1,12.,1,"","","","","","","","","","","","","","","","","","","","","","","","","","",82,1,"","","","","","","","","","","","",14.4,1,1007.6,1,"","","","","","",8,1,8,1,5,1,"","","","","","","","","","","","","","","","","","","","","","","","","","","","",35000,1,"","",2,1,2,1,"","","","","","","","","","",3,1,"","","","","","","","","","","","","","","","","","","","","","","","","","","","","","","","","","","","","","","","","","","","","","","","","","","","","",""
"35049001","CANCALE",48.711667,-1.843333,40,1981032418,"","","","",6.,1,220,1,"","","","","","","","","","","","","","","","","","","","","","","","","","","","",13.5,1,11.5,1,"","","","","","","","","","","","","","","","","","","","","","","","","","",90,1,"","","","","","","","","","","","",13.9,1,1008.6,1,"","","","","","",8,1,8,1,7,1,"","","","","","","","","","","","","","","","","","","","","","","","","","","","",25000,1,"","",63,1,6,1,"","","","","","","","","","",3,1,"","","","","","","","","","","","","","","","","","","","","","","","","","","","","","","","","","","","","","","","","","","","","","","","","","","","","",""
"35049001","CANCALE",48.711667,-1.843333,40,1981032421,"","","","",7.,1,220,1,"","","","","","","","","","","","","","","","","","","","","","","","","","","","",13.,1,11.5,1,"","","","","","","","","","","","","","","","","","","","","","","","","","",93,1,"","","","","","","","","","","","",13.9,1,1009.1,1,"","","","","","",8,1,8,1,7,1,"","","","","","","","","","","","","","","","","","","","","","","","","","","","",15000,1,"","",0,1,"","","","","","","","","","","","",4,1,"","","","","","","","","","","","","","","","","","","","","","","","","","","","","","","","","","","","","","","","","","","","","","","","","","","","","",""
"35049001","CANCALE",48.711667,-1.843333,40,1981032500,"","","","",11.,1,240,1,"","","","","","","","","","","","","","","","","","","","","","","","","","","","",13.5,1,9.7,1,"","","","","","","","","","","","","","","","","","","","","","","","","","",80,1,"","","","","","","","","","","","",12.3,1,1008.8,1,"","","","","","",4,1,0,1,7,1,7,1,0,1,"","","","","","","","","","","","","","","","","","","","","","","","",20000,1,"","",0,1,"","","","","","","","","","","","",4,1,"","","","","","","","","","","","","","","","","","","","","","","","","","","","","","","","","","","","","","","","","","","","","","","","","","","","","",""
"35049001","CANCALE",48.711667,-1.843333,40,1981032503,"","","","",7.,1,220,1,"","","","","","","","","","","","","","","","","","","","","","","","","","","","",12.7,1,10.3,1,"","","","","","","","","","","","","","","","","","","","","","","","","","",87,1,"","","","","","","","","","","","",12.8,1,1010.3,1,"","","","","","",8,1,8,1,5,1,"","","","","","","","","","","","","","","","","","","","","","","","","","","","",20000,1,"","",0,1,"","","","","","","","","","","","",4,1,"","","","","","","","","","","","","","","","","","","","","","","","","","","","","","","","","","","","","","","","","","","","","","","","","","","","","",""
"35049001","CANCALE",48.711667,-1.843333,40,1981032506,"","","","",5.,1,200,1,"","","","","","","","","","","","","","","","","","","","","","","","","","","","",12.,1,8.7,1,"","","","","","","","","","","","","","","","","","","","","","","","","","",82,1,"","","","","","","","","","","","",11.5,1,1008.8,1,"","","","","","",8,1,8,1,7,1,7,1,"","","","","","","","","","","","","","","","","","","","","","","","","","",15000,1,"","",0,1,"","","","",1,1,"","","","","","",3,1,"","","","","","","","","","","","","","","","","","","","","","","","","","","","","","","","","","","","","","","","","","","","","","","","","","","","","",""
"35049001","CANCALE",48.711667,-1.843333,40,1981032509,"","","","",4.,1,180,1,"","","","","","","","","","","","","","","","","","","","","","","","","","","","",12.,1,9.7,1,"","","","","","","","","","","","","","","","","","","","","","","","","","",88,1,"","","","","","","","","","","","",12.3,1,1008.8,1,"","","","","","",8,1,8,1,0,1,7,1,"","","","","","","","","","","","","","","","","","","","","","","","","","",15000,1,"","",2,1,2,1,"","","","","","","","","","",3,1,"","","","","","","","","","","","","","","","","","","","","","","","","","","","","","","","","","","","","","","","","","","","","","","","","","","","","",""
"35049001","CANCALE",48.711667,-1.843333,40,1981032512,"","","","",4.,1,180,1,"","","","","","","","","","","","","","","","","","","","","","","","","","","","",13.5,1,10.2,1,"","","","","","","","","","","","","","","","","","","","","","","","","","",82,1,"","","","","","","","","","","","",12.7,1,1007.9,1,"","","","","","",8,1,8,1,5,1,7,1,"","","","","","","","","","","","","","","","","","","","","","","","","","",18000,1,"","",2,1,2,1,"","","","","","","","","","",2,1,"","","","","","","","","","","","","","","","","","","","","","","","","","","","","","","","","","","","","","","","","","","","","","","","","","","","","",""
"35049001","CANCALE",48.711667,-1.843333,40,1981032515,"","","","",6.,1,180,1,"","","","","","","","","","","","","","","","","","","","","","","","","","","","",16.3,1,11.4,1,"","","","","","","","","","","","","","","","","","","","","","","","","","",75,1,"","","","","","","","","","","","",13.8,1,1006.,1,"","","","","","",8,1,8,1,5,1,7,1,"","","","","","","","","","","","","","","","","","","","","","","","","","",25000,1,"","",3,1,2,1,"","","","","","","","","","",2,1,"","","","","","","","","","","","","","","","","","","","","","","","","","","","","","","","","","","","","","","","","","","","","","","","","","","","","",""
"35049001","CANCALE",48.711667,-1.843333,40,1981032518,"","","","",6.,1,220,1,"","","","","","","","","","","","","","","","","","","","","","","","","","","","",14.5,1,10.2,1,"","","","","","","","","","","","","","","","","","","","","","","","","","",77,1,"","","","","","","","","","","","",12.7,1,1006.4,1,"","","","","","",8,1,5,1,7,1,2,1,"","","","","","","","","","","","","","","","","","","","","","","","","","",15000,1,"","",2,1,2,1,"","","","","","","","","","",2,1,"","","","","","","","","","","","","","","","","","","","","","","","","","","","","","","","","","","","","","","","","","","","","","","","","","","","","",""
"35049001","CANCALE",48.711667,-1.843333,40,1981032521,"","","","",4.,1,200,1,"","","","","","","","","","","","","","","","","","","","","","","","","","","","",12.,1,8.7,1,"","","","","","","","","","","","","","","","","","","","","","","","","","",82,1,"","","","","","","","","","","","",11.5,1,1006.4,1,"","","","","","",8,1,8,1,5,1,"","","","","","","","","","","","","","","","","","","","","","","","","","","","",30000,1,"","",0,1,"","","","","","","","","","","","",2,1,"","","","","","","","","","","","","","","","","","","","","","","","","","","","","","","","","","","","","","","","","","","","","","","","","","","","","",""
"35049001","CANCALE",48.711667,-1.843333,40,1981032600,"","","","",6.,1,200,1,"","","","","","","","","","","","","","","","","","","","","","","","","","","","",11.,1,8.8,1,"","","","","","","","","","","","","","","","","","","","","","","","","","",88,1,"","","","","","","","","","","","",11.5,1,1006.4,1,"","","","","","",4,1,0,1,0,1,4,1,0,1,"","","","","","","","","","","","","","","","","","","","","","","","",30000,1,"","",0,1,"","","","","","","","","","","","",2,1,"","","","","","","","","","","","","","","","","","","","","","","","","","","","","","","","","","","","","","","","","","","","","","","","","","","","","",""
"35049001","CANCALE",48.711667,-1.843333,40,1981032603,"","","","",5.,1,180,1,"","","","","","","","","","","","","","","","","","","","","","","","","","","","",10.3,1,8.,1,"","","","","","","","","","","","","","","","","","","","","","","","","","",88,1,"","","","","","","","","","","","",10.9,1,1005.9,1,"","","","","","",1,1,0,1,0,1,0,1,2,1,"","","","","","","","","","","","","","","","","","","","","","","","",30000,1,"","",0,1,"","","","","","","","","","","","",2,1,"","","","","","","","","","","","","","","","","","","","","","","","","","","","","","","","","","","","","","","","","","","","","","","","","","","","","",""
"35049001","CANCALE",48.711667,-1.843333,40,1981032606,"","","","",5.,1,200,1,"","","","","","","","","","","","","","","","","","","","","","","","","","","","",11.,1,8.8,1,"","","","","","","","","","","","","","","","","","","","","","","","","","",88,1,"","","","","","","","","","","","",11.5,1,1006.6,1,"","","","","","",8,1,8,1,7,1,"","","","","","","","","","","","","","","","","","","","","","","","","","","","",10000,1,"","",63,1,"","","","",1,1,"","","","","","",2,1,"","","","","","","","","","","","","","","","","","","","","","","","","","","","","","","","","","","","","","","","","","","","","","","","","","","","","",""
"35049001","CANCALE",48.711667,-1.843333,40,1981032609,"","","","",13.,1,300,1,"","","","","","","","","","","","","","","","","","","","","","","","","","","","",9.5,1,7.2,1,"","","","","","","","","","","","","","","","","","","","","","","","","","",87,1,"","","","","","","","","","","","",10.3,1,1011.8,1,"","","","","","",1,1,0,1,1,1,0,1,0,1,"","","","","","","","","","","","","","","","","","","","","","","","",12000,1,"","",1,1,6,1,"","","","","","","","","","",4,1,"","","","","","","","","","","","","","","","","","","","","","","","","","","","","","","","","","","","","","","","","","","","","","","","","","","","","",""
"35049001","CANCALE",48.711667,-1.843333,40,1981032612,"","","","",7.,1,300,1,"","","","","","","","","","","","","","","","","","","","","","","","","","","","",10.4,1,7.3,1,"","","","","","","","","","","","","","","","","","","","","","","","","","",82,1,"","","","","","","","","","","","",10.4,1,1016.,1,"","","","","","",3,1,0,1,2,1,4,1,0,1,"","","","","","","","","","","","","","","","","","","","","","","","",12000,1,"","",1,1,6,1,"","","","","","","","","","",3,1,"","","","","","","","","","","","","","","","","","","","","","","","","","","","","","","","","","","","","","","","","","","","","","","","","","","","","",""
"35049001","CANCALE",48.711667,-1.843333,40,1981032615,"","","","",2.,1,300,1,"","","","","","","","","","","","","","","","","","","","","","","","","","","","",11.,1,6.6,1,"","","","","","","","","","","","","","","","","","","","","","","","","","",75,1,"","","","","","","","","","","","",9.9,1,1018.2,1,"","","","","","",5,1,5,1,2,1,5,1,0,1,"","","","","","","","","","","","","","","","","","","","","","","","",30000,1,"","",3,1,1,1,"","","","","","","","","","",2,1,"","","","","","","","","","","","","","","","","","","","","","","","","","","","","","","","","","","","","","","","","","","","","","","","","","","","","",""
"35049001","CANCALE",48.711667,-1.843333,40,1981032618,"","","","",5.,1,60,1,"","","","","","","","","","","","","","","","","","","","","","","","","","","","",9.2,1,5.3,1,"","","","","","","","","","","","","","","","","","","","","","","","","","",77,1,"","","","","","","","","","","","",9.,1,1017.2,1,"","","","","","",7,1,7,1,4,1,7,1,"","","","","","","","","","","","","","","","","","","","","","","","","","",30000,1,"","",3,1,2,1,"","","","","","","","","","",2,1,"","","","","","","","","","","","","","","","","","","","","","","","","","","","","","","","","","","","","","","","","","","","","","","","","","","","","",""
"35049001","CANCALE",48.711667,-1.843333,40,1981032621,"","","","",7.,1,200,1,"","","","","","","","","","","","","","","","","","","","","","","","","","","","",10.,1,6.6,1,"","","","","","","","","","","","","","","","","","","","","","","","","","",80,1,"","","","","","","","","","","","",9.9,1,1016.6,1,"","","","","","",8,1,8,1,5,1,"","","","","","","","","","","","","","","","","","","","","","","","","","","","",20000,1,"","",0,1,"","","","","","","","","","","","",3,1,"","","","","","","","","","","","","","","","","","","","","","","","","","","","","","","","","","","","","","","","","","","","","","","","","","","","","",""
"35049001","CANCALE",48.711667,-1.843333,40,1981032700,"","","","",6.,1,180,1,"","","","","","","","","","","","","","","","","","","","","","","","","","","","",8.5,1,4.9,1,"","","","","","","","","","","","","","","","","","","","","","","","","","",80,1,"","","","","","","","","","","","",8.8,1,1016.3,1,"","","","","","",4,1,0,1,5,1,0,1,0,1,"","","","","","","","","","","","","","","","","","","","","","","","",22000,1,"","",0,1,"","","","","","","","","","","","",2,1,"","","","","","","","","","","","","","","","","","","","","","","","","","","","","","","","","","","","","","","","","","","","","","","","","","","","","",""
"35049001","CANCALE",48.711667,-1.843333,40,1981032703,"","","","",7.,1,160,1,"","","","","","","","","","","","","","","","","","","","","","","","","","","","",8.2,1,5.7,1,"","","","","","","","","","","","","","","","","","","","","","","","","","",86,1,"","","","","","","","","","","","",9.3,1,1014.4,1,"","","","","","",7,1,7,1,5,1,0,1,0,1,"","","","","","","","","","","","","","","","","","","","","","","","",18000,1,"","",0,1,"","","","","","","","","","","","",3,1,"","","","","","","","","","","","","","","","","","","","","","","","","","","","","","","","","","","","","","","","","","","","","","","","","","","","","",""
"35049001","CANCALE",48.711667,-1.843333,40,1981032706,"","","","",11.,1,100,1,"","","","","","","","","","","","","","","","","","","","","","","","","","","","",7.5,1,5.1,1,"","","","","","","","","","","","","","","","","","","","","","","","","","",86,1,"","","","","","","","","","","","",8.9,1,1011.,1,"","","","","","",4,1,0,1,0,1,4,1,2,1,"","","","","","","","","","","","","","","","","","","","","","","","",15000,1,"","",0,1,"","","","",0,1,"","","","","","",3,1,"","","","","","","","","","","","","","","","","","","","","","","","","","","","","","","","","","","","","","","","","","","","","","","","","","","","","",""
"35049001","CANCALE",48.711667,-1.843333,40,1981032709,"","","","",10.,1,100,1,"","","","","","","","","","","","","","","","","","","","","","","","","","","","",10.1,1,7.2,1,"","","","","","","","","","","","","","","","","","","","","","","","","","",83,1,"","","","","","","","","","","","",10.3,1,1008.7,1,"","","","","","",7,1,6,1,0,1,4,1,6,1,"","","","","","","","","","","","","","","","","","","","","","","","",16000,1,"","",3,1,1,1,"","","","","","","","","","",2,1,"","","","","","","","","","","","","","","","","","","","","","","","","","","","","","","","","","","","","","","","","","","","","","","","","","","","","",""
"35049001","CANCALE",48.711667,-1.843333,40,1981032712,"","","","",13.,1,100,1,"","","","","","","","","","","","","","","","","","","","","","","","","","","","",11.8,1,7.4,1,"","","","","","","","","","","","","","","","","","","","","","","","","","",76,1,"","","","","","","","","","","","",10.5,1,1005.8,1,"","","","","","",8,1,8,1,0,1,7,1,"","","","","","","","","","","","","","","","","","","","","","","","","","",22000,1,"","",2,1,2,1,"","","","","","","","","","",3,1,"","","","","","","","","","","","","","","","","","","","","","","","","","","","","","","","","","","","","","","","","","","","","","","","","","","","","",""
"35049001","CANCALE",48.711667,-1.843333,40,1981032715,"","","","",9.,1,140,1,"","","","","","","","","","","","","","","","","","","","","","","","","","","","",13.1,1,7.7,1,"","","","","","","","","","","","","","","","","","","","","","","","","","",72,1,"","","","","","","","","","","","",10.7,1,1003.9,1,"","","","","","",8,1,8,1,5,1,7,1,"","","","","","","","","","","","","","","","","","","","","","","","","","",25000,1,"","",2,1,2,1,"","","","","","","","","","",3,1,"","","","","","","","","","","","","","","","","","","","","","","","","","","","","","","","","","","","","","","","","","","","","","","","","","","","","",""
"35049001","CANCALE",48.711667,-1.843333,40,1981032718,"","","","",8.,1,160,1,"","","","","","","","","","","","","","","","","","","","","","","","","","","","",14.4,1,8.5,1,"","","","","","","","","","","","","","","","","","","","","","","","","","",69,1,"","","","","","","","","","","","",11.3,1,1003.2,1,"","","","","","",8,1,8,1,0,1,7,1,"","","","","","","","","","","","","","","","","","","","","","","","","","",16000,1,"","",2,1,2,1,"","","","","","","","","","",3,1,"","","","","","","","","","","","","","","","","","","","","","","","","","","","","","","","","","","","","","","","","","","","","","","","","","","","","",""
"35049001","CANCALE",48.711667,-1.843333,40,1981032721,"","","","",9.,1,140,1,"","","","","","","","","","","","","","","","","","","","","","","","","","","","",11.2,1,8.5,1,"","","","","","","","","","","","","","","","","","","","","","","","","","",85,1,"","","","","","","","","","","","",11.3,1,1003.1,1,"","","","","","",0,1,"","",0,1,0,1,0,1,"","","","","","","","","","","","","","","","","","","","","","","","",25000,1,"","",0,1,"","","","","","","","","","","","",3,1,"","","","","","","","","","","","","","","","","","","","","","","","","","","","","","","","","","","","","","","","","","","","","","","","","","","","","",""
"35049001","CANCALE",48.711667,-1.843333,40,1981032800,"","","","",7.,1,160,1,"","","","","","","","","","","","","","","","","","","","","","","","","","","","",11.,1,8.,1,"","","","","","","","","","","","","","","","","","","","","","","","","","",83,1,"","","","","","","","","","","","",10.9,1,1003.4,1,"","","","","","",0,1,"","",0,1,0,1,0,1,"","","","","","","","","","","","","","","","","","","","","","","","",25000,1,"","",0,1,"","","","","","","","","","","","",2,1,"","","","","","","","","","","","","","","","","","","","","","","","","","","","","","","","","","","","","","","","","","","","","","","","","","","","","",""
"35049001","CANCALE",48.711667,-1.843333,40,1981032803,"","","","",5.,1,160,1,"","","","","","","","","","","","","","","","","","","","","","","","","","","","",10.8,1,8.5,1,"","","","","","","","","","","","","","","","","","","","","","","","","","",87,1,"","","","","","","","","","","","",11.3,1,1003.5,1,"","","","","","",3,1,0,1,5,1,0,1,0,1,"","","","","","","","","","","","","","","","","","","","","","","","",25000,1,"","",0,1,"","","","","","","","","","","","",2,1,"","","","","","","","","","","","","","","","","","","","","","","","","","","","","","","","","","","","","","","","","","","","","","","","","","","","","",""
"35049001","CANCALE",48.711667,-1.843333,40,1981032806,"","","","",4.,1,140,1,"","","","","","","","","","","","","","","","","","","","","","","","","","","","",9.5,1,7.2,1,"","","","","","","","","","","","","","","","","","","","","","","","","","",87,1,"","","","","","","","","","","","",10.3,1,1003.9,1,"","","","","","",3,1,0,1,0,1,4,1,0,1,"","","","","","","","","","","","","","","","","","","","","","","","",10000,1,"","",0,1,"","","","","","","","","","","","",2,1,"","","","","","","","","","","","","","","","","","","","","","","","","","","","","","","","","","","","","","","","","","","","","","","","","","","","","",""
"35049001","CANCALE",48.711667,-1.843333,40,1981032809,"","","","",5.,1,140,1,"","","","","","","","","","","","","","","","","","","","","","","","","","","","",11.2,1,8.3,1,"","","","","","","","","","","","","","","","","","","","","","","","","","",84,1,"","","","","","","","","","","","",11.2,1,1004.,1,"","","","","","",3,1,0,1,0,1,0,1,1,1,"","","","","","","","","","","","","","","","","","","","","","","","",10000,1,"","",2,1,1,1,"","","","","","","","","","",2,1,"","","","","","","","","","","","","","","","","","","","","","","","","","","","","","","","","","","","","","","","","","","","","","","","","","","","","",""
"35049001","CANCALE",48.711667,-1.843333,40,1981032812,"","","","",3.,1,140,1,"","","","","","","","","","","","","","","","","","","","","","","","","","","","",14.,1,8.9,1,"","","","","","","","","","","","","","","","","","","","","","","","","","",72,1,"","","","","","","","","","","","",11.6,1,1003.8,1,"","","","","","",7,1,7,1,0,1,0,1,8,1,"","","","","","","","","","","","","","","","","","","","","","","","",10000,1,"","",3,1,1,1,"","","","","","","","","","",2,1,"","","","","","","","","","","","","","","","","","","","","","","","","","","","","","","","","","","","","","","","","","","","","","","","","","","","","",""
"35049001","CANCALE",48.711667,-1.843333,40,1981032815,"","","","",2.,1,100,1,"","","","","","","","","","","","","","","","","","","","","","","","","","","","",15.1,1,7.7,1,"","","","","","","","","","","","","","","","","","","","","","","","","","",62,1,"","","","","","","","","","","","",10.7,1,1003.,1,"","","","","","",7,1,6,1,3,1,8,1,"","","","","","","","","","","","","","","","","","","","","","","","","","",25000,1,"","",2,1,2,1,"","","","","","","","","","",2,1,"","","","","","","","","","","","","","","","","","","","","","","","","","","","","","","","","","","","","","","","","","","","","","","","","","","","","",""
"35049001","CANCALE",48.711667,-1.843333,40,1981032818,"","","","",1.,1,80,1,"","","","","","","","","","","","","","","","","","","","","","","","","","","","",13.6,1,9.,1,"","","","","","","","","","","","","","","","","","","","","","","","","","",75,1,"","","","","","","","","","","","",11.7,1,1001.9,1,"","","","","","",7,1,7,1,0,1,8,1,8,1,"","","","","","","","","","","","","","","","","","","","","","","","",18000,1,"","",2,1,2,1,"","","","","","","","","","",2,1,"","","","","","","","","","","","","","","","","","","","","","","","","","","","","","","","","","","","","","","","","","","","","","","","","","","","","",""
"35049001","CANCALE",48.711667,-1.843333,40,1981032821,"","","","",3.,1,100,1,"","","","","","","","","","","","","","","","","","","","","","","","","","","","",12.,1,8.7,1,"","","","","","","","","","","","","","","","","","","","","","","","","","",82,1,"","","","","","","","","","","","",11.5,1,1001.2,1,"","","","","","",8,1,8,1,0,1,7,1,"","","","","","","","","","","","","","","","","","","","","","","","","","",18000,1,"","",0,1,"","","","","","","","","","","","",2,1,"","","","","","","","","","","","","","","","","","","","","","","","","","","","","","","","","","","","","","","","","","","","","","","","","","","","","",""
"35049001","CANCALE",48.711667,-1.843333,40,1981032900,"","","","",3.,1,60,1,"","","","","","","","","","","","","","","","","","","","","","","","","","","","",11.3,1,9.5,1,"","","","","","","","","","","","","","","","","","","","","","","","","","",90,1,"","","","","","","","","","","","",12.1,1,999.6,1,"","","","","","",8,1,8,1,0,1,7,1,"","","","","","","","","","","","","","","","","","","","","","","","","","",18000,1,"","",0,1,"","","","","","","","","","","","",2,1,"","","","","","","","","","","","","","","","","","","","","","","","","","","","","","","","","","","","","","","","","","","","","","","","","","","","","",""
"35049001","CANCALE",48.711667,-1.843333,40,1981032903,"","","","",1.,1,360,1,"","","","","","","","","","","","","","","","","","","","","","","","","","","","",10.4,1,8.5,1,"","","","","","","","","","","","","","","","","","","","","","","","","","",90,1,"","","","","","","","","","","","",11.3,1,997.2,1,"","","","","","",8,1,8,1,0,1,7,1,"","","","","","","","","","","","","","","","","","","","","","","","","","",18000,1,"","",0,1,"","","","","","","","","","","","",2,1,"","","","","","","","","","","","","","","","","","","","","","","","","","","","","","","","","","","","","","","","","","","","","","","","","","","","","",""
"35049001","CANCALE",48.711667,-1.843333,40,1981032906,"","","","",2.,1,80,1,"","","","","","","","","","","","","","","","","","","","","","","","","","","","",9.8,1,8.9,1,"","","","","","","","","","","","","","","","","","","","","","","","","","",96,1,"","","","","","","","","","","","",11.6,1,996.7,1,"","","","","","",8,1,8,1,5,1,"","","","","","","","","","","","","","","","","","","","","","","","","","","","",10000,1,"","",0,1,"","","","",0,1,"","","","","","",2,1,"","","","","","","","","","","","","","","","","","","","","","","","","","","","","","","","","","","","","","","","","","","","","","","","","","","","","",""
"35049001","CANCALE",48.711667,-1.843333,40,1981032909,"","","","",3.,1,60,1,"","","","","","","","","","","","","","","","","","","","","","","","","","","","",10.4,1,9.3,1,"","","","","","","","","","","","","","","","","","","","","","","","","","",95,1,"","","","","","","","","","","","",12.,1,996.7,1,"","","","","","",8,1,8,1,5,1,"","","","","","","","","","","","","","","","","","","","","","","","","","","","",6000,1,"","",2,1,2,1,"","","","","","","","","","",2,1,"","","","","","","","","","","","","","","","","","","","","","","","","","","","","","","","","","","","","","","","","","","","","","","","","","","","","",""
"35049001","CANCALE",48.711667,-1.843333,40,1981032912,"","","","",6.,1,80,1,"","","","","","","","","","","","","","","","","","","","","","","","","","","","",11.1,1,9.5,1,"","","","","","","","","","","","","","","","","","","","","","","","","","",91,1,"","","","","","","","","","","","",12.1,1,997.,1,"","","","","","",8,1,8,1,5,1,"","","","","","","","","","","","","","","","","","","","","","","","","","","","",16000,1,"","",2,1,2,1,"","","","","","","","","","",2,1,"","","","","","","","","","","","","","","","","","","","","","","","","","","","","","","","","","","","","","","","","","","","","","","","","","","","","",""
"35049001","CANCALE",48.711667,-1.843333,40,1981032915,"","","","",3.,1,60,1,"","","","","","","","","","","","","","","","","","","","","","","","","","","","",13.2,1,9.2,1,"","","","","","","","","","","","","","","","","","","","","","","","","","",78,1,"","","","","","","","","","","","",11.9,1,997.5,1,"","","","","","",8,1,8,1,8,1,"","","","","","","","","","","","","","","","","","","","","","","","","","","","",20000,1,"","",2,1,2,1,"","","","","","","","","","",2,1,"","","","","","","","","","","","","","","","","","","","","","","","","","","","","","","","","","","","","","","","","","","","","","","","","","","","","",""
"35049001","CANCALE",48.711667,-1.843333,40,1981032918,"","","","",2.,1,220,1,"","","","","","","","","","","","","","","","","","","","","","","","","","","","",12.7,1,10.1,1,"","","","","","","","","","","","","","","","","","","","","","","","","","",86,1,"","","","","","","","","","","","",12.6,1,999.4,1,"","","","","","",8,1,8,1,7,1,"","","","","","","","","","","","","","","","","","","","","","","","","","","","",10000,1,"","",61,1,6,1,"","","","","","","","","","",2,1,"","","","","","","","","","","","","","","","","","","","","","","","","","","","","","","","","","","","","","","","","","","","","","","","","","","","","",""
"35049001","CANCALE",48.711667,-1.843333,40,1981032921,"","","","",7.,1,260,1,"","","","","","","","","","","","","","","","","","","","","","","","","","","","",10.,1,9.2,1,"","","","","","","","","","","","","","","","","","","","","","","","","","",97,1,"","","","","","","","","","","","",11.9,1,1001.5,1,"","","","","","",8,1,8,1,7,1,"","","","","","","","","","","","","","","","","","","","","","","","","","","","",6000,1,"","",63,1,"","","","","","","","","","","","",2,1,"","","","","","","","","","","","","","","","","","","","","","","","","","","","","","","","","","","","","","","","","","","","","","","","","","","","","",""
"35049001","CANCALE",48.711667,-1.843333,40,1981033000,"","","","",9.,1,260,1,"","","","","","","","","","","","","","","","","","","","","","","","","","","","",9.5,1,9.5,1,"","","","","","","","","","","","","","","","","","","","","","","","","","",100,1,"","","","","","","","","","","","",11.9,1,1002.2,1,"","","","","","",8,1,8,1,7,1,"","","","","","","","","","","","","","","","","","","","","","","","","","","","",3500,1,"","",63,1,"","","","","","","","","","","","",3,1,"","","","","","","","","","","","","","","","","","","","","","","","","","","","","","","","","","","","","","","","","","","","","","","","","","","","","",""
"35049001","CANCALE",48.711667,-1.843333,40,1981033003,"","","","",2.,1,280,1,"","","","","","","","","","","","","","","","","","","","","","","","","","","","",9.4,1,8.5,1,"","","","","","","","","","","","","","","","","","","","","","","","","","",96,1,"","","","","","","","","","","","",11.3,1,1003.,1,"","","","","","",8,1,8,1,7,1,"","","","","","","","","","","","","","","","","","","","","","","","","","","","",1000,1,"","",63,1,"","","","","","","","","","","","",2,1,"","","","","","","","","","","","","","","","","","","","","","","","","","","","","","","","","","","","","","","","","","","","","","","","","","","","","",""
"35049001","CANCALE",48.711667,-1.843333,40,1981033006,"","","","",5.,1,320,1,"","","","","","","","","","","","","","","","","","","","","","","","","","","","",9.5,1,9.5,1,"","","","","","","","","","","","","","","","","","","","","","","","","","",100,1,"","","","","","","","","","","","",11.9,1,1004.2,1,"","","","","","",8,1,8,1,7,1,"","","","","","","","","","","","","","","","","","","","","","","","","","","","",500,1,"","",61,1,"","","","",2,1,"","","","","","",2,1,"","","","","","","","","","","","","","","","","","","","","","","","","","","","","","","","","","","","","","","","","","","","","","","","","","","","","",""
"35049001","CANCALE",48.711667,-1.843333,40,1981033009,"","","","",2.,1,60,1,"","","","","","","","","","","","","","","","","","","","","","","","","","","","",9.5,1,9.5,1,"","","","","","","","","","","","","","","","","","","","","","","","","","",99,1,"","","","","","","","","","","","",11.7,1,1007.5,1,"","","","","","",8,1,8,1,5,1,"","","","","","","","","","","","","","","","","","","","","","","","","","","","",6000,1,"","",15,1,6,1,"","","","","","","","","","",2,1,"","","","","","","","","","","","","","","","","","","","","","","","","","","","","","","","","","","","","","","","","","","","","","","","","","","","","",""
"35049001","CANCALE",48.711667,-1.843333,40,1981033012,"","","","",1.,1,20,1,"","","","","","","","","","","","","","","","","","","","","","","","","","","","",10.,1,8.9,1,"","","","","","","","","","","","","","","","","","","","","","","","","","",95,1,"","","","","","","","","","","","",11.6,1,1009.6,1,"","","","","","",8,1,8,1,5,1,"","","","","","","","","","","","","","","","","","","","","","","","","","","","",2000,1,"","",10,1,6,1,"","","","","","","","","","",1,1,"","","","","","","","","","","","","","","","","","","","","","","","","","","","","","","","","","","","","","","","","","","","","","","","","","","","","",""
"35049001","CANCALE",48.711667,-1.843333,40,1981033015,"","","","",2.,1,360,1,"","","","","","","","","","","","","","","","","","","","","","","","","","","","",10.5,1,9.2,1,"","","","","","","","","","","","","","","","","","","","","","","","","","",94,1,"","","","","","","","","","","","",11.9,1,1010.3,1,"","","","","","",7,1,7,1,5,1,"","","","","","","","","","","","","","","","","","","","","","","","","","","","",9000,1,"","",28,1,4,1,"","","","","","","","","","",2,1,"","","","","","","","","","","","","","","","","","","","","","","","","","","","","","","","","","","","","","","","","","","","","","","","","","","","","",""
"35049001","CANCALE",48.711667,-1.843333,40,1981033018,"","","","",6.,1,360,1,"","","","","","","","","","","","","","","","","","","","","","","","","","","","",10.2,1,8.5,1,"","","","","","","","","","","","","","","","","","","","","","","","","","",91,1,"","","","","","","","","","","","",11.3,1,1013.1,1,"","","","","","",8,1,5,1,5,1,7,1,"","","","","","","","","","","","","","","","","","","","","","","","","","",22000,1,"","",2,1,4,1,"","","","","","","","","","",2,1,"","","","","","","","","","","","","","","","","","","","","","","","","","","","","","","","","","","","","","","","","","","","","","","","","","","","","",""
"35049001","CANCALE",48.711667,-1.843333,40,1981033021,"","","","",6.,1,360,1,"","","","","","","","","","","","","","","","","","","","","","","","","","","","",9.8,1,8.7,1,"","","","","","","","","","","","","","","","","","","","","","","","","","",95,1,"","","","","","","","","","","","",11.5,1,1015.,1,"","","","","","",8,1,8,1,5,1,"","","","","","","","","","","","","","","","","","","","","","","","","","","","",8000,1,"","",0,1,"","","","","","","","","","","","",2,1,"","","","","","","","","","","","","","","","","","","","","","","","","","","","","","","","","","","","","","","","","","","","","","","","","","","","","",""
"35049001","CANCALE",48.711667,-1.843333,40,1981033100,"","","","",3.,1,340,1,"","","","","","","","","","","","","","","","","","","","","","","","","","","","",9.2,1,8.5,1,"","","","","","","","","","","","","","","","","","","","","","","","","","",97,1,"","","","","","","","","","","","",11.3,1,1016.3,1,"","","","","","",8,1,8,1,7,1,"","","","","","","","","","","","","","","","","","","","","","","","","","","","",4000,1,"","",10,1,"","","","","","","","","","","","",2,1,"","","","","","","","","","","","","","","","","","","","","","","","","","","","","","","","","","","","","","","","","","","","","","","","","","","","","",""
"35049001","CANCALE",48.711667,-1.843333,40,1981033103,"","","","",3.,1,40,1,"","","","","","","","","","","","","","","","","","","","","","","","","","","","",9.,1,7.7,1,"","","","","","","","","","","","","","","","","","","","","","","","","","",93,1,"","","","","","","","","","","","",10.7,1,1016.,1,"","","","","","",8,1,8,1,5,1,"","","","","","","","","","","","","","","","","","","","","","","","","","","","",6000,1,"","",0,1,"","","","","","","","","","","","",2,1,"","","","","","","","","","","","","","","","","","","","","","","","","","","","","","","","","","","","","","","","","","","","","","","","","","","","","",""
"35049001","CANCALE",48.711667,-1.843333,40,1981033106,"","","","",2.,1,340,1,"","","","","","","","","","","","","","","","","","","","","","","","","","","","",8.6,1,8.6,1,"","","","","","","","","","","","","","","","","","","","","","","","","","",100,1,"","","","","","","","","","","","",11.1,1,1016.,1,"","","","","","",8,1,8,1,6,1,"","","","","","","","","","","","","","","","","","","","","","","","","","","","",900,1,"","",44,1,"","","","",0,1,"","","","","","",2,1,"","","","","","","","","","","","","","","","","","","","","","","","","","","","","","","","","","","","","","","","","","","","","","","","","","","","","",""
"35049001","CANCALE",48.711667,-1.843333,40,1981033109,"","","","",4.,1,360,1,"","","","","","","","","","","","","","","","","","","","","","","","","","","","",8.4,1,7.7,1,"","","","","","","","","","","","","","","","","","","","","","","","","","",97,1,"","","","","","","","","","","","",10.7,1,1016.3,1,"","","","","","",8,1,8,1,6,1,"","","","","","","","","","","","","","","","","","","","","","","","","","","","",1500,1,"","",10,1,4,1,"","","","","","","","","","",2,1,"","","","","","","","","","","","","","","","","","","","","","","","","","","","","","","","","","","","","","","","","","","","","","","","","","","","","",""
"35049001","CANCALE",48.711667,-1.843333,40,1981033112,"","","","",3.,1,300,1,"","","","","","","","","","","","","","","","","","","","","","","","","","","","",9.9,1,8.6,1,"","","","","","","","","","","","","","","","","","","","","","","","","","",94,1,"","","","","","","","","","","","",11.4,1,1015.9,1,"","","","","","",8,1,8,1,6,1,"","","","","","","","","","","","","","","","","","","","","","","","","","","","",3000,1,"","",10,1,4,1,"","","","","","","","","","",2,1,"","","","","","","","","","","","","","","","","","","","","","","","","","","","","","","","","","","","","","","","","","","","","","","","","","","","","",""
"35049001","CANCALE",48.711667,-1.843333,40,1981033115,"","","","",4.,1,300,1,"","","","","","","","","","","","","","","","","","","","","","","","","","","","",8.5,1,7.2,1,"","","","","","","","","","","","","","","","","","","","","","","","","","",93,1,"","","","","","","","","","","","",10.3,1,1015.4,1,"","","","","","",8,1,8,1,6,1,"","","","","","","","","","","","","","","","","","","","","","","","","","","","",2000,1,"","",10,1,2,1,"","","","","","","","","","",2,1,"","","","","","","","","","","","","","","","","","","","","","","","","","","","","","","","","","","","","","","","","","","","","","","","","","","","","",""
"35049001","CANCALE",48.711667,-1.843333,40,1981033118,"","","","",6.,1,280,1,"","","","","","","","","","","","","","","","","","","","","","","","","","","","",8.5,1,7.2,1,"","","","","","","","","","","","","","","","","","","","","","","","","","",93,1,"","","","","","","","","","","","",10.3,1,1015.1,1,"","","","","","",8,1,8,1,6,1,"","","","","","","","","","","","","","","","","","","","","","","","","","","","",2000,1,"","",10,1,2,1,"","","","","","","","","","",2,1,"","","","","","","","","","","","","","","","","","","","","","","","","","","","","","","","","","","","","","","","","","","","","","","","","","","","","",""
"35049001","CANCALE",48.711667,-1.843333,40,1981033121,"","","","",4.,1,280,1,"","","","","","","","","","","","","","","","","","","","","","","","","","","","",8.3,1,7.,1,"","","","","","","","","","","","","","","","","","","","","","","","","","",93,1,"","","","","","","","","","","","",10.2,1,1014.8,1,"","","","","","",8,1,8,1,6,1,"","","","","","","","","","","","","","","","","","","","","","","","","","","","",2000,1,"","",10,1,"","","","","","","","","","","","",2,1,"","","","","","","","","","","","","","","","","","","","","","","","","","","","","","","","","","","","","","","","","","","","","","","","","","","","","",""
"35049001","CANCALE",48.711667,-1.843333,40,1981040100,"","","","",6.,1,260,1,"","","","","","","","","","","","","","","","","","","","","","","","","","","","",8.2,1,6.7,1,"","","","","","","","","","","","","","","","","","","","","","","","","","",92,1,"","","","","","","","","","","","",10.,1,1014.4,1,"","","","","","",8,1,8,1,6,1,"","","","","","","","","","","","","","","","","","","","","","","","","","","","",3000,1,"","",10,1,"","","","","","","","","","","","",2,1,"","","","","","","","","","","","","","","","","","","","","","","","","","","","","","","","","","","","","","","","","","","","","","","","","","","","","",""
"35049001","CANCALE",48.711667,-1.843333,40,1981040103,"","","","",6.,1,260,1,"","","","","","","","","","","","","","","","","","","","","","","","","","","","",8.5,1,7.2,1,"","","","","","","","","","","","","","","","","","","","","","","","","","",93,1,"","","","","","","","","","","","",10.3,1,1014.2,1,"","","","","","",8,1,8,1,6,1,"","","","","","","","","","","","","","","","","","","","","","","","","","","","",3000,1,"","",10,1,"","","","","","","","","","","","",2,1,"","","","","","","","","","","","","","","","","","","","","","","","","","","","","","","","","","","","","","","","","","","","","","","","","","","","","",""
"35049001","CANCALE",48.711667,-1.843333,40,1981040106,"","","","",2.,1,260,1,"","","","","","","","","","","","","","","","","","","","","","","","","","","","",8.6,1,8.,1,"","","","","","","","","","","","","","","","","","","","","","","","","","",97,1,"","","","","","","","","","","","",10.9,1,1013.5,1,"","","","","","",8,1,8,1,6,1,"","","","","","","","","","","","","","","","","","","","","","","","","","","","",1000,1,"","",10,1,"","","","",1,1,"","","","","","",2,1,"","","","","","","","","","","","","","","","","","","","","","","","","","","","","","","","","","","","","","","","","","","","","","","","","","","","","",""
"35049001","CANCALE",48.711667,-1.843333,40,1981040109,"","","","",2.,1,280,1,"","","","","","","","","","","","","","","","","","","","","","","","","","","","",8.6,1,7.6,1,"","","","","","","","","","","","","","","","","","","","","","","","","","",94,1,"","","","","","","","","","","","",10.6,1,1013.9,1,"","","","","","",8,1,8,1,6,1,"","","","","","","","","","","","","","","","","","","","","","","","","","","","",3500,1,"","",10,1,2,1,"","","","","","","","","","",2,1,"","","","","","","","","","","","","","","","","","","","","","","","","","","","","","","","","","","","","","","","","","","","","","","","","","","","","",""
"35049001","CANCALE",48.711667,-1.843333,40,1981040112,"","","","",5.,1,280,1,"","","","","","","","","","","","","","","","","","","","","","","","","","","","",8.8,1,7.7,1,"","","","","","","","","","","","","","","","","","","","","","","","","","",95,1,"","","","","","","","","","","","",10.7,1,1015.1,1,"","","","","","",8,1,8,1,6,1,"","","","","","","","","","","","","","","","","","","","","","","","","","","","",3500,1,"","",10,1,2,1,"","","","","","","","","","",2,1,"","","","","","","","","","","","","","","","","","","","","","","","","","","","","","","","","","","","","","","","","","","","","","","","","","","","","",""
"35049001","CANCALE",48.711667,-1.843333,40,1981040115,"","","","",5.,1,40,1,"","","","","","","","","","","","","","","","","","","","","","","","","","","","",9.8,1,8.,1,"","","","","","","","","","","","","","","","","","","","","","","","","","",90,1,"","","","","","","","","","","","",10.9,1,1014.6,1,"","","","","","",8,1,8,1,6,1,"","","","","","","","","","","","","","","","","","","","","","","","","","","","",4000,1,"","",10,1,2,1,"","","","","","","","","","",2,1,"","","","","","","","","","","","","","","","","","","","","","","","","","","","","","","","","","","","","","","","","","","","","","","","","","","","","",""
"35049001","CANCALE",48.711667,-1.843333,40,1981040118,"","","","",5.,1,60,1,"","","","","","","","","","","","","","","","","","","","","","","","","","","","",9.5,1,7.2,1,"","","","","","","","","","","","","","","","","","","","","","","","","","",87,1,"","","","","","","","","","","","",10.3,1,1015.,1,"","","","","","",7,1,7,1,1,1,"","","","","","","","","","","","","","","","","","","","","","","","","","","","",6000,1,"","",1,1,2,1,"","","","","","","","","","",2,1,"","","","","","","","","","","","","","","","","","","","","","","","","","","","","","","","","","","","","","","","","","","","","","","","","","","","","",""
"35049001","CANCALE",48.711667,-1.843333,40,1981040121,"","","","",5.,1,100,1,"","","","","","","","","","","","","","","","","","","","","","","","","","","","",9.,1,7.6,1,"","","","","","","","","","","","","","","","","","","","","","","","","","",92,1,"","","","","","","","","","","","",10.6,1,1016.,1,"","","","","","",3,1,0,1,1,1,0,1,0,1,"","","","","","","","","","","","","","","","","","","","","","","","",15000,1,"","",0,1,"","","","","","","","","","","","",2,1,"","","","","","","","","","","","","","","","","","","","","","","","","","","","","","","","","","","","","","","","","","","","","","","","","","","","","",""
"35049001","CANCALE",48.711667,-1.843333,40,1981040200,"","","","",6.,1,40,1,"","","","","","","","","","","","","","","","","","","","","","","","","","","","",8.6,1,7.3,1,"","","","","","","","","","","","","","","","","","","","","","","","","","",93,1,"","","","","","","","","","","","",10.4,1,1016.,1,"","","","","","",8,1,8,1,6,1,"","","","","","","","","","","","","","","","","","","","","","","","","","","","",4000,1,"","",10,1,"","","","","","","","","","","","",2,1,"","","","","","","","","","","","","","","","","","","","","","","","","","","","","","","","","","","","","","","","","","","","","","","","","","","","","",""
"35049001","CANCALE",48.711667,-1.843333,40,1981040203,"","","","",5.,1,60,1,"","","","","","","","","","","","","","","","","","","","","","","","","","","","",8.4,1,6.,1,"","","","","","","","","","","","","","","","","","","","","","","","","","",86,1,"","","","","","","","","","","","",9.5,1,1017.4,1,"","","","","","",8,1,8,1,6,1,"","","","","","","","","","","","","","","","","","","","","","","","","","","","",4000,1,"","",10,1,"","","","","","","","","","","","",2,1,"","","","","","","","","","","","","","","","","","","","","","","","","","","","","","","","","","","","","","","","","","","","","","","","","","","","","",""
"35049001","CANCALE",48.711667,-1.843333,40,1981040206,"","","","",7.,1,60,1,"","","","","","","","","","","","","","","","","","","","","","","","","","","","",8.2,1,5.9,1,"","","","","","","","","","","","","","","","","","","","","","","","","","",86,1,"","","","","","","","","","","","",9.4,1,1016.8,1,"","","","","","",8,1,8,1,6,1,"","","","","","","","","","","","","","","","","","","","","","","","","","","","",3000,1,"","",10,1,"","","","",0,1,"","","","","","",2,1,"","","","","","","","","","","","","","","","","","","","","","","","","","","","","","","","","","","","","","","","","","","","","","","","","","","","","",""
"35049001","CANCALE",48.711667,-1.843333,40,1981040209,"","","","",6.,1,40,1,"","","","","","","","","","","","","","","","","","","","","","","","","","","","",9.,1,7.,1,"","","","","","","","","","","","","","","","","","","","","","","","","","",89,1,"","","","","","","","","","","","",10.2,1,1017.2,1,"","","","","","",8,1,8,1,6,1,"","","","","","","","","","","","","","","","","","","","","","","","","","","","",3000,1,"","",10,1,2,1,"","","","","","","","","","",2,1,"","","","","","","","","","","","","","","","","","","","","","","","","","","","","","","","","","","","","","","","","","","","","","","","","","","","","",""
"35049001","CANCALE",48.711667,-1.843333,40,1981040212,"","","","",6.,1,360,1,"","","","","","","","","","","","","","","","","","","","","","","","","","","","",9.3,1,7.6,1,"","","","","","","","","","","","","","","","","","","","","","","","","","",90,1,"","","","","","","","","","","","",10.6,1,1018.2,1,"","","","","","",8,1,8,1,6,1,"","","","","","","","","","","","","","","","","","","","","","","","","","","","",3500,1,"","",10,1,2,1,"","","","","","","","","","",2,1,"","","","","","","","","","","","","","","","","","","","","","","","","","","","","","","","","","","","","","","","","","","","","","","","","","","","","",""
"35049001","CANCALE",48.711667,-1.843333,40,1981040215,"","","","",7.,1,20,1,"","","","","","","","","","","","","","","","","","","","","","","","","","","","",10.,1,7.7,1,"","","","","","","","","","","","","","","","","","","","","","","","","","",87,1,"","","","","","","","","","","","",10.7,1,1017.9,1,"","","","","","",8,1,8,1,6,1,"","","","","","","","","","","","","","","","","","","","","","","","","","","","",3000,1,"","",10,1,2,1,"","","","","","","","","","",2,1,"","","","","","","","","","","","","","","","","","","","","","","","","","","","","","","","","","","","","","","","","","","","","","","","","","","","","",""
"35049001","CANCALE",48.711667,-1.843333,40,1981040218,"","","","",7.,1,20,1,"","","","","","","","","","","","","","","","","","","","","","","","","","","","",9.6,1,7.3,1,"","","","","","","","","","","","","","","","","","","","","","","","","","",87,1,"","","","","","","","","","","","",10.4,1,1017.9,1,"","","","","","",8,1,8,1,6,1,"","","","","","","","","","","","","","","","","","","","","","","","","","","","",2000,1,"","",10,1,2,1,"","","","","","","","","","",2,1,"","","","","","","","","","","","","","","","","","","","","","","","","","","","","","","","","","","","","","","","","","","","","","","","","","","","","",""
"35049001","CANCALE",48.711667,-1.843333,40,1981040221,"","","","",9.,1,20,1,"","","","","","","","","","","","","","","","","","","","","","","","","","","","",9.2,1,7.4,1,"","","","","","","","","","","","","","","","","","","","","","","","","","",90,1,"","","","","","","","","","","","",10.5,1,1018.6,1,"","","","","","",8,1,8,1,6,1,"","","","","","","","","","","","","","","","","","","","","","","","","","","","",3000,1,"","",10,1,"","","","","","","","","","","","",2,1,"","","","","","","","","","","","","","","","","","","","","","","","","","","","","","","","","","","","","","","","","","","","","","","","","","","","","",""
"35049001","CANCALE",48.711667,-1.843333,40,1981040300,"","","","",7.,1,40,1,"","","","","","","","","","","","","","","","","","","","","","","","","","","","",9.3,1,7.6,1,"","","","","","","","","","","","","","","","","","","","","","","","","","",90,1,"","","","","","","","","","","","",10.6,1,1018.7,1,"","","","","","",8,1,8,1,6,1,"","","","","","","","","","","","","","","","","","","","","","","","","","","","",3000,1,"","",10,1,"","","","","","","","","","","","",2,1,"","","","","","","","","","","","","","","","","","","","","","","","","","","","","","","","","","","","","","","","","","","","","","","","","","","","","",""
"35049001","CANCALE",48.711667,-1.843333,40,1981040303,"","","","",7.,1,40,1,"","","","","","","","","","","","","","","","","","","","","","","","","","","","",9.,1,7.,1,"","","","","","","","","","","","","","","","","","","","","","","","","","",89,1,"","","","","","","","","","","","",10.2,1,1019.,1,"","","","","","",8,1,8,1,6,1,"","","","","","","","","","","","","","","","","","","","","","","","","","","","",3000,1,"","",10,1,"","","","","","","","","","","","",2,1,"","","","","","","","","","","","","","","","","","","","","","","","","","","","","","","","","","","","","","","","","","","","","","","","","","","","","",""
"35049001","CANCALE",48.711667,-1.843333,40,1981040306,"","","","",5.,1,60,1,"","","","","","","","","","","","","","","","","","","","","","","","","","","","",9.1,1,7.8,1,"","","","","","","","","","","","","","","","","","","","","","","","","","",93,1,"","","","","","","","","","","","",10.8,1,1019.8,1,"","","","","","",8,1,8,1,6,1,"","","","","","","","","","","","","","","","","","","","","","","","","","","","",1500,1,"","",10,1,"","","","",0,1,"","","","","","",2,1,"","","","","","","","","","","","","","","","","","","","","","","","","","","","","","","","","","","","","","","","","","","","","","","","","","","","","",""
"35049001","CANCALE",48.711667,-1.843333,40,1981040309,"","","","",3.,1,40,1,"","","","","","","","","","","","","","","","","","","","","","","","","","","","",9.4,1,8.1,1,"","","","","","","","","","","","","","","","","","","","","","","","","","",94,1,"","","","","","","","","","","","",11.,1,1021.,1,"","","","","","",8,1,8,1,6,1,"","","","","","","","","","","","","","","","","","","","","","","","","","","","",2000,1,"","",10,1,2,1,"","","","","","","","","","",2,1,"","","","","","","","","","","","","","","","","","","","","","","","","","","","","","","","","","","","","","","","","","","","","","","","","","","","","",""
"35049001","CANCALE",48.711667,-1.843333,40,1981040312,"","","","",5.,1,40,1,"","","","","","","","","","","","","","","","","","","","","","","","","","","","",11.3,1,8.9,1,"","","","","","","","","","","","","","","","","","","","","","","","","","",86,1,"","","","","","","","","","","","",11.6,1,1021.2,1,"","","","","","",8,1,8,1,6,1,"","","","","","","","","","","","","","","","","","","","","","","","","","","","",1500,1,"","",10,1,2,1,"","","","","","","","","","",2,1,"","","","","","","","","","","","","","","","","","","","","","","","","","","","","","","","","","","","","","","","","","","","","","","","","","","","","",""
"35049001","CANCALE",48.711667,-1.843333,40,1981040315,"","","","",6.,1,20,1,"","","","","","","","","","","","","","","","","","","","","","","","","","","","",11.,1,8.3,1,"","","","","","","","","","","","","","","","","","","","","","","","","","",85,1,"","","","","","","","","","","","",11.2,1,1021.5,1,"","","","","","",8,1,8,1,6,1,"","","","","","","","","","","","","","","","","","","","","","","","","","","","",2000,1,"","",10,1,2,1,"","","","","","","","","","",2,1,"","","","","","","","","","","","","","","","","","","","","","","","","","","","","","","","","","","","","","","","","","","","","","","","","","","","","",""
"35049001","CANCALE",48.711667,-1.843333,40,1981040318,"","","","",8.,1,360,1,"","","","","","","","","","","","","","","","","","","","","","","","","","","","",9.5,1,8.,1,"","","","","","","","","","","","","","","","","","","","","","","","","","",92,1,"","","","","","","","","","","","",10.9,1,1021.5,1,"","","","","","",7,1,7,1,6,1,"","","","","","","","","","","","","","","","","","","","","","","","","","","","",3000,1,"","",10,1,2,1,"","","","","","","","","","",2,1,"","","","","","","","","","","","","","","","","","","","","","","","","","","","","","","","","","","","","","","","","","","","","","","","","","","","","",""
"35049001","CANCALE",48.711667,-1.843333,40,1981040321,"","","","",7.,1,20,1,"","","","","","","","","","","","","","","","","","","","","","","","","","","","",8.7,1,7.4,1,"","","","","","","","","","","","","","","","","","","","","","","","","","",93,1,"","","","","","","","","","","","",10.5,1,1022.4,1,"","","","","","",8,1,8,1,6,1,"","","","","","","","","","","","","","","","","","","","","","","","","","","","",3000,1,"","",10,1,"","","","","","","","","","","","",2,1,"","","","","","","","","","","","","","","","","","","","","","","","","","","","","","","","","","","","","","","","","","","","","","","","","","","","","",""
"35049001","CANCALE",48.711667,-1.843333,40,1981040400,"","","","",6.,1,40,1,"","","","","","","","","","","","","","","","","","","","","","","","","","","","",8.6,1,7.7,1,"","","","","","","","","","","","","","","","","","","","","","","","","","",96,1,"","","","","","","","","","","","",10.7,1,1023.,1,"","","","","","",8,1,8,1,6,1,"","","","","","","","","","","","","","","","","","","","","","","","","","","","",3000,1,"","",10,1,"","","","","","","","","","","","",2,1,"","","","","","","","","","","","","","","","","","","","","","","","","","","","","","","","","","","","","","","","","","","","","","","","","","","","","",""
"35049001","CANCALE",48.711667,-1.843333,40,1981040403,"","","","",8.,1,20,1,"","","","","","","","","","","","","","","","","","","","","","","","","","","","",8.5,1,7.6,1,"","","","","","","","","","","","","","","","","","","","","","","","","","",96,1,"","","","","","","","","","","","",10.6,1,1022.8,1,"","","","","","",8,1,8,1,6,1,"","","","","","","","","","","","","","","","","","","","","","","","","","","","",3000,1,"","",10,1,"","","","","","","","","","","","",2,1,"","","","","","","","","","","","","","","","","","","","","","","","","","","","","","","","","","","","","","","","","","","","","","","","","","","","","",""
"35049001","CANCALE",48.711667,-1.843333,40,1981040406,"","","","",9.,1,40,1,"","","","","","","","","","","","","","","","","","","","","","","","","","","","",8.5,1,7.2,1,"","","","","","","","","","","","","","","","","","","","","","","","","","",93,1,"","","","","","","","","","","","",10.3,1,1022.8,1,"","","","","","",8,1,8,1,6,1,"","","","","","","","","","","","","","","","","","","","","","","","","","","","",4000,1,"","",10,1,"","","","",0,1,"","","","","","",3,1,"","","","","","","","","","","","","","","","","","","","","","","","","","","","","","","","","","","","","","","","","","","","","","","","","","","","","",""
"35049001","CANCALE",48.711667,-1.843333,40,1981040409,"","","","",9.,1,40,1,"","","","","","","","","","","","","","","","","","","","","","","","","","","","",8.5,1,7.2,1,"","","","","","","","","","","","","","","","","","","","","","","","","","",93,1,"","","","","","","","","","","","",10.3,1,1024.,1,"","","","","","",8,1,8,1,6,1,"","","","","","","","","","","","","","","","","","","","","","","","","","","","",4000,1,"","",10,1,2,1,"","","","","","","","","","",3,1,"","","","","","","","","","","","","","","","","","","","","","","","","","","","","","","","","","","","","","","","","","","","","","","","","","","","","",""
"35049001","CANCALE",48.711667,-1.843333,40,1981040412,"","","","",9.,1,40,1,"","","","","","","","","","","","","","","","","","","","","","","","","","","","",8.5,1,6.4,1,"","","","","","","","","","","","","","","","","","","","","","","","","","",88,1,"","","","","","","","","","","","",9.8,1,1024.7,1,"","","","","","",8,1,8,1,6,1,"","","","","","","","","","","","","","","","","","","","","","","","","","","","",4500,1,"","",10,1,2,1,"","","","","","","","","","",3,1,"","","","","","","","","","","","","","","","","","","","","","","","","","","","","","","","","","","","","","","","","","","","","","","","","","","","","",""
"35049001","CANCALE",48.711667,-1.843333,40,1981040415,"","","","",7.,1,40,1,"","","","","","","","","","","","","","","","","","","","","","","","","","","","",8.8,1,6.9,1,"","","","","","","","","","","","","","","","","","","","","","","","","","",89,1,"","","","","","","","","","","","",10.1,1,1024.8,1,"","","","","","",8,1,8,1,6,1,"","","","","","","","","","","","","","","","","","","","","","","","","","","","",5000,1,"","",2,1,2,1,"","","","","","","","","","",3,1,"","","","","","","","","","","","","","","","","","","","","","","","","","","","","","","","","","","","","","","","","","","","","","","","","","","","","",""
"35049001","CANCALE",48.711667,-1.843333,40,1981040418,"","","","",8.,1,40,1,"","","","","","","","","","","","","","","","","","","","","","","","","","","","",8.,1,5.6,1,"","","","","","","","","","","","","","","","","","","","","","","","","","",86,1,"","","","","","","","","","","","",9.2,1,1024.5,1,"","","","","","",8,1,8,1,6,1,"","","","","","","","","","","","","","","","","","","","","","","","","","","","",6000,1,"","",2,1,2,1,"","","","","","","","","","",3,1,"","","","","","","","","","","","","","","","","","","","","","","","","","","","","","","","","","","","","","","","","","","","","","","","","","","","","",""
"35049001","CANCALE",48.711667,-1.843333,40,1981040421,"","","","",7.,1,60,1,"","","","","","","","","","","","","","","","","","","","","","","","","","","","",7.,1,3.6,1,"","","","","","","","","","","","","","","","","","","","","","","","","","",79,1,"","","","","","","","","","","","",8.,1,1026.1,1,"","","","","","",8,1,8,1,5,1,"","","","","","","","","","","","","","","","","","","","","","","","","","","","",9000,1,"","",0,1,"","","","","","","","","","","","",2,1,"","","","","","","","","","","","","","","","","","","","","","","","","","","","","","","","","","","","","","","","","","","","","","","","","","","","","",""
"35049001","CANCALE",48.711667,-1.843333,40,1981040500,"","","","",6.,1,60,1,"","","","","","","","","","","","","","","","","","","","","","","","","","","","",7.,1,3.3,1,"","","","","","","","","","","","","","","","","","","","","","","","","","",78,1,"","","","","","","","","","","","",7.8,1,1026.4,1,"","","","","","",8,1,8,1,5,1,"","","","","","","","","","","","","","","","","","","","","","","","","","","","",25000,1,"","",0,1,"","","","","","","","","","","","",2,1,"","","","","","","","","","","","","","","","","","","","","","","","","","","","","","","","","","","","","","","","","","","","","","","","","","","","","",""
"35049001","CANCALE",48.711667,-1.843333,40,1981040503,"","","","",8.,1,60,1,"","","","","","","","","","","","","","","","","","","","","","","","","","","","",7.,1,3.3,1,"","","","","","","","","","","","","","","","","","","","","","","","","","",78,1,"","","","","","","","","","","","",7.8,1,1024.8,1,"","","","","","",8,1,8,1,5,1,"","","","","","","","","","","","","","","","","","","","","","","","","","","","",30000,1,"","",0,1,"","","","","","","","","","","","",3,1,"","","","","","","","","","","","","","","","","","","","","","","","","","","","","","","","","","","","","","","","","","","","","","","","","","","","","",""
"35049001","CANCALE",48.711667,-1.843333,40,1981040506,"","","","",9.,1,40,1,"","","","","","","","","","","","","","","","","","","","","","","","","","","","",7.,1,3.3,1,"","","","","","","","","","","","","","","","","","","","","","","","","","",78,1,"","","","","","","","","","","","",7.8,1,1023.7,1,"","","","","","",8,1,8,1,5,1,"","","","","","","","","","","","","","","","","","","","","","","","","","","","",20000,1,"","",0,1,"","","","",0,1,"","","","","","",3,1,"","","","","","","","","","","","","","","","","","","","","","","","","","","","","","","","","","","","","","","","","","","","","","","","","","","","","",""
"35049001","CANCALE",48.711667,-1.843333,40,1981040509,"","","","",7.,1,40,1,"","","","","","","","","","","","","","","","","","","","","","","","","","","","",7.1,1,3.4,1,"","","","","","","","","","","","","","","","","","","","","","","","","","",78,1,"","","","","","","","","","","","",7.9,1,1023.3,1,"","","","","","",8,1,8,1,5,1,"","","","","","","","","","","","","","","","","","","","","","","","","","","","",20000,1,"","",2,1,2,1,"","","","","","","","","","",3,1,"","","","","","","","","","","","","","","","","","","","","","","","","","","","","","","","","","","","","","","","","","","","","","","","","","","","","",""
"35049001","CANCALE",48.711667,-1.843333,40,1981040512,"","","","",7.,1,40,1,"","","","","","","","","","","","","","","","","","","","","","","","","","","","",7.5,1,2.9,1,"","","","","","","","","","","","","","","","","","","","","","","","","","",73,1,"","","","","","","","","","","","",7.6,1,1022.5,1,"","","","","","",8,1,8,1,5,1,"","","","","","","","","","","","","","","","","","","","","","","","","","","","",15000,1,"","",2,1,2,1,"","","","","","","","","","",2,1,"","","","","","","","","","","","","","","","","","","","","","","","","","","","","","","","","","","","","","","","","","","","","","","","","","","","","",""
"35049001","CANCALE",48.711667,-1.843333,40,1981040515,"","","","",7.,1,20,1,"","","","","","","","","","","","","","","","","","","","","","","","","","","","",7.8,1,3.4,1,"","","","","","","","","","","","","","","","","","","","","","","","","","",75,1,"","","","","","","","","","","","",7.9,1,1022.,1,"","","","","","",8,1,8,1,5,1,"","","","","","","","","","","","","","","","","","","","","","","","","","","","",20000,1,"","",2,1,2,1,"","","","","","","","","","",2,1,"","","","","","","","","","","","","","","","","","","","","","","","","","","","","","","","","","","","","","","","","","","","","","","","","","","","","",""
"35049001","CANCALE",48.711667,-1.843333,40,1981040518,"","","","",5.,1,20,1,"","","","","","","","","","","","","","","","","","","","","","","","","","","","",7.5,1,5.1,1,"","","","","","","","","","","","","","","","","","","","","","","","","","",86,1,"","","","","","","","","","","","",8.9,1,1020.9,1,"","","","","","",8,1,8,1,8,1,"","","","","","","","","","","","","","","","","","","","","","","","","","","","",18000,1,"","",25,1,8,1,"","","","","","","","","","",2,1,"","","","","","","","","","","","","","","","","","","","","","","","","","","","","","","","","","","","","","","","","","","","","","","","","","","","","",""
"35049001","CANCALE",48.711667,-1.843333,40,1981040521,"","","","",8.,1,40,1,"","","","","","","","","","","","","","","","","","","","","","","","","","","","",7.1,1,4.5,1,"","","","","","","","","","","","","","","","","","","","","","","","","","",84,1,"","","","","","","","","","","","",8.5,1,1021.1,1,"","","","","","",8,1,8,1,5,1,"","","","","","","","","","","","","","","","","","","","","","","","","","","","",15000,1,"","",0,1,"","","","","","","","","","","","",3,1,"","","","","","","","","","","","","","","","","","","","","","","","","","","","","","","","","","","","","","","","","","","","","","","","","","","","","",""
"35049001","CANCALE",48.711667,-1.843333,40,1981040600,"","","","",10.,1,60,1,"","","","","","","","","","","","","","","","","","","","","","","","","","","","",7.,1,3.3,1,"","","","","","","","","","","","","","","","","","","","","","","","","","",78,1,"","","","","","","","","","","","",7.8,1,1021.1,1,"","","","","","",8,1,8,1,5,1,"","","","","","","","","","","","","","","","","","","","","","","","","","","","",15000,1,"","",0,1,"","","","","","","","","","","","",3,1,"","","","","","","","","","","","","","","","","","","","","","","","","","","","","","","","","","","","","","","","","","","","","","","","","","","","","",""
"35049001","CANCALE",48.711667,-1.843333,40,1981040603,"","","","",8.,1,40,1,"","","","","","","","","","","","","","","","","","","","","","","","","","","","",6.9,1,3.8,1,"","","","","","","","","","","","","","","","","","","","","","","","","","",81,1,"","","","","","","","","","","","",8.1,1,1019.3,1,"","","","","","",8,1,8,1,5,1,"","","","","","","","","","","","","","","","","","","","","","","","","","","","",10000,1,"","",0,1,"","","","","","","","","","","","",3,1,"","","","","","","","","","","","","","","","","","","","","","","","","","","","","","","","","","","","","","","","","","","","","","","","","","","","","",""
"35049001","CANCALE",48.711667,-1.843333,40,1981040606,"","","","",8.,1,40,1,"","","","","","","","","","","","","","","","","","","","","","","","","","","","",7.,1,4.5,1,"","","","","","","","","","","","","","","","","","","","","","","","","","",85,1,"","","","","","","","","","","","",8.5,1,1018.5,1,"","","","","","",8,1,8,1,6,1,"","","","","","","","","","","","","","","","","","","","","","","","","","","","",3000,1,"","",10,1,"","","","",0,1,"","","","","","",3,1,"","","","","","","","","","","","","","","","","","","","","","","","","","","","","","","","","","","","","","","","","","","","","","","","","","","","","",""
"35049001","CANCALE",48.711667,-1.843333,40,1981040609,"","","","",7.,1,60,1,"","","","","","","","","","","","","","","","","","","","","","","","","","","","",7.,1,4.1,1,"","","","","","","","","","","","","","","","","","","","","","","","","","",82,1,"","","","","","","","","","","","",8.3,1,1018.5,1,"","","","","","",8,1,8,1,6,1,"","","","","","","","","","","","","","","","","","","","","","","","","","","","",3000,1,"","",10,1,2,1,"","","","","","","","","","",4,1,"","","","","","","","","","","","","","","","","","","","","","","","","","","","","","","","","","","","","","","","","","","","","","","","","","","","","",""
"35049001","CANCALE",48.711667,-1.843333,40,1981040612,"","","","",7.,1,40,1,"","","","","","","","","","","","","","","","","","","","","","","","","","","","",8.4,1,4.3,1,"","","","","","","","","","","","","","","","","","","","","","","","","","",76,1,"","","","","","","","","","","","",8.4,1,1018.,1,"","","","","","",8,1,8,1,6,1,"","","","","","","","","","","","","","","","","","","","","","","","","","","","",3500,1,"","",10,1,2,1,"","","","","","","","","","",3,1,"","","","","","","","","","","","","","","","","","","","","","","","","","","","","","","","","","","","","","","","","","","","","","","","","","","","","",""
"35049001","CANCALE",48.711667,-1.843333,40,1981040615,"","","","",6.,1,40,1,"","","","","","","","","","","","","","","","","","","","","","","","","","","","",9.8,1,4.5,1,"","","","","","","","","","","","","","","","","","","","","","","","","","",71,1,"","","","","","","","","","","","",8.5,1,1017.3,1,"","","","","","",8,1,8,1,5,1,"","","","","","","","","","","","","","","","","","","","","","","","","","","","",6000,1,"","",2,1,2,1,"","","","","","","","","","",3,1,"","","","","","","","","","","","","","","","","","","","","","","","","","","","","","","","","","","","","","","","","","","","","","","","","","","","","",""
"35049001","CANCALE",48.711667,-1.843333,40,1981040618,"","","","",7.,1,40,1,"","","","","","","","","","","","","","","","","","","","","","","","","","","","",8.7,1,5.7,1,"","","","","","","","","","","","","","","","","","","","","","","","","","",83,1,"","","","","","","","","","","","",9.3,1,1016.4,1,"","","","","","",8,1,8,1,6,1,"","","","","","","","","","","","","","","","","","","","","","","","","","","","",3000,1,"","",10,1,2,1,"","","","","","","","","","",3,1,"","","","","","","","","","","","","","","","","","","","","","","","","","","","","","","","","","","","","","","","","","","","","","","","","","","","","",""
"35049001","CANCALE",48.711667,-1.843333,40,1981040621,"","","","",6.,1,40,1,"","","","","","","","","","","","","","","","","","","","","","","","","","","","",8.4,1,5.6,1,"","","","","","","","","","","","","","","","","","","","","","","","","","",82,1,"","","","","","","","","","","","",9.2,1,1016.4,1,"","","","","","",8,1,8,1,6,1,"","","","","","","","","","","","","","","","","","","","","","","","","","","","",4000,1,"","",10,1,"","","","","","","","","","","","",3,1,"","","","","","","","","","","","","","","","","","","","","","","","","","","","","","","","","","","","","","","","","","","","","","","","","","","","","",""
"35049001","CANCALE",48.711667,-1.843333,40,1981040700,"","","","",4.,1,40,1,"","","","","","","","","","","","","","","","","","","","","","","","","","","","",8.2,1,5.4,1,"","","","","","","","","","","","","","","","","","","","","","","","","","",84,1,"","","","","","","","","","","","",9.1,1,1016.4,1,"","","","","","",0,1,"","",0,1,0,1,0,1,"","","","","","","","","","","","","","","","","","","","","","","","",4000,1,"","",10,1,"","","","","","","","","","","","",2,1,"","","","","","","","","","","","","","","","","","","","","","","","","","","","","","","","","","","","","","","","","","","","","","","","","","","","","",""
"35049001","CANCALE",48.711667,-1.843333,40,1981040703,"","","","",4.,1,40,1,"","","","","","","","","","","","","","","","","","","","","","","","","","","","",7.5,1,6.2,1,"","","","","","","","","","","","","","","","","","","","","","","","","","",93,1,"","","","","","","","","","","","",9.6,1,1016.3,1,"","","","","","",0,1,"","",0,1,0,1,0,1,"","","","","","","","","","","","","","","","","","","","","","","","",4000,1,"","",10,1,"","","","","","","","","","","","",2,1,"","","","","","","","","","","","","","","","","","","","","","","","","","","","","","","","","","","","","","","","","","","","","","","","","","","","","",""
"35049001","CANCALE",48.711667,-1.843333,40,1981040706,"","","","",2.,1,20,1,"","","","","","","","","","","","","","","","","","","","","","","","","","","","",7.5,1,6.2,1,"","","","","","","","","","","","","","","","","","","","","","","","","","",93,1,"","","","","","","","","","","","",9.6,1,1016.5,1,"","","","","","",8,1,8,1,6,1,"","","","","","","","","","","","","","","","","","","","","","","","","","","","",2000,1,"","",10,1,"","","","",0,1,"","","","","","",2,1,"","","","","","","","","","","","","","","","","","","","","","","","","","","","","","","","","","","","","","","","","","","","","","","","","","","","","",""
"35049001","CANCALE",48.711667,-1.843333,40,1981040709,"","","","",2.,1,60,1,"","","","","","","","","","","","","","","","","","","","","","","","","","","","",9.,1,6.6,1,"","","","","","","","","","","","","","","","","","","","","","","","","","",87,1,"","","","","","","","","","","","",9.9,1,1017.9,1,"","","","","","",8,1,8,1,6,1,"","","","","","","","","","","","","","","","","","","","","","","","","","","","",2000,1,"","",10,1,2,1,"","","","","","","","","","",2,1,"","","","","","","","","","","","","","","","","","","","","","","","","","","","","","","","","","","","","","","","","","","","","","","","","","","","","",""
"35049001","CANCALE",48.711667,-1.843333,40,1981040712,"","","","",1.,1,100,1,"","","","","","","","","","","","","","","","","","","","","","","","","","","","",11.3,1,7.3,1,"","","","","","","","","","","","","","","","","","","","","","","","","","",78,1,"","","","","","","","","","","","",10.4,1,1018.,1,"","","","","","",1,1,0,1,6,1,0,1,0,1,"","","","","","","","","","","","","","","","","","","","","","","","",3000,1,"","",10,1,1,1,"","","","","","","","","","",2,1,"","","","","","","","","","","","","","","","","","","","","","","","","","","","","","","","","","","","","","","","","","","","","","","","","","","","","",""
"35049001","CANCALE",48.711667,-1.843333,40,1981040715,"","","","",1.,1,280,1,"","","","","","","","","","","","","","","","","","","","","","","","","","","","",11.2,1,5.7,1,"","","","","","","","","","","","","","","","","","","","","","","","","","",69,1,"","","","","","","","","","","","",9.3,1,1018.7,1,"","","","","","",0,1,"","",0,1,0,1,0,1,"","","","","","","","","","","","","","","","","","","","","","","","",4000,1,"","",10,1,0,1,"","","","","","","","","","",2,1,"","","","","","","","","","","","","","","","","","","","","","","","","","","","","","","","","","","","","","","","","","","","","","","","","","","","","",""
"35049001","CANCALE",48.711667,-1.843333,40,1981040718,"","","","",2.,1,20,1,"","","","","","","","","","","","","","","","","","","","","","","","","","","","",10.3,1,7.2,1,"","","","","","","","","","","","","","","","","","","","","","","","","","",82,1,"","","","","","","","","","","","",10.3,1,1019.,1,"","","","","","",5,1,0,1,6,1,0,1,8,1,"","","","","","","","","","","","","","","","","","","","","","","","",3500,1,"","",10,1,1,1,"","","","","","","","","","",2,1,"","","","","","","","","","","","","","","","","","","","","","","","","","","","","","","","","","","","","","","","","","","","","","","","","","","","","",""
"35049001","CANCALE",48.711667,-1.843333,40,1981040721,"","","","",2.,1,60,1,"","","","","","","","","","","","","","","","","","","","","","","","","","","","",9.9,1,7.2,1,"","","","","","","","","","","","","","","","","","","","","","","","","","",84,1,"","","","","","","","","","","","",10.3,1,1020.2,1,"","","","","","",0,1,"","",0,1,0,1,0,1,"","","","","","","","","","","","","","","","","","","","","","","","",4000,1,"","",10,1,"","","","","","","","","","","","",2,1,"","","","","","","","","","","","","","","","","","","","","","","","","","","","","","","","","","","","","","","","","","","","","","","","","","","","","",""
"35049001","CANCALE",48.711667,-1.843333,40,1981040800,"","","","",2.,1,100,1,"","","","","","","","","","","","","","","","","","","","","","","","","","","","",9.5,1,7.2,1,"","","","","","","","","","","","","","","","","","","","","","","","","","",87,1,"","","","","","","","","","","","",10.3,1,1020.3,1,"","","","","","",0,1,"","",0,1,0,1,0,1,"","","","","","","","","","","","","","","","","","","","","","","","",4000,1,"","",10,1,"","","","","","","","","","","","",2,1,"","","","","","","","","","","","","","","","","","","","","","","","","","","","","","","","","","","","","","","","","","","","","","","","","","","","","",""
"35049001","CANCALE",48.711667,-1.843333,40,1981040803,"","","","",1.,1,200,1,"","","","","","","","","","","","","","","","","","","","","","","","","","","","",9.,1,7.,1,"","","","","","","","","","","","","","","","","","","","","","","","","","",89,1,"","","","","","","","","","","","",10.2,1,1021.6,1,"","","","","","",0,1,"","",0,1,0,1,0,1,"","","","","","","","","","","","","","","","","","","","","","","","",4000,1,"","",10,1,"","","","","","","","","","","","",2,1,"","","","","","","","","","","","","","","","","","","","","","","","","","","","","","","","","","","","","","","","","","","","","","","","","","","","","",""
"35049001","CANCALE",48.711667,-1.843333,40,1981040806,"","","","",1.,1,160,1,"","","","","","","","","","","","","","","","","","","","","","","","","","","","",7.5,1,6.7,1,"","","","","","","","","","","","","","","","","","","","","","","","","","",97,1,"","","","","","","","","","","","",10.,1,1022.3,1,"","","","","","",4,1,0,1,6,1,0,1,0,1,"","","","","","","","","","","","","","","","","","","","","","","","",1600,1,"","",10,1,"","","","",0,1,"","","","","","",1,1,"","","","","","","","","","","","","","","","","","","","","","","","","","","","","","","","","","","","","","","","","","","","","","","","","","","","","",""
"35049001","CANCALE",48.711667,-1.843333,40,1981040809,"","","","",3.,1,120,1,"","","","","","","","","","","","","","","","","","","","","","","","","","","","",9.2,1,7.4,1,"","","","","","","","","","","","","","","","","","","","","","","","","","",91,1,"","","","","","","","","","","","",10.5,1,1023.1,1,"","","","","","",8,1,8,1,6,1,"","","","","","","","","","","","","","","","","","","","","","","","","","","","",2000,1,"","",10,1,1,1,"","","","","","","","","","",2,1,"","","","","","","","","","","","","","","","","","","","","","","","","","","","","","","","","","","","","","","","","","","","","","","","","","","","","",""
"35049001","CANCALE",48.711667,-1.843333,40,1981040812,"","","","",2.,1,80,1,"","","","","","","","","","","","","","","","","","","","","","","","","","","","",15.5,1,8.9,1,"","","","","","","","","","","","","","","","","","","","","","","","","","",66,1,"","","","","","","","","","","","",11.6,1,1023.1,1,"","","","","","",4,1,0,1,6,1,0,1,8,1,"","","","","","","","","","","","","","","","","","","","","","","","",3000,1,"","",10,1,1,1,"","","","","","","","","","",2,1,"","","","","","","","","","","","","","","","","","","","","","","","","","","","","","","","","","","","","","","","","","","","","","","","","","","","","",""
"35049001","CANCALE",48.711667,-1.843333,40,1981040815,"","","","",2.,1,20,1,"","","","","","","","","","","","","","","","","","","","","","","","","","","","",14.5,1,8.7,1,"","","","","","","","","","","","","","","","","","","","","","","","","","",70,1,"","","","","","","","","","","","",11.5,1,1022.7,1,"","","","","","",0,1,"","",0,1,0,1,0,1,"","","","","","","","","","","","","","","","","","","","","","","","",4000,1,"","",10,1,0,1,"","","","","","","","","","",1,1,"","","","","","","","","","","","","","","","","","","","","","","","","","","","","","","","","","","","","","","","","","","","","","","","","","","","","",""
"35049001","CANCALE",48.711667,-1.843333,40,1981040818,"","","","",5.,1,20,1,"","","","","","","","","","","","","","","","","","","","","","","","","","","","",12.2,1,8.2,1,"","","","","","","","","","","","","","","","","","","","","","","","","","",78,1,"","","","","","","","","","","","",11.1,1,1022.4,1,"","","","","","",4,1,0,1,0,1,3,1,1,1,"","","","","","","","","","","","","","","","","","","","","","","","",6000,1,"","",3,1,0,1,"","","","","","","","","","",2,1,"","","","","","","","","","","","","","","","","","","","","","","","","","","","","","","","","","","","","","","","","","","","","","","","","","","","","",""
"35049001","CANCALE",48.711667,-1.843333,40,1981040821,"","","","",4.,1,40,1,"","","","","","","","","","","","","","","","","","","","","","","","","","","","",11.5,1,8.2,1,"","","","","","","","","","","","","","","","","","","","","","","","","","",82,1,"","","","","","","","","","","","",11.1,1,1023.5,1,"","","","","","",4,1,0,1,0,1,1,1,0,1,"","","","","","","","","","","","","","","","","","","","","","","","",8000,1,"","",0,1,"","","","","","","","","","","","",2,1,"","","","","","","","","","","","","","","","","","","","","","","","","","","","","","","","","","","","","","","","","","","","","","","","","","","","","",""
"35049001","CANCALE",48.711667,-1.843333,40,1981040900,"","","","",4.,1,100,1,"","","","","","","","","","","","","","","","","","","","","","","","","","","","",12.,1,9.,1,"","","","","","","","","","","","","","","","","","","","","","","","","","",83,1,"","","","","","","","","","","","",11.7,1,1023.9,1,"","","","","","",0,1,"","",0,1,0,1,0,1,"","","","","","","","","","","","","","","","","","","","","","","","",4000,1,"","",10,1,"","","","","","","","","","","","",2,1,"","","","","","","","","","","","","","","","","","","","","","","","","","","","","","","","","","","","","","","","","","","","","","","","","","","","","",""
"35049001","CANCALE",48.711667,-1.843333,40,1981040903,"","","","",2.,1,260,1,"","","","","","","","","","","","","","","","","","","","","","","","","","","","",10.8,1,8.9,1,"","","","","","","","","","","","","","","","","","","","","","","","","","",90,1,"","","","","","","","","","","","",11.6,1,1022.8,1,"","","","","","",0,1,"","",0,1,0,1,0,1,"","","","","","","","","","","","","","","","","","","","","","","","",3000,1,"","",10,1,"","","","","","","","","","","","",1,1,"","","","","","","","","","","","","","","","","","","","","","","","","","","","","","","","","","","","","","","","","","","","","","","","","","","","","",""
"35049001","CANCALE",48.711667,-1.843333,40,1981040906,"","","","",4.,1,240,1,"","","","","","","","","","","","","","","","","","","","","","","","","","","","",9.4,1,8.2,1,"","","","","","","","","","","","","","","","","","","","","","","","","","",95,1,"","","","","","","","","","","","",11.1,1,1023.6,1,"","","","","","",8,1,8,1,6,1,"","","","","","","","","","","","","","","","","","","","","","","","","","","","",1500,1,"","",10,1,"","","","",0,1,"","","","","","",2,1,"","","","","","","","","","","","","","","","","","","","","","","","","","","","","","","","","","","","","","","","","","","","","","","","","","","","","",""
"35049001","CANCALE",48.711667,-1.843333,40,1981040909,"","","","",1.,1,320,1,"","","","","","","","","","","","","","","","","","","","","","","","","","","","",10.,1,8.9,1,"","","","","","","","","","","","","","","","","","","","","","","","","","",95,1,"","","","","","","","","","","","",11.6,1,1023.8,1,"","","","","","",7,1,7,1,5,1,"","","","","","","","","","","","","","","","","","","","","","","","","","","","",1500,1,"","",10,1,6,1,"","","","","","","","","","",2,1,"","","","","","","","","","","","","","","","","","","","","","","","","","","","","","","","","","","","","","","","","","","","","","","","","","","","","",""
"35049001","CANCALE",48.711667,-1.843333,40,1981040912,"","","","",2.,1,260,1,"","","","","","","","","","","","","","","","","","","","","","","","","","","","",11.3,1,9.5,1,"","","","","","","","","","","","","","","","","","","","","","","","","","",90,1,"","","","","","","","","","","","",12.1,1,1023.1,1,"","","","","","",7,1,7,1,5,1,"","","","","","","","","","","","","","","","","","","","","","","","","","","","",2000,1,"","",10,1,6,1,"","","","","","","","","","",2,1,"","","","","","","","","","","","","","","","","","","","","","","","","","","","","","","","","","","","","","","","","","","","","","","","","","","","","",""
"35049001","CANCALE",48.711667,-1.843333,40,1981040915,"","","","",2.,1,300,1,"","","","","","","","","","","","","","","","","","","","","","","","","","","","",13.6,1,10.4,1,"","","","","","","","","","","","","","","","","","","","","","","","","","",83,1,"","","","","","","","","","","","",12.9,1,1022.,1,"","","","","","",3,1,0,1,3,1,0,1,3,1,"","","","","","","","","","","","","","","","","","","","","","","","",3000,1,"","",10,1,1,1,"","","","","","","","","","",2,1,"","","","","","","","","","","","","","","","","","","","","","","","","","","","","","","","","","","","","","","","","","","","","","","","","","","","","",""
"35049001","CANCALE",48.711667,-1.843333,40,1981040918,"","","","",5.,1,100,1,"","","","","","","","","","","","","","","","","","","","","","","","","","","","",14.6,1,10.2,1,"","","","","","","","","","","","","","","","","","","","","","","","","","",76,1,"","","","","","","","","","","","",12.7,1,1021.2,1,"","","","","","",7,1,0,1,3,1,6,1,"","","","","","","","","","","","","","","","","","","","","","","","","","",18000,1,"","",2,1,1,1,"","","","","","","","","","",2,1,"","","","","","","","","","","","","","","","","","","","","","","","","","","","","","","","","","","","","","","","","","","","","","","","","","","","","",""
"35049001","CANCALE",48.711667,-1.843333,40,1981040921,"","","","",5.,1,80,1,"","","","","","","","","","","","","","","","","","","","","","","","","","","","",12.6,1,9.7,1,"","","","","","","","","","","","","","","","","","","","","","","","","","",85,1,"","","","","","","","","","","","",12.3,1,1021.,1,"","","","","","",8,1,8,1,5,1,"","","","","","","","","","","","","","","","","","","","","","","","","","","","",18000,1,"","",0,1,"","","","","","","","","","","","",2,1,"","","","","","","","","","","","","","","","","","","","","","","","","","","","","","","","","","","","","","","","","","","","","","","","","","","","","",""
"35049001","CANCALE",48.711667,-1.843333,40,1981041000,"","","","",7.,1,80,1,"","","","","","","","","","","","","","","","","","","","","","","","","","","","",12.3,1,9.5,1,"","","","","","","","","","","","","","","","","","","","","","","","","","",85,1,"","","","","","","","","","","","",12.1,1,1019.5,1,"","","","","","",0,1,"","",0,1,0,1,0,1,"","","","","","","","","","","","","","","","","","","","","","","","",4000,1,"","",10,1,"","","","","","","","","","","","",2,1,"","","","","","","","","","","","","","","","","","","","","","","","","","","","","","","","","","","","","","","","","","","","","","","","","","","","","",""
"35049001","CANCALE",48.711667,-1.843333,40,1981041003,"","","","",5.,1,80,1,"","","","","","","","","","","","","","","","","","","","","","","","","","","","",11.,1,8.7,1,"","","","","","","","","","","","","","","","","","","","","","","","","","",87,1,"","","","","","","","","","","","",11.5,1,1018.2,1,"","","","","","",0,1,"","",0,1,0,1,0,1,"","","","","","","","","","","","","","","","","","","","","","","","",4000,1,"","",10,1,"","","","","","","","","","","","",2,1,"","","","","","","","","","","","","","","","","","","","","","","","","","","","","","","","","","","","","","","","","","","","","","","","","","","","","",""
"35049001","CANCALE",48.711667,-1.843333,40,1981041006,"","","","",9.,1,80,1,"","","","","","","","","","","","","","","","","","","","","","","","","","","","",12.2,1,8.5,1,"","","","","","","","","","","","","","","","","","","","","","","","","","",80,1,"","","","","","","","","","","","",11.3,1,1015.4,1,"","","","","","",3,1,0,1,0,1,3,1,0,1,"","","","","","","","","","","","","","","","","","","","","","","","",6000,1,"","",0,1,"","","","",0,1,"","","","","","",3,1,"","","","","","","","","","","","","","","","","","","","","","","","","","","","","","","","","","","","","","","","","","","","","","","","","","","","","",""
"35049001","CANCALE",48.711667,-1.843333,40,1981041009,"","","","",9.,1,80,1,"","","","","","","","","","","","","","","","","","","","","","","","","","","","",14.,1,8.9,1,"","","","","","","","","","","","","","","","","","","","","","","","","","",72,1,"","","","","","","","","","","","",11.6,1,1013.4,1,"","","","","","",6,1,6,1,0,1,5,1,0,1,"","","","","","","","","","","","","","","","","","","","","","","","",7000,1,"","",3,1,1,1,"","","","","","","","","","",3,1,"","","","","","","","","","","","","","","","","","","","","","","","","","","","","","","","","","","","","","","","","","","","","","","","","","","","","",""
"35049001","CANCALE",48.711667,-1.843333,40,1981041012,"","","","",6.,1,100,1,"","","","","","","","","","","","","","","","","","","","","","","","","","","","",13.5,1,10.3,1,"","","","","","","","","","","","","","","","","","","","","","","","","","",83,1,"","","","","","","","","","","","",12.8,1,1012.2,1,"","","","","","",8,1,8,1,5,1,"","","","","","","","","","","","","","","","","","","","","","","","","","","","",9000,1,"","",3,1,1,1,"","","","","","","","","","",3,1,"","","","","","","","","","","","","","","","","","","","","","","","","","","","","","","","","","","","","","","","","","","","","","","","","","","","","",""
"35049001","CANCALE",48.711667,-1.843333,40,1981041015,"","","","",10.,1,140,1,"","","","","","","","","","","","","","","","","","","","","","","","","","","","",16.,1,10.1,1,"","","","","","","","","","","","","","","","","","","","","","","","","","",69,1,"","","","","","","","","","","","",12.6,1,1010.6,1,"","","","","","",8,1,8,1,0,1,7,1,"","","","","","","","","","","","","","","","","","","","","","","","","","",10000,1,"","",2,1,2,1,"","","","","","","","","","",3,1,"","","","","","","","","","","","","","","","","","","","","","","","","","","","","","","","","","","","","","","","","","","","","","","","","","","","","",""
"35049001","CANCALE",48.711667,-1.843333,40,1981041018,"","","","",9.,1,80,1,"","","","","","","","","","","","","","","","","","","","","","","","","","","","",13.,1,11.9,1,"","","","","","","","","","","","","","","","","","","","","","","","","","",96,1,"","","","","","","","","","","","",14.3,1,1009.5,1,"","","","","","",8,1,8,1,0,1,7,1,"","","","","","","","","","","","","","","","","","","","","","","","","","",8000,1,"","",21,1,6,1,"","","","","","","","","","",3,1,"","","","","","","","","","","","","","","","","","","","","","","","","","","","","","","","","","","","","","","","","","","","","","","","","","","","","",""
"35049001","CANCALE",48.711667,-1.843333,40,1981041021,"","","","",7.,1,140,1,"","","","","","","","","","","","","","","","","","","","","","","","","","","","",12.,1,10.7,1,"","","","","","","","","","","","","","","","","","","","","","","","","","",94,1,"","","","","","","","","","","","",13.2,1,1010.3,1,"","","","","","",6,1,6,1,0,1,7,1,0,1,"","","","","","","","","","","","","","","","","","","","","","","","",15000,1,"","",0,1,"","","","","","","","","","","","",2,1,"","","","","","","","","","","","","","","","","","","","","","","","","","","","","","","","","","","","","","","","","","","","","","","","","","","","","",""
"35049001","CANCALE",48.711667,-1.843333,40,1981041100,"","","","",3.,1,100,1,"","","","","","","","","","","","","","","","","","","","","","","","","","","","",11.5,1,11.1,1,"","","","","","","","","","","","","","","","","","","","","","","","","","",98,1,"","","","","","","","","","","","",13.5,1,1009.6,1,"","","","","","",5,1,5,1,5,1,0,1,0,1,"","","","","","","","","","","","","","","","","","","","","","","","",9000,1,"","",0,1,"","","","","","","","","","","","",2,1,"","","","","","","","","","","","","","","","","","","","","","","","","","","","","","","","","","","","","","","","","","","","","","","","","","","","","",""
"35049001","CANCALE",48.711667,-1.843333,40,1981041103,"","","","",3.,1,140,1,"","","","","","","","","","","","","","","","","","","","","","","","","","","","",11.6,1,10.8,1,"","","","","","","","","","","","","","","","","","","","","","","","","","",97,1,"","","","","","","","","","","","",13.3,1,1009.2,1,"","","","","","",0,1,"","",0,1,0,1,0,1,"","","","","","","","","","","","","","","","","","","","","","","","",13000,1,"","",0,1,"","","","","","","","","","","","",2,1,"","","","","","","","","","","","","","","","","","","","","","","","","","","","","","","","","","","","","","","","","","","","","","","","","","","","","",""
"35049001","CANCALE",48.711667,-1.843333,40,1981041106,"","","","",4.,1,100,1,"","","","","","","","","","","","","","","","","","","","","","","","","","","","",11.,1,10.3,1,"","","","","","","","","","","","","","","","","","","","","","","","","","",97,1,"","","","","","","","","","","","",12.8,1,1009.,1,"","","","","","",3,1,0,1,0,1,3,1,0,1,"","","","","","","","","","","","","","","","","","","","","","","","",6000,1,"","",2,1,"","","","",1,1,"","","","","","",2,1,"","","","","","","","","","","","","","","","","","","","","","","","","","","","","","","","","","","","","","","","","","","","","","","","","","","","","",""
"35049001","CANCALE",48.711667,-1.843333,40,1981041109,"","","","",4.,1,100,1,"","","","","","","","","","","","","","","","","","","","","","","","","","","","",12.5,1,11.2,1,"","","","","","","","","","","","","","","","","","","","","","","","","","",94,1,"","","","","","","","","","","","",13.6,1,1009.,1,"","","","","","",3,1,0,1,0,1,0,1,2,1,"","","","","","","","","","","","","","","","","","","","","","","","",5000,1,"","",2,1,0,1,"","","","","","","","","","",2,1,"","","","","","","","","","","","","","","","","","","","","","","","","","","","","","","","","","","","","","","","","","","","","","","","","","","","","",""
"35049001","CANCALE",48.711667,-1.843333,40,1981041112,"","","","",1.,1,200,1,"","","","","","","","","","","","","","","","","","","","","","","","","","","","",13.5,1,11.8,1,"","","","","","","","","","","","","","","","","","","","","","","","","","",92,1,"","","","","","","","","","","","",14.2,1,1009.9,1,"","","","","","",8,1,8,1,5,1,"","","","","","","","","","","","","","","","","","","","","","","","","","","","",3500,1,"","",10,1,9,1,"","","","","","","","","","",2,1,"","","","","","","","","","","","","","","","","","","","","","","","","","","","","","","","","","","","","","","","","","","","","","","","","","","","","",""
"35049001","CANCALE",48.711667,-1.843333,40,1981041115,"","","","",4.,1,260,1,"","","","","","","","","","","","","","","","","","","","","","","","","","","","",11.6,1,11.6,1,"","","","","","","","","","","","","","","","","","","","","","","","","","",99,1,"","","","","","","","","","","","",13.5,1,1011.1,1,"","","","","","",8,1,8,1,6,1,"","","","","","","","","","","","","","","","","","","","","","","","","","","","",1200,1,"","",10,1,2,1,"","","","","","","","","","",2,1,"","","","","","","","","","","","","","","","","","","","","","","","","","","","","","","","","","","","","","","","","","","","","","","","","","","","","",""
"35049001","CANCALE",48.711667,-1.843333,40,1981041118,"","","","",3.,1,260,1,"","","","","","","","","","","","","","","","","","","","","","","","","","","","",10.4,1,9.7,1,"","","","","","","","","","","","","","","","","","","","","","","","","","",97,1,"","","","","","","","","","","","",12.3,1,1012.4,1,"","","","","","",8,1,8,1,0,1,7,1,"","","","","","","","","","","","","","","","","","","","","","","","","","",8000,1,"","",2,1,6,1,"","","","","","","","","","",1,1,"","","","","","","","","","","","","","","","","","","","","","","","","","","","","","","","","","","","","","","","","","","","","","","","","","","","","",""
"35049001","CANCALE",48.711667,-1.843333,40,1981041121,"","","","",0.,1,0,1,"","","","","","","","","","","","","","","","","","","","","","","","","","","","",10.,1,8.9,1,"","","","","","","","","","","","","","","","","","","","","","","","","","",95,1,"","","","","","","","","","","","",11.6,1,1013.8,1,"","","","","","",7,1,7,1,0,1,7,1,"","","","","","","","","","","","","","","","","","","","","","","","","","",25000,1,"","",0,1,"","","","","","","","","","","","",1,1,"","","","","","","","","","","","","","","","","","","","","","","","","","","","","","","","","","","","","","","","","","","","","","","","","","","","","",""
"35049001","CANCALE",48.711667,-1.843333,40,1981041200,"","","","",4.,1,160,1,"","","","","","","","","","","","","","","","","","","","","","","","","","","","",10.1,1,8.3,1,"","","","","","","","","","","","","","","","","","","","","","","","","","",91,1,"","","","","","","","","","","","",11.2,1,1014.8,1,"","","","","","",3,1,0,1,0,1,0,1,2,1,"","","","","","","","","","","","","","","","","","","","","","","","",30000,1,"","",0,1,"","","","","","","","","","","","",2,1,"","","","","","","","","","","","","","","","","","","","","","","","","","","","","","","","","","","","","","","","","","","","","","","","","","","","","",""
"35049001","CANCALE",48.711667,-1.843333,40,1981041203,"","","","",5.,1,220,1,"","","","","","","","","","","","","","","","","","","","","","","","","","","","",10.,1,8.1,1,"","","","","","","","","","","","","","","","","","","","","","","","","","",90,1,"","","","","","","","","","","","",11.,1,1016.,1,"","","","","","",1,1,0,1,0,1,0,1,1,1,"","","","","","","","","","","","","","","","","","","","","","","","",30000,1,"","",0,1,"","","","","","","","","","","","",2,1,"","","","","","","","","","","","","","","","","","","","","","","","","","","","","","","","","","","","","","","","","","","","","","","","","","","","","",""
"35049001","CANCALE",48.711667,-1.843333,40,1981041206,"","","","",5.,1,220,1,"","","","","","","","","","","","","","","","","","","","","","","","","","","","",10.1,1,7.6,1,"","","","","","","","","","","","","","","","","","","","","","","","","","",86,1,"","","","","","","","","","","","",10.6,1,1017.,1,"","","","","","",6,1,6,1,0,1,0,1,6,1,"","","","","","","","","","","","","","","","","","","","","","","","",20000,1,"","",3,1,"","","","",0,1,"","","","","","",2,1,"","","","","","","","","","","","","","","","","","","","","","","","","","","","","","","","","","","","","","","","","","","","","","","","","","","","","",""
"35049001","CANCALE",48.711667,-1.843333,40,1981041209,"","","","",0.,1,0,1,"","","","","","","","","","","","","","","","","","","","","","","","","","","","",11.8,1,9.1,1,"","","","","","","","","","","","","","","","","","","","","","","","","","",85,1,"","","","","","","","","","","","",11.8,1,1018.3,1,"","","","","","",5,1,5,1,1,1,0,1,8,1,"","","","","","","","","","","","","","","","","","","","","","","","",15000,1,"","",2,1,2,1,"","","","","","","","","","",2,1,"","","","","","","","","","","","","","","","","","","","","","","","","","","","","","","","","","","","","","","","","","","","","","","","","","","","","",""
"35049001","CANCALE",48.711667,-1.843333,40,1981041212,"","","","",2.,1,300,1,"","","","","","","","","","","","","","","","","","","","","","","","","","","","",13.3,1,9.5,1,"","","","","","","","","","","","","","","","","","","","","","","","","","",79,1,"","","","","","","","","","","","",12.1,1,1018.7,1,"","","","","","",5,1,5,1,2,1,0,1,2,1,"","","","","","","","","","","","","","","","","","","","","","","","",22000,1,"","",2,1,2,1,"","","","","","","","","","",2,1,"","","","","","","","","","","","","","","","","","","","","","","","","","","","","","","","","","","","","","","","","","","","","","","","","","","","","",""
"35049001","CANCALE",48.711667,-1.843333,40,1981041215,"","","","",2.,1,320,1,"","","","","","","","","","","","","","","","","","","","","","","","","","","","",13.6,1,10.3,1,"","","","","","","","","","","","","","","","","","","","","","","","","","",82,1,"","","","","","","","","","","","",12.8,1,1018.6,1,"","","","","","",6,1,6,1,2,1,0,1,8,1,"","","","","","","","","","","","","","","","","","","","","","","","",25000,1,"","",2,1,2,1,"","","","","","","","","","",2,1,"","","","","","","","","","","","","","","","","","","","","","","","","","","","","","","","","","","","","","","","","","","","","","","","","","","","","",""
"35049001","CANCALE",48.711667,-1.843333,40,1981041218,"","","","",5.,1,340,1,"","","","","","","","","","","","","","","","","","","","","","","","","","","","",11.6,1,8.5,1,"","","","","","","","","","","","","","","","","","","","","","","","","","",83,1,"","","","","","","","","","","","",11.3,1,1018.2,1,"","","","","","",7,1,7,1,2,1,0,1,8,1,"","","","","","","","","","","","","","","","","","","","","","","","",28000,1,"","",2,1,2,1,"","","","","","","","","","",2,1,"","","","","","","","","","","","","","","","","","","","","","","","","","","","","","","","","","","","","","","","","","","","","","","","","","","","","",""
"35049001","CANCALE",48.711667,-1.843333,40,1981041221,"","","","",7.,1,20,1,"","","","","","","","","","","","","","","","","","","","","","","","","","","","",11.1,1,9.3,1,"","","","","","","","","","","","","","","","","","","","","","","","","","",91,1,"","","","","","","","","","","","",12.,1,1018.6,1,"","","","","","",6,1,6,1,0,1,0,1,8,1,"","","","","","","","","","","","","","","","","","","","","","","","",35000,1,"","",0,1,"","","","","","","","","","","","",2,1,"","","","","","","","","","","","","","","","","","","","","","","","","","","","","","","","","","","","","","","","","","","","","","","","","","","","","",""
"35049001","CANCALE",48.711667,-1.843333,40,1981041300,"","","","",5.,1,20,1,"","","","","","","","","","","","","","","","","","","","","","","","","","","","",10.8,1,8.9,1,"","","","","","","","","","","","","","","","","","","","","","","","","","",90,1,"","","","","","","","","","","","",11.6,1,1019.,1,"","","","","","",7,1,7,1,0,1,3,1,0,1,"","","","","","","","","","","","","","","","","","","","","","","","",25000,1,"","",0,1,"","","","","","","","","","","","",3,1,"","","","","","","","","","","","","","","","","","","","","","","","","","","","","","","","","","","","","","","","","","","","","","","","","","","","","",""
"35049001","CANCALE",48.711667,-1.843333,40,1981041303,"","","","",7.,1,40,1,"","","","","","","","","","","","","","","","","","","","","","","","","","","","",10.2,1,8.5,1,"","","","","","","","","","","","","","","","","","","","","","","","","","",91,1,"","","","","","","","","","","","",11.3,1,1018.8,1,"","","","","","",8,1,8,1,5,1,"","","","","","","","","","","","","","","","","","","","","","","","","","","","",25000,1,"","",0,1,"","","","","","","","","","","","",3,1,"","","","","","","","","","","","","","","","","","","","","","","","","","","","","","","","","","","","","","","","","","","","","","","","","","","","","",""
"35049001","CANCALE",48.711667,-1.843333,40,1981041306,"","","","",7.,1,40,1,"","","","","","","","","","","","","","","","","","","","","","","","","","","","",12.2,1,8.7,1,"","","","","","","","","","","","","","","","","","","","","","","","","","",81,1,"","","","","","","","","","","","",11.5,1,1018.6,1,"","","","","","",8,1,8,1,5,1,"","","","","","","","","","","","","","","","","","","","","","","","","","","","",18000,1,"","",0,1,"","","","",0,1,"","","","","","",3,1,"","","","","","","","","","","","","","","","","","","","","","","","","","","","","","","","","","","","","","","","","","","","","","","","","","","","","",""
"35049001","CANCALE",48.711667,-1.843333,40,1981041309,"","","","",7.,1,60,1,"","","","","","","","","","","","","","","","","","","","","","","","","","","","",11.7,1,10.2,1,"","","","","","","","","","","","","","","","","","","","","","","","","","",92,1,"","","","","","","","","","","","",12.7,1,1019.,1,"","","","","","",8,1,8,1,9,1,"","","","","","","","","","","","","","","","","","","","","","","","","","","","",3000,1,"","",97,1,9,1,"","","","","","","","","","",3,1,"","","","","","","","","","","","","","","","","","","","","","","","","","","","","","","","","","","","","","","","","","","","","","","","","","","","","",""
"35049001","CANCALE",48.711667,-1.843333,40,1981041312,"","","","",7.,1,60,1,"","","","","","","","","","","","","","","","","","","","","","","","","","","","",14.7,1,11.4,1,"","","","","","","","","","","","","","","","","","","","","","","","","","",83,1,"","","","","","","","","","","","",13.8,1,1018.4,1,"","","","","","",7,1,7,1,5,1,"","","","","","","","","","","","","","","","","","","","","","","","","","","","",8000,1,"","",2,1,9,1,"","","","","","","","","","",3,1,"","","","","","","","","","","","","","","","","","","","","","","","","","","","","","","","","","","","","","","","","","","","","","","","","","","","","",""
"35049001","CANCALE",48.711667,-1.843333,40,1981041315,"","","","",11.,1,40,1,"","","","","","","","","","","","","","","","","","","","","","","","","","","","",15.2,1,11.7,1,"","","","","","","","","","","","","","","","","","","","","","","","","","",82,1,"","","","","","","","","","","","",14.1,1,1018.3,1,"","","","","","",6,1,6,1,0,1,3,1,0,1,"","","","","","","","","","","","","","","","","","","","","","","","",6000,1,"","",2,1,6,1,"","","","","","","","","","",3,1,"","","","","","","","","","","","","","","","","","","","","","","","","","","","","","","","","","","","","","","","","","","","","","","","","","","","","",""
"35049001","CANCALE",48.711667,-1.843333,40,1981041318,"","","","",11.,1,40,1,"","","","","","","","","","","","","","","","","","","","","","","","","","","","",12.9,1,11.1,1,"","","","","","","","","","","","","","","","","","","","","","","","","","",91,1,"","","","","","","","","","","","",13.5,1,1018.7,1,"","","","","","",8,1,8,1,5,1,"","","","","","","","","","","","","","","","","","","","","","","","","","","","",2000,1,"","",10,1,9,1,"","","","","","","","","","",3,1,"","","","","","","","","","","","","","","","","","","","","","","","","","","","","","","","","","","","","","","","","","","","","","","","","","","","","",""
"35049001","CANCALE",48.711667,-1.843333,40,1981041321,"","","","",6.,1,40,1,"","","","","","","","","","","","","","","","","","","","","","","","","","","","",11.7,1,10.4,1,"","","","","","","","","","","","","","","","","","","","","","","","","","",94,1,"","","","","","","","","","","","",12.9,1,1019.9,1,"","","","","","",7,1,7,1,5,1,"","","","","","","","","","","","","","","","","","","","","","","","","","","","",3000,1,"","",10,1,"","","","","","","","","","","","",3,1,"","","","","","","","","","","","","","","","","","","","","","","","","","","","","","","","","","","","","","","","","","","","","","","","","","","","","",""
"35049001","CANCALE",48.711667,-1.843333,40,1981041400,"","","","",4.,1,60,1,"","","","","","","","","","","","","","","","","","","","","","","","","","","","",11.3,1,10.4,1,"","","","","","","","","","","","","","","","","","","","","","","","","","",96,1,"","","","","","","","","","","","",12.9,1,1020.,1,"","","","","","",3,1,0,1,0,1,3,1,0,1,"","","","","","","","","","","","","","","","","","","","","","","","",3000,1,"","",10,1,"","","","","","","","","","","","",3,1,"","","","","","","","","","","","","","","","","","","","","","","","","","","","","","","","","","","","","","","","","","","","","","","","","","","","","",""
"35049001","CANCALE",48.711667,-1.843333,40,1981041403,"","","","",4.,1,20,1,"","","","","","","","","","","","","","","","","","","","","","","","","","","","",10.8,1,9.8,1,"","","","","","","","","","","","","","","","","","","","","","","","","","",96,1,"","","","","","","","","","","","",12.4,1,1019.8,1,"","","","","","",0,1,"","",0,1,0,1,0,1,"","","","","","","","","","","","","","","","","","","","","","","","",2000,1,"","",10,1,"","","","","","","","","","","","",2,1,"","","","","","","","","","","","","","","","","","","","","","","","","","","","","","","","","","","","","","","","","","","","","","","","","","","","","",""
"35049001","CANCALE",48.711667,-1.843333,40,1981041406,"","","","",6.,1,20,1,"","","","","","","","","","","","","","","","","","","","","","","","","","","","",10.6,1,9.8,1,"","","","","","","","","","","","","","","","","","","","","","","","","","",97,1,"","","","","","","","","","","","",12.4,1,1020.,1,"","","","","","",8,1,8,1,6,1,"","","","","","","","","","","","","","","","","","","","","","","","","","","","",400,1,"","",44,1,"","","","",1,1,"","","","","","",3,1,"","","","","","","","","","","","","","","","","","","","","","","","","","","","","","","","","","","","","","","","","","","","","","","","","","","","","",""
"35049001","CANCALE",48.711667,-1.843333,40,1981041409,"","","","",6.,1,40,1,"","","","","","","","","","","","","","","","","","","","","","","","","","","","",12.2,1,11.1,1,"","","","","","","","","","","","","","","","","","","","","","","","","","",95,1,"","","","","","","","","","","","",13.5,1,1019.5,1,"","","","","","",7,1,7,1,0,1,9,1,"","","","","","","","","","","","","","","","","","","","","","","","","","",600,1,"","",42,1,6,1,"","","","","","","","","","",3,1,"","","","","","","","","","","","","","","","","","","","","","","","","","","","","","","","","","","","","","","","","","","","","","","","","","","","","",""
"35049001","CANCALE",48.711667,-1.843333,40,1981041412,"","","","",4.,1,20,1,"","","","","","","","","","","","","","","","","","","","","","","","","","","","",13.5,1,11.3,1,"","","","","","","","","","","","","","","","","","","","","","","","","","",88,1,"","","","","","","","","","","","",13.7,1,1019.,1,"","","","","","",7,1,7,1,0,1,7,1,"","","","","","","","","","","","","","","","","","","","","","","","","","",900,1,"","",44,1,6,1,"","","","","","","","","","",2,1,"","","","","","","","","","","","","","","","","","","","","","","","","","","","","","","","","","","","","","","","","","","","","","","","","","","","","",""
"35049001","CANCALE",48.711667,-1.843333,40,1981041415,"","","","",6.,1,20,1,"","","","","","","","","","","","","","","","","","","","","","","","","","","","",13.2,1,11.3,1,"","","","","","","","","","","","","","","","","","","","","","","","","","",90,1,"","","","","","","","","","","","",13.7,1,1018.2,1,"","","","","","",7,1,7,1,9,1,"","","","","","","","","","","","","","","","","","","","","","","","","","","","",1500,1,"","",17,1,8,1,"","","","","","","","","","",2,1,"","","","","","","","","","","","","","","","","","","","","","","","","","","","","","","","","","","","","","","","","","","","","","","","","","","","","",""
"35049001","CANCALE",48.711667,-1.843333,40,1981041418,"","","","",4.,1,20,1,"","","","","","","","","","","","","","","","","","","","","","","","","","","","",12.2,1,10.7,1,"","","","","","","","","","","","","","","","","","","","","","","","","","",93,1,"","","","","","","","","","","","",13.2,1,1017.8,1,"","","","","","",5,1,5,1,9,1,0,1,0,1,"","","","","","","","","","","","","","","","","","","","","","","","",1600,1,"","",10,1,9,1,"","","","","","","","","","",2,1,"","","","","","","","","","","","","","","","","","","","","","","","","","","","","","","","","","","","","","","","","","","","","","","","","","","","","",""
"35049001","CANCALE",48.711667,-1.843333,40,1981041421,"","","","",3.,1,40,1,"","","","","","","","","","","","","","","","","","","","","","","","","","","","",12.,1,10.8,1,"","","","","","","","","","","","","","","","","","","","","","","","","","",95,1,"","","","","","","","","","","","",13.3,1,1019.1,1,"","","","","","",8,1,8,1,9,1,"","","","","","","","","","","","","","","","","","","","","","","","","","","","",2000,1,"","",17,1,"","","","","","","","","","","","",2,1,"","","","","","","","","","","","","","","","","","","","","","","","","","","","","","","","","","","","","","","","","","","","","","","","","","","","","",""
"35049001","CANCALE",48.711667,-1.843333,40,1981041500,"","","","",2.,1,260,1,"","","","","","","","","","","","","","","","","","","","","","","","","","","","",12.,1,10.9,1,"","","","","","","","","","","","","","","","","","","","","","","","","","",95,1,"","","","","","","","","","","","",13.3,1,1020.3,1,"","","","","","",8,1,8,1,0,1,1,1,"","","","","","","","","","","","","","","","","","","","","","","","","","",1200,1,"","",10,1,"","","","","","","","","","","","",2,1,"","","","","","","","","","","","","","","","","","","","","","","","","","","","","","","","","","","","","","","","","","","","","","","","","","","","","",""
"35049001","CANCALE",48.711667,-1.843333,40,1981041503,"","","","",2.,1,180,1,"","","","","","","","","","","","","","","","","","","","","","","","","","","","",11.6,1,11.6,1,"","","","","","","","","","","","","","","","","","","","","","","","","","",99,1,"","","","","","","","","","","","",13.5,1,1020.3,1,"","","","","","",8,1,8,1,5,1,"","","","","","","","","","","","","","","","","","","","","","","","","","","","",1000,1,"","",10,1,"","","","","","","","","","","","",2,1,"","","","","","","","","","","","","","","","","","","","","","","","","","","","","","","","","","","","","","","","","","","","","","","","","","","","","",""
"35049001","CANCALE",48.711667,-1.843333,40,1981041506,"","","","",2.,1,220,1,"","","","","","","","","","","","","","","","","","","","","","","","","","","","",12.,1,11.2,1,"","","","","","","","","","","","","","","","","","","","","","","","","","",97,1,"","","","","","","","","","","","",13.6,1,1021.1,1,"","","","","","",8,1,8,1,0,1,7,1,"","","","","","","","","","","","","","","","","","","","","","","","","","",2500,1,"","",10,1,"","","","",0,1,"","","","","","",1,1,"","","","","","","","","","","","","","","","","","","","","","","","","","","","","","","","","","","","","","","","","","","","","","","","","","","","","",""
"35049001","CANCALE",48.711667,-1.843333,40,1981041509,"","","","",1.,1,220,1,"","","","","","","","","","","","","","","","","","","","","","","","","","","","",13.5,1,12.3,1,"","","","","","","","","","","","","","","","","","","","","","","","","","",94,1,"","","","","","","","","","","","",14.6,1,1022.2,1,"","","","","","",8,1,8,1,0,1,7,1,"","","","","","","","","","","","","","","","","","","","","","","","","","",3000,1,"","",10,1,2,1,"","","","","","","","","","",1,1,"","","","","","","","","","","","","","","","","","","","","","","","","","","","","","","","","","","","","","","","","","","","","","","","","","","","","",""
"35049001","CANCALE",48.711667,-1.843333,40,1981041512,"","","","",2.,1,260,1,"","","","","","","","","","","","","","","","","","","","","","","","","","","","",13.6,1,11.4,1,"","","","","","","","","","","","","","","","","","","","","","","","","","",89,1,"","","","","","","","","","","","",13.8,1,1022.6,1,"","","","","","",7,1,7,1,0,1,0,1,8,1,"","","","","","","","","","","","","","","","","","","","","","","","",5000,1,"","",2,1,2,1,"","","","","","","","","","",1,1,"","","","","","","","","","","","","","","","","","","","","","","","","","","","","","","","","","","","","","","","","","","","","","","","","","","","","",""
"35049001","CANCALE",48.711667,-1.843333,40,1981041515,"","","","",6.,1,300,1,"","","","","","","","","","","","","","","","","","","","","","","","","","","","",12.,1,10.6,1,"","","","","","","","","","","","","","","","","","","","","","","","","","",93,1,"","","","","","","","","","","","",13.,1,1023.1,1,"","","","","","",8,1,8,1,6,1,"","","","","","","","","","","","","","","","","","","","","","","","","","","","",600,1,"","",46,1,4,1,"","","","","","","","","","",2,1,"","","","","","","","","","","","","","","","","","","","","","","","","","","","","","","","","","","","","","","","","","","","","","","","","","","","","",""
"35049001","CANCALE",48.711667,-1.843333,40,1981041518,"","","","",2.,1,320,1,"","","","","","","","","","","","","","","","","","","","","","","","","","","","",10.6,1,9.3,1,"","","","","","","","","","","","","","","","","","","","","","","","","","",94,1,"","","","","","","","","","","","",11.9,1,1022.,1,"","","","","","",8,1,8,1,0,1,7,1,"","","","","","","","","","","","","","","","","","","","","","","","","","",1500,1,"","",10,1,4,1,"","","","","","","","","","",2,1,"","","","","","","","","","","","","","","","","","","","","","","","","","","","","","","","","","","","","","","","","","","","","","","","","","","","","",""
"35049001","CANCALE",48.711667,-1.843333,40,1981041521,"","","","",4.,1,20,1,"","","","","","","","","","","","","","","","","","","","","","","","","","","","",10.,1,8.8,1,"","","","","","","","","","","","","","","","","","","","","","","","","","",94,1,"","","","","","","","","","","","",11.5,1,1022.4,1,"","","","","","",8,1,8,1,6,1,"","","","","","","","","","","","","","","","","","","","","","","","","","","","",2000,1,"","",51,1,"","","","","","","","","","","","",2,1,"","","","","","","","","","","","","","","","","","","","","","","","","","","","","","","","","","","","","","","","","","","","","","","","","","","","","",""
"35049001","CANCALE",48.711667,-1.843333,40,1981041600,"","","","",4.,1,20,1,"","","","","","","","","","","","","","","","","","","","","","","","","","","","",9.4,1,7.4,1,"","","","","","","","","","","","","","","","","","","","","","","","","","",89,1,"","","","","","","","","","","","",10.5,1,1022.4,1,"","","","","","",8,1,8,1,5,1,"","","","","","","","","","","","","","","","","","","","","","","","","","","","",10000,1,"","",0,1,"","","","","","","","","","","","",2,1,"","","","","","","","","","","","","","","","","","","","","","","","","","","","","","","","","","","","","","","","","","","","","","","","","","","","","",""
"35049001","CANCALE",48.711667,-1.843333,40,1981041603,"","","","",8.,1,40,1,"","","","","","","","","","","","","","","","","","","","","","","","","","","","",9.2,1,7.3,1,"","","","","","","","","","","","","","","","","","","","","","","","","","",89,1,"","","","","","","","","","","","",10.4,1,1021.6,1,"","","","","","",8,1,8,1,5,1,"","","","","","","","","","","","","","","","","","","","","","","","","","","","",12000,1,"","",0,1,"","","","","","","","","","","","",3,1,"","","","","","","","","","","","","","","","","","","","","","","","","","","","","","","","","","","","","","","","","","","","","","","","","","","","","",""
"35049001","CANCALE",48.711667,-1.843333,40,1981041606,"","","","",8.,1,40,1,"","","","","","","","","","","","","","","","","","","","","","","","","","","","",7.5,1,5.1,1,"","","","","","","","","","","","","","","","","","","","","","","","","","",86,1,"","","","","","","","","","","","",8.9,1,1021.9,1,"","","","","","",7,1,7,1,5,1,"","","","","","","","","","","","","","","","","","","","","","","","","","","","",9000,1,"","",0,1,"","","","",0,1,"","","","","","",3,1,"","","","","","","","","","","","","","","","","","","","","","","","","","","","","","","","","","","","","","","","","","","","","","","","","","","","","",""
"35049001","CANCALE",48.711667,-1.843333,40,1981041609,"","","","",8.,1,20,1,"","","","","","","","","","","","","","","","","","","","","","","","","","","","",9.,1,5.6,1,"","","","","","","","","","","","","","","","","","","","","","","","","","",80,1,"","","","","","","","","","","","",9.2,1,1022.1,1,"","","","","","",5,1,5,1,5,1,0,1,0,1,"","","","","","","","","","","","","","","","","","","","","","","","",13000,1,"","",2,1,2,1,"","","","","","","","","","",3,1,"","","","","","","","","","","","","","","","","","","","","","","","","","","","","","","","","","","","","","","","","","","","","","","","","","","","","",""
"35049001","CANCALE",48.711667,-1.843333,40,1981041612,"","","","",7.,1,20,1,"","","","","","","","","","","","","","","","","","","","","","","","","","","","",10.6,1,6.2,1,"","","","","","","","","","","","","","","","","","","","","","","","","","",75,1,"","","","","","","","","","","","",9.6,1,1022.2,1,"","","","","","",3,1,0,1,1,1,0,1,0,1,"","","","","","","","","","","","","","","","","","","","","","","","",15000,1,"","",2,1,1,1,"","","","","","","","","","",3,1,"","","","","","","","","","","","","","","","","","","","","","","","","","","","","","","","","","","","","","","","","","","","","","","","","","","","","",""
"35049001","CANCALE",48.711667,-1.843333,40,1981041615,"","","","",7.,1,20,1,"","","","","","","","","","","","","","","","","","","","","","","","","","","","",10.5,1,6.4,1,"","","","","","","","","","","","","","","","","","","","","","","","","","",77,1,"","","","","","","","","","","","",9.8,1,1021.,1,"","","","","","",2,1,0,1,0,1,6,1,0,1,"","","","","","","","","","","","","","","","","","","","","","","","",15000,1,"","",1,1,0,1,"","","","","","","","","","",3,1,"","","","","","","","","","","","","","","","","","","","","","","","","","","","","","","","","","","","","","","","","","","","","","","","","","","","","",""
"35049001","CANCALE",48.711667,-1.843333,40,1981041618,"","","","",7.,1,20,1,"","","","","","","","","","","","","","","","","","","","","","","","","","","","",9.,1,5.9,1,"","","","","","","","","","","","","","","","","","","","","","","","","","",82,1,"","","","","","","","","","","","",9.4,1,1020.4,1,"","","","","","",5,1,0,1,1,1,6,1,8,1,"","","","","","","","","","","","","","","","","","","","","","","","",15000,1,"","",2,1,1,1,"","","","","","","","","","",3,1,"","","","","","","","","","","","","","","","","","","","","","","","","","","","","","","","","","","","","","","","","","","","","","","","","","","","","",""
"35049001","CANCALE",48.711667,-1.843333,40,1981041621,"","","","",8.,1,40,1,"","","","","","","","","","","","","","","","","","","","","","","","","","","","",8.,1,6.,1,"","","","","","","","","","","","","","","","","","","","","","","","","","",89,1,"","","","","","","","","","","","",9.5,1,1019.6,1,"","","","","","",3,1,0,1,1,1,0,1,0,1,"","","","","","","","","","","","","","","","","","","","","","","","",9000,1,"","",0,1,"","","","","","","","","","","","",3,1,"","","","","","","","","","","","","","","","","","","","","","","","","","","","","","","","","","","","","","","","","","","","","","","","","","","","","",""
"35049001","CANCALE",48.711667,-1.843333,40,1981041700,"","","","",7.,1,40,1,"","","","","","","","","","","","","","","","","","","","","","","","","","","","",8.5,1,7.2,1,"","","","","","","","","","","","","","","","","","","","","","","","","","",93,1,"","","","","","","","","","","","",10.3,1,1020.4,1,"","","","","","",7,1,7,1,6,1,"","","","","","","","","","","","","","","","","","","","","","","","","","","","",3000,1,"","",10,1,"","","","","","","","","","","","",3,1,"","","","","","","","","","","","","","","","","","","","","","","","","","","","","","","","","","","","","","","","","","","","","","","","","","","","","",""
"35049001","CANCALE",48.711667,-1.843333,40,1981041703,"","","","",7.,1,20,1,"","","","","","","","","","","","","","","","","","","","","","","","","","","","",8.4,1,6.3,1,"","","","","","","","","","","","","","","","","","","","","","","","","","",88,1,"","","","","","","","","","","","",9.7,1,1019.2,1,"","","","","","",1,1,0,1,1,1,0,1,0,1,"","","","","","","","","","","","","","","","","","","","","","","","",9000,1,"","",0,1,"","","","","","","","","","","","",3,1,"","","","","","","","","","","","","","","","","","","","","","","","","","","","","","","","","","","","","","","","","","","","","","","","","","","","","",""
"35049001","CANCALE",48.711667,-1.843333,40,1981041706,"","","","",8.,1,20,1,"","","","","","","","","","","","","","","","","","","","","","","","","","","","",8.5,1,4.9,1,"","","","","","","","","","","","","","","","","","","","","","","","","","",80,1,"","","","","","","","","","","","",8.8,1,1018.8,1,"","","","","","",1,1,0,1,0,1,0,1,2,1,"","","","","","","","","","","","","","","","","","","","","","","","",7000,1,"","",2,1,"","","","",0,1,"","","","","","",3,1,"","","","","","","","","","","","","","","","","","","","","","","","","","","","","","","","","","","","","","","","","","","","","","","","","","","","","",""
"35049001","CANCALE",48.711667,-1.843333,40,1981041709,"","","","",7.,1,20,1,"","","","","","","","","","","","","","","","","","","","","","","","","","","","",10.5,1,6.,1,"","","","","","","","","","","","","","","","","","","","","","","","","","",75,1,"","","","","","","","","","","","",9.5,1,1019.1,1,"","","","","","",0,1,"","",0,1,0,1,0,1,"","","","","","","","","","","","","","","","","","","","","","","","",10000,1,"","",2,1,0,1,"","","","","","","","","","",3,1,"","","","","","","","","","","","","","","","","","","","","","","","","","","","","","","","","","","","","","","","","","","","","","","","","","","","","",""
"35049001","CANCALE",48.711667,-1.843333,40,1981041712,"","","","",9.,1,20,1,"","","","","","","","","","","","","","","","","","","","","","","","","","","","",11.8,1,3.6,1,"","","","","","","","","","","","","","","","","","","","","","","","","","",58,1,"","","","","","","","","","","","",8.,1,1018.6,1,"","","","","","",1,1,0,1,0,1,0,1,2,1,"","","","","","","","","","","","","","","","","","","","","","","","",18000,1,"","",2,1,0,1,"","","","","","","","","","",4,1,"","","","","","","","","","","","","","","","","","","","","","","","","","","","","","","","","","","","","","","","","","","","","","","","","","","","","",""
"35049001","CANCALE",48.711667,-1.843333,40,1981041715,"","","","",10.,1,40,1,"","","","","","","","","","","","","","","","","","","","","","","","","","","","",10.8,1,3.1,1,"","","","","","","","","","","","","","","","","","","","","","","","","","",60,1,"","","","","","","","","","","","",7.7,1,1018.,1,"","","","","","",1,1,0,1,0,1,0,1,1,1,"","","","","","","","","","","","","","","","","","","","","","","","",16000,1,"","",2,1,0,1,"","","","","","","","","","",5,1,"","","","","","","","","","","","","","","","","","","","","","","","","","","","","","","","","","","","","","","","","","","","","","","","","","","","","",""
"35049001","CANCALE",48.711667,-1.843333,40,1981041718,"","","","",12.,1,40,1,"","","","","","","","","","","","","","","","","","","","","","","","","","","","",9.8,1,2.2,1,"","","","","","","","","","","","","","","","","","","","","","","","","","",60,1,"","","","","","","","","","","","",7.2,1,1017.8,1,"","","","","","",1,1,0,1,0,1,0,1,1,1,"","","","","","","","","","","","","","","","","","","","","","","","",10000,1,"","",2,1,0,1,"","","","","","","","","","",5,1,"","","","","","","","","","","","","","","","","","","","","","","","","","","","","","","","","","","","","","","","","","","","","","","","","","","","","",""
"35049001","CANCALE",48.711667,-1.843333,40,1981041721,"","","","",13.,1,40,1,"","","","","","","","","","","","","","","","","","","","","","","","","","","","",8.1,1,3.8,1,"","","","","","","","","","","","","","","","","","","","","","","","","","",75,1,"","","","","","","","","","","","",8.1,1,1019.,1,"","","","","","",0,1,"","",0,1,0,1,0,1,"","","","","","","","","","","","","","","","","","","","","","","","",16000,1,"","",0,1,"","","","","","","","","","","","",5,1,"","","","","","","","","","","","","","","","","","","","","","","","","","","","","","","","","","","","","","","","","","","","","","","","","","","","","",""
"35049001","CANCALE",48.711667,-1.843333,40,1981041800,"","","","",10.,1,20,1,"","","","","","","","","","","","","","","","","","","","","","","","","","","","",7.8,1,3.4,1,"","","","","","","","","","","","","","","","","","","","","","","","","","",75,1,"","","","","","","","","","","","",7.9,1,1019.4,1,"","","","","","",0,1,"","",0,1,0,1,0,1,"","","","","","","","","","","","","","","","","","","","","","","","",16000,1,"","",0,1,"","","","","","","","","","","","",5,1,"","","","","","","","","","","","","","","","","","","","","","","","","","","","","","","","","","","","","","","","","","","","","","","","","","","","","",""
"35049001","CANCALE",48.711667,-1.843333,40,1981041803,"","","","",12.,1,40,1,"","","","","","","","","","","","","","","","","","","","","","","","","","","","",7.6,1,3.8,1,"","","","","","","","","","","","","","","","","","","","","","","","","","",77,1,"","","","","","","","","","","","",8.1,1,1019.8,1,"","","","","","",0,1,"","",0,1,0,1,0,1,"","","","","","","","","","","","","","","","","","","","","","","","",20000,1,"","",0,1,"","","","","","","","","","","","",5,1,"","","","","","","","","","","","","","","","","","","","","","","","","","","","","","","","","","","","","","","","","","","","","","","","","","","","","",""
"35049001","CANCALE",48.711667,-1.843333,40,1981041806,"","","","",12.,1,40,1,"","","","","","","","","","","","","","","","","","","","","","","","","","","","",5.8,1,0.4,1,"","","","","","","","","","","","","","","","","","","","","","","","","","",68,1,"","","","","","","","","","","","",6.3,1,1021.2,1,"","","","","","",0,1,"","",0,1,0,1,0,1,"","","","","","","","","","","","","","","","","","","","","","","","",16000,1,"","",2,1,"","","","",0,1,"","","","","","",5,1,"","","","","","","","","","","","","","","","","","","","","","","","","","","","","","","","","","","","","","","","","","","","","","","","","","","","","",""
"35049001","CANCALE",48.711667,-1.843333,40,1981041809,"","","","",8.,1,40,1,"","","","","","","","","","","","","","","","","","","","","","","","","","","","",7.2,1,-1.1,1,"","","","","","","","","","","","","","","","","","","","","","","","","","",55,1,"","","","","","","","","","","","",5.6,1,1022.,1,"","","","","","",0,1,"","",0,1,0,1,0,1,"","","","","","","","","","","","","","","","","","","","","","","","",18000,1,"","",2,1,0,1,"","","","","","","","","","",4,1,"","","","","","","","","","","","","","","","","","","","","","","","","","","","","","","","","","","","","","","","","","","","","","","","","","","","","",""
"35049001","CANCALE",48.711667,-1.843333,40,1981041812,"","","","",11.,1,40,1,"","","","","","","","","","","","","","","","","","","","","","","","","","","","",9.4,1,-3.1,1,"","","","","","","","","","","","","","","","","","","","","","","","","","",41,1,"","","","","","","","","","","","",4.8,1,1022.3,1,"","","","","","",0,1,"","",0,1,0,1,0,1,"","","","","","","","","","","","","","","","","","","","","","","","",25000,1,"","",2,1,0,1,"","","","","","","","","","",4,1,"","","","","","","","","","","","","","","","","","","","","","","","","","","","","","","","","","","","","","","","","","","","","","","","","","","","","",""
"35049001","CANCALE",48.711667,-1.843333,40,1981041815,"","","","",9.,1,40,1,"","","","","","","","","","","","","","","","","","","","","","","","","","","","",10.5,1,0.8,1,"","","","","","","","","","","","","","","","","","","","","","","","","","",51,1,"","","","","","","","","","","","",6.5,1,1021.9,1,"","","","","","",0,1,"","",0,1,0,1,0,1,"","","","","","","","","","","","","","","","","","","","","","","","",25000,1,"","",2,1,0,1,"","","","","","","","","","",4,1,"","","","","","","","","","","","","","","","","","","","","","","","","","","","","","","","","","","","","","","","","","","","","","","","","","","","","",""
"35049001","CANCALE",48.711667,-1.843333,40,1981041818,"","","","",11.,1,20,1,"","","","","","","","","","","","","","","","","","","","","","","","","","","","",9.3,1,1.2,1,"","","","","","","","","","","","","","","","","","","","","","","","","","",58,1,"","","","","","","","","","","","",6.7,1,1022.,1,"","","","","","",0,1,"","",0,1,0,1,0,1,"","","","","","","","","","","","","","","","","","","","","","","","",20000,1,"","",2,1,0,1,"","","","","","","","","","",4,1,"","","","","","","","","","","","","","","","","","","","","","","","","","","","","","","","","","","","","","","","","","","","","","","","","","","","","",""
"35049001","CANCALE",48.711667,-1.843333,40,1981041821,"","","","",12.,1,20,1,"","","","","","","","","","","","","","","","","","","","","","","","","","","","",7.6,1,3.3,1,"","","","","","","","","","","","","","","","","","","","","","","","","","",75,1,"","","","","","","","","","","","",7.8,1,1023.6,1,"","","","","","",0,1,"","",0,1,0,1,0,1,"","","","","","","","","","","","","","","","","","","","","","","","",25000,1,"","",0,1,"","","","","","","","","","","","",5,1,"","","","","","","","","","","","","","","","","","","","","","","","","","","","","","","","","","","","","","","","","","","","","","","","","","","","","",""
"35049001","CANCALE",48.711667,-1.843333,40,1981041900,"","","","",10.,1,40,1,"","","","","","","","","","","","","","","","","","","","","","","","","","","","",7.,1,3.6,1,"","","","","","","","","","","","","","","","","","","","","","","","","","",80,1,"","","","","","","","","","","","",8.,1,1024.2,1,"","","","","","",0,1,"","",0,1,0,1,0,1,"","","","","","","","","","","","","","","","","","","","","","","","",25000,1,"","",0,1,"","","","","","","","","","","","",4,1,"","","","","","","","","","","","","","","","","","","","","","","","","","","","","","","","","","","","","","","","","","","","","","","","","","","","","",""
"35049001","CANCALE",48.711667,-1.843333,40,1981041903,"","","","",6.,1,60,1,"","","","","","","","","","","","","","","","","","","","","","","","","","","","",6.6,1,2.7,1,"","","","","","","","","","","","","","","","","","","","","","","","","","",77,1,"","","","","","","","","","","","",7.5,1,1024.2,1,"","","","","","",0,1,"","",0,1,0,1,0,1,"","","","","","","","","","","","","","","","","","","","","","","","",25000,1,"","",0,1,"","","","","","","","","","","","",4,1,"","","","","","","","","","","","","","","","","","","","","","","","","","","","","","","","","","","","","","","","","","","","","","","","","","","","","",""
"35049001","CANCALE",48.711667,-1.843333,40,1981041906,"","","","",4.,1,360,1,"","","","","","","","","","","","","","","","","","","","","","","","","","","","",7.,1,3.6,1,"","","","","","","","","","","","","","","","","","","","","","","","","","",80,1,"","","","","","","","","","","","",8.,1,1024.2,1,"","","","","","",7,1,6,1,1,1,1,1,"","","","","","","","","","","","","","","","","","","","","","","","","","",16000,1,"","",2,1,"","","","",0,1,"","","","","","",3,1,"","","","","","","","","","","","","","","","","","","","","","","","","","","","","","","","","","","","","","","","","","","","","","","","","","","","","",""
"35049001","CANCALE",48.711667,-1.843333,40,1981041909,"","","","",6.,1,320,1,"","","","","","","","","","","","","","","","","","","","","","","","","","","","",9.3,1,4.,1,"","","","","","","","","","","","","","","","","","","","","","","","","","",70,1,"","","","","","","","","","","","",8.2,1,1023.8,1,"","","","","","",3,1,0,1,1,1,0,1,0,1,"","","","","","","","","","","","","","","","","","","","","","","","",16000,1,"","",1,1,1,1,"","","","","","","","","","",3,1,"","","","","","","","","","","","","","","","","","","","","","","","","","","","","","","","","","","","","","","","","","","","","","","","","","","","","",""
"35049001","CANCALE",48.711667,-1.843333,40,1981041912,"","","","",5.,1,320,1,"","","","","","","","","","","","","","","","","","","","","","","","","","","","",10.9,1,4.1,1,"","","","","","","","","","","","","","","","","","","","","","","","","","",64,1,"","","","","","","","","","","","",8.3,1,1023.4,1,"","","","","","",3,1,0,1,1,1,0,1,1,1,"","","","","","","","","","","","","","","","","","","","","","","","",18000,1,"","",2,1,1,1,"","","","","","","","","","",3,1,"","","","","","","","","","","","","","","","","","","","","","","","","","","","","","","","","","","","","","","","","","","","","","","","","","","","","",""
"35049001","CANCALE",48.711667,-1.843333,40,1981041915,"","","","",10.,1,320,1,"","","","","","","","","","","","","","","","","","","","","","","","","","","","",9.1,1,2.4,1,"","","","","","","","","","","","","","","","","","","","","","","","","","",63,1,"","","","","","","","","","","","",7.3,1,1022.2,1,"","","","","","",7,1,7,1,8,1,"","","","","","","","","","","","","","","","","","","","","","","","","","","","",18000,1,"","",2,1,1,1,"","","","","","","","","","",4,1,"","","","","","","","","","","","","","","","","","","","","","","","","","","","","","","","","","","","","","","","","","","","","","","","","","","","","",""
"35049001","CANCALE",48.711667,-1.843333,40,1981041918,"","","","",8.,1,340,1,"","","","","","","","","","","","","","","","","","","","","","","","","","","","",8.5,1,5.3,1,"","","","","","","","","","","","","","","","","","","","","","","","","","",81,1,"","","","","","","","","","","","",9.,1,1022.,1,"","","","","","",7,1,7,1,2,1,"","","","","","","","","","","","","","","","","","","","","","","","","","","","",18000,1,"","",2,1,1,1,"","","","","","","","","","",3,1,"","","","","","","","","","","","","","","","","","","","","","","","","","","","","","","","","","","","","","","","","","","","","","","","","","","","","",""
"35049001","CANCALE",48.711667,-1.843333,40,1981041921,"","","","",9.,1,320,1,"","","","","","","","","","","","","","","","","","","","","","","","","","","","",7.7,1,6.2,1,"","","","","","","","","","","","","","","","","","","","","","","","","","",91,1,"","","","","","","","","","","","",9.6,1,1022.3,1,"","","","","","",2,1,0,1,1,1,0,1,0,1,"","","","","","","","","","","","","","","","","","","","","","","","",25000,1,"","",0,1,"","","","","","","","","","","","",4,1,"","","","","","","","","","","","","","","","","","","","","","","","","","","","","","","","","","","","","","","","","","","","","","","","","","","","","",""
"35049001","CANCALE",48.711667,-1.843333,40,1981042000,"","","","",5.,1,40,1,"","","","","","","","","","","","","","","","","","","","","","","","","","","","",6.2,1,4.5,1,"","","","","","","","","","","","","","","","","","","","","","","","","","",90,1,"","","","","","","","","","","","",8.5,1,1022.3,1,"","","","","","",5,1,5,1,5,1,0,1,0,1,"","","","","","","","","","","","","","","","","","","","","","","","",25000,1,"","",0,1,"","","","","","","","","","","","",3,1,"","","","","","","","","","","","","","","","","","","","","","","","","","","","","","","","","","","","","","","","","","","","","","","","","","","","","",""
"35049001","CANCALE",48.711667,-1.843333,40,1981042003,"","","","",10.,1,340,1,"","","","","","","","","","","","","","","","","","","","","","","","","","","","",7.,1,5.7,1,"","","","","","","","","","","","","","","","","","","","","","","","","","",93,1,"","","","","","","","","","","","",9.3,1,1022.3,1,"","","","","","",4,1,0,1,2,1,0,1,0,1,"","","","","","","","","","","","","","","","","","","","","","","","",25000,1,"","",0,1,"","","","","","","","","","","","",3,1,"","","","","","","","","","","","","","","","","","","","","","","","","","","","","","","","","","","","","","","","","","","","","","","","","","","","","",""
"35049001","CANCALE",48.711667,-1.843333,40,1981042006,"","","","",10.,1,20,1,"","","","","","","","","","","","","","","","","","","","","","","","","","","","",5.2,1,4.3,1,"","","","","","","","","","","","","","","","","","","","","","","","","","",95,1,"","","","","","","","","","","","",8.4,1,1022.3,1,"","","","","","",8,1,8,1,7,1,"","","","","","","","","","","","","","","","","","","","","","","","","","","","",9000,1,"","",63,1,"","","","",1,1,"","","","","","",4,1,"","","","","","","","","","","","","","","","","","","","","","","","","","","","","","","","","","","","","","","","","","","","","","","","","","","","","",""
"35049001","CANCALE",48.711667,-1.843333,40,1981042009,"","","","",14.,1,40,1,"","","","","","","","","","","","","","","","","","","","","","","","","","","","",5.8,1,4.9,1,"","","","","","","","","","","","","","","","","","","","","","","","","","",95,1,"","","","","","","","","","","","",8.8,1,1023.6,1,"","","","","","",8,1,8,1,7,1,"","","","","","","","","","","","","","","","","","","","","","","","","","","","",8000,1,"","",63,1,6,1,"","","","","","","","","","",4,1,"","","","","","","","","","","","","","","","","","","","","","","","","","","","","","","","","","","","","","","","","","","","","","","","","","","","","",""
"35049001","CANCALE",48.711667,-1.843333,40,1981042012,"","","","",13.,1,360,1,"","","","","","","","","","","","","","","","","","","","","","","","","","","","",8.5,1,7.6,1,"","","","","","","","","","","","","","","","","","","","","","","","","","",96,1,"","","","","","","","","","","","",10.6,1,1024.,1,"","","","","","",8,1,8,1,7,1,"","","","","","","","","","","","","","","","","","","","","","","","","","","","",10000,1,"","",2,1,6,1,"","","","","","","","","","",4,1,"","","","","","","","","","","","","","","","","","","","","","","","","","","","","","","","","","","","","","","","","","","","","","","","","","","","","",""
"35049001","CANCALE",48.711667,-1.843333,40,1981042015,"","","","",13.,1,20,1,"","","","","","","","","","","","","","","","","","","","","","","","","","","","",9.2,1,8.5,1,"","","","","","","","","","","","","","","","","","","","","","","","","","",97,1,"","","","","","","","","","","","",11.3,1,1024.7,1,"","","","","","",7,1,7,1,5,1,"","","","","","","","","","","","","","","","","","","","","","","","","","","","",10000,1,"","",2,1,2,1,"","","","","","","","","","",4,1,"","","","","","","","","","","","","","","","","","","","","","","","","","","","","","","","","","","","","","","","","","","","","","","","","","","","","",""
"35049001","CANCALE",48.711667,-1.843333,40,1981042018,"","","","",12.,1,20,1,"","","","","","","","","","","","","","","","","","","","","","","","","","","","",9.,1,8.,1,"","","","","","","","","","","","","","","","","","","","","","","","","","",95,1,"","","","","","","","","","","","",10.9,1,1025.6,1,"","","","","","",2,1,0,1,1,1,0,1,0,1,"","","","","","","","","","","","","","","","","","","","","","","","",11000,1,"","",1,1,1,1,"","","","","","","","","","",4,1,"","","","","","","","","","","","","","","","","","","","","","","","","","","","","","","","","","","","","","","","","","","","","","","","","","","","","",""
"35049001","CANCALE",48.711667,-1.843333,40,1981042021,"","","","",12.,1,20,1,"","","","","","","","","","","","","","","","","","","","","","","","","","","","",8.,1,5.6,1,"","","","","","","","","","","","","","","","","","","","","","","","","","",86,1,"","","","","","","","","","","","",9.2,1,1028.3,1,"","","","","","",0,1,"","",0,1,0,1,0,1,"","","","","","","","","","","","","","","","","","","","","","","","",13000,1,"","",0,1,"","","","","","","","","","","","",4,1,"","","","","","","","","","","","","","","","","","","","","","","","","","","","","","","","","","","","","","","","","","","","","","","","","","","","","",""
"35049001","CANCALE",48.711667,-1.843333,40,1981042100,"","","","",11.,1,40,1,"","","","","","","","","","","","","","","","","","","","","","","","","","","","",7.5,1,4.,1,"","","","","","","","","","","","","","","","","","","","","","","","","","",79,1,"","","","","","","","","","","","",8.2,1,1028.7,1,"","","","","","",0,1,"","",0,1,0,1,0,1,"","","","","","","","","","","","","","","","","","","","","","","","",14000,1,"","",0,1,"","","","","","","","","","","","",4,1,"","","","","","","","","","","","","","","","","","","","","","","","","","","","","","","","","","","","","","","","","","","","","","","","","","","","","",""
"35049001","CANCALE",48.711667,-1.843333,40,1981042103,"","","","",8.,1,40,1,"","","","","","","","","","","","","","","","","","","","","","","","","","","","",7.,1,3.3,1,"","","","","","","","","","","","","","","","","","","","","","","","","","",78,1,"","","","","","","","","","","","",7.8,1,1028.5,1,"","","","","","",1,1,0,1,1,1,0,1,0,1,"","","","","","","","","","","","","","","","","","","","","","","","",20000,1,"","",0,1,"","","","","","","","","","","","",3,1,"","","","","","","","","","","","","","","","","","","","","","","","","","","","","","","","","","","","","","","","","","","","","","","","","","","","","",""
"35049001","CANCALE",48.711667,-1.843333,40,1981042106,"","","","",9.,1,20,1,"","","","","","","","","","","","","","","","","","","","","","","","","","","","",7.4,1,3.6,1,"","","","","","","","","","","","","","","","","","","","","","","","","","",77,1,"","","","","","","","","","","","",8.,1,1028.8,1,"","","","","","",2,1,0,1,1,1,0,1,1,1,"","","","","","","","","","","","","","","","","","","","","","","","",20000,1,"","",2,1,"","","","",0,1,"","","","","","",3,1,"","","","","","","","","","","","","","","","","","","","","","","","","","","","","","","","","","","","","","","","","","","","","","","","","","","","","",""
"35049001","CANCALE",48.711667,-1.843333,40,1981042109,"","","","",6.,1,360,1,"","","","","","","","","","","","","","","","","","","","","","","","","","","","",8.8,1,3.1,1,"","","","","","","","","","","","","","","","","","","","","","","","","","",68,1,"","","","","","","","","","","","",7.7,1,1029.6,1,"","","","","","",5,1,0,1,2,1,0,1,2,1,"","","","","","","","","","","","","","","","","","","","","","","","",22000,1,"","",2,1,1,1,"","","","","","","","","","",3,1,"","","","","","","","","","","","","","","","","","","","","","","","","","","","","","","","","","","","","","","","","","","","","","","","","","","","","",""
"35049001","CANCALE",48.711667,-1.843333,40,1981042112,"","","","",6.,1,320,1,"","","","","","","","","","","","","","","","","","","","","","","","","","","","",9.7,1,3.4,1,"","","","","","","","","","","","","","","","","","","","","","","","","","",66,1,"","","","","","","","","","","","",7.9,1,1029.5,1,"","","","","","",4,1,0,1,2,1,0,1,2,1,"","","","","","","","","","","","","","","","","","","","","","","","",22000,1,"","",2,1,1,1,"","","","","","","","","","",3,1,"","","","","","","","","","","","","","","","","","","","","","","","","","","","","","","","","","","","","","","","","","","","","","","","","","","","","",""
"35049001","CANCALE",48.711667,-1.843333,40,1981042115,"","","","",6.,1,40,1,"","","","","","","","","","","","","","","","","","","","","","","","","","","","",9.6,1,3.6,1,"","","","","","","","","","","","","","","","","","","","","","","","","","",67,1,"","","","","","","","","","","","",8.,1,1027.7,1,"","","","","","",3,1,0,1,1,1,0,1,2,1,"","","","","","","","","","","","","","","","","","","","","","","","",22000,1,"","",2,1,0,1,"","","","","","","","","","",3,1,"","","","","","","","","","","","","","","","","","","","","","","","","","","","","","","","","","","","","","","","","","","","","","","","","","","","","",""
"35049001","CANCALE",48.711667,-1.843333,40,1981042118,"","","","",9.,1,40,1,"","","","","","","","","","","","","","","","","","","","","","","","","","","","",8.,1,2.,1,"","","","","","","","","","","","","","","","","","","","","","","","","","",66,1,"","","","","","","","","","","","",7.1,1,1026.9,1,"","","","","","",6,1,6,1,5,1,0,1,0,1,"","","","","","","","","","","","","","","","","","","","","","","","",22000,1,"","",3,1,1,1,"","","","","","","","","","",4,1,"","","","","","","","","","","","","","","","","","","","","","","","","","","","","","","","","","","","","","","","","","","","","","","","","","","","","",""
"35049001","CANCALE",48.711667,-1.843333,40,1981042121,"","","","",9.,1,60,1,"","","","","","","","","","","","","","","","","","","","","","","","","","","","",7.,1,3.1,1,"","","","","","","","","","","","","","","","","","","","","","","","","","",77,1,"","","","","","","","","","","","",7.7,1,1026.9,1,"","","","","","",0,1,"","",0,1,0,1,0,1,"","","","","","","","","","","","","","","","","","","","","","","","",28000,1,"","",0,1,"","","","","","","","","","","","",4,1,"","","","","","","","","","","","","","","","","","","","","","","","","","","","","","","","","","","","","","","","","","","","","","","","","","","","","",""
"35049001","CANCALE",48.711667,-1.843333,40,1981042200,"","","","",6.,1,60,1,"","","","","","","","","","","","","","","","","","","","","","","","","","","","",6.6,1,2.7,1,"","","","","","","","","","","","","","","","","","","","","","","","","","",77,1,"","","","","","","","","","","","",7.5,1,1026.8,1,"","","","","","",3,1,0,1,0,1,0,1,2,1,"","","","","","","","","","","","","","","","","","","","","","","","",16000,1,"","",0,1,"","","","","","","","","","","","",3,1,"","","","","","","","","","","","","","","","","","","","","","","","","","","","","","","","","","","","","","","","","","","","","","","","","","","","","",""
"35049001","CANCALE",48.711667,-1.843333,40,1981042203,"","","","",7.,1,40,1,"","","","","","","","","","","","","","","","","","","","","","","","","","","","",7.2,1,1.8,1,"","","","","","","","","","","","","","","","","","","","","","","","","","",69,1,"","","","","","","","","","","","",7.,1,1025.1,1,"","","","","","",8,1,8,1,5,1,"","","","","","","","","","","","","","","","","","","","","","","","","","","","",25000,1,"","",0,1,"","","","","","","","","","","","",3,1,"","","","","","","","","","","","","","","","","","","","","","","","","","","","","","","","","","","","","","","","","","","","","","","","","","","","","",""
"35049001","CANCALE",48.711667,-1.843333,40,1981042206,"","","","",7.,1,60,1,"","","","","","","","","","","","","","","","","","","","","","","","","","","","",7.3,1,1.8,1,"","","","","","","","","","","","","","","","","","","","","","","","","","",69,1,"","","","","","","","","","","","",7.,1,1024.7,1,"","","","","","",8,1,8,1,5,1,"","","","","","","","","","","","","","","","","","","","","","","","","","","","",18000,1,"","",2,1,"","","","",0,1,"","","","","","",3,1,"","","","","","","","","","","","","","","","","","","","","","","","","","","","","","","","","","","","","","","","","","","","","","","","","","","","","",""
"35049001","CANCALE",48.711667,-1.843333,40,1981042209,"","","","",4.,1,80,1,"","","","","","","","","","","","","","","","","","","","","","","","","","","","",7.4,1,2.2,1,"","","","","","","","","","","","","","","","","","","","","","","","","","",71,1,"","","","","","","","","","","","",7.2,1,1024.,1,"","","","","","",8,1,8,1,5,1,"","","","","","","","","","","","","","","","","","","","","","","","","","","","",16000,1,"","",2,1,2,1,"","","","","","","","","","",3,1,"","","","","","","","","","","","","","","","","","","","","","","","","","","","","","","","","","","","","","","","","","","","","","","","","","","","","",""
"35049001","CANCALE",48.711667,-1.843333,40,1981042212,"","","","",3.,1,60,1,"","","","","","","","","","","","","","","","","","","","","","","","","","","","",8.3,1,1.8,1,"","","","","","","","","","","","","","","","","","","","","","","","","","",64,1,"","","","","","","","","","","","",7.,1,1022.8,1,"","","","","","",8,1,8,1,5,1,"","","","","","","","","","","","","","","","","","","","","","","","","","","","",18000,1,"","",2,1,2,1,"","","","","","","","","","",2,1,"","","","","","","","","","","","","","","","","","","","","","","","","","","","","","","","","","","","","","","","","","","","","","","","","","","","","",""
"35049001","CANCALE",48.711667,-1.843333,40,1981042215,"","","","",4.,1,320,1,"","","","","","","","","","","","","","","","","","","","","","","","","","","","",9.8,1,2.5,1,"","","","","","","","","","","","","","","","","","","","","","","","","","",61,1,"","","","","","","","","","","","",7.4,1,1020.4,1,"","","","","","",2,1,0,1,5,1,0,1,0,1,"","","","","","","","","","","","","","","","","","","","","","","","",20000,1,"","",1,1,1,1,"","","","","","","","","","",2,1,"","","","","","","","","","","","","","","","","","","","","","","","","","","","","","","","","","","","","","","","","","","","","","","","","","","","","",""
"35049001","CANCALE",48.711667,-1.843333,40,1981042218,"","","","",7.,1,300,1,"","","","","","","","","","","","","","","","","","","","","","","","","","","","",9.5,1,4.,1,"","","","","","","","","","","","","","","","","","","","","","","","","","",69,1,"","","","","","","","","","","","",8.2,1,1018.4,1,"","","","","","",2,1,0,1,0,1,0,1,2,1,"","","","","","","","","","","","","","","","","","","","","","","","",20000,1,"","",2,1,1,1,"","","","","","","","","","",2,1,"","","","","","","","","","","","","","","","","","","","","","","","","","","","","","","","","","","","","","","","","","","","","","","","","","","","","",""
"35049001","CANCALE",48.711667,-1.843333,40,1981042221,"","","","",8.,1,40,1,"","","","","","","","","","","","","","","","","","","","","","","","","","","","",6.9,1,2.7,1,"","","","","","","","","","","","","","","","","","","","","","","","","","",76,1,"","","","","","","","","","","","",7.5,1,1018.1,1,"","","","","","",0,1,"","",0,1,0,1,0,1,"","","","","","","","","","","","","","","","","","","","","","","","",20000,1,"","",0,1,"","","","","","","","","","","","",2,1,"","","","","","","","","","","","","","","","","","","","","","","","","","","","","","","","","","","","","","","","","","","","","","","","","","","","","",""
"35049001","CANCALE",48.711667,-1.843333,40,1981042300,"","","","",5.,1,60,1,"","","","","","","","","","","","","","","","","","","","","","","","","","","","",6.2,1,3.3,1,"","","","","","","","","","","","","","","","","","","","","","","","","","",82,1,"","","","","","","","","","","","",7.8,1,1017.5,1,"","","","","","",0,1,"","",0,1,0,1,0,1,"","","","","","","","","","","","","","","","","","","","","","","","",25000,1,"","",0,1,"","","","","","","","","","","","",2,1,"","","","","","","","","","","","","","","","","","","","","","","","","","","","","","","","","","","","","","","","","","","","","","","","","","","","","",""
"35049001","CANCALE",48.711667,-1.843333,40,1981042303,"","","","",4.,1,40,1,"","","","","","","","","","","","","","","","","","","","","","","","","","","","",6.,1,2.9,1,"","","","","","","","","","","","","","","","","","","","","","","","","","",82,1,"","","","","","","","","","","","",7.6,1,1016.8,1,"","","","","","",0,1,"","",0,1,0,1,0,1,"","","","","","","","","","","","","","","","","","","","","","","","",25000,1,"","",0,1,"","","","","","","","","","","","",2,1,"","","","","","","","","","","","","","","","","","","","","","","","","","","","","","","","","","","","","","","","","","","","","","","","","","","","","",""
"35049001","CANCALE",48.711667,-1.843333,40,1981042306,"","","","",4.,1,60,1,"","","","","","","","","","","","","","","","","","","","","","","","","","","","",6.3,1,3.8,1,"","","","","","","","","","","","","","","","","","","","","","","","","","",85,1,"","","","","","","","","","","","",8.1,1,1015.9,1,"","","","","","",1,1,0,1,0,1,0,1,1,1,"","","","","","","","","","","","","","","","","","","","","","","","",16000,1,"","",2,1,"","","","",0,1,"","","","","","",2,1,"","","","","","","","","","","","","","","","","","","","","","","","","","","","","","","","","","","","","","","","","","","","","","","","","","","","","",""
"35049001","CANCALE",48.711667,-1.843333,40,1981042309,"","","","",3.,1,40,1,"","","","","","","","","","","","","","","","","","","","","","","","","","","","",9.2,1,4.6,1,"","","","","","","","","","","","","","","","","","","","","","","","","","",74,1,"","","","","","","","","","","","",8.6,1,1015.6,1,"","","","","","",2,1,0,1,1,1,0,1,1,1,"","","","","","","","","","","","","","","","","","","","","","","","",16000,1,"","",2,1,0,1,"","","","","","","","","","",2,1,"","","","","","","","","","","","","","","","","","","","","","","","","","","","","","","","","","","","","","","","","","","","","","","","","","","","","",""
"35049001","CANCALE",48.711667,-1.843333,40,1981042312,"","","","",8.,1,40,1,"","","","","","","","","","","","","","","","","","","","","","","","","","","","",9.6,1,6.,1,"","","","","","","","","","","","","","","","","","","","","","","","","","",79,1,"","","","","","","","","","","","",9.5,1,1015.5,1,"","","","","","",1,1,0,1,2,1,0,1,0,1,"","","","","","","","","","","","","","","","","","","","","","","","",12000,1,"","",2,1,0,1,"","","","","","","","","","",3,1,"","","","","","","","","","","","","","","","","","","","","","","","","","","","","","","","","","","","","","","","","","","","","","","","","","","","","",""
"35049001","CANCALE",48.711667,-1.843333,40,1981042315,"","","","",4.,1,60,1,"","","","","","","","","","","","","","","","","","","","","","","","","","","","",9.8,1,4.3,1,"","","","","","","","","","","","","","","","","","","","","","","","","","",70,1,"","","","","","","","","","","","",8.4,1,1015.2,1,"","","","","","",1,1,0,1,1,1,0,1,0,1,"","","","","","","","","","","","","","","","","","","","","","","","",20000,1,"","",2,1,0,1,"","","","","","","","","","",2,1,"","","","","","","","","","","","","","","","","","","","","","","","","","","","","","","","","","","","","","","","","","","","","","","","","","","","","",""
"35049001","CANCALE",48.711667,-1.843333,40,1981042318,"","","","",8.,1,60,1,"","","","","","","","","","","","","","","","","","","","","","","","","","","","",9.8,1,2.,1,"","","","","","","","","","","","","","","","","","","","","","","","","","",58,1,"","","","","","","","","","","","",7.1,1,1014.4,1,"","","","","","",2,1,0,1,1,1,0,1,1,1,"","","","","","","","","","","","","","","","","","","","","","","","",28000,1,"","",2,1,0,1,"","","","","","","","","","",3,1,"","","","","","","","","","","","","","","","","","","","","","","","","","","","","","","","","","","","","","","","","","","","","","","","","","","","","",""
"35049001","CANCALE",48.711667,-1.843333,40,1981042321,"","","","",10.,1,60,1,"","","","","","","","","","","","","","","","","","","","","","","","","","","","",7.1,1,1.4,1,"","","","","","","","","","","","","","","","","","","","","","","","","","",67,1,"","","","","","","","","","","","",6.8,1,1014.8,1,"","","","","","",0,1,"","",0,1,0,1,0,1,"","","","","","","","","","","","","","","","","","","","","","","","",28000,1,"","",0,1,"","","","","","","","","","","","",4,1,"","","","","","","","","","","","","","","","","","","","","","","","","","","","","","","","","","","","","","","","","","","","","","","","","","","","","",""
"35049001","CANCALE",48.711667,-1.843333,40,1981042400,"","","","",7.,1,100,1,"","","","","","","","","","","","","","","","","","","","","","","","","","","","",6.,1,2.5,1,"","","","","","","","","","","","","","","","","","","","","","","","","","",80,1,"","","","","","","","","","","","",7.4,1,1014.,1,"","","","","","",0,1,"","",0,1,0,1,0,1,"","","","","","","","","","","","","","","","","","","","","","","","",30000,1,"","",0,1,"","","","","","","","","","","","",3,1,"","","","","","","","","","","","","","","","","","","","","","","","","","","","","","","","","","","","","","","","","","","","","","","","","","","","","",""
"35049001","CANCALE",48.711667,-1.843333,40,1981042403,"","","","",8.,1,120,1,"","","","","","","","","","","","","","","","","","","","","","","","","","","","",4.8,1,0.1,1,"","","","","","","","","","","","","","","","","","","","","","","","","","",72,1,"","","","","","","","","","","","",6.2,1,1012.7,1,"","","","","","",0,1,"","",0,1,0,1,0,1,"","","","","","","","","","","","","","","","","","","","","","","","",30000,1,"","",0,1,"","","","","","","","","","","","",3,1,"","","","","","","","","","","","","","","","","","","","","","","","","","","","","","","","","","","","","","","","","","","","","","","","","","","","","",""
"35049001","CANCALE",48.711667,-1.843333,40,1981042406,"","","","",7.,1,160,1,"","","","","","","","","","","","","","","","","","","","","","","","","","","","",3.9,1,-1.1,1,"","","","","","","","","","","","","","","","","","","","","","","","","","",69,1,"","","","","","","","","","","","",5.6,1,1012.5,1,"","","","","","",3,1,0,1,0,1,4,1,1,1,"","","","","","","","","","","","","","","","","","","","","","","","",16000,1,"","",2,1,"","","","",0,1,"","","","","","",3,1,"","","","","","","","","","","","","","","","","","","","","","","","","","","","","","","","","","","","","","","","","","","","","","","","","","","","","",""
"35049001","CANCALE",48.711667,-1.843333,40,1981042409,"","","","",7.,1,160,1,"","","","","","","","","","","","","","","","","","","","","","","","","","","","",6.5,1,-1.1,1,"","","","","","","","","","","","","","","","","","","","","","","","","","",58,1,"","","","","","","","","","","","",5.6,1,1011.5,1,"","","","","","",8,1,8,1,5,1,"","","","","","","","","","","","","","","","","","","","","","","","","","","","",17000,1,"","",3,1,1,1,"","","","","","","","","","",3,1,"","","","","","","","","","","","","","","","","","","","","","","","","","","","","","","","","","","","","","","","","","","","","","","","","","","","","",""
"35049001","CANCALE",48.711667,-1.843333,40,1981042412,"","","","",6.,1,200,1,"","","","","","","","","","","","","","","","","","","","","","","","","","","","",8.8,1,-0.4,1,"","","","","","","","","","","","","","","","","","","","","","","","","","",52,1,"","","","","","","","","","","","",5.9,1,1009.8,1,"","","","","","",8,1,8,1,5,1,"","","","","","","","","","","","","","","","","","","","","","","","","","","","",16000,1,"","",2,1,1,1,"","","","","","","","","","",2,1,"","","","","","","","","","","","","","","","","","","","","","","","","","","","","","","","","","","","","","","","","","","","","","","","","","","","","",""
"35049001","CANCALE",48.711667,-1.843333,40,1981042415,"","","","",8.,1,220,1,"","","","","","","","","","","","","","","","","","","","","","","","","","","","",11.4,1,2.5,1,"","","","","","","","","","","","","","","","","","","","","","","","","","",55,1,"","","","","","","","","","","","",7.4,1,1007.2,1,"","","","","","",7,1,7,1,5,1,"","","","","","","","","","","","","","","","","","","","","","","","","","","","",16000,1,"","",2,1,2,1,"","","","","","","","","","",3,1,"","","","","","","","","","","","","","","","","","","","","","","","","","","","","","","","","","","","","","","","","","","","","","","","","","","","","",""
"35049001","CANCALE",48.711667,-1.843333,40,1981042418,"","","","",6.,1,200,1,"","","","","","","","","","","","","","","","","","","","","","","","","","","","",11.2,1,5.3,1,"","","","","","","","","","","","","","","","","","","","","","","","","","",68,1,"","","","","","","","","","","","",9.,1,1005.6,1,"","","","","","",8,1,8,1,5,1,"","","","","","","","","","","","","","","","","","","","","","","","","","","","",10000,1,"","",2,1,2,1,"","","","","","","","","","",3,1,"","","","","","","","","","","","","","","","","","","","","","","","","","","","","","","","","","","","","","","","","","","","","","","","","","","","","",""
"35049001","CANCALE",48.711667,-1.843333,40,1981042421,"","","","",10.,1,260,1,"","","","","","","","","","","","","","","","","","","","","","","","","","","","",8.5,1,5.3,1,"","","","","","","","","","","","","","","","","","","","","","","","","","",81,1,"","","","","","","","","","","","",9.,1,1005.8,1,"","","","","","",8,1,8,1,5,1,"","","","","","","","","","","","","","","","","","","","","","","","","","","","",25000,1,"","",0,1,"","","","","","","","","","","","",3,1,"","","","","","","","","","","","","","","","","","","","","","","","","","","","","","","","","","","","","","","","","","","","","","","","","","","","","",""
"35049001","CANCALE",48.711667,-1.843333,40,1981042500,"","","","",9.,1,280,1,"","","","","","","","","","","","","","","","","","","","","","","","","","","","",7.8,1,2.5,1,"","","","","","","","","","","","","","","","","","","","","","","","","","",70,1,"","","","","","","","","","","","",7.4,1,1005.8,1,"","","","","","",8,1,8,1,5,1,"","","","","","","","","","","","","","","","","","","","","","","","","","","","",30000,1,"","",0,1,"","","","","","","","","","","","",3,1,"","","","","","","","","","","","","","","","","","","","","","","","","","","","","","","","","","","","","","","","","","","","","","","","","","","","","",""
"35049001","CANCALE",48.711667,-1.843333,40,1981042503,"","","","",6.,1,260,1,"","","","","","","","","","","","","","","","","","","","","","","","","","","","",5.2,1,3.4,1,"","","","","","","","","","","","","","","","","","","","","","","","","","",89,1,"","","","","","","","","","","","",7.9,1,1004.7,1,"","","","","","",8,1,7,1,7,1,"","","","","","","","","","","","","","","","","","","","","","","","","","","","",10000,1,"","",61,1,"","","","","","","","","","","","",3,1,"","","","","","","","","","","","","","","","","","","","","","","","","","","","","","","","","","","","","","","","","","","","","","","","","","","","","",""
"35049001","CANCALE",48.711667,-1.843333,40,1981042506,"","","","",8.,1,280,1,"","","","","","","","","","","","","","","","","","","","","","","","","","","","",4.5,1,2.,1,"","","","","","","","","","","","","","","","","","","","","","","","","","",84,1,"","","","","","","","","","","","",7.1,1,1004.,1,"","","","","","",8,1,8,1,7,1,"","","","","","","","","","","","","","","","","","","","","","","","","","","","",12000,1,"","",61,1,"","","","",1,1,"","","","","","",3,1,"","","","","","","","","","","","","","","","","","","","","","","","","","","","","","","","","","","","","","","","","","","","","","","","","","","","","",""
"35049001","CANCALE",48.711667,-1.843333,40,1981042509,"","","","",3.,1,180,1,"","","","","","","","","","","","","","","","","","","","","","","","","","","","",4.5,1,3.1,1,"","","","","","","","","","","","","","","","","","","","","","","","","","",92,1,"","","","","","","","","","","","",7.7,1,1002.6,1,"","","","","","",8,1,0,1,2,1,7,1,"","","","","","","","","","","","","","","","","","","","","","","","","","",18000,1,"","",2,1,6,1,"","","","","","","","","","",2,1,"","","","","","","","","","","","","","","","","","","","","","","","","","","","","","","","","","","","","","","","","","","","","","","","","","","","","",""
"35049001","CANCALE",48.711667,-1.843333,40,1981042512,"","","","",5.,1,280,1,"","","","","","","","","","","","","","","","","","","","","","","","","","","","",8.5,1,3.1,1,"","","","","","","","","","","","","","","","","","","","","","","","","","",69,1,"","","","","","","","","","","","",7.7,1,1002.2,1,"","","","","","",6,1,0,1,2,1,6,1,1,1,"","","","","","","","","","","","","","","","","","","","","","","","",30000,1,"","",1,1,6,1,"","","","","","","","","","",2,1,"","","","","","","","","","","","","","","","","","","","","","","","","","","","","","","","","","","","","","","","","","","","","","","","","","","","","",""
"35049001","CANCALE",48.711667,-1.843333,40,1981042515,"","","","",5.,1,240,1,"","","","","","","","","","","","","","","","","","","","","","","","","","","","",5.5,1,2.9,1,"","","","","","","","","","","","","","","","","","","","","","","","","","",85,1,"","","","","","","","","","","","",7.6,1,1002.4,1,"","","","","","",8,1,8,1,7,1,"","","","","","","","","","","","","","","","","","","","","","","","","","","","",15000,1,"","",61,1,6,1,"","","","","","","","","","",2,1,"","","","","","","","","","","","","","","","","","","","","","","","","","","","","","","","","","","","","","","","","","","","","","","","","","","","","",""
"35049001","CANCALE",48.711667,-1.843333,40,1981042518,"","","","",4.,1,60,1,"","","","","","","","","","","","","","","","","","","","","","","","","","","","",6.,1,3.4,1,"","","","","","","","","","","","","","","","","","","","","","","","","","",85,1,"","","","","","","","","","","","",7.9,1,1002.7,1,"","","","","","",7,1,5,1,2,1,6,1,"","","","","","","","","","","","","","","","","","","","","","","","","","",30000,1,"","",2,1,6,1,"","","","","","","","","","",2,1,"","","","","","","","","","","","","","","","","","","","","","","","","","","","","","","","","","","","","","","","","","","","","","","","","","","","","",""
"35049001","CANCALE",48.711667,-1.843333,40,1981042521,"","","","",5.,1,80,1,"","","","","","","","","","","","","","","","","","","","","","","","","","","","",5.5,1,3.4,1,"","","","","","","","","","","","","","","","","","","","","","","","","","",88,1,"","","","","","","","","","","","",7.9,1,1004.3,1,"","","","","","",8,1,8,1,5,1,"","","","","","","","","","","","","","","","","","","","","","","","","","","","",22000,1,"","",0,1,"","","","","","","","","","","","",2,1,"","","","","","","","","","","","","","","","","","","","","","","","","","","","","","","","","","","","","","","","","","","","","","","","","","","","","",""
"35049001","CANCALE",48.711667,-1.843333,40,1981042600,"","","","",10.,1,280,1,"","","","","","","","","","","","","","","","","","","","","","","","","","","","",5.4,1,3.8,1,"","","","","","","","","","","","","","","","","","","","","","","","","","",90,1,"","","","","","","","","","","","",8.1,1,1005.4,1,"","","","","","",8,1,8,1,9,1,"","","","","","","","","","","","","","","","","","","","","","","","","","","","",15000,1,"","",89,1,"","","","","","","","","","","","",3,1,"","","","","","","","","","","","","","","","","","","","","","","","","","","","","","","","","","","","","","","","","","","","","","","","","","","","","",""
"35049001","CANCALE",48.711667,-1.843333,40,1981042603,"","","","",14.,1,300,1,"","","","","","","","","","","","","","","","","","","","","","","","","","","","",5.5,1,2.6,1,"","","","","","","","","","","","","","","","","","","","","","","","","","",82,1,"","","","","","","","","","","","",7.4,1,1003.5,1,"","","","","","",8,1,8,1,9,1,"","","","","","","","","","","","","","","","","","","","","","","","","","","","",20000,1,"","",89,1,"","","","","","","","","","","","",4,1,"","","","","","","","","","","","","","","","","","","","","","","","","","","","","","","","","","","","","","","","","","","","","","","","","","","","","",""
"35049001","CANCALE",48.711667,-1.843333,40,1981042606,"","","","",16.,1,300,1,"","","","","","","","","","","","","","","","","","","","","","","","","","","","",4.,1,2.8,1,"","","","","","","","","","","","","","","","","","","","","","","","","","",92,1,"","","","","","","","","","","","",7.5,1,1003.6,1,"","","","","","",8,1,8,1,7,1,"","","","","","","","","","","","","","","","","","","","","","","","","","","","",10000,1,"","",61,1,"","","","",2,1,"","","","","","",5,1,"","","","","","","","","","","","","","","","","","","","","","","","","","","","","","","","","","","","","","","","","","","","","","","","","","","","","",""
"35049001","CANCALE",48.711667,-1.843333,40,1981042609,"","","","",21.,1,300,1,"","","","","","","","","","","","","","","","","","","","","","","","","","","","",4.3,1,3.,1,"","","","","","","","","","","","","","","","","","","","","","","","","","",92,1,"","","","","","","","","","","","",7.6,1,1002.2,1,"","","","","","",8,1,8,1,7,1,"","","","","","","","","","","","","","","","","","","","","","","","","","","","",9000,1,"","",63,1,6,1,"","","","","","","","","","",6,1,"","","","","","","","","","","","","","","","","","","","","","","","","","","","","","","","","","","","","","","","","","","","","","","","","","","","","",""
"35049001","CANCALE",48.711667,-1.843333,40,1981042612,"","","","",14.,1,300,1,"","","","","","","","","","","","","","","","","","","","","","","","","","","","",5.4,1,3.1,1,"","","","","","","","","","","","","","","","","","","","","","","","","","",86,1,"","","","","","","","","","","","",7.7,1,1001.2,1,"","","","","","",8,1,8,1,7,1,"","","","","","","","","","","","","","","","","","","","","","","","","","","","",11000,1,"","",61,1,6,1,"","","","","","","","","","",5,1,"","","","","","","","","","","","","","","","","","","","","","","","","","","","","","","","","","","","","","","","","","","","","","","","","","","","","",""
"35049001","CANCALE",48.711667,-1.843333,40,1981042615,"","","","",11.,1,300,1,"","","","","","","","","","","","","","","","","","","","","","","","","","","","",6.5,1,3.3,1,"","","","","","","","","","","","","","","","","","","","","","","","","","",80,1,"","","","","","","","","","","","",7.8,1,1001.2,1,"","","","","","",6,1,0,1,2,1,6,1,0,1,"","","","","","","","","","","","","","","","","","","","","","","","",12000,1,"","",1,1,6,1,"","","","","","","","","","",4,1,"","","","","","","","","","","","","","","","","","","","","","","","","","","","","","","","","","","","","","","","","","","","","","","","","","","","","",""
"35049001","CANCALE",48.711667,-1.843333,40,1981042618,"","","","",10.,1,300,1,"","","","","","","","","","","","","","","","","","","","","","","","","","","","",5.7,1,2.8,1,"","","","","","","","","","","","","","","","","","","","","","","","","","",82,1,"","","","","","","","","","","","",7.5,1,1002.,1,"","","","","","",7,1,5,1,2,1,6,1,"","","","","","","","","","","","","","","","","","","","","","","","","","",15000,1,"","",2,1,6,1,"","","","","","","","","","",3,1,"","","","","","","","","","","","","","","","","","","","","","","","","","","","","","","","","","","","","","","","","","","","","","","","","","","","","",""
"35049001","CANCALE",48.711667,-1.843333,40,1981042621,"","","","",5.,1,320,1,"","","","","","","","","","","","","","","","","","","","","","","","","","","","",5.4,1,3.1,1,"","","","","","","","","","","","","","","","","","","","","","","","","","",86,1,"","","","","","","","","","","","",7.7,1,1003.8,1,"","","","","","",3,1,0,1,1,1,0,1,0,1,"","","","","","","","","","","","","","","","","","","","","","","","",18000,1,"","",0,1,"","","","","","","","","","","","",2,1,"","","","","","","","","","","","","","","","","","","","","","","","","","","","","","","","","","","","","","","","","","","","","","","","","","","","","",""
"35049001","CANCALE",48.711667,-1.843333,40,1981042700,"","","","",5.,1,60,1,"","","","","","","","","","","","","","","","","","","","","","","","","","","","",5.1,1,2.7,1,"","","","","","","","","","","","","","","","","","","","","","","","","","",86,1,"","","","","","","","","","","","",7.5,1,1004.,1,"","","","","","",6,1,6,1,2,1,0,1,0,1,"","","","","","","","","","","","","","","","","","","","","","","","",22000,1,"","",0,1,"","","","","","","","","","","","",2,1,"","","","","","","","","","","","","","","","","","","","","","","","","","","","","","","","","","","","","","","","","","","","","","","","","","","","","",""
"35049001","CANCALE",48.711667,-1.843333,40,1981042703,"","","","",8.,1,100,1,"","","","","","","","","","","","","","","","","","","","","","","","","","","","",4.3,1,2.9,1,"","","","","","","","","","","","","","","","","","","","","","","","","","",92,1,"","","","","","","","","","","","",7.6,1,1004.6,1,"","","","","","",4,1,0,1,8,1,0,1,0,1,"","","","","","","","","","","","","","","","","","","","","","","","",18000,1,"","",0,1,"","","","","","","","","","","","",3,1,"","","","","","","","","","","","","","","","","","","","","","","","","","","","","","","","","","","","","","","","","","","","","","","","","","","","","",""
"35049001","CANCALE",48.711667,-1.843333,40,1981042706,"","","","",6.,1,80,1,"","","","","","","","","","","","","","","","","","","","","","","","","","","","",4.,1,2.7,1,"","","","","","","","","","","","","","","","","","","","","","","","","","",92,1,"","","","","","","","","","","","",7.5,1,1007.,1,"","","","","","",5,1,5,1,8,1,0,1,0,1,"","","","","","","","","","","","","","","","","","","","","","","","",12000,1,"","",2,1,"","","","",1,1,"","","","","","",2,1,"","","","","","","","","","","","","","","","","","","","","","","","","","","","","","","","","","","","","","","","","","","","","","","","","","","","","",""
"35049001","CANCALE",48.711667,-1.843333,40,1981042709,"","","","",5.,1,80,1,"","","","","","","","","","","","","","","","","","","","","","","","","","","","",7.,1,3.1,1,"","","","","","","","","","","","","","","","","","","","","","","","","","",77,1,"","","","","","","","","","","","",7.7,1,1010.2,1,"","","","","","",6,1,5,1,8,1,6,1,0,1,"","","","","","","","","","","","","","","","","","","","","","","","",18000,1,"","",2,1,2,1,"","","","","","","","","","",2,1,"","","","","","","","","","","","","","","","","","","","","","","","","","","","","","","","","","","","","","","","","","","","","","","","","","","","","",""
"35049001","CANCALE",48.711667,-1.843333,40,1981042712,"","","","",6.,1,20,1,"","","","","","","","","","","","","","","","","","","","","","","","","","","","",8.4,1,2.7,1,"","","","","","","","","","","","","","","","","","","","","","","","","","",68,1,"","","","","","","","","","","","",7.5,1,1012.4,1,"","","","","","",8,1,6,1,8,1,2,1,"","","","","","","","","","","","","","","","","","","","","","","","","","",25000,1,"","",2,1,2,1,"","","","","","","","","","",2,1,"","","","","","","","","","","","","","","","","","","","","","","","","","","","","","","","","","","","","","","","","","","","","","","","","","","","","",""
"35049001","CANCALE",48.711667,-1.843333,40,1981042715,"","","","",6.,1,300,1,"","","","","","","","","","","","","","","","","","","","","","","","","","","","",9.,1,3.8,1,"","","","","","","","","","","","","","","","","","","","","","","","","","",71,1,"","","","","","","","","","","","",8.1,1,1014.2,1,"","","","","","",8,1,8,1,5,1,"","","","","","","","","","","","","","","","","","","","","","","","","","","","",30000,1,"","",2,1,2,1,"","","","","","","","","","",2,1,"","","","","","","","","","","","","","","","","","","","","","","","","","","","","","","","","","","","","","","","","","","","","","","","","","","","","",""
"35049001","CANCALE",48.711667,-1.843333,40,1981042718,"","","","",5.,1,360,1,"","","","","","","","","","","","","","","","","","","","","","","","","","","","",7.5,1,5.1,1,"","","","","","","","","","","","","","","","","","","","","","","","","","",86,1,"","","","","","","","","","","","",8.9,1,1016.6,1,"","","","","","",8,1,8,1,7,1,"","","","","","","","","","","","","","","","","","","","","","","","","","","","",12000,1,"","",60,1,2,1,"","","","","","","","","","",3,1,"","","","","","","","","","","","","","","","","","","","","","","","","","","","","","","","","","","","","","","","","","","","","","","","","","","","","",""
"35049001","CANCALE",48.711667,-1.843333,40,1981042721,"","","","",6.,1,40,1,"","","","","","","","","","","","","","","","","","","","","","","","","","","","",7.5,1,5.6,1,"","","","","","","","","","","","","","","","","","","","","","","","","","",88,1,"","","","","","","","","","","","",9.2,1,1018.7,1,"","","","","","",8,1,8,1,5,1,"","","","","","","","","","","","","","","","","","","","","","","","","","","","",25000,1,"","",0,1,"","","","","","","","","","","","",3,1,"","","","","","","","","","","","","","","","","","","","","","","","","","","","","","","","","","","","","","","","","","","","","","","","","","","","","",""
"35049001","CANCALE",48.711667,-1.843333,40,1981042800,"","","","",7.,1,60,1,"","","","","","","","","","","","","","","","","","","","","","","","","","","","",7.3,1,3.1,1,"","","","","","","","","","","","","","","","","","","","","","","","","","",76,1,"","","","","","","","","","","","",7.7,1,1020.4,1,"","","","","","",8,1,8,1,5,1,"","","","","","","","","","","","","","","","","","","","","","","","","","","","",28000,1,"","",0,1,"","","","","","","","","","","","",3,1,"","","","","","","","","","","","","","","","","","","","","","","","","","","","","","","","","","","","","","","","","","","","","","","","","","","","","",""
"35049001","CANCALE",48.711667,-1.843333,40,1981042803,"","","","",5.,1,80,1,"","","","","","","","","","","","","","","","","","","","","","","","","","","","",7.3,1,3.6,1,"","","","","","","","","","","","","","","","","","","","","","","","","","",78,1,"","","","","","","","","","","","",8.,1,1021.2,1,"","","","","","",8,1,8,1,5,1,"","","","","","","","","","","","","","","","","","","","","","","","","","","","",28000,1,"","",0,1,"","","","","","","","","","","","",2,1,"","","","","","","","","","","","","","","","","","","","","","","","","","","","","","","","","","","","","","","","","","","","","","","","","","","","","",""
"35049001","CANCALE",48.711667,-1.843333,40,1981042806,"","","","",5.,1,40,1,"","","","","","","","","","","","","","","","","","","","","","","","","","","","",7.,1,2.9,1,"","","","","","","","","","","","","","","","","","","","","","","","","","",76,1,"","","","","","","","","","","","",7.6,1,1022.8,1,"","","","","","",8,1,8,1,8,1,"","","","","","","","","","","","","","","","","","","","","","","","","","","","",20000,1,"","",2,1,"","","","",0,1,"","","","","","",2,1,"","","","","","","","","","","","","","","","","","","","","","","","","","","","","","","","","","","","","","","","","","","","","","","","","","","","","",""
"35049001","CANCALE",48.711667,-1.843333,40,1981042809,"","","","",5.,1,320,1,"","","","","","","","","","","","","","","","","","","","","","","","","","","","",7.6,1,2.7,1,"","","","","","","","","","","","","","","","","","","","","","","","","","",72,1,"","","","","","","","","","","","",7.5,1,1024.,1,"","","","","","",8,1,8,1,1,1,1,1,"","","","","","","","","","","","","","","","","","","","","","","","","","",20000,1,"","",2,1,2,1,"","","","","","","","","","",2,1,"","","","","","","","","","","","","","","","","","","","","","","","","","","","","","","","","","","","","","","","","","","","","","","","","","","","","",""
"35049001","CANCALE",48.711667,-1.843333,40,1981042812,"","","","",5.,1,300,1,"","","","","","","","","","","","","","","","","","","","","","","","","","","","",9.1,1,2.7,1,"","","","","","","","","","","","","","","","","","","","","","","","","","",65,1,"","","","","","","","","","","","",7.5,1,1024.3,1,"","","","","","",7,1,7,1,1,1,7,1,"","","","","","","","","","","","","","","","","","","","","","","","","","",25000,1,"","",2,1,2,1,"","","","","","","","","","",2,1,"","","","","","","","","","","","","","","","","","","","","","","","","","","","","","","","","","","","","","","","","","","","","","","","","","","","","",""
"35049001","CANCALE",48.711667,-1.843333,40,1981042815,"","","","",8.,1,300,1,"","","","","","","","","","","","","","","","","","","","","","","","","","","","",9.6,1,4.1,1,"","","","","","","","","","","","","","","","","","","","","","","","","","",69,1,"","","","","","","","","","","","",8.3,1,1023.9,1,"","","","","","",7,1,7,1,2,1,7,1,"","","","","","","","","","","","","","","","","","","","","","","","","","",20000,1,"","",2,1,2,1,"","","","","","","","","","",3,1,"","","","","","","","","","","","","","","","","","","","","","","","","","","","","","","","","","","","","","","","","","","","","","","","","","","","","",""
"35049001","CANCALE",48.711667,-1.843333,40,1981042818,"","","","",10.,1,280,1,"","","","","","","","","","","","","","","","","","","","","","","","","","","","",9.,1,5.1,1,"","","","","","","","","","","","","","","","","","","","","","","","","","",78,1,"","","","","","","","","","","","",8.9,1,1023.2,1,"","","","","","",8,1,8,1,0,1,7,1,"","","","","","","","","","","","","","","","","","","","","","","","","","",16000,1,"","",2,1,2,1,"","","","","","","","","","",3,1,"","","","","","","","","","","","","","","","","","","","","","","","","","","","","","","","","","","","","","","","","","","","","","","","","","","","","",""
"35049001","CANCALE",48.711667,-1.843333,40,1981042821,"","","","",11.,1,280,1,"","","","","","","","","","","","","","","","","","","","","","","","","","","","",9.1,1,7.,1,"","","","","","","","","","","","","","","","","","","","","","","","","","",88,1,"","","","","","","","","","","","",10.2,1,1022.7,1,"","","","","","",8,1,8,1,2,1,7,1,"","","","","","","","","","","","","","","","","","","","","","","","","","",25000,1,"","",0,1,"","","","","","","","","","","","",3,1,"","","","","","","","","","","","","","","","","","","","","","","","","","","","","","","","","","","","","","","","","","","","","","","","","","","","","",""
"35049001","CANCALE",48.711667,-1.843333,40,1981042900,"","","","",12.,1,280,1,"","","","","","","","","","","","","","","","","","","","","","","","","","","","",8.9,1,7.,1,"","","","","","","","","","","","","","","","","","","","","","","","","","",89,1,"","","","","","","","","","","","",10.2,1,1021.9,1,"","","","","","",8,1,8,1,0,1,7,1,"","","","","","","","","","","","","","","","","","","","","","","","","","",25000,1,"","",0,1,"","","","","","","","","","","","",4,1,"","","","","","","","","","","","","","","","","","","","","","","","","","","","","","","","","","","","","","","","","","","","","","","","","","","","","",""
"35049001","CANCALE",48.711667,-1.843333,40,1981042903,"","","","",12.,1,280,1,"","","","","","","","","","","","","","","","","","","","","","","","","","","","",8.9,1,8.2,1,"","","","","","","","","","","","","","","","","","","","","","","","","","",97,1,"","","","","","","","","","","","",11.1,1,1020.5,1,"","","","","","",8,1,8,1,7,1,"","","","","","","","","","","","","","","","","","","","","","","","","","","","",7000,1,"","",61,1,"","","","","","","","","","","","",4,1,"","","","","","","","","","","","","","","","","","","","","","","","","","","","","","","","","","","","","","","","","","","","","","","","","","","","","",""
"35049001","CANCALE",48.711667,-1.843333,40,1981042906,"","","","",11.,1,300,1,"","","","","","","","","","","","","","","","","","","","","","","","","","","","",9.5,1,9.5,1,"","","","","","","","","","","","","","","","","","","","","","","","","","",99,1,"","","","","","","","","","","","",11.7,1,1020.8,1,"","","","","","",8,1,8,1,7,1,"","","","","","","","","","","","","","","","","","","","","","","","","","","","",7000,1,"","",61,1,"","","","",1,1,"","","","","","",4,1,"","","","","","","","","","","","","","","","","","","","","","","","","","","","","","","","","","","","","","","","","","","","","","","","","","","","","",""
"35049001","CANCALE",48.711667,-1.843333,40,1981042909,"","","","",10.,1,300,1,"","","","","","","","","","","","","","","","","","","","","","","","","","","","",9.6,1,8.9,1,"","","","","","","","","","","","","","","","","","","","","","","","","","",97,1,"","","","","","","","","","","","",11.6,1,1020.8,1,"","","","","","",8,1,8,1,7,1,"","","","","","","","","","","","","","","","","","","","","","","","","","","","",3500,1,"","",51,1,6,1,"","","","","","","","","","",3,1,"","","","","","","","","","","","","","","","","","","","","","","","","","","","","","","","","","","","","","","","","","","","","","","","","","","","","",""
"35049001","CANCALE",48.711667,-1.843333,40,1981042912,"","","","",9.,1,300,1,"","","","","","","","","","","","","","","","","","","","","","","","","","","","",10.,1,9.2,1,"","","","","","","","","","","","","","","","","","","","","","","","","","",97,1,"","","","","","","","","","","","",11.9,1,1021.5,1,"","","","","","",8,1,8,1,7,1,"","","","","","","","","","","","","","","","","","","","","","","","","","","","",9000,1,"","",2,1,6,1,"","","","","","","","","","",3,1,"","","","","","","","","","","","","","","","","","","","","","","","","","","","","","","","","","","","","","","","","","","","","","","","","","","","","",""
"35049001","CANCALE",48.711667,-1.843333,40,1981042915,"","","","",9.,1,300,1,"","","","","","","","","","","","","","","","","","","","","","","","","","","","",10.2,1,8.7,1,"","","","","","","","","","","","","","","","","","","","","","","","","","",92,1,"","","","","","","","","","","","",11.5,1,1021.5,1,"","","","","","",8,1,8,1,7,1,"","","","","","","","","","","","","","","","","","","","","","","","","","","","",10000,1,"","",2,1,2,1,"","","","","","","","","","",3,1,"","","","","","","","","","","","","","","","","","","","","","","","","","","","","","","","","","","","","","","","","","","","","","","","","","","","","",""
"35049001","CANCALE",48.711667,-1.843333,40,1981042918,"","","","",9.,1,300,1,"","","","","","","","","","","","","","","","","","","","","","","","","","","","",9.8,1,8.9,1,"","","","","","","","","","","","","","","","","","","","","","","","","","",96,1,"","","","","","","","","","","","",11.6,1,1021.1,1,"","","","","","",8,1,8,1,7,1,"","","","","","","","","","","","","","","","","","","","","","","","","","","","",9000,1,"","",2,1,2,1,"","","","","","","","","","",3,1,"","","","","","","","","","","","","","","","","","","","","","","","","","","","","","","","","","","","","","","","","","","","","","","","","","","","","",""
"35049001","CANCALE",48.711667,-1.843333,40,1981042921,"","","","",8.,1,300,1,"","","","","","","","","","","","","","","","","","","","","","","","","","","","",9.8,1,8.9,1,"","","","","","","","","","","","","","","","","","","","","","","","","","",96,1,"","","","","","","","","","","","",11.6,1,1021.7,1,"","","","","","",8,1,8,1,5,1,"","","","","","","","","","","","","","","","","","","","","","","","","","","","",14000,1,"","",0,1,"","","","","","","","","","","","",3,1,"","","","","","","","","","","","","","","","","","","","","","","","","","","","","","","","","","","","","","","","","","","","","","","","","","","","","",""
"35049001","CANCALE",48.711667,-1.843333,40,1981043000,"","","","",6.,1,300,1,"","","","","","","","","","","","","","","","","","","","","","","","","","","","",10.,1,8.9,1,"","","","","","","","","","","","","","","","","","","","","","","","","","",95,1,"","","","","","","","","","","","",11.6,1,1021.5,1,"","","","","","",8,1,8,1,5,1,"","","","","","","","","","","","","","","","","","","","","","","","","","","","",16000,1,"","",0,1,"","","","","","","","","","","","",2,1,"","","","","","","","","","","","","","","","","","","","","","","","","","","","","","","","","","","","","","","","","","","","","","","","","","","","","",""
"35049001","CANCALE",48.711667,-1.843333,40,1981043003,"","","","",5.,1,300,1,"","","","","","","","","","","","","","","","","","","","","","","","","","","","",9.6,1,8.9,1,"","","","","","","","","","","","","","","","","","","","","","","","","","",97,1,"","","","","","","","","","","","",11.6,1,1020.2,1,"","","","","","",2,1,0,1,1,1,0,1,0,1,"","","","","","","","","","","","","","","","","","","","","","","","",12000,1,"","",0,1,"","","","","","","","","","","","",2,1,"","","","","","","","","","","","","","","","","","","","","","","","","","","","","","","","","","","","","","","","","","","","","","","","","","","","","",""
"35049001","CANCALE",48.711667,-1.843333,40,1981043006,"","","","",5.,1,280,1,"","","","","","","","","","","","","","","","","","","","","","","","","","","","",9.7,1,9.,1,"","","","","","","","","","","","","","","","","","","","","","","","","","",97,1,"","","","","","","","","","","","",11.7,1,1019.9,1,"","","","","","",7,1,7,1,5,1,"","","","","","","","","","","","","","","","","","","","","","","","","","","","",8000,1,"","",2,1,"","","","",0,1,"","","","","","",2,1,"","","","","","","","","","","","","","","","","","","","","","","","","","","","","","","","","","","","","","","","","","","","","","","","","","","","","",""
"35049001","CANCALE",48.711667,-1.843333,40,1981043009,"","","","",7.,1,280,1,"","","","","","","","","","","","","","","","","","","","","","","","","","","","",10.5,1,9.2,1,"","","","","","","","","","","","","","","","","","","","","","","","","","",94,1,"","","","","","","","","","","","",11.9,1,1019.9,1,"","","","","","",8,1,8,1,5,1,"","","","","","","","","","","","","","","","","","","","","","","","","","","","",10000,1,"","",2,1,2,1,"","","","","","","","","","",2,1,"","","","","","","","","","","","","","","","","","","","","","","","","","","","","","","","","","","","","","","","","","","","","","","","","","","","","",""
"35049001","CANCALE",48.711667,-1.843333,40,1981043012,"","","","",8.,1,280,1,"","","","","","","","","","","","","","","","","","","","","","","","","","","","",11.5,1,9.5,1,"","","","","","","","","","","","","","","","","","","","","","","","","","",89,1,"","","","","","","","","","","","",12.1,1,1019.2,1,"","","","","","",6,1,5,1,8,1,0,1,2,1,"","","","","","","","","","","","","","","","","","","","","","","","",18000,1,"","",2,1,2,1,"","","","","","","","","","",2,1,"","","","","","","","","","","","","","","","","","","","","","","","","","","","","","","","","","","","","","","","","","","","","","","","","","","","","",""
"35049001","CANCALE",48.711667,-1.843333,40,1981043015,"","","","",10.,1,300,1,"","","","","","","","","","","","","","","","","","","","","","","","","","","","",10.7,1,8.9,1,"","","","","","","","","","","","","","","","","","","","","","","","","","",90,1,"","","","","","","","","","","","",11.6,1,1017.9,1,"","","","","","",8,1,8,1,8,1,"","","","","","","","","","","","","","","","","","","","","","","","","","","","",18000,1,"","",2,1,2,1,"","","","","","","","","","",2,1,"","","","","","","","","","","","","","","","","","","","","","","","","","","","","","","","","","","","","","","","","","","","","","","","","","","","","",""
"35049001","CANCALE",48.711667,-1.843333,40,1981043018,"","","","",10.,1,280,1,"","","","","","","","","","","","","","","","","","","","","","","","","","","","",10.,1,8.3,1,"","","","","","","","","","","","","","","","","","","","","","","","","","",91,1,"","","","","","","","","","","","",11.2,1,1017.,1,"","","","","","",8,1,8,1,8,1,"","","","","","","","","","","","","","","","","","","","","","","","","","","","",18000,1,"","",2,1,2,1,"","","","","","","","","","",3,1,"","","","","","","","","","","","","","","","","","","","","","","","","","","","","","","","","","","","","","","","","","","","","","","","","","","","","",""
"35049001","CANCALE",48.711667,-1.843333,40,1981043021,"","","","",10.,1,280,1,"","","","","","","","","","","","","","","","","","","","","","","","","","","","",9.6,1,8.5,1,"","","","","","","","","","","","","","","","","","","","","","","","","","",95,1,"","","","","","","","","","","","",11.3,1,1016.7,1,"","","","","","",8,1,8,1,5,1,"","","","","","","","","","","","","","","","","","","","","","","","","","","","",25000,1,"","",0,1,"","","","","","","","","","","","",3,1,"","","","","","","","","","","","","","","","","","","","","","","","","","","","","","","","","","","","","","","","","","","","","","","","","","","","","",""
"35049001","CANCALE",48.711667,-1.843333,40,1981050100,"","","","",12.,1,280,1,"","","","","","","","","","","","","","","","","","","","","","","","","","","","",9.3,1,8.2,1,"","","","","","","","","","","","","","","","","","","","","","","","","","",95,1,"","","","","","","","","","","","",11.1,1,1015.,1,"","","","","","",8,1,8,1,5,1,"","","","","","","","","","","","","","","","","","","","","","","","","","","","",25000,1,"","",0,1,"","","","","","","","","","","","",4,1,"","","","","","","","","","","","","","","","","","","","","","","","","","","","","","","","","","","","","","","","","","","","","","","","","","","","","",""
"35049001","CANCALE",48.711667,-1.843333,40,1981050103,"","","","",11.,1,280,1,"","","","","","","","","","","","","","","","","","","","","","","","","","","","",9.1,1,7.8,1,"","","","","","","","","","","","","","","","","","","","","","","","","","",94,1,"","","","","","","","","","","","",10.8,1,1013.2,1,"","","","","","",8,1,8,1,5,1,"","","","","","","","","","","","","","","","","","","","","","","","","","","","",18000,1,"","",0,1,"","","","","","","","","","","","",4,1,"","","","","","","","","","","","","","","","","","","","","","","","","","","","","","","","","","","","","","","","","","","","","","","","","","","","","",""
"35049001","CANCALE",48.711667,-1.843333,40,1981050106,"","","","",10.,1,300,1,"","","","","","","","","","","","","","","","","","","","","","","","","","","","",9.8,1,8.7,1,"","","","","","","","","","","","","","","","","","","","","","","","","","",95,1,"","","","","","","","","","","","",11.5,1,1013.2,1,"","","","","","",8,1,8,1,5,1,"","","","","","","","","","","","","","","","","","","","","","","","","","","","",12000,1,"","",2,1,"","","","",0,1,"","","","","","",3,1,"","","","","","","","","","","","","","","","","","","","","","","","","","","","","","","","","","","","","","","","","","","","","","","","","","","","","",""
"35049001","CANCALE",48.711667,-1.843333,40,1981050109,"","","","",12.,1,300,1,"","","","","","","","","","","","","","","","","","","","","","","","","","","","",10.,1,8.7,1,"","","","","","","","","","","","","","","","","","","","","","","","","","",94,1,"","","","","","","","","","","","",11.5,1,1012.6,1,"","","","","","",8,1,8,1,5,1,"","","","","","","","","","","","","","","","","","","","","","","","","","","","",18000,1,"","",2,1,2,1,"","","","","","","","","","",4,1,"","","","","","","","","","","","","","","","","","","","","","","","","","","","","","","","","","","","","","","","","","","","","","","","","","","","","",""
"35049001","CANCALE",48.711667,-1.843333,40,1981050112,"","","","",12.,1,300,1,"","","","","","","","","","","","","","","","","","","","","","","","","","","","",10.2,1,9.5,1,"","","","","","","","","","","","","","","","","","","","","","","","","","",97,1,"","","","","","","","","","","","",12.1,1,1012.4,1,"","","","","","",8,1,8,1,5,1,"","","","","","","","","","","","","","","","","","","","","","","","","","","","",16000,1,"","",2,1,8,1,"","","","","","","","","","",4,1,"","","","","","","","","","","","","","","","","","","","","","","","","","","","","","","","","","","","","","","","","","","","","","","","","","","","","",""
"35049001","CANCALE",48.711667,-1.843333,40,1981050115,"","","","",11.,1,300,1,"","","","","","","","","","","","","","","","","","","","","","","","","","","","",10.4,1,9.2,1,"","","","","","","","","","","","","","","","","","","","","","","","","","",95,1,"","","","","","","","","","","","",11.9,1,1012.3,1,"","","","","","",8,1,8,1,5,1,"","","","","","","","","","","","","","","","","","","","","","","","","","","","",18000,1,"","",2,1,2,1,"","","","","","","","","","",3,1,"","","","","","","","","","","","","","","","","","","","","","","","","","","","","","","","","","","","","","","","","","","","","","","","","","","","","",""
"35049001","CANCALE",48.711667,-1.843333,40,1981050118,"","","","",9.,1,320,1,"","","","","","","","","","","","","","","","","","","","","","","","","","","","",10.,1,8.1,1,"","","","","","","","","","","","","","","","","","","","","","","","","","",90,1,"","","","","","","","","","","","",11.,1,1012.4,1,"","","","","","",7,1,7,1,8,1,"","","","","","","","","","","","","","","","","","","","","","","","","","","","",17000,1,"","",1,1,2,1,"","","","","","","","","","",3,1,"","","","","","","","","","","","","","","","","","","","","","","","","","","","","","","","","","","","","","","","","","","","","","","","","","","","","",""
"35049001","CANCALE",48.711667,-1.843333,40,1981050121,"","","","",6.,1,300,1,"","","","","","","","","","","","","","","","","","","","","","","","","","","","",9.3,1,7.3,1,"","","","","","","","","","","","","","","","","","","","","","","","","","",89,1,"","","","","","","","","","","","",10.4,1,1012.7,1,"","","","","","",3,1,0,1,1,1,0,1,0,1,"","","","","","","","","","","","","","","","","","","","","","","","",28000,1,"","",0,1,"","","","","","","","","","","","",3,1,"","","","","","","","","","","","","","","","","","","","","","","","","","","","","","","","","","","","","","","","","","","","","","","","","","","","","",""
"35049001","CANCALE",48.711667,-1.843333,40,1981050200,"","","","",6.,1,300,1,"","","","","","","","","","","","","","","","","","","","","","","","","","","","",9.,1,7.,1,"","","","","","","","","","","","","","","","","","","","","","","","","","",89,1,"","","","","","","","","","","","",10.2,1,1014.3,1,"","","","","","",5,1,5,1,5,1,0,1,0,1,"","","","","","","","","","","","","","","","","","","","","","","","",28000,1,"","",0,1,"","","","","","","","","","","","",2,1,"","","","","","","","","","","","","","","","","","","","","","","","","","","","","","","","","","","","","","","","","","","","","","","","","","","","","",""
"35049001","CANCALE",48.711667,-1.843333,40,1981050203,"","","","",2.,1,300,1,"","","","","","","","","","","","","","","","","","","","","","","","","","","","",8.5,1,7.2,1,"","","","","","","","","","","","","","","","","","","","","","","","","","",93,1,"","","","","","","","","","","","",10.3,1,1011.6,1,"","","","","","",7,1,7,1,5,1,"","","","","","","","","","","","","","","","","","","","","","","","","","","","",28000,1,"","",0,1,"","","","","","","","","","","","",2,1,"","","","","","","","","","","","","","","","","","","","","","","","","","","","","","","","","","","","","","","","","","","","","","","","","","","","","",""
"35049001","CANCALE",48.711667,-1.843333,40,1981050206,"","","","",4.,1,160,1,"","","","","","","","","","","","","","","","","","","","","","","","","","","","",8.2,1,7.3,1,"","","","","","","","","","","","","","","","","","","","","","","","","","",96,1,"","","","","","","","","","","","",10.4,1,1009.9,1,"","","","","","",8,1,8,1,7,1,"","","","","","","","","","","","","","","","","","","","","","","","","","","","",3000,1,"","",61,1,"","","","",1,1,"","","","","","",2,1,"","","","","","","","","","","","","","","","","","","","","","","","","","","","","","","","","","","","","","","","","","","","","","","","","","","","","",""
"35049001","CANCALE",48.711667,-1.843333,40,1981050209,"","","","",8.,1,100,1,"","","","","","","","","","","","","","","","","","","","","","","","","","","","",7.8,1,6.9,1,"","","","","","","","","","","","","","","","","","","","","","","","","","",96,1,"","","","","","","","","","","","",10.1,1,1009.,1,"","","","","","",8,1,8,1,7,1,"","","","","","","","","","","","","","","","","","","","","","","","","","","","",2000,1,"","",61,1,6,1,"","","","","","","","","","",3,1,"","","","","","","","","","","","","","","","","","","","","","","","","","","","","","","","","","","","","","","","","","","","","","","","","","","","","",""
"35049001","CANCALE",48.711667,-1.843333,40,1981050212,"","","","",14.,1,60,1,"","","","","","","","","","","","","","","","","","","","","","","","","","","","",7.2,1,6.6,1,"","","","","","","","","","","","","","","","","","","","","","","","","","",97,1,"","","","","","","","","","","","",9.9,1,1008.7,1,"","","","","","",8,1,8,1,7,1,"","","","","","","","","","","","","","","","","","","","","","","","","","","","",4000,1,"","",63,1,6,1,"","","","","","","","","","",4,1,"","","","","","","","","","","","","","","","","","","","","","","","","","","","","","","","","","","","","","","","","","","","","","","","","","","","","",""
"35049001","CANCALE",48.711667,-1.843333,40,1981050215,"","","","",17.,1,40,1,"","","","","","","","","","","","","","","","","","","","","","","","","","","","",4.6,1,3.3,1,"","","","","","","","","","","","","","","","","","","","","","","","","","",92,1,"","","","","","","","","","","","",7.8,1,1010.7,1,"","","","","","",8,1,8,1,7,1,"","","","","","","","","","","","","","","","","","","","","","","","","","","","",5000,1,"","",63,1,6,1,"","","","","","","","","","",5,1,"","","","","","","","","","","","","","","","","","","","","","","","","","","","","","","","","","","","","","","","","","","","","","","","","","","","","",""
"35049001","CANCALE",48.711667,-1.843333,40,1981050218,"","","","",8.,1,40,1,"","","","","","","","","","","","","","","","","","","","","","","","","","","","",6.,1,3.3,1,"","","","","","","","","","","","","","","","","","","","","","","","","","",83,1,"","","","","","","","","","","","",7.8,1,1013.,1,"","","","","","",8,1,8,1,7,1,2,1,"","","","","","","","","","","","","","","","","","","","","","","","","","",22000,1,"","",2,1,6,1,"","","","","","","","","","",4,1,"","","","","","","","","","","","","","","","","","","","","","","","","","","","","","","","","","","","","","","","","","","","","","","","","","","","","",""
"35049001","CANCALE",48.711667,-1.843333,40,1981050221,"","","","",11.,1,20,1,"","","","","","","","","","","","","","","","","","","","","","","","","","","","",7.,1,1.,1,"","","","","","","","","","","","","","","","","","","","","","","","","","",66,1,"","","","","","","","","","","","",6.6,1,1015.4,1,"","","","","","",2,1,0,1,1,1,0,1,2,1,"","","","","","","","","","","","","","","","","","","","","","","","",35000,1,"","",0,1,"","","","","","","","","","","","",4,1,"","","","","","","","","","","","","","","","","","","","","","","","","","","","","","","","","","","","","","","","","","","","","","","","","","","","","",""
"35049001","CANCALE",48.711667,-1.843333,40,1981050300,"","","","",9.,1,360,1,"","","","","","","","","","","","","","","","","","","","","","","","","","","","",7.,1,3.1,1,"","","","","","","","","","","","","","","","","","","","","","","","","","",77,1,"","","","","","","","","","","","",7.7,1,1016.8,1,"","","","","","",1,1,0,1,0,1,0,1,2,1,"","","","","","","","","","","","","","","","","","","","","","","","",50000,1,"","",0,1,"","","","","","","","","","","","",4,1,"","","","","","","","","","","","","","","","","","","","","","","","","","","","","","","","","","","","","","","","","","","","","","","","","","","","","",""
"35049001","CANCALE",48.711667,-1.843333,40,1981050303,"","","","",4.,1,340,1,"","","","","","","","","","","","","","","","","","","","","","","","","","","","",6.9,1,2.2,1,"","","","","","","","","","","","","","","","","","","","","","","","","","",73,1,"","","","","","","","","","","","",7.2,1,1017.,1,"","","","","","",3,1,0,1,2,1,0,1,0,1,"","","","","","","","","","","","","","","","","","","","","","","","",50000,1,"","",0,1,"","","","","","","","","","","","",3,1,"","","","","","","","","","","","","","","","","","","","","","","","","","","","","","","","","","","","","","","","","","","","","","","","","","","","","",""
"35049001","CANCALE",48.711667,-1.843333,40,1981050306,"","","","",3.,1,280,1,"","","","","","","","","","","","","","","","","","","","","","","","","","","","",7.2,1,2.4,1,"","","","","","","","","","","","","","","","","","","","","","","","","","",72,1,"","","","","","","","","","","","",7.3,1,1017.4,1,"","","","","","",3,1,0,1,2,1,0,1,2,1,"","","","","","","","","","","","","","","","","","","","","","","","",28000,1,"","",2,1,"","","","",0,1,"","","","","","",2,1,"","","","","","","","","","","","","","","","","","","","","","","","","","","","","","","","","","","","","","","","","","","","","","","","","","","","","",""
"35049001","CANCALE",48.711667,-1.843333,40,1981050309,"","","","",7.,1,240,1,"","","","","","","","","","","","","","","","","","","","","","","","","","","","",8.6,1,3.6,1,"","","","","","","","","","","","","","","","","","","","","","","","","","",72,1,"","","","","","","","","","","","",8.,1,1016.8,1,"","","","","","",7,1,7,1,2,1,0,1,6,1,"","","","","","","","","","","","","","","","","","","","","","","","",20000,1,"","",3,1,1,1,"","","","","","","","","","",2,1,"","","","","","","","","","","","","","","","","","","","","","","","","","","","","","","","","","","","","","","","","","","","","","","","","","","","","",""
"35049001","CANCALE",48.711667,-1.843333,40,1981050312,"","","","",10.,1,240,1,"","","","","","","","","","","","","","","","","","","","","","","","","","","","",9.6,1,2.5,1,"","","","","","","","","","","","","","","","","","","","","","","","","","",62,1,"","","","","","","","","","","","",7.4,1,1014.4,1,"","","","","","",8,1,8,1,5,1,"","","","","","","","","","","","","","","","","","","","","","","","","","","","",18000,1,"","",2,1,1,1,"","","","","","","","","","",3,1,"","","","","","","","","","","","","","","","","","","","","","","","","","","","","","","","","","","","","","","","","","","","","","","","","","","","","",""
"35049001","CANCALE",48.711667,-1.843333,40,1981050315,"","","","",12.,1,220,1,"","","","","","","","","","","","","","","","","","","","","","","","","","","","",6.8,1,4.6,1,"","","","","","","","","","","","","","","","","","","","","","","","","","",87,1,"","","","","","","","","","","","",8.6,1,1011.4,1,"","","","","","",8,1,8,1,7,1,"","","","","","","","","","","","","","","","","","","","","","","","","","","","",7000,1,"","",63,1,6,1,"","","","","","","","","","",4,1,"","","","","","","","","","","","","","","","","","","","","","","","","","","","","","","","","","","","","","","","","","","","","","","","","","","","","",""
"35049001","CANCALE",48.711667,-1.843333,40,1981050318,"","","","",11.,1,200,1,"","","","","","","","","","","","","","","","","","","","","","","","","","","","",7.8,1,4.9,1,"","","","","","","","","","","","","","","","","","","","","","","","","","",84,1,"","","","","","","","","","","","",8.8,1,1004.7,1,"","","","","","",8,1,8,1,7,1,"","","","","","","","","","","","","","","","","","","","","","","","","","","","",16000,1,"","",2,1,6,1,"","","","","","","","","","",5,1,"","","","","","","","","","","","","","","","","","","","","","","","","","","","","","","","","","","","","","","","","","","","","","","","","","","","","",""
"35049001","CANCALE",48.711667,-1.843333,40,1981050321,"","","","",16.,1,240,1,"","","","","","","","","","","","","","","","","","","","","","","","","","","","",10.,1,6.9,1,"","","","","","","","","","","","","","","","","","","","","","","","","","",82,1,"","","","","","","","","","","","",10.1,1,1001.9,1,"","","","","","",4,1,0,1,8,1,0,1,2,1,"","","","","","","","","","","","","","","","","","","","","","","","",25000,1,"","",0,1,"","","","","","","","","","","","",5,1,"","","","","","","","","","","","","","","","","","","","","","","","","","","","","","","","","","","","","","","","","","","","","","","","","","","","","",""
"35049001","CANCALE",48.711667,-1.843333,40,1981050400,"","","","",18.,1,260,1,"","","","","","","","","","","","","","","","","","","","","","","","","","","","",9.5,1,6.,1,"","","","","","","","","","","","","","","","","","","","","","","","","","",80,1,"","","","","","","","","","","","",9.5,1,1000.2,1,"","","","","","",4,1,0,1,8,1,0,1,2,1,"","","","","","","","","","","","","","","","","","","","","","","","",25000,1,"","",0,1,"","","","","","","","","","","","",6,1,"","","","","","","","","","","","","","","","","","","","","","","","","","","","","","","","","","","","","","","","","","","","","","","","","","","","","",""
"35049001","CANCALE",48.711667,-1.843333,40,1981050403,"","","","",18.,1,260,1,"","","","","","","","","","","","","","","","","","","","","","","","","","","","",7.5,1,5.1,1,"","","","","","","","","","","","","","","","","","","","","","","","","","",86,1,"","","","","","","","","","","","",8.9,1,997.9,1,"","","","","","",6,1,6,1,8,1,0,1,0,1,"","","","","","","","","","","","","","","","","","","","","","","","",25000,1,"","",0,1,"","","","","","","","","","","","",6,1,"","","","","","","","","","","","","","","","","","","","","","","","","","","","","","","","","","","","","","","","","","","","","","","","","","","","","",""
"35049001","CANCALE",48.711667,-1.843333,40,1981050406,"","","","",20.,1,260,1,"","","","","","","","","","","","","","","","","","","","","","","","","","","","",8.8,1,4.6,1,"","","","","","","","","","","","","","","","","","","","","","","","","","",76,1,"","","","","","","","","","","","",8.6,1,997.9,1,"","","","","","",6,1,5,1,9,1,0,1,3,1,"","","","","","","","","","","","","","","","","","","","","","","","",17000,1,"","",15,1,"","","","",2,1,"","","","","","",6,1,"","","","","","","","","","","","","","","","","","","","","","","","","","","","","","","","","","","","","","","","","","","","","","","","","","","","","",""
"35049001","CANCALE",48.711667,-1.843333,40,1981050409,"","","","",18.,1,260,1,"","","","","","","","","","","","","","","","","","","","","","","","","","","","",9.4,1,5.6,1,"","","","","","","","","","","","","","","","","","","","","","","","","","",78,1,"","","","","","","","","","","","",9.2,1,999.4,1,"","","","","","",7,1,6,1,9,1,6,1,"","","","","","","","","","","","","","","","","","","","","","","","","","",2000,1,"","",81,1,8,1,"","","","","","","","","","",6,1,"","","","","","","","","","","","","","","","","","","","","","","","","","","","","","","","","","","","","","","","","","","","","","","","","","","","","",""
"35049001","CANCALE",48.711667,-1.843333,40,1981050412,"","","","",18.,1,260,1,"","","","","","","","","","","","","","","","","","","","","","","","","","","","",10.2,1,6.2,1,"","","","","","","","","","","","","","","","","","","","","","","","","","",77,1,"","","","","","","","","","","","",9.6,1,1000.7,1,"","","","","","",4,1,0,1,3,1,6,1,0,1,"","","","","","","","","","","","","","","","","","","","","","","","",17000,1,"","",1,1,8,1,"","","","","","","","","","",5,1,"","","","","","","","","","","","","","","","","","","","","","","","","","","","","","","","","","","","","","","","","","","","","","","","","","","","","",""
"35049001","CANCALE",48.711667,-1.843333,40,1981050415,"","","","",18.,1,260,1,"","","","","","","","","","","","","","","","","","","","","","","","","","","","",10.2,1,7.,1,"","","","","","","","","","","","","","","","","","","","","","","","","","",82,1,"","","","","","","","","","","","",10.2,1,1001.9,1,"","","","","","",7,1,6,1,8,1,0,1,2,1,"","","","","","","","","","","","","","","","","","","","","","","","",16000,1,"","",2,1,2,1,"","","","","","","","","","",5,1,"","","","","","","","","","","","","","","","","","","","","","","","","","","","","","","","","","","","","","","","","","","","","","","","","","","","","",""
"35049001","CANCALE",48.711667,-1.843333,40,1981050418,"","","","",15.,1,260,1,"","","","","","","","","","","","","","","","","","","","","","","","","","","","",9.7,1,7.4,1,"","","","","","","","","","","","","","","","","","","","","","","","","","",87,1,"","","","","","","","","","","","",10.5,1,1002.8,1,"","","","","","",7,1,6,1,8,1,0,1,2,1,"","","","","","","","","","","","","","","","","","","","","","","","",16000,1,"","",2,1,2,1,"","","","","","","","","","",5,1,"","","","","","","","","","","","","","","","","","","","","","","","","","","","","","","","","","","","","","","","","","","","","","","","","","","","","",""
"35049001","CANCALE",48.711667,-1.843333,40,1981050421,"","","","",15.,1,260,1,"","","","","","","","","","","","","","","","","","","","","","","","","","","","",9.5,1,6.7,1,"","","","","","","","","","","","","","","","","","","","","","","","","","",84,1,"","","","","","","","","","","","",10.,1,1004.2,1,"","","","","","",4,1,0,1,5,1,0,1,0,1,"","","","","","","","","","","","","","","","","","","","","","","","",25000,1,"","",0,1,"","","","","","","","","","","","",5,1,"","","","","","","","","","","","","","","","","","","","","","","","","","","","","","","","","","","","","","","","","","","","","","","","","","","","","",""
"35049001","CANCALE",48.711667,-1.843333,40,1981050500,"","","","",12.,1,260,1,"","","","","","","","","","","","","","","","","","","","","","","","","","","","",9.2,1,8.,1,"","","","","","","","","","","","","","","","","","","","","","","","","","",93,1,"","","","","","","","","","","","",10.9,1,1005.5,1,"","","","","","",1,1,0,1,5,1,0,1,0,1,"","","","","","","","","","","","","","","","","","","","","","","","",18000,1,"","",0,1,"","","","","","","","","","","","",4,1,"","","","","","","","","","","","","","","","","","","","","","","","","","","","","","","","","","","","","","","","","","","","","","","","","","","","","",""
"35049001","CANCALE",48.711667,-1.843333,40,1981050503,"","","","",10.,1,260,1,"","","","","","","","","","","","","","","","","","","","","","","","","","","","",9.,1,7.3,1,"","","","","","","","","","","","","","","","","","","","","","","","","","",90,1,"","","","","","","","","","","","",10.4,1,1005.8,1,"","","","","","",2,1,0,1,8,1,0,1,0,1,"","","","","","","","","","","","","","","","","","","","","","","","",18000,1,"","",0,1,"","","","","","","","","","","","",4,1,"","","","","","","","","","","","","","","","","","","","","","","","","","","","","","","","","","","","","","","","","","","","","","","","","","","","","",""
"35049001","CANCALE",48.711667,-1.843333,40,1981050506,"","","","",9.,1,260,1,"","","","","","","","","","","","","","","","","","","","","","","","","","","","",9.,1,6.6,1,"","","","","","","","","","","","","","","","","","","","","","","","","","",87,1,"","","","","","","","","","","","",9.9,1,1007.1,1,"","","","","","",7,1,7,1,7,1,"","","","","","","","","","","","","","","","","","","","","","","","","","","","",12000,1,"","",21,1,"","","","",2,1,"","","","","","",4,1,"","","","","","","","","","","","","","","","","","","","","","","","","","","","","","","","","","","","","","","","","","","","","","","","","","","","","",""
"35049001","CANCALE",48.711667,-1.843333,40,1981050509,"","","","",6.,1,240,1,"","","","","","","","","","","","","","","","","","","","","","","","","","","","",9.4,1,7.3,1,"","","","","","","","","","","","","","","","","","","","","","","","","","",88,1,"","","","","","","","","","","","",10.4,1,1007.9,1,"","","","","","",7,1,6,1,2,1,1,1,"","","","","","","","","","","","","","","","","","","","","","","","","","",18000,1,"","",2,1,2,1,"","","","","","","","","","",3,1,"","","","","","","","","","","","","","","","","","","","","","","","","","","","","","","","","","","","","","","","","","","","","","","","","","","","","",""
"35049001","CANCALE",48.711667,-1.843333,40,1981050512,"","","","",2.,1,280,1,"","","","","","","","","","","","","","","","","","","","","","","","","","","","",10.6,1,7.3,1,"","","","","","","","","","","","","","","","","","","","","","","","","","",81,1,"","","","","","","","","","","","",10.4,1,1008.,1,"","","","","","",8,1,8,1,5,1,"","","","","","","","","","","","","","","","","","","","","","","","","","","","",19000,1,"","",51,1,2,1,"","","","","","","","","","",2,1,"","","","","","","","","","","","","","","","","","","","","","","","","","","","","","","","","","","","","","","","","","","","","","","","","","","","","",""
"35049001","CANCALE",48.711667,-1.843333,40,1981050515,"","","","",5.,1,180,1,"","","","","","","","","","","","","","","","","","","","","","","","","","","","",11.3,1,10.,1,"","","","","","","","","","","","","","","","","","","","","","","","","","",94,1,"","","","","","","","","","","","",12.5,1,1008.1,1,"","","","","","",8,1,8,1,5,1,"","","","","","","","","","","","","","","","","","","","","","","","","","","","",15000,1,"","",61,1,6,1,"","","","","","","","","","",3,1,"","","","","","","","","","","","","","","","","","","","","","","","","","","","","","","","","","","","","","","","","","","","","","","","","","","","","",""
"35049001","CANCALE",48.711667,-1.843333,40,1981050518,"","","","",6.,1,260,1,"","","","","","","","","","","","","","","","","","","","","","","","","","","","",10.8,1,10.1,1,"","","","","","","","","","","","","","","","","","","","","","","","","","",97,1,"","","","","","","","","","","","",12.6,1,1008.5,1,"","","","","","",8,1,8,1,7,1,"","","","","","","","","","","","","","","","","","","","","","","","","","","","",800,1,"","",53,1,6,1,"","","","","","","","","","",3,1,"","","","","","","","","","","","","","","","","","","","","","","","","","","","","","","","","","","","","","","","","","","","","","","","","","","","","",""
"35049001","CANCALE",48.711667,-1.843333,40,1981050521,"","","","",8.,1,260,1,"","","","","","","","","","","","","","","","","","","","","","","","","","","","",11.2,1,9.5,1,"","","","","","","","","","","","","","","","","","","","","","","","","","",91,1,"","","","","","","","","","","","",12.1,1,1010.3,1,"","","","","","",8,1,8,1,7,1,"","","","","","","","","","","","","","","","","","","","","","","","","","","","",12000,1,"","",0,1,"","","","","","","","","","","","",3,1,"","","","","","","","","","","","","","","","","","","","","","","","","","","","","","","","","","","","","","","","","","","","","","","","","","","","","",""
"35049001","CANCALE",48.711667,-1.843333,40,1981050600,"","","","",10.,1,260,1,"","","","","","","","","","","","","","","","","","","","","","","","","","","","",11.6,1,10.1,1,"","","","","","","","","","","","","","","","","","","","","","","","","","",92,1,"","","","","","","","","","","","",12.6,1,1010.7,1,"","","","","","",8,1,8,1,5,1,"","","","","","","","","","","","","","","","","","","","","","","","","","","","",18000,1,"","",0,1,"","","","","","","","","","","","",4,1,"","","","","","","","","","","","","","","","","","","","","","","","","","","","","","","","","","","","","","","","","","","","","","","","","","","","","",""
"35049001","CANCALE",48.711667,-1.843333,40,1981050603,"","","","",7.,1,240,1,"","","","","","","","","","","","","","","","","","","","","","","","","","","","",11.7,1,9.9,1,"","","","","","","","","","","","","","","","","","","","","","","","","","",91,1,"","","","","","","","","","","","",12.5,1,1012.7,1,"","","","","","",8,1,8,1,5,1,"","","","","","","","","","","","","","","","","","","","","","","","","","","","",20000,1,"","",0,1,"","","","","","","","","","","","",3,1,"","","","","","","","","","","","","","","","","","","","","","","","","","","","","","","","","","","","","","","","","","","","","","","","","","","","","",""
"35049001","CANCALE",48.711667,-1.843333,40,1981050606,"","","","",5.,1,200,1,"","","","","","","","","","","","","","","","","","","","","","","","","","","","",11.5,1,10.2,1,"","","","","","","","","","","","","","","","","","","","","","","","","","",94,1,"","","","","","","","","","","","",12.7,1,1013.,1,"","","","","","",8,1,8,1,5,1,"","","","","","","","","","","","","","","","","","","","","","","","","","","","",18000,1,"","",2,1,"","","","",1,1,"","","","","","",2,1,"","","","","","","","","","","","","","","","","","","","","","","","","","","","","","","","","","","","","","","","","","","","","","","","","","","","","",""
"35049001","CANCALE",48.711667,-1.843333,40,1981050609,"","","","",5.,1,180,1,"","","","","","","","","","","","","","","","","","","","","","","","","","","","",13.1,1,9.9,1,"","","","","","","","","","","","","","","","","","","","","","","","","","",83,1,"","","","","","","","","","","","",12.5,1,1014.,1,"","","","","","",8,1,8,1,8,1,"","","","","","","","","","","","","","","","","","","","","","","","","","","","",18000,1,"","",2,1,2,1,"","","","","","","","","","",2,1,"","","","","","","","","","","","","","","","","","","","","","","","","","","","","","","","","","","","","","","","","","","","","","","","","","","","","",""
"35049001","CANCALE",48.711667,-1.843333,40,1981050612,"","","","",5.,1,220,1,"","","","","","","","","","","","","","","","","","","","","","","","","","","","",15.4,1,8.7,1,"","","","","","","","","","","","","","","","","","","","","","","","","","",66,1,"","","","","","","","","","","","",11.5,1,1014.6,1,"","","","","","",8,1,8,1,8,1,"","","","","","","","","","","","","","","","","","","","","","","","","","","","",25000,1,"","",2,1,2,1,"","","","","","","","","","",2,1,"","","","","","","","","","","","","","","","","","","","","","","","","","","","","","","","","","","","","","","","","","","","","","","","","","","","","",""
"35049001","CANCALE",48.711667,-1.843333,40,1981050615,"","","","",4.,1,160,1,"","","","","","","","","","","","","","","","","","","","","","","","","","","","",15.,1,9.7,1,"","","","","","","","","","","","","","","","","","","","","","","","","","",72,1,"","","","","","","","","","","","",12.3,1,1014.3,1,"","","","","","",8,1,8,1,8,1,"","","","","","","","","","","","","","","","","","","","","","","","","","","","",28000,1,"","",2,1,2,1,"","","","","","","","","","",2,1,"","","","","","","","","","","","","","","","","","","","","","","","","","","","","","","","","","","","","","","","","","","","","","","","","","","","","",""
"35049001","CANCALE",48.711667,-1.843333,40,1981050618,"","","","",4.,1,160,1,"","","","","","","","","","","","","","","","","","","","","","","","","","","","",13.8,1,10.1,1,"","","","","","","","","","","","","","","","","","","","","","","","","","",80,1,"","","","","","","","","","","","",12.6,1,1014.,1,"","","","","","",8,1,8,1,5,1,"","","","","","","","","","","","","","","","","","","","","","","","","","","","",22000,1,"","",2,1,2,1,"","","","","","","","","","",2,1,"","","","","","","","","","","","","","","","","","","","","","","","","","","","","","","","","","","","","","","","","","","","","","","","","","","","","",""
"35049001","CANCALE",48.711667,-1.843333,40,1981050621,"","","","",6.,1,100,1,"","","","","","","","","","","","","","","","","","","","","","","","","","","","",11.4,1,9.9,1,"","","","","","","","","","","","","","","","","","","","","","","","","","",92,1,"","","","","","","","","","","","",12.5,1,1013.8,1,"","","","","","",8,1,8,1,5,1,"","","","","","","","","","","","","","","","","","","","","","","","","","","","",20000,1,"","",0,1,"","","","","","","","","","","","",2,1,"","","","","","","","","","","","","","","","","","","","","","","","","","","","","","","","","","","","","","","","","","","","","","","","","","","","","",""
"35049001","CANCALE",48.711667,-1.843333,40,1981050700,"","","","",7.,1,80,1,"","","","","","","","","","","","","","","","","","","","","","","","","","","","",10.6,1,9.3,1,"","","","","","","","","","","","","","","","","","","","","","","","","","",94,1,"","","","","","","","","","","","",12.,1,1010.8,1,"","","","","","",0,1,"","",0,1,0,1,0,1,"","","","","","","","","","","","","","","","","","","","","","","","",12000,1,"","",0,1,"","","","","","","","","","","","",3,1,"","","","","","","","","","","","","","","","","","","","","","","","","","","","","","","","","","","","","","","","","","","","","","","","","","","","","",""
"35049001","CANCALE",48.711667,-1.843333,40,1981050703,"","","","",9.,1,80,1,"","","","","","","","","","","","","","","","","","","","","","","","","","","","",10.5,1,9.2,1,"","","","","","","","","","","","","","","","","","","","","","","","","","",94,1,"","","","","","","","","","","","",11.9,1,1007.4,1,"","","","","","",8,1,8,1,0,1,7,1,"","","","","","","","","","","","","","","","","","","","","","","","","","",25000,1,"","",0,1,"","","","","","","","","","","","",3,1,"","","","","","","","","","","","","","","","","","","","","","","","","","","","","","","","","","","","","","","","","","","","","","","","","","","","","",""
"35049001","CANCALE",48.711667,-1.843333,40,1981050706,"","","","",10.,1,80,1,"","","","","","","","","","","","","","","","","","","","","","","","","","","","",10.5,1,8.6,1,"","","","","","","","","","","","","","","","","","","","","","","","","","",94,1,"","","","","","","","","","","","",11.4,1,1004.7,1,"","","","","","",8,1,8,1,0,1,7,1,"","","","","","","","","","","","","","","","","","","","","","","","","","",22000,1,"","",2,1,"","","","",0,1,"","","","","","",3,1,"","","","","","","","","","","","","","","","","","","","","","","","","","","","","","","","","","","","","","","","","","","","","","","","","","","","","",""
"35049001","CANCALE",48.711667,-1.843333,40,1981050709,"","","","",6.,1,100,1,"","","","","","","","","","","","","","","","","","","","","","","","","","","","",12.,1,10.2,1,"","","","","","","","","","","","","","","","","","","","","","","","","","",90,1,"","","","","","","","","","","","",12.7,1,1002.8,1,"","","","","","",8,1,8,1,7,1,"","","","","","","","","","","","","","","","","","","","","","","","","","","","",10000,1,"","",61,1,6,1,"","","","","","","","","","",3,1,"","","","","","","","","","","","","","","","","","","","","","","","","","","","","","","","","","","","","","","","","","","","","","","","","","","","","",""
"35049001","CANCALE",48.711667,-1.843333,40,1981050712,"","","","",13.,1,140,1,"","","","","","","","","","","","","","","","","","","","","","","","","","","","",16.,1,11.1,1,"","","","","","","","","","","","","","","","","","","","","","","","","","",74,1,"","","","","","","","","","","","",13.5,1,999.8,1,"","","","","","",6,1,5,1,0,1,7,1,1,1,"","","","","","","","","","","","","","","","","","","","","","","","",25000,1,"","",1,1,6,1,"","","","","","","","","","",3,1,"","","","","","","","","","","","","","","","","","","","","","","","","","","","","","","","","","","","","","","","","","","","","","","","","","","","","",""
"35049001","CANCALE",48.711667,-1.843333,40,1981050715,"","","","",8.,1,160,1,"","","","","","","","","","","","","","","","","","","","","","","","","","","","",19.2,1,12.9,1,"","","","","","","","","","","","","","","","","","","","","","","","","","",69,1,"","","","","","","","","","","","",15.3,1,1000.5,1,"","","","","","",7,1,7,1,1,1,7,1,"","","","","","","","","","","","","","","","","","","","","","","","","","",22000,1,"","",2,1,2,1,"","","","","","","","","","",3,1,"","","","","","","","","","","","","","","","","","","","","","","","","","","","","","","","","","","","","","","","","","","","","","","","","","","","","",""
"35049001","CANCALE",48.711667,-1.843333,40,1981050718,"","","","",8.,1,160,1,"","","","","","","","","","","","","","","","","","","","","","","","","","","","",14.,1,12.,1,"","","","","","","","","","","","","","","","","","","","","","","","","","",90,1,"","","","","","","","","","","","",14.4,1,1002.4,1,"","","","","","",7,1,6,1,0,1,7,1,1,1,"","","","","","","","","","","","","","","","","","","","","","","","",15000,1,"","",2,1,6,1,"","","","","","","","","","",3,1,"","","","","","","","","","","","","","","","","","","","","","","","","","","","","","","","","","","","","","","","","","","","","","","","","","","","","",""
"35049001","CANCALE",48.711667,-1.843333,40,1981050721,"","","","",6.,1,180,1,"","","","","","","","","","","","","","","","","","","","","","","","","","","","",13.,1,10.7,1,"","","","","","","","","","","","","","","","","","","","","","","","","","",88,1,"","","","","","","","","","","","",13.2,1,1003.9,1,"","","","","","",5,1,5,1,0,1,7,1,0,1,"","","","","","","","","","","","","","","","","","","","","","","","",22000,1,"","",0,1,"","","","","","","","","","","","",3,1,"","","","","","","","","","","","","","","","","","","","","","","","","","","","","","","","","","","","","","","","","","","","","","","","","","","","","",""
"35049001","CANCALE",48.711667,-1.843333,40,1981050800,"","","","",7.,1,160,1,"","","","","","","","","","","","","","","","","","","","","","","","","","","","",12.4,1,10.4,1,"","","","","","","","","","","","","","","","","","","","","","","","","","",88,1,"","","","","","","","","","","","",12.9,1,1003.9,1,"","","","","","",6,1,6,1,0,1,1,1,0,1,"","","","","","","","","","","","","","","","","","","","","","","","",23000,1,"","",0,1,"","","","","","","","","","","","",3,1,"","","","","","","","","","","","","","","","","","","","","","","","","","","","","","","","","","","","","","","","","","","","","","","","","","","","","",""
"35049001","CANCALE",48.711667,-1.843333,40,1981050803,"","","","",3.,1,160,1,"","","","","","","","","","","","","","","","","","","","","","","","","","","","",12.,1,10.2,1,"","","","","","","","","","","","","","","","","","","","","","","","","","",90,1,"","","","","","","","","","","","",12.7,1,1004.6,1,"","","","","","",8,1,8,1,0,1,1,1,"","","","","","","","","","","","","","","","","","","","","","","","","","",23000,1,"","",0,1,"","","","","","","","","","","","",3,1,"","","","","","","","","","","","","","","","","","","","","","","","","","","","","","","","","","","","","","","","","","","","","","","","","","","","","",""
"35049001","CANCALE",48.711667,-1.843333,40,1981050806,"","","","",4.,1,180,1,"","","","","","","","","","","","","","","","","","","","","","","","","","","","",11.4,1,9.5,1,"","","","","","","","","","","","","","","","","","","","","","","","","","",90,1,"","","","","","","","","","","","",12.1,1,1005.9,1,"","","","","","",6,1,6,1,8,1,0,1,0,1,"","","","","","","","","","","","","","","","","","","","","","","","",28000,1,"","",2,1,"","","","",0,1,"","","","","","",2,1,"","","","","","","","","","","","","","","","","","","","","","","","","","","","","","","","","","","","","","","","","","","","","","","","","","","","","",""
"35049001","CANCALE",48.711667,-1.843333,40,1981050809,"","","","",5.,1,160,1,"","","","","","","","","","","","","","","","","","","","","","","","","","","","",12.8,1,9.3,1,"","","","","","","","","","","","","","","","","","","","","","","","","","",81,1,"","","","","","","","","","","","",12.,1,1007.8,1,"","","","","","",6,1,0,1,2,1,6,1,2,1,"","","","","","","","","","","","","","","","","","","","","","","","",30000,1,"","",2,1,2,1,"","","","","","","","","","",2,1,"","","","","","","","","","","","","","","","","","","","","","","","","","","","","","","","","","","","","","","","","","","","","","","","","","","","","",""
"35049001","CANCALE",48.711667,-1.843333,40,1981050812,"","","","",0.,1,0,1,"","","","","","","","","","","","","","","","","","","","","","","","","","","","",14.6,1,9.1,1,"","","","","","","","","","","","","","","","","","","","","","","","","","",71,1,"","","","","","","","","","","","",11.8,1,1008.2,1,"","","","","","",6,1,5,1,2,1,0,1,2,1,"","","","","","","","","","","","","","","","","","","","","","","","",30000,1,"","",2,1,2,1,"","","","","","","","","","",2,1,"","","","","","","","","","","","","","","","","","","","","","","","","","","","","","","","","","","","","","","","","","","","","","","","","","","","","",""
"35049001","CANCALE",48.711667,-1.843333,40,1981050815,"","","","",2.,1,160,1,"","","","","","","","","","","","","","","","","","","","","","","","","","","","",14.6,1,8.5,1,"","","","","","","","","","","","","","","","","","","","","","","","","","",68,1,"","","","","","","","","","","","",11.3,1,1007.9,1,"","","","","","",7,1,7,1,2,1,0,1,8,1,"","","","","","","","","","","","","","","","","","","","","","","","",35000,1,"","",2,1,2,1,"","","","","","","","","","",2,1,"","","","","","","","","","","","","","","","","","","","","","","","","","","","","","","","","","","","","","","","","","","","","","","","","","","","","",""
"35049001","CANCALE",48.711667,-1.843333,40,1981050818,"","","","",1.,1,220,1,"","","","","","","","","","","","","","","","","","","","","","","","","","","","",15.4,1,8.1,1,"","","","","","","","","","","","","","","","","","","","","","","","","","",63,1,"","","","","","","","","","","","",11.,1,1007.9,1,"","","","","","",6,1,6,1,2,1,0,1,8,1,"","","","","","","","","","","","","","","","","","","","","","","","",35000,1,"","",2,1,2,1,"","","","","","","","","","",2,1,"","","","","","","","","","","","","","","","","","","","","","","","","","","","","","","","","","","","","","","","","","","","","","","","","","","","","",""
"35049001","CANCALE",48.711667,-1.843333,40,1981050821,"","","","",0.,1,0,1,"","","","","","","","","","","","","","","","","","","","","","","","","","","","",12.8,1,7.3,1,"","","","","","","","","","","","","","","","","","","","","","","","","","",70,1,"","","","","","","","","","","","",10.4,1,1007.9,1,"","","","","","",1,1,0,1,0,1,0,1,2,1,"","","","","","","","","","","","","","","","","","","","","","","","",35000,1,"","",0,1,"","","","","","","","","","","","",2,1,"","","","","","","","","","","","","","","","","","","","","","","","","","","","","","","","","","","","","","","","","","","","","","","","","","","","","",""
"35049001","CANCALE",48.711667,-1.843333,40,1981050900,"","","","",5.,1,40,1,"","","","","","","","","","","","","","","","","","","","","","","","","","","","",10.8,1,8.7,1,"","","","","","","","","","","","","","","","","","","","","","","","","","",89,1,"","","","","","","","","","","","",11.5,1,1007.4,1,"","","","","","",3,1,0,1,1,1,0,1,2,1,"","","","","","","","","","","","","","","","","","","","","","","","",30000,1,"","",0,1,"","","","","","","","","","","","",2,1,"","","","","","","","","","","","","","","","","","","","","","","","","","","","","","","","","","","","","","","","","","","","","","","","","","","","","",""
"35049001","CANCALE",48.711667,-1.843333,40,1981050903,"","","","",6.,1,60,1,"","","","","","","","","","","","","","","","","","","","","","","","","","","","",10.4,1,8.5,1,"","","","","","","","","","","","","","","","","","","","","","","","","","",90,1,"","","","","","","","","","","","",11.3,1,1004.7,1,"","","","","","",2,1,0,1,0,1,0,1,2,1,"","","","","","","","","","","","","","","","","","","","","","","","",23000,1,"","",0,1,"","","","","","","","","","","","",2,1,"","","","","","","","","","","","","","","","","","","","","","","","","","","","","","","","","","","","","","","","","","","","","","","","","","","","","",""
"35049001","CANCALE",48.711667,-1.843333,40,1981050906,"","","","",7.,1,40,1,"","","","","","","","","","","","","","","","","","","","","","","","","","","","",10.5,1,9.2,1,"","","","","","","","","","","","","","","","","","","","","","","","","","",94,1,"","","","","","","","","","","","",11.9,1,1004.3,1,"","","","","","",7,1,7,1,0,1,7,1,"","","","","","","","","","","","","","","","","","","","","","","","","","",8000,1,"","",2,1,"","","","",0,1,"","","","","","",2,1,"","","","","","","","","","","","","","","","","","","","","","","","","","","","","","","","","","","","","","","","","","","","","","","","","","","","","",""
"35049001","CANCALE",48.711667,-1.843333,40,1981050909,"","","","",5.,1,60,1,"","","","","","","","","","","","","","","","","","","","","","","","","","","","",11.2,1,9.5,1,"","","","","","","","","","","","","","","","","","","","","","","","","","",91,1,"","","","","","","","","","","","",12.1,1,1003.4,1,"","","","","","",8,1,8,1,0,1,7,1,"","","","","","","","","","","","","","","","","","","","","","","","","","",8000,1,"","",61,1,2,1,"","","","","","","","","","",2,1,"","","","","","","","","","","","","","","","","","","","","","","","","","","","","","","","","","","","","","","","","","","","","","","","","","","","","",""
"35049001","CANCALE",48.711667,-1.843333,40,1981050912,"","","","",5.,1,80,1,"","","","","","","","","","","","","","","","","","","","","","","","","","","","",11.4,1,10.6,1,"","","","","","","","","","","","","","","","","","","","","","","","","","",97,1,"","","","","","","","","","","","",13.1,1,1002.2,1,"","","","","","",8,1,8,1,5,1,"","","","","","","","","","","","","","","","","","","","","","","","","","","","",6000,1,"","",61,1,6,1,"","","","","","","","","","",2,1,"","","","","","","","","","","","","","","","","","","","","","","","","","","","","","","","","","","","","","","","","","","","","","","","","","","","","",""
"35049001","CANCALE",48.711667,-1.843333,40,1981050915,"","","","",2.,1,60,1,"","","","","","","","","","","","","","","","","","","","","","","","","","","","",14.1,1,12.6,1,"","","","","","","","","","","","","","","","","","","","","","","","","","",93,1,"","","","","","","","","","","","",15.,1,1000.2,1,"","","","","","",8,1,5,1,8,1,2,1,"","","","","","","","","","","","","","","","","","","","","","","","","","",12000,1,"","",2,1,6,1,"","","","","","","","","","",2,1,"","","","","","","","","","","","","","","","","","","","","","","","","","","","","","","","","","","","","","","","","","","","","","","","","","","","","",""
"35049001","CANCALE",48.711667,-1.843333,40,1981050918,"","","","",6.,1,60,1,"","","","","","","","","","","","","","","","","","","","","","","","","","","","",14.4,1,11.6,1,"","","","","","","","","","","","","","","","","","","","","","","","","","",85,1,"","","","","","","","","","","","",14.,1,999.1,1,"","","","","","",8,1,8,1,0,1,7,1,"","","","","","","","","","","","","","","","","","","","","","","","","","",18000,1,"","",2,1,6,1,"","","","","","","","","","",2,1,"","","","","","","","","","","","","","","","","","","","","","","","","","","","","","","","","","","","","","","","","","","","","","","","","","","","","",""
"35049001","CANCALE",48.711667,-1.843333,40,1981050921,"","","","",4.,1,200,1,"","","","","","","","","","","","","","","","","","","","","","","","","","","","",13.5,1,11.8,1,"","","","","","","","","","","","","","","","","","","","","","","","","","",92,1,"","","","","","","","","","","","",14.2,1,998.8,1,"","","","","","",8,1,8,1,5,1,"","","","","","","","","","","","","","","","","","","","","","","","","","","","",16000,1,"","",61,1,"","","","","","","","","","","","",2,1,"","","","","","","","","","","","","","","","","","","","","","","","","","","","","","","","","","","","","","","","","","","","","","","","","","","","","",""
"35049001","CANCALE",48.711667,-1.843333,40,1981051000,"","","","",3.,1,180,1,"","","","","","","","","","","","","","","","","","","","","","","","","","","","",11.6,1,10.6,1,"","","","","","","","","","","","","","","","","","","","","","","","","","",96,1,"","","","","","","","","","","","",13.1,1,998.8,1,"","","","","","",8,1,8,1,5,1,"","","","","","","","","","","","","","","","","","","","","","","","","","","","",20000,1,"","",61,1,"","","","","","","","","","","","",2,1,"","","","","","","","","","","","","","","","","","","","","","","","","","","","","","","","","","","","","","","","","","","","","","","","","","","","","",""
"35049001","CANCALE",48.711667,-1.843333,40,1981051003,"","","","",4.,1,140,1,"","","","","","","","","","","","","","","","","","","","","","","","","","","","",9.7,1,8.3,1,"","","","","","","","","","","","","","","","","","","","","","","","","","",94,1,"","","","","","","","","","","","",11.2,1,998.7,1,"","","","","","",8,1,8,1,5,1,"","","","","","","","","","","","","","","","","","","","","","","","","","","","",25000,1,"","",61,1,"","","","","","","","","","","","",2,1,"","","","","","","","","","","","","","","","","","","","","","","","","","","","","","","","","","","","","","","","","","","","","","","","","","","","","",""
"35049001","CANCALE",48.711667,-1.843333,40,1981051006,"","","","",6.,1,160,1,"","","","","","","","","","","","","","","","","","","","","","","","","","","","",9.5,1,8.2,1,"","","","","","","","","","","","","","","","","","","","","","","","","","",94,1,"","","","","","","","","","","","",11.1,1,999.6,1,"","","","","","",8,1,8,1,5,1,"","","","","","","","","","","","","","","","","","","","","","","","","","","","",6000,1,"","",61,1,"","","","",2,1,"","","","","","",2,1,"","","","","","","","","","","","","","","","","","","","","","","","","","","","","","","","","","","","","","","","","","","","","","","","","","","","","",""
"35049001","CANCALE",48.711667,-1.843333,40,1981051009,"","","","",9.,1,140,1,"","","","","","","","","","","","","","","","","","","","","","","","","","","","",12.1,1,8.6,1,"","","","","","","","","","","","","","","","","","","","","","","","","","",81,1,"","","","","","","","","","","","",11.4,1,1001.6,1,"","","","","","",5,1,0,1,5,1,0,1,2,1,"","","","","","","","","","","","","","","","","","","","","","","","",35000,1,"","",1,1,6,1,"","","","","","","","","","",3,1,"","","","","","","","","","","","","","","","","","","","","","","","","","","","","","","","","","","","","","","","","","","","","","","","","","","","","",""
"35049001","CANCALE",48.711667,-1.843333,40,1981051012,"","","","",6.,1,80,1,"","","","","","","","","","","","","","","","","","","","","","","","","","","","",14.8,1,9.9,1,"","","","","","","","","","","","","","","","","","","","","","","","","","",74,1,"","","","","","","","","","","","",12.5,1,1003.,1,"","","","","","",7,1,5,1,1,1,0,1,2,1,"","","","","","","","","","","","","","","","","","","","","","","","",50000,1,"","",2,1,6,1,"","","","","","","","","","",2,1,"","","","","","","","","","","","","","","","","","","","","","","","","","","","","","","","","","","","","","","","","","","","","","","","","","","","","",""
"35049001","CANCALE",48.711667,-1.843333,40,1981051015,"","","","",4.,1,80,1,"","","","","","","","","","","","","","","","","","","","","","","","","","","","",15.4,1,10.2,1,"","","","","","","","","","","","","","","","","","","","","","","","","","",73,1,"","","","","","","","","","","","",12.7,1,1003.1,1,"","","","","","",7,1,7,1,1,1,0,1,8,1,"","","","","","","","","","","","","","","","","","","","","","","","",50000,1,"","",2,1,2,1,"","","","","","","","","","",2,1,"","","","","","","","","","","","","","","","","","","","","","","","","","","","","","","","","","","","","","","","","","","","","","","","","","","","","",""
"35049001","CANCALE",48.711667,-1.843333,40,1981051018,"","","","",4.,1,60,1,"","","","","","","","","","","","","","","","","","","","","","","","","","","","",15.8,1,8.1,1,"","","","","","","","","","","","","","","","","","","","","","","","","","",61,1,"","","","","","","","","","","","",11.,1,1003.9,1,"","","","","","",8,1,8,1,1,1,7,1,"","","","","","","","","","","","","","","","","","","","","","","","","","",50000,1,"","",3,1,2,1,"","","","","","","","","","",2,1,"","","","","","","","","","","","","","","","","","","","","","","","","","","","","","","","","","","","","","","","","","","","","","","","","","","","","",""
"35049001","CANCALE",48.711667,-1.843333,40,1981051021,"","","","",5.,1,20,1,"","","","","","","","","","","","","","","","","","","","","","","","","","","","",12.3,1,10.1,1,"","","","","","","","","","","","","","","","","","","","","","","","","","",88,1,"","","","","","","","","","","","",12.6,1,1004.6,1,"","","","","","",2,1,0,1,0,1,0,1,2,1,"","","","","","","","","","","","","","","","","","","","","","","","",35000,1,"","",0,1,"","","","","","","","","","","","",2,1,"","","","","","","","","","","","","","","","","","","","","","","","","","","","","","","","","","","","","","","","","","","","","","","","","","","","","",""
"35049001","CANCALE",48.711667,-1.843333,40,1981051100,"","","","",1.,1,40,1,"","","","","","","","","","","","","","","","","","","","","","","","","","","","",11.5,1,9.2,1,"","","","","","","","","","","","","","","","","","","","","","","","","","",88,1,"","","","","","","","","","","","",11.9,1,1004.6,1,"","","","","","",2,1,0,1,0,1,0,1,2,1,"","","","","","","","","","","","","","","","","","","","","","","","",50000,1,"","",0,1,"","","","","","","","","","","","",2,1,"","","","","","","","","","","","","","","","","","","","","","","","","","","","","","","","","","","","","","","","","","","","","","","","","","","","","",""
"35049001","CANCALE",48.711667,-1.843333,40,1981051103,"","","","",2.,1,280,1,"","","","","","","","","","","","","","","","","","","","","","","","","","","","",10.6,1,9.1,1,"","","","","","","","","","","","","","","","","","","","","","","","","","",92,1,"","","","","","","","","","","","",11.8,1,1004.4,1,"","","","","","",8,1,8,1,0,1,2,1,0,1,"","","","","","","","","","","","","","","","","","","","","","","","",50000,1,"","",0,1,"","","","","","","","","","","","",2,1,"","","","","","","","","","","","","","","","","","","","","","","","","","","","","","","","","","","","","","","","","","","","","","","","","","","","","",""
"35049001","CANCALE",48.711667,-1.843333,40,1981051106,"","","","",6.,1,280,1,"","","","","","","","","","","","","","","","","","","","","","","","","","","","",10.3,1,9.,1,"","","","","","","","","","","","","","","","","","","","","","","","","","",94,1,"","","","","","","","","","","","",11.7,1,1003.9,1,"","","","","","",8,1,8,1,5,1,"","","","","","","","","","","","","","","","","","","","","","","","","","","","",16000,1,"","",61,1,"","","","",2,1,"","","","","","",3,1,"","","","","","","","","","","","","","","","","","","","","","","","","","","","","","","","","","","","","","","","","","","","","","","","","","","","","",""
"35049001","CANCALE",48.711667,-1.843333,40,1981051109,"","","","",14.,1,280,1,"","","","","","","","","","","","","","","","","","","","","","","","","","","","",10.4,1,8.3,1,"","","","","","","","","","","","","","","","","","","","","","","","","","",88,1,"","","","","","","","","","","","",11.2,1,1002.6,1,"","","","","","",8,1,8,1,0,1,7,1,"","","","","","","","","","","","","","","","","","","","","","","","","","",18000,1,"","",2,1,6,1,"","","","","","","","","","",4,1,"","","","","","","","","","","","","","","","","","","","","","","","","","","","","","","","","","","","","","","","","","","","","","","","","","","","","",""
"35049001","CANCALE",48.711667,-1.843333,40,1981051112,"","","","",13.,1,280,1,"","","","","","","","","","","","","","","","","","","","","","","","","","","","",9.6,1,8.7,1,"","","","","","","","","","","","","","","","","","","","","","","","","","",96,1,"","","","","","","","","","","","",11.5,1,1002.6,1,"","","","","","",8,1,8,1,9,1,"","","","","","","","","","","","","","","","","","","","","","","","","","","","",7000,1,"","",92,1,9,1,"","","","","","","","","","",4,1,"","","","","","","","","","","","","","","","","","","","","","","","","","","","","","","","","","","","","","","","","","","","","","","","","","","","","",""
"35049001","CANCALE",48.711667,-1.843333,40,1981051115,"","","","",20.,1,280,1,"","","","","","","","","","","","","","","","","","","","","","","","","","","","",9.8,1,8.7,1,"","","","","","","","","","","","","","","","","","","","","","","","","","",95,1,"","","","","","","","","","","","",11.5,1,999.5,1,"","","","","","",8,1,8,1,7,1,"","","","","","","","","","","","","","","","","","","","","","","","","","","","",3500,1,"","",63,1,6,1,"","","","","","","","","","",5,1,"","","","","","","","","","","","","","","","","","","","","","","","","","","","","","","","","","","","","","","","","","","","","","","","","","","","","",""
"35049001","CANCALE",48.711667,-1.843333,40,1981051118,"","","","",18.,1,280,1,"","","","","","","","","","","","","","","","","","","","","","","","","","","","",11.,1,8.7,1,"","","","","","","","","","","","","","","","","","","","","","","","","","",87,1,"","","","","","","","","","","","",11.5,1,1000.3,1,"","","","","","",8,1,8,1,0,1,7,1,"","","","","","","","","","","","","","","","","","","","","","","","","","",18000,1,"","",61,1,6,1,"","","","","","","","","","",5,1,"","","","","","","","","","","","","","","","","","","","","","","","","","","","","","","","","","","","","","","","","","","","","","","","","","","","","",""
"35049001","CANCALE",48.711667,-1.843333,40,1981051121,"","","","",19.,1,280,1,"","","","","","","","","","","","","","","","","","","","","","","","","","","","",10.4,1,9.3,1,"","","","","","","","","","","","","","","","","","","","","","","","","","",95,1,"","","","","","","","","","","","",12.,1,1000.4,1,"","","","","","",8,1,8,1,7,1,"","","","","","","","","","","","","","","","","","","","","","","","","","","","",4000,1,"","",10,1,"","","","","","","","","","","","",5,1,"","","","","","","","","","","","","","","","","","","","","","","","","","","","","","","","","","","","","","","","","","","","","","","","","","","","","",""
"35049001","CANCALE",48.711667,-1.843333,40,1981051200,"","","","",17.,1,280,1,"","","","","","","","","","","","","","","","","","","","","","","","","","","","",10.7,1,8.3,1,"","","","","","","","","","","","","","","","","","","","","","","","","","",87,1,"","","","","","","","","","","","",11.2,1,1001.6,1,"","","","","","",8,1,8,1,7,1,"","","","","","","","","","","","","","","","","","","","","","","","","","","","",14000,1,"","",0,1,"","","","","","","","","","","","",5,1,"","","","","","","","","","","","","","","","","","","","","","","","","","","","","","","","","","","","","","","","","","","","","","","","","","","","","",""
"35049001","CANCALE",48.711667,-1.843333,40,1981051203,"","","","",15.,1,280,1,"","","","","","","","","","","","","","","","","","","","","","","","","","","","",10.5,1,9.2,1,"","","","","","","","","","","","","","","","","","","","","","","","","","",94,1,"","","","","","","","","","","","",11.9,1,1000.2,1,"","","","","","",8,1,8,1,7,1,"","","","","","","","","","","","","","","","","","","","","","","","","","","","",16000,1,"","",0,1,"","","","","","","","","","","","",5,1,"","","","","","","","","","","","","","","","","","","","","","","","","","","","","","","","","","","","","","","","","","","","","","","","","","","","","",""
"35049001","CANCALE",48.711667,-1.843333,40,1981051206,"","","","",17.,1,300,1,"","","","","","","","","","","","","","","","","","","","","","","","","","","","",10.5,1,9.2,1,"","","","","","","","","","","","","","","","","","","","","","","","","","",94,1,"","","","","","","","","","","","",11.9,1,999.2,1,"","","","","","",8,1,8,1,7,1,"","","","","","","","","","","","","","","","","","","","","","","","","","","","",10000,1,"","",2,1,"","","","",2,1,"","","","","","",5,1,"","","","","","","","","","","","","","","","","","","","","","","","","","","","","","","","","","","","","","","","","","","","","","","","","","","","","",""
"35049001","CANCALE",48.711667,-1.843333,40,1981051209,"","","","",14.,1,300,1,"","","","","","","","","","","","","","","","","","","","","","","","","","","","",10.3,1,9.6,1,"","","","","","","","","","","","","","","","","","","","","","","","","","",97,1,"","","","","","","","","","","","",12.2,1,1000.4,1,"","","","","","",8,1,8,1,9,1,"","","","","","","","","","","","","","","","","","","","","","","","","","","","",2500,1,"","",95,1,6,1,"","","","","","","","","","",5,1,"","","","","","","","","","","","","","","","","","","","","","","","","","","","","","","","","","","","","","","","","","","","","","","","","","","","","",""
"35049001","CANCALE",48.711667,-1.843333,40,1981051212,"","","","",11.,1,300,1,"","","","","","","","","","","","","","","","","","","","","","","","","","","","",10.1,1,10.1,1,"","","","","","","","","","","","","","","","","","","","","","","","","","",99,1,"","","","","","","","","","","","",12.2,1,1001.2,1,"","","","","","",8,1,8,1,7,1,"","","","","","","","","","","","","","","","","","","","","","","","","","","","",1000,1,"","",53,1,9,1,"","","","","","","","","","",5,1,"","","","","","","","","","","","","","","","","","","","","","","","","","","","","","","","","","","","","","","","","","","","","","","","","","","","","",""
"35049001","CANCALE",48.711667,-1.843333,40,1981051215,"","","","",10.,1,300,1,"","","","","","","","","","","","","","","","","","","","","","","","","","","","",10.1,1,10.1,1,"","","","","","","","","","","","","","","","","","","","","","","","","","",100,1,"","","","","","","","","","","","",12.3,1,1002.3,1,"","","","","","",8,1,8,1,7,1,"","","","","","","","","","","","","","","","","","","","","","","","","","","","",600,1,"","",53,1,5,1,"","","","","","","","","","",4,1,"","","","","","","","","","","","","","","","","","","","","","","","","","","","","","","","","","","","","","","","","","","","","","","","","","","","","",""
"35049001","CANCALE",48.711667,-1.843333,40,1981051218,"","","","",9.,1,300,1,"","","","","","","","","","","","","","","","","","","","","","","","","","","","",10.1,1,10.1,1,"","","","","","","","","","","","","","","","","","","","","","","","","","",99,1,"","","","","","","","","","","","",12.2,1,1003.2,1,"","","","","","",8,1,8,1,6,1,"","","","","","","","","","","","","","","","","","","","","","","","","","","","",3500,1,"","",10,1,5,1,"","","","","","","","","","",3,1,"","","","","","","","","","","","","","","","","","","","","","","","","","","","","","","","","","","","","","","","","","","","","","","","","","","","","",""
"35049001","CANCALE",48.711667,-1.843333,40,1981051221,"","","","",7.,1,280,1,"","","","","","","","","","","","","","","","","","","","","","","","","","","","",10.1,1,10.1,1,"","","","","","","","","","","","","","","","","","","","","","","","","","",100,1,"","","","","","","","","","","","",12.3,1,1003.6,1,"","","","","","",9,1,"","","","","","","","","","","","","","","","","","","","","","","","","","","","","","","","",100,1,"","",45,1,4,1,"","","","","","","","","","","","","","","","","","","","","","","","","","","","","","","","","","","","","","","","","","","","","","","","","","","","","","","","","","","","","","","","","",""
"35049001","CANCALE",48.711667,-1.843333,40,1981051300,"","","","",7.,1,280,1,"","","","","","","","","","","","","","","","","","","","","","","","","","","","",10.,1,10.,1,"","","","","","","","","","","","","","","","","","","","","","","","","","",100,1,"","","","","","","","","","","","",12.2,1,1003.6,1,"","","","","","",9,1,"","","","","","","","","","","","","","","","","","","","","","","","","","","","","","","","",100,1,"","",45,1,"","","","","","","","","","","","","","","","","","","","","","","","","","","","","","","","","","","","","","","","","","","","","","","","","","","","","","","","","","","","","","","","","","","",""
"35049001","CANCALE",48.711667,-1.843333,40,1981051303,"","","","",6.,1,280,1,"","","","","","","","","","","","","","","","","","","","","","","","","","","","",10.,1,10.,1,"","","","","","","","","","","","","","","","","","","","","","","","","","",100,1,"","","","","","","","","","","","",12.2,1,1002.8,1,"","","","","","",9,1,"","","","","","","","","","","","","","","","","","","","","","","","","","","","","","","","",60,1,"","",45,1,"","","","","","","","","","","","","","","","","","","","","","","","","","","","","","","","","","","","","","","","","","","","","","","","","","","","","","","","","","","","","","","","","","","",""
"35049001","CANCALE",48.711667,-1.843333,40,1981051306,"","","","",5.,1,280,1,"","","","","","","","","","","","","","","","","","","","","","","","","","","","",10.,1,10.,1,"","","","","","","","","","","","","","","","","","","","","","","","","","",100,1,"","","","","","","","","","","","",12.2,1,1003.,1,"","","","","","",9,1,"","","","","","","","","","","","","","","","","","","","","","","","","","","","","","","","",60,1,"","",45,1,"","","","",2,1,"","","","","","","","","","","","","","","","","","","","","","","","","","","","","","","","","","","","","","","","","","","","","","","","","","","","","","","","","","","","","",""
"35049001","CANCALE",48.711667,-1.843333,40,1981051309,"","","","",10.,1,260,1,"","","","","","","","","","","","","","","","","","","","","","","","","","","","",10.,1,10.,1,"","","","","","","","","","","","","","","","","","","","","","","","","","",100,1,"","","","","","","","","","","","",12.2,1,1003.1,1,"","","","","","",8,1,8,1,7,1,"","","","","","","","","","","","","","","","","","","","","","","","","","","","",4000,1,"","",61,1,4,1,"","","","","","","","","","",3,1,"","","","","","","","","","","","","","","","","","","","","","","","","","","","","","","","","","","","","","","","","","","","","","","","","","","","","",""
"35049001","CANCALE",48.711667,-1.843333,40,1981051312,"","","","",7.,1,220,1,"","","","","","","","","","","","","","","","","","","","","","","","","","","","",10.3,1,9.6,1,"","","","","","","","","","","","","","","","","","","","","","","","","","",97,1,"","","","","","","","","","","","",12.2,1,1003.9,1,"","","","","","",8,1,8,1,7,1,"","","","","","","","","","","","","","","","","","","","","","","","","","","","",2000,1,"","",61,1,4,1,"","","","","","","","","","",3,1,"","","","","","","","","","","","","","","","","","","","","","","","","","","","","","","","","","","","","","","","","","","","","","","","","","","","","",""
"35049001","CANCALE",48.711667,-1.843333,40,1981051315,"","","","",14.,1,240,1,"","","","","","","","","","","","","","","","","","","","","","","","","","","","",9.8,1,7.8,1,"","","","","","","","","","","","","","","","","","","","","","","","","","",90,1,"","","","","","","","","","","","",10.8,1,1005.8,1,"","","","","","",8,1,8,1,8,1,"","","","","","","","","","","","","","","","","","","","","","","","","","","","",16000,1,"","",2,1,8,1,"","","","","","","","","","",4,1,"","","","","","","","","","","","","","","","","","","","","","","","","","","","","","","","","","","","","","","","","","","","","","","","","","","","","",""
"35049001","CANCALE",48.711667,-1.843333,40,1981051318,"","","","",7.,1,240,1,"","","","","","","","","","","","","","","","","","","","","","","","","","","","",9.9,1,7.2,1,"","","","","","","","","","","","","","","","","","","","","","","","","","",84,1,"","","","","","","","","","","","",10.3,1,1007.9,1,"","","","","","",8,1,8,1,8,1,"","","","","","","","","","","","","","","","","","","","","","","","","","","","",18000,1,"","",2,1,8,1,"","","","","","","","","","",4,1,"","","","","","","","","","","","","","","","","","","","","","","","","","","","","","","","","","","","","","","","","","","","","","","","","","","","","",""
"35049001","CANCALE",48.711667,-1.843333,40,1981051321,"","","","",4.,1,200,1,"","","","","","","","","","","","","","","","","","","","","","","","","","","","",9.5,1,7.8,1,"","","","","","","","","","","","","","","","","","","","","","","","","","",91,1,"","","","","","","","","","","","",10.8,1,1009.2,1,"","","","","","",8,1,8,1,5,1,"","","","","","","","","","","","","","","","","","","","","","","","","","","","",25000,1,"","",0,1,"","","","","","","","","","","","",3,1,"","","","","","","","","","","","","","","","","","","","","","","","","","","","","","","","","","","","","","","","","","","","","","","","","","","","","",""
"35049001","CANCALE",48.711667,-1.843333,40,1981051400,"","","","",6.,1,220,1,"","","","","","","","","","","","","","","","","","","","","","","","","","","","",8.7,1,6.8,1,"","","","","","","","","","","","","","","","","","","","","","","","","","",89,1,"","","","","","","","","","","","",10.,1,1010.2,1,"","","","","","",3,1,0,1,0,1,0,1,1,1,"","","","","","","","","","","","","","","","","","","","","","","","",25000,1,"","",0,1,"","","","","","","","","","","","",3,1,"","","","","","","","","","","","","","","","","","","","","","","","","","","","","","","","","","","","","","","","","","","","","","","","","","","","","",""
"35049001","CANCALE",48.711667,-1.843333,40,1981051403,"","","","",5.,1,200,1,"","","","","","","","","","","","","","","","","","","","","","","","","","","","",8.6,1,7.1,1,"","","","","","","","","","","","","","","","","","","","","","","","","","",92,1,"","","","","","","","","","","","",10.2,1,1011.1,1,"","","","","","",1,1,0,1,0,1,0,1,1,1,"","","","","","","","","","","","","","","","","","","","","","","","",25000,1,"","",0,1,"","","","","","","","","","","","",3,1,"","","","","","","","","","","","","","","","","","","","","","","","","","","","","","","","","","","","","","","","","","","","","","","","","","","","","",""
"35049001","CANCALE",48.711667,-1.843333,40,1981051406,"","","","",4.,1,180,1,"","","","","","","","","","","","","","","","","","","","","","","","","","","","",8.8,1,7.7,1,"","","","","","","","","","","","","","","","","","","","","","","","","","",95,1,"","","","","","","","","","","","",10.7,1,1012.3,1,"","","","","","",6,1,6,1,0,1,7,1,0,1,"","","","","","","","","","","","","","","","","","","","","","","","",16000,1,"","",2,1,"","","","",2,1,"","","","","","",2,1,"","","","","","","","","","","","","","","","","","","","","","","","","","","","","","","","","","","","","","","","","","","","","","","","","","","","","",""
"35049001","CANCALE",48.711667,-1.843333,40,1981051409,"","","","",7.,1,180,1,"","","","","","","","","","","","","","","","","","","","","","","","","","","","",11.5,1,8.4,1,"","","","","","","","","","","","","","","","","","","","","","","","","","",83,1,"","","","","","","","","","","","",11.2,1,1013.4,1,"","","","","","",6,1,6,1,8,1,0,1,0,1,"","","","","","","","","","","","","","","","","","","","","","","","",22000,1,"","",2,1,2,1,"","","","","","","","","","",2,1,"","","","","","","","","","","","","","","","","","","","","","","","","","","","","","","","","","","","","","","","","","","","","","","","","","","","","",""
"35049001","CANCALE",48.711667,-1.843333,40,1981051412,"","","","",4.,1,200,1,"","","","","","","","","","","","","","","","","","","","","","","","","","","","",11.5,1,9.5,1,"","","","","","","","","","","","","","","","","","","","","","","","","","",89,1,"","","","","","","","","","","","",12.1,1,1013.9,1,"","","","","","",7,1,5,1,3,1,0,1,0,1,"","","","","","","","","","","","","","","","","","","","","","","","",16000,1,"","",25,1,2,1,"","","","","","","","","","",2,1,"","","","","","","","","","","","","","","","","","","","","","","","","","","","","","","","","","","","","","","","","","","","","","","","","","","","","",""
"35049001","CANCALE",48.711667,-1.843333,40,1981051415,"","","","",2.,1,100,1,"","","","","","","","","","","","","","","","","","","","","","","","","","","","",10.4,1,9.4,1,"","","","","","","","","","","","","","","","","","","","","","","","","","",95,1,"","","","","","","","","","","","",12.,1,1014.6,1,"","","","","","",7,1,5,1,3,1,0,1,0,1,"","","","","","","","","","","","","","","","","","","","","","","","",18000,1,"","",25,1,8,1,"","","","","","","","","","",2,1,"","","","","","","","","","","","","","","","","","","","","","","","","","","","","","","","","","","","","","","","","","","","","","","","","","","","","",""
"35049001","CANCALE",48.711667,-1.843333,40,1981051418,"","","","",4.,1,80,1,"","","","","","","","","","","","","","","","","","","","","","","","","","","","",11.3,1,9.,1,"","","","","","","","","","","","","","","","","","","","","","","","","","",88,1,"","","","","","","","","","","","",11.7,1,1014.2,1,"","","","","","",4,1,0,1,3,1,0,1,0,1,"","","","","","","","","","","","","","","","","","","","","","","","",28000,1,"","",2,1,8,1,"","","","","","","","","","",2,1,"","","","","","","","","","","","","","","","","","","","","","","","","","","","","","","","","","","","","","","","","","","","","","","","","","","","","",""
"35049001","CANCALE",48.711667,-1.843333,40,1981051421,"","","","",6.,1,200,1,"","","","","","","","","","","","","","","","","","","","","","","","","","","","",12.,1,8.8,1,"","","","","","","","","","","","","","","","","","","","","","","","","","",82,1,"","","","","","","","","","","","",11.5,1,1014.4,1,"","","","","","",2,1,0,1,0,1,4,1,0,1,"","","","","","","","","","","","","","","","","","","","","","","","",35000,1,"","",0,1,"","","","","","","","","","","","",2,1,"","","","","","","","","","","","","","","","","","","","","","","","","","","","","","","","","","","","","","","","","","","","","","","","","","","","","",""
"35049001","CANCALE",48.711667,-1.843333,40,1981051500,"","","","",6.,1,160,1,"","","","","","","","","","","","","","","","","","","","","","","","","","","","",9.6,1,8.3,1,"","","","","","","","","","","","","","","","","","","","","","","","","","",94,1,"","","","","","","","","","","","",11.2,1,1014.7,1,"","","","","","",0,1,"","",0,1,0,1,0,1,"","","","","","","","","","","","","","","","","","","","","","","","",40000,1,"","",0,1,"","","","","","","","","","","","",2,1,"","","","","","","","","","","","","","","","","","","","","","","","","","","","","","","","","","","","","","","","","","","","","","","","","","","","","",""
"35049001","CANCALE",48.711667,-1.843333,40,1981051503,"","","","",8.,1,160,1,"","","","","","","","","","","","","","","","","","","","","","","","","","","","",9.4,1,7.8,1,"","","","","","","","","","","","","","","","","","","","","","","","","","",92,1,"","","","","","","","","","","","",10.8,1,1014.2,1,"","","","","","",3,1,0,1,6,1,0,1,0,1,"","","","","","","","","","","","","","","","","","","","","","","","",16000,1,"","",0,1,"","","","","","","","","","","","",3,1,"","","","","","","","","","","","","","","","","","","","","","","","","","","","","","","","","","","","","","","","","","","","","","","","","","","","","",""
"35049001","CANCALE",48.711667,-1.843333,40,1981051506,"","","","",9.,1,140,1,"","","","","","","","","","","","","","","","","","","","","","","","","","","","",9.1,1,8.,1,"","","","","","","","","","","","","","","","","","","","","","","","","","",95,1,"","","","","","","","","","","","",10.9,1,1013.6,1,"","","","","","",6,1,0,1,6,1,5,1,6,1,"","","","","","","","","","","","","","","","","","","","","","","","",8000,1,"","",3,1,"","","","",1,1,"","","","","","",3,1,"","","","","","","","","","","","","","","","","","","","","","","","","","","","","","","","","","","","","","","","","","","","","","","","","","","","","",""
"35049001","CANCALE",48.711667,-1.843333,40,1981051509,"","","","",7.,1,140,1,"","","","","","","","","","","","","","","","","","","","","","","","","","","","",11.,1,8.7,1,"","","","","","","","","","","","","","","","","","","","","","","","","","",87,1,"","","","","","","","","","","","",11.5,1,1013.6,1,"","","","","","",7,1,7,1,0,1,7,1,"","","","","","","","","","","","","","","","","","","","","","","","","","",20000,1,"","",2,1,2,1,"","","","","","","","","","",3,1,"","","","","","","","","","","","","","","","","","","","","","","","","","","","","","","","","","","","","","","","","","","","","","","","","","","","","",""
"35049001","CANCALE",48.711667,-1.843333,40,1981051512,"","","","",7.,1,140,1,"","","","","","","","","","","","","","","","","","","","","","","","","","","","",14.,1,8.9,1,"","","","","","","","","","","","","","","","","","","","","","","","","","",72,1,"","","","","","","","","","","","",11.6,1,1012.8,1,"","","","","","",8,1,8,1,1,1,2,1,"","","","","","","","","","","","","","","","","","","","","","","","","","",35000,1,"","",2,1,2,1,"","","","","","","","","","",3,1,"","","","","","","","","","","","","","","","","","","","","","","","","","","","","","","","","","","","","","","","","","","","","","","","","","","","","",""
"35049001","CANCALE",48.711667,-1.843333,40,1981051515,"","","","",5.,1,140,1,"","","","","","","","","","","","","","","","","","","","","","","","","","","","",12.5,1,10.6,1,"","","","","","","","","","","","","","","","","","","","","","","","","","",91,1,"","","","","","","","","","","","",13.1,1,1010.7,1,"","","","","","",8,1,5,1,7,1,2,1,"","","","","","","","","","","","","","","","","","","","","","","","","","",8000,1,"","",61,1,6,1,"","","","","","","","","","",2,1,"","","","","","","","","","","","","","","","","","","","","","","","","","","","","","","","","","","","","","","","","","","","","","","","","","","","","",""
"35049001","CANCALE",48.711667,-1.843333,40,1981051518,"","","","",13.,1,240,1,"","","","","","","","","","","","","","","","","","","","","","","","","","","","",9.8,1,7.8,1,"","","","","","","","","","","","","","","","","","","","","","","","","","",90,1,"","","","","","","","","","","","",10.8,1,1009.4,1,"","","","","","",8,1,8,1,7,1,"","","","","","","","","","","","","","","","","","","","","","","","","","","","",8000,1,"","",61,1,9,1,"","","","","","","","","","",3,1,"","","","","","","","","","","","","","","","","","","","","","","","","","","","","","","","","","","","","","","","","","","","","","","","","","","","","",""
"35049001","CANCALE",48.711667,-1.843333,40,1981051521,"","","","",6.,1,160,1,"","","","","","","","","","","","","","","","","","","","","","","","","","","","",9.5,1,8.2,1,"","","","","","","","","","","","","","","","","","","","","","","","","","",93,1,"","","","","","","","","","","","",11.1,1,1008.9,1,"","","","","","",7,1,7,1,5,1,"","","","","","","","","","","","","","","","","","","","","","","","","","","","",30000,1,"","",0,1,"","","","","","","","","","","","",3,1,"","","","","","","","","","","","","","","","","","","","","","","","","","","","","","","","","","","","","","","","","","","","","","","","","","","","","",""
"35049001","CANCALE",48.711667,-1.843333,40,1981051600,"","","","",5.,1,160,1,"","","","","","","","","","","","","","","","","","","","","","","","","","","","",7.8,1,6.9,1,"","","","","","","","","","","","","","","","","","","","","","","","","","",96,1,"","","","","","","","","","","","",10.1,1,1009.,1,"","","","","","",0,1,"","",0,1,0,1,0,1,"","","","","","","","","","","","","","","","","","","","","","","","",35000,1,"","",0,1,"","","","","","","","","","","","",2,1,"","","","","","","","","","","","","","","","","","","","","","","","","","","","","","","","","","","","","","","","","","","","","","","","","","","","","",""
"35049001","CANCALE",48.711667,-1.843333,40,1981051603,"","","","",6.,1,160,1,"","","","","","","","","","","","","","","","","","","","","","","","","","","","",8.1,1,6.8,1,"","","","","","","","","","","","","","","","","","","","","","","","","","",93,1,"","","","","","","","","","","","",10.,1,1007.8,1,"","","","","","",8,1,8,1,8,1,"","","","","","","","","","","","","","","","","","","","","","","","","","","","",30000,1,"","",0,1,"","","","","","","","","","","","",2,1,"","","","","","","","","","","","","","","","","","","","","","","","","","","","","","","","","","","","","","","","","","","","","","","","","","","","","",""
"35049001","CANCALE",48.711667,-1.843333,40,1981051606,"","","","",6.,1,180,1,"","","","","","","","","","","","","","","","","","","","","","","","","","","","",8.,1,6.1,1,"","","","","","","","","","","","","","","","","","","","","","","","","","",89,1,"","","","","","","","","","","","",9.5,1,1007.8,1,"","","","","","",8,1,6,1,8,1,0,1,0,1,"","","","","","","","","","","","","","","","","","","","","","","","",40000,1,"","",21,1,"","","","",2,1,"","","","","","",2,1,"","","","","","","","","","","","","","","","","","","","","","","","","","","","","","","","","","","","","","","","","","","","","","","","","","","","","",""
"35049001","CANCALE",48.711667,-1.843333,40,1981051609,"","","","",7.,1,200,1,"","","","","","","","","","","","","","","","","","","","","","","","","","","","",11.6,1,7.3,1,"","","","","","","","","","","","","","","","","","","","","","","","","","",76,1,"","","","","","","","","","","","",10.4,1,1008.3,1,"","","","","","",5,1,5,1,2,1,0,1,0,1,"","","","","","","","","","","","","","","","","","","","","","","","",40000,1,"","",1,1,2,1,"","","","","","","","","","",2,1,"","","","","","","","","","","","","","","","","","","","","","","","","","","","","","","","","","","","","","","","","","","","","","","","","","","","","",""
"35049001","CANCALE",48.711667,-1.843333,40,1981051612,"","","","",7.,1,200,1,"","","","","","","","","","","","","","","","","","","","","","","","","","","","",14.,1,7.3,1,"","","","","","","","","","","","","","","","","","","","","","","","","","",65,1,"","","","","","","","","","","","",10.4,1,1008.,1,"","","","","","",8,1,8,1,8,1,"","","","","","","","","","","","","","","","","","","","","","","","","","","","",35000,1,"","",2,1,2,1,"","","","","","","","","","",2,1,"","","","","","","","","","","","","","","","","","","","","","","","","","","","","","","","","","","","","","","","","","","","","","","","","","","","","",""
"35049001","CANCALE",48.711667,-1.843333,40,1981051615,"","","","",8.,1,200,1,"","","","","","","","","","","","","","","","","","","","","","","","","","","","",13.6,1,8.9,1,"","","","","","","","","","","","","","","","","","","","","","","","","","",74,1,"","","","","","","","","","","","",11.6,1,1008.2,1,"","","","","","",7,1,7,1,5,1,"","","","","","","","","","","","","","","","","","","","","","","","","","","","",30000,1,"","",60,1,6,1,"","","","","","","","","","",2,1,"","","","","","","","","","","","","","","","","","","","","","","","","","","","","","","","","","","","","","","","","","","","","","","","","","","","","",""
"35049001","CANCALE",48.711667,-1.843333,40,1981051618,"","","","",8.,1,240,1,"","","","","","","","","","","","","","","","","","","","","","","","","","","","",12.6,1,8.1,1,"","","","","","","","","","","","","","","","","","","","","","","","","","",76,1,"","","","","","","","","","","","",11.,1,1008.4,1,"","","","","","",7,1,7,1,8,1,"","","","","","","","","","","","","","","","","","","","","","","","","","","","",15000,1,"","",80,1,8,1,"","","","","","","","","","",3,1,"","","","","","","","","","","","","","","","","","","","","","","","","","","","","","","","","","","","","","","","","","","","","","","","","","","","","",""
"35049001","CANCALE",48.711667,-1.843333,40,1981051621,"","","","",7.,1,180,1,"","","","","","","","","","","","","","","","","","","","","","","","","","","","",10.7,1,6.9,1,"","","","","","","","","","","","","","","","","","","","","","","","","","",79,1,"","","","","","","","","","","","",10.1,1,1008.3,1,"","","","","","",3,1,0,1,0,1,4,1,0,1,"","","","","","","","","","","","","","","","","","","","","","","","",25000,1,"","",0,1,"","","","","","","","","","","","",2,1,"","","","","","","","","","","","","","","","","","","","","","","","","","","","","","","","","","","","","","","","","","","","","","","","","","","","","",""
"35049001","CANCALE",48.711667,-1.843333,40,1981051700,"","","","",10.,1,160,1,"","","","","","","","","","","","","","","","","","","","","","","","","","","","",9.6,1,6.2,1,"","","","","","","","","","","","","","","","","","","","","","","","","","",80,1,"","","","","","","","","","","","",9.6,1,1007.6,1,"","","","","","",3,1,0,1,0,1,4,1,0,1,"","","","","","","","","","","","","","","","","","","","","","","","",24000,1,"","",0,1,"","","","","","","","","","","","",3,1,"","","","","","","","","","","","","","","","","","","","","","","","","","","","","","","","","","","","","","","","","","","","","","","","","","","","","",""
"35049001","CANCALE",48.711667,-1.843333,40,1981051703,"","","","",9.,1,180,1,"","","","","","","","","","","","","","","","","","","","","","","","","","","","",9.4,1,7.7,1,"","","","","","","","","","","","","","","","","","","","","","","","","","",91,1,"","","","","","","","","","","","",10.7,1,1006.8,1,"","","","","","",6,1,6,1,0,1,7,1,"","","","","","","","","","","","","","","","","","","","","","","","","","",25000,1,"","",0,1,"","","","","","","","","","","","",3,1,"","","","","","","","","","","","","","","","","","","","","","","","","","","","","","","","","","","","","","","","","","","","","","","","","","","","","",""
"35049001","CANCALE",48.711667,-1.843333,40,1981051706,"","","","",6.,1,180,1,"","","","","","","","","","","","","","","","","","","","","","","","","","","","",9.8,1,8.,1,"","","","","","","","","","","","","","","","","","","","","","","","","","",90,1,"","","","","","","","","","","","",10.9,1,1007.2,1,"","","","","","",6,1,0,1,1,1,4,1,0,1,"","","","","","","","","","","","","","","","","","","","","","","","",25000,1,"","",2,1,"","","","",2,1,"","","","","","",2,1,"","","","","","","","","","","","","","","","","","","","","","","","","","","","","","","","","","","","","","","","","","","","","","","","","","","","","",""
"35049001","CANCALE",48.711667,-1.843333,40,1981051709,"","","","",10.,1,260,1,"","","","","","","","","","","","","","","","","","","","","","","","","","","","",12.8,1,7.7,1,"","","","","","","","","","","","","","","","","","","","","","","","","","",73,1,"","","","","","","","","","","","",10.7,1,1008.6,1,"","","","","","",5,1,0,1,3,1,6,1,3,1,"","","","","","","","","","","","","","","","","","","","","","","","",35000,1,"","",2,1,8,1,"","","","","","","","","","",3,1,"","","","","","","","","","","","","","","","","","","","","","","","","","","","","","","","","","","","","","","","","","","","","","","","","","","","","",""
"35049001","CANCALE",48.711667,-1.843333,40,1981051712,"","","","",5.,1,280,1,"","","","","","","","","","","","","","","","","","","","","","","","","","","","",11.4,1,8.,1,"","","","","","","","","","","","","","","","","","","","","","","","","","",81,1,"","","","","","","","","","","","",10.9,1,1009.8,1,"","","","","","",7,1,7,1,5,1,"","","","","","","","","","","","","","","","","","","","","","","","","","","","",20000,1,"","",15,1,8,1,"","","","","","","","","","",2,1,"","","","","","","","","","","","","","","","","","","","","","","","","","","","","","","","","","","","","","","","","","","","","","","","","","","","","",""
"35049001","CANCALE",48.711667,-1.843333,40,1981051715,"","","","",3.,1,240,1,"","","","","","","","","","","","","","","","","","","","","","","","","","","","",13.,1,9.8,1,"","","","","","","","","","","","","","","","","","","","","","","","","","",82,1,"","","","","","","","","","","","",12.4,1,1010.4,1,"","","","","","",4,1,0,1,3,1,6,1,0,1,"","","","","","","","","","","","","","","","","","","","","","","","",35000,1,"","",2,1,8,1,"","","","","","","","","","",2,1,"","","","","","","","","","","","","","","","","","","","","","","","","","","","","","","","","","","","","","","","","","","","","","","","","","","","","",""
"35049001","CANCALE",48.711667,-1.843333,40,1981051718,"","","","",5.,1,180,1,"","","","","","","","","","","","","","","","","","","","","","","","","","","","",12.7,1,9.1,1,"","","","","","","","","","","","","","","","","","","","","","","","","","",80,1,"","","","","","","","","","","","",11.8,1,1011.8,1,"","","","","","",7,1,5,1,3,1,6,1,1,1,"","","","","","","","","","","","","","","","","","","","","","","","",35000,1,"","",2,1,8,1,"","","","","","","","","","",2,1,"","","","","","","","","","","","","","","","","","","","","","","","","","","","","","","","","","","","","","","","","","","","","","","","","","","","","",""
"35049001","CANCALE",48.711667,-1.843333,40,1981051721,"","","","",5.,1,200,1,"","","","","","","","","","","","","","","","","","","","","","","","","","","","",12.,1,8.5,1,"","","","","","","","","","","","","","","","","","","","","","","","","","",81,1,"","","","","","","","","","","","",11.3,1,1013.4,1,"","","","","","",7,1,7,1,5,1,"","","","","","","","","","","","","","","","","","","","","","","","","","","","",27000,1,"","",0,1,"","","","","","","","","","","","",2,1,"","","","","","","","","","","","","","","","","","","","","","","","","","","","","","","","","","","","","","","","","","","","","","","","","","","","","",""
"35049001","CANCALE",48.711667,-1.843333,40,1981051800,"","","","",8.,1,160,1,"","","","","","","","","","","","","","","","","","","","","","","","","","","","",11.,1,9.3,1,"","","","","","","","","","","","","","","","","","","","","","","","","","",91,1,"","","","","","","","","","","","",12.,1,1012.6,1,"","","","","","",8,1,8,1,7,1,"","","","","","","","","","","","","","","","","","","","","","","","","","","","",20000,1,"","",61,1,"","","","","","","","","","","","",3,1,"","","","","","","","","","","","","","","","","","","","","","","","","","","","","","","","","","","","","","","","","","","","","","","","","","","","","",""
"35049001","CANCALE",48.711667,-1.843333,40,1981051803,"","","","",9.,1,100,1,"","","","","","","","","","","","","","","","","","","","","","","","","","","","",10.4,1,9.3,1,"","","","","","","","","","","","","","","","","","","","","","","","","","",95,1,"","","","","","","","","","","","",12.,1,1011.8,1,"","","","","","",8,1,8,1,5,1,"","","","","","","","","","","","","","","","","","","","","","","","","","","","",15000,1,"","",0,1,"","","","","","","","","","","","",3,1,"","","","","","","","","","","","","","","","","","","","","","","","","","","","","","","","","","","","","","","","","","","","","","","","","","","","","",""
"35049001","CANCALE",48.711667,-1.843333,40,1981051806,"","","","",8.,1,140,1,"","","","","","","","","","","","","","","","","","","","","","","","","","","","",10.5,1,8.6,1,"","","","","","","","","","","","","","","","","","","","","","","","","","",90,1,"","","","","","","","","","","","",11.4,1,1011.4,1,"","","","","","",7,1,7,1,0,1,7,1,"","","","","","","","","","","","","","","","","","","","","","","","","","",20000,1,"","",2,1,"","","","",2,1,"","","","","","",3,1,"","","","","","","","","","","","","","","","","","","","","","","","","","","","","","","","","","","","","","","","","","","","","","","","","","","","","",""
"35049001","CANCALE",48.711667,-1.843333,40,1981051809,"","","","",8.,1,140,1,"","","","","","","","","","","","","","","","","","","","","","","","","","","","",13.5,1,10.4,1,"","","","","","","","","","","","","","","","","","","","","","","","","","",83,1,"","","","","","","","","","","","",12.9,1,1010.8,1,"","","","","","",8,1,8,1,0,1,7,1,"","","","","","","","","","","","","","","","","","","","","","","","","","",22000,1,"","",2,1,2,1,"","","","","","","","","","",2,1,"","","","","","","","","","","","","","","","","","","","","","","","","","","","","","","","","","","","","","","","","","","","","","","","","","","","","",""
"35049001","CANCALE",48.711667,-1.843333,40,1981051812,"","","","",5.,1,160,1,"","","","","","","","","","","","","","","","","","","","","","","","","","","","",17.5,1,11.5,1,"","","","","","","","","","","","","","","","","","","","","","","","","","",70,1,"","","","","","","","","","","","",13.9,1,1011.4,1,"","","","","","",8,1,8,1,0,1,7,1,"","","","","","","","","","","","","","","","","","","","","","","","","","",22000,1,"","",2,1,2,1,"","","","","","","","","","",2,1,"","","","","","","","","","","","","","","","","","","","","","","","","","","","","","","","","","","","","","","","","","","","","","","","","","","","","",""
"35049001","CANCALE",48.711667,-1.843333,40,1981051815,"","","","",9.,1,160,1,"","","","","","","","","","","","","","","","","","","","","","","","","","","","",20.,1,11.5,1,"","","","","","","","","","","","","","","","","","","","","","","","","","",60,1,"","","","","","","","","","","","",13.9,1,1011.4,1,"","","","","","",7,1,7,1,8,1,"","","","","","","","","","","","","","","","","","","","","","","","","","","","",22000,1,"","",3,1,2,1,"","","","","","","","","","",3,1,"","","","","","","","","","","","","","","","","","","","","","","","","","","","","","","","","","","","","","","","","","","","","","","","","","","","","",""
"35049001","CANCALE",48.711667,-1.843333,40,1981051818,"","","","",6.,1,180,1,"","","","","","","","","","","","","","","","","","","","","","","","","","","","",17.,1,11.9,1,"","","","","","","","","","","","","","","","","","","","","","","","","","",74,1,"","","","","","","","","","","","",14.3,1,1011.9,1,"","","","","","",7,1,7,1,8,1,7,1,"","","","","","","","","","","","","","","","","","","","","","","","","","",22000,1,"","",2,1,2,1,"","","","","","","","","","",2,1,"","","","","","","","","","","","","","","","","","","","","","","","","","","","","","","","","","","","","","","","","","","","","","","","","","","","","",""
"35049001","CANCALE",48.711667,-1.843333,40,1981051821,"","","","",4.,1,160,1,"","","","","","","","","","","","","","","","","","","","","","","","","","","","",14.8,1,12.,1,"","","","","","","","","","","","","","","","","","","","","","","","","","",86,1,"","","","","","","","","","","","",14.4,1,1013.2,1,"","","","","","",5,1,5,1,0,1,7,1,0,1,"","","","","","","","","","","","","","","","","","","","","","","","",24000,1,"","",0,1,"","","","","","","","","","","","",2,1,"","","","","","","","","","","","","","","","","","","","","","","","","","","","","","","","","","","","","","","","","","","","","","","","","","","","","",""
"35049001","CANCALE",48.711667,-1.843333,40,1981051900,"","","","",4.,1,180,1,"","","","","","","","","","","","","","","","","","","","","","","","","","","","",13.3,1,11.3,1,"","","","","","","","","","","","","","","","","","","","","","","","","","",89,1,"","","","","","","","","","","","",13.7,1,1015.,1,"","","","","","",7,1,7,1,0,1,7,1,"","","","","","","","","","","","","","","","","","","","","","","","","","",25000,1,"","",0,1,"","","","","","","","","","","","",2,1,"","","","","","","","","","","","","","","","","","","","","","","","","","","","","","","","","","","","","","","","","","","","","","","","","","","","","",""
"35049001","CANCALE",48.711667,-1.843333,40,1981051903,"","","","",4.,1,140,1,"","","","","","","","","","","","","","","","","","","","","","","","","","","","",13.,1,11.2,1,"","","","","","","","","","","","","","","","","","","","","","","","","","",91,1,"","","","","","","","","","","","",13.6,1,1014.7,1,"","","","","","",8,1,8,1,0,1,7,1,"","","","","","","","","","","","","","","","","","","","","","","","","","",25000,1,"","",0,1,"","","","","","","","","","","","",2,1,"","","","","","","","","","","","","","","","","","","","","","","","","","","","","","","","","","","","","","","","","","","","","","","","","","","","","",""
"35049001","CANCALE",48.711667,-1.843333,40,1981051906,"","","","",4.,1,100,1,"","","","","","","","","","","","","","","","","","","","","","","","","","","","",11.6,1,10.5,1,"","","","","","","","","","","","","","","","","","","","","","","","","","",95,1,"","","","","","","","","","","","",13.,1,1015.4,1,"","","","","","",8,1,7,1,7,1,"","","","","","","","","","","","","","","","","","","","","","","","","","","","",6000,1,"","",61,1,"","","","",1,1,"","","","","","",2,1,"","","","","","","","","","","","","","","","","","","","","","","","","","","","","","","","","","","","","","","","","","","","","","","","","","","","","",""
"35049001","CANCALE",48.711667,-1.843333,40,1981051909,"","","","",0.,1,0,1,"","","","","","","","","","","","","","","","","","","","","","","","","","","","",12.4,1,11.3,1,"","","","","","","","","","","","","","","","","","","","","","","","","","",96,1,"","","","","","","","","","","","",13.7,1,1015.9,1,"","","","","","",8,1,8,1,0,1,7,1,"","","","","","","","","","","","","","","","","","","","","","","","","","",16000,1,"","",2,1,6,1,"","","","","","","","","","",2,1,"","","","","","","","","","","","","","","","","","","","","","","","","","","","","","","","","","","","","","","","","","","","","","","","","","","","","",""
"35049001","CANCALE",48.711667,-1.843333,40,1981051912,"","","","",1.,1,60,1,"","","","","","","","","","","","","","","","","","","","","","","","","","","","",15.8,1,12.3,1,"","","","","","","","","","","","","","","","","","","","","","","","","","",82,1,"","","","","","","","","","","","",14.7,1,1015.5,1,"","","","","","",1,1,0,1,1,1,0,1,0,1,"","","","","","","","","","","","","","","","","","","","","","","","",35000,1,"","",1,1,6,1,"","","","","","","","","","",2,1,"","","","","","","","","","","","","","","","","","","","","","","","","","","","","","","","","","","","","","","","","","","","","","","","","","","","","",""
"35049001","CANCALE",48.711667,-1.843333,40,1981051915,"","","","",3.,1,360,1,"","","","","","","","","","","","","","","","","","","","","","","","","","","","",17.2,1,12.5,1,"","","","","","","","","","","","","","","","","","","","","","","","","","",76,1,"","","","","","","","","","","","",14.9,1,1015.1,1,"","","","","","",4,1,0,1,0,1,0,1,1,1,"","","","","","","","","","","","","","","","","","","","","","","","",35000,1,"","",2,1,0,1,"","","","","","","","","","",2,1,"","","","","","","","","","","","","","","","","","","","","","","","","","","","","","","","","","","","","","","","","","","","","","","","","","","","","",""
"35049001","CANCALE",48.711667,-1.843333,40,1981051918,"","","","",5.,1,40,1,"","","","","","","","","","","","","","","","","","","","","","","","","","","","",14.8,1,12.,1,"","","","","","","","","","","","","","","","","","","","","","","","","","",86,1,"","","","","","","","","","","","",14.4,1,1014.6,1,"","","","","","",7,1,7,1,0,1,0,1,8,1,"","","","","","","","","","","","","","","","","","","","","","","","",16000,1,"","",2,1,1,1,"","","","","","","","","","",2,1,"","","","","","","","","","","","","","","","","","","","","","","","","","","","","","","","","","","","","","","","","","","","","","","","","","","","","",""
"35049001","CANCALE",48.711667,-1.843333,40,1981051921,"","","","",6.,1,40,1,"","","","","","","","","","","","","","","","","","","","","","","","","","","","",17.2,1,13.1,1,"","","","","","","","","","","","","","","","","","","","","","","","","","",79,1,"","","","","","","","","","","","",15.5,1,1014.,1,"","","","","","",7,1,7,1,0,1,0,1,8,1,"","","","","","","","","","","","","","","","","","","","","","","","",10000,1,"","",0,1,"","","","","","","","","","","","",2,1,"","","","","","","","","","","","","","","","","","","","","","","","","","","","","","","","","","","","","","","","","","","","","","","","","","","","","",""
"35049001","CANCALE",48.711667,-1.843333,40,1981052000,"","","","",5.,1,100,1,"","","","","","","","","","","","","","","","","","","","","","","","","","","","",14.7,1,13.4,1,"","","","","","","","","","","","","","","","","","","","","","","","","","",94,1,"","","","","","","","","","","","",15.8,1,1012.2,1,"","","","","","",8,1,8,1,0,1,7,1,"","","","","","","","","","","","","","","","","","","","","","","","","","",16000,1,"","",0,1,"","","","","","","","","","","","",2,1,"","","","","","","","","","","","","","","","","","","","","","","","","","","","","","","","","","","","","","","","","","","","","","","","","","","","","",""
"35049001","CANCALE",48.711667,-1.843333,40,1981052003,"","","","",3.,1,140,1,"","","","","","","","","","","","","","","","","","","","","","","","","","","","",16.,1,13.3,1,"","","","","","","","","","","","","","","","","","","","","","","","","","",86,1,"","","","","","","","","","","","",15.7,1,1011.,1,"","","","","","",8,1,8,1,9,1,"","","","","","","","","","","","","","","","","","","","","","","","","","","","",16000,1,"","",17,1,"","","","","","","","","","","","",2,1,"","","","","","","","","","","","","","","","","","","","","","","","","","","","","","","","","","","","","","","","","","","","","","","","","","","","","",""
"35049001","CANCALE",48.711667,-1.843333,40,1981052006,"","","","",8.,1,100,1,"","","","","","","","","","","","","","","","","","","","","","","","","","","","",14.4,1,11.1,1,"","","","","","","","","","","","","","","","","","","","","","","","","","",82,1,"","","","","","","","","","","","",13.5,1,1009.8,1,"","","","","","",7,1,6,1,1,1,6,1,"","","","","","","","","","","","","","","","","","","","","","","","","","",20000,1,"","",29,1,"","","","",0,1,"","","","","","",3,1,"","","","","","","","","","","","","","","","","","","","","","","","","","","","","","","","","","","","","","","","","","","","","","","","","","","","","",""
"35049001","CANCALE",48.711667,-1.843333,40,1981052009,"","","","",5.,1,240,1,"","","","","","","","","","","","","","","","","","","","","","","","","","","","",16.4,1,12.6,1,"","","","","","","","","","","","","","","","","","","","","","","","","","",80,1,"","","","","","","","","","","","",15.,1,1010.,1,"","","","","","",8,1,8,1,5,1,"","","","","","","","","","","","","","","","","","","","","","","","","","","","",15000,1,"","",2,1,9,1,"","","","","","","","","","",2,1,"","","","","","","","","","","","","","","","","","","","","","","","","","","","","","","","","","","","","","","","","","","","","","","","","","","","","",""
"35049001","CANCALE",48.711667,-1.843333,40,1981052012,"","","","",3.,1,80,1,"","","","","","","","","","","","","","","","","","","","","","","","","","","","",18.5,1,14.3,1,"","","","","","","","","","","","","","","","","","","","","","","","","","",79,1,"","","","","","","","","","","","",16.8,1,1012.3,1,"","","","","","",7,1,0,1,2,1,5,1,5,1,"","","","","","","","","","","","","","","","","","","","","","","","",16000,1,"","",3,1,9,1,"","","","","","","","","","",2,1,"","","","","","","","","","","","","","","","","","","","","","","","","","","","","","","","","","","","","","","","","","","","","","","","","","","","","",""
"35049001","CANCALE",48.711667,-1.843333,40,1981052015,"","","","",6.,1,240,1,"","","","","","","","","","","","","","","","","","","","","","","","","","","","",16.8,1,11.3,1,"","","","","","","","","","","","","","","","","","","","","","","","","","",72,1,"","","","","","","","","","","","",13.7,1,1013.5,1,"","","","","","",8,1,8,1,8,1,"","","","","","","","","","","","","","","","","","","","","","","","","","","","",20000,1,"","",80,1,8,1,"","","","","","","","","","",3,1,"","","","","","","","","","","","","","","","","","","","","","","","","","","","","","","","","","","","","","","","","","","","","","","","","","","","","",""
"35049001","CANCALE",48.711667,-1.843333,40,1981052018,"","","","",4.,1,200,1,"","","","","","","","","","","","","","","","","","","","","","","","","","","","",15.,1,10.5,1,"","","","","","","","","","","","","","","","","","","","","","","","","","",76,1,"","","","","","","","","","","","",13.,1,1014.2,1,"","","","","","",7,1,7,1,8,1,"","","","","","","","","","","","","","","","","","","","","","","","","","","","",35000,1,"","",2,1,8,1,"","","","","","","","","","",2,1,"","","","","","","","","","","","","","","","","","","","","","","","","","","","","","","","","","","","","","","","","","","","","","","","","","","","","",""
"35049001","CANCALE",48.711667,-1.843333,40,1981052021,"","","","",1.,1,220,1,"","","","","","","","","","","","","","","","","","","","","","","","","","","","",14.,1,10.5,1,"","","","","","","","","","","","","","","","","","","","","","","","","","",84,1,"","","","","","","","","","","","",13.,1,1015.6,1,"","","","","","",7,1,7,1,4,1,"","","","","","","","","","","","","","","","","","","","","","","","","","","","",25000,1,"","",0,1,"","","","","","","","","","","","",1,1,"","","","","","","","","","","","","","","","","","","","","","","","","","","","","","","","","","","","","","","","","","","","","","","","","","","","","",""
"35049001","CANCALE",48.711667,-1.843333,40,1981052100,"","","","",2.,1,180,1,"","","","","","","","","","","","","","","","","","","","","","","","","","","","",12.4,1,9.3,1,"","","","","","","","","","","","","","","","","","","","","","","","","","",84,1,"","","","","","","","","","","","",12.,1,1015.6,1,"","","","","","",3,1,0,1,0,1,0,1,8,1,"","","","","","","","","","","","","","","","","","","","","","","","",28000,1,"","",0,1,"","","","","","","","","","","","",2,1,"","","","","","","","","","","","","","","","","","","","","","","","","","","","","","","","","","","","","","","","","","","","","","","","","","","","","",""
"35049001","CANCALE",48.711667,-1.843333,40,1981052103,"","","","",3.,1,240,1,"","","","","","","","","","","","","","","","","","","","","","","","","","","","",12.4,1,9.3,1,"","","","","","","","","","","","","","","","","","","","","","","","","","",84,1,"","","","","","","","","","","","",12.,1,1015.1,1,"","","","","","",7,1,7,1,5,1,"","","","","","","","","","","","","","","","","","","","","","","","","","","","",25000,1,"","",0,1,"","","","","","","","","","","","",2,1,"","","","","","","","","","","","","","","","","","","","","","","","","","","","","","","","","","","","","","","","","","","","","","","","","","","","","",""
"35049001","CANCALE",48.711667,-1.843333,40,1981052106,"","","","",2.,1,160,1,"","","","","","","","","","","","","","","","","","","","","","","","","","","","",11.7,1,10.2,1,"","","","","","","","","","","","","","","","","","","","","","","","","","",92,1,"","","","","","","","","","","","",12.7,1,1015.1,1,"","","","","","",7,1,7,1,5,1,"","","","","","","","","","","","","","","","","","","","","","","","","","","","",18000,1,"","",2,1,"","","","",1,1,"","","","","","",2,1,"","","","","","","","","","","","","","","","","","","","","","","","","","","","","","","","","","","","","","","","","","","","","","","","","","","","","",""
"35049001","CANCALE",48.711667,-1.843333,40,1981052109,"","","","",2.,1,260,1,"","","","","","","","","","","","","","","","","","","","","","","","","","","","",11.6,1,10.6,1,"","","","","","","","","","","","","","","","","","","","","","","","","","",96,1,"","","","","","","","","","","","",13.1,1,1015.2,1,"","","","","","",8,1,8,1,5,1,"","","","","","","","","","","","","","","","","","","","","","","","","","","","",4000,1,"","",61,1,6,1,"","","","","","","","","","",2,1,"","","","","","","","","","","","","","","","","","","","","","","","","","","","","","","","","","","","","","","","","","","","","","","","","","","","","",""
"35049001","CANCALE",48.711667,-1.843333,40,1981052112,"","","","",4.,1,80,1,"","","","","","","","","","","","","","","","","","","","","","","","","","","","",13.2,1,11.2,1,"","","","","","","","","","","","","","","","","","","","","","","","","","",90,1,"","","","","","","","","","","","",13.6,1,1015.,1,"","","","","","",7,1,7,1,5,1,"","","","","","","","","","","","","","","","","","","","","","","","","","","","",18000,1,"","",2,1,6,1,"","","","","","","","","","",2,1,"","","","","","","","","","","","","","","","","","","","","","","","","","","","","","","","","","","","","","","","","","","","","","","","","","","","","",""
"35049001","CANCALE",48.711667,-1.843333,40,1981052115,"","","","",1.,1,340,1,"","","","","","","","","","","","","","","","","","","","","","","","","","","","",15.9,1,11.5,1,"","","","","","","","","","","","","","","","","","","","","","","","","","",77,1,"","","","","","","","","","","","",13.9,1,1014.3,1,"","","","","","",7,1,6,1,3,1,0,1,3,1,"","","","","","","","","","","","","","","","","","","","","","","","",25000,1,"","",2,1,9,1,"","","","","","","","","","",2,1,"","","","","","","","","","","","","","","","","","","","","","","","","","","","","","","","","","","","","","","","","","","","","","","","","","","","","",""
"35049001","CANCALE",48.711667,-1.843333,40,1981052118,"","","","",7.,1,200,1,"","","","","","","","","","","","","","","","","","","","","","","","","","","","",15.4,1,9.5,1,"","","","","","","","","","","","","","","","","","","","","","","","","","",69,1,"","","","","","","","","","","","",12.1,1,1014.7,1,"","","","","","",6,1,6,1,3,1,0,1,0,1,"","","","","","","","","","","","","","","","","","","","","","","","",25000,1,"","",2,1,9,1,"","","","","","","","","","",2,1,"","","","","","","","","","","","","","","","","","","","","","","","","","","","","","","","","","","","","","","","","","","","","","","","","","","","","",""
"35049001","CANCALE",48.711667,-1.843333,40,1981052121,"","","","",1.,1,280,1,"","","","","","","","","","","","","","","","","","","","","","","","","","","","",11.,1,9.7,1,"","","","","","","","","","","","","","","","","","","","","","","","","","",94,1,"","","","","","","","","","","","",12.3,1,1015.8,1,"","","","","","",3,1,0,1,9,1,6,1,0,1,"","","","","","","","","","","","","","","","","","","","","","","","",25000,1,"","",0,1,"","","","","","","","","","","","",2,1,"","","","","","","","","","","","","","","","","","","","","","","","","","","","","","","","","","","","","","","","","","","","","","","","","","","","","",""
"35049001","CANCALE",48.711667,-1.843333,40,1981052200,"","","","",5.,1,180,1,"","","","","","","","","","","","","","","","","","","","","","","","","","","","",9.7,1,8.,1,"","","","","","","","","","","","","","","","","","","","","","","","","","",91,1,"","","","","","","","","","","","",10.9,1,1016.7,1,"","","","","","",2,1,0,1,5,1,0,1,2,1,"","","","","","","","","","","","","","","","","","","","","","","","",25000,1,"","",0,1,"","","","","","","","","","","","",2,1,"","","","","","","","","","","","","","","","","","","","","","","","","","","","","","","","","","","","","","","","","","","","","","","","","","","","","",""
"35049001","CANCALE",48.711667,-1.843333,40,1981052203,"","","","",3.,1,180,1,"","","","","","","","","","","","","","","","","","","","","","","","","","","","",9.5,1,8.2,1,"","","","","","","","","","","","","","","","","","","","","","","","","","",93,1,"","","","","","","","","","","","",11.1,1,1016.8,1,"","","","","","",3,1,0,1,0,1,4,1,0,1,"","","","","","","","","","","","","","","","","","","","","","","","",25000,1,"","",0,1,"","","","","","","","","","","","",2,1,"","","","","","","","","","","","","","","","","","","","","","","","","","","","","","","","","","","","","","","","","","","","","","","","","","","","","",""
"35049001","CANCALE",48.711667,-1.843333,40,1981052206,"","","","",4.,1,180,1,"","","","","","","","","","","","","","","","","","","","","","","","","","","","",10.,1,8.3,1,"","","","","","","","","","","","","","","","","","","","","","","","","","",91,1,"","","","","","","","","","","","",11.2,1,1017.5,1,"","","","","","",7,1,6,1,8,1,"","","","","","","","","","","","","","","","","","","","","","","","","","","","",18000,1,"","",2,1,"","","","",1,1,"","","","","","",2,1,"","","","","","","","","","","","","","","","","","","","","","","","","","","","","","","","","","","","","","","","","","","","","","","","","","","","","",""
"35049001","CANCALE",48.711667,-1.843333,40,1981052209,"","","","",4.,1,240,1,"","","","","","","","","","","","","","","","","","","","","","","","","","","","",13.3,1,9.5,1,"","","","","","","","","","","","","","","","","","","","","","","","","","",79,1,"","","","","","","","","","","","",12.1,1,1018.,1,"","","","","","",8,1,7,1,8,1,"","","","","","","","","","","","","","","","","","","","","","","","","","","","",24000,1,"","",2,1,8,1,"","","","","","","","","","",2,1,"","","","","","","","","","","","","","","","","","","","","","","","","","","","","","","","","","","","","","","","","","","","","","","","","","","","","",""
"35049001","CANCALE",48.711667,-1.843333,40,1981052212,"","","","",1.,1,280,1,"","","","","","","","","","","","","","","","","","","","","","","","","","","","",14.5,1,10.4,1,"","","","","","","","","","","","","","","","","","","","","","","","","","",78,1,"","","","","","","","","","","","",12.9,1,1018.6,1,"","","","","","",7,1,6,1,5,1,"","","","","","","","","","","","","","","","","","","","","","","","","","","","",35000,1,"","",2,1,8,1,"","","","","","","","","","",1,1,"","","","","","","","","","","","","","","","","","","","","","","","","","","","","","","","","","","","","","","","","","","","","","","","","","","","","",""
"35049001","CANCALE",48.711667,-1.843333,40,1981052215,"","","","",7.,1,200,1,"","","","","","","","","","","","","","","","","","","","","","","","","","","","",16.4,1,11.7,1,"","","","","","","","","","","","","","","","","","","","","","","","","","",76,1,"","","","","","","","","","","","",14.1,1,1018.,1,"","","","","","",8,1,8,1,5,1,"","","","","","","","","","","","","","","","","","","","","","","","","","","","",35000,1,"","",2,1,2,1,"","","","","","","","","","",3,1,"","","","","","","","","","","","","","","","","","","","","","","","","","","","","","","","","","","","","","","","","","","","","","","","","","","","","",""
"35049001","CANCALE",48.711667,-1.843333,40,1981052218,"","","","",4.,1,200,1,"","","","","","","","","","","","","","","","","","","","","","","","","","","","",15.,1,10.9,1,"","","","","","","","","","","","","","","","","","","","","","","","","","",79,1,"","","","","","","","","","","","",13.4,1,1018.3,1,"","","","","","",8,1,8,1,5,1,"","","","","","","","","","","","","","","","","","","","","","","","","","","","",35000,1,"","",2,1,2,1,"","","","","","","","","","",2,1,"","","","","","","","","","","","","","","","","","","","","","","","","","","","","","","","","","","","","","","","","","","","","","","","","","","","","",""
"35049001","CANCALE",48.711667,-1.843333,40,1981052221,"","","","",4.,1,180,1,"","","","","","","","","","","","","","","","","","","","","","","","","","","","",13.1,1,11.2,1,"","","","","","","","","","","","","","","","","","","","","","","","","","",91,1,"","","","","","","","","","","","",13.6,1,1017.4,1,"","","","","","",8,1,8,1,5,1,"","","","","","","","","","","","","","","","","","","","","","","","","","","","",23000,1,"","","","","","","","","","","","","","","","",2,1,"","","","","","","","","","","","","","","","","","","","","","","","","","","","","","","","","","","","","","","","","","","","","","","","","","","","","",""
"35049001","CANCALE",48.711667,-1.843333,40,1981052300,"","","","",5.,1,180,1,"","","","","","","","","","","","","","","","","","","","","","","","","","","","",12.5,1,11.2,1,"","","","","","","","","","","","","","","","","","","","","","","","","","",94,1,"","","","","","","","","","","","",13.6,1,1016.2,1,"","","","","","",8,1,8,1,5,1,"","","","","","","","","","","","","","","","","","","","","","","","","","","","",22000,1,"","",0,1,"","","","","","","","","","","","",2,1,"","","","","","","","","","","","","","","","","","","","","","","","","","","","","","","","","","","","","","","","","","","","","","","","","","","","","",""
"35049001","CANCALE",48.711667,-1.843333,40,1981052303,"","","","",4.,1,180,1,"","","","","","","","","","","","","","","","","","","","","","","","","","","","",12.,1,10.8,1,"","","","","","","","","","","","","","","","","","","","","","","","","","",96,1,"","","","","","","","","","","","",13.3,1,1014.8,1,"","","","","","",8,1,8,1,7,1,"","","","","","","","","","","","","","","","","","","","","","","","","","","","",15000,1,"","",62,1,"","","","","","","","","","","","",2,1,"","","","","","","","","","","","","","","","","","","","","","","","","","","","","","","","","","","","","","","","","","","","","","","","","","","","","",""
"35049001","CANCALE",48.711667,-1.843333,40,1981052306,"","","","",4.,1,180,1,"","","","","","","","","","","","","","","","","","","","","","","","","","","","",11.2,1,10.3,1,"","","","","","","","","","","","","","","","","","","","","","","","","","",96,1,"","","","","","","","","","","","",12.8,1,1013.6,1,"","","","","","",8,1,8,1,7,1,"","","","","","","","","","","","","","","","","","","","","","","","","","","","",8000,1,"","",61,1,"","","","",2,1,"","","","","","",2,1,"","","","","","","","","","","","","","","","","","","","","","","","","","","","","","","","","","","","","","","","","","","","","","","","","","","","","",""
"35049001","CANCALE",48.711667,-1.843333,40,1981052309,"","","","",5.,1,200,1,"","","","","","","","","","","","","","","","","","","","","","","","","","","","",12.3,1,10.9,1,"","","","","","","","","","","","","","","","","","","","","","","","","","",94,1,"","","","","","","","","","","","",13.4,1,1013.5,1,"","","","","","",8,1,5,1,7,1,2,1,"","","","","","","","","","","","","","","","","","","","","","","","","","",16000,1,"","",61,1,6,1,"","","","","","","","","","",2,1,"","","","","","","","","","","","","","","","","","","","","","","","","","","","","","","","","","","","","","","","","","","","","","","","","","","","","",""
"35049001","CANCALE",48.711667,-1.843333,40,1981052312,"","","","",7.,1,240,1,"","","","","","","","","","","","","","","","","","","","","","","","","","","","",14.1,1,11.7,1,"","","","","","","","","","","","","","","","","","","","","","","","","","",88,1,"","","","","","","","","","","","",14.1,1,1012.4,1,"","","","","","",8,1,8,1,8,1,"","","","","","","","","","","","","","","","","","","","","","","","","","","","",15000,1,"","",25,1,6,1,"","","","","","","","","","",3,1,"","","","","","","","","","","","","","","","","","","","","","","","","","","","","","","","","","","","","","","","","","","","","","","","","","","","","",""
"35049001","CANCALE",48.711667,-1.843333,40,1981052315,"","","","",10.,1,280,1,"","","","","","","","","","","","","","","","","","","","","","","","","","","","",11.6,1,10.1,1,"","","","","","","","","","","","","","","","","","","","","","","","","","",92,1,"","","","","","","","","","","","",12.6,1,1011.8,1,"","","","","","",7,1,7,1,3,1,"","","","","","","","","","","","","","","","","","","","","","","","","","","","",16000,1,"","",25,1,2,1,"","","","","","","","","","",4,1,"","","","","","","","","","","","","","","","","","","","","","","","","","","","","","","","","","","","","","","","","","","","","","","","","","","","","",""
"35049001","CANCALE",48.711667,-1.843333,40,1981052318,"","","","",5.,1,280,1,"","","","","","","","","","","","","","","","","","","","","","","","","","","","",11.8,1,9.6,1,"","","","","","","","","","","","","","","","","","","","","","","","","","",88,1,"","","","","","","","","","","","",12.2,1,1012.,1,"","","","","","",6,1,6,1,8,1,0,1,0,1,"","","","","","","","","","","","","","","","","","","","","","","","",18000,1,"","",2,1,8,1,"","","","","","","","","","",2,1,"","","","","","","","","","","","","","","","","","","","","","","","","","","","","","","","","","","","","","","","","","","","","","","","","","","","","",""
"35049001","CANCALE",48.711667,-1.843333,40,1981052321,"","","","",6.,1,280,1,"","","","","","","","","","","","","","","","","","","","","","","","","","","","",10.9,1,8.3,1,"","","","","","","","","","","","","","","","","","","","","","","","","","",86,1,"","","","","","","","","","","","",11.2,1,1013.2,1,"","","","","","",3,1,0,1,3,1,0,1,0,1,"","","","","","","","","","","","","","","","","","","","","","","","",25000,1,"","",0,1,"","","","","","","","","","","","",3,1,"","","","","","","","","","","","","","","","","","","","","","","","","","","","","","","","","","","","","","","","","","","","","","","","","","","","","",""
"35049001","CANCALE",48.711667,-1.843333,40,1981052400,"","","","",5.,1,200,1,"","","","","","","","","","","","","","","","","","","","","","","","","","","","",9.,1,6.6,1,"","","","","","","","","","","","","","","","","","","","","","","","","","",87,1,"","","","","","","","","","","","",9.9,1,1013.5,1,"","","","","","",0,1,"","",0,1,0,1,0,1,"","","","","","","","","","","","","","","","","","","","","","","","",28000,1,"","",0,1,"","","","","","","","","","","","",3,1,"","","","","","","","","","","","","","","","","","","","","","","","","","","","","","","","","","","","","","","","","","","","","","","","","","","","","",""
"35049001","CANCALE",48.711667,-1.843333,40,1981052403,"","","","",4.,1,180,1,"","","","","","","","","","","","","","","","","","","","","","","","","","","","",8.8,1,6.4,1,"","","","","","","","","","","","","","","","","","","","","","","","","","",87,1,"","","","","","","","","","","","",9.8,1,1012.8,1,"","","","","","",2,1,0,1,0,1,0,1,2,1,"","","","","","","","","","","","","","","","","","","","","","","","",25000,1,"","",0,1,"","","","","","","","","","","","",2,1,"","","","","","","","","","","","","","","","","","","","","","","","","","","","","","","","","","","","","","","","","","","","","","","","","","","","","",""
"35049001","CANCALE",48.711667,-1.843333,40,1981052406,"","","","",5.,1,180,1,"","","","","","","","","","","","","","","","","","","","","","","","","","","","",9.,1,7.7,1,"","","","","","","","","","","","","","","","","","","","","","","","","","",94,1,"","","","","","","","","","","","",10.7,1,1012.2,1,"","","","","","",6,1,0,1,8,1,4,1,0,1,"","","","","","","","","","","","","","","","","","","","","","","","",18000,1,"","",3,1,8,1,"","",1,1,"","","","","","",2,1,"","","","","","","","","","","","","","","","","","","","","","","","","","","","","","","","","","","","","","","","","","","","","","","","","","","","","",""
"35049001","CANCALE",48.711667,-1.843333,40,1981052409,"","","","",6.,1,220,1,"","","","","","","","","","","","","","","","","","","","","","","","","","","","",12.4,1,8.,1,"","","","","","","","","","","","","","","","","","","","","","","","","","",76,1,"","","","","","","","","","","","",10.9,1,1012.,1,"","","","","","",7,1,7,1,3,1,"","","","","","","","","","","","","","","","","","","","","","","","","","","","",8000,1,"","",81,1,2,1,"","","","","","","","","","",3,1,"","","","","","","","","","","","","","","","","","","","","","","","","","","","","","","","","","","","","","","","","","","","","","","","","","","","","",""
"35049001","CANCALE",48.711667,-1.843333,40,1981052412,"","","","",1.,1,280,1,"","","","","","","","","","","","","","","","","","","","","","","","","","","","",13.5,1,9.5,1,"","","","","","","","","","","","","","","","","","","","","","","","","","",78,1,"","","","","","","","","","","","",12.1,1,1011.,1,"","","","","","",7,1,6,1,3,1,6,1,0,1,"","","","","","","","","","","","","","","","","","","","","","","","",25000,1,"","",25,1,8,1,"","","","","","","","","","",2,1,"","","","","","","","","","","","","","","","","","","","","","","","","","","","","","","","","","","","","","","","","","","","","","","","","","","","","",""
"35049001","CANCALE",48.711667,-1.843333,40,1981052415,"","","","",2.,1,280,1,"","","","","","","","","","","","","","","","","","","","","","","","","","","","",12.9,1,9.1,1,"","","","","","","","","","","","","","","","","","","","","","","","","","",79,1,"","","","","","","","","","","","",11.8,1,1010.,1,"","","","","","",7,1,5,1,9,1,6,1,0,1,"","","","","","","","","","","","","","","","","","","","","","","","",25000,1,"","",25,1,9,1,"","","","","","","","","","",2,1,"","","","","","","","","","","","","","","","","","","","","","","","","","","","","","","","","","","","","","","","","","","","","","","","","","","","","",""
"35049001","CANCALE",48.711667,-1.843333,40,1981052418,"","","","",2.,1,160,1,"","","","","","","","","","","","","","","","","","","","","","","","","","","","",11.1,1,8.9,1,"","","","","","","","","","","","","","","","","","","","","","","","","","",87,1,"","","","","","","","","","","","",11.6,1,1009.,1,"","","","","","",6,1,0,1,9,1,6,1,0,1,"","","","","","","","","","","","","","","","","","","","","","","","",28000,1,"","",2,1,9,1,"","","","","","","","","","",2,1,"","","","","","","","","","","","","","","","","","","","","","","","","","","","","","","","","","","","","","","","","","","","","","","","","","","","","",""
"35049001","CANCALE",48.711667,-1.843333,40,1981052421,"","","","",4.,1,180,1,"","","","","","","","","","","","","","","","","","","","","","","","","","","","",11.,1,8.5,1,"","","","","","","","","","","","","","","","","","","","","","","","","","",86,1,"","","","","","","","","","","","",11.3,1,1006.6,1,"","","","","","",5,1,0,1,9,1,6,1,0,1,"","","","","","","","","","","","","","","","","","","","","","","","",30000,1,"","",0,1,"","","","","","","","","","","","",2,1,"","","","","","","","","","","","","","","","","","","","","","","","","","","","","","","","","","","","","","","","","","","","","","","","","","","","","",""
"35049001","CANCALE",48.711667,-1.843333,40,1981052500,"","","","",9.,1,160,1,"","","","","","","","","","","","","","","","","","","","","","","","","","","","",10.4,1,9.1,1,"","","","","","","","","","","","","","","","","","","","","","","","","","",94,1,"","","","","","","","","","","","",11.8,1,1003.5,1,"","","","","","",8,1,8,1,7,1,"","","","","","","","","","","","","","","","","","","","","","","","","","","","",4000,1,"","",63,1,"","","","","","","","","","","","",3,1,"","","","","","","","","","","","","","","","","","","","","","","","","","","","","","","","","","","","","","","","","","","","","","","","","","","","","",""
"35049001","CANCALE",48.711667,-1.843333,40,1981052503,"","","","",7.,1,200,1,"","","","","","","","","","","","","","","","","","","","","","","","","","","","",9.,1,6.6,1,"","","","","","","","","","","","","","","","","","","","","","","","","","",87,1,"","","","","","","","","","","","",9.9,1,1003.,1,"","","","","","",5,1,5,1,5,1,0,1,0,1,"","","","","","","","","","","","","","","","","","","","","","","","",25000,1,"","",0,1,"","","","","","","","","","","","",3,1,"","","","","","","","","","","","","","","","","","","","","","","","","","","","","","","","","","","","","","","","","","","","","","","","","","","","","",""
"35049001","CANCALE",48.711667,-1.843333,40,1981052506,"","","","",6.,1,200,1,"","","","","","","","","","","","","","","","","","","","","","","","","","","","",8.3,1,6.2,1,"","","","","","","","","","","","","","","","","","","","","","","","","","",88,1,"","","","","","","","","","","","",9.6,1,1003.2,1,"","","","","","",3,1,0,1,8,1,0,1,0,1,"","","","","","","","","","","","","","","","","","","","","","","","",18000,1,"","",2,1,"","","","",1,1,"","","","","","",3,1,"","","","","","","","","","","","","","","","","","","","","","","","","","","","","","","","","","","","","","","","","","","","","","","","","","","","","",""
"35049001","CANCALE",48.711667,-1.843333,40,1981052509,"","","","",7.,1,240,1,"","","","","","","","","","","","","","","","","","","","","","","","","","","","",11.7,1,6.4,1,"","","","","","","","","","","","","","","","","","","","","","","","","","",71,1,"","","","","","","","","","","","",9.8,1,1003.6,1,"","","","","","",4,1,0,1,2,1,0,1,0,1,"","","","","","","","","","","","","","","","","","","","","","","","",30000,1,"","",2,1,0,1,"","","","","","","","","","",3,1,"","","","","","","","","","","","","","","","","","","","","","","","","","","","","","","","","","","","","","","","","","","","","","","","","","","","","",""
"35049001","CANCALE",48.711667,-1.843333,40,1981052512,"","","","",7.,1,260,1,"","","","","","","","","","","","","","","","","","","","","","","","","","","","",12.1,1,7.6,1,"","","","","","","","","","","","","","","","","","","","","","","","","","",75,1,"","","","","","","","","","","","",10.6,1,1004.,1,"","","","","","",5,1,5,1,8,1,0,1,0,1,"","","","","","","","","","","","","","","","","","","","","","","","",30000,1,"","",2,1,8,1,"","","","","","","","","","",3,1,"","","","","","","","","","","","","","","","","","","","","","","","","","","","","","","","","","","","","","","","","","","","","","","","","","","","","",""
"35049001","CANCALE",48.711667,-1.843333,40,1981052515,"","","","",5.,1,280,1,"","","","","","","","","","","","","","","","","","","","","","","","","","","","",13.2,1,8.1,1,"","","","","","","","","","","","","","","","","","","","","","","","","","",73,1,"","","","","","","","","","","","",11.,1,1004.7,1,"","","","","","",2,1,0,1,2,1,0,1,0,1,"","","","","","","","","","","","","","","","","","","","","","","","",35000,1,"","",2,1,1,1,"","","","","","","","","","",2,1,"","","","","","","","","","","","","","","","","","","","","","","","","","","","","","","","","","","","","","","","","","","","","","","","","","","","","",""
"35049001","CANCALE",48.711667,-1.843333,40,1981052518,"","","","",1.,1,280,1,"","","","","","","","","","","","","","","","","","","","","","","","","","","","",12.9,1,7.8,1,"","","","","","","","","","","","","","","","","","","","","","","","","","",73,1,"","","","","","","","","","","","",10.8,1,1005.1,1,"","","","","","",6,1,5,1,3,1,0,1,2,1,"","","","","","","","","","","","","","","","","","","","","","","","",30000,1,"","",3,1,1,1,"","","","","","","","","","",2,1,"","","","","","","","","","","","","","","","","","","","","","","","","","","","","","","","","","","","","","","","","","","","","","","","","","","","","",""
"35049001","CANCALE",48.711667,-1.843333,40,1981052521,"","","","",0.,1,0,1,"","","","","","","","","","","","","","","","","","","","","","","","","","","","",10.7,1,7.3,1,"","","","","","","","","","","","","","","","","","","","","","","","","","",81,1,"","","","","","","","","","","","",10.4,1,1005.5,1,"","","","","","",7,1,7,1,8,1,"","","","","","","","","","","","","","","","","","","","","","","","","","","","",35000,1,"","",0,1,"","","","","","","","","","","","",2,1,"","","","","","","","","","","","","","","","","","","","","","","","","","","","","","","","","","","","","","","","","","","","","","","","","","","","","",""
"35049001","CANCALE",48.711667,-1.843333,40,1981052600,"","","","",5.,1,240,1,"","","","","","","","","","","","","","","","","","","","","","","","","","","","",11.,1,8.3,1,"","","","","","","","","","","","","","","","","","","","","","","","","","",85,1,"","","","","","","","","","","","",11.2,1,1005.5,1,"","","","","","",5,1,5,1,8,1,0,1,0,1,"","","","","","","","","","","","","","","","","","","","","","","","",30000,1,"","",0,1,"","","","","","","","","","","","",2,1,"","","","","","","","","","","","","","","","","","","","","","","","","","","","","","","","","","","","","","","","","","","","","","","","","","","","","",""
"35049001","CANCALE",48.711667,-1.843333,40,1981052603,"","","","",2.,1,180,1,"","","","","","","","","","","","","","","","","","","","","","","","","","","","",9.8,1,7.7,1,"","","","","","","","","","","","","","","","","","","","","","","","","","",88,1,"","","","","","","","","","","","",10.7,1,1005.2,1,"","","","","","",7,1,7,1,5,1,"","","","","","","","","","","","","","","","","","","","","","","","","","","","",30000,1,"","",0,1,"","","","","","","","","","","","",2,1,"","","","","","","","","","","","","","","","","","","","","","","","","","","","","","","","","","","","","","","","","","","","","","","","","","","","","",""
"35049001","CANCALE",48.711667,-1.843333,40,1981052606,"","","","",4.,1,200,1,"","","","","","","","","","","","","","","","","","","","","","","","","","","","",9.8,1,7.8,1,"","","","","","","","","","","","","","","","","","","","","","","","","","",90,1,"","","","","","","","","","","","",10.8,1,1004.8,1,"","","","","","",6,1,5,1,8,1,8,1,"","","","","","","","","","","","","","","","","","","","","","","","","","",18000,1,"","",2,1,"","","","",0,1,"","","","","","",2,1,"","","","","","","","","","","","","","","","","","","","","","","","","","","","","","","","","","","","","","","","","","","","","","","","","","","","","",""
"35049001","CANCALE",48.711667,-1.843333,40,1981052609,"","","","",5.,1,240,1,"","","","","","","","","","","","","","","","","","","","","","","","","","","","",11.6,1,8.9,1,"","","","","","","","","","","","","","","","","","","","","","","","","","",85,1,"","","","","","","","","","","","",11.6,1,1004.7,1,"","","","","","",8,1,8,1,8,1,"","","","","","","","","","","","","","","","","","","","","","","","","","","","",35000,1,"","",25,1,8,1,"","","","","","","","","","",2,1,"","","","","","","","","","","","","","","","","","","","","","","","","","","","","","","","","","","","","","","","","","","","","","","","","","","","","",""
"35049001","CANCALE",48.711667,-1.843333,40,1981052612,"","","","",4.,1,160,1,"","","","","","","","","","","","","","","","","","","","","","","","","","","","",13.2,1,11.7,1,"","","","","","","","","","","","","","","","","","","","","","","","","","",93,1,"","","","","","","","","","","","",14.1,1,1004.3,1,"","","","","","",6,1,6,1,9,1,0,1,0,1,"","","","","","","","","","","","","","","","","","","","","","","","",25000,1,"","",81,1,8,1,"","","","","","","","","","",3,1,"","","","","","","","","","","","","","","","","","","","","","","","","","","","","","","","","","","","","","","","","","","","","","","","","","","","","",""
"35049001","CANCALE",48.711667,-1.843333,40,1981052615,"","","","",3.,1,220,1,"","","","","","","","","","","","","","","","","","","","","","","","","","","","",10.5,1,9.5,1,"","","","","","","","","","","","","","","","","","","","","","","","","","",95,1,"","","","","","","","","","","","",12.1,1,1003.5,1,"","","","","","",6,1,0,1,9,1,6,1,1,1,"","","","","","","","","","","","","","","","","","","","","","","","",18000,1,"","",29,1,9,1,"","","","","","","","","","",2,1,"","","","","","","","","","","","","","","","","","","","","","","","","","","","","","","","","","","","","","","","","","","","","","","","","","","","","",""
"35049001","CANCALE",48.711667,-1.843333,40,1981052618,"","","","",5.,1,240,1,"","","","","","","","","","","","","","","","","","","","","","","","","","","","",12.4,1,9.2,1,"","","","","","","","","","","","","","","","","","","","","","","","","","",82,1,"","","","","","","","","","","","",11.9,1,1003.4,1,"","","","","","",6,1,0,1,9,1,6,1,1,1,"","","","","","","","","","","","","","","","","","","","","","","","",30000,1,"","",2,1,9,1,"","","","","","","","","","",2,1,"","","","","","","","","","","","","","","","","","","","","","","","","","","","","","","","","","","","","","","","","","","","","","","","","","","","","",""
"35049001","CANCALE",48.711667,-1.843333,40,1981052621,"","","","",3.,1,240,1,"","","","","","","","","","","","","","","","","","","","","","","","","","","","",10.4,1,8.6,1,"","","","","","","","","","","","","","","","","","","","","","","","","","",90,1,"","","","","","","","","","","","",11.4,1,1004.,1,"","","","","","",7,1,7,1,9,1,"","","","","","","","","","","","","","","","","","","","","","","","","","","","",24000,1,"","",63,1,"","","","","","","","","","","","",2,1,"","","","","","","","","","","","","","","","","","","","","","","","","","","","","","","","","","","","","","","","","","","","","","","","","","","","","",""
"35049001","CANCALE",48.711667,-1.843333,40,1981052700,"","","","",3.,1,260,1,"","","","","","","","","","","","","","","","","","","","","","","","","","","","",10.1,1,8.8,1,"","","","","","","","","","","","","","","","","","","","","","","","","","",94,1,"","","","","","","","","","","","",11.5,1,1004.4,1,"","","","","","",5,1,5,1,4,1,0,1,0,1,"","","","","","","","","","","","","","","","","","","","","","","","",25000,1,"","",0,1,"","","","","","","","","","","","",2,1,"","","","","","","","","","","","","","","","","","","","","","","","","","","","","","","","","","","","","","","","","","","","","","","","","","","","","",""
"35049001","CANCALE",48.711667,-1.843333,40,1981052703,"","","","",4.,1,260,1,"","","","","","","","","","","","","","","","","","","","","","","","","","","","",10.,1,8.8,1,"","","","","","","","","","","","","","","","","","","","","","","","","","",94,1,"","","","","","","","","","","","",11.5,1,1005.,1,"","","","","","",8,1,8,1,5,1,"","","","","","","","","","","","","","","","","","","","","","","","","","","","",28000,1,"","",0,1,"","","","","","","","","","","","",2,1,"","","","","","","","","","","","","","","","","","","","","","","","","","","","","","","","","","","","","","","","","","","","","","","","","","","","","",""
"35049001","CANCALE",48.711667,-1.843333,40,1981052706,"","","","",11.,1,260,1,"","","","","","","","","","","","","","","","","","","","","","","","","","","","",10.7,1,9.3,1,"","","","","","","","","","","","","","","","","","","","","","","","","","",92,1,"","","","","","","","","","","","",11.9,1,1006.4,1,"","","","","","",8,1,8,1,8,1,"","","","","","","","","","","","","","","","","","","","","","","","","","","","",20000,1,"","",25,1,"","","","",2,1,"","","","","","",3,1,"","","","","","","","","","","","","","","","","","","","","","","","","","","","","","","","","","","","","","","","","","","","","","","","","","","","","",""
"35049001","CANCALE",48.711667,-1.843333,40,1981052709,"","","","",11.,1,280,1,"","","","","","","","","","","","","","","","","","","","","","","","","","","","",11.6,1,9.4,1,"","","","","","","","","","","","","","","","","","","","","","","","","","",88,1,"","","","","","","","","","","","",12.,1,1008.6,1,"","","","","","",6,1,5,1,8,1,0,1,0,1,"","","","","","","","","","","","","","","","","","","","","","","","",18000,1,"","",1,1,2,1,"","","","","","","","","","",4,1,"","","","","","","","","","","","","","","","","","","","","","","","","","","","","","","","","","","","","","","","","","","","","","","","","","","","","",""
"35049001","CANCALE",48.711667,-1.843333,40,1981052712,"","","","",10.,1,280,1,"","","","","","","","","","","","","","","","","","","","","","","","","","","","",12.2,1,10.,1,"","","","","","","","","","","","","","","","","","","","","","","","","","",88,1,"","","","","","","","","","","","",12.5,1,1010.4,1,"","","","","","",5,1,0,1,3,1,6,1,4,1,"","","","","","","","","","","","","","","","","","","","","","","","",16000,1,"","",3,1,1,1,"","","","","","","","","","",4,1,"","","","","","","","","","","","","","","","","","","","","","","","","","","","","","","","","","","","","","","","","","","","","","","","","","","","","",""
"35049001","CANCALE",48.711667,-1.843333,40,1981052715,"","","","",9.,1,280,1,"","","","","","","","","","","","","","","","","","","","","","","","","","","","",11.9,1,8.9,1,"","","","","","","","","","","","","","","","","","","","","","","","","","",83,1,"","","","","","","","","","","","",11.6,1,1011.5,1,"","","","","","",8,1,8,1,8,1,"","","","","","","","","","","","","","","","","","","","","","","","","","","","",25000,1,"","",2,1,2,1,"","","","","","","","","","",3,1,"","","","","","","","","","","","","","","","","","","","","","","","","","","","","","","","","","","","","","","","","","","","","","","","","","","","","",""
"35049001","CANCALE",48.711667,-1.843333,40,1981052718,"","","","",8.,1,280,1,"","","","","","","","","","","","","","","","","","","","","","","","","","","","",11.6,1,9.2,1,"","","","","","","","","","","","","","","","","","","","","","","","","","",86,1,"","","","","","","","","","","","",11.8,1,1011.9,1,"","","","","","",7,1,7,1,8,1,"","","","","","","","","","","","","","","","","","","","","","","","","","","","",25000,1,"","",2,1,2,1,"","","","","","","","","","",3,1,"","","","","","","","","","","","","","","","","","","","","","","","","","","","","","","","","","","","","","","","","","","","","","","","","","","","","",""
"35049001","CANCALE",48.711667,-1.843333,40,1981052721,"","","","",4.,1,160,1,"","","","","","","","","","","","","","","","","","","","","","","","","","","","",11.2,1,8.9,1,"","","","","","","","","","","","","","","","","","","","","","","","","","",87,1,"","","","","","","","","","","","",11.6,1,1012.7,1,"","","","","","",6,1,6,1,5,1,0,1,0,1,"","","","","","","","","","","","","","","","","","","","","","","","",25000,1,"","",0,1,"","","","","","","","","","","","",2,1,"","","","","","","","","","","","","","","","","","","","","","","","","","","","","","","","","","","","","","","","","","","","","","","","","","","","","",""
"35049001","CANCALE",48.711667,-1.843333,40,1981052800,"","","","",4.,1,180,1,"","","","","","","","","","","","","","","","","","","","","","","","","","","","",10.1,1,8.3,1,"","","","","","","","","","","","","","","","","","","","","","","","","","",91,1,"","","","","","","","","","","","",11.2,1,1012.2,1,"","","","","","",2,1,0,1,0,1,0,1,2,1,"","","","","","","","","","","","","","","","","","","","","","","","",40000,1,"","",0,1,"","","","","","","","","","","","",2,1,"","","","","","","","","","","","","","","","","","","","","","","","","","","","","","","","","","","","","","","","","","","","","","","","","","","","","",""
"35049001","CANCALE",48.711667,-1.843333,40,1981052803,"","","","",3.,1,160,1,"","","","","","","","","","","","","","","","","","","","","","","","","","","","",9.8,1,8.3,1,"","","","","","","","","","","","","","","","","","","","","","","","","","",92,1,"","","","","","","","","","","","",11.2,1,1010.8,1,"","","","","","",8,1,8,1,0,1,7,1,"","","","","","","","","","","","","","","","","","","","","","","","","","",35000,1,"","",0,1,"","","","","","","","","","","","",2,1,"","","","","","","","","","","","","","","","","","","","","","","","","","","","","","","","","","","","","","","","","","","","","","","","","","","","","",""
"35049001","CANCALE",48.711667,-1.843333,40,1981052806,"","","","",6.,1,160,1,"","","","","","","","","","","","","","","","","","","","","","","","","","","","",10.3,1,8.9,1,"","","","","","","","","","","","","","","","","","","","","","","","","","",92,1,"","","","","","","","","","","","",11.6,1,1010.,1,"","","","","","",8,1,8,1,5,1,7,1,"","","","","","","","","","","","","","","","","","","","","","","","","","",18000,1,"","",2,1,"","","","",1,1,"","","","","","",2,1,"","","","","","","","","","","","","","","","","","","","","","","","","","","","","","","","","","","","","","","","","","","","","","","","","","","","","",""
"35049001","CANCALE",48.711667,-1.843333,40,1981052809,"","","","",10.,1,140,1,"","","","","","","","","","","","","","","","","","","","","","","","","","","","",11.1,1,9.9,1,"","","","","","","","","","","","","","","","","","","","","","","","","","",95,1,"","","","","","","","","","","","",12.5,1,1007.9,1,"","","","","","",8,1,8,1,7,1,"","","","","","","","","","","","","","","","","","","","","","","","","","","","",2000,1,"","",63,1,6,1,"","","","","","","","","","",4,1,"","","","","","","","","","","","","","","","","","","","","","","","","","","","","","","","","","","","","","","","","","","","","","","","","","","","","",""
"35049001","CANCALE",48.711667,-1.843333,40,1981052812,"","","","",7.,1,140,1,"","","","","","","","","","","","","","","","","","","","","","","","","","","","",12.2,1,11.3,1,"","","","","","","","","","","","","","","","","","","","","","","","","","",96,1,"","","","","","","","","","","","",13.7,1,1006.8,1,"","","","","","",8,1,8,1,7,1,"","","","","","","","","","","","","","","","","","","","","","","","","","","","",8000,1,"","",60,1,6,1,"","","","","","","","","","",3,1,"","","","","","","","","","","","","","","","","","","","","","","","","","","","","","","","","","","","","","","","","","","","","","","","","","","","","",""
"35049001","CANCALE",48.711667,-1.843333,40,1981052815,"","","","",8.,1,220,1,"","","","","","","","","","","","","","","","","","","","","","","","","","","","",16.2,1,14.2,1,"","","","","","","","","","","","","","","","","","","","","","","","","","",91,1,"","","","","","","","","","","","",16.7,1,1006.8,1,"","","","","","",8,1,8,1,7,1,"","","","","","","","","","","","","","","","","","","","","","","","","","","","",8000,1,"","",21,1,6,1,"","","","","","","","","","",3,1,"","","","","","","","","","","","","","","","","","","","","","","","","","","","","","","","","","","","","","","","","","","","","","","","","","","","","",""
"35049001","CANCALE",48.711667,-1.843333,40,1981052818,"","","","",3.,1,260,1,"","","","","","","","","","","","","","","","","","","","","","","","","","","","",12.4,1,11.6,1,"","","","","","","","","","","","","","","","","","","","","","","","","","",97,1,"","","","","","","","","","","","",14.,1,1008.3,1,"","","","","","",8,1,8,1,7,1,"","","","","","","","","","","","","","","","","","","","","","","","","","","","",17000,1,"","",2,1,6,1,"","","","","","","","","","",3,1,"","","","","","","","","","","","","","","","","","","","","","","","","","","","","","","","","","","","","","","","","","","","","","","","","","","","","",""
"35049001","CANCALE",48.711667,-1.843333,40,1981052821,"","","","",5.,1,240,1,"","","","","","","","","","","","","","","","","","","","","","","","","","","","",13.4,1,12.3,1,"","","","","","","","","","","","","","","","","","","","","","","","","","",96,1,"","","","","","","","","","","","",14.7,1,1010.3,1,"","","","","","",8,1,8,1,5,1,"","","","","","","","","","","","","","","","","","","","","","","","","","","","",25000,1,"","",0,1,"","","","","","","","","","","","",3,1,"","","","","","","","","","","","","","","","","","","","","","","","","","","","","","","","","","","","","","","","","","","","","","","","","","","","","",""
"35049001","CANCALE",48.711667,-1.843333,40,1981052900,"","","","",6.,1,220,1,"","","","","","","","","","","","","","","","","","","","","","","","","","","","",13.1,1,11.6,1,"","","","","","","","","","","","","","","","","","","","","","","","","","",93,1,"","","","","","","","","","","","",14.,1,1012.2,1,"","","","","","",8,1,8,1,0,1,7,1,"","","","","","","","","","","","","","","","","","","","","","","","","","",35000,1,"","",0,1,"","","","","","","","","","","","",3,1,"","","","","","","","","","","","","","","","","","","","","","","","","","","","","","","","","","","","","","","","","","","","","","","","","","","","","",""
"35049001","CANCALE",48.711667,-1.843333,40,1981052903,"","","","",3.,1,180,1,"","","","","","","","","","","","","","","","","","","","","","","","","","","","",12.5,1,10.8,1,"","","","","","","","","","","","","","","","","","","","","","","","","","",92,1,"","","","","","","","","","","","",13.3,1,1013.1,1,"","","","","","",8,1,8,1,5,1,"","","","","","","","","","","","","","","","","","","","","","","","","","","","",25000,1,"","",0,1,"","","","","","","","","","","","",2,1,"","","","","","","","","","","","","","","","","","","","","","","","","","","","","","","","","","","","","","","","","","","","","","","","","","","","","",""
"35049001","CANCALE",48.711667,-1.843333,40,1981052906,"","","","",4.,1,180,1,"","","","","","","","","","","","","","","","","","","","","","","","","","","","",12.5,1,11.4,1,"","","","","","","","","","","","","","","","","","","","","","","","","","",95,1,"","","","","","","","","","","","",13.8,1,1014.2,1,"","","","","","",8,1,8,1,5,1,"","","","","","","","","","","","","","","","","","","","","","","","","","","","",15000,1,"","",2,1,"","","","",1,1,"","","","","","",2,1,"","","","","","","","","","","","","","","","","","","","","","","","","","","","","","","","","","","","","","","","","","","","","","","","","","","","","",""
"35049001","CANCALE",48.711667,-1.843333,40,1981052909,"","","","",5.,1,260,1,"","","","","","","","","","","","","","","","","","","","","","","","","","","","",14.5,1,10.7,1,"","","","","","","","","","","","","","","","","","","","","","","","","","",80,1,"","","","","","","","","","","","",13.2,1,1015.,1,"","","","","","",7,1,7,1,8,1,"","","","","","","","","","","","","","","","","","","","","","","","","","","","",40000,1,"","",2,1,5,1,"","","","","","","","","","",3,1,"","","","","","","","","","","","","","","","","","","","","","","","","","","","","","","","","","","","","","","","","","","","","","","","","","","","","",""
"35049001","CANCALE",48.711667,-1.843333,40,1981052912,"","","","",4.,1,200,1,"","","","","","","","","","","","","","","","","","","","","","","","","","","","",16.,1,13.9,1,"","","","","","","","","","","","","","","","","","","","","","","","","","",90,1,"","","","","","","","","","","","",16.3,1,1015.2,1,"","","","","","",8,1,8,1,5,1,"","","","","","","","","","","","","","","","","","","","","","","","","","","","",6000,1,"","",51,1,8,1,"","","","","","","","","","",2,1,"","","","","","","","","","","","","","","","","","","","","","","","","","","","","","","","","","","","","","","","","","","","","","","","","","","","","",""
"35049001","CANCALE",48.711667,-1.843333,40,1981052915,"","","","",3.,1,120,1,"","","","","","","","","","","","","","","","","","","","","","","","","","","","",14.1,1,13.2,1,"","","","","","","","","","","","","","","","","","","","","","","","","","",96,1,"","","","","","","","","","","","",15.6,1,1015.6,1,"","","","","","",8,1,8,1,5,1,"","","","","","","","","","","","","","","","","","","","","","","","","","","","",500,1,"","",41,1,5,1,"","","","","","","","","","",2,1,"","","","","","","","","","","","","","","","","","","","","","","","","","","","","","","","","","","","","","","","","","","","","","","","","","","","","",""
"35049001","CANCALE",48.711667,-1.843333,40,1981052918,"","","","",0.,1,0,1,"","","","","","","","","","","","","","","","","","","","","","","","","","","","",15.2,1,14.2,1,"","","","","","","","","","","","","","","","","","","","","","","","","","",97,1,"","","","","","","","","","","","",16.7,1,1015.,1,"","","","","","",6,1,0,1,3,1,6,1,1,1,"","","","","","","","","","","","","","","","","","","","","","","","",30000,1,"","",1,1,5,1,"","","","","","","","","","",0,1,"","","","","","","","","","","","","","","","","","","","","","","","","","","","","","","","","","","","","","","","","","","","","","","","","","","","","",""
"35049001","CANCALE",48.711667,-1.843333,40,1981052921,"","","","",1.,1,100,1,"","","","","","","","","","","","","","","","","","","","","","","","","","","","",14.3,1,13.4,1,"","","","","","","","","","","","","","","","","","","","","","","","","","",97,1,"","","","","","","","","","","","",15.8,1,1015.6,1,"","","","","","",3,1,0,1,2,1,6,1,0,1,"","","","","","","","","","","","","","","","","","","","","","","","",30000,1,"","",0,1,"","","","","","","","","","","","",1,1,"","","","","","","","","","","","","","","","","","","","","","","","","","","","","","","","","","","","","","","","","","","","","","","","","","","","","",""
"35049001","CANCALE",48.711667,-1.843333,40,1981053000,"","","","",1.,1,200,1,"","","","","","","","","","","","","","","","","","","","","","","","","","","","",13.7,1,12.9,1,"","","","","","","","","","","","","","","","","","","","","","","","","","",98,1,"","","","","","","","","","","","",15.3,1,1015.4,1,"","","","","","",0,1,"","",0,1,0,1,0,1,"","","","","","","","","","","","","","","","","","","","","","","","",30000,1,"","",0,1,"","","","","","","","","","","","",1,1,"","","","","","","","","","","","","","","","","","","","","","","","","","","","","","","","","","","","","","","","","","","","","","","","","","","","","",""
"35049001","CANCALE",48.711667,-1.843333,40,1981053003,"","","","",2.,1,160,1,"","","","","","","","","","","","","","","","","","","","","","","","","","","","",12.3,1,12.3,1,"","","","","","","","","","","","","","","","","","","","","","","","","","",99,1,"","","","","","","","","","","","",14.1,1,1014.8,1,"","","","","","",9,1,"","","","","","","","","","","","","","","","","","","","","","","","","","","","","","","","",300,1,"","",45,1,"","","","","","","","","","","","",2,1,"","","","","","","","","","","","","","","","","","","","","","","","","","","","","","","","","","","","","","","","","","","","","","","","","","","","","",""
"35049001","CANCALE",48.711667,-1.843333,40,1981053006,"","","","",2.,1,100,1,"","","","","","","","","","","","","","","","","","","","","","","","","","","","",12.2,1,12.2,1,"","","","","","","","","","","","","","","","","","","","","","","","","","",99,1,"","","","","","","","","","","","",14.,1,1014.4,1,"","","","","","",9,1,"","","","","","","","","","","","","","","","","","","","","","","","","","","","","","","","",100,1,"","",45,1,"","","","",1,1,"","","","","","","","","","","","","","","","","","","","","","","","","","","","","","","","","","","","","","","","","","","","","","","","","","","","","","","","","","","","","",""
"35049001","CANCALE",48.711667,-1.843333,40,1981053009,"","","","",4.,1,100,1,"","","","","","","","","","","","","","","","","","","","","","","","","","","","",13.2,1,13.2,1,"","","","","","","","","","","","","","","","","","","","","","","","","","",99,1,"","","","","","","","","","","","",15.,1,1014.3,1,"","","","","","",8,1,8,1,7,1,"","","","","","","","","","","","","","","","","","","","","","","","","","","","",3000,1,"","",61,1,4,1,"","","","","","","","","","",2,1,"","","","","","","","","","","","","","","","","","","","","","","","","","","","","","","","","","","","","","","","","","","","","","","","","","","","","",""
"35049001","CANCALE",48.711667,-1.843333,40,1981053012,"","","","",5.,1,40,1,"","","","","","","","","","","","","","","","","","","","","","","","","","","","",14.3,1,14.3,1,"","","","","","","","","","","","","","","","","","","","","","","","","","",99,1,"","","","","","","","","","","","",16.1,1,1013.2,1,"","","","","","",8,1,8,1,7,1,"","","","","","","","","","","","","","","","","","","","","","","","","","","","",1500,1,"","",63,1,4,1,"","","","","","","","","","",2,1,"","","","","","","","","","","","","","","","","","","","","","","","","","","","","","","","","","","","","","","","","","","","","","","","","","","","","",""
"35049001","CANCALE",48.711667,-1.843333,40,1981053015,"","","","",2.,1,60,1,"","","","","","","","","","","","","","","","","","","","","","","","","","","","",15.8,1,14.7,1,"","","","","","","","","","","","","","","","","","","","","","","","","","",96,1,"","","","","","","","","","","","",17.2,1,1012.4,1,"","","","","","",7,1,7,1,5,1,"","","","","","","","","","","","","","","","","","","","","","","","","","","","",18000,1,"","",2,1,6,1,"","","","","","","","","","",2,1,"","","","","","","","","","","","","","","","","","","","","","","","","","","","","","","","","","","","","","","","","","","","","","","","","","","","","",""
"35049001","CANCALE",48.711667,-1.843333,40,1981053018,"","","","",2.,1,100,1,"","","","","","","","","","","","","","","","","","","","","","","","","","","","",15.7,1,14.2,1,"","","","","","","","","","","","","","","","","","","","","","","","","","",94,1,"","","","","","","","","","","","",16.7,1,1011.4,1,"","","","","","",7,1,0,1,2,1,3,1,8,1,"","","","","","","","","","","","","","","","","","","","","","","","",15000,1,"","",2,1,6,1,"","","","","","","","","","",2,1,"","","","","","","","","","","","","","","","","","","","","","","","","","","","","","","","","","","","","","","","","","","","","","","","","","","","","",""
"35049001","CANCALE",48.711667,-1.843333,40,1981053021,"","","","",3.,1,60,1,"","","","","","","","","","","","","","","","","","","","","","","","","","","","",16.5,1,14.1,1,"","","","","","","","","","","","","","","","","","","","","","","","","","",89,1,"","","","","","","","","","","","",16.6,1,1011.4,1,"","","","","","",3,1,0,1,0,1,0,1,2,1,"","","","","","","","","","","","","","","","","","","","","","","","",10000,1,"","",0,1,"","","","","","","","","","","","",2,1,"","","","","","","","","","","","","","","","","","","","","","","","","","","","","","","","","","","","","","","","","","","","","","","","","","","","","",""
"35049001","CANCALE",48.711667,-1.843333,40,1981053100,"","","","",2.,1,240,1,"","","","","","","","","","","","","","","","","","","","","","","","","","","","",16.5,1,14.1,1,"","","","","","","","","","","","","","","","","","","","","","","","","","",89,1,"","","","","","","","","","","","",16.6,1,1011.4,1,"","","","","","",0,1,"","",0,1,0,1,0,1,"","","","","","","","","","","","","","","","","","","","","","","","",15000,1,"","",0,1,"","","","","","","","","","","","",2,1,"","","","","","","","","","","","","","","","","","","","","","","","","","","","","","","","","","","","","","","","","","","","","","","","","","","","","",""
"35049001","CANCALE",48.711667,-1.843333,40,1981053103,"","","","",5.,1,180,1,"","","","","","","","","","","","","","","","","","","","","","","","","","","","",15.,1,13.3,1,"","","","","","","","","","","","","","","","","","","","","","","","","","",93,1,"","","","","","","","","","","","",15.7,1,1011.6,1,"","","","","","",8,1,8,1,7,1,"","","","","","","","","","","","","","","","","","","","","","","","","","","","",3000,1,"","",63,1,"","","","","","","","","","","","",2,1,"","","","","","","","","","","","","","","","","","","","","","","","","","","","","","","","","","","","","","","","","","","","","","","","","","","","","",""
"35049001","CANCALE",48.711667,-1.843333,40,1981053106,"","","","",1.,1,280,1,"","","","","","","","","","","","","","","","","","","","","","","","","","","","",14.,1,13.2,1,"","","","","","","","","","","","","","","","","","","","","","","","","","",97,1,"","","","","","","","","","","","",15.6,1,1011.6,1,"","","","","","",8,1,6,1,5,1,2,1,"","","","","","","","","","","","","","","","","","","","","","","","","","",3000,1,"","",10,1,"","","","",2,1,"","","","","","",2,1,"","","","","","","","","","","","","","","","","","","","","","","","","","","","","","","","","","","","","","","","","","","","","","","","","","","","","",""
"35049001","CANCALE",48.711667,-1.843333,40,1981053109,"","","","",0.,1,0,1,"","","","","","","","","","","","","","","","","","","","","","","","","","","","",17.4,1,14.8,1,"","","","","","","","","","","","","","","","","","","","","","","","","","",87,1,"","","","","","","","","","","","",17.3,1,1013.5,1,"","","","","","",4,1,0,1,2,1,0,1,0,1,"","","","","","","","","","","","","","","","","","","","","","","","",5000,1,"","",1,1,1,1,"","","","","","","","","","",2,1,"","","","","","","","","","","","","","","","","","","","","","","","","","","","","","","","","","","","","","","","","","","","","","","","","","","","","",""
"35049001","CANCALE",48.711667,-1.843333,40,1981053112,"","","","",1.,1,300,1,"","","","","","","","","","","","","","","","","","","","","","","","","","","","",17.5,1,14.5,1,"","","","","","","","","","","","","","","","","","","","","","","","","","",85,1,"","","","","","","","","","","","",17.,1,1014.3,1,"","","","","","",6,1,0,1,2,1,3,1,0,1,"","","","","","","","","","","","","","","","","","","","","","","","",10000,1,"","",2,1,1,1,"","","","","","","","","","",2,1,"","","","","","","","","","","","","","","","","","","","","","","","","","","","","","","","","","","","","","","","","","","","","","","","","","","","","",""
"35049001","CANCALE",48.711667,-1.843333,40,1981053115,"","","","",3.,1,360,1,"","","","","","","","","","","","","","","","","","","","","","","","","","","","",15.8,1,12.2,1,"","","","","","","","","","","","","","","","","","","","","","","","","","",81,1,"","","","","","","","","","","","",14.6,1,1015.1,1,"","","","","","",5,1,0,1,2,1,3,1,0,1,"","","","","","","","","","","","","","","","","","","","","","","","",6000,1,"","",2,1,2,1,"","","","","","","","","","",2,1,"","","","","","","","","","","","","","","","","","","","","","","","","","","","","","","","","","","","","","","","","","","","","","","","","","","","","",""
"35049001","CANCALE",48.711667,-1.843333,40,1981053118,"","","","",1.,1,280,1,"","","","","","","","","","","","","","","","","","","","","","","","","","","","",13.9,1,12.2,1,"","","","","","","","","","","","","","","","","","","","","","","","","","",92,1,"","","","","","","","","","","","",14.6,1,1015.5,1,"","","","","","",6,1,5,1,5,1,3,1,0,1,"","","","","","","","","","","","","","","","","","","","","","","","",6000,1,"","",2,1,2,1,"","","","","","","","","","",2,1,"","","","","","","","","","","","","","","","","","","","","","","","","","","","","","","","","","","","","","","","","","","","","","","","","","","","","",""
"35049001","CANCALE",48.711667,-1.843333,40,1981053121,"","","","",0.,1,0,1,"","","","","","","","","","","","","","","","","","","","","","","","","","","","",13.,1,11.7,1,"","","","","","","","","","","","","","","","","","","","","","","","","","",94,1,"","","","","","","","","","","","",14.1,1,1017.1,1,"","","","","","",4,1,0,1,0,1,3,1,2,1,"","","","","","","","","","","","","","","","","","","","","","","","",6000,1,"","",0,1,"","","","","","","","","","","","",2,1,"","","","","","","","","","","","","","","","","","","","","","","","","","","","","","","","","","","","","","","","","","","","","","","","","","","","","",""
"35049001","CANCALE",48.711667,-1.843333,40,1981060100,"","","","",3.,1,260,1,"","","","","","","","","","","","","","","","","","","","","","","","","","","","",12.7,1,11.4,1,"","","","","","","","","","","","","","","","","","","","","","","","","","",94,1,"","","","","","","","","","","","",13.8,1,1017.4,1,"","","","","","",0,1,"","",0,1,0,1,0,1,"","","","","","","","","","","","","","","","","","","","","","","","",16000,1,"","",0,1,"","","","","","","","","","","","",2,1,"","","","","","","","","","","","","","","","","","","","","","","","","","","","","","","","","","","","","","","","","","","","","","","","","","","","","",""
"35049001","CANCALE",48.711667,-1.843333,40,1981060103,"","","","",2.,1,80,1,"","","","","","","","","","","","","","","","","","","","","","","","","","","","",13.5,1,13.5,1,"","","","","","","","","","","","","","","","","","","","","","","","","","",99,1,"","","","","","","","","","","","",15.3,1,1016.4,1,"","","","","","",8,1,8,1,6,1,"","","","","","","","","","","","","","","","","","","","","","","","","","","","",1500,1,"","",10,1,"","","","","","","","","","","","",2,1,"","","","","","","","","","","","","","","","","","","","","","","","","","","","","","","","","","","","","","","","","","","","","","","","","","","","","",""
"35049001","CANCALE",48.711667,-1.843333,40,1981060106,"","","","",3.,1,80,1,"","","","","","","","","","","","","","","","","","","","","","","","","","","","",13.4,1,13.4,1,"","","","","","","","","","","","","","","","","","","","","","","","","","",100,1,"","","","","","","","","","","","",15.4,1,1016.4,1,"","","","","","",9,1,"","","","","","","","","","","","","","","","","","","","","","","","","","","","","","","","",50,1,"","",45,1,4,1,"","",0,1,"","","","","","",2,1,"","","","","","","","","","","","","","","","","","","","","","","","","","","","","","","","","","","","","","","","","","","","","","","","","","","","","",""
"35049001","CANCALE",48.711667,-1.843333,40,1981060109,"","","","",5.,1,80,1,"","","","","","","","","","","","","","","","","","","","","","","","","","","","",14.4,1,14.4,1,"","","","","","","","","","","","","","","","","","","","","","","","","","",99,1,"","","","","","","","","","","","",16.2,1,1015.5,1,"","","","","","",8,1,8,1,6,1,"","","","","","","","","","","","","","","","","","","","","","","","","","","","",7000,1,"","",28,1,4,1,"","","","","","","","","","",2,1,"","","","","","","","","","","","","","","","","","","","","","","","","","","","","","","","","","","","","","","","","","","","","","","","","","","","","",""
"35049001","CANCALE",48.711667,-1.843333,40,1981060112,"","","","",6.,1,80,1,"","","","","","","","","","","","","","","","","","","","","","","","","","","","",19.,1,15.4,1,"","","","","","","","","","","","","","","","","","","","","","","","","","",82,1,"","","","","","","","","","","","",18.,1,1014.3,1,"","","","","","",7,1,5,1,1,1,3,1,8,1,"","","","","","","","","","","","","","","","","","","","","","","","",15000,1,"","",2,1,4,1,"","","","","","","","","","",2,1,"","","","","","","","","","","","","","","","","","","","","","","","","","","","","","","","","","","","","","","","","","","","","","","","","","","","","",""
"35049001","CANCALE",48.711667,-1.843333,40,1981060115,"","","","",7.,1,80,1,"","","","","","","","","","","","","","","","","","","","","","","","","","","","",20.5,1,15.9,1,"","","","","","","","","","","","","","","","","","","","","","","","","","",77,1,"","","","","","","","","","","","",18.6,1,1012.2,1,"","","","","","",4,1,0,1,2,1,0,1,2,1,"","","","","","","","","","","","","","","","","","","","","","","","",16000,1,"","",1,1,1,1,"","","","","","","","","","",2,1,"","","","","","","","","","","","","","","","","","","","","","","","","","","","","","","","","","","","","","","","","","","","","","","","","","","","","",""
"35049001","CANCALE",48.711667,-1.843333,40,1981060118,"","","","",3.,1,80,1,"","","","","","","","","","","","","","","","","","","","","","","","","","","","",19.8,1,15.7,1,"","","","","","","","","","","","","","","","","","","","","","","","","","",80,1,"","","","","","","","","","","","",18.4,1,1010.6,1,"","","","","","",8,1,8,1,9,1,9,1,"","","","","","","","","","","","","","","","","","","","","","","","","","",20000,1,"","",3,1,1,1,"","","","","","","","","","",2,1,"","","","","","","","","","","","","","","","","","","","","","","","","","","","","","","","","","","","","","","","","","","","","","","","","","","","","",""
"35049001","CANCALE",48.711667,-1.843333,40,1981060121,"","","","",4.,1,60,1,"","","","","","","","","","","","","","","","","","","","","","","","","","","","",18.5,1,16.2,1,"","","","","","","","","","","","","","","","","","","","","","","","","","",89,1,"","","","","","","","","","","","",19.,1,1010.1,1,"","","","","","",8,1,8,1,9,1,"","","","","","","","","","","","","","","","","","","","","","","","","","","","",15000,1,"","",17,1,9,1,"","","","","","","","","","",2,1,"","","","","","","","","","","","","","","","","","","","","","","","","","","","","","","","","","","","","","","","","","","","","","","","","","","","","",""
"35049001","CANCALE",48.711667,-1.843333,40,1981060200,"","","","",11.,1,280,1,"","","","","","","","","","","","","","","","","","","","","","","","","","","","",13.5,1,12.6,1,"","","","","","","","","","","","","","","","","","","","","","","","","","",97,1,"","","","","","","","","","","","",15.,1,1011.,1,"","","","","","",8,1,8,1,9,1,"","","","","","","","","","","","","","","","","","","","","","","","","","","","",20000,1,"","",13,1,"","","","","","","","","","","","",3,1,"","","","","","","","","","","","","","","","","","","","","","","","","","","","","","","","","","","","","","","","","","","","","","","","","","","","","",""
"35049001","CANCALE",48.711667,-1.843333,40,1981060203,"","","","",1.,1,160,1,"","","","","","","","","","","","","","","","","","","","","","","","","","","","",13.,1,11.7,1,"","","","","","","","","","","","","","","","","","","","","","","","","","",94,1,"","","","","","","","","","","","",14.1,1,1012.,1,"","","","","","",6,1,6,1,0,1,7,1,0,1,"","","","","","","","","","","","","","","","","","","","","","","","",35000,1,"","",0,1,"","","","","","","","","","","","",2,1,"","","","","","","","","","","","","","","","","","","","","","","","","","","","","","","","","","","","","","","","","","","","","","","","","","","","","",""
"35049001","CANCALE",48.711667,-1.843333,40,1981060206,"","","","",5.,1,200,1,"","","","","","","","","","","","","","","","","","","","","","","","","","","","",12.6,1,11.1,1,"","","","","","","","","","","","","","","","","","","","","","","","","","",93,1,"","","","","","","","","","","","",13.5,1,1014.,1,"","","","","","",1,1,0,1,0,1,4,1,0,1,"","","","","","","","","","","","","","","","","","","","","","","","",30000,1,"","",2,1,"","","","",2,1,"","","","","","",2,1,"","","","","","","","","","","","","","","","","","","","","","","","","","","","","","","","","","","","","","","","","","","","","","","","","","","","","",""
"35049001","CANCALE",48.711667,-1.843333,40,1981060209,"","","","",7.,1,220,1,"","","","","","","","","","","","","","","","","","","","","","","","","","","","",16.4,1,12.4,1,"","","","","","","","","","","","","","","","","","","","","","","","","","",79,1,"","","","","","","","","","","","",14.8,1,1015.1,1,"","","","","","",5,1,0,1,2,1,6,1,0,1,"","","","","","","","","","","","","","","","","","","","","","","","",30000,1,"","",2,1,1,1,"","","","","","","","","","",3,1,"","","","","","","","","","","","","","","","","","","","","","","","","","","","","","","","","","","","","","","","","","","","","","","","","","","","","",""
"35049001","CANCALE",48.711667,-1.843333,40,1981060212,"","","","",5.,1,200,1,"","","","","","","","","","","","","","","","","","","","","","","","","","","","",19.2,1,12.1,1,"","","","","","","","","","","","","","","","","","","","","","","","","","",65,1,"","","","","","","","","","","","",14.5,1,1016.1,1,"","","","","","",6,1,5,1,2,1,6,1,0,1,"","","","","","","","","","","","","","","","","","","","","","","","",35000,1,"","",2,1,2,1,"","","","","","","","","","",2,1,"","","","","","","","","","","","","","","","","","","","","","","","","","","","","","","","","","","","","","","","","","","","","","","","","","","","","",""
"35049001","CANCALE",48.711667,-1.843333,40,1981060215,"","","","",5.,1,240,1,"","","","","","","","","","","","","","","","","","","","","","","","","","","","",19.,1,12.9,1,"","","","","","","","","","","","","","","","","","","","","","","","","","",70,1,"","","","","","","","","","","","",15.3,1,1016.3,1,"","","","","","",6,1,0,1,8,1,4,1,8,1,"","","","","","","","","","","","","","","","","","","","","","","","",40000,1,"","",2,1,2,1,"","","","","","","","","","",2,1,"","","","","","","","","","","","","","","","","","","","","","","","","","","","","","","","","","","","","","","","","","","","","","","","","","","","","",""
"35049001","CANCALE",48.711667,-1.843333,40,1981060218,"","","","",5.,1,180,1,"","","","","","","","","","","","","","","","","","","","","","","","","","","","",16.5,1,10.8,1,"","","","","","","","","","","","","","","","","","","","","","","","","","",71,1,"","","","","","","","","","","","",13.3,1,1017.2,1,"","","","","","",6,1,0,1,4,1,6,1,0,1,"","","","","","","","","","","","","","","","","","","","","","","","",30000,1,"","",2,1,2,1,"","","","","","","","","","",2,1,"","","","","","","","","","","","","","","","","","","","","","","","","","","","","","","","","","","","","","","","","","","","","","","","","","","","","",""
"35049001","CANCALE",48.711667,-1.843333,40,1981060221,"","","","",3.,1,180,1,"","","","","","","","","","","","","","","","","","","","","","","","","","","","",14.4,1,11.4,1,"","","","","","","","","","","","","","","","","","","","","","","","","","",84,1,"","","","","","","","","","","","",13.8,1,1017.9,1,"","","","","","",3,1,0,1,0,1,6,1,0,1,"","","","","","","","","","","","","","","","","","","","","","","","",28000,1,"","",0,1,"","","","","","","","","","","","",2,1,"","","","","","","","","","","","","","","","","","","","","","","","","","","","","","","","","","","","","","","","","","","","","","","","","","","","","",""
"35049001","CANCALE",48.711667,-1.843333,40,1981060300,"","","","",5.,1,200,1,"","","","","","","","","","","","","","","","","","","","","","","","","","","","",12.8,1,10.9,1,"","","","","","","","","","","","","","","","","","","","","","","","","","",90,1,"","","","","","","","","","","","",13.4,1,1018.2,1,"","","","","","",0,1,"","",0,1,0,1,0,1,"","","","","","","","","","","","","","","","","","","","","","","","",25000,1,"","",0,1,"","","","","","","","","","","","",2,1,"","","","","","","","","","","","","","","","","","","","","","","","","","","","","","","","","","","","","","","","","","","","","","","","","","","","","",""
"35049001","CANCALE",48.711667,-1.843333,40,1981060303,"","","","",3.,1,180,1,"","","","","","","","","","","","","","","","","","","","","","","","","","","","",11.7,1,10.2,1,"","","","","","","","","","","","","","","","","","","","","","","","","","",94,1,"","","","","","","","","","","","",12.7,1,1017.5,1,"","","","","","",3,1,0,1,7,1,0,1,0,1,"","","","","","","","","","","","","","","","","","","","","","","","",25000,1,"","",0,1,"","","","","","","","","","","","",2,1,"","","","","","","","","","","","","","","","","","","","","","","","","","","","","","","","","","","","","","","","","","","","","","","","","","","","","",""
"35049001","CANCALE",48.711667,-1.843333,40,1981060306,"","","","",2.,1,180,1,"","","","","","","","","","","","","","","","","","","","","","","","","","","","",12.1,1,10.6,1,"","","","","","","","","","","","","","","","","","","","","","","","","","",94,1,"","","","","","","","","","","","",13.1,1,1017.2,1,"","","","","","",7,1,7,1,0,1,7,1,"","","","","","","","","","","","","","","","","","","","","","","","","","",16000,1,"","",3,1,"","","","",0,1,"","","","","","",2,1,"","","","","","","","","","","","","","","","","","","","","","","","","","","","","","","","","","","","","","","","","","","","","","","","","","","","","",""
"35049001","CANCALE",48.711667,-1.843333,40,1981060309,"","","","",2.,1,140,1,"","","","","","","","","","","","","","","","","","","","","","","","","","","","",14.3,1,12.5,1,"","","","","","","","","","","","","","","","","","","","","","","","","","",92,1,"","","","","","","","","","","","",14.9,1,1017.,1,"","","","","","",6,1,5,1,8,1,0,1,0,1,"","","","","","","","","","","","","","","","","","","","","","","","",16000,1,"","",2,1,2,1,"","","","","","","","","","",2,1,"","","","","","","","","","","","","","","","","","","","","","","","","","","","","","","","","","","","","","","","","","","","","","","","","","","","","",""
"35049001","CANCALE",48.711667,-1.843333,40,1981060312,"","","","",2.,1,320,1,"","","","","","","","","","","","","","","","","","","","","","","","","","","","",14.7,1,12.7,1,"","","","","","","","","","","","","","","","","","","","","","","","","","",90,1,"","","","","","","","","","","","",15.1,1,1017.,1,"","","","","","",8,1,5,1,9,1,9,1,"","","","","","","","","","","","","","","","","","","","","","","","","","",7000,1,"","",81,1,2,1,"","","","","","","","","","",2,1,"","","","","","","","","","","","","","","","","","","","","","","","","","","","","","","","","","","","","","","","","","","","","","","","","","","","","",""
"35049001","CANCALE",48.711667,-1.843333,40,1981060315,"","","","",0.,1,0,1,"","","","","","","","","","","","","","","","","","","","","","","","","","","","",14.1,1,11.7,1,"","","","","","","","","","","","","","","","","","","","","","","","","","",88,1,"","","","","","","","","","","","",14.1,1,1016.6,1,"","","","","","",6,1,0,1,9,1,6,1,0,1,"","","","","","","","","","","","","","","","","","","","","","","","",30000,1,"","",2,1,9,1,"","","","","","","","","","",2,1,"","","","","","","","","","","","","","","","","","","","","","","","","","","","","","","","","","","","","","","","","","","","","","","","","","","","","",""
"35049001","CANCALE",48.711667,-1.843333,40,1981060318,"","","","",5.,1,280,1,"","","","","","","","","","","","","","","","","","","","","","","","","","","","",14.7,1,12.7,1,"","","","","","","","","","","","","","","","","","","","","","","","","","",90,1,"","","","","","","","","","","","",15.1,1,1016.8,1,"","","","","","",3,1,0,1,3,1,6,1,2,1,"","","","","","","","","","","","","","","","","","","","","","","","",15000,1,"","",1,1,9,1,"","","","","","","","","","",2,1,"","","","","","","","","","","","","","","","","","","","","","","","","","","","","","","","","","","","","","","","","","","","","","","","","","","","","",""
"35049001","CANCALE",48.711667,-1.843333,40,1981060321,"","","","",6.,1,280,1,"","","","","","","","","","","","","","","","","","","","","","","","","","","","",12.,1,10.5,1,"","","","","","","","","","","","","","","","","","","","","","","","","","",93,1,"","","","","","","","","","","","",13.,1,1017.9,1,"","","","","","",2,1,0,1,0,1,3,1,2,1,"","","","","","","","","","","","","","","","","","","","","","","","",25000,1,"","",2,1,1,1,"","","","","","","","","","",2,1,"","","","","","","","","","","","","","","","","","","","","","","","","","","","","","","","","","","","","","","","","","","","","","","","","","","","","",""
"35049001","CANCALE",48.711667,-1.843333,40,1981060400,"","","","",6.,1,260,1,"","","","","","","","","","","","","","","","","","","","","","","","","","","","",11.9,1,10.7,1,"","","","","","","","","","","","","","","","","","","","","","","","","","",95,1,"","","","","","","","","","","","",13.2,1,1018.7,1,"","","","","","",0,1,"","",0,1,0,1,0,1,"","","","","","","","","","","","","","","","","","","","","","","","",35000,1,"","",0,1,"","","","","","","","","","","","",2,1,"","","","","","","","","","","","","","","","","","","","","","","","","","","","","","","","","","","","","","","","","","","","","","","","","","","","","",""
"35049001","CANCALE",48.711667,-1.843333,40,1981060403,"","","","",6.,1,240,1,"","","","","","","","","","","","","","","","","","","","","","","","","","","","",10.2,1,8.7,1,"","","","","","","","","","","","","","","","","","","","","","","","","","",92,1,"","","","","","","","","","","","",11.5,1,1018.7,1,"","","","","","",2,1,0,1,0,1,0,1,2,1,"","","","","","","","","","","","","","","","","","","","","","","","",25000,1,"","",0,1,"","","","","","","","","","","","",2,1,"","","","","","","","","","","","","","","","","","","","","","","","","","","","","","","","","","","","","","","","","","","","","","","","","","","","","",""
"35049001","CANCALE",48.711667,-1.843333,40,1981060406,"","","","",4.,1,240,1,"","","","","","","","","","","","","","","","","","","","","","","","","","","","",10.5,1,9.2,1,"","","","","","","","","","","","","","","","","","","","","","","","","","",93,1,"","","","","","","","","","","","",11.9,1,1019.2,1,"","","","","","",3,1,0,1,0,1,6,1,2,1,"","","","","","","","","","","","","","","","","","","","","","","","",25000,1,"","",2,1,"","","","",1,1,"","","","","","",2,1,"","","","","","","","","","","","","","","","","","","","","","","","","","","","","","","","","","","","","","","","","","","","","","","","","","","","","",""
"35049001","CANCALE",48.711667,-1.843333,40,1981060409,"","","","",9.,1,260,1,"","","","","","","","","","","","","","","","","","","","","","","","","","","","",14.5,1,9.8,1,"","","","","","","","","","","","","","","","","","","","","","","","","","",75,1,"","","","","","","","","","","","",12.4,1,1019.4,1,"","","","","","",5,1,0,1,2,1,0,1,8,1,"","","","","","","","","","","","","","","","","","","","","","","","",30000,1,"","",3,1,1,1,"","","","","","","","","","",3,1,"","","","","","","","","","","","","","","","","","","","","","","","","","","","","","","","","","","","","","","","","","","","","","","","","","","","","",""
"35049001","CANCALE",48.711667,-1.843333,40,1981060412,"","","","",6.,1,240,1,"","","","","","","","","","","","","","","","","","","","","","","","","","","","",17.5,1,10.4,1,"","","","","","","","","","","","","","","","","","","","","","","","","","",64,1,"","","","","","","","","","","","",12.9,1,1018.4,1,"","","","","","",7,1,5,1,2,1,6,1,"","","","","","","","","","","","","","","","","","","","","","","","","","",35000,1,"","",2,1,2,1,"","","","","","","","","","",2,1,"","","","","","","","","","","","","","","","","","","","","","","","","","","","","","","","","","","","","","","","","","","","","","","","","","","","","",""
"35049001","CANCALE",48.711667,-1.843333,40,1981060415,"","","","",8.,1,220,1,"","","","","","","","","","","","","","","","","","","","","","","","","","","","",17.3,1,11.9,1,"","","","","","","","","","","","","","","","","","","","","","","","","","",72,1,"","","","","","","","","","","","",14.3,1,1018.3,1,"","","","","","",8,1,7,1,5,1,2,1,"","","","","","","","","","","","","","","","","","","","","","","","","","",35000,1,"","",3,1,2,1,"","","","","","","","","","",3,1,"","","","","","","","","","","","","","","","","","","","","","","","","","","","","","","","","","","","","","","","","","","","","","","","","","","","","",""
"35049001","CANCALE",48.711667,-1.843333,40,1981060418,"","","","",7.,1,200,1,"","","","","","","","","","","","","","","","","","","","","","","","","","","","",15.5,1,11.5,1,"","","","","","","","","","","","","","","","","","","","","","","","","","",79,1,"","","","","","","","","","","","",13.9,1,1017.6,1,"","","","","","",8,1,8,1,1,1,7,1,"","","","","","","","","","","","","","","","","","","","","","","","","","",35000,1,"","",2,1,2,1,"","","","","","","","","","",3,1,"","","","","","","","","","","","","","","","","","","","","","","","","","","","","","","","","","","","","","","","","","","","","","","","","","","","","",""
"35049001","CANCALE",48.711667,-1.843333,40,1981060421,"","","","",7.,1,200,1,"","","","","","","","","","","","","","","","","","","","","","","","","","","","",14.3,1,11.9,1,"","","","","","","","","","","","","","","","","","","","","","","","","","",88,1,"","","","","","","","","","","","",14.3,1,1017.8,1,"","","","","","",8,1,8,1,5,1,"","","","","","","","","","","","","","","","","","","","","","","","","","","","",25000,1,"","",0,1,"","","","","","","","","","","","",3,1,"","","","","","","","","","","","","","","","","","","","","","","","","","","","","","","","","","","","","","","","","","","","","","","","","","","","","",""
"35049001","CANCALE",48.711667,-1.843333,40,1981060500,"","","","",6.,1,200,1,"","","","","","","","","","","","","","","","","","","","","","","","","","","","",13.5,1,12.6,1,"","","","","","","","","","","","","","","","","","","","","","","","","","",97,1,"","","","","","","","","","","","",15.,1,1017.2,1,"","","","","","",8,1,8,1,5,1,"","","","","","","","","","","","","","","","","","","","","","","","","","","","",18000,1,"","",51,1,"","","","","","","","","","","","",2,1,"","","","","","","","","","","","","","","","","","","","","","","","","","","","","","","","","","","","","","","","","","","","","","","","","","","","","",""
"35049001","CANCALE",48.711667,-1.843333,40,1981060503,"","","","",4.,1,280,1,"","","","","","","","","","","","","","","","","","","","","","","","","","","","",12.5,1,11.7,1,"","","","","","","","","","","","","","","","","","","","","","","","","","",97,1,"","","","","","","","","","","","",14.1,1,1017.8,1,"","","","","","",8,1,8,1,7,1,"","","","","","","","","","","","","","","","","","","","","","","","","","","","",25000,1,"","",51,1,"","","","","","","","","","","","",2,1,"","","","","","","","","","","","","","","","","","","","","","","","","","","","","","","","","","","","","","","","","","","","","","","","","","","","","",""
"35049001","CANCALE",48.711667,-1.843333,40,1981060506,"","","","",2.,1,280,1,"","","","","","","","","","","","","","","","","","","","","","","","","","","","",12.4,1,11.3,1,"","","","","","","","","","","","","","","","","","","","","","","","","","",95,1,"","","","","","","","","","","","",13.7,1,1016.8,1,"","","","","","",8,1,8,1,5,1,"","","","","","","","","","","","","","","","","","","","","","","","","","","","",18000,1,"","",2,1,"","","","",1,1,"","","","","","",2,1,"","","","","","","","","","","","","","","","","","","","","","","","","","","","","","","","","","","","","","","","","","","","","","","","","","","","","",""
"35049001","CANCALE",48.711667,-1.843333,40,1981060509,"","","","",2.,1,80,1,"","","","","","","","","","","","","","","","","","","","","","","","","","","","",13.3,1,12.,1,"","","","","","","","","","","","","","","","","","","","","","","","","","",94,1,"","","","","","","","","","","","",14.4,1,1016.8,1,"","","","","","",8,1,8,1,7,1,2,1,"","","","","","","","","","","","","","","","","","","","","","","","","","",16000,1,"","",21,1,2,1,"","","","","","","","","","",2,1,"","","","","","","","","","","","","","","","","","","","","","","","","","","","","","","","","","","","","","","","","","","","","","","","","","","","","",""
"35049001","CANCALE",48.711667,-1.843333,40,1981060512,"","","","",3.,1,320,1,"","","","","","","","","","","","","","","","","","","","","","","","","","","","",11.8,1,10.6,1,"","","","","","","","","","","","","","","","","","","","","","","","","","",95,1,"","","","","","","","","","","","",13.1,1,1016.8,1,"","","","","","",8,1,8,1,7,1,"","","","","","","","","","","","","","","","","","","","","","","","","","","","",2000,1,"","",61,1,6,1,"","","","","","","","","","",2,1,"","","","","","","","","","","","","","","","","","","","","","","","","","","","","","","","","","","","","","","","","","","","","","","","","","","","","",""
"35049001","CANCALE",48.711667,-1.843333,40,1981060515,"","","","",2.,1,20,1,"","","","","","","","","","","","","","","","","","","","","","","","","","","","",12.,1,12.,1,"","","","","","","","","","","","","","","","","","","","","","","","","","",100,1,"","","","","","","","","","","","",14.,1,1016.2,1,"","","","","","",8,1,8,1,7,1,"","","","","","","","","","","","","","","","","","","","","","","","","","","","",1500,1,"","",63,1,6,1,"","","","","","","","","","",2,1,"","","","","","","","","","","","","","","","","","","","","","","","","","","","","","","","","","","","","","","","","","","","","","","","","","","","","",""
"35049001","CANCALE",48.711667,-1.843333,40,1981060518,"","","","",0.,1,0,1,"","","","","","","","","","","","","","","","","","","","","","","","","","","","",12.9,1,12.9,1,"","","","","","","","","","","","","","","","","","","","","","","","","","",100,1,"","","","","","","","","","","","",14.9,1,1015.8,1,"","","","","","",8,1,8,1,7,1,"","","","","","","","","","","","","","","","","","","","","","","","","","","","",3000,1,"","",61,1,6,1,"","","","","","","","","","",2,1,"","","","","","","","","","","","","","","","","","","","","","","","","","","","","","","","","","","","","","","","","","","","","","","","","","","","","",""
"35049001","CANCALE",48.711667,-1.843333,40,1981060521,"","","","",2.,1,80,1,"","","","","","","","","","","","","","","","","","","","","","","","","","","","",13.,1,13.,1,"","","","","","","","","","","","","","","","","","","","","","","","","","",100,1,"","","","","","","","","","","","",15.,1,1016.3,1,"","","","","","",8,1,8,1,7,1,"","","","","","","","","","","","","","","","","","","","","","","","","","","","",16000,1,"","",2,1,6,1,"","","","","","","","","","",2,1,"","","","","","","","","","","","","","","","","","","","","","","","","","","","","","","","","","","","","","","","","","","","","","","","","","","","","",""
"35049001","CANCALE",48.711667,-1.843333,40,1981060600,"","","","",4.,1,220,1,"","","","","","","","","","","","","","","","","","","","","","","","","","","","",13.8,1,12.9,1,"","","","","","","","","","","","","","","","","","","","","","","","","","",97,1,"","","","","","","","","","","","",15.3,1,1016.3,1,"","","","","","",8,1,8,1,0,1,7,1,"","","","","","","","","","","","","","","","","","","","","","","","","","",16000,1,"","",0,1,"","","","","","","","","","","","",2,1,"","","","","","","","","","","","","","","","","","","","","","","","","","","","","","","","","","","","","","","","","","","","","","","","","","","","","",""
"35049001","CANCALE",48.711667,-1.843333,40,1981060603,"","","","",4.,1,240,1,"","","","","","","","","","","","","","","","","","","","","","","","","","","","",13.8,1,12.9,1,"","","","","","","","","","","","","","","","","","","","","","","","","","",97,1,"","","","","","","","","","","","",15.3,1,1016.8,1,"","","","","","",8,1,5,1,7,1,2,1,"","","","","","","","","","","","","","","","","","","","","","","","","","",16000,1,"","",0,1,"","","","","","","","","","","","",2,1,"","","","","","","","","","","","","","","","","","","","","","","","","","","","","","","","","","","","","","","","","","","","","","","","","","","","","",""
"35049001","CANCALE",48.711667,-1.843333,40,1981060606,"","","","",0.,1,0,1,"","","","","","","","","","","","","","","","","","","","","","","","","","","","",12.9,1,12.9,1,"","","","","","","","","","","","","","","","","","","","","","","","","","",99,1,"","","","","","","","","","","","",14.7,1,1017.,1,"","","","","","",7,1,7,1,8,1,"","","","","","","","","","","","","","","","","","","","","","","","","","","","",9000,1,"","",2,1,"","","","",1,1,"","","","","","",2,1,"","","","","","","","","","","","","","","","","","","","","","","","","","","","","","","","","","","","","","","","","","","","","","","","","","","","","",""
"35049001","CANCALE",48.711667,-1.843333,40,1981060609,"","","","",0.,1,0,1,"","","","","","","","","","","","","","","","","","","","","","","","","","","","",14.8,1,13.2,1,"","","","","","","","","","","","","","","","","","","","","","","","","","",93,1,"","","","","","","","","","","","",15.6,1,1017.6,1,"","","","","","",6,1,5,1,2,1,9,1,0,1,"","","","","","","","","","","","","","","","","","","","","","","","",15000,1,"","",1,1,2,1,"","","","","","","","","","",2,1,"","","","","","","","","","","","","","","","","","","","","","","","","","","","","","","","","","","","","","","","","","","","","","","","","","","","","",""
"35049001","CANCALE",48.711667,-1.843333,40,1981060612,"","","","",3.,1,280,1,"","","","","","","","","","","","","","","","","","","","","","","","","","","","",15.4,1,13.,1,"","","","","","","","","","","","","","","","","","","","","","","","","","",89,1,"","","","","","","","","","","","",15.4,1,1018.,1,"","","","","","",6,1,6,1,2,1,0,1,8,1,"","","","","","","","","","","","","","","","","","","","","","","","",23000,1,"","",2,1,2,1,"","","","","","","","","","",2,1,"","","","","","","","","","","","","","","","","","","","","","","","","","","","","","","","","","","","","","","","","","","","","","","","","","","","","",""
"35049001","CANCALE",48.711667,-1.843333,40,1981060615,"","","","",2.,1,280,1,"","","","","","","","","","","","","","","","","","","","","","","","","","","","",16.2,1,12.,1,"","","","","","","","","","","","","","","","","","","","","","","","","","",79,1,"","","","","","","","","","","","",14.4,1,1017.8,1,"","","","","","",5,1,5,1,2,1,0,1,0,1,"","","","","","","","","","","","","","","","","","","","","","","","",25000,1,"","",2,1,2,1,"","","","","","","","","","",1,1,"","","","","","","","","","","","","","","","","","","","","","","","","","","","","","","","","","","","","","","","","","","","","","","","","","","","","",""
"35049001","CANCALE",48.711667,-1.843333,40,1981060618,"","","","",5.,1,280,1,"","","","","","","","","","","","","","","","","","","","","","","","","","","","",15.4,1,12.3,1,"","","","","","","","","","","","","","","","","","","","","","","","","","",84,1,"","","","","","","","","","","","",14.7,1,1017.6,1,"","","","","","",1,1,0,1,2,1,0,1,0,1,"","","","","","","","","","","","","","","","","","","","","","","","",15000,1,"","",2,1,1,1,"","","","","","","","","","",2,1,"","","","","","","","","","","","","","","","","","","","","","","","","","","","","","","","","","","","","","","","","","","","","","","","","","","","","",""
"35049001","CANCALE",48.711667,-1.843333,40,1981060621,"","","","",3.,1,260,1,"","","","","","","","","","","","","","","","","","","","","","","","","","","","",12.8,1,11.3,1,"","","","","","","","","","","","","","","","","","","","","","","","","","",93,1,"","","","","","","","","","","","",13.7,1,1018.6,1,"","","","","","",1,1,0,1,0,1,0,1,2,1,"","","","","","","","","","","","","","","","","","","","","","","","",10000,1,"","",2,1,0,1,"","","","","","","","","","",2,1,"","","","","","","","","","","","","","","","","","","","","","","","","","","","","","","","","","","","","","","","","","","","","","","","","","","","","",""
"35049001","CANCALE",48.711667,-1.843333,40,1981060700,"","","","",0.,1,0,1,"","","","","","","","","","","","","","","","","","","","","","","","","","","","",11.6,1,10.7,1,"","","","","","","","","","","","","","","","","","","","","","","","","","",97,1,"","","","","","","","","","","","",13.2,1,1018.4,1,"","","","","","",0,1,"","",0,1,0,1,0,1,"","","","","","","","","","","","","","","","","","","","","","","","",15000,1,"","",0,1,"","","","","","","","","","","","",2,1,"","","","","","","","","","","","","","","","","","","","","","","","","","","","","","","","","","","","","","","","","","","","","","","","","","","","","",""
"35049001","CANCALE",48.711667,-1.843333,40,1981060703,"","","","",3.,1,160,1,"","","","","","","","","","","","","","","","","","","","","","","","","","","","",11.2,1,10.3,1,"","","","","","","","","","","","","","","","","","","","","","","","","","",96,1,"","","","","","","","","","","","",12.8,1,1018.2,1,"","","","","","",1,1,0,1,0,1,8,1,0,1,"","","","","","","","","","","","","","","","","","","","","","","","",15000,1,"","",0,1,"","","","","","","","","","","","",2,1,"","","","","","","","","","","","","","","","","","","","","","","","","","","","","","","","","","","","","","","","","","","","","","","","","","","","","",""
"35049001","CANCALE",48.711667,-1.843333,40,1981060706,"","","","",2.,1,140,1,"","","","","","","","","","","","","","","","","","","","","","","","","","","","",10.7,1,9.9,1,"","","","","","","","","","","","","","","","","","","","","","","","","","",97,1,"","","","","","","","","","","","",12.5,1,1016.8,1,"","","","","","",3,1,0,1,5,1,4,1,0,1,"","","","","","","","","","","","","","","","","","","","","","","","",9000,1,"","",2,1,"","","","",0,1,"","","","","","",2,1,"","","","","","","","","","","","","","","","","","","","","","","","","","","","","","","","","","","","","","","","","","","","","","","","","","","","","",""
"35049001","CANCALE",48.711667,-1.843333,40,1981060709,"","","","",2.,1,80,1,"","","","","","","","","","","","","","","","","","","","","","","","","","","","",14.1,1,12.4,1,"","","","","","","","","","","","","","","","","","","","","","","","","","",92,1,"","","","","","","","","","","","",14.8,1,1015.4,1,"","","","","","",8,1,8,1,2,1,0,1,7,1,"","","","","","","","","","","","","","","","","","","","","","","","",9000,1,"","",2,1,1,1,"","","","","","","","","","",2,1,"","","","","","","","","","","","","","","","","","","","","","","","","","","","","","","","","","","","","","","","","","","","","","","","","","","","","",""
"35049001","CANCALE",48.711667,-1.843333,40,1981060712,"","","","",5.,1,160,1,"","","","","","","","","","","","","","","","","","","","","","","","","","","","",16.6,1,11.5,1,"","","","","","","","","","","","","","","","","","","","","","","","","","",74,1,"","","","","","","","","","","","",13.9,1,1013.6,1,"","","","","","",8,1,8,1,5,1,2,1,"","","","","","","","","","","","","","","","","","","","","","","","","","",16000,1,"","",2,1,1,1,"","","","","","","","","","",2,1,"","","","","","","","","","","","","","","","","","","","","","","","","","","","","","","","","","","","","","","","","","","","","","","","","","","","","",""
"35049001","CANCALE",48.711667,-1.843333,40,1981060715,"","","","",6.,1,140,1,"","","","","","","","","","","","","","","","","","","","","","","","","","","","",15.5,1,13.5,1,"","","","","","","","","","","","","","","","","","","","","","","","","","",90,1,"","","","","","","","","","","","",15.9,1,1011.,1,"","","","","","",8,1,8,1,7,1,"","","","","","","","","","","","","","","","","","","","","","","","","","","","",9000,1,"","",63,1,6,1,"","","","","","","","","","",3,1,"","","","","","","","","","","","","","","","","","","","","","","","","","","","","","","","","","","","","","","","","","","","","","","","","","","","","",""
"35049001","CANCALE",48.711667,-1.843333,40,1981060718,"","","","",6.,1,160,1,"","","","","","","","","","","","","","","","","","","","","","","","","","","","",16.5,1,15.,1,"","","","","","","","","","","","","","","","","","","","","","","","","","",94,1,"","","","","","","","","","","","",17.6,1,1009.5,1,"","","","","","",8,1,8,1,7,1,"","","","","","","","","","","","","","","","","","","","","","","","","","","","",8000,1,"","",61,1,6,1,"","","","","","","","","","",2,1,"","","","","","","","","","","","","","","","","","","","","","","","","","","","","","","","","","","","","","","","","","","","","","","","","","","","","",""
"35049001","CANCALE",48.711667,-1.843333,40,1981060721,"","","","",6.,1,180,1,"","","","","","","","","","","","","","","","","","","","","","","","","","","","",14.6,1,13.1,1,"","","","","","","","","","","","","","","","","","","","","","","","","","",93,1,"","","","","","","","","","","","",15.5,1,1009.8,1,"","","","","","",8,1,8,1,5,1,2,1,"","","","","","","","","","","","","","","","","","","","","","","","","","",15000,1,"","",2,1,6,1,"","","","","","","","","","",2,1,"","","","","","","","","","","","","","","","","","","","","","","","","","","","","","","","","","","","","","","","","","","","","","","","","","","","","",""
"35049001","CANCALE",48.711667,-1.843333,40,1981060800,"","","","",5.,1,180,1,"","","","","","","","","","","","","","","","","","","","","","","","","","","","",14.9,1,13.3,1,"","","","","","","","","","","","","","","","","","","","","","","","","","",92,1,"","","","","","","","","","","","",15.7,1,1009.,1,"","","","","","",8,1,8,1,7,1,2,1,"","","","","","","","","","","","","","","","","","","","","","","","","","",30000,1,"","",0,1,"","","","","","","","","","","","",2,1,"","","","","","","","","","","","","","","","","","","","","","","","","","","","","","","","","","","","","","","","","","","","","","","","","","","","","",""
"35049001","CANCALE",48.711667,-1.843333,40,1981060803,"","","","",6.,1,200,1,"","","","","","","","","","","","","","","","","","","","","","","","","","","","",15.3,1,13.7,1,"","","","","","","","","","","","","","","","","","","","","","","","","","",93,1,"","","","","","","","","","","","",16.1,1,1008.3,1,"","","","","","",8,1,8,1,5,1,"","","","","","","","","","","","","","","","","","","","","","","","","","","","",25000,1,"","",0,1,"","","","","","","","","","","","",2,1,"","","","","","","","","","","","","","","","","","","","","","","","","","","","","","","","","","","","","","","","","","","","","","","","","","","","","",""
"35049001","CANCALE",48.711667,-1.843333,40,1981060806,"","","","",2.,1,200,1,"","","","","","","","","","","","","","","","","","","","","","","","","","","","",15.4,1,13.9,1,"","","","","","","","","","","","","","","","","","","","","","","","","","",93,1,"","","","","","","","","","","","",16.3,1,1009.,1,"","","","","","",8,1,8,1,5,1,"","","","","","","","","","","","","","","","","","","","","","","","","","","","",40000,1,"","",2,1,2,1,"","",0,1,"","","","","","",2,1,"","","","","","","","","","","","","","","","","","","","","","","","","","","","","","","","","","","","","","","","","","","","","","","","","","","","","",""
"35049001","CANCALE",48.711667,-1.843333,40,1981060809,"","","","",4.,1,220,1,"","","","","","","","","","","","","","","","","","","","","","","","","","","","",17.,1,14.7,1,"","","","","","","","","","","","","","","","","","","","","","","","","","",89,1,"","","","","","","","","","","","",17.2,1,1008.7,1,"","","","","","",8,1,8,1,5,1,"","","","","","","","","","","","","","","","","","","","","","","","","","","","",40000,1,"","",2,1,2,1,"","","","","","","","","","",2,1,"","","","","","","","","","","","","","","","","","","","","","","","","","","","","","","","","","","","","","","","","","","","","","","","","","","","","",""
"35049001","CANCALE",48.711667,-1.843333,40,1981060812,"","","","",5.,1,240,1,"","","","","","","","","","","","","","","","","","","","","","","","","","","","",18.7,1,14.5,1,"","","","","","","","","","","","","","","","","","","","","","","","","","",79,1,"","","","","","","","","","","","",17.,1,1010.2,1,"","","","","","",7,1,7,1,5,1,"","","","","","","","","","","","","","","","","","","","","","","","","","","","",40000,1,"","",2,1,2,1,"","","","","","","","","","",2,1,"","","","","","","","","","","","","","","","","","","","","","","","","","","","","","","","","","","","","","","","","","","","","","","","","","","","","",""
"35049001","CANCALE",48.711667,-1.843333,40,1981060815,"","","","",7.,1,240,1,"","","","","","","","","","","","","","","","","","","","","","","","","","","","",20.,1,13.8,1,"","","","","","","","","","","","","","","","","","","","","","","","","","",69,1,"","","","","","","","","","","","",16.2,1,1008.5,1,"","","","","","",6,1,6,1,2,1,0,1,0,1,"","","","","","","","","","","","","","","","","","","","","","","","",40000,1,"","",1,1,2,1,"","","","","","","","","","",3,1,"","","","","","","","","","","","","","","","","","","","","","","","","","","","","","","","","","","","","","","","","","","","","","","","","","","","","",""
"35049001","CANCALE",48.711667,-1.843333,40,1981060818,"","","","",7.,1,240,1,"","","","","","","","","","","","","","","","","","","","","","","","","","","","",17.5,1,10.7,1,"","","","","","","","","","","","","","","","","","","","","","","","","","",66,1,"","","","","","","","","","","","",13.2,1,1008.6,1,"","","","","","",5,1,5,1,4,1,0,1,0,1,"","","","","","","","","","","","","","","","","","","","","","","","",40000,1,"","",1,1,2,1,"","","","","","","","","","",3,1,"","","","","","","","","","","","","","","","","","","","","","","","","","","","","","","","","","","","","","","","","","","","","","","","","","","","","",""
"35049001","CANCALE",48.711667,-1.843333,40,1981060821,"","","","",5.,1,200,1,"","","","","","","","","","","","","","","","","","","","","","","","","","","","",14.3,1,10.7,1,"","","","","","","","","","","","","","","","","","","","","","","","","","",81,1,"","","","","","","","","","","","",13.2,1,1009.2,1,"","","","","","",3,1,0,1,0,1,4,1,0,1,"","","","","","","","","","","","","","","","","","","","","","","","",28000,1,"","",0,1,"","","","","","","","","","","","",2,1,"","","","","","","","","","","","","","","","","","","","","","","","","","","","","","","","","","","","","","","","","","","","","","","","","","","","","",""
"35049001","CANCALE",48.711667,-1.843333,40,1981060900,"","","","",5.,1,200,1,"","","","","","","","","","","","","","","","","","","","","","","","","","","","",12.9,1,10.8,1,"","","","","","","","","","","","","","","","","","","","","","","","","","",89,1,"","","","","","","","","","","","",13.3,1,1009.2,1,"","","","","","",5,1,0,1,1,1,7,1,0,1,"","","","","","","","","","","","","","","","","","","","","","","","",25000,1,"","",0,1,"","","","","","","","","","","","",2,1,"","","","","","","","","","","","","","","","","","","","","","","","","","","","","","","","","","","","","","","","","","","","","","","","","","","","","",""
"35049001","CANCALE",48.711667,-1.843333,40,1981060903,"","","","",5.,1,200,1,"","","","","","","","","","","","","","","","","","","","","","","","","","","","",12.4,1,10.5,1,"","","","","","","","","","","","","","","","","","","","","","","","","","",90,1,"","","","","","","","","","","","",13.,1,1009.4,1,"","","","","","",5,1,5,1,0,1,7,1,0,1,"","","","","","","","","","","","","","","","","","","","","","","","",25000,1,"","",0,1,"","","","","","","","","","","","",2,1,"","","","","","","","","","","","","","","","","","","","","","","","","","","","","","","","","","","","","","","","","","","","","","","","","","","","","",""
"35049001","CANCALE",48.711667,-1.843333,40,1981060906,"","","","",6.,1,180,1,"","","","","","","","","","","","","","","","","","","","","","","","","","","","",12.7,1,10.6,1,"","","","","","","","","","","","","","","","","","","","","","","","","","",89,1,"","","","","","","","","","","","",13.1,1,1008.7,1,"","","","","","",7,1,7,1,5,1,0,1,0,1,"","","","","","","","","","","","","","","","","","","","","","","","",22000,1,"","",2,1,"","","","",0,1,"","","","","","",2,1,"","","","","","","","","","","","","","","","","","","","","","","","","","","","","","","","","","","","","","","","","","","","","","","","","","","","","",""
"35049001","CANCALE",48.711667,-1.843333,40,1981060909,"","","","",6.,1,240,1,"","","","","","","","","","","","","","","","","","","","","","","","","","","","",14.5,1,11.5,1,"","","","","","","","","","","","","","","","","","","","","","","","","","",84,1,"","","","","","","","","","","","",13.9,1,1010.,1,"","","","","","",7,1,6,1,8,1,"","","","","","","","","","","","","","","","","","","","","","","","","","","","",18000,1,"","",25,1,2,1,"","","","","","","","","","",3,1,"","","","","","","","","","","","","","","","","","","","","","","","","","","","","","","","","","","","","","","","","","","","","","","","","","","","","",""
"35049001","CANCALE",48.711667,-1.843333,40,1981060912,"","","","",7.,1,240,1,"","","","","","","","","","","","","","","","","","","","","","","","","","","","",16.,1,13.1,1,"","","","","","","","","","","","","","","","","","","","","","","","","","",85,1,"","","","","","","","","","","","",15.5,1,1010.6,1,"","","","","","",7,1,6,1,3,1,6,1,"","","","","","","","","","","","","","","","","","","","","","","","","","",22000,1,"","",25,1,8,1,"","","","","","","","","","",3,1,"","","","","","","","","","","","","","","","","","","","","","","","","","","","","","","","","","","","","","","","","","","","","","","","","","","","","",""
"35049001","CANCALE",48.711667,-1.843333,40,1981060915,"","","","",9.,1,280,1,"","","","","","","","","","","","","","","","","","","","","","","","","","","","",13.1,1,11.1,1,"","","","","","","","","","","","","","","","","","","","","","","","","","",89,1,"","","","","","","","","","","","",13.5,1,1012.6,1,"","","","","","",8,1,8,1,8,1,"","","","","","","","","","","","","","","","","","","","","","","","","","","","",20000,1,"","",80,1,2,1,"","","","","","","","","","",3,1,"","","","","","","","","","","","","","","","","","","","","","","","","","","","","","","","","","","","","","","","","","","","","","","","","","","","","",""
"35049001","CANCALE",48.711667,-1.843333,40,1981060918,"","","","",13.,1,260,1,"","","","","","","","","","","","","","","","","","","","","","","","","","","","",13.1,1,10.3,1,"","","","","","","","","","","","","","","","","","","","","","","","","","",85,1,"","","","","","","","","","","","",12.8,1,1014.8,1,"","","","","","",6,1,6,1,8,1,0,1,0,1,"","","","","","","","","","","","","","","","","","","","","","","","",25000,1,"","",1,1,8,1,"","","","","","","","","","",4,1,"","","","","","","","","","","","","","","","","","","","","","","","","","","","","","","","","","","","","","","","","","","","","","","","","","","","","",""
"35049001","CANCALE",48.711667,-1.843333,40,1981060921,"","","","",12.,1,260,1,"","","","","","","","","","","","","","","","","","","","","","","","","","","","",12.4,1,10.5,1,"","","","","","","","","","","","","","","","","","","","","","","","","","",90,1,"","","","","","","","","","","","",13.,1,1017.5,1,"","","","","","",0,1,"","",0,1,0,1,0,1,"","","","","","","","","","","","","","","","","","","","","","","","",25000,1,"","",2,1,1,1,"","","","","","","","","","",4,1,"","","","","","","","","","","","","","","","","","","","","","","","","","","","","","","","","","","","","","","","","","","","","","","","","","","","","",""
"35049001","CANCALE",48.711667,-1.843333,40,1981061000,"","","","",10.,1,260,1,"","","","","","","","","","","","","","","","","","","","","","","","","","","","",12.,1,8.9,1,"","","","","","","","","","","","","","","","","","","","","","","","","","",83,1,"","","","","","","","","","","","",11.6,1,1019.,1,"","","","","","",0,1,"","",0,1,0,1,0,1,"","","","","","","","","","","","","","","","","","","","","","","","",55000,1,"","",0,1,"","","","","","","","","","","","",4,1,"","","","","","","","","","","","","","","","","","","","","","","","","","","","","","","","","","","","","","","","","","","","","","","","","","","","","",""
"35049001","CANCALE",48.711667,-1.843333,40,1981061003,"","","","",8.,1,240,1,"","","","","","","","","","","","","","","","","","","","","","","","","","","","",9.7,1,7.3,1,"","","","","","","","","","","","","","","","","","","","","","","","","","",87,1,"","","","","","","","","","","","",10.4,1,1020.4,1,"","","","","","",0,1,"","",0,1,0,1,0,1,"","","","","","","","","","","","","","","","","","","","","","","","",28000,1,"","",0,1,"","","","","","","","","","","","",3,1,"","","","","","","","","","","","","","","","","","","","","","","","","","","","","","","","","","","","","","","","","","","","","","","","","","","","","",""
"35049001","CANCALE",48.711667,-1.843333,40,1981061006,"","","","",7.,1,240,1,"","","","","","","","","","","","","","","","","","","","","","","","","","","","",10.6,1,8.3,1,"","","","","","","","","","","","","","","","","","","","","","","","","","",87,1,"","","","","","","","","","","","",11.2,1,1020.7,1,"","","","","","",3,1,0,1,2,1,0,1,1,1,"","","","","","","","","","","","","","","","","","","","","","","","",16000,1,"","",2,1,"","","","",0,1,"","","","","","",3,1,"","","","","","","","","","","","","","","","","","","","","","","","","","","","","","","","","","","","","","","","","","","","","","","","","","","","","",""
"35049001","CANCALE",48.711667,-1.843333,40,1981061009,"","","","",5.,1,260,1,"","","","","","","","","","","","","","","","","","","","","","","","","","","","",13.2,1,9.6,1,"","","","","","","","","","","","","","","","","","","","","","","","","","",80,1,"","","","","","","","","","","","",12.2,1,1021.8,1,"","","","","","",4,1,0,1,2,1,0,1,2,1,"","","","","","","","","","","","","","","","","","","","","","","","",23000,1,"","",3,1,0,1,"","","","","","","","","","",3,1,"","","","","","","","","","","","","","","","","","","","","","","","","","","","","","","","","","","","","","","","","","","","","","","","","","","","","",""
"35049001","CANCALE",48.711667,-1.843333,40,1981061012,"","","","",2.,1,40,1,"","","","","","","","","","","","","","","","","","","","","","","","","","","","",15.3,1,11.1,1,"","","","","","","","","","","","","","","","","","","","","","","","","","",77,1,"","","","","","","","","","","","",13.5,1,1021.9,1,"","","","","","",6,1,0,1,2,1,0,1,2,1,"","","","","","","","","","","","","","","","","","","","","","","","",25000,1,"","",3,1,1,1,"","","","","","","","","","",3,1,"","","","","","","","","","","","","","","","","","","","","","","","","","","","","","","","","","","","","","","","","","","","","","","","","","","","","",""
"35049001","CANCALE",48.711667,-1.843333,40,1981061015,"","","","",3.,1,60,1,"","","","","","","","","","","","","","","","","","","","","","","","","","","","",15.3,1,11.3,1,"","","","","","","","","","","","","","","","","","","","","","","","","","",78,1,"","","","","","","","","","","","",13.7,1,1021.5,1,"","","","","","",6,1,5,1,2,1,0,1,8,1,"","","","","","","","","","","","","","","","","","","","","","","","",30000,1,"","",2,1,2,1,"","","","","","","","","","",2,1,"","","","","","","","","","","","","","","","","","","","","","","","","","","","","","","","","","","","","","","","","","","","","","","","","","","","","",""
"35049001","CANCALE",48.711667,-1.843333,40,1981061018,"","","","",3.,1,220,1,"","","","","","","","","","","","","","","","","","","","","","","","","","","","",18.8,1,11.8,1,"","","","","","","","","","","","","","","","","","","","","","","","","","",66,1,"","","","","","","","","","","","",14.2,1,1020.3,1,"","","","","","",7,1,5,1,2,1,5,1,4,1,"","","","","","","","","","","","","","","","","","","","","","","","",40000,1,"","",3,1,2,1,"","","","","","","","","","",2,1,"","","","","","","","","","","","","","","","","","","","","","","","","","","","","","","","","","","","","","","","","","","","","","","","","","","","","",""
"35049001","CANCALE",48.711667,-1.843333,40,1981061021,"","","","",4.,1,180,1,"","","","","","","","","","","","","","","","","","","","","","","","","","","","",16.2,1,11.8,1,"","","","","","","","","","","","","","","","","","","","","","","","","","",77,1,"","","","","","","","","","","","",14.2,1,1021.,1,"","","","","","",7,1,7,1,0,1,7,1,"","","","","","","","","","","","","","","","","","","","","","","","","","",55000,1,"","",2,1,2,1,"","","","","","","","","","",2,1,"","","","","","","","","","","","","","","","","","","","","","","","","","","","","","","","","","","","","","","","","","","","","","","","","","","","","",""
"35049001","CANCALE",48.711667,-1.843333,40,1981061100,"","","","",6.,1,180,1,"","","","","","","","","","","","","","","","","","","","","","","","","","","","",14.4,1,10.5,1,"","","","","","","","","","","","","","","","","","","","","","","","","","",79,1,"","","","","","","","","","","","",13.,1,1020.7,1,"","","","","","",7,1,7,1,0,1,7,1,"","","","","","","","","","","","","","","","","","","","","","","","","","",55000,1,"","",0,1,"","","","","","","","","","","","",2,1,"","","","","","","","","","","","","","","","","","","","","","","","","","","","","","","","","","","","","","","","","","","","","","","","","","","","","",""
"35049001","CANCALE",48.711667,-1.843333,40,1981061103,"","","","",5.,1,180,1,"","","","","","","","","","","","","","","","","","","","","","","","","","","","",14.5,1,10.6,1,"","","","","","","","","","","","","","","","","","","","","","","","","","",79,1,"","","","","","","","","","","","",13.1,1,1019.,1,"","","","","","",7,1,0,1,8,1,7,1,"","","","","","","","","","","","","","","","","","","","","","","","","","",55000,1,"","",0,1,"","","","","","","","","","","","",2,1,"","","","","","","","","","","","","","","","","","","","","","","","","","","","","","","","","","","","","","","","","","","","","","","","","","","","","",""
"35049001","CANCALE",48.711667,-1.843333,40,1981061106,"","","","",4.,1,180,1,"","","","","","","","","","","","","","","","","","","","","","","","","","","","",13.9,1,11.9,1,"","","","","","","","","","","","","","","","","","","","","","","","","","",90,1,"","","","","","","","","","","","",14.3,1,1019.2,1,"","","","","","",7,1,7,1,0,1,7,1,"","","","","","","","","","","","","","","","","","","","","","","","","","",35000,1,"","",2,1,"","","","",0,1,"","","","","","",2,1,"","","","","","","","","","","","","","","","","","","","","","","","","","","","","","","","","","","","","","","","","","","","","","","","","","","","","",""
"35049001","CANCALE",48.711667,-1.843333,40,1981061109,"","","","",7.,1,200,1,"","","","","","","","","","","","","","","","","","","","","","","","","","","","",17.7,1,13.2,1,"","","","","","","","","","","","","","","","","","","","","","","","","","",77,1,"","","","","","","","","","","","",15.6,1,1019.2,1,"","","","","","",7,1,7,1,0,1,7,1,"","","","","","","","","","","","","","","","","","","","","","","","","","",30000,1,"","",2,1,2,1,"","","","","","","","","","",3,1,"","","","","","","","","","","","","","","","","","","","","","","","","","","","","","","","","","","","","","","","","","","","","","","","","","","","","",""
"35049001","CANCALE",48.711667,-1.843333,40,1981061112,"","","","",6.,1,200,1,"","","","","","","","","","","","","","","","","","","","","","","","","","","","",20.7,1,15.3,1,"","","","","","","","","","","","","","","","","","","","","","","","","","",73,1,"","","","","","","","","","","","",17.9,1,1018.9,1,"","","","","","",7,1,7,1,0,1,7,1,"","","","","","","","","","","","","","","","","","","","","","","","","","",25000,1,"","",2,1,2,1,"","","","","","","","","","",3,1,"","","","","","","","","","","","","","","","","","","","","","","","","","","","","","","","","","","","","","","","","","","","","","","","","","","","","",""
"35049001","CANCALE",48.711667,-1.843333,40,1981061115,"","","","",6.,1,240,1,"","","","","","","","","","","","","","","","","","","","","","","","","","","","",20.7,1,16.7,1,"","","","","","","","","","","","","","","","","","","","","","","","","","",81,1,"","","","","","","","","","","","",19.7,1,1019.,1,"","","","","","",8,1,8,1,0,1,7,1,"","","","","","","","","","","","","","","","","","","","","","","","","","",28000,1,"","",2,1,2,1,"","","","","","","","","","",3,1,"","","","","","","","","","","","","","","","","","","","","","","","","","","","","","","","","","","","","","","","","","","","","","","","","","","","","",""
"35049001","CANCALE",48.711667,-1.843333,40,1981061118,"","","","",6.,1,240,1,"","","","","","","","","","","","","","","","","","","","","","","","","","","","",19.,1,16.9,1,"","","","","","","","","","","","","","","","","","","","","","","","","","",90,1,"","","","","","","","","","","","",19.9,1,1019.,1,"","","","","","",8,1,8,1,8,1,"","","","","","","","","","","","","","","","","","","","","","","","","","","","",7000,1,"","",80,1,8,1,"","","","","","","","","","",3,1,"","","","","","","","","","","","","","","","","","","","","","","","","","","","","","","","","","","","","","","","","","","","","","","","","","","","","",""
"35049001","CANCALE",48.711667,-1.843333,40,1981061121,"","","","",3.,1,300,1,"","","","","","","","","","","","","","","","","","","","","","","","","","","","",13.6,1,12.8,1,"","","","","","","","","","","","","","","","","","","","","","","","","","",98,1,"","","","","","","","","","","","",15.2,1,1020.8,1,"","","","","","",8,1,8,1,5,1,"","","","","","","","","","","","","","","","","","","","","","","","","","","","",5000,1,"","",51,1,5,1,"","","","","","","","","","",2,1,"","","","","","","","","","","","","","","","","","","","","","","","","","","","","","","","","","","","","","","","","","","","","","","","","","","","","",""
"35049001","CANCALE",48.711667,-1.843333,40,1981061200,"","","","",1.,1,280,1,"","","","","","","","","","","","","","","","","","","","","","","","","","","","",13.4,1,13.4,1,"","","","","","","","","","","","","","","","","","","","","","","","","","",99,1,"","","","","","","","","","","","",15.2,1,1021.5,1,"","","","","","",8,1,8,1,5,1,"","","","","","","","","","","","","","","","","","","","","","","","","","","","",10000,1,"","",0,1,"","","","","","","","","","","","",2,1,"","","","","","","","","","","","","","","","","","","","","","","","","","","","","","","","","","","","","","","","","","","","","","","","","","","","","",""
"35049001","CANCALE",48.711667,-1.843333,40,1981061203,"","","","",4.,1,280,1,"","","","","","","","","","","","","","","","","","","","","","","","","","","","",13.,1,13.,1,"","","","","","","","","","","","","","","","","","","","","","","","","","",100,1,"","","","","","","","","","","","",15.,1,1022.3,1,"","","","","","",7,1,7,1,0,1,7,1,"","","","","","","","","","","","","","","","","","","","","","","","","","",25000,1,"","",0,1,"","","","","","","","","","","","",2,1,"","","","","","","","","","","","","","","","","","","","","","","","","","","","","","","","","","","","","","","","","","","","","","","","","","","","","",""
"35049001","CANCALE",48.711667,-1.843333,40,1981061206,"","","","",7.,1,260,1,"","","","","","","","","","","","","","","","","","","","","","","","","","","","",12.6,1,11.5,1,"","","","","","","","","","","","","","","","","","","","","","","","","","",96,1,"","","","","","","","","","","","",13.9,1,1023.1,1,"","","","","","",7,1,7,1,5,1,"","","","","","","","","","","","","","","","","","","","","","","","","","","","",14000,1,"","",3,1,"","","","",1,1,"","","","","","",3,1,"","","","","","","","","","","","","","","","","","","","","","","","","","","","","","","","","","","","","","","","","","","","","","","","","","","","","",""
"35049001","CANCALE",48.711667,-1.843333,40,1981061209,"","","","",4.,1,280,1,"","","","","","","","","","","","","","","","","","","","","","","","","","","","",13.7,1,12.,1,"","","","","","","","","","","","","","","","","","","","","","","","","","",92,1,"","","","","","","","","","","","",14.4,1,1025.,1,"","","","","","",8,1,8,1,5,1,"","","","","","","","","","","","","","","","","","","","","","","","","","","","",16000,1,"","",2,1,2,1,"","","","","","","","","","",2,1,"","","","","","","","","","","","","","","","","","","","","","","","","","","","","","","","","","","","","","","","","","","","","","","","","","","","","",""
"35049001","CANCALE",48.711667,-1.843333,40,1981061212,"","","","",6.,1,280,1,"","","","","","","","","","","","","","","","","","","","","","","","","","","","",14.9,1,12.5,1,"","","","","","","","","","","","","","","","","","","","","","","","","","",88,1,"","","","","","","","","","","","",14.9,1,1026.4,1,"","","","","","",7,1,7,1,8,1,0,1,0,1,"","","","","","","","","","","","","","","","","","","","","","","","",18000,1,"","",2,1,2,1,"","","","","","","","","","",3,1,"","","","","","","","","","","","","","","","","","","","","","","","","","","","","","","","","","","","","","","","","","","","","","","","","","","","","",""
"35049001","CANCALE",48.711667,-1.843333,40,1981061215,"","","","",3.,1,300,1,"","","","","","","","","","","","","","","","","","","","","","","","","","","","",16.4,1,13.4,1,"","","","","","","","","","","","","","","","","","","","","","","","","","",85,1,"","","","","","","","","","","","",15.8,1,1027.6,1,"","","","","","",6,1,5,1,8,1,0,1,2,1,"","","","","","","","","","","","","","","","","","","","","","","","",22000,1,"","",2,1,2,1,"","","","","","","","","","",2,1,"","","","","","","","","","","","","","","","","","","","","","","","","","","","","","","","","","","","","","","","","","","","","","","","","","","","","",""
"35049001","CANCALE",48.711667,-1.843333,40,1981061218,"","","","",2.,1,300,1,"","","","","","","","","","","","","","","","","","","","","","","","","","","","",15.8,1,13.3,1,"","","","","","","","","","","","","","","","","","","","","","","","","","",87,1,"","","","","","","","","","","","",15.7,1,1028.3,1,"","","","","","",4,1,0,1,8,1,0,1,2,1,"","","","","","","","","","","","","","","","","","","","","","","","",20000,1,"","",1,1,1,1,"","","","","","","","","","",2,1,"","","","","","","","","","","","","","","","","","","","","","","","","","","","","","","","","","","","","","","","","","","","","","","","","","","","","",""
"35049001","CANCALE",48.711667,-1.843333,40,1981061221,"","","","",1.,1,360,1,"","","","","","","","","","","","","","","","","","","","","","","","","","","","",13.6,1,12.5,1,"","","","","","","","","","","","","","","","","","","","","","","","","","",96,1,"","","","","","","","","","","","",14.9,1,1029.5,1,"","","","","","",7,1,7,1,5,1,"","","","","","","","","","","","","","","","","","","","","","","","","","","","",40000,1,"","",2,1,1,1,"","","","","","","","","","",2,1,"","","","","","","","","","","","","","","","","","","","","","","","","","","","","","","","","","","","","","","","","","","","","","","","","","","","","",""
"35049001","CANCALE",48.711667,-1.843333,40,1981061300,"","","","",0.,1,0,1,"","","","","","","","","","","","","","","","","","","","","","","","","","","","",13.6,1,12.1,1,"","","","","","","","","","","","","","","","","","","","","","","","","","",93,1,"","","","","","","","","","","","",14.5,1,1030.3,1,"","","","","","",7,1,7,1,5,1,"","","","","","","","","","","","","","","","","","","","","","","","","","","","",55000,1,"","",0,1,"","","","","","","","","","","","",2,1,"","","","","","","","","","","","","","","","","","","","","","","","","","","","","","","","","","","","","","","","","","","","","","","","","","","","","",""
"35049001","CANCALE",48.711667,-1.843333,40,1981061303,"","","","",1.,1,20,1,"","","","","","","","","","","","","","","","","","","","","","","","","","","","",13.1,1,12.3,1,"","","","","","","","","","","","","","","","","","","","","","","","","","",98,1,"","","","","","","","","","","","",14.7,1,1029.9,1,"","","","","","",2,1,0,1,0,1,0,1,2,1,"","","","","","","","","","","","","","","","","","","","","","","","",25000,1,"","",0,1,"","","","","","","","","","","","",2,1,"","","","","","","","","","","","","","","","","","","","","","","","","","","","","","","","","","","","","","","","","","","","","","","","","","","","","",""
"35049001","CANCALE",48.711667,-1.843333,40,1981061306,"","","","",1.,1,60,1,"","","","","","","","","","","","","","","","","","","","","","","","","","","","",13.9,1,12.8,1,"","","","","","","","","","","","","","","","","","","","","","","","","","",96,1,"","","","","","","","","","","","",15.2,1,1030.2,1,"","","","","","",4,1,0,1,5,1,0,1,2,1,"","","","","","","","","","","","","","","","","","","","","","","","",9000,1,"","",2,1,"","","","",0,1,"","","","","","",2,1,"","","","","","","","","","","","","","","","","","","","","","","","","","","","","","","","","","","","","","","","","","","","","","","","","","","","","",""
"35049001","CANCALE",48.711667,-1.843333,40,1981061309,"","","","",3.,1,80,1,"","","","","","","","","","","","","","","","","","","","","","","","","","","","",14.9,1,12.9,1,"","","","","","","","","","","","","","","","","","","","","","","","","","",90,1,"","","","","","","","","","","","",15.3,1,1030.3,1,"","","","","","",3,1,0,1,2,1,0,1,2,1,"","","","","","","","","","","","","","","","","","","","","","","","",5000,1,"","",1,1,1,1,"","","","","","","","","","",2,1,"","","","","","","","","","","","","","","","","","","","","","","","","","","","","","","","","","","","","","","","","","","","","","","","","","","","","",""
"35049001","CANCALE",48.711667,-1.843333,40,1981061312,"","","","",1.,1,60,1,"","","","","","","","","","","","","","","","","","","","","","","","","","","","",17.8,1,14.2,1,"","","","","","","","","","","","","","","","","","","","","","","","","","",82,1,"","","","","","","","","","","","",16.7,1,1029.2,1,"","","","","","",3,1,0,1,2,1,0,1,2,1,"","","","","","","","","","","","","","","","","","","","","","","","",7000,1,"","",2,1,2,1,"","","","","","","","","","",2,1,"","","","","","","","","","","","","","","","","","","","","","","","","","","","","","","","","","","","","","","","","","","","","","","","","","","","","",""
"35049001","CANCALE",48.711667,-1.843333,40,1981061315,"","","","",2.,1,340,1,"","","","","","","","","","","","","","","","","","","","","","","","","","","","",17.8,1,14.2,1,"","","","","","","","","","","","","","","","","","","","","","","","","","",82,1,"","","","","","","","","","","","",16.7,1,1028.2,1,"","","","","","",3,1,0,1,0,1,0,1,2,1,"","","","","","","","","","","","","","","","","","","","","","","","",14000,1,"","",2,1,0,1,"","","","","","","","","","",2,1,"","","","","","","","","","","","","","","","","","","","","","","","","","","","","","","","","","","","","","","","","","","","","","","","","","","","","",""
"35049001","CANCALE",48.711667,-1.843333,40,1981061318,"","","","",3.,1,20,1,"","","","","","","","","","","","","","","","","","","","","","","","","","","","",16.1,1,12.5,1,"","","","","","","","","","","","","","","","","","","","","","","","","","",82,1,"","","","","","","","","","","","",14.9,1,1027.6,1,"","","","","","",5,1,5,1,0,1,0,1,8,1,"","","","","","","","","","","","","","","","","","","","","","","","",18000,1,"","",3,1,1,1,"","","","","","","","","","",2,1,"","","","","","","","","","","","","","","","","","","","","","","","","","","","","","","","","","","","","","","","","","","","","","","","","","","","","",""
"35049001","CANCALE",48.711667,-1.843333,40,1981061321,"","","","",0.,1,0,1,"","","","","","","","","","","","","","","","","","","","","","","","","","","","",14.8,1,12.2,1,"","","","","","","","","","","","","","","","","","","","","","","","","","",87,1,"","","","","","","","","","","","",14.6,1,1028.,1,"","","","","","",4,1,0,1,0,1,0,1,2,1,"","","","","","","","","","","","","","","","","","","","","","","","",18000,1,"","",2,1,1,1,"","","","","","","","","","",2,1,"","","","","","","","","","","","","","","","","","","","","","","","","","","","","","","","","","","","","","","","","","","","","","","","","","","","","",""
"35049001","CANCALE",48.711667,-1.843333,40,1981061400,"","","","",3.,1,280,1,"","","","","","","","","","","","","","","","","","","","","","","","","","","","",13.7,1,12.8,1,"","","","","","","","","","","","","","","","","","","","","","","","","","",97,1,"","","","","","","","","","","","",15.2,1,1027.2,1,"","","","","","",1,1,0,1,0,1,0,1,1,1,"","","","","","","","","","","","","","","","","","","","","","","","",20000,1,"","",0,1,"","","","","","","","","","","","",2,1,"","","","","","","","","","","","","","","","","","","","","","","","","","","","","","","","","","","","","","","","","","","","","","","","","","","","","",""
"35049001","CANCALE",48.711667,-1.843333,40,1981061403,"","","","",4.,1,280,1,"","","","","","","","","","","","","","","","","","","","","","","","","","","","",13.4,1,12.3,1,"","","","","","","","","","","","","","","","","","","","","","","","","","",96,1,"","","","","","","","","","","","",14.7,1,1026.7,1,"","","","","","",1,1,0,1,0,1,0,1,2,1,"","","","","","","","","","","","","","","","","","","","","","","","",20000,1,"","",0,1,"","","","","","","","","","","","",2,1,"","","","","","","","","","","","","","","","","","","","","","","","","","","","","","","","","","","","","","","","","","","","","","","","","","","","","",""
"35049001","CANCALE",48.711667,-1.843333,40,1981061406,"","","","",0.,1,0,1,"","","","","","","","","","","","","","","","","","","","","","","","","","","","",13.8,1,12.9,1,"","","","","","","","","","","","","","","","","","","","","","","","","","",97,1,"","","","","","","","","","","","",15.3,1,1026.8,1,"","","","","","",1,1,0,1,0,1,0,1,2,1,"","","","","","","","","","","","","","","","","","","","","","","","",15000,1,"","",2,1,"","","","",0,1,"","","","","","",1,1,"","","","","","","","","","","","","","","","","","","","","","","","","","","","","","","","","","","","","","","","","","","","","","","","","","","","","",""
"35049001","CANCALE",48.711667,-1.843333,40,1981061409,"","","","",0.,1,0,1,"","","","","","","","","","","","","","","","","","","","","","","","","","","","",17.5,1,13.3,1,"","","","","","","","","","","","","","","","","","","","","","","","","","",78,1,"","","","","","","","","","","","",15.7,1,1027.,1,"","","","","","",1,1,0,1,0,1,0,1,1,1,"","","","","","","","","","","","","","","","","","","","","","","","",16000,1,"","",2,1,0,1,"","","","","","","","","","",1,1,"","","","","","","","","","","","","","","","","","","","","","","","","","","","","","","","","","","","","","","","","","","","","","","","","","","","","",""
"35049001","CANCALE",48.711667,-1.843333,40,1981061412,"","","","",0.,1,0,1,"","","","","","","","","","","","","","","","","","","","","","","","","","","","",20.6,1,15.7,1,"","","","","","","","","","","","","","","","","","","","","","","","","","",76,1,"","","","","","","","","","","","",18.4,1,1026.2,1,"","","","","","",0,1,"","",0,1,0,1,0,1,"","","","","","","","","","","","","","","","","","","","","","","","",15000,1,"","",2,1,0,1,"","","","","","","","","","",1,1,"","","","","","","","","","","","","","","","","","","","","","","","","","","","","","","","","","","","","","","","","","","","","","","","","","","","","",""
"35049001","CANCALE",48.711667,-1.843333,40,1981061415,"","","","",3.,1,20,1,"","","","","","","","","","","","","","","","","","","","","","","","","","","","",19.,1,15.5,1,"","","","","","","","","","","","","","","","","","","","","","","","","","",83,1,"","","","","","","","","","","","",18.2,1,1025.6,1,"","","","","","",1,1,0,1,0,1,0,1,2,1,"","","","","","","","","","","","","","","","","","","","","","","","",10000,1,"","",2,1,0,1,"","","","","","","","","","",2,1,"","","","","","","","","","","","","","","","","","","","","","","","","","","","","","","","","","","","","","","","","","","","","","","","","","","","","",""
"35049001","CANCALE",48.711667,-1.843333,40,1981061418,"","","","",1.,1,340,1,"","","","","","","","","","","","","","","","","","","","","","","","","","","","",20.,1,14.5,1,"","","","","","","","","","","","","","","","","","","","","","","","","","",73,1,"","","","","","","","","","","","",17.,1,1024.4,1,"","","","","","",0,1,"","",0,1,0,1,0,1,"","","","","","","","","","","","","","","","","","","","","","","","",18000,1,"","",2,1,0,1,"","","","","","","","","","",2,1,"","","","","","","","","","","","","","","","","","","","","","","","","","","","","","","","","","","","","","","","","","","","","","","","","","","","","",""
"35049001","CANCALE",48.711667,-1.843333,40,1981061421,"","","","",3.,1,260,1,"","","","","","","","","","","","","","","","","","","","","","","","","","","","",15.2,1,13.6,1,"","","","","","","","","","","","","","","","","","","","","","","","","","",93,1,"","","","","","","","","","","","",16.,1,1024.6,1,"","","","","","",0,1,"","",0,1,0,1,0,1,"","","","","","","","","","","","","","","","","","","","","","","","",14000,1,"","",2,1,0,1,"","","","","","","","","","",2,1,"","","","","","","","","","","","","","","","","","","","","","","","","","","","","","","","","","","","","","","","","","","","","","","","","","","","","",""
"35049001","CANCALE",48.711667,-1.843333,40,1981061500,"","","","",4.,1,280,1,"","","","","","","","","","","","","","","","","","","","","","","","","","","","",14.,1,13.1,1,"","","","","","","","","","","","","","","","","","","","","","","","","","",97,1,"","","","","","","","","","","","",15.5,1,1023.6,1,"","","","","","",0,1,"","",0,1,0,1,0,1,"","","","","","","","","","","","","","","","","","","","","","","","",12000,1,"","",0,1,"","","","","","","","","","","","",2,1,"","","","","","","","","","","","","","","","","","","","","","","","","","","","","","","","","","","","","","","","","","","","","","","","","","","","","",""
"35049001","CANCALE",48.711667,-1.843333,40,1981061503,"","","","",2.,1,280,1,"","","","","","","","","","","","","","","","","","","","","","","","","","","","",12.2,1,11.5,1,"","","","","","","","","","","","","","","","","","","","","","","","","","",97,1,"","","","","","","","","","","","",13.9,1,1023.,1,"","","","","","",9,1,"","","","","","","","","","","","","","","","","","","","","","","","","","","","","","","","",100,1,"","",45,1,"","","","","","","","","","","","","","","","","","","","","","","","","","","","","","","","","","","","","","","","","","","","","","","","","","","","","","","","","","","","","","","","","","","",""
"35049001","CANCALE",48.711667,-1.843333,40,1981061506,"","","","",3.,1,280,1,"","","","","","","","","","","","","","","","","","","","","","","","","","","","",12.,1,11.3,1,"","","","","","","","","","","","","","","","","","","","","","","","","","",97,1,"","","","","","","","","","","","",13.7,1,1022.6,1,"","","","","","",9,1,"","","","","","","","","","","","","","","","","","","","","","","","","","","","","","","","",100,1,"","",45,1,"","","","",1,1,"","","","","","","","","","","","","","","","","","","","","","","","","","","","","","","","","","","","","","","","","","","","","","","","","","","","","","","","","","","","","",""
"35049001","CANCALE",48.711667,-1.843333,40,1981061509,"","","","",1.,1,140,1,"","","","","","","","","","","","","","","","","","","","","","","","","","","","",14.3,1,13.5,1,"","","","","","","","","","","","","","","","","","","","","","","","","","",97,1,"","","","","","","","","","","","",15.9,1,1021.9,1,"","","","","","",9,1,"","","","","","","","","","","","","","","","","","","","","","","","","","","","","","","","",200,1,"","",45,1,4,1,"","","","","","","","","","","","","","","","","","","","","","","","","","","","","","","","","","","","","","","","","","","","","","","","","","","","","","","","","","","","","","","","","",""
"35049001","CANCALE",48.711667,-1.843333,40,1981061512,"","","","",8.,1,280,1,"","","","","","","","","","","","","","","","","","","","","","","","","","","","",13.6,1,12.1,1,"","","","","","","","","","","","","","","","","","","","","","","","","","",93,1,"","","","","","","","","","","","",14.5,1,1022.4,1,"","","","","","",8,1,8,1,6,1,"","","","","","","","","","","","","","","","","","","","","","","","","","","","",3000,1,"","",10,1,4,1,"","","","","","","","","","",2,1,"","","","","","","","","","","","","","","","","","","","","","","","","","","","","","","","","","","","","","","","","","","","","","","","","","","","","",""
"35049001","CANCALE",48.711667,-1.843333,40,1981061515,"","","","",7.,1,280,1,"","","","","","","","","","","","","","","","","","","","","","","","","","","","",13.9,1,12.6,1,"","","","","","","","","","","","","","","","","","","","","","","","","","",94,1,"","","","","","","","","","","","",15.,1,1022.4,1,"","","","","","",8,1,8,1,6,1,"","","","","","","","","","","","","","","","","","","","","","","","","","","","",400,1,"","",44,1,4,1,"","","","","","","","","","",3,1,"","","","","","","","","","","","","","","","","","","","","","","","","","","","","","","","","","","","","","","","","","","","","","","","","","","","","",""
"35049001","CANCALE",48.711667,-1.843333,40,1981061518,"","","","",7.,1,280,1,"","","","","","","","","","","","","","","","","","","","","","","","","","","","",13.5,1,12.4,1,"","","","","","","","","","","","","","","","","","","","","","","","","","",96,1,"","","","","","","","","","","","",14.8,1,1022.2,1,"","","","","","",8,1,8,1,6,1,"","","","","","","","","","","","","","","","","","","","","","","","","","","","",400,1,"","",44,1,4,1,"","","","","","","","","","",3,1,"","","","","","","","","","","","","","","","","","","","","","","","","","","","","","","","","","","","","","","","","","","","","","","","","","","","","",""
"35049001","CANCALE",48.711667,-1.843333,40,1981061521,"","","","",11.,1,280,1,"","","","","","","","","","","","","","","","","","","","","","","","","","","","",13.,1,10.7,1,"","","","","","","","","","","","","","","","","","","","","","","","","","",88,1,"","","","","","","","","","","","",13.2,1,1022.,1,"","","","","","",2,1,0,1,0,1,3,1,1,1,"","","","","","","","","","","","","","","","","","","","","","","","",25000,1,"","",0,1,"","","","","","","","","","","","",3,1,"","","","","","","","","","","","","","","","","","","","","","","","","","","","","","","","","","","","","","","","","","","","","","","","","","","","","",""
"35049001","CANCALE",48.711667,-1.843333,40,1981061600,"","","","",10.,1,280,1,"","","","","","","","","","","","","","","","","","","","","","","","","","","","",13.,1,10.7,1,"","","","","","","","","","","","","","","","","","","","","","","","","","",88,1,"","","","","","","","","","","","",13.2,1,1022.4,1,"","","","","","",6,1,6,1,0,1,3,1,0,1,"","","","","","","","","","","","","","","","","","","","","","","","",25000,1,"","",0,1,"","","","","","","","","","","","",4,1,"","","","","","","","","","","","","","","","","","","","","","","","","","","","","","","","","","","","","","","","","","","","","","","","","","","","","",""
"35049001","CANCALE",48.711667,-1.843333,40,1981061603,"","","","",9.,1,300,1,"","","","","","","","","","","","","","","","","","","","","","","","","","","","",12.8,1,9.6,1,"","","","","","","","","","","","","","","","","","","","","","","","","","",83,1,"","","","","","","","","","","","",12.2,1,1022.3,1,"","","","","","",1,1,0,1,0,1,0,1,1,1,"","","","","","","","","","","","","","","","","","","","","","","","",25000,1,"","",0,1,"","","","","","","","","","","","",4,1,"","","","","","","","","","","","","","","","","","","","","","","","","","","","","","","","","","","","","","","","","","","","","","","","","","","","","",""
"35049001","CANCALE",48.711667,-1.843333,40,1981061606,"","","","",8.,1,320,1,"","","","","","","","","","","","","","","","","","","","","","","","","","","","",12.7,1,9.7,1,"","","","","","","","","","","","","","","","","","","","","","","","","","",84,1,"","","","","","","","","","","","",12.3,1,1023.1,1,"","","","","","",6,1,0,1,8,1,6,1,1,1,"","","","","","","","","","","","","","","","","","","","","","","","",28000,1,"","",2,1,"","","","",0,1,"","","","","","",4,1,"","","","","","","","","","","","","","","","","","","","","","","","","","","","","","","","","","","","","","","","","","","","","","","","","","","","","",""
"35049001","CANCALE",48.711667,-1.843333,40,1981061609,"","","","",7.,1,320,1,"","","","","","","","","","","","","","","","","","","","","","","","","","","","",13.6,1,9.7,1,"","","","","","","","","","","","","","","","","","","","","","","","","","",79,1,"","","","","","","","","","","","",12.3,1,1024.4,1,"","","","","","",3,1,0,1,2,1,0,1,0,1,"","","","","","","","","","","","","","","","","","","","","","","","",25000,1,"","",1,1,1,1,"","","","","","","","","","",4,1,"","","","","","","","","","","","","","","","","","","","","","","","","","","","","","","","","","","","","","","","","","","","","","","","","","","","","",""
"35049001","CANCALE",48.711667,-1.843333,40,1981061612,"","","","",7.,1,320,1,"","","","","","","","","","","","","","","","","","","","","","","","","","","","",14.6,1,8.1,1,"","","","","","","","","","","","","","","","","","","","","","","","","","",66,1,"","","","","","","","","","","","",11.,1,1024.8,1,"","","","","","",2,1,0,1,2,1,0,1,0,1,"","","","","","","","","","","","","","","","","","","","","","","","",35000,1,"","",2,1,1,1,"","","","","","","","","","",4,1,"","","","","","","","","","","","","","","","","","","","","","","","","","","","","","","","","","","","","","","","","","","","","","","","","","","","","",""
"35049001","CANCALE",48.711667,-1.843333,40,1981061615,"","","","",10.,1,300,1,"","","","","","","","","","","","","","","","","","","","","","","","","","","","",14.2,1,7.6,1,"","","","","","","","","","","","","","","","","","","","","","","","","","",65,1,"","","","","","","","","","","","",10.6,1,1024.6,1,"","","","","","",3,1,0,1,1,1,7,1,0,1,"","","","","","","","","","","","","","","","","","","","","","","","",35000,1,"","",2,1,0,1,"","","","","","","","","","",5,1,"","","","","","","","","","","","","","","","","","","","","","","","","","","","","","","","","","","","","","","","","","","","","","","","","","","","","",""
"35049001","CANCALE",48.711667,-1.843333,40,1981061618,"","","","",10.,1,300,1,"","","","","","","","","","","","","","","","","","","","","","","","","","","","",13.9,1,8.1,1,"","","","","","","","","","","","","","","","","","","","","","","","","","",69,1,"","","","","","","","","","","","",11.,1,1023.9,1,"","","","","","",2,1,0,1,0,1,0,1,2,1,"","","","","","","","","","","","","","","","","","","","","","","","",30000,1,"","",2,1,0,1,"","","","","","","","","","",4,1,"","","","","","","","","","","","","","","","","","","","","","","","","","","","","","","","","","","","","","","","","","","","","","","","","","","","","",""
"35049001","CANCALE",48.711667,-1.843333,40,1981061621,"","","","",10.,1,280,1,"","","","","","","","","","","","","","","","","","","","","","","","","","","","",12.7,1,8.6,1,"","","","","","","","","","","","","","","","","","","","","","","","","","",78,1,"","","","","","","","","","","","",11.4,1,1024.3,1,"","","","","","",5,1,5,1,0,1,0,1,8,1,"","","","","","","","","","","","","","","","","","","","","","","","",25000,1,"","",0,1,"","","","","","","","","","","","",4,1,"","","","","","","","","","","","","","","","","","","","","","","","","","","","","","","","","","","","","","","","","","","","","","","","","","","","","",""
"35049001","CANCALE",48.711667,-1.843333,40,1981061700,"","","","",7.,1,280,1,"","","","","","","","","","","","","","","","","","","","","","","","","","","","",13.2,1,8.6,1,"","","","","","","","","","","","","","","","","","","","","","","","","","",75,1,"","","","","","","","","","","","",11.4,1,1024.,1,"","","","","","",4,1,0,1,0,1,0,1,8,1,"","","","","","","","","","","","","","","","","","","","","","","","",25000,1,"","",0,1,"","","","","","","","","","","","",3,1,"","","","","","","","","","","","","","","","","","","","","","","","","","","","","","","","","","","","","","","","","","","","","","","","","","","","","",""
"35049001","CANCALE",48.711667,-1.843333,40,1981061703,"","","","",6.,1,280,1,"","","","","","","","","","","","","","","","","","","","","","","","","","","","",12.7,1,9.7,1,"","","","","","","","","","","","","","","","","","","","","","","","","","",84,1,"","","","","","","","","","","","",12.3,1,1023.2,1,"","","","","","",6,1,6,1,0,1,0,1,8,1,"","","","","","","","","","","","","","","","","","","","","","","","",25000,1,"","",0,1,"","","","","","","","","","","","",3,1,"","","","","","","","","","","","","","","","","","","","","","","","","","","","","","","","","","","","","","","","","","","","","","","","","","","","","",""
"35049001","CANCALE",48.711667,-1.843333,40,1981061706,"","","","",9.,1,280,1,"","","","","","","","","","","","","","","","","","","","","","","","","","","","",12.7,1,9.5,1,"","","","","","","","","","","","","","","","","","","","","","","","","","",83,1,"","","","","","","","","","","","",12.1,1,1023.2,1,"","","","","","",7,1,7,1,2,1,4,1,8,1,"","","","","","","","","","","","","","","","","","","","","","","","",20000,1,"","",0,1,"","","","",0,1,"","","","","","",4,1,"","","","","","","","","","","","","","","","","","","","","","","","","","","","","","","","","","","","","","","","","","","","","","","","","","","","","",""
"35049001","CANCALE",48.711667,-1.843333,40,1981061709,"","","","",7.,1,280,1,"","","","","","","","","","","","","","","","","","","","","","","","","","","","",14.,1,9.8,1,"","","","","","","","","","","","","","","","","","","","","","","","","","",78,1,"","","","","","","","","","","","",12.4,1,1023.4,1,"","","","","","",7,1,6,1,2,1,3,1,0,1,"","","","","","","","","","","","","","","","","","","","","","","","",20000,1,"","",2,1,2,1,"","","","","","","","","","",3,1,"","","","","","","","","","","","","","","","","","","","","","","","","","","","","","","","","","","","","","","","","","","","","","","","","","","","","",""
"35049001","CANCALE",48.711667,-1.843333,40,1981061712,"","","","",9.,1,260,1,"","","","","","","","","","","","","","","","","","","","","","","","","","","","",14.3,1,9.6,1,"","","","","","","","","","","","","","","","","","","","","","","","","","",75,1,"","","","","","","","","","","","",12.2,1,1024.,1,"","","","","","",3,1,0,1,2,1,0,1,0,1,"","","","","","","","","","","","","","","","","","","","","","","","",30000,1,"","",2,1,1,1,"","","","","","","","","","",4,1,"","","","","","","","","","","","","","","","","","","","","","","","","","","","","","","","","","","","","","","","","","","","","","","","","","","","","",""
"35049001","CANCALE",48.711667,-1.843333,40,1981061715,"","","","",11.,1,260,1,"","","","","","","","","","","","","","","","","","","","","","","","","","","","",14.5,1,9.3,1,"","","","","","","","","","","","","","","","","","","","","","","","","","",73,1,"","","","","","","","","","","","",12.,1,1024.2,1,"","","","","","",3,1,0,1,2,1,4,1,0,1,"","","","","","","","","","","","","","","","","","","","","","","","",45000,1,"","",2,1,0,1,"","","","","","","","","","",4,1,"","","","","","","","","","","","","","","","","","","","","","","","","","","","","","","","","","","","","","","","","","","","","","","","","","","","","",""
"35049001","CANCALE",48.711667,-1.843333,40,1981061718,"","","","",8.,1,280,1,"","","","","","","","","","","","","","","","","","","","","","","","","","","","",14.3,1,8.3,1,"","","","","","","","","","","","","","","","","","","","","","","","","","",69,1,"","","","","","","","","","","","",11.2,1,1024.6,1,"","","","","","",6,1,5,1,2,1,5,1,0,1,"","","","","","","","","","","","","","","","","","","","","","","","",28000,1,"","",3,1,1,1,"","","","","","","","","","",4,1,"","","","","","","","","","","","","","","","","","","","","","","","","","","","","","","","","","","","","","","","","","","","","","","","","","","","","",""
"35049001","CANCALE",48.711667,-1.843333,40,1981061721,"","","","",9.,1,280,1,"","","","","","","","","","","","","","","","","","","","","","","","","","","","",13.6,1,9.7,1,"","","","","","","","","","","","","","","","","","","","","","","","","","",79,1,"","","","","","","","","","","","",12.3,1,1025.4,1,"","","","","","",2,1,0,1,0,1,4,1,0,1,"","","","","","","","","","","","","","","","","","","","","","","","",30000,1,"","",2,1,1,1,"","","","","","","","","","",3,1,"","","","","","","","","","","","","","","","","","","","","","","","","","","","","","","","","","","","","","","","","","","","","","","","","","","","","",""
"35049001","CANCALE",48.711667,-1.843333,40,1981061800,"","","","",4.,1,300,1,"","","","","","","","","","","","","","","","","","","","","","","","","","","","",13.1,1,10.6,1,"","","","","","","","","","","","","","","","","","","","","","","","","","",87,1,"","","","","","","","","","","","",13.1,1,1026.2,1,"","","","","","",2,1,0,1,0,1,4,1,0,1,"","","","","","","","","","","","","","","","","","","","","","","","",25000,1,"","",0,1,"","","","","","","","","","","","",3,1,"","","","","","","","","","","","","","","","","","","","","","","","","","","","","","","","","","","","","","","","","","","","","","","","","","","","","",""
"35049001","CANCALE",48.711667,-1.843333,40,1981061803,"","","","",3.,1,20,1,"","","","","","","","","","","","","","","","","","","","","","","","","","","","",12.5,1,10.3,1,"","","","","","","","","","","","","","","","","","","","","","","","","","",88,1,"","","","","","","","","","","","",12.8,1,1026.4,1,"","","","","","",1,1,0,1,0,1,0,1,1,1,"","","","","","","","","","","","","","","","","","","","","","","","",25000,1,"","",0,1,"","","","","","","","","","","","",3,1,"","","","","","","","","","","","","","","","","","","","","","","","","","","","","","","","","","","","","","","","","","","","","","","","","","","","","",""
"35049001","CANCALE",48.711667,-1.843333,40,1981061806,"","","","",3.,1,20,1,"","","","","","","","","","","","","","","","","","","","","","","","","","","","",13.,1,10.4,1,"","","","","","","","","","","","","","","","","","","","","","","","","","",86,1,"","","","","","","","","","","","",12.9,1,1027.2,1,"","","","","","",2,1,0,1,2,1,0,1,0,1,"","","","","","","","","","","","","","","","","","","","","","","","",16000,1,"","",2,1,"","","","",0,1,"","","","","","",2,1,"","","","","","","","","","","","","","","","","","","","","","","","","","","","","","","","","","","","","","","","","","","","","","","","","","","","","",""
"35049001","CANCALE",48.711667,-1.843333,40,1981061809,"","","","",1.,1,360,1,"","","","","","","","","","","","","","","","","","","","","","","","","","","","",15.,1,10.9,1,"","","","","","","","","","","","","","","","","","","","","","","","","","",79,1,"","","","","","","","","","","","",13.4,1,1028.2,1,"","","","","","",2,1,0,1,2,1,0,1,0,1,"","","","","","","","","","","","","","","","","","","","","","","","",14000,1,"","",2,1,0,1,"","","","","","","","","","",2,1,"","","","","","","","","","","","","","","","","","","","","","","","","","","","","","","","","","","","","","","","","","","","","","","","","","","","","",""
"35049001","CANCALE",48.711667,-1.843333,40,1981061812,"","","","",4.,1,280,1,"","","","","","","","","","","","","","","","","","","","","","","","","","","","",15.3,1,10.6,1,"","","","","","","","","","","","","","","","","","","","","","","","","","",76,1,"","","","","","","","","","","","",13.1,1,1027.8,1,"","","","","","",2,1,0,1,2,1,0,1,2,1,"","","","","","","","","","","","","","","","","","","","","","","","",12000,1,"","",2,1,0,1,"","","","","","","","","","",2,1,"","","","","","","","","","","","","","","","","","","","","","","","","","","","","","","","","","","","","","","","","","","","","","","","","","","","","",""
"35049001","CANCALE",48.711667,-1.843333,40,1981061815,"","","","",6.,1,280,1,"","","","","","","","","","","","","","","","","","","","","","","","","","","","",15.3,1,10.6,1,"","","","","","","","","","","","","","","","","","","","","","","","","","",76,1,"","","","","","","","","","","","",13.1,1,1027.2,1,"","","","","","",2,1,0,1,2,1,0,1,2,1,"","","","","","","","","","","","","","","","","","","","","","","","",17000,1,"","",2,1,0,1,"","","","","","","","","","",2,1,"","","","","","","","","","","","","","","","","","","","","","","","","","","","","","","","","","","","","","","","","","","","","","","","","","","","","",""
"35049001","CANCALE",48.711667,-1.843333,40,1981061818,"","","","",5.,1,280,1,"","","","","","","","","","","","","","","","","","","","","","","","","","","","",14.3,1,10.9,1,"","","","","","","","","","","","","","","","","","","","","","","","","","",82,1,"","","","","","","","","","","","",13.4,1,1026.6,1,"","","","","","",7,1,7,1,0,1,5,1,"","","","","","","","","","","","","","","","","","","","","","","","","","",15000,1,"","",3,1,1,1,"","","","","","","","","","",3,1,"","","","","","","","","","","","","","","","","","","","","","","","","","","","","","","","","","","","","","","","","","","","","","","","","","","","","",""
"35049001","CANCALE",48.711667,-1.843333,40,1981061821,"","","","",3.,1,340,1,"","","","","","","","","","","","","","","","","","","","","","","","","","","","",13.2,1,8.6,1,"","","","","","","","","","","","","","","","","","","","","","","","","","",75,1,"","","","","","","","","","","","",11.4,1,1026.4,1,"","","","","","",3,1,0,1,0,1,0,1,2,1,"","","","","","","","","","","","","","","","","","","","","","","","",15000,1,"","",0,1,"","","","","","","","","","","","",2,1,"","","","","","","","","","","","","","","","","","","","","","","","","","","","","","","","","","","","","","","","","","","","","","","","","","","","","",""
"35049001","CANCALE",48.711667,-1.843333,40,1981061900,"","","","",2.,1,280,1,"","","","","","","","","","","","","","","","","","","","","","","","","","","","",13.1,1,9.3,1,"","","","","","","","","","","","","","","","","","","","","","","","","","",79,1,"","","","","","","","","","","","",12.,1,1025.2,1,"","","","","","",8,1,8,1,0,1,7,1,"","","","","","","","","","","","","","","","","","","","","","","","","","",25000,1,"","",0,1,"","","","","","","","","","","","",2,1,"","","","","","","","","","","","","","","","","","","","","","","","","","","","","","","","","","","","","","","","","","","","","","","","","","","","","",""
"35049001","CANCALE",48.711667,-1.843333,40,1981061903,"","","","",3.,1,280,1,"","","","","","","","","","","","","","","","","","","","","","","","","","","","",12.8,1,9.9,1,"","","","","","","","","","","","","","","","","","","","","","","","","","",85,1,"","","","","","","","","","","","",12.5,1,1024.2,1,"","","","","","",8,1,8,1,0,1,7,1,"","","","","","","","","","","","","","","","","","","","","","","","","","",30000,1,"","",0,1,"","","","","","","","","","","","",2,1,"","","","","","","","","","","","","","","","","","","","","","","","","","","","","","","","","","","","","","","","","","","","","","","","","","","","","",""
"35049001","CANCALE",48.711667,-1.843333,40,1981061906,"","","","",4.,1,280,1,"","","","","","","","","","","","","","","","","","","","","","","","","","","","",13.,1,8.9,1,"","","","","","","","","","","","","","","","","","","","","","","","","","",77,1,"","","","","","","","","","","","",11.6,1,1024.2,1,"","","","","","",8,1,8,1,0,1,7,1,"","","","","","","","","","","","","","","","","","","","","","","","","","",30000,1,"","",2,1,"","","","",0,1,"","","","","","",2,1,"","","","","","","","","","","","","","","","","","","","","","","","","","","","","","","","","","","","","","","","","","","","","","","","","","","","","",""
"35049001","CANCALE",48.711667,-1.843333,40,1981061909,"","","","",4.,1,320,1,"","","","","","","","","","","","","","","","","","","","","","","","","","","","",14.3,1,10.7,1,"","","","","","","","","","","","","","","","","","","","","","","","","","",81,1,"","","","","","","","","","","","",13.2,1,1024.,1,"","","","","","",8,1,8,1,1,1,7,1,"","","","","","","","","","","","","","","","","","","","","","","","","","",25000,1,"","",2,1,2,1,"","","","","","","","","","",2,1,"","","","","","","","","","","","","","","","","","","","","","","","","","","","","","","","","","","","","","","","","","","","","","","","","","","","","",""
"35049001","CANCALE",48.711667,-1.843333,40,1981061912,"","","","",4.,1,300,1,"","","","","","","","","","","","","","","","","","","","","","","","","","","","",15.1,1,9.8,1,"","","","","","","","","","","","","","","","","","","","","","","","","","",72,1,"","","","","","","","","","","","",12.4,1,1023.8,1,"","","","","","",8,1,5,1,2,1,7,1,"","","","","","","","","","","","","","","","","","","","","","","","","","",35000,1,"","",2,1,2,1,"","","","","","","","","","",2,1,"","","","","","","","","","","","","","","","","","","","","","","","","","","","","","","","","","","","","","","","","","","","","","","","","","","","","",""
"35049001","CANCALE",48.711667,-1.843333,40,1981061915,"","","","",5.,1,300,1,"","","","","","","","","","","","","","","","","","","","","","","","","","","","",15.3,1,10.6,1,"","","","","","","","","","","","","","","","","","","","","","","","","","",75,1,"","","","","","","","","","","","",13.1,1,1023.4,1,"","","","","","",8,1,5,1,2,1,7,1,"","","","","","","","","","","","","","","","","","","","","","","","","","",35000,1,"","",2,1,2,1,"","","","","","","","","","",2,1,"","","","","","","","","","","","","","","","","","","","","","","","","","","","","","","","","","","","","","","","","","","","","","","","","","","","","",""
"35049001","CANCALE",48.711667,-1.843333,40,1981061918,"","","","",5.,1,300,1,"","","","","","","","","","","","","","","","","","","","","","","","","","","","",13.7,1,10.9,1,"","","","","","","","","","","","","","","","","","","","","","","","","","",85,1,"","","","","","","","","","","","",13.4,1,1022.4,1,"","","","","","",8,1,6,1,5,1,7,1,"","","","","","","","","","","","","","","","","","","","","","","","","","",30000,1,"","",2,1,2,1,"","","","","","","","","","",3,1,"","","","","","","","","","","","","","","","","","","","","","","","","","","","","","","","","","","","","","","","","","","","","","","","","","","","","",""
"35049001","CANCALE",48.711667,-1.843333,40,1981061921,"","","","",5.,1,300,1,"","","","","","","","","","","","","","","","","","","","","","","","","","","","",13.3,1,11.4,1,"","","","","","","","","","","","","","","","","","","","","","","","","","",90,1,"","","","","","","","","","","","",13.8,1,1022.3,1,"","","","","","",8,1,6,1,2,1,7,1,"","","","","","","","","","","","","","","","","","","","","","","","","","",25000,1,"","",0,1,"","","","","","","","","","","","",3,1,"","","","","","","","","","","","","","","","","","","","","","","","","","","","","","","","","","","","","","","","","","","","","","","","","","","","","",""
"35049001","CANCALE",48.711667,-1.843333,40,1981062000,"","","","",5.,1,280,1,"","","","","","","","","","","","","","","","","","","","","","","","","","","","",13.,1,12.,1,"","","","","","","","","","","","","","","","","","","","","","","","","","",96,1,"","","","","","","","","","","","",14.4,1,1021.9,1,"","","","","","",8,1,8,1,5,1,"","","","","","","","","","","","","","","","","","","","","","","","","","","","",25000,1,"","",0,1,"","","","","","","","","","","","",3,1,"","","","","","","","","","","","","","","","","","","","","","","","","","","","","","","","","","","","","","","","","","","","","","","","","","","","","",""
"35049001","CANCALE",48.711667,-1.843333,40,1981062003,"","","","",4.,1,300,1,"","","","","","","","","","","","","","","","","","","","","","","","","","","","",13.6,1,12.7,1,"","","","","","","","","","","","","","","","","","","","","","","","","","",97,1,"","","","","","","","","","","","",15.1,1,1021.,1,"","","","","","",8,1,8,1,5,1,"","","","","","","","","","","","","","","","","","","","","","","","","","","","",25000,1,"","",0,1,"","","","","","","","","","","","",2,1,"","","","","","","","","","","","","","","","","","","","","","","","","","","","","","","","","","","","","","","","","","","","","","","","","","","","","",""
"35049001","CANCALE",48.711667,-1.843333,40,1981062006,"","","","",2.,1,280,1,"","","","","","","","","","","","","","","","","","","","","","","","","","","","",13.9,1,12.6,1,"","","","","","","","","","","","","","","","","","","","","","","","","","",94,1,"","","","","","","","","","","","",15.,1,1021.2,1,"","","","","","",8,1,8,1,5,1,"","","","","","","","","","","","","","","","","","","","","","","","","","","","",10000,1,"","",2,1,"","","","",0,1,"","","","","","",2,1,"","","","","","","","","","","","","","","","","","","","","","","","","","","","","","","","","","","","","","","","","","","","","","","","","","","","","",""
"35049001","CANCALE",48.711667,-1.843333,40,1981062009,"","","","",4.,1,320,1,"","","","","","","","","","","","","","","","","","","","","","","","","","","","",14.4,1,12.4,1,"","","","","","","","","","","","","","","","","","","","","","","","","","",90,1,"","","","","","","","","","","","",14.8,1,1021.4,1,"","","","","","",8,1,8,1,5,1,"","","","","","","","","","","","","","","","","","","","","","","","","","","","",10000,1,"","",2,1,2,1,"","","","","","","","","","",2,1,"","","","","","","","","","","","","","","","","","","","","","","","","","","","","","","","","","","","","","","","","","","","","","","","","","","","","",""
"35049001","CANCALE",48.711667,-1.843333,40,1981062012,"","","","",4.,1,280,1,"","","","","","","","","","","","","","","","","","","","","","","","","","","","",16.2,1,12.6,1,"","","","","","","","","","","","","","","","","","","","","","","","","","",81,1,"","","","","","","","","","","","",15.,1,1021.9,1,"","","","","","",7,1,0,1,6,1,0,1,8,1,"","","","","","","","","","","","","","","","","","","","","","","","",10000,1,"","",2,1,2,1,"","","","","","","","","","",2,1,"","","","","","","","","","","","","","","","","","","","","","","","","","","","","","","","","","","","","","","","","","","","","","","","","","","","","",""
"35049001","CANCALE",48.711667,-1.843333,40,1981062015,"","","","",3.,1,280,1,"","","","","","","","","","","","","","","","","","","","","","","","","","","","",17.6,1,13.7,1,"","","","","","","","","","","","","","","","","","","","","","","","","","",80,1,"","","","","","","","","","","","",16.1,1,1021.6,1,"","","","","","",0,1,"","",0,1,0,1,0,1,"","","","","","","","","","","","","","","","","","","","","","","","",6000,1,"","",2,1,1,1,"","","","","","","","","","",2,1,"","","","","","","","","","","","","","","","","","","","","","","","","","","","","","","","","","","","","","","","","","","","","","","","","","","","","",""
"35049001","CANCALE",48.711667,-1.843333,40,1981062018,"","","","",6.,1,300,1,"","","","","","","","","","","","","","","","","","","","","","","","","","","","",15.7,1,12.2,1,"","","","","","","","","","","","","","","","","","","","","","","","","","",82,1,"","","","","","","","","","","","",14.6,1,1021.6,1,"","","","","","",3,1,0,1,6,1,0,1,2,1,"","","","","","","","","","","","","","","","","","","","","","","","",7000,1,"","",2,1,1,1,"","","","","","","","","","",2,1,"","","","","","","","","","","","","","","","","","","","","","","","","","","","","","","","","","","","","","","","","","","","","","","","","","","","","",""
"35049001","CANCALE",48.711667,-1.843333,40,1981062021,"","","","",5.,1,340,1,"","","","","","","","","","","","","","","","","","","","","","","","","","","","",14.2,1,12.,1,"","","","","","","","","","","","","","","","","","","","","","","","","","",89,1,"","","","","","","","","","","","",14.4,1,1022.4,1,"","","","","","",2,1,0,1,0,1,3,1,0,1,"","","","","","","","","","","","","","","","","","","","","","","","",7000,1,"","",0,1,"","","","","","","","","","","","",2,1,"","","","","","","","","","","","","","","","","","","","","","","","","","","","","","","","","","","","","","","","","","","","","","","","","","","","","",""
"35049001","CANCALE",48.711667,-1.843333,40,1981062100,"","","","",4.,1,360,1,"","","","","","","","","","","","","","","","","","","","","","","","","","","","",13.8,1,12.1,1,"","","","","","","","","","","","","","","","","","","","","","","","","","",92,1,"","","","","","","","","","","","",14.5,1,1023.,1,"","","","","","",0,1,"","",0,1,0,1,0,1,"","","","","","","","","","","","","","","","","","","","","","","","",7000,1,"","",0,1,"","","","","","","","","","","","",2,1,"","","","","","","","","","","","","","","","","","","","","","","","","","","","","","","","","","","","","","","","","","","","","","","","","","","","","",""
"35049001","CANCALE",48.711667,-1.843333,40,1981062103,"","","","",2.,1,40,1,"","","","","","","","","","","","","","","","","","","","","","","","","","","","",13.8,1,10.8,1,"","","","","","","","","","","","","","","","","","","","","","","","","","",84,1,"","","","","","","","","","","","",13.3,1,1023.2,1,"","","","","","",7,1,7,1,0,1,7,1,"","","","","","","","","","","","","","","","","","","","","","","","","","",10000,1,"","",0,1,"","","","","","","","","","","","",2,1,"","","","","","","","","","","","","","","","","","","","","","","","","","","","","","","","","","","","","","","","","","","","","","","","","","","","","",""
"35049001","CANCALE",48.711667,-1.843333,40,1981062106,"","","","",4.,1,40,1,"","","","","","","","","","","","","","","","","","","","","","","","","","","","",13.,1,11.3,1,"","","","","","","","","","","","","","","","","","","","","","","","","","",92,1,"","","","","","","","","","","","",13.7,1,1024.6,1,"","","","","","",8,1,8,1,5,1,"","","","","","","","","","","","","","","","","","","","","","","","","","","","",6000,1,"","",2,1,"","","","",0,1,"","","","","","",2,1,"","","","","","","","","","","","","","","","","","","","","","","","","","","","","","","","","","","","","","","","","","","","","","","","","","","","","",""
"35049001","CANCALE",48.711667,-1.843333,40,1981062109,"","","","",7.,1,40,1,"","","","","","","","","","","","","","","","","","","","","","","","","","","","",15.3,1,8.9,1,"","","","","","","","","","","","","","","","","","","","","","","","","","",66,1,"","","","","","","","","","","","",11.6,1,1025.6,1,"","","","","","",7,1,7,1,1,1,0,1,8,1,"","","","","","","","","","","","","","","","","","","","","","","","",17000,1,"","",2,1,2,1,"","","","","","","","","","",3,1,"","","","","","","","","","","","","","","","","","","","","","","","","","","","","","","","","","","","","","","","","","","","","","","","","","","","","",""
"35049001","CANCALE",48.711667,-1.843333,40,1981062112,"","","","",4.,1,340,1,"","","","","","","","","","","","","","","","","","","","","","","","","","","","",16.8,1,11.4,1,"","","","","","","","","","","","","","","","","","","","","","","","","","",72,1,"","","","","","","","","","","","",13.8,1,1026.,1,"","","","","","",6,1,0,1,2,1,0,1,8,1,"","","","","","","","","","","","","","","","","","","","","","","","",25000,1,"","",2,1,2,1,"","","","","","","","","","",3,1,"","","","","","","","","","","","","","","","","","","","","","","","","","","","","","","","","","","","","","","","","","","","","","","","","","","","","",""
"35049001","CANCALE",48.711667,-1.843333,40,1981062115,"","","","",6.,1,360,1,"","","","","","","","","","","","","","","","","","","","","","","","","","","","",16.7,1,9.3,1,"","","","","","","","","","","","","","","","","","","","","","","","","","",63,1,"","","","","","","","","","","","",12.,1,1026.4,1,"","","","","","",5,1,0,1,2,1,0,1,2,1,"","","","","","","","","","","","","","","","","","","","","","","","",35000,1,"","",2,1,2,1,"","","","","","","","","","",3,1,"","","","","","","","","","","","","","","","","","","","","","","","","","","","","","","","","","","","","","","","","","","","","","","","","","","","","",""
"35049001","CANCALE",48.711667,-1.843333,40,1981062118,"","","","",7.,1,360,1,"","","","","","","","","","","","","","","","","","","","","","","","","","","","",15.2,1,9.,1,"","","","","","","","","","","","","","","","","","","","","","","","","","",67,1,"","","","","","","","","","","","",11.7,1,1026.4,1,"","","","","","",5,1,0,1,2,1,0,1,2,1,"","","","","","","","","","","","","","","","","","","","","","","","",35000,1,"","",2,1,2,1,"","","","","","","","","","",3,1,"","","","","","","","","","","","","","","","","","","","","","","","","","","","","","","","","","","","","","","","","","","","","","","","","","","","","",""
"35049001","CANCALE",48.711667,-1.843333,40,1981062121,"","","","",6.,1,20,1,"","","","","","","","","","","","","","","","","","","","","","","","","","","","",14.1,1,7.8,1,"","","","","","","","","","","","","","","","","","","","","","","","","","",68,1,"","","","","","","","","","","","",10.8,1,1027.4,1,"","","","","","",2,1,0,1,0,1,0,1,2,1,"","","","","","","","","","","","","","","","","","","","","","","","",35000,1,"","",0,1,"","","","","","","","","","","","",3,1,"","","","","","","","","","","","","","","","","","","","","","","","","","","","","","","","","","","","","","","","","","","","","","","","","","","","","",""
"35049001","CANCALE",48.711667,-1.843333,40,1981062200,"","","","",7.,1,40,1,"","","","","","","","","","","","","","","","","","","","","","","","","","","","",12.8,1,8.,1,"","","","","","","","","","","","","","","","","","","","","","","","","","",74,1,"","","","","","","","","","","","",10.9,1,1028.,1,"","","","","","",2,1,0,1,0,1,0,1,2,1,"","","","","","","","","","","","","","","","","","","","","","","","",35000,1,"","",0,1,"","","","","","","","","","","","",3,1,"","","","","","","","","","","","","","","","","","","","","","","","","","","","","","","","","","","","","","","","","","","","","","","","","","","","","",""
"35049001","CANCALE",48.711667,-1.843333,40,1981062203,"","","","",5.,1,40,1,"","","","","","","","","","","","","","","","","","","","","","","","","","","","",11.9,1,9.8,1,"","","","","","","","","","","","","","","","","","","","","","","","","","",89,1,"","","","","","","","","","","","",12.4,1,1027.5,1,"","","","","","",1,1,0,1,0,1,0,1,2,1,"","","","","","","","","","","","","","","","","","","","","","","","",35000,1,"","",0,1,"","","","","","","","","","","","",2,1,"","","","","","","","","","","","","","","","","","","","","","","","","","","","","","","","","","","","","","","","","","","","","","","","","","","","","",""
"35049001","CANCALE",48.711667,-1.843333,40,1981062206,"","","","",5.,1,40,1,"","","","","","","","","","","","","","","","","","","","","","","","","","","","",12.6,1,9.,1,"","","","","","","","","","","","","","","","","","","","","","","","","","",80,1,"","","","","","","","","","","","",11.7,1,1027.8,1,"","","","","","",2,1,0,1,1,1,0,1,2,1,"","","","","","","","","","","","","","","","","","","","","","","","",23000,1,"","",2,1,"","","","",0,1,"","","","","","",3,1,"","","","","","","","","","","","","","","","","","","","","","","","","","","","","","","","","","","","","","","","","","","","","","","","","","","","","",""
"35049001","CANCALE",48.711667,-1.843333,40,1981062209,"","","","",4.,1,360,1,"","","","","","","","","","","","","","","","","","","","","","","","","","","","",14.6,1,9.3,1,"","","","","","","","","","","","","","","","","","","","","","","","","","",72,1,"","","","","","","","","","","","",12.,1,1028.,1,"","","","","","",3,1,0,1,2,1,0,1,0,1,"","","","","","","","","","","","","","","","","","","","","","","","",23000,1,"","",2,1,0,1,"","","","","","","","","","",2,1,"","","","","","","","","","","","","","","","","","","","","","","","","","","","","","","","","","","","","","","","","","","","","","","","","","","","","",""
"35049001","CANCALE",48.711667,-1.843333,40,1981062212,"","","","",6.,1,280,1,"","","","","","","","","","","","","","","","","","","","","","","","","","","","",15.,1,10.7,1,"","","","","","","","","","","","","","","","","","","","","","","","","","",77,1,"","","","","","","","","","","","",13.2,1,1027.5,1,"","","","","","",1,1,0,1,1,1,0,1,0,1,"","","","","","","","","","","","","","","","","","","","","","","","",23000,1,"","",2,1,0,1,"","","","","","","","","","",2,1,"","","","","","","","","","","","","","","","","","","","","","","","","","","","","","","","","","","","","","","","","","","","","","","","","","","","","",""
"35049001","CANCALE",48.711667,-1.843333,40,1981062215,"","","","",8.,1,280,1,"","","","","","","","","","","","","","","","","","","","","","","","","","","","",16.,1,11.1,1,"","","","","","","","","","","","","","","","","","","","","","","","","","",74,1,"","","","","","","","","","","","",13.5,1,1026.3,1,"","","","","","",1,1,0,1,0,1,0,1,1,1,"","","","","","","","","","","","","","","","","","","","","","","","",20000,1,"","",2,1,0,1,"","","","","","","","","","",3,1,"","","","","","","","","","","","","","","","","","","","","","","","","","","","","","","","","","","","","","","","","","","","","","","","","","","","","",""
"35049001","CANCALE",48.711667,-1.843333,40,1981062218,"","","","",5.,1,280,1,"","","","","","","","","","","","","","","","","","","","","","","","","","","","",16.5,1,12.2,1,"","","","","","","","","","","","","","","","","","","","","","","","","","",78,1,"","","","","","","","","","","","",14.6,1,1025.5,1,"","","","","","",1,1,0,1,0,1,0,1,2,1,"","","","","","","","","","","","","","","","","","","","","","","","",25000,1,"","",2,1,0,1,"","","","","","","","","","",2,1,"","","","","","","","","","","","","","","","","","","","","","","","","","","","","","","","","","","","","","","","","","","","","","","","","","","","","",""
"35049001","CANCALE",48.711667,-1.843333,40,1981062221,"","","","",4.,1,360,1,"","","","","","","","","","","","","","","","","","","","","","","","","","","","",14.8,1,9.3,1,"","","","","","","","","","","","","","","","","","","","","","","","","","",71,1,"","","","","","","","","","","","",12.,1,1025.5,1,"","","","","","",1,1,0,1,0,1,0,1,2,1,"","","","","","","","","","","","","","","","","","","","","","","","",22000,1,"","",2,1,0,1,"","","","","","","","","","",2,1,"","","","","","","","","","","","","","","","","","","","","","","","","","","","","","","","","","","","","","","","","","","","","","","","","","","","","",""
"35049001","CANCALE",48.711667,-1.843333,40,1981062300,"","","","",4.,1,60,1,"","","","","","","","","","","","","","","","","","","","","","","","","","","","",12.8,1,9.,1,"","","","","","","","","","","","","","","","","","","","","","","","","","",79,1,"","","","","","","","","","","","",11.7,1,1024.4,1,"","","","","","",0,1,"","",0,1,0,1,0,1,"","","","","","","","","","","","","","","","","","","","","","","","",25000,1,"","",0,1,"","","","","","","","","","","","",2,1,"","","","","","","","","","","","","","","","","","","","","","","","","","","","","","","","","","","","","","","","","","","","","","","","","","","","","",""
"35049001","CANCALE",48.711667,-1.843333,40,1981062303,"","","","",2.,1,40,1,"","","","","","","","","","","","","","","","","","","","","","","","","","","","",12.,1,9.8,1,"","","","","","","","","","","","","","","","","","","","","","","","","","",88,1,"","","","","","","","","","","","",12.4,1,1024.6,1,"","","","","","",1,1,0,1,0,1,0,1,2,1,"","","","","","","","","","","","","","","","","","","","","","","","",25000,1,"","",0,1,"","","","","","","","","","","","",2,1,"","","","","","","","","","","","","","","","","","","","","","","","","","","","","","","","","","","","","","","","","","","","","","","","","","","","","",""
"35049001","CANCALE",48.711667,-1.843333,40,1981062306,"","","","",0.,1,0,1,"","","","","","","","","","","","","","","","","","","","","","","","","","","","",13.4,1,10.1,1,"","","","","","","","","","","","","","","","","","","","","","","","","","",82,1,"","","","","","","","","","","","",12.6,1,1024.4,1,"","","","","","",1,1,0,1,0,1,0,1,1,1,"","","","","","","","","","","","","","","","","","","","","","","","",20000,1,"","",2,1,0,1,"","",0,1,"","","","","","",1,1,"","","","","","","","","","","","","","","","","","","","","","","","","","","","","","","","","","","","","","","","","","","","","","","","","","","","","",""
"35049001","CANCALE",48.711667,-1.843333,40,1981062309,"","","","",0.,1,0,1,"","","","","","","","","","","","","","","","","","","","","","","","","","","","",16.,1,11.1,1,"","","","","","","","","","","","","","","","","","","","","","","","","","",74,1,"","","","","","","","","","","","",13.5,1,1024.7,1,"","","","","","",0,1,"","",0,1,0,1,0,1,"","","","","","","","","","","","","","","","","","","","","","","","",22000,1,"","",2,1,0,1,"","","","","","","","","","",0,1,"","","","","","","","","","","","","","","","","","","","","","","","","","","","","","","","","","","","","","","","","","","","","","","","","","","","","",""
"35049001","CANCALE",48.711667,-1.843333,40,1981062312,"","","","",4.,1,300,1,"","","","","","","","","","","","","","","","","","","","","","","","","","","","",16.6,1,12.5,1,"","","","","","","","","","","","","","","","","","","","","","","","","","",79,1,"","","","","","","","","","","","",14.9,1,1023.5,1,"","","","","","",2,1,0,1,0,1,0,1,8,1,"","","","","","","","","","","","","","","","","","","","","","","","",20000,1,"","",2,1,0,1,"","","","","","","","","","",2,1,"","","","","","","","","","","","","","","","","","","","","","","","","","","","","","","","","","","","","","","","","","","","","","","","","","","","","",""
"35049001","CANCALE",48.711667,-1.843333,40,1981062315,"","","","",7.,1,300,1,"","","","","","","","","","","","","","","","","","","","","","","","","","","","",17.4,1,11.4,1,"","","","","","","","","","","","","","","","","","","","","","","","","","",70,1,"","","","","","","","","","","","",13.8,1,1022.4,1,"","","","","","",2,1,0,1,0,1,0,1,8,1,"","","","","","","","","","","","","","","","","","","","","","","","",25000,1,"","",2,1,0,1,"","","","","","","","","","",2,1,"","","","","","","","","","","","","","","","","","","","","","","","","","","","","","","","","","","","","","","","","","","","","","","","","","","","","",""
"35049001","CANCALE",48.711667,-1.843333,40,1981062318,"","","","",7.,1,320,1,"","","","","","","","","","","","","","","","","","","","","","","","","","","","",16.5,1,10.6,1,"","","","","","","","","","","","","","","","","","","","","","","","","","",70,1,"","","","","","","","","","","","",13.1,1,1021.9,1,"","","","","","",1,1,0,1,0,1,0,1,1,1,"","","","","","","","","","","","","","","","","","","","","","","","",24000,1,"","",2,1,0,1,"","","","","","","","","","",2,1,"","","","","","","","","","","","","","","","","","","","","","","","","","","","","","","","","","","","","","","","","","","","","","","","","","","","","",""
"35049001","CANCALE",48.711667,-1.843333,40,1981062321,"","","","",4.,1,360,1,"","","","","","","","","","","","","","","","","","","","","","","","","","","","",15.,1,11.7,1,"","","","","","","","","","","","","","","","","","","","","","","","","","",83,1,"","","","","","","","","","","","",14.1,1,1021.9,1,"","","","","","",2,1,0,1,0,1,0,1,8,1,"","","","","","","","","","","","","","","","","","","","","","","","",22000,1,"","",2,1,0,1,"","","","","","","","","","",2,1,"","","","","","","","","","","","","","","","","","","","","","","","","","","","","","","","","","","","","","","","","","","","","","","","","","","","","",""
"35049001","CANCALE",48.711667,-1.843333,40,1981062400,"","","","",0.,1,0,1,"","","","","","","","","","","","","","","","","","","","","","","","","","","","",14.5,1,10.5,1,"","","","","","","","","","","","","","","","","","","","","","","","","","",79,1,"","","","","","","","","","","","",13.,1,1020.7,1,"","","","","","",2,1,0,1,0,1,0,1,8,1,"","","","","","","","","","","","","","","","","","","","","","","","",30000,1,"","",0,1,"","","","","","","","","","","","",1,1,"","","","","","","","","","","","","","","","","","","","","","","","","","","","","","","","","","","","","","","","","","","","","","","","","","","","","",""
"35049001","CANCALE",48.711667,-1.843333,40,1981062403,"","","","",4.,1,280,1,"","","","","","","","","","","","","","","","","","","","","","","","","","","","",14.5,1,10.6,1,"","","","","","","","","","","","","","","","","","","","","","","","","","",80,1,"","","","","","","","","","","","",13.1,1,1019.6,1,"","","","","","",8,1,7,1,1,1,7,1,"","","","","","","","","","","","","","","","","","","","","","","","","","",30000,1,"","",0,1,"","","","","","","","","","","","",2,1,"","","","","","","","","","","","","","","","","","","","","","","","","","","","","","","","","","","","","","","","","","","","","","","","","","","","","",""
"35049001","CANCALE",48.711667,-1.843333,40,1981062406,"","","","",5.,1,260,1,"","","","","","","","","","","","","","","","","","","","","","","","","","","","",14.4,1,12.2,1,"","","","","","","","","","","","","","","","","","","","","","","","","","",89,1,"","","","","","","","","","","","",14.6,1,1018.6,1,"","","","","","",8,1,8,1,6,1,7,1,"","","","","","","","","","","","","","","","","","","","","","","","","","",10000,1,"","",2,1,"","","","",0,1,"","","","","","",2,1,"","","","","","","","","","","","","","","","","","","","","","","","","","","","","","","","","","","","","","","","","","","","","","","","","","","","","",""
"35049001","CANCALE",48.711667,-1.843333,40,1981062409,"","","","",6.,1,280,1,"","","","","","","","","","","","","","","","","","","","","","","","","","","","",14.2,1,12.5,1,"","","","","","","","","","","","","","","","","","","","","","","","","","",92,1,"","","","","","","","","","","","",14.9,1,1018.,1,"","","","","","",8,1,8,1,7,1,"","","","","","","","","","","","","","","","","","","","","","","","","","","","",6000,1,"","",61,1,6,1,"","","","","","","","","","",2,1,"","","","","","","","","","","","","","","","","","","","","","","","","","","","","","","","","","","","","","","","","","","","","","","","","","","","","",""
"35049001","CANCALE",48.711667,-1.843333,40,1981062412,"","","","",5.,1,280,1,"","","","","","","","","","","","","","","","","","","","","","","","","","","","",13.7,1,12.4,1,"","","","","","","","","","","","","","","","","","","","","","","","","","",94,1,"","","","","","","","","","","","",14.8,1,1017.4,1,"","","","","","",8,1,8,1,7,1,"","","","","","","","","","","","","","","","","","","","","","","","","","","","",4000,1,"","",61,1,6,1,"","","","","","","","","","",2,1,"","","","","","","","","","","","","","","","","","","","","","","","","","","","","","","","","","","","","","","","","","","","","","","","","","","","","",""
"35049001","CANCALE",48.711667,-1.843333,40,1981062415,"","","","",4.,1,340,1,"","","","","","","","","","","","","","","","","","","","","","","","","","","","",13.8,1,11.9,1,"","","","","","","","","","","","","","","","","","","","","","","","","","",91,1,"","","","","","","","","","","","",14.3,1,1017.4,1,"","","","","","",8,1,6,1,7,1,2,1,"","","","","","","","","","","","","","","","","","","","","","","","","","",16000,1,"","",2,1,6,1,"","","","","","","","","","",2,1,"","","","","","","","","","","","","","","","","","","","","","","","","","","","","","","","","","","","","","","","","","","","","","","","","","","","","",""
"35049001","CANCALE",48.711667,-1.843333,40,1981062418,"","","","",8.,1,300,1,"","","","","","","","","","","","","","","","","","","","","","","","","","","","",14.6,1,12.4,1,"","","","","","","","","","","","","","","","","","","","","","","","","","",89,1,"","","","","","","","","","","","",14.8,1,1016.4,1,"","","","","","",8,1,5,1,7,1,2,1,"","","","","","","","","","","","","","","","","","","","","","","","","","",15000,1,"","",2,1,6,1,"","","","","","","","","","",3,1,"","","","","","","","","","","","","","","","","","","","","","","","","","","","","","","","","","","","","","","","","","","","","","","","","","","","","",""
"35049001","CANCALE",48.711667,-1.843333,40,1981062421,"","","","",9.,1,300,1,"","","","","","","","","","","","","","","","","","","","","","","","","","","","",14.,1,11.8,1,"","","","","","","","","","","","","","","","","","","","","","","","","","",89,1,"","","","","","","","","","","","",14.2,1,1017.,1,"","","","","","",8,1,8,1,0,1,7,1,"","","","","","","","","","","","","","","","","","","","","","","","","","",15000,1,"","",2,1,2,1,"","","","","","","","","","",3,1,"","","","","","","","","","","","","","","","","","","","","","","","","","","","","","","","","","","","","","","","","","","","","","","","","","","","","",""
"35049001","CANCALE",48.711667,-1.843333,40,1981062500,"","","","",6.,1,300,1,"","","","","","","","","","","","","","","","","","","","","","","","","","","","",14.3,1,12.5,1,"","","","","","","","","","","","","","","","","","","","","","","","","","",91,1,"","","","","","","","","","","","",14.9,1,1016.8,1,"","","","","","",0,1,"","",0,1,0,1,0,1,"","","","","","","","","","","","","","","","","","","","","","","","",12000,1,"","",0,1,"","","","","","","","","","","","",3,1,"","","","","","","","","","","","","","","","","","","","","","","","","","","","","","","","","","","","","","","","","","","","","","","","","","","","","",""
"35049001","CANCALE",48.711667,-1.843333,40,1981062503,"","","","",5.,1,360,1,"","","","","","","","","","","","","","","","","","","","","","","","","","","","",14.5,1,12.3,1,"","","","","","","","","","","","","","","","","","","","","","","","","","",89,1,"","","","","","","","","","","","",14.7,1,1016.6,1,"","","","","","",8,1,8,1,5,1,"","","","","","","","","","","","","","","","","","","","","","","","","","","","",8000,1,"","",0,1,"","","","","","","","","","","","",3,1,"","","","","","","","","","","","","","","","","","","","","","","","","","","","","","","","","","","","","","","","","","","","","","","","","","","","","",""
"35049001","CANCALE",48.711667,-1.843333,40,1981062506,"","","","",6.,1,360,1,"","","","","","","","","","","","","","","","","","","","","","","","","","","","",13.7,1,11.8,1,"","","","","","","","","","","","","","","","","","","","","","","","","","",91,1,"","","","","","","","","","","","",14.2,1,1016.6,1,"","","","","","",8,1,8,1,5,1,"","","","","","","","","","","","","","","","","","","","","","","","","","","","",6000,1,"","",2,1,"","","","",0,1,"","","","","","",3,1,"","","","","","","","","","","","","","","","","","","","","","","","","","","","","","","","","","","","","","","","","","","","","","","","","","","","","",""
"35049001","CANCALE",48.711667,-1.843333,40,1981062509,"","","","",6.,1,360,1,"","","","","","","","","","","","","","","","","","","","","","","","","","","","",13.4,1,11.4,1,"","","","","","","","","","","","","","","","","","","","","","","","","","",89,1,"","","","","","","","","","","","",13.8,1,1016.8,1,"","","","","","",8,1,8,1,5,1,"","","","","","","","","","","","","","","","","","","","","","","","","","","","",8000,1,"","",2,1,2,1,"","","","","","","","","","",3,1,"","","","","","","","","","","","","","","","","","","","","","","","","","","","","","","","","","","","","","","","","","","","","","","","","","","","","",""
"35049001","CANCALE",48.711667,-1.843333,40,1981062512,"","","","",7.,1,360,1,"","","","","","","","","","","","","","","","","","","","","","","","","","","","",13.2,1,11.2,1,"","","","","","","","","","","","","","","","","","","","","","","","","","",89,1,"","","","","","","","","","","","",13.6,1,1016.8,1,"","","","","","",8,1,8,1,5,1,"","","","","","","","","","","","","","","","","","","","","","","","","","","","",6000,1,"","",2,1,2,1,"","","","","","","","","","",3,1,"","","","","","","","","","","","","","","","","","","","","","","","","","","","","","","","","","","","","","","","","","","","","","","","","","","","","",""
"35049001","CANCALE",48.711667,-1.843333,40,1981062515,"","","","",6.,1,360,1,"","","","","","","","","","","","","","","","","","","","","","","","","","","","",13.7,1,10.9,1,"","","","","","","","","","","","","","","","","","","","","","","","","","",85,1,"","","","","","","","","","","","",13.4,1,1016.6,1,"","","","","","",8,1,8,1,5,1,"","","","","","","","","","","","","","","","","","","","","","","","","","","","",12000,1,"","",2,1,2,1,"","","","","","","","","","",3,1,"","","","","","","","","","","","","","","","","","","","","","","","","","","","","","","","","","","","","","","","","","","","","","","","","","","","","",""
"35049001","CANCALE",48.711667,-1.843333,40,1981062518,"","","","",5.,1,360,1,"","","","","","","","","","","","","","","","","","","","","","","","","","","","",14.,1,10.1,1,"","","","","","","","","","","","","","","","","","","","","","","","","","",79,1,"","","","","","","","","","","","",12.6,1,1016.2,1,"","","","","","",8,1,8,1,5,1,"","","","","","","","","","","","","","","","","","","","","","","","","","","","",18000,1,"","",2,1,2,1,"","","","","","","","","","",3,1,"","","","","","","","","","","","","","","","","","","","","","","","","","","","","","","","","","","","","","","","","","","","","","","","","","","","","",""
"35049001","CANCALE",48.711667,-1.843333,40,1981062521,"","","","",4.,1,340,1,"","","","","","","","","","","","","","","","","","","","","","","","","","","","",13.4,1,12.,1,"","","","","","","","","","","","","","","","","","","","","","","","","","",94,1,"","","","","","","","","","","","",14.4,1,1016.,1,"","","","","","",8,1,8,1,5,1,7,1,"","","","","","","","","","","","","","","","","","","","","","","","","","",20000,1,"","",0,1,"","","","","","","","","","","","",3,1,"","","","","","","","","","","","","","","","","","","","","","","","","","","","","","","","","","","","","","","","","","","","","","","","","","","","","",""
"35049001","CANCALE",48.711667,-1.843333,40,1981062600,"","","","",5.,1,320,1,"","","","","","","","","","","","","","","","","","","","","","","","","","","","",13.3,1,9.7,1,"","","","","","","","","","","","","","","","","","","","","","","","","","",80,1,"","","","","","","","","","","","",12.3,1,1015.5,1,"","","","","","",8,1,8,1,0,1,7,1,"","","","","","","","","","","","","","","","","","","","","","","","","","",25000,1,"","",0,1,"","","","","","","","","","","","",2,1,"","","","","","","","","","","","","","","","","","","","","","","","","","","","","","","","","","","","","","","","","","","","","","","","","","","","","",""
"35049001","CANCALE",48.711667,-1.843333,40,1981062603,"","","","",7.,1,360,1,"","","","","","","","","","","","","","","","","","","","","","","","","","","","",12.6,1,10.2,1,"","","","","","","","","","","","","","","","","","","","","","","","","","",87,1,"","","","","","","","","","","","",12.7,1,1014.,1,"","","","","","",8,1,8,1,5,1,"","","","","","","","","","","","","","","","","","","","","","","","","","","","",25000,1,"","",0,1,"","","","","","","","","","","","",3,1,"","","","","","","","","","","","","","","","","","","","","","","","","","","","","","","","","","","","","","","","","","","","","","","","","","","","","",""
"35049001","CANCALE",48.711667,-1.843333,40,1981062606,"","","","",7.,1,20,1,"","","","","","","","","","","","","","","","","","","","","","","","","","","","",12.1,1,9.7,1,"","","","","","","","","","","","","","","","","","","","","","","","","","",87,1,"","","","","","","","","","","","",12.3,1,1013.5,1,"","","","","","",8,1,8,1,5,1,"","","","","","","","","","","","","","","","","","","","","","","","","","","","",18000,1,"","",61,1,"","","","",1,1,"","","","","","",3,1,"","","","","","","","","","","","","","","","","","","","","","","","","","","","","","","","","","","","","","","","","","","","","","","","","","","","","",""
"35049001","CANCALE",48.711667,-1.843333,40,1981062609,"","","","",7.,1,360,1,"","","","","","","","","","","","","","","","","","","","","","","","","","","","",13.,1,9.2,1,"","","","","","","","","","","","","","","","","","","","","","","","","","",79,1,"","","","","","","","","","","","",11.9,1,1013.1,1,"","","","","","",8,1,8,1,8,1,"","","","","","","","","","","","","","","","","","","","","","","","","","","","",22000,1,"","",2,1,6,1,"","","","","","","","","","",3,1,"","","","","","","","","","","","","","","","","","","","","","","","","","","","","","","","","","","","","","","","","","","","","","","","","","","","","",""
"35049001","CANCALE",48.711667,-1.843333,40,1981062612,"","","","",5.,1,360,1,"","","","","","","","","","","","","","","","","","","","","","","","","","","","",14.9,1,8.9,1,"","","","","","","","","","","","","","","","","","","","","","","","","","",68,1,"","","","","","","","","","","","",11.6,1,1013.2,1,"","","","","","",7,1,7,1,2,1,7,1,"","","","","","","","","","","","","","","","","","","","","","","","","","",28000,1,"","",2,1,6,1,"","","","","","","","","","",3,1,"","","","","","","","","","","","","","","","","","","","","","","","","","","","","","","","","","","","","","","","","","","","","","","","","","","","","",""
"35049001","CANCALE",48.711667,-1.843333,40,1981062615,"","","","",3.,1,340,1,"","","","","","","","","","","","","","","","","","","","","","","","","","","","",15.1,1,8.9,1,"","","","","","","","","","","","","","","","","","","","","","","","","","",67,1,"","","","","","","","","","","","",11.6,1,1013.5,1,"","","","","","",6,1,5,1,2,1,9,1,1,1,"","","","","","","","","","","","","","","","","","","","","","","","",25000,1,"","",1,1,2,1,"","","","","","","","","","",3,1,"","","","","","","","","","","","","","","","","","","","","","","","","","","","","","","","","","","","","","","","","","","","","","","","","","","","","",""
"35049001","CANCALE",48.711667,-1.843333,40,1981062618,"","","","",4.,1,300,1,"","","","","","","","","","","","","","","","","","","","","","","","","","","","",13.,1,9.2,1,"","","","","","","","","","","","","","","","","","","","","","","","","","",79,1,"","","","","","","","","","","","",11.9,1,1013.5,1,"","","","","","",7,1,5,1,2,1,9,1,"","","","","","","","","","","","","","","","","","","","","","","","","","",22000,1,"","",2,1,2,1,"","","","","","","","","","",3,1,"","","","","","","","","","","","","","","","","","","","","","","","","","","","","","","","","","","","","","","","","","","","","","","","","","","","","",""
"35049001","CANCALE",48.711667,-1.843333,40,1981062621,"","","","",7.,1,360,1,"","","","","","","","","","","","","","","","","","","","","","","","","","","","",11.4,1,9.3,1,"","","","","","","","","","","","","","","","","","","","","","","","","","",89,1,"","","","","","","","","","","","",12.,1,1014.4,1,"","","","","","",8,1,8,1,5,1,"","","","","","","","","","","","","","","","","","","","","","","","","","","","",18000,1,"","",60,1,6,1,"","","","","","","","","","",5,1,"","","","","","","","","","","","","","","","","","","","","","","","","","","","","","","","","","","","","","","","","","","","","","","","","","","","","",""
"35049001","CANCALE",48.711667,-1.843333,40,1981062700,"","","","",4.,1,360,1,"","","","","","","","","","","","","","","","","","","","","","","","","","","","",11.5,1,9.,1,"","","","","","","","","","","","","","","","","","","","","","","","","","",87,1,"","","","","","","","","","","","",11.7,1,1015.4,1,"","","","","","",8,1,8,1,8,1,"","","","","","","","","","","","","","","","","","","","","","","","","","","","",25000,1,"","",0,1,"","","","","","","","","","","","",3,1,"","","","","","","","","","","","","","","","","","","","","","","","","","","","","","","","","","","","","","","","","","","","","","","","","","","","","",""
"35049001","CANCALE",48.711667,-1.843333,40,1981062703,"","","","",5.,1,20,1,"","","","","","","","","","","","","","","","","","","","","","","","","","","","",11.2,1,8.3,1,"","","","","","","","","","","","","","","","","","","","","","","","","","",84,1,"","","","","","","","","","","","",11.2,1,1015.4,1,"","","","","","",8,1,8,1,5,1,2,1,"","","","","","","","","","","","","","","","","","","","","","","","","","",35000,1,"","",0,1,"","","","","","","","","","","","",2,1,"","","","","","","","","","","","","","","","","","","","","","","","","","","","","","","","","","","","","","","","","","","","","","","","","","","","","",""
"35049001","CANCALE",48.711667,-1.843333,40,1981062706,"","","","",5.,1,40,1,"","","","","","","","","","","","","","","","","","","","","","","","","","","","",11.3,1,8.3,1,"","","","","","","","","","","","","","","","","","","","","","","","","","",84,1,"","","","","","","","","","","","",11.2,1,1015.9,1,"","","","","","",8,1,6,1,5,1,1,1,"","","","","","","","","","","","","","","","","","","","","","","","","","",35000,1,"","",2,1,"","","","",0,1,"","","","","","",2,1,"","","","","","","","","","","","","","","","","","","","","","","","","","","","","","","","","","","","","","","","","","","","","","","","","","","","","",""
"35049001","CANCALE",48.711667,-1.843333,40,1981062709,"","","","",4.,1,20,1,"","","","","","","","","","","","","","","","","","","","","","","","","","","","",13.1,1,8.7,1,"","","","","","","","","","","","","","","","","","","","","","","","","","",76,1,"","","","","","","","","","","","",11.5,1,1016.4,1,"","","","","","",6,1,6,1,8,1,3,1,0,1,"","","","","","","","","","","","","","","","","","","","","","","","",35000,1,"","",1,1,2,1,"","","","","","","","","","",2,1,"","","","","","","","","","","","","","","","","","","","","","","","","","","","","","","","","","","","","","","","","","","","","","","","","","","","","",""
"35049001","CANCALE",48.711667,-1.843333,40,1981062712,"","","","",4.,1,360,1,"","","","","","","","","","","","","","","","","","","","","","","","","","","","",14.,1,7.,1,"","","","","","","","","","","","","","","","","","","","","","","","","","",64,1,"","","","","","","","","","","","",10.2,1,1016.7,1,"","","","","","",6,1,6,1,8,1,7,1,0,1,"","","","","","","","","","","","","","","","","","","","","","","","",35000,1,"","",2,1,2,1,"","","","","","","","","","",2,1,"","","","","","","","","","","","","","","","","","","","","","","","","","","","","","","","","","","","","","","","","","","","","","","","","","","","","",""
"35049001","CANCALE",48.711667,-1.843333,40,1981062715,"","","","",5.,1,20,1,"","","","","","","","","","","","","","","","","","","","","","","","","","","","",12.4,1,8.1,1,"","","","","","","","","","","","","","","","","","","","","","","","","","",77,1,"","","","","","","","","","","","",11.,1,1016.7,1,"","","","","","",8,1,8,1,8,1,7,1,"","","","","","","","","","","","","","","","","","","","","","","","","","",35000,1,"","",3,1,2,1,"","","","","","","","","","",3,1,"","","","","","","","","","","","","","","","","","","","","","","","","","","","","","","","","","","","","","","","","","","","","","","","","","","","","",""
"35049001","CANCALE",48.711667,-1.843333,40,1981062718,"","","","",4.,1,40,1,"","","","","","","","","","","","","","","","","","","","","","","","","","","","",12.4,1,7.3,1,"","","","","","","","","","","","","","","","","","","","","","","","","","",72,1,"","","","","","","","","","","","",10.4,1,1016.7,1,"","","","","","",6,1,6,1,2,1,3,1,0,1,"","","","","","","","","","","","","","","","","","","","","","","","",35000,1,"","",2,1,2,1,"","","","","","","","","","",3,1,"","","","","","","","","","","","","","","","","","","","","","","","","","","","","","","","","","","","","","","","","","","","","","","","","","","","","",""
"35049001","CANCALE",48.711667,-1.843333,40,1981062721,"","","","",6.,1,20,1,"","","","","","","","","","","","","","","","","","","","","","","","","","","","",12.,1,6.6,1,"","","","","","","","","","","","","","","","","","","","","","","","","","",71,1,"","","","","","","","","","","","",9.9,1,1017.6,1,"","","","","","",8,1,8,1,8,1,"","","","","","","","","","","","","","","","","","","","","","","","","","","","",40000,1,"","",2,1,2,1,"","","","","","","","","","",3,1,"","","","","","","","","","","","","","","","","","","","","","","","","","","","","","","","","","","","","","","","","","","","","","","","","","","","","",""
"35049001","CANCALE",48.711667,-1.843333,40,1981062800,"","","","",5.,1,360,1,"","","","","","","","","","","","","","","","","","","","","","","","","","","","",11.5,1,7.2,1,"","","","","","","","","","","","","","","","","","","","","","","","","","",76,1,"","","","","","","","","","","","",10.3,1,1017.4,1,"","","","","","",8,1,8,1,8,1,"","","","","","","","","","","","","","","","","","","","","","","","","","","","",45000,1,"","",0,1,"","","","","","","","","","","","",3,1,"","","","","","","","","","","","","","","","","","","","","","","","","","","","","","","","","","","","","","","","","","","","","","","","","","","","","",""
"35049001","CANCALE",48.711667,-1.843333,40,1981062803,"","","","",5.,1,20,1,"","","","","","","","","","","","","","","","","","","","","","","","","","","","",12.,1,8.1,1,"","","","","","","","","","","","","","","","","","","","","","","","","","",79,1,"","","","","","","","","","","","",11.,1,1017.2,1,"","","","","","",8,1,8,1,8,1,"","","","","","","","","","","","","","","","","","","","","","","","","","","","",35000,1,"","",0,1,"","","","","","","","","","","","",3,1,"","","","","","","","","","","","","","","","","","","","","","","","","","","","","","","","","","","","","","","","","","","","","","","","","","","","","",""
"35049001","CANCALE",48.711667,-1.843333,40,1981062806,"","","","",5.,1,40,1,"","","","","","","","","","","","","","","","","","","","","","","","","","","","",12.5,1,9.3,1,"","","","","","","","","","","","","","","","","","","","","","","","","","",82,1,"","","","","","","","","","","","",12.,1,1017.4,1,"","","","","","",5,1,0,1,1,1,3,1,1,1,"","","","","","","","","","","","","","","","","","","","","","","","",20000,1,"","",2,1,"","","","",0,1,"","","","","","",3,1,"","","","","","","","","","","","","","","","","","","","","","","","","","","","","","","","","","","","","","","","","","","","","","","","","","","","","",""
"35049001","CANCALE",48.711667,-1.843333,40,1981062809,"","","","",3.,1,40,1,"","","","","","","","","","","","","","","","","","","","","","","","","","","","",15.1,1,10.8,1,"","","","","","","","","","","","","","","","","","","","","","","","","","",78,1,"","","","","","","","","","","","",13.3,1,1017.8,1,"","","","","","",3,1,0,1,2,1,3,1,0,1,"","","","","","","","","","","","","","","","","","","","","","","","",35000,1,"","",1,1,1,1,"","","","","","","","","","",2,1,"","","","","","","","","","","","","","","","","","","","","","","","","","","","","","","","","","","","","","","","","","","","","","","","","","","","","",""
"35049001","CANCALE",48.711667,-1.843333,40,1981062812,"","","","",6.,1,20,1,"","","","","","","","","","","","","","","","","","","","","","","","","","","","",13.5,1,10.3,1,"","","","","","","","","","","","","","","","","","","","","","","","","","",83,1,"","","","","","","","","","","","",12.8,1,1017.6,1,"","","","","","",6,1,5,1,5,1,4,1,0,1,"","","","","","","","","","","","","","","","","","","","","","","","",30000,1,"","",25,1,8,1,"","","","","","","","","","",3,1,"","","","","","","","","","","","","","","","","","","","","","","","","","","","","","","","","","","","","","","","","","","","","","","","","","","","","",""
"35049001","CANCALE",48.711667,-1.843333,40,1981062815,"","","","",7.,1,20,1,"","","","","","","","","","","","","","","","","","","","","","","","","","","","",13.7,1,10.2,1,"","","","","","","","","","","","","","","","","","","","","","","","","","",81,1,"","","","","","","","","","","","",12.7,1,1018.,1,"","","","","","",8,1,8,1,8,1,7,1,"","","","","","","","","","","","","","","","","","","","","","","","","","",35000,1,"","",2,1,2,1,"","","","","","","","","","",3,1,"","","","","","","","","","","","","","","","","","","","","","","","","","","","","","","","","","","","","","","","","","","","","","","","","","","","","",""
"35049001","CANCALE",48.711667,-1.843333,40,1981062818,"","","","",9.,1,320,1,"","","","","","","","","","","","","","","","","","","","","","","","","","","","",13.8,1,11.1,1,"","","","","","","","","","","","","","","","","","","","","","","","","","",85,1,"","","","","","","","","","","","",13.5,1,1018.4,1,"","","","","","",3,1,0,1,3,1,4,1,0,1,"","","","","","","","","","","","","","","","","","","","","","","","",35000,1,"","",1,1,8,1,"","","","","","","","","","",4,1,"","","","","","","","","","","","","","","","","","","","","","","","","","","","","","","","","","","","","","","","","","","","","","","","","","","","","",""
"35049001","CANCALE",48.711667,-1.843333,40,1981062821,"","","","",8.,1,320,1,"","","","","","","","","","","","","","","","","","","","","","","","","","","","",12.9,1,9.7,1,"","","","","","","","","","","","","","","","","","","","","","","","","","",83,1,"","","","","","","","","","","","",12.3,1,1019.6,1,"","","","","","",8,1,5,1,8,1,7,1,"","","","","","","","","","","","","","","","","","","","","","","","","","",35000,1,"","",3,1,1,1,"","","","","","","","","","",4,1,"","","","","","","","","","","","","","","","","","","","","","","","","","","","","","","","","","","","","","","","","","","","","","","","","","","","","",""
"35049001","CANCALE",48.711667,-1.843333,40,1981062900,"","","","",9.,1,320,1,"","","","","","","","","","","","","","","","","","","","","","","","","","","","",13.2,1,10.5,1,"","","","","","","","","","","","","","","","","","","","","","","","","","",86,1,"","","","","","","","","","","","",13.,1,1020.4,1,"","","","","","",8,1,8,1,1,1,2,1,"","","","","","","","","","","","","","","","","","","","","","","","","","",28000,1,"","",0,1,"","","","","","","","","","","","",4,1,"","","","","","","","","","","","","","","","","","","","","","","","","","","","","","","","","","","","","","","","","","","","","","","","","","","","","",""
"35049001","CANCALE",48.711667,-1.843333,40,1981062903,"","","","",10.,1,300,1,"","","","","","","","","","","","","","","","","","","","","","","","","","","","",13.5,1,10.5,1,"","","","","","","","","","","","","","","","","","","","","","","","","","",84,1,"","","","","","","","","","","","",13.,1,1020.6,1,"","","","","","",8,1,8,1,5,1,"","","","","","","","","","","","","","","","","","","","","","","","","","","","",25000,1,"","",0,1,"","","","","","","","","","","","",4,1,"","","","","","","","","","","","","","","","","","","","","","","","","","","","","","","","","","","","","","","","","","","","","","","","","","","","","",""
"35049001","CANCALE",48.711667,-1.843333,40,1981062906,"","","","",7.,1,300,1,"","","","","","","","","","","","","","","","","","","","","","","","","","","","",13.4,1,11.2,1,"","","","","","","","","","","","","","","","","","","","","","","","","","",88,1,"","","","","","","","","","","","",13.6,1,1022.,1,"","","","","","",8,1,8,1,8,1,"","","","","","","","","","","","","","","","","","","","","","","","","","","","",16000,1,"","",2,1,"","","","",0,1,"","","","","","",3,1,"","","","","","","","","","","","","","","","","","","","","","","","","","","","","","","","","","","","","","","","","","","","","","","","","","","","","",""
"35049001","CANCALE",48.711667,-1.843333,40,1981062909,"","","","",6.,1,280,1,"","","","","","","","","","","","","","","","","","","","","","","","","","","","",13.5,1,9.3,1,"","","","","","","","","","","","","","","","","","","","","","","","","","",77,1,"","","","","","","","","","","","",12.,1,1023.1,1,"","","","","","",8,1,8,1,8,1,"","","","","","","","","","","","","","","","","","","","","","","","","","","","",16000,1,"","",2,1,2,1,"","","","","","","","","","",3,1,"","","","","","","","","","","","","","","","","","","","","","","","","","","","","","","","","","","","","","","","","","","","","","","","","","","","","",""
"35049001","CANCALE",48.711667,-1.843333,40,1981062912,"","","","",4.,1,300,1,"","","","","","","","","","","","","","","","","","","","","","","","","","","","",16.4,1,9.7,1,"","","","","","","","","","","","","","","","","","","","","","","","","","",66,1,"","","","","","","","","","","","",12.3,1,1024.2,1,"","","","","","",6,1,6,1,2,1,0,1,8,1,"","","","","","","","","","","","","","","","","","","","","","","","",15000,1,"","",1,1,2,1,"","","","","","","","","","",2,1,"","","","","","","","","","","","","","","","","","","","","","","","","","","","","","","","","","","","","","","","","","","","","","","","","","","","","",""
"35049001","CANCALE",48.711667,-1.843333,40,1981062915,"","","","",7.,1,300,1,"","","","","","","","","","","","","","","","","","","","","","","","","","","","",16.,1,10.3,1,"","","","","","","","","","","","","","","","","","","","","","","","","","",70,1,"","","","","","","","","","","","",12.8,1,1024.6,1,"","","","","","",5,1,5,1,2,1,0,1,8,1,"","","","","","","","","","","","","","","","","","","","","","","","",16000,1,"","",2,1,2,1,"","","","","","","","","","",3,1,"","","","","","","","","","","","","","","","","","","","","","","","","","","","","","","","","","","","","","","","","","","","","","","","","","","","","",""
"35049001","CANCALE",48.711667,-1.843333,40,1981062918,"","","","",7.,1,300,1,"","","","","","","","","","","","","","","","","","","","","","","","","","","","",14.6,1,10.3,1,"","","","","","","","","","","","","","","","","","","","","","","","","","",78,1,"","","","","","","","","","","","",12.8,1,1025.,1,"","","","","","",2,1,0,1,2,1,0,1,2,1,"","","","","","","","","","","","","","","","","","","","","","","","",16000,1,"","",1,1,1,1,"","","","","","","","","","",3,1,"","","","","","","","","","","","","","","","","","","","","","","","","","","","","","","","","","","","","","","","","","","","","","","","","","","","","",""
"35049001","CANCALE",48.711667,-1.843333,40,1981062921,"","","","",6.,1,300,1,"","","","","","","","","","","","","","","","","","","","","","","","","","","","",13.,1,8.3,1,"","","","","","","","","","","","","","","","","","","","","","","","","","",75,1,"","","","","","","","","","","","",11.2,1,1025.5,1,"","","","","","",2,1,0,1,0,1,0,1,2,1,"","","","","","","","","","","","","","","","","","","","","","","","",30000,1,"","",2,1,0,1,"","","","","","","","","","",2,1,"","","","","","","","","","","","","","","","","","","","","","","","","","","","","","","","","","","","","","","","","","","","","","","","","","","","","",""
"35049001","CANCALE",48.711667,-1.843333,40,1981063000,"","","","",5.,1,240,1,"","","","","","","","","","","","","","","","","","","","","","","","","","","","",12.4,1,9.3,1,"","","","","","","","","","","","","","","","","","","","","","","","","","",83,1,"","","","","","","","","","","","",12.,1,1025.1,1,"","","","","","",0,1,"","",0,1,0,1,0,1,"","","","","","","","","","","","","","","","","","","","","","","","",30000,1,"","",0,1,"","","","","","","","","","","","",2,1,"","","","","","","","","","","","","","","","","","","","","","","","","","","","","","","","","","","","","","","","","","","","","","","","","","","","","",""
"35049001","CANCALE",48.711667,-1.843333,40,1981063003,"","","","",6.,1,260,1,"","","","","","","","","","","","","","","","","","","","","","","","","","","","",12.1,1,9.5,1,"","","","","","","","","","","","","","","","","","","","","","","","","","",86,1,"","","","","","","","","","","","",12.1,1,1024.2,1,"","","","","","",6,1,6,1,0,1,0,1,8,1,"","","","","","","","","","","","","","","","","","","","","","","","",25000,1,"","",0,1,"","","","","","","","","","","","",2,1,"","","","","","","","","","","","","","","","","","","","","","","","","","","","","","","","","","","","","","","","","","","","","","","","","","","","","",""
"35049001","CANCALE",48.711667,-1.843333,40,1981063006,"","","","",8.,1,280,1,"","","","","","","","","","","","","","","","","","","","","","","","","","","","",13.4,1,11.4,1,"","","","","","","","","","","","","","","","","","","","","","","","","","",90,1,"","","","","","","","","","","","",13.8,1,1023.8,1,"","","","","","",7,1,5,1,5,1,3,1,"","","","","","","","","","","","","","","","","","","","","","","","","","",15000,1,"","",2,1,"","","","",0,1,"","","","","","",3,1,"","","","","","","","","","","","","","","","","","","","","","","","","","","","","","","","","","","","","","","","","","","","","","","","","","","","","",""
"35049001","CANCALE",48.711667,-1.843333,40,1981063009,"","","","",8.,1,280,1,"","","","","","","","","","","","","","","","","","","","","","","","","","","","",14.4,1,11.8,1,"","","","","","","","","","","","","","","","","","","","","","","","","","",86,1,"","","","","","","","","","","","",14.2,1,1023.1,1,"","","","","","",7,1,7,1,2,1,5,1,"","","","","","","","","","","","","","","","","","","","","","","","","","",22000,1,"","",3,1,2,1,"","","","","","","","","","",2,1,"","","","","","","","","","","","","","","","","","","","","","","","","","","","","","","","","","","","","","","","","","","","","","","","","","","","","",""
"35049001","CANCALE",48.711667,-1.843333,40,1981063012,"","","","",7.,1,280,1,"","","","","","","","","","","","","","","","","","","","","","","","","","","","",16.1,1,11.9,1,"","","","","","","","","","","","","","","","","","","","","","","","","","",78,1,"","","","","","","","","","","","",14.3,1,1023.2,1,"","","","","","",5,1,5,1,2,1,3,1,2,1,"","","","","","","","","","","","","","","","","","","","","","","","",25000,1,"","",1,1,2,1,"","","","","","","","","","",2,1,"","","","","","","","","","","","","","","","","","","","","","","","","","","","","","","","","","","","","","","","","","","","","","","","","","","","","",""
"35049001","CANCALE",48.711667,-1.843333,40,1981063015,"","","","",12.,1,280,1,"","","","","","","","","","","","","","","","","","","","","","","","","","","","",16.5,1,11.6,1,"","","","","","","","","","","","","","","","","","","","","","","","","","",75,1,"","","","","","","","","","","","",14.,1,1022.6,1,"","","","","","",3,1,0,1,2,1,0,1,2,1,"","","","","","","","","","","","","","","","","","","","","","","","",25000,1,"","",1,1,1,1,"","","","","","","","","","",4,1,"","","","","","","","","","","","","","","","","","","","","","","","","","","","","","","","","","","","","","","","","","","","","","","","","","","","","",""
"35049001","CANCALE",48.711667,-1.843333,40,1981063018,"","","","",9.,1,300,1,"","","","","","","","","","","","","","","","","","","","","","","","","","","","",15.6,1,10.8,1,"","","","","","","","","","","","","","","","","","","","","","","","","","",75,1,"","","","","","","","","","","","",13.3,1,1021.9,1,"","","","","","",2,1,0,1,2,1,3,1,0,1,"","","","","","","","","","","","","","","","","","","","","","","","",22000,1,"","",2,1,1,1,"","","","","","","","","","",3,1,"","","","","","","","","","","","","","","","","","","","","","","","","","","","","","","","","","","","","","","","","","","","","","","","","","","","","",""
"35049001","CANCALE",48.711667,-1.843333,40,1981063021,"","","","",10.,1,280,1,"","","","","","","","","","","","","","","","","","","","","","","","","","","","",14.3,1,11.5,1,"","","","","","","","","","","","","","","","","","","","","","","","","","",85,1,"","","","","","","","","","","","",13.9,1,1021.8,1,"","","","","","",3,1,0,1,5,1,0,1,0,1,"","","","","","","","","","","","","","","","","","","","","","","","",20000,1,"","",3,1,0,1,"","","","","","","","","","",4,1,"","","","","","","","","","","","","","","","","","","","","","","","","","","","","","","","","","","","","","","","","","","","","","","","","","","","","",""
"35049001","CANCALE",48.711667,-1.843333,40,1981070100,"","","","",7.,1,280,1,"","","","","","","","","","","","","","","","","","","","","","","","","","","","",14.5,1,11.7,1,"","","","","","","","","","","","","","","","","","","","","","","","","","",85,1,"","","","","","","","","","","","",14.1,1,1020.7,1,"","","","","","",8,1,8,1,8,1,"","","","","","","","","","","","","","","","","","","","","","","","","","","","",35000,1,"","",0,1,"","","","","","","","","","","","",3,1,"","","","","","","","","","","","","","","","","","","","","","","","","","","","","","","","","","","","","","","","","","","","","","","","","","","","","",""
"35049001","CANCALE",48.711667,-1.843333,40,1981070103,"","","","",3.,1,220,1,"","","","","","","","","","","","","","","","","","","","","","","","","","","","",13.7,1,11.1,1,"","","","","","","","","","","","","","","","","","","","","","","","","","",87,1,"","","","","","","","","","","","",13.5,1,1019.5,1,"","","","","","",8,1,8,1,5,1,"","","","","","","","","","","","","","","","","","","","","","","","","","","","",30000,1,"","",0,1,"","","","","","","","","","","","",3,1,"","","","","","","","","","","","","","","","","","","","","","","","","","","","","","","","","","","","","","","","","","","","","","","","","","","","","",""
"35049001","CANCALE",48.711667,-1.843333,40,1981070106,"","","","",4.,1,260,1,"","","","","","","","","","","","","","","","","","","","","","","","","","","","",13.4,1,11.9,1,"","","","","","","","","","","","","","","","","","","","","","","","","","",93,1,"","","","","","","","","","","","",14.3,1,1018.4,1,"","","","","","",8,1,8,1,8,1,"","","","","","","","","","","","","","","","","","","","","","","","","","","","",17000,1,"","",2,1,"","","","",0,1,"","","","","","",2,1,"","","","","","","","","","","","","","","","","","","","","","","","","","","","","","","","","","","","","","","","","","","","","","","","","","","","","",""
"35049001","CANCALE",48.711667,-1.843333,40,1981070109,"","","","",8.,1,280,1,"","","","","","","","","","","","","","","","","","","","","","","","","","","","",14.5,1,11.4,1,"","","","","","","","","","","","","","","","","","","","","","","","","","",83,1,"","","","","","","","","","","","",13.8,1,1017.6,1,"","","","","","",8,1,8,1,8,1,"","","","","","","","","","","","","","","","","","","","","","","","","","","","",22000,1,"","",2,1,2,1,"","","","","","","","","","",3,1,"","","","","","","","","","","","","","","","","","","","","","","","","","","","","","","","","","","","","","","","","","","","","","","","","","","","","",""
"35049001","CANCALE",48.711667,-1.843333,40,1981070112,"","","","",5.,1,280,1,"","","","","","","","","","","","","","","","","","","","","","","","","","","","",15.5,1,12.4,1,"","","","","","","","","","","","","","","","","","","","","","","","","","",84,1,"","","","","","","","","","","","",14.8,1,1017.2,1,"","","","","","",7,1,7,1,8,1,"","","","","","","","","","","","","","","","","","","","","","","","","","","","",22000,1,"","",2,1,2,1,"","","","","","","","","","",2,1,"","","","","","","","","","","","","","","","","","","","","","","","","","","","","","","","","","","","","","","","","","","","","","","","","","","","","",""
"35049001","CANCALE",48.711667,-1.843333,40,1981070115,"","","","",4.,1,280,1,"","","","","","","","","","","","","","","","","","","","","","","","","","","","",16.,1,11.1,1,"","","","","","","","","","","","","","","","","","","","","","","","","","",74,1,"","","","","","","","","","","","",13.5,1,1016.3,1,"","","","","","",7,1,7,1,8,1,"","","","","","","","","","","","","","","","","","","","","","","","","","","","",30000,1,"","",2,1,2,1,"","","","","","","","","","",2,1,"","","","","","","","","","","","","","","","","","","","","","","","","","","","","","","","","","","","","","","","","","","","","","","","","","","","","",""
"35049001","CANCALE",48.711667,-1.843333,40,1981070118,"","","","",2.,1,280,1,"","","","","","","","","","","","","","","","","","","","","","","","","","","","",15.,1,11.7,1,"","","","","","","","","","","","","","","","","","","","","","","","","","",83,1,"","","","","","","","","","","","",14.1,1,1014.6,1,"","","","","","",8,1,8,1,8,1,"","","","","","","","","","","","","","","","","","","","","","","","","","","","",30000,1,"","",2,1,2,1,"","","","","","","","","","",2,1,"","","","","","","","","","","","","","","","","","","","","","","","","","","","","","","","","","","","","","","","","","","","","","","","","","","","","",""
"35049001","CANCALE",48.711667,-1.843333,40,1981070121,"","","","",4.,1,280,1,"","","","","","","","","","","","","","","","","","","","","","","","","","","","",14.5,1,11.9,1,"","","","","","","","","","","","","","","","","","","","","","","","","","",87,1,"","","","","","","","","","","","",14.3,1,1014.2,1,"","","","","","",8,1,8,1,5,1,"","","","","","","","","","","","","","","","","","","","","","","","","","","","",30000,1,"","",0,1,"","","","","","","","","","","","",2,1,"","","","","","","","","","","","","","","","","","","","","","","","","","","","","","","","","","","","","","","","","","","","","","","","","","","","","",""
"35049001","CANCALE",48.711667,-1.843333,40,1981070200,"","","","",0.,1,0,1,"","","","","","","","","","","","","","","","","","","","","","","","","","","","",13.5,1,12.2,1,"","","","","","","","","","","","","","","","","","","","","","","","","","",94,1,"","","","","","","","","","","","",14.6,1,1012.7,1,"","","","","","",8,1,8,1,5,1,"","","","","","","","","","","","","","","","","","","","","","","","","","","","",30000,1,"","",0,1,"","","","","","","","","","","","",2,1,"","","","","","","","","","","","","","","","","","","","","","","","","","","","","","","","","","","","","","","","","","","","","","","","","","","","","",""
"35049001","CANCALE",48.711667,-1.843333,40,1981070203,"","","","",2.,1,180,1,"","","","","","","","","","","","","","","","","","","","","","","","","","","","",13.3,1,12.2,1,"","","","","","","","","","","","","","","","","","","","","","","","","","",96,1,"","","","","","","","","","","","",14.6,1,1011.4,1,"","","","","","",8,1,8,1,5,1,"","","","","","","","","","","","","","","","","","","","","","","","","","","","",12000,1,"","",0,1,"","","","","","","","","","","","",2,1,"","","","","","","","","","","","","","","","","","","","","","","","","","","","","","","","","","","","","","","","","","","","","","","","","","","","","",""
"35049001","CANCALE",48.711667,-1.843333,40,1981070206,"","","","",3.,1,260,1,"","","","","","","","","","","","","","","","","","","","","","","","","","","","",13.5,1,12.4,1,"","","","","","","","","","","","","","","","","","","","","","","","","","",95,1,"","","","","","","","","","","","",14.8,1,1011.1,1,"","","","","","",8,1,8,1,5,1,"","","","","","","","","","","","","","","","","","","","","","","","","","","","",8000,1,"","",2,1,6,1,"","",1,1,"","","","","","",2,1,"","","","","","","","","","","","","","","","","","","","","","","","","","","","","","","","","","","","","","","","","","","","","","","","","","","","","",""
"35049001","CANCALE",48.711667,-1.843333,40,1981070209,"","","","",2.,1,320,1,"","","","","","","","","","","","","","","","","","","","","","","","","","","","",13.6,1,12.5,1,"","","","","","","","","","","","","","","","","","","","","","","","","","",95,1,"","","","","","","","","","","","",14.9,1,1010.4,1,"","","","","","",8,1,8,1,5,1,"","","","","","","","","","","","","","","","","","","","","","","","","","","","",7000,1,"","",60,1,6,1,"","","","","","","","","","",2,1,"","","","","","","","","","","","","","","","","","","","","","","","","","","","","","","","","","","","","","","","","","","","","","","","","","","","","",""
"35049001","CANCALE",48.711667,-1.843333,40,1981070212,"","","","",3.,1,320,1,"","","","","","","","","","","","","","","","","","","","","","","","","","","","",13.5,1,12.2,1,"","","","","","","","","","","","","","","","","","","","","","","","","","",94,1,"","","","","","","","","","","","",14.6,1,1009.6,1,"","","","","","",8,1,8,1,5,1,"","","","","","","","","","","","","","","","","","","","","","","","","","","","",18000,1,"","",50,1,6,1,"","","","","","","","","","",2,1,"","","","","","","","","","","","","","","","","","","","","","","","","","","","","","","","","","","","","","","","","","","","","","","","","","","","","",""
"35049001","CANCALE",48.711667,-1.843333,40,1981070215,"","","","",0.,1,0,1,"","","","","","","","","","","","","","","","","","","","","","","","","","","","",14.9,1,12.,1,"","","","","","","","","","","","","","","","","","","","","","","","","","",85,1,"","","","","","","","","","","","",14.4,1,1008.,1,"","","","","","",8,1,7,1,5,1,7,1,"","","","","","","","","","","","","","","","","","","","","","","","","","",40000,1,"","",1,1,5,1,"","","","","","","","","","",1,1,"","","","","","","","","","","","","","","","","","","","","","","","","","","","","","","","","","","","","","","","","","","","","","","","","","","","","",""
"35049001","CANCALE",48.711667,-1.843333,40,1981070218,"","","","",4.,1,320,1,"","","","","","","","","","","","","","","","","","","","","","","","","","","","",14.7,1,12.1,1,"","","","","","","","","","","","","","","","","","","","","","","","","","",87,1,"","","","","","","","","","","","",14.5,1,1007.6,1,"","","","","","",8,1,8,1,5,1,"","","","","","","","","","","","","","","","","","","","","","","","","","","","",9000,1,"","",80,1,8,1,"","","","","","","","","","",2,1,"","","","","","","","","","","","","","","","","","","","","","","","","","","","","","","","","","","","","","","","","","","","","","","","","","","","","",""
"35049001","CANCALE",48.711667,-1.843333,40,1981070221,"","","","",3.,1,320,1,"","","","","","","","","","","","","","","","","","","","","","","","","","","","",13.,1,10.7,1,"","","","","","","","","","","","","","","","","","","","","","","","","","",88,1,"","","","","","","","","","","","",13.2,1,1008.2,1,"","","","","","",8,1,8,1,0,1,7,1,"","","","","","","","","","","","","","","","","","","","","","","","","","",35000,1,"","",0,1,"","","","","","","","","","","","",2,1,"","","","","","","","","","","","","","","","","","","","","","","","","","","","","","","","","","","","","","","","","","","","","","","","","","","","","",""
"35049001","CANCALE",48.711667,-1.843333,40,1981070300,"","","","",5.,1,240,1,"","","","","","","","","","","","","","","","","","","","","","","","","","","","",12.2,1,9.9,1,"","","","","","","","","","","","","","","","","","","","","","","","","","",88,1,"","","","","","","","","","","","",12.5,1,1008.4,1,"","","","","","",1,1,0,1,1,1,0,1,0,1,"","","","","","","","","","","","","","","","","","","","","","","","",35000,1,"","",0,1,"","","","","","","","","","","","",2,1,"","","","","","","","","","","","","","","","","","","","","","","","","","","","","","","","","","","","","","","","","","","","","","","","","","","","","",""
"35049001","CANCALE",48.711667,-1.843333,40,1981070303,"","","","",6.,1,280,1,"","","","","","","","","","","","","","","","","","","","","","","","","","","","",11.4,1,9.1,1,"","","","","","","","","","","","","","","","","","","","","","","","","","",88,1,"","","","","","","","","","","","",11.8,1,1008.6,1,"","","","","","",3,1,0,1,2,1,6,1,0,1,"","","","","","","","","","","","","","","","","","","","","","","","",35000,1,"","",0,1,"","","","","","","","","","","","",2,1,"","","","","","","","","","","","","","","","","","","","","","","","","","","","","","","","","","","","","","","","","","","","","","","","","","","","","",""
"35049001","CANCALE",48.711667,-1.843333,40,1981070306,"","","","",6.,1,240,1,"","","","","","","","","","","","","","","","","","","","","","","","","","","","",11.4,1,9.1,1,"","","","","","","","","","","","","","","","","","","","","","","","","","",88,1,"","","","","","","","","","","","",11.8,1,1009.4,1,"","","","","","",1,1,0,1,2,1,4,1,0,1,"","","","","","","","","","","","","","","","","","","","","","","","",25000,1,"","",2,1,"","","","",1,1,"","","","","","",3,1,"","","","","","","","","","","","","","","","","","","","","","","","","","","","","","","","","","","","","","","","","","","","","","","","","","","","","",""
"35049001","CANCALE",48.711667,-1.843333,40,1981070309,"","","","",9.,1,260,1,"","","","","","","","","","","","","","","","","","","","","","","","","","","","",14.7,1,9.8,1,"","","","","","","","","","","","","","","","","","","","","","","","","","",75,1,"","","","","","","","","","","","",12.4,1,1010.6,1,"","","","","","",4,1,0,1,2,1,6,1,0,1,"","","","","","","","","","","","","","","","","","","","","","","","",35000,1,"","",3,1,0,1,"","","","","","","","","","",3,1,"","","","","","","","","","","","","","","","","","","","","","","","","","","","","","","","","","","","","","","","","","","","","","","","","","","","","",""
"35049001","CANCALE",48.711667,-1.843333,40,1981070312,"","","","",8.,1,280,1,"","","","","","","","","","","","","","","","","","","","","","","","","","","","",17.,1,9.6,1,"","","","","","","","","","","","","","","","","","","","","","","","","","",63,1,"","","","","","","","","","","","",12.2,1,1011.5,1,"","","","","","",7,1,5,1,3,1,6,1,"","","","","","","","","","","","","","","","","","","","","","","","","","",35000,1,"","",25,1,1,1,"","","","","","","","","","",2,1,"","","","","","","","","","","","","","","","","","","","","","","","","","","","","","","","","","","","","","","","","","","","","","","","","","","","","",""
"35049001","CANCALE",48.711667,-1.843333,40,1981070315,"","","","",6.,1,280,1,"","","","","","","","","","","","","","","","","","","","","","","","","","","","",15.3,1,10.8,1,"","","","","","","","","","","","","","","","","","","","","","","","","","",77,1,"","","","","","","","","","","","",13.3,1,1013.2,1,"","","","","","",7,1,5,1,4,1,6,1,"","","","","","","","","","","","","","","","","","","","","","","","","","",50000,1,"","",2,1,8,1,"","","","","","","","","","",2,1,"","","","","","","","","","","","","","","","","","","","","","","","","","","","","","","","","","","","","","","","","","","","","","","","","","","","","",""
"35049001","CANCALE",48.711667,-1.843333,40,1981070318,"","","","",5.,1,300,1,"","","","","","","","","","","","","","","","","","","","","","","","","","","","",16.3,1,11.6,1,"","","","","","","","","","","","","","","","","","","","","","","","","","",76,1,"","","","","","","","","","","","",14.,1,1014.,1,"","","","","","",7,1,5,1,3,1,6,1,"","","","","","","","","","","","","","","","","","","","","","","","","","",40000,1,"","",2,1,8,1,"","","","","","","","","","",2,1,"","","","","","","","","","","","","","","","","","","","","","","","","","","","","","","","","","","","","","","","","","","","","","","","","","","","","",""
"35049001","CANCALE",48.711667,-1.843333,40,1981070321,"","","","",3.,1,180,1,"","","","","","","","","","","","","","","","","","","","","","","","","","","","",14.,1,10.6,1,"","","","","","","","","","","","","","","","","","","","","","","","","","",82,1,"","","","","","","","","","","","",13.1,1,1015.9,1,"","","","","","",7,1,0,1,8,1,7,1,"","","","","","","","","","","","","","","","","","","","","","","","","","",40000,1,"","",2,1,2,1,"","","","","","","","","","",2,1,"","","","","","","","","","","","","","","","","","","","","","","","","","","","","","","","","","","","","","","","","","","","","","","","","","","","","",""
"35049001","CANCALE",48.711667,-1.843333,40,1981070400,"","","","",5.,1,180,1,"","","","","","","","","","","","","","","","","","","","","","","","","","","","",14.7,1,11.6,1,"","","","","","","","","","","","","","","","","","","","","","","","","","",84,1,"","","","","","","","","","","","",14.,1,1016.3,1,"","","","","","",8,1,8,1,5,1,"","","","","","","","","","","","","","","","","","","","","","","","","","","","",22000,1,"","",0,1,"","","","","","","","","","","","",3,1,"","","","","","","","","","","","","","","","","","","","","","","","","","","","","","","","","","","","","","","","","","","","","","","","","","","","","",""
"35049001","CANCALE",48.711667,-1.843333,40,1981070403,"","","","",8.,1,220,1,"","","","","","","","","","","","","","","","","","","","","","","","","","","","",14.6,1,13.3,1,"","","","","","","","","","","","","","","","","","","","","","","","","","",94,1,"","","","","","","","","","","","",15.7,1,1015.6,1,"","","","","","",8,1,5,1,5,1,2,1,"","","","","","","","","","","","","","","","","","","","","","","","","","",20000,1,"","",0,1,"","","","","","","","","","","","",3,1,"","","","","","","","","","","","","","","","","","","","","","","","","","","","","","","","","","","","","","","","","","","","","","","","","","","","","",""
"35049001","CANCALE",48.711667,-1.843333,40,1981070406,"","","","",5.,1,260,1,"","","","","","","","","","","","","","","","","","","","","","","","","","","","",15.3,1,12.5,1,"","","","","","","","","","","","","","","","","","","","","","","","","","",85,1,"","","","","","","","","","","","",14.8,1,1017.,1,"","","","","","",8,1,8,1,5,1,"","","","","","","","","","","","","","","","","","","","","","","","","","","","",22000,1,"","",2,1,"","","","",1,1,"","","","","","",2,1,"","","","","","","","","","","","","","","","","","","","","","","","","","","","","","","","","","","","","","","","","","","","","","","","","","","","","",""
"35049001","CANCALE",48.711667,-1.843333,40,1981070409,"","","","",6.,1,280,1,"","","","","","","","","","","","","","","","","","","","","","","","","","","","",15.,1,13.4,1,"","","","","","","","","","","","","","","","","","","","","","","","","","",93,1,"","","","","","","","","","","","",15.8,1,1018.7,1,"","","","","","",8,1,8,1,5,1,"","","","","","","","","","","","","","","","","","","","","","","","","","","","",22000,1,"","",20,1,5,1,"","","","","","","","","","",3,1,"","","","","","","","","","","","","","","","","","","","","","","","","","","","","","","","","","","","","","","","","","","","","","","","","","","","","",""
"35049001","CANCALE",48.711667,-1.843333,40,1981070412,"","","","",2.,1,300,1,"","","","","","","","","","","","","","","","","","","","","","","","","","","","",16.8,1,14.2,1,"","","","","","","","","","","","","","","","","","","","","","","","","","",87,1,"","","","","","","","","","","","",16.6,1,1019.6,1,"","","","","","",7,1,6,1,5,1,0,1,2,1,"","","","","","","","","","","","","","","","","","","","","","","","",25000,1,"","",2,1,5,1,"","","","","","","","","","",2,1,"","","","","","","","","","","","","","","","","","","","","","","","","","","","","","","","","","","","","","","","","","","","","","","","","","","","","",""
"35049001","CANCALE",48.711667,-1.843333,40,1981070415,"","","","",4.,1,300,1,"","","","","","","","","","","","","","","","","","","","","","","","","","","","",16.5,1,12.6,1,"","","","","","","","","","","","","","","","","","","","","","","","","","",79,1,"","","","","","","","","","","","",14.9,1,1020.3,1,"","","","","","",7,1,7,1,8,1,"","","","","","","","","","","","","","","","","","","","","","","","","","","","",22000,1,"","",2,1,2,1,"","","","","","","","","","",2,1,"","","","","","","","","","","","","","","","","","","","","","","","","","","","","","","","","","","","","","","","","","","","","","","","","","","","","",""
"35049001","CANCALE",48.711667,-1.843333,40,1981070418,"","","","",4.,1,320,1,"","","","","","","","","","","","","","","","","","","","","","","","","","","","",15.9,1,12.,1,"","","","","","","","","","","","","","","","","","","","","","","","","","",79,1,"","","","","","","","","","","","",14.3,1,1020.6,1,"","","","","","",7,1,7,1,5,1,"","","","","","","","","","","","","","","","","","","","","","","","","","","","",20000,1,"","",2,1,2,1,"","","","","","","","","","",2,1,"","","","","","","","","","","","","","","","","","","","","","","","","","","","","","","","","","","","","","","","","","","","","","","","","","","","","",""
"35049001","CANCALE",48.711667,-1.843333,40,1981070421,"","","","",0.,1,0,1,"","","","","","","","","","","","","","","","","","","","","","","","","","","","",14.5,1,11.4,1,"","","","","","","","","","","","","","","","","","","","","","","","","","",83,1,"","","","","","","","","","","","",13.8,1,1021.,1,"","","","","","",7,1,7,1,8,1,"","","","","","","","","","","","","","","","","","","","","","","","","","","","",22000,1,"","",2,1,2,1,"","","","","","","","","","",2,1,"","","","","","","","","","","","","","","","","","","","","","","","","","","","","","","","","","","","","","","","","","","","","","","","","","","","","",""
"35049001","CANCALE",48.711667,-1.843333,40,1981070500,"","","","",3.,1,160,1,"","","","","","","","","","","","","","","","","","","","","","","","","","","","",14.6,1,12.,1,"","","","","","","","","","","","","","","","","","","","","","","","","","",87,1,"","","","","","","","","","","","",14.4,1,1020.3,1,"","","","","","",8,1,8,1,0,1,7,1,"","","","","","","","","","","","","","","","","","","","","","","","","","",28000,1,"","",0,1,"","","","","","","","","","","","",2,1,"","","","","","","","","","","","","","","","","","","","","","","","","","","","","","","","","","","","","","","","","","","","","","","","","","","","","",""
"35049001","CANCALE",48.711667,-1.843333,40,1981070503,"","","","",5.,1,220,1,"","","","","","","","","","","","","","","","","","","","","","","","","","","","",14.5,1,11.4,1,"","","","","","","","","","","","","","","","","","","","","","","","","","",83,1,"","","","","","","","","","","","",13.8,1,1019.6,1,"","","","","","",3,1,0,1,0,1,4,1,0,1,"","","","","","","","","","","","","","","","","","","","","","","","",25000,1,"","",0,1,"","","","","","","","","","","","",2,1,"","","","","","","","","","","","","","","","","","","","","","","","","","","","","","","","","","","","","","","","","","","","","","","","","","","","","",""
"35049001","CANCALE",48.711667,-1.843333,40,1981070506,"","","","",4.,1,200,1,"","","","","","","","","","","","","","","","","","","","","","","","","","","","",14.4,1,12.7,1,"","","","","","","","","","","","","","","","","","","","","","","","","","",92,1,"","","","","","","","","","","","",15.1,1,1019.6,1,"","","","","","",7,1,7,1,5,1,"","","","","","","","","","","","","","","","","","","","","","","","","","","","",14000,1,"","",2,1,"","","","",0,1,"","","","","","",2,1,"","","","","","","","","","","","","","","","","","","","","","","","","","","","","","","","","","","","","","","","","","","","","","","","","","","","","",""
"35049001","CANCALE",48.711667,-1.843333,40,1981070509,"","","","",6.,1,240,1,"","","","","","","","","","","","","","","","","","","","","","","","","","","","",18.3,1,13.,1,"","","","","","","","","","","","","","","","","","","","","","","","","","",73,1,"","","","","","","","","","","","",15.4,1,1019.6,1,"","","","","","",6,1,0,1,2,1,4,1,2,1,"","","","","","","","","","","","","","","","","","","","","","","","",28000,1,"","",2,1,2,1,"","","","","","","","","","",2,1,"","","","","","","","","","","","","","","","","","","","","","","","","","","","","","","","","","","","","","","","","","","","","","","","","","","","","",""
"35049001","CANCALE",48.711667,-1.843333,40,1981070512,"","","","",3.,1,300,1,"","","","","","","","","","","","","","","","","","","","","","","","","","","","",16.4,1,12.6,1,"","","","","","","","","","","","","","","","","","","","","","","","","","",80,1,"","","","","","","","","","","","",15.,1,1019.6,1,"","","","","","",7,1,6,1,8,1,"","","","","","","","","","","","","","","","","","","","","","","","","","","","",35000,1,"","",3,1,2,1,"","","","","","","","","","",2,1,"","","","","","","","","","","","","","","","","","","","","","","","","","","","","","","","","","","","","","","","","","","","","","","","","","","","","",""
"35049001","CANCALE",48.711667,-1.843333,40,1981070515,"","","","",6.,1,240,1,"","","","","","","","","","","","","","","","","","","","","","","","","","","","",22.,1,11.2,1,"","","","","","","","","","","","","","","","","","","","","","","","","","",52,1,"","","","","","","","","","","","",13.6,1,1019.5,1,"","","","","","",7,1,6,1,8,1,"","","","","","","","","","","","","","","","","","","","","","","","","","","","",50000,1,"","",2,1,2,1,"","","","","","","","","","",2,1,"","","","","","","","","","","","","","","","","","","","","","","","","","","","","","","","","","","","","","","","","","","","","","","","","","","","","",""
"35049001","CANCALE",48.711667,-1.843333,40,1981070518,"","","","",5.,1,240,1,"","","","","","","","","","","","","","","","","","","","","","","","","","","","",18.9,1,11.3,1,"","","","","","","","","","","","","","","","","","","","","","","","","","",63,1,"","","","","","","","","","","","",13.7,1,1019.5,1,"","","","","","",7,1,0,1,8,1,4,1,2,1,"","","","","","","","","","","","","","","","","","","","","","","","",50000,1,"","",2,1,2,1,"","","","","","","","","","",2,1,"","","","","","","","","","","","","","","","","","","","","","","","","","","","","","","","","","","","","","","","","","","","","","","","","","","","","",""
"35049001","CANCALE",48.711667,-1.843333,40,1981070521,"","","","",4.,1,220,1,"","","","","","","","","","","","","","","","","","","","","","","","","","","","",17.5,1,11.7,1,"","","","","","","","","","","","","","","","","","","","","","","","","","",70,1,"","","","","","","","","","","","",14.1,1,1019.9,1,"","","","","","",8,1,8,1,0,1,7,1,"","","","","","","","","","","","","","","","","","","","","","","","","","",35000,1,"","",2,1,2,1,"","","","","","","","","","",2,1,"","","","","","","","","","","","","","","","","","","","","","","","","","","","","","","","","","","","","","","","","","","","","","","","","","","","","",""
"35049001","CANCALE",48.711667,-1.843333,40,1981070600,"","","","",6.,1,220,1,"","","","","","","","","","","","","","","","","","","","","","","","","","","","",16.1,1,13.,1,"","","","","","","","","","","","","","","","","","","","","","","","","","",85,1,"","","","","","","","","","","","",15.4,1,1020.,1,"","","","","","",8,1,8,1,0,1,7,1,"","","","","","","","","","","","","","","","","","","","","","","","","","",40000,1,"","",0,1,"","","","","","","","","","","","",2,1,"","","","","","","","","","","","","","","","","","","","","","","","","","","","","","","","","","","","","","","","","","","","","","","","","","","","","",""
"35049001","CANCALE",48.711667,-1.843333,40,1981070603,"","","","",4.,1,200,1,"","","","","","","","","","","","","","","","","","","","","","","","","","","","",15.4,1,13.4,1,"","","","","","","","","","","","","","","","","","","","","","","","","","",90,1,"","","","","","","","","","","","",15.8,1,1020.2,1,"","","","","","",8,1,8,1,0,1,7,1,"","","","","","","","","","","","","","","","","","","","","","","","","","",30000,1,"","",0,1,"","","","","","","","","","","","",2,1,"","","","","","","","","","","","","","","","","","","","","","","","","","","","","","","","","","","","","","","","","","","","","","","","","","","","","",""
"35049001","CANCALE",48.711667,-1.843333,40,1981070606,"","","","",4.,1,220,1,"","","","","","","","","","","","","","","","","","","","","","","","","","","","",15.4,1,13.4,1,"","","","","","","","","","","","","","","","","","","","","","","","","","",90,1,"","","","","","","","","","","","",15.8,1,1021.4,1,"","","","","","",7,1,5,1,5,1,7,1,"","","","","","","","","","","","","","","","","","","","","","","","","","",20000,1,"","",2,1,"","","","",0,1,"","","","","","",2,1,"","","","","","","","","","","","","","","","","","","","","","","","","","","","","","","","","","","","","","","","","","","","","","","","","","","","","",""
"35049001","CANCALE",48.711667,-1.843333,40,1981070609,"","","","",7.,1,260,1,"","","","","","","","","","","","","","","","","","","","","","","","","","","","",17.8,1,13.,1,"","","","","","","","","","","","","","","","","","","","","","","","","","",75,1,"","","","","","","","","","","","",15.4,1,1021.8,1,"","","","","","",6,1,6,1,8,1,0,1,0,1,"","","","","","","","","","","","","","","","","","","","","","","","",18000,1,"","",2,1,2,1,"","","","","","","","","","",3,1,"","","","","","","","","","","","","","","","","","","","","","","","","","","","","","","","","","","","","","","","","","","","","","","","","","","","","",""
"35049001","CANCALE",48.711667,-1.843333,40,1981070612,"","","","",4.,1,300,1,"","","","","","","","","","","","","","","","","","","","","","","","","","","","",18.1,1,13.9,1,"","","","","","","","","","","","","","","","","","","","","","","","","","",78,1,"","","","","","","","","","","","",16.3,1,1022.3,1,"","","","","","",5,1,5,1,1,1,0,1,0,1,"","","","","","","","","","","","","","","","","","","","","","","","",20000,1,"","",2,1,2,1,"","","","","","","","","","",2,1,"","","","","","","","","","","","","","","","","","","","","","","","","","","","","","","","","","","","","","","","","","","","","","","","","","","","","",""
"35049001","CANCALE",48.711667,-1.843333,40,1981070615,"","","","",0.,1,0,1,"","","","","","","","","","","","","","","","","","","","","","","","","","","","",20.,1,13.8,1,"","","","","","","","","","","","","","","","","","","","","","","","","","",69,1,"","","","","","","","","","","","",16.2,1,1022.3,1,"","","","","","",6,1,6,1,5,1,0,1,0,1,"","","","","","","","","","","","","","","","","","","","","","","","",35000,1,"","",2,1,2,1,"","","","","","","","","","",2,1,"","","","","","","","","","","","","","","","","","","","","","","","","","","","","","","","","","","","","","","","","","","","","","","","","","","","","",""
"35049001","CANCALE",48.711667,-1.843333,40,1981070618,"","","","",4.,1,300,1,"","","","","","","","","","","","","","","","","","","","","","","","","","","","",16.8,1,13.2,1,"","","","","","","","","","","","","","","","","","","","","","","","","","",81,1,"","","","","","","","","","","","",15.6,1,1022.3,1,"","","","","","",6,1,6,1,5,1,0,1,0,1,"","","","","","","","","","","","","","","","","","","","","","","","",22000,1,"","",2,1,2,1,"","","","","","","","","","",2,1,"","","","","","","","","","","","","","","","","","","","","","","","","","","","","","","","","","","","","","","","","","","","","","","","","","","","","",""
"35049001","CANCALE",48.711667,-1.843333,40,1981070621,"","","","",0.,1,0,1,"","","","","","","","","","","","","","","","","","","","","","","","","","","","",15.,1,12.8,1,"","","","","","","","","","","","","","","","","","","","","","","","","","",89,1,"","","","","","","","","","","","",15.2,1,1023.2,1,"","","","","","",3,1,0,1,5,1,0,1,0,1,"","","","","","","","","","","","","","","","","","","","","","","","",20000,1,"","",0,1,"","","","","","","","","","","","",2,1,"","","","","","","","","","","","","","","","","","","","","","","","","","","","","","","","","","","","","","","","","","","","","","","","","","","","","",""
"35049001","CANCALE",48.711667,-1.843333,40,1981070700,"","","","",1.,1,100,1,"","","","","","","","","","","","","","","","","","","","","","","","","","","","",14.3,1,12.1,1,"","","","","","","","","","","","","","","","","","","","","","","","","","",89,1,"","","","","","","","","","","","",14.5,1,1023.4,1,"","","","","","",0,1,"","",0,1,0,1,0,1,"","","","","","","","","","","","","","","","","","","","","","","","",30000,1,"","",0,1,"","","","","","","","","","","","",2,1,"","","","","","","","","","","","","","","","","","","","","","","","","","","","","","","","","","","","","","","","","","","","","","","","","","","","","",""
"35049001","CANCALE",48.711667,-1.843333,40,1981070703,"","","","",2.,1,120,1,"","","","","","","","","","","","","","","","","","","","","","","","","","","","",14.,1,11.8,1,"","","","","","","","","","","","","","","","","","","","","","","","","","",89,1,"","","","","","","","","","","","",14.2,1,1023.4,1,"","","","","","",0,1,"","",0,1,0,1,0,1,"","","","","","","","","","","","","","","","","","","","","","","","",25000,1,"","",0,1,"","","","","","","","","","","","",2,1,"","","","","","","","","","","","","","","","","","","","","","","","","","","","","","","","","","","","","","","","","","","","","","","","","","","","","",""
"35049001","CANCALE",48.711667,-1.843333,40,1981070706,"","","","",1.,1,120,1,"","","","","","","","","","","","","","","","","","","","","","","","","","","","",14.8,1,13.1,1,"","","","","","","","","","","","","","","","","","","","","","","","","","",92,1,"","","","","","","","","","","","",15.5,1,1023.4,1,"","","","","","",0,1,"","",0,1,0,1,0,1,"","","","","","","","","","","","","","","","","","","","","","","","",18000,1,"","",2,1,"","","","",0,1,"","","","","","",1,1,"","","","","","","","","","","","","","","","","","","","","","","","","","","","","","","","","","","","","","","","","","","","","","","","","","","","","",""
"35049001","CANCALE",48.711667,-1.843333,40,1981070709,"","","","",0.,1,0,1,"","","","","","","","","","","","","","","","","","","","","","","","","","","","",17.1,1,13.9,1,"","","","","","","","","","","","","","","","","","","","","","","","","","",84,1,"","","","","","","","","","","","",16.3,1,1022.7,1,"","","","","","",2,1,0,1,1,1,0,1,0,1,"","","","","","","","","","","","","","","","","","","","","","","","",16000,1,"","",3,1,0,1,"","","","","","","","","","",1,1,"","","","","","","","","","","","","","","","","","","","","","","","","","","","","","","","","","","","","","","","","","","","","","","","","","","","","",""
"35049001","CANCALE",48.711667,-1.843333,40,1981070712,"","","","",2.,1,360,1,"","","","","","","","","","","","","","","","","","","","","","","","","","","","",18.5,1,14.7,1,"","","","","","","","","","","","","","","","","","","","","","","","","","",80,1,"","","","","","","","","","","","",17.2,1,1021.9,1,"","","","","","",2,1,0,1,2,1,0,1,0,1,"","","","","","","","","","","","","","","","","","","","","","","","",17000,1,"","",2,1,0,1,"","","","","","","","","","",2,1,"","","","","","","","","","","","","","","","","","","","","","","","","","","","","","","","","","","","","","","","","","","","","","","","","","","","","",""
"35049001","CANCALE",48.711667,-1.843333,40,1981070715,"","","","",3.,1,20,1,"","","","","","","","","","","","","","","","","","","","","","","","","","","","",18.8,1,14.9,1,"","","","","","","","","","","","","","","","","","","","","","","","","","",81,1,"","","","","","","","","","","","",17.5,1,1020.4,1,"","","","","","",3,1,0,1,2,1,0,1,0,1,"","","","","","","","","","","","","","","","","","","","","","","","",25000,1,"","",2,1,0,1,"","","","","","","","","","",2,1,"","","","","","","","","","","","","","","","","","","","","","","","","","","","","","","","","","","","","","","","","","","","","","","","","","","","","",""
"35049001","CANCALE",48.711667,-1.843333,40,1981070718,"","","","",3.,1,40,1,"","","","","","","","","","","","","","","","","","","","","","","","","","","","",17.8,1,14.2,1,"","","","","","","","","","","","","","","","","","","","","","","","","","",82,1,"","","","","","","","","","","","",16.7,1,1018.8,1,"","","","","","",3,1,0,1,2,1,6,1,0,1,"","","","","","","","","","","","","","","","","","","","","","","","",22000,1,"","",2,1,0,1,"","","","","","","","","","",2,1,"","","","","","","","","","","","","","","","","","","","","","","","","","","","","","","","","","","","","","","","","","","","","","","","","","","","","",""
"35049001","CANCALE",48.711667,-1.843333,40,1981070721,"","","","",6.,1,60,1,"","","","","","","","","","","","","","","","","","","","","","","","","","","","",18.,1,15.,1,"","","","","","","","","","","","","","","","","","","","","","","","","","",85,1,"","","","","","","","","","","","",17.6,1,1018.6,1,"","","","","","",2,1,0,1,0,1,6,1,0,1,"","","","","","","","","","","","","","","","","","","","","","","","",22000,1,"","",0,1,"","","","","","","","","","","","",2,1,"","","","","","","","","","","","","","","","","","","","","","","","","","","","","","","","","","","","","","","","","","","","","","","","","","","","","",""
"35049001","CANCALE",48.711667,-1.843333,40,1981070800,"","","","",2.,1,100,1,"","","","","","","","","","","","","","","","","","","","","","","","","","","","",16.5,1,14.6,1,"","","","","","","","","","","","","","","","","","","","","","","","","","",91,1,"","","","","","","","","","","","",17.1,1,1017.9,1,"","","","","","",0,1,"","",0,1,0,1,0,1,"","","","","","","","","","","","","","","","","","","","","","","","",25000,1,"","",0,1,"","","","","","","","","","","","",2,1,"","","","","","","","","","","","","","","","","","","","","","","","","","","","","","","","","","","","","","","","","","","","","","","","","","","","","",""
"35049001","CANCALE",48.711667,-1.843333,40,1981070803,"","","","",0.,1,0,1,"","","","","","","","","","","","","","","","","","","","","","","","","","","","",15.9,1,14.6,1,"","","","","","","","","","","","","","","","","","","","","","","","","","",95,1,"","","","","","","","","","","","",17.1,1,1017.,1,"","","","","","",4,1,0,1,0,1,3,1,0,1,"","","","","","","","","","","","","","","","","","","","","","","","",10000,1,"","",0,1,"","","","","","","","","","","","",1,1,"","","","","","","","","","","","","","","","","","","","","","","","","","","","","","","","","","","","","","","","","","","","","","","","","","","","","",""
"35049001","CANCALE",48.711667,-1.843333,40,1981070806,"","","","",2.,1,80,1,"","","","","","","","","","","","","","","","","","","","","","","","","","","","",17.2,1,15.7,1,"","","","","","","","","","","","","","","","","","","","","","","","","","",94,1,"","","","","","","","","","","","",18.4,1,1015.6,1,"","","","","","",2,1,0,1,0,1,3,1,0,1,"","","","","","","","","","","","","","","","","","","","","","","","",6000,1,"","",2,1,"","","","",0,1,"","","","","","",1,1,"","","","","","","","","","","","","","","","","","","","","","","","","","","","","","","","","","","","","","","","","","","","","","","","","","","","","",""
"35049001","CANCALE",48.711667,-1.843333,40,1981070809,"","","","",0.,1,0,1,"","","","","","","","","","","","","","","","","","","","","","","","","","","","",16.9,1,14.9,1,"","","","","","","","","","","","","","","","","","","","","","","","","","",91,1,"","","","","","","","","","","","",17.5,1,1016.,1,"","","","","","",6,1,6,1,0,1,8,1,0,1,"","","","","","","","","","","","","","","","","","","","","","","","",8000,1,"","",2,1,1,1,"","","","","","","","","","",1,1,"","","","","","","","","","","","","","","","","","","","","","","","","","","","","","","","","","","","","","","","","","","","","","","","","","","","","",""
"35049001","CANCALE",48.711667,-1.843333,40,1981070812,"","","","",1.,1,360,1,"","","","","","","","","","","","","","","","","","","","","","","","","","","","",21.6,1,16.2,1,"","","","","","","","","","","","","","","","","","","","","","","","","","",74,1,"","","","","","","","","","","","",19.,1,1014.7,1,"","","","","","",3,1,0,1,2,1,4,1,2,1,"","","","","","","","","","","","","","","","","","","","","","","","",10000,1,"","",2,1,1,1,"","","","","","","","","","",2,1,"","","","","","","","","","","","","","","","","","","","","","","","","","","","","","","","","","","","","","","","","","","","","","","","","","","","","",""
"35049001","CANCALE",48.711667,-1.843333,40,1981070815,"","","","",4.,1,20,1,"","","","","","","","","","","","","","","","","","","","","","","","","","","","",20.5,1,15.8,1,"","","","","","","","","","","","","","","","","","","","","","","","","","",77,1,"","","","","","","","","","","","",18.6,1,1013.4,1,"","","","","","",5,1,0,1,9,1,6,1,0,1,"","","","","","","","","","","","","","","","","","","","","","","","",18000,1,"","",3,1,1,1,"","","","","","","","","","",2,1,"","","","","","","","","","","","","","","","","","","","","","","","","","","","","","","","","","","","","","","","","","","","","","","","","","","","","",""
"35049001","CANCALE",48.711667,-1.843333,40,1981070818,"","","","",3.,1,260,1,"","","","","","","","","","","","","","","","","","","","","","","","","","","","",19.6,1,15.1,1,"","","","","","","","","","","","","","","","","","","","","","","","","","",78,1,"","","","","","","","","","","","",17.7,1,1013.9,1,"","","","","","",7,1,5,1,9,1,6,1,3,1,"","","","","","","","","","","","","","","","","","","","","","","","",10000,1,"","",17,1,9,1,"","","","","","","","","","",2,1,"","","","","","","","","","","","","","","","","","","","","","","","","","","","","","","","","","","","","","","","","","","","","","","","","","","","","",""
"35049001","CANCALE",48.711667,-1.843333,40,1981070821,"","","","",6.,1,280,1,"","","","","","","","","","","","","","","","","","","","","","","","","","","","",15.3,1,14.1,1,"","","","","","","","","","","","","","","","","","","","","","","","","","",96,1,"","","","","","","","","","","","",16.6,1,1014.2,1,"","","","","","",7,1,0,1,9,1,6,1,2,1,"","","","","","","","","","","","","","","","","","","","","","","","",5000,1,"","",2,1,9,1,"","","","","","","","","","",3,1,"","","","","","","","","","","","","","","","","","","","","","","","","","","","","","","","","","","","","","","","","","","","","","","","","","","","","",""
"35049001","CANCALE",48.711667,-1.843333,40,1981070900,"","","","",8.,1,280,1,"","","","","","","","","","","","","","","","","","","","","","","","","","","","",14.9,1,13.8,1,"","","","","","","","","","","","","","","","","","","","","","","","","","",96,1,"","","","","","","","","","","","",16.2,1,1013.9,1,"","","","","","",6,1,6,1,0,1,0,1,8,1,"","","","","","","","","","","","","","","","","","","","","","","","",8000,1,"","",0,1,"","","","","","","","","","","","",3,1,"","","","","","","","","","","","","","","","","","","","","","","","","","","","","","","","","","","","","","","","","","","","","","","","","","","","","",""
"35049001","CANCALE",48.711667,-1.843333,40,1981070903,"","","","",7.,1,280,1,"","","","","","","","","","","","","","","","","","","","","","","","","","","","",15.,1,13.7,1,"","","","","","","","","","","","","","","","","","","","","","","","","","",94,1,"","","","","","","","","","","","",16.1,1,1013.4,1,"","","","","","",7,1,7,1,5,1,"","","","","","","","","","","","","","","","","","","","","","","","","","","","",8000,1,"","",0,1,"","","","","","","","","","","","",3,1,"","","","","","","","","","","","","","","","","","","","","","","","","","","","","","","","","","","","","","","","","","","","","","","","","","","","","",""
"35049001","CANCALE",48.711667,-1.843333,40,1981070906,"","","","",8.,1,280,1,"","","","","","","","","","","","","","","","","","","","","","","","","","","","",15.2,1,13.5,1,"","","","","","","","","","","","","","","","","","","","","","","","","","",93,1,"","","","","","","","","","","","",15.9,1,1013.6,1,"","","","","","",8,1,8,1,9,1,"","","","","","","","","","","","","","","","","","","","","","","","","","","","",6000,1,"","",29,1,"","","","",1,1,"","","","","","",3,1,"","","","","","","","","","","","","","","","","","","","","","","","","","","","","","","","","","","","","","","","","","","","","","","","","","","","","",""
"35049001","CANCALE",48.711667,-1.843333,40,1981070909,"","","","",5.,1,280,1,"","","","","","","","","","","","","","","","","","","","","","","","","","","","",15.,1,13.7,1,"","","","","","","","","","","","","","","","","","","","","","","","","","",94,1,"","","","","","","","","","","","",16.1,1,1014.2,1,"","","","","","",8,1,8,1,7,1,"","","","","","","","","","","","","","","","","","","","","","","","","","","","",4000,1,"","",61,1,6,1,"","","","","","","","","","",3,1,"","","","","","","","","","","","","","","","","","","","","","","","","","","","","","","","","","","","","","","","","","","","","","","","","","","","","",""
"35049001","CANCALE",48.711667,-1.843333,40,1981070912,"","","","",8.,1,280,1,"","","","","","","","","","","","","","","","","","","","","","","","","","","","",15.2,1,13.5,1,"","","","","","","","","","","","","","","","","","","","","","","","","","",93,1,"","","","","","","","","","","","",15.9,1,1014.6,1,"","","","","","",8,1,8,1,6,1,"","","","","","","","","","","","","","","","","","","","","","","","","","","","",8000,1,"","",2,1,6,1,"","","","","","","","","","",3,1,"","","","","","","","","","","","","","","","","","","","","","","","","","","","","","","","","","","","","","","","","","","","","","","","","","","","","",""
"35049001","CANCALE",48.711667,-1.843333,40,1981070915,"","","","",9.,1,280,1,"","","","","","","","","","","","","","","","","","","","","","","","","","","","",15.5,1,13.9,1,"","","","","","","","","","","","","","","","","","","","","","","","","","",93,1,"","","","","","","","","","","","",16.3,1,1015.,1,"","","","","","",7,1,7,1,1,1,7,1,"","","","","","","","","","","","","","","","","","","","","","","","","","",20000,1,"","",2,1,2,1,"","","","","","","","","","",3,1,"","","","","","","","","","","","","","","","","","","","","","","","","","","","","","","","","","","","","","","","","","","","","","","","","","","","","",""
"35049001","CANCALE",48.711667,-1.843333,40,1981070918,"","","","",9.,1,300,1,"","","","","","","","","","","","","","","","","","","","","","","","","","","","",15.5,1,13.,1,"","","","","","","","","","","","","","","","","","","","","","","","","","",87,1,"","","","","","","","","","","","",15.4,1,1015.,1,"","","","","","",7,1,7,1,0,1,7,1,"","","","","","","","","","","","","","","","","","","","","","","","","","",16000,1,"","",2,1,2,1,"","","","","","","","","","",3,1,"","","","","","","","","","","","","","","","","","","","","","","","","","","","","","","","","","","","","","","","","","","","","","","","","","","","","",""
"35049001","CANCALE",48.711667,-1.843333,40,1981070921,"","","","",11.,1,280,1,"","","","","","","","","","","","","","","","","","","","","","","","","","","","",15.,1,13.2,1,"","","","","","","","","","","","","","","","","","","","","","","","","","",91,1,"","","","","","","","","","","","",15.6,1,1015.6,1,"","","","","","",8,1,5,1,6,1,7,1,"","","","","","","","","","","","","","","","","","","","","","","","","","",10000,1,"","",0,1,"","","","","","","","","","","","",4,1,"","","","","","","","","","","","","","","","","","","","","","","","","","","","","","","","","","","","","","","","","","","","","","","","","","","","","",""
"35049001","CANCALE",48.711667,-1.843333,40,1981071000,"","","","",9.,1,280,1,"","","","","","","","","","","","","","","","","","","","","","","","","","","","",14.7,1,13.,1,"","","","","","","","","","","","","","","","","","","","","","","","","","",92,1,"","","","","","","","","","","","",15.4,1,1016.3,1,"","","","","","",7,1,7,1,5,1,2,1,"","","","","","","","","","","","","","","","","","","","","","","","","","",10000,1,"","",0,1,"","","","","","","","","","","","",4,1,"","","","","","","","","","","","","","","","","","","","","","","","","","","","","","","","","","","","","","","","","","","","","","","","","","","","","",""
"35049001","CANCALE",48.711667,-1.843333,40,1981071003,"","","","",9.,1,280,1,"","","","","","","","","","","","","","","","","","","","","","","","","","","","",14.6,1,12.7,1,"","","","","","","","","","","","","","","","","","","","","","","","","","",91,1,"","","","","","","","","","","","",15.1,1,1016.3,1,"","","","","","",8,1,8,1,5,1,"","","","","","","","","","","","","","","","","","","","","","","","","","","","",25000,1,"","",0,1,"","","","","","","","","","","","",4,1,"","","","","","","","","","","","","","","","","","","","","","","","","","","","","","","","","","","","","","","","","","","","","","","","","","","","","",""
"35049001","CANCALE",48.711667,-1.843333,40,1981071006,"","","","",9.,1,300,1,"","","","","","","","","","","","","","","","","","","","","","","","","","","","",14.8,1,12.4,1,"","","","","","","","","","","","","","","","","","","","","","","","","","",88,1,"","","","","","","","","","","","",14.8,1,1017.1,1,"","","","","","",7,1,7,1,5,1,"","","","","","","","","","","","","","","","","","","","","","","","","","","","",20000,1,"","",2,1,"","","","",0,1,"","","","","","",3,1,"","","","","","","","","","","","","","","","","","","","","","","","","","","","","","","","","","","","","","","","","","","","","","","","","","","","","",""
"35049001","CANCALE",48.711667,-1.843333,40,1981071009,"","","","",8.,1,300,1,"","","","","","","","","","","","","","","","","","","","","","","","","","","","",15.5,1,13.,1,"","","","","","","","","","","","","","","","","","","","","","","","","","",87,1,"","","","","","","","","","","","",15.4,1,1018.2,1,"","","","","","",7,1,5,1,8,1,0,1,2,1,"","","","","","","","","","","","","","","","","","","","","","","","",20000,1,"","",2,1,2,1,"","","","","","","","","","",3,1,"","","","","","","","","","","","","","","","","","","","","","","","","","","","","","","","","","","","","","","","","","","","","","","","","","","","","",""
"35049001","CANCALE",48.711667,-1.843333,40,1981071012,"","","","",8.,1,300,1,"","","","","","","","","","","","","","","","","","","","","","","","","","","","",16.5,1,12.3,1,"","","","","","","","","","","","","","","","","","","","","","","","","","",79,1,"","","","","","","","","","","","",14.7,1,1019.2,1,"","","","","","",3,1,0,1,5,1,0,1,0,1,"","","","","","","","","","","","","","","","","","","","","","","","",22000,1,"","",1,1,1,1,"","","","","","","","","","",4,1,"","","","","","","","","","","","","","","","","","","","","","","","","","","","","","","","","","","","","","","","","","","","","","","","","","","","","",""
"35049001","CANCALE",48.711667,-1.843333,40,1981071015,"","","","",10.,1,300,1,"","","","","","","","","","","","","","","","","","","","","","","","","","","","",16.5,1,13.5,1,"","","","","","","","","","","","","","","","","","","","","","","","","","",85,1,"","","","","","","","","","","","",15.9,1,1019.9,1,"","","","","","",5,1,5,1,2,1,0,1,2,1,"","","","","","","","","","","","","","","","","","","","","","","","",18000,1,"","",2,1,1,1,"","","","","","","","","","",4,1,"","","","","","","","","","","","","","","","","","","","","","","","","","","","","","","","","","","","","","","","","","","","","","","","","","","","","",""
"35049001","CANCALE",48.711667,-1.843333,40,1981071018,"","","","",8.,1,300,1,"","","","","","","","","","","","","","","","","","","","","","","","","","","","",17.,1,13.1,1,"","","","","","","","","","","","","","","","","","","","","","","","","","",80,1,"","","","","","","","","","","","",15.5,1,1020.3,1,"","","","","","",6,1,0,1,2,1,3,1,2,1,"","","","","","","","","","","","","","","","","","","","","","","","",22000,1,"","",2,1,1,1,"","","","","","","","","","",3,1,"","","","","","","","","","","","","","","","","","","","","","","","","","","","","","","","","","","","","","","","","","","","","","","","","","","","","",""
"35049001","CANCALE",48.711667,-1.843333,40,1981071021,"","","","",8.,1,300,1,"","","","","","","","","","","","","","","","","","","","","","","","","","","","",14.7,1,11.1,1,"","","","","","","","","","","","","","","","","","","","","","","","","","",81,1,"","","","","","","","","","","","",13.5,1,1020.6,1,"","","","","","",3,1,0,1,0,1,0,1,2,1,"","","","","","","","","","","","","","","","","","","","","","","","",30000,1,"","",1,1,1,1,"","","","","","","","","","",3,1,"","","","","","","","","","","","","","","","","","","","","","","","","","","","","","","","","","","","","","","","","","","","","","","","","","","","","",""
"35049001","CANCALE",48.711667,-1.843333,40,1981071100,"","","","",3.,1,300,1,"","","","","","","","","","","","","","","","","","","","","","","","","","","","",14.7,1,11.1,1,"","","","","","","","","","","","","","","","","","","","","","","","","","",81,1,"","","","","","","","","","","","",13.5,1,1021.1,1,"","","","","","",0,1,"","",0,1,0,1,0,1,"","","","","","","","","","","","","","","","","","","","","","","","",45000,1,"","",0,1,"","","","","","","","","","","","",2,1,"","","","","","","","","","","","","","","","","","","","","","","","","","","","","","","","","","","","","","","","","","","","","","","","","","","","","",""
"35049001","CANCALE",48.711667,-1.843333,40,1981071103,"","","","",5.,1,300,1,"","","","","","","","","","","","","","","","","","","","","","","","","","","","",12.5,1,10.3,1,"","","","","","","","","","","","","","","","","","","","","","","","","","",88,1,"","","","","","","","","","","","",12.8,1,1020.6,1,"","","","","","",2,1,0,1,0,1,3,1,2,1,"","","","","","","","","","","","","","","","","","","","","","","","",40000,1,"","",0,1,"","","","","","","","","","","","",2,1,"","","","","","","","","","","","","","","","","","","","","","","","","","","","","","","","","","","","","","","","","","","","","","","","","","","","","",""
"35049001","CANCALE",48.711667,-1.843333,40,1981071106,"","","","",4.,1,200,1,"","","","","","","","","","","","","","","","","","","","","","","","","","","","",12.7,1,10.3,1,"","","","","","","","","","","","","","","","","","","","","","","","","","",87,1,"","","","","","","","","","","","",12.8,1,1020.4,1,"","","","","","",7,1,7,1,0,1,7,1,"","","","","","","","","","","","","","","","","","","","","","","","","","",30000,1,"","",2,1,"","","","",0,1,"","","","","","",2,1,"","","","","","","","","","","","","","","","","","","","","","","","","","","","","","","","","","","","","","","","","","","","","","","","","","","","","",""
"35049001","CANCALE",48.711667,-1.843333,40,1981071109,"","","","",5.,1,200,1,"","","","","","","","","","","","","","","","","","","","","","","","","","","","",15.5,1,12.6,1,"","","","","","","","","","","","","","","","","","","","","","","","","","",85,1,"","","","","","","","","","","","",15.,1,1020.4,1,"","","","","","",8,1,7,1,5,1,2,1,"","","","","","","","","","","","","","","","","","","","","","","","","","",15000,1,"","",50,1,5,1,"","","","","","","","","","",2,1,"","","","","","","","","","","","","","","","","","","","","","","","","","","","","","","","","","","","","","","","","","","","","","","","","","","","","",""
"35049001","CANCALE",48.711667,-1.843333,40,1981071112,"","","","",4.,1,240,1,"","","","","","","","","","","","","","","","","","","","","","","","","","","","",18.9,1,14.9,1,"","","","","","","","","","","","","","","","","","","","","","","","","","",80,1,"","","","","","","","","","","","",17.5,1,1020.6,1,"","","","","","",8,1,8,1,8,1,"","","","","","","","","","","","","","","","","","","","","","","","","","","","",23000,1,"","",2,1,5,1,"","","","","","","","","","",2,1,"","","","","","","","","","","","","","","","","","","","","","","","","","","","","","","","","","","","","","","","","","","","","","","","","","","","","",""
"35049001","CANCALE",48.711667,-1.843333,40,1981071115,"","","","",7.,1,300,1,"","","","","","","","","","","","","","","","","","","","","","","","","","","","",16.,1,13.3,1,"","","","","","","","","","","","","","","","","","","","","","","","","","",85,1,"","","","","","","","","","","","",15.7,1,1020.7,1,"","","","","","",8,1,8,1,8,1,"","","","","","","","","","","","","","","","","","","","","","","","","","","","",25000,1,"","",2,1,2,1,"","","","","","","","","","",3,1,"","","","","","","","","","","","","","","","","","","","","","","","","","","","","","","","","","","","","","","","","","","","","","","","","","","","","",""
"35049001","CANCALE",48.711667,-1.843333,40,1981071118,"","","","",7.,1,280,1,"","","","","","","","","","","","","","","","","","","","","","","","","","","","",16.3,1,12.9,1,"","","","","","","","","","","","","","","","","","","","","","","","","","",83,1,"","","","","","","","","","","","",15.3,1,1020.7,1,"","","","","","",7,1,6,1,0,1,7,1,1,1,"","","","","","","","","","","","","","","","","","","","","","","","",20000,1,"","",2,1,2,1,"","","","","","","","","","",3,1,"","","","","","","","","","","","","","","","","","","","","","","","","","","","","","","","","","","","","","","","","","","","","","","","","","","","","",""
"35049001","CANCALE",48.711667,-1.843333,40,1981071121,"","","","",5.,1,280,1,"","","","","","","","","","","","","","","","","","","","","","","","","","","","",16.,1,13.3,1,"","","","","","","","","","","","","","","","","","","","","","","","","","",86,1,"","","","","","","","","","","","",15.7,1,1021.6,1,"","","","","","",8,1,8,1,5,1,2,1,"","","","","","","","","","","","","","","","","","","","","","","","","","",25000,1,"","",3,1,2,1,"","","","","","","","","","",3,1,"","","","","","","","","","","","","","","","","","","","","","","","","","","","","","","","","","","","","","","","","","","","","","","","","","","","","",""
"35049001","CANCALE",48.711667,-1.843333,40,1981071200,"","","","",4.,1,220,1,"","","","","","","","","","","","","","","","","","","","","","","","","","","","",16.8,1,13.2,1,"","","","","","","","","","","","","","","","","","","","","","","","","","",81,1,"","","","","","","","","","","","",15.6,1,1021.4,1,"","","","","","",7,1,7,1,8,1,"","","","","","","","","","","","","","","","","","","","","","","","","","","","",30000,1,"","",0,1,"","","","","","","","","","","","",3,1,"","","","","","","","","","","","","","","","","","","","","","","","","","","","","","","","","","","","","","","","","","","","","","","","","","","","","",""
"35049001","CANCALE",48.711667,-1.843333,40,1981071203,"","","","",5.,1,260,1,"","","","","","","","","","","","","","","","","","","","","","","","","","","","",16.7,1,13.5,1,"","","","","","","","","","","","","","","","","","","","","","","","","","",83,1,"","","","","","","","","","","","",15.9,1,1020.8,1,"","","","","","",7,1,7,1,0,1,2,1,"","","","","","","","","","","","","","","","","","","","","","","","","","",22000,1,"","",0,1,"","","","","","","","","","","","",3,1,"","","","","","","","","","","","","","","","","","","","","","","","","","","","","","","","","","","","","","","","","","","","","","","","","","","","","",""
"35049001","CANCALE",48.711667,-1.843333,40,1981071206,"","","","",6.,1,260,1,"","","","","","","","","","","","","","","","","","","","","","","","","","","","",16.3,1,14.3,1,"","","","","","","","","","","","","","","","","","","","","","","","","","",91,1,"","","","","","","","","","","","",16.8,1,1020.6,1,"","","","","","",7,1,7,1,5,1,"","","","","","","","","","","","","","","","","","","","","","","","","","","","",30000,1,"","",2,1,"","","","",1,1,"","","","","","",3,1,"","","","","","","","","","","","","","","","","","","","","","","","","","","","","","","","","","","","","","","","","","","","","","","","","","","","","",""
"35049001","CANCALE",48.711667,-1.843333,40,1981071209,"","","","",4.,1,280,1,"","","","","","","","","","","","","","","","","","","","","","","","","","","","",17.5,1,14.5,1,"","","","","","","","","","","","","","","","","","","","","","","","","","",85,1,"","","","","","","","","","","","",17.,1,1020.6,1,"","","","","","",8,1,8,1,8,1,"","","","","","","","","","","","","","","","","","","","","","","","","","","","",30000,1,"","",2,1,2,1,"","","","","","","","","","",2,1,"","","","","","","","","","","","","","","","","","","","","","","","","","","","","","","","","","","","","","","","","","","","","","","","","","","","","",""
"35049001","CANCALE",48.711667,-1.843333,40,1981071212,"","","","",3.,1,300,1,"","","","","","","","","","","","","","","","","","","","","","","","","","","","",17.2,1,14.8,1,"","","","","","","","","","","","","","","","","","","","","","","","","","",89,1,"","","","","","","","","","","","",17.4,1,1020.7,1,"","","","","","",8,1,6,1,7,1,2,1,"","","","","","","","","","","","","","","","","","","","","","","","","","",17000,1,"","",2,1,8,1,"","","","","","","","","","",2,1,"","","","","","","","","","","","","","","","","","","","","","","","","","","","","","","","","","","","","","","","","","","","","","","","","","","","","",""
"35049001","CANCALE",48.711667,-1.843333,40,1981071215,"","","","",8.,1,300,1,"","","","","","","","","","","","","","","","","","","","","","","","","","","","",17.,1,13.6,1,"","","","","","","","","","","","","","","","","","","","","","","","","","",83,1,"","","","","","","","","","","","",16.,1,1020.7,1,"","","","","","",7,1,7,1,8,1,"","","","","","","","","","","","","","","","","","","","","","","","","","","","",30000,1,"","",2,1,2,1,"","","","","","","","","","",3,1,"","","","","","","","","","","","","","","","","","","","","","","","","","","","","","","","","","","","","","","","","","","","","","","","","","","","","",""
"35049001","CANCALE",48.711667,-1.843333,40,1981071218,"","","","",9.,1,300,1,"","","","","","","","","","","","","","","","","","","","","","","","","","","","",16.5,1,12.5,1,"","","","","","","","","","","","","","","","","","","","","","","","","","",80,1,"","","","","","","","","","","","",14.9,1,1020.7,1,"","","","","","",4,1,0,1,5,1,4,1,2,1,"","","","","","","","","","","","","","","","","","","","","","","","",30000,1,"","",1,1,1,1,"","","","","","","","","","",4,1,"","","","","","","","","","","","","","","","","","","","","","","","","","","","","","","","","","","","","","","","","","","","","","","","","","","","","",""
"35049001","CANCALE",48.711667,-1.843333,40,1981071221,"","","","",10.,1,300,1,"","","","","","","","","","","","","","","","","","","","","","","","","","","","",14.8,1,12.2,1,"","","","","","","","","","","","","","","","","","","","","","","","","","",87,1,"","","","","","","","","","","","",14.6,1,1021.8,1,"","","","","","",7,1,5,1,5,1,7,1,"","","","","","","","","","","","","","","","","","","","","","","","","","",35000,1,"","",3,1,1,1,"","","","","","","","","","",4,1,"","","","","","","","","","","","","","","","","","","","","","","","","","","","","","","","","","","","","","","","","","","","","","","","","","","","","",""
"35049001","CANCALE",48.711667,-1.843333,40,1981071300,"","","","",8.,1,300,1,"","","","","","","","","","","","","","","","","","","","","","","","","","","","",15.,1,11.7,1,"","","","","","","","","","","","","","","","","","","","","","","","","","",83,1,"","","","","","","","","","","","",14.1,1,1021.6,1,"","","","","","",8,1,8,1,8,1,"","","","","","","","","","","","","","","","","","","","","","","","","","","","",25000,1,"","",0,1,"","","","","","","","","","","","",3,1,"","","","","","","","","","","","","","","","","","","","","","","","","","","","","","","","","","","","","","","","","","","","","","","","","","","","","",""
"35049001","CANCALE",48.711667,-1.843333,40,1981071303,"","","","",8.,1,280,1,"","","","","","","","","","","","","","","","","","","","","","","","","","","","",14.7,1,11.7,1,"","","","","","","","","","","","","","","","","","","","","","","","","","",84,1,"","","","","","","","","","","","",14.1,1,1021.6,1,"","","","","","",8,1,8,1,0,1,7,1,"","","","","","","","","","","","","","","","","","","","","","","","","","",25000,1,"","",0,1,"","","","","","","","","","","","",3,1,"","","","","","","","","","","","","","","","","","","","","","","","","","","","","","","","","","","","","","","","","","","","","","","","","","","","","",""
"35049001","CANCALE",48.711667,-1.843333,40,1981071306,"","","","",7.,1,280,1,"","","","","","","","","","","","","","","","","","","","","","","","","","","","",14.8,1,12.,1,"","","","","","","","","","","","","","","","","","","","","","","","","","",86,1,"","","","","","","","","","","","",14.4,1,1021.4,1,"","","","","","",8,1,8,1,5,1,"","","","","","","","","","","","","","","","","","","","","","","","","","","","",17000,1,"","",2,1,"","","","",0,1,"","","","","","",3,1,"","","","","","","","","","","","","","","","","","","","","","","","","","","","","","","","","","","","","","","","","","","","","","","","","","","","","",""
"35049001","CANCALE",48.711667,-1.843333,40,1981071309,"","","","",3.,1,260,1,"","","","","","","","","","","","","","","","","","","","","","","","","","","","",15.,1,12.8,1,"","","","","","","","","","","","","","","","","","","","","","","","","","",89,1,"","","","","","","","","","","","",15.2,1,1021.4,1,"","","","","","",8,1,8,1,7,1,7,1,"","","","","","","","","","","","","","","","","","","","","","","","","","",10000,1,"","",60,1,6,1,"","","","","","","","","","",2,1,"","","","","","","","","","","","","","","","","","","","","","","","","","","","","","","","","","","","","","","","","","","","","","","","","","","","","",""
"35049001","CANCALE",48.711667,-1.843333,40,1981071312,"","","","",2.,1,180,1,"","","","","","","","","","","","","","","","","","","","","","","","","","","","",15.4,1,14.,1,"","","","","","","","","","","","","","","","","","","","","","","","","","",94,1,"","","","","","","","","","","","",16.5,1,1021.2,1,"","","","","","",8,1,8,1,7,1,"","","","","","","","","","","","","","","","","","","","","","","","","","","","",2000,1,"","",63,1,6,1,"","","","","","","","","","",2,1,"","","","","","","","","","","","","","","","","","","","","","","","","","","","","","","","","","","","","","","","","","","","","","","","","","","","","",""
"35049001","CANCALE",48.711667,-1.843333,40,1981071315,"","","","",6.,1,280,1,"","","","","","","","","","","","","","","","","","","","","","","","","","","","",16.,1,15.2,1,"","","","","","","","","","","","","","","","","","","","","","","","","","",98,1,"","","","","","","","","","","","",17.8,1,1021.2,1,"","","","","","",8,1,8,1,6,1,"","","","","","","","","","","","","","","","","","","","","","","","","","","","",6000,1,"","",28,1,6,1,"","","","","","","","","","",2,1,"","","","","","","","","","","","","","","","","","","","","","","","","","","","","","","","","","","","","","","","","","","","","","","","","","","","","",""
"35049001","CANCALE",48.711667,-1.843333,40,1981071318,"","","","",9.,1,280,1,"","","","","","","","","","","","","","","","","","","","","","","","","","","","",15.5,1,14.7,1,"","","","","","","","","","","","","","","","","","","","","","","","","","",98,1,"","","","","","","","","","","","",17.2,1,1021.,1,"","","","","","",9,1,"","","","","","","","","","","","","","","","","","","","","","","","","","","","","","","","",100,1,"","",47,1,6,1,"","","","","","","","","","","","","","","","","","","","","","","","","","","","","","","","","","","","","","","","","","","","","","","","","","","","","","","","","","","","","","","","","",""
"35049001","CANCALE",48.711667,-1.843333,40,1981071321,"","","","",10.,1,280,1,"","","","","","","","","","","","","","","","","","","","","","","","","","","","",15.6,1,12.3,1,"","","","","","","","","","","","","","","","","","","","","","","","","","",83,1,"","","","","","","","","","","","",14.7,1,1021.9,1,"","","","","","",8,1,8,1,5,1,"","","","","","","","","","","","","","","","","","","","","","","","","","","","",25000,1,"","",0,1,"","","","","","","","","","","","",4,1,"","","","","","","","","","","","","","","","","","","","","","","","","","","","","","","","","","","","","","","","","","","","","","","","","","","","","",""
"35049001","CANCALE",48.711667,-1.843333,40,1981071400,"","","","",10.,1,280,1,"","","","","","","","","","","","","","","","","","","","","","","","","","","","",15.3,1,12.9,1,"","","","","","","","","","","","","","","","","","","","","","","","","","",88,1,"","","","","","","","","","","","",15.3,1,1022.2,1,"","","","","","",8,1,8,1,5,1,"","","","","","","","","","","","","","","","","","","","","","","","","","","","",25000,1,"","",0,1,"","","","","","","","","","","","",4,1,"","","","","","","","","","","","","","","","","","","","","","","","","","","","","","","","","","","","","","","","","","","","","","","","","","","","","",""
"35049001","CANCALE",48.711667,-1.843333,40,1981071403,"","","","",10.,1,300,1,"","","","","","","","","","","","","","","","","","","","","","","","","","","","",15.,1,13.3,1,"","","","","","","","","","","","","","","","","","","","","","","","","","",92,1,"","","","","","","","","","","","",15.7,1,1022.2,1,"","","","","","",8,1,8,1,5,1,"","","","","","","","","","","","","","","","","","","","","","","","","","","","",25000,1,"","",0,1,"","","","","","","","","","","","",4,1,"","","","","","","","","","","","","","","","","","","","","","","","","","","","","","","","","","","","","","","","","","","","","","","","","","","","","",""
"35049001","CANCALE",48.711667,-1.843333,40,1981071406,"","","","",7.,1,320,1,"","","","","","","","","","","","","","","","","","","","","","","","","","","","",15.,1,13.3,1,"","","","","","","","","","","","","","","","","","","","","","","","","","",92,1,"","","","","","","","","","","","",15.7,1,1023.1,1,"","","","","","",7,1,7,1,5,1,"","","","","","","","","","","","","","","","","","","","","","","","","","","","",16000,1,"","",2,1,"","","","",0,1,"","","","","","",3,1,"","","","","","","","","","","","","","","","","","","","","","","","","","","","","","","","","","","","","","","","","","","","","","","","","","","","","",""
"35049001","CANCALE",48.711667,-1.843333,40,1981071409,"","","","",6.,1,320,1,"","","","","","","","","","","","","","","","","","","","","","","","","","","","",16.,1,13.7,1,"","","","","","","","","","","","","","","","","","","","","","","","","","",88,1,"","","","","","","","","","","","",16.1,1,1024.6,1,"","","","","","",7,1,7,1,5,1,"","","","","","","","","","","","","","","","","","","","","","","","","","","","",22000,1,"","",2,1,2,1,"","","","","","","","","","",3,1,"","","","","","","","","","","","","","","","","","","","","","","","","","","","","","","","","","","","","","","","","","","","","","","","","","","","","",""
"35049001","CANCALE",48.711667,-1.843333,40,1981071412,"","","","",6.,1,320,1,"","","","","","","","","","","","","","","","","","","","","","","","","","","","",17.7,1,14.3,1,"","","","","","","","","","","","","","","","","","","","","","","","","","",83,1,"","","","","","","","","","","","",16.8,1,1025.4,1,"","","","","","",3,1,0,1,2,1,0,1,0,1,"","","","","","","","","","","","","","","","","","","","","","","","",23000,1,"","",1,1,1,1,"","","","","","","","","","",3,1,"","","","","","","","","","","","","","","","","","","","","","","","","","","","","","","","","","","","","","","","","","","","","","","","","","","","","",""
"35049001","CANCALE",48.711667,-1.843333,40,1981071415,"","","","",8.,1,320,1,"","","","","","","","","","","","","","","","","","","","","","","","","","","","",17.5,1,12.7,1,"","","","","","","","","","","","","","","","","","","","","","","","","","",75,1,"","","","","","","","","","","","",15.1,1,1025.5,1,"","","","","","",3,1,0,1,2,1,0,1,0,1,"","","","","","","","","","","","","","","","","","","","","","","","",35000,1,"","",2,1,0,1,"","","","","","","","","","",3,1,"","","","","","","","","","","","","","","","","","","","","","","","","","","","","","","","","","","","","","","","","","","","","","","","","","","","","",""
"35049001","CANCALE",48.711667,-1.843333,40,1981071418,"","","","",5.,1,300,1,"","","","","","","","","","","","","","","","","","","","","","","","","","","","",17.3,1,13.4,1,"","","","","","","","","","","","","","","","","","","","","","","","","","",80,1,"","","","","","","","","","","","",15.8,1,1025.2,1,"","","","","","",4,1,0,1,4,1,0,1,0,1,"","","","","","","","","","","","","","","","","","","","","","","","",30000,1,"","",3,1,0,1,"","","","","","","","","","",3,1,"","","","","","","","","","","","","","","","","","","","","","","","","","","","","","","","","","","","","","","","","","","","","","","","","","","","","",""
"35049001","CANCALE",48.711667,-1.843333,40,1981071421,"","","","",7.,1,320,1,"","","","","","","","","","","","","","","","","","","","","","","","","","","","",15.,1,11.9,1,"","","","","","","","","","","","","","","","","","","","","","","","","","",84,1,"","","","","","","","","","","","",14.3,1,1025.9,1,"","","","","","",3,1,0,1,4,1,4,1,0,1,"","","","","","","","","","","","","","","","","","","","","","","","",35000,1,"","",0,1,"","","","","","","","","","","","",3,1,"","","","","","","","","","","","","","","","","","","","","","","","","","","","","","","","","","","","","","","","","","","","","","","","","","","","","",""
"35049001","CANCALE",48.711667,-1.843333,40,1981071500,"","","","",6.,1,300,1,"","","","","","","","","","","","","","","","","","","","","","","","","","","","",15.5,1,12.4,1,"","","","","","","","","","","","","","","","","","","","","","","","","","",84,1,"","","","","","","","","","","","",14.8,1,1025.5,1,"","","","","","",8,1,8,1,8,1,"","","","","","","","","","","","","","","","","","","","","","","","","","","","",30000,1,"","",0,1,"","","","","","","","","","","","",3,1,"","","","","","","","","","","","","","","","","","","","","","","","","","","","","","","","","","","","","","","","","","","","","","","","","","","","","",""
"35049001","CANCALE",48.711667,-1.843333,40,1981071503,"","","","",4.,1,300,1,"","","","","","","","","","","","","","","","","","","","","","","","","","","","",14.6,1,13.5,1,"","","","","","","","","","","","","","","","","","","","","","","","","","",96,1,"","","","","","","","","","","","",15.9,1,1023.9,1,"","","","","","",8,1,8,1,5,1,"","","","","","","","","","","","","","","","","","","","","","","","","","","","",16000,1,"","",0,1,"","","","","","","","","","","","",3,1,"","","","","","","","","","","","","","","","","","","","","","","","","","","","","","","","","","","","","","","","","","","","","","","","","","","","","",""
"35049001","CANCALE",48.711667,-1.843333,40,1981071506,"","","","",8.,1,280,1,"","","","","","","","","","","","","","","","","","","","","","","","","","","","",15.4,1,14.2,1,"","","","","","","","","","","","","","","","","","","","","","","","","","",96,1,"","","","","","","","","","","","",16.7,1,1022.8,1,"","","","","","",8,1,8,1,7,1,"","","","","","","","","","","","","","","","","","","","","","","","","","","","",1500,1,"","",53,1,"","","","",1,1,"","","","","","",3,1,"","","","","","","","","","","","","","","","","","","","","","","","","","","","","","","","","","","","","","","","","","","","","","","","","","","","","",""
"35049001","CANCALE",48.711667,-1.843333,40,1981071509,"","","","",8.,1,280,1,"","","","","","","","","","","","","","","","","","","","","","","","","","","","",15.6,1,14.1,1,"","","","","","","","","","","","","","","","","","","","","","","","","","",94,1,"","","","","","","","","","","","",16.6,1,1023.2,1,"","","","","","",7,1,6,1,5,1,2,1,"","","","","","","","","","","","","","","","","","","","","","","","","","",25000,1,"","",2,1,5,1,"","","","","","","","","","",3,1,"","","","","","","","","","","","","","","","","","","","","","","","","","","","","","","","","","","","","","","","","","","","","","","","","","","","","",""
"35049001","CANCALE",48.711667,-1.843333,40,1981071512,"","","","",8.,1,280,1,"","","","","","","","","","","","","","","","","","","","","","","","","","","","",15.6,1,14.2,1,"","","","","","","","","","","","","","","","","","","","","","","","","","",95,1,"","","","","","","","","","","","",16.7,1,1023.5,1,"","","","","","",8,1,8,1,5,1,"","","","","","","","","","","","","","","","","","","","","","","","","","","","",15000,1,"","",20,1,5,1,"","","","","","","","","","",3,1,"","","","","","","","","","","","","","","","","","","","","","","","","","","","","","","","","","","","","","","","","","","","","","","","","","","","","",""
"35049001","CANCALE",48.711667,-1.843333,40,1981071515,"","","","",7.,1,300,1,"","","","","","","","","","","","","","","","","","","","","","","","","","","","",17.5,1,14.3,1,"","","","","","","","","","","","","","","","","","","","","","","","","","",84,1,"","","","","","","","","","","","",16.8,1,1023.2,1,"","","","","","",3,1,0,1,2,1,6,1,0,1,"","","","","","","","","","","","","","","","","","","","","","","","",25000,1,"","",1,1,1,1,"","","","","","","","","","",4,1,"","","","","","","","","","","","","","","","","","","","","","","","","","","","","","","","","","","","","","","","","","","","","","","","","","","","","",""
"35049001","CANCALE",48.711667,-1.843333,40,1981071518,"","","","",7.,1,300,1,"","","","","","","","","","","","","","","","","","","","","","","","","","","","",16.,1,13.9,1,"","","","","","","","","","","","","","","","","","","","","","","","","","",90,1,"","","","","","","","","","","","",16.3,1,1022.8,1,"","","","","","",7,1,7,1,8,1,"","","","","","","","","","","","","","","","","","","","","","","","","","","","",20000,1,"","",3,1,1,1,"","","","","","","","","","",3,1,"","","","","","","","","","","","","","","","","","","","","","","","","","","","","","","","","","","","","","","","","","","","","","","","","","","","","",""
"35049001","CANCALE",48.711667,-1.843333,40,1981071521,"","","","",10.,1,300,1,"","","","","","","","","","","","","","","","","","","","","","","","","","","","",15.1,1,12.9,1,"","","","","","","","","","","","","","","","","","","","","","","","","","",89,1,"","","","","","","","","","","","",15.3,1,1022.8,1,"","","","","","",8,1,8,1,8,1,"","","","","","","","","","","","","","","","","","","","","","","","","","","","",35000,1,"","",2,1,2,1,"","","","","","","","","","",4,1,"","","","","","","","","","","","","","","","","","","","","","","","","","","","","","","","","","","","","","","","","","","","","","","","","","","","","",""
"35049001","CANCALE",48.711667,-1.843333,40,1981071600,"","","","",7.,1,280,1,"","","","","","","","","","","","","","","","","","","","","","","","","","","","",14.7,1,13.2,1,"","","","","","","","","","","","","","","","","","","","","","","","","","",93,1,"","","","","","","","","","","","",15.5,1,1022.4,1,"","","","","","",8,1,8,1,5,1,"","","","","","","","","","","","","","","","","","","","","","","","","","","","",15000,1,"","",0,1,"","","","","","","","","","","","",3,1,"","","","","","","","","","","","","","","","","","","","","","","","","","","","","","","","","","","","","","","","","","","","","","","","","","","","","",""
"35049001","CANCALE",48.711667,-1.843333,40,1981071603,"","","","",8.,1,280,1,"","","","","","","","","","","","","","","","","","","","","","","","","","","","",14.5,1,13.2,1,"","","","","","","","","","","","","","","","","","","","","","","","","","",94,1,"","","","","","","","","","","","",15.6,1,1021.,1,"","","","","","",8,1,8,1,5,1,"","","","","","","","","","","","","","","","","","","","","","","","","","","","",15000,1,"","",0,1,"","","","","","","","","","","","",3,1,"","","","","","","","","","","","","","","","","","","","","","","","","","","","","","","","","","","","","","","","","","","","","","","","","","","","","",""
"35049001","CANCALE",48.711667,-1.843333,40,1981071606,"","","","",4.,1,260,1,"","","","","","","","","","","","","","","","","","","","","","","","","","","","",15.,1,12.,1,"","","","","","","","","","","","","","","","","","","","","","","","","","",84,1,"","","","","","","","","","","","",14.3,1,1020.6,1,"","","","","","",8,1,8,1,5,1,"","","","","","","","","","","","","","","","","","","","","","","","","","","","",28000,1,"","",2,1,"","","","",1,1,"","","","","","",3,1,"","","","","","","","","","","","","","","","","","","","","","","","","","","","","","","","","","","","","","","","","","","","","","","","","","","","","",""
"35049001","CANCALE",48.711667,-1.843333,40,1981071609,"","","","",5.,1,280,1,"","","","","","","","","","","","","","","","","","","","","","","","","","","","",15.5,1,14.2,1,"","","","","","","","","","","","","","","","","","","","","","","","","","",94,1,"","","","","","","","","","","","",16.6,1,1019.9,1,"","","","","","",8,1,8,1,5,1,"","","","","","","","","","","","","","","","","","","","","","","","","","","","",16000,1,"","",20,1,5,1,"","","","","","","","","","",3,1,"","","","","","","","","","","","","","","","","","","","","","","","","","","","","","","","","","","","","","","","","","","","","","","","","","","","","",""
"35049001","CANCALE",48.711667,-1.843333,40,1981071612,"","","","",5.,1,300,1,"","","","","","","","","","","","","","","","","","","","","","","","","","","","",16.1,1,14.4,1,"","","","","","","","","","","","","","","","","","","","","","","","","","",96,1,"","","","","","","","","","","","",16.9,1,1019.6,1,"","","","","","",8,1,8,1,8,1,"","","","","","","","","","","","","","","","","","","","","","","","","","","","",35000,1,"","",2,1,8,1,"","","","","","","","","","",3,1,"","","","","","","","","","","","","","","","","","","","","","","","","","","","","","","","","","","","","","","","","","","","","","","","","","","","","",""
"35049001","CANCALE",48.711667,-1.843333,40,1981071615,"","","","",5.,1,300,1,"","","","","","","","","","","","","","","","","","","","","","","","","","","","",18.5,1,14.7,1,"","","","","","","","","","","","","","","","","","","","","","","","","","",81,1,"","","","","","","","","","","","",17.2,1,1017.9,1,"","","","","","",7,1,6,1,8,1,6,1,"","","","","","","","","","","","","","","","","","","","","","","","","","",35000,1,"","",2,1,2,1,"","","","","","","","","","",3,1,"","","","","","","","","","","","","","","","","","","","","","","","","","","","","","","","","","","","","","","","","","","","","","","","","","","","","",""
"35049001","CANCALE",48.711667,-1.843333,40,1981071618,"","","","",9.,1,300,1,"","","","","","","","","","","","","","","","","","","","","","","","","","","","",15.9,1,14.4,1,"","","","","","","","","","","","","","","","","","","","","","","","","","",94,1,"","","","","","","","","","","","",16.9,1,1017.5,1,"","","","","","",8,1,5,1,8,1,7,1,"","","","","","","","","","","","","","","","","","","","","","","","","","",35000,1,"","",2,1,2,1,"","","","","","","","","","",4,1,"","","","","","","","","","","","","","","","","","","","","","","","","","","","","","","","","","","","","","","","","","","","","","","","","","","","","",""
"35049001","CANCALE",48.711667,-1.843333,40,1981071621,"","","","",8.,1,320,1,"","","","","","","","","","","","","","","","","","","","","","","","","","","","",15.5,1,13.5,1,"","","","","","","","","","","","","","","","","","","","","","","","","","",90,1,"","","","","","","","","","","","",15.9,1,1017.8,1,"","","","","","",8,1,8,1,8,1,"","","","","","","","","","","","","","","","","","","","","","","","","","","","",30000,1,"","",20,1,5,1,"","","","","","","","","","",4,1,"","","","","","","","","","","","","","","","","","","","","","","","","","","","","","","","","","","","","","","","","","","","","","","","","","","","","",""
"35049001","CANCALE",48.711667,-1.843333,40,1981071700,"","","","",10.,1,300,1,"","","","","","","","","","","","","","","","","","","","","","","","","","","","",14.9,1,12.3,1,"","","","","","","","","","","","","","","","","","","","","","","","","","",87,1,"","","","","","","","","","","","",14.7,1,1017.5,1,"","","","","","",6,1,6,1,1,1,0,1,0,1,"","","","","","","","","","","","","","","","","","","","","","","","",28000,1,"","",0,1,"","","","","","","","","","","","",4,1,"","","","","","","","","","","","","","","","","","","","","","","","","","","","","","","","","","","","","","","","","","","","","","","","","","","","","",""
"35049001","CANCALE",48.711667,-1.843333,40,1981071703,"","","","",12.,1,320,1,"","","","","","","","","","","","","","","","","","","","","","","","","","","","",14.7,1,12.1,1,"","","","","","","","","","","","","","","","","","","","","","","","","","",87,1,"","","","","","","","","","","","",14.5,1,1016.4,1,"","","","","","",5,1,5,1,2,1,0,1,0,1,"","","","","","","","","","","","","","","","","","","","","","","","",28000,1,"","",0,1,"","","","","","","","","","","","",4,1,"","","","","","","","","","","","","","","","","","","","","","","","","","","","","","","","","","","","","","","","","","","","","","","","","","","","","",""
"35049001","CANCALE",48.711667,-1.843333,40,1981071706,"","","","",11.,1,300,1,"","","","","","","","","","","","","","","","","","","","","","","","","","","","",14.6,1,10.3,1,"","","","","","","","","","","","","","","","","","","","","","","","","","",78,1,"","","","","","","","","","","","",12.8,1,1016.,1,"","","","","","",5,1,5,1,2,1,0,1,1,1,"","","","","","","","","","","","","","","","","","","","","","","","",35000,1,"","",2,1,"","","","","","","","","","","","",4,1,"","","","","","","","","","","","","","","","","","","","","","","","","","","","","","","","","","","","","","","","","","","","","","","","","","","","","",""
"35049001","CANCALE",48.711667,-1.843333,40,1981071709,"","","","",10.,1,300,1,"","","","","","","","","","","","","","","","","","","","","","","","","","","","",15.4,1,9.6,1,"","","","","","","","","","","","","","","","","","","","","","","","","","",70,1,"","","","","","","","","","","","",12.2,1,1016.3,1,"","","","","","",7,1,0,1,2,1,4,1,"","","","","","","","","","","","","","","","","","","","","","","","","","",35000,1,"","",3,1,1,1,"","","","","","","","","","",3,1,"","","","","","","","","","","","","","","","","","","","","","","","","","","","","","","","","","","","","","","","","","","","","","","","","","","","","",""
"35049001","CANCALE",48.711667,-1.843333,40,1981071712,"","","","",7.,1,280,1,"","","","","","","","","","","","","","","","","","","","","","","","","","","","",16.1,1,9.8,1,"","","","","","","","","","","","","","","","","","","","","","","","","","",67,1,"","","","","","","","","","","","",12.4,1,1015.8,1,"","","","","","",7,1,0,1,3,1,6,1,"","","","","","","","","","","","","","","","","","","","","","","","","","",40000,1,"","",2,1,8,1,"","","","","","","","","","",3,1,"","","","","","","","","","","","","","","","","","","","","","","","","","","","","","","","","","","","","","","","","","","","","","","","","","","","","",""
"35049001","CANCALE",48.711667,-1.843333,40,1981071715,"","","","",10.,1,280,1,"","","","","","","","","","","","","","","","","","","","","","","","","","","","",15.2,1,9.3,1,"","","","","","","","","","","","","","","","","","","","","","","","","","",70,1,"","","","","","","","","","","","",12.,1,1014.7,1,"","","","","","",7,1,5,1,8,1,6,1,"","","","","","","","","","","","","","","","","","","","","","","","","","",15000,1,"","",25,1,2,1,"","","","","","","","","","",4,1,"","","","","","","","","","","","","","","","","","","","","","","","","","","","","","","","","","","","","","","","","","","","","","","","","","","","","",""
"35049001","CANCALE",48.711667,-1.843333,40,1981071718,"","","","",11.,1,280,1,"","","","","","","","","","","","","","","","","","","","","","","","","","","","",14.5,1,10.2,1,"","","","","","","","","","","","","","","","","","","","","","","","","","",78,1,"","","","","","","","","","","","",12.7,1,1014.3,1,"","","","","","",6,1,0,1,3,1,6,1,0,1,"","","","","","","","","","","","","","","","","","","","","","","","",25000,1,"","",2,1,8,1,"","","","","","","","","","",4,1,"","","","","","","","","","","","","","","","","","","","","","","","","","","","","","","","","","","","","","","","","","","","","","","","","","","","","",""
"35049001","CANCALE",48.711667,-1.843333,40,1981071721,"","","","",12.,1,300,1,"","","","","","","","","","","","","","","","","","","","","","","","","","","","",14.3,1,9.6,1,"","","","","","","","","","","","","","","","","","","","","","","","","","",75,1,"","","","","","","","","","","","",12.2,1,1014.2,1,"","","","","","",6,1,6,1,2,1,0,1,0,1,"","","","","","","","","","","","","","","","","","","","","","","","",25000,1,"","",2,1,8,1,"","","","","","","","","","",4,1,"","","","","","","","","","","","","","","","","","","","","","","","","","","","","","","","","","","","","","","","","","","","","","","","","","","","","",""
"35049001","CANCALE",48.711667,-1.843333,40,1981071800,"","","","",11.,1,300,1,"","","","","","","","","","","","","","","","","","","","","","","","","","","","",14.5,1,10.2,1,"","","","","","","","","","","","","","","","","","","","","","","","","","",78,1,"","","","","","","","","","","","",12.7,1,1014.2,1,"","","","","","",7,1,5,1,2,1,3,1,"","","","","","","","","","","","","","","","","","","","","","","","","","",35000,1,"","",0,1,"","","","","","","","","","","","",4,1,"","","","","","","","","","","","","","","","","","","","","","","","","","","","","","","","","","","","","","","","","","","","","","","","","","","","","",""
"35049001","CANCALE",48.711667,-1.843333,40,1981071803,"","","","",12.,1,300,1,"","","","","","","","","","","","","","","","","","","","","","","","","","","","",14.,1,10.1,1,"","","","","","","","","","","","","","","","","","","","","","","","","","",80,1,"","","","","","","","","","","","",12.6,1,1014.8,1,"","","","","","",6,1,6,1,2,1,0,1,0,1,"","","","","","","","","","","","","","","","","","","","","","","","",35000,1,"","",0,1,"","","","","","","","","","","","",4,1,"","","","","","","","","","","","","","","","","","","","","","","","","","","","","","","","","","","","","","","","","","","","","","","","","","","","","",""
"35049001","CANCALE",48.711667,-1.843333,40,1981071806,"","","","",9.,1,320,1,"","","","","","","","","","","","","","","","","","","","","","","","","","","","",13.8,1,10.1,1,"","","","","","","","","","","","","","","","","","","","","","","","","","",80,1,"","","","","","","","","","","","",12.6,1,1016.3,1,"","","","","","",7,1,7,1,8,1,"","","","","","","","","","","","","","","","","","","","","","","","","","","","",20000,1,"","",2,1,"","","","",0,1,"","","","","","",3,1,"","","","","","","","","","","","","","","","","","","","","","","","","","","","","","","","","","","","","","","","","","","","","","","","","","","","","",""
"35049001","CANCALE",48.711667,-1.843333,40,1981071809,"","","","",9.,1,320,1,"","","","","","","","","","","","","","","","","","","","","","","","","","","","",14.9,1,10.3,1,"","","","","","","","","","","","","","","","","","","","","","","","","","",75,1,"","","","","","","","","","","","",12.8,1,1018.2,1,"","","","","","",7,1,7,1,8,1,"","","","","","","","","","","","","","","","","","","","","","","","","","","","",30000,1,"","",2,1,2,1,"","","","","","","","","","",4,1,"","","","","","","","","","","","","","","","","","","","","","","","","","","","","","","","","","","","","","","","","","","","","","","","","","","","","",""
"35049001","CANCALE",48.711667,-1.843333,40,1981071812,"","","","",11.,1,280,1,"","","","","","","","","","","","","","","","","","","","","","","","","","","","",15.8,1,11.1,1,"","","","","","","","","","","","","","","","","","","","","","","","","","",75,1,"","","","","","","","","","","","",13.5,1,1019.6,1,"","","","","","",6,1,6,1,8,1,0,1,0,1,"","","","","","","","","","","","","","","","","","","","","","","","",35000,1,"","",2,1,2,1,"","","","","","","","","","",4,1,"","","","","","","","","","","","","","","","","","","","","","","","","","","","","","","","","","","","","","","","","","","","","","","","","","","","","",""
"35049001","CANCALE",48.711667,-1.843333,40,1981071815,"","","","",11.,1,300,1,"","","","","","","","","","","","","","","","","","","","","","","","","","","","",16.3,1,11.6,1,"","","","","","","","","","","","","","","","","","","","","","","","","","",76,1,"","","","","","","","","","","","",14.,1,1020.8,1,"","","","","","",4,1,0,1,2,1,0,1,0,1,"","","","","","","","","","","","","","","","","","","","","","","","",30000,1,"","",2,1,1,1,"","","","","","","","","","",4,1,"","","","","","","","","","","","","","","","","","","","","","","","","","","","","","","","","","","","","","","","","","","","","","","","","","","","","",""
"35049001","CANCALE",48.711667,-1.843333,40,1981071818,"","","","",12.,1,300,1,"","","","","","","","","","","","","","","","","","","","","","","","","","","","",16.3,1,11.6,1,"","","","","","","","","","","","","","","","","","","","","","","","","","",76,1,"","","","","","","","","","","","",14.,1,1021.5,1,"","","","","","",1,1,0,1,2,1,0,1,0,1,"","","","","","","","","","","","","","","","","","","","","","","","",35000,1,"","",2,1,1,1,"","","","","","","","","","",4,1,"","","","","","","","","","","","","","","","","","","","","","","","","","","","","","","","","","","","","","","","","","","","","","","","","","","","","",""
"35049001","CANCALE",48.711667,-1.843333,40,1981071821,"","","","",11.,1,300,1,"","","","","","","","","","","","","","","","","","","","","","","","","","","","",15.,1,11.9,1,"","","","","","","","","","","","","","","","","","","","","","","","","","",84,1,"","","","","","","","","","","","",14.3,1,1022.8,1,"","","","","","",1,1,0,1,0,1,0,1,1,1,"","","","","","","","","","","","","","","","","","","","","","","","",30000,1,"","",0,1,"","","","","","","","","","","","",4,1,"","","","","","","","","","","","","","","","","","","","","","","","","","","","","","","","","","","","","","","","","","","","","","","","","","","","","",""
"35049001","CANCALE",48.711667,-1.843333,40,1981071900,"","","","",7.,1,280,1,"","","","","","","","","","","","","","","","","","","","","","","","","","","","",14.7,1,12.1,1,"","","","","","","","","","","","","","","","","","","","","","","","","","",87,1,"","","","","","","","","","","","",14.5,1,1024.,1,"","","","","","",2,1,0,1,5,1,0,1,0,1,"","","","","","","","","","","","","","","","","","","","","","","","",30000,1,"","",0,1,"","","","","","","","","","","","",3,1,"","","","","","","","","","","","","","","","","","","","","","","","","","","","","","","","","","","","","","","","","","","","","","","","","","","","","",""
"35049001","CANCALE",48.711667,-1.843333,40,1981071903,"","","","",8.,1,300,1,"","","","","","","","","","","","","","","","","","","","","","","","","","","","",14.3,1,11.5,1,"","","","","","","","","","","","","","","","","","","","","","","","","","",86,1,"","","","","","","","","","","","",13.9,1,1023.8,1,"","","","","","",1,1,0,1,5,1,0,1,0,1,"","","","","","","","","","","","","","","","","","","","","","","","",25000,1,"","",0,1,"","","","","","","","","","","","",3,1,"","","","","","","","","","","","","","","","","","","","","","","","","","","","","","","","","","","","","","","","","","","","","","","","","","","","","",""
"35049001","CANCALE",48.711667,-1.843333,40,1981071906,"","","","",8.,1,280,1,"","","","","","","","","","","","","","","","","","","","","","","","","","","","",14.7,1,11.2,1,"","","","","","","","","","","","","","","","","","","","","","","","","","",82,1,"","","","","","","","","","","","",13.6,1,1024.3,1,"","","","","","",7,1,7,1,8,1,"","","","","","","","","","","","","","","","","","","","","","","","","","","","",25000,1,"","",2,1,"","","","",0,1,"","","","","","",3,1,"","","","","","","","","","","","","","","","","","","","","","","","","","","","","","","","","","","","","","","","","","","","","","","","","","","","","",""
"35049001","CANCALE",48.711667,-1.843333,40,1981071909,"","","","",8.,1,280,1,"","","","","","","","","","","","","","","","","","","","","","","","","","","","",14.2,1,13.1,1,"","","","","","","","","","","","","","","","","","","","","","","","","","",96,1,"","","","","","","","","","","","",15.5,1,1024.4,1,"","","","","","",8,1,8,1,7,1,"","","","","","","","","","","","","","","","","","","","","","","","","","","","",5000,1,"","",61,1,2,1,"","","","","","","","","","",3,1,"","","","","","","","","","","","","","","","","","","","","","","","","","","","","","","","","","","","","","","","","","","","","","","","","","","","","",""
"35049001","CANCALE",48.711667,-1.843333,40,1981071912,"","","","",4.,1,220,1,"","","","","","","","","","","","","","","","","","","","","","","","","","","","",14.1,1,12.9,1,"","","","","","","","","","","","","","","","","","","","","","","","","","",96,1,"","","","","","","","","","","","",15.3,1,1024.2,1,"","","","","","",8,1,8,1,7,1,"","","","","","","","","","","","","","","","","","","","","","","","","","","","",4000,1,"","",61,1,6,1,"","","","","","","","","","",2,1,"","","","","","","","","","","","","","","","","","","","","","","","","","","","","","","","","","","","","","","","","","","","","","","","","","","","","",""
"35049001","CANCALE",48.711667,-1.843333,40,1981071915,"","","","",12.,1,280,1,"","","","","","","","","","","","","","","","","","","","","","","","","","","","",15.1,1,14.3,1,"","","","","","","","","","","","","","","","","","","","","","","","","","",98,1,"","","","","","","","","","","","",16.8,1,1023.4,1,"","","","","","",8,1,8,1,7,1,"","","","","","","","","","","","","","","","","","","","","","","","","","","","",1500,1,"","",61,1,6,1,"","","","","","","","","","",3,1,"","","","","","","","","","","","","","","","","","","","","","","","","","","","","","","","","","","","","","","","","","","","","","","","","","","","","",""
"35049001","CANCALE",48.711667,-1.843333,40,1981071918,"","","","",13.,1,280,1,"","","","","","","","","","","","","","","","","","","","","","","","","","","","",15.3,1,14.5,1,"","","","","","","","","","","","","","","","","","","","","","","","","","",98,1,"","","","","","","","","","","","",17.,1,1023.,1,"","","","","","",8,1,8,1,7,1,"","","","","","","","","","","","","","","","","","","","","","","","","","","","",4000,1,"","",21,1,6,1,"","","","","","","","","","",4,1,"","","","","","","","","","","","","","","","","","","","","","","","","","","","","","","","","","","","","","","","","","","","","","","","","","","","","",""
"35049001","CANCALE",48.711667,-1.843333,40,1981071921,"","","","",9.,1,280,1,"","","","","","","","","","","","","","","","","","","","","","","","","","","","",15.4,1,14.4,1,"","","","","","","","","","","","","","","","","","","","","","","","","","",97,1,"","","","","","","","","","","","",16.9,1,1023.4,1,"","","","","","",8,1,8,1,7,1,"","","","","","","","","","","","","","","","","","","","","","","","","","","","",6000,1,"","",0,1,"","","","","","","","","","","","",3,1,"","","","","","","","","","","","","","","","","","","","","","","","","","","","","","","","","","","","","","","","","","","","","","","","","","","","","",""
"35049001","CANCALE",48.711667,-1.843333,40,1981072000,"","","","",11.,1,280,1,"","","","","","","","","","","","","","","","","","","","","","","","","","","","",15.3,1,14.3,1,"","","","","","","","","","","","","","","","","","","","","","","","","","",97,1,"","","","","","","","","","","","",16.8,1,1023.4,1,"","","","","","",8,1,8,1,7,1,"","","","","","","","","","","","","","","","","","","","","","","","","","","","",6000,1,"","",0,1,"","","","","","","","","","","","",4,1,"","","","","","","","","","","","","","","","","","","","","","","","","","","","","","","","","","","","","","","","","","","","","","","","","","","","","",""
"35049001","CANCALE",48.711667,-1.843333,40,1981072003,"","","","",12.,1,300,1,"","","","","","","","","","","","","","","","","","","","","","","","","","","","",14.8,1,13.9,1,"","","","","","","","","","","","","","","","","","","","","","","","","","",98,1,"","","","","","","","","","","","",16.3,1,1023.4,1,"","","","","","",8,1,8,1,6,1,"","","","","","","","","","","","","","","","","","","","","","","","","","","","",3000,1,"","",10,1,"","","","","","","","","","","","",4,1,"","","","","","","","","","","","","","","","","","","","","","","","","","","","","","","","","","","","","","","","","","","","","","","","","","","","","",""
"35049001","CANCALE",48.711667,-1.843333,40,1981072006,"","","","",13.,1,300,1,"","","","","","","","","","","","","","","","","","","","","","","","","","","","",14.5,1,13.6,1,"","","","","","","","","","","","","","","","","","","","","","","","","","",97,1,"","","","","","","","","","","","",16.,1,1023.4,1,"","","","","","",8,1,8,1,7,1,"","","","","","","","","","","","","","","","","","","","","","","","","","","","",4000,1,"","",60,1,6,1,"","",1,1,"","","","","","",4,1,"","","","","","","","","","","","","","","","","","","","","","","","","","","","","","","","","","","","","","","","","","","","","","","","","","","","","",""
"35049001","CANCALE",48.711667,-1.843333,40,1981072009,"","","","",12.,1,300,1,"","","","","","","","","","","","","","","","","","","","","","","","","","","","",16.,1,13.9,1,"","","","","","","","","","","","","","","","","","","","","","","","","","",90,1,"","","","","","","","","","","","",16.3,1,1023.9,1,"","","","","","",5,1,0,1,8,1,0,1,0,1,"","","","","","","","","","","","","","","","","","","","","","","","",17000,1,"","",1,1,6,1,"","","","","","","","","","",4,1,"","","","","","","","","","","","","","","","","","","","","","","","","","","","","","","","","","","","","","","","","","","","","","","","","","","","","",""
"35049001","CANCALE",48.711667,-1.843333,40,1981072012,"","","","",12.,1,300,1,"","","","","","","","","","","","","","","","","","","","","","","","","","","","",16.5,1,13.9,1,"","","","","","","","","","","","","","","","","","","","","","","","","","",88,1,"","","","","","","","","","","","",16.4,1,1024.2,1,"","","","","","",8,1,8,1,5,1,"","","","","","","","","","","","","","","","","","","","","","","","","","","","",18000,1,"","",2,1,6,1,"","","","","","","","","","",4,1,"","","","","","","","","","","","","","","","","","","","","","","","","","","","","","","","","","","","","","","","","","","","","","","","","","","","","",""
"35049001","CANCALE",48.711667,-1.843333,40,1981072015,"","","","",11.,1,320,1,"","","","","","","","","","","","","","","","","","","","","","","","","","","","",16.4,1,14.2,1,"","","","","","","","","","","","","","","","","","","","","","","","","","",90,1,"","","","","","","","","","","","",16.7,1,1024.8,1,"","","","","","",8,1,8,1,6,1,"","","","","","","","","","","","","","","","","","","","","","","","","","","","",16000,1,"","",2,1,2,1,"","","","","","","","","","",4,1,"","","","","","","","","","","","","","","","","","","","","","","","","","","","","","","","","","","","","","","","","","","","","","","","","","","","","",""
"35049001","CANCALE",48.711667,-1.843333,40,1981072018,"","","","",11.,1,300,1,"","","","","","","","","","","","","","","","","","","","","","","","","","","","",16.,1,13.9,1,"","","","","","","","","","","","","","","","","","","","","","","","","","",90,1,"","","","","","","","","","","","",16.3,1,1024.3,1,"","","","","","",8,1,8,1,5,1,"","","","","","","","","","","","","","","","","","","","","","","","","","","","",16000,1,"","",2,1,2,1,"","","","","","","","","","",4,1,"","","","","","","","","","","","","","","","","","","","","","","","","","","","","","","","","","","","","","","","","","","","","","","","","","","","","",""
"35049001","CANCALE",48.711667,-1.843333,40,1981072021,"","","","",11.,1,300,1,"","","","","","","","","","","","","","","","","","","","","","","","","","","","",15.4,1,13.4,1,"","","","","","","","","","","","","","","","","","","","","","","","","","",90,1,"","","","","","","","","","","","",15.8,1,1024.,1,"","","","","","",8,1,8,1,5,1,"","","","","","","","","","","","","","","","","","","","","","","","","","","","",25000,1,"","",2,1,2,1,"","","","","","","","","","",4,1,"","","","","","","","","","","","","","","","","","","","","","","","","","","","","","","","","","","","","","","","","","","","","","","","","","","","","",""
"35049001","CANCALE",48.711667,-1.843333,40,1981072100,"","","","",10.,1,320,1,"","","","","","","","","","","","","","","","","","","","","","","","","","","","",14.9,1,13.6,1,"","","","","","","","","","","","","","","","","","","","","","","","","","",94,1,"","","","","","","","","","","","",16.,1,1022.8,1,"","","","","","",8,1,8,1,6,1,"","","","","","","","","","","","","","","","","","","","","","","","","","","","",9000,1,"","",50,1,"","","","","","","","","","","","",4,1,"","","","","","","","","","","","","","","","","","","","","","","","","","","","","","","","","","","","","","","","","","","","","","","","","","","","","",""
"35049001","CANCALE",48.711667,-1.843333,40,1981072103,"","","","",10.,1,300,1,"","","","","","","","","","","","","","","","","","","","","","","","","","","","",14.6,1,13.5,1,"","","","","","","","","","","","","","","","","","","","","","","","","","",96,1,"","","","","","","","","","","","",15.9,1,1022.2,1,"","","","","","",8,1,8,1,7,1,"","","","","","","","","","","","","","","","","","","","","","","","","","","","",20000,1,"","",0,1,"","","","","","","","","","","","",4,1,"","","","","","","","","","","","","","","","","","","","","","","","","","","","","","","","","","","","","","","","","","","","","","","","","","","","","",""
"35049001","CANCALE",48.711667,-1.843333,40,1981072106,"","","","",9.,1,280,1,"","","","","","","","","","","","","","","","","","","","","","","","","","","","",14.8,1,13.3,1,"","","","","","","","","","","","","","","","","","","","","","","","","","",93,1,"","","","","","","","","","","","",15.7,1,1021.2,1,"","","","","","",7,1,7,1,7,1,"","","","","","","","","","","","","","","","","","","","","","","","","","","","",20000,1,"","",50,1,"","","","",1,1,"","","","","","",3,1,"","","","","","","","","","","","","","","","","","","","","","","","","","","","","","","","","","","","","","","","","","","","","","","","","","","","","",""
"35049001","CANCALE",48.711667,-1.843333,40,1981072109,"","","","",9.,1,280,1,"","","","","","","","","","","","","","","","","","","","","","","","","","","","",15.9,1,13.2,1,"","","","","","","","","","","","","","","","","","","","","","","","","","",86,1,"","","","","","","","","","","","",15.6,1,1020.,1,"","","","","","",7,1,7,1,8,1,"","","","","","","","","","","","","","","","","","","","","","","","","","","","",20000,1,"","",50,1,2,1,"","","","","","","","","","",3,1,"","","","","","","","","","","","","","","","","","","","","","","","","","","","","","","","","","","","","","","","","","","","","","","","","","","","","",""
"35049001","CANCALE",48.711667,-1.843333,40,1981072112,"","","","",7.,1,280,1,"","","","","","","","","","","","","","","","","","","","","","","","","","","","",17.3,1,13.8,1,"","","","","","","","","","","","","","","","","","","","","","","","","","",82,1,"","","","","","","","","","","","",16.2,1,1019.5,1,"","","","","","",7,1,7,1,8,1,"","","","","","","","","","","","","","","","","","","","","","","","","","","","",35000,1,"","",2,1,5,1,"","","","","","","","","","",2,1,"","","","","","","","","","","","","","","","","","","","","","","","","","","","","","","","","","","","","","","","","","","","","","","","","","","","","",""
"35049001","CANCALE",48.711667,-1.843333,40,1981072115,"","","","",3.,1,280,1,"","","","","","","","","","","","","","","","","","","","","","","","","","","","",17.9,1,14.,1,"","","","","","","","","","","","","","","","","","","","","","","","","","",80,1,"","","","","","","","","","","","",16.5,1,1018.,1,"","","","","","",8,1,8,1,8,1,"","","","","","","","","","","","","","","","","","","","","","","","","","","","",35000,1,"","",2,1,2,1,"","","","","","","","","","",2,1,"","","","","","","","","","","","","","","","","","","","","","","","","","","","","","","","","","","","","","","","","","","","","","","","","","","","","",""
"35049001","CANCALE",48.711667,-1.843333,40,1981072118,"","","","",6.,1,280,1,"","","","","","","","","","","","","","","","","","","","","","","","","","","","",16.4,1,15.3,1,"","","","","","","","","","","","","","","","","","","","","","","","","","",96,1,"","","","","","","","","","","","",17.9,1,1016.3,1,"","","","","","",8,1,8,1,7,1,"","","","","","","","","","","","","","","","","","","","","","","","","","","","",10000,1,"","",50,1,8,1,"","","","","","","","","","",3,1,"","","","","","","","","","","","","","","","","","","","","","","","","","","","","","","","","","","","","","","","","","","","","","","","","","","","","",""
"35049001","CANCALE",48.711667,-1.843333,40,1981072121,"","","","",7.,1,300,1,"","","","","","","","","","","","","","","","","","","","","","","","","","","","",16.1,1,15.3,1,"","","","","","","","","","","","","","","","","","","","","","","","","","",98,1,"","","","","","","","","","","","",17.9,1,1015.5,1,"","","","","","",8,1,8,1,6,1,"","","","","","","","","","","","","","","","","","","","","","","","","","","","",1600,1,"","",81,1,5,1,"","","","","","","","","","",3,1,"","","","","","","","","","","","","","","","","","","","","","","","","","","","","","","","","","","","","","","","","","","","","","","","","","","","","",""
"35049001","CANCALE",48.711667,-1.843333,40,1981072200,"","","","",10.,1,280,1,"","","","","","","","","","","","","","","","","","","","","","","","","","","","",15.2,1,13.6,1,"","","","","","","","","","","","","","","","","","","","","","","","","","",93,1,"","","","","","","","","","","","",16.,1,1014.,1,"","","","","","",8,1,8,1,8,1,"","","","","","","","","","","","","","","","","","","","","","","","","","","","",35000,1,"","",0,1,"","","","","","","","","","","","",4,1,"","","","","","","","","","","","","","","","","","","","","","","","","","","","","","","","","","","","","","","","","","","","","","","","","","","","","",""
"35049001","CANCALE",48.711667,-1.843333,40,1981072203,"","","","",9.,1,280,1,"","","","","","","","","","","","","","","","","","","","","","","","","","","","",14.2,1,11.2,1,"","","","","","","","","","","","","","","","","","","","","","","","","","",84,1,"","","","","","","","","","","","",13.6,1,1012.7,1,"","","","","","",7,1,7,1,5,1,"","","","","","","","","","","","","","","","","","","","","","","","","","","","",35000,1,"","",0,1,"","","","","","","","","","","","",3,1,"","","","","","","","","","","","","","","","","","","","","","","","","","","","","","","","","","","","","","","","","","","","","","","","","","","","","",""
"35049001","CANCALE",48.711667,-1.843333,40,1981072206,"","","","",4.,1,220,1,"","","","","","","","","","","","","","","","","","","","","","","","","","","","",13.,1,10.7,1,"","","","","","","","","","","","","","","","","","","","","","","","","","",88,1,"","","","","","","","","","","","",13.2,1,1011.8,1,"","","","","","",7,1,0,1,7,1,7,1,"","","","","","","","","","","","","","","","","","","","","","","","","","",17000,1,"","",2,1,"","","","",1,1,"","","","","","",2,1,"","","","","","","","","","","","","","","","","","","","","","","","","","","","","","","","","","","","","","","","","","","","","","","","","","","","","",""
"35049001","CANCALE",48.711667,-1.843333,40,1981072209,"","","","",5.,1,200,1,"","","","","","","","","","","","","","","","","","","","","","","","","","","","",13.6,1,10.8,1,"","","","","","","","","","","","","","","","","","","","","","","","","","",85,1,"","","","","","","","","","","","",13.3,1,1010.4,1,"","","","","","",8,1,8,1,0,1,7,1,"","","","","","","","","","","","","","","","","","","","","","","","","","",17000,1,"","",2,1,6,1,"","","","","","","","","","",3,1,"","","","","","","","","","","","","","","","","","","","","","","","","","","","","","","","","","","","","","","","","","","","","","","","","","","","","",""
"35049001","CANCALE",48.711667,-1.843333,40,1981072212,"","","","",7.,1,240,1,"","","","","","","","","","","","","","","","","","","","","","","","","","","","",17.1,1,11.9,1,"","","","","","","","","","","","","","","","","","","","","","","","","","",73,1,"","","","","","","","","","","","",14.3,1,1009.1,1,"","","","","","",8,1,0,1,8,1,7,1,"","","","","","","","","","","","","","","","","","","","","","","","","","",16000,1,"","",2,1,6,1,"","","","","","","","","","",3,1,"","","","","","","","","","","","","","","","","","","","","","","","","","","","","","","","","","","","","","","","","","","","","","","","","","","","","",""
"35049001","CANCALE",48.711667,-1.843333,40,1981072215,"","","","",9.,1,280,1,"","","","","","","","","","","","","","","","","","","","","","","","","","","","",14.7,1,11.9,1,"","","","","","","","","","","","","","","","","","","","","","","","","","",86,1,"","","","","","","","","","","","",14.3,1,1008.4,1,"","","","","","",7,1,7,1,8,1,"","","","","","","","","","","","","","","","","","","","","","","","","","","","",25000,1,"","",2,1,8,1,"","","","","","","","","","",3,1,"","","","","","","","","","","","","","","","","","","","","","","","","","","","","","","","","","","","","","","","","","","","","","","","","","","","","",""
"35049001","CANCALE",48.711667,-1.843333,40,1981072218,"","","","",11.,1,280,1,"","","","","","","","","","","","","","","","","","","","","","","","","","","","",15.2,1,10.4,1,"","","","","","","","","","","","","","","","","","","","","","","","","","",74,1,"","","","","","","","","","","","",12.9,1,1007.9,1,"","","","","","",6,1,6,1,8,1,0,1,0,1,"","","","","","","","","","","","","","","","","","","","","","","","",35000,1,"","",2,1,8,1,"","","","","","","","","","",3,1,"","","","","","","","","","","","","","","","","","","","","","","","","","","","","","","","","","","","","","","","","","","","","","","","","","","","","",""
"35049001","CANCALE",48.711667,-1.843333,40,1981072221,"","","","",11.,1,280,1,"","","","","","","","","","","","","","","","","","","","","","","","","","","","",14.3,1,10.2,1,"","","","","","","","","","","","","","","","","","","","","","","","","","",78,1,"","","","","","","","","","","","",12.7,1,1008.2,1,"","","","","","",5,1,5,1,8,1,0,1,0,1,"","","","","","","","","","","","","","","","","","","","","","","","",30000,1,"","",0,1,"","","","","","","","","","","","",4,1,"","","","","","","","","","","","","","","","","","","","","","","","","","","","","","","","","","","","","","","","","","","","","","","","","","","","","",""
"35049001","CANCALE",48.711667,-1.843333,40,1981072300,"","","","",7.,1,260,1,"","","","","","","","","","","","","","","","","","","","","","","","","","","","",13.4,1,10.1,1,"","","","","","","","","","","","","","","","","","","","","","","","","","",82,1,"","","","","","","","","","","","",12.6,1,1007.6,1,"","","","","","",5,1,5,1,8,1,0,1,0,1,"","","","","","","","","","","","","","","","","","","","","","","","",30000,1,"","",0,1,"","","","","","","","","","","","",3,1,"","","","","","","","","","","","","","","","","","","","","","","","","","","","","","","","","","","","","","","","","","","","","","","","","","","","","",""
"35049001","CANCALE",48.711667,-1.843333,40,1981072303,"","","","",6.,1,260,1,"","","","","","","","","","","","","","","","","","","","","","","","","","","","",11.9,1,9.6,1,"","","","","","","","","","","","","","","","","","","","","","","","","","",88,1,"","","","","","","","","","","","",12.2,1,1006.7,1,"","","","","","",5,1,5,1,8,1,0,1,0,1,"","","","","","","","","","","","","","","","","","","","","","","","",30000,1,"","",0,1,"","","","","","","","","","","","",3,1,"","","","","","","","","","","","","","","","","","","","","","","","","","","","","","","","","","","","","","","","","","","","","","","","","","","","","",""
"35049001","CANCALE",48.711667,-1.843333,40,1981072306,"","","","",8.,1,260,1,"","","","","","","","","","","","","","","","","","","","","","","","","","","","",11.6,1,9.1,1,"","","","","","","","","","","","","","","","","","","","","","","","","","",87,1,"","","","","","","","","","","","",11.8,1,1006.,1,"","","","","","",5,1,0,1,9,1,6,1,0,1,"","","","","","","","","","","","","","","","","","","","","","","","",18000,1,"","",2,1,"","","","",1,1,"","","","","","",3,1,"","","","","","","","","","","","","","","","","","","","","","","","","","","","","","","","","","","","","","","","","","","","","","","","","","","","","",""
"35049001","CANCALE",48.711667,-1.843333,40,1981072309,"","","","",13.,1,280,1,"","","","","","","","","","","","","","","","","","","","","","","","","","","","",13.9,1,10.7,1,"","","","","","","","","","","","","","","","","","","","","","","","","","",83,1,"","","","","","","","","","","","",13.2,1,1006.7,1,"","","","","","",7,1,5,1,9,1,6,1,"","","","","","","","","","","","","","","","","","","","","","","","","","",9000,1,"","",81,1,2,1,"","","","","","","","","","",4,1,"","","","","","","","","","","","","","","","","","","","","","","","","","","","","","","","","","","","","","","","","","","","","","","","","","","","","",""
"35049001","CANCALE",48.711667,-1.843333,40,1981072312,"","","","",10.,1,280,1,"","","","","","","","","","","","","","","","","","","","","","","","","","","","",15.,1,10.9,1,"","","","","","","","","","","","","","","","","","","","","","","","","","",78,1,"","","","","","","","","","","","",13.4,1,1006.7,1,"","","","","","",5,1,0,1,9,1,6,1,1,1,"","","","","","","","","","","","","","","","","","","","","","","","",25000,1,"","",2,1,8,1,"","","","","","","","","","",4,1,"","","","","","","","","","","","","","","","","","","","","","","","","","","","","","","","","","","","","","","","","","","","","","","","","","","","","",""
"35049001","CANCALE",48.711667,-1.843333,40,1981072315,"","","","",11.,1,280,1,"","","","","","","","","","","","","","","","","","","","","","","","","","","","",14.8,1,11.2,1,"","","","","","","","","","","","","","","","","","","","","","","","","","",81,1,"","","","","","","","","","","","",13.6,1,1007.9,1,"","","","","","",7,1,5,1,2,1,6,1,"","","","","","","","","","","","","","","","","","","","","","","","","","",30000,1,"","",21,1,2,1,"","","","","","","","","","",4,1,"","","","","","","","","","","","","","","","","","","","","","","","","","","","","","","","","","","","","","","","","","","","","","","","","","","","","",""
"35049001","CANCALE",48.711667,-1.843333,40,1981072318,"","","","",10.,1,260,1,"","","","","","","","","","","","","","","","","","","","","","","","","","","","",15.,1,10.7,1,"","","","","","","","","","","","","","","","","","","","","","","","","","",77,1,"","","","","","","","","","","","",13.2,1,1008.6,1,"","","","","","",6,1,0,1,9,1,6,1,0,1,"","","","","","","","","","","","","","","","","","","","","","","","",10000,1,"","",81,1,6,1,"","","","","","","","","","",4,1,"","","","","","","","","","","","","","","","","","","","","","","","","","","","","","","","","","","","","","","","","","","","","","","","","","","","","",""
"35049001","CANCALE",48.711667,-1.843333,40,1981072321,"","","","",12.,1,280,1,"","","","","","","","","","","","","","","","","","","","","","","","","","","","",13.8,1,11.9,1,"","","","","","","","","","","","","","","","","","","","","","","","","","",91,1,"","","","","","","","","","","","",14.3,1,1009.6,1,"","","","","","",8,1,8,1,7,1,"","","","","","","","","","","","","","","","","","","","","","","","","","","","",10000,1,"","",63,1,8,1,"","","","","","","","","","",5,1,"","","","","","","","","","","","","","","","","","","","","","","","","","","","","","","","","","","","","","","","","","","","","","","","","","","","","",""
"35049001","CANCALE",48.711667,-1.843333,40,1981072400,"","","","",9.,1,300,1,"","","","","","","","","","","","","","","","","","","","","","","","","","","","",14.2,1,12.3,1,"","","","","","","","","","","","","","","","","","","","","","","","","","",91,1,"","","","","","","","","","","","",14.7,1,1010.,1,"","","","","","",8,1,8,1,8,1,"","","","","","","","","","","","","","","","","","","","","","","","","","","","",30000,1,"","",0,1,"","","","","","","","","","","","",4,1,"","","","","","","","","","","","","","","","","","","","","","","","","","","","","","","","","","","","","","","","","","","","","","","","","","","","","",""
"35049001","CANCALE",48.711667,-1.843333,40,1981072403,"","","","",10.,1,300,1,"","","","","","","","","","","","","","","","","","","","","","","","","","","","",14.3,1,12.3,1,"","","","","","","","","","","","","","","","","","","","","","","","","","",90,1,"","","","","","","","","","","","",14.7,1,1011.,1,"","","","","","",7,1,7,1,8,1,"","","","","","","","","","","","","","","","","","","","","","","","","","","","",30000,1,"","",0,1,"","","","","","","","","","","","",4,1,"","","","","","","","","","","","","","","","","","","","","","","","","","","","","","","","","","","","","","","","","","","","","","","","","","","","","",""
"35049001","CANCALE",48.711667,-1.843333,40,1981072406,"","","","",10.,1,320,1,"","","","","","","","","","","","","","","","","","","","","","","","","","","","",14.3,1,10.9,1,"","","","","","","","","","","","","","","","","","","","","","","","","","",82,1,"","","","","","","","","","","","",13.4,1,1013.2,1,"","","","","","",7,1,7,1,8,1,"","","","","","","","","","","","","","","","","","","","","","","","","","","","",25000,1,"","",2,1,"","","","",1,1,"","","","","","",3,1,"","","","","","","","","","","","","","","","","","","","","","","","","","","","","","","","","","","","","","","","","","","","","","","","","","","","","",""
"35049001","CANCALE",48.711667,-1.843333,40,1981072409,"","","","",8.,1,300,1,"","","","","","","","","","","","","","","","","","","","","","","","","","","","",15.8,1,12.2,1,"","","","","","","","","","","","","","","","","","","","","","","","","","",81,1,"","","","","","","","","","","","",14.6,1,1015.5,1,"","","","","","",7,1,6,1,2,1,6,1,"","","","","","","","","","","","","","","","","","","","","","","","","","",25000,1,"","",2,1,2,1,"","","","","","","","","","",3,1,"","","","","","","","","","","","","","","","","","","","","","","","","","","","","","","","","","","","","","","","","","","","","","","","","","","","","",""
"35049001","CANCALE",48.711667,-1.843333,40,1981072412,"","","","",10.,1,280,1,"","","","","","","","","","","","","","","","","","","","","","","","","","","","",16.,1,11.4,1,"","","","","","","","","","","","","","","","","","","","","","","","","","",76,1,"","","","","","","","","","","","",13.8,1,1017.4,1,"","","","","","",6,1,6,1,2,1,0,1,0,1,"","","","","","","","","","","","","","","","","","","","","","","","",25000,1,"","",2,1,2,1,"","","","","","","","","","",3,1,"","","","","","","","","","","","","","","","","","","","","","","","","","","","","","","","","","","","","","","","","","","","","","","","","","","","","",""
"35049001","CANCALE",48.711667,-1.843333,40,1981072415,"","","","",11.,1,300,1,"","","","","","","","","","","","","","","","","","","","","","","","","","","","",16.4,1,11.3,1,"","","","","","","","","","","","","","","","","","","","","","","","","","",74,1,"","","","","","","","","","","","",13.7,1,1018.2,1,"","","","","","",5,1,0,1,3,1,6,1,0,1,"","","","","","","","","","","","","","","","","","","","","","","","",30000,1,"","",2,1,2,1,"","","","","","","","","","",4,1,"","","","","","","","","","","","","","","","","","","","","","","","","","","","","","","","","","","","","","","","","","","","","","","","","","","","","",""
"35049001","CANCALE",48.711667,-1.843333,40,1981072418,"","","","",13.,1,300,1,"","","","","","","","","","","","","","","","","","","","","","","","","","","","",15.5,1,9.9,1,"","","","","","","","","","","","","","","","","","","","","","","","","","",71,1,"","","","","","","","","","","","",12.5,1,1018.8,1,"","","","","","",5,1,0,1,3,1,6,1,0,1,"","","","","","","","","","","","","","","","","","","","","","","","",35000,1,"","",2,1,2,1,"","","","","","","","","","",4,1,"","","","","","","","","","","","","","","","","","","","","","","","","","","","","","","","","","","","","","","","","","","","","","","","","","","","","",""
"35049001","CANCALE",48.711667,-1.843333,40,1981072421,"","","","",12.,1,300,1,"","","","","","","","","","","","","","","","","","","","","","","","","","","","",14.5,1,10.4,1,"","","","","","","","","","","","","","","","","","","","","","","","","","",78,1,"","","","","","","","","","","","",12.9,1,1020.3,1,"","","","","","",8,1,8,1,8,1,"","","","","","","","","","","","","","","","","","","","","","","","","","","","",25000,1,"","",0,1,"","","","","","","","","","","","",4,1,"","","","","","","","","","","","","","","","","","","","","","","","","","","","","","","","","","","","","","","","","","","","","","","","","","","","","",""
"35049001","CANCALE",48.711667,-1.843333,40,1981072500,"","","","",12.,1,300,1,"","","","","","","","","","","","","","","","","","","","","","","","","","","","",14.2,1,9.9,1,"","","","","","","","","","","","","","","","","","","","","","","","","","",77,1,"","","","","","","","","","","","",12.5,1,1020.7,1,"","","","","","",8,1,8,1,8,1,"","","","","","","","","","","","","","","","","","","","","","","","","","","","",25000,1,"","",0,1,"","","","","","","","","","","","",4,1,"","","","","","","","","","","","","","","","","","","","","","","","","","","","","","","","","","","","","","","","","","","","","","","","","","","","","",""
"35049001","CANCALE",48.711667,-1.843333,40,1981072503,"","","","",11.,1,280,1,"","","","","","","","","","","","","","","","","","","","","","","","","","","","",14.,1,8.2,1,"","","","","","","","","","","","","","","","","","","","","","","","","","",69,1,"","","","","","","","","","","","",11.1,1,1021.6,1,"","","","","","",8,1,8,1,8,1,"","","","","","","","","","","","","","","","","","","","","","","","","","","","",25000,1,"","",0,1,"","","","","","","","","","","","",4,1,"","","","","","","","","","","","","","","","","","","","","","","","","","","","","","","","","","","","","","","","","","","","","","","","","","","","","",""
"35049001","CANCALE",48.711667,-1.843333,40,1981072506,"","","","",11.,1,300,1,"","","","","","","","","","","","","","","","","","","","","","","","","","","","",14.,1,9.8,1,"","","","","","","","","","","","","","","","","","","","","","","","","","",78,1,"","","","","","","","","","","","",12.4,1,1022.2,1,"","","","","","",6,1,0,1,8,1,6,1,8,1,"","","","","","","","","","","","","","","","","","","","","","","","",35000,1,"","",2,1,"","","","",0,1,"","","","","","",4,1,"","","","","","","","","","","","","","","","","","","","","","","","","","","","","","","","","","","","","","","","","","","","","","","","","","","","","",""
"35049001","CANCALE",48.711667,-1.843333,40,1981072509,"","","","",10.,1,320,1,"","","","","","","","","","","","","","","","","","","","","","","","","","","","",14.6,1,10.3,1,"","","","","","","","","","","","","","","","","","","","","","","","","","",77,1,"","","","","","","","","","","","",12.8,1,1023.9,1,"","","","","","",8,1,8,1,8,1,"","","","","","","","","","","","","","","","","","","","","","","","","","","","",35000,1,"","",2,1,8,1,"","","","","","","","","","",4,1,"","","","","","","","","","","","","","","","","","","","","","","","","","","","","","","","","","","","","","","","","","","","","","","","","","","","","",""
"35049001","CANCALE",48.711667,-1.843333,40,1981072512,"","","","",9.,1,300,1,"","","","","","","","","","","","","","","","","","","","","","","","","","","","",15.5,1,9.5,1,"","","","","","","","","","","","","","","","","","","","","","","","","","",69,1,"","","","","","","","","","","","",12.1,1,1025.2,1,"","","","","","",8,1,5,1,8,1,7,1,"","","","","","","","","","","","","","","","","","","","","","","","","","",35000,1,"","",2,1,8,1,"","","","","","","","","","",4,1,"","","","","","","","","","","","","","","","","","","","","","","","","","","","","","","","","","","","","","","","","","","","","","","","","","","","","",""
"35049001","CANCALE",48.711667,-1.843333,40,1981072515,"","","","",6.,1,300,1,"","","","","","","","","","","","","","","","","","","","","","","","","","","","",15.3,1,10.6,1,"","","","","","","","","","","","","","","","","","","","","","","","","","",75,1,"","","","","","","","","","","","",13.1,1,1025.5,1,"","","","","","",8,1,8,1,2,1,7,1,"","","","","","","","","","","","","","","","","","","","","","","","","","",35000,1,"","",2,1,2,1,"","","","","","","","","","",3,1,"","","","","","","","","","","","","","","","","","","","","","","","","","","","","","","","","","","","","","","","","","","","","","","","","","","","","",""
"35049001","CANCALE",48.711667,-1.843333,40,1981072518,"","","","",6.,1,300,1,"","","","","","","","","","","","","","","","","","","","","","","","","","","","",15.5,1,11.5,1,"","","","","","","","","","","","","","","","","","","","","","","","","","",79,1,"","","","","","","","","","","","",13.9,1,1025.6,1,"","","","","","",6,1,0,1,2,1,6,1,0,1,"","","","","","","","","","","","","","","","","","","","","","","","",30000,1,"","",1,1,2,1,"","","","","","","","","","",3,1,"","","","","","","","","","","","","","","","","","","","","","","","","","","","","","","","","","","","","","","","","","","","","","","","","","","","","",""
"35049001","CANCALE",48.711667,-1.843333,40,1981072521,"","","","",8.,1,300,1,"","","","","","","","","","","","","","","","","","","","","","","","","","","","",15.4,1,11.1,1,"","","","","","","","","","","","","","","","","","","","","","","","","","",77,1,"","","","","","","","","","","","",13.5,1,1026.,1,"","","","","","",8,1,8,1,5,1,"","","","","","","","","","","","","","","","","","","","","","","","","","","","",30000,1,"","",0,1,"","","","","","","","","","","","",3,1,"","","","","","","","","","","","","","","","","","","","","","","","","","","","","","","","","","","","","","","","","","","","","","","","","","","","","",""
"35049001","CANCALE",48.711667,-1.843333,40,1981072600,"","","","",4.,1,260,1,"","","","","","","","","","","","","","","","","","","","","","","","","","","","",14.7,1,11.3,1,"","","","","","","","","","","","","","","","","","","","","","","","","","",82,1,"","","","","","","","","","","","",13.7,1,1026.3,1,"","","","","","",8,1,8,1,5,1,"","","","","","","","","","","","","","","","","","","","","","","","","","","","",30000,1,"","",0,1,"","","","","","","","","","","","",3,1,"","","","","","","","","","","","","","","","","","","","","","","","","","","","","","","","","","","","","","","","","","","","","","","","","","","","","",""
"35049001","CANCALE",48.711667,-1.843333,40,1981072603,"","","","",5.,1,280,1,"","","","","","","","","","","","","","","","","","","","","","","","","","","","",14.,1,11.8,1,"","","","","","","","","","","","","","","","","","","","","","","","","","",89,1,"","","","","","","","","","","","",14.2,1,1026.4,1,"","","","","","",8,1,8,1,5,1,"","","","","","","","","","","","","","","","","","","","","","","","","","","","",25000,1,"","",0,1,"","","","","","","","","","","","",3,1,"","","","","","","","","","","","","","","","","","","","","","","","","","","","","","","","","","","","","","","","","","","","","","","","","","","","","",""
"35049001","CANCALE",48.711667,-1.843333,40,1981072606,"","","","",5.,1,240,1,"","","","","","","","","","","","","","","","","","","","","","","","","","","","",13.6,1,12.5,1,"","","","","","","","","","","","","","","","","","","","","","","","","","",96,1,"","","","","","","","","","","","",14.9,1,1026.2,1,"","","","","","",8,1,8,1,7,1,"","","","","","","","","","","","","","","","","","","","","","","","","","","","",3500,1,"","",51,1,"","","","",1,1,"","","","","","",3,1,"","","","","","","","","","","","","","","","","","","","","","","","","","","","","","","","","","","","","","","","","","","","","","","","","","","","","",""
"35049001","CANCALE",48.711667,-1.843333,40,1981072609,"","","","",7.,1,280,1,"","","","","","","","","","","","","","","","","","","","","","","","","","","","",15.5,1,14.1,1,"","","","","","","","","","","","","","","","","","","","","","","","","","",94,1,"","","","","","","","","","","","",16.6,1,1026.3,1,"","","","","","",8,1,8,1,7,1,"","","","","","","","","","","","","","","","","","","","","","","","","","","","",17000,1,"","",2,1,5,1,"","","","","","","","","","",3,1,"","","","","","","","","","","","","","","","","","","","","","","","","","","","","","","","","","","","","","","","","","","","","","","","","","","","","",""
"35049001","CANCALE",48.711667,-1.843333,40,1981072612,"","","","",9.,1,300,1,"","","","","","","","","","","","","","","","","","","","","","","","","","","","",15.7,1,14.,1,"","","","","","","","","","","","","","","","","","","","","","","","","","",92,1,"","","","","","","","","","","","",16.5,1,1026.4,1,"","","","","","",8,1,8,1,7,1,"","","","","","","","","","","","","","","","","","","","","","","","","","","","",7000,1,"","",1,1,2,1,"","","","","","","","","","",3,1,"","","","","","","","","","","","","","","","","","","","","","","","","","","","","","","","","","","","","","","","","","","","","","","","","","","","","",""
"35049001","CANCALE",48.711667,-1.843333,40,1981072615,"","","","",8.,1,300,1,"","","","","","","","","","","","","","","","","","","","","","","","","","","","",16.5,1,14.3,1,"","","","","","","","","","","","","","","","","","","","","","","","","","",90,1,"","","","","","","","","","","","",16.8,1,1027.1,1,"","","","","","",8,1,8,1,7,1,"","","","","","","","","","","","","","","","","","","","","","","","","","","","",30000,1,"","",2,1,2,1,"","","","","","","","","","",3,1,"","","","","","","","","","","","","","","","","","","","","","","","","","","","","","","","","","","","","","","","","","","","","","","","","","","","","",""
"35049001","CANCALE",48.711667,-1.843333,40,1981072618,"","","","",9.,1,300,1,"","","","","","","","","","","","","","","","","","","","","","","","","","","","",16.,1,14.1,1,"","","","","","","","","","","","","","","","","","","","","","","","","","",91,1,"","","","","","","","","","","","",16.6,1,1027.4,1,"","","","","","",8,1,8,1,5,1,"","","","","","","","","","","","","","","","","","","","","","","","","","","","",23000,1,"","",2,1,2,1,"","","","","","","","","","",3,1,"","","","","","","","","","","","","","","","","","","","","","","","","","","","","","","","","","","","","","","","","","","","","","","","","","","","","",""
"35049001","CANCALE",48.711667,-1.843333,40,1981072621,"","","","",8.,1,300,1,"","","","","","","","","","","","","","","","","","","","","","","","","","","","",15.4,1,13.8,1,"","","","","","","","","","","","","","","","","","","","","","","","","","",92,1,"","","","","","","","","","","","",16.2,1,1027.6,1,"","","","","","",1,1,0,1,1,1,0,1,0,1,"","","","","","","","","","","","","","","","","","","","","","","","",35000,1,"","",0,1,"","","","","","","","","","","","",3,1,"","","","","","","","","","","","","","","","","","","","","","","","","","","","","","","","","","","","","","","","","","","","","","","","","","","","","",""
"35049001","CANCALE",48.711667,-1.843333,40,1981072700,"","","","",10.,1,300,1,"","","","","","","","","","","","","","","","","","","","","","","","","","","","",15.4,1,14.,1,"","","","","","","","","","","","","","","","","","","","","","","","","","",94,1,"","","","","","","","","","","","",16.4,1,1027.8,1,"","","","","","",0,1,"","",0,1,0,1,0,1,"","","","","","","","","","","","","","","","","","","","","","","","",35000,1,"","",0,1,"","","","","","","","","","","","",4,1,"","","","","","","","","","","","","","","","","","","","","","","","","","","","","","","","","","","","","","","","","","","","","","","","","","","","","",""
"35049001","CANCALE",48.711667,-1.843333,40,1981072703,"","","","",8.,1,300,1,"","","","","","","","","","","","","","","","","","","","","","","","","","","","",15.,1,13.7,1,"","","","","","","","","","","","","","","","","","","","","","","","","","",95,1,"","","","","","","","","","","","",16.1,1,1027.2,1,"","","","","","",1,1,0,1,1,1,0,1,0,1,"","","","","","","","","","","","","","","","","","","","","","","","",35000,1,"","",0,1,"","","","","","","","","","","","",3,1,"","","","","","","","","","","","","","","","","","","","","","","","","","","","","","","","","","","","","","","","","","","","","","","","","","","","","",""
"35049001","CANCALE",48.711667,-1.843333,40,1981072706,"","","","",6.,1,300,1,"","","","","","","","","","","","","","","","","","","","","","","","","","","","",15.2,1,13.6,1,"","","","","","","","","","","","","","","","","","","","","","","","","","",93,1,"","","","","","","","","","","","",16.,1,1027.6,1,"","","","","","",1,1,0,1,1,1,0,1,0,1,"","","","","","","","","","","","","","","","","","","","","","","","",16000,1,"","",2,1,"","","","",0,1,"","","","","","",2,1,"","","","","","","","","","","","","","","","","","","","","","","","","","","","","","","","","","","","","","","","","","","","","","","","","","","","","",""
"35049001","CANCALE",48.711667,-1.843333,40,1981072709,"","","","",1.,1,340,1,"","","","","","","","","","","","","","","","","","","","","","","","","","","","",17.6,1,14.4,1,"","","","","","","","","","","","","","","","","","","","","","","","","","",90,1,"","","","","","","","","","","","",16.9,1,1028.3,1,"","","","","","",1,1,0,1,2,1,0,1,0,1,"","","","","","","","","","","","","","","","","","","","","","","","",18000,1,"","",2,1,0,1,"","","","","","","","","","",2,1,"","","","","","","","","","","","","","","","","","","","","","","","","","","","","","","","","","","","","","","","","","","","","","","","","","","","","",""
"35049001","CANCALE",48.711667,-1.843333,40,1981072712,"","","","",2.,1,280,1,"","","","","","","","","","","","","","","","","","","","","","","","","","","","",18.9,1,14.3,1,"","","","","","","","","","","","","","","","","","","","","","","","","","",77,1,"","","","","","","","","","","","",16.7,1,1028.3,1,"","","","","","",1,1,0,1,1,1,0,1,0,1,"","","","","","","","","","","","","","","","","","","","","","","","",20000,1,"","",2,1,0,1,"","","","","","","","","","",2,1,"","","","","","","","","","","","","","","","","","","","","","","","","","","","","","","","","","","","","","","","","","","","","","","","","","","","","",""
"35049001","CANCALE",48.711667,-1.843333,40,1981072715,"","","","",4.,1,280,1,"","","","","","","","","","","","","","","","","","","","","","","","","","","","",18.5,1,14.7,1,"","","","","","","","","","","","","","","","","","","","","","","","","","",80,1,"","","","","","","","","","","","",17.2,1,1027.6,1,"","","","","","",2,1,0,1,1,1,4,1,0,1,"","","","","","","","","","","","","","","","","","","","","","","","",22000,1,"","",2,1,0,1,"","","","","","","","","","",2,1,"","","","","","","","","","","","","","","","","","","","","","","","","","","","","","","","","","","","","","","","","","","","","","","","","","","","","",""
"35049001","CANCALE",48.711667,-1.843333,40,1981072718,"","","","",5.,1,300,1,"","","","","","","","","","","","","","","","","","","","","","","","","","","","",19.1,1,15.1,1,"","","","","","","","","","","","","","","","","","","","","","","","","","",80,1,"","","","","","","","","","","","",17.7,1,1026.7,1,"","","","","","",1,1,0,1,0,1,4,1,0,1,"","","","","","","","","","","","","","","","","","","","","","","","",25000,1,"","",2,1,0,1,"","","","","","","","","","",2,1,"","","","","","","","","","","","","","","","","","","","","","","","","","","","","","","","","","","","","","","","","","","","","","","","","","","","","",""
"35049001","CANCALE",48.711667,-1.843333,40,1981072721,"","","","",3.,1,300,1,"","","","","","","","","","","","","","","","","","","","","","","","","","","","",16.4,1,14.6,1,"","","","","","","","","","","","","","","","","","","","","","","","","","",91,1,"","","","","","","","","","","","",17.1,1,1026.3,1,"","","","","","",1,1,0,1,0,1,4,1,0,1,"","","","","","","","","","","","","","","","","","","","","","","","",30000,1,"","",2,1,0,1,"","","","","","","","","","",2,1,"","","","","","","","","","","","","","","","","","","","","","","","","","","","","","","","","","","","","","","","","","","","","","","","","","","","","",""
"35049001","CANCALE",48.711667,-1.843333,40,1981072800,"","","","",2.,1,20,1,"","","","","","","","","","","","","","","","","","","","","","","","","","","","",15.8,1,14.5,1,"","","","","","","","","","","","","","","","","","","","","","","","","","",94,1,"","","","","","","","","","","","",17.,1,1026.,1,"","","","","","",0,1,"","",0,1,0,1,0,1,"","","","","","","","","","","","","","","","","","","","","","","","",15000,1,"","",0,1,"","","","","","","","","","","","",2,1,"","","","","","","","","","","","","","","","","","","","","","","","","","","","","","","","","","","","","","","","","","","","","","","","","","","","","",""
"35049001","CANCALE",48.711667,-1.843333,40,1981072803,"","","","",3.,1,80,1,"","","","","","","","","","","","","","","","","","","","","","","","","","","","",15.5,1,14.2,1,"","","","","","","","","","","","","","","","","","","","","","","","","","",94,1,"","","","","","","","","","","","",16.7,1,1025.2,1,"","","","","","",0,1,"","",0,1,0,1,0,1,"","","","","","","","","","","","","","","","","","","","","","","","",15000,1,"","",0,1,"","","","","","","","","","","","",1,1,"","","","","","","","","","","","","","","","","","","","","","","","","","","","","","","","","","","","","","","","","","","","","","","","","","","","","",""
"35049001","CANCALE",48.711667,-1.843333,40,1981072806,"","","","",3.,1,120,1,"","","","","","","","","","","","","","","","","","","","","","","","","","","","",15.5,1,14.2,1,"","","","","","","","","","","","","","","","","","","","","","","","","","",94,1,"","","","","","","","","","","","",16.7,1,1024.8,1,"","","","","","",0,1,"","",0,1,0,1,0,1,"","","","","","","","","","","","","","","","","","","","","","","","",9000,1,"","",2,1,"","","","",1,1,"","","","","","",2,1,"","","","","","","","","","","","","","","","","","","","","","","","","","","","","","","","","","","","","","","","","","","","","","","","","","","","","",""
"35049001","CANCALE",48.711667,-1.843333,40,1981072809,"","","","",4.,1,120,1,"","","","","","","","","","","","","","","","","","","","","","","","","","","","",18.4,1,14.8,1,"","","","","","","","","","","","","","","","","","","","","","","","","","",82,1,"","","","","","","","","","","","",17.3,1,1024.3,1,"","","","","","",0,1,"","",0,1,0,1,0,1,"","","","","","","","","","","","","","","","","","","","","","","","",17000,1,"","",2,1,0,1,"","","","","","","","","","",2,1,"","","","","","","","","","","","","","","","","","","","","","","","","","","","","","","","","","","","","","","","","","","","","","","","","","","","","",""
"35049001","CANCALE",48.711667,-1.843333,40,1981072812,"","","","",4.,1,100,1,"","","","","","","","","","","","","","","","","","","","","","","","","","","","",21.,1,14.8,1,"","","","","","","","","","","","","","","","","","","","","","","","","","",70,1,"","","","","","","","","","","","",17.3,1,1023.5,1,"","","","","","",2,1,0,1,0,1,6,1,0,1,"","","","","","","","","","","","","","","","","","","","","","","","",16000,1,"","",2,1,0,1,"","","","","","","","","","",2,1,"","","","","","","","","","","","","","","","","","","","","","","","","","","","","","","","","","","","","","","","","","","","","","","","","","","","","",""
"35049001","CANCALE",48.711667,-1.843333,40,1981072815,"","","","",4.,1,40,1,"","","","","","","","","","","","","","","","","","","","","","","","","","","","",20.5,1,15.2,1,"","","","","","","","","","","","","","","","","","","","","","","","","","",74,1,"","","","","","","","","","","","",17.8,1,1021.6,1,"","","","","","",1,1,0,1,0,1,0,1,8,1,"","","","","","","","","","","","","","","","","","","","","","","","",16000,1,"","",2,1,0,1,"","","","","","","","","","",2,1,"","","","","","","","","","","","","","","","","","","","","","","","","","","","","","","","","","","","","","","","","","","","","","","","","","","","","",""
"35049001","CANCALE",48.711667,-1.843333,40,1981072818,"","","","",6.,1,20,1,"","","","","","","","","","","","","","","","","","","","","","","","","","","","",18.9,1,14.9,1,"","","","","","","","","","","","","","","","","","","","","","","","","","",80,1,"","","","","","","","","","","","",17.5,1,1020.6,1,"","","","","","",1,1,0,1,0,1,0,1,8,1,"","","","","","","","","","","","","","","","","","","","","","","","",17000,1,"","",2,1,0,1,"","","","","","","","","","",2,1,"","","","","","","","","","","","","","","","","","","","","","","","","","","","","","","","","","","","","","","","","","","","","","","","","","","","","",""
"35049001","CANCALE",48.711667,-1.843333,40,1981072821,"","","","",5.,1,20,1,"","","","","","","","","","","","","","","","","","","","","","","","","","","","",17.2,1,15.,1,"","","","","","","","","","","","","","","","","","","","","","","","","","",90,1,"","","","","","","","","","","","",17.6,1,1021.1,1,"","","","","","",0,1,"","",0,1,0,1,0,1,"","","","","","","","","","","","","","","","","","","","","","","","",20000,1,"","",2,1,0,1,"","","","","","","","","","",2,1,"","","","","","","","","","","","","","","","","","","","","","","","","","","","","","","","","","","","","","","","","","","","","","","","","","","","","",""
"35049001","CANCALE",48.711667,-1.843333,40,1981072900,"","","","",2.,1,60,1,"","","","","","","","","","","","","","","","","","","","","","","","","","","","",16.8,1,15.3,1,"","","","","","","","","","","","","","","","","","","","","","","","","","",94,1,"","","","","","","","","","","","",17.9,1,1019.9,1,"","","","","","",0,1,"","",0,1,0,1,0,1,"","","","","","","","","","","","","","","","","","","","","","","","",18000,1,"","",0,1,"","","","","","","","","","","","",2,1,"","","","","","","","","","","","","","","","","","","","","","","","","","","","","","","","","","","","","","","","","","","","","","","","","","","","","",""
"35049001","CANCALE",48.711667,-1.843333,40,1981072903,"","","","",1.,1,80,1,"","","","","","","","","","","","","","","","","","","","","","","","","","","","",16.6,1,15.3,1,"","","","","","","","","","","","","","","","","","","","","","","","","","",95,1,"","","","","","","","","","","","",17.9,1,1020.6,1,"","","","","","",0,1,"","",0,1,0,1,0,1,"","","","","","","","","","","","","","","","","","","","","","","","",7000,1,"","",0,1,"","","","","","","","","","","","",2,1,"","","","","","","","","","","","","","","","","","","","","","","","","","","","","","","","","","","","","","","","","","","","","","","","","","","","","",""
"35049001","CANCALE",48.711667,-1.843333,40,1981072906,"","","","",3.,1,80,1,"","","","","","","","","","","","","","","","","","","","","","","","","","","","",16.6,1,15.1,1,"","","","","","","","","","","","","","","","","","","","","","","","","","",94,1,"","","","","","","","","","","","",17.7,1,1019.,1,"","","","","","",0,1,"","",0,1,0,1,0,1,"","","","","","","","","","","","","","","","","","","","","","","","",3000,1,"","",10,1,"","","","",1,1,"","","","","","",2,1,"","","","","","","","","","","","","","","","","","","","","","","","","","","","","","","","","","","","","","","","","","","","","","","","","","","","","",""
"35049001","CANCALE",48.711667,-1.843333,40,1981072909,"","","","",2.,1,100,1,"","","","","","","","","","","","","","","","","","","","","","","","","","","","",19.5,1,14.8,1,"","","","","","","","","","","","","","","","","","","","","","","","","","",77,1,"","","","","","","","","","","","",17.4,1,1019.1,1,"","","","","","",0,1,"","",0,1,0,1,0,1,"","","","","","","","","","","","","","","","","","","","","","","","",6000,1,"","",2,1,0,1,"","","","","","","","","","",2,1,"","","","","","","","","","","","","","","","","","","","","","","","","","","","","","","","","","","","","","","","","","","","","","","","","","","","","",""
"35049001","CANCALE",48.711667,-1.843333,40,1981072912,"","","","",2.,1,300,1,"","","","","","","","","","","","","","","","","","","","","","","","","","","","",19.8,1,16.3,1,"","","","","","","","","","","","","","","","","","","","","","","","","","",83,1,"","","","","","","","","","","","",19.2,1,1019.1,1,"","","","","","",0,1,"","",0,1,0,1,0,1,"","","","","","","","","","","","","","","","","","","","","","","","",6000,1,"","",2,1,0,1,"","","","","","","","","","",2,1,"","","","","","","","","","","","","","","","","","","","","","","","","","","","","","","","","","","","","","","","","","","","","","","","","","","","","",""
"35049001","CANCALE",48.711667,-1.843333,40,1981072915,"","","","",4.,1,340,1,"","","","","","","","","","","","","","","","","","","","","","","","","","","","",22.3,1,17.,1,"","","","","","","","","","","","","","","","","","","","","","","","","","",74,1,"","","","","","","","","","","","",20.,1,1018.7,1,"","","","","","",0,1,"","",0,1,0,1,0,1,"","","","","","","","","","","","","","","","","","","","","","","","",8000,1,"","",2,1,0,1,"","","","","","","","","","",2,1,"","","","","","","","","","","","","","","","","","","","","","","","","","","","","","","","","","","","","","","","","","","","","","","","","","","","","",""
"35049001","CANCALE",48.711667,-1.843333,40,1981072918,"","","","",8.,1,20,1,"","","","","","","","","","","","","","","","","","","","","","","","","","","","",20.5,1,16.3,1,"","","","","","","","","","","","","","","","","","","","","","","","","","",79,1,"","","","","","","","","","","","",19.1,1,1018.,1,"","","","","","",0,1,"","",0,1,0,1,0,1,"","","","","","","","","","","","","","","","","","","","","","","","",12000,1,"","",2,1,0,1,"","","","","","","","","","",2,1,"","","","","","","","","","","","","","","","","","","","","","","","","","","","","","","","","","","","","","","","","","","","","","","","","","","","","",""
"35049001","CANCALE",48.711667,-1.843333,40,1981072921,"","","","",8.,1,60,1,"","","","","","","","","","","","","","","","","","","","","","","","","","","","",19.1,1,15.1,1,"","","","","","","","","","","","","","","","","","","","","","","","","","",80,1,"","","","","","","","","","","","",17.7,1,1018.6,1,"","","","","","",0,1,"","",0,1,0,1,0,1,"","","","","","","","","","","","","","","","","","","","","","","","",8000,1,"","",0,1,"","","","","","","","","","","","",2,1,"","","","","","","","","","","","","","","","","","","","","","","","","","","","","","","","","","","","","","","","","","","","","","","","","","","","","",""
"35049001","CANCALE",48.711667,-1.843333,40,1981073000,"","","","",3.,1,40,1,"","","","","","","","","","","","","","","","","","","","","","","","","","","","",18.,1,14.7,1,"","","","","","","","","","","","","","","","","","","","","","","","","","",83,1,"","","","","","","","","","","","",17.2,1,1018.8,1,"","","","","","",0,1,"","",0,1,0,1,0,1,"","","","","","","","","","","","","","","","","","","","","","","","",10000,1,"","",0,1,"","","","","","","","","","","","",2,1,"","","","","","","","","","","","","","","","","","","","","","","","","","","","","","","","","","","","","","","","","","","","","","","","","","","","","",""
"35049001","CANCALE",48.711667,-1.843333,40,1981073003,"","","","",3.,1,60,1,"","","","","","","","","","","","","","","","","","","","","","","","","","","","",17.5,1,14.7,1,"","","","","","","","","","","","","","","","","","","","","","","","","","",86,1,"","","","","","","","","","","","",17.2,1,1018.8,1,"","","","","","",0,1,"","",0,1,0,1,0,1,"","","","","","","","","","","","","","","","","","","","","","","","",15000,1,"","",0,1,"","","","","","","","","","","","",2,1,"","","","","","","","","","","","","","","","","","","","","","","","","","","","","","","","","","","","","","","","","","","","","","","","","","","","","",""
"35049001","CANCALE",48.711667,-1.843333,40,1981073006,"","","","",4.,1,80,1,"","","","","","","","","","","","","","","","","","","","","","","","","","","","",17.5,1,14.8,1,"","","","","","","","","","","","","","","","","","","","","","","","","","",87,1,"","","","","","","","","","","","",17.4,1,1018.6,1,"","","","","","",0,1,"","",0,1,0,1,0,1,"","","","","","","","","","","","","","","","","","","","","","","","",7000,1,"","",2,1,"","","","",0,1,"","","","","","",2,1,"","","","","","","","","","","","","","","","","","","","","","","","","","","","","","","","","","","","","","","","","","","","","","","","","","","","","",""
"35049001","CANCALE",48.711667,-1.843333,40,1981073009,"","","","",3.,1,60,1,"","","","","","","","","","","","","","","","","","","","","","","","","","","","",20.2,1,17.,1,"","","","","","","","","","","","","","","","","","","","","","","","","","",85,1,"","","","","","","","","","","","",20.,1,1018.9,1,"","","","","","",4,1,0,1,0,1,0,1,8,1,"","","","","","","","","","","","","","","","","","","","","","","","",6000,1,"","",3,1,0,1,"","","","","","","","","","",2,1,"","","","","","","","","","","","","","","","","","","","","","","","","","","","","","","","","","","","","","","","","","","","","","","","","","","","","",""
"35049001","CANCALE",48.711667,-1.843333,40,1981073012,"","","","",5.,1,80,1,"","","","","","","","","","","","","","","","","","","","","","","","","","","","",22.5,1,18.,1,"","","","","","","","","","","","","","","","","","","","","","","","","","",79,1,"","","","","","","","","","","","",21.4,1,1017.5,1,"","","","","","",6,1,6,1,0,1,8,1,8,1,"","","","","","","","","","","","","","","","","","","","","","","","",7000,1,"","",3,1,1,1,"","","","","","","","","","",2,1,"","","","","","","","","","","","","","","","","","","","","","","","","","","","","","","","","","","","","","","","","","","","","","","","","","","","","",""
"35049001","CANCALE",48.711667,-1.843333,40,1981073015,"","","","",9.,1,100,1,"","","","","","","","","","","","","","","","","","","","","","","","","","","","",22.6,1,18.1,1,"","","","","","","","","","","","","","","","","","","","","","","","","","",79,1,"","","","","","","","","","","","",21.5,1,1016.7,1,"","","","","","",8,1,8,1,0,1,7,1,"","","","","","","","","","","","","","","","","","","","","","","","","","",7000,1,"","",2,1,8,1,"","","","","","","","","","",3,1,"","","","","","","","","","","","","","","","","","","","","","","","","","","","","","","","","","","","","","","","","","","","","","","","","","","","","",""
"35049001","CANCALE",48.711667,-1.843333,40,1981073018,"","","","",8.,1,60,1,"","","","","","","","","","","","","","","","","","","","","","","","","","","","",19.5,1,17.2,1,"","","","","","","","","","","","","","","","","","","","","","","","","","",89,1,"","","","","","","","","","","","",20.3,1,1015.5,1,"","","","","","",8,1,8,1,0,1,8,1,8,1,"","","","","","","","","","","","","","","","","","","","","","","","",7000,1,"","",2,1,8,1,"","","","","","","","","","",3,1,"","","","","","","","","","","","","","","","","","","","","","","","","","","","","","","","","","","","","","","","","","","","","","","","","","","","","",""
"35049001","CANCALE",48.711667,-1.843333,40,1981073021,"","","","",8.,1,60,1,"","","","","","","","","","","","","","","","","","","","","","","","","","","","",19.,1,16.3,1,"","","","","","","","","","","","","","","","","","","","","","","","","","",88,1,"","","","","","","","","","","","",19.2,1,1015.7,1,"","","","","","",7,1,7,1,0,1,8,1,8,1,"","","","","","","","","","","","","","","","","","","","","","","","",10000,1,"","",0,1,"","","","","","","","","","","","",3,1,"","","","","","","","","","","","","","","","","","","","","","","","","","","","","","","","","","","","","","","","","","","","","","","","","","","","","",""
"35049001","CANCALE",48.711667,-1.843333,40,1981073100,"","","","",5.,1,120,1,"","","","","","","","","","","","","","","","","","","","","","","","","","","","",19.9,1,17.1,1,"","","","","","","","","","","","","","","","","","","","","","","","","","",87,1,"","","","","","","","","","","","",20.2,1,1013.8,1,"","","","","","",8,1,8,1,0,1,7,1,"","","","","","","","","","","","","","","","","","","","","","","","","","",13000,1,"","",0,1,"","","","","","","","","","","","",2,1,"","","","","","","","","","","","","","","","","","","","","","","","","","","","","","","","","","","","","","","","","","","","","","","","","","","","","",""
"35049001","CANCALE",48.711667,-1.843333,40,1981073103,"","","","",6.,1,140,1,"","","","","","","","","","","","","","","","","","","","","","","","","","","","",19.8,1,17.3,1,"","","","","","","","","","","","","","","","","","","","","","","","","","",88,1,"","","","","","","","","","","","",20.5,1,1011.8,1,"","","","","","",8,1,8,1,1,1,7,1,"","","","","","","","","","","","","","","","","","","","","","","","","","",22000,1,"","",0,1,"","","","","","","","","","","","",2,1,"","","","","","","","","","","","","","","","","","","","","","","","","","","","","","","","","","","","","","","","","","","","","","","","","","","","","",""
"35049001","CANCALE",48.711667,-1.843333,40,1981073106,"","","","",1.,1,360,1,"","","","","","","","","","","","","","","","","","","","","","","","","","","","",19.2,1,16.7,1,"","","","","","","","","","","","","","","","","","","","","","","","","","",88,1,"","","","","","","","","","","","",19.7,1,1010.9,1,"","","","","","",2,1,0,1,9,1,6,1,0,1,"","","","","","","","","","","","","","","","","","","","","","","","",7000,1,"","",1,1,"","","","",0,1,"","","","","","",2,1,"","","","","","","","","","","","","","","","","","","","","","","","","","","","","","","","","","","","","","","","","","","","","","","","","","","","","",""
"35049001","CANCALE",48.711667,-1.843333,40,1981073109,"","","","",3.,1,300,1,"","","","","","","","","","","","","","","","","","","","","","","","","","","","",19.5,1,17.3,1,"","","","","","","","","","","","","","","","","","","","","","","","","","",90,1,"","","","","","","","","","","","",20.5,1,1010.1,1,"","","","","","",7,1,0,1,9,1,6,1,"","","","","","","","","","","","","","","","","","","","","","","","","","",7000,1,"","",17,1,8,1,"","","","","","","","","","",2,1,"","","","","","","","","","","","","","","","","","","","","","","","","","","","","","","","","","","","","","","","","","","","","","","","","","","","","",""
"35049001","CANCALE",48.711667,-1.843333,40,1981073112,"","","","",7.,1,200,1,"","","","","","","","","","","","","","","","","","","","","","","","","","","","",20.6,1,17.5,1,"","","","","","","","","","","","","","","","","","","","","","","","","","",86,1,"","","","","","","","","","","","",20.7,1,1011.4,1,"","","","","","",8,1,7,1,7,1,2,1,"","","","","","","","","","","","","","","","","","","","","","","","","","",8000,1,"","",60,1,9,1,"","","","","","","","","","",2,1,"","","","","","","","","","","","","","","","","","","","","","","","","","","","","","","","","","","","","","","","","","","","","","","","","","","","","",""
"35049001","CANCALE",48.711667,-1.843333,40,1981073115,"","","","",4.,1,200,1,"","","","","","","","","","","","","","","","","","","","","","","","","","","","",19.8,1,16.3,1,"","","","","","","","","","","","","","","","","","","","","","","","","","",83,1,"","","","","","","","","","","","",19.2,1,1009.9,1,"","","","","","",7,1,7,1,8,1,"","","","","","","","","","","","","","","","","","","","","","","","","","","","",25000,1,"","",2,1,6,1,"","","","","","","","","","",2,1,"","","","","","","","","","","","","","","","","","","","","","","","","","","","","","","","","","","","","","","","","","","","","","","","","","","","","",""
"35049001","CANCALE",48.711667,-1.843333,40,1981073118,"","","","",1.,1,280,1,"","","","","","","","","","","","","","","","","","","","","","","","","","","","",22.2,1,18.5,1,"","","","","","","","","","","","","","","","","","","","","","","","","","",83,1,"","","","","","","","","","","","",22.1,1,1008.9,1,"","","","","","",4,1,0,1,2,1,6,1,0,1,"","","","","","","","","","","","","","","","","","","","","","","","",25000,1,"","",2,1,6,1,"","","","","","","","","","",2,1,"","","","","","","","","","","","","","","","","","","","","","","","","","","","","","","","","","","","","","","","","","","","","","","","","","","","","",""
"35049001","CANCALE",48.711667,-1.843333,40,1981073121,"","","","",2.,1,320,1,"","","","","","","","","","","","","","","","","","","","","","","","","","","","",17.5,1,15.5,1,"","","","","","","","","","","","","","","","","","","","","","","","","","",91,1,"","","","","","","","","","","","",18.2,1,1010.6,1,"","","","","","",8,1,8,1,0,1,7,1,"","","","","","","","","","","","","","","","","","","","","","","","","","",25000,1,"","",0,1,"","","","","","","","","","","","",2,1,"","","","","","","","","","","","","","","","","","","","","","","","","","","","","","","","","","","","","","","","","","","","","","","","","","","","","",""
"35049001","CANCALE",48.711667,-1.843333,40,1981080100,"","","","",3.,1,120,1,"","","","","","","","","","","","","","","","","","","","","","","","","","","","",17.5,1,16.2,1,"","","","","","","","","","","","","","","","","","","","","","","","","","",95,1,"","","","","","","","","","","","",19.,1,1009.9,1,"","","","","","",8,1,8,1,0,1,7,1,"","","","","","","","","","","","","","","","","","","","","","","","","","",25000,1,"","",0,1,"","","","","","","","","","","","",2,1,"","","","","","","","","","","","","","","","","","","","","","","","","","","","","","","","","","","","","","","","","","","","","","","","","","","","","",""
"35049001","CANCALE",48.711667,-1.843333,40,1981080103,"","","","",5.,1,180,1,"","","","","","","","","","","","","","","","","","","","","","","","","","","","",17.3,1,15.4,1,"","","","","","","","","","","","","","","","","","","","","","","","","","",92,1,"","","","","","","","","","","","",18.1,1,1009.9,1,"","","","","","",8,1,8,1,0,1,7,1,"","","","","","","","","","","","","","","","","","","","","","","","","","",25000,1,"","",0,1,"","","","","","","","","","","","",2,1,"","","","","","","","","","","","","","","","","","","","","","","","","","","","","","","","","","","","","","","","","","","","","","","","","","","","","",""
"35049001","CANCALE",48.711667,-1.843333,40,1981080106,"","","","",2.,1,220,1,"","","","","","","","","","","","","","","","","","","","","","","","","","","","",17.1,1,15.6,1,"","","","","","","","","","","","","","","","","","","","","","","","","","",94,1,"","","","","","","","","","","","",18.3,1,1009.9,1,"","","","","","",8,1,5,1,5,1,2,1,"","","","","","","","","","","","","","","","","","","","","","","","","","",6000,1,"","",2,1,"","","","",0,1,"","","","","","",2,1,"","","","","","","","","","","","","","","","","","","","","","","","","","","","","","","","","","","","","","","","","","","","","","","","","","","","","",""
"35049001","CANCALE",48.711667,-1.843333,40,1981080109,"","","","",4.,1,280,1,"","","","","","","","","","","","","","","","","","","","","","","","","","","","",17.5,1,15.7,1,"","","","","","","","","","","","","","","","","","","","","","","","","","",92,1,"","","","","","","","","","","","",18.4,1,1011.,1,"","","","","","",8,1,6,1,5,1,2,1,"","","","","","","","","","","","","","","","","","","","","","","","","","",9000,1,"","",2,1,2,1,"","","","","","","","","","",2,1,"","","","","","","","","","","","","","","","","","","","","","","","","","","","","","","","","","","","","","","","","","","","","","","","","","","","","",""
"35049001","CANCALE",48.711667,-1.843333,40,1981080112,"","","","",1.,1,20,1,"","","","","","","","","","","","","","","","","","","","","","","","","","","","",18.4,1,15.8,1,"","","","","","","","","","","","","","","","","","","","","","","","","","",88,1,"","","","","","","","","","","","",18.5,1,1011.6,1,"","","","","","",8,1,8,1,0,1,2,1,"","","","","","","","","","","","","","","","","","","","","","","","","","",9000,1,"","",2,1,2,1,"","","","","","","","","","",1,1,"","","","","","","","","","","","","","","","","","","","","","","","","","","","","","","","","","","","","","","","","","","","","","","","","","","","","",""
"35049001","CANCALE",48.711667,-1.843333,40,1981080115,"","","","",3.,1,320,1,"","","","","","","","","","","","","","","","","","","","","","","","","","","","",17.3,1,14.9,1,"","","","","","","","","","","","","","","","","","","","","","","","","","",89,1,"","","","","","","","","","","","",17.5,1,1012.4,1,"","","","","","",8,1,8,1,6,1,"","","","","","","","","","","","","","","","","","","","","","","","","","","","",8000,1,"","",50,1,2,1,"","","","","","","","","","",1,1,"","","","","","","","","","","","","","","","","","","","","","","","","","","","","","","","","","","","","","","","","","","","","","","","","","","","","",""
"35049001","CANCALE",48.711667,-1.843333,40,1981080118,"","","","",3.,1,340,1,"","","","","","","","","","","","","","","","","","","","","","","","","","","","",17.,1,15.,1,"","","","","","","","","","","","","","","","","","","","","","","","","","",91,1,"","","","","","","","","","","","",17.6,1,1013.6,1,"","","","","","",8,1,5,1,5,1,2,1,"","","","","","","","","","","","","","","","","","","","","","","","","","",7000,1,"","",2,1,5,1,"","","","","","","","","","",2,1,"","","","","","","","","","","","","","","","","","","","","","","","","","","","","","","","","","","","","","","","","","","","","","","","","","","","","",""
"35049001","CANCALE",48.711667,-1.843333,40,1981080121,"","","","",4.,1,40,1,"","","","","","","","","","","","","","","","","","","","","","","","","","","","",17.1,1,15.9,1,"","","","","","","","","","","","","","","","","","","","","","","","","","",97,1,"","","","","","","","","","","","",18.7,1,1015.,1,"","","","","","",8,1,8,1,6,1,"","","","","","","","","","","","","","","","","","","","","","","","","","","","",4000,1,"","",10,1,"","","","","","","","","","","","",2,1,"","","","","","","","","","","","","","","","","","","","","","","","","","","","","","","","","","","","","","","","","","","","","","","","","","","","","",""
"35049001","CANCALE",48.711667,-1.843333,40,1981080200,"","","","",4.,1,60,1,"","","","","","","","","","","","","","","","","","","","","","","","","","","","",17.,1,15.7,1,"","","","","","","","","","","","","","","","","","","","","","","","","","",95,1,"","","","","","","","","","","","",18.4,1,1015.5,1,"","","","","","",8,1,8,1,6,1,"","","","","","","","","","","","","","","","","","","","","","","","","","","","",3000,1,"","",10,1,"","","","","","","","","","","","",2,1,"","","","","","","","","","","","","","","","","","","","","","","","","","","","","","","","","","","","","","","","","","","","","","","","","","","","","",""
"35049001","CANCALE",48.711667,-1.843333,40,1981080203,"","","","",5.,1,40,1,"","","","","","","","","","","","","","","","","","","","","","","","","","","","",16.1,1,15.1,1,"","","","","","","","","","","","","","","","","","","","","","","","","","",97,1,"","","","","","","","","","","","",17.7,1,1015.8,1,"","","","","","",4,1,0,1,6,1,0,1,0,1,"","","","","","","","","","","","","","","","","","","","","","","","",4500,1,"","",10,1,"","","","","","","","","","","","",2,1,"","","","","","","","","","","","","","","","","","","","","","","","","","","","","","","","","","","","","","","","","","","","","","","","","","","","","",""
"35049001","CANCALE",48.711667,-1.843333,40,1981080206,"","","","",5.,1,60,1,"","","","","","","","","","","","","","","","","","","","","","","","","","","","",16.2,1,14.9,1,"","","","","","","","","","","","","","","","","","","","","","","","","","",95,1,"","","","","","","","","","","","",17.5,1,1017.2,1,"","","","","","",8,1,8,1,6,1,"","","","","","","","","","","","","","","","","","","","","","","","","","","","",3000,1,"","",10,1,"","","","",0,1,"","","","","","",2,1,"","","","","","","","","","","","","","","","","","","","","","","","","","","","","","","","","","","","","","","","","","","","","","","","","","","","","",""
"35049001","CANCALE",48.711667,-1.843333,40,1981080209,"","","","",3.,1,60,1,"","","","","","","","","","","","","","","","","","","","","","","","","","","","",16.6,1,15.1,1,"","","","","","","","","","","","","","","","","","","","","","","","","","",94,1,"","","","","","","","","","","","",17.7,1,1018.8,1,"","","","","","",8,1,8,1,6,1,"","","","","","","","","","","","","","","","","","","","","","","","","","","","",3000,1,"","",10,1,2,1,"","","","","","","","","","",2,1,"","","","","","","","","","","","","","","","","","","","","","","","","","","","","","","","","","","","","","","","","","","","","","","","","","","","","",""
"35049001","CANCALE",48.711667,-1.843333,40,1981080212,"","","","",4.,1,60,1,"","","","","","","","","","","","","","","","","","","","","","","","","","","","",18.9,1,16.1,1,"","","","","","","","","","","","","","","","","","","","","","","","","","",87,1,"","","","","","","","","","","","",18.9,1,1018.9,1,"","","","","","",8,1,8,1,6,1,"","","","","","","","","","","","","","","","","","","","","","","","","","","","",4000,1,"","",10,1,2,1,"","","","","","","","","","",1,1,"","","","","","","","","","","","","","","","","","","","","","","","","","","","","","","","","","","","","","","","","","","","","","","","","","","","","",""
"35049001","CANCALE",48.711667,-1.843333,40,1981080215,"","","","",5.,1,20,1,"","","","","","","","","","","","","","","","","","","","","","","","","","","","",19.4,1,16.6,1,"","","","","","","","","","","","","","","","","","","","","","","","","","",87,1,"","","","","","","","","","","","",19.5,1,1019.3,1,"","","","","","",7,1,7,1,6,1,"","","","","","","","","","","","","","","","","","","","","","","","","","","","",4000,1,"","",10,1,2,1,"","","","","","","","","","",2,1,"","","","","","","","","","","","","","","","","","","","","","","","","","","","","","","","","","","","","","","","","","","","","","","","","","","","","",""
"35049001","CANCALE",48.711667,-1.843333,40,1981080218,"","","","",5.,1,20,1,"","","","","","","","","","","","","","","","","","","","","","","","","","","","",18.1,1,15.9,1,"","","","","","","","","","","","","","","","","","","","","","","","","","",90,1,"","","","","","","","","","","","",18.7,1,1021.,1,"","","","","","",8,1,8,1,6,1,"","","","","","","","","","","","","","","","","","","","","","","","","","","","",3500,1,"","",10,1,2,1,"","","","","","","","","","",3,1,"","","","","","","","","","","","","","","","","","","","","","","","","","","","","","","","","","","","","","","","","","","","","","","","","","","","","",""
"35049001","CANCALE",48.711667,-1.843333,40,1981080221,"","","","",3.,1,20,1,"","","","","","","","","","","","","","","","","","","","","","","","","","","","",17.2,1,15.5,1,"","","","","","","","","","","","","","","","","","","","","","","","","","",93,1,"","","","","","","","","","","","",18.2,1,1022.8,1,"","","","","","",8,1,8,1,6,1,"","","","","","","","","","","","","","","","","","","","","","","","","","","","",3500,1,"","",10,1,"","","","","","","","","","","","",2,1,"","","","","","","","","","","","","","","","","","","","","","","","","","","","","","","","","","","","","","","","","","","","","","","","","","","","","",""
"35049001","CANCALE",48.711667,-1.843333,40,1981080300,"","","","",2.,1,40,1,"","","","","","","","","","","","","","","","","","","","","","","","","","","","",16.9,1,14.7,1,"","","","","","","","","","","","","","","","","","","","","","","","","","",92,1,"","","","","","","","","","","","",17.2,1,1024.3,1,"","","","","","",8,1,8,1,6,1,"","","","","","","","","","","","","","","","","","","","","","","","","","","","",4000,1,"","",10,1,"","","","","","","","","","","","",2,1,"","","","","","","","","","","","","","","","","","","","","","","","","","","","","","","","","","","","","","","","","","","","","","","","","","","","","",""
"35049001","CANCALE",48.711667,-1.843333,40,1981080303,"","","","",2.,1,260,1,"","","","","","","","","","","","","","","","","","","","","","","","","","","","",16.8,1,14.9,1,"","","","","","","","","","","","","","","","","","","","","","","","","","",91,1,"","","","","","","","","","","","",17.5,1,1024.3,1,"","","","","","",8,1,8,1,6,1,"","","","","","","","","","","","","","","","","","","","","","","","","","","","",4000,1,"","",10,1,"","","","","","","","","","","","",2,1,"","","","","","","","","","","","","","","","","","","","","","","","","","","","","","","","","","","","","","","","","","","","","","","","","","","","","",""
"35049001","CANCALE",48.711667,-1.843333,40,1981080306,"","","","",3.,1,280,1,"","","","","","","","","","","","","","","","","","","","","","","","","","","","",16.6,1,15.3,1,"","","","","","","","","","","","","","","","","","","","","","","","","","",95,1,"","","","","","","","","","","","",17.9,1,1025.4,1,"","","","","","",8,1,8,1,6,1,"","","","","","","","","","","","","","","","","","","","","","","","","","","","",3000,1,"","",10,1,"","","","",0,1,"","","","","","",2,1,"","","","","","","","","","","","","","","","","","","","","","","","","","","","","","","","","","","","","","","","","","","","","","","","","","","","","",""
"35049001","CANCALE",48.711667,-1.843333,40,1981080309,"","","","",2.,1,340,1,"","","","","","","","","","","","","","","","","","","","","","","","","","","","",17.6,1,15.3,1,"","","","","","","","","","","","","","","","","","","","","","","","","","",89,1,"","","","","","","","","","","","",17.9,1,1026.6,1,"","","","","","",8,1,8,1,6,1,"","","","","","","","","","","","","","","","","","","","","","","","","","","","",3000,1,"","",10,1,2,1,"","","","","","","","","","",2,1,"","","","","","","","","","","","","","","","","","","","","","","","","","","","","","","","","","","","","","","","","","","","","","","","","","","","","",""
"35049001","CANCALE",48.711667,-1.843333,40,1981080312,"","","","",3.,1,300,1,"","","","","","","","","","","","","","","","","","","","","","","","","","","","",19.8,1,15.3,1,"","","","","","","","","","","","","","","","","","","","","","","","","","",78,1,"","","","","","","","","","","","",17.9,1,1027.5,1,"","","","","","",6,1,6,1,6,1,0,1,0,1,"","","","","","","","","","","","","","","","","","","","","","","","",3000,1,"","",10,1,2,1,"","","","","","","","","","",2,1,"","","","","","","","","","","","","","","","","","","","","","","","","","","","","","","","","","","","","","","","","","","","","","","","","","","","","",""
"35049001","CANCALE",48.711667,-1.843333,40,1981080315,"","","","",2.,1,320,1,"","","","","","","","","","","","","","","","","","","","","","","","","","","","",19.1,1,16.8,1,"","","","","","","","","","","","","","","","","","","","","","","","","","",89,1,"","","","","","","","","","","","",19.8,1,1027.5,1,"","","","","","",0,1,"","",0,1,0,1,0,1,"","","","","","","","","","","","","","","","","","","","","","","","",3000,1,"","",10,1,1,1,"","","","","","","","","","",2,1,"","","","","","","","","","","","","","","","","","","","","","","","","","","","","","","","","","","","","","","","","","","","","","","","","","","","","",""
"35049001","CANCALE",48.711667,-1.843333,40,1981080318,"","","","",3.,1,340,1,"","","","","","","","","","","","","","","","","","","","","","","","","","","","",19.5,1,17.,1,"","","","","","","","","","","","","","","","","","","","","","","","","","",89,1,"","","","","","","","","","","","",20.1,1,1027.6,1,"","","","","","",0,1,"","",0,1,0,1,0,1,"","","","","","","","","","","","","","","","","","","","","","","","",3000,1,"","",10,1,1,1,"","","","","","","","","","",2,1,"","","","","","","","","","","","","","","","","","","","","","","","","","","","","","","","","","","","","","","","","","","","","","","","","","","","","",""
"35049001","CANCALE",48.711667,-1.843333,40,1981080321,"","","","",3.,1,340,1,"","","","","","","","","","","","","","","","","","","","","","","","","","","","",15.7,1,14.8,1,"","","","","","","","","","","","","","","","","","","","","","","","","","",98,1,"","","","","","","","","","","","",17.4,1,1028.,1,"","","","","","",9,1,"","","","","","","","","","","","","","","","","","","","","","","","","","","","","","","","",100,1,"","",45,1,"","","","","","","","","","","","","","","","","","","","","","","","","","","","","","","","","","","","","","","","","","","","","","","","","","","","","","","","","","","","","","","","","","","",""
"35049001","CANCALE",48.711667,-1.843333,40,1981080400,"","","","",4.,1,280,1,"","","","","","","","","","","","","","","","","","","","","","","","","","","","",15.7,1,14.8,1,"","","","","","","","","","","","","","","","","","","","","","","","","","",98,1,"","","","","","","","","","","","",17.4,1,1027.8,1,"","","","","","",9,1,"","","","","","","","","","","","","","","","","","","","","","","","","","","","","","","","",100,1,"","",45,1,"","","","","","","","","","","","","","","","","","","","","","","","","","","","","","","","","","","","","","","","","","","","","","","","","","","","","","","","","","","","","","","","","","","",""
"35049001","CANCALE",48.711667,-1.843333,40,1981080403,"","","","",5.,1,280,1,"","","","","","","","","","","","","","","","","","","","","","","","","","","","",16.,1,16.,1,"","","","","","","","","","","","","","","","","","","","","","","","","","",100,1,"","","","","","","","","","","","",18.2,1,1027.4,1,"","","","","","",9,1,"","","","","","","","","","","","","","","","","","","","","","","","","","","","","","","","",50,1,"","",45,1,"","","","","","","","","","","","","","","","","","","","","","","","","","","","","","","","","","","","","","","","","","","","","","","","","","","","","","","","","","","","","","","","","","","",""
"35049001","CANCALE",48.711667,-1.843333,40,1981080406,"","","","",4.,1,280,1,"","","","","","","","","","","","","","","","","","","","","","","","","","","","",16.4,1,15.6,1,"","","","","","","","","","","","","","","","","","","","","","","","","","",98,1,"","","","","","","","","","","","",18.3,1,1027.4,1,"","","","","","",9,1,"","","","","","","","","","","","","","","","","","","","","","","","","","","","","","","","",100,1,"","",45,1,"","","","",1,1,"","","","","","","","","","","","","","","","","","","","","","","","","","","","","","","","","","","","","","","","","","","","","","","","","","","","","","","","","","","","","",""
"35049001","CANCALE",48.711667,-1.843333,40,1981080409,"","","","",3.,1,280,1,"","","","","","","","","","","","","","","","","","","","","","","","","","","","",18.,1,16.6,1,"","","","","","","","","","","","","","","","","","","","","","","","","","",95,1,"","","","","","","","","","","","",19.6,1,1027.1,1,"","","","","","",7,1,7,1,6,1,"","","","","","","","","","","","","","","","","","","","","","","","","","","","",700,1,"","",42,1,4,1,"","","","","","","","","","",2,1,"","","","","","","","","","","","","","","","","","","","","","","","","","","","","","","","","","","","","","","","","","","","","","","","","","","","","",""
"35049001","CANCALE",48.711667,-1.843333,40,1981080412,"","","","",4.,1,300,1,"","","","","","","","","","","","","","","","","","","","","","","","","","","","",19.4,1,16.3,1,"","","","","","","","","","","","","","","","","","","","","","","","","","",85,1,"","","","","","","","","","","","",19.1,1,1026.6,1,"","","","","","",7,1,7,1,6,1,"","","","","","","","","","","","","","","","","","","","","","","","","","","","",800,1,"","",44,1,4,1,"","","","","","","","","","",2,1,"","","","","","","","","","","","","","","","","","","","","","","","","","","","","","","","","","","","","","","","","","","","","","","","","","","","","",""
"35049001","CANCALE",48.711667,-1.843333,40,1981080415,"","","","",5.,1,300,1,"","","","","","","","","","","","","","","","","","","","","","","","","","","","",19.9,1,17.,1,"","","","","","","","","","","","","","","","","","","","","","","","","","",87,1,"","","","","","","","","","","","",20.1,1,1025.2,1,"","","","","","",3,1,0,1,6,1,0,1,0,1,"","","","","","","","","","","","","","","","","","","","","","","","",800,1,"","",44,1,4,1,"","","","","","","","","","",2,1,"","","","","","","","","","","","","","","","","","","","","","","","","","","","","","","","","","","","","","","","","","","","","","","","","","","","","",""
"35049001","CANCALE",48.711667,-1.843333,40,1981080418,"","","","",4.,1,300,1,"","","","","","","","","","","","","","","","","","","","","","","","","","","","",19.7,1,17.7,1,"","","","","","","","","","","","","","","","","","","","","","","","","","",91,1,"","","","","","","","","","","","",21.,1,1024.,1,"","","","","","",4,1,0,1,6,1,0,1,0,1,"","","","","","","","","","","","","","","","","","","","","","","","",4000,1,"","",10,1,4,1,"","","","","","","","","","",2,1,"","","","","","","","","","","","","","","","","","","","","","","","","","","","","","","","","","","","","","","","","","","","","","","","","","","","","",""
"35049001","CANCALE",48.711667,-1.843333,40,1981080421,"","","","",3.,1,280,1,"","","","","","","","","","","","","","","","","","","","","","","","","","","","",18.4,1,16.9,1,"","","","","","","","","","","","","","","","","","","","","","","","","","",94,1,"","","","","","","","","","","","",19.9,1,1023.9,1,"","","","","","",5,1,0,1,6,1,3,1,0,1,"","","","","","","","","","","","","","","","","","","","","","","","",2000,1,"","",10,1,1,1,"","","","","","","","","","",2,1,"","","","","","","","","","","","","","","","","","","","","","","","","","","","","","","","","","","","","","","","","","","","","","","","","","","","","",""
"35049001","CANCALE",48.711667,-1.843333,40,1981080500,"","","","",2.,1,280,1,"","","","","","","","","","","","","","","","","","","","","","","","","","","","",18.5,1,17.,1,"","","","","","","","","","","","","","","","","","","","","","","","","","",94,1,"","","","","","","","","","","","",20.,1,1022.8,1,"","","","","","",0,1,"","",0,1,0,1,0,1,"","","","","","","","","","","","","","","","","","","","","","","","",7000,1,"","",0,1,"","","","","","","","","","","","",2,1,"","","","","","","","","","","","","","","","","","","","","","","","","","","","","","","","","","","","","","","","","","","","","","","","","","","","","",""
"35049001","CANCALE",48.711667,-1.843333,40,1981080503,"","","","",2.,1,100,1,"","","","","","","","","","","","","","","","","","","","","","","","","","","","",19.2,1,16.7,1,"","","","","","","","","","","","","","","","","","","","","","","","","","",88,1,"","","","","","","","","","","","",19.6,1,1021.4,1,"","","","","","",1,1,0,1,1,1,0,1,0,1,"","","","","","","","","","","","","","","","","","","","","","","","",17000,1,"","",0,1,"","","","","","","","","","","","",2,1,"","","","","","","","","","","","","","","","","","","","","","","","","","","","","","","","","","","","","","","","","","","","","","","","","","","","","",""
"35049001","CANCALE",48.711667,-1.843333,40,1981080506,"","","","",2.,1,280,1,"","","","","","","","","","","","","","","","","","","","","","","","","","","","",17.7,1,16.5,1,"","","","","","","","","","","","","","","","","","","","","","","","","","",95,1,"","","","","","","","","","","","",19.3,1,1020.8,1,"","","","","","",6,1,5,1,0,1,3,1,1,1,"","","","","","","","","","","","","","","","","","","","","","","","",3000,1,"","",10,1,"","","","",0,1,"","","","","","",2,1,"","","","","","","","","","","","","","","","","","","","","","","","","","","","","","","","","","","","","","","","","","","","","","","","","","","","","",""
"35049001","CANCALE",48.711667,-1.843333,40,1981080509,"","","","",1.,1,280,1,"","","","","","","","","","","","","","","","","","","","","","","","","","","","",18.8,1,16.9,1,"","","","","","","","","","","","","","","","","","","","","","","","","","",91,1,"","","","","","","","","","","","",19.8,1,1020.4,1,"","","","","","",5,1,0,1,0,1,3,1,2,1,"","","","","","","","","","","","","","","","","","","","","","","","",3000,1,"","",10,1,2,1,"","","","","","","","","","",2,1,"","","","","","","","","","","","","","","","","","","","","","","","","","","","","","","","","","","","","","","","","","","","","","","","","","","","","",""
"35049001","CANCALE",48.711667,-1.843333,40,1981080512,"","","","",4.,1,300,1,"","","","","","","","","","","","","","","","","","","","","","","","","","","","",19.2,1,17.1,1,"","","","","","","","","","","","","","","","","","","","","","","","","","",90,1,"","","","","","","","","","","","",20.1,1,1019.9,1,"","","","","","",6,1,6,1,0,1,7,1,0,1,"","","","","","","","","","","","","","","","","","","","","","","","",3500,1,"","",10,1,1,1,"","","","","","","","","","",2,1,"","","","","","","","","","","","","","","","","","","","","","","","","","","","","","","","","","","","","","","","","","","","","","","","","","","","","",""
"35049001","CANCALE",48.711667,-1.843333,40,1981080515,"","","","",10.,1,280,1,"","","","","","","","","","","","","","","","","","","","","","","","","","","","",18.6,1,16.6,1,"","","","","","","","","","","","","","","","","","","","","","","","","","",91,1,"","","","","","","","","","","","",19.5,1,1019.3,1,"","","","","","",6,1,6,1,0,1,7,1,0,1,"","","","","","","","","","","","","","","","","","","","","","","","",3000,1,"","",10,1,2,1,"","","","","","","","","","",3,1,"","","","","","","","","","","","","","","","","","","","","","","","","","","","","","","","","","","","","","","","","","","","","","","","","","","","","",""
"35049001","CANCALE",48.711667,-1.843333,40,1981080518,"","","","",5.,1,280,1,"","","","","","","","","","","","","","","","","","","","","","","","","","","","",18.4,1,16.6,1,"","","","","","","","","","","","","","","","","","","","","","","","","","",92,1,"","","","","","","","","","","","",19.5,1,1017.9,1,"","","","","","",6,1,6,1,0,1,7,1,0,1,"","","","","","","","","","","","","","","","","","","","","","","","",4000,1,"","",10,1,2,1,"","","","","","","","","","",2,1,"","","","","","","","","","","","","","","","","","","","","","","","","","","","","","","","","","","","","","","","","","","","","","","","","","","","","",""
"35049001","CANCALE",48.711667,-1.843333,40,1981080521,"","","","",7.,1,280,1,"","","","","","","","","","","","","","","","","","","","","","","","","","","","",19.3,1,16.,1,"","","","","","","","","","","","","","","","","","","","","","","","","","",85,1,"","","","","","","","","","","","",18.7,1,1017.7,1,"","","","","","",8,1,8,1,9,1,"","","","","","","","","","","","","","","","","","","","","","","","","","","","",5000,1,"","",17,1,"","","","","","","","","","","","",2,1,"","","","","","","","","","","","","","","","","","","","","","","","","","","","","","","","","","","","","","","","","","","","","","","","","","","","","",""
"35049001","CANCALE",48.711667,-1.843333,40,1981080600,"","","","",3.,1,300,1,"","","","","","","","","","","","","","","","","","","","","","","","","","","","",17.6,1,16.7,1,"","","","","","","","","","","","","","","","","","","","","","","","","","",98,1,"","","","","","","","","","","","",19.7,1,1018.3,1,"","","","","","",8,1,8,1,9,1,"","","","","","","","","","","","","","","","","","","","","","","","","","","","",2500,1,"","",95,1,"","","","","","","","","","","","",2,1,"","","","","","","","","","","","","","","","","","","","","","","","","","","","","","","","","","","","","","","","","","","","","","","","","","","","","",""
"35049001","CANCALE",48.711667,-1.843333,40,1981080603,"","","","",6.,1,280,1,"","","","","","","","","","","","","","","","","","","","","","","","","","","","",17.5,1,16.3,1,"","","","","","","","","","","","","","","","","","","","","","","","","","",96,1,"","","","","","","","","","","","",19.2,1,1016.4,1,"","","","","","",8,1,8,1,6,1,"","","","","","","","","","","","","","","","","","","","","","","","","","","","",800,1,"","",41,1,"","","","","","","","","","","","",2,1,"","","","","","","","","","","","","","","","","","","","","","","","","","","","","","","","","","","","","","","","","","","","","","","","","","","","","",""
"35049001","CANCALE",48.711667,-1.843333,40,1981080606,"","","","",7.,1,300,1,"","","","","","","","","","","","","","","","","","","","","","","","","","","","",16.7,1,16.7,1,"","","","","","","","","","","","","","","","","","","","","","","","","","",99,1,"","","","","","","","","","","","",18.6,1,1016.6,1,"","","","","","",9,1,"","","","","","","","","","","","","","","","","","","","","","","","","","","","","","","","",300,1,"","",45,1,"","","","",1,1,"","","","","","",2,1,"","","","","","","","","","","","","","","","","","","","","","","","","","","","","","","","","","","","","","","","","","","","","","","","","","","","","",""
"35049001","CANCALE",48.711667,-1.843333,40,1981080609,"","","","",7.,1,300,1,"","","","","","","","","","","","","","","","","","","","","","","","","","","","",17.,1,15.5,1,"","","","","","","","","","","","","","","","","","","","","","","","","","",94,1,"","","","","","","","","","","","",18.2,1,1016.7,1,"","","","","","",8,1,8,1,6,1,"","","","","","","","","","","","","","","","","","","","","","","","","","","","",3100,1,"","",10,1,4,1,"","","","","","","","","","",2,1,"","","","","","","","","","","","","","","","","","","","","","","","","","","","","","","","","","","","","","","","","","","","","","","","","","","","","",""
"35049001","CANCALE",48.711667,-1.843333,40,1981080612,"","","","",4.,1,300,1,"","","","","","","","","","","","","","","","","","","","","","","","","","","","",18.6,1,17.2,1,"","","","","","","","","","","","","","","","","","","","","","","","","","",95,1,"","","","","","","","","","","","",20.3,1,1016.6,1,"","","","","","",5,1,0,1,6,1,3,1,0,1,"","","","","","","","","","","","","","","","","","","","","","","","",3400,1,"","",10,1,4,1,"","","","","","","","","","",2,1,"","","","","","","","","","","","","","","","","","","","","","","","","","","","","","","","","","","","","","","","","","","","","","","","","","","","","",""
"35049001","CANCALE",48.711667,-1.843333,40,1981080615,"","","","",6.,1,320,1,"","","","","","","","","","","","","","","","","","","","","","","","","","","","",19.9,1,17.3,1,"","","","","","","","","","","","","","","","","","","","","","","","","","",88,1,"","","","","","","","","","","","",20.4,1,1016.5,1,"","","","","","",3,1,0,1,6,1,0,1,0,1,"","","","","","","","","","","","","","","","","","","","","","","","",3600,1,"","",10,1,1,1,"","","","","","","","","","",2,1,"","","","","","","","","","","","","","","","","","","","","","","","","","","","","","","","","","","","","","","","","","","","","","","","","","","","","",""
"35049001","CANCALE",48.711667,-1.843333,40,1981080618,"","","","",5.,1,320,1,"","","","","","","","","","","","","","","","","","","","","","","","","","","","",18.,1,16.6,1,"","","","","","","","","","","","","","","","","","","","","","","","","","",95,1,"","","","","","","","","","","","",19.6,1,1016.4,1,"","","","","","",8,1,8,1,6,1,"","","","","","","","","","","","","","","","","","","","","","","","","","","","",1800,1,"","",10,1,1,1,"","","","","","","","","","",2,1,"","","","","","","","","","","","","","","","","","","","","","","","","","","","","","","","","","","","","","","","","","","","","","","","","","","","","",""
"35049001","CANCALE",48.711667,-1.843333,40,1981080621,"","","","",6.,1,300,1,"","","","","","","","","","","","","","","","","","","","","","","","","","","","",16.5,1,16.5,1,"","","","","","","","","","","","","","","","","","","","","","","","","","",99,1,"","","","","","","","","","","","",18.6,1,1017.6,1,"","","","","","",9,1,"","","","","","","","","","","","","","","","","","","","","","","","","","","","","","","","",300,1,"","",45,1,"","","","","","","","","","","","","","","","","","","","","","","","","","","","","","","","","","","","","","","","","","","","","","","","","","","","","","","","","","","","","","","","","","","",""
"35049001","CANCALE",48.711667,-1.843333,40,1981080700,"","","","",4.,1,300,1,"","","","","","","","","","","","","","","","","","","","","","","","","","","","",16.1,1,16.1,1,"","","","","","","","","","","","","","","","","","","","","","","","","","",99,1,"","","","","","","","","","","","",18.1,1,1017.1,1,"","","","","","",9,1,"","","","","","","","","","","","","","","","","","","","","","","","","","","","","","","","",300,1,"","",45,1,"","","","","","","","","","","","","","","","","","","","","","","","","","","","","","","","","","","","","","","","","","","","","","","","","","","","","","","","","","","","","","","","","","","",""
"35049001","CANCALE",48.711667,-1.843333,40,1981080703,"","","","",6.,1,320,1,"","","","","","","","","","","","","","","","","","","","","","","","","","","","",16.5,1,16.5,1,"","","","","","","","","","","","","","","","","","","","","","","","","","",99,1,"","","","","","","","","","","","",18.7,1,1017.2,1,"","","","","","",9,1,"","","","","","","","","","","","","","","","","","","","","","","","","","","","","","","","",500,1,"","",45,1,"","","","","","","","","","","","",2,1,"","","","","","","","","","","","","","","","","","","","","","","","","","","","","","","","","","","","","","","","","","","","","","","","","","","","","",""
"35049001","CANCALE",48.711667,-1.843333,40,1981080706,"","","","",6.,1,300,1,"","","","","","","","","","","","","","","","","","","","","","","","","","","","",16.3,1,15.4,1,"","","","","","","","","","","","","","","","","","","","","","","","","","",98,1,"","","","","","","","","","","","",18.1,1,1017.2,1,"","","","","","",8,1,8,1,6,1,"","","","","","","","","","","","","","","","","","","","","","","","","","","","",1500,1,"","",28,1,"","","","",0,1,"","","","","","",2,1,"","","","","","","","","","","","","","","","","","","","","","","","","","","","","","","","","","","","","","","","","","","","","","","","","","","","","",""
"35049001","CANCALE",48.711667,-1.843333,40,1981080709,"","","","",4.,1,300,1,"","","","","","","","","","","","","","","","","","","","","","","","","","","","",17.,1,15.7,1,"","","","","","","","","","","","","","","","","","","","","","","","","","",95,1,"","","","","","","","","","","","",18.4,1,1017.6,1,"","","","","","",8,1,8,1,6,1,"","","","","","","","","","","","","","","","","","","","","","","","","","","","",3500,1,"","",10,1,2,1,"","","","","","","","","","",2,1,"","","","","","","","","","","","","","","","","","","","","","","","","","","","","","","","","","","","","","","","","","","","","","","","","","","","","",""
"35049001","CANCALE",48.711667,-1.843333,40,1981080712,"","","","",5.,1,300,1,"","","","","","","","","","","","","","","","","","","","","","","","","","","","",19.6,1,16.,1,"","","","","","","","","","","","","","","","","","","","","","","","","","",82,1,"","","","","","","","","","","","",18.8,1,1017.7,1,"","","","","","",8,1,8,1,6,1,"","","","","","","","","","","","","","","","","","","","","","","","","","","","",9000,1,"","",2,1,2,1,"","","","","","","","","","",2,1,"","","","","","","","","","","","","","","","","","","","","","","","","","","","","","","","","","","","","","","","","","","","","","","","","","","","","",""
"35049001","CANCALE",48.711667,-1.843333,40,1981080715,"","","","",8.,1,300,1,"","","","","","","","","","","","","","","","","","","","","","","","","","","","",17.2,1,15.,1,"","","","","","","","","","","","","","","","","","","","","","","","","","",90,1,"","","","","","","","","","","","",17.6,1,1018.3,1,"","","","","","",6,1,6,1,6,1,0,1,0,1,"","","","","","","","","","","","","","","","","","","","","","","","",10000,1,"","",2,1,2,1,"","","","","","","","","","",2,1,"","","","","","","","","","","","","","","","","","","","","","","","","","","","","","","","","","","","","","","","","","","","","","","","","","","","","",""
"35049001","CANCALE",48.711667,-1.843333,40,1981080718,"","","","",7.,1,320,1,"","","","","","","","","","","","","","","","","","","","","","","","","","","","",17.4,1,15.4,1,"","","","","","","","","","","","","","","","","","","","","","","","","","",91,1,"","","","","","","","","","","","",18.1,1,1017.9,1,"","","","","","",5,1,5,1,5,1,0,1,0,1,"","","","","","","","","","","","","","","","","","","","","","","","",12000,1,"","",2,1,2,1,"","","","","","","","","","",3,1,"","","","","","","","","","","","","","","","","","","","","","","","","","","","","","","","","","","","","","","","","","","","","","","","","","","","","",""
"35049001","CANCALE",48.711667,-1.843333,40,1981080721,"","","","",6.,1,300,1,"","","","","","","","","","","","","","","","","","","","","","","","","","","","",16.1,1,14.1,1,"","","","","","","","","","","","","","","","","","","","","","","","","","",91,1,"","","","","","","","","","","","",16.6,1,1018.6,1,"","","","","","",2,1,0,1,1,1,0,1,0,1,"","","","","","","","","","","","","","","","","","","","","","","","",12000,1,"","",0,1,"","","","","","","","","","","","",2,1,"","","","","","","","","","","","","","","","","","","","","","","","","","","","","","","","","","","","","","","","","","","","","","","","","","","","","",""
"35049001","CANCALE",48.711667,-1.843333,40,1981080800,"","","","",5.,1,300,1,"","","","","","","","","","","","","","","","","","","","","","","","","","","","",15.8,1,13.9,1,"","","","","","","","","","","","","","","","","","","","","","","","","","",92,1,"","","","","","","","","","","","",16.4,1,1019.,1,"","","","","","",3,1,0,1,6,1,0,1,0,1,"","","","","","","","","","","","","","","","","","","","","","","","",12000,1,"","",0,1,"","","","","","","","","","","","",2,1,"","","","","","","","","","","","","","","","","","","","","","","","","","","","","","","","","","","","","","","","","","","","","","","","","","","","","",""
"35049001","CANCALE",48.711667,-1.843333,40,1981080803,"","","","",5.,1,300,1,"","","","","","","","","","","","","","","","","","","","","","","","","","","","",16.,1,14.3,1,"","","","","","","","","","","","","","","","","","","","","","","","","","",93,1,"","","","","","","","","","","","",16.8,1,1018.7,1,"","","","","","",6,1,6,1,0,1,2,1,0,1,"","","","","","","","","","","","","","","","","","","","","","","","",14000,1,"","",0,1,"","","","","","","","","","","","",2,1,"","","","","","","","","","","","","","","","","","","","","","","","","","","","","","","","","","","","","","","","","","","","","","","","","","","","","",""
"35049001","CANCALE",48.711667,-1.843333,40,1981080806,"","","","",2.,1,340,1,"","","","","","","","","","","","","","","","","","","","","","","","","","","","",16.2,1,14.3,1,"","","","","","","","","","","","","","","","","","","","","","","","","","",91,1,"","","","","","","","","","","","",16.8,1,1018.8,1,"","","","","","",8,1,8,1,6,1,"","","","","","","","","","","","","","","","","","","","","","","","","","","","",6000,1,"","",2,1,"","","","",0,1,"","","","","","",2,1,"","","","","","","","","","","","","","","","","","","","","","","","","","","","","","","","","","","","","","","","","","","","","","","","","","","","","",""
"35049001","CANCALE",48.711667,-1.843333,40,1981080809,"","","","",3.,1,300,1,"","","","","","","","","","","","","","","","","","","","","","","","","","","","",16.8,1,14.9,1,"","","","","","","","","","","","","","","","","","","","","","","","","","",91,1,"","","","","","","","","","","","",17.5,1,1019.,1,"","","","","","",8,1,8,1,6,1,"","","","","","","","","","","","","","","","","","","","","","","","","","","","",6000,1,"","",2,1,2,1,"","","","","","","","","","",2,1,"","","","","","","","","","","","","","","","","","","","","","","","","","","","","","","","","","","","","","","","","","","","","","","","","","","","","",""
"35049001","CANCALE",48.711667,-1.843333,40,1981080812,"","","","",6.,1,280,1,"","","","","","","","","","","","","","","","","","","","","","","","","","","","",17.1,1,15.6,1,"","","","","","","","","","","","","","","","","","","","","","","","","","",94,1,"","","","","","","","","","","","",18.3,1,1019.,1,"","","","","","",8,1,8,1,6,1,"","","","","","","","","","","","","","","","","","","","","","","","","","","","",4000,1,"","",10,1,2,1,"","","","","","","","","","",2,1,"","","","","","","","","","","","","","","","","","","","","","","","","","","","","","","","","","","","","","","","","","","","","","","","","","","","","",""
"35049001","CANCALE",48.711667,-1.843333,40,1981080815,"","","","",7.,1,300,1,"","","","","","","","","","","","","","","","","","","","","","","","","","","","",17.6,1,15.4,1,"","","","","","","","","","","","","","","","","","","","","","","","","","",90,1,"","","","","","","","","","","","",18.1,1,1018.8,1,"","","","","","",8,1,8,1,6,1,"","","","","","","","","","","","","","","","","","","","","","","","","","","","",4000,1,"","",10,1,2,1,"","","","","","","","","","",2,1,"","","","","","","","","","","","","","","","","","","","","","","","","","","","","","","","","","","","","","","","","","","","","","","","","","","","","",""
"35049001","CANCALE",48.711667,-1.843333,40,1981080818,"","","","",9.,1,280,1,"","","","","","","","","","","","","","","","","","","","","","","","","","","","",16.4,1,14.2,1,"","","","","","","","","","","","","","","","","","","","","","","","","","",90,1,"","","","","","","","","","","","",16.7,1,1019.,1,"","","","","","",7,1,5,1,6,1,3,1,"","","","","","","","","","","","","","","","","","","","","","","","","","",15000,1,"","",2,1,2,1,"","","","","","","","","","",2,1,"","","","","","","","","","","","","","","","","","","","","","","","","","","","","","","","","","","","","","","","","","","","","","","","","","","","","",""
"35049001","CANCALE",48.711667,-1.843333,40,1981080821,"","","","",11.,1,280,1,"","","","","","","","","","","","","","","","","","","","","","","","","","","","",16.3,1,14.5,1,"","","","","","","","","","","","","","","","","","","","","","","","","","",91,1,"","","","","","","","","","","","",17.,1,1019.,1,"","","","","","",8,1,8,1,6,1,"","","","","","","","","","","","","","","","","","","","","","","","","","","","",20000,1,"","",0,1,"","","","","","","","","","","","",3,1,"","","","","","","","","","","","","","","","","","","","","","","","","","","","","","","","","","","","","","","","","","","","","","","","","","","","","",""
"35049001","CANCALE",48.711667,-1.843333,40,1981080900,"","","","",13.,1,300,1,"","","","","","","","","","","","","","","","","","","","","","","","","","","","",16.2,1,14.7,1,"","","","","","","","","","","","","","","","","","","","","","","","","","",94,1,"","","","","","","","","","","","",17.2,1,1018.8,1,"","","","","","",8,1,8,1,0,1,7,1,"","","","","","","","","","","","","","","","","","","","","","","","","","",20000,1,"","",0,1,"","","","","","","","","","","","",4,1,"","","","","","","","","","","","","","","","","","","","","","","","","","","","","","","","","","","","","","","","","","","","","","","","","","","","","",""
"35049001","CANCALE",48.711667,-1.843333,40,1981080903,"","","","",12.,1,300,1,"","","","","","","","","","","","","","","","","","","","","","","","","","","","",16.,1,13.9,1,"","","","","","","","","","","","","","","","","","","","","","","","","","",90,1,"","","","","","","","","","","","",16.4,1,1018.8,1,"","","","","","",6,1,6,1,6,1,0,1,0,1,"","","","","","","","","","","","","","","","","","","","","","","","",20000,1,"","",0,1,"","","","","","","","","","","","",4,1,"","","","","","","","","","","","","","","","","","","","","","","","","","","","","","","","","","","","","","","","","","","","","","","","","","","","","",""
"35049001","CANCALE",48.711667,-1.843333,40,1981080906,"","","","",8.,1,280,1,"","","","","","","","","","","","","","","","","","","","","","","","","","","","",15.6,1,14.1,1,"","","","","","","","","","","","","","","","","","","","","","","","","","",94,1,"","","","","","","","","","","","",16.6,1,1019.5,1,"","","","","","",7,1,7,1,6,1,"","","","","","","","","","","","","","","","","","","","","","","","","","","","",14000,1,"","",2,1,"","","","",0,1,"","","","","","",3,1,"","","","","","","","","","","","","","","","","","","","","","","","","","","","","","","","","","","","","","","","","","","","","","","","","","","","","",""
"35049001","CANCALE",48.711667,-1.843333,40,1981080909,"","","","",5.,1,280,1,"","","","","","","","","","","","","","","","","","","","","","","","","","","","",16.3,1,13.9,1,"","","","","","","","","","","","","","","","","","","","","","","","","","",89,1,"","","","","","","","","","","","",16.4,1,1020.2,1,"","","","","","",8,1,0,1,7,1,2,1,"","","","","","","","","","","","","","","","","","","","","","","","","","",8000,1,"","",2,1,2,1,"","","","","","","","","","",2,1,"","","","","","","","","","","","","","","","","","","","","","","","","","","","","","","","","","","","","","","","","","","","","","","","","","","","","",""
"35049001","CANCALE",48.711667,-1.843333,40,1981080912,"","","","",5.,1,300,1,"","","","","","","","","","","","","","","","","","","","","","","","","","","","",17.4,1,15.4,1,"","","","","","","","","","","","","","","","","","","","","","","","","","",91,1,"","","","","","","","","","","","",18.1,1,1020.7,1,"","","","","","",8,1,8,1,8,1,"","","","","","","","","","","","","","","","","","","","","","","","","","","","",15000,1,"","",2,1,2,1,"","","","","","","","","","",2,1,"","","","","","","","","","","","","","","","","","","","","","","","","","","","","","","","","","","","","","","","","","","","","","","","","","","","","",""
"35049001","CANCALE",48.711667,-1.843333,40,1981080915,"","","","",6.,1,300,1,"","","","","","","","","","","","","","","","","","","","","","","","","","","","",18.5,1,16.,1,"","","","","","","","","","","","","","","","","","","","","","","","","","",88,1,"","","","","","","","","","","","",18.8,1,1021.2,1,"","","","","","",6,1,5,1,2,1,6,1,0,1,"","","","","","","","","","","","","","","","","","","","","","","","",16000,1,"","",2,1,2,1,"","","","","","","","","","",2,1,"","","","","","","","","","","","","","","","","","","","","","","","","","","","","","","","","","","","","","","","","","","","","","","","","","","","","",""
"35049001","CANCALE",48.711667,-1.843333,40,1981080918,"","","","",6.,1,300,1,"","","","","","","","","","","","","","","","","","","","","","","","","","","","",17.1,1,14.9,1,"","","","","","","","","","","","","","","","","","","","","","","","","","",90,1,"","","","","","","","","","","","",17.5,1,1021.2,1,"","","","","","",6,1,6,1,2,1,0,1,0,1,"","","","","","","","","","","","","","","","","","","","","","","","",16000,1,"","",2,1,2,1,"","","","","","","","","","",2,1,"","","","","","","","","","","","","","","","","","","","","","","","","","","","","","","","","","","","","","","","","","","","","","","","","","","","","",""
"35049001","CANCALE",48.711667,-1.843333,40,1981080921,"","","","",5.,1,300,1,"","","","","","","","","","","","","","","","","","","","","","","","","","","","",15.9,1,14.6,1,"","","","","","","","","","","","","","","","","","","","","","","","","","",94,1,"","","","","","","","","","","","",17.1,1,1021.9,1,"","","","","","",1,1,0,1,1,1,0,1,0,1,"","","","","","","","","","","","","","","","","","","","","","","","",16000,1,"","",0,1,"","","","","","","","","","","","",2,1,"","","","","","","","","","","","","","","","","","","","","","","","","","","","","","","","","","","","","","","","","","","","","","","","","","","","","",""
"35049001","CANCALE",48.711667,-1.843333,40,1981081000,"","","","",4.,1,320,1,"","","","","","","","","","","","","","","","","","","","","","","","","","","","",16.,1,14.7,1,"","","","","","","","","","","","","","","","","","","","","","","","","","",95,1,"","","","","","","","","","","","",17.2,1,1022.2,1,"","","","","","",8,1,8,1,0,1,7,1,"","","","","","","","","","","","","","","","","","","","","","","","","","",16000,1,"","",0,1,"","","","","","","","","","","","",2,1,"","","","","","","","","","","","","","","","","","","","","","","","","","","","","","","","","","","","","","","","","","","","","","","","","","","","","",""
"35049001","CANCALE",48.711667,-1.843333,40,1981081003,"","","","",4.,1,320,1,"","","","","","","","","","","","","","","","","","","","","","","","","","","","",15.9,1,14.8,1,"","","","","","","","","","","","","","","","","","","","","","","","","","",96,1,"","","","","","","","","","","","",17.3,1,1021.9,1,"","","","","","",0,1,"","",0,1,0,1,0,1,"","","","","","","","","","","","","","","","","","","","","","","","",10000,1,"","",0,1,"","","","","","","","","","","","",2,1,"","","","","","","","","","","","","","","","","","","","","","","","","","","","","","","","","","","","","","","","","","","","","","","","","","","","","",""
"35049001","CANCALE",48.711667,-1.843333,40,1981081006,"","","","",3.,1,60,1,"","","","","","","","","","","","","","","","","","","","","","","","","","","","",15.8,1,13.9,1,"","","","","","","","","","","","","","","","","","","","","","","","","","",92,1,"","","","","","","","","","","","",16.4,1,1022.,1,"","","","","","",6,1,6,1,8,1,0,1,0,1,"","","","","","","","","","","","","","","","","","","","","","","","",12000,1,"","",2,1,"","","","",0,1,"","","","","","",2,1,"","","","","","","","","","","","","","","","","","","","","","","","","","","","","","","","","","","","","","","","","","","","","","","","","","","","","",""
"35049001","CANCALE",48.711667,-1.843333,40,1981081009,"","","","",4.,1,20,1,"","","","","","","","","","","","","","","","","","","","","","","","","","","","",16.9,1,14.9,1,"","","","","","","","","","","","","","","","","","","","","","","","","","",91,1,"","","","","","","","","","","","",17.5,1,1022.8,1,"","","","","","",8,1,8,1,8,1,"","","","","","","","","","","","","","","","","","","","","","","","","","","","",15000,1,"","",2,1,2,1,"","","","","","","","","","",2,1,"","","","","","","","","","","","","","","","","","","","","","","","","","","","","","","","","","","","","","","","","","","","","","","","","","","","","",""
"35049001","CANCALE",48.711667,-1.843333,40,1981081012,"","","","",5.,1,340,1,"","","","","","","","","","","","","","","","","","","","","","","","","","","","",18.6,1,16.1,1,"","","","","","","","","","","","","","","","","","","","","","","","","","",88,1,"","","","","","","","","","","","",18.9,1,1022.8,1,"","","","","","",7,1,6,1,8,1,0,1,2,1,"","","","","","","","","","","","","","","","","","","","","","","","",12000,1,"","",2,1,2,1,"","","","","","","","","","",2,1,"","","","","","","","","","","","","","","","","","","","","","","","","","","","","","","","","","","","","","","","","","","","","","","","","","","","","",""
"35049001","CANCALE",48.711667,-1.843333,40,1981081015,"","","","",3.,1,360,1,"","","","","","","","","","","","","","","","","","","","","","","","","","","","",18.8,1,16.2,1,"","","","","","","","","","","","","","","","","","","","","","","","","","",88,1,"","","","","","","","","","","","",19.,1,1022.6,1,"","","","","","",8,1,8,1,8,1,"","","","","","","","","","","","","","","","","","","","","","","","","","","","",15000,1,"","",2,1,2,1,"","","","","","","","","","",2,1,"","","","","","","","","","","","","","","","","","","","","","","","","","","","","","","","","","","","","","","","","","","","","","","","","","","","","",""
"35049001","CANCALE",48.711667,-1.843333,40,1981081018,"","","","",4.,1,360,1,"","","","","","","","","","","","","","","","","","","","","","","","","","","","",18.1,1,15.9,1,"","","","","","","","","","","","","","","","","","","","","","","","","","",90,1,"","","","","","","","","","","","",18.7,1,1022.,1,"","","","","","",1,1,0,1,2,1,0,1,0,1,"","","","","","","","","","","","","","","","","","","","","","","","",18000,1,"","",1,1,1,1,"","","","","","","","","","",2,1,"","","","","","","","","","","","","","","","","","","","","","","","","","","","","","","","","","","","","","","","","","","","","","","","","","","","","",""
"35049001","CANCALE",48.711667,-1.843333,40,1981081021,"","","","",4.,1,40,1,"","","","","","","","","","","","","","","","","","","","","","","","","","","","",17.,1,14.3,1,"","","","","","","","","","","","","","","","","","","","","","","","","","",88,1,"","","","","","","","","","","","",16.8,1,1022.3,1,"","","","","","",1,1,0,1,0,1,0,1,2,1,"","","","","","","","","","","","","","","","","","","","","","","","",25000,1,"","",2,1,0,1,"","","","","","","","","","",2,1,"","","","","","","","","","","","","","","","","","","","","","","","","","","","","","","","","","","","","","","","","","","","","","","","","","","","","",""
"35049001","CANCALE",48.711667,-1.843333,40,1981081100,"","","","",5.,1,20,1,"","","","","","","","","","","","","","","","","","","","","","","","","","","","",16.1,1,13.9,1,"","","","","","","","","","","","","","","","","","","","","","","","","","",90,1,"","","","","","","","","","","","",16.4,1,1022.3,1,"","","","","","",0,1,"","",0,1,0,1,0,1,"","","","","","","","","","","","","","","","","","","","","","","","",28000,1,"","",0,1,"","","","","","","","","","","","",2,1,"","","","","","","","","","","","","","","","","","","","","","","","","","","","","","","","","","","","","","","","","","","","","","","","","","","","","",""
"35049001","CANCALE",48.711667,-1.843333,40,1981081103,"","","","",4.,1,60,1,"","","","","","","","","","","","","","","","","","","","","","","","","","","","",15.9,1,13.8,1,"","","","","","","","","","","","","","","","","","","","","","","","","","",90,1,"","","","","","","","","","","","",16.2,1,1022.,1,"","","","","","",0,1,"","",0,1,0,1,0,1,"","","","","","","","","","","","","","","","","","","","","","","","",25000,1,"","",0,1,"","","","","","","","","","","","",2,1,"","","","","","","","","","","","","","","","","","","","","","","","","","","","","","","","","","","","","","","","","","","","","","","","","","","","","",""
"35049001","CANCALE",48.711667,-1.843333,40,1981081106,"","","","",3.,1,40,1,"","","","","","","","","","","","","","","","","","","","","","","","","","","","",15.6,1,13.1,1,"","","","","","","","","","","","","","","","","","","","","","","","","","",87,1,"","","","","","","","","","","","",15.5,1,1021.9,1,"","","","","","",1,1,0,1,0,1,0,1,1,1,"","","","","","","","","","","","","","","","","","","","","","","","",18000,1,"","",2,1,"","","","",0,1,"","","","","","",2,1,"","","","","","","","","","","","","","","","","","","","","","","","","","","","","","","","","","","","","","","","","","","","","","","","","","","","","",""
"35049001","CANCALE",48.711667,-1.843333,40,1981081109,"","","","",1.,1,40,1,"","","","","","","","","","","","","","","","","","","","","","","","","","","","",18.4,1,15.1,1,"","","","","","","","","","","","","","","","","","","","","","","","","","",84,1,"","","","","","","","","","","","",17.7,1,1021.9,1,"","","","","","",2,1,0,1,1,1,0,1,8,1,"","","","","","","","","","","","","","","","","","","","","","","","",20000,1,"","",2,1,0,1,"","","","","","","","","","",2,1,"","","","","","","","","","","","","","","","","","","","","","","","","","","","","","","","","","","","","","","","","","","","","","","","","","","","","",""
"35049001","CANCALE",48.711667,-1.843333,40,1981081112,"","","","",5.,1,320,1,"","","","","","","","","","","","","","","","","","","","","","","","","","","","",18.5,1,12.8,1,"","","","","","","","","","","","","","","","","","","","","","","","","","",72,1,"","","","","","","","","","","","",15.2,1,1022.,1,"","","","","","",1,1,0,1,2,1,0,1,0,1,"","","","","","","","","","","","","","","","","","","","","","","","",18000,1,"","",2,1,0,1,"","","","","","","","","","",2,1,"","","","","","","","","","","","","","","","","","","","","","","","","","","","","","","","","","","","","","","","","","","","","","","","","","","","","",""
"35049001","CANCALE",48.711667,-1.843333,40,1981081115,"","","","",7.,1,300,1,"","","","","","","","","","","","","","","","","","","","","","","","","","","","",18.9,1,13.9,1,"","","","","","","","","","","","","","","","","","","","","","","","","","",75,1,"","","","","","","","","","","","",16.3,1,1021.4,1,"","","","","","",1,1,0,1,0,1,0,1,8,1,"","","","","","","","","","","","","","","","","","","","","","","","",22000,1,"","",2,1,0,1,"","","","","","","","","","",3,1,"","","","","","","","","","","","","","","","","","","","","","","","","","","","","","","","","","","","","","","","","","","","","","","","","","","","","",""
"35049001","CANCALE",48.711667,-1.843333,40,1981081118,"","","","",5.,1,340,1,"","","","","","","","","","","","","","","","","","","","","","","","","","","","",18.3,1,15.6,1,"","","","","","","","","","","","","","","","","","","","","","","","","","",87,1,"","","","","","","","","","","","",18.3,1,1020.8,1,"","","","","","",1,1,0,1,0,1,0,1,1,1,"","","","","","","","","","","","","","","","","","","","","","","","",20000,1,"","",2,1,0,1,"","","","","","","","","","",2,1,"","","","","","","","","","","","","","","","","","","","","","","","","","","","","","","","","","","","","","","","","","","","","","","","","","","","","",""
"35049001","CANCALE",48.711667,-1.843333,40,1981081121,"","","","",5.,1,360,1,"","","","","","","","","","","","","","","","","","","","","","","","","","","","",16.6,1,14.8,1,"","","","","","","","","","","","","","","","","","","","","","","","","","",92,1,"","","","","","","","","","","","",17.3,1,1021.4,1,"","","","","","",0,1,"","",0,1,0,1,0,1,"","","","","","","","","","","","","","","","","","","","","","","","",25000,1,"","",2,1,0,1,"","","","","","","","","","",2,1,"","","","","","","","","","","","","","","","","","","","","","","","","","","","","","","","","","","","","","","","","","","","","","","","","","","","","",""
"35049001","CANCALE",48.711667,-1.843333,40,1981081200,"","","","",3.,1,60,1,"","","","","","","","","","","","","","","","","","","","","","","","","","","","",16.6,1,14.,1,"","","","","","","","","","","","","","","","","","","","","","","","","","",87,1,"","","","","","","","","","","","",16.5,1,1021.4,1,"","","","","","",0,1,"","",0,1,0,1,0,1,"","","","","","","","","","","","","","","","","","","","","","","","",22000,1,"","",0,1,"","","","","","","","","","","","",2,1,"","","","","","","","","","","","","","","","","","","","","","","","","","","","","","","","","","","","","","","","","","","","","","","","","","","","","",""
"35049001","CANCALE",48.711667,-1.843333,40,1981081203,"","","","",2.,1,80,1,"","","","","","","","","","","","","","","","","","","","","","","","","","","","",15.4,1,13.2,1,"","","","","","","","","","","","","","","","","","","","","","","","","","",89,1,"","","","","","","","","","","","",15.6,1,1020.8,1,"","","","","","",0,1,"","",0,1,0,1,0,1,"","","","","","","","","","","","","","","","","","","","","","","","",18000,1,"","",0,1,"","","","","","","","","","","","",2,1,"","","","","","","","","","","","","","","","","","","","","","","","","","","","","","","","","","","","","","","","","","","","","","","","","","","","","",""
"35049001","CANCALE",48.711667,-1.843333,40,1981081206,"","","","",3.,1,80,1,"","","","","","","","","","","","","","","","","","","","","","","","","","","","",14.8,1,12.6,1,"","","","","","","","","","","","","","","","","","","","","","","","","","",89,1,"","","","","","","","","","","","",15.,1,1020.8,1,"","","","","","",0,1,"","",0,1,0,1,0,1,"","","","","","","","","","","","","","","","","","","","","","","","",8000,1,"","",2,1,"","","","",0,1,"","","","","","",2,1,"","","","","","","","","","","","","","","","","","","","","","","","","","","","","","","","","","","","","","","","","","","","","","","","","","","","","",""
"35049001","CANCALE",48.711667,-1.843333,40,1981081209,"","","","",1.,1,80,1,"","","","","","","","","","","","","","","","","","","","","","","","","","","","",17.8,1,14.1,1,"","","","","","","","","","","","","","","","","","","","","","","","","","",81,1,"","","","","","","","","","","","",16.6,1,1021.,1,"","","","","","",0,1,"","",0,1,0,1,0,1,"","","","","","","","","","","","","","","","","","","","","","","","",8000,1,"","",2,1,0,1,"","","","","","","","","","",2,1,"","","","","","","","","","","","","","","","","","","","","","","","","","","","","","","","","","","","","","","","","","","","","","","","","","","","","",""
"35049001","CANCALE",48.711667,-1.843333,40,1981081212,"","","","",2.,1,340,1,"","","","","","","","","","","","","","","","","","","","","","","","","","","","",19.8,1,16.2,1,"","","","","","","","","","","","","","","","","","","","","","","","","","",82,1,"","","","","","","","","","","","",19.,1,1020.8,1,"","","","","","",0,1,"","",0,1,0,1,0,1,"","","","","","","","","","","","","","","","","","","","","","","","",10000,1,"","",2,1,0,1,"","","","","","","","","","",2,1,"","","","","","","","","","","","","","","","","","","","","","","","","","","","","","","","","","","","","","","","","","","","","","","","","","","","","",""
"35049001","CANCALE",48.711667,-1.843333,40,1981081215,"","","","",6.,1,320,1,"","","","","","","","","","","","","","","","","","","","","","","","","","","","",19.5,1,16.5,1,"","","","","","","","","","","","","","","","","","","","","","","","","","",86,1,"","","","","","","","","","","","",19.4,1,1020.4,1,"","","","","","",0,1,"","",0,1,0,1,0,1,"","","","","","","","","","","","","","","","","","","","","","","","",10000,1,"","",2,1,0,1,"","","","","","","","","","",2,1,"","","","","","","","","","","","","","","","","","","","","","","","","","","","","","","","","","","","","","","","","","","","","","","","","","","","","",""
"35049001","CANCALE",48.711667,-1.843333,40,1981081218,"","","","",4.,1,360,1,"","","","","","","","","","","","","","","","","","","","","","","","","","","","",18.1,1,15.4,1,"","","","","","","","","","","","","","","","","","","","","","","","","","",87,1,"","","","","","","","","","","","",18.1,1,1020.2,1,"","","","","","",4,1,0,1,0,1,0,1,1,1,"","","","","","","","","","","","","","","","","","","","","","","","",12000,1,"","",3,1,0,1,"","","","","","","","","","",2,1,"","","","","","","","","","","","","","","","","","","","","","","","","","","","","","","","","","","","","","","","","","","","","","","","","","","","","",""
"35049001","CANCALE",48.711667,-1.843333,40,1981081221,"","","","",4.,1,20,1,"","","","","","","","","","","","","","","","","","","","","","","","","","","","",17.6,1,15.6,1,"","","","","","","","","","","","","","","","","","","","","","","","","","",91,1,"","","","","","","","","","","","",18.3,1,1020.6,1,"","","","","","",4,1,0,1,0,1,0,1,2,1,"","","","","","","","","","","","","","","","","","","","","","","","",10000,1,"","",0,1,"","","","","","","","","","","","",2,1,"","","","","","","","","","","","","","","","","","","","","","","","","","","","","","","","","","","","","","","","","","","","","","","","","","","","","",""
"35049001","CANCALE",48.711667,-1.843333,40,1981081300,"","","","",3.,1,80,1,"","","","","","","","","","","","","","","","","","","","","","","","","","","","",17.,1,14.6,1,"","","","","","","","","","","","","","","","","","","","","","","","","","",91,1,"","","","","","","","","","","","",17.1,1,1020.3,1,"","","","","","",2,1,0,1,0,1,0,1,2,1,"","","","","","","","","","","","","","","","","","","","","","","","",5000,1,"","",0,1,"","","","","","","","","","","","",2,1,"","","","","","","","","","","","","","","","","","","","","","","","","","","","","","","","","","","","","","","","","","","","","","","","","","","","","",""
"35049001","CANCALE",48.711667,-1.843333,40,1981081303,"","","","",2.,1,340,1,"","","","","","","","","","","","","","","","","","","","","","","","","","","","",16.4,1,14.4,1,"","","","","","","","","","","","","","","","","","","","","","","","","","",91,1,"","","","","","","","","","","","",16.9,1,1020.3,1,"","","","","","",0,1,"","",0,1,0,1,0,1,"","","","","","","","","","","","","","","","","","","","","","","","",6000,1,"","",0,1,"","","","","","","","","","","","",2,1,"","","","","","","","","","","","","","","","","","","","","","","","","","","","","","","","","","","","","","","","","","","","","","","","","","","","","",""
"35049001","CANCALE",48.711667,-1.843333,40,1981081306,"","","","",1.,1,40,1,"","","","","","","","","","","","","","","","","","","","","","","","","","","","",16.2,1,14.6,1,"","","","","","","","","","","","","","","","","","","","","","","","","","",93,1,"","","","","","","","","","","","",17.1,1,1019.9,1,"","","","","","",4,1,0,1,0,1,0,1,8,1,"","","","","","","","","","","","","","","","","","","","","","","","",4500,1,"","",10,1,"","","","",0,1,"","","","","","",1,1,"","","","","","","","","","","","","","","","","","","","","","","","","","","","","","","","","","","","","","","","","","","","","","","","","","","","","",""
"35049001","CANCALE",48.711667,-1.843333,40,1981081309,"","","","",1.,1,280,1,"","","","","","","","","","","","","","","","","","","","","","","","","","","","",18.6,1,15.3,1,"","","","","","","","","","","","","","","","","","","","","","","","","","",84,1,"","","","","","","","","","","","",17.9,1,1020.4,1,"","","","","","",1,1,0,1,0,1,0,1,1,1,"","","","","","","","","","","","","","","","","","","","","","","","",4500,1,"","",10,1,0,1,"","","","","","","","","","",1,1,"","","","","","","","","","","","","","","","","","","","","","","","","","","","","","","","","","","","","","","","","","","","","","","","","","","","","",""
"35049001","CANCALE",48.711667,-1.843333,40,1981081312,"","","","",2.,1,300,1,"","","","","","","","","","","","","","","","","","","","","","","","","","","","",20.5,1,17.5,1,"","","","","","","","","","","","","","","","","","","","","","","","","","",85,1,"","","","","","","","","","","","",20.6,1,1020.3,1,"","","","","","",2,1,0,1,0,1,0,1,2,1,"","","","","","","","","","","","","","","","","","","","","","","","",4500,1,"","",10,1,0,1,"","","","","","","","","","",1,1,"","","","","","","","","","","","","","","","","","","","","","","","","","","","","","","","","","","","","","","","","","","","","","","","","","","","","",""
"35049001","CANCALE",48.711667,-1.843333,40,1981081315,"","","","",3.,1,300,1,"","","","","","","","","","","","","","","","","","","","","","","","","","","","",21.3,1,18.6,1,"","","","","","","","","","","","","","","","","","","","","","","","","","",87,1,"","","","","","","","","","","","",22.1,1,1020.3,1,"","","","","","",1,1,0,1,0,1,0,1,1,1,"","","","","","","","","","","","","","","","","","","","","","","","",5000,1,"","",2,1,0,1,"","","","","","","","","","",2,1,"","","","","","","","","","","","","","","","","","","","","","","","","","","","","","","","","","","","","","","","","","","","","","","","","","","","","",""
"35049001","CANCALE",48.711667,-1.843333,40,1981081318,"","","","",4.,1,340,1,"","","","","","","","","","","","","","","","","","","","","","","","","","","","",19.6,1,16.9,1,"","","","","","","","","","","","","","","","","","","","","","","","","","",87,1,"","","","","","","","","","","","",19.8,1,1019.9,1,"","","","","","",1,1,0,1,0,1,0,1,1,1,"","","","","","","","","","","","","","","","","","","","","","","","",8000,1,"","",2,1,0,1,"","","","","","","","","","",2,1,"","","","","","","","","","","","","","","","","","","","","","","","","","","","","","","","","","","","","","","","","","","","","","","","","","","","","",""
"35049001","CANCALE",48.711667,-1.843333,40,1981081321,"","","","",3.,1,40,1,"","","","","","","","","","","","","","","","","","","","","","","","","","","","",17.9,1,15.3,1,"","","","","","","","","","","","","","","","","","","","","","","","","","",88,1,"","","","","","","","","","","","",17.9,1,1020.3,1,"","","","","","",0,1,"","",0,1,0,1,0,1,"","","","","","","","","","","","","","","","","","","","","","","","",15000,1,"","",0,1,"","","","","","","","","","","","",2,1,"","","","","","","","","","","","","","","","","","","","","","","","","","","","","","","","","","","","","","","","","","","","","","","","","","","","","",""
"35049001","CANCALE",48.711667,-1.843333,40,1981081400,"","","","",2.,1,340,1,"","","","","","","","","","","","","","","","","","","","","","","","","","","","",17.9,1,15.9,1,"","","","","","","","","","","","","","","","","","","","","","","","","","",91,1,"","","","","","","","","","","","",18.7,1,1020.4,1,"","","","","","",0,1,"","",0,1,0,1,0,1,"","","","","","","","","","","","","","","","","","","","","","","","",4000,1,"","",10,1,"","","","","","","","","","","","",2,1,"","","","","","","","","","","","","","","","","","","","","","","","","","","","","","","","","","","","","","","","","","","","","","","","","","","","","",""
"35049001","CANCALE",48.711667,-1.843333,40,1981081403,"","","","",1.,1,20,1,"","","","","","","","","","","","","","","","","","","","","","","","","","","","",17.,1,15.5,1,"","","","","","","","","","","","","","","","","","","","","","","","","","",94,1,"","","","","","","","","","","","",18.2,1,1020.4,1,"","","","","","",0,1,"","",0,1,0,1,0,1,"","","","","","","","","","","","","","","","","","","","","","","","",4000,1,"","",10,1,"","","","","","","","","","","","",2,1,"","","","","","","","","","","","","","","","","","","","","","","","","","","","","","","","","","","","","","","","","","","","","","","","","","","","","",""
"35049001","CANCALE",48.711667,-1.843333,40,1981081406,"","","","",2.,1,360,1,"","","","","","","","","","","","","","","","","","","","","","","","","","","","",16.9,1,15.4,1,"","","","","","","","","","","","","","","","","","","","","","","","","","",94,1,"","","","","","","","","","","","",18.1,1,1020.6,1,"","","","","","",1,1,0,1,0,1,0,1,1,1,"","","","","","","","","","","","","","","","","","","","","","","","",3000,1,"","",10,1,"","","","",0,1,"","","","","","",2,1,"","","","","","","","","","","","","","","","","","","","","","","","","","","","","","","","","","","","","","","","","","","","","","","","","","","","","",""
"35049001","CANCALE",48.711667,-1.843333,40,1981081409,"","","","",2.,1,20,1,"","","","","","","","","","","","","","","","","","","","","","","","","","","","",19.5,1,15.7,1,"","","","","","","","","","","","","","","","","","","","","","","","","","",81,1,"","","","","","","","","","","","",18.4,1,1021.1,1,"","","","","","",0,1,"","",0,1,0,1,0,1,"","","","","","","","","","","","","","","","","","","","","","","","",7000,1,"","",2,1,0,1,"","","","","","","","","","",2,1,"","","","","","","","","","","","","","","","","","","","","","","","","","","","","","","","","","","","","","","","","","","","","","","","","","","","","",""
"35049001","CANCALE",48.711667,-1.843333,40,1981081412,"","","","",3.,1,320,1,"","","","","","","","","","","","","","","","","","","","","","","","","","","","",20.8,1,17.7,1,"","","","","","","","","","","","","","","","","","","","","","","","","","",86,1,"","","","","","","","","","","","",21.,1,1021.1,1,"","","","","","",0,1,"","",0,1,0,1,0,1,"","","","","","","","","","","","","","","","","","","","","","","","",8000,1,"","",2,1,0,1,"","","","","","","","","","",2,1,"","","","","","","","","","","","","","","","","","","","","","","","","","","","","","","","","","","","","","","","","","","","","","","","","","","","","",""
"35049001","CANCALE",48.711667,-1.843333,40,1981081415,"","","","",6.,1,300,1,"","","","","","","","","","","","","","","","","","","","","","","","","","","","",20.8,1,12.8,1,"","","","","","","","","","","","","","","","","","","","","","","","","","",62,1,"","","","","","","","","","","","",15.2,1,1020.7,1,"","","","","","",0,1,"","",0,1,0,1,0,1,"","","","","","","","","","","","","","","","","","","","","","","","",17000,1,"","",2,1,0,1,"","","","","","","","","","",2,1,"","","","","","","","","","","","","","","","","","","","","","","","","","","","","","","","","","","","","","","","","","","","","","","","","","","","","",""
"35049001","CANCALE",48.711667,-1.843333,40,1981081418,"","","","",5.,1,300,1,"","","","","","","","","","","","","","","","","","","","","","","","","","","","",19.7,1,15.4,1,"","","","","","","","","","","","","","","","","","","","","","","","","","",79,1,"","","","","","","","","","","","",18.1,1,1020.4,1,"","","","","","",0,1,"","",0,1,0,1,0,1,"","","","","","","","","","","","","","","","","","","","","","","","",7000,1,"","",2,1,0,1,"","","","","","","","","","",2,1,"","","","","","","","","","","","","","","","","","","","","","","","","","","","","","","","","","","","","","","","","","","","","","","","","","","","","",""
"35049001","CANCALE",48.711667,-1.843333,40,1981081421,"","","","",3.,1,300,1,"","","","","","","","","","","","","","","","","","","","","","","","","","","","",17.9,1,14.8,1,"","","","","","","","","","","","","","","","","","","","","","","","","","",84,1,"","","","","","","","","","","","",17.3,1,1020.4,1,"","","","","","",0,1,"","",0,1,0,1,0,1,"","","","","","","","","","","","","","","","","","","","","","","","",20000,1,"","",0,1,"","","","","","","","","","","","",2,1,"","","","","","","","","","","","","","","","","","","","","","","","","","","","","","","","","","","","","","","","","","","","","","","","","","","","","",""
"35049001","CANCALE",48.711667,-1.843333,40,1981081500,"","","","",2.,1,20,1,"","","","","","","","","","","","","","","","","","","","","","","","","","","","",17.5,1,12.1,1,"","","","","","","","","","","","","","","","","","","","","","","","","","",72,1,"","","","","","","","","","","","",14.5,1,1020.3,1,"","","","","","",0,1,"","",0,1,0,1,0,1,"","","","","","","","","","","","","","","","","","","","","","","","",25000,1,"","",0,1,"","","","","","","","","","","","",2,1,"","","","","","","","","","","","","","","","","","","","","","","","","","","","","","","","","","","","","","","","","","","","","","","","","","","","","",""
"35049001","CANCALE",48.711667,-1.843333,40,1981081503,"","","","",4.,1,20,1,"","","","","","","","","","","","","","","","","","","","","","","","","","","","",16.6,1,11.9,1,"","","","","","","","","","","","","","","","","","","","","","","","","","",76,1,"","","","","","","","","","","","",14.3,1,1019.5,1,"","","","","","",0,1,"","",0,1,0,1,0,1,"","","","","","","","","","","","","","","","","","","","","","","","",25000,1,"","",0,1,"","","","","","","","","","","","",2,1,"","","","","","","","","","","","","","","","","","","","","","","","","","","","","","","","","","","","","","","","","","","","","","","","","","","","","",""
"35049001","CANCALE",48.711667,-1.843333,40,1981081506,"","","","",0.,1,0,1,"","","","","","","","","","","","","","","","","","","","","","","","","","","","",17.4,1,10.8,1,"","","","","","","","","","","","","","","","","","","","","","","","","","",67,1,"","","","","","","","","","","","",13.3,1,1019.,1,"","","","","","",0,1,"","",0,1,0,1,0,1,"","","","","","","","","","","","","","","","","","","","","","","","",16000,1,"","",2,1,"","","","",0,1,"","","","","","",2,1,"","","","","","","","","","","","","","","","","","","","","","","","","","","","","","","","","","","","","","","","","","","","","","","","","","","","","",""
"35049001","CANCALE",48.711667,-1.843333,40,1981081509,"","","","",1.,1,20,1,"","","","","","","","","","","","","","","","","","","","","","","","","","","","",19.6,1,13.5,1,"","","","","","","","","","","","","","","","","","","","","","","","","","",70,1,"","","","","","","","","","","","",15.9,1,1019.1,1,"","","","","","",0,1,"","",0,1,0,1,0,1,"","","","","","","","","","","","","","","","","","","","","","","","",12000,1,"","",2,1,0,1,"","","","","","","","","","",1,1,"","","","","","","","","","","","","","","","","","","","","","","","","","","","","","","","","","","","","","","","","","","","","","","","","","","","","",""
"35049001","CANCALE",48.711667,-1.843333,40,1981081512,"","","","",4.,1,280,1,"","","","","","","","","","","","","","","","","","","","","","","","","","","","",21.1,1,16.2,1,"","","","","","","","","","","","","","","","","","","","","","","","","","",76,1,"","","","","","","","","","","","",19.,1,1018.8,1,"","","","","","",0,1,"","",0,1,0,1,0,1,"","","","","","","","","","","","","","","","","","","","","","","","",6000,1,"","",2,1,0,1,"","","","","","","","","","",2,1,"","","","","","","","","","","","","","","","","","","","","","","","","","","","","","","","","","","","","","","","","","","","","","","","","","","","","",""
"35049001","CANCALE",48.711667,-1.843333,40,1981081515,"","","","",5.,1,300,1,"","","","","","","","","","","","","","","","","","","","","","","","","","","","",21.1,1,16.9,1,"","","","","","","","","","","","","","","","","","","","","","","","","","",79,1,"","","","","","","","","","","","",19.9,1,1018.4,1,"","","","","","",0,1,"","",0,1,0,1,0,1,"","","","","","","","","","","","","","","","","","","","","","","","",10000,1,"","",2,1,0,1,"","","","","","","","","","",2,1,"","","","","","","","","","","","","","","","","","","","","","","","","","","","","","","","","","","","","","","","","","","","","","","","","","","","","",""
"35049001","CANCALE",48.711667,-1.843333,40,1981081518,"","","","",7.,1,320,1,"","","","","","","","","","","","","","","","","","","","","","","","","","","","",19.6,1,17.,1,"","","","","","","","","","","","","","","","","","","","","","","","","","",88,1,"","","","","","","","","","","","",20.,1,1017.8,1,"","","","","","",2,1,0,1,0,1,0,1,2,1,"","","","","","","","","","","","","","","","","","","","","","","","",16000,1,"","",2,1,0,1,"","","","","","","","","","",2,1,"","","","","","","","","","","","","","","","","","","","","","","","","","","","","","","","","","","","","","","","","","","","","","","","","","","","","",""
"35049001","CANCALE",48.711667,-1.843333,40,1981081521,"","","","",5.,1,340,1,"","","","","","","","","","","","","","","","","","","","","","","","","","","","",18.9,1,16.4,1,"","","","","","","","","","","","","","","","","","","","","","","","","","",88,1,"","","","","","","","","","","","",19.3,1,1018.3,1,"","","","","","",2,1,0,1,0,1,0,1,2,1,"","","","","","","","","","","","","","","","","","","","","","","","",28000,1,"","",2,1,0,1,"","","","","","","","","","",2,1,"","","","","","","","","","","","","","","","","","","","","","","","","","","","","","","","","","","","","","","","","","","","","","","","","","","","","",""
"35049001","CANCALE",48.711667,-1.843333,40,1981081600,"","","","",6.,1,320,1,"","","","","","","","","","","","","","","","","","","","","","","","","","","","",17.9,1,15.8,1,"","","","","","","","","","","","","","","","","","","","","","","","","","",91,1,"","","","","","","","","","","","",18.6,1,1018.6,1,"","","","","","",0,1,"","",0,1,0,1,0,1,"","","","","","","","","","","","","","","","","","","","","","","","",25000,1,"","",0,1,"","","","","","","","","","","","",2,1,"","","","","","","","","","","","","","","","","","","","","","","","","","","","","","","","","","","","","","","","","","","","","","","","","","","","","",""
"35049001","CANCALE",48.711667,-1.843333,40,1981081603,"","","","",5.,1,340,1,"","","","","","","","","","","","","","","","","","","","","","","","","","","","",17.3,1,15.4,1,"","","","","","","","","","","","","","","","","","","","","","","","","","",92,1,"","","","","","","","","","","","",18.1,1,1018.6,1,"","","","","","",0,1,"","",0,1,0,1,0,1,"","","","","","","","","","","","","","","","","","","","","","","","",25000,1,"","",0,1,"","","","","","","","","","","","",3,1,"","","","","","","","","","","","","","","","","","","","","","","","","","","","","","","","","","","","","","","","","","","","","","","","","","","","","",""
"35049001","CANCALE",48.711667,-1.843333,40,1981081606,"","","","",5.,1,20,1,"","","","","","","","","","","","","","","","","","","","","","","","","","","","",17.,1,15.3,1,"","","","","","","","","","","","","","","","","","","","","","","","","","",93,1,"","","","","","","","","","","","",17.9,1,1019.,1,"","","","","","",8,1,8,1,5,1,"","","","","","","","","","","","","","","","","","","","","","","","","","","","",10000,1,"","",3,1,1,1,"","",0,1,"","","","","","",3,1,"","","","","","","","","","","","","","","","","","","","","","","","","","","","","","","","","","","","","","","","","","","","","","","","","","","","","",""
"35049001","CANCALE",48.711667,-1.843333,40,1981081609,"","","","",7.,1,40,1,"","","","","","","","","","","","","","","","","","","","","","","","","","","","",17.7,1,14.8,1,"","","","","","","","","","","","","","","","","","","","","","","","","","",85,1,"","","","","","","","","","","","",17.3,1,1020.7,1,"","","","","","",7,1,7,1,5,1,0,1,0,1,"","","","","","","","","","","","","","","","","","","","","","","","",8000,1,"","",2,1,2,1,"","","","","","","","","","",3,1,"","","","","","","","","","","","","","","","","","","","","","","","","","","","","","","","","","","","","","","","","","","","","","","","","","","","","",""
"35049001","CANCALE",48.711667,-1.843333,40,1981081612,"","","","",6.,1,40,1,"","","","","","","","","","","","","","","","","","","","","","","","","","","","",20.,1,14.8,1,"","","","","","","","","","","","","","","","","","","","","","","","","","",74,1,"","","","","","","","","","","","",17.4,1,1021.6,1,"","","","","","",2,1,0,1,1,1,0,1,2,1,"","","","","","","","","","","","","","","","","","","","","","","","",28000,1,"","",1,1,1,1,"","","","","","","","","","",3,1,"","","","","","","","","","","","","","","","","","","","","","","","","","","","","","","","","","","","","","","","","","","","","","","","","","","","","",""
"35049001","CANCALE",48.711667,-1.843333,40,1981081615,"","","","",7.,1,20,1,"","","","","","","","","","","","","","","","","","","","","","","","","","","","",19.6,1,14.9,1,"","","","","","","","","","","","","","","","","","","","","","","","","","",77,1,"","","","","","","","","","","","",17.5,1,1022.2,1,"","","","","","",3,1,0,1,1,1,0,1,2,1,"","","","","","","","","","","","","","","","","","","","","","","","",30000,1,"","",2,1,0,1,"","","","","","","","","","",4,1,"","","","","","","","","","","","","","","","","","","","","","","","","","","","","","","","","","","","","","","","","","","","","","","","","","","","","",""
"35049001","CANCALE",48.711667,-1.843333,40,1981081618,"","","","",7.,1,40,1,"","","","","","","","","","","","","","","","","","","","","","","","","","","","",18.,1,14.1,1,"","","","","","","","","","","","","","","","","","","","","","","","","","",80,1,"","","","","","","","","","","","",16.6,1,1022.6,1,"","","","","","",4,1,0,1,1,1,4,1,2,1,"","","","","","","","","","","","","","","","","","","","","","","","",35000,1,"","",2,1,0,1,"","","","","","","","","","",4,1,"","","","","","","","","","","","","","","","","","","","","","","","","","","","","","","","","","","","","","","","","","","","","","","","","","","","","",""
"35049001","CANCALE",48.711667,-1.843333,40,1981081621,"","","","",7.,1,60,1,"","","","","","","","","","","","","","","","","","","","","","","","","","","","",16.4,1,12.6,1,"","","","","","","","","","","","","","","","","","","","","","","","","","",80,1,"","","","","","","","","","","","",15.,1,1024.2,1,"","","","","","",1,1,0,1,0,1,4,1,0,1,"","","","","","","","","","","","","","","","","","","","","","","","",35000,1,"","",0,1,"","","","","","","","","","","","",4,1,"","","","","","","","","","","","","","","","","","","","","","","","","","","","","","","","","","","","","","","","","","","","","","","","","","","","","",""
"35049001","CANCALE",48.711667,-1.843333,40,1981081700,"","","","",7.,1,60,1,"","","","","","","","","","","","","","","","","","","","","","","","","","","","",15.4,1,12.5,1,"","","","","","","","","","","","","","","","","","","","","","","","","","",85,1,"","","","","","","","","","","","",14.9,1,1024.7,1,"","","","","","",0,1,"","",0,1,0,1,0,1,"","","","","","","","","","","","","","","","","","","","","","","","",28000,1,"","",0,1,"","","","","","","","","","","","",3,1,"","","","","","","","","","","","","","","","","","","","","","","","","","","","","","","","","","","","","","","","","","","","","","","","","","","","","",""
"35049001","CANCALE",48.711667,-1.843333,40,1981081703,"","","","",8.,1,80,1,"","","","","","","","","","","","","","","","","","","","","","","","","","","","",14.7,1,11.2,1,"","","","","","","","","","","","","","","","","","","","","","","","","","",82,1,"","","","","","","","","","","","",13.6,1,1025.1,1,"","","","","","",0,1,"","",0,1,0,1,0,1,"","","","","","","","","","","","","","","","","","","","","","","","",25000,1,"","",0,1,"","","","","","","","","","","","",3,1,"","","","","","","","","","","","","","","","","","","","","","","","","","","","","","","","","","","","","","","","","","","","","","","","","","","","","",""
"35049001","CANCALE",48.711667,-1.843333,40,1981081706,"","","","",6.,1,60,1,"","","","","","","","","","","","","","","","","","","","","","","","","","","","",15.2,1,10.7,1,"","","","","","","","","","","","","","","","","","","","","","","","","","",76,1,"","","","","","","","","","","","",13.2,1,1025.9,1,"","","","","","",1,1,0,1,0,1,0,1,1,1,"","","","","","","","","","","","","","","","","","","","","","","","",30000,1,"","",2,1,"","","","",0,1,"","","","","","",3,1,"","","","","","","","","","","","","","","","","","","","","","","","","","","","","","","","","","","","","","","","","","","","","","","","","","","","","",""
"35049001","CANCALE",48.711667,-1.843333,40,1981081709,"","","","",6.,1,80,1,"","","","","","","","","","","","","","","","","","","","","","","","","","","","",16.2,1,11.4,1,"","","","","","","","","","","","","","","","","","","","","","","","","","",75,1,"","","","","","","","","","","","",13.8,1,1027.,1,"","","","","","",3,1,0,1,0,1,0,1,5,1,"","","","","","","","","","","","","","","","","","","","","","","","",30000,1,"","",2,1,0,1,"","","","","","","","","","",3,1,"","","","","","","","","","","","","","","","","","","","","","","","","","","","","","","","","","","","","","","","","","","","","","","","","","","","","",""
"35049001","CANCALE",48.711667,-1.843333,40,1981081712,"","","","",7.,1,80,1,"","","","","","","","","","","","","","","","","","","","","","","","","","","","",19.2,1,10.5,1,"","","","","","","","","","","","","","","","","","","","","","","","","","",58,1,"","","","","","","","","","","","",13.,1,1026.7,1,"","","","","","",4,1,0,1,0,1,0,1,5,1,"","","","","","","","","","","","","","","","","","","","","","","","",35000,1,"","",2,1,0,1,"","","","","","","","","","",3,1,"","","","","","","","","","","","","","","","","","","","","","","","","","","","","","","","","","","","","","","","","","","","","","","","","","","","","",""
"35049001","CANCALE",48.711667,-1.843333,40,1981081715,"","","","",5.,1,40,1,"","","","","","","","","","","","","","","","","","","","","","","","","","","","",20.2,1,9.3,1,"","","","","","","","","","","","","","","","","","","","","","","","","","",51,1,"","","","","","","","","","","","",12.,1,1025.6,1,"","","","","","",2,1,0,1,0,1,0,1,1,1,"","","","","","","","","","","","","","","","","","","","","","","","",35000,1,"","",2,1,0,1,"","","","","","","","","","",2,1,"","","","","","","","","","","","","","","","","","","","","","","","","","","","","","","","","","","","","","","","","","","","","","","","","","","","","",""
"35049001","CANCALE",48.711667,-1.843333,40,1981081718,"","","","",7.,1,20,1,"","","","","","","","","","","","","","","","","","","","","","","","","","","","",18.5,1,10.8,1,"","","","","","","","","","","","","","","","","","","","","","","","","","",63,1,"","","","","","","","","","","","",13.3,1,1025.2,1,"","","","","","",1,1,0,1,0,1,0,1,1,1,"","","","","","","","","","","","","","","","","","","","","","","","",35000,1,"","",2,1,0,1,"","","","","","","","","","",3,1,"","","","","","","","","","","","","","","","","","","","","","","","","","","","","","","","","","","","","","","","","","","","","","","","","","","","","",""
"35049001","CANCALE",48.711667,-1.843333,40,1981081721,"","","","",9.,1,60,1,"","","","","","","","","","","","","","","","","","","","","","","","","","","","",16.4,1,10.3,1,"","","","","","","","","","","","","","","","","","","","","","","","","","",69,1,"","","","","","","","","","","","",12.8,1,1025.5,1,"","","","","","",0,1,"","",0,1,0,1,0,1,"","","","","","","","","","","","","","","","","","","","","","","","",35000,1,"","",0,1,"","","","","","","","","","","","",3,1,"","","","","","","","","","","","","","","","","","","","","","","","","","","","","","","","","","","","","","","","","","","","","","","","","","","","","",""
"35049001","CANCALE",48.711667,-1.843333,40,1981081800,"","","","",5.,1,80,1,"","","","","","","","","","","","","","","","","","","","","","","","","","","","",15.6,1,10.8,1,"","","","","","","","","","","","","","","","","","","","","","","","","","",75,1,"","","","","","","","","","","","",13.3,1,1025.6,1,"","","","","","",0,1,"","",0,1,0,1,0,1,"","","","","","","","","","","","","","","","","","","","","","","","",35000,1,"","",0,1,"","","","","","","","","","","","",3,1,"","","","","","","","","","","","","","","","","","","","","","","","","","","","","","","","","","","","","","","","","","","","","","","","","","","","","",""
"35049001","CANCALE",48.711667,-1.843333,40,1981081803,"","","","",4.,1,120,1,"","","","","","","","","","","","","","","","","","","","","","","","","","","","",14.,1,10.3,1,"","","","","","","","","","","","","","","","","","","","","","","","","","",80,1,"","","","","","","","","","","","",12.8,1,1025.,1,"","","","","","",0,1,"","",0,1,0,1,0,1,"","","","","","","","","","","","","","","","","","","","","","","","",30000,1,"","",0,1,"","","","","","","","","","","","",3,1,"","","","","","","","","","","","","","","","","","","","","","","","","","","","","","","","","","","","","","","","","","","","","","","","","","","","","",""
"35049001","CANCALE",48.711667,-1.843333,40,1981081806,"","","","",2.,1,100,1,"","","","","","","","","","","","","","","","","","","","","","","","","","","","",13.7,1,10.2,1,"","","","","","","","","","","","","","","","","","","","","","","","","","",81,1,"","","","","","","","","","","","",12.7,1,1025.1,1,"","","","","","",0,1,"","",0,1,0,1,0,1,"","","","","","","","","","","","","","","","","","","","","","","","",20000,1,"","",2,1,"","","","",0,1,"","","","","","",2,1,"","","","","","","","","","","","","","","","","","","","","","","","","","","","","","","","","","","","","","","","","","","","","","","","","","","","","",""
"35049001","CANCALE",48.711667,-1.843333,40,1981081809,"","","","",2.,1,120,1,"","","","","","","","","","","","","","","","","","","","","","","","","","","","",17.,1,10.7,1,"","","","","","","","","","","","","","","","","","","","","","","","","","",68,1,"","","","","","","","","","","","",13.2,1,1024.8,1,"","","","","","",0,1,"","",0,1,0,1,0,1,"","","","","","","","","","","","","","","","","","","","","","","","",16000,1,"","",2,1,0,1,"","","","","","","","","","",2,1,"","","","","","","","","","","","","","","","","","","","","","","","","","","","","","","","","","","","","","","","","","","","","","","","","","","","","",""
"35049001","CANCALE",48.711667,-1.843333,40,1981081812,"","","","",2.,1,340,1,"","","","","","","","","","","","","","","","","","","","","","","","","","","","",19.1,1,12.4,1,"","","","","","","","","","","","","","","","","","","","","","","","","","",67,1,"","","","","","","","","","","","",14.8,1,1024.6,1,"","","","","","",0,1,"","",0,1,0,1,0,1,"","","","","","","","","","","","","","","","","","","","","","","","",17000,1,"","",2,1,0,1,"","","","","","","","","","",2,1,"","","","","","","","","","","","","","","","","","","","","","","","","","","","","","","","","","","","","","","","","","","","","","","","","","","","","",""
"35049001","CANCALE",48.711667,-1.843333,40,1981081815,"","","","",4.,1,340,1,"","","","","","","","","","","","","","","","","","","","","","","","","","","","",19.5,1,14.1,1,"","","","","","","","","","","","","","","","","","","","","","","","","","",73,1,"","","","","","","","","","","","",16.6,1,1023.,1,"","","","","","",0,1,"","",0,1,0,1,0,1,"","","","","","","","","","","","","","","","","","","","","","","","",25000,1,"","",2,1,0,1,"","","","","","","","","","",3,1,"","","","","","","","","","","","","","","","","","","","","","","","","","","","","","","","","","","","","","","","","","","","","","","","","","","","","",""
"35049001","CANCALE",48.711667,-1.843333,40,1981081818,"","","","",5.,1,340,1,"","","","","","","","","","","","","","","","","","","","","","","","","","","","",18.,1,14.1,1,"","","","","","","","","","","","","","","","","","","","","","","","","","",80,1,"","","","","","","","","","","","",16.6,1,1022.6,1,"","","","","","",0,1,"","",0,1,0,1,0,1,"","","","","","","","","","","","","","","","","","","","","","","","",16000,1,"","",2,1,0,1,"","","","","","","","","","",3,1,"","","","","","","","","","","","","","","","","","","","","","","","","","","","","","","","","","","","","","","","","","","","","","","","","","","","","",""
"35049001","CANCALE",48.711667,-1.843333,40,1981081821,"","","","",5.,1,340,1,"","","","","","","","","","","","","","","","","","","","","","","","","","","","",16.5,1,12.5,1,"","","","","","","","","","","","","","","","","","","","","","","","","","",79,1,"","","","","","","","","","","","",14.9,1,1023.,1,"","","","","","",0,1,"","",0,1,0,1,0,1,"","","","","","","","","","","","","","","","","","","","","","","","",30000,1,"","",0,1,"","","","","","","","","","","","",3,1,"","","","","","","","","","","","","","","","","","","","","","","","","","","","","","","","","","","","","","","","","","","","","","","","","","","","","",""
"35049001","CANCALE",48.711667,-1.843333,40,1981081900,"","","","",5.,1,320,1,"","","","","","","","","","","","","","","","","","","","","","","","","","","","",16.2,1,12.,1,"","","","","","","","","","","","","","","","","","","","","","","","","","",78,1,"","","","","","","","","","","","",14.4,1,1022.7,1,"","","","","","",2,1,0,1,0,1,6,1,0,1,"","","","","","","","","","","","","","","","","","","","","","","","",35000,1,"","",0,1,"","","","","","","","","","","","",3,1,"","","","","","","","","","","","","","","","","","","","","","","","","","","","","","","","","","","","","","","","","","","","","","","","","","","","","",""
"35049001","CANCALE",48.711667,-1.843333,40,1981081903,"","","","",5.,1,320,1,"","","","","","","","","","","","","","","","","","","","","","","","","","","","",16.,1,13.8,1,"","","","","","","","","","","","","","","","","","","","","","","","","","",89,1,"","","","","","","","","","","","",16.2,1,1020.5,1,"","","","","","",4,1,0,1,2,1,6,1,0,1,"","","","","","","","","","","","","","","","","","","","","","","","",30000,1,"","",0,1,"","","","","","","","","","","","",3,1,"","","","","","","","","","","","","","","","","","","","","","","","","","","","","","","","","","","","","","","","","","","","","","","","","","","","","",""
"35049001","CANCALE",48.711667,-1.843333,40,1981081906,"","","","",7.,1,300,1,"","","","","","","","","","","","","","","","","","","","","","","","","","","","",16.3,1,14.1,1,"","","","","","","","","","","","","","","","","","","","","","","","","","",89,1,"","","","","","","","","","","","",16.6,1,1020.8,1,"","","","","","",6,1,5,1,2,1,0,1,2,1,"","","","","","","","","","","","","","","","","","","","","","","","",20000,1,"","",2,1,"","","","",0,1,"","","","","","",2,1,"","","","","","","","","","","","","","","","","","","","","","","","","","","","","","","","","","","","","","","","","","","","","","","","","","","","","",""
"35049001","CANCALE",48.711667,-1.843333,40,1981081909,"","","","",7.,1,280,1,"","","","","","","","","","","","","","","","","","","","","","","","","","","","",16.6,1,14.8,1,"","","","","","","","","","","","","","","","","","","","","","","","","","",91,1,"","","","","","","","","","","","",17.3,1,1021.4,1,"","","","","","",8,1,8,1,5,1,"","","","","","","","","","","","","","","","","","","","","","","","","","","","",16000,1,"","",2,1,2,1,"","","","","","","","","","",3,1,"","","","","","","","","","","","","","","","","","","","","","","","","","","","","","","","","","","","","","","","","","","","","","","","","","","","","",""
"35049001","CANCALE",48.711667,-1.843333,40,1981081912,"","","","",8.,1,280,1,"","","","","","","","","","","","","","","","","","","","","","","","","","","","",17.6,1,15.3,1,"","","","","","","","","","","","","","","","","","","","","","","","","","",89,1,"","","","","","","","","","","","",17.9,1,1020.4,1,"","","","","","",7,1,6,1,8,1,"","","","","","","","","","","","","","","","","","","","","","","","","","","","",22000,1,"","",2,1,2,1,"","","","","","","","","","",3,1,"","","","","","","","","","","","","","","","","","","","","","","","","","","","","","","","","","","","","","","","","","","","","","","","","","","","","",""
"35049001","CANCALE",48.711667,-1.843333,40,1981081915,"","","","",9.,1,300,1,"","","","","","","","","","","","","","","","","","","","","","","","","","","","",18.5,1,14.7,1,"","","","","","","","","","","","","","","","","","","","","","","","","","",81,1,"","","","","","","","","","","","",17.2,1,1019.6,1,"","","","","","",5,1,0,1,2,1,4,1,2,1,"","","","","","","","","","","","","","","","","","","","","","","","",30000,1,"","",1,1,2,1,"","","","","","","","","","",3,1,"","","","","","","","","","","","","","","","","","","","","","","","","","","","","","","","","","","","","","","","","","","","","","","","","","","","","",""
"35049001","CANCALE",48.711667,-1.843333,40,1981081918,"","","","",10.,1,280,1,"","","","","","","","","","","","","","","","","","","","","","","","","","","","",17.5,1,13.8,1,"","","","","","","","","","","","","","","","","","","","","","","","","","",81,1,"","","","","","","","","","","","",16.2,1,1018.4,1,"","","","","","",7,1,7,1,2,1,0,1,8,1,"","","","","","","","","","","","","","","","","","","","","","","","",35000,1,"","",2,1,2,1,"","","","","","","","","","",3,1,"","","","","","","","","","","","","","","","","","","","","","","","","","","","","","","","","","","","","","","","","","","","","","","","","","","","","",""
"35049001","CANCALE",48.711667,-1.843333,40,1981081921,"","","","",12.,1,280,1,"","","","","","","","","","","","","","","","","","","","","","","","","","","","",16.1,1,13.,1,"","","","","","","","","","","","","","","","","","","","","","","","","","",85,1,"","","","","","","","","","","","",15.4,1,1017.9,1,"","","","","","",3,1,0,1,2,1,0,1,2,1,"","","","","","","","","","","","","","","","","","","","","","","","",35000,1,"","",0,1,"","","","","","","","","","","","",4,1,"","","","","","","","","","","","","","","","","","","","","","","","","","","","","","","","","","","","","","","","","","","","","","","","","","","","","",""
"35049001","CANCALE",48.711667,-1.843333,40,1981082000,"","","","",12.,1,280,1,"","","","","","","","","","","","","","","","","","","","","","","","","","","","",16.3,1,13.4,1,"","","","","","","","","","","","","","","","","","","","","","","","","","",85,1,"","","","","","","","","","","","",15.8,1,1016.,1,"","","","","","",7,1,7,1,5,1,"","","","","","","","","","","","","","","","","","","","","","","","","","","","",35000,1,"","",0,1,"","","","","","","","","","","","",4,1,"","","","","","","","","","","","","","","","","","","","","","","","","","","","","","","","","","","","","","","","","","","","","","","","","","","","","",""
"35049001","CANCALE",48.711667,-1.843333,40,1981082003,"","","","",14.,1,280,1,"","","","","","","","","","","","","","","","","","","","","","","","","","","","",16.1,1,13.2,1,"","","","","","","","","","","","","","","","","","","","","","","","","","",85,1,"","","","","","","","","","","","",15.6,1,1013.5,1,"","","","","","",8,1,8,1,5,1,"","","","","","","","","","","","","","","","","","","","","","","","","","","","",35000,1,"","",0,1,"","","","","","","","","","","","",4,1,"","","","","","","","","","","","","","","","","","","","","","","","","","","","","","","","","","","","","","","","","","","","","","","","","","","","","",""
"35049001","CANCALE",48.711667,-1.843333,40,1981082006,"","","","",16.,1,260,1,"","","","","","","","","","","","","","","","","","","","","","","","","","","","",16.3,1,13.6,1,"","","","","","","","","","","","","","","","","","","","","","","","","","",86,1,"","","","","","","","","","","","",16.,1,1011.4,1,"","","","","","",8,1,8,1,5,1,"","","","","","","","","","","","","","","","","","","","","","","","","","","","",12000,1,"","",61,1,"","","","",1,1,"","","","","","",5,1,"","","","","","","","","","","","","","","","","","","","","","","","","","","","","","","","","","","","","","","","","","","","","","","","","","","","","",""
"35049001","CANCALE",48.711667,-1.843333,40,1981082009,"","","","",18.,1,280,1,"","","","","","","","","","","","","","","","","","","","","","","","","","","","",16.2,1,15.,1,"","","","","","","","","","","","","","","","","","","","","","","","","","",96,1,"","","","","","","","","","","","",17.6,1,1010.6,1,"","","","","","",8,1,8,1,5,1,"","","","","","","","","","","","","","","","","","","","","","","","","","","","",1500,1,"","",62,1,6,1,"","","","","","","","","","",5,1,"","","","","","","","","","","","","","","","","","","","","","","","","","","","","","","","","","","","","","","","","","","","","","","","","","","","","",""
"35049001","CANCALE",48.711667,-1.843333,40,1981082012,"","","","",16.,1,280,1,"","","","","","","","","","","","","","","","","","","","","","","","","","","","",17.1,1,14.9,1,"","","","","","","","","","","","","","","","","","","","","","","","","","",90,1,"","","","","","","","","","","","",17.5,1,1010.7,1,"","","","","","",8,1,8,1,5,1,"","","","","","","","","","","","","","","","","","","","","","","","","","","","",10000,1,"","",15,1,6,1,"","","","","","","","","","",4,1,"","","","","","","","","","","","","","","","","","","","","","","","","","","","","","","","","","","","","","","","","","","","","","","","","","","","","",""
"35049001","CANCALE",48.711667,-1.843333,40,1981082015,"","","","",11.,1,300,1,"","","","","","","","","","","","","","","","","","","","","","","","","","","","",18.,1,14.5,1,"","","","","","","","","","","","","","","","","","","","","","","","","","",82,1,"","","","","","","","","","","","",17.,1,1012.,1,"","","","","","",5,1,5,1,8,1,0,1,0,1,"","","","","","","","","","","","","","","","","","","","","","","","",35000,1,"","",1,1,2,1,"","","","","","","","","","",4,1,"","","","","","","","","","","","","","","","","","","","","","","","","","","","","","","","","","","","","","","","","","","","","","","","","","","","","",""
"35049001","CANCALE",48.711667,-1.843333,40,1981082018,"","","","",12.,1,300,1,"","","","","","","","","","","","","","","","","","","","","","","","","","","","",17.4,1,14.2,1,"","","","","","","","","","","","","","","","","","","","","","","","","","",84,1,"","","","","","","","","","","","",16.7,1,1013.1,1,"","","","","","",2,1,0,1,2,1,0,1,0,1,"","","","","","","","","","","","","","","","","","","","","","","","",35000,1,"","",2,1,1,1,"","","","","","","","","","",4,1,"","","","","","","","","","","","","","","","","","","","","","","","","","","","","","","","","","","","","","","","","","","","","","","","","","","","","",""
"35049001","CANCALE",48.711667,-1.843333,40,1981082021,"","","","",9.,1,300,1,"","","","","","","","","","","","","","","","","","","","","","","","","","","","",16.5,1,13.7,1,"","","","","","","","","","","","","","","","","","","","","","","","","","",86,1,"","","","","","","","","","","","",16.1,1,1014.3,1,"","","","","","",0,1,"","",0,1,0,1,0,1,"","","","","","","","","","","","","","","","","","","","","","","","",35000,1,"","",0,1,"","","","","","","","","","","","",3,1,"","","","","","","","","","","","","","","","","","","","","","","","","","","","","","","","","","","","","","","","","","","","","","","","","","","","","",""
"35049001","CANCALE",48.711667,-1.843333,40,1981082100,"","","","",8.,1,320,1,"","","","","","","","","","","","","","","","","","","","","","","","","","","","",15.8,1,13.1,1,"","","","","","","","","","","","","","","","","","","","","","","","","","",86,1,"","","","","","","","","","","","",15.5,1,1015.5,1,"","","","","","",1,1,0,1,1,1,0,1,0,1,"","","","","","","","","","","","","","","","","","","","","","","","",35000,1,"","",0,1,"","","","","","","","","","","","",3,1,"","","","","","","","","","","","","","","","","","","","","","","","","","","","","","","","","","","","","","","","","","","","","","","","","","","","","",""
"35049001","CANCALE",48.711667,-1.843333,40,1981082103,"","","","",6.,1,320,1,"","","","","","","","","","","","","","","","","","","","","","","","","","","","",15.8,1,13.1,1,"","","","","","","","","","","","","","","","","","","","","","","","","","",86,1,"","","","","","","","","","","","",15.5,1,1015.8,1,"","","","","","",6,1,6,1,5,1,0,1,0,1,"","","","","","","","","","","","","","","","","","","","","","","","",25000,1,"","",0,1,"","","","","","","","","","","","",3,1,"","","","","","","","","","","","","","","","","","","","","","","","","","","","","","","","","","","","","","","","","","","","","","","","","","","","","",""
"35049001","CANCALE",48.711667,-1.843333,40,1981082106,"","","","",4.,1,20,1,"","","","","","","","","","","","","","","","","","","","","","","","","","","","",15.3,1,12.6,1,"","","","","","","","","","","","","","","","","","","","","","","","","","",86,1,"","","","","","","","","","","","",15.,1,1016.7,1,"","","","","","",4,1,0,1,2,1,0,1,0,1,"","","","","","","","","","","","","","","","","","","","","","","","",24000,1,"","",2,1,"","","","",0,1,"","","","","","",3,1,"","","","","","","","","","","","","","","","","","","","","","","","","","","","","","","","","","","","","","","","","","","","","","","","","","","","","",""
"35049001","CANCALE",48.711667,-1.843333,40,1981082109,"","","","",4.,1,340,1,"","","","","","","","","","","","","","","","","","","","","","","","","","","","",16.5,1,10.6,1,"","","","","","","","","","","","","","","","","","","","","","","","","","",70,1,"","","","","","","","","","","","",13.1,1,1018.7,1,"","","","","","",3,1,0,1,2,1,0,1,0,1,"","","","","","","","","","","","","","","","","","","","","","","","",35000,1,"","",2,1,0,1,"","","","","","","","","","",3,1,"","","","","","","","","","","","","","","","","","","","","","","","","","","","","","","","","","","","","","","","","","","","","","","","","","","","","",""
"35049001","CANCALE",48.711667,-1.843333,40,1981082112,"","","","",7.,1,320,1,"","","","","","","","","","","","","","","","","","","","","","","","","","","","",17.8,1,12.4,1,"","","","","","","","","","","","","","","","","","","","","","","","","","",73,1,"","","","","","","","","","","","",14.8,1,1019.4,1,"","","","","","",4,1,0,1,5,1,0,1,0,1,"","","","","","","","","","","","","","","","","","","","","","","","",40000,1,"","",2,1,0,1,"","","","","","","","","","",3,1,"","","","","","","","","","","","","","","","","","","","","","","","","","","","","","","","","","","","","","","","","","","","","","","","","","","","","",""
"35049001","CANCALE",48.711667,-1.843333,40,1981082115,"","","","",8.,1,300,1,"","","","","","","","","","","","","","","","","","","","","","","","","","","","",18.1,1,13.4,1,"","","","","","","","","","","","","","","","","","","","","","","","","","",75,1,"","","","","","","","","","","","",15.8,1,1019.8,1,"","","","","","",3,1,0,1,2,1,3,1,2,1,"","","","","","","","","","","","","","","","","","","","","","","","",35000,1,"","",2,1,0,1,"","","","","","","","","","",3,1,"","","","","","","","","","","","","","","","","","","","","","","","","","","","","","","","","","","","","","","","","","","","","","","","","","","","","",""
"35049001","CANCALE",48.711667,-1.843333,40,1981082118,"","","","",10.,1,280,1,"","","","","","","","","","","","","","","","","","","","","","","","","","","","",16.6,1,13.6,1,"","","","","","","","","","","","","","","","","","","","","","","","","","",85,1,"","","","","","","","","","","","",16.,1,1019.8,1,"","","","","","",7,1,5,1,2,1,7,1,2,1,"","","","","","","","","","","","","","","","","","","","","","","","",30000,1,"","",3,1,1,1,"","","","","","","","","","",3,1,"","","","","","","","","","","","","","","","","","","","","","","","","","","","","","","","","","","","","","","","","","","","","","","","","","","","","",""
"35049001","CANCALE",48.711667,-1.843333,40,1981082121,"","","","",11.,1,300,1,"","","","","","","","","","","","","","","","","","","","","","","","","","","","",16.5,1,14.3,1,"","","","","","","","","","","","","","","","","","","","","","","","","","",90,1,"","","","","","","","","","","","",16.8,1,1019.8,1,"","","","","","",8,1,8,1,8,1,"","","","","","","","","","","","","","","","","","","","","","","","","","","","",40000,1,"","",0,1,"","","","","","","","","","","","",4,1,"","","","","","","","","","","","","","","","","","","","","","","","","","","","","","","","","","","","","","","","","","","","","","","","","","","","","",""
"35049001","CANCALE",48.711667,-1.843333,40,1981082200,"","","","",10.,1,280,1,"","","","","","","","","","","","","","","","","","","","","","","","","","","","",16.6,1,14.8,1,"","","","","","","","","","","","","","","","","","","","","","","","","","",91,1,"","","","","","","","","","","","",17.3,1,1019.4,1,"","","","","","",8,1,8,1,5,1,"","","","","","","","","","","","","","","","","","","","","","","","","","","","",40000,1,"","",0,1,"","","","","","","","","","","","",4,1,"","","","","","","","","","","","","","","","","","","","","","","","","","","","","","","","","","","","","","","","","","","","","","","","","","","","","",""
"35049001","CANCALE",48.711667,-1.843333,40,1981082203,"","","","",10.,1,280,1,"","","","","","","","","","","","","","","","","","","","","","","","","","","","",17.,1,15.5,1,"","","","","","","","","","","","","","","","","","","","","","","","","","",94,1,"","","","","","","","","","","","",18.2,1,1019.,1,"","","","","","",8,1,8,1,5,1,"","","","","","","","","","","","","","","","","","","","","","","","","","","","",30000,1,"","",0,1,"","","","","","","","","","","","",4,1,"","","","","","","","","","","","","","","","","","","","","","","","","","","","","","","","","","","","","","","","","","","","","","","","","","","","","",""
"35049001","CANCALE",48.711667,-1.843333,40,1981082206,"","","","",10.,1,300,1,"","","","","","","","","","","","","","","","","","","","","","","","","","","","",16.,1,14.8,1,"","","","","","","","","","","","","","","","","","","","","","","","","","",96,1,"","","","","","","","","","","","",17.4,1,1019.4,1,"","","","","","",8,1,8,1,6,1,"","","","","","","","","","","","","","","","","","","","","","","","","","","","",4000,1,"","",10,1,"","","","",0,1,"","","","","","",3,1,"","","","","","","","","","","","","","","","","","","","","","","","","","","","","","","","","","","","","","","","","","","","","","","","","","","","","",""
"35049001","CANCALE",48.711667,-1.843333,40,1981082209,"","","","",8.,1,300,1,"","","","","","","","","","","","","","","","","","","","","","","","","","","","",17.4,1,15.4,1,"","","","","","","","","","","","","","","","","","","","","","","","","","",90,1,"","","","","","","","","","","","",18.,1,1020.6,1,"","","","","","",8,1,8,1,5,1,"","","","","","","","","","","","","","","","","","","","","","","","","","","","",16000,1,"","",2,1,2,1,"","","","","","","","","","",3,1,"","","","","","","","","","","","","","","","","","","","","","","","","","","","","","","","","","","","","","","","","","","","","","","","","","","","","",""
"35049001","CANCALE",48.711667,-1.843333,40,1981082212,"","","","",8.,1,300,1,"","","","","","","","","","","","","","","","","","","","","","","","","","","","",17.6,1,15.4,1,"","","","","","","","","","","","","","","","","","","","","","","","","","",90,1,"","","","","","","","","","","","",18.1,1,1020.8,1,"","","","","","",8,1,8,1,8,1,"","","","","","","","","","","","","","","","","","","","","","","","","","","","",18000,1,"","",2,1,2,1,"","","","","","","","","","",3,1,"","","","","","","","","","","","","","","","","","","","","","","","","","","","","","","","","","","","","","","","","","","","","","","","","","","","","",""
"35049001","CANCALE",48.711667,-1.843333,40,1981082215,"","","","",9.,1,300,1,"","","","","","","","","","","","","","","","","","","","","","","","","","","","",17.7,1,15.7,1,"","","","","","","","","","","","","","","","","","","","","","","","","","",90,1,"","","","","","","","","","","","",18.4,1,1021.1,1,"","","","","","",8,1,8,1,8,1,"","","","","","","","","","","","","","","","","","","","","","","","","","","","",18000,1,"","",2,1,5,1,"","","","","","","","","","",3,1,"","","","","","","","","","","","","","","","","","","","","","","","","","","","","","","","","","","","","","","","","","","","","","","","","","","","","",""
"35049001","CANCALE",48.711667,-1.843333,40,1981082218,"","","","",6.,1,300,1,"","","","","","","","","","","","","","","","","","","","","","","","","","","","",17.4,1,15.2,1,"","","","","","","","","","","","","","","","","","","","","","","","","","",90,1,"","","","","","","","","","","","",17.8,1,1021.2,1,"","","","","","",8,1,8,1,8,1,"","","","","","","","","","","","","","","","","","","","","","","","","","","","",18000,1,"","",2,1,5,1,"","","","","","","","","","",3,1,"","","","","","","","","","","","","","","","","","","","","","","","","","","","","","","","","","","","","","","","","","","","","","","","","","","","","",""
"35049001","CANCALE",48.711667,-1.843333,40,1981082221,"","","","",9.,1,320,1,"","","","","","","","","","","","","","","","","","","","","","","","","","","","",17.,1,15.5,1,"","","","","","","","","","","","","","","","","","","","","","","","","","",94,1,"","","","","","","","","","","","",18.2,1,1022.,1,"","","","","","",8,1,8,1,8,1,"","","","","","","","","","","","","","","","","","","","","","","","","","","","",20000,1,"","",0,1,"","","","","","","","","","","","",3,1,"","","","","","","","","","","","","","","","","","","","","","","","","","","","","","","","","","","","","","","","","","","","","","","","","","","","","",""
"35049001","CANCALE",48.711667,-1.843333,40,1981082300,"","","","",9.,1,300,1,"","","","","","","","","","","","","","","","","","","","","","","","","","","","",16.5,1,15.,1,"","","","","","","","","","","","","","","","","","","","","","","","","","",94,1,"","","","","","","","","","","","",17.6,1,1022.2,1,"","","","","","",8,1,8,1,8,1,"","","","","","","","","","","","","","","","","","","","","","","","","","","","",20000,1,"","",0,1,"","","","","","","","","","","","",3,1,"","","","","","","","","","","","","","","","","","","","","","","","","","","","","","","","","","","","","","","","","","","","","","","","","","","","","",""
"35049001","CANCALE",48.711667,-1.843333,40,1981082303,"","","","",8.,1,300,1,"","","","","","","","","","","","","","","","","","","","","","","","","","","","",17.,1,15.4,1,"","","","","","","","","","","","","","","","","","","","","","","","","","",94,1,"","","","","","","","","","","","",18.,1,1022.6,1,"","","","","","",8,1,8,1,8,1,"","","","","","","","","","","","","","","","","","","","","","","","","","","","",20000,1,"","",0,1,"","","","","","","","","","","","",3,1,"","","","","","","","","","","","","","","","","","","","","","","","","","","","","","","","","","","","","","","","","","","","","","","","","","","","","",""
"35049001","CANCALE",48.711667,-1.843333,40,1981082306,"","","","",7.,1,320,1,"","","","","","","","","","","","","","","","","","","","","","","","","","","","",16.9,1,15.4,1,"","","","","","","","","","","","","","","","","","","","","","","","","","",94,1,"","","","","","","","","","","","",18.1,1,1023.2,1,"","","","","","",8,1,8,1,8,1,"","","","","","","","","","","","","","","","","","","","","","","","","","","","",16000,1,"","",2,1,"","","","",0,1,"","","","","","",3,1,"","","","","","","","","","","","","","","","","","","","","","","","","","","","","","","","","","","","","","","","","","","","","","","","","","","","","",""
"35049001","CANCALE",48.711667,-1.843333,40,1981082309,"","","","",6.,1,340,1,"","","","","","","","","","","","","","","","","","","","","","","","","","","","",18.3,1,15.3,1,"","","","","","","","","","","","","","","","","","","","","","","","","","",85,1,"","","","","","","","","","","","",17.9,1,1024.8,1,"","","","","","",8,1,8,1,5,1,"","","","","","","","","","","","","","","","","","","","","","","","","","","","",18000,1,"","",2,1,2,1,"","","","","","","","","","",3,1,"","","","","","","","","","","","","","","","","","","","","","","","","","","","","","","","","","","","","","","","","","","","","","","","","","","","","",""
"35049001","CANCALE",48.711667,-1.843333,40,1981082312,"","","","",5.,1,340,1,"","","","","","","","","","","","","","","","","","","","","","","","","","","","",18.6,1,16.1,1,"","","","","","","","","","","","","","","","","","","","","","","","","","",88,1,"","","","","","","","","","","","",18.9,1,1025.1,1,"","","","","","",8,1,8,1,8,1,"","","","","","","","","","","","","","","","","","","","","","","","","","","","",18000,1,"","",2,1,2,1,"","","","","","","","","","",3,1,"","","","","","","","","","","","","","","","","","","","","","","","","","","","","","","","","","","","","","","","","","","","","","","","","","","","","",""
"35049001","CANCALE",48.711667,-1.843333,40,1981082315,"","","","",5.,1,320,1,"","","","","","","","","","","","","","","","","","","","","","","","","","","","",19.4,1,16.3,1,"","","","","","","","","","","","","","","","","","","","","","","","","","",85,1,"","","","","","","","","","","","",19.1,1,1025.9,1,"","","","","","",7,1,7,1,8,1,"","","","","","","","","","","","","","","","","","","","","","","","","","","","",18000,1,"","",2,1,2,1,"","","","","","","","","","",3,1,"","","","","","","","","","","","","","","","","","","","","","","","","","","","","","","","","","","","","","","","","","","","","","","","","","","","","",""
"35049001","CANCALE",48.711667,-1.843333,40,1981082318,"","","","",5.,1,320,1,"","","","","","","","","","","","","","","","","","","","","","","","","","","","",18.5,1,15.5,1,"","","","","","","","","","","","","","","","","","","","","","","","","","",85,1,"","","","","","","","","","","","",18.2,1,1026.,1,"","","","","","",7,1,7,1,5,1,"","","","","","","","","","","","","","","","","","","","","","","","","","","","",25000,1,"","",2,1,2,1,"","","","","","","","","","",3,1,"","","","","","","","","","","","","","","","","","","","","","","","","","","","","","","","","","","","","","","","","","","","","","","","","","","","","",""
"35049001","CANCALE",48.711667,-1.843333,40,1981082321,"","","","",6.,1,340,1,"","","","","","","","","","","","","","","","","","","","","","","","","","","","",17.6,1,15.3,1,"","","","","","","","","","","","","","","","","","","","","","","","","","",89,1,"","","","","","","","","","","","",17.9,1,1027.6,1,"","","","","","",5,1,5,1,5,1,0,1,0,1,"","","","","","","","","","","","","","","","","","","","","","","","",25000,1,"","",0,1,"","","","","","","","","","","","",3,1,"","","","","","","","","","","","","","","","","","","","","","","","","","","","","","","","","","","","","","","","","","","","","","","","","","","","","",""
"35049001","CANCALE",48.711667,-1.843333,40,1981082400,"","","","",6.,1,60,1,"","","","","","","","","","","","","","","","","","","","","","","","","","","","",17.,1,13.9,1,"","","","","","","","","","","","","","","","","","","","","","","","","","",85,1,"","","","","","","","","","","","",16.4,1,1028.2,1,"","","","","","",3,1,0,1,5,1,0,1,0,1,"","","","","","","","","","","","","","","","","","","","","","","","",25000,1,"","",0,1,"","","","","","","","","","","","",3,1,"","","","","","","","","","","","","","","","","","","","","","","","","","","","","","","","","","","","","","","","","","","","","","","","","","","","","",""
"35049001","CANCALE",48.711667,-1.843333,40,1981082403,"","","","",4.,1,60,1,"","","","","","","","","","","","","","","","","","","","","","","","","","","","",15.1,1,12.9,1,"","","","","","","","","","","","","","","","","","","","","","","","","","",89,1,"","","","","","","","","","","","",15.3,1,1027.8,1,"","","","","","",0,1,"","",0,1,0,1,0,1,"","","","","","","","","","","","","","","","","","","","","","","","",22000,1,"","",0,1,"","","","","","","","","","","","",2,1,"","","","","","","","","","","","","","","","","","","","","","","","","","","","","","","","","","","","","","","","","","","","","","","","","","","","","",""
"35049001","CANCALE",48.711667,-1.843333,40,1981082406,"","","","",2.,1,80,1,"","","","","","","","","","","","","","","","","","","","","","","","","","","","",15.,1,11.5,1,"","","","","","","","","","","","","","","","","","","","","","","","","","",82,1,"","","","","","","","","","","","",13.9,1,1027.8,1,"","","","","","",7,1,5,1,0,1,3,1,1,1,"","","","","","","","","","","","","","","","","","","","","","","","",20000,1,"","",2,1,"","","","",0,1,"","","","","","",2,1,"","","","","","","","","","","","","","","","","","","","","","","","","","","","","","","","","","","","","","","","","","","","","","","","","","","","","",""
"35049001","CANCALE",48.711667,-1.843333,40,1981082409,"","","","",3.,1,100,1,"","","","","","","","","","","","","","","","","","","","","","","","","","","","",17.5,1,12.7,1,"","","","","","","","","","","","","","","","","","","","","","","","","","",75,1,"","","","","","","","","","","","",15.1,1,1028.7,1,"","","","","","",7,1,7,1,0,1,0,1,2,1,"","","","","","","","","","","","","","","","","","","","","","","","",23000,1,"","",2,1,2,1,"","","","","","","","","","",2,1,"","","","","","","","","","","","","","","","","","","","","","","","","","","","","","","","","","","","","","","","","","","","","","","","","","","","","",""
"35049001","CANCALE",48.711667,-1.843333,40,1981082412,"","","","",2.,1,80,1,"","","","","","","","","","","","","","","","","","","","","","","","","","","","",20.2,1,14.8,1,"","","","","","","","","","","","","","","","","","","","","","","","","","",73,1,"","","","","","","","","","","","",17.3,1,1028.7,1,"","","","","","",5,1,5,1,0,1,3,1,0,1,"","","","","","","","","","","","","","","","","","","","","","","","",30000,1,"","",2,1,2,1,"","","","","","","","","","",2,1,"","","","","","","","","","","","","","","","","","","","","","","","","","","","","","","","","","","","","","","","","","","","","","","","","","","","","",""
"35049001","CANCALE",48.711667,-1.843333,40,1981082415,"","","","",5.,1,300,1,"","","","","","","","","","","","","","","","","","","","","","","","","","","","",18.6,1,14.8,1,"","","","","","","","","","","","","","","","","","","","","","","","","","",81,1,"","","","","","","","","","","","",17.3,1,1028.7,1,"","","","","","",7,1,7,1,0,1,7,1,"","","","","","","","","","","","","","","","","","","","","","","","","","",30000,1,"","",2,1,2,1,"","","","","","","","","","",2,1,"","","","","","","","","","","","","","","","","","","","","","","","","","","","","","","","","","","","","","","","","","","","","","","","","","","","","",""
"35049001","CANCALE",48.711667,-1.843333,40,1981082418,"","","","",5.,1,320,1,"","","","","","","","","","","","","","","","","","","","","","","","","","","","",18.,1,14.3,1,"","","","","","","","","","","","","","","","","","","","","","","","","","",82,1,"","","","","","","","","","","","",16.8,1,1028.2,1,"","","","","","",4,1,0,1,0,1,4,1,0,1,"","","","","","","","","","","","","","","","","","","","","","","","",23000,1,"","",1,1,1,1,"","","","","","","","","","",2,1,"","","","","","","","","","","","","","","","","","","","","","","","","","","","","","","","","","","","","","","","","","","","","","","","","","","","","",""
"35049001","CANCALE",48.711667,-1.843333,40,1981082421,"","","","",3.,1,20,1,"","","","","","","","","","","","","","","","","","","","","","","","","","","","",16.9,1,14.2,1,"","","","","","","","","","","","","","","","","","","","","","","","","","",87,1,"","","","","","","","","","","","",16.7,1,1028.7,1,"","","","","","",0,1,"","",0,1,0,1,0,1,"","","","","","","","","","","","","","","","","","","","","","","","",23000,1,"","",0,1,"","","","","","","","","","","","",2,1,"","","","","","","","","","","","","","","","","","","","","","","","","","","","","","","","","","","","","","","","","","","","","","","","","","","","","",""
"35049001","CANCALE",48.711667,-1.843333,40,1981082500,"","","","",3.,1,60,1,"","","","","","","","","","","","","","","","","","","","","","","","","","","","",16.8,1,13.4,1,"","","","","","","","","","","","","","","","","","","","","","","","","","",83,1,"","","","","","","","","","","","",15.8,1,1029.,1,"","","","","","",0,1,"","",0,1,0,1,0,1,"","","","","","","","","","","","","","","","","","","","","","","","",16000,1,"","",0,1,"","","","","","","","","","","","",2,1,"","","","","","","","","","","","","","","","","","","","","","","","","","","","","","","","","","","","","","","","","","","","","","","","","","","","","",""
"35049001","CANCALE",48.711667,-1.843333,40,1981082503,"","","","",2.,1,60,1,"","","","","","","","","","","","","","","","","","","","","","","","","","","","",15.6,1,13.1,1,"","","","","","","","","","","","","","","","","","","","","","","","","","",88,1,"","","","","","","","","","","","",15.5,1,1028.6,1,"","","","","","",0,1,"","",0,1,0,1,0,1,"","","","","","","","","","","","","","","","","","","","","","","","",16000,1,"","",0,1,"","","","","","","","","","","","",2,1,"","","","","","","","","","","","","","","","","","","","","","","","","","","","","","","","","","","","","","","","","","","","","","","","","","","","","",""
"35049001","CANCALE",48.711667,-1.843333,40,1981082506,"","","","",2.,1,120,1,"","","","","","","","","","","","","","","","","","","","","","","","","","","","",14.5,1,12.5,1,"","","","","","","","","","","","","","","","","","","","","","","","","","",90,1,"","","","","","","","","","","","",14.9,1,1029.4,1,"","","","","","",1,1,0,1,0,1,0,1,1,1,"","","","","","","","","","","","","","","","","","","","","","","","",7000,1,"","",2,1,"","","","",0,1,"","","","","","",2,1,"","","","","","","","","","","","","","","","","","","","","","","","","","","","","","","","","","","","","","","","","","","","","","","","","","","","","",""
"35049001","CANCALE",48.711667,-1.843333,40,1981082509,"","","","",3.,1,120,1,"","","","","","","","","","","","","","","","","","","","","","","","","","","","",17.2,1,13.5,1,"","","","","","","","","","","","","","","","","","","","","","","","","","",81,1,"","","","","","","","","","","","",15.9,1,1030.3,1,"","","","","","",0,1,"","",0,1,0,1,0,1,"","","","","","","","","","","","","","","","","","","","","","","","",8000,1,"","",2,1,0,1,"","","","","","","","","","",2,1,"","","","","","","","","","","","","","","","","","","","","","","","","","","","","","","","","","","","","","","","","","","","","","","","","","","","","",""
"35049001","CANCALE",48.711667,-1.843333,40,1981082512,"","","","",3.,1,320,1,"","","","","","","","","","","","","","","","","","","","","","","","","","","","",19.4,1,11.9,1,"","","","","","","","","","","","","","","","","","","","","","","","","","",64,1,"","","","","","","","","","","","",14.3,1,1030.4,1,"","","","","","",0,1,"","",0,1,0,1,0,1,"","","","","","","","","","","","","","","","","","","","","","","","",12000,1,"","",2,1,0,1,"","","","","","","","","","",2,1,"","","","","","","","","","","","","","","","","","","","","","","","","","","","","","","","","","","","","","","","","","","","","","","","","","","","","",""
"35049001","CANCALE",48.711667,-1.843333,40,1981082515,"","","","",4.,1,320,1,"","","","","","","","","","","","","","","","","","","","","","","","","","","","",20.,1,12.6,1,"","","","","","","","","","","","","","","","","","","","","","","","","","",64,1,"","","","","","","","","","","","",15.,1,1029.5,1,"","","","","","",1,1,0,1,0,1,0,1,1,1,"","","","","","","","","","","","","","","","","","","","","","","","",15000,1,"","",2,1,0,1,"","","","","","","","","","",2,1,"","","","","","","","","","","","","","","","","","","","","","","","","","","","","","","","","","","","","","","","","","","","","","","","","","","","","",""
"35049001","CANCALE",48.711667,-1.843333,40,1981082518,"","","","",6.,1,340,1,"","","","","","","","","","","","","","","","","","","","","","","","","","","","",18.1,1,15.4,1,"","","","","","","","","","","","","","","","","","","","","","","","","","",87,1,"","","","","","","","","","","","",18.1,1,1029.1,1,"","","","","","",4,1,0,1,0,1,0,1,1,1,"","","","","","","","","","","","","","","","","","","","","","","","",15000,1,"","",2,1,0,1,"","","","","","","","","","",2,1,"","","","","","","","","","","","","","","","","","","","","","","","","","","","","","","","","","","","","","","","","","","","","","","","","","","","","",""
"35049001","CANCALE",48.711667,-1.843333,40,1981082521,"","","","",6.,1,40,1,"","","","","","","","","","","","","","","","","","","","","","","","","","","","",17.9,1,15.6,1,"","","","","","","","","","","","","","","","","","","","","","","","","","",89,1,"","","","","","","","","","","","",18.3,1,1029.9,1,"","","","","","",0,1,"","",0,1,0,1,0,1,"","","","","","","","","","","","","","","","","","","","","","","","",15000,1,"","",0,1,"","","","","","","","","","","","",2,1,"","","","","","","","","","","","","","","","","","","","","","","","","","","","","","","","","","","","","","","","","","","","","","","","","","","","","",""
"35049001","CANCALE",48.711667,-1.843333,40,1981082600,"","","","",2.,1,60,1,"","","","","","","","","","","","","","","","","","","","","","","","","","","","",17.4,1,15.3,1,"","","","","","","","","","","","","","","","","","","","","","","","","","",90,1,"","","","","","","","","","","","",17.9,1,1029.8,1,"","","","","","",0,1,"","",0,1,0,1,0,1,"","","","","","","","","","","","","","","","","","","","","","","","",15000,1,"","",0,1,"","","","","","","","","","","","",2,1,"","","","","","","","","","","","","","","","","","","","","","","","","","","","","","","","","","","","","","","","","","","","","","","","","","","","","",""
"35049001","CANCALE",48.711667,-1.843333,40,1981082603,"","","","",2.,1,60,1,"","","","","","","","","","","","","","","","","","","","","","","","","","","","",16.3,1,13.6,1,"","","","","","","","","","","","","","","","","","","","","","","","","","",86,1,"","","","","","","","","","","","",16.,1,1029.4,1,"","","","","","",0,1,"","",0,1,0,1,0,1,"","","","","","","","","","","","","","","","","","","","","","","","",15000,1,"","",0,1,"","","","","","","","","","","","",2,1,"","","","","","","","","","","","","","","","","","","","","","","","","","","","","","","","","","","","","","","","","","","","","","","","","","","","","",""
"35049001","CANCALE",48.711667,-1.843333,40,1981082606,"","","","",2.,1,80,1,"","","","","","","","","","","","","","","","","","","","","","","","","","","","",16.4,1,13.9,1,"","","","","","","","","","","","","","","","","","","","","","","","","","",87,1,"","","","","","","","","","","","",16.3,1,1030.,1,"","","","","","",0,1,"","",0,1,0,1,0,1,"","","","","","","","","","","","","","","","","","","","","","","","",7000,1,"","",2,1,"","","","",0,1,"","","","","","",2,1,"","","","","","","","","","","","","","","","","","","","","","","","","","","","","","","","","","","","","","","","","","","","","","","","","","","","","",""
"35049001","CANCALE",48.711667,-1.843333,40,1981082609,"","","","",3.,1,120,1,"","","","","","","","","","","","","","","","","","","","","","","","","","","","",18.3,1,15.3,1,"","","","","","","","","","","","","","","","","","","","","","","","","","",86,1,"","","","","","","","","","","","",17.9,1,1030.6,1,"","","","","","",0,1,"","",0,1,0,1,0,1,"","","","","","","","","","","","","","","","","","","","","","","","",5000,1,"","",2,1,0,1,"","","","","","","","","","",2,1,"","","","","","","","","","","","","","","","","","","","","","","","","","","","","","","","","","","","","","","","","","","","","","","","","","","","","",""
"35049001","CANCALE",48.711667,-1.843333,40,1981082612,"","","","",1.,1,120,1,"","","","","","","","","","","","","","","","","","","","","","","","","","","","",22.,1,15.9,1,"","","","","","","","","","","","","","","","","","","","","","","","","","",71,1,"","","","","","","","","","","","",18.7,1,1030.3,1,"","","","","","",0,1,"","",0,1,0,1,0,1,"","","","","","","","","","","","","","","","","","","","","","","","",6000,1,"","",2,1,0,1,"","","","","","","","","","",1,1,"","","","","","","","","","","","","","","","","","","","","","","","","","","","","","","","","","","","","","","","","","","","","","","","","","","","","",""
"35049001","CANCALE",48.711667,-1.843333,40,1981082615,"","","","",5.,1,340,1,"","","","","","","","","","","","","","","","","","","","","","","","","","","","",20.5,1,16.6,1,"","","","","","","","","","","","","","","","","","","","","","","","","","",81,1,"","","","","","","","","","","","",19.5,1,1029.3,1,"","","","","","",0,1,"","",0,1,0,1,0,1,"","","","","","","","","","","","","","","","","","","","","","","","",7000,1,"","",2,1,0,1,"","","","","","","","","","",2,1,"","","","","","","","","","","","","","","","","","","","","","","","","","","","","","","","","","","","","","","","","","","","","","","","","","","","","",""
"35049001","CANCALE",48.711667,-1.843333,40,1981082618,"","","","",2.,1,320,1,"","","","","","","","","","","","","","","","","","","","","","","","","","","","",19.9,1,17.,1,"","","","","","","","","","","","","","","","","","","","","","","","","","",86,1,"","","","","","","","","","","","",20.,1,1028.7,1,"","","","","","",0,1,"","",0,1,0,1,0,1,"","","","","","","","","","","","","","","","","","","","","","","","",9000,1,"","",2,1,0,1,"","","","","","","","","","",1,1,"","","","","","","","","","","","","","","","","","","","","","","","","","","","","","","","","","","","","","","","","","","","","","","","","","","","","",""
"35049001","CANCALE",48.711667,-1.843333,40,1981082621,"","","","",4.,1,40,1,"","","","","","","","","","","","","","","","","","","","","","","","","","","","",18.5,1,16.5,1,"","","","","","","","","","","","","","","","","","","","","","","","","","",91,1,"","","","","","","","","","","","",19.4,1,1029.8,1,"","","","","","",0,1,"","",0,1,0,1,0,1,"","","","","","","","","","","","","","","","","","","","","","","","",9000,1,"","",0,1,"","","","","","","","","","","","",2,1,"","","","","","","","","","","","","","","","","","","","","","","","","","","","","","","","","","","","","","","","","","","","","","","","","","","","","",""
"35049001","CANCALE",48.711667,-1.843333,40,1981082700,"","","","",1.,1,80,1,"","","","","","","","","","","","","","","","","","","","","","","","","","","","",18.,1,15.8,1,"","","","","","","","","","","","","","","","","","","","","","","","","","",90,1,"","","","","","","","","","","","",18.6,1,1029.,1,"","","","","","",0,1,"","",0,1,0,1,0,1,"","","","","","","","","","","","","","","","","","","","","","","","",12000,1,"","",0,1,"","","","","","","","","","","","",1,1,"","","","","","","","","","","","","","","","","","","","","","","","","","","","","","","","","","","","","","","","","","","","","","","","","","","","","",""
"35049001","CANCALE",48.711667,-1.843333,40,1981082703,"","","","",2.,1,80,1,"","","","","","","","","","","","","","","","","","","","","","","","","","","","",17.1,1,14.,1,"","","","","","","","","","","","","","","","","","","","","","","","","","",85,1,"","","","","","","","","","","","",16.5,1,1028.4,1,"","","","","","",0,1,"","",0,1,0,1,0,1,"","","","","","","","","","","","","","","","","","","","","","","","",8000,1,"","",0,1,"","","","","","","","","","","","",1,1,"","","","","","","","","","","","","","","","","","","","","","","","","","","","","","","","","","","","","","","","","","","","","","","","","","","","","",""
"35049001","CANCALE",48.711667,-1.843333,40,1981082706,"","","","",1.,1,100,1,"","","","","","","","","","","","","","","","","","","","","","","","","","","","",17.,1,14.1,1,"","","","","","","","","","","","","","","","","","","","","","","","","","",86,1,"","","","","","","","","","","","",16.6,1,1028.4,1,"","","","","","",0,1,"","",0,1,0,1,0,1,"","","","","","","","","","","","","","","","","","","","","","","","",7000,1,"","",2,1,"","","","",0,1,"","","","","","",1,1,"","","","","","","","","","","","","","","","","","","","","","","","","","","","","","","","","","","","","","","","","","","","","","","","","","","","","",""
"35049001","CANCALE",48.711667,-1.843333,40,1981082709,"","","","",3.,1,120,1,"","","","","","","","","","","","","","","","","","","","","","","","","","","","",19.2,1,15.9,1,"","","","","","","","","","","","","","","","","","","","","","","","","","",84,1,"","","","","","","","","","","","",18.7,1,1028.4,1,"","","","","","",0,1,"","",0,1,0,1,0,1,"","","","","","","","","","","","","","","","","","","","","","","","",3500,1,"","",10,1,0,1,"","","","","","","","","","",2,1,"","","","","","","","","","","","","","","","","","","","","","","","","","","","","","","","","","","","","","","","","","","","","","","","","","","","","",""
"35049001","CANCALE",48.711667,-1.843333,40,1981082712,"","","","",2.,1,60,1,"","","","","","","","","","","","","","","","","","","","","","","","","","","","",21.5,1,17.3,1,"","","","","","","","","","","","","","","","","","","","","","","","","","",79,1,"","","","","","","","","","","","",20.4,1,1027.8,1,"","","","","","",0,1,"","",0,1,0,1,0,1,"","","","","","","","","","","","","","","","","","","","","","","","",6000,1,"","",2,1,0,1,"","","","","","","","","","",2,1,"","","","","","","","","","","","","","","","","","","","","","","","","","","","","","","","","","","","","","","","","","","","","","","","","","","","","",""
"35049001","CANCALE",48.711667,-1.843333,40,1981082715,"","","","",3.,1,340,1,"","","","","","","","","","","","","","","","","","","","","","","","","","","","",21.8,1,15.4,1,"","","","","","","","","","","","","","","","","","","","","","","","","","",69,1,"","","","","","","","","","","","",18.,1,1026.4,1,"","","","","","",0,1,"","",0,1,0,1,0,1,"","","","","","","","","","","","","","","","","","","","","","","","",10000,1,"","",2,1,0,1,"","","","","","","","","","",2,1,"","","","","","","","","","","","","","","","","","","","","","","","","","","","","","","","","","","","","","","","","","","","","","","","","","","","","",""
"35049001","CANCALE",48.711667,-1.843333,40,1981082718,"","","","",4.,1,20,1,"","","","","","","","","","","","","","","","","","","","","","","","","","","","",20.1,1,14.9,1,"","","","","","","","","","","","","","","","","","","","","","","","","","",74,1,"","","","","","","","","","","","",17.5,1,1025.4,1,"","","","","","",0,1,"","",0,1,0,1,0,1,"","","","","","","","","","","","","","","","","","","","","","","","",12000,1,"","",2,1,0,1,"","","","","","","","","","",2,1,"","","","","","","","","","","","","","","","","","","","","","","","","","","","","","","","","","","","","","","","","","","","","","","","","","","","","",""
"35049001","CANCALE",48.711667,-1.843333,40,1981082721,"","","","",1.,1,360,1,"","","","","","","","","","","","","","","","","","","","","","","","","","","","",19.,1,15.4,1,"","","","","","","","","","","","","","","","","","","","","","","","","","",82,1,"","","","","","","","","","","","",18.,1,1025.,1,"","","","","","",0,1,"","",0,1,0,1,0,1,"","","","","","","","","","","","","","","","","","","","","","","","",12000,1,"","",0,1,"","","","","","","","","","","","",1,1,"","","","","","","","","","","","","","","","","","","","","","","","","","","","","","","","","","","","","","","","","","","","","","","","","","","","","",""
"35049001","CANCALE",48.711667,-1.843333,40,1981082800,"","","","",4.,1,100,1,"","","","","","","","","","","","","","","","","","","","","","","","","","","","",18.4,1,16.3,1,"","","","","","","","","","","","","","","","","","","","","","","","","","",90,1,"","","","","","","","","","","","",19.1,1,1023.9,1,"","","","","","",0,1,"","",0,1,0,1,0,1,"","","","","","","","","","","","","","","","","","","","","","","","",7000,1,"","",0,1,"","","","","","","","","","","","",2,1,"","","","","","","","","","","","","","","","","","","","","","","","","","","","","","","","","","","","","","","","","","","","","","","","","","","","","",""
"35049001","CANCALE",48.711667,-1.843333,40,1981082803,"","","","",4.,1,120,1,"","","","","","","","","","","","","","","","","","","","","","","","","","","","",17.4,1,14.9,1,"","","","","","","","","","","","","","","","","","","","","","","","","","",88,1,"","","","","","","","","","","","",17.5,1,1022.6,1,"","","","","","",0,1,"","",0,1,0,1,0,1,"","","","","","","","","","","","","","","","","","","","","","","","",6000,1,"","",0,1,"","","","","","","","","","","","",2,1,"","","","","","","","","","","","","","","","","","","","","","","","","","","","","","","","","","","","","","","","","","","","","","","","","","","","","",""
"35049001","CANCALE",48.711667,-1.843333,40,1981082806,"","","","",5.,1,120,1,"","","","","","","","","","","","","","","","","","","","","","","","","","","","",17.,1,14.8,1,"","","","","","","","","","","","","","","","","","","","","","","","","","",90,1,"","","","","","","","","","","","",17.4,1,1021.9,1,"","","","","","",0,1,"","",0,1,0,1,0,1,"","","","","","","","","","","","","","","","","","","","","","","","",3000,1,"","",10,1,"","","","",0,1,"","","","","","",3,1,"","","","","","","","","","","","","","","","","","","","","","","","","","","","","","","","","","","","","","","","","","","","","","","","","","","","","",""
"35049001","CANCALE",48.711667,-1.843333,40,1981082809,"","","","",3.,1,160,1,"","","","","","","","","","","","","","","","","","","","","","","","","","","","",19.7,1,15.4,1,"","","","","","","","","","","","","","","","","","","","","","","","","","",79,1,"","","","","","","","","","","","",18.,1,1021.9,1,"","","","","","",0,1,"","",0,1,0,1,0,1,"","","","","","","","","","","","","","","","","","","","","","","","",7000,1,"","",2,1,0,1,"","","","","","","","","","",2,1,"","","","","","","","","","","","","","","","","","","","","","","","","","","","","","","","","","","","","","","","","","","","","","","","","","","","","",""
"35049001","CANCALE",48.711667,-1.843333,40,1981082812,"","","","",3.,1,80,1,"","","","","","","","","","","","","","","","","","","","","","","","","","","","",22.5,1,18.,1,"","","","","","","","","","","","","","","","","","","","","","","","","","",79,1,"","","","","","","","","","","","",21.4,1,1020.9,1,"","","","","","",0,1,"","",0,1,0,1,0,1,"","","","","","","","","","","","","","","","","","","","","","","","",8000,1,"","",2,1,0,1,"","","","","","","","","","",2,1,"","","","","","","","","","","","","","","","","","","","","","","","","","","","","","","","","","","","","","","","","","","","","","","","","","","","","",""
"35049001","CANCALE",48.711667,-1.843333,40,1981082815,"","","","",3.,1,60,1,"","","","","","","","","","","","","","","","","","","","","","","","","","","","",23.8,1,18.1,1,"","","","","","","","","","","","","","","","","","","","","","","","","","",73,1,"","","","","","","","","","","","",21.5,1,1019.3,1,"","","","","","",0,1,"","",0,1,0,1,0,1,"","","","","","","","","","","","","","","","","","","","","","","","",11000,1,"","",2,1,0,1,"","","","","","","","","","",2,1,"","","","","","","","","","","","","","","","","","","","","","","","","","","","","","","","","","","","","","","","","","","","","","","","","","","","","",""
"35049001","CANCALE",48.711667,-1.843333,40,1981082818,"","","","",3.,1,40,1,"","","","","","","","","","","","","","","","","","","","","","","","","","","","",20.4,1,17.,1,"","","","","","","","","","","","","","","","","","","","","","","","","","",83,1,"","","","","","","","","","","","",20.,1,1017.7,1,"","","","","","",0,1,"","",0,1,0,1,0,1,"","","","","","","","","","","","","","","","","","","","","","","","",11000,1,"","",2,1,0,1,"","","","","","","","","","",2,1,"","","","","","","","","","","","","","","","","","","","","","","","","","","","","","","","","","","","","","","","","","","","","","","","","","","","","",""
"35049001","CANCALE",48.711667,-1.843333,40,1981082821,"","","","",4.,1,40,1,"","","","","","","","","","","","","","","","","","","","","","","","","","","","",20.3,1,16.5,1,"","","","","","","","","","","","","","","","","","","","","","","","","","",82,1,"","","","","","","","","","","","",19.4,1,1017.1,1,"","","","","","",0,1,"","",0,1,0,1,0,1,"","","","","","","","","","","","","","","","","","","","","","","","",15000,1,"","",0,1,"","","","","","","","","","","","",2,1,"","","","","","","","","","","","","","","","","","","","","","","","","","","","","","","","","","","","","","","","","","","","","","","","","","","","","",""
"35049001","CANCALE",48.711667,-1.843333,40,1981082900,"","","","",3.,1,120,1,"","","","","","","","","","","","","","","","","","","","","","","","","","","","",18.8,1,16.8,1,"","","","","","","","","","","","","","","","","","","","","","","","","","",92,1,"","","","","","","","","","","","",19.8,1,1016.2,1,"","","","","","",0,1,"","",0,1,0,1,0,1,"","","","","","","","","","","","","","","","","","","","","","","","",10000,1,"","",0,1,"","","","","","","","","","","","",2,1,"","","","","","","","","","","","","","","","","","","","","","","","","","","","","","","","","","","","","","","","","","","","","","","","","","","","","",""
"35049001","CANCALE",48.711667,-1.843333,40,1981082903,"","","","",3.,1,100,1,"","","","","","","","","","","","","","","","","","","","","","","","","","","","",17.5,1,15.5,1,"","","","","","","","","","","","","","","","","","","","","","","","","","",91,1,"","","","","","","","","","","","",18.2,1,1015.1,1,"","","","","","",0,1,"","",0,1,0,1,0,1,"","","","","","","","","","","","","","","","","","","","","","","","",9000,1,"","",0,1,"","","","","","","","","","","","",2,1,"","","","","","","","","","","","","","","","","","","","","","","","","","","","","","","","","","","","","","","","","","","","","","","","","","","","","",""
"35049001","CANCALE",48.711667,-1.843333,40,1981082906,"","","","",5.,1,120,1,"","","","","","","","","","","","","","","","","","","","","","","","","","","","",17.5,1,14.3,1,"","","","","","","","","","","","","","","","","","","","","","","","","","",84,1,"","","","","","","","","","","","",16.8,1,1014.7,1,"","","","","","",5,1,0,1,0,1,4,1,1,1,"","","","","","","","","","","","","","","","","","","","","","","","",7000,1,"","",2,1,"","","","",0,1,"","","","","","",2,1,"","","","","","","","","","","","","","","","","","","","","","","","","","","","","","","","","","","","","","","","","","","","","","","","","","","","","",""
"35049001","CANCALE",48.711667,-1.843333,40,1981082909,"","","","",4.,1,120,1,"","","","","","","","","","","","","","","","","","","","","","","","","","","","",19.6,1,16.5,1,"","","","","","","","","","","","","","","","","","","","","","","","","","",85,1,"","","","","","","","","","","","",19.4,1,1014.5,1,"","","","","","",6,1,6,1,0,1,8,1,0,1,"","","","","","","","","","","","","","","","","","","","","","","","",10000,1,"","",2,1,2,1,"","","","","","","","","","",2,1,"","","","","","","","","","","","","","","","","","","","","","","","","","","","","","","","","","","","","","","","","","","","","","","","","","","","","",""
"35049001","CANCALE",48.711667,-1.843333,40,1981082912,"","","","",3.,1,80,1,"","","","","","","","","","","","","","","","","","","","","","","","","","","","",23.5,1,18.4,1,"","","","","","","","","","","","","","","","","","","","","","","","","","",76,1,"","","","","","","","","","","","",21.9,1,1014.1,1,"","","","","","",7,1,7,1,0,1,8,1,0,1,"","","","","","","","","","","","","","","","","","","","","","","","",10000,1,"","",2,1,2,1,"","","","","","","","","","",1,1,"","","","","","","","","","","","","","","","","","","","","","","","","","","","","","","","","","","","","","","","","","","","","","","","","","","","","",""
"35049001","CANCALE",48.711667,-1.843333,40,1981082915,"","","","",3.,1,80,1,"","","","","","","","","","","","","","","","","","","","","","","","","","","","",25.7,1,19.5,1,"","","","","","","","","","","","","","","","","","","","","","","","","","",71,1,"","","","","","","","","","","","",23.5,1,1013.3,1,"","","","","","",6,1,0,1,0,1,8,1,2,1,"","","","","","","","","","","","","","","","","","","","","","","","",16000,1,"","",2,1,2,1,"","","","","","","","","","",2,1,"","","","","","","","","","","","","","","","","","","","","","","","","","","","","","","","","","","","","","","","","","","","","","","","","","","","","",""
"35049001","CANCALE",48.711667,-1.843333,40,1981082918,"","","","",4.,1,60,1,"","","","","","","","","","","","","","","","","","","","","","","","","","","","",21.,1,17.4,1,"","","","","","","","","","","","","","","","","","","","","","","","","","",83,1,"","","","","","","","","","","","",20.6,1,1013.1,1,"","","","","","",7,1,5,1,0,1,8,1,2,1,"","","","","","","","","","","","","","","","","","","","","","","","",9000,1,"","",2,1,2,1,"","","","","","","","","","",2,1,"","","","","","","","","","","","","","","","","","","","","","","","","","","","","","","","","","","","","","","","","","","","","","","","","","","","","",""
"35049001","CANCALE",48.711667,-1.843333,40,1981082921,"","","","",8.,1,80,1,"","","","","","","","","","","","","","","","","","","","","","","","","","","","",20.7,1,17.3,1,"","","","","","","","","","","","","","","","","","","","","","","","","","",84,1,"","","","","","","","","","","","",20.4,1,1013.1,1,"","","","","","",7,1,7,1,0,1,8,1,"","","","","","","","","","","","","","","","","","","","","","","","","","",15000,1,"","",0,1,"","","","","","","","","","","","",3,1,"","","","","","","","","","","","","","","","","","","","","","","","","","","","","","","","","","","","","","","","","","","","","","","","","","","","","",""
"35049001","CANCALE",48.711667,-1.843333,40,1981083000,"","","","",6.,1,100,1,"","","","","","","","","","","","","","","","","","","","","","","","","","","","",19.4,1,16.9,1,"","","","","","","","","","","","","","","","","","","","","","","","","","",89,1,"","","","","","","","","","","","",19.9,1,1013.4,1,"","","","","","",0,1,"","",0,1,0,1,0,1,"","","","","","","","","","","","","","","","","","","","","","","","",9000,1,"","",0,1,"","","","","","","","","","","","",2,1,"","","","","","","","","","","","","","","","","","","","","","","","","","","","","","","","","","","","","","","","","","","","","","","","","","","","","",""
"35049001","CANCALE",48.711667,-1.843333,40,1981083003,"","","","",5.,1,120,1,"","","","","","","","","","","","","","","","","","","","","","","","","","","","",19.,1,16.2,1,"","","","","","","","","","","","","","","","","","","","","","","","","","",87,1,"","","","","","","","","","","","",19.,1,1013.4,1,"","","","","","",3,1,0,1,0,1,8,1,0,1,"","","","","","","","","","","","","","","","","","","","","","","","",6000,1,"","",0,1,"","","","","","","","","","","","",2,1,"","","","","","","","","","","","","","","","","","","","","","","","","","","","","","","","","","","","","","","","","","","","","","","","","","","","","",""
"35049001","CANCALE",48.711667,-1.843333,40,1981083006,"","","","",7.,1,100,1,"","","","","","","","","","","","","","","","","","","","","","","","","","","","",18.1,1,15.4,1,"","","","","","","","","","","","","","","","","","","","","","","","","","",87,1,"","","","","","","","","","","","",18.1,1,1013.5,1,"","","","","","",3,1,0,1,0,1,8,1,0,1,"","","","","","","","","","","","","","","","","","","","","","","","",4500,1,"","",10,1,"","","","",0,1,"","","","","","",3,1,"","","","","","","","","","","","","","","","","","","","","","","","","","","","","","","","","","","","","","","","","","","","","","","","","","","","","",""
"35049001","CANCALE",48.711667,-1.843333,40,1981083009,"","","","",5.,1,100,1,"","","","","","","","","","","","","","","","","","","","","","","","","","","","",19.1,1,16.1,1,"","","","","","","","","","","","","","","","","","","","","","","","","","",85,1,"","","","","","","","","","","","",18.9,1,1014.1,1,"","","","","","",7,1,7,1,0,1,1,1,"","","","","","","","","","","","","","","","","","","","","","","","","","",4000,1,"","",10,1,1,1,"","","","","","","","","","",2,1,"","","","","","","","","","","","","","","","","","","","","","","","","","","","","","","","","","","","","","","","","","","","","","","","","","","","","",""
"35049001","CANCALE",48.711667,-1.843333,40,1981083012,"","","","",5.,1,80,1,"","","","","","","","","","","","","","","","","","","","","","","","","","","","",21.1,1,17.2,1,"","","","","","","","","","","","","","","","","","","","","","","","","","",81,1,"","","","","","","","","","","","",20.3,1,1014.6,1,"","","","","","",8,1,8,1,0,1,2,1,"","","","","","","","","","","","","","","","","","","","","","","","","","",4000,1,"","",10,1,1,1,"","","","","","","","","","",2,1,"","","","","","","","","","","","","","","","","","","","","","","","","","","","","","","","","","","","","","","","","","","","","","","","","","","","","",""
"35049001","CANCALE",48.711667,-1.843333,40,1981083015,"","","","",2.,1,280,1,"","","","","","","","","","","","","","","","","","","","","","","","","","","","",20.,1,17.,1,"","","","","","","","","","","","","","","","","","","","","","","","","","",86,1,"","","","","","","","","","","","",20.1,1,1014.2,1,"","","","","","",8,1,6,1,5,1,2,1,"","","","","","","","","","","","","","","","","","","","","","","","","","",3500,1,"","",60,1,8,1,"","","","","","","","","","",1,1,"","","","","","","","","","","","","","","","","","","","","","","","","","","","","","","","","","","","","","","","","","","","","","","","","","","","","",""
"35049001","CANCALE",48.711667,-1.843333,40,1981083018,"","","","",8.,1,40,1,"","","","","","","","","","","","","","","","","","","","","","","","","","","","",18.8,1,15.8,1,"","","","","","","","","","","","","","","","","","","","","","","","","","",86,1,"","","","","","","","","","","","",18.6,1,1013.9,1,"","","","","","",7,1,7,1,5,1,2,1,"","","","","","","","","","","","","","","","","","","","","","","","","","",5000,1,"","",2,1,8,1,"","","","","","","","","","",3,1,"","","","","","","","","","","","","","","","","","","","","","","","","","","","","","","","","","","","","","","","","","","","","","","","","","","","","",""
"35049001","CANCALE",48.711667,-1.843333,40,1981083021,"","","","",7.,1,60,1,"","","","","","","","","","","","","","","","","","","","","","","","","","","","",18.5,1,14.7,1,"","","","","","","","","","","","","","","","","","","","","","","","","","",81,1,"","","","","","","","","","","","",17.2,1,1014.2,1,"","","","","","",8,1,8,1,0,1,2,1,"","","","","","","","","","","","","","","","","","","","","","","","","","",9000,1,"","",2,1,2,1,"","","","","","","","","","",3,1,"","","","","","","","","","","","","","","","","","","","","","","","","","","","","","","","","","","","","","","","","","","","","","","","","","","","","",""
"35049001","CANCALE",48.711667,-1.843333,40,1981083100,"","","","",8.,1,100,1,"","","","","","","","","","","","","","","","","","","","","","","","","","","","",18.6,1,14.8,1,"","","","","","","","","","","","","","","","","","","","","","","","","","",81,1,"","","","","","","","","","","","",17.3,1,1014.3,1,"","","","","","",8,1,8,1,0,1,2,1,"","","","","","","","","","","","","","","","","","","","","","","","","","",9000,1,"","",0,1,"","","","","","","","","","","","",3,1,"","","","","","","","","","","","","","","","","","","","","","","","","","","","","","","","","","","","","","","","","","","","","","","","","","","","","",""
"35049001","CANCALE",48.711667,-1.843333,40,1981083103,"","","","",5.,1,100,1,"","","","","","","","","","","","","","","","","","","","","","","","","","","","",18.,1,14.1,1,"","","","","","","","","","","","","","","","","","","","","","","","","","",81,1,"","","","","","","","","","","","",16.6,1,1014.6,1,"","","","","","",6,1,6,1,0,1,2,1,0,1,"","","","","","","","","","","","","","","","","","","","","","","","",8000,1,"","",0,1,"","","","","","","","","","","","",3,1,"","","","","","","","","","","","","","","","","","","","","","","","","","","","","","","","","","","","","","","","","","","","","","","","","","","","","",""
"35049001","CANCALE",48.711667,-1.843333,40,1981083106,"","","","",6.,1,80,1,"","","","","","","","","","","","","","","","","","","","","","","","","","","","",17.7,1,13.5,1,"","","","","","","","","","","","","","","","","","","","","","","","","","",79,1,"","","","","","","","","","","","",15.9,1,1014.6,1,"","","","","","",6,1,6,1,0,1,7,1,0,1,"","","","","","","","","","","","","","","","","","","","","","","","",7000,1,"","",2,1,"","","","",0,1,"","","","","","",3,1,"","","","","","","","","","","","","","","","","","","","","","","","","","","","","","","","","","","","","","","","","","","","","","","","","","","","","",""
"35049001","CANCALE",48.711667,-1.843333,40,1981083109,"","","","",2.,1,80,1,"","","","","","","","","","","","","","","","","","","","","","","","","","","","",18.1,1,14.8,1,"","","","","","","","","","","","","","","","","","","","","","","","","","",83,1,"","","","","","","","","","","","",17.3,1,1015.2,1,"","","","","","",8,1,8,1,0,1,7,1,"","","","","","","","","","","","","","","","","","","","","","","","","","",9000,1,"","",2,1,2,1,"","","","","","","","","","",2,1,"","","","","","","","","","","","","","","","","","","","","","","","","","","","","","","","","","","","","","","","","","","","","","","","","","","","","",""
"35049001","CANCALE",48.711667,-1.843333,40,1981083112,"","","","",2.,1,100,1,"","","","","","","","","","","","","","","","","","","","","","","","","","","","",19.8,1,15.5,1,"","","","","","","","","","","","","","","","","","","","","","","","","","",79,1,"","","","","","","","","","","","",18.2,1,1015.7,1,"","","","","","",8,1,8,1,0,1,7,1,"","","","","","","","","","","","","","","","","","","","","","","","","","",8000,1,"","",2,1,2,1,"","","","","","","","","","",2,1,"","","","","","","","","","","","","","","","","","","","","","","","","","","","","","","","","","","","","","","","","","","","","","","","","","","","","",""
"35049001","CANCALE",48.711667,-1.843333,40,1981083115,"","","","",0.,1,0,1,"","","","","","","","","","","","","","","","","","","","","","","","","","","","",20.3,1,15.2,1,"","","","","","","","","","","","","","","","","","","","","","","","","","",75,1,"","","","","","","","","","","","",17.8,1,1015.5,1,"","","","","","",7,1,7,1,2,1,7,1,"","","","","","","","","","","","","","","","","","","","","","","","","","",9000,1,"","",2,1,8,1,"","","","","","","","","","",1,1,"","","","","","","","","","","","","","","","","","","","","","","","","","","","","","","","","","","","","","","","","","","","","","","","","","","","","",""
"35049001","CANCALE",48.711667,-1.843333,40,1981083118,"","","","",3.,1,40,1,"","","","","","","","","","","","","","","","","","","","","","","","","","","","",19.1,1,15.9,1,"","","","","","","","","","","","","","","","","","","","","","","","","","",85,1,"","","","","","","","","","","","",18.7,1,1015.5,1,"","","","","","",8,1,8,1,0,1,7,1,"","","","","","","","","","","","","","","","","","","","","","","","","","",7000,1,"","",2,1,8,1,"","","","","","","","","","",2,1,"","","","","","","","","","","","","","","","","","","","","","","","","","","","","","","","","","","","","","","","","","","","","","","","","","","","","",""
"35049001","CANCALE",48.711667,-1.843333,40,1981083121,"","","","",2.,1,160,1,"","","","","","","","","","","","","","","","","","","","","","","","","","","","",17.5,1,15.5,1,"","","","","","","","","","","","","","","","","","","","","","","","","","",91,1,"","","","","","","","","","","","",18.2,1,1016.2,1,"","","","","","",8,1,8,1,7,1,"","","","","","","","","","","","","","","","","","","","","","","","","","","","",7000,1,"","",61,1,"","","","","","","","","","","","",2,1,"","","","","","","","","","","","","","","","","","","","","","","","","","","","","","","","","","","","","","","","","","","","","","","","","","","","","",""
"35049001","CANCALE",48.711667,-1.843333,40,1981090100,"","","","",1.,1,160,1,"","","","","","","","","","","","","","","","","","","","","","","","","","","","",17.2,1,15.5,1,"","","","","","","","","","","","","","","","","","","","","","","","","","",93,1,"","","","","","","","","","","","",18.2,1,1016.7,1,"","","","","","",8,1,8,1,5,1,"","","","","","","","","","","","","","","","","","","","","","","","","","","","",7000,1,"","",61,1,"","","","","","","","","","","","",1,1,"","","","","","","","","","","","","","","","","","","","","","","","","","","","","","","","","","","","","","","","","","","","","","","","","","","","","",""
"35049001","CANCALE",48.711667,-1.843333,40,1981090103,"","","","",1.,1,300,1,"","","","","","","","","","","","","","","","","","","","","","","","","","","","",17.1,1,15.6,1,"","","","","","","","","","","","","","","","","","","","","","","","","","",94,1,"","","","","","","","","","","","",18.3,1,1016.7,1,"","","","","","",8,1,8,1,5,1,"","","","","","","","","","","","","","","","","","","","","","","","","","","","",8000,1,"","",0,1,"","","","","","","","","","","","",1,1,"","","","","","","","","","","","","","","","","","","","","","","","","","","","","","","","","","","","","","","","","","","","","","","","","","","","","",""
"35049001","CANCALE",48.711667,-1.843333,40,1981090106,"","","","",1.,1,280,1,"","","","","","","","","","","","","","","","","","","","","","","","","","","","",17.,1,15.5,1,"","","","","","","","","","","","","","","","","","","","","","","","","","",94,1,"","","","","","","","","","","","",18.2,1,1016.8,1,"","","","","","",8,1,8,1,6,1,"","","","","","","","","","","","","","","","","","","","","","","","","","","","",3000,1,"","",10,1,"","","","",1,1,"","","","","","",2,1,"","","","","","","","","","","","","","","","","","","","","","","","","","","","","","","","","","","","","","","","","","","","","","","","","","","","","",""
"35049001","CANCALE",48.711667,-1.843333,40,1981090109,"","","","",3.,1,80,1,"","","","","","","","","","","","","","","","","","","","","","","","","","","","",17.,1,15.5,1,"","","","","","","","","","","","","","","","","","","","","","","","","","",94,1,"","","","","","","","","","","","",18.2,1,1018.4,1,"","","","","","",8,1,8,1,7,1,"","","","","","","","","","","","","","","","","","","","","","","","","","","","",1500,1,"","",61,1,2,1,"","","","","","","","","","",2,1,"","","","","","","","","","","","","","","","","","","","","","","","","","","","","","","","","","","","","","","","","","","","","","","","","","","","","",""
"35049001","CANCALE",48.711667,-1.843333,40,1981090112,"","","","",4.,1,80,1,"","","","","","","","","","","","","","","","","","","","","","","","","","","","",17.1,1,14.9,1,"","","","","","","","","","","","","","","","","","","","","","","","","","",90,1,"","","","","","","","","","","","",17.5,1,1019.,1,"","","","","","",8,1,8,1,6,1,"","","","","","","","","","","","","","","","","","","","","","","","","","","","",1500,1,"","",10,1,6,1,"","","","","","","","","","",2,1,"","","","","","","","","","","","","","","","","","","","","","","","","","","","","","","","","","","","","","","","","","","","","","","","","","","","","",""
"35049001","CANCALE",48.711667,-1.843333,40,1981090115,"","","","",3.,1,80,1,"","","","","","","","","","","","","","","","","","","","","","","","","","","","",19.2,1,13.8,1,"","","","","","","","","","","","","","","","","","","","","","","","","","",73,1,"","","","","","","","","","","","",16.2,1,1019.2,1,"","","","","","",8,1,8,1,5,1,"","","","","","","","","","","","","","","","","","","","","","","","","","","","",6000,1,"","",2,1,2,1,"","","","","","","","","","",2,1,"","","","","","","","","","","","","","","","","","","","","","","","","","","","","","","","","","","","","","","","","","","","","","","","","","","","","",""
"35049001","CANCALE",48.711667,-1.843333,40,1981090118,"","","","",2.,1,340,1,"","","","","","","","","","","","","","","","","","","","","","","","","","","","",19.,1,14.8,1,"","","","","","","","","","","","","","","","","","","","","","","","","","",79,1,"","","","","","","","","","","","",17.4,1,1019.2,1,"","","","","","",7,1,7,1,5,1,"","","","","","","","","","","","","","","","","","","","","","","","","","","","",6000,1,"","",2,1,2,1,"","","","","","","","","","",2,1,"","","","","","","","","","","","","","","","","","","","","","","","","","","","","","","","","","","","","","","","","","","","","","","","","","","","","",""
"35049001","CANCALE",48.711667,-1.843333,40,1981090121,"","","","",7.,1,60,1,"","","","","","","","","","","","","","","","","","","","","","","","","","","","",17.6,1,13.7,1,"","","","","","","","","","","","","","","","","","","","","","","","","","",80,1,"","","","","","","","","","","","",16.1,1,1020.4,1,"","","","","","",8,1,8,1,5,1,"","","","","","","","","","","","","","","","","","","","","","","","","","","","",6000,1,"","",0,1,"","","","","","","","","","","","",2,1,"","","","","","","","","","","","","","","","","","","","","","","","","","","","","","","","","","","","","","","","","","","","","","","","","","","","","",""
"35049001","CANCALE",48.711667,-1.843333,40,1981090200,"","","","",3.,1,80,1,"","","","","","","","","","","","","","","","","","","","","","","","","","","","",16.7,1,14.2,1,"","","","","","","","","","","","","","","","","","","","","","","","","","",87,1,"","","","","","","","","","","","",16.7,1,1020.4,1,"","","","","","",2,1,0,1,5,1,0,1,0,1,"","","","","","","","","","","","","","","","","","","","","","","","",6000,1,"","",0,1,"","","","","","","","","","","","",2,1,"","","","","","","","","","","","","","","","","","","","","","","","","","","","","","","","","","","","","","","","","","","","","","","","","","","","","",""
"35049001","CANCALE",48.711667,-1.843333,40,1981090203,"","","","",3.,1,80,1,"","","","","","","","","","","","","","","","","","","","","","","","","","","","",16.2,1,13.3,1,"","","","","","","","","","","","","","","","","","","","","","","","","","",85,1,"","","","","","","","","","","","",15.7,1,1020.4,1,"","","","","","",2,1,0,1,5,1,0,1,0,1,"","","","","","","","","","","","","","","","","","","","","","","","",6000,1,"","",0,1,"","","","","","","","","","","","",2,1,"","","","","","","","","","","","","","","","","","","","","","","","","","","","","","","","","","","","","","","","","","","","","","","","","","","","","",""
"35049001","CANCALE",48.711667,-1.843333,40,1981090206,"","","","",2.,1,80,1,"","","","","","","","","","","","","","","","","","","","","","","","","","","","",16.,1,13.1,1,"","","","","","","","","","","","","","","","","","","","","","","","","","",85,1,"","","","","","","","","","","","",15.5,1,1021.,1,"","","","","","",3,1,0,1,0,1,8,1,0,1,"","","","","","","","","","","","","","","","","","","","","","","","",5000,1,"","",2,1,"","","","",0,1,"","","","","","",2,1,"","","","","","","","","","","","","","","","","","","","","","","","","","","","","","","","","","","","","","","","","","","","","","","","","","","","","",""
"35049001","CANCALE",48.711667,-1.843333,40,1981090209,"","","","",2.,1,100,1,"","","","","","","","","","","","","","","","","","","","","","","","","","","","",18.4,1,13.7,1,"","","","","","","","","","","","","","","","","","","","","","","","","","",76,1,"","","","","","","","","","","","",16.1,1,1022.4,1,"","","","","","",0,1,"","",0,1,0,1,0,1,"","","","","","","","","","","","","","","","","","","","","","","","",5000,1,"","",2,1,0,1,"","","","","","","","","","",2,1,"","","","","","","","","","","","","","","","","","","","","","","","","","","","","","","","","","","","","","","","","","","","","","","","","","","","","",""
"35049001","CANCALE",48.711667,-1.843333,40,1981090212,"","","","",3.,1,340,1,"","","","","","","","","","","","","","","","","","","","","","","","","","","","",18.9,1,14.4,1,"","","","","","","","","","","","","","","","","","","","","","","","","","",77,1,"","","","","","","","","","","","",16.9,1,1023.2,1,"","","","","","",0,1,"","",0,1,0,1,0,1,"","","","","","","","","","","","","","","","","","","","","","","","",6000,1,"","",2,1,0,1,"","","","","","","","","","",2,1,"","","","","","","","","","","","","","","","","","","","","","","","","","","","","","","","","","","","","","","","","","","","","","","","","","","","","",""
"35049001","CANCALE",48.711667,-1.843333,40,1981090215,"","","","",7.,1,320,1,"","","","","","","","","","","","","","","","","","","","","","","","","","","","",20.,1,16.9,1,"","","","","","","","","","","","","","","","","","","","","","","","","","",85,1,"","","","","","","","","","","","",19.9,1,1023.4,1,"","","","","","",2,1,0,1,0,1,3,1,0,1,"","","","","","","","","","","","","","","","","","","","","","","","",9000,1,"","",2,1,0,1,"","","","","","","","","","",3,1,"","","","","","","","","","","","","","","","","","","","","","","","","","","","","","","","","","","","","","","","","","","","","","","","","","","","","",""
"35049001","CANCALE",48.711667,-1.843333,40,1981090218,"","","","",6.,1,340,1,"","","","","","","","","","","","","","","","","","","","","","","","","","","","",19.,1,16.,1,"","","","","","","","","","","","","","","","","","","","","","","","","","",86,1,"","","","","","","","","","","","",18.8,1,1024.2,1,"","","","","","",0,1,"","",0,1,0,1,0,1,"","","","","","","","","","","","","","","","","","","","","","","","",9000,1,"","",2,1,0,1,"","","","","","","","","","",3,1,"","","","","","","","","","","","","","","","","","","","","","","","","","","","","","","","","","","","","","","","","","","","","","","","","","","","","",""
"35049001","CANCALE",48.711667,-1.843333,40,1981090221,"","","","",6.,1,40,1,"","","","","","","","","","","","","","","","","","","","","","","","","","","","",17.1,1,14.4,1,"","","","","","","","","","","","","","","","","","","","","","","","","","",87,1,"","","","","","","","","","","","",16.9,1,1025.5,1,"","","","","","",0,1,"","",0,1,0,1,0,1,"","","","","","","","","","","","","","","","","","","","","","","","",9000,1,"","",0,1,"","","","","","","","","","","","",2,1,"","","","","","","","","","","","","","","","","","","","","","","","","","","","","","","","","","","","","","","","","","","","","","","","","","","","","",""
"35049001","CANCALE",48.711667,-1.843333,40,1981090300,"","","","",6.,1,40,1,"","","","","","","","","","","","","","","","","","","","","","","","","","","","",16.,1,14.3,1,"","","","","","","","","","","","","","","","","","","","","","","","","","",93,1,"","","","","","","","","","","","",16.8,1,1026.3,1,"","","","","","",0,1,"","",0,1,0,1,0,1,"","","","","","","","","","","","","","","","","","","","","","","","",4500,1,"","",10,1,"","","","","","","","","","","","",2,1,"","","","","","","","","","","","","","","","","","","","","","","","","","","","","","","","","","","","","","","","","","","","","","","","","","","","","",""
"35049001","CANCALE",48.711667,-1.843333,40,1981090303,"","","","",5.,1,40,1,"","","","","","","","","","","","","","","","","","","","","","","","","","","","",15.1,1,13.6,1,"","","","","","","","","","","","","","","","","","","","","","","","","","",94,1,"","","","","","","","","","","","",16.,1,1026.6,1,"","","","","","",0,1,"","",0,1,0,1,0,1,"","","","","","","","","","","","","","","","","","","","","","","","",4500,1,"","",10,1,"","","","","","","","","","","","",2,1,"","","","","","","","","","","","","","","","","","","","","","","","","","","","","","","","","","","","","","","","","","","","","","","","","","","","","",""
"35049001","CANCALE",48.711667,-1.843333,40,1981090306,"","","","",4.,1,80,1,"","","","","","","","","","","","","","","","","","","","","","","","","","","","",15.,1,12.8,1,"","","","","","","","","","","","","","","","","","","","","","","","","","",89,1,"","","","","","","","","","","","",15.2,1,1027.8,1,"","","","","","",0,1,"","",0,1,0,1,0,1,"","","","","","","","","","","","","","","","","","","","","","","","",6000,1,"","",2,1,"","","","",1,1,"","","","","","",2,1,"","","","","","","","","","","","","","","","","","","","","","","","","","","","","","","","","","","","","","","","","","","","","","","","","","","","","",""
"35049001","CANCALE",48.711667,-1.843333,40,1981090309,"","","","",5.,1,40,1,"","","","","","","","","","","","","","","","","","","","","","","","","","","","",17.6,1,14.2,1,"","","","","","","","","","","","","","","","","","","","","","","","","","",83,1,"","","","","","","","","","","","",16.7,1,1028.4,1,"","","","","","",2,1,0,1,2,1,0,1,0,1,"","","","","","","","","","","","","","","","","","","","","","","","",5000,1,"","",2,1,0,1,"","","","","","","","","","",2,1,"","","","","","","","","","","","","","","","","","","","","","","","","","","","","","","","","","","","","","","","","","","","","","","","","","","","","",""
"35049001","CANCALE",48.711667,-1.843333,40,1981090312,"","","","",5.,1,20,1,"","","","","","","","","","","","","","","","","","","","","","","","","","","","",19.8,1,15.4,1,"","","","","","","","","","","","","","","","","","","","","","","","","","",78,1,"","","","","","","","","","","","",18.,1,1028.7,1,"","","","","","",0,1,"","",0,1,0,1,0,1,"","","","","","","","","","","","","","","","","","","","","","","","",7000,1,"","",2,1,0,1,"","","","","","","","","","",2,1,"","","","","","","","","","","","","","","","","","","","","","","","","","","","","","","","","","","","","","","","","","","","","","","","","","","","","",""
"35049001","CANCALE",48.711667,-1.843333,40,1981090315,"","","","",4.,1,360,1,"","","","","","","","","","","","","","","","","","","","","","","","","","","","",21.1,1,16.6,1,"","","","","","","","","","","","","","","","","","","","","","","","","","",78,1,"","","","","","","","","","","","",19.6,1,1028.3,1,"","","","","","",0,1,"","",0,1,0,1,0,1,"","","","","","","","","","","","","","","","","","","","","","","","",8000,1,"","",2,1,0,1,"","","","","","","","","","",2,1,"","","","","","","","","","","","","","","","","","","","","","","","","","","","","","","","","","","","","","","","","","","","","","","","","","","","","",""
"35049001","CANCALE",48.711667,-1.843333,40,1981090318,"","","","",7.,1,20,1,"","","","","","","","","","","","","","","","","","","","","","","","","","","","",18.7,1,14.5,1,"","","","","","","","","","","","","","","","","","","","","","","","","","",79,1,"","","","","","","","","","","","",17.,1,1027.9,1,"","","","","","",1,1,0,1,0,1,4,1,0,1,"","","","","","","","","","","","","","","","","","","","","","","","",16000,1,"","",2,1,0,1,"","","","","","","","","","",3,1,"","","","","","","","","","","","","","","","","","","","","","","","","","","","","","","","","","","","","","","","","","","","","","","","","","","","","",""
"35049001","CANCALE",48.711667,-1.843333,40,1981090321,"","","","",6.,1,40,1,"","","","","","","","","","","","","","","","","","","","","","","","","","","","",17.,1,12.4,1,"","","","","","","","","","","","","","","","","","","","","","","","","","",77,1,"","","","","","","","","","","","",14.8,1,1028.3,1,"","","","","","",0,1,"","",0,1,0,1,0,1,"","","","","","","","","","","","","","","","","","","","","","","","",12000,1,"","",0,1,"","","","","","","","","","","","",3,1,"","","","","","","","","","","","","","","","","","","","","","","","","","","","","","","","","","","","","","","","","","","","","","","","","","","","","",""
"35049001","CANCALE",48.711667,-1.843333,40,1981090400,"","","","",5.,1,80,1,"","","","","","","","","","","","","","","","","","","","","","","","","","","","",16.2,1,13.7,1,"","","","","","","","","","","","","","","","","","","","","","","","","","",87,1,"","","","","","","","","","","","",16.1,1,1028.4,1,"","","","","","",0,1,"","",0,1,0,1,0,1,"","","","","","","","","","","","","","","","","","","","","","","","",8000,1,"","",0,1,"","","","","","","","","","","","",3,1,"","","","","","","","","","","","","","","","","","","","","","","","","","","","","","","","","","","","","","","","","","","","","","","","","","","","","",""
"35049001","CANCALE",48.711667,-1.843333,40,1981090403,"","","","",4.,1,80,1,"","","","","","","","","","","","","","","","","","","","","","","","","","","","",16.,1,12.6,1,"","","","","","","","","","","","","","","","","","","","","","","","","","",82,1,"","","","","","","","","","","","",15.,1,1027.8,1,"","","","","","",0,1,"","",0,1,0,1,0,1,"","","","","","","","","","","","","","","","","","","","","","","","",9000,1,"","",0,1,"","","","","","","","","","","","",3,1,"","","","","","","","","","","","","","","","","","","","","","","","","","","","","","","","","","","","","","","","","","","","","","","","","","","","","",""
"35049001","CANCALE",48.711667,-1.843333,40,1981090406,"","","","",4.,1,100,1,"","","","","","","","","","","","","","","","","","","","","","","","","","","","",15.1,1,12.,1,"","","","","","","","","","","","","","","","","","","","","","","","","","",84,1,"","","","","","","","","","","","",14.4,1,1027.5,1,"","","","","","",0,1,"","",0,1,0,1,0,1,"","","","","","","","","","","","","","","","","","","","","","","","",6000,1,"","",0,1,"","","","",0,1,"","","","","","",2,1,"","","","","","","","","","","","","","","","","","","","","","","","","","","","","","","","","","","","","","","","","","","","","","","","","","","","","",""
"35049001","CANCALE",48.711667,-1.843333,40,1981090409,"","","","",2.,1,80,1,"","","","","","","","","","","","","","","","","","","","","","","","","","","","",19.,1,14.3,1,"","","","","","","","","","","","","","","","","","","","","","","","","","",77,1,"","","","","","","","","","","","",16.8,1,1027.5,1,"","","","","","",0,1,"","",0,1,0,1,0,1,"","","","","","","","","","","","","","","","","","","","","","","","",6000,1,"","",2,1,0,1,"","","","","","","","","","",2,1,"","","","","","","","","","","","","","","","","","","","","","","","","","","","","","","","","","","","","","","","","","","","","","","","","","","","","",""
"35049001","CANCALE",48.711667,-1.843333,40,1981090412,"","","","",4.,1,60,1,"","","","","","","","","","","","","","","","","","","","","","","","","","","","",20.5,1,15.7,1,"","","","","","","","","","","","","","","","","","","","","","","","","","",76,1,"","","","","","","","","","","","",18.4,1,1026.6,1,"","","","","","",1,1,0,1,0,1,0,1,1,1,"","","","","","","","","","","","","","","","","","","","","","","","",5000,1,"","",2,1,0,1,"","","","","","","","","","",2,1,"","","","","","","","","","","","","","","","","","","","","","","","","","","","","","","","","","","","","","","","","","","","","","","","","","","","","",""
"35049001","CANCALE",48.711667,-1.843333,40,1981090415,"","","","",3.,1,340,1,"","","","","","","","","","","","","","","","","","","","","","","","","","","","",21.6,1,16.3,1,"","","","","","","","","","","","","","","","","","","","","","","","","","",75,1,"","","","","","","","","","","","",19.2,1,1025.3,1,"","","","","","",1,1,0,1,0,1,0,1,2,1,"","","","","","","","","","","","","","","","","","","","","","","","",9000,1,"","",2,1,0,1,"","","","","","","","","","",2,1,"","","","","","","","","","","","","","","","","","","","","","","","","","","","","","","","","","","","","","","","","","","","","","","","","","","","","",""
"35049001","CANCALE",48.711667,-1.843333,40,1981090418,"","","","",2.,1,360,1,"","","","","","","","","","","","","","","","","","","","","","","","","","","","",20.2,1,16.4,1,"","","","","","","","","","","","","","","","","","","","","","","","","","",81,1,"","","","","","","","","","","","",19.3,1,1024.4,1,"","","","","","",1,1,0,1,0,1,0,1,2,1,"","","","","","","","","","","","","","","","","","","","","","","","",10000,1,"","",2,1,0,1,"","","","","","","","","","",2,1,"","","","","","","","","","","","","","","","","","","","","","","","","","","","","","","","","","","","","","","","","","","","","","","","","","","","","",""
"35049001","CANCALE",48.711667,-1.843333,40,1981090421,"","","","",9.,1,60,1,"","","","","","","","","","","","","","","","","","","","","","","","","","","","",18.,1,14.3,1,"","","","","","","","","","","","","","","","","","","","","","","","","","",82,1,"","","","","","","","","","","","",16.8,1,1024.6,1,"","","","","","",0,1,"","",0,1,0,1,0,1,"","","","","","","","","","","","","","","","","","","","","","","","",8000,1,"","",0,1,"","","","","","","","","","","","",3,1,"","","","","","","","","","","","","","","","","","","","","","","","","","","","","","","","","","","","","","","","","","","","","","","","","","","","","",""
"35049001","CANCALE",48.711667,-1.843333,40,1981090500,"","","","",6.,1,80,1,"","","","","","","","","","","","","","","","","","","","","","","","","","","","",17.,1,13.7,1,"","","","","","","","","","","","","","","","","","","","","","","","","","",83,1,"","","","","","","","","","","","",16.1,1,1024.8,1,"","","","","","",0,1,"","",0,1,0,1,0,1,"","","","","","","","","","","","","","","","","","","","","","","","",6000,1,"","",0,1,"","","","","","","","","","","","",2,1,"","","","","","","","","","","","","","","","","","","","","","","","","","","","","","","","","","","","","","","","","","","","","","","","","","","","","",""
"35049001","CANCALE",48.711667,-1.843333,40,1981090503,"","","","",4.,1,100,1,"","","","","","","","","","","","","","","","","","","","","","","","","","","","",15.5,1,12.6,1,"","","","","","","","","","","","","","","","","","","","","","","","","","",85,1,"","","","","","","","","","","","",15.,1,1024.3,1,"","","","","","",0,1,"","",0,1,0,1,0,1,"","","","","","","","","","","","","","","","","","","","","","","","",8000,1,"","",0,1,"","","","","","","","","","","","",2,1,"","","","","","","","","","","","","","","","","","","","","","","","","","","","","","","","","","","","","","","","","","","","","","","","","","","","","",""
"35049001","CANCALE",48.711667,-1.843333,40,1981090506,"","","","",4.,1,120,1,"","","","","","","","","","","","","","","","","","","","","","","","","","","","",14.4,1,11.3,1,"","","","","","","","","","","","","","","","","","","","","","","","","","",83,1,"","","","","","","","","","","","",13.7,1,1024.3,1,"","","","","","",0,1,"","",0,1,0,1,0,1,"","","","","","","","","","","","","","","","","","","","","","","","",6000,1,"","",0,1,"","","","",0,1,"","","","","","",2,1,"","","","","","","","","","","","","","","","","","","","","","","","","","","","","","","","","","","","","","","","","","","","","","","","","","","","","",""
"35049001","CANCALE",48.711667,-1.843333,40,1981090509,"","","","",3.,1,100,1,"","","","","","","","","","","","","","","","","","","","","","","","","","","","",18.4,1,13.5,1,"","","","","","","","","","","","","","","","","","","","","","","","","","",75,1,"","","","","","","","","","","","",15.9,1,1024.7,1,"","","","","","",0,1,"","",0,1,0,1,0,1,"","","","","","","","","","","","","","","","","","","","","","","","",12000,1,"","",2,1,0,1,"","","","","","","","","","",2,1,"","","","","","","","","","","","","","","","","","","","","","","","","","","","","","","","","","","","","","","","","","","","","","","","","","","","","",""
"35049001","CANCALE",48.711667,-1.843333,40,1981090512,"","","","",2.,1,340,1,"","","","","","","","","","","","","","","","","","","","","","","","","","","","",21.,1,15.9,1,"","","","","","","","","","","","","","","","","","","","","","","","","","",75,1,"","","","","","","","","","","","",18.7,1,1024.4,1,"","","","","","",0,1,"","",0,1,0,1,0,1,"","","","","","","","","","","","","","","","","","","","","","","","",10000,1,"","",2,1,0,1,"","","","","","","","","","",2,1,"","","","","","","","","","","","","","","","","","","","","","","","","","","","","","","","","","","","","","","","","","","","","","","","","","","","","",""
"35049001","CANCALE",48.711667,-1.843333,40,1981090515,"","","","",4.,1,340,1,"","","","","","","","","","","","","","","","","","","","","","","","","","","","",21.5,1,17.3,1,"","","","","","","","","","","","","","","","","","","","","","","","","","",79,1,"","","","","","","","","","","","",20.4,1,1023.5,1,"","","","","","",0,1,"","",0,1,0,1,0,1,"","","","","","","","","","","","","","","","","","","","","","","","",12000,1,"","",2,1,0,1,"","","","","","","","","","",2,1,"","","","","","","","","","","","","","","","","","","","","","","","","","","","","","","","","","","","","","","","","","","","","","","","","","","","","",""
"35049001","CANCALE",48.711667,-1.843333,40,1981090518,"","","","",6.,1,360,1,"","","","","","","","","","","","","","","","","","","","","","","","","","","","",19.6,1,15.8,1,"","","","","","","","","","","","","","","","","","","","","","","","","","",81,1,"","","","","","","","","","","","",18.5,1,1023.,1,"","","","","","",0,1,"","",0,1,0,1,0,1,"","","","","","","","","","","","","","","","","","","","","","","","",12000,1,"","",2,1,0,1,"","","","","","","","","","",2,1,"","","","","","","","","","","","","","","","","","","","","","","","","","","","","","","","","","","","","","","","","","","","","","","","","","","","","",""
"35049001","CANCALE",48.711667,-1.843333,40,1981090521,"","","","",7.,1,60,1,"","","","","","","","","","","","","","","","","","","","","","","","","","","","",18.2,1,14.5,1,"","","","","","","","","","","","","","","","","","","","","","","","","","",82,1,"","","","","","","","","","","","",17.,1,1023.4,1,"","","","","","",0,1,"","",0,1,0,1,0,1,"","","","","","","","","","","","","","","","","","","","","","","","",15000,1,"","",0,1,"","","","","","","","","","","","",2,1,"","","","","","","","","","","","","","","","","","","","","","","","","","","","","","","","","","","","","","","","","","","","","","","","","","","","","",""
"35049001","CANCALE",48.711667,-1.843333,40,1981090600,"","","","",3.,1,80,1,"","","","","","","","","","","","","","","","","","","","","","","","","","","","",16.7,1,12.9,1,"","","","","","","","","","","","","","","","","","","","","","","","","","",81,1,"","","","","","","","","","","","",15.3,1,1023.5,1,"","","","","","",0,1,"","",0,1,0,1,0,1,"","","","","","","","","","","","","","","","","","","","","","","","",15000,1,"","",0,1,"","","","","","","","","","","","",2,1,"","","","","","","","","","","","","","","","","","","","","","","","","","","","","","","","","","","","","","","","","","","","","","","","","","","","","",""
"35049001","CANCALE",48.711667,-1.843333,40,1981090603,"","","","",5.,1,120,1,"","","","","","","","","","","","","","","","","","","","","","","","","","","","",15.7,1,12.8,1,"","","","","","","","","","","","","","","","","","","","","","","","","","",85,1,"","","","","","","","","","","","",15.2,1,1023.1,1,"","","","","","",0,1,"","",0,1,0,1,0,1,"","","","","","","","","","","","","","","","","","","","","","","","",17000,1,"","",0,1,"","","","","","","","","","","","",2,1,"","","","","","","","","","","","","","","","","","","","","","","","","","","","","","","","","","","","","","","","","","","","","","","","","","","","","",""
"35049001","CANCALE",48.711667,-1.843333,40,1981090606,"","","","",5.,1,100,1,"","","","","","","","","","","","","","","","","","","","","","","","","","","","",15.2,1,11.9,1,"","","","","","","","","","","","","","","","","","","","","","","","","","",83,1,"","","","","","","","","","","","",14.3,1,1022.7,1,"","","","","","",1,1,0,1,0,1,0,1,2,1,"","","","","","","","","","","","","","","","","","","","","","","","",7000,1,"","",0,1,"","","","",0,1,"","","","","","",2,1,"","","","","","","","","","","","","","","","","","","","","","","","","","","","","","","","","","","","","","","","","","","","","","","","","","","","","",""
"35049001","CANCALE",48.711667,-1.843333,40,1981090609,"","","","",4.,1,100,1,"","","","","","","","","","","","","","","","","","","","","","","","","","","","",18.8,1,13.8,1,"","","","","","","","","","","","","","","","","","","","","","","","","","",75,1,"","","","","","","","","","","","",16.2,1,1022.6,1,"","","","","","",0,1,"","",0,1,0,1,0,1,"","","","","","","","","","","","","","","","","","","","","","","","",10000,1,"","",2,1,0,1,"","","","","","","","","","",2,1,"","","","","","","","","","","","","","","","","","","","","","","","","","","","","","","","","","","","","","","","","","","","","","","","","","","","","",""
"35049001","CANCALE",48.711667,-1.843333,40,1981090612,"","","","",2.,1,340,1,"","","","","","","","","","","","","","","","","","","","","","","","","","","","",20.8,1,13.9,1,"","","","","","","","","","","","","","","","","","","","","","","","","","",67,1,"","","","","","","","","","","","",16.4,1,1022.2,1,"","","","","","",4,1,0,1,0,1,0,1,1,1,"","","","","","","","","","","","","","","","","","","","","","","","",12000,1,"","",2,1,0,1,"","","","","","","","","","",2,1,"","","","","","","","","","","","","","","","","","","","","","","","","","","","","","","","","","","","","","","","","","","","","","","","","","","","","",""
"35049001","CANCALE",48.711667,-1.843333,40,1981090615,"","","","",4.,1,360,1,"","","","","","","","","","","","","","","","","","","","","","","","","","","","",21.8,1,14.5,1,"","","","","","","","","","","","","","","","","","","","","","","","","","",65,1,"","","","","","","","","","","","",17.,1,1020.6,1,"","","","","","",6,1,6,1,0,1,0,1,8,1,"","","","","","","","","","","","","","","","","","","","","","","","",12000,1,"","",3,1,1,1,"","","","","","","","","","",2,1,"","","","","","","","","","","","","","","","","","","","","","","","","","","","","","","","","","","","","","","","","","","","","","","","","","","","","",""
"35049001","CANCALE",48.711667,-1.843333,40,1981090618,"","","","",5.,1,20,1,"","","","","","","","","","","","","","","","","","","","","","","","","","","","",20.1,1,14.9,1,"","","","","","","","","","","","","","","","","","","","","","","","","","",74,1,"","","","","","","","","","","","",17.5,1,1019.6,1,"","","","","","",7,1,7,1,0,1,7,1,"","","","","","","","","","","","","","","","","","","","","","","","","","",8000,1,"","",2,1,1,1,"","","","","","","","","","",2,1,"","","","","","","","","","","","","","","","","","","","","","","","","","","","","","","","","","","","","","","","","","","","","","","","","","","","","",""
"35049001","CANCALE",48.711667,-1.843333,40,1981090621,"","","","",3.,1,60,1,"","","","","","","","","","","","","","","","","","","","","","","","","","","","",19.2,1,14.8,1,"","","","","","","","","","","","","","","","","","","","","","","","","","",78,1,"","","","","","","","","","","","",17.4,1,1019.4,1,"","","","","","",7,1,7,1,0,1,7,1,"","","","","","","","","","","","","","","","","","","","","","","","","","",10000,1,"","",0,1,"","","","","","","","","","","","",2,1,"","","","","","","","","","","","","","","","","","","","","","","","","","","","","","","","","","","","","","","","","","","","","","","","","","","","","",""
"35049001","CANCALE",48.711667,-1.843333,40,1981090700,"","","","",3.,1,100,1,"","","","","","","","","","","","","","","","","","","","","","","","","","","","",17.8,1,15.1,1,"","","","","","","","","","","","","","","","","","","","","","","","","","",87,1,"","","","","","","","","","","","",17.7,1,1017.9,1,"","","","","","",0,1,"","",0,1,0,1,0,1,"","","","","","","","","","","","","","","","","","","","","","","","",6000,1,"","",0,1,"","","","","","","","","","","","",2,1,"","","","","","","","","","","","","","","","","","","","","","","","","","","","","","","","","","","","","","","","","","","","","","","","","","","","","",""
"35049001","CANCALE",48.711667,-1.843333,40,1981090703,"","","","",3.,1,120,1,"","","","","","","","","","","","","","","","","","","","","","","","","","","","",17.2,1,14.3,1,"","","","","","","","","","","","","","","","","","","","","","","","","","",86,1,"","","","","","","","","","","","",16.8,1,1017.,1,"","","","","","",0,1,"","",0,1,0,1,0,1,"","","","","","","","","","","","","","","","","","","","","","","","",7000,1,"","",0,1,"","","","","","","","","","","","",2,1,"","","","","","","","","","","","","","","","","","","","","","","","","","","","","","","","","","","","","","","","","","","","","","","","","","","","","",""
"35049001","CANCALE",48.711667,-1.843333,40,1981090706,"","","","",5.,1,120,1,"","","","","","","","","","","","","","","","","","","","","","","","","","","","",17.,1,14.7,1,"","","","","","","","","","","","","","","","","","","","","","","","","","",88,1,"","","","","","","","","","","","",17.2,1,1015.6,1,"","","","","","",7,1,7,1,0,1,7,1,"","","","","","","","","","","","","","","","","","","","","","","","","","",3000,1,"","",10,1,"","","","",0,1,"","","","","","",3,1,"","","","","","","","","","","","","","","","","","","","","","","","","","","","","","","","","","","","","","","","","","","","","","","","","","","","","",""
"35049001","CANCALE",48.711667,-1.843333,40,1981090709,"","","","",5.,1,180,1,"","","","","","","","","","","","","","","","","","","","","","","","","","","","",17.1,1,14.4,1,"","","","","","","","","","","","","","","","","","","","","","","","","","",87,1,"","","","","","","","","","","","",16.9,1,1016.6,1,"","","","","","",8,1,8,1,0,1,7,1,"","","","","","","","","","","","","","","","","","","","","","","","","","",3000,1,"","",60,1,6,1,"","","","","","","","","","",3,1,"","","","","","","","","","","","","","","","","","","","","","","","","","","","","","","","","","","","","","","","","","","","","","","","","","","","","",""
"35049001","CANCALE",48.711667,-1.843333,40,1981090712,"","","","",4.,1,160,1,"","","","","","","","","","","","","","","","","","","","","","","","","","","","",21.1,1,16.3,1,"","","","","","","","","","","","","","","","","","","","","","","","","","",77,1,"","","","","","","","","","","","",19.2,1,1015.8,1,"","","","","","",7,1,7,1,0,1,7,1,"","","","","","","","","","","","","","","","","","","","","","","","","","",4000,1,"","",10,1,6,1,"","","","","","","","","","",3,1,"","","","","","","","","","","","","","","","","","","","","","","","","","","","","","","","","","","","","","","","","","","","","","","","","","","","","",""
"35049001","CANCALE",48.711667,-1.843333,40,1981090715,"","","","",1.,1,340,1,"","","","","","","","","","","","","","","","","","","","","","","","","","","","",22.9,1,15.5,1,"","","","","","","","","","","","","","","","","","","","","","","","","","",66,1,"","","","","","","","","","","","",18.2,1,1015.4,1,"","","","","","",3,1,0,1,0,1,4,1,0,1,"","","","","","","","","","","","","","","","","","","","","","","","",4000,1,"","",10,1,1,1,"","","","","","","","","","",2,1,"","","","","","","","","","","","","","","","","","","","","","","","","","","","","","","","","","","","","","","","","","","","","","","","","","","","","",""
"35049001","CANCALE",48.711667,-1.843333,40,1981090718,"","","","",1.,1,40,1,"","","","","","","","","","","","","","","","","","","","","","","","","","","","",20.6,1,15.8,1,"","","","","","","","","","","","","","","","","","","","","","","","","","",76,1,"","","","","","","","","","","","",18.6,1,1015.4,1,"","","","","","",6,1,6,1,0,1,8,1,0,1,"","","","","","","","","","","","","","","","","","","","","","","","",6000,1,"","",2,1,1,1,"","","","","","","","","","",2,1,"","","","","","","","","","","","","","","","","","","","","","","","","","","","","","","","","","","","","","","","","","","","","","","","","","","","","",""
"35049001","CANCALE",48.711667,-1.843333,40,1981090721,"","","","",5.,1,300,1,"","","","","","","","","","","","","","","","","","","","","","","","","","","","",19.,1,14.8,1,"","","","","","","","","","","","","","","","","","","","","","","","","","",79,1,"","","","","","","","","","","","",17.4,1,1016.7,1,"","","","","","",6,1,6,1,0,1,7,1,0,1,"","","","","","","","","","","","","","","","","","","","","","","","",6000,1,"","",0,1,"","","","","","","","","","","","",3,1,"","","","","","","","","","","","","","","","","","","","","","","","","","","","","","","","","","","","","","","","","","","","","","","","","","","","","",""
"35049001","CANCALE",48.711667,-1.843333,40,1981090800,"","","","",6.,1,220,1,"","","","","","","","","","","","","","","","","","","","","","","","","","","","",18.,1,14.1,1,"","","","","","","","","","","","","","","","","","","","","","","","","","",80,1,"","","","","","","","","","","","",16.6,1,1017.5,1,"","","","","","",0,1,"","",0,1,0,1,0,1,"","","","","","","","","","","","","","","","","","","","","","","","",5000,1,"","",0,1,"","","","","","","","","","","","",3,1,"","","","","","","","","","","","","","","","","","","","","","","","","","","","","","","","","","","","","","","","","","","","","","","","","","","","","",""
"35049001","CANCALE",48.711667,-1.843333,40,1981090803,"","","","",5.,1,200,1,"","","","","","","","","","","","","","","","","","","","","","","","","","","","",17.1,1,15.6,1,"","","","","","","","","","","","","","","","","","","","","","","","","","",94,1,"","","","","","","","","","","","",18.3,1,1017.2,1,"","","","","","",5,1,5,1,0,1,7,1,0,1,"","","","","","","","","","","","","","","","","","","","","","","","",7000,1,"","",0,1,"","","","","","","","","","","","",3,1,"","","","","","","","","","","","","","","","","","","","","","","","","","","","","","","","","","","","","","","","","","","","","","","","","","","","","",""
"35049001","CANCALE",48.711667,-1.843333,40,1981090806,"","","","",6.,1,240,1,"","","","","","","","","","","","","","","","","","","","","","","","","","","","",17.1,1,15.6,1,"","","","","","","","","","","","","","","","","","","","","","","","","","",94,1,"","","","","","","","","","","","",18.3,1,1017.5,1,"","","","","","",5,1,0,1,0,1,4,1,4,1,"","","","","","","","","","","","","","","","","","","","","","","","",12000,1,"","",0,1,"","","","",1,1,"","","","","","",2,1,"","","","","","","","","","","","","","","","","","","","","","","","","","","","","","","","","","","","","","","","","","","","","","","","","","","","","",""
"35049001","CANCALE",48.711667,-1.843333,40,1981090809,"","","","",6.,1,260,1,"","","","","","","","","","","","","","","","","","","","","","","","","","","","",18.5,1,14.7,1,"","","","","","","","","","","","","","","","","","","","","","","","","","",80,1,"","","","","","","","","","","","",17.2,1,1018.6,1,"","","","","","",7,1,0,1,0,1,1,1,8,1,"","","","","","","","","","","","","","","","","","","","","","","","",6000,1,"","",2,1,2,1,"","","","","","","","","","",2,1,"","","","","","","","","","","","","","","","","","","","","","","","","","","","","","","","","","","","","","","","","","","","","","","","","","","","","",""
"35049001","CANCALE",48.711667,-1.843333,40,1981090812,"","","","",7.,1,280,1,"","","","","","","","","","","","","","","","","","","","","","","","","","","","",19.5,1,14.7,1,"","","","","","","","","","","","","","","","","","","","","","","","","","",76,1,"","","","","","","","","","","","",17.2,1,1019.9,1,"","","","","","",6,1,0,1,5,1,0,1,2,1,"","","","","","","","","","","","","","","","","","","","","","","","",6000,1,"","",2,1,2,1,"","","","","","","","","","",3,1,"","","","","","","","","","","","","","","","","","","","","","","","","","","","","","","","","","","","","","","","","","","","","","","","","","","","","",""
"35049001","CANCALE",48.711667,-1.843333,40,1981090815,"","","","",5.,1,300,1,"","","","","","","","","","","","","","","","","","","","","","","","","","","","",20.,1,15.4,1,"","","","","","","","","","","","","","","","","","","","","","","","","","",77,1,"","","","","","","","","","","","",18.,1,1019.9,1,"","","","","","",7,1,7,1,0,1,3,1,"","","","","","","","","","","","","","","","","","","","","","","","","","",6000,1,"","",2,1,2,1,"","","","","","","","","","",3,1,"","","","","","","","","","","","","","","","","","","","","","","","","","","","","","","","","","","","","","","","","","","","","","","","","","","","","",""
"35049001","CANCALE",48.711667,-1.843333,40,1981090818,"","","","",3.,1,320,1,"","","","","","","","","","","","","","","","","","","","","","","","","","","","",18.5,1,15.5,1,"","","","","","","","","","","","","","","","","","","","","","","","","","",85,1,"","","","","","","","","","","","",18.2,1,1020.3,1,"","","","","","",2,1,0,1,0,1,4,1,0,1,"","","","","","","","","","","","","","","","","","","","","","","","",5000,1,"","",1,1,1,1,"","","","","","","","","","",2,1,"","","","","","","","","","","","","","","","","","","","","","","","","","","","","","","","","","","","","","","","","","","","","","","","","","","","","",""
"35049001","CANCALE",48.711667,-1.843333,40,1981090821,"","","","",0.,1,0,1,"","","","","","","","","","","","","","","","","","","","","","","","","","","","",17.4,1,14.2,1,"","","","","","","","","","","","","","","","","","","","","","","","","","",84,1,"","","","","","","","","","","","",16.7,1,1021.5,1,"","","","","","",3,1,0,1,0,1,4,1,0,1,"","","","","","","","","","","","","","","","","","","","","","","","",6000,1,"","",0,1,"","","","","","","","","","","","",2,1,"","","","","","","","","","","","","","","","","","","","","","","","","","","","","","","","","","","","","","","","","","","","","","","","","","","","","",""
"35049001","CANCALE",48.711667,-1.843333,40,1981090900,"","","","",2.,1,100,1,"","","","","","","","","","","","","","","","","","","","","","","","","","","","",17.5,1,14.1,1,"","","","","","","","","","","","","","","","","","","","","","","","","","",83,1,"","","","","","","","","","","","",16.6,1,1022.,1,"","","","","","",3,1,0,1,5,1,0,1,0,1,"","","","","","","","","","","","","","","","","","","","","","","","",4500,1,"","",10,1,"","","","","","","","","","","","",2,1,"","","","","","","","","","","","","","","","","","","","","","","","","","","","","","","","","","","","","","","","","","","","","","","","","","","","","",""
"35049001","CANCALE",48.711667,-1.843333,40,1981090903,"","","","",2.,1,280,1,"","","","","","","","","","","","","","","","","","","","","","","","","","","","",16.5,1,13.9,1,"","","","","","","","","","","","","","","","","","","","","","","","","","",88,1,"","","","","","","","","","","","",16.4,1,1021.8,1,"","","","","","",4,1,0,1,5,1,0,1,0,1,"","","","","","","","","","","","","","","","","","","","","","","","",4500,1,"","",10,1,"","","","","","","","","","","","",2,1,"","","","","","","","","","","","","","","","","","","","","","","","","","","","","","","","","","","","","","","","","","","","","","","","","","","","","",""
"35049001","CANCALE",48.711667,-1.843333,40,1981090906,"","","","",2.,1,180,1,"","","","","","","","","","","","","","","","","","","","","","","","","","","","",16.,1,12.9,1,"","","","","","","","","","","","","","","","","","","","","","","","","","",84,1,"","","","","","","","","","","","",15.3,1,1021.8,1,"","","","","","",2,1,0,1,6,1,0,1,0,1,"","","","","","","","","","","","","","","","","","","","","","","","",3500,1,"","",10,1,"","","","",0,1,"","","","","","",2,1,"","","","","","","","","","","","","","","","","","","","","","","","","","","","","","","","","","","","","","","","","","","","","","","","","","","","","",""
"35049001","CANCALE",48.711667,-1.843333,40,1981090909,"","","","",0.,1,0,1,"","","","","","","","","","","","","","","","","","","","","","","","","","","","",18.7,1,14.7,1,"","","","","","","","","","","","","","","","","","","","","","","","","","",80,1,"","","","","","","","","","","","",17.2,1,1022.,1,"","","","","","",0,1,"","",0,1,0,1,0,1,"","","","","","","","","","","","","","","","","","","","","","","","",2500,1,"","",10,1,0,1,"","","","","","","","","","",2,1,"","","","","","","","","","","","","","","","","","","","","","","","","","","","","","","","","","","","","","","","","","","","","","","","","","","","","",""
"35049001","CANCALE",48.711667,-1.843333,40,1981090912,"","","","",3.,1,120,1,"","","","","","","","","","","","","","","","","","","","","","","","","","","","",19.,1,14.8,1,"","","","","","","","","","","","","","","","","","","","","","","","","","",79,1,"","","","","","","","","","","","",17.4,1,1021.9,1,"","","","","","",0,1,"","",0,1,0,1,0,1,"","","","","","","","","","","","","","","","","","","","","","","","",3000,1,"","",10,1,0,1,"","","","","","","","","","",2,1,"","","","","","","","","","","","","","","","","","","","","","","","","","","","","","","","","","","","","","","","","","","","","","","","","","","","","",""
"35049001","CANCALE",48.711667,-1.843333,40,1981090915,"","","","",0.,1,0,1,"","","","","","","","","","","","","","","","","","","","","","","","","","","","",20.5,1,15.8,1,"","","","","","","","","","","","","","","","","","","","","","","","","","",77,1,"","","","","","","","","","","","",18.6,1,1020.3,1,"","","","","","",2,1,0,1,2,1,0,1,0,1,"","","","","","","","","","","","","","","","","","","","","","","","",4500,1,"","",10,1,0,1,"","","","","","","","","","",2,1,"","","","","","","","","","","","","","","","","","","","","","","","","","","","","","","","","","","","","","","","","","","","","","","","","","","","","",""
"35049001","CANCALE",48.711667,-1.843333,40,1981090918,"","","","",3.,1,80,1,"","","","","","","","","","","","","","","","","","","","","","","","","","","","",19.1,1,16.1,1,"","","","","","","","","","","","","","","","","","","","","","","","","","",85,1,"","","","","","","","","","","","",18.9,1,1019.2,1,"","","","","","",0,1,"","",0,1,0,1,0,1,"","","","","","","","","","","","","","","","","","","","","","","","",6000,1,"","",2,1,0,1,"","","","","","","","","","",2,1,"","","","","","","","","","","","","","","","","","","","","","","","","","","","","","","","","","","","","","","","","","","","","","","","","","","","","",""
"35049001","CANCALE",48.711667,-1.843333,40,1981090921,"","","","",2.,1,100,1,"","","","","","","","","","","","","","","","","","","","","","","","","","","","",18.4,1,16.4,1,"","","","","","","","","","","","","","","","","","","","","","","","","","",91,1,"","","","","","","","","","","","",19.3,1,1018.4,1,"","","","","","",0,1,"","",0,1,0,1,0,1,"","","","","","","","","","","","","","","","","","","","","","","","",6000,1,"","",0,1,"","","","","","","","","","","","",2,1,"","","","","","","","","","","","","","","","","","","","","","","","","","","","","","","","","","","","","","","","","","","","","","","","","","","","","",""
"35049001","CANCALE",48.711667,-1.843333,40,1981091000,"","","","",3.,1,180,1,"","","","","","","","","","","","","","","","","","","","","","","","","","","","",17.2,1,14.7,1,"","","","","","","","","","","","","","","","","","","","","","","","","","",88,1,"","","","","","","","","","","","",17.2,1,1017.1,1,"","","","","","",0,1,"","",0,1,0,1,0,1,"","","","","","","","","","","","","","","","","","","","","","","","",6000,1,"","",0,1,"","","","","","","","","","","","",2,1,"","","","","","","","","","","","","","","","","","","","","","","","","","","","","","","","","","","","","","","","","","","","","","","","","","","","","",""
"35049001","CANCALE",48.711667,-1.843333,40,1981091003,"","","","",3.,1,160,1,"","","","","","","","","","","","","","","","","","","","","","","","","","","","",15.8,1,14.3,1,"","","","","","","","","","","","","","","","","","","","","","","","","","",94,1,"","","","","","","","","","","","",16.8,1,1015.1,1,"","","","","","",0,1,"","",0,1,0,1,0,1,"","","","","","","","","","","","","","","","","","","","","","","","",6000,1,"","",0,1,"","","","","","","","","","","","",2,1,"","","","","","","","","","","","","","","","","","","","","","","","","","","","","","","","","","","","","","","","","","","","","","","","","","","","","",""
"35049001","CANCALE",48.711667,-1.843333,40,1981091006,"","","","",4.,1,160,1,"","","","","","","","","","","","","","","","","","","","","","","","","","","","",15.3,1,14.1,1,"","","","","","","","","","","","","","","","","","","","","","","","","","",96,1,"","","","","","","","","","","","",16.6,1,1013.8,1,"","","","","","",0,1,"","",0,1,0,1,0,1,"","","","","","","","","","","","","","","","","","","","","","","","",6000,1,"","",0,1,"","","","",0,1,"","","","","","",2,1,"","","","","","","","","","","","","","","","","","","","","","","","","","","","","","","","","","","","","","","","","","","","","","","","","","","","","",""
"35049001","CANCALE",48.711667,-1.843333,40,1981091009,"","","","",4.,1,160,1,"","","","","","","","","","","","","","","","","","","","","","","","","","","","",18.5,1,14.7,1,"","","","","","","","","","","","","","","","","","","","","","","","","","",81,1,"","","","","","","","","","","","",17.2,1,1012.6,1,"","","","","","",1,1,0,1,0,1,0,1,1,1,"","","","","","","","","","","","","","","","","","","","","","","","",7000,1,"","",2,1,0,1,"","","","","","","","","","",2,1,"","","","","","","","","","","","","","","","","","","","","","","","","","","","","","","","","","","","","","","","","","","","","","","","","","","","","",""
"35049001","CANCALE",48.711667,-1.843333,40,1981091012,"","","","",8.,1,180,1,"","","","","","","","","","","","","","","","","","","","","","","","","","","","",24.,1,15.,1,"","","","","","","","","","","","","","","","","","","","","","","","","","",59,1,"","","","","","","","","","","","",17.6,1,1010.3,1,"","","","","","",6,1,0,1,1,1,5,1,2,1,"","","","","","","","","","","","","","","","","","","","","","","","",9000,1,"","",3,1,1,1,"","","","","","","","","","",3,1,"","","","","","","","","","","","","","","","","","","","","","","","","","","","","","","","","","","","","","","","","","","","","","","","","","","","","",""
"35049001","CANCALE",48.711667,-1.843333,40,1981091015,"","","","",7.,1,200,1,"","","","","","","","","","","","","","","","","","","","","","","","","","","","",24.4,1,14.3,1,"","","","","","","","","","","","","","","","","","","","","","","","","","",55,1,"","","","","","","","","","","","",16.8,1,1008.4,1,"","","","","","",8,1,8,1,5,1,1,1,"","","","","","","","","","","","","","","","","","","","","","","","","","",10000,1,"","",2,1,2,1,"","","","","","","","","","",3,1,"","","","","","","","","","","","","","","","","","","","","","","","","","","","","","","","","","","","","","","","","","","","","","","","","","","","","",""
"35049001","CANCALE",48.711667,-1.843333,40,1981091018,"","","","",5.,1,180,1,"","","","","","","","","","","","","","","","","","","","","","","","","","","","",20.1,1,16.5,1,"","","","","","","","","","","","","","","","","","","","","","","","","","",82,1,"","","","","","","","","","","","",19.4,1,1007.5,1,"","","","","","",8,1,5,1,5,1,2,1,"","","","","","","","","","","","","","","","","","","","","","","","","","",6000,1,"","",61,1,2,1,"","","","","","","","","","",3,1,"","","","","","","","","","","","","","","","","","","","","","","","","","","","","","","","","","","","","","","","","","","","","","","","","","","","","",""
"35049001","CANCALE",48.711667,-1.843333,40,1981091021,"","","","",10.,1,280,1,"","","","","","","","","","","","","","","","","","","","","","","","","","","","",15.,1,13.7,1,"","","","","","","","","","","","","","","","","","","","","","","","","","",97,1,"","","","","","","","","","","","",16.1,1,1008.2,1,"","","","","","",4,1,0,1,5,1,3,1,0,1,"","","","","","","","","","","","","","","","","","","","","","","","",30000,1,"","",0,1,"","","","","","","","","","","","",3,1,"","","","","","","","","","","","","","","","","","","","","","","","","","","","","","","","","","","","","","","","","","","","","","","","","","","","","",""
"35049001","CANCALE",48.711667,-1.843333,40,1981091100,"","","","",9.,1,240,1,"","","","","","","","","","","","","","","","","","","","","","","","","","","","",14.3,1,13.5,1,"","","","","","","","","","","","","","","","","","","","","","","","","","",98,1,"","","","","","","","","","","","",15.9,1,1010.,1,"","","","","","",2,1,0,1,0,1,3,1,0,1,"","","","","","","","","","","","","","","","","","","","","","","","",35000,1,"","",0,1,"","","","","","","","","","","","",3,1,"","","","","","","","","","","","","","","","","","","","","","","","","","","","","","","","","","","","","","","","","","","","","","","","","","","","","",""
"35049001","CANCALE",48.711667,-1.843333,40,1981091103,"","","","",7.,1,200,1,"","","","","","","","","","","","","","","","","","","","","","","","","","","","",13.3,1,11.5,1,"","","","","","","","","","","","","","","","","","","","","","","","","","",91,1,"","","","","","","","","","","","",13.9,1,1010.7,1,"","","","","","",0,1,"","",0,1,0,1,0,1,"","","","","","","","","","","","","","","","","","","","","","","","",30000,1,"","",0,1,"","","","","","","","","","","","",3,1,"","","","","","","","","","","","","","","","","","","","","","","","","","","","","","","","","","","","","","","","","","","","","","","","","","","","","",""
"35049001","CANCALE",48.711667,-1.843333,40,1981091106,"","","","",7.,1,220,1,"","","","","","","","","","","","","","","","","","","","","","","","","","","","",12.8,1,10.9,1,"","","","","","","","","","","","","","","","","","","","","","","","","","",91,1,"","","","","","","","","","","","",13.4,1,1012.3,1,"","","","","","",3,1,0,1,2,1,4,1,0,1,"","","","","","","","","","","","","","","","","","","","","","","","",20000,1,"","",0,1,"","","","",1,1,"","","","","","",3,1,"","","","","","","","","","","","","","","","","","","","","","","","","","","","","","","","","","","","","","","","","","","","","","","","","","","","","",""
"35049001","CANCALE",48.711667,-1.843333,40,1981091109,"","","","",5.,1,240,1,"","","","","","","","","","","","","","","","","","","","","","","","","","","","",17.4,1,13.1,1,"","","","","","","","","","","","","","","","","","","","","","","","","","",78,1,"","","","","","","","","","","","",15.5,1,1013.4,1,"","","","","","",3,1,0,1,3,1,6,1,4,1,"","","","","","","","","","","","","","","","","","","","","","","","",25000,1,"","",2,1,0,1,"","","","","","","","","","",3,1,"","","","","","","","","","","","","","","","","","","","","","","","","","","","","","","","","","","","","","","","","","","","","","","","","","","","","",""
"35049001","CANCALE",48.711667,-1.843333,40,1981091112,"","","","",5.,1,300,1,"","","","","","","","","","","","","","","","","","","","","","","","","","","","",21.1,1,12.9,1,"","","","","","","","","","","","","","","","","","","","","","","","","","",61,1,"","","","","","","","","","","","",15.3,1,1013.6,1,"","","","","","",6,1,5,1,3,1,6,1,0,1,"","","","","","","","","","","","","","","","","","","","","","","","",12000,1,"","",15,1,1,1,"","","","","","","","","","",3,1,"","","","","","","","","","","","","","","","","","","","","","","","","","","","","","","","","","","","","","","","","","","","","","","","","","","","","",""
"35049001","CANCALE",48.711667,-1.843333,40,1981091115,"","","","",2.,1,80,1,"","","","","","","","","","","","","","","","","","","","","","","","","","","","",19.2,1,13.8,1,"","","","","","","","","","","","","","","","","","","","","","","","","","",73,1,"","","","","","","","","","","","",16.2,1,1013.4,1,"","","","","","",7,1,0,1,3,1,6,1,"","","","","","","","","","","","","","","","","","","","","","","","","","",35000,1,"","",2,1,2,1,"","","","","","","","","","",3,1,"","","","","","","","","","","","","","","","","","","","","","","","","","","","","","","","","","","","","","","","","","","","","","","","","","","","","",""
"35049001","CANCALE",48.711667,-1.843333,40,1981091118,"","","","",1.,1,320,1,"","","","","","","","","","","","","","","","","","","","","","","","","","","","",18.2,1,13.9,1,"","","","","","","","","","","","","","","","","","","","","","","","","","",79,1,"","","","","","","","","","","","",16.4,1,1013.1,1,"","","","","","",7,1,0,1,3,1,6,1,3,1,"","","","","","","","","","","","","","","","","","","","","","","","",25000,1,"","",2,1,2,1,"","","","","","","","","","",3,1,"","","","","","","","","","","","","","","","","","","","","","","","","","","","","","","","","","","","","","","","","","","","","","","","","","","","","",""
"35049001","CANCALE",48.711667,-1.843333,40,1981091121,"","","","",6.,1,220,1,"","","","","","","","","","","","","","","","","","","","","","","","","","","","",15.9,1,12.1,1,"","","","","","","","","","","","","","","","","","","","","","","","","","",80,1,"","","","","","","","","","","","",14.5,1,1013.5,1,"","","","","","",5,1,0,1,2,1,6,1,0,1,"","","","","","","","","","","","","","","","","","","","","","","","",30000,1,"","",0,1,"","","","","","","","","","","","",3,1,"","","","","","","","","","","","","","","","","","","","","","","","","","","","","","","","","","","","","","","","","","","","","","","","","","","","","",""
"35049001","CANCALE",48.711667,-1.843333,40,1981091200,"","","","",3.,1,220,1,"","","","","","","","","","","","","","","","","","","","","","","","","","","","",14.3,1,12.5,1,"","","","","","","","","","","","","","","","","","","","","","","","","","",91,1,"","","","","","","","","","","","",14.8,1,1013.6,1,"","","","","","",7,1,7,1,8,1,"","","","","","","","","","","","","","","","","","","","","","","","","","","","",25000,1,"","",0,1,"","","","","","","","","","","","",3,1,"","","","","","","","","","","","","","","","","","","","","","","","","","","","","","","","","","","","","","","","","","","","","","","","","","","","","",""
"35049001","CANCALE",48.711667,-1.843333,40,1981091203,"","","","",5.,1,220,1,"","","","","","","","","","","","","","","","","","","","","","","","","","","","",13.8,1,12.6,1,"","","","","","","","","","","","","","","","","","","","","","","","","","",94,1,"","","","","","","","","","","","",14.9,1,1012.7,1,"","","","","","",8,1,8,1,8,1,"","","","","","","","","","","","","","","","","","","","","","","","","","","","",30000,1,"","",0,1,"","","","","","","","","","","","",3,1,"","","","","","","","","","","","","","","","","","","","","","","","","","","","","","","","","","","","","","","","","","","","","","","","","","","","","",""
"35049001","CANCALE",48.711667,-1.843333,40,1981091206,"","","","",4.,1,240,1,"","","","","","","","","","","","","","","","","","","","","","","","","","","","",14.6,1,11.3,1,"","","","","","","","","","","","","","","","","","","","","","","","","","",83,1,"","","","","","","","","","","","",13.7,1,1012.8,1,"","","","","","",7,1,7,1,8,1,"","","","","","","","","","","","","","","","","","","","","","","","","","","","",16000,1,"","",0,1,"","","","",1,1,"","","","","","",3,1,"","","","","","","","","","","","","","","","","","","","","","","","","","","","","","","","","","","","","","","","","","","","","","","","","","","","","",""
"35049001","CANCALE",48.711667,-1.843333,40,1981091209,"","","","",5.,1,260,1,"","","","","","","","","","","","","","","","","","","","","","","","","","","","",13.4,1,10.9,1,"","","","","","","","","","","","","","","","","","","","","","","","","","",86,1,"","","","","","","","","","","","",13.3,1,1012.8,1,"","","","","","",7,1,7,1,8,1,"","","","","","","","","","","","","","","","","","","","","","","","","","","","",40000,1,"","",60,1,6,1,"","","","","","","","","","",3,1,"","","","","","","","","","","","","","","","","","","","","","","","","","","","","","","","","","","","","","","","","","","","","","","","","","","","","",""
"35049001","CANCALE",48.711667,-1.843333,40,1981091212,"","","","",3.,1,280,1,"","","","","","","","","","","","","","","","","","","","","","","","","","","","",16.3,1,11.7,1,"","","","","","","","","","","","","","","","","","","","","","","","","","",76,1,"","","","","","","","","","","","",14.1,1,1012.7,1,"","","","","","",3,1,0,1,2,1,0,1,0,1,"","","","","","","","","","","","","","","","","","","","","","","","",50000,1,"","",1,1,6,1,"","","","","","","","","","",2,1,"","","","","","","","","","","","","","","","","","","","","","","","","","","","","","","","","","","","","","","","","","","","","","","","","","","","","",""
"35049001","CANCALE",48.711667,-1.843333,40,1981091215,"","","","",10.,1,280,1,"","","","","","","","","","","","","","","","","","","","","","","","","","","","",13.8,1,11.1,1,"","","","","","","","","","","","","","","","","","","","","","","","","","",85,1,"","","","","","","","","","","","",13.5,1,1013.2,1,"","","","","","",5,1,5,1,9,1,6,1,0,1,"","","","","","","","","","","","","","","","","","","","","","","","",18000,1,"","",91,1,9,1,"","","","","","","","","","",3,1,"","","","","","","","","","","","","","","","","","","","","","","","","","","","","","","","","","","","","","","","","","","","","","","","","","","","","",""
"35049001","CANCALE",48.711667,-1.843333,40,1981091218,"","","","",9.,1,280,1,"","","","","","","","","","","","","","","","","","","","","","","","","","","","",15.9,1,10.4,1,"","","","","","","","","","","","","","","","","","","","","","","","","","",71,1,"","","","","","","","","","","","",12.9,1,1014.3,1,"","","","","","",5,1,5,1,8,1,6,1,0,1,"","","","","","","","","","","","","","","","","","","","","","","","",40000,1,"","",2,1,9,1,"","","","","","","","","","",3,1,"","","","","","","","","","","","","","","","","","","","","","","","","","","","","","","","","","","","","","","","","","","","","","","","","","","","","",""
"35049001","CANCALE",48.711667,-1.843333,40,1981091221,"","","","",7.,1,260,1,"","","","","","","","","","","","","","","","","","","","","","","","","","","","",14.6,1,9.4,1,"","","","","","","","","","","","","","","","","","","","","","","","","","",72,1,"","","","","","","","","","","","",12.,1,1016.7,1,"","","","","","",5,1,5,1,2,1,0,1,0,1,"","","","","","","","","","","","","","","","","","","","","","","","",40000,1,"","",0,1,"","","","","","","","","","","","",3,1,"","","","","","","","","","","","","","","","","","","","","","","","","","","","","","","","","","","","","","","","","","","","","","","","","","","","","",""
"35049001","CANCALE",48.711667,-1.843333,40,1981091300,"","","","",7.,1,260,1,"","","","","","","","","","","","","","","","","","","","","","","","","","","","",13.,1,8.7,1,"","","","","","","","","","","","","","","","","","","","","","","","","","",77,1,"","","","","","","","","","","","",11.5,1,1016.8,1,"","","","","","",2,1,0,1,2,1,0,1,0,1,"","","","","","","","","","","","","","","","","","","","","","","","",40000,1,"","",0,1,"","","","","","","","","","","","",3,1,"","","","","","","","","","","","","","","","","","","","","","","","","","","","","","","","","","","","","","","","","","","","","","","","","","","","","",""
"35049001","CANCALE",48.711667,-1.843333,40,1981091303,"","","","",9.,1,260,1,"","","","","","","","","","","","","","","","","","","","","","","","","","","","",12.6,1,8.5,1,"","","","","","","","","","","","","","","","","","","","","","","","","","",77,1,"","","","","","","","","","","","",11.3,1,1017.2,1,"","","","","","",3,1,0,1,2,1,6,1,0,1,"","","","","","","","","","","","","","","","","","","","","","","","",35000,1,"","",0,1,"","","","","","","","","","","","",3,1,"","","","","","","","","","","","","","","","","","","","","","","","","","","","","","","","","","","","","","","","","","","","","","","","","","","","","",""
"35049001","CANCALE",48.711667,-1.843333,40,1981091306,"","","","",7.,1,240,1,"","","","","","","","","","","","","","","","","","","","","","","","","","","","",12.1,1,8.2,1,"","","","","","","","","","","","","","","","","","","","","","","","","","",79,1,"","","","","","","","","","","","",11.1,1,1018.,1,"","","","","","",3,1,0,1,2,1,3,1,0,1,"","","","","","","","","","","","","","","","","","","","","","","","",35000,1,"","",0,1,"","","","",0,1,"","","","","","",3,1,"","","","","","","","","","","","","","","","","","","","","","","","","","","","","","","","","","","","","","","","","","","","","","","","","","","","","",""
"35049001","CANCALE",48.711667,-1.843333,40,1981091309,"","","","",8.,1,280,1,"","","","","","","","","","","","","","","","","","","","","","","","","","","","",16.,1,10.1,1,"","","","","","","","","","","","","","","","","","","","","","","","","","",69,1,"","","","","","","","","","","","",12.6,1,1019.8,1,"","","","","","",3,1,0,1,2,1,6,1,0,1,"","","","","","","","","","","","","","","","","","","","","","","","",40000,1,"","",2,1,0,1,"","","","","","","","","","",3,1,"","","","","","","","","","","","","","","","","","","","","","","","","","","","","","","","","","","","","","","","","","","","","","","","","","","","","",""
"35049001","CANCALE",48.711667,-1.843333,40,1981091312,"","","","",10.,1,280,1,"","","","","","","","","","","","","","","","","","","","","","","","","","","","",17.2,1,9.9,1,"","","","","","","","","","","","","","","","","","","","","","","","","","",64,1,"","","","","","","","","","","","",12.5,1,1020.2,1,"","","","","","",6,1,0,1,2,1,6,1,0,1,"","","","","","","","","","","","","","","","","","","","","","","","",45000,1,"","",3,1,1,1,"","","","","","","","","","",3,1,"","","","","","","","","","","","","","","","","","","","","","","","","","","","","","","","","","","","","","","","","","","","","","","","","","","","","",""
"35049001","CANCALE",48.711667,-1.843333,40,1981091315,"","","","",10.,1,300,1,"","","","","","","","","","","","","","","","","","","","","","","","","","","","",17.3,1,11.3,1,"","","","","","","","","","","","","","","","","","","","","","","","","","",70,1,"","","","","","","","","","","","",13.7,1,1020.7,1,"","","","","","",5,1,5,1,8,1,6,1,8,1,"","","","","","","","","","","","","","","","","","","","","","","","",40000,1,"","",2,1,2,1,"","","","","","","","","","",3,1,"","","","","","","","","","","","","","","","","","","","","","","","","","","","","","","","","","","","","","","","","","","","","","","","","","","","","",""
"35049001","CANCALE",48.711667,-1.843333,40,1981091318,"","","","",10.,1,300,1,"","","","","","","","","","","","","","","","","","","","","","","","","","","","",16.5,1,11.1,1,"","","","","","","","","","","","","","","","","","","","","","","","","","",72,1,"","","","","","","","","","","","",13.5,1,1021.,1,"","","","","","",6,1,0,1,0,1,4,1,1,1,"","","","","","","","","","","","","","","","","","","","","","","","",30000,1,"","",2,1,2,1,"","","","","","","","","","",3,1,"","","","","","","","","","","","","","","","","","","","","","","","","","","","","","","","","","","","","","","","","","","","","","","","","","","","","",""
"35049001","CANCALE",48.711667,-1.843333,40,1981091321,"","","","",7.,1,300,1,"","","","","","","","","","","","","","","","","","","","","","","","","","","","",16.4,1,10.7,1,"","","","","","","","","","","","","","","","","","","","","","","","","","",71,1,"","","","","","","","","","","","",13.2,1,1022.7,1,"","","","","","",8,1,8,1,8,1,"","","","","","","","","","","","","","","","","","","","","","","","","","","","",28000,1,"","",0,1,"","","","","","","","","","","","",3,1,"","","","","","","","","","","","","","","","","","","","","","","","","","","","","","","","","","","","","","","","","","","","","","","","","","","","","",""
"35049001","CANCALE",48.711667,-1.843333,40,1981091400,"","","","",5.,1,260,1,"","","","","","","","","","","","","","","","","","","","","","","","","","","","",15.2,1,10.7,1,"","","","","","","","","","","","","","","","","","","","","","","","","","",77,1,"","","","","","","","","","","","",13.2,1,1022.8,1,"","","","","","",8,1,8,1,5,1,1,1,"","","","","","","","","","","","","","","","","","","","","","","","","","",28000,1,"","",0,1,"","","","","","","","","","","","",3,1,"","","","","","","","","","","","","","","","","","","","","","","","","","","","","","","","","","","","","","","","","","","","","","","","","","","","","",""
"35049001","CANCALE",48.711667,-1.843333,40,1981091403,"","","","",5.,1,260,1,"","","","","","","","","","","","","","","","","","","","","","","","","","","","",14.6,1,11.3,1,"","","","","","","","","","","","","","","","","","","","","","","","","","",83,1,"","","","","","","","","","","","",13.7,1,1022.4,1,"","","","","","",8,1,8,1,8,1,1,1,"","","","","","","","","","","","","","","","","","","","","","","","","","",28000,1,"","",0,1,"","","","","","","","","","","","",3,1,"","","","","","","","","","","","","","","","","","","","","","","","","","","","","","","","","","","","","","","","","","","","","","","","","","","","","",""
"35049001","CANCALE",48.711667,-1.843333,40,1981091406,"","","","",3.,1,220,1,"","","","","","","","","","","","","","","","","","","","","","","","","","","","",14.,1,11.1,1,"","","","","","","","","","","","","","","","","","","","","","","","","","",84,1,"","","","","","","","","","","","",13.5,1,1022.2,1,"","","","","","",8,1,7,1,3,1,7,1,"","","","","","","","","","","","","","","","","","","","","","","","","","",30000,1,"","",0,1,"","","","",0,1,"","","","","","",3,1,"","","","","","","","","","","","","","","","","","","","","","","","","","","","","","","","","","","","","","","","","","","","","","","","","","","","","",""
"35049001","CANCALE",48.711667,-1.843333,40,1981091409,"","","","",4.,1,180,1,"","","","","","","","","","","","","","","","","","","","","","","","","","","","",15.2,1,11.5,1,"","","","","","","","","","","","","","","","","","","","","","","","","","",81,1,"","","","","","","","","","","","",13.9,1,1022.8,1,"","","","","","",8,1,5,1,8,1,2,1,"","","","","","","","","","","","","","","","","","","","","","","","","","",30000,1,"","",2,1,2,1,"","","","","","","","","","",2,1,"","","","","","","","","","","","","","","","","","","","","","","","","","","","","","","","","","","","","","","","","","","","","","","","","","","","","",""
"35049001","CANCALE",48.711667,-1.843333,40,1981091412,"","","","",4.,1,180,1,"","","","","","","","","","","","","","","","","","","","","","","","","","","","",17.6,1,13.,1,"","","","","","","","","","","","","","","","","","","","","","","","","","",77,1,"","","","","","","","","","","","",15.4,1,1022.4,1,"","","","","","",8,1,5,1,8,1,2,1,"","","","","","","","","","","","","","","","","","","","","","","","","","",30000,1,"","",2,1,8,1,"","","","","","","","","","",2,1,"","","","","","","","","","","","","","","","","","","","","","","","","","","","","","","","","","","","","","","","","","","","","","","","","","","","","",""
"35049001","CANCALE",48.711667,-1.843333,40,1981091415,"","","","",4.,1,200,1,"","","","","","","","","","","","","","","","","","","","","","","","","","","","",18.8,1,12.8,1,"","","","","","","","","","","","","","","","","","","","","","","","","","",70,1,"","","","","","","","","","","","",15.2,1,1021.4,1,"","","","","","",8,1,5,1,5,1,2,1,"","","","","","","","","","","","","","","","","","","","","","","","","","",30000,1,"","",2,1,2,1,"","","","","","","","","","",2,1,"","","","","","","","","","","","","","","","","","","","","","","","","","","","","","","","","","","","","","","","","","","","","","","","","","","","","",""
"35049001","CANCALE",48.711667,-1.843333,40,1981091418,"","","","",5.,1,240,1,"","","","","","","","","","","","","","","","","","","","","","","","","","","","",18.8,1,13.9,1,"","","","","","","","","","","","","","","","","","","","","","","","","","",76,1,"","","","","","","","","","","","",16.4,1,1020.4,1,"","","","","","",8,1,8,1,5,1,"","","","","","","","","","","","","","","","","","","","","","","","","","","","",30000,1,"","",2,1,2,1,"","","","","","","","","","",2,1,"","","","","","","","","","","","","","","","","","","","","","","","","","","","","","","","","","","","","","","","","","","","","","","","","","","","","",""
"35049001","CANCALE",48.711667,-1.843333,40,1981091421,"","","","",6.,1,240,1,"","","","","","","","","","","","","","","","","","","","","","","","","","","","",17.8,1,14.9,1,"","","","","","","","","","","","","","","","","","","","","","","","","","",86,1,"","","","","","","","","","","","",17.5,1,1020.4,1,"","","","","","",8,1,8,1,5,1,"","","","","","","","","","","","","","","","","","","","","","","","","","","","",30000,1,"","",0,1,"","","","","","","","","","","","",2,1,"","","","","","","","","","","","","","","","","","","","","","","","","","","","","","","","","","","","","","","","","","","","","","","","","","","","","",""
"35049001","CANCALE",48.711667,-1.843333,40,1981091500,"","","","",7.,1,200,1,"","","","","","","","","","","","","","","","","","","","","","","","","","","","",17.,1,14.8,1,"","","","","","","","","","","","","","","","","","","","","","","","","","",90,1,"","","","","","","","","","","","",17.4,1,1019.6,1,"","","","","","",5,1,5,1,0,1,7,1,0,1,"","","","","","","","","","","","","","","","","","","","","","","","",30000,1,"","",0,1,"","","","","","","","","","","","",3,1,"","","","","","","","","","","","","","","","","","","","","","","","","","","","","","","","","","","","","","","","","","","","","","","","","","","","","",""
"35049001","CANCALE",48.711667,-1.843333,40,1981091503,"","","","",5.,1,240,1,"","","","","","","","","","","","","","","","","","","","","","","","","","","","",17.4,1,15.6,1,"","","","","","","","","","","","","","","","","","","","","","","","","","",92,1,"","","","","","","","","","","","",18.3,1,1019.,1,"","","","","","",8,1,8,1,5,1,"","","","","","","","","","","","","","","","","","","","","","","","","","","","",25000,1,"","",61,1,"","","","","","","","","","","","",3,1,"","","","","","","","","","","","","","","","","","","","","","","","","","","","","","","","","","","","","","","","","","","","","","","","","","","","","",""
"35049001","CANCALE",48.711667,-1.843333,40,1981091506,"","","","",8.,1,260,1,"","","","","","","","","","","","","","","","","","","","","","","","","","","","",17.7,1,16.3,1,"","","","","","","","","","","","","","","","","","","","","","","","","","",95,1,"","","","","","","","","","","","",19.2,1,1018.7,1,"","","","","","",8,1,8,1,5,1,"","","","","","","","","","","","","","","","","","","","","","","","","","","","",9000,1,"","",0,1,"","","","",1,1,"","","","","","",3,1,"","","","","","","","","","","","","","","","","","","","","","","","","","","","","","","","","","","","","","","","","","","","","","","","","","","","","",""
"35049001","CANCALE",48.711667,-1.843333,40,1981091509,"","","","",8.,1,280,1,"","","","","","","","","","","","","","","","","","","","","","","","","","","","",18.7,1,14.7,1,"","","","","","","","","","","","","","","","","","","","","","","","","","",80,1,"","","","","","","","","","","","",17.2,1,1018.9,1,"","","","","","",7,1,7,1,8,1,"","","","","","","","","","","","","","","","","","","","","","","","","","","","",22000,1,"","",2,1,2,1,"","","","","","","","","","",3,1,"","","","","","","","","","","","","","","","","","","","","","","","","","","","","","","","","","","","","","","","","","","","","","","","","","","","","",""
"35049001","CANCALE",48.711667,-1.843333,40,1981091512,"","","","",5.,1,300,1,"","","","","","","","","","","","","","","","","","","","","","","","","","","","",19.5,1,14.7,1,"","","","","","","","","","","","","","","","","","","","","","","","","","",75,1,"","","","","","","","","","","","",17.2,1,1018.9,1,"","","","","","",7,1,7,1,8,1,"","","","","","","","","","","","","","","","","","","","","","","","","","","","",30000,1,"","",2,1,1,1,"","","","","","","","","","",2,1,"","","","","","","","","","","","","","","","","","","","","","","","","","","","","","","","","","","","","","","","","","","","","","","","","","","","","",""
"35049001","CANCALE",48.711667,-1.843333,40,1981091515,"","","","",9.,1,300,1,"","","","","","","","","","","","","","","","","","","","","","","","","","","","",18.4,1,14.4,1,"","","","","","","","","","","","","","","","","","","","","","","","","","",80,1,"","","","","","","","","","","","",16.9,1,1019.2,1,"","","","","","",6,1,6,1,8,1,0,1,0,1,"","","","","","","","","","","","","","","","","","","","","","","","",22000,1,"","",2,1,6,1,"","","","","","","","","","",3,1,"","","","","","","","","","","","","","","","","","","","","","","","","","","","","","","","","","","","","","","","","","","","","","","","","","","","","",""
"35049001","CANCALE",48.711667,-1.843333,40,1981091518,"","","","",9.,1,300,1,"","","","","","","","","","","","","","","","","","","","","","","","","","","","",17.5,1,15.,1,"","","","","","","","","","","","","","","","","","","","","","","","","","",88,1,"","","","","","","","","","","","",17.6,1,1019.4,1,"","","","","","",5,1,0,1,5,1,0,1,1,1,"","","","","","","","","","","","","","","","","","","","","","","","",30000,1,"","",1,1,6,1,"","","","","","","","","","",3,1,"","","","","","","","","","","","","","","","","","","","","","","","","","","","","","","","","","","","","","","","","","","","","","","","","","","","","",""
"35049001","CANCALE",48.711667,-1.843333,40,1981091521,"","","","",8.,1,300,1,"","","","","","","","","","","","","","","","","","","","","","","","","","","","",16.3,1,13.8,1,"","","","","","","","","","","","","","","","","","","","","","","","","","",88,1,"","","","","","","","","","","","",16.2,1,1020.2,1,"","","","","","",4,1,0,1,5,1,0,1,0,1,"","","","","","","","","","","","","","","","","","","","","","","","",35000,1,"","",0,1,"","","","","","","","","","","","",3,1,"","","","","","","","","","","","","","","","","","","","","","","","","","","","","","","","","","","","","","","","","","","","","","","","","","","","","",""
"35049001","CANCALE",48.711667,-1.843333,40,1981091600,"","","","",9.,1,300,1,"","","","","","","","","","","","","","","","","","","","","","","","","","","","",15.2,1,13.9,1,"","","","","","","","","","","","","","","","","","","","","","","","","","",95,1,"","","","","","","","","","","","",16.3,1,1020.8,1,"","","","","","",7,1,7,1,8,1,"","","","","","","","","","","","","","","","","","","","","","","","","","","","",35000,1,"","",0,1,"","","","","","","","","","","","",3,1,"","","","","","","","","","","","","","","","","","","","","","","","","","","","","","","","","","","","","","","","","","","","","","","","","","","","","",""
"35049001","CANCALE",48.711667,-1.843333,40,1981091603,"","","","",8.,1,300,1,"","","","","","","","","","","","","","","","","","","","","","","","","","","","",16.4,1,10.5,1,"","","","","","","","","","","","","","","","","","","","","","","","","","",70,1,"","","","","","","","","","","","",13.,1,1020.7,1,"","","","","","",7,1,7,1,5,1,"","","","","","","","","","","","","","","","","","","","","","","","","","","","",50000,1,"","",0,1,"","","","","","","","","","","","",3,1,"","","","","","","","","","","","","","","","","","","","","","","","","","","","","","","","","","","","","","","","","","","","","","","","","","","","","",""
"35049001","CANCALE",48.711667,-1.843333,40,1981091606,"","","","",7.,1,280,1,"","","","","","","","","","","","","","","","","","","","","","","","","","","","",16.5,1,10.1,1,"","","","","","","","","","","","","","","","","","","","","","","","","","",67,1,"","","","","","","","","","","","",12.6,1,1021.1,1,"","","","","","",8,1,8,1,8,1,"","","","","","","","","","","","","","","","","","","","","","","","","","","","",30000,1,"","",0,1,"","","","",0,1,"","","","","","",3,1,"","","","","","","","","","","","","","","","","","","","","","","","","","","","","","","","","","","","","","","","","","","","","","","","","","","","","",""
"35049001","CANCALE",48.711667,-1.843333,40,1981091609,"","","","",8.,1,300,1,"","","","","","","","","","","","","","","","","","","","","","","","","","","","",16.6,1,9.2,1,"","","","","","","","","","","","","","","","","","","","","","","","","","",63,1,"","","","","","","","","","","","",11.9,1,1021.6,1,"","","","","","",8,1,8,1,8,1,"","","","","","","","","","","","","","","","","","","","","","","","","","","","",45000,1,"","",2,1,2,1,"","","","","","","","","","",3,1,"","","","","","","","","","","","","","","","","","","","","","","","","","","","","","","","","","","","","","","","","","","","","","","","","","","","","",""
"35049001","CANCALE",48.711667,-1.843333,40,1981091612,"","","","",3.,1,300,1,"","","","","","","","","","","","","","","","","","","","","","","","","","","","",17.8,1,10.1,1,"","","","","","","","","","","","","","","","","","","","","","","","","","",62,1,"","","","","","","","","","","","",12.6,1,1021.8,1,"","","","","","",8,1,8,1,8,1,"","","","","","","","","","","","","","","","","","","","","","","","","","","","",50000,1,"","",2,1,2,1,"","","","","","","","","","",2,1,"","","","","","","","","","","","","","","","","","","","","","","","","","","","","","","","","","","","","","","","","","","","","","","","","","","","","",""
"35049001","CANCALE",48.711667,-1.843333,40,1981091615,"","","","",2.,1,300,1,"","","","","","","","","","","","","","","","","","","","","","","","","","","","",18.5,1,11.9,1,"","","","","","","","","","","","","","","","","","","","","","","","","","",67,1,"","","","","","","","","","","","",14.3,1,1021.4,1,"","","","","","",7,1,7,1,8,1,"","","","","","","","","","","","","","","","","","","","","","","","","","","","",50000,1,"","",2,1,2,1,"","","","","","","","","","",2,1,"","","","","","","","","","","","","","","","","","","","","","","","","","","","","","","","","","","","","","","","","","","","","","","","","","","","","",""
"35049001","CANCALE",48.711667,-1.843333,40,1981091618,"","","","",3.,1,100,1,"","","","","","","","","","","","","","","","","","","","","","","","","","","","",16.5,1,11.2,1,"","","","","","","","","","","","","","","","","","","","","","","","","","",73,1,"","","","","","","","","","","","",13.6,1,1021.,1,"","","","","","",6,1,0,1,0,1,5,1,2,1,"","","","","","","","","","","","","","","","","","","","","","","","",35000,1,"","",3,1,1,1,"","","","","","","","","","",2,1,"","","","","","","","","","","","","","","","","","","","","","","","","","","","","","","","","","","","","","","","","","","","","","","","","","","","","",""
"35049001","CANCALE",48.711667,-1.843333,40,1981091621,"","","","",5.,1,180,1,"","","","","","","","","","","","","","","","","","","","","","","","","","","","",16.,1,11.4,1,"","","","","","","","","","","","","","","","","","","","","","","","","","",76,1,"","","","","","","","","","","","",13.8,1,1021.,1,"","","","","","",7,1,7,1,0,1,7,1,"","","","","","","","","","","","","","","","","","","","","","","","","","",35000,1,"","",0,1,"","","","","","","","","","","","",2,1,"","","","","","","","","","","","","","","","","","","","","","","","","","","","","","","","","","","","","","","","","","","","","","","","","","","","","",""
"35049001","CANCALE",48.711667,-1.843333,40,1981091700,"","","","",6.,1,220,1,"","","","","","","","","","","","","","","","","","","","","","","","","","","","",15.1,1,12.,1,"","","","","","","","","","","","","","","","","","","","","","","","","","",84,1,"","","","","","","","","","","","",14.4,1,1020.3,1,"","","","","","",7,1,7,1,0,1,7,1,"","","","","","","","","","","","","","","","","","","","","","","","","","",35000,1,"","",0,1,"","","","","","","","","","","","",2,1,"","","","","","","","","","","","","","","","","","","","","","","","","","","","","","","","","","","","","","","","","","","","","","","","","","","","","",""
"35049001","CANCALE",48.711667,-1.843333,40,1981091703,"","","","",5.,1,220,1,"","","","","","","","","","","","","","","","","","","","","","","","","","","","",15.,1,12.1,1,"","","","","","","","","","","","","","","","","","","","","","","","","","",85,1,"","","","","","","","","","","","",14.5,1,1019.6,1,"","","","","","",7,1,7,1,0,1,7,1,"","","","","","","","","","","","","","","","","","","","","","","","","","",35000,1,"","",0,1,"","","","","","","","","","","","",2,1,"","","","","","","","","","","","","","","","","","","","","","","","","","","","","","","","","","","","","","","","","","","","","","","","","","","","","",""
"35049001","CANCALE",48.711667,-1.843333,40,1981091706,"","","","",6.,1,200,1,"","","","","","","","","","","","","","","","","","","","","","","","","","","","",14.8,1,13.,1,"","","","","","","","","","","","","","","","","","","","","","","","","","",92,1,"","","","","","","","","","","","",15.4,1,1019.,1,"","","","","","",8,1,8,1,5,1,"","","","","","","","","","","","","","","","","","","","","","","","","","","","",16000,1,"","",0,1,"","","","",0,1,"","","","","","",3,1,"","","","","","","","","","","","","","","","","","","","","","","","","","","","","","","","","","","","","","","","","","","","","","","","","","","","","",""
"35049001","CANCALE",48.711667,-1.843333,40,1981091709,"","","","",6.,1,200,1,"","","","","","","","","","","","","","","","","","","","","","","","","","","","",17.8,1,14.2,1,"","","","","","","","","","","","","","","","","","","","","","","","","","",82,1,"","","","","","","","","","","","",16.7,1,1018.7,1,"","","","","","",6,1,6,1,5,1,8,1,0,1,"","","","","","","","","","","","","","","","","","","","","","","","",16000,1,"","",1,1,2,1,"","","","","","","","","","",3,1,"","","","","","","","","","","","","","","","","","","","","","","","","","","","","","","","","","","","","","","","","","","","","","","","","","","","","",""
"35049001","CANCALE",48.711667,-1.843333,40,1981091712,"","","","",6.,1,180,1,"","","","","","","","","","","","","","","","","","","","","","","","","","","","",21.7,1,15.1,1,"","","","","","","","","","","","","","","","","","","","","","","","","","",68,1,"","","","","","","","","","","","",17.7,1,1017.3,1,"","","","","","",4,1,0,1,1,1,4,1,2,1,"","","","","","","","","","","","","","","","","","","","","","","","",35000,1,"","",2,1,1,1,"","","","","","","","","","",3,1,"","","","","","","","","","","","","","","","","","","","","","","","","","","","","","","","","","","","","","","","","","","","","","","","","","","","","",""
"35049001","CANCALE",48.711667,-1.843333,40,1981091715,"","","","",5.,1,180,1,"","","","","","","","","","","","","","","","","","","","","","","","","","","","",22.,1,15.3,1,"","","","","","","","","","","","","","","","","","","","","","","","","","",68,1,"","","","","","","","","","","","",17.9,1,1014.9,1,"","","","","","",5,1,5,1,0,1,4,1,0,1,"","","","","","","","","","","","","","","","","","","","","","","","",35000,1,"","",2,1,1,1,"","","","","","","","","","",3,1,"","","","","","","","","","","","","","","","","","","","","","","","","","","","","","","","","","","","","","","","","","","","","","","","","","","","","",""
"35049001","CANCALE",48.711667,-1.843333,40,1981091718,"","","","",5.,1,180,1,"","","","","","","","","","","","","","","","","","","","","","","","","","","","",21.2,1,13.6,1,"","","","","","","","","","","","","","","","","","","","","","","","","","",64,1,"","","","","","","","","","","","",16.,1,1013.,1,"","","","","","",4,1,0,1,0,1,4,1,2,1,"","","","","","","","","","","","","","","","","","","","","","","","",28000,1,"","",2,1,1,1,"","","","","","","","","","",3,1,"","","","","","","","","","","","","","","","","","","","","","","","","","","","","","","","","","","","","","","","","","","","","","","","","","","","","",""
"35049001","CANCALE",48.711667,-1.843333,40,1981091721,"","","","",4.,1,220,1,"","","","","","","","","","","","","","","","","","","","","","","","","","","","",17.8,1,13.6,1,"","","","","","","","","","","","","","","","","","","","","","","","","","",79,1,"","","","","","","","","","","","",16.,1,1011.8,1,"","","","","","",2,1,0,1,0,1,4,1,0,1,"","","","","","","","","","","","","","","","","","","","","","","","",25000,1,"","",0,1,"","","","","","","","","","","","",2,1,"","","","","","","","","","","","","","","","","","","","","","","","","","","","","","","","","","","","","","","","","","","","","","","","","","","","","",""
"35049001","CANCALE",48.711667,-1.843333,40,1981091800,"","","","",5.,1,200,1,"","","","","","","","","","","","","","","","","","","","","","","","","","","","",15.,1,13.,1,"","","","","","","","","","","","","","","","","","","","","","","","","","",90,1,"","","","","","","","","","","","",15.4,1,1009.4,1,"","","","","","",2,1,0,1,0,1,0,1,2,1,"","","","","","","","","","","","","","","","","","","","","","","","",30000,1,"","",0,1,"","","","","","","","","","","","",3,1,"","","","","","","","","","","","","","","","","","","","","","","","","","","","","","","","","","","","","","","","","","","","","","","","","","","","","",""
"35049001","CANCALE",48.711667,-1.843333,40,1981091803,"","","","",6.,1,180,1,"","","","","","","","","","","","","","","","","","","","","","","","","","","","",15.4,1,13.6,1,"","","","","","","","","","","","","","","","","","","","","","","","","","",91,1,"","","","","","","","","","","","",16.,1,1006.6,1,"","","","","","",8,1,8,1,8,1,"","","","","","","","","","","","","","","","","","","","","","","","","","","","",25000,1,"","",0,1,"","","","","","","","","","","","",3,1,"","","","","","","","","","","","","","","","","","","","","","","","","","","","","","","","","","","","","","","","","","","","","","","","","","","","","",""
"35049001","CANCALE",48.711667,-1.843333,40,1981091806,"","","","",7.,1,200,1,"","","","","","","","","","","","","","","","","","","","","","","","","","","","",17.,1,15.2,1,"","","","","","","","","","","","","","","","","","","","","","","","","","",91,1,"","","","","","","","","","","","",17.8,1,1004.3,1,"","","","","","",8,1,8,1,8,1,"","","","","","","","","","","","","","","","","","","","","","","","","","","","",12000,1,"","",61,1,"","","","",1,1,"","","","","","",3,1,"","","","","","","","","","","","","","","","","","","","","","","","","","","","","","","","","","","","","","","","","","","","","","","","","","","","","",""
"35049001","CANCALE",48.711667,-1.843333,40,1981091809,"","","","",10.,1,260,1,"","","","","","","","","","","","","","","","","","","","","","","","","","","","",15.4,1,13.2,1,"","","","","","","","","","","","","","","","","","","","","","","","","","",89,1,"","","","","","","","","","","","",15.6,1,1005.,1,"","","","","","",6,1,6,1,5,1,0,1,0,1,"","","","","","","","","","","","","","","","","","","","","","","","",25000,1,"","",21,1,6,1,"","","","","","","","","","",3,1,"","","","","","","","","","","","","","","","","","","","","","","","","","","","","","","","","","","","","","","","","","","","","","","","","","","","","",""
"35049001","CANCALE",48.711667,-1.843333,40,1981091812,"","","","",8.,1,280,1,"","","","","","","","","","","","","","","","","","","","","","","","","","","","",18.4,1,12.7,1,"","","","","","","","","","","","","","","","","","","","","","","","","","",72,1,"","","","","","","","","","","","",15.1,1,1006.5,1,"","","","","","",4,1,0,1,9,1,0,1,0,1,"","","","","","","","","","","","","","","","","","","","","","","","",30000,1,"","",2,1,6,1,"","","","","","","","","","",3,1,"","","","","","","","","","","","","","","","","","","","","","","","","","","","","","","","","","","","","","","","","","","","","","","","","","","","","",""
"35049001","CANCALE",48.711667,-1.843333,40,1981091815,"","","","",11.,1,300,1,"","","","","","","","","","","","","","","","","","","","","","","","","","","","",17.4,1,12.,1,"","","","","","","","","","","","","","","","","","","","","","","","","","",72,1,"","","","","","","","","","","","",14.4,1,1006.9,1,"","","","","","",4,1,0,1,3,1,0,1,2,1,"","","","","","","","","","","","","","","","","","","","","","","","",35000,1,"","",2,1,8,1,"","","","","","","","","","",3,1,"","","","","","","","","","","","","","","","","","","","","","","","","","","","","","","","","","","","","","","","","","","","","","","","","","","","","",""
"35049001","CANCALE",48.711667,-1.843333,40,1981091818,"","","","",5.,1,300,1,"","","","","","","","","","","","","","","","","","","","","","","","","","","","",16.6,1,12.3,1,"","","","","","","","","","","","","","","","","","","","","","","","","","",78,1,"","","","","","","","","","","","",14.7,1,1008.3,1,"","","","","","",4,1,0,1,3,1,0,1,0,1,"","","","","","","","","","","","","","","","","","","","","","","","",35000,1,"","",2,1,8,1,"","","","","","","","","","",3,1,"","","","","","","","","","","","","","","","","","","","","","","","","","","","","","","","","","","","","","","","","","","","","","","","","","","","","",""
"35049001","CANCALE",48.711667,-1.843333,40,1981091821,"","","","",5.,1,220,1,"","","","","","","","","","","","","","","","","","","","","","","","","","","","",15.,1,9.3,1,"","","","","","","","","","","","","","","","","","","","","","","","","","",71,1,"","","","","","","","","","","","",12.,1,1009.4,1,"","","","","","",5,1,5,1,3,1,0,1,0,1,"","","","","","","","","","","","","","","","","","","","","","","","",25000,1,"","",0,1,"","","","","","","","","","","","",3,1,"","","","","","","","","","","","","","","","","","","","","","","","","","","","","","","","","","","","","","","","","","","","","","","","","","","","","",""
"35049001","CANCALE",48.711667,-1.843333,40,1981091900,"","","","",5.,1,200,1,"","","","","","","","","","","","","","","","","","","","","","","","","","","","",13.2,1,10.6,1,"","","","","","","","","","","","","","","","","","","","","","","","","","",87,1,"","","","","","","","","","","","",13.1,1,1009.1,1,"","","","","","",4,1,0,1,5,1,0,1,2,1,"","","","","","","","","","","","","","","","","","","","","","","","",30000,1,"","",0,1,"","","","","","","","","","","","",3,1,"","","","","","","","","","","","","","","","","","","","","","","","","","","","","","","","","","","","","","","","","","","","","","","","","","","","","",""
"35049001","CANCALE",48.711667,-1.843333,40,1981091903,"","","","",5.,1,180,1,"","","","","","","","","","","","","","","","","","","","","","","","","","","","",12.8,1,10.9,1,"","","","","","","","","","","","","","","","","","","","","","","","","","",91,1,"","","","","","","","","","","","",13.4,1,1008.7,1,"","","","","","",5,1,5,1,0,1,5,1,0,1,"","","","","","","","","","","","","","","","","","","","","","","","",30000,1,"","",0,1,"","","","","","","","","","","","",3,1,"","","","","","","","","","","","","","","","","","","","","","","","","","","","","","","","","","","","","","","","","","","","","","","","","","","","","",""
"35049001","CANCALE",48.711667,-1.843333,40,1981091906,"","","","",7.,1,200,1,"","","","","","","","","","","","","","","","","","","","","","","","","","","","",13.7,1,11.3,1,"","","","","","","","","","","","","","","","","","","","","","","","","","",88,1,"","","","","","","","","","","","",13.7,1,1008.3,1,"","","","","","",7,1,5,1,1,1,7,1,"","","","","","","","","","","","","","","","","","","","","","","","","","",35000,1,"","",0,1,"","","","",1,1,"","","","","","",3,1,"","","","","","","","","","","","","","","","","","","","","","","","","","","","","","","","","","","","","","","","","","","","","","","","","","","","","",""
"35049001","CANCALE",48.711667,-1.843333,40,1981091909,"","","","",6.,1,200,1,"","","","","","","","","","","","","","","","","","","","","","","","","","","","",16.3,1,12.7,1,"","","","","","","","","","","","","","","","","","","","","","","","","","",81,1,"","","","","","","","","","","","",15.1,1,1007.9,1,"","","","","","",7,1,7,1,1,1,7,1,"","","","","","","","","","","","","","","","","","","","","","","","","","",30000,1,"","",2,1,2,1,"","","","","","","","","","",3,1,"","","","","","","","","","","","","","","","","","","","","","","","","","","","","","","","","","","","","","","","","","","","","","","","","","","","","",""
"35049001","CANCALE",48.711667,-1.843333,40,1981091912,"","","","",6.,1,180,1,"","","","","","","","","","","","","","","","","","","","","","","","","","","","",18.1,1,12.4,1,"","","","","","","","","","","","","","","","","","","","","","","","","","",71,1,"","","","","","","","","","","","",14.8,1,1005.8,1,"","","","","","",8,1,8,1,1,1,7,1,"","","","","","","","","","","","","","","","","","","","","","","","","","",35000,1,"","",2,1,2,1,"","","","","","","","","","",3,1,"","","","","","","","","","","","","","","","","","","","","","","","","","","","","","","","","","","","","","","","","","","","","","","","","","","","","",""
"35049001","CANCALE",48.711667,-1.843333,40,1981091915,"","","","",12.,1,180,1,"","","","","","","","","","","","","","","","","","","","","","","","","","","","",18.3,1,12.8,1,"","","","","","","","","","","","","","","","","","","","","","","","","","",72,1,"","","","","","","","","","","","",15.2,1,1001.5,1,"","","","","","",8,1,8,1,7,1,"","","","","","","","","","","","","","","","","","","","","","","","","","","","",10000,1,"","",62,1,6,1,"","","","","","","","","","",4,1,"","","","","","","","","","","","","","","","","","","","","","","","","","","","","","","","","","","","","","","","","","","","","","","","","","","","","",""
"35049001","CANCALE",48.711667,-1.843333,40,1981091918,"","","","",9.,1,200,1,"","","","","","","","","","","","","","","","","","","","","","","","","","","","",17.9,1,15.9,1,"","","","","","","","","","","","","","","","","","","","","","","","","","",91,1,"","","","","","","","","","","","",18.7,1,998.7,1,"","","","","","",8,1,5,1,7,1,2,1,"","","","","","","","","","","","","","","","","","","","","","","","","","",18000,1,"","",21,1,6,1,"","","","","","","","","","",4,1,"","","","","","","","","","","","","","","","","","","","","","","","","","","","","","","","","","","","","","","","","","","","","","","","","","","","","",""
"35049001","CANCALE",48.711667,-1.843333,40,1981091921,"","","","",11.,1,220,1,"","","","","","","","","","","","","","","","","","","","","","","","","","","","",19.2,1,16.1,1,"","","","","","","","","","","","","","","","","","","","","","","","","","",85,1,"","","","","","","","","","","","",18.9,1,996.9,1,"","","","","","",8,1,8,1,5,1,"","","","","","","","","","","","","","","","","","","","","","","","","","","","",20000,1,"","",0,1,"","","","","","","","","","","","",4,1,"","","","","","","","","","","","","","","","","","","","","","","","","","","","","","","","","","","","","","","","","","","","","","","","","","","","","",""
"35049001","CANCALE",48.711667,-1.843333,40,1981092000,"","","","",13.,1,240,1,"","","","","","","","","","","","","","","","","","","","","","","","","","","","",19.7,1,15.4,1,"","","","","","","","","","","","","","","","","","","","","","","","","","",79,1,"","","","","","","","","","","","",18.1,1,994.9,1,"","","","","","",8,1,8,1,5,1,"","","","","","","","","","","","","","","","","","","","","","","","","","","","",20000,1,"","",0,1,"","","","","","","","","","","","",4,1,"","","","","","","","","","","","","","","","","","","","","","","","","","","","","","","","","","","","","","","","","","","","","","","","","","","","","",""
"35049001","CANCALE",48.711667,-1.843333,40,1981092003,"","","","",11.,1,280,1,"","","","","","","","","","","","","","","","","","","","","","","","","","","","",16.6,1,15.6,1,"","","","","","","","","","","","","","","","","","","","","","","","","","",97,1,"","","","","","","","","","","","",18.3,1,995.6,1,"","","","","","",8,1,8,1,5,1,"","","","","","","","","","","","","","","","","","","","","","","","","","","","",10000,1,"","",63,1,"","","","","","","","","","","","",4,1,"","","","","","","","","","","","","","","","","","","","","","","","","","","","","","","","","","","","","","","","","","","","","","","","","","","","","",""
"35049001","CANCALE",48.711667,-1.843333,40,1981092006,"","","","",6.,1,260,1,"","","","","","","","","","","","","","","","","","","","","","","","","","","","",15.,1,13.3,1,"","","","","","","","","","","","","","","","","","","","","","","","","","",93,1,"","","","","","","","","","","","",15.7,1,998.3,1,"","","","","","",8,1,8,1,5,1,"","","","","","","","","","","","","","","","","","","","","","","","","","","","",10000,1,"","",63,1,"","","","",2,1,"","","","","","",4,1,"","","","","","","","","","","","","","","","","","","","","","","","","","","","","","","","","","","","","","","","","","","","","","","","","","","","","",""
"35049001","CANCALE",48.711667,-1.843333,40,1981092009,"","","","",5.,1,200,1,"","","","","","","","","","","","","","","","","","","","","","","","","","","","",14.6,1,13.5,1,"","","","","","","","","","","","","","","","","","","","","","","","","","",96,1,"","","","","","","","","","","","",15.9,1,999.5,1,"","","","","","",8,1,8,1,5,1,"","","","","","","","","","","","","","","","","","","","","","","","","","","","",16000,1,"","",63,1,6,1,"","","","","","","","","","",3,1,"","","","","","","","","","","","","","","","","","","","","","","","","","","","","","","","","","","","","","","","","","","","","","","","","","","","","",""
"35049001","CANCALE",48.711667,-1.843333,40,1981092012,"","","","",4.,1,220,1,"","","","","","","","","","","","","","","","","","","","","","","","","","","","",15.3,1,14.1,1,"","","","","","","","","","","","","","","","","","","","","","","","","","",96,1,"","","","","","","","","","","","",16.6,1,999.9,1,"","","","","","",8,1,8,1,5,1,"","","","","","","","","","","","","","","","","","","","","","","","","","","","",12000,1,"","",63,1,6,1,"","","","","","","","","","",3,1,"","","","","","","","","","","","","","","","","","","","","","","","","","","","","","","","","","","","","","","","","","","","","","","","","","","","","",""
"35049001","CANCALE",48.711667,-1.843333,40,1981092015,"","","","",2.,1,180,1,"","","","","","","","","","","","","","","","","","","","","","","","","","","","",13.6,1,12.5,1,"","","","","","","","","","","","","","","","","","","","","","","","","","",96,1,"","","","","","","","","","","","",14.9,1,999.8,1,"","","","","","",8,1,8,1,5,1,"","","","","","","","","","","","","","","","","","","","","","","","","","","","",8000,1,"","",63,1,6,1,"","","","","","","","","","",2,1,"","","","","","","","","","","","","","","","","","","","","","","","","","","","","","","","","","","","","","","","","","","","","","","","","","","","","",""
"35049001","CANCALE",48.711667,-1.843333,40,1981092018,"","","","",2.,1,120,1,"","","","","","","","","","","","","","","","","","","","","","","","","","","","",13.,1,12.2,1,"","","","","","","","","","","","","","","","","","","","","","","","","","",97,1,"","","","","","","","","","","","",14.6,1,1000.,1,"","","","","","",8,1,8,1,5,1,2,1,"","","","","","","","","","","","","","","","","","","","","","","","","","",15000,1,"","",63,1,6,1,"","","","","","","","","","",2,1,"","","","","","","","","","","","","","","","","","","","","","","","","","","","","","","","","","","","","","","","","","","","","","","","","","","","","",""
"35049001","CANCALE",48.711667,-1.843333,40,1981092021,"","","","",2.,1,200,1,"","","","","","","","","","","","","","","","","","","","","","","","","","","","",13.,1,12.2,1,"","","","","","","","","","","","","","","","","","","","","","","","","","",97,1,"","","","","","","","","","","","",14.6,1,1001.5,1,"","","","","","",8,1,8,1,5,1,"","","","","","","","","","","","","","","","","","","","","","","","","","","","",18000,1,"","",63,1,"","","","","","","","","","","","",2,1,"","","","","","","","","","","","","","","","","","","","","","","","","","","","","","","","","","","","","","","","","","","","","","","","","","","","","",""
"35049001","CANCALE",48.711667,-1.843333,40,1981092100,"","","","",4.,1,220,1,"","","","","","","","","","","","","","","","","","","","","","","","","","","","",12.8,1,11.5,1,"","","","","","","","","","","","","","","","","","","","","","","","","","",94,1,"","","","","","","","","","","","",13.9,1,1002.,1,"","","","","","",8,1,8,1,0,1,7,1,"","","","","","","","","","","","","","","","","","","","","","","","","","",30000,1,"","",0,1,"","","","","","","","","","","","",3,1,"","","","","","","","","","","","","","","","","","","","","","","","","","","","","","","","","","","","","","","","","","","","","","","","","","","","","",""
"35049001","CANCALE",48.711667,-1.843333,40,1981092103,"","","","",5.,1,260,1,"","","","","","","","","","","","","","","","","","","","","","","","","","","","",12.8,1,11.3,1,"","","","","","","","","","","","","","","","","","","","","","","","","","",93,1,"","","","","","","","","","","","",13.7,1,1003.4,1,"","","","","","",7,1,7,1,0,1,3,1,"","","","","","","","","","","","","","","","","","","","","","","","","","",28000,1,"","",0,1,"","","","","","","","","","","","",3,1,"","","","","","","","","","","","","","","","","","","","","","","","","","","","","","","","","","","","","","","","","","","","","","","","","","","","","",""
"35049001","CANCALE",48.711667,-1.843333,40,1981092106,"","","","",9.,1,280,1,"","","","","","","","","","","","","","","","","","","","","","","","","","","","",12.4,1,10.5,1,"","","","","","","","","","","","","","","","","","","","","","","","","","",91,1,"","","","","","","","","","","","",13.,1,1005.,1,"","","","","","",3,1,0,1,3,1,4,1,0,1,"","","","","","","","","","","","","","","","","","","","","","","","",30000,1,"","",0,1,"","","","",1,1,"","","","","","",3,1,"","","","","","","","","","","","","","","","","","","","","","","","","","","","","","","","","","","","","","","","","","","","","","","","","","","","","",""
"35049001","CANCALE",48.711667,-1.843333,40,1981092109,"","","","",4.,1,240,1,"","","","","","","","","","","","","","","","","","","","","","","","","","","","",15.6,1,12.3,1,"","","","","","","","","","","","","","","","","","","","","","","","","","",83,1,"","","","","","","","","","","","",14.7,1,1007.5,1,"","","","","","",2,1,0,1,2,1,0,1,2,1,"","","","","","","","","","","","","","","","","","","","","","","","",35000,1,"","",2,1,0,1,"","","","","","","","","","",3,1,"","","","","","","","","","","","","","","","","","","","","","","","","","","","","","","","","","","","","","","","","","","","","","","","","","","","","",""
"35049001","CANCALE",48.711667,-1.843333,40,1981092112,"","","","",4.,1,240,1,"","","","","","","","","","","","","","","","","","","","","","","","","","","","",18.,1,11.2,1,"","","","","","","","","","","","","","","","","","","","","","","","","","",66,1,"","","","","","","","","","","","",13.6,1,1008.4,1,"","","","","","",6,1,6,1,8,1,0,1,0,1,"","","","","","","","","","","","","","","","","","","","","","","","",30000,1,"","",3,1,1,1,"","","","","","","","","","",2,1,"","","","","","","","","","","","","","","","","","","","","","","","","","","","","","","","","","","","","","","","","","","","","","","","","","","","","",""
"35049001","CANCALE",48.711667,-1.843333,40,1981092115,"","","","",5.,1,220,1,"","","","","","","","","","","","","","","","","","","","","","","","","","","","",18.4,1,12.7,1,"","","","","","","","","","","","","","","","","","","","","","","","","","",72,1,"","","","","","","","","","","","",15.1,1,1008.6,1,"","","","","","",6,1,5,1,3,1,2,1,2,1,"","","","","","","","","","","","","","","","","","","","","","","","",30000,1,"","",2,1,2,1,"","","","","","","","","","",3,1,"","","","","","","","","","","","","","","","","","","","","","","","","","","","","","","","","","","","","","","","","","","","","","","","","","","","","",""
"35049001","CANCALE",48.711667,-1.843333,40,1981092118,"","","","",5.,1,180,1,"","","","","","","","","","","","","","","","","","","","","","","","","","","","",17.,1,11.9,1,"","","","","","","","","","","","","","","","","","","","","","","","","","",74,1,"","","","","","","","","","","","",14.3,1,1008.6,1,"","","","","","",6,1,5,1,2,1,2,1,2,1,"","","","","","","","","","","","","","","","","","","","","","","","",30000,1,"","",2,1,2,1,"","","","","","","","","","",3,1,"","","","","","","","","","","","","","","","","","","","","","","","","","","","","","","","","","","","","","","","","","","","","","","","","","","","","",""
"35049001","CANCALE",48.711667,-1.843333,40,1981092121,"","","","",4.,1,200,1,"","","","","","","","","","","","","","","","","","","","","","","","","","","","",15.4,1,11.7,1,"","","","","","","","","","","","","","","","","","","","","","","","","","",81,1,"","","","","","","","","","","","",14.1,1,1009.1,1,"","","","","","",6,1,6,1,0,1,7,1,0,1,"","","","","","","","","","","","","","","","","","","","","","","","",30000,1,"","",0,1,"","","","","","","","","","","","",2,1,"","","","","","","","","","","","","","","","","","","","","","","","","","","","","","","","","","","","","","","","","","","","","","","","","","","","","",""
"35049001","CANCALE",48.711667,-1.843333,40,1981092200,"","","","",4.,1,220,1,"","","","","","","","","","","","","","","","","","","","","","","","","","","","",14.4,1,13.6,1,"","","","","","","","","","","","","","","","","","","","","","","","","","",97,1,"","","","","","","","","","","","",16.,1,1008.7,1,"","","","","","",8,1,5,1,5,1,2,1,"","","","","","","","","","","","","","","","","","","","","","","","","","",30000,1,"","",0,1,"","","","","","","","","","","","",3,1,"","","","","","","","","","","","","","","","","","","","","","","","","","","","","","","","","","","","","","","","","","","","","","","","","","","","","",""
"35049001","CANCALE",48.711667,-1.843333,40,1981092203,"","","","",6.,1,220,1,"","","","","","","","","","","","","","","","","","","","","","","","","","","","",13.2,1,10.9,1,"","","","","","","","","","","","","","","","","","","","","","","","","","",88,1,"","","","","","","","","","","","",13.4,1,1008.2,1,"","","","","","",5,1,5,1,8,1,0,1,0,1,"","","","","","","","","","","","","","","","","","","","","","","","",30000,1,"","",0,1,"","","","","","","","","","","","",3,1,"","","","","","","","","","","","","","","","","","","","","","","","","","","","","","","","","","","","","","","","","","","","","","","","","","","","","",""
"35049001","CANCALE",48.711667,-1.843333,40,1981092206,"","","","",5.,1,200,1,"","","","","","","","","","","","","","","","","","","","","","","","","","","","",12.5,1,10.8,1,"","","","","","","","","","","","","","","","","","","","","","","","","","",92,1,"","","","","","","","","","","","",13.3,1,1008.8,1,"","","","","","",8,1,7,1,2,1,7,1,"","","","","","","","","","","","","","","","","","","","","","","","","","",40000,1,"","",0,1,"","","","",1,1,"","","","","","",2,1,"","","","","","","","","","","","","","","","","","","","","","","","","","","","","","","","","","","","","","","","","","","","","","","","","","","","","",""
"35049001","CANCALE",48.711667,-1.843333,40,1981092209,"","","","",3.,1,200,1,"","","","","","","","","","","","","","","","","","","","","","","","","","","","",14.6,1,12.6,1,"","","","","","","","","","","","","","","","","","","","","","","","","","",90,1,"","","","","","","","","","","","",15.,1,1010.2,1,"","","","","","",5,1,0,1,3,1,7,1,1,1,"","","","","","","","","","","","","","","","","","","","","","","","",30000,1,"","",1,1,2,1,"","","","","","","","","","",2,1,"","","","","","","","","","","","","","","","","","","","","","","","","","","","","","","","","","","","","","","","","","","","","","","","","","","","","",""
"35049001","CANCALE",48.711667,-1.843333,40,1981092212,"","","","",5.,1,280,1,"","","","","","","","","","","","","","","","","","","","","","","","","","","","",16.8,1,12.3,1,"","","","","","","","","","","","","","","","","","","","","","","","","","",77,1,"","","","","","","","","","","","",14.7,1,1010.6,1,"","","","","","",5,1,5,1,9,1,0,1,0,1,"","","","","","","","","","","","","","","","","","","","","","","","",28000,1,"","",3,1,1,1,"","","","","","","","","","",3,1,"","","","","","","","","","","","","","","","","","","","","","","","","","","","","","","","","","","","","","","","","","","","","","","","","","","","","",""
"35049001","CANCALE",48.711667,-1.843333,40,1981092215,"","","","",8.,1,300,1,"","","","","","","","","","","","","","","","","","","","","","","","","","","","",16.5,1,11.8,1,"","","","","","","","","","","","","","","","","","","","","","","","","","",76,1,"","","","","","","","","","","","",14.2,1,1010.3,1,"","","","","","",6,1,0,1,9,1,6,1,1,1,"","","","","","","","","","","","","","","","","","","","","","","","",50000,1,"","",3,1,9,1,"","","","","","","","","","",3,1,"","","","","","","","","","","","","","","","","","","","","","","","","","","","","","","","","","","","","","","","","","","","","","","","","","","","","",""
"35049001","CANCALE",48.711667,-1.843333,40,1981092218,"","","","",10.,1,300,1,"","","","","","","","","","","","","","","","","","","","","","","","","","","","",15.6,1,11.4,1,"","","","","","","","","","","","","","","","","","","","","","","","","","",78,1,"","","","","","","","","","","","",13.8,1,1012.7,1,"","","","","","",5,1,0,1,2,1,6,1,0,1,"","","","","","","","","","","","","","","","","","","","","","","","",50000,1,"","",2,1,9,1,"","","","","","","","","","",3,1,"","","","","","","","","","","","","","","","","","","","","","","","","","","","","","","","","","","","","","","","","","","","","","","","","","","","","",""
"35049001","CANCALE",48.711667,-1.843333,40,1981092221,"","","","",8.,1,280,1,"","","","","","","","","","","","","","","","","","","","","","","","","","","","",14.7,1,10.2,1,"","","","","","","","","","","","","","","","","","","","","","","","","","",77,1,"","","","","","","","","","","","",12.7,1,1014.6,1,"","","","","","",3,1,0,1,2,1,0,1,0,1,"","","","","","","","","","","","","","","","","","","","","","","","",50000,1,"","",0,1,"","","","","","","","","","","","",3,1,"","","","","","","","","","","","","","","","","","","","","","","","","","","","","","","","","","","","","","","","","","","","","","","","","","","","","",""
"35049001","CANCALE",48.711667,-1.843333,40,1981092300,"","","","",6.,1,260,1,"","","","","","","","","","","","","","","","","","","","","","","","","","","","",13.9,1,11.7,1,"","","","","","","","","","","","","","","","","","","","","","","","","","",89,1,"","","","","","","","","","","","",14.1,1,1016.,1,"","","","","","",5,1,0,1,2,1,4,1,0,1,"","","","","","","","","","","","","","","","","","","","","","","","",45000,1,"","",0,1,"","","","","","","","","","","","",3,1,"","","","","","","","","","","","","","","","","","","","","","","","","","","","","","","","","","","","","","","","","","","","","","","","","","","","","",""
"35049001","CANCALE",48.711667,-1.843333,40,1981092303,"","","","",8.,1,300,1,"","","","","","","","","","","","","","","","","","","","","","","","","","","","",15.,1,10.5,1,"","","","","","","","","","","","","","","","","","","","","","","","","","",77,1,"","","","","","","","","","","","",13.,1,1017.4,1,"","","","","","",5,1,5,1,2,1,0,1,0,1,"","","","","","","","","","","","","","","","","","","","","","","","",40000,1,"","",0,1,"","","","","","","","","","","","",3,1,"","","","","","","","","","","","","","","","","","","","","","","","","","","","","","","","","","","","","","","","","","","","","","","","","","","","","",""
"35049001","CANCALE",48.711667,-1.843333,40,1981092306,"","","","",7.,1,260,1,"","","","","","","","","","","","","","","","","","","","","","","","","","","","",12.7,1,11.2,1,"","","","","","","","","","","","","","","","","","","","","","","","","","",93,1,"","","","","","","","","","","","",13.6,1,1018.8,1,"","","","","","",5,1,5,1,3,1,0,1,0,1,"","","","","","","","","","","","","","","","","","","","","","","","",20000,1,"","",0,1,"","","","",0,1,"","","","","","",3,1,"","","","","","","","","","","","","","","","","","","","","","","","","","","","","","","","","","","","","","","","","","","","","","","","","","","","","",""
"35049001","CANCALE",48.711667,-1.843333,40,1981092309,"","","","",8.,1,280,1,"","","","","","","","","","","","","","","","","","","","","","","","","","","","",14.6,1,12.,1,"","","","","","","","","","","","","","","","","","","","","","","","","","",87,1,"","","","","","","","","","","","",14.4,1,1020.4,1,"","","","","","",3,1,0,1,2,1,0,1,0,1,"","","","","","","","","","","","","","","","","","","","","","","","",26000,1,"","",1,1,1,1,"","","","","","","","","","",3,1,"","","","","","","","","","","","","","","","","","","","","","","","","","","","","","","","","","","","","","","","","","","","","","","","","","","","","",""
"35049001","CANCALE",48.711667,-1.843333,40,1981092312,"","","","",6.,1,280,1,"","","","","","","","","","","","","","","","","","","","","","","","","","","","",16.4,1,11.1,1,"","","","","","","","","","","","","","","","","","","","","","","","","","",73,1,"","","","","","","","","","","","",13.5,1,1020.4,1,"","","","","","",3,1,0,1,2,1,0,1,1,1,"","","","","","","","","","","","","","","","","","","","","","","","",35000,1,"","",2,1,1,1,"","","","","","","","","","",3,1,"","","","","","","","","","","","","","","","","","","","","","","","","","","","","","","","","","","","","","","","","","","","","","","","","","","","","",""
"35049001","CANCALE",48.711667,-1.843333,40,1981092315,"","","","",2.,1,300,1,"","","","","","","","","","","","","","","","","","","","","","","","","","","","",17.4,1,10.1,1,"","","","","","","","","","","","","","","","","","","","","","","","","","",63,1,"","","","","","","","","","","","",12.6,1,1019.8,1,"","","","","","",4,1,0,1,2,1,6,1,1,1,"","","","","","","","","","","","","","","","","","","","","","","","",40000,1,"","",2,1,0,1,"","","","","","","","","","",2,1,"","","","","","","","","","","","","","","","","","","","","","","","","","","","","","","","","","","","","","","","","","","","","","","","","","","","","",""
"35049001","CANCALE",48.711667,-1.843333,40,1981092318,"","","","",3.,1,200,1,"","","","","","","","","","","","","","","","","","","","","","","","","","","","",16.3,1,9.8,1,"","","","","","","","","","","","","","","","","","","","","","","","","","",67,1,"","","","","","","","","","","","",12.4,1,1018.6,1,"","","","","","",3,1,0,1,2,1,0,1,1,1,"","","","","","","","","","","","","","","","","","","","","","","","",26000,1,"","",2,1,0,1,"","","","","","","","","","",2,1,"","","","","","","","","","","","","","","","","","","","","","","","","","","","","","","","","","","","","","","","","","","","","","","","","","","","","",""
"35049001","CANCALE",48.711667,-1.843333,40,1981092321,"","","","",6.,1,220,1,"","","","","","","","","","","","","","","","","","","","","","","","","","","","",13.7,1,9.9,1,"","","","","","","","","","","","","","","","","","","","","","","","","","",80,1,"","","","","","","","","","","","",12.5,1,1018.4,1,"","","","","","",0,1,"","",0,1,0,1,0,1,"","","","","","","","","","","","","","","","","","","","","","","","",30000,1,"","",0,1,"","","","","","","","","","","","",3,1,"","","","","","","","","","","","","","","","","","","","","","","","","","","","","","","","","","","","","","","","","","","","","","","","","","","","","",""
"35049001","CANCALE",48.711667,-1.843333,40,1981092400,"","","","",6.,1,200,1,"","","","","","","","","","","","","","","","","","","","","","","","","","","","",12.,1,9.7,1,"","","","","","","","","","","","","","","","","","","","","","","","","","",88,1,"","","","","","","","","","","","",12.3,1,1016.6,1,"","","","","","",0,1,"","",0,1,0,1,0,1,"","","","","","","","","","","","","","","","","","","","","","","","",30000,1,"","",0,1,"","","","","","","","","","","","",3,1,"","","","","","","","","","","","","","","","","","","","","","","","","","","","","","","","","","","","","","","","","","","","","","","","","","","","","",""
"35049001","CANCALE",48.711667,-1.843333,40,1981092403,"","","","",6.,1,200,1,"","","","","","","","","","","","","","","","","","","","","","","","","","","","",12.1,1,10.2,1,"","","","","","","","","","","","","","","","","","","","","","","","","","",91,1,"","","","","","","","","","","","",12.7,1,1013.4,1,"","","","","","",1,1,0,1,5,1,0,1,0,1,"","","","","","","","","","","","","","","","","","","","","","","","",30000,1,"","",0,1,"","","","","","","","","","","","",3,1,"","","","","","","","","","","","","","","","","","","","","","","","","","","","","","","","","","","","","","","","","","","","","","","","","","","","","",""
"35049001","CANCALE",48.711667,-1.843333,40,1981092406,"","","","",6.,1,180,1,"","","","","","","","","","","","","","","","","","","","","","","","","","","","",12.7,1,11.1,1,"","","","","","","","","","","","","","","","","","","","","","","","","","",92,1,"","","","","","","","","","","","",13.5,1,1011.1,1,"","","","","","",4,1,0,1,0,1,3,1,0,1,"","","","","","","","","","","","","","","","","","","","","","","","",25000,1,"","",0,1,"","","","",0,1,"","","","","","",3,1,"","","","","","","","","","","","","","","","","","","","","","","","","","","","","","","","","","","","","","","","","","","","","","","","","","","","","",""
"35049001","CANCALE",48.711667,-1.843333,40,1981092409,"","","","",7.,1,180,1,"","","","","","","","","","","","","","","","","","","","","","","","","","","","",13.5,1,12.2,1,"","","","","","","","","","","","","","","","","","","","","","","","","","",94,1,"","","","","","","","","","","","",14.6,1,1009.4,1,"","","","","","",8,1,8,1,7,1,"","","","","","","","","","","","","","","","","","","","","","","","","","","","",12000,1,"","",63,1,6,1,"","","","","","","","","","",3,1,"","","","","","","","","","","","","","","","","","","","","","","","","","","","","","","","","","","","","","","","","","","","","","","","","","","","","",""
"35049001","CANCALE",48.711667,-1.843333,40,1981092412,"","","","",8.,1,180,1,"","","","","","","","","","","","","","","","","","","","","","","","","","","","",15.4,1,13.2,1,"","","","","","","","","","","","","","","","","","","","","","","","","","",89,1,"","","","","","","","","","","","",15.6,1,1008.2,1,"","","","","","",8,1,8,1,8,1,"","","","","","","","","","","","","","","","","","","","","","","","","","","","",23000,1,"","",2,1,6,1,"","","","","","","","","","",3,1,"","","","","","","","","","","","","","","","","","","","","","","","","","","","","","","","","","","","","","","","","","","","","","","","","","","","","",""
"35049001","CANCALE",48.711667,-1.843333,40,1981092415,"","","","",7.,1,180,1,"","","","","","","","","","","","","","","","","","","","","","","","","","","","",17.5,1,14.8,1,"","","","","","","","","","","","","","","","","","","","","","","","","","",87,1,"","","","","","","","","","","","",17.4,1,1005.,1,"","","","","","",6,1,6,1,0,1,7,1,0,1,"","","","","","","","","","","","","","","","","","","","","","","","",30000,1,"","",1,1,8,1,"","","","","","","","","","",3,1,"","","","","","","","","","","","","","","","","","","","","","","","","","","","","","","","","","","","","","","","","","","","","","","","","","","","","",""
"35049001","CANCALE",48.711667,-1.843333,40,1981092418,"","","","",5.,1,180,1,"","","","","","","","","","","","","","","","","","","","","","","","","","","","",16.7,1,14.8,1,"","","","","","","","","","","","","","","","","","","","","","","","","","",91,1,"","","","","","","","","","","","",17.4,1,1002.3,1,"","","","","","",7,1,7,1,0,1,7,1,"","","","","","","","","","","","","","","","","","","","","","","","","","",16000,1,"","",2,1,8,1,"","","","","","","","","","",3,1,"","","","","","","","","","","","","","","","","","","","","","","","","","","","","","","","","","","","","","","","","","","","","","","","","","","","","",""
"35049001","CANCALE",48.711667,-1.843333,40,1981092421,"","","","",5.,1,200,1,"","","","","","","","","","","","","","","","","","","","","","","","","","","","",15.2,1,13.6,1,"","","","","","","","","","","","","","","","","","","","","","","","","","",93,1,"","","","","","","","","","","","",16.,1,1001.9,1,"","","","","","",8,1,8,1,7,1,"","","","","","","","","","","","","","","","","","","","","","","","","","","","",7000,1,"","",63,1,"","","","","","","","","","","","",3,1,"","","","","","","","","","","","","","","","","","","","","","","","","","","","","","","","","","","","","","","","","","","","","","","","","","","","","",""
"35049001","CANCALE",48.711667,-1.843333,40,1981092500,"","","","",7.,1,220,1,"","","","","","","","","","","","","","","","","","","","","","","","","","","","",14.,1,12.5,1,"","","","","","","","","","","","","","","","","","","","","","","","","","",93,1,"","","","","","","","","","","","",14.9,1,1001.2,1,"","","","","","",8,1,8,1,5,1,"","","","","","","","","","","","","","","","","","","","","","","","","","","","",25000,1,"","",0,1,"","","","","","","","","","","","",3,1,"","","","","","","","","","","","","","","","","","","","","","","","","","","","","","","","","","","","","","","","","","","","","","","","","","","","","",""
"35049001","CANCALE",48.711667,-1.843333,40,1981092503,"","","","",4.,1,200,1,"","","","","","","","","","","","","","","","","","","","","","","","","","","","",13.,1,11.7,1,"","","","","","","","","","","","","","","","","","","","","","","","","","",95,1,"","","","","","","","","","","","",14.1,1,1000.,1,"","","","","","",2,1,0,1,1,1,0,1,0,1,"","","","","","","","","","","","","","","","","","","","","","","","",28000,1,"","",0,1,"","","","","","","","","","","","",3,1,"","","","","","","","","","","","","","","","","","","","","","","","","","","","","","","","","","","","","","","","","","","","","","","","","","","","","",""
"35049001","CANCALE",48.711667,-1.843333,40,1981092506,"","","","",6.,1,220,1,"","","","","","","","","","","","","","","","","","","","","","","","","","","","",12.4,1,11.3,1,"","","","","","","","","","","","","","","","","","","","","","","","","","",95,1,"","","","","","","","","","","","",13.7,1,999.6,1,"","","","","","",6,1,0,1,8,1,3,1,0,1,"","","","","","","","","","","","","","","","","","","","","","","","",15000,1,"","",0,1,"","","","",1,1,"","","","","","",3,1,"","","","","","","","","","","","","","","","","","","","","","","","","","","","","","","","","","","","","","","","","","","","","","","","","","","","","",""
"35049001","CANCALE",48.711667,-1.843333,40,1981092509,"","","","",5.,1,200,1,"","","","","","","","","","","","","","","","","","","","","","","","","","","","",15.4,1,11.7,1,"","","","","","","","","","","","","","","","","","","","","","","","","","",81,1,"","","","","","","","","","","","",14.1,1,999.6,1,"","","","","","",2,1,0,1,2,1,0,1,0,1,"","","","","","","","","","","","","","","","","","","","","","","","",25000,1,"","",2,1,1,1,"","","","","","","","","","",3,1,"","","","","","","","","","","","","","","","","","","","","","","","","","","","","","","","","","","","","","","","","","","","","","","","","","","","","",""
"35049001","CANCALE",48.711667,-1.843333,40,1981092512,"","","","",5.,1,240,1,"","","","","","","","","","","","","","","","","","","","","","","","","","","","",18.2,1,10.2,1,"","","","","","","","","","","","","","","","","","","","","","","","","","",61,1,"","","","","","","","","","","","",12.7,1,999.6,1,"","","","","","",3,1,0,1,2,1,0,1,0,1,"","","","","","","","","","","","","","","","","","","","","","","","",30000,1,"","",2,1,1,1,"","","","","","","","","","",3,1,"","","","","","","","","","","","","","","","","","","","","","","","","","","","","","","","","","","","","","","","","","","","","","","","","","","","","",""
"35049001","CANCALE",48.711667,-1.843333,40,1981092515,"","","","",5.,1,200,1,"","","","","","","","","","","","","","","","","","","","","","","","","","","","",18.6,1,10.6,1,"","","","","","","","","","","","","","","","","","","","","","","","","","",61,1,"","","","","","","","","","","","",13.1,1,997.8,1,"","","","","","",3,1,0,1,2,1,0,1,0,1,"","","","","","","","","","","","","","","","","","","","","","","","",30000,1,"","",2,1,0,1,"","","","","","","","","","",3,1,"","","","","","","","","","","","","","","","","","","","","","","","","","","","","","","","","","","","","","","","","","","","","","","","","","","","","",""
"35049001","CANCALE",48.711667,-1.843333,40,1981092518,"","","","",7.,1,180,1,"","","","","","","","","","","","","","","","","","","","","","","","","","","","",16.,1,12.,1,"","","","","","","","","","","","","","","","","","","","","","","","","","",80,1,"","","","","","","","","","","","",14.4,1,995.7,1,"","","","","","",5,1,0,1,8,1,3,1,0,1,"","","","","","","","","","","","","","","","","","","","","","","","",25000,1,"","",2,1,8,1,"","","","","","","","","","",3,1,"","","","","","","","","","","","","","","","","","","","","","","","","","","","","","","","","","","","","","","","","","","","","","","","","","","","","",""
"35049001","CANCALE",48.711667,-1.843333,40,1981092521,"","","","",9.,1,180,1,"","","","","","","","","","","","","","","","","","","","","","","","","","","","",15.,1,12.8,1,"","","","","","","","","","","","","","","","","","","","","","","","","","",89,1,"","","","","","","","","","","","",15.2,1,994.3,1,"","","","","","",8,1,8,1,7,1,"","","","","","","","","","","","","","","","","","","","","","","","","","","","",18000,1,"","",61,1,"","","","","","","","","","","","",4,1,"","","","","","","","","","","","","","","","","","","","","","","","","","","","","","","","","","","","","","","","","","","","","","","","","","","","","",""
"35049001","CANCALE",48.711667,-1.843333,40,1981092600,"","","","",10.,1,100,1,"","","","","","","","","","","","","","","","","","","","","","","","","","","","",14.,1,12.9,1,"","","","","","","","","","","","","","","","","","","","","","","","","","",96,1,"","","","","","","","","","","","",15.3,1,989.4,1,"","","","","","",8,1,8,1,7,1,"","","","","","","","","","","","","","","","","","","","","","","","","","","","",6000,1,"","",65,1,"","","","","","","","","","","","",5,1,"","","","","","","","","","","","","","","","","","","","","","","","","","","","","","","","","","","","","","","","","","","","","","","","","","","","","",""
"35049001","CANCALE",48.711667,-1.843333,40,1981092603,"","","","",4.,1,240,1,"","","","","","","","","","","","","","","","","","","","","","","","","","","","",14.2,1,13.4,1,"","","","","","","","","","","","","","","","","","","","","","","","","","",98,1,"","","","","","","","","","","","",15.8,1,985.8,1,"","","","","","",8,1,8,1,7,1,"","","","","","","","","","","","","","","","","","","","","","","","","","","","",6000,1,"","",63,1,"","","","","","","","","","","","",5,1,"","","","","","","","","","","","","","","","","","","","","","","","","","","","","","","","","","","","","","","","","","","","","","","","","","","","","",""
"35049001","CANCALE",48.711667,-1.843333,40,1981092606,"","","","",8.,1,260,1,"","","","","","","","","","","","","","","","","","","","","","","","","","","","",12.8,1,11.2,1,"","","","","","","","","","","","","","","","","","","","","","","","","","",92,1,"","","","","","","","","","","","",13.6,1,986.3,1,"","","","","","",8,1,8,1,7,1,"","","","","","","","","","","","","","","","","","","","","","","","","","","","",20000,1,"","",61,1,"","","","",2,1,"","","","","","",3,1,"","","","","","","","","","","","","","","","","","","","","","","","","","","","","","","","","","","","","","","","","","","","","","","","","","","","","",""
"35049001","CANCALE",48.711667,-1.843333,40,1981092609,"","","","",4.,1,200,1,"","","","","","","","","","","","","","","","","","","","","","","","","","","","",12.3,1,10.4,1,"","","","","","","","","","","","","","","","","","","","","","","","","","",91,1,"","","","","","","","","","","","",12.9,1,988.2,1,"","","","","","",7,1,5,1,8,1,"","","","","","","","","","","","","","","","","","","","","","","","","","","","",35000,1,"","",21,1,6,1,"","","","","","","","","","",3,1,"","","","","","","","","","","","","","","","","","","","","","","","","","","","","","","","","","","","","","","","","","","","","","","","","","","","","",""
"35049001","CANCALE",48.711667,-1.843333,40,1981092612,"","","","",8.,1,220,1,"","","","","","","","","","","","","","","","","","","","","","","","","","","","",15.4,1,9.,1,"","","","","","","","","","","","","","","","","","","","","","","","","","",67,1,"","","","","","","","","","","","",11.7,1,990.6,1,"","","","","","",5,1,5,1,9,1,0,1,0,1,"","","","","","","","","","","","","","","","","","","","","","","","",45000,1,"","",2,1,6,1,"","","","","","","","","","",4,1,"","","","","","","","","","","","","","","","","","","","","","","","","","","","","","","","","","","","","","","","","","","","","","","","","","","","","",""
"35049001","CANCALE",48.711667,-1.843333,40,1981092615,"","","","",10.,1,220,1,"","","","","","","","","","","","","","","","","","","","","","","","","","","","",16.3,1,9.,1,"","","","","","","","","","","","","","","","","","","","","","","","","","",63,1,"","","","","","","","","","","","",11.7,1,991.3,1,"","","","","","",7,1,5,1,9,1,6,1,2,1,"","","","","","","","","","","","","","","","","","","","","","","","",40000,1,"","",2,1,1,1,"","","","","","","","","","",4,1,"","","","","","","","","","","","","","","","","","","","","","","","","","","","","","","","","","","","","","","","","","","","","","","","","","","","","",""
"35049001","CANCALE",48.711667,-1.843333,40,1981092618,"","","","",7.,1,220,1,"","","","","","","","","","","","","","","","","","","","","","","","","","","","",13.9,1,9.9,1,"","","","","","","","","","","","","","","","","","","","","","","","","","",79,1,"","","","","","","","","","","","",12.5,1,993.3,1,"","","","","","",7,1,6,1,8,1,4,1,"","","","","","","","","","","","","","","","","","","","","","","","","","",20000,1,"","",80,1,1,1,"","","","","","","","","","",4,1,"","","","","","","","","","","","","","","","","","","","","","","","","","","","","","","","","","","","","","","","","","","","","","","","","","","","","",""
"35049001","CANCALE",48.711667,-1.843333,40,1981092621,"","","","",7.,1,200,1,"","","","","","","","","","","","","","","","","","","","","","","","","","","","",12.,1,8.5,1,"","","","","","","","","","","","","","","","","","","","","","","","","","",81,1,"","","","","","","","","","","","",11.3,1,996.,1,"","","","","","",0,1,"","",0,1,0,1,0,1,"","","","","","","","","","","","","","","","","","","","","","","","",35000,1,"","",0,1,"","","","","","","","","","","","",4,1,"","","","","","","","","","","","","","","","","","","","","","","","","","","","","","","","","","","","","","","","","","","","","","","","","","","","","",""
"35049001","CANCALE",48.711667,-1.843333,40,1981092700,"","","","",5.,1,180,1,"","","","","","","","","","","","","","","","","","","","","","","","","","","","",11.7,1,9.1,1,"","","","","","","","","","","","","","","","","","","","","","","","","","",86,1,"","","","","","","","","","","","",11.8,1,997.6,1,"","","","","","",7,1,5,1,8,1,2,1,"","","","","","","","","","","","","","","","","","","","","","","","","","",25000,1,"","",0,1,"","","","","","","","","","","","",3,1,"","","","","","","","","","","","","","","","","","","","","","","","","","","","","","","","","","","","","","","","","","","","","","","","","","","","","",""
"35049001","CANCALE",48.711667,-1.843333,40,1981092703,"","","","",5.,1,180,1,"","","","","","","","","","","","","","","","","","","","","","","","","","","","",11.1,1,9.2,1,"","","","","","","","","","","","","","","","","","","","","","","","","","",90,1,"","","","","","","","","","","","",11.9,1,998.2,1,"","","","","","",6,1,0,1,8,1,2,1,0,1,"","","","","","","","","","","","","","","","","","","","","","","","",35000,1,"","",0,1,"","","","","","","","","","","","",3,1,"","","","","","","","","","","","","","","","","","","","","","","","","","","","","","","","","","","","","","","","","","","","","","","","","","","","","",""
"35049001","CANCALE",48.711667,-1.843333,40,1981092706,"","","","",5.,1,200,1,"","","","","","","","","","","","","","","","","","","","","","","","","","","","",10.6,1,9.3,1,"","","","","","","","","","","","","","","","","","","","","","","","","","",93,1,"","","","","","","","","","","","",12.,1,999.9,1,"","","","","","",6,1,6,1,8,1,0,1,0,1,"","","","","","","","","","","","","","","","","","","","","","","","",17000,1,"","",0,1,"","","","",1,1,"","","","","","",3,1,"","","","","","","","","","","","","","","","","","","","","","","","","","","","","","","","","","","","","","","","","","","","","","","","","","","","","",""
"35049001","CANCALE",48.711667,-1.843333,40,1981092709,"","","","",5.,1,200,1,"","","","","","","","","","","","","","","","","","","","","","","","","","","","",14.,1,10.3,1,"","","","","","","","","","","","","","","","","","","","","","","","","","",80,1,"","","","","","","","","","","","",12.8,1,1002.3,1,"","","","","","",6,1,0,1,9,1,6,1,0,1,"","","","","","","","","","","","","","","","","","","","","","","","",18000,1,"","",2,1,2,1,"","","","","","","","","","",3,1,"","","","","","","","","","","","","","","","","","","","","","","","","","","","","","","","","","","","","","","","","","","","","","","","","","","","","",""
"35049001","CANCALE",48.711667,-1.843333,40,1981092712,"","","","",8.,1,280,1,"","","","","","","","","","","","","","","","","","","","","","","","","","","","",15.9,1,9.9,1,"","","","","","","","","","","","","","","","","","","","","","","","","","",69,1,"","","","","","","","","","","","",12.5,1,1003.9,1,"","","","","","",7,1,5,1,9,1,6,1,3,1,"","","","","","","","","","","","","","","","","","","","","","","","",15000,1,"","",15,1,8,1,"","","","","","","","","","",3,1,"","","","","","","","","","","","","","","","","","","","","","","","","","","","","","","","","","","","","","","","","","","","","","","","","","","","","",""
"35049001","CANCALE",48.711667,-1.843333,40,1981092715,"","","","",8.,1,300,1,"","","","","","","","","","","","","","","","","","","","","","","","","","","","",15.4,1,10.2,1,"","","","","","","","","","","","","","","","","","","","","","","","","","",73,1,"","","","","","","","","","","","",12.7,1,1005.8,1,"","","","","","",6,1,0,1,3,1,0,1,3,1,"","","","","","","","","","","","","","","","","","","","","","","","",30000,1,"","",2,1,8,1,"","","","","","","","","","",3,1,"","","","","","","","","","","","","","","","","","","","","","","","","","","","","","","","","","","","","","","","","","","","","","","","","","","","","",""
"35049001","CANCALE",48.711667,-1.843333,40,1981092718,"","","","",5.,1,300,1,"","","","","","","","","","","","","","","","","","","","","","","","","","","","",14.3,1,8.7,1,"","","","","","","","","","","","","","","","","","","","","","","","","","",71,1,"","","","","","","","","","","","",11.5,1,1007.2,1,"","","","","","",4,1,0,1,9,1,6,1,3,1,"","","","","","","","","","","","","","","","","","","","","","","","",30000,1,"","",1,1,8,1,"","","","","","","","","","",3,1,"","","","","","","","","","","","","","","","","","","","","","","","","","","","","","","","","","","","","","","","","","","","","","","","","","","","","",""
"35049001","CANCALE",48.711667,-1.843333,40,1981092721,"","","","",4.,1,200,1,"","","","","","","","","","","","","","","","","","","","","","","","","","","","",12.8,1,8.,1,"","","","","","","","","","","","","","","","","","","","","","","","","","",74,1,"","","","","","","","","","","","",10.9,1,1008.8,1,"","","","","","",2,1,0,1,2,1,6,1,0,1,"","","","","","","","","","","","","","","","","","","","","","","","",30000,1,"","",0,1,"","","","","","","","","","","","",3,1,"","","","","","","","","","","","","","","","","","","","","","","","","","","","","","","","","","","","","","","","","","","","","","","","","","","","","",""
"35049001","CANCALE",48.711667,-1.843333,40,1981092800,"","","","",5.,1,240,1,"","","","","","","","","","","","","","","","","","","","","","","","","","","","",11.5,1,8.5,1,"","","","","","","","","","","","","","","","","","","","","","","","","","",83,1,"","","","","","","","","","","","",11.3,1,1009.,1,"","","","","","",2,1,0,1,5,1,0,1,0,1,"","","","","","","","","","","","","","","","","","","","","","","","",30000,1,"","",0,1,"","","","","","","","","","","","",2,1,"","","","","","","","","","","","","","","","","","","","","","","","","","","","","","","","","","","","","","","","","","","","","","","","","","","","","",""
"35049001","CANCALE",48.711667,-1.843333,40,1981092803,"","","","",6.,1,280,1,"","","","","","","","","","","","","","","","","","","","","","","","","","","","",13.9,1,9.7,1,"","","","","","","","","","","","","","","","","","","","","","","","","","",78,1,"","","","","","","","","","","","",12.3,1,1010.,1,"","","","","","",5,1,5,1,8,1,0,1,0,1,"","","","","","","","","","","","","","","","","","","","","","","","",30000,1,"","",0,1,"","","","","","","","","","","","",3,1,"","","","","","","","","","","","","","","","","","","","","","","","","","","","","","","","","","","","","","","","","","","","","","","","","","","","","",""
"35049001","CANCALE",48.711667,-1.843333,40,1981092806,"","","","",6.,1,220,1,"","","","","","","","","","","","","","","","","","","","","","","","","","","","",10.5,1,8.,1,"","","","","","","","","","","","","","","","","","","","","","","","","","",86,1,"","","","","","","","","","","","",10.9,1,1012.4,1,"","","","","","",5,1,5,1,8,1,0,1,0,1,"","","","","","","","","","","","","","","","","","","","","","","","",25000,1,"","",0,1,"","","","",1,1,"","","","","","",3,1,"","","","","","","","","","","","","","","","","","","","","","","","","","","","","","","","","","","","","","","","","","","","","","","","","","","","","",""
"35049001","CANCALE",48.711667,-1.843333,40,1981092809,"","","","",7.,1,280,1,"","","","","","","","","","","","","","","","","","","","","","","","","","","","",14.1,1,11.3,1,"","","","","","","","","","","","","","","","","","","","","","","","","","",86,1,"","","","","","","","","","","","",13.7,1,1014.7,1,"","","","","","",3,1,0,1,2,1,6,1,0,1,"","","","","","","","","","","","","","","","","","","","","","","","",30000,1,"","",1,1,1,1,"","","","","","","","","","",3,1,"","","","","","","","","","","","","","","","","","","","","","","","","","","","","","","","","","","","","","","","","","","","","","","","","","","","","",""
"35049001","CANCALE",48.711667,-1.843333,40,1981092812,"","","","",6.,1,280,1,"","","","","","","","","","","","","","","","","","","","","","","","","","","","",16.,1,11.3,1,"","","","","","","","","","","","","","","","","","","","","","","","","","",75,1,"","","","","","","","","","","","",13.7,1,1016.3,1,"","","","","","",4,1,0,1,5,1,0,1,0,1,"","","","","","","","","","","","","","","","","","","","","","","","",30000,1,"","",2,1,0,1,"","","","","","","","","","",3,1,"","","","","","","","","","","","","","","","","","","","","","","","","","","","","","","","","","","","","","","","","","","","","","","","","","","","","",""
"35049001","CANCALE",48.711667,-1.843333,40,1981092815,"","","","",9.,1,280,1,"","","","","","","","","","","","","","","","","","","","","","","","","","","","",16.,1,10.5,1,"","","","","","","","","","","","","","","","","","","","","","","","","","",71,1,"","","","","","","","","","","","",13.,1,1017.1,1,"","","","","","",2,1,0,1,2,1,0,1,0,1,"","","","","","","","","","","","","","","","","","","","","","","","",30000,1,"","",2,1,0,1,"","","","","","","","","","",3,1,"","","","","","","","","","","","","","","","","","","","","","","","","","","","","","","","","","","","","","","","","","","","","","","","","","","","","",""
"35049001","CANCALE",48.711667,-1.843333,40,1981092818,"","","","",9.,1,300,1,"","","","","","","","","","","","","","","","","","","","","","","","","","","","",14.6,1,10.4,1,"","","","","","","","","","","","","","","","","","","","","","","","","","",77,1,"","","","","","","","","","","","",12.9,1,1018.7,1,"","","","","","",3,1,0,1,2,1,7,1,0,1,"","","","","","","","","","","","","","","","","","","","","","","","",30000,1,"","",2,1,0,1,"","","","","","","","","","",3,1,"","","","","","","","","","","","","","","","","","","","","","","","","","","","","","","","","","","","","","","","","","","","","","","","","","","","","",""
"35049001","CANCALE",48.711667,-1.843333,40,1981092821,"","","","",4.,1,300,1,"","","","","","","","","","","","","","","","","","","","","","","","","","","","",14.5,1,10.4,1,"","","","","","","","","","","","","","","","","","","","","","","","","","",78,1,"","","","","","","","","","","","",12.9,1,1019.4,1,"","","","","","",3,1,0,1,0,1,7,1,0,1,"","","","","","","","","","","","","","","","","","","","","","","","",28000,1,"","",0,1,"","","","","","","","","","","","",2,1,"","","","","","","","","","","","","","","","","","","","","","","","","","","","","","","","","","","","","","","","","","","","","","","","","","","","","",""
"35049001","CANCALE",48.711667,-1.843333,40,1981092900,"","","","",5.,1,260,1,"","","","","","","","","","","","","","","","","","","","","","","","","","","","",13.,1,9.6,1,"","","","","","","","","","","","","","","","","","","","","","","","","","",81,1,"","","","","","","","","","","","",12.2,1,1019.5,1,"","","","","","",3,1,0,1,0,1,4,1,0,1,"","","","","","","","","","","","","","","","","","","","","","","","",30000,1,"","",0,1,"","","","","","","","","","","","",2,1,"","","","","","","","","","","","","","","","","","","","","","","","","","","","","","","","","","","","","","","","","","","","","","","","","","","","","",""
"35049001","CANCALE",48.711667,-1.843333,40,1981092903,"","","","",6.,1,220,1,"","","","","","","","","","","","","","","","","","","","","","","","","","","","",12.1,1,8.9,1,"","","","","","","","","","","","","","","","","","","","","","","","","","",82,1,"","","","","","","","","","","","",11.6,1,1019.8,1,"","","","","","",2,1,0,1,0,1,4,1,0,1,"","","","","","","","","","","","","","","","","","","","","","","","",30000,1,"","",0,1,"","","","","","","","","","","","",2,1,"","","","","","","","","","","","","","","","","","","","","","","","","","","","","","","","","","","","","","","","","","","","","","","","","","","","","",""
"35049001","CANCALE",48.711667,-1.843333,40,1981092906,"","","","",5.,1,180,1,"","","","","","","","","","","","","","","","","","","","","","","","","","","","",11.,1,8.7,1,"","","","","","","","","","","","","","","","","","","","","","","","","","",88,1,"","","","","","","","","","","","",11.5,1,1018.8,1,"","","","","","",4,1,0,1,0,1,4,1,0,1,"","","","","","","","","","","","","","","","","","","","","","","","",25000,1,"","",0,1,"","","","","","","","","","","","",2,1,"","","","","","","","","","","","","","","","","","","","","","","","","","","","","","","","","","","","","","","","","","","","","","","","","","","","","",""
"35049001","CANCALE",48.711667,-1.843333,40,1981092909,"","","","",5.,1,180,1,"","","","","","","","","","","","","","","","","","","","","","","","","","","","",12.,1,9.,1,"","","","","","","","","","","","","","","","","","","","","","","","","","",83,1,"","","","","","","","","","","","",11.7,1,1019.,1,"","","","","","",5,1,0,1,0,1,4,1,2,1,"","","","","","","","","","","","","","","","","","","","","","","","",25000,1,"","",2,1,1,1,"","","","","","","","","","",2,1,"","","","","","","","","","","","","","","","","","","","","","","","","","","","","","","","","","","","","","","","","","","","","","","","","","","","","",""
"35049001","CANCALE",48.711667,-1.843333,40,1981092912,"","","","",8.,1,180,1,"","","","","","","","","","","","","","","","","","","","","","","","","","","","",14.,1,11.4,1,"","","","","","","","","","","","","","","","","","","","","","","","","","",87,1,"","","","","","","","","","","","",13.8,1,1018.2,1,"","","","","","",8,1,8,1,8,1,"","","","","","","","","","","","","","","","","","","","","","","","","","","","",20000,1,"","",60,1,6,1,"","","","","","","","","","",3,1,"","","","","","","","","","","","","","","","","","","","","","","","","","","","","","","","","","","","","","","","","","","","","","","","","","","","","",""
"35049001","CANCALE",48.711667,-1.843333,40,1981092915,"","","","",10.,1,180,1,"","","","","","","","","","","","","","","","","","","","","","","","","","","","",13.6,1,10.6,1,"","","","","","","","","","","","","","","","","","","","","","","","","","",84,1,"","","","","","","","","","","","",13.1,1,1017.2,1,"","","","","","",8,1,8,1,8,1,"","","","","","","","","","","","","","","","","","","","","","","","","","","","",25000,1,"","",60,1,6,1,"","","","","","","","","","",4,1,"","","","","","","","","","","","","","","","","","","","","","","","","","","","","","","","","","","","","","","","","","","","","","","","","","","","","",""
"35049001","CANCALE",48.711667,-1.843333,40,1981092918,"","","","",11.,1,180,1,"","","","","","","","","","","","","","","","","","","","","","","","","","","","",14.6,1,11.7,1,"","","","","","","","","","","","","","","","","","","","","","","","","","",85,1,"","","","","","","","","","","","",14.1,1,1016.3,1,"","","","","","",8,1,8,1,5,1,"","","","","","","","","","","","","","","","","","","","","","","","","","","","",20000,1,"","",2,1,6,1,"","","","","","","","","","",4,1,"","","","","","","","","","","","","","","","","","","","","","","","","","","","","","","","","","","","","","","","","","","","","","","","","","","","","",""
"35049001","CANCALE",48.711667,-1.843333,40,1981092921,"","","","",11.,1,180,1,"","","","","","","","","","","","","","","","","","","","","","","","","","","","",14.2,1,12.3,1,"","","","","","","","","","","","","","","","","","","","","","","","","","",91,1,"","","","","","","","","","","","",14.7,1,1016.3,1,"","","","","","",8,1,8,1,5,1,"","","","","","","","","","","","","","","","","","","","","","","","","","","","",20000,1,"","",0,1,"","","","","","","","","","","","",4,1,"","","","","","","","","","","","","","","","","","","","","","","","","","","","","","","","","","","","","","","","","","","","","","","","","","","","","",""
"35049001","CANCALE",48.711667,-1.843333,40,1981093000,"","","","",8.,1,180,1,"","","","","","","","","","","","","","","","","","","","","","","","","","","","",14.8,1,13.7,1,"","","","","","","","","","","","","","","","","","","","","","","","","","",98,1,"","","","","","","","","","","","",16.1,1,1016.,1,"","","","","","",8,1,8,1,5,1,"","","","","","","","","","","","","","","","","","","","","","","","","","","","",20000,1,"","",0,1,"","","","","","","","","","","","",4,1,"","","","","","","","","","","","","","","","","","","","","","","","","","","","","","","","","","","","","","","","","","","","","","","","","","","","","",""
"35049001","CANCALE",48.711667,-1.843333,40,1981093003,"","","","",7.,1,180,1,"","","","","","","","","","","","","","","","","","","","","","","","","","","","",15.8,1,14.7,1,"","","","","","","","","","","","","","","","","","","","","","","","","","",96,1,"","","","","","","","","","","","",17.2,1,1014.2,1,"","","","","","",8,1,8,1,5,1,"","","","","","","","","","","","","","","","","","","","","","","","","","","","",20000,1,"","",0,1,"","","","","","","","","","","","",4,1,"","","","","","","","","","","","","","","","","","","","","","","","","","","","","","","","","","","","","","","","","","","","","","","","","","","","","",""
"35049001","CANCALE",48.711667,-1.843333,40,1981093006,"","","","",5.,1,180,1,"","","","","","","","","","","","","","","","","","","","","","","","","","","","",16.5,1,15.,1,"","","","","","","","","","","","","","","","","","","","","","","","","","",94,1,"","","","","","","","","","","","",17.6,1,1014.4,1,"","","","","","",8,1,8,1,5,1,"","","","","","","","","","","","","","","","","","","","","","","","","","","","",14000,1,"","",0,1,"","","","",1,1,"","","","","","",3,1,"","","","","","","","","","","","","","","","","","","","","","","","","","","","","","","","","","","","","","","","","","","","","","","","","","","","","",""
"35049001","CANCALE",48.711667,-1.843333,40,1981093009,"","","","",5.,1,180,1,"","","","","","","","","","","","","","","","","","","","","","","","","","","","",17.2,1,16.2,1,"","","","","","","","","","","","","","","","","","","","","","","","","","",97,1,"","","","","","","","","","","","",19.,1,1014.,1,"","","","","","",7,1,5,1,5,1,2,1,"","","","","","","","","","","","","","","","","","","","","","","","","","",10000,1,"","",60,1,6,1,"","","","","","","","","","",3,1,"","","","","","","","","","","","","","","","","","","","","","","","","","","","","","","","","","","","","","","","","","","","","","","","","","","","","",""
"35049001","CANCALE",48.711667,-1.843333,40,1981093012,"","","","",5.,1,200,1,"","","","","","","","","","","","","","","","","","","","","","","","","","","","",20.,1,16.4,1,"","","","","","","","","","","","","","","","","","","","","","","","","","",83,1,"","","","","","","","","","","","",19.3,1,1013.1,1,"","","","","","",7,1,5,1,8,1,"","","","","","","","","","","","","","","","","","","","","","","","","","","","",25000,1,"","",2,1,6,1,"","","","","","","","","","",3,1,"","","","","","","","","","","","","","","","","","","","","","","","","","","","","","","","","","","","","","","","","","","","","","","","","","","","","",""
"35049001","CANCALE",48.711667,-1.843333,40,1981093015,"","","","",7.,1,200,1,"","","","","","","","","","","","","","","","","","","","","","","","","","","","",21.,1,15.9,1,"","","","","","","","","","","","","","","","","","","","","","","","","","",75,1,"","","","","","","","","","","","",18.7,1,1011.9,1,"","","","","","",7,1,6,1,5,1,3,1,"","","","","","","","","","","","","","","","","","","","","","","","","","",22000,1,"","",2,1,2,1,"","","","","","","","","","",3,1,"","","","","","","","","","","","","","","","","","","","","","","","","","","","","","","","","","","","","","","","","","","","","","","","","","","","","",""
"35049001","CANCALE",48.711667,-1.843333,40,1981093018,"","","","",8.,1,180,1,"","","","","","","","","","","","","","","","","","","","","","","","","","","","",18.5,1,15.5,1,"","","","","","","","","","","","","","","","","","","","","","","","","","",86,1,"","","","","","","","","","","","",18.2,1,1011.4,1,"","","","","","",7,1,7,1,5,1,7,1,"","","","","","","","","","","","","","","","","","","","","","","","","","",22000,1,"","",2,1,2,1,"","","","","","","","","","",3,1,"","","","","","","","","","","","","","","","","","","","","","","","","","","","","","","","","","","","","","","","","","","","","","","","","","","","","",""
"35049001","CANCALE",48.711667,-1.843333,40,1981093021,"","","","",5.,1,180,1,"","","","","","","","","","","","","","","","","","","","","","","","","","","","",17.5,1,16.,1,"","","","","","","","","","","","","","","","","","","","","","","","","","",94,1,"","","","","","","","","","","","",18.8,1,1010.6,1,"","","","","","",7,1,7,1,0,1,7,1,"","","","","","","","","","","","","","","","","","","","","","","","","","",20000,1,"","",0,1,"","","","","","","","","","","","",2,1,"","","","","","","","","","","","","","","","","","","","","","","","","","","","","","","","","","","","","","","","","","","","","","","","","","","","","",""
"35049001","CANCALE",48.711667,-1.843333,40,1981100100,"","","","",6.,1,120,1,"","","","","","","","","","","","","","","","","","","","","","","","","","","","",16.5,1,15.5,1,"","","","","","","","","","","","","","","","","","","","","","","","","","",97,1,"","","","","","","","","","","","",18.2,1,1008.2,1,"","","","","","",6,1,6,1,0,1,7,1,"","","","","","","","","","","","","","","","","","","","","","","","","","",25000,1,"","",0,1,"","","","","","","","","","","","",2,1,"","","","","","","","","","","","","","","","","","","","","","","","","","","","","","","","","","","","","","","","","","","","","","","","","","","","","",""
"35049001","CANCALE",48.711667,-1.843333,40,1981100103,"","","","",7.,1,120,1,"","","","","","","","","","","","","","","","","","","","","","","","","","","","",16.3,1,14.8,1,"","","","","","","","","","","","","","","","","","","","","","","","","","",94,1,"","","","","","","","","","","","",17.4,1,1005.8,1,"","","","","","",5,1,5,1,0,1,7,1,0,1,"","","","","","","","","","","","","","","","","","","","","","","","",25000,1,"","",0,1,"","","","","","","","","","","","",3,1,"","","","","","","","","","","","","","","","","","","","","","","","","","","","","","","","","","","","","","","","","","","","","","","","","","","","","",""
"35049001","CANCALE",48.711667,-1.843333,40,1981100106,"","","","",8.,1,120,1,"","","","","","","","","","","","","","","","","","","","","","","","","","","","",15.5,1,12.4,1,"","","","","","","","","","","","","","","","","","","","","","","","","","",84,1,"","","","","","","","","","","","",14.8,1,1003.8,1,"","","","","","",7,1,7,1,0,1,7,1,0,1,"","","","","","","","","","","","","","","","","","","","","","","","",25000,1,"","",0,1,"","","","",0,1,"","","","","","",3,1,"","","","","","","","","","","","","","","","","","","","","","","","","","","","","","","","","","","","","","","","","","","","","","","","","","","","","",""
"35049001","CANCALE",48.711667,-1.843333,40,1981100109,"","","","",11.,1,100,1,"","","","","","","","","","","","","","","","","","","","","","","","","","","","",13.8,1,11.9,1,"","","","","","","","","","","","","","","","","","","","","","","","","","",91,1,"","","","","","","","","","","","",14.3,1,1001.2,1,"","","","","","",8,1,8,1,7,1,"","","","","","","","","","","","","","","","","","","","","","","","","","","","",7000,1,"","",63,1,6,1,"","","","","","","","","","",4,1,"","","","","","","","","","","","","","","","","","","","","","","","","","","","","","","","","","","","","","","","","","","","","","","","","","","","","",""
"35049001","CANCALE",48.711667,-1.843333,40,1981100112,"","","","",10.,1,100,1,"","","","","","","","","","","","","","","","","","","","","","","","","","","","",14.5,1,13.2,1,"","","","","","","","","","","","","","","","","","","","","","","","","","",94,1,"","","","","","","","","","","","",15.6,1,998.7,1,"","","","","","",8,1,8,1,7,1,"","","","","","","","","","","","","","","","","","","","","","","","","","","","",8000,1,"","",60,1,6,1,"","","","","","","","","","",3,1,"","","","","","","","","","","","","","","","","","","","","","","","","","","","","","","","","","","","","","","","","","","","","","","","","","","","","",""
"35049001","CANCALE",48.711667,-1.843333,40,1981100115,"","","","",8.,1,220,1,"","","","","","","","","","","","","","","","","","","","","","","","","","","","",17.5,1,13.6,1,"","","","","","","","","","","","","","","","","","","","","","","","","","",80,1,"","","","","","","","","","","","",16.,1,998.6,1,"","","","","","",6,1,6,1,8,1,6,1,0,1,"","","","","","","","","","","","","","","","","","","","","","","","",30000,1,"","",1,1,6,1,"","","","","","","","","","",3,1,"","","","","","","","","","","","","","","","","","","","","","","","","","","","","","","","","","","","","","","","","","","","","","","","","","","","","",""
"35049001","CANCALE",48.711667,-1.843333,40,1981100118,"","","","",6.,1,200,1,"","","","","","","","","","","","","","","","","","","","","","","","","","","","",15.7,1,12.2,1,"","","","","","","","","","","","","","","","","","","","","","","","","","",82,1,"","","","","","","","","","","","",14.6,1,1000.8,1,"","","","","","",3,1,0,1,3,1,4,1,0,1,"","","","","","","","","","","","","","","","","","","","","","","","",30000,1,"","",2,1,6,1,"","","","","","","","","","",3,1,"","","","","","","","","","","","","","","","","","","","","","","","","","","","","","","","","","","","","","","","","","","","","","","","","","","","","",""
"35049001","CANCALE",48.711667,-1.843333,40,1981100121,"","","","",6.,1,180,1,"","","","","","","","","","","","","","","","","","","","","","","","","","","","",13.5,1,10.9,1,"","","","","","","","","","","","","","","","","","","","","","","","","","",86,1,"","","","","","","","","","","","",13.4,1,999.,1,"","","","","","",1,1,0,1,2,1,0,1,0,1,"","","","","","","","","","","","","","","","","","","","","","","","",25000,1,"","",0,1,"","","","","","","","","","","","",3,1,"","","","","","","","","","","","","","","","","","","","","","","","","","","","","","","","","","","","","","","","","","","","","","","","","","","","","",""
"35049001","CANCALE",48.711667,-1.843333,40,1981100200,"","","","",7.,1,200,1,"","","","","","","","","","","","","","","","","","","","","","","","","","","","",12.6,1,11.1,1,"","","","","","","","","","","","","","","","","","","","","","","","","","",93,1,"","","","","","","","","","","","",13.5,1,998.6,1,"","","","","","",0,1,"","",0,1,0,1,0,1,"","","","","","","","","","","","","","","","","","","","","","","","",25000,1,"","",0,1,"","","","","","","","","","","","",3,1,"","","","","","","","","","","","","","","","","","","","","","","","","","","","","","","","","","","","","","","","","","","","","","","","","","","","","",""
"35049001","CANCALE",48.711667,-1.843333,40,1981100203,"","","","",8.,1,220,1,"","","","","","","","","","","","","","","","","","","","","","","","","","","","",12.,1,10.7,1,"","","","","","","","","","","","","","","","","","","","","","","","","","",94,1,"","","","","","","","","","","","",13.2,1,998.4,1,"","","","","","",3,1,0,1,0,1,4,1,0,1,"","","","","","","","","","","","","","","","","","","","","","","","",25000,1,"","",0,1,"","","","","","","","","","","","",3,1,"","","","","","","","","","","","","","","","","","","","","","","","","","","","","","","","","","","","","","","","","","","","","","","","","","","","","",""
"35049001","CANCALE",48.711667,-1.843333,40,1981100206,"","","","",7.,1,220,1,"","","","","","","","","","","","","","","","","","","","","","","","","","","","",12.7,1,11.1,1,"","","","","","","","","","","","","","","","","","","","","","","","","","",92,1,"","","","","","","","","","","","",13.5,1,998.,1,"","","","","","",7,1,7,1,8,1,"","","","","","","","","","","","","","","","","","","","","","","","","","","","",15000,1,"","",15,1,"","","","",1,1,"","","","","","",4,1,"","","","","","","","","","","","","","","","","","","","","","","","","","","","","","","","","","","","","","","","","","","","","","","","","","","","","",""
"35049001","CANCALE",48.711667,-1.843333,40,1981100209,"","","","",13.,1,260,1,"","","","","","","","","","","","","","","","","","","","","","","","","","","","",13.8,1,10.6,1,"","","","","","","","","","","","","","","","","","","","","","","","","","",83,1,"","","","","","","","","","","","",13.1,1,997.9,1,"","","","","","",7,1,7,1,8,1,"","","","","","","","","","","","","","","","","","","","","","","","","","","","",20000,1,"","",25,1,8,1,"","","","","","","","","","",5,1,"","","","","","","","","","","","","","","","","","","","","","","","","","","","","","","","","","","","","","","","","","","","","","","","","","","","","",""
"35049001","CANCALE",48.711667,-1.843333,40,1981100212,"","","","",16.,1,240,1,"","","","","","","","","","","","","","","","","","","","","","","","","","","","",13.7,1,10.3,1,"","","","","","","","","","","","","","","","","","","","","","","","","","",82,1,"","","","","","","","","","","","",12.8,1,997.9,1,"","","","","","",7,1,7,1,8,1,"","","","","","","","","","","","","","","","","","","","","","","","","","","","",15000,1,"","",15,1,8,1,"","","","","","","","","","",5,1,"","","","","","","","","","","","","","","","","","","","","","","","","","","","","","","","","","","","","","","","","","","","","","","","","","","","","",""
"35049001","CANCALE",48.711667,-1.843333,40,1981100215,"","","","",17.,1,260,1,"","","","","","","","","","","","","","","","","","","","","","","","","","","","",12.9,1,8.1,1,"","","","","","","","","","","","","","","","","","","","","","","","","","",74,1,"","","","","","","","","","","","",11.,1,998.4,1,"","","","","","",7,1,7,1,8,1,"","","","","","","","","","","","","","","","","","","","","","","","","","","","",20000,1,"","",25,1,8,1,"","","","","","","","","","",5,1,"","","","","","","","","","","","","","","","","","","","","","","","","","","","","","","","","","","","","","","","","","","","","","","","","","","","","",""
"35049001","CANCALE",48.711667,-1.843333,40,1981100218,"","","","",13.,1,260,1,"","","","","","","","","","","","","","","","","","","","","","","","","","","","",12.4,1,7.3,1,"","","","","","","","","","","","","","","","","","","","","","","","","","",72,1,"","","","","","","","","","","","",10.4,1,998.6,1,"","","","","","",4,1,0,1,8,1,0,1,0,1,"","","","","","","","","","","","","","","","","","","","","","","","",30000,1,"","",1,1,8,1,"","","","","","","","","","",4,1,"","","","","","","","","","","","","","","","","","","","","","","","","","","","","","","","","","","","","","","","","","","","","","","","","","","","","",""
"35049001","CANCALE",48.711667,-1.843333,40,1981100221,"","","","",9.,1,240,1,"","","","","","","","","","","","","","","","","","","","","","","","","","","","",9.9,1,6.4,1,"","","","","","","","","","","","","","","","","","","","","","","","","","",80,1,"","","","","","","","","","","","",9.8,1,997.5,1,"","","","","","",8,1,8,1,0,1,7,1,"","","","","","","","","","","","","","","","","","","","","","","","","","",30000,1,"","",0,1,"","","","","","","","","","","","",4,1,"","","","","","","","","","","","","","","","","","","","","","","","","","","","","","","","","","","","","","","","","","","","","","","","","","","","","",""
"35049001","CANCALE",48.711667,-1.843333,40,1981100300,"","","","",8.,1,220,1,"","","","","","","","","","","","","","","","","","","","","","","","","","","","",8.7,1,5.9,1,"","","","","","","","","","","","","","","","","","","","","","","","","","",84,1,"","","","","","","","","","","","",9.4,1,995.9,1,"","","","","","",5,1,5,1,8,1,0,1,0,1,"","","","","","","","","","","","","","","","","","","","","","","","",30000,1,"","",0,1,"","","","","","","","","","","","",4,1,"","","","","","","","","","","","","","","","","","","","","","","","","","","","","","","","","","","","","","","","","","","","","","","","","","","","","",""
"35049001","CANCALE",48.711667,-1.843333,40,1981100303,"","","","",9.,1,220,1,"","","","","","","","","","","","","","","","","","","","","","","","","","","","",7.2,1,4.8,1,"","","","","","","","","","","","","","","","","","","","","","","","","","",85,1,"","","","","","","","","","","","",8.7,1,993.9,1,"","","","","","",0,1,"","",0,1,0,1,0,1,"","","","","","","","","","","","","","","","","","","","","","","","",30000,1,"","",0,1,"","","","","","","","","","","","",4,1,"","","","","","","","","","","","","","","","","","","","","","","","","","","","","","","","","","","","","","","","","","","","","","","","","","","","","",""
"35049001","CANCALE",48.711667,-1.843333,40,1981100306,"","","","",9.,1,220,1,"","","","","","","","","","","","","","","","","","","","","","","","","","","","",7.,1,4.5,1,"","","","","","","","","","","","","","","","","","","","","","","","","","",85,1,"","","","","","","","","","","","",8.5,1,992.6,1,"","","","","","",4,1,0,1,3,1,4,1,0,1,"","","","","","","","","","","","","","","","","","","","","","","","",25000,1,"","",0,1,"","","","",0,1,"","","","","","",4,1,"","","","","","","","","","","","","","","","","","","","","","","","","","","","","","","","","","","","","","","","","","","","","","","","","","","","","",""
"35049001","CANCALE",48.711667,-1.843333,40,1981100309,"","","","",11.,1,260,1,"","","","","","","","","","","","","","","","","","","","","","","","","","","","",11.4,1,7.,1,"","","","","","","","","","","","","","","","","","","","","","","","","","",76,1,"","","","","","","","","","","","",10.2,1,992.2,1,"","","","","","",3,1,0,1,3,1,0,1,0,1,"","","","","","","","","","","","","","","","","","","","","","","","",30000,1,"","",2,1,0,1,"","","","","","","","","","",4,1,"","","","","","","","","","","","","","","","","","","","","","","","","","","","","","","","","","","","","","","","","","","","","","","","","","","","","",""
"35049001","CANCALE",48.711667,-1.843333,40,1981100312,"","","","",17.,1,240,1,"","","","","","","","","","","","","","","","","","","","","","","","","","","","",13.2,1,8.6,1,"","","","","","","","","","","","","","","","","","","","","","","","","","",75,1,"","","","","","","","","","","","",11.4,1,992.7,1,"","","","","","",6,1,6,1,3,1,0,1,0,1,"","","","","","","","","","","","","","","","","","","","","","","","",30000,1,"","",2,1,8,1,"","","","","","","","","","",5,1,"","","","","","","","","","","","","","","","","","","","","","","","","","","","","","","","","","","","","","","","","","","","","","","","","","","","","",""
"35049001","CANCALE",48.711667,-1.843333,40,1981100315,"","","","",17.,1,240,1,"","","","","","","","","","","","","","","","","","","","","","","","","","","","",12.4,1,7.3,1,"","","","","","","","","","","","","","","","","","","","","","","","","","",72,1,"","","","","","","","","","","","",10.4,1,993.6,1,"","","","","","",5,1,5,1,3,1,0,1,0,1,"","","","","","","","","","","","","","","","","","","","","","","","",30000,1,"","",25,1,8,1,"","","","","","","","","","",5,1,"","","","","","","","","","","","","","","","","","","","","","","","","","","","","","","","","","","","","","","","","","","","","","","","","","","","","",""
"35049001","CANCALE",48.711667,-1.843333,40,1981100318,"","","","",13.,1,240,1,"","","","","","","","","","","","","","","","","","","","","","","","","","","","",10.8,1,6.9,1,"","","","","","","","","","","","","","","","","","","","","","","","","","",78,1,"","","","","","","","","","","","",10.1,1,995.5,1,"","","","","","",4,1,0,1,3,1,0,1,0,1,"","","","","","","","","","","","","","","","","","","","","","","","",25000,1,"","",25,1,8,1,"","","","","","","","","","",5,1,"","","","","","","","","","","","","","","","","","","","","","","","","","","","","","","","","","","","","","","","","","","","","","","","","","","","","",""
"35049001","CANCALE",48.711667,-1.843333,40,1981100321,"","","","",10.,1,220,1,"","","","","","","","","","","","","","","","","","","","","","","","","","","","",10.,1,7.3,1,"","","","","","","","","","","","","","","","","","","","","","","","","","",85,1,"","","","","","","","","","","","",10.4,1,996.7,1,"","","","","","",3,1,0,1,3,1,0,1,0,1,"","","","","","","","","","","","","","","","","","","","","","","","",20000,1,"","",0,1,"","","","","","","","","","","","",5,1,"","","","","","","","","","","","","","","","","","","","","","","","","","","","","","","","","","","","","","","","","","","","","","","","","","","","","",""
"35049001","CANCALE",48.711667,-1.843333,40,1981100400,"","","","",13.,1,240,1,"","","","","","","","","","","","","","","","","","","","","","","","","","","","",10.2,1,7.,1,"","","","","","","","","","","","","","","","","","","","","","","","","","",82,1,"","","","","","","","","","","","",10.2,1,997.9,1,"","","","","","",0,1,"","",0,1,0,1,0,1,"","","","","","","","","","","","","","","","","","","","","","","","",25000,1,"","",0,1,"","","","","","","","","","","","",5,1,"","","","","","","","","","","","","","","","","","","","","","","","","","","","","","","","","","","","","","","","","","","","","","","","","","","","","",""
"35049001","CANCALE",48.711667,-1.843333,40,1981100403,"","","","",11.,1,240,1,"","","","","","","","","","","","","","","","","","","","","","","","","","","","",10.6,1,7.,1,"","","","","","","","","","","","","","","","","","","","","","","","","","",80,1,"","","","","","","","","","","","",10.2,1,999.4,1,"","","","","","",0,1,"","",0,1,0,1,0,1,"","","","","","","","","","","","","","","","","","","","","","","","",25000,1,"","",0,1,"","","","","","","","","","","","",5,1,"","","","","","","","","","","","","","","","","","","","","","","","","","","","","","","","","","","","","","","","","","","","","","","","","","","","","",""
"35049001","CANCALE",48.711667,-1.843333,40,1981100406,"","","","",9.,1,240,1,"","","","","","","","","","","","","","","","","","","","","","","","","","","","",10.4,1,7.2,1,"","","","","","","","","","","","","","","","","","","","","","","","","","",82,1,"","","","","","","","","","","","",10.3,1,1000.7,1,"","","","","","",5,1,5,1,0,1,7,1,0,1,"","","","","","","","","","","","","","","","","","","","","","","","",25000,1,"","",0,1,"","","","",1,1,"","","","","","",4,1,"","","","","","","","","","","","","","","","","","","","","","","","","","","","","","","","","","","","","","","","","","","","","","","","","","","","","",""
"35049001","CANCALE",48.711667,-1.843333,40,1981100409,"","","","",8.,1,220,1,"","","","","","","","","","","","","","","","","","","","","","","","","","","","",11.6,1,8.1,1,"","","","","","","","","","","","","","","","","","","","","","","","","","",81,1,"","","","","","","","","","","","",11.,1,1002.4,1,"","","","","","",8,1,8,1,2,1,7,1,"","","","","","","","","","","","","","","","","","","","","","","","","","",30000,1,"","",2,1,2,1,"","","","","","","","","","",4,1,"","","","","","","","","","","","","","","","","","","","","","","","","","","","","","","","","","","","","","","","","","","","","","","","","","","","","",""
"35049001","CANCALE",48.711667,-1.843333,40,1981100412,"","","","",8.,1,220,1,"","","","","","","","","","","","","","","","","","","","","","","","","","","","",13.5,1,7.8,1,"","","","","","","","","","","","","","","","","","","","","","","","","","",70,1,"","","","","","","","","","","","",10.8,1,1003.9,1,"","","","","","",8,1,8,1,2,1,7,1,"","","","","","","","","","","","","","","","","","","","","","","","","","",35000,1,"","",2,1,2,1,"","","","","","","","","","",4,1,"","","","","","","","","","","","","","","","","","","","","","","","","","","","","","","","","","","","","","","","","","","","","","","","","","","","","",""
"35049001","CANCALE",48.711667,-1.843333,40,1981100415,"","","","",5.,1,220,1,"","","","","","","","","","","","","","","","","","","","","","","","","","","","",14.4,1,8.6,1,"","","","","","","","","","","","","","","","","","","","","","","","","","",70,1,"","","","","","","","","","","","",11.4,1,1004.2,1,"","","","","","",7,1,7,1,2,1,7,1,"","","","","","","","","","","","","","","","","","","","","","","","","","",35000,1,"","",2,1,2,1,"","","","","","","","","","",3,1,"","","","","","","","","","","","","","","","","","","","","","","","","","","","","","","","","","","","","","","","","","","","","","","","","","","","","",""
"35049001","CANCALE",48.711667,-1.843333,40,1981100418,"","","","",4.,1,160,1,"","","","","","","","","","","","","","","","","","","","","","","","","","","","",12.6,1,9.8,1,"","","","","","","","","","","","","","","","","","","","","","","","","","",85,1,"","","","","","","","","","","","",12.4,1,1005.5,1,"","","","","","",5,1,5,1,2,1,7,1,0,1,"","","","","","","","","","","","","","","","","","","","","","","","",35000,1,"","",1,1,2,1,"","","","","","","","","","",3,1,"","","","","","","","","","","","","","","","","","","","","","","","","","","","","","","","","","","","","","","","","","","","","","","","","","","","","",""
"35049001","CANCALE",48.711667,-1.843333,40,1981100421,"","","","",5.,1,180,1,"","","","","","","","","","","","","","","","","","","","","","","","","","","","",11.2,1,9.5,1,"","","","","","","","","","","","","","","","","","","","","","","","","","",91,1,"","","","","","","","","","","","",12.1,1,1005.8,1,"","","","","","",4,1,0,1,2,1,4,1,0,1,"","","","","","","","","","","","","","","","","","","","","","","","",25000,1,"","",0,1,"","","","","","","","","","","","",3,1,"","","","","","","","","","","","","","","","","","","","","","","","","","","","","","","","","","","","","","","","","","","","","","","","","","","","","",""
"35049001","CANCALE",48.711667,-1.843333,40,1981100500,"","","","",5.,1,180,1,"","","","","","","","","","","","","","","","","","","","","","","","","","","","",10.6,1,9.8,1,"","","","","","","","","","","","","","","","","","","","","","","","","","",98,1,"","","","","","","","","","","","",12.4,1,1006.,1,"","","","","","",0,1,"","",0,1,0,1,0,1,"","","","","","","","","","","","","","","","","","","","","","","","",25000,1,"","",0,1,"","","","","","","","","","","","",3,1,"","","","","","","","","","","","","","","","","","","","","","","","","","","","","","","","","","","","","","","","","","","","","","","","","","","","","",""
"35049001","CANCALE",48.711667,-1.843333,40,1981100503,"","","","",4.,1,220,1,"","","","","","","","","","","","","","","","","","","","","","","","","","","","",11.4,1,10.3,1,"","","","","","","","","","","","","","","","","","","","","","","","","","",95,1,"","","","","","","","","","","","",12.8,1,1006.6,1,"","","","","","",3,1,0,1,0,1,4,1,0,1,"","","","","","","","","","","","","","","","","","","","","","","","",25000,1,"","",0,1,"","","","","","","","","","","","",3,1,"","","","","","","","","","","","","","","","","","","","","","","","","","","","","","","","","","","","","","","","","","","","","","","","","","","","","",""
"35049001","CANCALE",48.711667,-1.843333,40,1981100506,"","","","",5.,1,220,1,"","","","","","","","","","","","","","","","","","","","","","","","","","","","",10.8,1,9.3,1,"","","","","","","","","","","","","","","","","","","","","","","","","","",92,1,"","","","","","","","","","","","",12.,1,1006.3,1,"","","","","","",3,1,0,1,8,1,0,1,0,1,"","","","","","","","","","","","","","","","","","","","","","","","",18000,1,"","",0,1,"","","","",1,1,"","","","","","",3,1,"","","","","","","","","","","","","","","","","","","","","","","","","","","","","","","","","","","","","","","","","","","","","","","","","","","","","",""
"35049001","CANCALE",48.711667,-1.843333,40,1981100509,"","","","",4.,1,260,1,"","","","","","","","","","","","","","","","","","","","","","","","","","","","",13.7,1,9.9,1,"","","","","","","","","","","","","","","","","","","","","","","","","","",80,1,"","","","","","","","","","","","",12.5,1,1008.2,1,"","","","","","",3,1,0,1,2,1,4,1,0,1,"","","","","","","","","","","","","","","","","","","","","","","","",30000,1,"","",2,1,0,1,"","","","","","","","","","",3,1,"","","","","","","","","","","","","","","","","","","","","","","","","","","","","","","","","","","","","","","","","","","","","","","","","","","","","",""
"35049001","CANCALE",48.711667,-1.843333,40,1981100512,"","","","",2.,1,260,1,"","","","","","","","","","","","","","","","","","","","","","","","","","","","",15.4,1,11.4,1,"","","","","","","","","","","","","","","","","","","","","","","","","","",79,1,"","","","","","","","","","","","",13.8,1,1008.7,1,"","","","","","",5,1,0,1,2,1,0,1,2,1,"","","","","","","","","","","","","","","","","","","","","","","","",40000,1,"","",2,1,1,1,"","","","","","","","","","",2,1,"","","","","","","","","","","","","","","","","","","","","","","","","","","","","","","","","","","","","","","","","","","","","","","","","","","","","",""
"35049001","CANCALE",48.711667,-1.843333,40,1981100515,"","","","",3.,1,180,1,"","","","","","","","","","","","","","","","","","","","","","","","","","","","",16.1,1,10.6,1,"","","","","","","","","","","","","","","","","","","","","","","","","","",71,1,"","","","","","","","","","","","",13.1,1,1008.3,1,"","","","","","",7,1,7,1,4,1,0,1,8,1,"","","","","","","","","","","","","","","","","","","","","","","","",40000,1,"","",2,1,2,1,"","","","","","","","","","",2,1,"","","","","","","","","","","","","","","","","","","","","","","","","","","","","","","","","","","","","","","","","","","","","","","","","","","","","",""
"35049001","CANCALE",48.711667,-1.843333,40,1981100518,"","","","",2.,1,160,1,"","","","","","","","","","","","","","","","","","","","","","","","","","","","",14.6,1,11.5,1,"","","","","","","","","","","","","","","","","","","","","","","","","","",84,1,"","","","","","","","","","","","",13.9,1,1008.3,1,"","","","","","",7,1,7,1,0,1,0,1,8,1,"","","","","","","","","","","","","","","","","","","","","","","","",25000,1,"","",2,1,2,1,"","","","","","","","","","",2,1,"","","","","","","","","","","","","","","","","","","","","","","","","","","","","","","","","","","","","","","","","","","","","","","","","","","","","",""
"35049001","CANCALE",48.711667,-1.843333,40,1981100521,"","","","",2.,1,140,1,"","","","","","","","","","","","","","","","","","","","","","","","","","","","",13.8,1,11.8,1,"","","","","","","","","","","","","","","","","","","","","","","","","","",90,1,"","","","","","","","","","","","",14.2,1,1008.,1,"","","","","","",8,1,8,1,0,1,0,1,7,1,"","","","","","","","","","","","","","","","","","","","","","","","",25000,1,"","",0,1,"","","","","","","","","","","","",2,1,"","","","","","","","","","","","","","","","","","","","","","","","","","","","","","","","","","","","","","","","","","","","","","","","","","","","","",""
"35049001","CANCALE",48.711667,-1.843333,40,1981100600,"","","","",4.,1,80,1,"","","","","","","","","","","","","","","","","","","","","","","","","","","","",13.9,1,12.2,1,"","","","","","","","","","","","","","","","","","","","","","","","","","",92,1,"","","","","","","","","","","","",14.6,1,1006.3,1,"","","","","","",8,1,8,1,0,1,7,1,"","","","","","","","","","","","","","","","","","","","","","","","","","",25000,1,"","",0,1,"","","","","","","","","","","","",2,1,"","","","","","","","","","","","","","","","","","","","","","","","","","","","","","","","","","","","","","","","","","","","","","","","","","","","","",""
"35049001","CANCALE",48.711667,-1.843333,40,1981100603,"","","","",6.,1,80,1,"","","","","","","","","","","","","","","","","","","","","","","","","","","","",13.7,1,13.7,1,"","","","","","","","","","","","","","","","","","","","","","","","","","",99,1,"","","","","","","","","","","","",15.5,1,1003.9,1,"","","","","","",7,1,7,1,5,1,"","","","","","","","","","","","","","","","","","","","","","","","","","","","",15000,1,"","",0,1,"","","","","","","","","","","","",2,1,"","","","","","","","","","","","","","","","","","","","","","","","","","","","","","","","","","","","","","","","","","","","","","","","","","","","","",""
"35049001","CANCALE",48.711667,-1.843333,40,1981100606,"","","","",6.,1,100,1,"","","","","","","","","","","","","","","","","","","","","","","","","","","","",13.8,1,13.,1,"","","","","","","","","","","","","","","","","","","","","","","","","","",98,1,"","","","","","","","","","","","",15.4,1,1002.,1,"","","","","","",8,1,8,1,5,1,"","","","","","","","","","","","","","","","","","","","","","","","","","","","",6000,1,"","",0,1,"","","","",1,1,"","","","","","",1,1,"","","","","","","","","","","","","","","","","","","","","","","","","","","","","","","","","","","","","","","","","","","","","","","","","","","","","",""
"35049001","CANCALE",48.711667,-1.843333,40,1981100609,"","","","",6.,1,80,1,"","","","","","","","","","","","","","","","","","","","","","","","","","","","",14.4,1,13.6,1,"","","","","","","","","","","","","","","","","","","","","","","","","","",98,1,"","","","","","","","","","","","",16.,1,1000.,1,"","","","","","",8,1,8,1,7,1,"","","","","","","","","","","","","","","","","","","","","","","","","","","","",5000,1,"","",61,1,2,1,"","","","","","","","","","",2,1,"","","","","","","","","","","","","","","","","","","","","","","","","","","","","","","","","","","","","","","","","","","","","","","","","","","","","",""
"35049001","CANCALE",48.711667,-1.843333,40,1981100612,"","","","",9.,1,200,1,"","","","","","","","","","","","","","","","","","","","","","","","","","","","",14.8,1,12.6,1,"","","","","","","","","","","","","","","","","","","","","","","","","","",89,1,"","","","","","","","","","","","",15.,1,1001.4,1,"","","","","","",7,1,7,1,8,1,"","","","","","","","","","","","","","","","","","","","","","","","","","","","",20000,1,"","",21,1,9,1,"","","","","","","","","","",3,1,"","","","","","","","","","","","","","","","","","","","","","","","","","","","","","","","","","","","","","","","","","","","","","","","","","","","","",""
"35049001","CANCALE",48.711667,-1.843333,40,1981100615,"","","","",11.,1,260,1,"","","","","","","","","","","","","","","","","","","","","","","","","","","","",17.,1,13.1,1,"","","","","","","","","","","","","","","","","","","","","","","","","","",80,1,"","","","","","","","","","","","",15.5,1,1002.4,1,"","","","","","",7,1,7,1,8,1,"","","","","","","","","","","","","","","","","","","","","","","","","","","","",20000,1,"","",2,1,2,1,"","","","","","","","","","",3,1,"","","","","","","","","","","","","","","","","","","","","","","","","","","","","","","","","","","","","","","","","","","","","","","","","","","","","",""
"35049001","CANCALE",48.711667,-1.843333,40,1981100618,"","","","",6.,1,200,1,"","","","","","","","","","","","","","","","","","","","","","","","","","","","",14.5,1,13.2,1,"","","","","","","","","","","","","","","","","","","","","","","","","","",94,1,"","","","","","","","","","","","",15.6,1,1004.3,1,"","","","","","",5,1,5,1,8,1,0,1,0,1,"","","","","","","","","","","","","","","","","","","","","","","","",20000,1,"","",2,1,2,1,"","","","","","","","","","",3,1,"","","","","","","","","","","","","","","","","","","","","","","","","","","","","","","","","","","","","","","","","","","","","","","","","","","","","",""
"35049001","CANCALE",48.711667,-1.843333,40,1981100621,"","","","",14.,1,260,1,"","","","","","","","","","","","","","","","","","","","","","","","","","","","",13.4,1,10.4,1,"","","","","","","","","","","","","","","","","","","","","","","","","","",84,1,"","","","","","","","","","","","",12.9,1,1010.4,1,"","","","","","",5,1,5,1,8,1,0,1,0,1,"","","","","","","","","","","","","","","","","","","","","","","","",20000,1,"","",0,1,"","","","","","","","","","","","",4,1,"","","","","","","","","","","","","","","","","","","","","","","","","","","","","","","","","","","","","","","","","","","","","","","","","","","","","",""
"35049001","CANCALE",48.711667,-1.843333,40,1981100700,"","","","",10.,1,220,1,"","","","","","","","","","","","","","","","","","","","","","","","","","","","",10.4,1,8.1,1,"","","","","","","","","","","","","","","","","","","","","","","","","","",88,1,"","","","","","","","","","","","",11.,1,1012.7,1,"","","","","","",2,1,0,1,5,1,0,1,0,1,"","","","","","","","","","","","","","","","","","","","","","","","",20000,1,"","",0,1,"","","","","","","","","","","","",4,1,"","","","","","","","","","","","","","","","","","","","","","","","","","","","","","","","","","","","","","","","","","","","","","","","","","","","","",""
"35049001","CANCALE",48.711667,-1.843333,40,1981100703,"","","","",9.,1,240,1,"","","","","","","","","","","","","","","","","","","","","","","","","","","","",11.2,1,9.4,1,"","","","","","","","","","","","","","","","","","","","","","","","","","",90,1,"","","","","","","","","","","","",12.,1,1015.4,1,"","","","","","",2,1,0,1,5,1,0,1,0,1,"","","","","","","","","","","","","","","","","","","","","","","","",25000,1,"","",0,1,"","","","","","","","","","","","",4,1,"","","","","","","","","","","","","","","","","","","","","","","","","","","","","","","","","","","","","","","","","","","","","","","","","","","","","",""
"35049001","CANCALE",48.711667,-1.843333,40,1981100706,"","","","",8.,1,220,1,"","","","","","","","","","","","","","","","","","","","","","","","","","","","",10.4,1,8.4,1,"","","","","","","","","","","","","","","","","","","","","","","","","","",89,1,"","","","","","","","","","","","",11.2,1,1018.6,1,"","","","","","",3,1,0,1,2,1,4,1,0,1,"","","","","","","","","","","","","","","","","","","","","","","","",16000,1,"","",0,1,"","","","",1,1,"","","","","","",3,1,"","","","","","","","","","","","","","","","","","","","","","","","","","","","","","","","","","","","","","","","","","","","","","","","","","","","","",""
"35049001","CANCALE",48.711667,-1.843333,40,1981100709,"","","","",7.,1,220,1,"","","","","","","","","","","","","","","","","","","","","","","","","","","","",12.7,1,9.9,1,"","","","","","","","","","","","","","","","","","","","","","","","","","",85,1,"","","","","","","","","","","","",12.4,1,1020.7,1,"","","","","","",8,1,8,1,8,1,"","","","","","","","","","","","","","","","","","","","","","","","","","","","",25000,1,"","",3,1,1,1,"","","","","","","","","","",3,1,"","","","","","","","","","","","","","","","","","","","","","","","","","","","","","","","","","","","","","","","","","","","","","","","","","","","","",""
"35049001","CANCALE",48.711667,-1.843333,40,1981100712,"","","","",8.,1,220,1,"","","","","","","","","","","","","","","","","","","","","","","","","","","","",14.8,1,11.2,1,"","","","","","","","","","","","","","","","","","","","","","","","","","",81,1,"","","","","","","","","","","","",13.6,1,1021.9,1,"","","","","","",7,1,7,1,8,1,"","","","","","","","","","","","","","","","","","","","","","","","","","","","",35000,1,"","",2,1,1,1,"","","","","","","","","","",3,1,"","","","","","","","","","","","","","","","","","","","","","","","","","","","","","","","","","","","","","","","","","","","","","","","","","","","","",""
"35049001","CANCALE",48.711667,-1.843333,40,1981100715,"","","","",9.,1,260,1,"","","","","","","","","","","","","","","","","","","","","","","","","","","","",16.,1,12.1,1,"","","","","","","","","","","","","","","","","","","","","","","","","","",79,1,"","","","","","","","","","","","",14.4,1,1022.2,1,"","","","","","",6,1,5,1,2,1,3,1,1,1,"","","","","","","","","","","","","","","","","","","","","","","","",40000,1,"","",1,1,2,1,"","","","","","","","","","",3,1,"","","","","","","","","","","","","","","","","","","","","","","","","","","","","","","","","","","","","","","","","","","","","","","","","","","","","",""
"35049001","CANCALE",48.711667,-1.843333,40,1981100718,"","","","",6.,1,200,1,"","","","","","","","","","","","","","","","","","","","","","","","","","","","",14.7,1,11.2,1,"","","","","","","","","","","","","","","","","","","","","","","","","","",82,1,"","","","","","","","","","","","",13.6,1,1022.6,1,"","","","","","",4,1,0,1,5,1,6,1,0,1,"","","","","","","","","","","","","","","","","","","","","","","","",35000,1,"","",2,1,1,1,"","","","","","","","","","",3,1,"","","","","","","","","","","","","","","","","","","","","","","","","","","","","","","","","","","","","","","","","","","","","","","","","","","","","",""
"35049001","CANCALE",48.711667,-1.843333,40,1981100721,"","","","",5.,1,180,1,"","","","","","","","","","","","","","","","","","","","","","","","","","","","",12.,1,10.6,1,"","","","","","","","","","","","","","","","","","","","","","","","","","",93,1,"","","","","","","","","","","","",13.,1,1022.8,1,"","","","","","",0,1,"","",0,1,0,1,0,1,"","","","","","","","","","","","","","","","","","","","","","","","",28000,1,"","",0,1,"","","","","","","","","","","","",3,1,"","","","","","","","","","","","","","","","","","","","","","","","","","","","","","","","","","","","","","","","","","","","","","","","","","","","","",""
"35049001","CANCALE",48.711667,-1.843333,40,1981100800,"","","","",6.,1,160,1,"","","","","","","","","","","","","","","","","","","","","","","","","","","","",10.6,1,9.7,1,"","","","","","","","","","","","","","","","","","","","","","","","","","",96,1,"","","","","","","","","","","","",12.3,1,1022.3,1,"","","","","","",2,1,0,1,0,1,4,1,0,1,"","","","","","","","","","","","","","","","","","","","","","","","",30000,1,"","",0,1,"","","","","","","","","","","","",3,1,"","","","","","","","","","","","","","","","","","","","","","","","","","","","","","","","","","","","","","","","","","","","","","","","","","","","","",""
"35049001","CANCALE",48.711667,-1.843333,40,1981100803,"","","","",6.,1,160,1,"","","","","","","","","","","","","","","","","","","","","","","","","","","","",11.9,1,10.7,1,"","","","","","","","","","","","","","","","","","","","","","","","","","",95,1,"","","","","","","","","","","","",13.2,1,1021.4,1,"","","","","","",3,1,0,1,5,1,0,1,0,1,"","","","","","","","","","","","","","","","","","","","","","","","",30000,1,"","",0,1,"","","","","","","","","","","","",3,1,"","","","","","","","","","","","","","","","","","","","","","","","","","","","","","","","","","","","","","","","","","","","","","","","","","","","","",""
"35049001","CANCALE",48.711667,-1.843333,40,1981100806,"","","","",5.,1,160,1,"","","","","","","","","","","","","","","","","","","","","","","","","","","","",11.9,1,10.6,1,"","","","","","","","","","","","","","","","","","","","","","","","","","",94,1,"","","","","","","","","","","","",13.1,1,1020.6,1,"","","","","","",7,1,7,1,2,1,7,1,"","","","","","","","","","","","","","","","","","","","","","","","","","",25000,1,"","",0,1,"","","","",0,1,"","","","","","",2,1,"","","","","","","","","","","","","","","","","","","","","","","","","","","","","","","","","","","","","","","","","","","","","","","","","","","","","",""
"35049001","CANCALE",48.711667,-1.843333,40,1981100809,"","","","",6.,1,160,1,"","","","","","","","","","","","","","","","","","","","","","","","","","","","",14.8,1,12.,1,"","","","","","","","","","","","","","","","","","","","","","","","","","",86,1,"","","","","","","","","","","","",14.4,1,1020.3,1,"","","","","","",7,1,7,1,2,1,7,1,"","","","","","","","","","","","","","","","","","","","","","","","","","",30000,1,"","",2,1,2,1,"","","","","","","","","","",2,1,"","","","","","","","","","","","","","","","","","","","","","","","","","","","","","","","","","","","","","","","","","","","","","","","","","","","","",""
"35049001","CANCALE",48.711667,-1.843333,40,1981100812,"","","","",6.,1,200,1,"","","","","","","","","","","","","","","","","","","","","","","","","","","","",16.4,1,12.6,1,"","","","","","","","","","","","","","","","","","","","","","","","","","",80,1,"","","","","","","","","","","","",15.,1,1020.,1,"","","","","","",7,1,6,1,2,1,7,1,"","","","","","","","","","","","","","","","","","","","","","","","","","",30000,1,"","",2,1,2,1,"","","","","","","","","","",3,1,"","","","","","","","","","","","","","","","","","","","","","","","","","","","","","","","","","","","","","","","","","","","","","","","","","","","","",""
"35049001","CANCALE",48.711667,-1.843333,40,1981100815,"","","","",5.,1,140,1,"","","","","","","","","","","","","","","","","","","","","","","","","","","","",17.5,1,13.6,1,"","","","","","","","","","","","","","","","","","","","","","","","","","",80,1,"","","","","","","","","","","","",16.,1,1017.8,1,"","","","","","",7,1,0,1,2,1,4,1,2,1,"","","","","","","","","","","","","","","","","","","","","","","","",30000,1,"","",2,1,2,1,"","","","","","","","","","",3,1,"","","","","","","","","","","","","","","","","","","","","","","","","","","","","","","","","","","","","","","","","","","","","","","","","","","","","",""
"35049001","CANCALE",48.711667,-1.843333,40,1981100818,"","","","",4.,1,160,1,"","","","","","","","","","","","","","","","","","","","","","","","","","","","",15.3,1,13.1,1,"","","","","","","","","","","","","","","","","","","","","","","","","","",89,1,"","","","","","","","","","","","",15.5,1,1016.4,1,"","","","","","",6,1,6,1,0,1,7,1,0,1,"","","","","","","","","","","","","","","","","","","","","","","","",20000,1,"","",2,1,2,1,"","","","","","","","","","",2,1,"","","","","","","","","","","","","","","","","","","","","","","","","","","","","","","","","","","","","","","","","","","","","","","","","","","","","",""
"35049001","CANCALE",48.711667,-1.843333,40,1981100821,"","","","",5.,1,160,1,"","","","","","","","","","","","","","","","","","","","","","","","","","","","",14.2,1,12.3,1,"","","","","","","","","","","","","","","","","","","","","","","","","","",91,1,"","","","","","","","","","","","",14.7,1,1015.6,1,"","","","","","",7,1,7,1,0,1,7,1,"","","","","","","","","","","","","","","","","","","","","","","","","","",18000,1,"","",0,1,"","","","","","","","","","","","",3,1,"","","","","","","","","","","","","","","","","","","","","","","","","","","","","","","","","","","","","","","","","","","","","","","","","","","","","",""
"35049001","CANCALE",48.711667,-1.843333,40,1981100900,"","","","",7.,1,160,1,"","","","","","","","","","","","","","","","","","","","","","","","","","","","",13.5,1,12.5,1,"","","","","","","","","","","","","","","","","","","","","","","","","","",97,1,"","","","","","","","","","","","",14.9,1,1012.2,1,"","","","","","",7,1,7,1,0,1,7,1,"","","","","","","","","","","","","","","","","","","","","","","","","","",15000,1,"","",0,1,"","","","","","","","","","","","",3,1,"","","","","","","","","","","","","","","","","","","","","","","","","","","","","","","","","","","","","","","","","","","","","","","","","","","","","",""
"35049001","CANCALE",48.711667,-1.843333,40,1981100903,"","","","",7.,1,180,1,"","","","","","","","","","","","","","","","","","","","","","","","","","","","",14.3,1,12.3,1,"","","","","","","","","","","","","","","","","","","","","","","","","","",90,1,"","","","","","","","","","","","",14.7,1,1009.2,1,"","","","","","",8,1,8,1,0,1,7,1,"","","","","","","","","","","","","","","","","","","","","","","","","","",15000,1,"","",0,1,"","","","","","","","","","","","",3,1,"","","","","","","","","","","","","","","","","","","","","","","","","","","","","","","","","","","","","","","","","","","","","","","","","","","","","",""
"35049001","CANCALE",48.711667,-1.843333,40,1981100906,"","","","",7.,1,180,1,"","","","","","","","","","","","","","","","","","","","","","","","","","","","",14.3,1,13.,1,"","","","","","","","","","","","","","","","","","","","","","","","","","",94,1,"","","","","","","","","","","","",15.4,1,1007.8,1,"","","","","","",8,1,8,1,5,1,"","","","","","","","","","","","","","","","","","","","","","","","","","","","",25000,1,"","",0,1,"","","","",2,1,"","","","","","",3,1,"","","","","","","","","","","","","","","","","","","","","","","","","","","","","","","","","","","","","","","","","","","","","","","","","","","","","",""
"35049001","CANCALE",48.711667,-1.843333,40,1981100909,"","","","",9.,1,220,1,"","","","","","","","","","","","","","","","","","","","","","","","","","","","",15.6,1,11.8,1,"","","","","","","","","","","","","","","","","","","","","","","","","","",81,1,"","","","","","","","","","","","",14.2,1,1008.2,1,"","","","","","",8,1,6,1,8,1,"","","","","","","","","","","","","","","","","","","","","","","","","","","","",25000,1,"","",2,1,8,1,"","","","","","","","","","",3,1,"","","","","","","","","","","","","","","","","","","","","","","","","","","","","","","","","","","","","","","","","","","","","","","","","","","","","",""
"35049001","CANCALE",48.711667,-1.843333,40,1981100912,"","","","",10.,1,220,1,"","","","","","","","","","","","","","","","","","","","","","","","","","","","",15.3,1,10.1,1,"","","","","","","","","","","","","","","","","","","","","","","","","","",72,1,"","","","","","","","","","","","",12.6,1,1008.8,1,"","","","","","",8,1,8,1,8,1,"","","","","","","","","","","","","","","","","","","","","","","","","","","","",28000,1,"","",3,1,8,1,"","","","","","","","","","",4,1,"","","","","","","","","","","","","","","","","","","","","","","","","","","","","","","","","","","","","","","","","","","","","","","","","","","","","",""
"35049001","CANCALE",48.711667,-1.843333,40,1981100915,"","","","",13.,1,240,1,"","","","","","","","","","","","","","","","","","","","","","","","","","","","",14.2,1,11.1,1,"","","","","","","","","","","","","","","","","","","","","","","","","","",83,1,"","","","","","","","","","","","",13.5,1,1009.2,1,"","","","","","",7,1,7,1,9,1,"","","","","","","","","","","","","","","","","","","","","","","","","","","","",17000,1,"","",25,1,8,1,"","","","","","","","","","",5,1,"","","","","","","","","","","","","","","","","","","","","","","","","","","","","","","","","","","","","","","","","","","","","","","","","","","","","",""
"35049001","CANCALE",48.711667,-1.843333,40,1981100918,"","","","",13.,1,240,1,"","","","","","","","","","","","","","","","","","","","","","","","","","","","",12.4,1,9.3,1,"","","","","","","","","","","","","","","","","","","","","","","","","","",84,1,"","","","","","","","","","","","",12.,1,1010.2,1,"","","","","","",6,1,6,1,5,1,0,1,0,1,"","","","","","","","","","","","","","","","","","","","","","","","",18000,1,"","",2,1,8,1,"","","","","","","","","","",5,1,"","","","","","","","","","","","","","","","","","","","","","","","","","","","","","","","","","","","","","","","","","","","","","","","","","","","","",""
"35049001","CANCALE",48.711667,-1.843333,40,1981100921,"","","","",11.,1,240,1,"","","","","","","","","","","","","","","","","","","","","","","","","","","","",12.,1,9.1,1,"","","","","","","","","","","","","","","","","","","","","","","","","","",84,1,"","","","","","","","","","","","",11.8,1,1012.4,1,"","","","","","",8,1,8,1,8,1,"","","","","","","","","","","","","","","","","","","","","","","","","","","","",18000,1,"","",0,1,"","","","","","","","","","","","",5,1,"","","","","","","","","","","","","","","","","","","","","","","","","","","","","","","","","","","","","","","","","","","","","","","","","","","","","",""
"35049001","CANCALE",48.711667,-1.843333,40,1981101000,"","","","",11.,1,240,1,"","","","","","","","","","","","","","","","","","","","","","","","","","","","",11.7,1,9.3,1,"","","","","","","","","","","","","","","","","","","","","","","","","","",87,1,"","","","","","","","","","","","",12.,1,1013.8,1,"","","","","","",8,1,8,1,8,1,"","","","","","","","","","","","","","","","","","","","","","","","","","","","",22000,1,"","",0,1,"","","","","","","","","","","","",5,1,"","","","","","","","","","","","","","","","","","","","","","","","","","","","","","","","","","","","","","","","","","","","","","","","","","","","","",""
"35049001","CANCALE",48.711667,-1.843333,40,1981101003,"","","","",8.,1,240,1,"","","","","","","","","","","","","","","","","","","","","","","","","","","","",11.,1,8.7,1,"","","","","","","","","","","","","","","","","","","","","","","","","","",87,1,"","","","","","","","","","","","",11.5,1,1014.3,1,"","","","","","",6,1,6,1,0,1,1,1,0,1,"","","","","","","","","","","","","","","","","","","","","","","","",24000,1,"","",0,1,"","","","","","","","","","","","",4,1,"","","","","","","","","","","","","","","","","","","","","","","","","","","","","","","","","","","","","","","","","","","","","","","","","","","","","",""
"35049001","CANCALE",48.711667,-1.843333,40,1981101006,"","","","",6.,1,200,1,"","","","","","","","","","","","","","","","","","","","","","","","","","","","",10.8,1,8.9,1,"","","","","","","","","","","","","","","","","","","","","","","","","","",90,1,"","","","","","","","","","","","",11.6,1,1013.8,1,"","","","","","",8,1,8,1,0,1,2,1,"","","","","","","","","","","","","","","","","","","","","","","","","","",20000,1,"","",0,1,"","","","",1,1,"","","","","","",4,1,"","","","","","","","","","","","","","","","","","","","","","","","","","","","","","","","","","","","","","","","","","","","","","","","","","","","","",""
"35049001","CANCALE",48.711667,-1.843333,40,1981101009,"","","","",6.,1,180,1,"","","","","","","","","","","","","","","","","","","","","","","","","","","","",10.4,1,9.7,1,"","","","","","","","","","","","","","","","","","","","","","","","","","",98,1,"","","","","","","","","","","","",12.3,1,1011.2,1,"","","","","","",8,1,8,1,7,1,"","","","","","","","","","","","","","","","","","","","","","","","","","","","",4000,1,"","",61,1,6,1,"","","","","","","","","","",4,1,"","","","","","","","","","","","","","","","","","","","","","","","","","","","","","","","","","","","","","","","","","","","","","","","","","","","","",""
"35049001","CANCALE",48.711667,-1.843333,40,1981101012,"","","","",11.,1,160,1,"","","","","","","","","","","","","","","","","","","","","","","","","","","","",12.6,1,12.6,1,"","","","","","","","","","","","","","","","","","","","","","","","","","",100,1,"","","","","","","","","","","","",14.6,1,1003.,1,"","","","","","",8,1,8,1,7,1,"","","","","","","","","","","","","","","","","","","","","","","","","","","","",4000,1,"","",61,1,6,1,"","","","","","","","","","",5,1,"","","","","","","","","","","","","","","","","","","","","","","","","","","","","","","","","","","","","","","","","","","","","","","","","","","","","",""
"35049001","CANCALE",48.711667,-1.843333,40,1981101015,"","","","",13.,1,240,1,"","","","","","","","","","","","","","","","","","","","","","","","","","","","",16.4,1,14.6,1,"","","","","","","","","","","","","","","","","","","","","","","","","","",91,1,"","","","","","","","","","","","",17.1,1,1000.2,1,"","","","","","",8,1,8,1,7,1,"","","","","","","","","","","","","","","","","","","","","","","","","","","","",5000,1,"","",61,1,6,1,"","","","","","","","","","",5,1,"","","","","","","","","","","","","","","","","","","","","","","","","","","","","","","","","","","","","","","","","","","","","","","","","","","","","",""
"35049001","CANCALE",48.711667,-1.843333,40,1981101018,"","","","",15.,1,260,1,"","","","","","","","","","","","","","","","","","","","","","","","","","","","",15.8,1,14.8,1,"","","","","","","","","","","","","","","","","","","","","","","","","","",97,1,"","","","","","","","","","","","",17.4,1,1001.,1,"","","","","","",8,1,8,1,7,1,"","","","","","","","","","","","","","","","","","","","","","","","","","","","",4000,1,"","",61,1,6,1,"","","","","","","","","","",5,1,"","","","","","","","","","","","","","","","","","","","","","","","","","","","","","","","","","","","","","","","","","","","","","","","","","","","","",""
"35049001","CANCALE",48.711667,-1.843333,40,1981101021,"","","","",20.,1,260,1,"","","","","","","","","","","","","","","","","","","","","","","","","","","","",15.6,1,13.8,1,"","","","","","","","","","","","","","","","","","","","","","","","","","",92,1,"","","","","","","","","","","","",16.2,1,1001.5,1,"","","","","","",8,1,8,1,7,1,"","","","","","","","","","","","","","","","","","","","","","","","","","","","",4000,1,"","",61,1,"","","","","","","","","","","","",5,1,"","","","","","","","","","","","","","","","","","","","","","","","","","","","","","","","","","","","","","","","","","","","","","","","","","","","","",""
"35049001","CANCALE",48.711667,-1.843333,40,1981101100,"","","","",18.,1,260,1,"","","","","","","","","","","","","","","","","","","","","","","","","","","","",14.,1,11.8,1,"","","","","","","","","","","","","","","","","","","","","","","","","","",89,1,"","","","","","","","","","","","",14.2,1,1005.5,1,"","","","","","",8,1,6,1,8,1,"","","","","","","","","","","","","","","","","","","","","","","","","","","","",25000,1,"","",0,1,"","","","","","","","","","","","",5,1,"","","","","","","","","","","","","","","","","","","","","","","","","","","","","","","","","","","","","","","","","","","","","","","","","","","","","",""
"35049001","CANCALE",48.711667,-1.843333,40,1981101103,"","","","",21.,1,260,1,"","","","","","","","","","","","","","","","","","","","","","","","","","","","",13.,1,10.7,1,"","","","","","","","","","","","","","","","","","","","","","","","","","",88,1,"","","","","","","","","","","","",13.2,1,1007.2,1,"","","","","","",8,1,6,1,8,1,"","","","","","","","","","","","","","","","","","","","","","","","","","","","",30000,1,"","",0,1,"","","","","","","","","","","","",5,1,"","","","","","","","","","","","","","","","","","","","","","","","","","","","","","","","","","","","","","","","","","","","","","","","","","","","","",""
"35049001","CANCALE",48.711667,-1.843333,40,1981101106,"","","","",19.,1,260,1,"","","","","","","","","","","","","","","","","","","","","","","","","","","","",12.3,1,9.8,1,"","","","","","","","","","","","","","","","","","","","","","","","","","",87,1,"","","","","","","","","","","","",12.4,1,1010.7,1,"","","","","","",6,1,6,1,8,1,0,1,0,1,"","","","","","","","","","","","","","","","","","","","","","","","",25000,1,"","",0,1,"","","","",1,1,"","","","","","",5,1,"","","","","","","","","","","","","","","","","","","","","","","","","","","","","","","","","","","","","","","","","","","","","","","","","","","","","",""
"35049001","CANCALE",48.711667,-1.843333,40,1981101109,"","","","",15.,1,260,1,"","","","","","","","","","","","","","","","","","","","","","","","","","","","",12.2,1,9.3,1,"","","","","","","","","","","","","","","","","","","","","","","","","","",85,1,"","","","","","","","","","","","",12.,1,1014.6,1,"","","","","","",7,1,6,1,2,1,0,1,1,1,"","","","","","","","","","","","","","","","","","","","","","","","",25000,1,"","",2,1,2,1,"","","","","","","","","","",5,1,"","","","","","","","","","","","","","","","","","","","","","","","","","","","","","","","","","","","","","","","","","","","","","","","","","","","","",""
"35049001","CANCALE",48.711667,-1.843333,40,1981101112,"","","","",11.,1,280,1,"","","","","","","","","","","","","","","","","","","","","","","","","","","","",13.2,1,9.6,1,"","","","","","","","","","","","","","","","","","","","","","","","","","",80,1,"","","","","","","","","","","","",12.2,1,1016.8,1,"","","","","","",6,1,5,1,2,1,0,1,1,1,"","","","","","","","","","","","","","","","","","","","","","","","",35000,1,"","",2,1,2,1,"","","","","","","","","","",4,1,"","","","","","","","","","","","","","","","","","","","","","","","","","","","","","","","","","","","","","","","","","","","","","","","","","","","","",""
"35049001","CANCALE",48.711667,-1.843333,40,1981101115,"","","","",8.,1,260,1,"","","","","","","","","","","","","","","","","","","","","","","","","","","","",12.2,1,9.3,1,"","","","","","","","","","","","","","","","","","","","","","","","","","",85,1,"","","","","","","","","","","","",12.,1,1016.3,1,"","","","","","",5,1,0,1,4,1,3,1,1,1,"","","","","","","","","","","","","","","","","","","","","","","","",40000,1,"","",2,1,2,1,"","","","","","","","","","",4,1,"","","","","","","","","","","","","","","","","","","","","","","","","","","","","","","","","","","","","","","","","","","","","","","","","","","","","",""
"35049001","CANCALE",48.711667,-1.843333,40,1981101118,"","","","",2.,1,260,1,"","","","","","","","","","","","","","","","","","","","","","","","","","","","",11.5,1,5.6,1,"","","","","","","","","","","","","","","","","","","","","","","","","","",67,1,"","","","","","","","","","","","",9.2,1,1014.8,1,"","","","","","",7,1,7,1,0,1,7,1,"","","","","","","","","","","","","","","","","","","","","","","","","","",30000,1,"","",2,1,2,1,"","","","","","","","","","",3,1,"","","","","","","","","","","","","","","","","","","","","","","","","","","","","","","","","","","","","","","","","","","","","","","","","","","","","",""
"35049001","CANCALE",48.711667,-1.843333,40,1981101121,"","","","",5.,1,80,1,"","","","","","","","","","","","","","","","","","","","","","","","","","","","",11.6,1,5.9,1,"","","","","","","","","","","","","","","","","","","","","","","","","","",69,1,"","","","","","","","","","","","",9.4,1,1013.5,1,"","","","","","",8,1,8,1,0,1,7,1,"","","","","","","","","","","","","","","","","","","","","","","","","","",25000,1,"","",61,1,"","","","","","","","","","","","",3,1,"","","","","","","","","","","","","","","","","","","","","","","","","","","","","","","","","","","","","","","","","","","","","","","","","","","","","",""
"35049001","CANCALE",48.711667,-1.843333,40,1981101200,"","","","",6.,1,140,1,"","","","","","","","","","","","","","","","","","","","","","","","","","","","",9.2,1,7.3,1,"","","","","","","","","","","","","","","","","","","","","","","","","","",89,1,"","","","","","","","","","","","",10.4,1,1009.1,1,"","","","","","",8,1,8,1,7,1,"","","","","","","","","","","","","","","","","","","","","","","","","","","","",3500,1,"","",63,1,"","","","","","","","","","","","",4,1,"","","","","","","","","","","","","","","","","","","","","","","","","","","","","","","","","","","","","","","","","","","","","","","","","","","","","",""
"35049001","CANCALE",48.711667,-1.843333,40,1981101203,"","","","",13.,1,140,1,"","","","","","","","","","","","","","","","","","","","","","","","","","","","",8.8,1,7.4,1,"","","","","","","","","","","","","","","","","","","","","","","","","","",93,1,"","","","","","","","","","","","",10.5,1,1002.4,1,"","","","","","",8,1,8,1,7,1,"","","","","","","","","","","","","","","","","","","","","","","","","","","","",3500,1,"","",63,1,"","","","","","","","","","","","",4,1,"","","","","","","","","","","","","","","","","","","","","","","","","","","","","","","","","","","","","","","","","","","","","","","","","","","","","",""
"35049001","CANCALE",48.711667,-1.843333,40,1981101206,"","","","",9.,1,220,1,"","","","","","","","","","","","","","","","","","","","","","","","","","","","",12.5,1,11.4,1,"","","","","","","","","","","","","","","","","","","","","","","","","","",96,1,"","","","","","","","","","","","",13.8,1,1000.4,1,"","","","","","",8,1,8,1,7,1,"","","","","","","","","","","","","","","","","","","","","","","","","","","","",4000,1,"","",60,1,"","","","",2,1,"","","","","","",3,1,"","","","","","","","","","","","","","","","","","","","","","","","","","","","","","","","","","","","","","","","","","","","","","","","","","","","","",""
"35049001","CANCALE",48.711667,-1.843333,40,1981101209,"","","","",20.,1,260,1,"","","","","","","","","","","","","","","","","","","","","","","","","","","","",14.9,1,12.,1,"","","","","","","","","","","","","","","","","","","","","","","","","","",85,1,"","","","","","","","","","","","",14.4,1,1000.7,1,"","","","","","",8,1,8,1,8,1,"","","","","","","","","","","","","","","","","","","","","","","","","","","","",6000,1,"","",25,1,6,1,"","","","","","","","","","",5,1,"","","","","","","","","","","","","","","","","","","","","","","","","","","","","","","","","","","","","","","","","","","","","","","","","","","","","",""
"35049001","CANCALE",48.711667,-1.843333,40,1981101212,"","","","",10.,1,280,1,"","","","","","","","","","","","","","","","","","","","","","","","","","","","",13.9,1,12.2,1,"","","","","","","","","","","","","","","","","","","","","","","","","","",92,1,"","","","","","","","","","","","",14.6,1,1002.8,1,"","","","","","",7,1,7,1,7,1,"","","","","","","","","","","","","","","","","","","","","","","","","","","","",9000,1,"","",21,1,8,1,"","","","","","","","","","",4,1,"","","","","","","","","","","","","","","","","","","","","","","","","","","","","","","","","","","","","","","","","","","","","","","","","","","","","",""
"35049001","CANCALE",48.711667,-1.843333,40,1981101215,"","","","",13.,1,300,1,"","","","","","","","","","","","","","","","","","","","","","","","","","","","",12.5,1,11.1,1,"","","","","","","","","","","","","","","","","","","","","","","","","","",94,1,"","","","","","","","","","","","",13.5,1,1006.7,1,"","","","","","",7,1,7,1,3,1,6,1,0,1,"","","","","","","","","","","","","","","","","","","","","","","","",20000,1,"","",25,1,6,1,"","","","","","","","","","",4,1,"","","","","","","","","","","","","","","","","","","","","","","","","","","","","","","","","","","","","","","","","","","","","","","","","","","","","",""
"35049001","CANCALE",48.711667,-1.843333,40,1981101218,"","","","",13.,1,280,1,"","","","","","","","","","","","","","","","","","","","","","","","","","","","",12.1,1,8.2,1,"","","","","","","","","","","","","","","","","","","","","","","","","","",79,1,"","","","","","","","","","","","",11.1,1,1009.4,1,"","","","","","",7,1,7,1,8,1,"","","","","","","","","","","","","","","","","","","","","","","","","","","","",35000,1,"","",2,1,8,1,"","","","","","","","","","",5,1,"","","","","","","","","","","","","","","","","","","","","","","","","","","","","","","","","","","","","","","","","","","","","","","","","","","","","",""
"35049001","CANCALE",48.711667,-1.843333,40,1981101221,"","","","",15.,1,280,1,"","","","","","","","","","","","","","","","","","","","","","","","","","","","",11.8,1,9.9,1,"","","","","","","","","","","","","","","","","","","","","","","","","","",91,1,"","","","","","","","","","","","",12.5,1,1012.3,1,"","","","","","",3,1,0,1,5,1,0,1,0,1,"","","","","","","","","","","","","","","","","","","","","","","","",35000,1,"","",0,1,"","","","","","","","","","","","",5,1,"","","","","","","","","","","","","","","","","","","","","","","","","","","","","","","","","","","","","","","","","","","","","","","","","","","","","",""
"35049001","CANCALE",48.711667,-1.843333,40,1981101300,"","","","",13.,1,280,1,"","","","","","","","","","","","","","","","","","","","","","","","","","","","",11.6,1,10.5,1,"","","","","","","","","","","","","","","","","","","","","","","","","","",95,1,"","","","","","","","","","","","",13.,1,1014.,1,"","","","","","",7,1,6,1,2,1,7,1,"","","","","","","","","","","","","","","","","","","","","","","","","","",40000,1,"","",0,1,"","","","","","","","","","","","",4,1,"","","","","","","","","","","","","","","","","","","","","","","","","","","","","","","","","","","","","","","","","","","","","","","","","","","","","",""
"35049001","CANCALE",48.711667,-1.843333,40,1981101303,"","","","",13.,1,280,1,"","","","","","","","","","","","","","","","","","","","","","","","","","","","",11.9,1,7.2,1,"","","","","","","","","","","","","","","","","","","","","","","","","","",74,1,"","","","","","","","","","","","",10.3,1,1014.8,1,"","","","","","",5,1,5,1,2,1,7,1,0,1,"","","","","","","","","","","","","","","","","","","","","","","","",30000,1,"","",0,1,"","","","","","","","","","","","",4,1,"","","","","","","","","","","","","","","","","","","","","","","","","","","","","","","","","","","","","","","","","","","","","","","","","","","","","",""
"35049001","CANCALE",48.711667,-1.843333,40,1981101306,"","","","",11.,1,260,1,"","","","","","","","","","","","","","","","","","","","","","","","","","","","",11.8,1,5.6,1,"","","","","","","","","","","","","","","","","","","","","","","","","","",67,1,"","","","","","","","","","","","",9.2,1,1015.5,1,"","","","","","",6,1,6,1,5,1,7,1,0,1,"","","","","","","","","","","","","","","","","","","","","","","","",28000,1,"","",0,1,"","","","",1,1,"","","","","","",4,1,"","","","","","","","","","","","","","","","","","","","","","","","","","","","","","","","","","","","","","","","","","","","","","","","","","","","","",""
"35049001","CANCALE",48.711667,-1.843333,40,1981101309,"","","","",8.,1,280,1,"","","","","","","","","","","","","","","","","","","","","","","","","","","","",11.5,1,4.8,1,"","","","","","","","","","","","","","","","","","","","","","","","","","",64,1,"","","","","","","","","","","","",8.7,1,1017.6,1,"","","","","","",7,1,7,1,5,1,"","","","","","","","","","","","","","","","","","","","","","","","","","","","",35000,1,"","",2,1,2,1,"","","","","","","","","","",3,1,"","","","","","","","","","","","","","","","","","","","","","","","","","","","","","","","","","","","","","","","","","","","","","","","","","","","","",""
"35049001","CANCALE",48.711667,-1.843333,40,1981101312,"","","","",8.,1,280,1,"","","","","","","","","","","","","","","","","","","","","","","","","","","","",12.6,1,4.6,1,"","","","","","","","","","","","","","","","","","","","","","","","","","",59,1,"","","","","","","","","","","","",8.6,1,1017.8,1,"","","","","","",6,1,6,1,8,1,0,1,0,1,"","","","","","","","","","","","","","","","","","","","","","","","",40000,1,"","",2,1,2,1,"","","","","","","","","","",3,1,"","","","","","","","","","","","","","","","","","","","","","","","","","","","","","","","","","","","","","","","","","","","","","","","","","","","","",""
"35049001","CANCALE",48.711667,-1.843333,40,1981101315,"","","","",6.,1,280,1,"","","","","","","","","","","","","","","","","","","","","","","","","","","","",12.2,1,4.1,1,"","","","","","","","","","","","","","","","","","","","","","","","","","",59,1,"","","","","","","","","","","","",8.3,1,1017.5,1,"","","","","","",8,1,6,1,8,1,"","","","","","","","","","","","","","","","","","","","","","","","","","","","",45000,1,"","",2,1,2,1,"","","","","","","","","","",3,1,"","","","","","","","","","","","","","","","","","","","","","","","","","","","","","","","","","","","","","","","","","","","","","","","","","","","","",""
"35049001","CANCALE",48.711667,-1.843333,40,1981101318,"","","","",2.,1,240,1,"","","","","","","","","","","","","","","","","","","","","","","","","","","","",11.3,1,6.,1,"","","","","","","","","","","","","","","","","","","","","","","","","","",71,1,"","","","","","","","","","","","",9.5,1,1017.1,1,"","","","","","",8,1,8,1,5,1,"","","","","","","","","","","","","","","","","","","","","","","","","","","","",30000,1,"","",2,1,2,1,"","","","","","","","","","",2,1,"","","","","","","","","","","","","","","","","","","","","","","","","","","","","","","","","","","","","","","","","","","","","","","","","","","","","",""
"35049001","CANCALE",48.711667,-1.843333,40,1981101321,"","","","",2.,1,180,1,"","","","","","","","","","","","","","","","","","","","","","","","","","","","",11.1,1,6.4,1,"","","","","","","","","","","","","","","","","","","","","","","","","","",74,1,"","","","","","","","","","","","",9.8,1,1017.1,1,"","","","","","",8,1,8,1,5,1,"","","","","","","","","","","","","","","","","","","","","","","","","","","","",28000,1,"","",0,1,"","","","","","","","","","","","",2,1,"","","","","","","","","","","","","","","","","","","","","","","","","","","","","","","","","","","","","","","","","","","","","","","","","","","","","",""
"35049001","CANCALE",48.711667,-1.843333,40,1981101400,"","","","",3.,1,160,1,"","","","","","","","","","","","","","","","","","","","","","","","","","","","",10.3,1,7.3,1,"","","","","","","","","","","","","","","","","","","","","","","","","","",83,1,"","","","","","","","","","","","",10.4,1,1015.9,1,"","","","","","",8,1,8,1,5,1,1,1,"","","","","","","","","","","","","","","","","","","","","","","","","","",30000,1,"","",0,1,"","","","","","","","","","","","",2,1,"","","","","","","","","","","","","","","","","","","","","","","","","","","","","","","","","","","","","","","","","","","","","","","","","","","","","",""
"35049001","CANCALE",48.711667,-1.843333,40,1981101403,"","","","",4.,1,160,1,"","","","","","","","","","","","","","","","","","","","","","","","","","","","",10.6,1,7.,1,"","","","","","","","","","","","","","","","","","","","","","","","","","",80,1,"","","","","","","","","","","","",10.2,1,1014.8,1,"","","","","","",8,1,8,1,8,1,"","","","","","","","","","","","","","","","","","","","","","","","","","","","",20000,1,"","",80,1,"","","","","","","","","","","","",2,1,"","","","","","","","","","","","","","","","","","","","","","","","","","","","","","","","","","","","","","","","","","","","","","","","","","","","","",""
"35049001","CANCALE",48.711667,-1.843333,40,1981101406,"","","","",8.,1,100,1,"","","","","","","","","","","","","","","","","","","","","","","","","","","","",9.2,1,8.1,1,"","","","","","","","","","","","","","","","","","","","","","","","","","",95,1,"","","","","","","","","","","","",11.,1,1011.8,1,"","","","","","",8,1,8,1,7,1,"","","","","","","","","","","","","","","","","","","","","","","","","","","","",4000,1,"","",61,1,"","","","",2,1,"","","","","","",3,1,"","","","","","","","","","","","","","","","","","","","","","","","","","","","","","","","","","","","","","","","","","","","","","","","","","","","","",""
"35049001","CANCALE",48.711667,-1.843333,40,1981101409,"","","","",10.,1,100,1,"","","","","","","","","","","","","","","","","","","","","","","","","","","","",9.4,1,8.3,1,"","","","","","","","","","","","","","","","","","","","","","","","","","",95,1,"","","","","","","","","","","","",11.2,1,1009.8,1,"","","","","","",8,1,8,1,7,1,"","","","","","","","","","","","","","","","","","","","","","","","","","","","",4000,1,"","",61,1,6,1,"","","","","","","","","","",3,1,"","","","","","","","","","","","","","","","","","","","","","","","","","","","","","","","","","","","","","","","","","","","","","","","","","","","","",""
"35049001","CANCALE",48.711667,-1.843333,40,1981101412,"","","","",7.,1,80,1,"","","","","","","","","","","","","","","","","","","","","","","","","","","","",10.4,1,10.4,1,"","","","","","","","","","","","","","","","","","","","","","","","","","",100,1,"","","","","","","","","","","","",12.6,1,1007.9,1,"","","","","","",8,1,8,1,7,1,"","","","","","","","","","","","","","","","","","","","","","","","","","","","",2000,1,"","",61,1,6,1,"","","","","","","","","","",3,1,"","","","","","","","","","","","","","","","","","","","","","","","","","","","","","","","","","","","","","","","","","","","","","","","","","","","","",""
"35049001","CANCALE",48.711667,-1.843333,40,1981101415,"","","","",4.,1,80,1,"","","","","","","","","","","","","","","","","","","","","","","","","","","","",11.8,1,11.8,1,"","","","","","","","","","","","","","","","","","","","","","","","","","",100,1,"","","","","","","","","","","","",13.8,1,1005.9,1,"","","","","","",8,1,8,1,7,1,"","","","","","","","","","","","","","","","","","","","","","","","","","","","",2000,1,"","",53,1,5,1,"","","","","","","","","","",3,1,"","","","","","","","","","","","","","","","","","","","","","","","","","","","","","","","","","","","","","","","","","","","","","","","","","","","","",""
"35049001","CANCALE",48.711667,-1.843333,40,1981101418,"","","","",3.,1,180,1,"","","","","","","","","","","","","","","","","","","","","","","","","","","","",14.2,1,13.4,1,"","","","","","","","","","","","","","","","","","","","","","","","","","",97,1,"","","","","","","","","","","","",15.8,1,1003.9,1,"","","","","","",8,1,8,1,7,1,"","","","","","","","","","","","","","","","","","","","","","","","","","","","",3000,1,"","",51,1,5,1,"","","","","","","","","","",2,1,"","","","","","","","","","","","","","","","","","","","","","","","","","","","","","","","","","","","","","","","","","","","","","","","","","","","","",""
"35049001","CANCALE",48.711667,-1.843333,40,1981101421,"","","","",6.,1,220,1,"","","","","","","","","","","","","","","","","","","","","","","","","","","","",15.6,1,14.4,1,"","","","","","","","","","","","","","","","","","","","","","","","","","",96,1,"","","","","","","","","","","","",16.9,1,1003.9,1,"","","","","","",8,1,8,1,5,1,"","","","","","","","","","","","","","","","","","","","","","","","","","","","",25000,1,"","",0,1,"","","","","","","","","","","","",3,1,"","","","","","","","","","","","","","","","","","","","","","","","","","","","","","","","","","","","","","","","","","","","","","","","","","","","","",""
"35049001","CANCALE",48.711667,-1.843333,40,1981101500,"","","","",5.,1,180,1,"","","","","","","","","","","","","","","","","","","","","","","","","","","","",15.2,1,14.,1,"","","","","","","","","","","","","","","","","","","","","","","","","","",96,1,"","","","","","","","","","","","",16.5,1,1002.7,1,"","","","","","",8,1,8,1,7,1,"","","","","","","","","","","","","","","","","","","","","","","","","","","","",15000,1,"","",61,1,"","","","","","","","","","","","",3,1,"","","","","","","","","","","","","","","","","","","","","","","","","","","","","","","","","","","","","","","","","","","","","","","","","","","","","",""
"35049001","CANCALE",48.711667,-1.843333,40,1981101503,"","","","",8.,1,260,1,"","","","","","","","","","","","","","","","","","","","","","","","","","","","",15.,1,14.1,1,"","","","","","","","","","","","","","","","","","","","","","","","","","",98,1,"","","","","","","","","","","","",16.6,1,1000.6,1,"","","","","","",8,1,8,1,7,1,"","","","","","","","","","","","","","","","","","","","","","","","","","","","",2000,1,"","",61,1,"","","","","","","","","","","","",3,1,"","","","","","","","","","","","","","","","","","","","","","","","","","","","","","","","","","","","","","","","","","","","","","","","","","","","","",""
"35049001","CANCALE",48.711667,-1.843333,40,1981101506,"","","","",7.,1,240,1,"","","","","","","","","","","","","","","","","","","","","","","","","","","","",14.8,1,12.9,1,"","","","","","","","","","","","","","","","","","","","","","","","","","",91,1,"","","","","","","","","","","","",15.3,1,1001.1,1,"","","","","","",8,1,8,1,5,1,"","","","","","","","","","","","","","","","","","","","","","","","","","","","",30000,1,"","",0,1,"","","","",2,1,"","","","","","",3,1,"","","","","","","","","","","","","","","","","","","","","","","","","","","","","","","","","","","","","","","","","","","","","","","","","","","","","",""
"35049001","CANCALE",48.711667,-1.843333,40,1981101509,"","","","",8.,1,240,1,"","","","","","","","","","","","","","","","","","","","","","","","","","","","",14.,1,12.7,1,"","","","","","","","","","","","","","","","","","","","","","","","","","",94,1,"","","","","","","","","","","","",15.1,1,1002.,1,"","","","","","",7,1,6,1,7,1,2,1,"","","","","","","","","","","","","","","","","","","","","","","","","","",15000,1,"","",21,1,6,1,"","","","","","","","","","",3,1,"","","","","","","","","","","","","","","","","","","","","","","","","","","","","","","","","","","","","","","","","","","","","","","","","","","","","",""
"35049001","CANCALE",48.711667,-1.843333,40,1981101512,"","","","",14.,1,260,1,"","","","","","","","","","","","","","","","","","","","","","","","","","","","",14.5,1,11.9,1,"","","","","","","","","","","","","","","","","","","","","","","","","","",87,1,"","","","","","","","","","","","",14.3,1,1004.7,1,"","","","","","",7,1,7,1,5,1,"","","","","","","","","","","","","","","","","","","","","","","","","","","","",20000,1,"","",2,1,6,1,"","","","","","","","","","",4,1,"","","","","","","","","","","","","","","","","","","","","","","","","","","","","","","","","","","","","","","","","","","","","","","","","","","","","",""
"35049001","CANCALE",48.711667,-1.843333,40,1981101515,"","","","",7.,1,320,1,"","","","","","","","","","","","","","","","","","","","","","","","","","","","",12.9,1,10.3,1,"","","","","","","","","","","","","","","","","","","","","","","","","","",86,1,"","","","","","","","","","","","",12.8,1,1009.,1,"","","","","","",7,1,7,1,5,1,"","","","","","","","","","","","","","","","","","","","","","","","","","","","",18000,1,"","",2,1,2,1,"","","","","","","","","","",3,1,"","","","","","","","","","","","","","","","","","","","","","","","","","","","","","","","","","","","","","","","","","","","","","","","","","","","","",""
"35049001","CANCALE",48.711667,-1.843333,40,1981101518,"","","","",4.,1,340,1,"","","","","","","","","","","","","","","","","","","","","","","","","","","","",11.4,1,9.5,1,"","","","","","","","","","","","","","","","","","","","","","","","","","",90,1,"","","","","","","","","","","","",12.1,1,1012.2,1,"","","","","","",8,1,8,1,5,1,"","","","","","","","","","","","","","","","","","","","","","","","","","","","",20000,1,"","",2,1,5,1,"","","","","","","","","","",3,1,"","","","","","","","","","","","","","","","","","","","","","","","","","","","","","","","","","","","","","","","","","","","","","","","","","","","","",""
"35049001","CANCALE",48.711667,-1.843333,40,1981101521,"","","","",3.,1,360,1,"","","","","","","","","","","","","","","","","","","","","","","","","","","","",11.3,1,8.3,1,"","","","","","","","","","","","","","","","","","","","","","","","","","",84,1,"","","","","","","","","","","","",11.2,1,1014.8,1,"","","","","","",8,1,8,1,5,1,"","","","","","","","","","","","","","","","","","","","","","","","","","","","",20000,1,"","",0,1,"","","","","","","","","","","","",3,1,"","","","","","","","","","","","","","","","","","","","","","","","","","","","","","","","","","","","","","","","","","","","","","","","","","","","","",""
"35049001","CANCALE",48.711667,-1.843333,40,1981101600,"","","","",3.,1,40,1,"","","","","","","","","","","","","","","","","","","","","","","","","","","","",11.,1,8.9,1,"","","","","","","","","","","","","","","","","","","","","","","","","","",89,1,"","","","","","","","","","","","",11.6,1,1015.8,1,"","","","","","",8,1,8,1,5,1,"","","","","","","","","","","","","","","","","","","","","","","","","","","","",20000,1,"","",0,1,"","","","","","","","","","","","",2,1,"","","","","","","","","","","","","","","","","","","","","","","","","","","","","","","","","","","","","","","","","","","","","","","","","","","","","",""
"35049001","CANCALE",48.711667,-1.843333,40,1981101603,"","","","",2.,1,60,1,"","","","","","","","","","","","","","","","","","","","","","","","","","","","",11.,1,8.9,1,"","","","","","","","","","","","","","","","","","","","","","","","","","",89,1,"","","","","","","","","","","","",11.6,1,1016.7,1,"","","","","","",8,1,8,1,6,1,"","","","","","","","","","","","","","","","","","","","","","","","","","","","",15000,1,"","",0,1,"","","","","","","","","","","","",2,1,"","","","","","","","","","","","","","","","","","","","","","","","","","","","","","","","","","","","","","","","","","","","","","","","","","","","","",""
"35049001","CANCALE",48.711667,-1.843333,40,1981101606,"","","","",2.,1,80,1,"","","","","","","","","","","","","","","","","","","","","","","","","","","","",11.2,1,8.7,1,"","","","","","","","","","","","","","","","","","","","","","","","","","",86,1,"","","","","","","","","","","","",11.5,1,1016.8,1,"","","","","","",8,1,8,1,8,1,"","","","","","","","","","","","","","","","","","","","","","","","","","","","",14000,1,"","",0,1,"","","","",1,1,"","","","","","",2,1,"","","","","","","","","","","","","","","","","","","","","","","","","","","","","","","","","","","","","","","","","","","","","","","","","","","","","",""
"35049001","CANCALE",48.711667,-1.843333,40,1981101609,"","","","",5.,1,100,1,"","","","","","","","","","","","","","","","","","","","","","","","","","","","",11.5,1,8.2,1,"","","","","","","","","","","","","","","","","","","","","","","","","","",82,1,"","","","","","","","","","","","",11.1,1,1017.8,1,"","","","","","",7,1,7,1,8,1,"","","","","","","","","","","","","","","","","","","","","","","","","","","","",14000,1,"","",2,1,2,1,"","","","","","","","","","",3,1,"","","","","","","","","","","","","","","","","","","","","","","","","","","","","","","","","","","","","","","","","","","","","","","","","","","","","",""
"35049001","CANCALE",48.711667,-1.843333,40,1981101612,"","","","",3.,1,60,1,"","","","","","","","","","","","","","","","","","","","","","","","","","","","",13.4,1,9.2,1,"","","","","","","","","","","","","","","","","","","","","","","","","","",77,1,"","","","","","","","","","","","",11.9,1,1018.3,1,"","","","","","",5,1,5,1,5,1,7,1,0,1,"","","","","","","","","","","","","","","","","","","","","","","","",12000,1,"","",1,1,2,1,"","","","","","","","","","",2,1,"","","","","","","","","","","","","","","","","","","","","","","","","","","","","","","","","","","","","","","","","","","","","","","","","","","","","",""
"35049001","CANCALE",48.711667,-1.843333,40,1981101615,"","","","",3.,1,60,1,"","","","","","","","","","","","","","","","","","","","","","","","","","","","",13.6,1,9.2,1,"","","","","","","","","","","","","","","","","","","","","","","","","","",76,1,"","","","","","","","","","","","",11.9,1,1017.4,1,"","","","","","",7,1,7,1,5,1,7,1,0,1,"","","","","","","","","","","","","","","","","","","","","","","","",15000,1,"","",2,1,2,1,"","","","","","","","","","",2,1,"","","","","","","","","","","","","","","","","","","","","","","","","","","","","","","","","","","","","","","","","","","","","","","","","","","","","",""
"35049001","CANCALE",48.711667,-1.843333,40,1981101618,"","","","",6.,1,60,1,"","","","","","","","","","","","","","","","","","","","","","","","","","","","",12.9,1,9.7,1,"","","","","","","","","","","","","","","","","","","","","","","","","","",83,1,"","","","","","","","","","","","",12.3,1,1016.7,1,"","","","","","",8,1,8,1,8,1,"","","","","","","","","","","","","","","","","","","","","","","","","","","","",9000,1,"","",2,1,2,1,"","","","","","","","","","",3,1,"","","","","","","","","","","","","","","","","","","","","","","","","","","","","","","","","","","","","","","","","","","","","","","","","","","","","",""
"35049001","CANCALE",48.711667,-1.843333,40,1981101621,"","","","",8.,1,60,1,"","","","","","","","","","","","","","","","","","","","","","","","","","","","",11.8,1,9.9,1,"","","","","","","","","","","","","","","","","","","","","","","","","","",91,1,"","","","","","","","","","","","",12.5,1,1015.2,1,"","","","","","",8,1,8,1,7,1,"","","","","","","","","","","","","","","","","","","","","","","","","","","","",7000,1,"","",63,1,"","","","","","","","","","","","",3,1,"","","","","","","","","","","","","","","","","","","","","","","","","","","","","","","","","","","","","","","","","","","","","","","","","","","","","",""
"35049001","CANCALE",48.711667,-1.843333,40,1981101700,"","","","",8.,1,60,1,"","","","","","","","","","","","","","","","","","","","","","","","","","","","",11.6,1,10.1,1,"","","","","","","","","","","","","","","","","","","","","","","","","","",92,1,"","","","","","","","","","","","",12.6,1,1014.7,1,"","","","","","",8,1,8,1,7,1,"","","","","","","","","","","","","","","","","","","","","","","","","","","","",7000,1,"","",63,1,"","","","","","","","","","","","",3,1,"","","","","","","","","","","","","","","","","","","","","","","","","","","","","","","","","","","","","","","","","","","","","","","","","","","","","",""
"35049001","CANCALE",48.711667,-1.843333,40,1981101703,"","","","",11.,1,40,1,"","","","","","","","","","","","","","","","","","","","","","","","","","","","",11.,1,9.7,1,"","","","","","","","","","","","","","","","","","","","","","","","","","",94,1,"","","","","","","","","","","","",12.3,1,1011.,1,"","","","","","",8,1,8,1,7,1,"","","","","","","","","","","","","","","","","","","","","","","","","","","","",6000,1,"","",63,1,"","","","","","","","","","","","",4,1,"","","","","","","","","","","","","","","","","","","","","","","","","","","","","","","","","","","","","","","","","","","","","","","","","","","","","",""
"35049001","CANCALE",48.711667,-1.843333,40,1981101706,"","","","",10.,1,60,1,"","","","","","","","","","","","","","","","","","","","","","","","","","","","",11.6,1,9.3,1,"","","","","","","","","","","","","","","","","","","","","","","","","","",88,1,"","","","","","","","","","","","",12.,1,1009.1,1,"","","","","","",8,1,8,1,8,1,"","","","","","","","","","","","","","","","","","","","","","","","","","","","",8000,1,"","",0,1,"","","","",1,1,"","","","","","",4,1,"","","","","","","","","","","","","","","","","","","","","","","","","","","","","","","","","","","","","","","","","","","","","","","","","","","","","",""
"35049001","CANCALE",48.711667,-1.843333,40,1981101709,"","","","",6.,1,80,1,"","","","","","","","","","","","","","","","","","","","","","","","","","","","",12.6,1,10.7,1,"","","","","","","","","","","","","","","","","","","","","","","","","","",91,1,"","","","","","","","","","","","",13.2,1,1008.,1,"","","","","","",8,1,8,1,8,1,"","","","","","","","","","","","","","","","","","","","","","","","","","","","",7000,1,"","",2,1,2,1,"","","","","","","","","","",4,1,"","","","","","","","","","","","","","","","","","","","","","","","","","","","","","","","","","","","","","","","","","","","","","","","","","","","","",""
"35049001","CANCALE",48.711667,-1.843333,40,1981101712,"","","","",4.,1,160,1,"","","","","","","","","","","","","","","","","","","","","","","","","","","","",14.8,1,12.6,1,"","","","","","","","","","","","","","","","","","","","","","","","","","",89,1,"","","","","","","","","","","","",15.,1,1008.2,1,"","","","","","",8,1,8,1,8,1,"","","","","","","","","","","","","","","","","","","","","","","","","","","","",7000,1,"","",2,1,2,1,"","","","","","","","","","",3,1,"","","","","","","","","","","","","","","","","","","","","","","","","","","","","","","","","","","","","","","","","","","","","","","","","","","","","",""
"35049001","CANCALE",48.711667,-1.843333,40,1981101715,"","","","",7.,1,180,1,"","","","","","","","","","","","","","","","","","","","","","","","","","","","",17.,1,12.1,1,"","","","","","","","","","","","","","","","","","","","","","","","","","",75,1,"","","","","","","","","","","","",14.5,1,1008.7,1,"","","","","","",6,1,0,1,5,1,0,1,8,1,"","","","","","","","","","","","","","","","","","","","","","","","",30000,1,"","",2,1,2,1,"","","","","","","","","","",3,1,"","","","","","","","","","","","","","","","","","","","","","","","","","","","","","","","","","","","","","","","","","","","","","","","","","","","","",""
"35049001","CANCALE",48.711667,-1.843333,40,1981101718,"","","","",4.,1,180,1,"","","","","","","","","","","","","","","","","","","","","","","","","","","","",15.4,1,11.4,1,"","","","","","","","","","","","","","","","","","","","","","","","","","",78,1,"","","","","","","","","","","","",13.8,1,1009.4,1,"","","","","","",6,1,6,1,8,1,0,1,0,1,"","","","","","","","","","","","","","","","","","","","","","","","",30000,1,"","",2,1,2,1,"","","","","","","","","","",2,1,"","","","","","","","","","","","","","","","","","","","","","","","","","","","","","","","","","","","","","","","","","","","","","","","","","","","","",""
"35049001","CANCALE",48.711667,-1.843333,40,1981101721,"","","","",6.,1,160,1,"","","","","","","","","","","","","","","","","","","","","","","","","","","","",14.6,1,11.3,1,"","","","","","","","","","","","","","","","","","","","","","","","","","",83,1,"","","","","","","","","","","","",13.7,1,1009.6,1,"","","","","","",8,1,8,1,8,1,"","","","","","","","","","","","","","","","","","","","","","","","","","","","",30000,1,"","",0,1,"","","","","","","","","","","","",2,1,"","","","","","","","","","","","","","","","","","","","","","","","","","","","","","","","","","","","","","","","","","","","","","","","","","","","","",""
"35049001","CANCALE",48.711667,-1.843333,40,1981101800,"","","","",6.,1,140,1,"","","","","","","","","","","","","","","","","","","","","","","","","","","","",14.4,1,11.3,1,"","","","","","","","","","","","","","","","","","","","","","","","","","",83,1,"","","","","","","","","","","","",13.7,1,1010.,1,"","","","","","",8,1,8,1,8,1,"","","","","","","","","","","","","","","","","","","","","","","","","","","","",25000,1,"","",0,1,"","","","","","","","","","","","",3,1,"","","","","","","","","","","","","","","","","","","","","","","","","","","","","","","","","","","","","","","","","","","","","","","","","","","","","",""
"35049001","CANCALE",48.711667,-1.843333,40,1981101803,"","","","",5.,1,180,1,"","","","","","","","","","","","","","","","","","","","","","","","","","","","",13.9,1,10.6,1,"","","","","","","","","","","","","","","","","","","","","","","","","","",82,1,"","","","","","","","","","","","",13.,1,1010.6,1,"","","","","","",8,1,8,1,8,1,"","","","","","","","","","","","","","","","","","","","","","","","","","","","",25000,1,"","",0,1,"","","","","","","","","","","","",2,1,"","","","","","","","","","","","","","","","","","","","","","","","","","","","","","","","","","","","","","","","","","","","","","","","","","","","","",""
"35049001","CANCALE",48.711667,-1.843333,40,1981101806,"","","","",7.,1,240,1,"","","","","","","","","","","","","","","","","","","","","","","","","","","","",13.,1,12.,1,"","","","","","","","","","","","","","","","","","","","","","","","","","",96,1,"","","","","","","","","","","","",14.3,1,1011.6,1,"","","","","","",8,1,8,1,8,1,"","","","","","","","","","","","","","","","","","","","","","","","","","","","",15000,1,"","",0,1,"","","","",1,1,"","","","","","",2,1,"","","","","","","","","","","","","","","","","","","","","","","","","","","","","","","","","","","","","","","","","","","","","","","","","","","","","",""
"35049001","CANCALE",48.711667,-1.843333,40,1981101809,"","","","",13.,1,280,1,"","","","","","","","","","","","","","","","","","","","","","","","","","","","",13.4,1,11.6,1,"","","","","","","","","","","","","","","","","","","","","","","","","","",91,1,"","","","","","","","","","","","",14.,1,1015.5,1,"","","","","","",8,1,8,1,8,1,"","","","","","","","","","","","","","","","","","","","","","","","","","","","",15000,1,"","",25,1,8,1,"","","","","","","","","","",3,1,"","","","","","","","","","","","","","","","","","","","","","","","","","","","","","","","","","","","","","","","","","","","","","","","","","","","","",""
"35049001","CANCALE",48.711667,-1.843333,40,1981101812,"","","","",11.,1,280,1,"","","","","","","","","","","","","","","","","","","","","","","","","","","","",12.4,1,11.,1,"","","","","","","","","","","","","","","","","","","","","","","","","","",93,1,"","","","","","","","","","","","",13.4,1,1018.7,1,"","","","","","",8,1,8,1,8,1,"","","","","","","","","","","","","","","","","","","","","","","","","","","","",10000,1,"","",80,1,8,1,"","","","","","","","","","",4,1,"","","","","","","","","","","","","","","","","","","","","","","","","","","","","","","","","","","","","","","","","","","","","","","","","","","","","",""
"35049001","CANCALE",48.711667,-1.843333,40,1981101815,"","","","",9.,1,280,1,"","","","","","","","","","","","","","","","","","","","","","","","","","","","",12.2,1,10.3,1,"","","","","","","","","","","","","","","","","","","","","","","","","","",91,1,"","","","","","","","","","","","",12.8,1,1020.4,1,"","","","","","",8,1,8,1,8,1,"","","","","","","","","","","","","","","","","","","","","","","","","","","","",12000,1,"","",25,1,8,1,"","","","","","","","","","",3,1,"","","","","","","","","","","","","","","","","","","","","","","","","","","","","","","","","","","","","","","","","","","","","","","","","","","","","",""
"35049001","CANCALE",48.711667,-1.843333,40,1981101818,"","","","",7.,1,280,1,"","","","","","","","","","","","","","","","","","","","","","","","","","","","",12.4,1,9.9,1,"","","","","","","","","","","","","","","","","","","","","","","","","","",86,1,"","","","","","","","","","","","",12.4,1,1021.5,1,"","","","","","",8,1,8,1,8,1,"","","","","","","","","","","","","","","","","","","","","","","","","","","","",15000,1,"","",2,1,8,1,"","","","","","","","","","",3,1,"","","","","","","","","","","","","","","","","","","","","","","","","","","","","","","","","","","","","","","","","","","","","","","","","","","","","",""
"35049001","CANCALE",48.711667,-1.843333,40,1981101821,"","","","",7.,1,280,1,"","","","","","","","","","","","","","","","","","","","","","","","","","","","",12.4,1,8.5,1,"","","","","","","","","","","","","","","","","","","","","","","","","","",79,1,"","","","","","","","","","","","",11.3,1,1023.2,1,"","","","","","",8,1,8,1,8,1,"","","","","","","","","","","","","","","","","","","","","","","","","","","","",25000,1,"","",0,1,"","","","","","","","","","","","",3,1,"","","","","","","","","","","","","","","","","","","","","","","","","","","","","","","","","","","","","","","","","","","","","","","","","","","","","",""
"35049001","CANCALE",48.711667,-1.843333,40,1981101900,"","","","",7.,1,280,1,"","","","","","","","","","","","","","","","","","","","","","","","","","","","",12.4,1,6.3,1,"","","","","","","","","","","","","","","","","","","","","","","","","","",68,1,"","","","","","","","","","","","",9.7,1,1023.4,1,"","","","","","",8,1,8,1,5,1,"","","","","","","","","","","","","","","","","","","","","","","","","","","","",30000,1,"","",0,1,"","","","","","","","","","","","",3,1,"","","","","","","","","","","","","","","","","","","","","","","","","","","","","","","","","","","","","","","","","","","","","","","","","","","","","",""
"35049001","CANCALE",48.711667,-1.843333,40,1981101903,"","","","",6.,1,240,1,"","","","","","","","","","","","","","","","","","","","","","","","","","","","",10.4,1,7.7,1,"","","","","","","","","","","","","","","","","","","","","","","","","","",85,1,"","","","","","","","","","","","",10.7,1,1023.2,1,"","","","","","",5,1,5,1,5,1,0,1,0,1,"","","","","","","","","","","","","","","","","","","","","","","","",20000,1,"","",0,1,"","","","","","","","","","","","",3,1,"","","","","","","","","","","","","","","","","","","","","","","","","","","","","","","","","","","","","","","","","","","","","","","","","","","","","",""
"35049001","CANCALE",48.711667,-1.843333,40,1981101906,"","","","",6.,1,240,1,"","","","","","","","","","","","","","","","","","","","","","","","","","","","",8.6,1,6.,1,"","","","","","","","","","","","","","","","","","","","","","","","","","",85,1,"","","","","","","","","","","","",9.5,1,1023.2,1,"","","","","","",6,1,6,1,0,1,3,1,0,1,"","","","","","","","","","","","","","","","","","","","","","","","",18000,1,"","",0,1,"","","","",0,1,"","","","","","",3,1,"","","","","","","","","","","","","","","","","","","","","","","","","","","","","","","","","","","","","","","","","","","","","","","","","","","","","",""
"35049001","CANCALE",48.711667,-1.843333,40,1981101909,"","","","",6.,1,240,1,"","","","","","","","","","","","","","","","","","","","","","","","","","","","",10.4,1,7.3,1,"","","","","","","","","","","","","","","","","","","","","","","","","","",82,1,"","","","","","","","","","","","",10.4,1,1023.5,1,"","","","","","",7,1,7,1,0,1,7,1,"","","","","","","","","","","","","","","","","","","","","","","","","","",15000,1,"","",2,1,2,1,"","","","","","","","","","",3,1,"","","","","","","","","","","","","","","","","","","","","","","","","","","","","","","","","","","","","","","","","","","","","","","","","","","","","",""
"35049001","CANCALE",48.711667,-1.843333,40,1981101912,"","","","",6.,1,240,1,"","","","","","","","","","","","","","","","","","","","","","","","","","","","",12.6,1,9.,1,"","","","","","","","","","","","","","","","","","","","","","","","","","",80,1,"","","","","","","","","","","","",11.7,1,1023.,1,"","","","","","",8,1,8,1,0,1,7,1,"","","","","","","","","","","","","","","","","","","","","","","","","","",18000,1,"","",2,1,2,1,"","","","","","","","","","",3,1,"","","","","","","","","","","","","","","","","","","","","","","","","","","","","","","","","","","","","","","","","","","","","","","","","","","","","",""
"35049001","CANCALE",48.711667,-1.843333,40,1981101915,"","","","",5.,1,200,1,"","","","","","","","","","","","","","","","","","","","","","","","","","","","",13.6,1,9.5,1,"","","","","","","","","","","","","","","","","","","","","","","","","","",78,1,"","","","","","","","","","","","",12.1,1,1021.4,1,"","","","","","",8,1,8,1,0,1,7,1,"","","","","","","","","","","","","","","","","","","","","","","","","","",18000,1,"","",2,1,2,1,"","","","","","","","","","",3,1,"","","","","","","","","","","","","","","","","","","","","","","","","","","","","","","","","","","","","","","","","","","","","","","","","","","","","",""
"35049001","CANCALE",48.711667,-1.843333,40,1981101918,"","","","",5.,1,200,1,"","","","","","","","","","","","","","","","","","","","","","","","","","","","",12.8,1,10.9,1,"","","","","","","","","","","","","","","","","","","","","","","","","","",91,1,"","","","","","","","","","","","",13.4,1,1020.2,1,"","","","","","",8,1,8,1,0,1,2,1,"","","","","","","","","","","","","","","","","","","","","","","","","","",18000,1,"","",2,1,6,1,"","","","","","","","","","",3,1,"","","","","","","","","","","","","","","","","","","","","","","","","","","","","","","","","","","","","","","","","","","","","","","","","","","","","",""
"35049001","CANCALE",48.711667,-1.843333,40,1981101921,"","","","",7.,1,220,1,"","","","","","","","","","","","","","","","","","","","","","","","","","","","",13.1,1,11.3,1,"","","","","","","","","","","","","","","","","","","","","","","","","","",91,1,"","","","","","","","","","","","",13.7,1,1018.3,1,"","","","","","",8,1,7,1,7,1,"","","","","","","","","","","","","","","","","","","","","","","","","","","","",15000,1,"","",0,1,"","","","","","","","","","","","",3,1,"","","","","","","","","","","","","","","","","","","","","","","","","","","","","","","","","","","","","","","","","","","","","","","","","","","","","",""
"35049001","CANCALE",48.711667,-1.843333,40,1981102000,"","","","",6.,1,220,1,"","","","","","","","","","","","","","","","","","","","","","","","","","","","",13.8,1,12.3,1,"","","","","","","","","","","","","","","","","","","","","","","","","","",93,1,"","","","","","","","","","","","",14.7,1,1015.8,1,"","","","","","",8,1,8,1,5,1,"","","","","","","","","","","","","","","","","","","","","","","","","","","","",20000,1,"","",0,1,"","","","","","","","","","","","",3,1,"","","","","","","","","","","","","","","","","","","","","","","","","","","","","","","","","","","","","","","","","","","","","","","","","","","","","",""
"35049001","CANCALE",48.711667,-1.843333,40,1981102003,"","","","",8.,1,220,1,"","","","","","","","","","","","","","","","","","","","","","","","","","","","",14.,1,12.9,1,"","","","","","","","","","","","","","","","","","","","","","","","","","",95,1,"","","","","","","","","","","","",15.3,1,1012.7,1,"","","","","","",8,1,8,1,7,1,"","","","","","","","","","","","","","","","","","","","","","","","","","","","",12000,1,"","",61,1,"","","","","","","","","","","","",3,1,"","","","","","","","","","","","","","","","","","","","","","","","","","","","","","","","","","","","","","","","","","","","","","","","","","","","","",""
"35049001","CANCALE",48.711667,-1.843333,40,1981102006,"","","","",6.,1,220,1,"","","","","","","","","","","","","","","","","","","","","","","","","","","","",13.5,1,12.2,1,"","","","","","","","","","","","","","","","","","","","","","","","","","",94,1,"","","","","","","","","","","","",14.6,1,1010.4,1,"","","","","","",8,1,8,1,7,1,"","","","","","","","","","","","","","","","","","","","","","","","","","","","",7000,1,"","",61,1,"","","","",2,1,"","","","","","",3,1,"","","","","","","","","","","","","","","","","","","","","","","","","","","","","","","","","","","","","","","","","","","","","","","","","","","","","",""
"35049001","CANCALE",48.711667,-1.843333,40,1981102009,"","","","",16.,1,220,1,"","","","","","","","","","","","","","","","","","","","","","","","","","","","",13.,1,10.9,1,"","","","","","","","","","","","","","","","","","","","","","","","","","",90,1,"","","","","","","","","","","","",13.4,1,1008.8,1,"","","","","","",8,1,8,1,7,1,"","","","","","","","","","","","","","","","","","","","","","","","","","","","",16000,1,"","",2,1,6,1,"","","","","","","","","","",5,1,"","","","","","","","","","","","","","","","","","","","","","","","","","","","","","","","","","","","","","","","","","","","","","","","","","","","","",""
"35049001","CANCALE",48.711667,-1.843333,40,1981102012,"","","","",16.,1,280,1,"","","","","","","","","","","","","","","","","","","","","","","","","","","","",12.2,1,7.4,1,"","","","","","","","","","","","","","","","","","","","","","","","","","",74,1,"","","","","","","","","","","","",10.5,1,1011.4,1,"","","","","","",5,1,5,1,8,1,0,1,0,1,"","","","","","","","","","","","","","","","","","","","","","","","",30000,1,"","",1,1,6,1,"","","","","","","","","","",5,1,"","","","","","","","","","","","","","","","","","","","","","","","","","","","","","","","","","","","","","","","","","","","","","","","","","","","","",""
"35049001","CANCALE",48.711667,-1.843333,40,1981102015,"","","","",13.,1,280,1,"","","","","","","","","","","","","","","","","","","","","","","","","","","","",11.7,1,6.9,1,"","","","","","","","","","","","","","","","","","","","","","","","","","",74,1,"","","","","","","","","","","","",10.1,1,1011.1,1,"","","","","","",6,1,6,1,2,1,0,1,0,1,"","","","","","","","","","","","","","","","","","","","","","","","",35000,1,"","",2,1,8,1,"","","","","","","","","","",4,1,"","","","","","","","","","","","","","","","","","","","","","","","","","","","","","","","","","","","","","","","","","","","","","","","","","","","","",""
"35049001","CANCALE",48.711667,-1.843333,40,1981102018,"","","","",15.,1,220,1,"","","","","","","","","","","","","","","","","","","","","","","","","","","","",11.4,1,6.2,1,"","","","","","","","","","","","","","","","","","","","","","","","","","",71,1,"","","","","","","","","","","","",9.6,1,1010.8,1,"","","","","","",6,1,6,1,5,1,0,1,0,1,"","","","","","","","","","","","","","","","","","","","","","","","",29000,1,"","",2,1,8,1,"","","","","","","","","","",5,1,"","","","","","","","","","","","","","","","","","","","","","","","","","","","","","","","","","","","","","","","","","","","","","","","","","","","","",""
"35049001","CANCALE",48.711667,-1.843333,40,1981102021,"","","","",10.,1,280,1,"","","","","","","","","","","","","","","","","","","","","","","","","","","","",10.2,1,4.9,1,"","","","","","","","","","","","","","","","","","","","","","","","","","",71,1,"","","","","","","","","","","","",8.8,1,1011.9,1,"","","","","","",4,1,0,1,2,1,0,1,0,1,"","","","","","","","","","","","","","","","","","","","","","","","",30000,1,"","",0,1,"","","","","","","","","","","","",4,1,"","","","","","","","","","","","","","","","","","","","","","","","","","","","","","","","","","","","","","","","","","","","","","","","","","","","","",""
"35049001","CANCALE",48.711667,-1.843333,40,1981102100,"","","","",7.,1,300,1,"","","","","","","","","","","","","","","","","","","","","","","","","","","","",8.8,1,4.6,1,"","","","","","","","","","","","","","","","","","","","","","","","","","",76,1,"","","","","","","","","","","","",8.6,1,1011.9,1,"","","","","","",3,1,0,1,3,1,0,1,0,1,"","","","","","","","","","","","","","","","","","","","","","","","",30000,1,"","",0,1,"","","","","","","","","","","","",4,1,"","","","","","","","","","","","","","","","","","","","","","","","","","","","","","","","","","","","","","","","","","","","","","","","","","","","","",""
"35049001","CANCALE",48.711667,-1.843333,40,1981102103,"","","","",7.,1,260,1,"","","","","","","","","","","","","","","","","","","","","","","","","","","","",9.2,1,4.,1,"","","","","","","","","","","","","","","","","","","","","","","","","","",71,1,"","","","","","","","","","","","",8.2,1,1011.5,1,"","","","","","",3,1,0,1,2,1,0,1,0,1,"","","","","","","","","","","","","","","","","","","","","","","","",30000,1,"","",0,1,"","","","","","","","","","","","",4,1,"","","","","","","","","","","","","","","","","","","","","","","","","","","","","","","","","","","","","","","","","","","","","","","","","","","","","",""
"35049001","CANCALE",48.711667,-1.843333,40,1981102106,"","","","",7.,1,360,1,"","","","","","","","","","","","","","","","","","","","","","","","","","","","",8.7,1,4.8,1,"","","","","","","","","","","","","","","","","","","","","","","","","","",77,1,"","","","","","","","","","","","",8.7,1,1011.4,1,"","","","","","",7,1,7,1,8,1,"","","","","","","","","","","","","","","","","","","","","","","","","","","","",22000,1,"","",0,1,"","","","",2,1,"","","","","","",4,1,"","","","","","","","","","","","","","","","","","","","","","","","","","","","","","","","","","","","","","","","","","","","","","","","","","","","","",""
"35049001","CANCALE",48.711667,-1.843333,40,1981102109,"","","","",5.,1,300,1,"","","","","","","","","","","","","","","","","","","","","","","","","","","","",8.,1,6.,1,"","","","","","","","","","","","","","","","","","","","","","","","","","",89,1,"","","","","","","","","","","","",9.5,1,1012.7,1,"","","","","","",7,1,6,1,9,1,"","","","","","","","","","","","","","","","","","","","","","","","","","","","",10000,1,"","",27,1,8,1,"","","","","","","","","","",4,1,"","","","","","","","","","","","","","","","","","","","","","","","","","","","","","","","","","","","","","","","","","","","","","","","","","","","","",""
"35049001","CANCALE",48.711667,-1.843333,40,1981102112,"","","","",12.,1,260,1,"","","","","","","","","","","","","","","","","","","","","","","","","","","","",8.9,1,6.2,1,"","","","","","","","","","","","","","","","","","","","","","","","","","",84,1,"","","","","","","","","","","","",9.6,1,1012.,1,"","","","","","",7,1,6,1,9,1,"","","","","","","","","","","","","","","","","","","","","","","","","","","","",20000,1,"","",81,1,8,1,"","","","","","","","","","",4,1,"","","","","","","","","","","","","","","","","","","","","","","","","","","","","","","","","","","","","","","","","","","","","","","","","","","","","",""
"35049001","CANCALE",48.711667,-1.843333,40,1981102115,"","","","",15.,1,280,1,"","","","","","","","","","","","","","","","","","","","","","","","","","","","",10.,1,6.3,1,"","","","","","","","","","","","","","","","","","","","","","","","","","",79,1,"","","","","","","","","","","","",9.7,1,1011.,1,"","","","","","",7,1,5,1,9,1,"","","","","","","","","","","","","","","","","","","","","","","","","","","","",20000,1,"","",25,1,8,1,"","","","","","","","","","",4,1,"","","","","","","","","","","","","","","","","","","","","","","","","","","","","","","","","","","","","","","","","","","","","","","","","","","","","",""
"35049001","CANCALE",48.711667,-1.843333,40,1981102118,"","","","",12.,1,280,1,"","","","","","","","","","","","","","","","","","","","","","","","","","","","",10.6,1,6.,1,"","","","","","","","","","","","","","","","","","","","","","","","","","",73,1,"","","","","","","","","","","","",9.5,1,1011.2,1,"","","","","","",4,1,0,1,9,1,0,1,0,1,"","","","","","","","","","","","","","","","","","","","","","","","",35000,1,"","",1,1,8,1,"","","","","","","","","","",4,1,"","","","","","","","","","","","","","","","","","","","","","","","","","","","","","","","","","","","","","","","","","","","","","","","","","","","","",""
"35049001","CANCALE",48.711667,-1.843333,40,1981102121,"","","","",4.,1,20,1,"","","","","","","","","","","","","","","","","","","","","","","","","","","","",9.6,1,5.6,1,"","","","","","","","","","","","","","","","","","","","","","","","","","",77,1,"","","","","","","","","","","","",9.2,1,1011.8,1,"","","","","","",5,1,0,1,2,1,6,1,0,1,"","","","","","","","","","","","","","","","","","","","","","","","",40000,1,"","",0,1,"","","","","","","","","","","","",3,1,"","","","","","","","","","","","","","","","","","","","","","","","","","","","","","","","","","","","","","","","","","","","","","","","","","","","","",""
"35049001","CANCALE",48.711667,-1.843333,40,1981102200,"","","","",7.,1,200,1,"","","","","","","","","","","","","","","","","","","","","","","","","","","","",7.,1,5.3,1,"","","","","","","","","","","","","","","","","","","","","","","","","","",90,1,"","","","","","","","","","","","",9.,1,1011.7,1,"","","","","","",6,1,6,1,8,1,0,1,0,1,"","","","","","","","","","","","","","","","","","","","","","","","",15000,1,"","",0,1,"","","","","","","","","","","","",4,1,"","","","","","","","","","","","","","","","","","","","","","","","","","","","","","","","","","","","","","","","","","","","","","","","","","","","","",""
"35049001","CANCALE",48.711667,-1.843333,40,1981102203,"","","","",3.,1,180,1,"","","","","","","","","","","","","","","","","","","","","","","","","","","","",7.6,1,5.3,1,"","","","","","","","","","","","","","","","","","","","","","","","","","",86,1,"","","","","","","","","","","","",9.,1,1011.4,1,"","","","","","",7,1,7,1,7,1,"","","","","","","","","","","","","","","","","","","","","","","","","","","","",12000,1,"","",61,1,"","","","","","","","","","","","",3,1,"","","","","","","","","","","","","","","","","","","","","","","","","","","","","","","","","","","","","","","","","","","","","","","","","","","","","",""
"35049001","CANCALE",48.711667,-1.843333,40,1981102206,"","","","",5.,1,220,1,"","","","","","","","","","","","","","","","","","","","","","","","","","","","",7.,1,5.6,1,"","","","","","","","","","","","","","","","","","","","","","","","","","",92,1,"","","","","","","","","","","","",9.2,1,1011.8,1,"","","","","","",5,1,5,1,8,1,0,1,0,1,"","","","","","","","","","","","","","","","","","","","","","","","",25000,1,"","",0,1,"","","","",1,1,"","","","","","",3,1,"","","","","","","","","","","","","","","","","","","","","","","","","","","","","","","","","","","","","","","","","","","","","","","","","","","","","",""
"35049001","CANCALE",48.711667,-1.843333,40,1981102209,"","","","",2.,1,40,1,"","","","","","","","","","","","","","","","","","","","","","","","","","","","",9.2,1,6.,1,"","","","","","","","","","","","","","","","","","","","","","","","","","",82,1,"","","","","","","","","","","","",9.5,1,1013.1,1,"","","","","","",5,1,5,1,8,1,0,1,0,1,"","","","","","","","","","","","","","","","","","","","","","","","",30000,1,"","",2,1,8,1,"","","","","","","","","","",2,1,"","","","","","","","","","","","","","","","","","","","","","","","","","","","","","","","","","","","","","","","","","","","","","","","","","","","","",""
"35049001","CANCALE",48.711667,-1.843333,40,1981102212,"","","","",5.,1,340,1,"","","","","","","","","","","","","","","","","","","","","","","","","","","","",11.2,1,5.4,1,"","","","","","","","","","","","","","","","","","","","","","","","","","",69,1,"","","","","","","","","","","","",9.1,1,1014.3,1,"","","","","","",5,1,5,1,3,1,0,1,0,1,"","","","","","","","","","","","","","","","","","","","","","","","",30000,1,"","",2,1,8,1,"","","","","","","","","","",3,1,"","","","","","","","","","","","","","","","","","","","","","","","","","","","","","","","","","","","","","","","","","","","","","","","","","","","","",""
"35049001","CANCALE",48.711667,-1.843333,40,1981102215,"","","","",8.,1,300,1,"","","","","","","","","","","","","","","","","","","","","","","","","","","","",11.,1,5.3,1,"","","","","","","","","","","","","","","","","","","","","","","","","","",69,1,"","","","","","","","","","","","",9.,1,1014.3,1,"","","","","","",4,1,0,1,2,1,0,1,0,1,"","","","","","","","","","","","","","","","","","","","","","","","",30000,1,"","",2,1,1,1,"","","","","","","","","","",3,1,"","","","","","","","","","","","","","","","","","","","","","","","","","","","","","","","","","","","","","","","","","","","","","","","","","","","","",""
"35049001","CANCALE",48.711667,-1.843333,40,1981102218,"","","","",9.,1,300,1,"","","","","","","","","","","","","","","","","","","","","","","","","","","","",10.5,1,4.9,1,"","","","","","","","","","","","","","","","","","","","","","","","","","",69,1,"","","","","","","","","","","","",8.8,1,1015.1,1,"","","","","","",5,1,5,1,2,1,0,1,0,1,"","","","","","","","","","","","","","","","","","","","","","","","",30000,1,"","",2,1,1,1,"","","","","","","","","","",3,1,"","","","","","","","","","","","","","","","","","","","","","","","","","","","","","","","","","","","","","","","","","","","","","","","","","","","","",""
"35049001","CANCALE",48.711667,-1.843333,40,1981102221,"","","","",6.,1,320,1,"","","","","","","","","","","","","","","","","","","","","","","","","","","","",10.2,1,5.3,1,"","","","","","","","","","","","","","","","","","","","","","","","","","",72,1,"","","","","","","","","","","","",9.,1,1016.3,1,"","","","","","",3,1,0,1,2,1,0,1,0,1,"","","","","","","","","","","","","","","","","","","","","","","","",30000,1,"","",0,1,"","","","","","","","","","","","",3,1,"","","","","","","","","","","","","","","","","","","","","","","","","","","","","","","","","","","","","","","","","","","","","","","","","","","","","",""
"35049001","CANCALE",48.711667,-1.843333,40,1981102300,"","","","",5.,1,320,1,"","","","","","","","","","","","","","","","","","","","","","","","","","","","",10.4,1,5.9,1,"","","","","","","","","","","","","","","","","","","","","","","","","","",75,1,"","","","","","","","","","","","",9.4,1,1017.,1,"","","","","","",3,1,0,1,2,1,0,1,0,1,"","","","","","","","","","","","","","","","","","","","","","","","",30000,1,"","",0,1,"","","","","","","","","","","","",3,1,"","","","","","","","","","","","","","","","","","","","","","","","","","","","","","","","","","","","","","","","","","","","","","","","","","","","","",""
"35049001","CANCALE",48.711667,-1.843333,40,1981102303,"","","","",6.,1,340,1,"","","","","","","","","","","","","","","","","","","","","","","","","","","","",10.4,1,5.9,1,"","","","","","","","","","","","","","","","","","","","","","","","","","",75,1,"","","","","","","","","","","","",9.4,1,1017.5,1,"","","","","","",4,1,0,1,2,1,0,1,0,1,"","","","","","","","","","","","","","","","","","","","","","","","",30000,1,"","",0,1,"","","","","","","","","","","","",3,1,"","","","","","","","","","","","","","","","","","","","","","","","","","","","","","","","","","","","","","","","","","","","","","","","","","","","","",""
"35049001","CANCALE",48.711667,-1.843333,40,1981102306,"","","","",7.,1,300,1,"","","","","","","","","","","","","","","","","","","","","","","","","","","","",11.,1,5.4,1,"","","","","","","","","","","","","","","","","","","","","","","","","","",70,1,"","","","","","","","","","","","",9.1,1,1017.9,1,"","","","","","",7,1,7,1,8,1,"","","","","","","","","","","","","","","","","","","","","","","","","","","","",35000,1,"","",0,1,"","","","",0,1,"","","","","","",3,1,"","","","","","","","","","","","","","","","","","","","","","","","","","","","","","","","","","","","","","","","","","","","","","","","","","","","","",""
"35049001","CANCALE",48.711667,-1.843333,40,1981102309,"","","","",2.,1,180,1,"","","","","","","","","","","","","","","","","","","","","","","","","","","","",9.3,1,6.,1,"","","","","","","","","","","","","","","","","","","","","","","","","","",82,1,"","","","","","","","","","","","",9.5,1,1019.4,1,"","","","","","",8,1,8,1,8,1,"","","","","","","","","","","","","","","","","","","","","","","","","","","","",14000,1,"","",2,1,2,1,"","","","","","","","","","",3,1,"","","","","","","","","","","","","","","","","","","","","","","","","","","","","","","","","","","","","","","","","","","","","","","","","","","","","",""
"35049001","CANCALE",48.711667,-1.843333,40,1981102312,"","","","",1.,1,160,1,"","","","","","","","","","","","","","","","","","","","","","","","","","","","",9.7,1,6.7,1,"","","","","","","","","","","","","","","","","","","","","","","","","","",83,1,"","","","","","","","","","","","",10.,1,1019.4,1,"","","","","","",7,1,7,1,8,1,"","","","","","","","","","","","","","","","","","","","","","","","","","","","",18000,1,"","",2,1,8,1,"","","","","","","","","","",2,1,"","","","","","","","","","","","","","","","","","","","","","","","","","","","","","","","","","","","","","","","","","","","","","","","","","","","","",""
"35049001","CANCALE",48.711667,-1.843333,40,1981102315,"","","","",7.,1,240,1,"","","","","","","","","","","","","","","","","","","","","","","","","","","","",11.4,1,6.6,1,"","","","","","","","","","","","","","","","","","","","","","","","","","",73,1,"","","","","","","","","","","","",9.9,1,1019.9,1,"","","","","","",7,1,7,1,8,1,"","","","","","","","","","","","","","","","","","","","","","","","","","","","",30000,1,"","",2,1,2,1,"","","","","","","","","","",4,1,"","","","","","","","","","","","","","","","","","","","","","","","","","","","","","","","","","","","","","","","","","","","","","","","","","","","","",""
"35049001","CANCALE",48.711667,-1.843333,40,1981102318,"","","","",8.,1,300,1,"","","","","","","","","","","","","","","","","","","","","","","","","","","","",11.,1,7.3,1,"","","","","","","","","","","","","","","","","","","","","","","","","","",79,1,"","","","","","","","","","","","",10.4,1,1020.4,1,"","","","","","",7,1,7,1,8,1,"","","","","","","","","","","","","","","","","","","","","","","","","","","","",30000,1,"","",2,1,8,1,"","","","","","","","","","",3,1,"","","","","","","","","","","","","","","","","","","","","","","","","","","","","","","","","","","","","","","","","","","","","","","","","","","","","",""
"35049001","CANCALE",48.711667,-1.843333,40,1981102321,"","","","",2.,1,340,1,"","","","","","","","","","","","","","","","","","","","","","","","","","","","",10.7,1,7.3,1,"","","","","","","","","","","","","","","","","","","","","","","","","","",81,1,"","","","","","","","","","","","",10.4,1,1021.4,1,"","","","","","",6,1,6,1,8,1,0,1,0,1,"","","","","","","","","","","","","","","","","","","","","","","","",35000,1,"","",0,1,"","","","","","","","","","","","",2,1,"","","","","","","","","","","","","","","","","","","","","","","","","","","","","","","","","","","","","","","","","","","","","","","","","","","","","",""
"35049001","CANCALE",48.711667,-1.843333,40,1981102400,"","","","",3.,1,180,1,"","","","","","","","","","","","","","","","","","","","","","","","","","","","",8.7,1,8.,1,"","","","","","","","","","","","","","","","","","","","","","","","","","",97,1,"","","","","","","","","","","","",10.9,1,1021.7,1,"","","","","","",8,1,8,1,8,1,"","","","","","","","","","","","","","","","","","","","","","","","","","","","",22000,1,"","",0,1,"","","","","","","","","","","","",2,1,"","","","","","","","","","","","","","","","","","","","","","","","","","","","","","","","","","","","","","","","","","","","","","","","","","","","","",""
"35049001","CANCALE",48.711667,-1.843333,40,1981102403,"","","","",6.,1,240,1,"","","","","","","","","","","","","","","","","","","","","","","","","","","","",9.,1,7.7,1,"","","","","","","","","","","","","","","","","","","","","","","","","","",93,1,"","","","","","","","","","","","",10.7,1,1021.3,1,"","","","","","",7,1,0,1,4,1,7,1,"","","","","","","","","","","","","","","","","","","","","","","","","","",25000,1,"","",0,1,"","","","","","","","","","","","",3,1,"","","","","","","","","","","","","","","","","","","","","","","","","","","","","","","","","","","","","","","","","","","","","","","","","","","","","",""
"35049001","CANCALE",48.711667,-1.843333,40,1981102406,"","","","",5.,1,220,1,"","","","","","","","","","","","","","","","","","","","","","","","","","","","",9.,1,7.7,1,"","","","","","","","","","","","","","","","","","","","","","","","","","",93,1,"","","","","","","","","","","","",10.7,1,1021.3,1,"","","","","","",8,1,8,1,5,1,"","","","","","","","","","","","","","","","","","","","","","","","","","","","",20000,1,"","",0,1,"","","","",1,1,"","","","","","",2,1,"","","","","","","","","","","","","","","","","","","","","","","","","","","","","","","","","","","","","","","","","","","","","","","","","","","","","",""
"35049001","CANCALE",48.711667,-1.843333,40,1981102409,"","","","",5.,1,200,1,"","","","","","","","","","","","","","","","","","","","","","","","","","","","",9.3,1,7.4,1,"","","","","","","","","","","","","","","","","","","","","","","","","","",89,1,"","","","","","","","","","","","",10.5,1,1021.1,1,"","","","","","",8,1,8,1,5,1,"","","","","","","","","","","","","","","","","","","","","","","","","","","","",17000,1,"","",2,1,2,1,"","","","","","","","","","",2,1,"","","","","","","","","","","","","","","","","","","","","","","","","","","","","","","","","","","","","","","","","","","","","","","","","","","","","",""
"35049001","CANCALE",48.711667,-1.843333,40,1981102412,"","","","",5.,1,220,1,"","","","","","","","","","","","","","","","","","","","","","","","","","","","",11.9,1,7.8,1,"","","","","","","","","","","","","","","","","","","","","","","","","","",77,1,"","","","","","","","","","","","",10.8,1,1019.8,1,"","","","","","",8,1,8,1,5,1,"","","","","","","","","","","","","","","","","","","","","","","","","","","","",25000,1,"","",2,1,2,1,"","","","","","","","","","",2,1,"","","","","","","","","","","","","","","","","","","","","","","","","","","","","","","","","","","","","","","","","","","","","","","","","","","","","",""
"35049001","CANCALE",48.711667,-1.843333,40,1981102415,"","","","",4.,1,160,1,"","","","","","","","","","","","","","","","","","","","","","","","","","","","",11.9,1,9.2,1,"","","","","","","","","","","","","","","","","","","","","","","","","","",86,1,"","","","","","","","","","","","",11.9,1,1017.4,1,"","","","","","",8,1,8,1,5,1,"","","","","","","","","","","","","","","","","","","","","","","","","","","","",20000,1,"","",2,1,6,1,"","","","","","","","","","",2,1,"","","","","","","","","","","","","","","","","","","","","","","","","","","","","","","","","","","","","","","","","","","","","","","","","","","","","",""
"35049001","CANCALE",48.711667,-1.843333,40,1981102418,"","","","",6.,1,200,1,"","","","","","","","","","","","","","","","","","","","","","","","","","","","",11.3,1,8.3,1,"","","","","","","","","","","","","","","","","","","","","","","","","","",84,1,"","","","","","","","","","","","",11.2,1,1015.5,1,"","","","","","",7,1,7,1,5,1,"","","","","","","","","","","","","","","","","","","","","","","","","","","","",25000,1,"","",51,1,6,1,"","","","","","","","","","",3,1,"","","","","","","","","","","","","","","","","","","","","","","","","","","","","","","","","","","","","","","","","","","","","","","","","","","","","",""
"35049001","CANCALE",48.711667,-1.843333,40,1981102421,"","","","",7.,1,220,1,"","","","","","","","","","","","","","","","","","","","","","","","","","","","",10.8,1,9.1,1,"","","","","","","","","","","","","","","","","","","","","","","","","","",91,1,"","","","","","","","","","","","",11.8,1,1014.3,1,"","","","","","",8,1,0,1,5,1,7,1,"","","","","","","","","","","","","","","","","","","","","","","","","","",25000,1,"","",0,1,"","","","","","","","","","","","",3,1,"","","","","","","","","","","","","","","","","","","","","","","","","","","","","","","","","","","","","","","","","","","","","","","","","","","","","",""
"35049001","CANCALE",48.711667,-1.843333,40,1981102500,"","","","",16.,1,260,1,"","","","","","","","","","","","","","","","","","","","","","","","","","","","",11.8,1,9.7,1,"","","","","","","","","","","","","","","","","","","","","","","","","","",89,1,"","","","","","","","","","","","",12.3,1,1013.9,1,"","","","","","",3,1,0,1,2,1,0,1,0,1,"","","","","","","","","","","","","","","","","","","","","","","","",25000,1,"","",0,1,"","","","","","","","","","","","",5,1,"","","","","","","","","","","","","","","","","","","","","","","","","","","","","","","","","","","","","","","","","","","","","","","","","","","","","",""
"35049001","CANCALE",48.711667,-1.843333,40,1981102503,"","","","",16.,1,260,1,"","","","","","","","","","","","","","","","","","","","","","","","","","","","",11.4,1,8.3,1,"","","","","","","","","","","","","","","","","","","","","","","","","","",83,1,"","","","","","","","","","","","",11.2,1,1012.4,1,"","","","","","",6,1,6,1,8,1,0,1,0,1,"","","","","","","","","","","","","","","","","","","","","","","","",30000,1,"","",0,1,"","","","","","","","","","","","",5,1,"","","","","","","","","","","","","","","","","","","","","","","","","","","","","","","","","","","","","","","","","","","","","","","","","","","","","",""
"35049001","CANCALE",48.711667,-1.843333,40,1981102506,"","","","",9.,1,240,1,"","","","","","","","","","","","","","","","","","","","","","","","","","","","",9.,1,7.4,1,"","","","","","","","","","","","","","","","","","","","","","","","","","",92,1,"","","","","","","","","","","","",10.5,1,1012.2,1,"","","","","","",7,1,7,1,7,1,"","","","","","","","","","","","","","","","","","","","","","","","","","","","",7000,1,"","",61,1,"","","","",2,1,"","","","","","",4,1,"","","","","","","","","","","","","","","","","","","","","","","","","","","","","","","","","","","","","","","","","","","","","","","","","","","","","",""
"35049001","CANCALE",48.711667,-1.843333,40,1981102509,"","","","",11.,1,240,1,"","","","","","","","","","","","","","","","","","","","","","","","","","","","",8.3,1,5.3,1,"","","","","","","","","","","","","","","","","","","","","","","","","","",82,1,"","","","","","","","","","","","",9.,1,1010.,1,"","","","","","",6,1,6,1,5,1,7,1,0,1,"","","","","","","","","","","","","","","","","","","","","","","","",35000,1,"","",1,1,6,1,"","","","","","","","","","",4,1,"","","","","","","","","","","","","","","","","","","","","","","","","","","","","","","","","","","","","","","","","","","","","","","","","","","","","",""
"35049001","CANCALE",48.711667,-1.843333,40,1981102512,"","","","",7.,1,220,1,"","","","","","","","","","","","","","","","","","","","","","","","","","","","",9.1,1,6.7,1,"","","","","","","","","","","","","","","","","","","","","","","","","","",87,1,"","","","","","","","","","","","",10.,1,1006.4,1,"","","","","","",8,1,8,1,5,1,"","","","","","","","","","","","","","","","","","","","","","","","","","","","",16000,1,"","",61,1,6,1,"","","","","","","","","","",3,1,"","","","","","","","","","","","","","","","","","","","","","","","","","","","","","","","","","","","","","","","","","","","","","","","","","","","","",""
"35049001","CANCALE",48.711667,-1.843333,40,1981102515,"","","","",8.,1,280,1,"","","","","","","","","","","","","","","","","","","","","","","","","","","","",8.,1,5.1,1,"","","","","","","","","","","","","","","","","","","","","","","","","","",83,1,"","","","","","","","","","","","",8.9,1,1003.5,1,"","","","","","",8,1,7,1,5,1,"","","","","","","","","","","","","","","","","","","","","","","","","","","","",18000,1,"","",60,1,6,1,"","","","","","","","","","",4,1,"","","","","","","","","","","","","","","","","","","","","","","","","","","","","","","","","","","","","","","","","","","","","","","","","","","","","",""
"35049001","CANCALE",48.711667,-1.843333,40,1981102518,"","","","",20.,1,260,1,"","","","","","","","","","","","","","","","","","","","","","","","","","","","",8.6,1,6.,1,"","","","","","","","","","","","","","","","","","","","","","","","","","",85,1,"","","","","","","","","","","","",9.5,1,1003.6,1,"","","","","","",6,1,6,1,8,1,0,1,0,1,"","","","","","","","","","","","","","","","","","","","","","","","",25000,1,"","",2,1,6,1,"","","","","","","","","","",5,1,"","","","","","","","","","","","","","","","","","","","","","","","","","","","","","","","","","","","","","","","","","","","","","","","","","","","","",""
"35049001","CANCALE",48.711667,-1.843333,40,1981102521,"","","","",22.,1,280,1,"","","","","","","","","","","","","","","","","","","","","","","","","","","","",7.4,1,5.9,1,"","","","","","","","","","","","","","","","","","","","","","","","","","",92,1,"","","","","","","","","","","","",9.4,1,1004.2,1,"","","","","","",8,1,8,1,9,1,"","","","","","","","","","","","","","","","","","","","","","","","","","","","",22000,1,"","",91,1,9,1,"","","","","","","","","","",5,1,"","","","","","","","","","","","","","","","","","","","","","","","","","","","","","","","","","","","","","","","","","","","","","","","","","","","","",""
"35049001","CANCALE",48.711667,-1.843333,40,1981102600,"","","","",20.,1,280,1,"","","","","","","","","","","","","","","","","","","","","","","","","","","","",9.4,1,6.9,1,"","","","","","","","","","","","","","","","","","","","","","","","","","",86,1,"","","","","","","","","","","","",10.1,1,1007.2,1,"","","","","","",5,1,5,1,3,1,0,1,0,1,"","","","","","","","","","","","","","","","","","","","","","","","",24000,1,"","",0,1,"","","","","","","","","","","","",5,1,"","","","","","","","","","","","","","","","","","","","","","","","","","","","","","","","","","","","","","","","","","","","","","","","","","","","","",""
"35049001","CANCALE",48.711667,-1.843333,40,1981102603,"","","","",19.,1,300,1,"","","","","","","","","","","","","","","","","","","","","","","","","","","","",9.,1,7.4,1,"","","","","","","","","","","","","","","","","","","","","","","","","","",92,1,"","","","","","","","","","","","",10.5,1,1010.3,1,"","","","","","",6,1,6,1,8,1,0,1,0,1,"","","","","","","","","","","","","","","","","","","","","","","","",28000,1,"","",0,1,"","","","","","","","","","","","",5,1,"","","","","","","","","","","","","","","","","","","","","","","","","","","","","","","","","","","","","","","","","","","","","","","","","","","","","",""
"35049001","CANCALE",48.711667,-1.843333,40,1981102606,"","","","",14.,1,280,1,"","","","","","","","","","","","","","","","","","","","","","","","","","","","",9.2,1,6.6,1,"","","","","","","","","","","","","","","","","","","","","","","","","","",86,1,"","","","","","","","","","","","",9.9,1,1013.1,1,"","","","","","",6,1,6,1,3,1,0,1,0,1,"","","","","","","","","","","","","","","","","","","","","","","","",24000,1,"","",0,1,"","","","",1,1,"","","","","","",5,1,"","","","","","","","","","","","","","","","","","","","","","","","","","","","","","","","","","","","","","","","","","","","","","","","","","","","","",""
"35049001","CANCALE",48.711667,-1.843333,40,1981102609,"","","","",14.,1,280,1,"","","","","","","","","","","","","","","","","","","","","","","","","","","","",9.5,1,7.,1,"","","","","","","","","","","","","","","","","","","","","","","","","","",86,1,"","","","","","","","","","","","",10.2,1,1015.5,1,"","","","","","",4,1,0,1,3,1,0,1,0,1,"","","","","","","","","","","","","","","","","","","","","","","","",35000,1,"","",1,1,1,1,"","","","","","","","","","",5,1,"","","","","","","","","","","","","","","","","","","","","","","","","","","","","","","","","","","","","","","","","","","","","","","","","","","","","",""
"35049001","CANCALE",48.711667,-1.843333,40,1981102612,"","","","",12.,1,300,1,"","","","","","","","","","","","","","","","","","","","","","","","","","","","",10.5,1,8.,1,"","","","","","","","","","","","","","","","","","","","","","","","","","",86,1,"","","","","","","","","","","","",10.9,1,1016.2,1,"","","","","","",6,1,0,1,2,1,4,1,1,1,"","","","","","","","","","","","","","","","","","","","","","","","",45000,1,"","",2,1,1,1,"","","","","","","","","","",4,1,"","","","","","","","","","","","","","","","","","","","","","","","","","","","","","","","","","","","","","","","","","","","","","","","","","","","","",""
"35049001","CANCALE",48.711667,-1.843333,40,1981102615,"","","","",10.,1,300,1,"","","","","","","","","","","","","","","","","","","","","","","","","","","","",10.9,1,8.6,1,"","","","","","","","","","","","","","","","","","","","","","","","","","",87,1,"","","","","","","","","","","","",11.4,1,1017.5,1,"","","","","","",6,1,0,1,2,1,6,1,2,1,"","","","","","","","","","","","","","","","","","","","","","","","",50000,1,"","",2,1,2,1,"","","","","","","","","","",4,1,"","","","","","","","","","","","","","","","","","","","","","","","","","","","","","","","","","","","","","","","","","","","","","","","","","","","","",""
"35049001","CANCALE",48.711667,-1.843333,40,1981102618,"","","","",10.,1,280,1,"","","","","","","","","","","","","","","","","","","","","","","","","","","","",10.6,1,8.3,1,"","","","","","","","","","","","","","","","","","","","","","","","","","",87,1,"","","","","","","","","","","","",11.2,1,1017.8,1,"","","","","","",6,1,0,1,2,1,6,1,0,1,"","","","","","","","","","","","","","","","","","","","","","","","",35000,1,"","",2,1,2,1,"","","","","","","","","","",4,1,"","","","","","","","","","","","","","","","","","","","","","","","","","","","","","","","","","","","","","","","","","","","","","","","","","","","","",""
"35049001","CANCALE",48.711667,-1.843333,40,1981102621,"","","","",7.,1,240,1,"","","","","","","","","","","","","","","","","","","","","","","","","","","","",8.9,1,7.,1,"","","","","","","","","","","","","","","","","","","","","","","","","","",89,1,"","","","","","","","","","","","",10.2,1,1017.8,1,"","","","","","",5,1,0,1,2,1,6,1,0,1,"","","","","","","","","","","","","","","","","","","","","","","","",40000,1,"","",0,1,"","","","","","","","","","","","",3,1,"","","","","","","","","","","","","","","","","","","","","","","","","","","","","","","","","","","","","","","","","","","","","","","","","","","","","",""
"35049001","CANCALE",48.711667,-1.843333,40,1981102700,"","","","",5.,1,180,1,"","","","","","","","","","","","","","","","","","","","","","","","","","","","",8.,1,6.4,1,"","","","","","","","","","","","","","","","","","","","","","","","","","",92,1,"","","","","","","","","","","","",9.8,1,1017.,1,"","","","","","",6,1,6,1,0,1,7,1,0,1,"","","","","","","","","","","","","","","","","","","","","","","","",40000,1,"","",0,1,"","","","","","","","","","","","",3,1,"","","","","","","","","","","","","","","","","","","","","","","","","","","","","","","","","","","","","","","","","","","","","","","","","","","","","",""
"35049001","CANCALE",48.711667,-1.843333,40,1981102703,"","","","",9.,1,180,1,"","","","","","","","","","","","","","","","","","","","","","","","","","","","",8.,1,8.,1,"","","","","","","","","","","","","","","","","","","","","","","","","","",99,1,"","","","","","","","","","","","",10.6,1,1014.6,1,"","","","","","",7,1,7,1,5,1,"","","","","","","","","","","","","","","","","","","","","","","","","","","","",30000,1,"","",0,1,"","","","","","","","","","","","",4,1,"","","","","","","","","","","","","","","","","","","","","","","","","","","","","","","","","","","","","","","","","","","","","","","","","","","","","",""
"35049001","CANCALE",48.711667,-1.843333,40,1981102706,"","","","",7.,1,240,1,"","","","","","","","","","","","","","","","","","","","","","","","","","","","",10.8,1,10.1,1,"","","","","","","","","","","","","","","","","","","","","","","","","","",98,1,"","","","","","","","","","","","",12.6,1,1013.9,1,"","","","","","",8,1,8,1,7,1,"","","","","","","","","","","","","","","","","","","","","","","","","","","","",15000,1,"","",61,1,"","","","",1,1,"","","","","","",3,1,"","","","","","","","","","","","","","","","","","","","","","","","","","","","","","","","","","","","","","","","","","","","","","","","","","","","","",""
"35049001","CANCALE",48.711667,-1.843333,40,1981102709,"","","","",10.,1,280,1,"","","","","","","","","","","","","","","","","","","","","","","","","","","","",11.8,1,8.7,1,"","","","","","","","","","","","","","","","","","","","","","","","","","",83,1,"","","","","","","","","","","","",11.5,1,1013.9,1,"","","","","","",7,1,7,1,8,1,"","","","","","","","","","","","","","","","","","","","","","","","","","","","",20000,1,"","",25,1,6,1,"","","","","","","","","","",4,1,"","","","","","","","","","","","","","","","","","","","","","","","","","","","","","","","","","","","","","","","","","","","","","","","","","","","","",""
"35049001","CANCALE",48.711667,-1.843333,40,1981102712,"","","","",9.,1,260,1,"","","","","","","","","","","","","","","","","","","","","","","","","","","","",11.2,1,9.7,1,"","","","","","","","","","","","","","","","","","","","","","","","","","",93,1,"","","","","","","","","","","","",12.3,1,1015.1,1,"","","","","","",6,1,6,1,3,1,0,1,0,1,"","","","","","","","","","","","","","","","","","","","","","","","",20000,1,"","",81,1,8,1,"","","","","","","","","","",4,1,"","","","","","","","","","","","","","","","","","","","","","","","","","","","","","","","","","","","","","","","","","","","","","","","","","","","","",""
"35049001","CANCALE",48.711667,-1.843333,40,1981102715,"","","","",11.,1,240,1,"","","","","","","","","","","","","","","","","","","","","","","","","","","","",12.,1,10.5,1,"","","","","","","","","","","","","","","","","","","","","","","","","","",93,1,"","","","","","","","","","","","",13.,1,1015.,1,"","","","","","",6,1,6,1,3,1,0,1,0,1,"","","","","","","","","","","","","","","","","","","","","","","","",30000,1,"","",2,1,8,1,"","","","","","","","","","",4,1,"","","","","","","","","","","","","","","","","","","","","","","","","","","","","","","","","","","","","","","","","","","","","","","","","","","","","",""
"35049001","CANCALE",48.711667,-1.843333,40,1981102718,"","","","",12.,1,240,1,"","","","","","","","","","","","","","","","","","","","","","","","","","","","",11.6,1,9.7,1,"","","","","","","","","","","","","","","","","","","","","","","","","","",90,1,"","","","","","","","","","","","",12.3,1,1015.4,1,"","","","","","",5,1,5,1,3,1,0,1,0,1,"","","","","","","","","","","","","","","","","","","","","","","","",30000,1,"","",2,1,8,1,"","","","","","","","","","",4,1,"","","","","","","","","","","","","","","","","","","","","","","","","","","","","","","","","","","","","","","","","","","","","","","","","","","","","",""
"35049001","CANCALE",48.711667,-1.843333,40,1981102721,"","","","",8.,1,240,1,"","","","","","","","","","","","","","","","","","","","","","","","","","","","",9.6,1,8.5,1,"","","","","","","","","","","","","","","","","","","","","","","","","","",95,1,"","","","","","","","","","","","",11.3,1,1016.4,1,"","","","","","",6,1,6,1,3,1,0,1,0,1,"","","","","","","","","","","","","","","","","","","","","","","","",30000,1,"","",0,1,"","","","","","","","","","","","",4,1,"","","","","","","","","","","","","","","","","","","","","","","","","","","","","","","","","","","","","","","","","","","","","","","","","","","","","",""
"35049001","CANCALE",48.711667,-1.843333,40,1981102800,"","","","",8.,1,240,1,"","","","","","","","","","","","","","","","","","","","","","","","","","","","",8.2,1,7.2,1,"","","","","","","","","","","","","","","","","","","","","","","","","","",95,1,"","","","","","","","","","","","",10.3,1,1017.,1,"","","","","","",3,1,0,1,3,1,0,1,0,1,"","","","","","","","","","","","","","","","","","","","","","","","",30000,1,"","",0,1,"","","","","","","","","","","","",4,1,"","","","","","","","","","","","","","","","","","","","","","","","","","","","","","","","","","","","","","","","","","","","","","","","","","","","","",""
"35049001","CANCALE",48.711667,-1.843333,40,1981102803,"","","","",7.,1,240,1,"","","","","","","","","","","","","","","","","","","","","","","","","","","","",8.,1,6.4,1,"","","","","","","","","","","","","","","","","","","","","","","","","","",92,1,"","","","","","","","","","","","",9.8,1,1018.,1,"","","","","","",3,1,0,1,5,1,0,1,0,1,"","","","","","","","","","","","","","","","","","","","","","","","",30000,1,"","",0,1,"","","","","","","","","","","","",4,1,"","","","","","","","","","","","","","","","","","","","","","","","","","","","","","","","","","","","","","","","","","","","","","","","","","","","","",""
"35049001","CANCALE",48.711667,-1.843333,40,1981102806,"","","","",6.,1,220,1,"","","","","","","","","","","","","","","","","","","","","","","","","","","","",8.,1,6.7,1,"","","","","","","","","","","","","","","","","","","","","","","","","","",93,1,"","","","","","","","","","","","",10.,1,1018.,1,"","","","","","",7,1,7,1,0,1,7,1,"","","","","","","","","","","","","","","","","","","","","","","","","","",30000,1,"","",0,1,"","","","",0,1,"","","","","","",3,1,"","","","","","","","","","","","","","","","","","","","","","","","","","","","","","","","","","","","","","","","","","","","","","","","","","","","","",""
"35049001","CANCALE",48.711667,-1.843333,40,1981102809,"","","","",6.,1,200,1,"","","","","","","","","","","","","","","","","","","","","","","","","","","","",9.9,1,6.7,1,"","","","","","","","","","","","","","","","","","","","","","","","","","",82,1,"","","","","","","","","","","","",10.,1,1018.6,1,"","","","","","",7,1,7,1,5,1,7,1,"","","","","","","","","","","","","","","","","","","","","","","","","","",20000,1,"","",2,1,2,1,"","","","","","","","","","",3,1,"","","","","","","","","","","","","","","","","","","","","","","","","","","","","","","","","","","","","","","","","","","","","","","","","","","","","",""
"35049001","CANCALE",48.711667,-1.843333,40,1981102812,"","","","",5.,1,200,1,"","","","","","","","","","","","","","","","","","","","","","","","","","","","",12.2,1,8.,1,"","","","","","","","","","","","","","","","","","","","","","","","","","",77,1,"","","","","","","","","","","","",10.9,1,1018.4,1,"","","","","","",7,1,7,1,5,1,7,1,"","","","","","","","","","","","","","","","","","","","","","","","","","",25000,1,"","",2,1,2,1,"","","","","","","","","","",3,1,"","","","","","","","","","","","","","","","","","","","","","","","","","","","","","","","","","","","","","","","","","","","","","","","","","","","","",""
"35049001","CANCALE",48.711667,-1.843333,40,1981102815,"","","","",6.,1,200,1,"","","","","","","","","","","","","","","","","","","","","","","","","","","","",13.2,1,8.6,1,"","","","","","","","","","","","","","","","","","","","","","","","","","",75,1,"","","","","","","","","","","","",11.4,1,1016.2,1,"","","","","","",7,1,6,1,5,1,7,1,"","","","","","","","","","","","","","","","","","","","","","","","","","",20000,1,"","",2,1,2,1,"","","","","","","","","","",3,1,"","","","","","","","","","","","","","","","","","","","","","","","","","","","","","","","","","","","","","","","","","","","","","","","","","","","","",""
"35049001","CANCALE",48.711667,-1.843333,40,1981102818,"","","","",9.,1,200,1,"","","","","","","","","","","","","","","","","","","","","","","","","","","","",12.8,1,9.,1,"","","","","","","","","","","","","","","","","","","","","","","","","","",79,1,"","","","","","","","","","","","",11.7,1,1015.,1,"","","","","","",8,1,8,1,0,1,7,1,"","","","","","","","","","","","","","","","","","","","","","","","","","",30000,1,"","",2,1,2,1,"","","","","","","","","","",4,1,"","","","","","","","","","","","","","","","","","","","","","","","","","","","","","","","","","","","","","","","","","","","","","","","","","","","","",""
"35049001","CANCALE",48.711667,-1.843333,40,1981102821,"","","","",9.,1,200,1,"","","","","","","","","","","","","","","","","","","","","","","","","","","","",12.3,1,10.1,1,"","","","","","","","","","","","","","","","","","","","","","","","","","",88,1,"","","","","","","","","","","","",12.6,1,1014.8,1,"","","","","","",8,1,8,1,0,1,7,1,"","","","","","","","","","","","","","","","","","","","","","","","","","",25000,1,"","",0,1,"","","","","","","","","","","","",4,1,"","","","","","","","","","","","","","","","","","","","","","","","","","","","","","","","","","","","","","","","","","","","","","","","","","","","","",""
"35049001","CANCALE",48.711667,-1.843333,40,1981102900,"","","","",7.,1,180,1,"","","","","","","","","","","","","","","","","","","","","","","","","","","","",12.5,1,11.2,1,"","","","","","","","","","","","","","","","","","","","","","","","","","",94,1,"","","","","","","","","","","","",13.6,1,1013.4,1,"","","","","","",8,1,8,1,0,1,7,1,"","","","","","","","","","","","","","","","","","","","","","","","","","",30000,1,"","",0,1,"","","","","","","","","","","","",4,1,"","","","","","","","","","","","","","","","","","","","","","","","","","","","","","","","","","","","","","","","","","","","","","","","","","","","","",""
"35049001","CANCALE",48.711667,-1.843333,40,1981102903,"","","","",7.,1,180,1,"","","","","","","","","","","","","","","","","","","","","","","","","","","","",12.7,1,11.4,1,"","","","","","","","","","","","","","","","","","","","","","","","","","",94,1,"","","","","","","","","","","","",13.8,1,1011.,1,"","","","","","",8,1,8,1,7,1,"","","","","","","","","","","","","","","","","","","","","","","","","","","","",6000,1,"","",63,1,"","","","","","","","","","","","",4,1,"","","","","","","","","","","","","","","","","","","","","","","","","","","","","","","","","","","","","","","","","","","","","","","","","","","","","",""
"35049001","CANCALE",48.711667,-1.843333,40,1981102906,"","","","",8.,1,260,1,"","","","","","","","","","","","","","","","","","","","","","","","","","","","",10.9,1,9.3,1,"","","","","","","","","","","","","","","","","","","","","","","","","","",92,1,"","","","","","","","","","","","",12.,1,1010.7,1,"","","","","","",8,1,8,1,7,1,"","","","","","","","","","","","","","","","","","","","","","","","","","","","",22000,1,"","",61,1,"","","","",2,1,"","","","","","",4,1,"","","","","","","","","","","","","","","","","","","","","","","","","","","","","","","","","","","","","","","","","","","","","","","","","","","","","",""
"35049001","CANCALE",48.711667,-1.843333,40,1981102909,"","","","",12.,1,260,1,"","","","","","","","","","","","","","","","","","","","","","","","","","","","",12.1,1,9.6,1,"","","","","","","","","","","","","","","","","","","","","","","","","","",87,1,"","","","","","","","","","","","",12.2,1,1014.,1,"","","","","","",7,1,6,1,8,1,7,1,"","","","","","","","","","","","","","","","","","","","","","","","","","",24000,1,"","",2,1,6,1,"","","","","","","","","","",4,1,"","","","","","","","","","","","","","","","","","","","","","","","","","","","","","","","","","","","","","","","","","","","","","","","","","","","","",""
"35049001","CANCALE",48.711667,-1.843333,40,1981102912,"","","","",12.,1,260,1,"","","","","","","","","","","","","","","","","","","","","","","","","","","","",12.1,1,9.8,1,"","","","","","","","","","","","","","","","","","","","","","","","","","",88,1,"","","","","","","","","","","","",12.4,1,1015.2,1,"","","","","","",8,1,8,1,8,1,"","","","","","","","","","","","","","","","","","","","","","","","","","","","",22000,1,"","",2,1,8,1,"","","","","","","","","","",4,1,"","","","","","","","","","","","","","","","","","","","","","","","","","","","","","","","","","","","","","","","","","","","","","","","","","","","","",""
"35049001","CANCALE",48.711667,-1.843333,40,1981102915,"","","","",6.,1,260,1,"","","","","","","","","","","","","","","","","","","","","","","","","","","","",12.3,1,10.3,1,"","","","","","","","","","","","","","","","","","","","","","","","","","",89,1,"","","","","","","","","","","","",12.8,1,1015.5,1,"","","","","","",7,1,5,1,8,1,4,1,"","","","","","","","","","","","","","","","","","","","","","","","","","",30000,1,"","",2,1,2,1,"","","","","","","","","","",3,1,"","","","","","","","","","","","","","","","","","","","","","","","","","","","","","","","","","","","","","","","","","","","","","","","","","","","","",""
"35049001","CANCALE",48.711667,-1.843333,40,1981102918,"","","","",5.,1,200,1,"","","","","","","","","","","","","","","","","","","","","","","","","","","","",10.9,1,7.8,1,"","","","","","","","","","","","","","","","","","","","","","","","","","",82,1,"","","","","","","","","","","","",10.8,1,1015.2,1,"","","","","","",7,1,7,1,8,1,"","","","","","","","","","","","","","","","","","","","","","","","","","","","",22000,1,"","",2,1,2,1,"","","","","","","","","","",3,1,"","","","","","","","","","","","","","","","","","","","","","","","","","","","","","","","","","","","","","","","","","","","","","","","","","","","","",""
"35049001","CANCALE",48.711667,-1.843333,40,1981102921,"","","","",7.,1,200,1,"","","","","","","","","","","","","","","","","","","","","","","","","","","","",10.6,1,8.,1,"","","","","","","","","","","","","","","","","","","","","","","","","","",85,1,"","","","","","","","","","","","",10.9,1,1014.4,1,"","","","","","",6,1,6,1,8,1,0,1,0,1,"","","","","","","","","","","","","","","","","","","","","","","","",30000,1,"","",0,1,"","","","","","","","","","","","",4,1,"","","","","","","","","","","","","","","","","","","","","","","","","","","","","","","","","","","","","","","","","","","","","","","","","","","","","",""
"35049001","CANCALE",48.711667,-1.843333,40,1981103000,"","","","",10.,1,240,1,"","","","","","","","","","","","","","","","","","","","","","","","","","","","",11.5,1,8.5,1,"","","","","","","","","","","","","","","","","","","","","","","","","","",83,1,"","","","","","","","","","","","",11.3,1,1013.5,1,"","","","","","",7,1,7,1,8,1,"","","","","","","","","","","","","","","","","","","","","","","","","","","","",30000,1,"","",0,1,"","","","","","","","","","","","",4,1,"","","","","","","","","","","","","","","","","","","","","","","","","","","","","","","","","","","","","","","","","","","","","","","","","","","","","",""
"35049001","CANCALE",48.711667,-1.843333,40,1981103003,"","","","",7.,1,240,1,"","","","","","","","","","","","","","","","","","","","","","","","","","","","",10.5,1,8.,1,"","","","","","","","","","","","","","","","","","","","","","","","","","",86,1,"","","","","","","","","","","","",10.9,1,1013.,1,"","","","","","",6,1,0,1,8,1,0,1,0,1,"","","","","","","","","","","","","","","","","","","","","","","","",35000,1,"","",0,1,"","","","","","","","","","","","",4,1,"","","","","","","","","","","","","","","","","","","","","","","","","","","","","","","","","","","","","","","","","","","","","","","","","","","","","",""
"35049001","CANCALE",48.711667,-1.843333,40,1981103006,"","","","",6.,1,240,1,"","","","","","","","","","","","","","","","","","","","","","","","","","","","",10.4,1,8.5,1,"","","","","","","","","","","","","","","","","","","","","","","","","","",90,1,"","","","","","","","","","","","",11.3,1,1012.4,1,"","","","","","",6,1,6,1,5,1,0,1,0,1,"","","","","","","","","","","","","","","","","","","","","","","","",30000,1,"","",0,1,"","","","",1,1,"","","","","","",3,1,"","","","","","","","","","","","","","","","","","","","","","","","","","","","","","","","","","","","","","","","","","","","","","","","","","","","","",""
"35049001","CANCALE",48.711667,-1.843333,40,1981103009,"","","","",5.,1,220,1,"","","","","","","","","","","","","","","","","","","","","","","","","","","","",10.8,1,8.9,1,"","","","","","","","","","","","","","","","","","","","","","","","","","",90,1,"","","","","","","","","","","","",11.6,1,1013.1,1,"","","","","","",8,1,7,1,5,1,2,1,"","","","","","","","","","","","","","","","","","","","","","","","","","",25000,1,"","",2,1,2,1,"","","","","","","","","","",3,1,"","","","","","","","","","","","","","","","","","","","","","","","","","","","","","","","","","","","","","","","","","","","","","","","","","","","","",""
"35049001","CANCALE",48.711667,-1.843333,40,1981103012,"","","","",4.,1,220,1,"","","","","","","","","","","","","","","","","","","","","","","","","","","","",13.6,1,10.3,1,"","","","","","","","","","","","","","","","","","","","","","","","","","",82,1,"","","","","","","","","","","","",12.8,1,1013.1,1,"","","","","","",6,1,5,1,5,1,2,1,0,1,"","","","","","","","","","","","","","","","","","","","","","","","",30000,1,"","",2,1,2,1,"","","","","","","","","","",3,1,"","","","","","","","","","","","","","","","","","","","","","","","","","","","","","","","","","","","","","","","","","","","","","","","","","","","","",""
"35049001","CANCALE",48.711667,-1.843333,40,1981103015,"","","","",5.,1,200,1,"","","","","","","","","","","","","","","","","","","","","","","","","","","","",13.,1,10.7,1,"","","","","","","","","","","","","","","","","","","","","","","","","","",88,1,"","","","","","","","","","","","",13.2,1,1012.,1,"","","","","","",8,1,8,1,5,1,"","","","","","","","","","","","","","","","","","","","","","","","","","","","",15000,1,"","",60,1,6,1,"","","","","","","","","","",3,1,"","","","","","","","","","","","","","","","","","","","","","","","","","","","","","","","","","","","","","","","","","","","","","","","","","","","","",""
"35049001","CANCALE",48.711667,-1.843333,40,1981103018,"","","","",7.,1,180,1,"","","","","","","","","","","","","","","","","","","","","","","","","","","","",12.4,1,11.6,1,"","","","","","","","","","","","","","","","","","","","","","","","","","",97,1,"","","","","","","","","","","","",14.,1,1011.2,1,"","","","","","",8,1,8,1,5,1,"","","","","","","","","","","","","","","","","","","","","","","","","","","","",20000,1,"","",21,1,6,1,"","","","","","","","","","",3,1,"","","","","","","","","","","","","","","","","","","","","","","","","","","","","","","","","","","","","","","","","","","","","","","","","","","","","",""
"35049001","CANCALE",48.711667,-1.843333,40,1981103021,"","","","",7.,1,240,1,"","","","","","","","","","","","","","","","","","","","","","","","","","","","",14.,1,12.5,1,"","","","","","","","","","","","","","","","","","","","","","","","","","",93,1,"","","","","","","","","","","","",14.9,1,1011.9,1,"","","","","","",8,1,8,1,8,1,"","","","","","","","","","","","","","","","","","","","","","","","","","","","",25000,1,"","",0,1,"","","","","","","","","","","","",3,1,"","","","","","","","","","","","","","","","","","","","","","","","","","","","","","","","","","","","","","","","","","","","","","","","","","","","","",""
"35049001","CANCALE",48.711667,-1.843333,40,1981103100,"","","","",10.,1,240,1,"","","","","","","","","","","","","","","","","","","","","","","","","","","","",13.4,1,12.6,1,"","","","","","","","","","","","","","","","","","","","","","","","","","",98,1,"","","","","","","","","","","","",15.,1,1013.9,1,"","","","","","",8,1,8,1,7,1,"","","","","","","","","","","","","","","","","","","","","","","","","","","","",10000,1,"","",61,1,"","","","","","","","","","","","",4,1,"","","","","","","","","","","","","","","","","","","","","","","","","","","","","","","","","","","","","","","","","","","","","","","","","","","","","",""
"35049001","CANCALE",48.711667,-1.843333,40,1981103103,"","","","",11.,1,260,1,"","","","","","","","","","","","","","","","","","","","","","","","","","","","",13.6,1,12.8,1,"","","","","","","","","","","","","","","","","","","","","","","","","","",98,1,"","","","","","","","","","","","",15.2,1,1015.6,1,"","","","","","",8,1,8,1,5,1,"","","","","","","","","","","","","","","","","","","","","","","","","","","","",10000,1,"","",0,1,"","","","","","","","","","","","",4,1,"","","","","","","","","","","","","","","","","","","","","","","","","","","","","","","","","","","","","","","","","","","","","","","","","","","","","",""
"35049001","CANCALE",48.711667,-1.843333,40,1981103106,"","","","",9.,1,240,1,"","","","","","","","","","","","","","","","","","","","","","","","","","","","",14.,1,12.5,1,"","","","","","","","","","","","","","","","","","","","","","","","","","",93,1,"","","","","","","","","","","","",14.9,1,1016.2,1,"","","","","","",8,1,8,1,5,1,"","","","","","","","","","","","","","","","","","","","","","","","","","","","",30000,1,"","",0,1,"","","","",1,1,"","","","","","",4,1,"","","","","","","","","","","","","","","","","","","","","","","","","","","","","","","","","","","","","","","","","","","","","","","","","","","","","",""
"35049001","CANCALE",48.711667,-1.843333,40,1981103109,"","","","",8.,1,240,1,"","","","","","","","","","","","","","","","","","","","","","","","","","","","",14.3,1,13.,1,"","","","","","","","","","","","","","","","","","","","","","","","","","",94,1,"","","","","","","","","","","","",15.4,1,1019.,1,"","","","","","",8,1,8,1,7,1,"","","","","","","","","","","","","","","","","","","","","","","","","","","","",6000,1,"","",51,1,2,1,"","","","","","","","","","",3,1,"","","","","","","","","","","","","","","","","","","","","","","","","","","","","","","","","","","","","","","","","","","","","","","","","","","","","",""
"35049001","CANCALE",48.711667,-1.843333,40,1981103112,"","","","",6.,1,240,1,"","","","","","","","","","","","","","","","","","","","","","","","","","","","",14.5,1,13.4,1,"","","","","","","","","","","","","","","","","","","","","","","","","","",96,1,"","","","","","","","","","","","",15.8,1,1021.4,1,"","","","","","",8,1,8,1,7,1,"","","","","","","","","","","","","","","","","","","","","","","","","","","","",10000,1,"","",50,1,5,1,"","","","","","","","","","",3,1,"","","","","","","","","","","","","","","","","","","","","","","","","","","","","","","","","","","","","","","","","","","","","","","","","","","","","",""
"35049001","CANCALE",48.711667,-1.843333,40,1981103115,"","","","",3.,1,240,1,"","","","","","","","","","","","","","","","","","","","","","","","","","","","",16.3,1,14.5,1,"","","","","","","","","","","","","","","","","","","","","","","","","","",91,1,"","","","","","","","","","","","",17.,1,1021.6,1,"","","","","","",8,1,8,1,5,1,"","","","","","","","","","","","","","","","","","","","","","","","","","","","",20000,1,"","",2,1,2,1,"","","","","","","","","","",2,1,"","","","","","","","","","","","","","","","","","","","","","","","","","","","","","","","","","","","","","","","","","","","","","","","","","","","","",""
"35049001","CANCALE",48.711667,-1.843333,40,1981103118,"","","","",6.,1,220,1,"","","","","","","","","","","","","","","","","","","","","","","","","","","","",16.,1,13.9,1,"","","","","","","","","","","","","","","","","","","","","","","","","","",90,1,"","","","","","","","","","","","",16.4,1,1022.6,1,"","","","","","",7,1,7,1,5,1,"","","","","","","","","","","","","","","","","","","","","","","","","","","","",25000,1,"","",2,1,2,1,"","","","","","","","","","",3,1,"","","","","","","","","","","","","","","","","","","","","","","","","","","","","","","","","","","","","","","","","","","","","","","","","","","","","",""
"35049001","CANCALE",48.711667,-1.843333,40,1981103121,"","","","",3.,1,180,1,"","","","","","","","","","","","","","","","","","","","","","","","","","","","",14.8,1,13.5,1,"","","","","","","","","","","","","","","","","","","","","","","","","","",94,1,"","","","","","","","","","","","",15.9,1,1023.8,1,"","","","","","",7,1,7,1,5,1,"","","","","","","","","","","","","","","","","","","","","","","","","","","","",25000,1,"","",0,1,"","","","","","","","","","","","",2,1,"","","","","","","","","","","","","","","","","","","","","","","","","","","","","","","","","","","","","","","","","","","","","","","","","","","","","",""
"35049001","CANCALE",48.711667,-1.843333,40,1981110100,"","","","",4.,1,220,1,"","","","","","","","","","","","","","","","","","","","","","","","","","","","",14.5,1,12.5,1,"","","","","","","","","","","","","","","","","","","","","","","","","","",90,1,"","","","","","","","","","","","",14.9,1,1025.,1,"","","","","","",8,1,8,1,8,1,"","","","","","","","","","","","","","","","","","","","","","","","","","","","",35000,1,"","",0,1,"","","","","","","","","","","","",2,1,"","","","","","","","","","","","","","","","","","","","","","","","","","","","","","","","","","","","","","","","","","","","","","","","","","","","","",""
"35049001","CANCALE",48.711667,-1.843333,40,1981110103,"","","","",5.,1,180,1,"","","","","","","","","","","","","","","","","","","","","","","","","","","","",13.9,1,12.6,1,"","","","","","","","","","","","","","","","","","","","","","","","","","",94,1,"","","","","","","","","","","","",15.,1,1024.8,1,"","","","","","",7,1,0,1,8,1,"","","","","","","","","","","","","","","","","","","","","","","","","","","","",40000,1,"","",0,1,"","","","","","","","","","","","",3,1,"","","","","","","","","","","","","","","","","","","","","","","","","","","","","","","","","","","","","","","","","","","","","","","","","","","","","",""
"35049001","CANCALE",48.711667,-1.843333,40,1981110106,"","","","",6.,1,220,1,"","","","","","","","","","","","","","","","","","","","","","","","","","","","",14.2,1,12.3,1,"","","","","","","","","","","","","","","","","","","","","","","","","","",91,1,"","","","","","","","","","","","",14.7,1,1025.1,1,"","","","","","",8,1,8,1,5,1,"","","","","","","","","","","","","","","","","","","","","","","","","","","","",30000,1,"","",0,1,"","","","",0,1,"","","","","","",3,1,"","","","","","","","","","","","","","","","","","","","","","","","","","","","","","","","","","","","","","","","","","","","","","","","","","","","","",""
"35049001","CANCALE",48.711667,-1.843333,40,1981110109,"","","","",5.,1,220,1,"","","","","","","","","","","","","","","","","","","","","","","","","","","","",14.4,1,12.2,1,"","","","","","","","","","","","","","","","","","","","","","","","","","",89,1,"","","","","","","","","","","","",14.6,1,1026.7,1,"","","","","","",6,1,6,1,5,1,0,1,0,1,"","","","","","","","","","","","","","","","","","","","","","","","",25000,1,"","",2,1,2,1,"","","","","","","","","","",3,1,"","","","","","","","","","","","","","","","","","","","","","","","","","","","","","","","","","","","","","","","","","","","","","","","","","","","","",""
"35049001","CANCALE",48.711667,-1.843333,40,1981110112,"","","","",4.,1,220,1,"","","","","","","","","","","","","","","","","","","","","","","","","","","","",16.8,1,14.7,1,"","","","","","","","","","","","","","","","","","","","","","","","","","",90,1,"","","","","","","","","","","","",17.2,1,1026.8,1,"","","","","","",5,1,5,1,5,1,0,1,0,1,"","","","","","","","","","","","","","","","","","","","","","","","",30000,1,"","",2,1,2,1,"","","","","","","","","","",2,1,"","","","","","","","","","","","","","","","","","","","","","","","","","","","","","","","","","","","","","","","","","","","","","","","","","","","","",""
"35049001","CANCALE",48.711667,-1.843333,40,1981110115,"","","","",2.,1,240,1,"","","","","","","","","","","","","","","","","","","","","","","","","","","","",16.4,1,14.6,1,"","","","","","","","","","","","","","","","","","","","","","","","","","",91,1,"","","","","","","","","","","","",17.1,1,1026.3,1,"","","","","","",8,1,8,1,5,1,"","","","","","","","","","","","","","","","","","","","","","","","","","","","",25000,1,"","",2,1,2,1,"","","","","","","","","","",2,1,"","","","","","","","","","","","","","","","","","","","","","","","","","","","","","","","","","","","","","","","","","","","","","","","","","","","","",""
"35049001","CANCALE",48.711667,-1.843333,40,1981110118,"","","","",2.,1,200,1,"","","","","","","","","","","","","","","","","","","","","","","","","","","","",15.,1,13.5,1,"","","","","","","","","","","","","","","","","","","","","","","","","","",93,1,"","","","","","","","","","","","",15.9,1,1026.3,1,"","","","","","",8,1,8,1,5,1,"","","","","","","","","","","","","","","","","","","","","","","","","","","","",30000,1,"","",2,1,2,1,"","","","","","","","","","",2,1,"","","","","","","","","","","","","","","","","","","","","","","","","","","","","","","","","","","","","","","","","","","","","","","","","","","","","",""
"35049001","CANCALE",48.711667,-1.843333,40,1981110121,"","","","",2.,1,200,1,"","","","","","","","","","","","","","","","","","","","","","","","","","","","",14.,1,12.7,1,"","","","","","","","","","","","","","","","","","","","","","","","","","",94,1,"","","","","","","","","","","","",15.1,1,1026.7,1,"","","","","","",8,1,8,1,5,1,"","","","","","","","","","","","","","","","","","","","","","","","","","","","",30000,1,"","",0,1,"","","","","","","","","","","","",2,1,"","","","","","","","","","","","","","","","","","","","","","","","","","","","","","","","","","","","","","","","","","","","","","","","","","","","","",""
"35049001","CANCALE",48.711667,-1.843333,40,1981110200,"","","","",2.,1,200,1,"","","","","","","","","","","","","","","","","","","","","","","","","","","","",13.4,1,12.4,1,"","","","","","","","","","","","","","","","","","","","","","","","","","",96,1,"","","","","","","","","","","","",14.7,1,1027.1,1,"","","","","","",8,1,8,1,5,1,"","","","","","","","","","","","","","","","","","","","","","","","","","","","",30000,1,"","",0,1,"","","","","","","","","","","","",2,1,"","","","","","","","","","","","","","","","","","","","","","","","","","","","","","","","","","","","","","","","","","","","","","","","","","","","","",""
"35049001","CANCALE",48.711667,-1.843333,40,1981110203,"","","","",2.,1,200,1,"","","","","","","","","","","","","","","","","","","","","","","","","","","","",12.8,1,12.1,1,"","","","","","","","","","","","","","","","","","","","","","","","","","",97,1,"","","","","","","","","","","","",14.4,1,1026.7,1,"","","","","","",8,1,8,1,5,1,"","","","","","","","","","","","","","","","","","","","","","","","","","","","",30000,1,"","",0,1,"","","","","","","","","","","","",2,1,"","","","","","","","","","","","","","","","","","","","","","","","","","","","","","","","","","","","","","","","","","","","","","","","","","","","","",""
"35049001","CANCALE",48.711667,-1.843333,40,1981110206,"","","","",3.,1,180,1,"","","","","","","","","","","","","","","","","","","","","","","","","","","","",12.9,1,12.,1,"","","","","","","","","","","","","","","","","","","","","","","","","","",96,1,"","","","","","","","","","","","",14.3,1,1026.2,1,"","","","","","",8,1,8,1,5,1,"","","","","","","","","","","","","","","","","","","","","","","","","","","","",25000,1,"","",0,1,"","","","",0,1,"","","","","","",2,1,"","","","","","","","","","","","","","","","","","","","","","","","","","","","","","","","","","","","","","","","","","","","","","","","","","","","","",""
"35049001","CANCALE",48.711667,-1.843333,40,1981110209,"","","","",3.,1,180,1,"","","","","","","","","","","","","","","","","","","","","","","","","","","","",13.3,1,12.3,1,"","","","","","","","","","","","","","","","","","","","","","","","","","",96,1,"","","","","","","","","","","","",14.6,1,1027.,1,"","","","","","",8,1,8,1,5,1,"","","","","","","","","","","","","","","","","","","","","","","","","","","","",9000,1,"","",2,1,2,1,"","","","","","","","","","",3,1,"","","","","","","","","","","","","","","","","","","","","","","","","","","","","","","","","","","","","","","","","","","","","","","","","","","","","",""
"35049001","CANCALE",48.711667,-1.843333,40,1981110212,"","","","",2.,1,180,1,"","","","","","","","","","","","","","","","","","","","","","","","","","","","",14.5,1,13.1,1,"","","","","","","","","","","","","","","","","","","","","","","","","","",93,1,"","","","","","","","","","","","",15.4,1,1027.4,1,"","","","","","",7,1,7,1,5,1,"","","","","","","","","","","","","","","","","","","","","","","","","","","","",8000,1,"","",2,1,2,1,"","","","","","","","","","",2,1,"","","","","","","","","","","","","","","","","","","","","","","","","","","","","","","","","","","","","","","","","","","","","","","","","","","","","",""
"35049001","CANCALE",48.711667,-1.843333,40,1981110215,"","","","",4.,1,160,1,"","","","","","","","","","","","","","","","","","","","","","","","","","","","",15.1,1,13.6,1,"","","","","","","","","","","","","","","","","","","","","","","","","","",93,1,"","","","","","","","","","","","",16.,1,1026.7,1,"","","","","","",8,1,8,1,5,1,"","","","","","","","","","","","","","","","","","","","","","","","","","","","",9000,1,"","",2,1,2,1,"","","","","","","","","","",2,1,"","","","","","","","","","","","","","","","","","","","","","","","","","","","","","","","","","","","","","","","","","","","","","","","","","","","","",""
"35049001","CANCALE",48.711667,-1.843333,40,1981110218,"","","","",4.,1,160,1,"","","","","","","","","","","","","","","","","","","","","","","","","","","","",14.3,1,13.2,1,"","","","","","","","","","","","","","","","","","","","","","","","","","",96,1,"","","","","","","","","","","","",15.6,1,1026.4,1,"","","","","","",8,1,8,1,5,1,"","","","","","","","","","","","","","","","","","","","","","","","","","","","",9000,1,"","",2,1,2,1,"","","","","","","","","","",2,1,"","","","","","","","","","","","","","","","","","","","","","","","","","","","","","","","","","","","","","","","","","","","","","","","","","","","","",""
"35049001","CANCALE",48.711667,-1.843333,40,1981110221,"","","","",3.,1,180,1,"","","","","","","","","","","","","","","","","","","","","","","","","","","","",13.8,1,12.9,1,"","","","","","","","","","","","","","","","","","","","","","","","","","",97,1,"","","","","","","","","","","","",15.2,1,1027.,1,"","","","","","",8,1,8,1,5,1,"","","","","","","","","","","","","","","","","","","","","","","","","","","","",7000,1,"","",0,1,"","","","","","","","","","","","",2,1,"","","","","","","","","","","","","","","","","","","","","","","","","","","","","","","","","","","","","","","","","","","","","","","","","","","","","",""
"35049001","CANCALE",48.711667,-1.843333,40,1981110300,"","","","",3.,1,180,1,"","","","","","","","","","","","","","","","","","","","","","","","","","","","",13.5,1,12.2,1,"","","","","","","","","","","","","","","","","","","","","","","","","","",95,1,"","","","","","","","","","","","",14.6,1,1026.7,1,"","","","","","",8,1,8,1,6,1,"","","","","","","","","","","","","","","","","","","","","","","","","","","","",7000,1,"","",0,1,"","","","","","","","","","","","",2,1,"","","","","","","","","","","","","","","","","","","","","","","","","","","","","","","","","","","","","","","","","","","","","","","","","","","","","",""
"35049001","CANCALE",48.711667,-1.843333,40,1981110303,"","","","",3.,1,200,1,"","","","","","","","","","","","","","","","","","","","","","","","","","","","",13.3,1,11.3,1,"","","","","","","","","","","","","","","","","","","","","","","","","","",90,1,"","","","","","","","","","","","",13.7,1,1025.9,1,"","","","","","",8,1,8,1,5,1,"","","","","","","","","","","","","","","","","","","","","","","","","","","","",20000,1,"","",0,1,"","","","","","","","","","","","",2,1,"","","","","","","","","","","","","","","","","","","","","","","","","","","","","","","","","","","","","","","","","","","","","","","","","","","","","",""
"35049001","CANCALE",48.711667,-1.843333,40,1981110306,"","","","",3.,1,220,1,"","","","","","","","","","","","","","","","","","","","","","","","","","","","",13.,1,11.5,1,"","","","","","","","","","","","","","","","","","","","","","","","","","",93,1,"","","","","","","","","","","","",13.9,1,1025.5,1,"","","","","","",8,1,8,1,5,1,"","","","","","","","","","","","","","","","","","","","","","","","","","","","",20000,1,"","",0,1,"","","","",0,1,"","","","","","",2,1,"","","","","","","","","","","","","","","","","","","","","","","","","","","","","","","","","","","","","","","","","","","","","","","","","","","","","",""
"35049001","CANCALE",48.711667,-1.843333,40,1981110309,"","","","",2.,1,180,1,"","","","","","","","","","","","","","","","","","","","","","","","","","","","",13.,1,10.7,1,"","","","","","","","","","","","","","","","","","","","","","","","","","",88,1,"","","","","","","","","","","","",13.2,1,1026.2,1,"","","","","","",8,1,8,1,5,1,"","","","","","","","","","","","","","","","","","","","","","","","","","","","",8000,1,"","",2,1,2,1,"","","","","","","","","","",2,1,"","","","","","","","","","","","","","","","","","","","","","","","","","","","","","","","","","","","","","","","","","","","","","","","","","","","","",""
"35049001","CANCALE",48.711667,-1.843333,40,1981110312,"","","","",4.,1,160,1,"","","","","","","","","","","","","","","","","","","","","","","","","","","","",14.,1,12.5,1,"","","","","","","","","","","","","","","","","","","","","","","","","","",93,1,"","","","","","","","","","","","",14.9,1,1025.4,1,"","","","","","",6,1,6,1,5,1,0,1,0,1,"","","","","","","","","","","","","","","","","","","","","","","","",10000,1,"","",2,1,2,1,"","","","","","","","","","",2,1,"","","","","","","","","","","","","","","","","","","","","","","","","","","","","","","","","","","","","","","","","","","","","","","","","","","","","",""
"35049001","CANCALE",48.711667,-1.843333,40,1981110315,"","","","",4.,1,160,1,"","","","","","","","","","","","","","","","","","","","","","","","","","","","",14.4,1,13.3,1,"","","","","","","","","","","","","","","","","","","","","","","","","","",95,1,"","","","","","","","","","","","",15.7,1,1024.,1,"","","","","","",3,1,0,1,5,1,0,1,0,1,"","","","","","","","","","","","","","","","","","","","","","","","",10000,1,"","",2,1,1,1,"","","","","","","","","","",2,1,"","","","","","","","","","","","","","","","","","","","","","","","","","","","","","","","","","","","","","","","","","","","","","","","","","","","","",""
"35049001","CANCALE",48.711667,-1.843333,40,1981110318,"","","","",2.,1,160,1,"","","","","","","","","","","","","","","","","","","","","","","","","","","","",12.4,1,11.6,1,"","","","","","","","","","","","","","","","","","","","","","","","","","",97,1,"","","","","","","","","","","","",14.,1,1024.,1,"","","","","","",2,1,0,1,5,1,0,1,0,1,"","","","","","","","","","","","","","","","","","","","","","","","",10000,1,"","",2,1,1,1,"","","","","","","","","","",2,1,"","","","","","","","","","","","","","","","","","","","","","","","","","","","","","","","","","","","","","","","","","","","","","","","","","","","","",""
"35049001","CANCALE",48.711667,-1.843333,40,1981110321,"","","","",5.,1,160,1,"","","","","","","","","","","","","","","","","","","","","","","","","","","","",11.4,1,10.3,1,"","","","","","","","","","","","","","","","","","","","","","","","","","",95,1,"","","","","","","","","","","","",12.8,1,1024.8,1,"","","","","","",0,1,"","",0,1,0,1,0,1,"","","","","","","","","","","","","","","","","","","","","","","","",10000,1,"","",0,1,"","","","","","","","","","","","",2,1,"","","","","","","","","","","","","","","","","","","","","","","","","","","","","","","","","","","","","","","","","","","","","","","","","","","","","",""
"35049001","CANCALE",48.711667,-1.843333,40,1981110400,"","","","",6.,1,140,1,"","","","","","","","","","","","","","","","","","","","","","","","","","","","",10.8,1,10.1,1,"","","","","","","","","","","","","","","","","","","","","","","","","","",97,1,"","","","","","","","","","","","",12.6,1,1025.1,1,"","","","","","",0,1,"","",0,1,0,1,0,1,"","","","","","","","","","","","","","","","","","","","","","","","",10000,1,"","",0,1,"","","","","","","","","","","","",3,1,"","","","","","","","","","","","","","","","","","","","","","","","","","","","","","","","","","","","","","","","","","","","","","","","","","","","","",""
"35049001","CANCALE",48.711667,-1.843333,40,1981110403,"","","","",5.,1,140,1,"","","","","","","","","","","","","","","","","","","","","","","","","","","","",10.4,1,9.7,1,"","","","","","","","","","","","","","","","","","","","","","","","","","",97,1,"","","","","","","","","","","","",12.3,1,1025.1,1,"","","","","","",0,1,"","",0,1,0,1,0,1,"","","","","","","","","","","","","","","","","","","","","","","","",10000,1,"","",0,1,"","","","","","","","","","","","",3,1,"","","","","","","","","","","","","","","","","","","","","","","","","","","","","","","","","","","","","","","","","","","","","","","","","","","","","",""
"35049001","CANCALE",48.711667,-1.843333,40,1981110406,"","","","",7.,1,180,1,"","","","","","","","","","","","","","","","","","","","","","","","","","","","",10.4,1,9.5,1,"","","","","","","","","","","","","","","","","","","","","","","","","","",97,1,"","","","","","","","","","","","",12.1,1,1025.9,1,"","","","","","",3,1,0,1,0,1,8,1,0,1,"","","","","","","","","","","","","","","","","","","","","","","","",8000,1,"","",0,1,"","","","",1,1,"","","","","","",3,1,"","","","","","","","","","","","","","","","","","","","","","","","","","","","","","","","","","","","","","","","","","","","","","","","","","","","","",""
"35049001","CANCALE",48.711667,-1.843333,40,1981110409,"","","","",1.,1,180,1,"","","","","","","","","","","","","","","","","","","","","","","","","","","","",11.,1,9.9,1,"","","","","","","","","","","","","","","","","","","","","","","","","","",95,1,"","","","","","","","","","","","",12.5,1,1027.5,1,"","","","","","",8,1,8,1,5,1,7,1,"","","","","","","","","","","","","","","","","","","","","","","","","","",7000,1,"","",2,1,1,1,"","","","","","","","","","",2,1,"","","","","","","","","","","","","","","","","","","","","","","","","","","","","","","","","","","","","","","","","","","","","","","","","","","","","",""
"35049001","CANCALE",48.711667,-1.843333,40,1981110412,"","","","",1.,1,220,1,"","","","","","","","","","","","","","","","","","","","","","","","","","","","",12.4,1,10.9,1,"","","","","","","","","","","","","","","","","","","","","","","","","","",93,1,"","","","","","","","","","","","",13.4,1,1027.8,1,"","","","","","",8,1,8,1,5,1,"","","","","","","","","","","","","","","","","","","","","","","","","","","","",4000,1,"","",10,1,1,1,"","","","","","","","","","",2,1,"","","","","","","","","","","","","","","","","","","","","","","","","","","","","","","","","","","","","","","","","","","","","","","","","","","","","",""
"35049001","CANCALE",48.711667,-1.843333,40,1981110415,"","","","",1.,1,180,1,"","","","","","","","","","","","","","","","","","","","","","","","","","","","",12.2,1,11.3,1,"","","","","","","","","","","","","","","","","","","","","","","","","","",95,1,"","","","","","","","","","","","",13.7,1,1027.6,1,"","","","","","",8,1,8,1,5,1,"","","","","","","","","","","","","","","","","","","","","","","","","","","","",3500,1,"","",10,1,2,1,"","","","","","","","","","",2,1,"","","","","","","","","","","","","","","","","","","","","","","","","","","","","","","","","","","","","","","","","","","","","","","","","","","","","",""
"35049001","CANCALE",48.711667,-1.843333,40,1981110418,"","","","",2.,1,40,1,"","","","","","","","","","","","","","","","","","","","","","","","","","","","",11.9,1,10.9,1,"","","","","","","","","","","","","","","","","","","","","","","","","","",96,1,"","","","","","","","","","","","",13.4,1,1028.4,1,"","","","","","",8,1,8,1,5,1,"","","","","","","","","","","","","","","","","","","","","","","","","","","","",4000,1,"","",10,1,2,1,"","","","","","","","","","",2,1,"","","","","","","","","","","","","","","","","","","","","","","","","","","","","","","","","","","","","","","","","","","","","","","","","","","","","",""
"35049001","CANCALE",48.711667,-1.843333,40,1981110421,"","","","",6.,1,20,1,"","","","","","","","","","","","","","","","","","","","","","","","","","","","",11.8,1,10.6,1,"","","","","","","","","","","","","","","","","","","","","","","","","","",95,1,"","","","","","","","","","","","",13.1,1,1028.8,1,"","","","","","",8,1,8,1,5,1,7,1,"","","","","","","","","","","","","","","","","","","","","","","","","","",20000,1,"","",0,1,"","","","","","","","","","","","",3,1,"","","","","","","","","","","","","","","","","","","","","","","","","","","","","","","","","","","","","","","","","","","","","","","","","","","","","",""
"35049001","CANCALE",48.711667,-1.843333,40,1981110500,"","","","",4.,1,40,1,"","","","","","","","","","","","","","","","","","","","","","","","","","","","",11.6,1,10.2,1,"","","","","","","","","","","","","","","","","","","","","","","","","","",93,1,"","","","","","","","","","","","",12.7,1,1029.1,1,"","","","","","",8,1,8,1,5,1,"","","","","","","","","","","","","","","","","","","","","","","","","","","","",24000,1,"","",0,1,"","","","","","","","","","","","",3,1,"","","","","","","","","","","","","","","","","","","","","","","","","","","","","","","","","","","","","","","","","","","","","","","","","","","","","",""
"35049001","CANCALE",48.711667,-1.843333,40,1981110503,"","","","",5.,1,40,1,"","","","","","","","","","","","","","","","","","","","","","","","","","","","",11.,1,9.8,1,"","","","","","","","","","","","","","","","","","","","","","","","","","",95,1,"","","","","","","","","","","","",12.4,1,1029.,1,"","","","","","",8,1,8,1,5,1,"","","","","","","","","","","","","","","","","","","","","","","","","","","","",22000,1,"","",0,1,"","","","","","","","","","","","",3,1,"","","","","","","","","","","","","","","","","","","","","","","","","","","","","","","","","","","","","","","","","","","","","","","","","","","","","",""
"35049001","CANCALE",48.711667,-1.843333,40,1981110506,"","","","",9.,1,40,1,"","","","","","","","","","","","","","","","","","","","","","","","","","","","",10.5,1,9.3,1,"","","","","","","","","","","","","","","","","","","","","","","","","","",95,1,"","","","","","","","","","","","",12.,1,1028.,1,"","","","","","",8,1,8,1,5,1,"","","","","","","","","","","","","","","","","","","","","","","","","","","","",25000,1,"","",0,1,"","","","",0,1,"","","","","","",4,1,"","","","","","","","","","","","","","","","","","","","","","","","","","","","","","","","","","","","","","","","","","","","","","","","","","","","","",""
"35049001","CANCALE",48.711667,-1.843333,40,1981110509,"","","","",5.,1,40,1,"","","","","","","","","","","","","","","","","","","","","","","","","","","","",10.7,1,9.6,1,"","","","","","","","","","","","","","","","","","","","","","","","","","",95,1,"","","","","","","","","","","","",12.2,1,1029.2,1,"","","","","","",7,1,7,1,0,1,7,1,"","","","","","","","","","","","","","","","","","","","","","","","","","",18000,1,"","",2,1,6,1,"","","","","","","","","","",3,1,"","","","","","","","","","","","","","","","","","","","","","","","","","","","","","","","","","","","","","","","","","","","","","","","","","","","","",""
"35049001","CANCALE",48.711667,-1.843333,40,1981110512,"","","","",6.,1,20,1,"","","","","","","","","","","","","","","","","","","","","","","","","","","","",11.6,1,10.6,1,"","","","","","","","","","","","","","","","","","","","","","","","","","",96,1,"","","","","","","","","","","","",13.1,1,1029.2,1,"","","","","","",6,1,6,1,0,1,3,1,0,1,"","","","","","","","","","","","","","","","","","","","","","","","",15000,1,"","",1,1,6,1,"","","","","","","","","","",3,1,"","","","","","","","","","","","","","","","","","","","","","","","","","","","","","","","","","","","","","","","","","","","","","","","","","","","","",""
"35049001","CANCALE",48.711667,-1.843333,40,1981110515,"","","","",6.,1,40,1,"","","","","","","","","","","","","","","","","","","","","","","","","","","","",12.1,1,10.9,1,"","","","","","","","","","","","","","","","","","","","","","","","","","",95,1,"","","","","","","","","","","","",13.4,1,1028.4,1,"","","","","","",2,1,0,1,0,1,3,1,0,1,"","","","","","","","","","","","","","","","","","","","","","","","",18000,1,"","",1,1,1,1,"","","","","","","","","","",3,1,"","","","","","","","","","","","","","","","","","","","","","","","","","","","","","","","","","","","","","","","","","","","","","","","","","","","","",""
"35049001","CANCALE",48.711667,-1.843333,40,1981110518,"","","","",8.,1,20,1,"","","","","","","","","","","","","","","","","","","","","","","","","","","","",10.9,1,6.7,1,"","","","","","","","","","","","","","","","","","","","","","","","","","",76,1,"","","","","","","","","","","","",10.,1,1029.5,1,"","","","","","",1,1,0,1,0,1,3,1,0,1,"","","","","","","","","","","","","","","","","","","","","","","","",18000,1,"","",2,1,1,1,"","","","","","","","","","",3,1,"","","","","","","","","","","","","","","","","","","","","","","","","","","","","","","","","","","","","","","","","","","","","","","","","","","","","",""
"35049001","CANCALE",48.711667,-1.843333,40,1981110521,"","","","",8.,1,40,1,"","","","","","","","","","","","","","","","","","","","","","","","","","","","",9.4,1,6.2,1,"","","","","","","","","","","","","","","","","","","","","","","","","","",82,1,"","","","","","","","","","","","",9.6,1,1030.2,1,"","","","","","",0,1,"","",0,1,0,1,0,1,"","","","","","","","","","","","","","","","","","","","","","","","",16000,1,"","",0,1,"","","","","","","","","","","","",3,1,"","","","","","","","","","","","","","","","","","","","","","","","","","","","","","","","","","","","","","","","","","","","","","","","","","","","","",""
"35049001","CANCALE",48.711667,-1.843333,40,1981110600,"","","","",8.,1,40,1,"","","","","","","","","","","","","","","","","","","","","","","","","","","","",8.7,1,5.9,1,"","","","","","","","","","","","","","","","","","","","","","","","","","",84,1,"","","","","","","","","","","","",9.4,1,1031.1,1,"","","","","","",0,1,"","",0,1,0,1,0,1,"","","","","","","","","","","","","","","","","","","","","","","","",16000,1,"","",0,1,"","","","","","","","","","","","",3,1,"","","","","","","","","","","","","","","","","","","","","","","","","","","","","","","","","","","","","","","","","","","","","","","","","","","","","",""
"35049001","CANCALE",48.711667,-1.843333,40,1981110603,"","","","",5.,1,40,1,"","","","","","","","","","","","","","","","","","","","","","","","","","","","",7.9,1,5.7,1,"","","","","","","","","","","","","","","","","","","","","","","","","","",87,1,"","","","","","","","","","","","",9.3,1,1031.3,1,"","","","","","",0,1,"","",0,1,0,1,0,1,"","","","","","","","","","","","","","","","","","","","","","","","",18000,1,"","",0,1,"","","","","","","","","","","","",2,1,"","","","","","","","","","","","","","","","","","","","","","","","","","","","","","","","","","","","","","","","","","","","","","","","","","","","","",""
"35049001","CANCALE",48.711667,-1.843333,40,1981110606,"","","","",5.,1,60,1,"","","","","","","","","","","","","","","","","","","","","","","","","","","","",7.2,1,5.3,1,"","","","","","","","","","","","","","","","","","","","","","","","","","",88,1,"","","","","","","","","","","","",9.,1,1032.1,1,"","","","","","",0,1,"","",0,1,0,1,0,1,"","","","","","","","","","","","","","","","","","","","","","","","",20000,1,"","",0,1,"","","","",0,1,"","","","","","",2,1,"","","","","","","","","","","","","","","","","","","","","","","","","","","","","","","","","","","","","","","","","","","","","","","","","","","","","",""
"35049001","CANCALE",48.711667,-1.843333,40,1981110609,"","","","",6.,1,60,1,"","","","","","","","","","","","","","","","","","","","","","","","","","","","",8.8,1,6.9,1,"","","","","","","","","","","","","","","","","","","","","","","","","","",89,1,"","","","","","","","","","","","",10.1,1,1032.9,1,"","","","","","",2,1,0,1,0,1,0,1,2,1,"","","","","","","","","","","","","","","","","","","","","","","","",18000,1,"","",2,1,0,1,"","","","","","","","","","",2,1,"","","","","","","","","","","","","","","","","","","","","","","","","","","","","","","","","","","","","","","","","","","","","","","","","","","","","",""
"35049001","CANCALE",48.711667,-1.843333,40,1981110612,"","","","",8.,1,60,1,"","","","","","","","","","","","","","","","","","","","","","","","","","","","",10.6,1,8.7,1,"","","","","","","","","","","","","","","","","","","","","","","","","","",90,1,"","","","","","","","","","","","",11.5,1,1032.5,1,"","","","","","",6,1,6,1,0,1,0,1,9,1,"","","","","","","","","","","","","","","","","","","","","","","","",20000,1,"","",3,1,1,1,"","","","","","","","","","",2,1,"","","","","","","","","","","","","","","","","","","","","","","","","","","","","","","","","","","","","","","","","","","","","","","","","","","","","",""
"35049001","CANCALE",48.711667,-1.843333,40,1981110615,"","","","",6.,1,40,1,"","","","","","","","","","","","","","","","","","","","","","","","","","","","",10.,1,7.7,1,"","","","","","","","","","","","","","","","","","","","","","","","","","",87,1,"","","","","","","","","","","","",10.7,1,1031.7,1,"","","","","","",4,1,0,1,0,1,0,1,2,1,"","","","","","","","","","","","","","","","","","","","","","","","",25000,1,"","",2,1,1,1,"","","","","","","","","","",2,1,"","","","","","","","","","","","","","","","","","","","","","","","","","","","","","","","","","","","","","","","","","","","","","","","","","","","","",""
"35049001","CANCALE",48.711667,-1.843333,40,1981110618,"","","","",10.,1,60,1,"","","","","","","","","","","","","","","","","","","","","","","","","","","","",9.8,1,3.3,1,"","","","","","","","","","","","","","","","","","","","","","","","","","",64,1,"","","","","","","","","","","","",7.8,1,1031.7,1,"","","","","","",2,1,0,1,0,1,0,1,2,1,"","","","","","","","","","","","","","","","","","","","","","","","",25000,1,"","",2,1,1,1,"","","","","","","","","","",2,1,"","","","","","","","","","","","","","","","","","","","","","","","","","","","","","","","","","","","","","","","","","","","","","","","","","","","","",""
"35049001","CANCALE",48.711667,-1.843333,40,1981110621,"","","","",7.,1,60,1,"","","","","","","","","","","","","","","","","","","","","","","","","","","","",8.8,1,3.6,1,"","","","","","","","","","","","","","","","","","","","","","","","","","",71,1,"","","","","","","","","","","","",8.,1,1032.3,1,"","","","","","",0,1,"","",0,1,0,1,0,1,"","","","","","","","","","","","","","","","","","","","","","","","",25000,1,"","",0,1,"","","","","","","","","","","","",2,1,"","","","","","","","","","","","","","","","","","","","","","","","","","","","","","","","","","","","","","","","","","","","","","","","","","","","","",""
"35049001","CANCALE",48.711667,-1.843333,40,1981110700,"","","","",8.,1,60,1,"","","","","","","","","","","","","","","","","","","","","","","","","","","","",8.2,1,2.9,1,"","","","","","","","","","","","","","","","","","","","","","","","","","",70,1,"","","","","","","","","","","","",7.6,1,1031.5,1,"","","","","","",3,1,0,1,0,1,0,1,2,1,"","","","","","","","","","","","","","","","","","","","","","","","",25000,1,"","",0,1,"","","","","","","","","","","","",3,1,"","","","","","","","","","","","","","","","","","","","","","","","","","","","","","","","","","","","","","","","","","","","","","","","","","","","","",""
"35049001","CANCALE",48.711667,-1.843333,40,1981110703,"","","","",8.,1,60,1,"","","","","","","","","","","","","","","","","","","","","","","","","","","","",7.6,1,2.7,1,"","","","","","","","","","","","","","","","","","","","","","","","","","",72,1,"","","","","","","","","","","","",7.5,1,1031.1,1,"","","","","","",0,1,"","",0,1,0,1,0,1,"","","","","","","","","","","","","","","","","","","","","","","","",25000,1,"","",0,1,"","","","","","","","","","","","",3,1,"","","","","","","","","","","","","","","","","","","","","","","","","","","","","","","","","","","","","","","","","","","","","","","","","","","","","",""
"35049001","CANCALE",48.711667,-1.843333,40,1981110706,"","","","",5.,1,60,1,"","","","","","","","","","","","","","","","","","","","","","","","","","","","",7.5,1,3.1,1,"","","","","","","","","","","","","","","","","","","","","","","","","","",75,1,"","","","","","","","","","","","",7.7,1,1031.3,1,"","","","","","",5,1,5,1,0,1,5,1,0,1,"","","","","","","","","","","","","","","","","","","","","","","","",20000,1,"","",0,1,"","","","",0,1,"","","","","","",3,1,"","","","","","","","","","","","","","","","","","","","","","","","","","","","","","","","","","","","","","","","","","","","","","","","","","","","","",""
"35049001","CANCALE",48.711667,-1.843333,40,1981110709,"","","","",6.,1,60,1,"","","","","","","","","","","","","","","","","","","","","","","","","","","","",8.,1,3.1,1,"","","","","","","","","","","","","","","","","","","","","","","","","","",72,1,"","","","","","","","","","","","",7.7,1,1032.,1,"","","","","","",6,1,6,1,0,1,7,1,0,1,"","","","","","","","","","","","","","","","","","","","","","","","",14000,1,"","",2,1,2,1,"","","","","","","","","","",3,1,"","","","","","","","","","","","","","","","","","","","","","","","","","","","","","","","","","","","","","","","","","","","","","","","","","","","","",""
"35049001","CANCALE",48.711667,-1.843333,40,1981110712,"","","","",7.,1,40,1,"","","","","","","","","","","","","","","","","","","","","","","","","","","","",8.4,1,2.9,1,"","","","","","","","","","","","","","","","","","","","","","","","","","",69,1,"","","","","","","","","","","","",7.6,1,1031.1,1,"","","","","","",7,1,7,1,0,1,7,1,"","","","","","","","","","","","","","","","","","","","","","","","","","",16000,1,"","",2,1,2,1,"","","","","","","","","","",3,1,"","","","","","","","","","","","","","","","","","","","","","","","","","","","","","","","","","","","","","","","","","","","","","","","","","","","","",""
"35049001","CANCALE",48.711667,-1.843333,40,1981110715,"","","","",6.,1,60,1,"","","","","","","","","","","","","","","","","","","","","","","","","","","","",9.5,1,3.6,1,"","","","","","","","","","","","","","","","","","","","","","","","","","",68,1,"","","","","","","","","","","","",8.,1,1030.,1,"","","","","","",7,1,7,1,0,1,7,1,"","","","","","","","","","","","","","","","","","","","","","","","","","",25000,1,"","",2,1,2,1,"","","","","","","","","","",3,1,"","","","","","","","","","","","","","","","","","","","","","","","","","","","","","","","","","","","","","","","","","","","","","","","","","","","","",""
"35049001","CANCALE",48.711667,-1.843333,40,1981110718,"","","","",5.,1,40,1,"","","","","","","","","","","","","","","","","","","","","","","","","","","","",9.7,1,1.8,1,"","","","","","","","","","","","","","","","","","","","","","","","","","",58,1,"","","","","","","","","","","","",7.,1,1030.1,1,"","","","","","",7,1,7,1,0,1,7,1,"","","","","","","","","","","","","","","","","","","","","","","","","","",23000,1,"","",2,1,2,1,"","","","","","","","","","",3,1,"","","","","","","","","","","","","","","","","","","","","","","","","","","","","","","","","","","","","","","","","","","","","","","","","","","","","",""
"35049001","CANCALE",48.711667,-1.843333,40,1981110721,"","","","",7.,1,40,1,"","","","","","","","","","","","","","","","","","","","","","","","","","","","",8.9,1,5.3,1,"","","","","","","","","","","","","","","","","","","","","","","","","","",79,1,"","","","","","","","","","","","",9.,1,1029.7,1,"","","","","","",4,1,0,1,0,1,4,1,0,1,"","","","","","","","","","","","","","","","","","","","","","","","",22000,1,"","",0,1,"","","","","","","","","","","","",3,1,"","","","","","","","","","","","","","","","","","","","","","","","","","","","","","","","","","","","","","","","","","","","","","","","","","","","","",""
"35049001","CANCALE",48.711667,-1.843333,40,1981110800,"","","","",9.,1,60,1,"","","","","","","","","","","","","","","","","","","","","","","","","","","","",7.6,1,2.9,1,"","","","","","","","","","","","","","","","","","","","","","","","","","",73,1,"","","","","","","","","","","","",7.6,1,1029.9,1,"","","","","","",6,1,6,1,0,1,3,1,0,1,"","","","","","","","","","","","","","","","","","","","","","","","",22000,1,"","",0,1,"","","","","","","","","","","","",3,1,"","","","","","","","","","","","","","","","","","","","","","","","","","","","","","","","","","","","","","","","","","","","","","","","","","","","","",""
"35049001","CANCALE",48.711667,-1.843333,40,1981110803,"","","","",8.,1,60,1,"","","","","","","","","","","","","","","","","","","","","","","","","","","","",7.3,1,2.7,1,"","","","","","","","","","","","","","","","","","","","","","","","","","",73,1,"","","","","","","","","","","","",7.5,1,1029.2,1,"","","","","","",8,1,8,1,0,1,8,1,"","","","","","","","","","","","","","","","","","","","","","","","","","",24000,1,"","",0,1,"","","","","","","","","","","","",3,1,"","","","","","","","","","","","","","","","","","","","","","","","","","","","","","","","","","","","","","","","","","","","","","","","","","","","","",""
"35049001","CANCALE",48.711667,-1.843333,40,1981110806,"","","","",10.,1,60,1,"","","","","","","","","","","","","","","","","","","","","","","","","","","","",6.6,1,1.6,1,"","","","","","","","","","","","","","","","","","","","","","","","","","",71,1,"","","","","","","","","","","","",6.9,1,1028.7,1,"","","","","","",2,1,0,1,0,1,4,1,0,1,"","","","","","","","","","","","","","","","","","","","","","","","",22000,1,"","",0,1,"","","","",0,1,"","","","","","",3,1,"","","","","","","","","","","","","","","","","","","","","","","","","","","","","","","","","","","","","","","","","","","","","","","","","","","","","",""
"35049001","CANCALE",48.711667,-1.843333,40,1981110809,"","","","",10.,1,60,1,"","","","","","","","","","","","","","","","","","","","","","","","","","","","",6.5,1,1.4,1,"","","","","","","","","","","","","","","","","","","","","","","","","","",71,1,"","","","","","","","","","","","",6.8,1,1029.9,1,"","","","","","",5,1,0,1,0,1,4,1,2,1,"","","","","","","","","","","","","","","","","","","","","","","","",16000,1,"","",2,1,1,1,"","","","","","","","","","",3,1,"","","","","","","","","","","","","","","","","","","","","","","","","","","","","","","","","","","","","","","","","","","","","","","","","","","","","",""
"35049001","CANCALE",48.711667,-1.843333,40,1981110812,"","","","",7.,1,60,1,"","","","","","","","","","","","","","","","","","","","","","","","","","","","",7.7,1,-1.1,1,"","","","","","","","","","","","","","","","","","","","","","","","","","",53,1,"","","","","","","","","","","","",5.6,1,1029.5,1,"","","","","","",4,1,0,1,0,1,4,1,2,1,"","","","","","","","","","","","","","","","","","","","","","","","",25000,1,"","",2,1,1,1,"","","","","","","","","","",3,1,"","","","","","","","","","","","","","","","","","","","","","","","","","","","","","","","","","","","","","","","","","","","","","","","","","","","","",""
"35049001","CANCALE",48.711667,-1.843333,40,1981110815,"","","","",6.,1,40,1,"","","","","","","","","","","","","","","","","","","","","","","","","","","","",7.,1,-1.1,1,"","","","","","","","","","","","","","","","","","","","","","","","","","",56,1,"","","","","","","","","","","","",5.6,1,1028.,1,"","","","","","",3,1,0,1,0,1,4,1,2,1,"","","","","","","","","","","","","","","","","","","","","","","","",25000,1,"","",2,1,0,1,"","","","","","","","","","",3,1,"","","","","","","","","","","","","","","","","","","","","","","","","","","","","","","","","","","","","","","","","","","","","","","","","","","","","",""
"35049001","CANCALE",48.711667,-1.843333,40,1981110818,"","","","",11.,1,40,1,"","","","","","","","","","","","","","","","","","","","","","","","","","","","",6.,1,-1.3,1,"","","","","","","","","","","","","","","","","","","","","","","","","","",59,1,"","","","","","","","","","","","",5.5,1,1027.5,1,"","","","","","",2,1,0,1,0,1,0,1,2,1,"","","","","","","","","","","","","","","","","","","","","","","","",30000,1,"","",2,1,0,1,"","","","","","","","","","",4,1,"","","","","","","","","","","","","","","","","","","","","","","","","","","","","","","","","","","","","","","","","","","","","","","","","","","","","",""
"35049001","CANCALE",48.711667,-1.843333,40,1981110821,"","","","",10.,1,40,1,"","","","","","","","","","","","","","","","","","","","","","","","","","","","",4.5,1,-2.3,1,"","","","","","","","","","","","","","","","","","","","","","","","","","",61,1,"","","","","","","","","","","","",5.1,1,1029.7,1,"","","","","","",2,1,0,1,0,1,0,1,2,1,"","","","","","","","","","","","","","","","","","","","","","","","",25000,1,"","",0,1,"","","","","","","","","","","","",4,1,"","","","","","","","","","","","","","","","","","","","","","","","","","","","","","","","","","","","","","","","","","","","","","","","","","","","","",""
"35049001","CANCALE",48.711667,-1.843333,40,1981110900,"","","","",10.,1,40,1,"","","","","","","","","","","","","","","","","","","","","","","","","","","","",3.5,1,-1.4,1,"","","","","","","","","","","","","","","","","","","","","","","","","","",70,1,"","","","","","","","","","","","",5.5,1,1030.,1,"","","","","","",2,1,0,1,0,1,3,1,1,1,"","","","","","","","","","","","","","","","","","","","","","","","",22000,1,"","",0,1,"","","","","","","","","","","","",4,1,"","","","","","","","","","","","","","","","","","","","","","","","","","","","","","","","","","","","","","","","","","","","","","","","","","","","","",""
"35049001","CANCALE",48.711667,-1.843333,40,1981110903,"","","","",8.,1,40,1,"","","","","","","","","","","","","","","","","","","","","","","","","","","","",3.4,1,-1.2,1,"","","","","","","","","","","","","","","","","","","","","","","","","","",71,1,"","","","","","","","","","","","",5.6,1,1030.4,1,"","","","","","",1,1,0,1,1,1,0,1,0,1,"","","","","","","","","","","","","","","","","","","","","","","","",22000,1,"","",0,1,"","","","","","","","","","","","",3,1,"","","","","","","","","","","","","","","","","","","","","","","","","","","","","","","","","","","","","","","","","","","","","","","","","","","","","",""
"35049001","CANCALE",48.711667,-1.843333,40,1981110906,"","","","",8.,1,40,1,"","","","","","","","","","","","","","","","","","","","","","","","","","","","",5.8,1,2.4,1,"","","","","","","","","","","","","","","","","","","","","","","","","","",78,1,"","","","","","","","","","","","",7.3,1,1030.4,1,"","","","","","",0,1,"","",0,1,0,1,0,1,"","","","","","","","","","","","","","","","","","","","","","","","",22000,1,"","",0,1,"","","","",0,1,"","","","","","",3,1,"","","","","","","","","","","","","","","","","","","","","","","","","","","","","","","","","","","","","","","","","","","","","","","","","","","","","",""
"35049001","CANCALE",48.711667,-1.843333,40,1981110909,"","","","",7.,1,40,1,"","","","","","","","","","","","","","","","","","","","","","","","","","","","",4.4,1,-2.1,1,"","","","","","","","","","","","","","","","","","","","","","","","","","",62,1,"","","","","","","","","","","","",5.2,1,1032.1,1,"","","","","","",0,1,"","",0,1,0,1,0,1,"","","","","","","","","","","","","","","","","","","","","","","","",20000,1,"","",2,1,0,1,"","","","","","","","","","",3,1,"","","","","","","","","","","","","","","","","","","","","","","","","","","","","","","","","","","","","","","","","","","","","","","","","","","","","",""
"35049001","CANCALE",48.711667,-1.843333,40,1981110912,"","","","",5.,1,20,1,"","","","","","","","","","","","","","","","","","","","","","","","","","","","",4.8,1,-0.5,1,"","","","","","","","","","","","","","","","","","","","","","","","","","",68,1,"","","","","","","","","","","","",5.9,1,1032.1,1,"","","","","","",0,1,"","",0,1,0,1,0,1,"","","","","","","","","","","","","","","","","","","","","","","","",18000,1,"","",2,1,0,1,"","","","","","","","","","",3,1,"","","","","","","","","","","","","","","","","","","","","","","","","","","","","","","","","","","","","","","","","","","","","","","","","","","","","",""
"35049001","CANCALE",48.711667,-1.843333,40,1981110915,"","","","",8.,1,40,1,"","","","","","","","","","","","","","","","","","","","","","","","","","","","",6.4,1,-0.9,1,"","","","","","","","","","","","","","","","","","","","","","","","","","",59,1,"","","","","","","","","","","","",5.7,1,1031.4,1,"","","","","","",0,1,"","",0,1,0,1,0,1,"","","","","","","","","","","","","","","","","","","","","","","","",25000,1,"","",2,1,0,1,"","","","","","","","","","",4,1,"","","","","","","","","","","","","","","","","","","","","","","","","","","","","","","","","","","","","","","","","","","","","","","","","","","","","",""
"35049001","CANCALE",48.711667,-1.843333,40,1981110918,"","","","",9.,1,40,1,"","","","","","","","","","","","","","","","","","","","","","","","","","","","",5.6,1,-1.4,1,"","","","","","","","","","","","","","","","","","","","","","","","","","",61,1,"","","","","","","","","","","","",5.5,1,1031.7,1,"","","","","","",0,1,"","",0,1,0,1,0,1,"","","","","","","","","","","","","","","","","","","","","","","","",20000,1,"","",2,1,0,1,"","","","","","","","","","",4,1,"","","","","","","","","","","","","","","","","","","","","","","","","","","","","","","","","","","","","","","","","","","","","","","","","","","","","",""
"35049001","CANCALE",48.711667,-1.843333,40,1981110921,"","","","",7.,1,40,1,"","","","","","","","","","","","","","","","","","","","","","","","","","","","",5.6,1,-1.4,1,"","","","","","","","","","","","","","","","","","","","","","","","","","",61,1,"","","","","","","","","","","","",5.5,1,1032.5,1,"","","","","","",0,1,"","",0,1,0,1,0,1,"","","","","","","","","","","","","","","","","","","","","","","","",25000,1,"","",0,1,"","","","","","","","","","","","",4,1,"","","","","","","","","","","","","","","","","","","","","","","","","","","","","","","","","","","","","","","","","","","","","","","","","","","","","",""
"35049001","CANCALE",48.711667,-1.843333,40,1981111000,"","","","",6.,1,40,1,"","","","","","","","","","","","","","","","","","","","","","","","","","","","",4.4,1,-0.9,1,"","","","","","","","","","","","","","","","","","","","","","","","","","",68,1,"","","","","","","","","","","","",5.7,1,1032.9,1,"","","","","","",0,1,"","",0,1,0,1,0,1,"","","","","","","","","","","","","","","","","","","","","","","","",25000,1,"","",0,1,"","","","","","","","","","","","",4,1,"","","","","","","","","","","","","","","","","","","","","","","","","","","","","","","","","","","","","","","","","","","","","","","","","","","","","",""
"35049001","CANCALE",48.711667,-1.843333,40,1981111003,"","","","",6.,1,40,1,"","","","","","","","","","","","","","","","","","","","","","","","","","","","",4.4,1,-0.9,1,"","","","","","","","","","","","","","","","","","","","","","","","","","",68,1,"","","","","","","","","","","","",5.7,1,1032.8,1,"","","","","","",0,1,"","",0,1,0,1,0,1,"","","","","","","","","","","","","","","","","","","","","","","","",25000,1,"","",0,1,"","","","","","","","","","","","",4,1,"","","","","","","","","","","","","","","","","","","","","","","","","","","","","","","","","","","","","","","","","","","","","","","","","","","","","",""
"35049001","CANCALE",48.711667,-1.843333,40,1981111006,"","","","",7.,1,80,1,"","","","","","","","","","","","","","","","","","","","","","","","","","","","",4.5,1,-0.9,1,"","","","","","","","","","","","","","","","","","","","","","","","","","",68,1,"","","","","","","","","","","","",5.7,1,1033.2,1,"","","","","","",2,1,0,1,0,1,4,1,0,1,"","","","","","","","","","","","","","","","","","","","","","","","",26000,1,"","",0,1,"","","","",0,1,"","","","","","",3,1,"","","","","","","","","","","","","","","","","","","","","","","","","","","","","","","","","","","","","","","","","","","","","","","","","","","","","",""
"35049001","CANCALE",48.711667,-1.843333,40,1981111009,"","","","",5.,1,140,1,"","","","","","","","","","","","","","","","","","","","","","","","","","","","",4.,1,-0.9,1,"","","","","","","","","","","","","","","","","","","","","","","","","","",70,1,"","","","","","","","","","","","",5.7,1,1033.3,1,"","","","","","",6,1,6,1,0,1,7,1,0,1,"","","","","","","","","","","","","","","","","","","","","","","","",14000,1,"","",2,1,1,1,"","","","","","","","","","",3,1,"","","","","","","","","","","","","","","","","","","","","","","","","","","","","","","","","","","","","","","","","","","","","","","","","","","","","",""
"35049001","CANCALE",48.711667,-1.843333,40,1981111012,"","","","",4.,1,140,1,"","","","","","","","","","","","","","","","","","","","","","","","","","","","",5.1,1,-0.9,1,"","","","","","","","","","","","","","","","","","","","","","","","","","",65,1,"","","","","","","","","","","","",5.7,1,1033.8,1,"","","","","","",7,1,7,1,0,1,7,1,"","","","","","","","","","","","","","","","","","","","","","","","","","",18000,1,"","",2,1,1,1,"","","","","","","","","","",3,1,"","","","","","","","","","","","","","","","","","","","","","","","","","","","","","","","","","","","","","","","","","","","","","","","","","","","","",""
"35049001","CANCALE",48.711667,-1.843333,40,1981111015,"","","","",4.,1,100,1,"","","","","","","","","","","","","","","","","","","","","","","","","","","","",5.8,1,-0.2,1,"","","","","","","","","","","","","","","","","","","","","","","","","","",65,1,"","","","","","","","","","","","",6.,1,1032.6,1,"","","","","","",8,1,8,1,0,1,7,1,"","","","","","","","","","","","","","","","","","","","","","","","","","",16000,1,"","",2,1,2,1,"","","","","","","","","","",3,1,"","","","","","","","","","","","","","","","","","","","","","","","","","","","","","","","","","","","","","","","","","","","","","","","","","","","","",""
"35049001","CANCALE",48.711667,-1.843333,40,1981111018,"","","","",3.,1,140,1,"","","","","","","","","","","","","","","","","","","","","","","","","","","","",6.2,1,-0.9,1,"","","","","","","","","","","","","","","","","","","","","","","","","","",60,1,"","","","","","","","","","","","",5.7,1,1031.7,1,"","","","","","",8,1,8,1,0,1,3,1,"","","","","","","","","","","","","","","","","","","","","","","","","","",20000,1,"","",2,1,2,1,"","","","","","","","","","",2,1,"","","","","","","","","","","","","","","","","","","","","","","","","","","","","","","","","","","","","","","","","","","","","","","","","","","","","",""
"35049001","CANCALE",48.711667,-1.843333,40,1981111021,"","","","",2.,1,140,1,"","","","","","","","","","","","","","","","","","","","","","","","","","","","",4.6,1,0.,1,"","","","","","","","","","","","","","","","","","","","","","","","","","",72,1,"","","","","","","","","","","","",6.1,1,1030.9,1,"","","","","","",3,1,0,1,0,1,4,1,0,1,"","","","","","","","","","","","","","","","","","","","","","","","",14000,1,"","",0,1,"","","","","","","","","","","","",2,1,"","","","","","","","","","","","","","","","","","","","","","","","","","","","","","","","","","","","","","","","","","","","","","","","","","","","","",""
"35049001","CANCALE",48.711667,-1.843333,40,1981111100,"","","","",2.,1,140,1,"","","","","","","","","","","","","","","","","","","","","","","","","","","","",3.8,1,-0.4,1,"","","","","","","","","","","","","","","","","","","","","","","","","","",74,1,"","","","","","","","","","","","",5.9,1,1030.1,1,"","","","","","",8,1,8,1,0,1,7,1,"","","","","","","","","","","","","","","","","","","","","","","","","","",10000,1,"","",0,1,"","","","","","","","","","","","",2,1,"","","","","","","","","","","","","","","","","","","","","","","","","","","","","","","","","","","","","","","","","","","","","","","","","","","","","",""
"35049001","CANCALE",48.711667,-1.843333,40,1981111103,"","","","",6.,1,160,1,"","","","","","","","","","","","","","","","","","","","","","","","","","","","",2.7,1,-1.3,1,"","","","","","","","","","","","","","","","","","","","","","","","","","",74,1,"","","","","","","","","","","","",5.5,1,1028.2,1,"","","","","","",8,1,8,1,0,1,8,1,"","","","","","","","","","","","","","","","","","","","","","","","","","",11000,1,"","",0,1,"","","","","","","","","","","","",3,1,"","","","","","","","","","","","","","","","","","","","","","","","","","","","","","","","","","","","","","","","","","","","","","","","","","","","","",""
"35049001","CANCALE",48.711667,-1.843333,40,1981111106,"","","","",7.,1,180,1,"","","","","","","","","","","","","","","","","","","","","","","","","","","","",2.3,1,-1.8,1,"","","","","","","","","","","","","","","","","","","","","","","","","","",74,1,"","","","","","","","","","","","",5.3,1,1026.8,1,"","","","","","",7,1,7,1,0,1,7,1,"","","","","","","","","","","","","","","","","","","","","","","","","","",16000,1,"","",0,1,"","","","",0,1,"","","","","","",2,1,"","","","","","","","","","","","","","","","","","","","","","","","","","","","","","","","","","","","","","","","","","","","","","","","","","","","","",""
"35049001","CANCALE",48.711667,-1.843333,40,1981111109,"","","","",9.,1,200,1,"","","","","","","","","","","","","","","","","","","","","","","","","","","","",3.8,1,0.8,1,"","","","","","","","","","","","","","","","","","","","","","","","","","",81,1,"","","","","","","","","","","","",6.5,1,1025.3,1,"","","","","","",7,1,7,1,5,1,"","","","","","","","","","","","","","","","","","","","","","","","","","","","",8000,1,"","",3,1,2,1,"","","","","","","","","","",2,1,"","","","","","","","","","","","","","","","","","","","","","","","","","","","","","","","","","","","","","","","","","","","","","","","","","","","","",""
"35049001","CANCALE",48.711667,-1.843333,40,1981111112,"","","","",8.,1,220,1,"","","","","","","","","","","","","","","","","","","","","","","","","","","","",9.5,1,5.4,1,"","","","","","","","","","","","","","","","","","","","","","","","","","",76,1,"","","","","","","","","","","","",9.1,1,1024.,1,"","","","","","",8,1,8,1,5,1,"","","","","","","","","","","","","","","","","","","","","","","","","","","","",10000,1,"","",2,1,2,1,"","","","","","","","","","",2,1,"","","","","","","","","","","","","","","","","","","","","","","","","","","","","","","","","","","","","","","","","","","","","","","","","","","","","",""
"35049001","CANCALE",48.711667,-1.843333,40,1981111115,"","","","",7.,1,220,1,"","","","","","","","","","","","","","","","","","","","","","","","","","","","",9.7,1,6.3,1,"","","","","","","","","","","","","","","","","","","","","","","","","","",80,1,"","","","","","","","","","","","",9.7,1,1022.,1,"","","","","","",8,1,8,1,5,1,"","","","","","","","","","","","","","","","","","","","","","","","","","","","",9000,1,"","",2,1,2,1,"","","","","","","","","","",3,1,"","","","","","","","","","","","","","","","","","","","","","","","","","","","","","","","","","","","","","","","","","","","","","","","","","","","","",""
"35049001","CANCALE",48.711667,-1.843333,40,1981111118,"","","","",10.,1,240,1,"","","","","","","","","","","","","","","","","","","","","","","","","","","","",10.,1,7.,1,"","","","","","","","","","","","","","","","","","","","","","","","","","",83,1,"","","","","","","","","","","","",10.2,1,1021.6,1,"","","","","","",8,1,8,1,5,1,"","","","","","","","","","","","","","","","","","","","","","","","","","","","",8000,1,"","",60,1,2,1,"","","","","","","","","","",3,1,"","","","","","","","","","","","","","","","","","","","","","","","","","","","","","","","","","","","","","","","","","","","","","","","","","","","","",""
"35049001","CANCALE",48.711667,-1.843333,40,1981111121,"","","","",13.,1,240,1,"","","","","","","","","","","","","","","","","","","","","","","","","","","","",10.9,1,9.2,1,"","","","","","","","","","","","","","","","","","","","","","","","","","",91,1,"","","","","","","","","","","","",11.9,1,1021.1,1,"","","","","","",8,1,8,1,5,1,"","","","","","","","","","","","","","","","","","","","","","","","","","","","",8000,1,"","",60,1,"","","","","","","","","","","","",4,1,"","","","","","","","","","","","","","","","","","","","","","","","","","","","","","","","","","","","","","","","","","","","","","","","","","","","","",""
"35049001","CANCALE",48.711667,-1.843333,40,1981111200,"","","","",7.,1,260,1,"","","","","","","","","","","","","","","","","","","","","","","","","","","","",10.6,1,9.5,1,"","","","","","","","","","","","","","","","","","","","","","","","","","",95,1,"","","","","","","","","","","","",12.1,1,1021.9,1,"","","","","","",8,1,8,1,5,1,"","","","","","","","","","","","","","","","","","","","","","","","","","","","",18000,1,"","",0,1,"","","","","","","","","","","","",3,1,"","","","","","","","","","","","","","","","","","","","","","","","","","","","","","","","","","","","","","","","","","","","","","","","","","","","","",""
"35049001","CANCALE",48.711667,-1.843333,40,1981111203,"","","","",9.,1,240,1,"","","","","","","","","","","","","","","","","","","","","","","","","","","","",10.5,1,9.2,1,"","","","","","","","","","","","","","","","","","","","","","","","","","",94,1,"","","","","","","","","","","","",11.9,1,1022.2,1,"","","","","","",8,1,8,1,5,1,"","","","","","","","","","","","","","","","","","","","","","","","","","","","",22000,1,"","",0,1,"","","","","","","","","","","","",3,1,"","","","","","","","","","","","","","","","","","","","","","","","","","","","","","","","","","","","","","","","","","","","","","","","","","","","","",""
"35049001","CANCALE",48.711667,-1.843333,40,1981111206,"","","","",7.,1,240,1,"","","","","","","","","","","","","","","","","","","","","","","","","","","","",10.6,1,9.5,1,"","","","","","","","","","","","","","","","","","","","","","","","","","",95,1,"","","","","","","","","","","","",12.1,1,1022.8,1,"","","","","","",8,1,8,1,5,1,"","","","","","","","","","","","","","","","","","","","","","","","","","","","",25000,1,"","",0,1,"","","","",1,1,"","","","","","",2,1,"","","","","","","","","","","","","","","","","","","","","","","","","","","","","","","","","","","","","","","","","","","","","","","","","","","","","",""
"35049001","CANCALE",48.711667,-1.843333,40,1981111209,"","","","",4.,1,240,1,"","","","","","","","","","","","","","","","","","","","","","","","","","","","",10.,1,9.2,1,"","","","","","","","","","","","","","","","","","","","","","","","","","",97,1,"","","","","","","","","","","","",11.9,1,1024.2,1,"","","","","","",8,1,8,1,5,1,"","","","","","","","","","","","","","","","","","","","","","","","","","","","",4000,1,"","",51,1,6,1,"","","","","","","","","","",2,1,"","","","","","","","","","","","","","","","","","","","","","","","","","","","","","","","","","","","","","","","","","","","","","","","","","","","","",""
"35049001","CANCALE",48.711667,-1.843333,40,1981111212,"","","","",5.,1,240,1,"","","","","","","","","","","","","","","","","","","","","","","","","","","","",10.8,1,9.7,1,"","","","","","","","","","","","","","","","","","","","","","","","","","",95,1,"","","","","","","","","","","","",12.3,1,1024.7,1,"","","","","","",8,1,8,1,5,1,"","","","","","","","","","","","","","","","","","","","","","","","","","","","",15000,1,"","",2,1,6,1,"","","","","","","","","","",2,1,"","","","","","","","","","","","","","","","","","","","","","","","","","","","","","","","","","","","","","","","","","","","","","","","","","","","","",""
"35049001","CANCALE",48.711667,-1.843333,40,1981111215,"","","","",4.,1,260,1,"","","","","","","","","","","","","","","","","","","","","","","","","","","","",11.,1,9.9,1,"","","","","","","","","","","","","","","","","","","","","","","","","","",95,1,"","","","","","","","","","","","",12.5,1,1025.,1,"","","","","","",8,1,8,1,5,1,"","","","","","","","","","","","","","","","","","","","","","","","","","","","",20000,1,"","",2,1,5,1,"","","","","","","","","","",2,1,"","","","","","","","","","","","","","","","","","","","","","","","","","","","","","","","","","","","","","","","","","","","","","","","","","","","","",""
"35049001","CANCALE",48.711667,-1.843333,40,1981111218,"","","","",3.,1,340,1,"","","","","","","","","","","","","","","","","","","","","","","","","","","","",10.8,1,9.3,1,"","","","","","","","","","","","","","","","","","","","","","","","","","",92,1,"","","","","","","","","","","","",12.,1,1026.3,1,"","","","","","",8,1,8,1,5,1,"","","","","","","","","","","","","","","","","","","","","","","","","","","","",25000,1,"","",2,1,5,1,"","","","","","","","","","",2,1,"","","","","","","","","","","","","","","","","","","","","","","","","","","","","","","","","","","","","","","","","","","","","","","","","","","","","",""
"35049001","CANCALE",48.711667,-1.843333,40,1981111221,"","","","",2.,1,280,1,"","","","","","","","","","","","","","","","","","","","","","","","","","","","",11.,1,9.5,1,"","","","","","","","","","","","","","","","","","","","","","","","","","",92,1,"","","","","","","","","","","","",12.1,1,1027.6,1,"","","","","","",8,1,8,1,5,1,"","","","","","","","","","","","","","","","","","","","","","","","","","","","",25000,1,"","",0,1,"","","","","","","","","","","","",2,1,"","","","","","","","","","","","","","","","","","","","","","","","","","","","","","","","","","","","","","","","","","","","","","","","","","","","","",""
"35049001","CANCALE",48.711667,-1.843333,40,1981111300,"","","","",3.,1,340,1,"","","","","","","","","","","","","","","","","","","","","","","","","","","","",11.4,1,9.5,1,"","","","","","","","","","","","","","","","","","","","","","","","","","",90,1,"","","","","","","","","","","","",12.1,1,1029.1,1,"","","","","","",8,1,8,1,8,1,"","","","","","","","","","","","","","","","","","","","","","","","","","","","",25000,1,"","",0,1,"","","","","","","","","","","","",2,1,"","","","","","","","","","","","","","","","","","","","","","","","","","","","","","","","","","","","","","","","","","","","","","","","","","","","","",""
"35049001","CANCALE",48.711667,-1.843333,40,1981111303,"","","","",4.,1,340,1,"","","","","","","","","","","","","","","","","","","","","","","","","","","","",10.6,1,7.,1,"","","","","","","","","","","","","","","","","","","","","","","","","","",80,1,"","","","","","","","","","","","",10.2,1,1030.,1,"","","","","","",7,1,7,1,5,1,"","","","","","","","","","","","","","","","","","","","","","","","","","","","",30000,1,"","",0,1,"","","","","","","","","","","","",2,1,"","","","","","","","","","","","","","","","","","","","","","","","","","","","","","","","","","","","","","","","","","","","","","","","","","","","","",""
"35049001","CANCALE",48.711667,-1.843333,40,1981111306,"","","","",5.,1,320,1,"","","","","","","","","","","","","","","","","","","","","","","","","","","","",10.4,1,4.9,1,"","","","","","","","","","","","","","","","","","","","","","","","","","",70,1,"","","","","","","","","","","","",8.8,1,1032.,1,"","","","","","",4,1,0,1,5,1,0,1,0,1,"","","","","","","","","","","","","","","","","","","","","","","","",30000,1,"","",0,1,"","","","",0,1,"","","","","","",3,1,"","","","","","","","","","","","","","","","","","","","","","","","","","","","","","","","","","","","","","","","","","","","","","","","","","","","","",""
"35049001","CANCALE",48.711667,-1.843333,40,1981111309,"","","","",5.,1,340,1,"","","","","","","","","","","","","","","","","","","","","","","","","","","","",10.4,1,5.6,1,"","","","","","","","","","","","","","","","","","","","","","","","","","",73,1,"","","","","","","","","","","","",9.2,1,1033.7,1,"","","","","","",3,1,0,1,5,1,0,1,0,1,"","","","","","","","","","","","","","","","","","","","","","","","",30000,1,"","",1,1,0,1,"","","","","","","","","","",3,1,"","","","","","","","","","","","","","","","","","","","","","","","","","","","","","","","","","","","","","","","","","","","","","","","","","","","","",""
"35049001","CANCALE",48.711667,-1.843333,40,1981111312,"","","","",8.,1,280,1,"","","","","","","","","","","","","","","","","","","","","","","","","","","","",10.4,1,4.5,1,"","","","","","","","","","","","","","","","","","","","","","","","","","",68,1,"","","","","","","","","","","","",8.5,1,1034.5,1,"","","","","","",6,1,6,1,5,1,0,1,0,1,"","","","","","","","","","","","","","","","","","","","","","","","",35000,1,"","",3,1,1,1,"","","","","","","","","","",3,1,"","","","","","","","","","","","","","","","","","","","","","","","","","","","","","","","","","","","","","","","","","","","","","","","","","","","","",""
"35049001","CANCALE",48.711667,-1.843333,40,1981111315,"","","","",10.,1,280,1,"","","","","","","","","","","","","","","","","","","","","","","","","","","","",10.3,1,4.6,1,"","","","","","","","","","","","","","","","","","","","","","","","","","",69,1,"","","","","","","","","","","","",8.6,1,1034.4,1,"","","","","","",8,1,8,1,5,1,"","","","","","","","","","","","","","","","","","","","","","","","","","","","",35000,1,"","",3,1,2,1,"","","","","","","","","","",3,1,"","","","","","","","","","","","","","","","","","","","","","","","","","","","","","","","","","","","","","","","","","","","","","","","","","","","","",""
"35049001","CANCALE",48.711667,-1.843333,40,1981111318,"","","","",10.,1,280,1,"","","","","","","","","","","","","","","","","","","","","","","","","","","","",10.,1,4.3,1,"","","","","","","","","","","","","","","","","","","","","","","","","","",69,1,"","","","","","","","","","","","",8.4,1,1034.9,1,"","","","","","",8,1,8,1,5,1,"","","","","","","","","","","","","","","","","","","","","","","","","","","","",30000,1,"","",2,1,2,1,"","","","","","","","","","",3,1,"","","","","","","","","","","","","","","","","","","","","","","","","","","","","","","","","","","","","","","","","","","","","","","","","","","","","",""
"35049001","CANCALE",48.711667,-1.843333,40,1981111321,"","","","",11.,1,280,1,"","","","","","","","","","","","","","","","","","","","","","","","","","","","",10.2,1,4.3,1,"","","","","","","","","","","","","","","","","","","","","","","","","","",67,1,"","","","","","","","","","","","",8.4,1,1035.9,1,"","","","","","",8,1,8,1,5,1,"","","","","","","","","","","","","","","","","","","","","","","","","","","","",30000,1,"","",0,1,"","","","","","","","","","","","",3,1,"","","","","","","","","","","","","","","","","","","","","","","","","","","","","","","","","","","","","","","","","","","","","","","","","","","","","",""
"35049001","CANCALE",48.711667,-1.843333,40,1981111400,"","","","",8.,1,280,1,"","","","","","","","","","","","","","","","","","","","","","","","","","","","",10.2,1,4.8,1,"","","","","","","","","","","","","","","","","","","","","","","","","","",70,1,"","","","","","","","","","","","",8.7,1,1036.1,1,"","","","","","",8,1,8,1,5,1,"","","","","","","","","","","","","","","","","","","","","","","","","","","","",35000,1,"","",0,1,"","","","","","","","","","","","",3,1,"","","","","","","","","","","","","","","","","","","","","","","","","","","","","","","","","","","","","","","","","","","","","","","","","","","","","",""
"35049001","CANCALE",48.711667,-1.843333,40,1981111403,"","","","",8.,1,300,1,"","","","","","","","","","","","","","","","","","","","","","","","","","","","",10.2,1,3.3,1,"","","","","","","","","","","","","","","","","","","","","","","","","","",63,1,"","","","","","","","","","","","",7.8,1,1036.,1,"","","","","","",8,1,8,1,8,1,"","","","","","","","","","","","","","","","","","","","","","","","","","","","",35000,1,"","",0,1,"","","","","","","","","","","","",3,1,"","","","","","","","","","","","","","","","","","","","","","","","","","","","","","","","","","","","","","","","","","","","","","","","","","","","","",""
"35049001","CANCALE",48.711667,-1.843333,40,1981111406,"","","","",6.,1,300,1,"","","","","","","","","","","","","","","","","","","","","","","","","","","","",10.1,1,3.3,1,"","","","","","","","","","","","","","","","","","","","","","","","","","",64,1,"","","","","","","","","","","","",7.8,1,1035.7,1,"","","","","","",8,1,8,1,8,1,"","","","","","","","","","","","","","","","","","","","","","","","","","","","",35000,1,"","",0,1,"","","","",0,1,"","","","","","",3,1,"","","","","","","","","","","","","","","","","","","","","","","","","","","","","","","","","","","","","","","","","","","","","","","","","","","","","",""
"35049001","CANCALE",48.711667,-1.843333,40,1981111409,"","","","",2.,1,320,1,"","","","","","","","","","","","","","","","","","","","","","","","","","","","",10.3,1,4.3,1,"","","","","","","","","","","","","","","","","","","","","","","","","","",67,1,"","","","","","","","","","","","",8.4,1,1036.7,1,"","","","","","",8,1,8,1,5,1,"","","","","","","","","","","","","","","","","","","","","","","","","","","","",45000,1,"","",2,1,2,1,"","","","","","","","","","",2,1,"","","","","","","","","","","","","","","","","","","","","","","","","","","","","","","","","","","","","","","","","","","","","","","","","","","","","",""
"35049001","CANCALE",48.711667,-1.843333,40,1981111412,"","","","",1.,1,180,1,"","","","","","","","","","","","","","","","","","","","","","","","","","","","",10.2,1,6.3,1,"","","","","","","","","","","","","","","","","","","","","","","","","","",78,1,"","","","","","","","","","","","",9.7,1,1036.7,1,"","","","","","",8,1,8,1,5,1,"","","","","","","","","","","","","","","","","","","","","","","","","","","","",35000,1,"","",2,1,2,1,"","","","","","","","","","",2,1,"","","","","","","","","","","","","","","","","","","","","","","","","","","","","","","","","","","","","","","","","","","","","","","","","","","","","",""
"35049001","CANCALE",48.711667,-1.843333,40,1981111415,"","","","",1.,1,240,1,"","","","","","","","","","","","","","","","","","","","","","","","","","","","",10.,1,6.2,1,"","","","","","","","","","","","","","","","","","","","","","","","","","",78,1,"","","","","","","","","","","","",9.6,1,1035.3,1,"","","","","","",8,1,8,1,5,1,"","","","","","","","","","","","","","","","","","","","","","","","","","","","",35000,1,"","",2,1,2,1,"","","","","","","","","","",2,1,"","","","","","","","","","","","","","","","","","","","","","","","","","","","","","","","","","","","","","","","","","","","","","","","","","","","","",""
"35049001","CANCALE",48.711667,-1.843333,40,1981111418,"","","","",1.,1,60,1,"","","","","","","","","","","","","","","","","","","","","","","","","","","","",9.9,1,4.1,1,"","","","","","","","","","","","","","","","","","","","","","","","","","",68,1,"","","","","","","","","","","","",8.3,1,1034.5,1,"","","","","","",8,1,8,1,5,1,"","","","","","","","","","","","","","","","","","","","","","","","","","","","",45000,1,"","",2,1,2,1,"","","","","","","","","","",2,1,"","","","","","","","","","","","","","","","","","","","","","","","","","","","","","","","","","","","","","","","","","","","","","","","","","","","","",""
"35049001","CANCALE",48.711667,-1.843333,40,1981111421,"","","","",4.,1,40,1,"","","","","","","","","","","","","","","","","","","","","","","","","","","","",9.7,1,3.4,1,"","","","","","","","","","","","","","","","","","","","","","","","","","",66,1,"","","","","","","","","","","","",7.9,1,1034.3,1,"","","","","","",8,1,8,1,5,1,"","","","","","","","","","","","","","","","","","","","","","","","","","","","",40000,1,"","",0,1,"","","","","","","","","","","","",2,1,"","","","","","","","","","","","","","","","","","","","","","","","","","","","","","","","","","","","","","","","","","","","","","","","","","","","","",""
"35049001","CANCALE",48.711667,-1.843333,40,1981111500,"","","","",3.,1,100,1,"","","","","","","","","","","","","","","","","","","","","","","","","","","","",9.2,1,2.7,1,"","","","","","","","","","","","","","","","","","","","","","","","","","",65,1,"","","","","","","","","","","","",7.5,1,1032.9,1,"","","","","","",8,1,8,1,5,1,"","","","","","","","","","","","","","","","","","","","","","","","","","","","",30000,1,"","",0,1,"","","","","","","","","","","","",2,1,"","","","","","","","","","","","","","","","","","","","","","","","","","","","","","","","","","","","","","","","","","","","","","","","","","","","","",""
"35049001","CANCALE",48.711667,-1.843333,40,1981111503,"","","","",3.,1,60,1,"","","","","","","","","","","","","","","","","","","","","","","","","","","","",8.9,1,4.,1,"","","","","","","","","","","","","","","","","","","","","","","","","","",73,1,"","","","","","","","","","","","",8.2,1,1031.3,1,"","","","","","",8,1,8,1,5,1,"","","","","","","","","","","","","","","","","","","","","","","","","","","","",22000,1,"","",0,1,"","","","","","","","","","","","",1,1,"","","","","","","","","","","","","","","","","","","","","","","","","","","","","","","","","","","","","","","","","","","","","","","","","","","","","",""
"35049001","CANCALE",48.711667,-1.843333,40,1981111506,"","","","",5.,1,80,1,"","","","","","","","","","","","","","","","","","","","","","","","","","","","",8.4,1,5.1,1,"","","","","","","","","","","","","","","","","","","","","","","","","","",81,1,"","","","","","","","","","","","",8.9,1,1029.6,1,"","","","","","",8,1,8,1,5,1,"","","","","","","","","","","","","","","","","","","","","","","","","","","","",18000,1,"","",0,1,"","","","",0,1,"","","","","","",2,1,"","","","","","","","","","","","","","","","","","","","","","","","","","","","","","","","","","","","","","","","","","","","","","","","","","","","","",""
"35049001","CANCALE",48.711667,-1.843333,40,1981111509,"","","","",8.,1,60,1,"","","","","","","","","","","","","","","","","","","","","","","","","","","","",8.,1,4.6,1,"","","","","","","","","","","","","","","","","","","","","","","","","","",81,1,"","","","","","","","","","","","",8.6,1,1028.8,1,"","","","","","",4,1,0,1,0,1,0,1,2,1,"","","","","","","","","","","","","","","","","","","","","","","","",15000,1,"","",2,1,1,1,"","","","","","","","","","",2,1,"","","","","","","","","","","","","","","","","","","","","","","","","","","","","","","","","","","","","","","","","","","","","","","","","","","","","",""
"35049001","CANCALE",48.711667,-1.843333,40,1981111512,"","","","",7.,1,100,1,"","","","","","","","","","","","","","","","","","","","","","","","","","","","",9.,1,3.8,1,"","","","","","","","","","","","","","","","","","","","","","","","","","",71,1,"","","","","","","","","","","","",8.1,1,1027.3,1,"","","","","","",4,1,0,1,0,1,0,1,2,1,"","","","","","","","","","","","","","","","","","","","","","","","",18000,1,"","",2,1,1,1,"","","","","","","","","","",3,1,"","","","","","","","","","","","","","","","","","","","","","","","","","","","","","","","","","","","","","","","","","","","","","","","","","","","","",""
"35049001","CANCALE",48.711667,-1.843333,40,1981111515,"","","","",6.,1,140,1,"","","","","","","","","","","","","","","","","","","","","","","","","","","","",9.,1,3.8,1,"","","","","","","","","","","","","","","","","","","","","","","","","","",71,1,"","","","","","","","","","","","",8.1,1,1025.5,1,"","","","","","",6,1,6,1,0,1,0,1,2,1,"","","","","","","","","","","","","","","","","","","","","","","","",18000,1,"","",2,1,1,1,"","","","","","","","","","",3,1,"","","","","","","","","","","","","","","","","","","","","","","","","","","","","","","","","","","","","","","","","","","","","","","","","","","","","",""
"35049001","CANCALE",48.711667,-1.843333,40,1981111518,"","","","",5.,1,100,1,"","","","","","","","","","","","","","","","","","","","","","","","","","","","",8.,1,3.6,1,"","","","","","","","","","","","","","","","","","","","","","","","","","",75,1,"","","","","","","","","","","","",8.,1,1024.4,1,"","","","","","",4,1,0,1,0,1,0,1,2,1,"","","","","","","","","","","","","","","","","","","","","","","","",18000,1,"","",2,1,1,1,"","","","","","","","","","",2,1,"","","","","","","","","","","","","","","","","","","","","","","","","","","","","","","","","","","","","","","","","","","","","","","","","","","","","",""
"35049001","CANCALE",48.711667,-1.843333,40,1981111521,"","","","",6.,1,140,1,"","","","","","","","","","","","","","","","","","","","","","","","","","","","",6.8,1,3.6,1,"","","","","","","","","","","","","","","","","","","","","","","","","","",80,1,"","","","","","","","","","","","",8.,1,1023.9,1,"","","","","","",4,1,0,1,0,1,0,1,2,1,"","","","","","","","","","","","","","","","","","","","","","","","",18000,1,"","",0,1,"","","","","","","","","","","","",2,1,"","","","","","","","","","","","","","","","","","","","","","","","","","","","","","","","","","","","","","","","","","","","","","","","","","","","","",""
"35049001","CANCALE",48.711667,-1.843333,40,1981111600,"","","","",5.,1,140,1,"","","","","","","","","","","","","","","","","","","","","","","","","","","","",6.2,1,2.7,1,"","","","","","","","","","","","","","","","","","","","","","","","","","",79,1,"","","","","","","","","","","","",7.5,1,1023.5,1,"","","","","","",7,1,7,1,0,1,0,1,8,1,"","","","","","","","","","","","","","","","","","","","","","","","",18000,1,"","",0,1,"","","","","","","","","","","","",2,1,"","","","","","","","","","","","","","","","","","","","","","","","","","","","","","","","","","","","","","","","","","","","","","","","","","","","","",""
"35049001","CANCALE",48.711667,-1.843333,40,1981111603,"","","","",8.,1,140,1,"","","","","","","","","","","","","","","","","","","","","","","","","","","","",5.4,1,2.4,1,"","","","","","","","","","","","","","","","","","","","","","","","","","",82,1,"","","","","","","","","","","","",7.3,1,1022.9,1,"","","","","","",8,1,8,1,0,1,2,1,"","","","","","","","","","","","","","","","","","","","","","","","","","",18000,1,"","",0,1,"","","","","","","","","","","","",2,1,"","","","","","","","","","","","","","","","","","","","","","","","","","","","","","","","","","","","","","","","","","","","","","","","","","","","","",""
"35049001","CANCALE",48.711667,-1.843333,40,1981111606,"","","","",8.,1,140,1,"","","","","","","","","","","","","","","","","","","","","","","","","","","","",5.,1,2.7,1,"","","","","","","","","","","","","","","","","","","","","","","","","","",86,1,"","","","","","","","","","","","",7.5,1,1022.5,1,"","","","","","",8,1,8,1,5,1,"","","","","","","","","","","","","","","","","","","","","","","","","","","","",12000,1,"","",0,1,"","","","",0,1,"","","","","","",3,1,"","","","","","","","","","","","","","","","","","","","","","","","","","","","","","","","","","","","","","","","","","","","","","","","","","","","","",""
"35049001","CANCALE",48.711667,-1.843333,40,1981111609,"","","","",8.,1,140,1,"","","","","","","","","","","","","","","","","","","","","","","","","","","","",5.1,1,2.5,1,"","","","","","","","","","","","","","","","","","","","","","","","","","",84,1,"","","","","","","","","","","","",7.4,1,1022.8,1,"","","","","","",8,1,8,1,5,1,"","","","","","","","","","","","","","","","","","","","","","","","","","","","",7000,1,"","",2,1,2,1,"","","","","","","","","","",3,1,"","","","","","","","","","","","","","","","","","","","","","","","","","","","","","","","","","","","","","","","","","","","","","","","","","","","","",""
"35049001","CANCALE",48.711667,-1.843333,40,1981111612,"","","","",8.,1,140,1,"","","","","","","","","","","","","","","","","","","","","","","","","","","","",6.9,1,4.5,1,"","","","","","","","","","","","","","","","","","","","","","","","","","",85,1,"","","","","","","","","","","","",8.5,1,1022.5,1,"","","","","","",8,1,8,1,5,1,"","","","","","","","","","","","","","","","","","","","","","","","","","","","",7000,1,"","",2,1,2,1,"","","","","","","","","","",3,1,"","","","","","","","","","","","","","","","","","","","","","","","","","","","","","","","","","","","","","","","","","","","","","","","","","","","","",""
"35049001","CANCALE",48.711667,-1.843333,40,1981111615,"","","","",7.,1,140,1,"","","","","","","","","","","","","","","","","","","","","","","","","","","","",9.,1,6.6,1,"","","","","","","","","","","","","","","","","","","","","","","","","","",87,1,"","","","","","","","","","","","",9.9,1,1021.3,1,"","","","","","",7,1,7,1,5,1,"","","","","","","","","","","","","","","","","","","","","","","","","","","","",8000,1,"","",2,1,2,1,"","","","","","","","","","",3,1,"","","","","","","","","","","","","","","","","","","","","","","","","","","","","","","","","","","","","","","","","","","","","","","","","","","","","",""
"35049001","CANCALE",48.711667,-1.843333,40,1981111618,"","","","",7.,1,160,1,"","","","","","","","","","","","","","","","","","","","","","","","","","","","",9.,1,6.6,1,"","","","","","","","","","","","","","","","","","","","","","","","","","",87,1,"","","","","","","","","","","","",9.9,1,1021.3,1,"","","","","","",8,1,8,1,5,1,"","","","","","","","","","","","","","","","","","","","","","","","","","","","",8000,1,"","",2,1,2,1,"","","","","","","","","","",3,1,"","","","","","","","","","","","","","","","","","","","","","","","","","","","","","","","","","","","","","","","","","","","","","","","","","","","","",""
"35049001","CANCALE",48.711667,-1.843333,40,1981111621,"","","","",6.,1,160,1,"","","","","","","","","","","","","","","","","","","","","","","","","","","","",9.3,1,7.2,1,"","","","","","","","","","","","","","","","","","","","","","","","","","",88,1,"","","","","","","","","","","","",10.3,1,1020.5,1,"","","","","","",8,1,8,1,5,1,"","","","","","","","","","","","","","","","","","","","","","","","","","","","",8000,1,"","",0,1,"","","","","","","","","","","","",3,1,"","","","","","","","","","","","","","","","","","","","","","","","","","","","","","","","","","","","","","","","","","","","","","","","","","","","","",""
"35049001","CANCALE",48.711667,-1.843333,40,1981111700,"","","","",7.,1,160,1,"","","","","","","","","","","","","","","","","","","","","","","","","","","","",8.8,1,7.3,1,"","","","","","","","","","","","","","","","","","","","","","","","","","",92,1,"","","","","","","","","","","","",10.4,1,1019.2,1,"","","","","","",8,1,8,1,5,1,"","","","","","","","","","","","","","","","","","","","","","","","","","","","",10000,1,"","",0,1,"","","","","","","","","","","","",3,1,"","","","","","","","","","","","","","","","","","","","","","","","","","","","","","","","","","","","","","","","","","","","","","","","","","","","","",""
"35049001","CANCALE",48.711667,-1.843333,40,1981111703,"","","","",6.,1,160,1,"","","","","","","","","","","","","","","","","","","","","","","","","","","","",8.7,1,7.4,1,"","","","","","","","","","","","","","","","","","","","","","","","","","",93,1,"","","","","","","","","","","","",10.5,1,1017.5,1,"","","","","","",8,1,8,1,5,1,"","","","","","","","","","","","","","","","","","","","","","","","","","","","",6000,1,"","",0,1,"","","","","","","","","","","","",3,1,"","","","","","","","","","","","","","","","","","","","","","","","","","","","","","","","","","","","","","","","","","","","","","","","","","","","","",""
"35049001","CANCALE",48.711667,-1.843333,40,1981111706,"","","","",5.,1,160,1,"","","","","","","","","","","","","","","","","","","","","","","","","","","","",10.6,1,9.2,1,"","","","","","","","","","","","","","","","","","","","","","","","","","",93,1,"","","","","","","","","","","","",11.9,1,1015.5,1,"","","","","","",8,1,8,1,5,1,"","","","","","","","","","","","","","","","","","","","","","","","","","","","",10000,1,"","",0,1,"","","","",1,1,"","","","","","",3,1,"","","","","","","","","","","","","","","","","","","","","","","","","","","","","","","","","","","","","","","","","","","","","","","","","","","","","",""
"35049001","CANCALE",48.711667,-1.843333,40,1981111709,"","","","",7.,1,200,1,"","","","","","","","","","","","","","","","","","","","","","","","","","","","",12.5,1,11.2,1,"","","","","","","","","","","","","","","","","","","","","","","","","","",94,1,"","","","","","","","","","","","",13.6,1,1015.9,1,"","","","","","",7,1,7,1,8,1,"","","","","","","","","","","","","","","","","","","","","","","","","","","","",8000,1,"","",2,1,2,1,"","","","","","","","","","",3,1,"","","","","","","","","","","","","","","","","","","","","","","","","","","","","","","","","","","","","","","","","","","","","","","","","","","","","",""
"35049001","CANCALE",48.711667,-1.843333,40,1981111712,"","","","",5.,1,260,1,"","","","","","","","","","","","","","","","","","","","","","","","","","","","",11.8,1,10.3,1,"","","","","","","","","","","","","","","","","","","","","","","","","","",93,1,"","","","","","","","","","","","",12.8,1,1016.6,1,"","","","","","",7,1,7,1,8,1,"","","","","","","","","","","","","","","","","","","","","","","","","","","","",35000,1,"","",2,1,8,1,"","","","","","","","","","",2,1,"","","","","","","","","","","","","","","","","","","","","","","","","","","","","","","","","","","","","","","","","","","","","","","","","","","","","",""
"35049001","CANCALE",48.711667,-1.843333,40,1981111715,"","","","",5.,1,280,1,"","","","","","","","","","","","","","","","","","","","","","","","","","","","",11.4,1,10.3,1,"","","","","","","","","","","","","","","","","","","","","","","","","","",95,1,"","","","","","","","","","","","",12.8,1,1017.,1,"","","","","","",7,1,6,1,8,1,"","","","","","","","","","","","","","","","","","","","","","","","","","","","",20000,1,"","",2,1,2,1,"","","","","","","","","","",2,1,"","","","","","","","","","","","","","","","","","","","","","","","","","","","","","","","","","","","","","","","","","","","","","","","","","","","","",""
"35049001","CANCALE",48.711667,-1.843333,40,1981111718,"","","","",2.,1,260,1,"","","","","","","","","","","","","","","","","","","","","","","","","","","","",10.5,1,8.7,1,"","","","","","","","","","","","","","","","","","","","","","","","","","",91,1,"","","","","","","","","","","","",11.5,1,1018.7,1,"","","","","","",2,1,0,1,0,1,4,1,0,1,"","","","","","","","","","","","","","","","","","","","","","","","",50000,1,"","",1,1,1,1,"","","","","","","","","","",2,1,"","","","","","","","","","","","","","","","","","","","","","","","","","","","","","","","","","","","","","","","","","","","","","","","","","","","","",""
"35049001","CANCALE",48.711667,-1.843333,40,1981111721,"","","","",6.,1,240,1,"","","","","","","","","","","","","","","","","","","","","","","","","","","","",9.6,1,7.4,1,"","","","","","","","","","","","","","","","","","","","","","","","","","",88,1,"","","","","","","","","","","","",10.5,1,1019.5,1,"","","","","","",0,1,"","",0,1,0,1,0,1,"","","","","","","","","","","","","","","","","","","","","","","","",40000,1,"","",0,1,"","","","","","","","","","","","",3,1,"","","","","","","","","","","","","","","","","","","","","","","","","","","","","","","","","","","","","","","","","","","","","","","","","","","","","",""
"35049001","CANCALE",48.711667,-1.843333,40,1981111800,"","","","",8.,1,200,1,"","","","","","","","","","","","","","","","","","","","","","","","","","","","",8.3,1,6.3,1,"","","","","","","","","","","","","","","","","","","","","","","","","","",89,1,"","","","","","","","","","","","",9.7,1,1019.2,1,"","","","","","",1,1,0,1,0,1,0,1,1,1,"","","","","","","","","","","","","","","","","","","","","","","","",35000,1,"","",0,1,"","","","","","","","","","","","",3,1,"","","","","","","","","","","","","","","","","","","","","","","","","","","","","","","","","","","","","","","","","","","","","","","","","","","","","",""
"35049001","CANCALE",48.711667,-1.843333,40,1981111803,"","","","",6.,1,180,1,"","","","","","","","","","","","","","","","","","","","","","","","","","","","",8.6,1,6.6,1,"","","","","","","","","","","","","","","","","","","","","","","","","","",89,1,"","","","","","","","","","","","",9.9,1,1018.4,1,"","","","","","",7,1,7,1,5,1,"","","","","","","","","","","","","","","","","","","","","","","","","","","","",40000,1,"","",0,1,"","","","","","","","","","","","",3,1,"","","","","","","","","","","","","","","","","","","","","","","","","","","","","","","","","","","","","","","","","","","","","","","","","","","","","",""
"35049001","CANCALE",48.711667,-1.843333,40,1981111806,"","","","",6.,1,160,1,"","","","","","","","","","","","","","","","","","","","","","","","","","","","",9.2,1,7.7,1,"","","","","","","","","","","","","","","","","","","","","","","","","","",92,1,"","","","","","","","","","","","",10.7,1,1017.2,1,"","","","","","",8,1,8,1,5,1,"","","","","","","","","","","","","","","","","","","","","","","","","","","","",35000,1,"","",0,1,"","","","",0,1,"","","","","","",3,1,"","","","","","","","","","","","","","","","","","","","","","","","","","","","","","","","","","","","","","","","","","","","","","","","","","","","","",""
"35049001","CANCALE",48.711667,-1.843333,40,1981111809,"","","","",6.,1,180,1,"","","","","","","","","","","","","","","","","","","","","","","","","","","","",10.4,1,8.9,1,"","","","","","","","","","","","","","","","","","","","","","","","","","",92,1,"","","","","","","","","","","","",11.6,1,1016.7,1,"","","","","","",8,1,8,1,5,1,"","","","","","","","","","","","","","","","","","","","","","","","","","","","",20000,1,"","",2,1,2,1,"","","","","","","","","","",3,1,"","","","","","","","","","","","","","","","","","","","","","","","","","","","","","","","","","","","","","","","","","","","","","","","","","","","","",""
"35049001","CANCALE",48.711667,-1.843333,40,1981111812,"","","","",6.,1,180,1,"","","","","","","","","","","","","","","","","","","","","","","","","","","","",13.6,1,11.1,1,"","","","","","","","","","","","","","","","","","","","","","","","","","",87,1,"","","","","","","","","","","","",13.5,1,1015.2,1,"","","","","","",8,1,8,1,8,1,"","","","","","","","","","","","","","","","","","","","","","","","","","","","",25000,1,"","",2,1,2,1,"","","","","","","","","","",3,1,"","","","","","","","","","","","","","","","","","","","","","","","","","","","","","","","","","","","","","","","","","","","","","","","","","","","","",""
"35049001","CANCALE",48.711667,-1.843333,40,1981111815,"","","","",9.,1,220,1,"","","","","","","","","","","","","","","","","","","","","","","","","","","","",14.,1,10.6,1,"","","","","","","","","","","","","","","","","","","","","","","","","","",82,1,"","","","","","","","","","","","",13.1,1,1014.3,1,"","","","","","",8,1,8,1,8,1,"","","","","","","","","","","","","","","","","","","","","","","","","","","","",20000,1,"","",2,1,2,1,"","","","","","","","","","",3,1,"","","","","","","","","","","","","","","","","","","","","","","","","","","","","","","","","","","","","","","","","","","","","","","","","","","","","",""
"35049001","CANCALE",48.711667,-1.843333,40,1981111818,"","","","",7.,1,200,1,"","","","","","","","","","","","","","","","","","","","","","","","","","","","",13.8,1,10.8,1,"","","","","","","","","","","","","","","","","","","","","","","","","","",84,1,"","","","","","","","","","","","",13.3,1,1014.8,1,"","","","","","",8,1,8,1,8,1,"","","","","","","","","","","","","","","","","","","","","","","","","","","","",25000,1,"","",2,1,6,1,"","","","","","","","","","",4,1,"","","","","","","","","","","","","","","","","","","","","","","","","","","","","","","","","","","","","","","","","","","","","","","","","","","","","",""
"35049001","CANCALE",48.711667,-1.843333,40,1981111821,"","","","",7.,1,220,1,"","","","","","","","","","","","","","","","","","","","","","","","","","","","",13.8,1,10.8,1,"","","","","","","","","","","","","","","","","","","","","","","","","","",84,1,"","","","","","","","","","","","",13.3,1,1014.8,1,"","","","","","",8,1,8,1,8,1,"","","","","","","","","","","","","","","","","","","","","","","","","","","","",18000,1,"","",0,1,"","","","","","","","","","","","",4,1,"","","","","","","","","","","","","","","","","","","","","","","","","","","","","","","","","","","","","","","","","","","","","","","","","","","","","",""
"35049001","CANCALE",48.711667,-1.843333,40,1981111900,"","","","",9.,1,220,1,"","","","","","","","","","","","","","","","","","","","","","","","","","","","",13.2,1,12.,1,"","","","","","","","","","","","","","","","","","","","","","","","","","",95,1,"","","","","","","","","","","","",14.4,1,1015.4,1,"","","","","","",8,1,8,1,8,1,"","","","","","","","","","","","","","","","","","","","","","","","","","","","",30000,1,"","",0,1,"","","","","","","","","","","","",4,1,"","","","","","","","","","","","","","","","","","","","","","","","","","","","","","","","","","","","","","","","","","","","","","","","","","","","","",""
"35049001","CANCALE",48.711667,-1.843333,40,1981111903,"","","","",8.,1,220,1,"","","","","","","","","","","","","","","","","","","","","","","","","","","","",13.,1,11.2,1,"","","","","","","","","","","","","","","","","","","","","","","","","","",91,1,"","","","","","","","","","","","",13.6,1,1015.6,1,"","","","","","",8,1,8,1,8,1,"","","","","","","","","","","","","","","","","","","","","","","","","","","","",30000,1,"","",0,1,"","","","","","","","","","","","",4,1,"","","","","","","","","","","","","","","","","","","","","","","","","","","","","","","","","","","","","","","","","","","","","","","","","","","","","",""
"35049001","CANCALE",48.711667,-1.843333,40,1981111906,"","","","",7.,1,220,1,"","","","","","","","","","","","","","","","","","","","","","","","","","","","",13.,1,11.2,1,"","","","","","","","","","","","","","","","","","","","","","","","","","",91,1,"","","","","","","","","","","","",13.6,1,1017.9,1,"","","","","","",7,1,7,1,5,1,"","","","","","","","","","","","","","","","","","","","","","","","","","","","",25000,1,"","",0,1,"","","","",1,1,"","","","","","",3,1,"","","","","","","","","","","","","","","","","","","","","","","","","","","","","","","","","","","","","","","","","","","","","","","","","","","","","",""
"35049001","CANCALE",48.711667,-1.843333,40,1981111909,"","","","",5.,1,200,1,"","","","","","","","","","","","","","","","","","","","","","","","","","","","",13.,1,11.3,1,"","","","","","","","","","","","","","","","","","","","","","","","","","",92,1,"","","","","","","","","","","","",13.7,1,1019.6,1,"","","","","","",8,1,8,1,7,1,"","","","","","","","","","","","","","","","","","","","","","","","","","","","",5000,1,"","",50,1,5,1,"","","","","","","","","","",3,1,"","","","","","","","","","","","","","","","","","","","","","","","","","","","","","","","","","","","","","","","","","","","","","","","","","","","","",""
"35049001","CANCALE",48.711667,-1.843333,40,1981111912,"","","","",5.,1,220,1,"","","","","","","","","","","","","","","","","","","","","","","","","","","","",14.8,1,11.9,1,"","","","","","","","","","","","","","","","","","","","","","","","","","",85,1,"","","","","","","","","","","","",14.3,1,1020.8,1,"","","","","","",7,1,7,1,5,1,"","","","","","","","","","","","","","","","","","","","","","","","","","","","",15000,1,"","",2,1,6,1,"","","","","","","","","","",3,1,"","","","","","","","","","","","","","","","","","","","","","","","","","","","","","","","","","","","","","","","","","","","","","","","","","","","","",""
"35049001","CANCALE",48.711667,-1.843333,40,1981111915,"","","","",4.,1,220,1,"","","","","","","","","","","","","","","","","","","","","","","","","","","","",15.2,1,12.1,1,"","","","","","","","","","","","","","","","","","","","","","","","","","",84,1,"","","","","","","","","","","","",14.5,1,1020.6,1,"","","","","","",7,1,6,1,5,1,3,1,"","","","","","","","","","","","","","","","","","","","","","","","","","",15000,1,"","",2,1,2,1,"","","","","","","","","","",3,1,"","","","","","","","","","","","","","","","","","","","","","","","","","","","","","","","","","","","","","","","","","","","","","","","","","","","","",""
"35049001","CANCALE",48.711667,-1.843333,40,1981111918,"","","","",4.,1,160,1,"","","","","","","","","","","","","","","","","","","","","","","","","","","","",13.4,1,11.5,1,"","","","","","","","","","","","","","","","","","","","","","","","","","",91,1,"","","","","","","","","","","","",13.9,1,1020.8,1,"","","","","","",8,1,8,1,5,1,"","","","","","","","","","","","","","","","","","","","","","","","","","","","",25000,1,"","",21,1,2,1,"","","","","","","","","","",3,1,"","","","","","","","","","","","","","","","","","","","","","","","","","","","","","","","","","","","","","","","","","","","","","","","","","","","","",""
"35049001","CANCALE",48.711667,-1.843333,40,1981111921,"","","","",8.,1,160,1,"","","","","","","","","","","","","","","","","","","","","","","","","","","","",13.4,1,11.5,1,"","","","","","","","","","","","","","","","","","","","","","","","","","",91,1,"","","","","","","","","","","","",13.9,1,1020.,1,"","","","","","",8,1,8,1,7,1,"","","","","","","","","","","","","","","","","","","","","","","","","","","","",10000,1,"","",0,1,"","","","","","","","","","","","",3,1,"","","","","","","","","","","","","","","","","","","","","","","","","","","","","","","","","","","","","","","","","","","","","","","","","","","","","",""
"35049001","CANCALE",48.711667,-1.843333,40,1981112000,"","","","",8.,1,160,1,"","","","","","","","","","","","","","","","","","","","","","","","","","","","",13.3,1,9.1,1,"","","","","","","","","","","","","","","","","","","","","","","","","","",77,1,"","","","","","","","","","","","",11.8,1,1019.1,1,"","","","","","",3,1,0,1,5,1,0,1,0,1,"","","","","","","","","","","","","","","","","","","","","","","","",18000,1,"","",0,1,"","","","","","","","","","","","",4,1,"","","","","","","","","","","","","","","","","","","","","","","","","","","","","","","","","","","","","","","","","","","","","","","","","","","","","",""
"35049001","CANCALE",48.711667,-1.843333,40,1981112003,"","","","",11.,1,180,1,"","","","","","","","","","","","","","","","","","","","","","","","","","","","",13.8,1,9.8,1,"","","","","","","","","","","","","","","","","","","","","","","","","","",79,1,"","","","","","","","","","","","",12.4,1,1018.4,1,"","","","","","",6,1,5,1,0,1,3,1,1,1,"","","","","","","","","","","","","","","","","","","","","","","","",15000,1,"","",0,1,"","","","","","","","","","","","",4,1,"","","","","","","","","","","","","","","","","","","","","","","","","","","","","","","","","","","","","","","","","","","","","","","","","","","","","",""
"35049001","CANCALE",48.711667,-1.843333,40,1981112006,"","","","",8.,1,200,1,"","","","","","","","","","","","","","","","","","","","","","","","","","","","",14.,1,10.5,1,"","","","","","","","","","","","","","","","","","","","","","","","","","",81,1,"","","","","","","","","","","","",13.,1,1018.4,1,"","","","","","",6,1,6,1,5,1,0,1,0,1,"","","","","","","","","","","","","","","","","","","","","","","","",18000,1,"","",0,1,"","","","",1,1,"","","","","","",3,1,"","","","","","","","","","","","","","","","","","","","","","","","","","","","","","","","","","","","","","","","","","","","","","","","","","","","","",""
"35049001","CANCALE",48.711667,-1.843333,40,1981112009,"","","","",7.,1,180,1,"","","","","","","","","","","","","","","","","","","","","","","","","","","","",14.2,1,10.6,1,"","","","","","","","","","","","","","","","","","","","","","","","","","",81,1,"","","","","","","","","","","","",13.1,1,1019.6,1,"","","","","","",7,1,5,1,1,1,7,1,"","","","","","","","","","","","","","","","","","","","","","","","","","",10000,1,"","",2,1,2,1,"","","","","","","","","","",3,1,"","","","","","","","","","","","","","","","","","","","","","","","","","","","","","","","","","","","","","","","","","","","","","","","","","","","","",""
"35049001","CANCALE",48.711667,-1.843333,40,1981112012,"","","","",9.,1,180,1,"","","","","","","","","","","","","","","","","","","","","","","","","","","","",18.,1,11.9,1,"","","","","","","","","","","","","","","","","","","","","","","","","","",69,1,"","","","","","","","","","","","",14.3,1,1019.,1,"","","","","","",7,1,6,1,1,1,3,1,1,1,"","","","","","","","","","","","","","","","","","","","","","","","",10000,1,"","",2,1,2,1,"","","","","","","","","","",3,1,"","","","","","","","","","","","","","","","","","","","","","","","","","","","","","","","","","","","","","","","","","","","","","","","","","","","","",""
"35049001","CANCALE",48.711667,-1.843333,40,1981112015,"","","","",7.,1,180,1,"","","","","","","","","","","","","","","","","","","","","","","","","","","","",17.7,1,12.3,1,"","","","","","","","","","","","","","","","","","","","","","","","","","",73,1,"","","","","","","","","","","","",14.7,1,1019.5,1,"","","","","","",5,1,5,1,0,1,7,1,0,1,"","","","","","","","","","","","","","","","","","","","","","","","",9000,1,"","",2,1,1,1,"","","","","","","","","","",3,1,"","","","","","","","","","","","","","","","","","","","","","","","","","","","","","","","","","","","","","","","","","","","","","","","","","","","","",""
"35049001","CANCALE",48.711667,-1.843333,40,1981112018,"","","","",7.,1,220,1,"","","","","","","","","","","","","","","","","","","","","","","","","","","","",14.3,1,11.5,1,"","","","","","","","","","","","","","","","","","","","","","","","","","",86,1,"","","","","","","","","","","","",13.9,1,1021.2,1,"","","","","","",0,1,"","",0,1,0,1,0,1,"","","","","","","","","","","","","","","","","","","","","","","","",10000,1,"","",2,1,1,1,"","","","","","","","","","",3,1,"","","","","","","","","","","","","","","","","","","","","","","","","","","","","","","","","","","","","","","","","","","","","","","","","","","","","",""
"35049001","CANCALE",48.711667,-1.843333,40,1981112021,"","","","",4.,1,180,1,"","","","","","","","","","","","","","","","","","","","","","","","","","","","",14.2,1,11.8,1,"","","","","","","","","","","","","","","","","","","","","","","","","","",88,1,"","","","","","","","","","","","",14.2,1,1022.4,1,"","","","","","",7,1,7,1,0,1,7,1,"","","","","","","","","","","","","","","","","","","","","","","","","","",10000,1,"","",0,1,"","","","","","","","","","","","",3,1,"","","","","","","","","","","","","","","","","","","","","","","","","","","","","","","","","","","","","","","","","","","","","","","","","","","","","",""
"35049001","CANCALE",48.711667,-1.843333,40,1981112100,"","","","",6.,1,180,1,"","","","","","","","","","","","","","","","","","","","","","","","","","","","",13.9,1,11.9,1,"","","","","","","","","","","","","","","","","","","","","","","","","","",90,1,"","","","","","","","","","","","",14.3,1,1023.8,1,"","","","","","",7,1,7,1,0,1,7,1,"","","","","","","","","","","","","","","","","","","","","","","","","","",8000,1,"","",0,1,"","","","","","","","","","","","",3,1,"","","","","","","","","","","","","","","","","","","","","","","","","","","","","","","","","","","","","","","","","","","","","","","","","","","","","",""
"35049001","CANCALE",48.711667,-1.843333,40,1981112103,"","","","",8.,1,180,1,"","","","","","","","","","","","","","","","","","","","","","","","","","","","",13.6,1,11.6,1,"","","","","","","","","","","","","","","","","","","","","","","","","","",90,1,"","","","","","","","","","","","",14.,1,1024.,1,"","","","","","",8,1,5,1,5,1,7,1,"","","","","","","","","","","","","","","","","","","","","","","","","","",10000,1,"","",0,1,"","","","","","","","","","","","",3,1,"","","","","","","","","","","","","","","","","","","","","","","","","","","","","","","","","","","","","","","","","","","","","","","","","","","","","",""
"35049001","CANCALE",48.711667,-1.843333,40,1981112106,"","","","",7.,1,160,1,"","","","","","","","","","","","","","","","","","","","","","","","","","","","",12.8,1,11.7,1,"","","","","","","","","","","","","","","","","","","","","","","","","","",96,1,"","","","","","","","","","","","",14.1,1,1024.8,1,"","","","","","",7,1,7,1,5,1,"","","","","","","","","","","","","","","","","","","","","","","","","","","","",10000,1,"","",0,1,"","","","",0,1,"","","","","","",3,1,"","","","","","","","","","","","","","","","","","","","","","","","","","","","","","","","","","","","","","","","","","","","","","","","","","","","","",""
"35049001","CANCALE",48.711667,-1.843333,40,1981112109,"","","","",6.,1,160,1,"","","","","","","","","","","","","","","","","","","","","","","","","","","","",13.7,1,12.4,1,"","","","","","","","","","","","","","","","","","","","","","","","","","",94,1,"","","","","","","","","","","","",14.8,1,1025.6,1,"","","","","","",8,1,8,1,5,1,"","","","","","","","","","","","","","","","","","","","","","","","","","","","",5000,1,"","",2,1,2,1,"","","","","","","","","","",3,1,"","","","","","","","","","","","","","","","","","","","","","","","","","","","","","","","","","","","","","","","","","","","","","","","","","","","","",""
"35049001","CANCALE",48.711667,-1.843333,40,1981112112,"","","","",6.,1,180,1,"","","","","","","","","","","","","","","","","","","","","","","","","","","","",15.4,1,12.6,1,"","","","","","","","","","","","","","","","","","","","","","","","","","",86,1,"","","","","","","","","","","","",15.,1,1026.4,1,"","","","","","",8,1,8,1,5,1,"","","","","","","","","","","","","","","","","","","","","","","","","","","","",15000,1,"","",2,1,2,1,"","","","","","","","","","",3,1,"","","","","","","","","","","","","","","","","","","","","","","","","","","","","","","","","","","","","","","","","","","","","","","","","","","","","",""
"35049001","CANCALE",48.711667,-1.843333,40,1981112115,"","","","",5.,1,200,1,"","","","","","","","","","","","","","","","","","","","","","","","","","","","",15.4,1,12.5,1,"","","","","","","","","","","","","","","","","","","","","","","","","","",85,1,"","","","","","","","","","","","",14.9,1,1026.4,1,"","","","","","",8,1,8,1,5,1,"","","","","","","","","","","","","","","","","","","","","","","","","","","","",12000,1,"","",2,1,2,1,"","","","","","","","","","",3,1,"","","","","","","","","","","","","","","","","","","","","","","","","","","","","","","","","","","","","","","","","","","","","","","","","","","","","",""
"35049001","CANCALE",48.711667,-1.843333,40,1981112118,"","","","",5.,1,180,1,"","","","","","","","","","","","","","","","","","","","","","","","","","","","",14.9,1,12.1,1,"","","","","","","","","","","","","","","","","","","","","","","","","","",86,1,"","","","","","","","","","","","",14.5,1,1027.,1,"","","","","","",8,1,8,1,5,1,"","","","","","","","","","","","","","","","","","","","","","","","","","","","",15000,1,"","",2,1,2,1,"","","","","","","","","","",3,1,"","","","","","","","","","","","","","","","","","","","","","","","","","","","","","","","","","","","","","","","","","","","","","","","","","","","","",""
"35049001","CANCALE",48.711667,-1.843333,40,1981112121,"","","","",6.,1,200,1,"","","","","","","","","","","","","","","","","","","","","","","","","","","","",14.,1,12.,1,"","","","","","","","","","","","","","","","","","","","","","","","","","",90,1,"","","","","","","","","","","","",14.4,1,1027.1,1,"","","","","","",8,1,8,1,5,1,"","","","","","","","","","","","","","","","","","","","","","","","","","","","",15000,1,"","",0,1,"","","","","","","","","","","","",3,1,"","","","","","","","","","","","","","","","","","","","","","","","","","","","","","","","","","","","","","","","","","","","","","","","","","","","","",""
"35049001","CANCALE",48.711667,-1.843333,40,1981112200,"","","","",5.,1,180,1,"","","","","","","","","","","","","","","","","","","","","","","","","","","","",13.2,1,11.5,1,"","","","","","","","","","","","","","","","","","","","","","","","","","",92,1,"","","","","","","","","","","","",13.9,1,1027.1,1,"","","","","","",8,1,8,1,5,1,"","","","","","","","","","","","","","","","","","","","","","","","","","","","",15000,1,"","",0,1,"","","","","","","","","","","","",3,1,"","","","","","","","","","","","","","","","","","","","","","","","","","","","","","","","","","","","","","","","","","","","","","","","","","","","","",""
"35049001","CANCALE",48.711667,-1.843333,40,1981112203,"","","","",6.,1,160,1,"","","","","","","","","","","","","","","","","","","","","","","","","","","","",13.,1,11.1,1,"","","","","","","","","","","","","","","","","","","","","","","","","","",90,1,"","","","","","","","","","","","",13.5,1,1027.1,1,"","","","","","",8,1,8,1,5,1,"","","","","","","","","","","","","","","","","","","","","","","","","","","","",15000,1,"","",0,1,"","","","","","","","","","","","",3,1,"","","","","","","","","","","","","","","","","","","","","","","","","","","","","","","","","","","","","","","","","","","","","","","","","","","","","",""
"35049001","CANCALE",48.711667,-1.843333,40,1981112206,"","","","",5.,1,160,1,"","","","","","","","","","","","","","","","","","","","","","","","","","","","",12.2,1,11.1,1,"","","","","","","","","","","","","","","","","","","","","","","","","","",96,1,"","","","","","","","","","","","",13.5,1,1027.1,1,"","","","","","",8,1,8,1,5,1,"","","","","","","","","","","","","","","","","","","","","","","","","","","","",10000,1,"","",0,1,"","","","",0,1,"","","","","","",2,1,"","","","","","","","","","","","","","","","","","","","","","","","","","","","","","","","","","","","","","","","","","","","","","","","","","","","","",""
"35049001","CANCALE",48.711667,-1.843333,40,1981112209,"","","","",5.,1,160,1,"","","","","","","","","","","","","","","","","","","","","","","","","","","","",12.2,1,11.1,1,"","","","","","","","","","","","","","","","","","","","","","","","","","",96,1,"","","","","","","","","","","","",13.5,1,1027.4,1,"","","","","","",8,1,8,1,5,1,"","","","","","","","","","","","","","","","","","","","","","","","","","","","",3000,1,"","",10,1,2,1,"","","","","","","","","","",2,1,"","","","","","","","","","","","","","","","","","","","","","","","","","","","","","","","","","","","","","","","","","","","","","","","","","","","","",""
"35049001","CANCALE",48.711667,-1.843333,40,1981112212,"","","","",4.,1,180,1,"","","","","","","","","","","","","","","","","","","","","","","","","","","","",13.4,1,11.2,1,"","","","","","","","","","","","","","","","","","","","","","","","","","",88,1,"","","","","","","","","","","","",13.6,1,1026.8,1,"","","","","","",8,1,8,1,5,1,"","","","","","","","","","","","","","","","","","","","","","","","","","","","",4000,1,"","",10,1,2,1,"","","","","","","","","","",2,1,"","","","","","","","","","","","","","","","","","","","","","","","","","","","","","","","","","","","","","","","","","","","","","","","","","","","","",""
"35049001","CANCALE",48.711667,-1.843333,40,1981112215,"","","","",5.,1,160,1,"","","","","","","","","","","","","","","","","","","","","","","","","","","","",14.,1,10.3,1,"","","","","","","","","","","","","","","","","","","","","","","","","","",80,1,"","","","","","","","","","","","",12.8,1,1025.6,1,"","","","","","",7,1,7,1,5,1,"","","","","","","","","","","","","","","","","","","","","","","","","","","","",8000,1,"","",2,1,2,1,"","","","","","","","","","",2,1,"","","","","","","","","","","","","","","","","","","","","","","","","","","","","","","","","","","","","","","","","","","","","","","","","","","","","",""
"35049001","CANCALE",48.711667,-1.843333,40,1981112218,"","","","",5.,1,160,1,"","","","","","","","","","","","","","","","","","","","","","","","","","","","",11.2,1,10.1,1,"","","","","","","","","","","","","","","","","","","","","","","","","","",95,1,"","","","","","","","","","","","",12.6,1,1025.1,1,"","","","","","",8,1,8,1,5,1,"","","","","","","","","","","","","","","","","","","","","","","","","","","","",8000,1,"","",2,1,2,1,"","","","","","","","","","",2,1,"","","","","","","","","","","","","","","","","","","","","","","","","","","","","","","","","","","","","","","","","","","","","","","","","","","","","",""
"35049001","CANCALE",48.711667,-1.843333,40,1981112221,"","","","",6.,1,160,1,"","","","","","","","","","","","","","","","","","","","","","","","","","","","",9.4,1,8.7,1,"","","","","","","","","","","","","","","","","","","","","","","","","","",97,1,"","","","","","","","","","","","",11.5,1,1024.7,1,"","","","","","",8,1,8,1,5,1,"","","","","","","","","","","","","","","","","","","","","","","","","","","","",3000,1,"","",10,1,"","","","","","","","","","","","",2,1,"","","","","","","","","","","","","","","","","","","","","","","","","","","","","","","","","","","","","","","","","","","","","","","","","","","","","",""
"35049001","CANCALE",48.711667,-1.843333,40,1981112300,"","","","",8.,1,140,1,"","","","","","","","","","","","","","","","","","","","","","","","","","","","",9.4,1,8.7,1,"","","","","","","","","","","","","","","","","","","","","","","","","","",97,1,"","","","","","","","","","","","",11.5,1,1022.3,1,"","","","","","",8,1,8,1,5,1,"","","","","","","","","","","","","","","","","","","","","","","","","","","","",3000,1,"","",10,1,"","","","","","","","","","","","",3,1,"","","","","","","","","","","","","","","","","","","","","","","","","","","","","","","","","","","","","","","","","","","","","","","","","","","","","",""
"35049001","CANCALE",48.711667,-1.843333,40,1981112303,"","","","",8.,1,140,1,"","","","","","","","","","","","","","","","","","","","","","","","","","","","",9.4,1,8.7,1,"","","","","","","","","","","","","","","","","","","","","","","","","","",97,1,"","","","","","","","","","","","",11.5,1,1019.6,1,"","","","","","",8,1,8,1,5,1,"","","","","","","","","","","","","","","","","","","","","","","","","","","","",2000,1,"","",10,1,"","","","","","","","","","","","",3,1,"","","","","","","","","","","","","","","","","","","","","","","","","","","","","","","","","","","","","","","","","","","","","","","","","","","","","",""
"35049001","CANCALE",48.711667,-1.843333,40,1981112306,"","","","",5.,1,260,1,"","","","","","","","","","","","","","","","","","","","","","","","","","","","",9.2,1,8.5,1,"","","","","","","","","","","","","","","","","","","","","","","","","","",97,1,"","","","","","","","","","","","",11.3,1,1018.6,1,"","","","","","",8,1,8,1,5,1,"","","","","","","","","","","","","","","","","","","","","","","","","","","","",3000,1,"","",10,1,"","","","",0,1,"","","","","","",3,1,"","","","","","","","","","","","","","","","","","","","","","","","","","","","","","","","","","","","","","","","","","","","","","","","","","","","","",""
"35049001","CANCALE",48.711667,-1.843333,40,1981112309,"","","","",7.,1,160,1,"","","","","","","","","","","","","","","","","","","","","","","","","","","","",9.2,1,8.5,1,"","","","","","","","","","","","","","","","","","","","","","","","","","",97,1,"","","","","","","","","","","","",11.3,1,1017.2,1,"","","","","","",7,1,7,1,6,1,"","","","","","","","","","","","","","","","","","","","","","","","","","","","",2000,1,"","",10,1,2,1,"","","","","","","","","","",3,1,"","","","","","","","","","","","","","","","","","","","","","","","","","","","","","","","","","","","","","","","","","","","","","","","","","","","","",""
"35049001","CANCALE",48.711667,-1.843333,40,1981112312,"","","","",9.,1,200,1,"","","","","","","","","","","","","","","","","","","","","","","","","","","","",13.,1,10.7,1,"","","","","","","","","","","","","","","","","","","","","","","","","","",88,1,"","","","","","","","","","","","",13.2,1,1015.8,1,"","","","","","",7,1,7,1,5,1,"","","","","","","","","","","","","","","","","","","","","","","","","","","","",5000,1,"","",2,1,6,1,"","","","","","","","","","",4,1,"","","","","","","","","","","","","","","","","","","","","","","","","","","","","","","","","","","","","","","","","","","","","","","","","","","","","",""
"35049001","CANCALE",48.711667,-1.843333,40,1981112315,"","","","",11.,1,240,1,"","","","","","","","","","","","","","","","","","","","","","","","","","","","",14.3,1,12.4,1,"","","","","","","","","","","","","","","","","","","","","","","","","","",91,1,"","","","","","","","","","","","",14.8,1,1014.8,1,"","","","","","",8,1,8,1,7,1,"","","","","","","","","","","","","","","","","","","","","","","","","","","","",6000,1,"","",60,1,6,1,"","","","","","","","","","",4,1,"","","","","","","","","","","","","","","","","","","","","","","","","","","","","","","","","","","","","","","","","","","","","","","","","","","","","",""
"35049001","CANCALE",48.711667,-1.843333,40,1981112318,"","","","",14.,1,280,1,"","","","","","","","","","","","","","","","","","","","","","","","","","","","",11.3,1,9.6,1,"","","","","","","","","","","","","","","","","","","","","","","","","","",91,1,"","","","","","","","","","","","",12.2,1,1016.8,1,"","","","","","",8,1,8,1,7,1,7,1,"","","","","","","","","","","","","","","","","","","","","","","","","","",15000,1,"","",60,1,6,1,"","","","","","","","","","",5,1,"","","","","","","","","","","","","","","","","","","","","","","","","","","","","","","","","","","","","","","","","","","","","","","","","","","","","",""
"35049001","CANCALE",48.711667,-1.843333,40,1981112321,"","","","",11.,1,300,1,"","","","","","","","","","","","","","","","","","","","","","","","","","","","",9.8,1,4.5,1,"","","","","","","","","","","","","","","","","","","","","","","","","","",70,1,"","","","","","","","","","","","",8.5,1,1020.7,1,"","","","","","",0,1,"","",0,1,0,1,0,1,"","","","","","","","","","","","","","","","","","","","","","","","",30000,1,"","",0,1,"","","","","","","","","","","","",5,1,"","","","","","","","","","","","","","","","","","","","","","","","","","","","","","","","","","","","","","","","","","","","","","","","","","","","","",""
"35049001","CANCALE",48.711667,-1.843333,40,1981112400,"","","","",8.,1,280,1,"","","","","","","","","","","","","","","","","","","","","","","","","","","","",9.,1,3.3,1,"","","","","","","","","","","","","","","","","","","","","","","","","","",68,1,"","","","","","","","","","","","",7.8,1,1023.,1,"","","","","","",1,1,0,1,5,1,0,1,0,1,"","","","","","","","","","","","","","","","","","","","","","","","",35000,1,"","",0,1,"","","","","","","","","","","","",4,1,"","","","","","","","","","","","","","","","","","","","","","","","","","","","","","","","","","","","","","","","","","","","","","","","","","","","","",""
"35049001","CANCALE",48.711667,-1.843333,40,1981112403,"","","","",6.,1,260,1,"","","","","","","","","","","","","","","","","","","","","","","","","","","","",9.,1,3.3,1,"","","","","","","","","","","","","","","","","","","","","","","","","","",68,1,"","","","","","","","","","","","",7.8,1,1023.4,1,"","","","","","",1,1,0,1,5,1,0,1,0,1,"","","","","","","","","","","","","","","","","","","","","","","","",35000,1,"","",0,1,"","","","","","","","","","","","",3,1,"","","","","","","","","","","","","","","","","","","","","","","","","","","","","","","","","","","","","","","","","","","","","","","","","","","","","",""
"35049001","CANCALE",48.711667,-1.843333,40,1981112406,"","","","",9.,1,260,1,"","","","","","","","","","","","","","","","","","","","","","","","","","","","",9.4,1,4.8,1,"","","","","","","","","","","","","","","","","","","","","","","","","","",74,1,"","","","","","","","","","","","",8.7,1,1024.4,1,"","","","","","",2,1,0,1,5,1,0,1,0,1,"","","","","","","","","","","","","","","","","","","","","","","","",35000,1,"","",0,1,"","","","",0,1,"","","","","","",3,1,"","","","","","","","","","","","","","","","","","","","","","","","","","","","","","","","","","","","","","","","","","","","","","","","","","","","","",""
"35049001","CANCALE",48.711667,-1.843333,40,1981112409,"","","","",8.,1,260,1,"","","","","","","","","","","","","","","","","","","","","","","","","","","","",9.,1,5.4,1,"","","","","","","","","","","","","","","","","","","","","","","","","","",79,1,"","","","","","","","","","","","",9.1,1,1025.6,1,"","","","","","",6,1,5,1,5,1,3,1,0,1,"","","","","","","","","","","","","","","","","","","","","","","","",30000,1,"","",2,1,1,1,"","","","","","","","","","",3,1,"","","","","","","","","","","","","","","","","","","","","","","","","","","","","","","","","","","","","","","","","","","","","","","","","","","","","",""
"35049001","CANCALE",48.711667,-1.843333,40,1981112412,"","","","",9.,1,280,1,"","","","","","","","","","","","","","","","","","","","","","","","","","","","",9.4,1,6.6,1,"","","","","","","","","","","","","","","","","","","","","","","","","","",84,1,"","","","","","","","","","","","",9.9,1,1026.6,1,"","","","","","",7,1,7,1,8,1,"","","","","","","","","","","","","","","","","","","","","","","","","","","","",30000,1,"","",25,1,2,1,"","","","","","","","","","",3,1,"","","","","","","","","","","","","","","","","","","","","","","","","","","","","","","","","","","","","","","","","","","","","","","","","","","","","",""
"35049001","CANCALE",48.711667,-1.843333,40,1981112415,"","","","",8.,1,300,1,"","","","","","","","","","","","","","","","","","","","","","","","","","","","",10.,1,4.9,1,"","","","","","","","","","","","","","","","","","","","","","","","","","",72,1,"","","","","","","","","","","","",8.8,1,1026.,1,"","","","","","",6,1,6,1,8,1,0,1,0,1,"","","","","","","","","","","","","","","","","","","","","","","","",30000,1,"","",2,1,2,1,"","","","","","","","","","",3,1,"","","","","","","","","","","","","","","","","","","","","","","","","","","","","","","","","","","","","","","","","","","","","","","","","","","","","",""
"35049001","CANCALE",48.711667,-1.843333,40,1981112418,"","","","",7.,1,320,1,"","","","","","","","","","","","","","","","","","","","","","","","","","","","",8.6,1,3.4,1,"","","","","","","","","","","","","","","","","","","","","","","","","","",70,1,"","","","","","","","","","","","",7.9,1,1027.8,1,"","","","","","",4,1,0,1,8,1,0,1,0,1,"","","","","","","","","","","","","","","","","","","","","","","","",30000,1,"","",2,1,8,1,"","","","","","","","","","",3,1,"","","","","","","","","","","","","","","","","","","","","","","","","","","","","","","","","","","","","","","","","","","","","","","","","","","","","",""
"35049001","CANCALE",48.711667,-1.843333,40,1981112421,"","","","",9.,1,300,1,"","","","","","","","","","","","","","","","","","","","","","","","","","","","",8.4,1,1.,1,"","","","","","","","","","","","","","","","","","","","","","","","","","",60,1,"","","","","","","","","","","","",6.6,1,1029.8,1,"","","","","","",0,1,"","",0,1,0,1,0,1,"","","","","","","","","","","","","","","","","","","","","","","","",30000,1,"","",0,1,"","","","","","","","","","","","",3,1,"","","","","","","","","","","","","","","","","","","","","","","","","","","","","","","","","","","","","","","","","","","","","","","","","","","","","",""
"35049001","CANCALE",48.711667,-1.843333,40,1981112500,"","","","",8.,1,300,1,"","","","","","","","","","","","","","","","","","","","","","","","","","","","",8.,1,-0.6,1,"","","","","","","","","","","","","","","","","","","","","","","","","","",54,1,"","","","","","","","","","","","",5.8,1,1030.8,1,"","","","","","",1,1,0,1,5,1,0,1,0,1,"","","","","","","","","","","","","","","","","","","","","","","","",35000,1,"","",0,1,"","","","","","","","","","","","",4,1,"","","","","","","","","","","","","","","","","","","","","","","","","","","","","","","","","","","","","","","","","","","","","","","","","","","","","",""
"35049001","CANCALE",48.711667,-1.843333,40,1981112503,"","","","",8.,1,300,1,"","","","","","","","","","","","","","","","","","","","","","","","","","","","",8.,1,0.4,1,"","","","","","","","","","","","","","","","","","","","","","","","","","",59,1,"","","","","","","","","","","","",6.3,1,1030.8,1,"","","","","","",3,1,0,1,5,1,0,1,0,1,"","","","","","","","","","","","","","","","","","","","","","","","",35000,1,"","",0,1,"","","","","","","","","","","","",4,1,"","","","","","","","","","","","","","","","","","","","","","","","","","","","","","","","","","","","","","","","","","","","","","","","","","","","","",""
"35049001","CANCALE",48.711667,-1.843333,40,1981112506,"","","","",6.,1,280,1,"","","","","","","","","","","","","","","","","","","","","","","","","","","","",8.4,1,-0.2,1,"","","","","","","","","","","","","","","","","","","","","","","","","","",60,1,"","","","","","","","","","","","",6.,1,1031.4,1,"","","","","","",6,1,6,1,5,1,0,1,0,1,"","","","","","","","","","","","","","","","","","","","","","","","",35000,1,"","",0,1,"","","","",0,1,"","","","","","",3,1,"","","","","","","","","","","","","","","","","","","","","","","","","","","","","","","","","","","","","","","","","","","","","","","","","","","","","",""
"35049001","CANCALE",48.711667,-1.843333,40,1981112509,"","","","",7.,1,240,1,"","","","","","","","","","","","","","","","","","","","","","","","","","","","",6.8,1,2.4,1,"","","","","","","","","","","","","","","","","","","","","","","","","","",74,1,"","","","","","","","","","","","",7.3,1,1032.6,1,"","","","","","",8,1,5,1,8,1,"","","","","","","","","","","","","","","","","","","","","","","","","","","","",30000,1,"","",2,1,2,1,"","","","","","","","","","",3,1,"","","","","","","","","","","","","","","","","","","","","","","","","","","","","","","","","","","","","","","","","","","","","","","","","","","","","",""
"35049001","CANCALE",48.711667,-1.843333,40,1981112512,"","","","",9.,1,240,1,"","","","","","","","","","","","","","","","","","","","","","","","","","","","",8.4,1,2.7,1,"","","","","","","","","","","","","","","","","","","","","","","","","","",68,1,"","","","","","","","","","","","",7.5,1,1032.7,1,"","","","","","",7,1,7,1,5,1,7,1,"","","","","","","","","","","","","","","","","","","","","","","","","","",30000,1,"","",2,1,2,1,"","","","","","","","","","",3,1,"","","","","","","","","","","","","","","","","","","","","","","","","","","","","","","","","","","","","","","","","","","","","","","","","","","","","",""
"35049001","CANCALE",48.711667,-1.843333,40,1981112515,"","","","",8.,1,240,1,"","","","","","","","","","","","","","","","","","","","","","","","","","","","",8.4,1,2.7,1,"","","","","","","","","","","","","","","","","","","","","","","","","","",68,1,"","","","","","","","","","","","",7.5,1,1032.,1,"","","","","","",7,1,7,1,5,1,3,1,"","","","","","","","","","","","","","","","","","","","","","","","","","",35000,1,"","",2,1,2,1,"","","","","","","","","","",3,1,"","","","","","","","","","","","","","","","","","","","","","","","","","","","","","","","","","","","","","","","","","","","","","","","","","","","","",""
"35049001","CANCALE",48.711667,-1.843333,40,1981112518,"","","","",6.,1,240,1,"","","","","","","","","","","","","","","","","","","","","","","","","","","","",7.4,1,2.4,1,"","","","","","","","","","","","","","","","","","","","","","","","","","",71,1,"","","","","","","","","","","","",7.3,1,1032.6,1,"","","","","","",6,1,6,1,5,1,0,1,0,1,"","","","","","","","","","","","","","","","","","","","","","","","",30000,1,"","",2,1,2,1,"","","","","","","","","","",3,1,"","","","","","","","","","","","","","","","","","","","","","","","","","","","","","","","","","","","","","","","","","","","","","","","","","","","","",""
"35049001","CANCALE",48.711667,-1.843333,40,1981112521,"","","","",7.,1,220,1,"","","","","","","","","","","","","","","","","","","","","","","","","","","","",7.3,1,2.4,1,"","","","","","","","","","","","","","","","","","","","","","","","","","",72,1,"","","","","","","","","","","","",7.3,1,1032.6,1,"","","","","","",3,1,0,1,2,1,0,1,0,1,"","","","","","","","","","","","","","","","","","","","","","","","",30000,1,"","",0,1,"","","","","","","","","","","","",3,1,"","","","","","","","","","","","","","","","","","","","","","","","","","","","","","","","","","","","","","","","","","","","","","","","","","","","","",""
"35049001","CANCALE",48.711667,-1.843333,40,1981112600,"","","","",8.,1,180,1,"","","","","","","","","","","","","","","","","","","","","","","","","","","","",6.7,1,2.7,1,"","","","","","","","","","","","","","","","","","","","","","","","","","",77,1,"","","","","","","","","","","","",7.5,1,1032.2,1,"","","","","","",3,1,0,1,5,1,0,1,0,1,"","","","","","","","","","","","","","","","","","","","","","","","",30000,1,"","",0,1,"","","","","","","","","","","","",3,1,"","","","","","","","","","","","","","","","","","","","","","","","","","","","","","","","","","","","","","","","","","","","","","","","","","","","","",""
"35049001","CANCALE",48.711667,-1.843333,40,1981112603,"","","","",8.,1,180,1,"","","","","","","","","","","","","","","","","","","","","","","","","","","","",5.5,1,2.9,1,"","","","","","","","","","","","","","","","","","","","","","","","","","",85,1,"","","","","","","","","","","","",7.6,1,1031.3,1,"","","","","","",4,1,0,1,5,1,0,1,0,1,"","","","","","","","","","","","","","","","","","","","","","","","",28000,1,"","",0,1,"","","","","","","","","","","","",3,1,"","","","","","","","","","","","","","","","","","","","","","","","","","","","","","","","","","","","","","","","","","","","","","","","","","","","","",""
"35049001","CANCALE",48.711667,-1.843333,40,1981112606,"","","","",7.,1,220,1,"","","","","","","","","","","","","","","","","","","","","","","","","","","","",6.2,1,3.3,1,"","","","","","","","","","","","","","","","","","","","","","","","","","",82,1,"","","","","","","","","","","","",7.8,1,1031.,1,"","","","","","",6,1,6,1,5,1,0,1,0,1,"","","","","","","","","","","","","","","","","","","","","","","","",20000,1,"","",0,1,"","","","",0,1,"","","","","","",3,1,"","","","","","","","","","","","","","","","","","","","","","","","","","","","","","","","","","","","","","","","","","","","","","","","","","","","","",""
"35049001","CANCALE",48.711667,-1.843333,40,1981112609,"","","","",6.,1,160,1,"","","","","","","","","","","","","","","","","","","","","","","","","","","","",6.5,1,4.3,1,"","","","","","","","","","","","","","","","","","","","","","","","","","",86,1,"","","","","","","","","","","","",8.4,1,1030.4,1,"","","","","","",8,1,8,1,5,1,"","","","","","","","","","","","","","","","","","","","","","","","","","","","",18000,1,"","",2,1,2,1,"","","","","","","","","","",3,1,"","","","","","","","","","","","","","","","","","","","","","","","","","","","","","","","","","","","","","","","","","","","","","","","","","","","","",""
"35049001","CANCALE",48.711667,-1.843333,40,1981112612,"","","","",7.,1,220,1,"","","","","","","","","","","","","","","","","","","","","","","","","","","","",10.1,1,6.9,1,"","","","","","","","","","","","","","","","","","","","","","","","","","",82,1,"","","","","","","","","","","","",10.1,1,1029.9,1,"","","","","","",8,1,8,1,5,1,"","","","","","","","","","","","","","","","","","","","","","","","","","","","",18000,1,"","",2,1,2,1,"","","","","","","","","","",3,1,"","","","","","","","","","","","","","","","","","","","","","","","","","","","","","","","","","","","","","","","","","","","","","","","","","","","","",""
"35049001","CANCALE",48.711667,-1.843333,40,1981112615,"","","","",5.,1,220,1,"","","","","","","","","","","","","","","","","","","","","","","","","","","","",11.3,1,7.3,1,"","","","","","","","","","","","","","","","","","","","","","","","","","",78,1,"","","","","","","","","","","","",10.4,1,1028.3,1,"","","","","","",7,1,7,1,5,1,"","","","","","","","","","","","","","","","","","","","","","","","","","","","",20000,1,"","",2,1,2,1,"","","","","","","","","","",3,1,"","","","","","","","","","","","","","","","","","","","","","","","","","","","","","","","","","","","","","","","","","","","","","","","","","","","","",""
"35049001","CANCALE",48.711667,-1.843333,40,1981112618,"","","","",6.,1,180,1,"","","","","","","","","","","","","","","","","","","","","","","","","","","","",9.5,1,6.7,1,"","","","","","","","","","","","","","","","","","","","","","","","","","",84,1,"","","","","","","","","","","","",10.,1,1027.7,1,"","","","","","",4,1,0,1,5,1,0,1,0,1,"","","","","","","","","","","","","","","","","","","","","","","","",25000,1,"","",2,1,1,1,"","","","","","","","","","",3,1,"","","","","","","","","","","","","","","","","","","","","","","","","","","","","","","","","","","","","","","","","","","","","","","","","","","","","",""
"35049001","CANCALE",48.711667,-1.843333,40,1981112621,"","","","",6.,1,160,1,"","","","","","","","","","","","","","","","","","","","","","","","","","","","",9.7,1,6.9,1,"","","","","","","","","","","","","","","","","","","","","","","","","","",84,1,"","","","","","","","","","","","",10.1,1,1026.1,1,"","","","","","",8,1,8,1,5,1,"","","","","","","","","","","","","","","","","","","","","","","","","","","","",25000,1,"","",0,1,"","","","","","","","","","","","",3,1,"","","","","","","","","","","","","","","","","","","","","","","","","","","","","","","","","","","","","","","","","","","","","","","","","","","","","",""
"35049001","CANCALE",48.711667,-1.843333,40,1981112700,"","","","",6.,1,160,1,"","","","","","","","","","","","","","","","","","","","","","","","","","","","",9.9,1,7.3,1,"","","","","","","","","","","","","","","","","","","","","","","","","","",86,1,"","","","","","","","","","","","",10.4,1,1022.4,1,"","","","","","",8,1,8,1,5,1,"","","","","","","","","","","","","","","","","","","","","","","","","","","","",25000,1,"","",0,1,"","","","","","","","","","","","",3,1,"","","","","","","","","","","","","","","","","","","","","","","","","","","","","","","","","","","","","","","","","","","","","","","","","","","","","",""
"35049001","CANCALE",48.711667,-1.843333,40,1981112703,"","","","",10.,1,200,1,"","","","","","","","","","","","","","","","","","","","","","","","","","","","",11.7,1,8.6,1,"","","","","","","","","","","","","","","","","","","","","","","","","","",83,1,"","","","","","","","","","","","",11.4,1,1019.5,1,"","","","","","",8,1,8,1,5,1,"","","","","","","","","","","","","","","","","","","","","","","","","","","","",25000,1,"","",0,1,"","","","","","","","","","","","",4,1,"","","","","","","","","","","","","","","","","","","","","","","","","","","","","","","","","","","","","","","","","","","","","","","","","","","","","",""
"35049001","CANCALE",48.711667,-1.843333,40,1981112706,"","","","",9.,1,200,1,"","","","","","","","","","","","","","","","","","","","","","","","","","","","",11.8,1,10.7,1,"","","","","","","","","","","","","","","","","","","","","","","","","","",95,1,"","","","","","","","","","","","",13.2,1,1017.1,1,"","","","","","",8,1,8,1,8,1,"","","","","","","","","","","","","","","","","","","","","","","","","","","","",18000,1,"","",25,1,"","","","",1,1,"","","","","","",4,1,"","","","","","","","","","","","","","","","","","","","","","","","","","","","","","","","","","","","","","","","","","","","","","","","","","","","","",""
"35049001","CANCALE",48.711667,-1.843333,40,1981112709,"","","","",8.,1,240,1,"","","","","","","","","","","","","","","","","","","","","","","","","","","","",12.6,1,11.3,1,"","","","","","","","","","","","","","","","","","","","","","","","","","",94,1,"","","","","","","","","","","","",13.7,1,1016.4,1,"","","","","","",8,1,8,1,7,1,"","","","","","","","","","","","","","","","","","","","","","","","","","","","",18000,1,"","",21,1,6,1,"","","","","","","","","","",4,1,"","","","","","","","","","","","","","","","","","","","","","","","","","","","","","","","","","","","","","","","","","","","","","","","","","","","","",""
"35049001","CANCALE",48.711667,-1.843333,40,1981112712,"","","","",16.,1,260,1,"","","","","","","","","","","","","","","","","","","","","","","","","","","","",11.2,1,9.3,1,"","","","","","","","","","","","","","","","","","","","","","","","","","",90,1,"","","","","","","","","","","","",12.,1,1014.7,1,"","","","","","",8,1,8,1,7,1,"","","","","","","","","","","","","","","","","","","","","","","","","","","","",15000,1,"","",21,1,6,1,"","","","","","","","","","",4,1,"","","","","","","","","","","","","","","","","","","","","","","","","","","","","","","","","","","","","","","","","","","","","","","","","","","","","",""
"35049001","CANCALE",48.711667,-1.843333,40,1981112715,"","","","",22.,1,260,1,"","","","","","","","","","","","","","","","","","","","","","","","","","","","",11.6,1,7.3,1,"","","","","","","","","","","","","","","","","","","","","","","","","","",76,1,"","","","","","","","","","","","",10.4,1,1014.4,1,"","","","","","",5,1,5,1,3,1,0,1,0,1,"","","","","","","","","","","","","","","","","","","","","","","","",20000,1,"","",2,1,8,1,"","","","","","","","","","",5,1,"","","","","","","","","","","","","","","","","","","","","","","","","","","","","","","","","","","","","","","","","","","","","","","","","","","","","",""
"35049001","CANCALE",48.711667,-1.843333,40,1981112718,"","","","",17.,1,260,1,"","","","","","","","","","","","","","","","","","","","","","","","","","","","",11.,1,6.6,1,"","","","","","","","","","","","","","","","","","","","","","","","","","",75,1,"","","","","","","","","","","","",9.9,1,1016.9,1,"","","","","","",3,1,0,1,3,1,0,1,0,1,"","","","","","","","","","","","","","","","","","","","","","","","",20000,1,"","",2,1,8,1,"","","","","","","","","","",5,1,"","","","","","","","","","","","","","","","","","","","","","","","","","","","","","","","","","","","","","","","","","","","","","","","","","","","","",""
"35049001","CANCALE",48.711667,-1.843333,40,1981112721,"","","","",17.,1,260,1,"","","","","","","","","","","","","","","","","","","","","","","","","","","","",10.8,1,5.9,1,"","","","","","","","","","","","","","","","","","","","","","","","","","",73,1,"","","","","","","","","","","","",9.4,1,1017.3,1,"","","","","","",0,1,"","",0,1,0,1,0,1,"","","","","","","","","","","","","","","","","","","","","","","","",20000,1,"","",0,1,"","","","","","","","","","","","",5,1,"","","","","","","","","","","","","","","","","","","","","","","","","","","","","","","","","","","","","","","","","","","","","","","","","","","","","",""
"35049001","CANCALE",48.711667,-1.843333,40,1981112800,"","","","",13.,1,260,1,"","","","","","","","","","","","","","","","","","","","","","","","","","","","",10.,1,6.4,1,"","","","","","","","","","","","","","","","","","","","","","","","","","",80,1,"","","","","","","","","","","","",9.8,1,1018.7,1,"","","","","","",0,1,"","",0,1,0,1,0,1,"","","","","","","","","","","","","","","","","","","","","","","","",25000,1,"","",0,1,"","","","","","","","","","","","",5,1,"","","","","","","","","","","","","","","","","","","","","","","","","","","","","","","","","","","","","","","","","","","","","","","","","","","","","",""
"35049001","CANCALE",48.711667,-1.843333,40,1981112803,"","","","",15.,1,260,1,"","","","","","","","","","","","","","","","","","","","","","","","","","","","",10.2,1,5.3,1,"","","","","","","","","","","","","","","","","","","","","","","","","","",72,1,"","","","","","","","","","","","",9.,1,1018.1,1,"","","","","","",3,1,0,1,2,1,4,1,0,1,"","","","","","","","","","","","","","","","","","","","","","","","",30000,1,"","",0,1,"","","","","","","","","","","","",5,1,"","","","","","","","","","","","","","","","","","","","","","","","","","","","","","","","","","","","","","","","","","","","","","","","","","","","","",""
"35049001","CANCALE",48.711667,-1.843333,40,1981112806,"","","","",15.,1,260,1,"","","","","","","","","","","","","","","","","","","","","","","","","","","","",9.5,1,5.6,1,"","","","","","","","","","","","","","","","","","","","","","","","","","",78,1,"","","","","","","","","","","","",9.2,1,1017.1,1,"","","","","","",4,1,0,1,8,1,0,1,0,1,"","","","","","","","","","","","","","","","","","","","","","","","",30000,1,"","",81,1,"","","","",2,1,"","","","","","",5,1,"","","","","","","","","","","","","","","","","","","","","","","","","","","","","","","","","","","","","","","","","","","","","","","","","","","","","",""
"35049001","CANCALE",48.711667,-1.843333,40,1981112809,"","","","",18.,1,260,1,"","","","","","","","","","","","","","","","","","","","","","","","","","","","",9.7,1,6.3,1,"","","","","","","","","","","","","","","","","","","","","","","","","","",80,1,"","","","","","","","","","","","",9.7,1,1015.1,1,"","","","","","",8,1,6,1,9,1,"","","","","","","","","","","","","","","","","","","","","","","","","","","","",7000,1,"","",81,1,9,1,"","","","","","","","","","",6,1,"","","","","","","","","","","","","","","","","","","","","","","","","","","","","","","","","","","","","","","","","","","","","","","","","","","","","",""
"35049001","CANCALE",48.711667,-1.843333,40,1981112812,"","","","",24.,1,260,1,"","","","","","","","","","","","","","","","","","","","","","","","","","","","",9.7,1,6.3,1,"","","","","","","","","","","","","","","","","","","","","","","","","","",80,1,"","","","","","","","","","","","",9.7,1,1014.6,1,"","","","","","",6,1,0,1,9,1,0,1,0,1,"","","","","","","","","","","","","","","","","","","","","","","","",10000,1,"","",15,1,9,1,"","","","","","","","","","",6,1,"","","","","","","","","","","","","","","","","","","","","","","","","","","","","","","","","","","","","","","","","","","","","","","","","","","","","",""
"35049001","CANCALE",48.711667,-1.843333,40,1981112815,"","","","",23.,1,260,1,"","","","","","","","","","","","","","","","","","","","","","","","","","","","",10.,1,4.,1,"","","","","","","","","","","","","","","","","","","","","","","","","","",67,1,"","","","","","","","","","","","",8.2,1,1015.1,1,"","","","","","",7,1,5,1,8,1,"","","","","","","","","","","","","","","","","","","","","","","","","","","","",18000,1,"","",15,1,2,1,"","","","","","","","","","",6,1,"","","","","","","","","","","","","","","","","","","","","","","","","","","","","","","","","","","","","","","","","","","","","","","","","","","","","",""
"35049001","CANCALE",48.711667,-1.843333,40,1981112818,"","","","",21.,1,260,1,"","","","","","","","","","","","","","","","","","","","","","","","","","","","",10.,1,5.4,1,"","","","","","","","","","","","","","","","","","","","","","","","","","",75,1,"","","","","","","","","","","","",9.1,1,1016.8,1,"","","","","","",7,1,5,1,9,1,"","","","","","","","","","","","","","","","","","","","","","","","","","","","",20000,1,"","",2,1,8,1,"","","","","","","","","","",6,1,"","","","","","","","","","","","","","","","","","","","","","","","","","","","","","","","","","","","","","","","","","","","","","","","","","","","","",""
"35049001","CANCALE",48.711667,-1.843333,40,1981112821,"","","","",18.,1,280,1,"","","","","","","","","","","","","","","","","","","","","","","","","","","","",9.8,1,5.3,1,"","","","","","","","","","","","","","","","","","","","","","","","","","",75,1,"","","","","","","","","","","","",9.,1,1018.6,1,"","","","","","",8,1,6,1,8,1,"","","","","","","","","","","","","","","","","","","","","","","","","","","","",25000,1,"","",0,1,"","","","","","","","","","","","",6,1,"","","","","","","","","","","","","","","","","","","","","","","","","","","","","","","","","","","","","","","","","","","","","","","","","","","","","",""
"35049001","CANCALE",48.711667,-1.843333,40,1981112900,"","","","",15.,1,280,1,"","","","","","","","","","","","","","","","","","","","","","","","","","","","",9.7,1,6.3,1,"","","","","","","","","","","","","","","","","","","","","","","","","","",80,1,"","","","","","","","","","","","",9.7,1,1019.4,1,"","","","","","",8,1,8,1,8,1,"","","","","","","","","","","","","","","","","","","","","","","","","","","","",25000,1,"","",0,1,"","","","","","","","","","","","",5,1,"","","","","","","","","","","","","","","","","","","","","","","","","","","","","","","","","","","","","","","","","","","","","","","","","","","","","",""
"35049001","CANCALE",48.711667,-1.843333,40,1981112903,"","","","",17.,1,300,1,"","","","","","","","","","","","","","","","","","","","","","","","","","","","",9.9,1,5.4,1,"","","","","","","","","","","","","","","","","","","","","","","","","","",75,1,"","","","","","","","","","","","",9.1,1,1020.2,1,"","","","","","",5,1,5,1,8,1,0,1,0,1,"","","","","","","","","","","","","","","","","","","","","","","","",30000,1,"","",0,1,"","","","","","","","","","","","",5,1,"","","","","","","","","","","","","","","","","","","","","","","","","","","","","","","","","","","","","","","","","","","","","","","","","","","","","",""
"35049001","CANCALE",48.711667,-1.843333,40,1981112906,"","","","",11.,1,340,1,"","","","","","","","","","","","","","","","","","","","","","","","","","","","",9.2,1,5.1,1,"","","","","","","","","","","","","","","","","","","","","","","","","","",76,1,"","","","","","","","","","","","",8.9,1,1021.8,1,"","","","","","",6,1,6,1,8,1,0,1,0,1,"","","","","","","","","","","","","","","","","","","","","","","","",30000,1,"","",0,1,"","","","",1,1,"","","","","","",5,1,"","","","","","","","","","","","","","","","","","","","","","","","","","","","","","","","","","","","","","","","","","","","","","","","","","","","","",""
"35049001","CANCALE",48.711667,-1.843333,40,1981112909,"","","","",13.,1,340,1,"","","","","","","","","","","","","","","","","","","","","","","","","","","","",9.4,1,4.3,1,"","","","","","","","","","","","","","","","","","","","","","","","","","",71,1,"","","","","","","","","","","","",8.4,1,1023.5,1,"","","","","","",5,1,0,1,3,1,0,1,2,1,"","","","","","","","","","","","","","","","","","","","","","","","",30000,1,"","",2,1,2,1,"","","","","","","","","","",5,1,"","","","","","","","","","","","","","","","","","","","","","","","","","","","","","","","","","","","","","","","","","","","","","","","","","","","","",""
"35049001","CANCALE",48.711667,-1.843333,40,1981112912,"","","","",10.,1,320,1,"","","","","","","","","","","","","","","","","","","","","","","","","","","","",9.4,1,3.3,1,"","","","","","","","","","","","","","","","","","","","","","","","","","",67,1,"","","","","","","","","","","","",7.8,1,1025.1,1,"","","","","","",6,1,6,1,3,1,0,1,0,1,"","","","","","","","","","","","","","","","","","","","","","","","",30000,1,"","",2,1,2,1,"","","","","","","","","","",5,1,"","","","","","","","","","","","","","","","","","","","","","","","","","","","","","","","","","","","","","","","","","","","","","","","","","","","","",""
"35049001","CANCALE",48.711667,-1.843333,40,1981112915,"","","","",12.,1,280,1,"","","","","","","","","","","","","","","","","","","","","","","","","","","","",9.6,1,4.5,1,"","","","","","","","","","","","","","","","","","","","","","","","","","",72,1,"","","","","","","","","","","","",8.5,1,1025.1,1,"","","","","","",6,1,6,1,8,1,0,1,0,1,"","","","","","","","","","","","","","","","","","","","","","","","",30000,1,"","",2,1,2,1,"","","","","","","","","","",4,1,"","","","","","","","","","","","","","","","","","","","","","","","","","","","","","","","","","","","","","","","","","","","","","","","","","","","","",""
"35049001","CANCALE",48.711667,-1.843333,40,1981112918,"","","","",10.,1,300,1,"","","","","","","","","","","","","","","","","","","","","","","","","","","","",10.,1,6.3,1,"","","","","","","","","","","","","","","","","","","","","","","","","","",79,1,"","","","","","","","","","","","",9.7,1,1025.3,1,"","","","","","",8,1,8,1,8,1,"","","","","","","","","","","","","","","","","","","","","","","","","","","","",30000,1,"","",2,1,2,1,"","","","","","","","","","",4,1,"","","","","","","","","","","","","","","","","","","","","","","","","","","","","","","","","","","","","","","","","","","","","","","","","","","","","",""
"35049001","CANCALE",48.711667,-1.843333,40,1981112921,"","","","",11.,1,300,1,"","","","","","","","","","","","","","","","","","","","","","","","","","","","",10.2,1,7.4,1,"","","","","","","","","","","","","","","","","","","","","","","","","","",85,1,"","","","","","","","","","","","",10.5,1,1024.7,1,"","","","","","",8,1,8,1,8,1,"","","","","","","","","","","","","","","","","","","","","","","","","","","","",30000,1,"","",0,1,"","","","","","","","","","","","",4,1,"","","","","","","","","","","","","","","","","","","","","","","","","","","","","","","","","","","","","","","","","","","","","","","","","","","","","",""
"35049001","CANCALE",48.711667,-1.843333,40,1981113000,"","","","",11.,1,280,1,"","","","","","","","","","","","","","","","","","","","","","","","","","","","",9.6,1,8.9,1,"","","","","","","","","","","","","","","","","","","","","","","","","","",98,1,"","","","","","","","","","","","",11.6,1,1024.7,1,"","","","","","",8,1,8,1,7,1,"","","","","","","","","","","","","","","","","","","","","","","","","","","","",8000,1,"","",61,1,"","","","","","","","","","","","",4,1,"","","","","","","","","","","","","","","","","","","","","","","","","","","","","","","","","","","","","","","","","","","","","","","","","","","","","",""
"35049001","CANCALE",48.711667,-1.843333,40,1981113003,"","","","",13.,1,280,1,"","","","","","","","","","","","","","","","","","","","","","","","","","","","",11.,1,9.5,1,"","","","","","","","","","","","","","","","","","","","","","","","","","",92,1,"","","","","","","","","","","","",12.1,1,1021.8,1,"","","","","","",8,1,8,1,5,1,"","","","","","","","","","","","","","","","","","","","","","","","","","","","",20000,1,"","",0,1,"","","","","","","","","","","","",4,1,"","","","","","","","","","","","","","","","","","","","","","","","","","","","","","","","","","","","","","","","","","","","","","","","","","","","","",""
"35049001","CANCALE",48.711667,-1.843333,40,1981113006,"","","","",15.,1,280,1,"","","","","","","","","","","","","","","","","","","","","","","","","","","","",11.,1,8.3,1,"","","","","","","","","","","","","","","","","","","","","","","","","","",85,1,"","","","","","","","","","","","",11.2,1,1020.4,1,"","","","","","",8,1,8,1,5,1,"","","","","","","","","","","","","","","","","","","","","","","","","","","","",20000,1,"","",0,1,"","","","",1,1,"","","","","","",4,1,"","","","","","","","","","","","","","","","","","","","","","","","","","","","","","","","","","","","","","","","","","","","","","","","","","","","","",""
"35049001","CANCALE",48.711667,-1.843333,40,1981113009,"","","","",16.,1,280,1,"","","","","","","","","","","","","","","","","","","","","","","","","","","","",11.4,1,9.,1,"","","","","","","","","","","","","","","","","","","","","","","","","","",86,1,"","","","","","","","","","","","",11.7,1,1019.6,1,"","","","","","",7,1,7,1,5,1,"","","","","","","","","","","","","","","","","","","","","","","","","","","","",15000,1,"","",2,1,2,1,"","","","","","","","","","",5,1,"","","","","","","","","","","","","","","","","","","","","","","","","","","","","","","","","","","","","","","","","","","","","","","","","","","","","",""
"35049001","CANCALE",48.711667,-1.843333,40,1981113012,"","","","",13.,1,260,1,"","","","","","","","","","","","","","","","","","","","","","","","","","","","",11.5,1,8.9,1,"","","","","","","","","","","","","","","","","","","","","","","","","","",85,1,"","","","","","","","","","","","",11.6,1,1017.5,1,"","","","","","",8,1,6,1,5,1,2,1,"","","","","","","","","","","","","","","","","","","","","","","","","","",13000,1,"","",2,1,2,1,"","","","","","","","","","",4,1,"","","","","","","","","","","","","","","","","","","","","","","","","","","","","","","","","","","","","","","","","","","","","","","","","","","","","",""
"35049001","CANCALE",48.711667,-1.843333,40,1981113015,"","","","",17.,1,240,1,"","","","","","","","","","","","","","","","","","","","","","","","","","","","",12.,1,9.3,1,"","","","","","","","","","","","","","","","","","","","","","","","","","",85,1,"","","","","","","","","","","","",12.,1,1015.2,1,"","","","","","",8,1,7,1,8,1,"","","","","","","","","","","","","","","","","","","","","","","","","","","","",10000,1,"","",25,1,2,1,"","","","","","","","","","",5,1,"","","","","","","","","","","","","","","","","","","","","","","","","","","","","","","","","","","","","","","","","","","","","","","","","","","","","",""
"35049001","CANCALE",48.711667,-1.843333,40,1981113018,"","","","",19.,1,260,1,"","","","","","","","","","","","","","","","","","","","","","","","","","","","",11.5,1,10.7,1,"","","","","","","","","","","","","","","","","","","","","","","","","","",98,1,"","","","","","","","","","","","",13.2,1,1012.,1,"","","","","","",8,1,8,1,7,1,"","","","","","","","","","","","","","","","","","","","","","","","","","","","",6000,1,"","",62,1,8,1,"","","","","","","","","","",5,1,"","","","","","","","","","","","","","","","","","","","","","","","","","","","","","","","","","","","","","","","","","","","","","","","","","","","","",""
"35049001","CANCALE",48.711667,-1.843333,40,1981113021,"","","","",18.,1,280,1,"","","","","","","","","","","","","","","","","","","","","","","","","","","","",11.8,1,10.3,1,"","","","","","","","","","","","","","","","","","","","","","","","","","",92,1,"","","","","","","","","","","","",12.8,1,1012.6,1,"","","","","","",8,1,8,1,5,1,"","","","","","","","","","","","","","","","","","","","","","","","","","","","",20000,1,"","",0,1,"","","","","","","","","","","","",5,1,"","","","","","","","","","","","","","","","","","","","","","","","","","","","","","","","","","","","","","","","","","","","","","","","","","","","","",""
"35049001","CANCALE",48.711667,-1.843333,40,1981120100,"","","","",14.,1,280,1,"","","","","","","","","","","","","","","","","","","","","","","","","","","","",11.5,1,10.2,1,"","","","","","","","","","","","","","","","","","","","","","","","","","",94,1,"","","","","","","","","","","","",12.7,1,1013.9,1,"","","","","","",8,1,8,1,5,1,"","","","","","","","","","","","","","","","","","","","","","","","","","","","",10000,1,"","",0,1,"","","","","","","","","","","","",5,1,"","","","","","","","","","","","","","","","","","","","","","","","","","","","","","","","","","","","","","","","","","","","","","","","","","","","","",""
"35049001","CANCALE",48.711667,-1.843333,40,1981120103,"","","","",7.,1,40,1,"","","","","","","","","","","","","","","","","","","","","","","","","","","","",8.,1,5.6,1,"","","","","","","","","","","","","","","","","","","","","","","","","","",86,1,"","","","","","","","","","","","",9.2,1,1017.8,1,"","","","","","",8,1,8,1,5,1,"","","","","","","","","","","","","","","","","","","","","","","","","","","","",40000,1,"","",0,1,"","","","","","","","","","","","",3,1,"","","","","","","","","","","","","","","","","","","","","","","","","","","","","","","","","","","","","","","","","","","","","","","","","","","","","",""
"35049001","CANCALE",48.711667,-1.843333,40,1981120106,"","","","",7.,1,40,1,"","","","","","","","","","","","","","","","","","","","","","","","","","","","",7.3,1,2.9,1,"","","","","","","","","","","","","","","","","","","","","","","","","","",75,1,"","","","","","","","","","","","",7.6,1,1021.2,1,"","","","","","",8,1,8,1,5,1,"","","","","","","","","","","","","","","","","","","","","","","","","","","","",22000,1,"","",0,1,"","","","",1,1,"","","","","","",3,1,"","","","","","","","","","","","","","","","","","","","","","","","","","","","","","","","","","","","","","","","","","","","","","","","","","","","","",""
"35049001","CANCALE",48.711667,-1.843333,40,1981120109,"","","","",4.,1,20,1,"","","","","","","","","","","","","","","","","","","","","","","","","","","","",8.,1,3.4,1,"","","","","","","","","","","","","","","","","","","","","","","","","","",74,1,"","","","","","","","","","","","",7.9,1,1024.3,1,"","","","","","",7,1,7,1,1,1,7,1,"","","","","","","","","","","","","","","","","","","","","","","","","","",25000,1,"","",2,1,2,1,"","","","","","","","","","",3,1,"","","","","","","","","","","","","","","","","","","","","","","","","","","","","","","","","","","","","","","","","","","","","","","","","","","","","",""
"35049001","CANCALE",48.711667,-1.843333,40,1981120112,"","","","",3.,1,360,1,"","","","","","","","","","","","","","","","","","","","","","","","","","","","",8.7,1,4.3,1,"","","","","","","","","","","","","","","","","","","","","","","","","","",75,1,"","","","","","","","","","","","",8.4,1,1026.3,1,"","","","","","",4,1,0,1,2,1,0,1,0,1,"","","","","","","","","","","","","","","","","","","","","","","","",28000,1,"","",2,1,1,1,"","","","","","","","","","",3,1,"","","","","","","","","","","","","","","","","","","","","","","","","","","","","","","","","","","","","","","","","","","","","","","","","","","","","",""
"35049001","CANCALE",48.711667,-1.843333,40,1981120115,"","","","",3.,1,360,1,"","","","","","","","","","","","","","","","","","","","","","","","","","","","",8.4,1,4.,1,"","","","","","","","","","","","","","","","","","","","","","","","","","",74,1,"","","","","","","","","","","","",8.2,1,1026.8,1,"","","","","","",5,1,5,1,4,1,0,1,0,1,"","","","","","","","","","","","","","","","","","","","","","","","",30000,1,"","",2,1,1,1,"","","","","","","","","","",2,1,"","","","","","","","","","","","","","","","","","","","","","","","","","","","","","","","","","","","","","","","","","","","","","","","","","","","","",""
"35049001","CANCALE",48.711667,-1.843333,40,1981120118,"","","","",4.,1,20,1,"","","","","","","","","","","","","","","","","","","","","","","","","","","","",7.7,1,2.9,1,"","","","","","","","","","","","","","","","","","","","","","","","","","",72,1,"","","","","","","","","","","","",7.6,1,1027.9,1,"","","","","","",5,1,5,1,4,1,0,1,0,1,"","","","","","","","","","","","","","","","","","","","","","","","",35000,1,"","",2,1,1,1,"","","","","","","","","","",2,1,"","","","","","","","","","","","","","","","","","","","","","","","","","","","","","","","","","","","","","","","","","","","","","","","","","","","","",""
"35049001","CANCALE",48.711667,-1.843333,40,1981120121,"","","","",4.,1,360,1,"","","","","","","","","","","","","","","","","","","","","","","","","","","","",7.3,1,2.7,1,"","","","","","","","","","","","","","","","","","","","","","","","","","",73,1,"","","","","","","","","","","","",7.5,1,1029.6,1,"","","","","","",6,1,6,1,5,1,0,1,0,1,"","","","","","","","","","","","","","","","","","","","","","","","",35000,1,"","",0,1,"","","","","","","","","","","","",2,1,"","","","","","","","","","","","","","","","","","","","","","","","","","","","","","","","","","","","","","","","","","","","","","","","","","","","","",""
"35049001","CANCALE",48.711667,-1.843333,40,1981120200,"","","","",3.,1,340,1,"","","","","","","","","","","","","","","","","","","","","","","","","","","","",7.,1,0.6,1,"","","","","","","","","","","","","","","","","","","","","","","","","","",64,1,"","","","","","","","","","","","",6.4,1,1031.2,1,"","","","","","",6,1,6,1,5,1,0,1,0,1,"","","","","","","","","","","","","","","","","","","","","","","","",35000,1,"","",0,1,"","","","","","","","","","","","",2,1,"","","","","","","","","","","","","","","","","","","","","","","","","","","","","","","","","","","","","","","","","","","","","","","","","","","","","",""
"35049001","CANCALE",48.711667,-1.843333,40,1981120203,"","","","",6.,1,280,1,"","","","","","","","","","","","","","","","","","","","","","","","","","","","",7.7,1,2.5,1,"","","","","","","","","","","","","","","","","","","","","","","","","","",71,1,"","","","","","","","","","","","",7.4,1,1031.3,1,"","","","","","",5,1,5,1,5,1,0,1,0,1,"","","","","","","","","","","","","","","","","","","","","","","","",35000,1,"","",0,1,"","","","","","","","","","","","",3,1,"","","","","","","","","","","","","","","","","","","","","","","","","","","","","","","","","","","","","","","","","","","","","","","","","","","","","",""
"35049001","CANCALE",48.711667,-1.843333,40,1981120206,"","","","",7.,1,300,1,"","","","","","","","","","","","","","","","","","","","","","","","","","","","",8.,1,3.3,1,"","","","","","","","","","","","","","","","","","","","","","","","","","",72,1,"","","","","","","","","","","","",7.8,1,1031.1,1,"","","","","","",3,1,0,1,5,1,0,1,0,1,"","","","","","","","","","","","","","","","","","","","","","","","",25000,1,"","",0,1,"","","","",0,1,"","","","","","",3,1,"","","","","","","","","","","","","","","","","","","","","","","","","","","","","","","","","","","","","","","","","","","","","","","","","","","","","",""
"35049001","CANCALE",48.711667,-1.843333,40,1981120209,"","","","",7.,1,300,1,"","","","","","","","","","","","","","","","","","","","","","","","","","","","",8.5,1,3.3,1,"","","","","","","","","","","","","","","","","","","","","","","","","","",70,1,"","","","","","","","","","","","",7.8,1,1031.7,1,"","","","","","",6,1,0,1,8,1,4,1,1,1,"","","","","","","","","","","","","","","","","","","","","","","","",20000,1,"","",3,1,1,1,"","","","","","","","","","",3,1,"","","","","","","","","","","","","","","","","","","","","","","","","","","","","","","","","","","","","","","","","","","","","","","","","","","","","",""
"35049001","CANCALE",48.711667,-1.843333,40,1981120212,"","","","",2.,1,60,1,"","","","","","","","","","","","","","","","","","","","","","","","","","","","",9.,1,5.6,1,"","","","","","","","","","","","","","","","","","","","","","","","","","",80,1,"","","","","","","","","","","","",9.2,1,1032.5,1,"","","","","","",6,1,6,1,5,1,0,1,0,1,"","","","","","","","","","","","","","","","","","","","","","","","",22000,1,"","",2,1,1,1,"","","","","","","","","","",2,1,"","","","","","","","","","","","","","","","","","","","","","","","","","","","","","","","","","","","","","","","","","","","","","","","","","","","","",""
"35049001","CANCALE",48.711667,-1.843333,40,1981120215,"","","","",2.,1,20,1,"","","","","","","","","","","","","","","","","","","","","","","","","","","","",9.5,1,5.4,1,"","","","","","","","","","","","","","","","","","","","","","","","","","",77,1,"","","","","","","","","","","","",9.1,1,1032.3,1,"","","","","","",6,1,5,1,5,1,4,1,0,1,"","","","","","","","","","","","","","","","","","","","","","","","",20000,1,"","",2,1,2,1,"","","","","","","","","","",2,1,"","","","","","","","","","","","","","","","","","","","","","","","","","","","","","","","","","","","","","","","","","","","","","","","","","","","","",""
"35049001","CANCALE",48.711667,-1.843333,40,1981120218,"","","","",6.,1,20,1,"","","","","","","","","","","","","","","","","","","","","","","","","","","","",9.2,1,5.6,1,"","","","","","","","","","","","","","","","","","","","","","","","","","",79,1,"","","","","","","","","","","","",9.2,1,1032.9,1,"","","","","","",8,1,8,1,5,1,"","","","","","","","","","","","","","","","","","","","","","","","","","","","",25000,1,"","",2,1,2,1,"","","","","","","","","","",2,1,"","","","","","","","","","","","","","","","","","","","","","","","","","","","","","","","","","","","","","","","","","","","","","","","","","","","","",""
"35049001","CANCALE",48.711667,-1.843333,40,1981120221,"","","","",6.,1,20,1,"","","","","","","","","","","","","","","","","","","","","","","","","","","","",8.5,1,4.5,1,"","","","","","","","","","","","","","","","","","","","","","","","","","",77,1,"","","","","","","","","","","","",8.5,1,1034.3,1,"","","","","","",2,1,0,1,5,1,0,1,0,1,"","","","","","","","","","","","","","","","","","","","","","","","",25000,1,"","",0,1,"","","","","","","","","","","","",2,1,"","","","","","","","","","","","","","","","","","","","","","","","","","","","","","","","","","","","","","","","","","","","","","","","","","","","","",""
"35049001","CANCALE",48.711667,-1.843333,40,1981120300,"","","","",4.,1,360,1,"","","","","","","","","","","","","","","","","","","","","","","","","","","","",8.4,1,4.,1,"","","","","","","","","","","","","","","","","","","","","","","","","","",74,1,"","","","","","","","","","","","",8.2,1,1035.2,1,"","","","","","",8,1,8,1,5,1,"","","","","","","","","","","","","","","","","","","","","","","","","","","","",20000,1,"","",0,1,"","","","","","","","","","","","",2,1,"","","","","","","","","","","","","","","","","","","","","","","","","","","","","","","","","","","","","","","","","","","","","","","","","","","","","",""
"35049001","CANCALE",48.711667,-1.843333,40,1981120303,"","","","",3.,1,360,1,"","","","","","","","","","","","","","","","","","","","","","","","","","","","",7.9,1,4.3,1,"","","","","","","","","","","","","","","","","","","","","","","","","","",79,1,"","","","","","","","","","","","",8.4,1,1035.2,1,"","","","","","",8,1,8,1,5,1,"","","","","","","","","","","","","","","","","","","","","","","","","","","","",18000,1,"","",0,1,"","","","","","","","","","","","",2,1,"","","","","","","","","","","","","","","","","","","","","","","","","","","","","","","","","","","","","","","","","","","","","","","","","","","","","",""
"35049001","CANCALE",48.711667,-1.843333,40,1981120306,"","","","",6.,1,360,1,"","","","","","","","","","","","","","","","","","","","","","","","","","","","",9.4,1,5.3,1,"","","","","","","","","","","","","","","","","","","","","","","","","","",77,1,"","","","","","","","","","","","",9.,1,1035.2,1,"","","","","","",8,1,8,1,5,1,"","","","","","","","","","","","","","","","","","","","","","","","","","","","",25000,1,"","",0,1,"","","","",0,1,"","","","","","",2,1,"","","","","","","","","","","","","","","","","","","","","","","","","","","","","","","","","","","","","","","","","","","","","","","","","","","","","",""
"35049001","CANCALE",48.711667,-1.843333,40,1981120309,"","","","",7.,1,20,1,"","","","","","","","","","","","","","","","","","","","","","","","","","","","",9.,1,5.7,1,"","","","","","","","","","","","","","","","","","","","","","","","","","",82,1,"","","","","","","","","","","","",9.3,1,1036.8,1,"","","","","","",6,1,6,1,5,1,0,1,0,1,"","","","","","","","","","","","","","","","","","","","","","","","",20000,1,"","",2,1,2,1,"","","","","","","","","","",3,1,"","","","","","","","","","","","","","","","","","","","","","","","","","","","","","","","","","","","","","","","","","","","","","","","","","","","","",""
"35049001","CANCALE",48.711667,-1.843333,40,1981120312,"","","","",4.,1,360,1,"","","","","","","","","","","","","","","","","","","","","","","","","","","","",9.4,1,5.3,1,"","","","","","","","","","","","","","","","","","","","","","","","","","",77,1,"","","","","","","","","","","","",9.,1,1036.5,1,"","","","","","",6,1,0,1,5,1,3,1,0,1,"","","","","","","","","","","","","","","","","","","","","","","","",20000,1,"","",2,1,2,1,"","","","","","","","","","",3,1,"","","","","","","","","","","","","","","","","","","","","","","","","","","","","","","","","","","","","","","","","","","","","","","","","","","","","",""
"35049001","CANCALE",48.711667,-1.843333,40,1981120315,"","","","",6.,1,320,1,"","","","","","","","","","","","","","","","","","","","","","","","","","","","",9.2,1,5.7,1,"","","","","","","","","","","","","","","","","","","","","","","","","","",80,1,"","","","","","","","","","","","",9.3,1,1035.5,1,"","","","","","",8,1,8,1,8,1,"","","","","","","","","","","","","","","","","","","","","","","","","","","","",15000,1,"","",2,1,2,1,"","","","","","","","","","",3,1,"","","","","","","","","","","","","","","","","","","","","","","","","","","","","","","","","","","","","","","","","","","","","","","","","","","","","",""
"35049001","CANCALE",48.711667,-1.843333,40,1981120318,"","","","",4.,1,280,1,"","","","","","","","","","","","","","","","","","","","","","","","","","","","",8.8,1,6.9,1,"","","","","","","","","","","","","","","","","","","","","","","","","","",89,1,"","","","","","","","","","","","",10.1,1,1035.2,1,"","","","","","",8,1,8,1,8,1,"","","","","","","","","","","","","","","","","","","","","","","","","","","","",15000,1,"","",2,1,5,1,"","","","","","","","","","",2,1,"","","","","","","","","","","","","","","","","","","","","","","","","","","","","","","","","","","","","","","","","","","","","","","","","","","","","",""
"35049001","CANCALE",48.711667,-1.843333,40,1981120321,"","","","",7.,1,280,1,"","","","","","","","","","","","","","","","","","","","","","","","","","","","",10.2,1,8.3,1,"","","","","","","","","","","","","","","","","","","","","","","","","","",90,1,"","","","","","","","","","","","",11.2,1,1033.9,1,"","","","","","",8,1,8,1,8,1,"","","","","","","","","","","","","","","","","","","","","","","","","","","","",30000,1,"","",0,1,"","","","","","","","","","","","",3,1,"","","","","","","","","","","","","","","","","","","","","","","","","","","","","","","","","","","","","","","","","","","","","","","","","","","","","",""
"35049001","CANCALE",48.711667,-1.843333,40,1981120400,"","","","",13.,1,280,1,"","","","","","","","","","","","","","","","","","","","","","","","","","","","",10.4,1,8.1,1,"","","","","","","","","","","","","","","","","","","","","","","","","","",87,1,"","","","","","","","","","","","",11.,1,1031.6,1,"","","","","","",8,1,8,1,8,1,"","","","","","","","","","","","","","","","","","","","","","","","","","","","",30000,1,"","",0,1,"","","","","","","","","","","","",4,1,"","","","","","","","","","","","","","","","","","","","","","","","","","","","","","","","","","","","","","","","","","","","","","","","","","","","","",""
"35049001","CANCALE",48.711667,-1.843333,40,1981120403,"","","","",13.,1,280,1,"","","","","","","","","","","","","","","","","","","","","","","","","","","","",10.4,1,8.1,1,"","","","","","","","","","","","","","","","","","","","","","","","","","",87,1,"","","","","","","","","","","","",11.,1,1029.7,1,"","","","","","",8,1,8,1,8,1,"","","","","","","","","","","","","","","","","","","","","","","","","","","","",30000,1,"","",0,1,"","","","","","","","","","","","",4,1,"","","","","","","","","","","","","","","","","","","","","","","","","","","","","","","","","","","","","","","","","","","","","","","","","","","","","",""
"35049001","CANCALE",48.711667,-1.843333,40,1981120406,"","","","",15.,1,280,1,"","","","","","","","","","","","","","","","","","","","","","","","","","","","",10.,1,7.7,1,"","","","","","","","","","","","","","","","","","","","","","","","","","",87,1,"","","","","","","","","","","","",10.7,1,1027.6,1,"","","","","","",6,1,6,1,5,1,0,1,0,1,"","","","","","","","","","","","","","","","","","","","","","","","",25000,1,"","",0,1,"","","","",0,1,"","","","","","",4,1,"","","","","","","","","","","","","","","","","","","","","","","","","","","","","","","","","","","","","","","","","","","","","","","","","","","","","",""
"35049001","CANCALE",48.711667,-1.843333,40,1981120409,"","","","",17.,1,280,1,"","","","","","","","","","","","","","","","","","","","","","","","","","","","",10.6,1,8.1,1,"","","","","","","","","","","","","","","","","","","","","","","","","","",86,1,"","","","","","","","","","","","",11.,1,1026.4,1,"","","","","","",7,1,7,1,5,1,"","","","","","","","","","","","","","","","","","","","","","","","","","","","",13000,1,"","",2,1,2,1,"","","","","","","","","","",5,1,"","","","","","","","","","","","","","","","","","","","","","","","","","","","","","","","","","","","","","","","","","","","","","","","","","","","","",""
"35049001","CANCALE",48.711667,-1.843333,40,1981120412,"","","","",20.,1,280,1,"","","","","","","","","","","","","","","","","","","","","","","","","","","","",10.9,1,8.9,1,"","","","","","","","","","","","","","","","","","","","","","","","","","",89,1,"","","","","","","","","","","","",11.6,1,1024.,1,"","","","","","",8,1,8,1,7,1,"","","","","","","","","","","","","","","","","","","","","","","","","","","","",8000,1,"","",50,1,2,1,"","","","","","","","","","",5,1,"","","","","","","","","","","","","","","","","","","","","","","","","","","","","","","","","","","","","","","","","","","","","","","","","","","","","",""
"35049001","CANCALE",48.711667,-1.843333,40,1981120415,"","","","",17.,1,300,1,"","","","","","","","","","","","","","","","","","","","","","","","","","","","",11.,1,6.9,1,"","","","","","","","","","","","","","","","","","","","","","","","","","",77,1,"","","","","","","","","","","","",10.1,1,1022.4,1,"","","","","","",7,1,6,1,8,1,0,1,1,1,"","","","","","","","","","","","","","","","","","","","","","","","",20000,1,"","",25,1,5,1,"","","","","","","","","","",5,1,"","","","","","","","","","","","","","","","","","","","","","","","","","","","","","","","","","","","","","","","","","","","","","","","","","","","","",""
"35049001","CANCALE",48.711667,-1.843333,40,1981120418,"","","","",12.,1,320,1,"","","","","","","","","","","","","","","","","","","","","","","","","","","","",10.3,1,6.,1,"","","","","","","","","","","","","","","","","","","","","","","","","","",77,1,"","","","","","","","","","","","",9.5,1,1024.5,1,"","","","","","",6,1,6,1,8,1,0,1,0,1,"","","","","","","","","","","","","","","","","","","","","","","","",30000,1,"","",2,1,8,1,"","","","","","","","","","",4,1,"","","","","","","","","","","","","","","","","","","","","","","","","","","","","","","","","","","","","","","","","","","","","","","","","","","","","",""
"35049001","CANCALE",48.711667,-1.843333,40,1981120421,"","","","",4.,1,340,1,"","","","","","","","","","","","","","","","","","","","","","","","","","","","",9.2,1,4.3,1,"","","","","","","","","","","","","","","","","","","","","","","","","","",73,1,"","","","","","","","","","","","",8.4,1,1025.5,1,"","","","","","",7,1,7,1,8,1,"","","","","","","","","","","","","","","","","","","","","","","","","","","","",35000,1,"","",0,1,"","","","","","","","","","","","",3,1,"","","","","","","","","","","","","","","","","","","","","","","","","","","","","","","","","","","","","","","","","","","","","","","","","","","","","",""
"35049001","CANCALE",48.711667,-1.843333,40,1981120500,"","","","",6.,1,340,1,"","","","","","","","","","","","","","","","","","","","","","","","","","","","",9.,1,4.5,1,"","","","","","","","","","","","","","","","","","","","","","","","","","",74,1,"","","","","","","","","","","","",8.5,1,1025.1,1,"","","","","","",4,1,0,1,8,1,3,1,0,1,"","","","","","","","","","","","","","","","","","","","","","","","",35000,1,"","",0,1,"","","","","","","","","","","","",3,1,"","","","","","","","","","","","","","","","","","","","","","","","","","","","","","","","","","","","","","","","","","","","","","","","","","","","","",""
"35049001","CANCALE",48.711667,-1.843333,40,1981120503,"","","","",10.,1,320,1,"","","","","","","","","","","","","","","","","","","","","","","","","","","","",9.2,1,3.8,1,"","","","","","","","","","","","","","","","","","","","","","","","","","",70,1,"","","","","","","","","","","","",8.1,1,1023.7,1,"","","","","","",4,1,0,1,8,1,3,1,0,1,"","","","","","","","","","","","","","","","","","","","","","","","",35000,1,"","",0,1,"","","","","","","","","","","","",4,1,"","","","","","","","","","","","","","","","","","","","","","","","","","","","","","","","","","","","","","","","","","","","","","","","","","","","","",""
"35049001","CANCALE",48.711667,-1.843333,40,1981120506,"","","","",6.,1,320,1,"","","","","","","","","","","","","","","","","","","","","","","","","","","","",8.3,1,4.2,1,"","","","","","","","","","","","","","","","","","","","","","","","","","",75,1,"","","","","","","","","","","","",8.3,1,1022.4,1,"","","","","","",6,1,6,1,8,1,0,1,0,1,"","","","","","","","","","","","","","","","","","","","","","","","",30000,1,"","",0,1,"","","","",0,1,"","","","","","",3,1,"","","","","","","","","","","","","","","","","","","","","","","","","","","","","","","","","","","","","","","","","","","","","","","","","","","","","",""
"35049001","CANCALE",48.711667,-1.843333,40,1981120509,"","","","",11.,1,320,1,"","","","","","","","","","","","","","","","","","","","","","","","","","","","",9.2,1,1.4,1,"","","","","","","","","","","","","","","","","","","","","","","","","","",59,1,"","","","","","","","","","","","",6.8,1,1021.9,1,"","","","","","",7,1,7,1,5,1,"","","","","","","","","","","","","","","","","","","","","","","","","","","","",30000,1,"","",2,1,2,1,"","","","","","","","","","",3,1,"","","","","","","","","","","","","","","","","","","","","","","","","","","","","","","","","","","","","","","","","","","","","","","","","","","","","",""
"35049001","CANCALE",48.711667,-1.843333,40,1981120512,"","","","",12.,1,320,1,"","","","","","","","","","","","","","","","","","","","","","","","","","","","",9.3,1,4.2,1,"","","","","","","","","","","","","","","","","","","","","","","","","","",71,1,"","","","","","","","","","","","",8.3,1,1020.2,1,"","","","","","",6,1,6,1,5,1,0,1,0,1,"","","","","","","","","","","","","","","","","","","","","","","","",30000,1,"","",2,1,2,1,"","","","","","","","","","",3,1,"","","","","","","","","","","","","","","","","","","","","","","","","","","","","","","","","","","","","","","","","","","","","","","","","","","","","",""
"35049001","CANCALE",48.711667,-1.843333,40,1981120515,"","","","",6.,1,260,1,"","","","","","","","","","","","","","","","","","","","","","","","","","","","",8.5,1,4.7,1,"","","","","","","","","","","","","","","","","","","","","","","","","","",77,1,"","","","","","","","","","","","",8.6,1,1017.6,1,"","","","","","",7,1,7,1,8,1,"","","","","","","","","","","","","","","","","","","","","","","","","","","","",12000,1,"","",80,1,8,1,"","","","","","","","","","",3,1,"","","","","","","","","","","","","","","","","","","","","","","","","","","","","","","","","","","","","","","","","","","","","","","","","","","","","",""
"35049001","CANCALE",48.711667,-1.843333,40,1981120518,"","","","",5.,1,220,1,"","","","","","","","","","","","","","","","","","","","","","","","","","","","",6.7,1,4.5,1,"","","","","","","","","","","","","","","","","","","","","","","","","","",86,1,"","","","","","","","","","","","",8.5,1,1015.6,1,"","","","","","",7,1,7,1,8,1,"","","","","","","","","","","","","","","","","","","","","","","","","","","","",35000,1,"","",80,1,8,1,"","","","","","","","","","",3,1,"","","","","","","","","","","","","","","","","","","","","","","","","","","","","","","","","","","","","","","","","","","","","","","","","","","","","",""
"35049001","CANCALE",48.711667,-1.843333,40,1981120521,"","","","",6.,1,240,1,"","","","","","","","","","","","","","","","","","","","","","","","","","","","",6.4,1,4.,1,"","","","","","","","","","","","","","","","","","","","","","","","","","",85,1,"","","","","","","","","","","","",8.2,1,1013.6,1,"","","","","","",7,1,7,1,8,1,"","","","","","","","","","","","","","","","","","","","","","","","","","","","",35000,1,"","",0,1,"","","","","","","","","","","","",3,1,"","","","","","","","","","","","","","","","","","","","","","","","","","","","","","","","","","","","","","","","","","","","","","","","","","","","","",""
"35049001","CANCALE",48.711667,-1.843333,40,1981120600,"","","","",6.,1,240,1,"","","","","","","","","","","","","","","","","","","","","","","","","","","","",5.7,1,4.,1,"","","","","","","","","","","","","","","","","","","","","","","","","","",89,1,"","","","","","","","","","","","",8.2,1,1010.8,1,"","","","","","",6,1,6,1,8,1,0,1,0,1,"","","","","","","","","","","","","","","","","","","","","","","","",35000,1,"","",0,1,"","","","","","","","","","","","",3,1,"","","","","","","","","","","","","","","","","","","","","","","","","","","","","","","","","","","","","","","","","","","","","","","","","","","","","",""
"35049001","CANCALE",48.711667,-1.843333,40,1981120603,"","","","",6.,1,160,1,"","","","","","","","","","","","","","","","","","","","","","","","","","","","",5.5,1,4.5,1,"","","","","","","","","","","","","","","","","","","","","","","","","","",94,1,"","","","","","","","","","","","",8.5,1,1007.,1,"","","","","","",6,1,6,1,8,1,0,1,0,1,"","","","","","","","","","","","","","","","","","","","","","","","",12000,1,"","",0,1,"","","","","","","","","","","","",3,1,"","","","","","","","","","","","","","","","","","","","","","","","","","","","","","","","","","","","","","","","","","","","","","","","","","","","","",""
"35049001","CANCALE",48.711667,-1.843333,40,1981120606,"","","","",5.,1,40,1,"","","","","","","","","","","","","","","","","","","","","","","","","","","","",6.9,1,6.1,1,"","","","","","","","","","","","","","","","","","","","","","","","","","",95,1,"","","","","","","","","","","","",9.5,1,1003.9,1,"","","","","","",8,1,8,1,7,1,"","","","","","","","","","","","","","","","","","","","","","","","","","","","",10000,1,"","",61,1,"","","","",2,1,"","","","","","",3,1,"","","","","","","","","","","","","","","","","","","","","","","","","","","","","","","","","","","","","","","","","","","","","","","","","","","","","",""
"35049001","CANCALE",48.711667,-1.843333,40,1981120609,"","","","",10.,1,300,1,"","","","","","","","","","","","","","","","","","","","","","","","","","","","",8.2,1,7.2,1,"","","","","","","","","","","","","","","","","","","","","","","","","","",95,1,"","","","","","","","","","","","",10.3,1,1004.6,1,"","","","","","",7,1,7,1,8,1,"","","","","","","","","","","","","","","","","","","","","","","","","","","","",25000,1,"","",15,1,6,1,"","","","","","","","","","",3,1,"","","","","","","","","","","","","","","","","","","","","","","","","","","","","","","","","","","","","","","","","","","","","","","","","","","","","",""
"35049001","CANCALE",48.711667,-1.843333,40,1981120612,"","","","",12.,1,300,1,"","","","","","","","","","","","","","","","","","","","","","","","","","","","",8.6,1,3.7,1,"","","","","","","","","","","","","","","","","","","","","","","","","","",72,1,"","","","","","","","","","","","",8.,1,1004.8,1,"","","","","","",7,1,7,1,8,1,"","","","","","","","","","","","","","","","","","","","","","","","","","","","",40000,1,"","",2,1,6,1,"","","","","","","","","","",4,1,"","","","","","","","","","","","","","","","","","","","","","","","","","","","","","","","","","","","","","","","","","","","","","","","","","","","","",""
"35049001","CANCALE",48.711667,-1.843333,40,1981120615,"","","","",13.,1,280,1,"","","","","","","","","","","","","","","","","","","","","","","","","","","","",8.6,1,3.7,1,"","","","","","","","","","","","","","","","","","","","","","","","","","",72,1,"","","","","","","","","","","","",8.,1,1003.4,1,"","","","","","",7,1,5,1,3,1,6,1,3,1,"","","","","","","","","","","","","","","","","","","","","","","","",40000,1,"","",2,1,2,1,"","","","","","","","","","",4,1,"","","","","","","","","","","","","","","","","","","","","","","","","","","","","","","","","","","","","","","","","","","","","","","","","","","","","",""
"35049001","CANCALE",48.711667,-1.843333,40,1981120618,"","","","",13.,1,280,1,"","","","","","","","","","","","","","","","","","","","","","","","","","","","",9.,1,3.5,1,"","","","","","","","","","","","","","","","","","","","","","","","","","",69,1,"","","","","","","","","","","","",7.9,1,1003.1,1,"","","","","","",7,1,7,1,8,1,"","","","","","","","","","","","","","","","","","","","","","","","","","","","",25000,1,"","",2,1,8,1,"","","","","","","","","","",4,1,"","","","","","","","","","","","","","","","","","","","","","","","","","","","","","","","","","","","","","","","","","","","","","","","","","","","","",""
"35049001","CANCALE",48.711667,-1.843333,40,1981120621,"","","","",13.,1,280,1,"","","","","","","","","","","","","","","","","","","","","","","","","","","","",8.5,1,5.5,1,"","","","","","","","","","","","","","","","","","","","","","","","","","",82,1,"","","","","","","","","","","","",9.1,1,1002.6,1,"","","","","","",7,1,7,1,8,1,"","","","","","","","","","","","","","","","","","","","","","","","","","","","",30000,1,"","",0,1,"","","","","","","","","","","","",4,1,"","","","","","","","","","","","","","","","","","","","","","","","","","","","","","","","","","","","","","","","","","","","","","","","","","","","","",""
"35049001","CANCALE",48.711667,-1.843333,40,1981120700,"","","","",12.,1,300,1,"","","","","","","","","","","","","","","","","","","","","","","","","","","","",8.2,1,6.5,1,"","","","","","","","","","","","","","","","","","","","","","","","","","",90,1,"","","","","","","","","","","","",9.8,1,1002.,1,"","","","","","",8,1,8,1,7,1,"","","","","","","","","","","","","","","","","","","","","","","","","","","","",6000,1,"","",63,1,"","","","","","","","","","","","",4,1,"","","","","","","","","","","","","","","","","","","","","","","","","","","","","","","","","","","","","","","","","","","","","","","","","","","","","",""
"35049001","CANCALE",48.711667,-1.843333,40,1981120703,"","","","",12.,1,300,1,"","","","","","","","","","","","","","","","","","","","","","","","","","","","",8.8,1,6.5,1,"","","","","","","","","","","","","","","","","","","","","","","","","","",87,1,"","","","","","","","","","","","",9.8,1,1000.3,1,"","","","","","",8,1,8,1,7,1,"","","","","","","","","","","","","","","","","","","","","","","","","","","","",25000,1,"","",63,1,"","","","","","","","","","","","",4,1,"","","","","","","","","","","","","","","","","","","","","","","","","","","","","","","","","","","","","","","","","","","","","","","","","","","","","",""
"35049001","CANCALE",48.711667,-1.843333,40,1981120706,"","","","",11.,1,300,1,"","","","","","","","","","","","","","","","","","","","","","","","","","","","",8.6,1,7.1,1,"","","","","","","","","","","","","","","","","","","","","","","","","","",92,1,"","","","","","","","","","","","",10.2,1,999.4,1,"","","","","","",8,1,8,1,7,1,"","","","","","","","","","","","","","","","","","","","","","","","","","","","",15000,1,"","",61,1,"","","","",2,1,"","","","","","",4,1,"","","","","","","","","","","","","","","","","","","","","","","","","","","","","","","","","","","","","","","","","","","","","","","","","","","","","",""
"35049001","CANCALE",48.711667,-1.843333,40,1981120709,"","","","",14.,1,280,1,"","","","","","","","","","","","","","","","","","","","","","","","","","","","",10.,1,7.7,1,"","","","","","","","","","","","","","","","","","","","","","","","","","",87,1,"","","","","","","","","","","","",10.7,1,998.,1,"","","","","","",7,1,7,1,7,1,"","","","","","","","","","","","","","","","","","","","","","","","","","","","",10000,1,"","",60,1,6,1,"","","","","","","","","","",4,1,"","","","","","","","","","","","","","","","","","","","","","","","","","","","","","","","","","","","","","","","","","","","","","","","","","","","","",""
"35049001","CANCALE",48.711667,-1.843333,40,1981120712,"","","","",12.,1,280,1,"","","","","","","","","","","","","","","","","","","","","","","","","","","","",9.8,1,7.5,1,"","","","","","","","","","","","","","","","","","","","","","","","","","",87,1,"","","","","","","","","","","","",10.5,1,998.,1,"","","","","","",7,1,7,1,8,1,"","","","","","","","","","","","","","","","","","","","","","","","","","","","",20000,1,"","",2,1,6,1,"","","","","","","","","","",4,1,"","","","","","","","","","","","","","","","","","","","","","","","","","","","","","","","","","","","","","","","","","","","","","","","","","","","","",""
"35049001","CANCALE",48.711667,-1.843333,40,1981120715,"","","","",15.,1,280,1,"","","","","","","","","","","","","","","","","","","","","","","","","","","","",10.2,1,6.2,1,"","","","","","","","","","","","","","","","","","","","","","","","","","",77,1,"","","","","","","","","","","","",9.6,1,996.8,1,"","","","","","",7,1,7,1,8,1,"","","","","","","","","","","","","","","","","","","","","","","","","","","","",25000,1,"","",2,1,8,1,"","","","","","","","","","",4,1,"","","","","","","","","","","","","","","","","","","","","","","","","","","","","","","","","","","","","","","","","","","","","","","","","","","","","",""
"35049001","CANCALE",48.711667,-1.843333,40,1981120718,"","","","",15.,1,280,1,"","","","","","","","","","","","","","","","","","","","","","","","","","","","",9.4,1,7.1,1,"","","","","","","","","","","","","","","","","","","","","","","","","","",87,1,"","","","","","","","","","","","",10.2,1,996.4,1,"","","","","","",8,1,8,1,7,1,"","","","","","","","","","","","","","","","","","","","","","","","","","","","",15000,1,"","",60,1,8,1,"","","","","","","","","","",4,1,"","","","","","","","","","","","","","","","","","","","","","","","","","","","","","","","","","","","","","","","","","","","","","","","","","","","","",""
"35049001","CANCALE",48.711667,-1.843333,40,1981120721,"","","","",13.,1,260,1,"","","","","","","","","","","","","","","","","","","","","","","","","","","","",9.,1,6.9,1,"","","","","","","","","","","","","","","","","","","","","","","","","","",88,1,"","","","","","","","","","","","",10.1,1,994.7,1,"","","","","","",8,1,8,1,7,1,"","","","","","","","","","","","","","","","","","","","","","","","","","","","",20000,1,"","",0,1,"","","","","","","","","","","","",5,1,"","","","","","","","","","","","","","","","","","","","","","","","","","","","","","","","","","","","","","","","","","","","","","","","","","","","","",""
"35049001","CANCALE",48.711667,-1.843333,40,1981120800,"","","","",14.,1,260,1,"","","","","","","","","","","","","","","","","","","","","","","","","","","","",9.4,1,7.4,1,"","","","","","","","","","","","","","","","","","","","","","","","","","",89,1,"","","","","","","","","","","","",10.5,1,994.3,1,"","","","","","",8,1,8,1,5,1,"","","","","","","","","","","","","","","","","","","","","","","","","","","","",25000,1,"","",0,1,"","","","","","","","","","","","",5,1,"","","","","","","","","","","","","","","","","","","","","","","","","","","","","","","","","","","","","","","","","","","","","","","","","","","","","",""
"35049001","CANCALE",48.711667,-1.843333,40,1981120803,"","","","",10.,1,260,1,"","","","","","","","","","","","","","","","","","","","","","","","","","","","",9.2,1,6.4,1,"","","","","","","","","","","","","","","","","","","","","","","","","","",84,1,"","","","","","","","","","","","",9.8,1,991.9,1,"","","","","","",6,1,6,1,5,1,0,1,0,1,"","","","","","","","","","","","","","","","","","","","","","","","",25000,1,"","",0,1,"","","","","","","","","","","","",5,1,"","","","","","","","","","","","","","","","","","","","","","","","","","","","","","","","","","","","","","","","","","","","","","","","","","","","","",""
"35049001","CANCALE",48.711667,-1.843333,40,1981120806,"","","","",11.,1,240,1,"","","","","","","","","","","","","","","","","","","","","","","","","","","","",9.1,1,6.7,1,"","","","","","","","","","","","","","","","","","","","","","","","","","",87,1,"","","","","","","","","","","","",10.,1,987.9,1,"","","","","","",7,1,7,1,5,1,"","","","","","","","","","","","","","","","","","","","","","","","","","","","",20000,1,"","",0,1,"","","","",1,1,"","","","","","",5,1,"","","","","","","","","","","","","","","","","","","","","","","","","","","","","","","","","","","","","","","","","","","","","","","","","","","","","",""
"35049001","CANCALE",48.711667,-1.843333,40,1981120809,"","","","",15.,1,260,1,"","","","","","","","","","","","","","","","","","","","","","","","","","","","",9.4,1,6.9,1,"","","","","","","","","","","","","","","","","","","","","","","","","","",86,1,"","","","","","","","","","","","",10.1,1,984.8,1,"","","","","","",6,1,6,1,9,1,0,1,0,1,"","","","","","","","","","","","","","","","","","","","","","","","",6000,1,"","",25,1,6,1,"","","","","","","","","","",5,1,"","","","","","","","","","","","","","","","","","","","","","","","","","","","","","","","","","","","","","","","","","","","","","","","","","","","","",""
"35049001","CANCALE",48.711667,-1.843333,40,1981120812,"","","","",22.,1,260,1,"","","","","","","","","","","","","","","","","","","","","","","","","","","","",10.3,1,5.9,1,"","","","","","","","","","","","","","","","","","","","","","","","","","",75,1,"","","","","","","","","","","","",9.4,1,984.8,1,"","","","","","",6,1,6,1,9,1,0,1,0,1,"","","","","","","","","","","","","","","","","","","","","","","","",15000,1,"","",2,1,8,1,"","","","","","","","","","",5,1,"","","","","","","","","","","","","","","","","","","","","","","","","","","","","","","","","","","","","","","","","","","","","","","","","","","","","",""
"35049001","CANCALE",48.711667,-1.843333,40,1981120815,"","","","",16.,1,300,1,"","","","","","","","","","","","","","","","","","","","","","","","","","","","",7.7,1,4.6,1,"","","","","","","","","","","","","","","","","","","","","","","","","","",82,1,"","","","","","","","","","","","",8.6,1,988.2,1,"","","","","","",7,1,7,1,8,1,"","","","","","","","","","","","","","","","","","","","","","","","","","","","",16000,1,"","",2,1,8,1,"","","","","","","","","","",5,1,"","","","","","","","","","","","","","","","","","","","","","","","","","","","","","","","","","","","","","","","","","","","","","","","","","","","","",""
"35049001","CANCALE",48.711667,-1.843333,40,1981120818,"","","","",9.,1,320,1,"","","","","","","","","","","","","","","","","","","","","","","","","","","","",6.,1,-0.2,1,"","","","","","","","","","","","","","","","","","","","","","","","","","",64,1,"","","","","","","","","","","","",6.,1,992.8,1,"","","","","","",2,1,0,1,5,1,0,1,0,1,"","","","","","","","","","","","","","","","","","","","","","","","",30000,1,"","",2,1,8,1,"","","","","","","","","","",4,1,"","","","","","","","","","","","","","","","","","","","","","","","","","","","","","","","","","","","","","","","","","","","","","","","","","","","","",""
"35049001","CANCALE",48.711667,-1.843333,40,1981120821,"","","","",2.,1,360,1,"","","","","","","","","","","","","","","","","","","","","","","","","","","","",5.1,1,-1.8,1,"","","","","","","","","","","","","","","","","","","","","","","","","","",60,1,"","","","","","","","","","","","",5.3,1,995.,1,"","","","","","",7,1,7,1,0,1,7,1,"","","","","","","","","","","","","","","","","","","","","","","","","","",35000,1,"","",0,1,"","","","","","","","","","","","",3,1,"","","","","","","","","","","","","","","","","","","","","","","","","","","","","","","","","","","","","","","","","","","","","","","","","","","","","",""
"35049001","CANCALE",48.711667,-1.843333,40,1981120900,"","","","",3.,1,180,1,"","","","","","","","","","","","","","","","","","","","","","","","","","","","",3.9,1,-0.7,1,"","","","","","","","","","","","","","","","","","","","","","","","","","",72,1,"","","","","","","","","","","","",5.8,1,995.6,1,"","","","","","",8,1,8,1,0,1,2,1,"","","","","","","","","","","","","","","","","","","","","","","","","","",30000,1,"","",0,1,"","","","","","","","","","","","","","","","","","","","","","","","","","","","","","","","","","","","","","","","","","","","","","","","","","","","","","","","","","","","","","","","","","","",""
"35049001","CANCALE",48.711667,-1.843333,40,1981120903,"","","","",4.,1,180,1,"","","","","","","","","","","","","","","","","","","","","","","","","","","","",3.3,1,-0.2,1,"","","","","","","","","","","","","","","","","","","","","","","","","","",78,1,"","","","","","","","","","","","",6.,1,995.7,1,"","","","","","",7,1,7,1,5,1,"","","","","","","","","","","","","","","","","","","","","","","","","","","","",40000,1,"","",0,1,"","","","","","","","","","","","","","","","","","","","","","","","","","","","","","","","","","","","","","","","","","","","","","","","","","","","","","","","","","","","","","","","","","","",""
"35049001","CANCALE",48.711667,-1.843333,40,1981120906,"","","","",3.,1,240,1,"","","","","","","","","","","","","","","","","","","","","","","","","","","","",2.2,1,-0.9,1,"","","","","","","","","","","","","","","","","","","","","","","","","","",80,1,"","","","","","","","","","","","",5.7,1,997.9,1,"","","","","","",7,1,7,1,5,1,"","","","","","","","","","","","","","","","","","","","","","","","","","","","",35000,1,"","",0,1,"","","","",1,1,"","","","","","",3,1,"","","","","","","","","","","","","","","","","","","","","","","","","","","","","","","","","","","","","","","","","","","","","","","","","","","","","",""
"35049001","CANCALE",48.711667,-1.843333,40,1981120909,"","","","",6.,1,240,1,"","","","","","","","","","","","","","","","","","","","","","","","","","","","",3.5,1,1.4,1,"","","","","","","","","","","","","","","","","","","","","","","","","","",87,1,"","","","","","","","","","","","",6.8,1,999.7,1,"","","","","","",5,1,5,1,2,1,0,1,0,1,"","","","","","","","","","","","","","","","","","","","","","","","",12000,1,"","",2,1,2,1,"","","","","","","","","","","","","","","","","","","","","","","","","","","","","","","","","","","","","","","","","","","","","","","","","","","","","","","","","","","","","","","","","",""
"35049001","CANCALE",48.711667,-1.843333,40,1981120912,"","","","",8.,1,240,1,"","","","","","","","","","","","","","","","","","","","","","","","","","","","",6.9,1,3.1,1,"","","","","","","","","","","","","","","","","","","","","","","","","","",77,1,"","","","","","","","","","","","",7.7,1,1000.,1,"","","","","","",6,1,0,1,2,1,0,1,4,1,"","","","","","","","","","","","","","","","","","","","","","","","",35000,1,"","",2,1,2,1,"","","","","","","","","","",3,1,"","","","","","","","","","","","","","","","","","","","","","","","","","","","","","","","","","","","","","","","","","","","","","","","","","","","","",""
"35049001","CANCALE",48.711667,-1.843333,40,1981120915,"","","","",9.,1,200,1,"","","","","","","","","","","","","","","","","","","","","","","","","","","","",7.3,1,3.3,1,"","","","","","","","","","","","","","","","","","","","","","","","","","",77,1,"","","","","","","","","","","","",7.8,1,998.2,1,"","","","","","",8,1,8,1,8,1,"","","","","","","","","","","","","","","","","","","","","","","","","","","","",10000,1,"","",81,1,2,1,"","","","","","","","","","","","","","","","","","","","","","","","","","","","","","","","","","","","","","","","","","","","","","","","","","","","","","","","","","","","","","","","","",""
"35049001","CANCALE",48.711667,-1.843333,40,1981120918,"","","","",17.,1,260,1,"","","","","","","","","","","","","","","","","","","","","","","","","","","","",8.2,1,5.9,1,"","","","","","","","","","","","","","","","","","","","","","","","","","",86,1,"","","","","","","","","","","","",9.4,1,997.4,1,"","","","","","",7,1,7,1,8,1,"","","","","","","","","","","","","","","","","","","","","","","","","","","","",35000,1,"","",25,1,8,1,"","","","","","","","","","",4,1,"","","","","","","","","","","","","","","","","","","","","","","","","","","","","","","","","","","","","","","","","","","","","","","","","","","","","",""
"35049001","CANCALE",48.711667,-1.843333,40,1981120921,"","","","",14.,1,260,1,"","","","","","","","","","","","","","","","","","","","","","","","","","","","",7.4,1,5.3,1,"","","","","","","","","","","","","","","","","","","","","","","","","","",87,1,"","","","","","","","","","","","",9.,1,999.2,1,"","","","","","",6,1,6,1,8,1,0,1,0,1,"","","","","","","","","","","","","","","","","","","","","","","","",35000,1,"","","","","","","","","","","","","","","","","","","","","","","","","","","","","","","","","","","","","","","","","","","","","","","","","","","","","","","","","","","","","","","","","","","","","","","",""
"35049001","CANCALE",48.711667,-1.843333,40,1981121000,"","","","",7.,1,220,1,"","","","","","","","","","","","","","","","","","","","","","","","","","","","",5.8,1,4.,1,"","","","","","","","","","","","","","","","","","","","","","","","","","",89,1,"","","","","","","","","","","","",8.2,1,1001.1,1,"","","","","","",8,1,8,1,8,1,"","","","","","","","","","","","","","","","","","","","","","","","","","","","",35000,1,"","",0,1,"","","","","","","","","","","","",5,1,"","","","","","","","","","","","","","","","","","","","","","","","","","","","","","","","","","","","","","","","","","","","","","","","","","","","","",""
"35049001","CANCALE",48.711667,-1.843333,40,1981121003,"","","","",9.,1,220,1,"","","","","","","","","","","","","","","","","","","","","","","","","","","","",4.5,1,2.2,1,"","","","","","","","","","","","","","","","","","","","","","","","","","",85,1,"","","","","","","","","","","","",7.2,1,1002.4,1,"","","","","","",6,1,6,1,8,1,0,1,0,1,"","","","","","","","","","","","","","","","","","","","","","","","",35000,1,"","",0,1,"","","","","","","","","","","","",5,1,"","","","","","","","","","","","","","","","","","","","","","","","","","","","","","","","","","","","","","","","","","","","","","","","","","","","","",""
"35049001","CANCALE",48.711667,-1.843333,40,1981121006,"","","","",7.,1,240,1,"","","","","","","","","","","","","","","","","","","","","","","","","","","","",4.,1,2.2,1,"","","","","","","","","","","","","","","","","","","","","","","","","","",88,1,"","","","","","","","","","","","",7.2,1,1003.1,1,"","","","","","",5,1,5,1,8,1,0,1,0,1,"","","","","","","","","","","","","","","","","","","","","","","","",20000,1,"","",0,1,"","","","",2,1,"","","","","","",4,1,"","","","","","","","","","","","","","","","","","","","","","","","","","","","","","","","","","","","","","","","","","","","","","","","","","","","","",""
"35049001","CANCALE",48.711667,-1.843333,40,1981121009,"","","","",8.,1,200,1,"","","","","","","","","","","","","","","","","","","","","","","","","","","","",4.6,1,1.8,1,"","","","","","","","","","","","","","","","","","","","","","","","","","",83,1,"","","","","","","","","","","","",7.,1,1004.2,1,"","","","","","",8,1,8,1,8,1,"","","","","","","","","","","","","","","","","","","","","","","","","","","","",20000,1,"","",2,1,8,1,"","","","","","","","","","",4,1,"","","","","","","","","","","","","","","","","","","","","","","","","","","","","","","","","","","","","","","","","","","","","","","","","","","","","",""
"35049001","CANCALE",48.711667,-1.843333,40,1981121012,"","","","",4.,1,240,1,"","","","","","","","","","","","","","","","","","","","","","","","","","","","",6.,1,3.3,1,"","","","","","","","","","","","","","","","","","","","","","","","","","",83,1,"","","","","","","","","","","","",7.8,1,1004.6,1,"","","","","","",8,1,8,1,8,1,"","","","","","","","","","","","","","","","","","","","","","","","","","","","",20000,1,"","",2,1,8,1,"","","","","","","","","","",3,1,"","","","","","","","","","","","","","","","","","","","","","","","","","","","","","","","","","","","","","","","","","","","","","","","","","","","","",""
"35049001","CANCALE",48.711667,-1.843333,40,1981121015,"","","","",4.,1,220,1,"","","","","","","","","","","","","","","","","","","","","","","","","","","","",6.7,1,3.4,1,"","","","","","","","","","","","","","","","","","","","","","","","","","",81,1,"","","","","","","","","","","","",7.9,1,1004.,1,"","","","","","",8,1,8,1,8,1,"","","","","","","","","","","","","","","","","","","","","","","","","","","","",20000,1,"","",2,1,2,1,"","","","","","","","","","",3,1,"","","","","","","","","","","","","","","","","","","","","","","","","","","","","","","","","","","","","","","","","","","","","","","","","","","","","",""
"35049001","CANCALE",48.711667,-1.843333,40,1981121018,"","","","",5.,1,180,1,"","","","","","","","","","","","","","","","","","","","","","","","","","","","",6.,1,3.4,1,"","","","","","","","","","","","","","","","","","","","","","","","","","",85,1,"","","","","","","","","","","","",7.9,1,1004.,1,"","","","","","",7,1,7,1,8,1,"","","","","","","","","","","","","","","","","","","","","","","","","","","","",25000,1,"","",2,1,2,1,"","","","","","","","","","",3,1,"","","","","","","","","","","","","","","","","","","","","","","","","","","","","","","","","","","","","","","","","","","","","","","","","","","","","",""
"35049001","CANCALE",48.711667,-1.843333,40,1981121021,"","","","",5.,1,160,1,"","","","","","","","","","","","","","","","","","","","","","","","","","","","",6.,1,4.1,1,"","","","","","","","","","","","","","","","","","","","","","","","","","",89,1,"","","","","","","","","","","","",8.3,1,1002.,1,"","","","","","",8,1,8,1,5,1,"","","","","","","","","","","","","","","","","","","","","","","","","","","","",25000,1,"","",0,1,"","","","","","","","","","","","",3,1,"","","","","","","","","","","","","","","","","","","","","","","","","","","","","","","","","","","","","","","","","","","","","","","","","","","","","",""
"35049001","CANCALE",48.711667,-1.843333,40,1981121100,"","","","",6.,1,140,1,"","","","","","","","","","","","","","","","","","","","","","","","","","","","",6.2,1,4.5,1,"","","","","","","","","","","","","","","","","","","","","","","","","","",89,1,"","","","","","","","","","","","",8.5,1,997.8,1,"","","","","","",8,1,8,1,5,1,"","","","","","","","","","","","","","","","","","","","","","","","","","","","",25000,1,"","",0,1,"","","","","","","","","","","","",3,1,"","","","","","","","","","","","","","","","","","","","","","","","","","","","","","","","","","","","","","","","","","","","","","","","","","","","","",""
"35049001","CANCALE",48.711667,-1.843333,40,1981121103,"","","","",8.,1,120,1,"","","","","","","","","","","","","","","","","","","","","","","","","","","","",6.2,1,5.6,1,"","","","","","","","","","","","","","","","","","","","","","","","","","",97,1,"","","","","","","","","","","","",9.2,1,992.2,1,"","","","","","",8,1,8,1,7,1,"","","","","","","","","","","","","","","","","","","","","","","","","","","","",6000,1,"","",61,1,"","","","","","","","","","","","",3,1,"","","","","","","","","","","","","","","","","","","","","","","","","","","","","","","","","","","","","","","","","","","","","","","","","","","","","",""
"35049001","CANCALE",48.711667,-1.843333,40,1981121106,"","","","",8.,1,140,1,"","","","","","","","","","","","","","","","","","","","","","","","","","","","",7.1,1,6.4,1,"","","","","","","","","","","","","","","","","","","","","","","","","","",97,1,"","","","","","","","","","","","",9.8,1,988.8,1,"","","","","","",7,1,7,1,8,1,"","","","","","","","","","","","","","","","","","","","","","","","","","","","",16000,1,"","",21,1,"","","","",1,1,"","","","","","",3,1,"","","","","","","","","","","","","","","","","","","","","","","","","","","","","","","","","","","","","","","","","","","","","","","","","","","","","",""
"35049001","CANCALE",48.711667,-1.843333,40,1981121109,"","","","",13.,1,240,1,"","","","","","","","","","","","","","","","","","","","","","","","","","","","",10.,1,8.7,1,"","","","","","","","","","","","","","","","","","","","","","","","","","",93,1,"","","","","","","","","","","","",11.5,1,988.,1,"","","","","","",7,1,7,1,8,1,"","","","","","","","","","","","","","","","","","","","","","","","","","","","",18000,1,"","",25,1,2,1,"","","","","","","","","","",4,1,"","","","","","","","","","","","","","","","","","","","","","","","","","","","","","","","","","","","","","","","","","","","","","","","","","","","","",""
"35049001","CANCALE",48.711667,-1.843333,40,1981121112,"","","","",18.,1,280,1,"","","","","","","","","","","","","","","","","","","","","","","","","","","","",8.7,1,6.6,1,"","","","","","","","","","","","","","","","","","","","","","","","","","",89,1,"","","","","","","","","","","","",9.9,1,992.3,1,"","","","","","",7,1,7,1,8,1,"","","","","","","","","","","","","","","","","","","","","","","","","","","","",18000,1,"","",21,1,8,1,"","","","","","","","","","",4,1,"","","","","","","","","","","","","","","","","","","","","","","","","","","","","","","","","","","","","","","","","","","","","","","","","","","","","",""
"35049001","CANCALE",48.711667,-1.843333,40,1981121115,"","","","",10.,1,300,1,"","","","","","","","","","","","","","","","","","","","","","","","","","","","",7.4,1,2.7,1,"","","","","","","","","","","","","","","","","","","","","","","","","","",73,1,"","","","","","","","","","","","",7.5,1,993.9,1,"","","","","","",8,1,5,1,7,1,2,1,"","","","","","","","","","","","","","","","","","","","","","","","","","",30000,1,"","",2,1,2,1,"","","","","","","","","","",4,1,"","","","","","","","","","","","","","","","","","","","","","","","","","","","","","","","","","","","","","","","","","","","","","","","","","","","","",""
"35049001","CANCALE",48.711667,-1.843333,40,1981121118,"","","","",9.,1,320,1,"","","","","","","","","","","","","","","","","","","","","","","","","","","","",6.6,1,2.5,1,"","","","","","","","","","","","","","","","","","","","","","","","","","",77,1,"","","","","","","","","","","","",7.4,1,995.7,1,"","","","","","",7,1,7,1,5,1,"","","","","","","","","","","","","","","","","","","","","","","","","","","","",30000,1,"","",2,1,6,1,"","","","","","","","","","",3,1,"","","","","","","","","","","","","","","","","","","","","","","","","","","","","","","","","","","","","","","","","","","","","","","","","","","","","",""
"35049001","CANCALE",48.711667,-1.843333,40,1981121121,"","","","",9.,1,300,1,"","","","","","","","","","","","","","","","","","","","","","","","","","","","",6.3,1,1.8,1,"","","","","","","","","","","","","","","","","","","","","","","","","","",73,1,"","","","","","","","","","","","",7.,1,998.3,1,"","","","","","",7,1,7,1,5,1,"","","","","","","","","","","","","","","","","","","","","","","","","","","","",30000,1,"","",0,1,"","","","","","","","","","","","",3,1,"","","","","","","","","","","","","","","","","","","","","","","","","","","","","","","","","","","","","","","","","","","","","","","","","","","","","",""
"35049001","CANCALE",48.711667,-1.843333,40,1981121200,"","","","",4.,1,340,1,"","","","","","","","","","","","","","","","","","","","","","","","","","","","",5.9,1,1.4,1,"","","","","","","","","","","","","","","","","","","","","","","","","","",73,1,"","","","","","","","","","","","",6.8,1,1001.8,1,"","","","","","",6,1,6,1,5,1,0,1,0,1,"","","","","","","","","","","","","","","","","","","","","","","","",30000,1,"","",0,1,"","","","","","","","","","","","",3,1,"","","","","","","","","","","","","","","","","","","","","","","","","","","","","","","","","","","","","","","","","","","","","","","","","","","","","",""
"35049001","CANCALE",48.711667,-1.843333,40,1981121203,"","","","",6.,1,20,1,"","","","","","","","","","","","","","","","","","","","","","","","","","","","",5.,1,0.6,1,"","","","","","","","","","","","","","","","","","","","","","","","","","",73,1,"","","","","","","","","","","","",6.4,1,1003.8,1,"","","","","","",7,1,7,1,5,1,"","","","","","","","","","","","","","","","","","","","","","","","","","","","",30000,1,"","",0,1,"","","","","","","","","","","","",3,1,"","","","","","","","","","","","","","","","","","","","","","","","","","","","","","","","","","","","","","","","","","","","","","","","","","","","","",""
"35049001","CANCALE",48.711667,-1.843333,40,1981121206,"","","","",6.,1,40,1,"","","","","","","","","","","","","","","","","","","","","","","","","","","","",4.4,1,0.8,1,"","","","","","","","","","","","","","","","","","","","","","","","","","",77,1,"","","","","","","","","","","","",6.5,1,1004.6,1,"","","","","","",8,1,8,1,5,1,"","","","","","","","","","","","","","","","","","","","","","","","","","","","",30000,1,"","",0,1,"","","","",0,1,"","","","","","",3,1,"","","","","","","","","","","","","","","","","","","","","","","","","","","","","","","","","","","","","","","","","","","","","","","","","","","","","",""
"35049001","CANCALE",48.711667,-1.843333,40,1981121209,"","","","",7.,1,60,1,"","","","","","","","","","","","","","","","","","","","","","","","","","","","",4.4,1,-0.9,1,"","","","","","","","","","","","","","","","","","","","","","","","","","",68,1,"","","","","","","","","","","","",5.7,1,1005.,1,"","","","","","",8,1,7,1,1,1,2,1,"","","","","","","","","","","","","","","","","","","","","","","","","","",20000,1,"","",2,1,2,1,"","","","","","","","","","",3,1,"","","","","","","","","","","","","","","","","","","","","","","","","","","","","","","","","","","","","","","","","","","","","","","","","","","","","",""
"35049001","CANCALE",48.711667,-1.843333,40,1981121212,"","","","",8.,1,100,1,"","","","","","","","","","","","","","","","","","","","","","","","","","","","",3.4,1,-0.4,1,"","","","","","","","","","","","","","","","","","","","","","","","","","",76,1,"","","","","","","","","","","","",5.9,1,1003.5,1,"","","","","","",8,1,7,1,1,1,2,1,"","","","","","","","","","","","","","","","","","","","","","","","","","",20000,1,"","",2,1,2,1,"","","","","","","","","","",3,1,"","","","","","","","","","","","","","","","","","","","","","","","","","","","","","","","","","","","","","","","","","","","","","","","","","","","","",""
"35049001","CANCALE",48.711667,-1.843333,40,1981121215,"","","","",8.,1,80,1,"","","","","","","","","","","","","","","","","","","","","","","","","","","","",3.6,1,-0.6,1,"","","","","","","","","","","","","","","","","","","","","","","","","","",73,1,"","","","","","","","","","","","",5.8,1,1003.,1,"","","","","","",8,1,7,1,1,1,2,1,"","","","","","","","","","","","","","","","","","","","","","","","","","",20000,1,"","",2,1,2,1,"","","","","","","","","","",3,1,"","","","","","","","","","","","","","","","","","","","","","","","","","","","","","","","","","","","","","","","","","","","","","","","","","","","","",""
"35049001","CANCALE",48.711667,-1.843333,40,1981121218,"","","","",10.,1,80,1,"","","","","","","","","","","","","","","","","","","","","","","","","","","","",3.4,1,-2.1,1,"","","","","","","","","","","","","","","","","","","","","","","","","","",66,1,"","","","","","","","","","","","",5.2,1,1005.6,1,"","","","","","",2,1,0,1,0,1,4,1,0,1,"","","","","","","","","","","","","","","","","","","","","","","","",30000,1,"","",1,1,1,1,"","","","","","","","","","",3,1,"","","","","","","","","","","","","","","","","","","","","","","","","","","","","","","","","","","","","","","","","","","","","","","","","","","","","",""
"35049001","CANCALE",48.711667,-1.843333,40,1981121221,"","","","",6.,1,80,1,"","","","","","","","","","","","","","","","","","","","","","","","","","","","",2.6,1,-1.3,1,"","","","","","","","","","","","","","","","","","","","","","","","","","",75,1,"","","","","","","","","","","","",5.5,1,1008.,1,"","","","","","",0,1,"","",0,1,0,1,0,1,"","","","","","","","","","","","","","","","","","","","","","","","",30000,1,"","",0,1,"","","","","","","","","","","","",3,1,"","","","","","","","","","","","","","","","","","","","","","","","","","","","","","","","","","","","","","","","","","","","","","","","","","","","","",""
"35049001","CANCALE",48.711667,-1.843333,40,1981121300,"","","","",6.,1,100,1,"","","","","","","","","","","","","","","","","","","","","","","","","","","","",2.4,1,-2.9,1,"","","","","","","","","","","","","","","","","","","","","","","","","","",68,1,"","","","","","","","","","","","",4.9,1,1011.5,1,"","","","","","",8,1,8,1,0,1,0,1,7,1,"","","","","","","","","","","","","","","","","","","","","","","","",30000,1,"","",0,1,"","","","","","","","","","","","",3,1,"","","","","","","","","","","","","","","","","","","","","","","","","","","","","","","","","","","","","","","","","","","","","","","","","","","","","",""
"35049001","CANCALE",48.711667,-1.843333,40,1981121303,"","","","",9.,1,120,1,"","","","","","","","","","","","","","","","","","","","","","","","","","","","",1.4,1,-2.1,1,"","","","","","","","","","","","","","","","","","","","","","","","","","",77,1,"","","","","","","","","","","","",5.2,1,1011.5,1,"","","","","","",8,1,8,1,0,1,0,1,7,1,"","","","","","","","","","","","","","","","","","","","","","","","",30000,1,"","",0,1,"","","","","","","","","","","","",3,1,"","","","","","","","","","","","","","","","","","","","","","","","","","","","","","","","","","","","","","","","","","","","","","","","","","","","","",""
"35049001","CANCALE",48.711667,-1.843333,40,1981121306,"","","","",13.,1,120,1,"","","","","","","","","","","","","","","","","","","","","","","","","","","","",1.8,1,-2.1,1,"","","","","","","","","","","","","","","","","","","","","","","","","","",75,1,"","","","","","","","","","","","",5.2,1,1008.7,1,"","","","","","",8,1,8,1,0,1,0,1,7,1,"","","","","","","","","","","","","","","","","","","","","","","","",30000,1,"","",0,1,"","","","",0,1,"","","","","","",4,1,"","","","","","","","","","","","","","","","","","","","","","","","","","","","","","","","","","","","","","","","","","","","","","","","","","","","","",""
"35049001","CANCALE",48.711667,-1.843333,40,1981121309,"","","","",16.,1,140,1,"","","","","","","","","","","","","","","","","","","","","","","","","","","","",1.8,1,-2.1,1,"","","","","","","","","","","","","","","","","","","","","","","","","","",75,1,"","","","","","","","","","","","",5.2,1,1003.6,1,"","","","","","",8,1,8,1,0,1,7,1,"","","","","","","","","","","","","","","","","","","","","","","","","","",18000,1,"","",2,1,2,1,"","","","","","","","","","",4,1,"","","","","","","","","","","","","","","","","","","","","","","","","","","","","","","","","","","","","","","","","","","","","","","","","","","","","",""
"35049001","CANCALE",48.711667,-1.843333,40,1981121312,"","","","",20.,1,140,1,"","","","","","","","","","","","","","","","","","","","","","","","","","","","",0.,1,0.,1,"","","","","","","","","","","","","","","","","","","","","","","","","","",100,1,"","","","","","","","","","","","",6.1,1,995.1,1,"","","","","","",8,1,8,1,7,1,"","","","","","","","","","","","","","","","","","","","","","","","","","","","",500,1,"","",75,1,7,1,"","","","","","","","","","",5,1,"","","","","","","","","","","","","","","","","","","","","","","","","","","","","","","","","","","","","","","","","","","","","","","","","","","","","",""
"35049001","CANCALE",48.711667,-1.843333,40,1981121315,"","","","",22.,1,140,1,"","","","","","","","","","","","","","","","","","","","","","","","","","","","",0.7,1,0.7,1,"","","","","","","","","","","","","","","","","","","","","","","","","","",100,1,"","","","","","","","","","","","",6.4,1,986.7,1,"","","","","","",8,1,8,1,7,1,"","","","","","","","","","","","","","","","","","","","","","","","","","","","",3000,1,"","",63,1,7,1,"","","","","","","","","","",6,1,"","","","","","","","","","","","","","","","","","","","","","","","","","","","","","","","","","","","","","","","","","","","","","","","","","","","","",""
"35049001","CANCALE",48.711667,-1.843333,40,1981121318,"","","","",10.,1,160,1,"","","","","","","","","","","","","","","","","","","","","","","","","","","","",2.2,1,1.4,1,"","","","","","","","","","","","","","","","","","","","","","","","","","",94,1,"","","","","","","","","","","","",6.8,1,982.7,1,"","","","","","",8,1,8,1,7,1,"","","","","","","","","","","","","","","","","","","","","","","","","","","","",10000,1,"","",2,1,7,1,"","","","","","","","","","",5,1,"","","","","","","","","","","","","","","","","","","","","","","","","","","","","","","","","","","","","","","","","","","","","","","","","","","","","",""
"35049001","CANCALE",48.711667,-1.843333,40,1981121321,"","","","",15.,1,240,1,"","","","","","","","","","","","","","","","","","","","","","","","","","","","",8.8,1,6.9,1,"","","","","","","","","","","","","","","","","","","","","","","","","","",89,1,"","","","","","","","","","","","",10.1,1,982.5,1,"","","","","","",8,1,8,1,7,1,"","","","","","","","","","","","","","","","","","","","","","","","","","","","",18000,1,"","",61,1,"","","","","","","","","","","","",5,1,"","","","","","","","","","","","","","","","","","","","","","","","","","","","","","","","","","","","","","","","","","","","","","","","","","","","","",""
"35049001","CANCALE",48.711667,-1.843333,40,1981121400,"","","","",23.,1,260,1,"","","","","","","","","","","","","","","","","","","","","","","","","","","","",10.2,1,5.3,1,"","","","","","","","","","","","","","","","","","","","","","","","","","",72,1,"","","","","","","","","","","","",9.,1,985.6,1,"","","","","","",4,1,0,1,5,1,0,1,0,1,"","","","","","","","","","","","","","","","","","","","","","","","",20000,1,"","",0,1,"","","","","","","","","","","","",6,1,"","","","","","","","","","","","","","","","","","","","","","","","","","","","","","","","","","","","","","","","","","","","","","","","","","","","","",""
"35049001","CANCALE",48.711667,-1.843333,40,1981121403,"","","","",19.,1,260,1,"","","","","","","","","","","","","","","","","","","","","","","","","","","","",10.,1,5.4,1,"","","","","","","","","","","","","","","","","","","","","","","","","","",75,1,"","","","","","","","","","","","",9.1,1,988.4,1,"","","","","","",8,1,8,1,5,1,"","","","","","","","","","","","","","","","","","","","","","","","","","","","",20000,1,"","",0,1,"","","","","","","","","","","","",6,1,"","","","","","","","","","","","","","","","","","","","","","","","","","","","","","","","","","","","","","","","","","","","","","","","","","","","","",""
"35049001","CANCALE",48.711667,-1.843333,40,1981121406,"","","","",15.,1,240,1,"","","","","","","","","","","","","","","","","","","","","","","","","","","","",7.,1,5.7,1,"","","","","","","","","","","","","","","","","","","","","","","","","","",93,1,"","","","","","","","","","","","",9.3,1,990.3,1,"","","","","","",8,1,8,1,5,1,"","","","","","","","","","","","","","","","","","","","","","","","","","","","",30000,1,"","",0,1,"","","","",2,1,"","","","","","",5,1,"","","","","","","","","","","","","","","","","","","","","","","","","","","","","","","","","","","","","","","","","","","","","","","","","","","","","",""
"35049001","CANCALE",48.711667,-1.843333,40,1981121409,"","","","",14.,1,260,1,"","","","","","","","","","","","","","","","","","","","","","","","","","","","",9.5,1,5.4,1,"","","","","","","","","","","","","","","","","","","","","","","","","","",77,1,"","","","","","","","","","","","",9.1,1,993.7,1,"","","","","","",6,1,6,1,3,1,4,1,0,1,"","","","","","","","","","","","","","","","","","","","","","","","",15000,1,"","",25,1,8,1,"","","","","","","","","","",5,1,"","","","","","","","","","","","","","","","","","","","","","","","","","","","","","","","","","","","","","","","","","","","","","","","","","","","","",""
"35049001","CANCALE",48.711667,-1.843333,40,1981121412,"","","","",16.,1,260,1,"","","","","","","","","","","","","","","","","","","","","","","","","","","","",10.,1,4.9,1,"","","","","","","","","","","","","","","","","","","","","","","","","","",72,1,"","","","","","","","","","","","",8.8,1,997.6,1,"","","","","","",6,1,6,1,2,1,4,1,0,1,"","","","","","","","","","","","","","","","","","","","","","","","",10000,1,"","",25,1,8,1,"","","","","","","","","","",5,1,"","","","","","","","","","","","","","","","","","","","","","","","","","","","","","","","","","","","","","","","","","","","","","","","","","","","","",""
"35049001","CANCALE",48.711667,-1.843333,40,1981121415,"","","","",18.,1,240,1,"","","","","","","","","","","","","","","","","","","","","","","","","","","","",6.5,1,3.8,1,"","","","","","","","","","","","","","","","","","","","","","","","","","",84,1,"","","","","","","","","","","","",8.1,1,998.4,1,"","","","","","",7,1,7,1,9,1,"","","","","","","","","","","","","","","","","","","","","","","","","","","","",12000,1,"","",82,1,8,1,"","","","","","","","","","",5,1,"","","","","","","","","","","","","","","","","","","","","","","","","","","","","","","","","","","","","","","","","","","","","","","","","","","","","",""
"35049001","CANCALE",48.711667,-1.843333,40,1981121418,"","","","",20.,1,240,1,"","","","","","","","","","","","","","","","","","","","","","","","","","","","",8.5,1,4.5,1,"","","","","","","","","","","","","","","","","","","","","","","","","","",74,1,"","","","","","","","","","","","",8.5,1,998.6,1,"","","","","","",7,1,7,1,8,1,"","","","","","","","","","","","","","","","","","","","","","","","","","","","",15000,1,"","",80,1,8,1,"","","","","","","","","","",5,1,"","","","","","","","","","","","","","","","","","","","","","","","","","","","","","","","","","","","","","","","","","","","","","","","","","","","","",""
"35049001","CANCALE",48.711667,-1.843333,40,1981121421,"","","","",23.,1,280,1,"","","","","","","","","","","","","","","","","","","","","","","","","","","","",9.3,1,4.5,1,"","","","","","","","","","","","","","","","","","","","","","","","","","",73,1,"","","","","","","","","","","","",8.5,1,1000.2,1,"","","","","","",7,1,7,1,8,1,"","","","","","","","","","","","","","","","","","","","","","","","","","","","",20000,1,"","",81,1,"","","","","","","","","","","","",5,1,"","","","","","","","","","","","","","","","","","","","","","","","","","","","","","","","","","","","","","","","","","","","","","","","","","","","","",""
"35049001","CANCALE",48.711667,-1.843333,40,1981121500,"","","","",21.,1,280,1,"","","","","","","","","","","","","","","","","","","","","","","","","","","","",9.3,1,5.1,1,"","","","","","","","","","","","","","","","","","","","","","","","","","",76,1,"","","","","","","","","","","","",8.9,1,1000.6,1,"","","","","","",5,1,5,1,5,1,0,1,0,1,"","","","","","","","","","","","","","","","","","","","","","","","",30000,1,"","",0,1,"","","","","","","","","","","","",5,1,"","","","","","","","","","","","","","","","","","","","","","","","","","","","","","","","","","","","","","","","","","","","","","","","","","","","","",""
"35049001","CANCALE",48.711667,-1.843333,40,1981121503,"","","","",15.,1,260,1,"","","","","","","","","","","","","","","","","","","","","","","","","","","","",9.7,1,6.4,1,"","","","","","","","","","","","","","","","","","","","","","","","","","",82,1,"","","","","","","","","","","","",9.8,1,1001.2,1,"","","","","","",6,1,6,1,5,1,0,1,0,1,"","","","","","","","","","","","","","","","","","","","","","","","",30000,1,"","",0,1,"","","","","","","","","","","","",5,1,"","","","","","","","","","","","","","","","","","","","","","","","","","","","","","","","","","","","","","","","","","","","","","","","","","","","","",""
"35049001","CANCALE",48.711667,-1.843333,40,1981121506,"","","","",4.,1,200,1,"","","","","","","","","","","","","","","","","","","","","","","","","","","","",7.6,1,6.,1,"","","","","","","","","","","","","","","","","","","","","","","","","","",91,1,"","","","","","","","","","","","",9.5,1,1000.,1,"","","","","","",8,1,8,1,7,1,"","","","","","","","","","","","","","","","","","","","","","","","","","","","",10000,1,"","",61,1,"","","","",2,1,"","","","","","",5,1,"","","","","","","","","","","","","","","","","","","","","","","","","","","","","","","","","","","","","","","","","","","","","","","","","","","","","",""
"35049001","CANCALE",48.711667,-1.843333,40,1981121509,"","","","",2.,1,160,1,"","","","","","","","","","","","","","","","","","","","","","","","","","","","",7.6,1,7.,1,"","","","","","","","","","","","","","","","","","","","","","","","","","",97,1,"","","","","","","","","","","","",10.2,1,997.1,1,"","","","","","",8,1,8,1,7,1,"","","","","","","","","","","","","","","","","","","","","","","","","","","","",12000,1,"","",21,1,6,1,"","","","","","","","","","",4,1,"","","","","","","","","","","","","","","","","","","","","","","","","","","","","","","","","","","","","","","","","","","","","","","","","","","","","",""
"35049001","CANCALE",48.711667,-1.843333,40,1981121512,"","","","",6.,1,200,1,"","","","","","","","","","","","","","","","","","","","","","","","","","","","",11.,1,8.7,1,"","","","","","","","","","","","","","","","","","","","","","","","","","",88,1,"","","","","","","","","","","","",11.5,1,992.4,1,"","","","","","",8,1,8,1,8,1,"","","","","","","","","","","","","","","","","","","","","","","","","","","","",20000,1,"","",2,1,6,1,"","","","","","","","","","",3,1,"","","","","","","","","","","","","","","","","","","","","","","","","","","","","","","","","","","","","","","","","","","","","","","","","","","","","",""
"35049001","CANCALE",48.711667,-1.843333,40,1981121515,"","","","",4.,1,160,1,"","","","","","","","","","","","","","","","","","","","","","","","","","","","",9.8,1,8.7,1,"","","","","","","","","","","","","","","","","","","","","","","","","","",95,1,"","","","","","","","","","","","",11.5,1,990.2,1,"","","","","","",8,1,8,1,8,1,"","","","","","","","","","","","","","","","","","","","","","","","","","","","",15000,1,"","",2,1,2,1,"","","","","","","","","","",2,1,"","","","","","","","","","","","","","","","","","","","","","","","","","","","","","","","","","","","","","","","","","","","","","","","","","","","","",""
"35049001","CANCALE",48.711667,-1.843333,40,1981121518,"","","","",3.,1,220,1,"","","","","","","","","","","","","","","","","","","","","","","","","","","","",11.,1,9.7,1,"","","","","","","","","","","","","","","","","","","","","","","","","","",93,1,"","","","","","","","","","","","",12.3,1,987.2,1,"","","","","","",8,1,8,1,8,1,"","","","","","","","","","","","","","","","","","","","","","","","","","","","",10000,1,"","",82,1,8,1,"","","","","","","","","","",2,1,"","","","","","","","","","","","","","","","","","","","","","","","","","","","","","","","","","","","","","","","","","","","","","","","","","","","","",""
"35049001","CANCALE",48.711667,-1.843333,40,1981121521,"","","","",17.,1,260,1,"","","","","","","","","","","","","","","","","","","","","","","","","","","","",10.6,1,9.1,1,"","","","","","","","","","","","","","","","","","","","","","","","","","",92,1,"","","","","","","","","","","","",11.8,1,984.2,1,"","","","","","",8,1,8,1,8,1,"","","","","","","","","","","","","","","","","","","","","","","","","","","","",10000,1,"","",0,1,"","","","","","","","","","","","",4,1,"","","","","","","","","","","","","","","","","","","","","","","","","","","","","","","","","","","","","","","","","","","","","","","","","","","","","",""
"35049001","CANCALE",48.711667,-1.843333,40,1981121600,"","","","",6.,1,320,1,"","","","","","","","","","","","","","","","","","","","","","","","","","","","",7.4,1,6.3,1,"","","","","","","","","","","","","","","","","","","","","","","","","","",94,1,"","","","","","","","","","","","",9.7,1,988.6,1,"","","","","","",8,1,8,1,5,1,"","","","","","","","","","","","","","","","","","","","","","","","","","","","",30000,1,"","",0,1,"","","","","","","","","","","","",4,1,"","","","","","","","","","","","","","","","","","","","","","","","","","","","","","","","","","","","","","","","","","","","","","","","","","","","","",""
"35049001","CANCALE",48.711667,-1.843333,40,1981121603,"","","","",5.,1,20,1,"","","","","","","","","","","","","","","","","","","","","","","","","","","","",6.8,1,4.8,1,"","","","","","","","","","","","","","","","","","","","","","","","","","",88,1,"","","","","","","","","","","","",8.7,1,992.8,1,"","","","","","",8,1,8,1,5,1,"","","","","","","","","","","","","","","","","","","","","","","","","","","","",30000,1,"","",0,1,"","","","","","","","","","","","",3,1,"","","","","","","","","","","","","","","","","","","","","","","","","","","","","","","","","","","","","","","","","","","","","","","","","","","","","",""
"35049001","CANCALE",48.711667,-1.843333,40,1981121606,"","","","",2.,1,60,1,"","","","","","","","","","","","","","","","","","","","","","","","","","","","",6.5,1,4.5,1,"","","","","","","","","","","","","","","","","","","","","","","","","","",88,1,"","","","","","","","","","","","",8.5,1,996.,1,"","","","","","",8,1,8,1,7,1,"","","","","","","","","","","","","","","","","","","","","","","","","","","","",12000,1,"","",61,1,"","","","",2,1,"","","","","","",2,1,"","","","","","","","","","","","","","","","","","","","","","","","","","","","","","","","","","","","","","","","","","","","","","","","","","","","","",""
"35049001","CANCALE",48.711667,-1.843333,40,1981121609,"","","","",4.,1,120,1,"","","","","","","","","","","","","","","","","","","","","","","","","","","","",5.9,1,4.1,1,"","","","","","","","","","","","","","","","","","","","","","","","","","",89,1,"","","","","","","","","","","","",8.3,1,998.2,1,"","","","","","",8,1,8,1,7,1,"","","","","","","","","","","","","","","","","","","","","","","","","","","","",12000,1,"","",61,1,6,1,"","","","","","","","","","",3,1,"","","","","","","","","","","","","","","","","","","","","","","","","","","","","","","","","","","","","","","","","","","","","","","","","","","","","",""
"35049001","CANCALE",48.711667,-1.843333,40,1981121612,"","","","",5.,1,120,1,"","","","","","","","","","","","","","","","","","","","","","","","","","","","",6.2,1,4.5,1,"","","","","","","","","","","","","","","","","","","","","","","","","","",89,1,"","","","","","","","","","","","",8.5,1,998.8,1,"","","","","","",8,1,8,1,7,1,"","","","","","","","","","","","","","","","","","","","","","","","","","","","",10000,1,"","",61,1,6,1,"","","","","","","","","","",3,1,"","","","","","","","","","","","","","","","","","","","","","","","","","","","","","","","","","","","","","","","","","","","","","","","","","","","","",""
"35049001","CANCALE",48.711667,-1.843333,40,1981121615,"","","","",7.,1,60,1,"","","","","","","","","","","","","","","","","","","","","","","","","","","","",5.4,1,4.3,1,"","","","","","","","","","","","","","","","","","","","","","","","","","",94,1,"","","","","","","","","","","","",8.4,1,998.8,1,"","","","","","",8,1,8,1,5,1,"","","","","","","","","","","","","","","","","","","","","","","","","","","","",10000,1,"","",21,1,6,1,"","","","","","","","","","",3,1,"","","","","","","","","","","","","","","","","","","","","","","","","","","","","","","","","","","","","","","","","","","","","","","","","","","","","",""
"35049001","CANCALE",48.711667,-1.843333,40,1981121618,"","","","",2.,1,100,1,"","","","","","","","","","","","","","","","","","","","","","","","","","","","",4.4,1,3.3,1,"","","","","","","","","","","","","","","","","","","","","","","","","","",93,1,"","","","","","","","","","","","",7.8,1,1000.4,1,"","","","","","",7,1,7,1,5,1,"","","","","","","","","","","","","","","","","","","","","","","","","","","","",8000,1,"","",2,1,6,1,"","","","","","","","","","",3,1,"","","","","","","","","","","","","","","","","","","","","","","","","","","","","","","","","","","","","","","","","","","","","","","","","","","","","",""
"35049001","CANCALE",48.711667,-1.843333,40,1981121621,"","","","",5.,1,180,1,"","","","","","","","","","","","","","","","","","","","","","","","","","","","",6.3,1,4.5,1,"","","","","","","","","","","","","","","","","","","","","","","","","","",89,1,"","","","","","","","","","","","",8.5,1,1000.4,1,"","","","","","",8,1,8,1,7,1,"","","","","","","","","","","","","","","","","","","","","","","","","","","","",8000,1,"","",61,1,"","","","","","","","","","","","",3,1,"","","","","","","","","","","","","","","","","","","","","","","","","","","","","","","","","","","","","","","","","","","","","","","","","","","","","",""
"35049001","CANCALE",48.711667,-1.843333,40,1981121700,"","","","",9.,1,220,1,"","","","","","","","","","","","","","","","","","","","","","","","","","","","",6.8,1,4.2,1,"","","","","","","","","","","","","","","","","","","","","","","","","","",84,1,"","","","","","","","","","","","",8.3,1,1000.2,1,"","","","","","",6,1,6,1,8,1,0,1,0,1,"","","","","","","","","","","","","","","","","","","","","","","","",30000,1,"","",0,1,"","","","","","","","","","","","",3,1,"","","","","","","","","","","","","","","","","","","","","","","","","","","","","","","","","","","","","","","","","","","","","","","","","","","","","",""
"35049001","CANCALE",48.711667,-1.843333,40,1981121703,"","","","",11.,1,240,1,"","","","","","","","","","","","","","","","","","","","","","","","","","","","",7.4,1,4.5,1,"","","","","","","","","","","","","","","","","","","","","","","","","","",83,1,"","","","","","","","","","","","",8.5,1,1000.2,1,"","","","","","",5,1,5,1,8,1,0,1,0,1,"","","","","","","","","","","","","","","","","","","","","","","","",25000,1,"","",0,1,"","","","","","","","","","","","",4,1,"","","","","","","","","","","","","","","","","","","","","","","","","","","","","","","","","","","","","","","","","","","","","","","","","","","","","",""
"35049001","CANCALE",48.711667,-1.843333,40,1981121706,"","","","",10.,1,240,1,"","","","","","","","","","","","","","","","","","","","","","","","","","","","",7.4,1,5.3,1,"","","","","","","","","","","","","","","","","","","","","","","","","","",87,1,"","","","","","","","","","","","",9.,1,1000.6,1,"","","","","","",6,1,6,1,8,1,0,1,0,1,"","","","","","","","","","","","","","","","","","","","","","","","",20000,1,"","",0,1,"","","","",1,1,"","","","","","",4,1,"","","","","","","","","","","","","","","","","","","","","","","","","","","","","","","","","","","","","","","","","","","","","","","","","","","","","",""
"35049001","CANCALE",48.711667,-1.843333,40,1981121709,"","","","",7.,1,240,1,"","","","","","","","","","","","","","","","","","","","","","","","","","","","",6.7,1,3.8,1,"","","","","","","","","","","","","","","","","","","","","","","","","","",82,1,"","","","","","","","","","","","",8.1,1,1001.6,1,"","","","","","",6,1,6,1,5,1,0,1,0,1,"","","","","","","","","","","","","","","","","","","","","","","","",12000,1,"","",2,1,2,1,"","","","","","","","","","",3,1,"","","","","","","","","","","","","","","","","","","","","","","","","","","","","","","","","","","","","","","","","","","","","","","","","","","","","",""
"35049001","CANCALE",48.711667,-1.843333,40,1981121712,"","","","",4.,1,220,1,"","","","","","","","","","","","","","","","","","","","","","","","","","","","",8.,1,4.5,1,"","","","","","","","","","","","","","","","","","","","","","","","","","",78,1,"","","","","","","","","","","","",8.5,1,1001.5,1,"","","","","","",6,1,6,1,5,1,0,1,0,1,"","","","","","","","","","","","","","","","","","","","","","","","",10000,1,"","",2,1,2,1,"","","","","","","","","","",3,1,"","","","","","","","","","","","","","","","","","","","","","","","","","","","","","","","","","","","","","","","","","","","","","","","","","","","","",""
"35049001","CANCALE",48.711667,-1.843333,40,1981121715,"","","","",2.,1,140,1,"","","","","","","","","","","","","","","","","","","","","","","","","","","","",7.8,1,4.8,1,"","","","","","","","","","","","","","","","","","","","","","","","","","",82,1,"","","","","","","","","","","","",8.7,1,999.9,1,"","","","","","",8,1,8,1,5,1,"","","","","","","","","","","","","","","","","","","","","","","","","","","","",12000,1,"","",2,1,2,1,"","","","","","","","","","",3,1,"","","","","","","","","","","","","","","","","","","","","","","","","","","","","","","","","","","","","","","","","","","","","","","","","","","","","",""
"35049001","CANCALE",48.711667,-1.843333,40,1981121718,"","","","",3.,1,180,1,"","","","","","","","","","","","","","","","","","","","","","","","","","","","",6.,1,4.7,1,"","","","","","","","","","","","","","","","","","","","","","","","","","",92,1,"","","","","","","","","","","","",8.6,1,999.,1,"","","","","","",8,1,8,1,5,1,"","","","","","","","","","","","","","","","","","","","","","","","","","","","",20000,1,"","",63,1,6,1,"","","","","","","","","","",3,1,"","","","","","","","","","","","","","","","","","","","","","","","","","","","","","","","","","","","","","","","","","","","","","","","","","","","","",""
"35049001","CANCALE",48.711667,-1.843333,40,1981121721,"","","","",7.,1,180,1,"","","","","","","","","","","","","","","","","","","","","","","","","","","","",6.,1,4.,1,"","","","","","","","","","","","","","","","","","","","","","","","","","",87,1,"","","","","","","","","","","","",8.2,1,997.4,1,"","","","","","",8,1,7,1,5,1,"","","","","","","","","","","","","","","","","","","","","","","","","","","","",15000,1,"","",63,1,6,1,"","","","","","","","","","",3,1,"","","","","","","","","","","","","","","","","","","","","","","","","","","","","","","","","","","","","","","","","","","","","","","","","","","","","",""
"35049001","CANCALE",48.711667,-1.843333,40,1981121800,"","","","",11.,1,180,1,"","","","","","","","","","","","","","","","","","","","","","","","","","","","",5.5,1,4.3,1,"","","","","","","","","","","","","","","","","","","","","","","","","","",93,1,"","","","","","","","","","","","",8.4,1,995.1,1,"","","","","","",7,1,7,1,8,1,"","","","","","","","","","","","","","","","","","","","","","","","","","","","",15000,1,"","",0,1,"","","","","","","","","","","","",3,1,"","","","","","","","","","","","","","","","","","","","","","","","","","","","","","","","","","","","","","","","","","","","","","","","","","","","","",""
"35049001","CANCALE",48.711667,-1.843333,40,1981121803,"","","","",13.,1,60,1,"","","","","","","","","","","","","","","","","","","","","","","","","","","","",5.5,1,4.1,1,"","","","","","","","","","","","","","","","","","","","","","","","","","",92,1,"","","","","","","","","","","","",8.3,1,993.9,1,"","","","","","",7,1,7,1,8,1,"","","","","","","","","","","","","","","","","","","","","","","","","","","","",10000,1,"","",0,1,"","","","","","","","","","","","",3,1,"","","","","","","","","","","","","","","","","","","","","","","","","","","","","","","","","","","","","","","","","","","","","","","","","","","","","",""
"35049001","CANCALE",48.711667,-1.843333,40,1981121806,"","","","",15.,1,60,1,"","","","","","","","","","","","","","","","","","","","","","","","","","","","",4.2,1,3.6,1,"","","","","","","","","","","","","","","","","","","","","","","","","","",97,1,"","","","","","","","","","","","",8.,1,993.9,1,"","","","","","",8,1,8,1,5,1,"","","","","","","","","","","","","","","","","","","","","","","","","","","","",8000,1,"","",61,1,"","","","",2,1,"","","","","","",4,1,"","","","","","","","","","","","","","","","","","","","","","","","","","","","","","","","","","","","","","","","","","","","","","","","","","","","","",""
"35049001","CANCALE",48.711667,-1.843333,40,1981121809,"","","","",17.,1,60,1,"","","","","","","","","","","","","","","","","","","","","","","","","","","","",4.,1,1.4,1,"","","","","","","","","","","","","","","","","","","","","","","","","","",84,1,"","","","","","","","","","","","",6.8,1,997.6,1,"","","","","","",8,1,8,1,5,1,"","","","","","","","","","","","","","","","","","","","","","","","","","","","",10000,1,"","",21,1,6,1,"","","","","","","","","","",5,1,"","","","","","","","","","","","","","","","","","","","","","","","","","","","","","","","","","","","","","","","","","","","","","","","","","","","","",""
"35049001","CANCALE",48.711667,-1.843333,40,1981121812,"","","","",15.,1,40,1,"","","","","","","","","","","","","","","","","","","","","","","","","","","","",4.4,1,-1.6,1,"","","","","","","","","","","","","","","","","","","","","","","","","","",65,1,"","","","","","","","","","","","",5.4,1,1001.8,1,"","","","","","",8,1,8,1,5,1,"","","","","","","","","","","","","","","","","","","","","","","","","","","","",12000,1,"","",2,1,6,1,"","","","","","","","","","",6,1,"","","","","","","","","","","","","","","","","","","","","","","","","","","","","","","","","","","","","","","","","","","","","","","","","","","","","",""
"35049001","CANCALE",48.711667,-1.843333,40,1981121815,"","","","",15.,1,340,1,"","","","","","","","","","","","","","","","","","","","","","","","","","","","",4.6,1,-0.6,1,"","","","","","","","","","","","","","","","","","","","","","","","","","",68,1,"","","","","","","","","","","","",5.8,1,1005.9,1,"","","","","","",6,1,6,1,3,1,0,1,2,1,"","","","","","","","","","","","","","","","","","","","","","","","",20000,1,"","",2,1,2,1,"","","","","","","","","","",5,1,"","","","","","","","","","","","","","","","","","","","","","","","","","","","","","","","","","","","","","","","","","","","","","","","","","","","","",""
"35049001","CANCALE",48.711667,-1.843333,40,1981121818,"","","","",12.,1,320,1,"","","","","","","","","","","","","","","","","","","","","","","","","","","","",4.4,1,-0.9,1,"","","","","","","","","","","","","","","","","","","","","","","","","","",68,1,"","","","","","","","","","","","",5.7,1,1010.6,1,"","","","","","",5,1,5,1,3,1,0,1,0,1,"","","","","","","","","","","","","","","","","","","","","","","","",25000,1,"","",2,1,2,1,"","","","","","","","","","",5,1,"","","","","","","","","","","","","","","","","","","","","","","","","","","","","","","","","","","","","","","","","","","","","","","","","","","","","",""
"35049001","CANCALE",48.711667,-1.843333,40,1981121821,"","","","",11.,1,340,1,"","","","","","","","","","","","","","","","","","","","","","","","","","","","",3.4,1,-2.1,1,"","","","","","","","","","","","","","","","","","","","","","","","","","",67,1,"","","","","","","","","","","","",5.2,1,1015.,1,"","","","","","",4,1,0,1,3,1,0,1,0,1,"","","","","","","","","","","","","","","","","","","","","","","","",25000,1,"","",0,1,"","","","","","","","","","","","",5,1,"","","","","","","","","","","","","","","","","","","","","","","","","","","","","","","","","","","","","","","","","","","","","","","","","","","","","",""
"35049001","CANCALE",48.711667,-1.843333,40,1981121900,"","","","",9.,1,340,1,"","","","","","","","","","","","","","","","","","","","","","","","","","","","",3.2,1,-3.2,1,"","","","","","","","","","","","","","","","","","","","","","","","","","",63,1,"","","","","","","","","","","","",4.8,1,1017.5,1,"","","","","","",4,1,0,1,3,1,0,1,0,1,"","","","","","","","","","","","","","","","","","","","","","","","",30000,1,"","",0,1,"","","","","","","","","","","","",5,1,"","","","","","","","","","","","","","","","","","","","","","","","","","","","","","","","","","","","","","","","","","","","","","","","","","","","","",""
"35049001","CANCALE",48.711667,-1.843333,40,1981121903,"","","","",8.,1,340,1,"","","","","","","","","","","","","","","","","","","","","","","","","","","","",3.4,1,-1.6,1,"","","","","","","","","","","","","","","","","","","","","","","","","","",70,1,"","","","","","","","","","","","",5.4,1,1020.,1,"","","","","","",4,1,0,1,3,1,0,1,0,1,"","","","","","","","","","","","","","","","","","","","","","","","",30000,1,"","",0,1,"","","","","","","","","","","","",5,1,"","","","","","","","","","","","","","","","","","","","","","","","","","","","","","","","","","","","","","","","","","","","","","","","","","","","","",""
"35049001","CANCALE",48.711667,-1.843333,40,1981121906,"","","","",5.,1,360,1,"","","","","","","","","","","","","","","","","","","","","","","","","","","","",3.3,1,0.,1,"","","","","","","","","","","","","","","","","","","","","","","","","","",79,1,"","","","","","","","","","","","",6.1,1,1021.1,1,"","","","","","",5,1,5,1,3,1,0,1,0,1,"","","","","","","","","","","","","","","","","","","","","","","","",30000,1,"","",0,1,"","","","",0,1,"","","","","","",4,1,"","","","","","","","","","","","","","","","","","","","","","","","","","","","","","","","","","","","","","","","","","","","","","","","","","","","","",""
"35049001","CANCALE",48.711667,-1.843333,40,1981121909,"","","","",1.,1,340,1,"","","","","","","","","","","","","","","","","","","","","","","","","","","","",3.3,1,-1.4,1,"","","","","","","","","","","","","","","","","","","","","","","","","","",71,1,"","","","","","","","","","","","",5.5,1,1023.3,1,"","","","","","",5,1,5,1,2,1,0,1,0,1,"","","","","","","","","","","","","","","","","","","","","","","","",30000,1,"","",2,1,2,1,"","","","","","","","","","",2,1,"","","","","","","","","","","","","","","","","","","","","","","","","","","","","","","","","","","","","","","","","","","","","","","","","","","","","",""
"35049001","CANCALE",48.711667,-1.843333,40,1981121912,"","","","",3.,1,160,1,"","","","","","","","","","","","","","","","","","","","","","","","","","","","",3.5,1,-1.2,1,"","","","","","","","","","","","","","","","","","","","","","","","","","",71,1,"","","","","","","","","","","","",5.6,1,1023.6,1,"","","","","","",4,1,0,1,2,1,5,1,0,1,"","","","","","","","","","","","","","","","","","","","","","","","",25000,1,"","",1,1,1,1,"","","","","","","","","","",2,1,"","","","","","","","","","","","","","","","","","","","","","","","","","","","","","","","","","","","","","","","","","","","","","","","","","","","","",""
"35049001","CANCALE",48.711667,-1.843333,40,1981121915,"","","","",7.,1,160,1,"","","","","","","","","","","","","","","","","","","","","","","","","","","","",3.,1,-3.5,1,"","","","","","","","","","","","","","","","","","","","","","","","","","",63,1,"","","","","","","","","","","","",4.7,1,1022.7,1,"","","","","","",8,1,5,1,5,1,7,1,"","","","","","","","","","","","","","","","","","","","","","","","","","",22000,1,"","",2,1,2,1,"","","","","","","","","","",2,1,"","","","","","","","","","","","","","","","","","","","","","","","","","","","","","","","","","","","","","","","","","","","","","","","","","","","","",""
"35049001","CANCALE",48.711667,-1.843333,40,1981121918,"","","","",10.,1,160,1,"","","","","","","","","","","","","","","","","","","","","","","","","","","","",2.6,1,-2.7,1,"","","","","","","","","","","","","","","","","","","","","","","","","","",68,1,"","","","","","","","","","","","",5.,1,1020.8,1,"","","","","","",6,1,6,1,0,1,7,1,0,1,"","","","","","","","","","","","","","","","","","","","","","","","",25000,1,"","",2,1,2,1,"","","","","","","","","","",3,1,"","","","","","","","","","","","","","","","","","","","","","","","","","","","","","","","","","","","","","","","","","","","","","","","","","","","","",""
"35049001","CANCALE",48.711667,-1.843333,40,1981121921,"","","","",14.,1,160,1,"","","","","","","","","","","","","","","","","","","","","","","","","","","","",2.6,1,-1.9,1,"","","","","","","","","","","","","","","","","","","","","","","","","","",72,1,"","","","","","","","","","","","",5.3,1,1018.4,1,"","","","","","",6,1,6,1,0,1,7,1,0,1,"","","","","","","","","","","","","","","","","","","","","","","","",35000,1,"","",2,1,2,1,"","","","","","","","","","",4,1,"","","","","","","","","","","","","","","","","","","","","","","","","","","","","","","","","","","","","","","","","","","","","","","","","","","","","",""
"35049001","CANCALE",48.711667,-1.843333,40,1981122000,"","","","",15.,1,160,1,"","","","","","","","","","","","","","","","","","","","","","","","","","","","",2.5,1,-1.6,1,"","","","","","","","","","","","","","","","","","","","","","","","","","",73,1,"","","","","","","","","","","","",5.4,1,1014.7,1,"","","","","","",5,1,5,1,0,1,7,1,0,1,"","","","","","","","","","","","","","","","","","","","","","","","",35000,1,"","",0,1,"","","","","","","","","","","","",4,1,"","","","","","","","","","","","","","","","","","","","","","","","","","","","","","","","","","","","","","","","","","","","","","","","","","","","","",""
"35049001","CANCALE",48.711667,-1.843333,40,1981122003,"","","","",16.,1,140,1,"","","","","","","","","","","","","","","","","","","","","","","","","","","","",2.7,1,-2.1,1,"","","","","","","","","","","","","","","","","","","","","","","","","","",70,1,"","","","","","","","","","","","",5.2,1,1009.7,1,"","","","","","",5,1,5,1,0,1,7,1,0,1,"","","","","","","","","","","","","","","","","","","","","","","","",35000,1,"","",0,1,"","","","","","","","","","","","",4,1,"","","","","","","","","","","","","","","","","","","","","","","","","","","","","","","","","","","","","","","","","","","","","","","","","","","","","",""
"35049001","CANCALE",48.711667,-1.843333,40,1981122006,"","","","",20.,1,140,1,"","","","","","","","","","","","","","","","","","","","","","","","","","","","",2.5,1,-2.9,1,"","","","","","","","","","","","","","","","","","","","","","","","","","",67,1,"","","","","","","","","","","","",4.9,1,1005.6,1,"","","","","","",8,1,8,1,5,1,"","","","","","","","","","","","","","","","","","","","","","","","","","","","",30000,1,"","",0,1,"","","","",0,1,"","","","","","",6,1,"","","","","","","","","","","","","","","","","","","","","","","","","","","","","","","","","","","","","","","","","","","","","","","","","","","","","",""
"35049001","CANCALE",48.711667,-1.843333,40,1981122009,"","","","",16.,1,140,1,"","","","","","","","","","","","","","","","","","","","","","","","","","","","",3.4,1,-2.6,1,"","","","","","","","","","","","","","","","","","","","","","","","","","",65,1,"","","","","","","","","","","","",5.,1,1003.6,1,"","","","","","",8,1,8,1,5,1,"","","","","","","","","","","","","","","","","","","","","","","","","","","","",30000,1,"","",2,1,2,1,"","","","","","","","","","",5,1,"","","","","","","","","","","","","","","","","","","","","","","","","","","","","","","","","","","","","","","","","","","","","","","","","","","","","",""
"35049001","CANCALE",48.711667,-1.843333,40,1981122012,"","","","",14.,1,140,1,"","","","","","","","","","","","","","","","","","","","","","","","","","","","",4.2,1,-2.6,1,"","","","","","","","","","","","","","","","","","","","","","","","","","",61,1,"","","","","","","","","","","","",5.,1,1002.,1,"","","","","","",8,1,8,1,5,1,"","","","","","","","","","","","","","","","","","","","","","","","","","","","",25000,1,"","",2,1,2,1,"","","","","","","","","","",5,1,"","","","","","","","","","","","","","","","","","","","","","","","","","","","","","","","","","","","","","","","","","","","","","","","","","","","","",""
"35049001","CANCALE",48.711667,-1.843333,40,1981122015,"","","","",14.,1,120,1,"","","","","","","","","","","","","","","","","","","","","","","","","","","","",2.4,1,0.8,1,"","","","","","","","","","","","","","","","","","","","","","","","","","",89,1,"","","","","","","","","","","","",6.5,1,998.7,1,"","","","","","",7,1,7,1,7,1,"","","","","","","","","","","","","","","","","","","","","","","","","","","","",4000,1,"","",63,1,6,1,"","","","","","","","","","",5,1,"","","","","","","","","","","","","","","","","","","","","","","","","","","","","","","","","","","","","","","","","","","","","","","","","","","","","",""
"35049001","CANCALE",48.711667,-1.843333,40,1981122018,"","","","",12.,1,160,1,"","","","","","","","","","","","","","","","","","","","","","","","","","","","",3.1,1,1.8,1,"","","","","","","","","","","","","","","","","","","","","","","","","","",91,1,"","","","","","","","","","","","",7.,1,997.1,1,"","","","","","",8,1,8,1,5,1,"","","","","","","","","","","","","","","","","","","","","","","","","","","","",18000,1,"","",2,1,6,1,"","","","","","","","","","",5,1,"","","","","","","","","","","","","","","","","","","","","","","","","","","","","","","","","","","","","","","","","","","","","","","","","","","","","",""
"35049001","CANCALE",48.711667,-1.843333,40,1981122021,"","","","",10.,1,140,1,"","","","","","","","","","","","","","","","","","","","","","","","","","","","",3.8,1,0.4,1,"","","","","","","","","","","","","","","","","","","","","","","","","","",78,1,"","","","","","","","","","","","",6.3,1,995.5,1,"","","","","","",8,1,8,1,5,1,"","","","","","","","","","","","","","","","","","","","","","","","","","","","",25000,1,"","",0,1,"","","","","","","","","","","","",4,1,"","","","","","","","","","","","","","","","","","","","","","","","","","","","","","","","","","","","","","","","","","","","","","","","","","","","","",""
"35049001","CANCALE",48.711667,-1.843333,40,1981122100,"","","","",8.,1,140,1,"","","","","","","","","","","","","","","","","","","","","","","","","","","","",4.2,1,3.6,1,"","","","","","","","","","","","","","","","","","","","","","","","","","",97,1,"","","","","","","","","","","","",8.,1,993.7,1,"","","","","","",8,1,8,1,5,1,"","","","","","","","","","","","","","","","","","","","","","","","","","","","",18000,1,"","",0,1,"","","","","","","","","","","","",4,1,"","","","","","","","","","","","","","","","","","","","","","","","","","","","","","","","","","","","","","","","","","","","","","","","","","","","","",""
"35049001","CANCALE",48.711667,-1.843333,40,1981122103,"","","","",5.,1,140,1,"","","","","","","","","","","","","","","","","","","","","","","","","","","","",4.7,1,4.7,1,"","","","","","","","","","","","","","","","","","","","","","","","","","",99,1,"","","","","","","","","","","","",8.4,1,992.3,1,"","","","","","",8,1,8,1,5,1,"","","","","","","","","","","","","","","","","","","","","","","","","","","","",8000,1,"","",0,1,"","","","","","","","","","","","",3,1,"","","","","","","","","","","","","","","","","","","","","","","","","","","","","","","","","","","","","","","","","","","","","","","","","","","","","",""
"35049001","CANCALE",48.711667,-1.843333,40,1981122106,"","","","",8.,1,220,1,"","","","","","","","","","","","","","","","","","","","","","","","","","","","",5.9,1,4.8,1,"","","","","","","","","","","","","","","","","","","","","","","","","","",94,1,"","","","","","","","","","","","",8.7,1,990.8,1,"","","","","","",7,1,7,1,8,1,"","","","","","","","","","","","","","","","","","","","","","","","","","","","",15000,1,"","",0,1,"","","","",1,1,"","","","","","",3,1,"","","","","","","","","","","","","","","","","","","","","","","","","","","","","","","","","","","","","","","","","","","","","","","","","","","","","",""
"35049001","CANCALE",48.711667,-1.843333,40,1981122109,"","","","",6.,1,260,1,"","","","","","","","","","","","","","","","","","","","","","","","","","","","",6.2,1,4.5,1,"","","","","","","","","","","","","","","","","","","","","","","","","","",90,1,"","","","","","","","","","","","",8.5,1,990.8,1,"","","","","","",7,1,7,1,8,1,"","","","","","","","","","","","","","","","","","","","","","","","","","","","",12000,1,"","",81,1,2,1,"","","","","","","","","","",3,1,"","","","","","","","","","","","","","","","","","","","","","","","","","","","","","","","","","","","","","","","","","","","","","","","","","","","","",""
"35049001","CANCALE",48.711667,-1.843333,40,1981122112,"","","","",8.,1,260,1,"","","","","","","","","","","","","","","","","","","","","","","","","","","","",7.6,1,5.1,1,"","","","","","","","","","","","","","","","","","","","","","","","","","",86,1,"","","","","","","","","","","","",8.9,1,990.3,1,"","","","","","",5,1,0,1,9,1,4,1,0,1,"","","","","","","","","","","","","","","","","","","","","","","","",18000,1,"","",3,1,8,1,"","","","","","","","","","",3,1,"","","","","","","","","","","","","","","","","","","","","","","","","","","","","","","","","","","","","","","","","","","","","","","","","","","","","",""
"35049001","CANCALE",48.711667,-1.843333,40,1981122115,"","","","",7.,1,260,1,"","","","","","","","","","","","","","","","","","","","","","","","","","","","",7.9,1,5.7,1,"","","","","","","","","","","","","","","","","","","","","","","","","","",87,1,"","","","","","","","","","","","",9.3,1,989.8,1,"","","","","","",3,1,0,1,9,1,4,1,0,1,"","","","","","","","","","","","","","","","","","","","","","","","",25000,1,"","",2,1,8,1,"","","","","","","","","","",3,1,"","","","","","","","","","","","","","","","","","","","","","","","","","","","","","","","","","","","","","","","","","","","","","","","","","","","","",""
"35049001","CANCALE",48.711667,-1.843333,40,1981122118,"","","","",6.,1,240,1,"","","","","","","","","","","","","","","","","","","","","","","","","","","","",7.1,1,4.,1,"","","","","","","","","","","","","","","","","","","","","","","","","","",81,1,"","","","","","","","","","","","",8.2,1,989.8,1,"","","","","","",3,1,0,1,9,1,4,1,0,1,"","","","","","","","","","","","","","","","","","","","","","","","",30000,1,"","",0,1,8,1,"","","","","","","","","","",3,1,"","","","","","","","","","","","","","","","","","","","","","","","","","","","","","","","","","","","","","","","","","","","","","","","","","","","","",""
"35049001","CANCALE",48.711667,-1.843333,40,1981122121,"","","","",9.,1,240,1,"","","","","","","","","","","","","","","","","","","","","","","","","","","","",6.6,1,3.8,1,"","","","","","","","","","","","","","","","","","","","","","","","","","",84,1,"","","","","","","","","","","","",8.1,1,989.8,1,"","","","","","",2,1,0,1,0,1,6,1,0,1,"","","","","","","","","","","","","","","","","","","","","","","","",30000,1,"","",0,1,"","","","","","","","","","","","",3,1,"","","","","","","","","","","","","","","","","","","","","","","","","","","","","","","","","","","","","","","","","","","","","","","","","","","","","",""
"35049001","CANCALE",48.711667,-1.843333,40,1981122200,"","","","",6.,1,220,1,"","","","","","","","","","","","","","","","","","","","","","","","","","","","",5.,1,3.1,1,"","","","","","","","","","","","","","","","","","","","","","","","","","",89,1,"","","","","","","","","","","","",7.7,1,989.1,1,"","","","","","",7,1,0,1,8,1,7,1,"","","","","","","","","","","","","","","","","","","","","","","","","","",25000,1,"","",0,1,"","","","","","","","","","","","",3,1,"","","","","","","","","","","","","","","","","","","","","","","","","","","","","","","","","","","","","","","","","","","","","","","","","","","","","",""
"35049001","CANCALE",48.711667,-1.843333,40,1981122203,"","","","",4.,1,140,1,"","","","","","","","","","","","","","","","","","","","","","","","","","","","",4.6,1,4.,1,"","","","","","","","","","","","","","","","","","","","","","","","","","",97,1,"","","","","","","","","","","","",8.2,1,988.6,1,"","","","","","",7,1,0,1,5,1,7,1,"","","","","","","","","","","","","","","","","","","","","","","","","","",18000,1,"","",0,1,"","","","","","","","","","","","",3,1,"","","","","","","","","","","","","","","","","","","","","","","","","","","","","","","","","","","","","","","","","","","","","","","","","","","","","",""
"35049001","CANCALE",48.711667,-1.843333,40,1981122206,"","","","",1.,1,160,1,"","","","","","","","","","","","","","","","","","","","","","","","","","","","",3.7,1,3.1,1,"","","","","","","","","","","","","","","","","","","","","","","","","","",97,1,"","","","","","","","","","","","",7.7,1,988.7,1,"","","","","","",6,1,0,1,5,1,7,1,0,1,"","","","","","","","","","","","","","","","","","","","","","","","",20000,1,"","",0,1,"","","","",1,1,"","","","","","",3,1,"","","","","","","","","","","","","","","","","","","","","","","","","","","","","","","","","","","","","","","","","","","","","","","","","","","","","",""
"35049001","CANCALE",48.711667,-1.843333,40,1981122209,"","","","",1.,1,20,1,"","","","","","","","","","","","","","","","","","","","","","","","","","","","",4.5,1,3.7,1,"","","","","","","","","","","","","","","","","","","","","","","","","","",95,1,"","","","","","","","","","","","",8.,1,991.6,1,"","","","","","",7,1,7,1,5,1,"","","","","","","","","","","","","","","","","","","","","","","","","","","","",3000,1,"","",21,1,2,1,"","","","","","","","","","",2,1,"","","","","","","","","","","","","","","","","","","","","","","","","","","","","","","","","","","","","","","","","","","","","","","","","","","","","",""
"35049001","CANCALE",48.711667,-1.843333,40,1981122212,"","","","",6.,1,320,1,"","","","","","","","","","","","","","","","","","","","","","","","","","","","",6.7,1,4.,1,"","","","","","","","","","","","","","","","","","","","","","","","","","",83,1,"","","","","","","","","","","","",8.2,1,994.3,1,"","","","","","",8,1,8,1,5,1,"","","","","","","","","","","","","","","","","","","","","","","","","","","","",10000,1,"","",21,1,6,1,"","","","","","","","","","",3,1,"","","","","","","","","","","","","","","","","","","","","","","","","","","","","","","","","","","","","","","","","","","","","","","","","","","","","",""
"35049001","CANCALE",48.711667,-1.843333,40,1981122215,"","","","",9.,1,320,1,"","","","","","","","","","","","","","","","","","","","","","","","","","","","",6.2,1,3.3,1,"","","","","","","","","","","","","","","","","","","","","","","","","","",82,1,"","","","","","","","","","","","",7.8,1,995.5,1,"","","","","","",8,1,8,1,5,1,"","","","","","","","","","","","","","","","","","","","","","","","","","","","",19000,1,"","",2,1,2,1,"","","","","","","","","","",3,1,"","","","","","","","","","","","","","","","","","","","","","","","","","","","","","","","","","","","","","","","","","","","","","","","","","","","","",""
"35049001","CANCALE",48.711667,-1.843333,40,1981122218,"","","","",6.,1,300,1,"","","","","","","","","","","","","","","","","","","","","","","","","","","","",6.2,1,2.,1,"","","","","","","","","","","","","","","","","","","","","","","","","","",75,1,"","","","","","","","","","","","",7.1,1,997.4,1,"","","","","","",8,1,8,1,5,1,"","","","","","","","","","","","","","","","","","","","","","","","","","","","",25000,1,"","",2,1,2,1,"","","","","","","","","","",3,1,"","","","","","","","","","","","","","","","","","","","","","","","","","","","","","","","","","","","","","","","","","","","","","","","","","","","","",""
"35049001","CANCALE",48.711667,-1.843333,40,1981122221,"","","","",2.,1,20,1,"","","","","","","","","","","","","","","","","","","","","","","","","","","","",5.8,1,2.4,1,"","","","","","","","","","","","","","","","","","","","","","","","","","",79,1,"","","","","","","","","","","","",7.3,1,999.1,1,"","","","","","",7,1,7,1,5,1,"","","","","","","","","","","","","","","","","","","","","","","","","","","","",30000,1,"","",2,1,2,1,"","","","","","","","","","",2,1,"","","","","","","","","","","","","","","","","","","","","","","","","","","","","","","","","","","","","","","","","","","","","","","","","","","","","",""
"35049001","CANCALE",48.711667,-1.843333,40,1981122300,"","","","",3.,1,120,1,"","","","","","","","","","","","","","","","","","","","","","","","","","","","",4.5,1,3.1,1,"","","","","","","","","","","","","","","","","","","","","","","","","","",92,1,"","","","","","","","","","","","",7.7,1,998.8,1,"","","","","","",4,1,0,1,5,1,0,1,0,1,"","","","","","","","","","","","","","","","","","","","","","","","",35000,1,"","",0,1,"","","","","","","","","","","","",2,1,"","","","","","","","","","","","","","","","","","","","","","","","","","","","","","","","","","","","","","","","","","","","","","","","","","","","","",""
"35049001","CANCALE",48.711667,-1.843333,40,1981122303,"","","","",5.,1,100,1,"","","","","","","","","","","","","","","","","","","","","","","","","","","","",4.3,1,2.9,1,"","","","","","","","","","","","","","","","","","","","","","","","","","",92,1,"","","","","","","","","","","","",7.6,1,997.5,1,"","","","","","",5,1,5,1,5,1,0,1,0,1,"","","","","","","","","","","","","","","","","","","","","","","","",30000,1,"","",0,1,"","","","","","","","","","","","",3,1,"","","","","","","","","","","","","","","","","","","","","","","","","","","","","","","","","","","","","","","","","","","","","","","","","","","","","",""
"35049001","CANCALE",48.711667,-1.843333,40,1981122306,"","","","",7.,1,100,1,"","","","","","","","","","","","","","","","","","","","","","","","","","","","",3.6,1,2.,1,"","","","","","","","","","","","","","","","","","","","","","","","","","",90,1,"","","","","","","","","","","","",7.1,1,995.7,1,"","","","","","",8,1,8,1,5,1,"","","","","","","","","","","","","","","","","","","","","","","","","","","","",18000,1,"","",0,1,"","","","",0,1,"","","","","","",3,1,"","","","","","","","","","","","","","","","","","","","","","","","","","","","","","","","","","","","","","","","","","","","","","","","","","","","","",""
"35049001","CANCALE",48.711667,-1.843333,40,1981122309,"","","","",11.,1,100,1,"","","","","","","","","","","","","","","","","","","","","","","","","","","","",3.7,1,1.4,1,"","","","","","","","","","","","","","","","","","","","","","","","","","",85,1,"","","","","","","","","","","","",6.8,1,992.3,1,"","","","","","",8,1,8,1,5,1,"","","","","","","","","","","","","","","","","","","","","","","","","","","","",12000,1,"","",2,1,2,1,"","","","","","","","","","",3,1,"","","","","","","","","","","","","","","","","","","","","","","","","","","","","","","","","","","","","","","","","","","","","","","","","","","","","",""
"35049001","CANCALE",48.711667,-1.843333,40,1981122312,"","","","",11.,1,100,1,"","","","","","","","","","","","","","","","","","","","","","","","","","","","",3.6,1,2.5,1,"","","","","","","","","","","","","","","","","","","","","","","","","","",93,1,"","","","","","","","","","","","",7.4,1,989.4,1,"","","","","","",8,1,8,1,7,1,"","","","","","","","","","","","","","","","","","","","","","","","","","","","",3500,1,"","",61,1,6,1,"","","","","","","","","","",4,1,"","","","","","","","","","","","","","","","","","","","","","","","","","","","","","","","","","","","","","","","","","","","","","","","","","","","","",""
"35049001","CANCALE",48.711667,-1.843333,40,1981122315,"","","","",12.,1,100,1,"","","","","","","","","","","","","","","","","","","","","","","","","","","","",3.7,1,2.5,1,"","","","","","","","","","","","","","","","","","","","","","","","","","",93,1,"","","","","","","","","","","","",7.4,1,986.7,1,"","","","","","",8,1,8,1,7,1,"","","","","","","","","","","","","","","","","","","","","","","","","","","","",7000,1,"","",61,1,6,1,"","","","","","","","","","",4,1,"","","","","","","","","","","","","","","","","","","","","","","","","","","","","","","","","","","","","","","","","","","","","","","","","","","","","",""
"35049001","CANCALE",48.711667,-1.843333,40,1981122318,"","","","",12.,1,100,1,"","","","","","","","","","","","","","","","","","","","","","","","","","","","",3.2,1,1.4,1,"","","","","","","","","","","","","","","","","","","","","","","","","","",88,1,"","","","","","","","","","","","",6.8,1,984.8,1,"","","","","","",8,1,8,1,5,1,"","","","","","","","","","","","","","","","","","","","","","","","","","","","",18000,1,"","",21,1,6,1,"","","","","","","","","","",4,1,"","","","","","","","","","","","","","","","","","","","","","","","","","","","","","","","","","","","","","","","","","","","","","","","","","","","","",""
"35049001","CANCALE",48.711667,-1.843333,40,1981122321,"","","","",7.,1,160,1,"","","","","","","","","","","","","","","","","","","","","","","","","","","","",4.,1,2.9,1,"","","","","","","","","","","","","","","","","","","","","","","","","","",93,1,"","","","","","","","","","","","",7.6,1,983.4,1,"","","","","","",7,1,7,1,5,1,"","","","","","","","","","","","","","","","","","","","","","","","","","","","",14000,1,"","",0,1,"","","","","","","","","","","","",3,1,"","","","","","","","","","","","","","","","","","","","","","","","","","","","","","","","","","","","","","","","","","","","","","","","","","","","","",""
"35049001","CANCALE",48.711667,-1.843333,40,1981122400,"","","","",6.,1,160,1,"","","","","","","","","","","","","","","","","","","","","","","","","","","","",4.3,1,3.,1,"","","","","","","","","","","","","","","","","","","","","","","","","","",92,1,"","","","","","","","","","","","",7.6,1,982.2,1,"","","","","","",2,1,0,1,5,1,0,1,0,1,"","","","","","","","","","","","","","","","","","","","","","","","",25000,1,"","",0,1,"","","","","","","","","","","","",3,1,"","","","","","","","","","","","","","","","","","","","","","","","","","","","","","","","","","","","","","","","","","","","","","","","","","","","","",""
"35049001","CANCALE",48.711667,-1.843333,40,1981122403,"","","","",6.,1,60,1,"","","","","","","","","","","","","","","","","","","","","","","","","","","","",4.8,1,2.8,1,"","","","","","","","","","","","","","","","","","","","","","","","","","",89,1,"","","","","","","","","","","","",7.5,1,982.4,1,"","","","","","",8,1,8,1,5,1,"","","","","","","","","","","","","","","","","","","","","","","","","","","","",25000,1,"","",0,1,"","","","","","","","","","","","",3,1,"","","","","","","","","","","","","","","","","","","","","","","","","","","","","","","","","","","","","","","","","","","","","","","","","","","","","",""
"35049001","CANCALE",48.711667,-1.843333,40,1981122406,"","","","",13.,1,20,1,"","","","","","","","","","","","","","","","","","","","","","","","","","","","",5.,1,3.,1,"","","","","","","","","","","","","","","","","","","","","","","","","","",87,1,"","","","","","","","","","","","",7.6,1,986.8,1,"","","","","","",8,1,8,1,5,1,"","","","","","","","","","","","","","","","","","","","","","","","","","","","",30000,1,"","",0,1,"","","","",1,1,"","","","","","",3,1,"","","","","","","","","","","","","","","","","","","","","","","","","","","","","","","","","","","","","","","","","","","","","","","","","","","","","",""
"35049001","CANCALE",48.711667,-1.843333,40,1981122409,"","","","",18.,1,300,1,"","","","","","","","","","","","","","","","","","","","","","","","","","","","",5.5,1,2.8,1,"","","","","","","","","","","","","","","","","","","","","","","","","","",83,1,"","","","","","","","","","","","",7.5,1,994.4,1,"","","","","","",8,1,8,1,5,1,"","","","","","","","","","","","","","","","","","","","","","","","","","","","",4000,1,"","",63,1,6,1,"","","","","","","","","","",5,1,"","","","","","","","","","","","","","","","","","","","","","","","","","","","","","","","","","","","","","","","","","","","","","","","","","","","","",""
"35049001","CANCALE",48.711667,-1.843333,40,1981122412,"","","","",13.,1,320,1,"","","","","","","","","","","","","","","","","","","","","","","","","","","","",5.1,1,0.4,1,"","","","","","","","","","","","","","","","","","","","","","","","","","",72,1,"","","","","","","","","","","","",6.3,1,998.2,1,"","","","","","",7,1,7,1,5,1,"","","","","","","","","","","","","","","","","","","","","","","","","","","","",15000,1,"","",2,1,6,1,"","","","","","","","","","",4,1,"","","","","","","","","","","","","","","","","","","","","","","","","","","","","","","","","","","","","","","","","","","","","","","","","","","","","",""
"35049001","CANCALE",48.711667,-1.843333,40,1981122415,"","","","",13.,1,300,1,"","","","","","","","","","","","","","","","","","","","","","","","","","","","",4.9,1,-1.9,1,"","","","","","","","","","","","","","","","","","","","","","","","","","",61,1,"","","","","","","","","","","","",5.3,1,1000.8,1,"","","","","","",8,1,8,1,5,1,"","","","","","","","","","","","","","","","","","","","","","","","","","","","",18000,1,"","",2,1,2,1,"","","","","","","","","","",4,1,"","","","","","","","","","","","","","","","","","","","","","","","","","","","","","","","","","","","","","","","","","","","","","","","","","","","","",""
"35049001","CANCALE",48.711667,-1.843333,40,1981122418,"","","","",16.,1,280,1,"","","","","","","","","","","","","","","","","","","","","","","","","","","","",5.8,1,-1.2,1,"","","","","","","","","","","","","","","","","","","","","","","","","","",61,1,"","","","","","","","","","","","",5.6,1,1004.2,1,"","","","","","",7,1,7,1,5,1,"","","","","","","","","","","","","","","","","","","","","","","","","","","","",20000,1,"","",2,1,2,1,"","","","","","","","","","",4,1,"","","","","","","","","","","","","","","","","","","","","","","","","","","","","","","","","","","","","","","","","","","","","","","","","","","","","",""
"35049001","CANCALE",48.711667,-1.843333,40,1981122421,"","","","",14.,1,280,1,"","","","","","","","","","","","","","","","","","","","","","","","","","","","",6.2,1,0.8,1,"","","","","","","","","","","","","","","","","","","","","","","","","","",69,1,"","","","","","","","","","","","",6.5,1,1007.2,1,"","","","","","",5,1,5,1,5,1,0,1,0,1,"","","","","","","","","","","","","","","","","","","","","","","","",35000,1,"","",0,1,"","","","","","","","","","","","",4,1,"","","","","","","","","","","","","","","","","","","","","","","","","","","","","","","","","","","","","","","","","","","","","","","","","","","","","",""
"35049001","CANCALE",48.711667,-1.843333,40,1981122500,"","","","",10.,1,300,1,"","","","","","","","","","","","","","","","","","","","","","","","","","","","",6.3,1,2.,1,"","","","","","","","","","","","","","","","","","","","","","","","","","",75,1,"","","","","","","","","","","","",7.1,1,1009.2,1,"","","","","","",5,1,5,1,5,1,0,1,0,1,"","","","","","","","","","","","","","","","","","","","","","","","",35000,1,"","",0,1,"","","","","","","","","","","","",3,1,"","","","","","","","","","","","","","","","","","","","","","","","","","","","","","","","","","","","","","","","","","","","","","","","","","","","","",""
"35049001","CANCALE",48.711667,-1.843333,40,1981122503,"","","","",10.,1,300,1,"","","","","","","","","","","","","","","","","","","","","","","","","","","","",6.7,1,1.2,1,"","","","","","","","","","","","","","","","","","","","","","","","","","",68,1,"","","","","","","","","","","","",6.7,1,1011.,1,"","","","","","",4,1,0,1,5,1,0,1,0,1,"","","","","","","","","","","","","","","","","","","","","","","","",35000,1,"","",0,1,"","","","","","","","","","","","",3,1,"","","","","","","","","","","","","","","","","","","","","","","","","","","","","","","","","","","","","","","","","","","","","","","","","","","","","",""
"35049001","CANCALE",48.711667,-1.843333,40,1981122506,"","","","",5.,1,300,1,"","","","","","","","","","","","","","","","","","","","","","","","","","","","",6.2,1,0.6,1,"","","","","","","","","","","","","","","","","","","","","","","","","","",68,1,"","","","","","","","","","","","",6.4,1,1012.6,1,"","","","","","",0,1,"","",0,1,0,1,0,1,"","","","","","","","","","","","","","","","","","","","","","","","",30000,1,"","",0,1,"","","","",0,1,"","","","","","",3,1,"","","","","","","","","","","","","","","","","","","","","","","","","","","","","","","","","","","","","","","","","","","","","","","","","","","","","",""
"35049001","CANCALE",48.711667,-1.843333,40,1981122509,"","","","",6.,1,240,1,"","","","","","","","","","","","","","","","","","","","","","","","","","","","",4.6,1,0.1,1,"","","","","","","","","","","","","","","","","","","","","","","","","","",73,1,"","","","","","","","","","","","",6.2,1,1013.9,1,"","","","","","",2,1,0,1,5,1,0,1,0,1,"","","","","","","","","","","","","","","","","","","","","","","","",18000,1,"","",2,1,0,1,"","","","","","","","","","",3,1,"","","","","","","","","","","","","","","","","","","","","","","","","","","","","","","","","","","","","","","","","","","","","","","","","","","","","",""
"35049001","CANCALE",48.711667,-1.843333,40,1981122512,"","","","",4.,1,200,1,"","","","","","","","","","","","","","","","","","","","","","","","","","","","",6.4,1,1.4,1,"","","","","","","","","","","","","","","","","","","","","","","","","","",71,1,"","","","","","","","","","","","",6.8,1,1015.,1,"","","","","","",6,1,6,1,5,1,0,1,0,1,"","","","","","","","","","","","","","","","","","","","","","","","",18000,1,"","",2,1,1,1,"","","","","","","","","","",2,1,"","","","","","","","","","","","","","","","","","","","","","","","","","","","","","","","","","","","","","","","","","","","","","","","","","","","","",""
"35049001","CANCALE",48.711667,-1.843333,40,1981122515,"","","","",5.,1,140,1,"","","","","","","","","","","","","","","","","","","","","","","","","","","","",6.,1,0.8,1,"","","","","","","","","","","","","","","","","","","","","","","","","","",70,1,"","","","","","","","","","","","",6.5,1,1014.7,1,"","","","","","",7,1,7,1,5,1,"","","","","","","","","","","","","","","","","","","","","","","","","","","","",18000,1,"","",2,1,2,1,"","","","","","","","","","",2,1,"","","","","","","","","","","","","","","","","","","","","","","","","","","","","","","","","","","","","","","","","","","","","","","","","","","","","",""
"35049001","CANCALE",48.711667,-1.843333,40,1981122518,"","","","",6.,1,160,1,"","","","","","","","","","","","","","","","","","","","","","","","","","","","",5.,1,1.2,1,"","","","","","","","","","","","","","","","","","","","","","","","","","",76,1,"","","","","","","","","","","","",6.7,1,1015.,1,"","","","","","",0,1,"","",0,1,0,1,0,1,"","","","","","","","","","","","","","","","","","","","","","","","",20000,1,"","",1,1,1,1,"","","","","","","","","","",2,1,"","","","","","","","","","","","","","","","","","","","","","","","","","","","","","","","","","","","","","","","","","","","","","","","","","","","","",""
"35049001","CANCALE",48.711667,-1.843333,40,1981122521,"","","","",6.,1,140,1,"","","","","","","","","","","","","","","","","","","","","","","","","","","","",4.1,1,-0.2,1,"","","","","","","","","","","","","","","","","","","","","","","","","","",74,1,"","","","","","","","","","","","",6.,1,1014.8,1,"","","","","","",0,1,"","",0,1,0,1,0,1,"","","","","","","","","","","","","","","","","","","","","","","","",18000,1,"","",0,1,"","","","","","","","","","","","",2,1,"","","","","","","","","","","","","","","","","","","","","","","","","","","","","","","","","","","","","","","","","","","","","","","","","","","","","",""
"35049001","CANCALE",48.711667,-1.843333,40,1981122600,"","","","",5.,1,160,1,"","","","","","","","","","","","","","","","","","","","","","","","","","","","",3.7,1,1.8,1,"","","","","","","","","","","","","","","","","","","","","","","","","","",88,1,"","","","","","","","","","","","",7.,1,1014.4,1,"","","","","","",0,1,"","",0,1,0,1,0,1,"","","","","","","","","","","","","","","","","","","","","","","","",18000,1,"","",0,1,"","","","","","","","","","","","",2,1,"","","","","","","","","","","","","","","","","","","","","","","","","","","","","","","","","","","","","","","","","","","","","","","","","","","","","",""
"35049001","CANCALE",48.711667,-1.843333,40,1981122603,"","","","",7.,1,140,1,"","","","","","","","","","","","","","","","","","","","","","","","","","","","",3.7,1,1.8,1,"","","","","","","","","","","","","","","","","","","","","","","","","","",88,1,"","","","","","","","","","","","",7.,1,1013.8,1,"","","","","","",0,1,"","",0,1,0,1,0,1,"","","","","","","","","","","","","","","","","","","","","","","","",10000,1,"","",0,1,"","","","","","","","","","","","",3,1,"","","","","","","","","","","","","","","","","","","","","","","","","","","","","","","","","","","","","","","","","","","","","","","","","","","","","",""
"35049001","CANCALE",48.711667,-1.843333,40,1981122606,"","","","",7.,1,140,1,"","","","","","","","","","","","","","","","","","","","","","","","","","","","",3.5,1,1.6,1,"","","","","","","","","","","","","","","","","","","","","","","","","","",88,1,"","","","","","","","","","","","",6.9,1,1012.6,1,"","","","","","",3,1,0,1,5,1,0,1,0,1,"","","","","","","","","","","","","","","","","","","","","","","","",10000,1,"","",0,1,"","","","",0,1,"","","","","","",3,1,"","","","","","","","","","","","","","","","","","","","","","","","","","","","","","","","","","","","","","","","","","","","","","","","","","","","","",""
"35049001","CANCALE",48.711667,-1.843333,40,1981122609,"","","","",13.,1,140,1,"","","","","","","","","","","","","","","","","","","","","","","","","","","","",3.,1,1.6,1,"","","","","","","","","","","","","","","","","","","","","","","","","","",91,1,"","","","","","","","","","","","",6.9,1,1010.6,1,"","","","","","",8,1,8,1,5,1,"","","","","","","","","","","","","","","","","","","","","","","","","","","","",6000,1,"","",2,1,2,1,"","","","","","","","","","",3,1,"","","","","","","","","","","","","","","","","","","","","","","","","","","","","","","","","","","","","","","","","","","","","","","","","","","","","",""
"35049001","CANCALE",48.711667,-1.843333,40,1981122612,"","","","",16.,1,120,1,"","","","","","","","","","","","","","","","","","","","","","","","","","","","",5.2,1,1.2,1,"","","","","","","","","","","","","","","","","","","","","","","","","","",75,1,"","","","","","","","","","","","",6.7,1,1007.5,1,"","","","","","",6,1,6,1,5,1,7,1,0,1,"","","","","","","","","","","","","","","","","","","","","","","","",9000,1,"","",2,1,2,1,"","","","","","","","","","",4,1,"","","","","","","","","","","","","","","","","","","","","","","","","","","","","","","","","","","","","","","","","","","","","","","","","","","","","",""
"35049001","CANCALE",48.711667,-1.843333,40,1981122615,"","","","",17.,1,120,1,"","","","","","","","","","","","","","","","","","","","","","","","","","","","",5.6,1,-0.6,1,"","","","","","","","","","","","","","","","","","","","","","","","","","",63,1,"","","","","","","","","","","","",5.8,1,1004.8,1,"","","","","","",7,1,7,1,5,1,"","","","","","","","","","","","","","","","","","","","","","","","","","","","",18000,1,"","",2,1,2,1,"","","","","","","","","","",4,1,"","","","","","","","","","","","","","","","","","","","","","","","","","","","","","","","","","","","","","","","","","","","","","","","","","","","","",""
"35049001","CANCALE",48.711667,-1.843333,40,1981122618,"","","","",16.,1,140,1,"","","","","","","","","","","","","","","","","","","","","","","","","","","","",5.8,1,-0.2,1,"","","","","","","","","","","","","","","","","","","","","","","","","","",65,1,"","","","","","","","","","","","",6.,1,1002.4,1,"","","","","","",7,1,7,1,5,1,"","","","","","","","","","","","","","","","","","","","","","","","","","","","",35000,1,"","",2,1,2,1,"","","","","","","","","","",4,1,"","","","","","","","","","","","","","","","","","","","","","","","","","","","","","","","","","","","","","","","","","","","","","","","","","","","","",""
"35049001","CANCALE",48.711667,-1.843333,40,1981122621,"","","","",15.,1,100,1,"","","","","","","","","","","","","","","","","","","","","","","","","","","","",5.,1,-0.9,1,"","","","","","","","","","","","","","","","","","","","","","","","","","",66,1,"","","","","","","","","","","","",5.7,1,1001.1,1,"","","","","","",8,1,8,1,5,1,"","","","","","","","","","","","","","","","","","","","","","","","","","","","",35000,1,"","",0,1,"","","","","","","","","","","","",4,1,"","","","","","","","","","","","","","","","","","","","","","","","","","","","","","","","","","","","","","","","","","","","","","","","","","","","","",""
"35049001","CANCALE",48.711667,-1.843333,40,1981122700,"","","","",13.,1,120,1,"","","","","","","","","","","","","","","","","","","","","","","","","","","","",3.5,1,3.5,1,"","","","","","","","","","","","","","","","","","","","","","","","","","",99,1,"","","","","","","","","","","","",7.7,1,999.2,1,"","","","","","",7,1,7,1,5,1,"","","","","","","","","","","","","","","","","","","","","","","","","","","","",15000,1,"","",63,1,"","","","","","","","","","","","",4,1,"","","","","","","","","","","","","","","","","","","","","","","","","","","","","","","","","","","","","","","","","","","","","","","","","","","","","",""
"35049001","CANCALE",48.711667,-1.843333,40,1981122703,"","","","",10.,1,160,1,"","","","","","","","","","","","","","","","","","","","","","","","","","","","",3.8,1,2.9,1,"","","","","","","","","","","","","","","","","","","","","","","","","","",95,1,"","","","","","","","","","","","",7.6,1,998.2,1,"","","","","","",7,1,7,1,5,1,"","","","","","","","","","","","","","","","","","","","","","","","","","","","",15000,1,"","",0,1,"","","","","","","","","","","","",4,1,"","","","","","","","","","","","","","","","","","","","","","","","","","","","","","","","","","","","","","","","","","","","","","","","","","","","","",""
"35049001","CANCALE",48.711667,-1.843333,40,1981122706,"","","","",7.,1,160,1,"","","","","","","","","","","","","","","","","","","","","","","","","","","","",4.,1,3.1,1,"","","","","","","","","","","","","","","","","","","","","","","","","","",95,1,"","","","","","","","","","","","",7.7,1,997.8,1,"","","","","","",7,1,7,1,5,1,"","","","","","","","","","","","","","","","","","","","","","","","","","","","",10000,1,"","",0,1,"","","","",0,1,"","","","","","",3,1,"","","","","","","","","","","","","","","","","","","","","","","","","","","","","","","","","","","","","","","","","","","","","","","","","","","","","",""
"35049001","CANCALE",48.711667,-1.843333,40,1981122709,"","","","",7.,1,180,1,"","","","","","","","","","","","","","","","","","","","","","","","","","","","",4.,1,4.,1,"","","","","","","","","","","","","","","","","","","","","","","","","","",100,1,"","","","","","","","","","","","",8.1,1,998.8,1,"","","","","","",6,1,6,1,6,1,0,1,0,1,"","","","","","","","","","","","","","","","","","","","","","","","",500,1,"","",44,1,4,1,"","","","","","","","","","",3,1,"","","","","","","","","","","","","","","","","","","","","","","","","","","","","","","","","","","","","","","","","","","","","","","","","","","","","",""
"35049001","CANCALE",48.711667,-1.843333,40,1981122712,"","","","",6.,1,160,1,"","","","","","","","","","","","","","","","","","","","","","","","","","","","",5.5,1,5.5,1,"","","","","","","","","","","","","","","","","","","","","","","","","","",100,1,"","","","","","","","","","","","",9.,1,999.9,1,"","","","","","",6,1,6,1,6,1,0,1,0,1,"","","","","","","","","","","","","","","","","","","","","","","","",500,1,"","",44,1,4,1,"","","","","","","","","","",2,1,"","","","","","","","","","","","","","","","","","","","","","","","","","","","","","","","","","","","","","","","","","","","","","","","","","","","","",""
"35049001","CANCALE",48.711667,-1.843333,40,1981122715,"","","","",6.,1,140,1,"","","","","","","","","","","","","","","","","","","","","","","","","","","","",6.2,1,5.6,1,"","","","","","","","","","","","","","","","","","","","","","","","","","",97,1,"","","","","","","","","","","","",9.2,1,999.6,1,"","","","","","",8,1,8,1,6,1,"","","","","","","","","","","","","","","","","","","","","","","","","","","","",4000,1,"","",28,1,4,1,"","","","","","","","","","",2,1,"","","","","","","","","","","","","","","","","","","","","","","","","","","","","","","","","","","","","","","","","","","","","","","","","","","","","",""
"35049001","CANCALE",48.711667,-1.843333,40,1981122718,"","","","",8.,1,140,1,"","","","","","","","","","","","","","","","","","","","","","","","","","","","",5.8,1,5.1,1,"","","","","","","","","","","","","","","","","","","","","","","","","","",97,1,"","","","","","","","","","","","",8.9,1,999.1,1,"","","","","","",8,1,8,1,6,1,"","","","","","","","","","","","","","","","","","","","","","","","","","","","",4000,1,"","",10,1,4,1,"","","","","","","","","","",3,1,"","","","","","","","","","","","","","","","","","","","","","","","","","","","","","","","","","","","","","","","","","","","","","","","","","","","","",""
"35049001","CANCALE",48.711667,-1.843333,40,1981122721,"","","","",10.,1,140,1,"","","","","","","","","","","","","","","","","","","","","","","","","","","","",5.9,1,4.8,1,"","","","","","","","","","","","","","","","","","","","","","","","","","",94,1,"","","","","","","","","","","","",8.7,1,997.9,1,"","","","","","",8,1,8,1,5,1,"","","","","","","","","","","","","","","","","","","","","","","","","","","","",10000,1,"","",0,1,"","","","","","","","","","","","",3,1,"","","","","","","","","","","","","","","","","","","","","","","","","","","","","","","","","","","","","","","","","","","","","","","","","","","","","",""
"35049001","CANCALE",48.711667,-1.843333,40,1981122800,"","","","",10.,1,120,1,"","","","","","","","","","","","","","","","","","","","","","","","","","","","",5.8,1,4.6,1,"","","","","","","","","","","","","","","","","","","","","","","","","","",94,1,"","","","","","","","","","","","",8.6,1,995.9,1,"","","","","","",8,1,8,1,5,1,"","","","","","","","","","","","","","","","","","","","","","","","","","","","",20000,1,"","",0,1,"","","","","","","","","","","","",4,1,"","","","","","","","","","","","","","","","","","","","","","","","","","","","","","","","","","","","","","","","","","","","","","","","","","","","","",""
"35049001","CANCALE",48.711667,-1.843333,40,1981122803,"","","","",10.,1,120,1,"","","","","","","","","","","","","","","","","","","","","","","","","","","","",5.6,1,4.5,1,"","","","","","","","","","","","","","","","","","","","","","","","","","",94,1,"","","","","","","","","","","","",8.5,1,992.6,1,"","","","","","",8,1,8,1,5,1,"","","","","","","","","","","","","","","","","","","","","","","","","","","","",20000,1,"","",0,1,"","","","","","","","","","","","",4,1,"","","","","","","","","","","","","","","","","","","","","","","","","","","","","","","","","","","","","","","","","","","","","","","","","","","","","",""
"35049001","CANCALE",48.711667,-1.843333,40,1981122806,"","","","",11.,1,120,1,"","","","","","","","","","","","","","","","","","","","","","","","","","","","",6.8,1,5.3,1,"","","","","","","","","","","","","","","","","","","","","","","","","","",92,1,"","","","","","","","","","","","",9.,1,990.2,1,"","","","","","",8,1,8,1,5,1,"","","","","","","","","","","","","","","","","","","","","","","","","","","","",20000,1,"","",0,1,"","","","",0,1,"","","","","","",4,1,"","","","","","","","","","","","","","","","","","","","","","","","","","","","","","","","","","","","","","","","","","","","","","","","","","","","","",""
"35049001","CANCALE",48.711667,-1.843333,40,1981122809,"","","","",12.,1,120,1,"","","","","","","","","","","","","","","","","","","","","","","","","","","","",7.1,1,3.8,1,"","","","","","","","","","","","","","","","","","","","","","","","","","",85,1,"","","","","","","","","","","","",8.1,1,988.7,1,"","","","","","",8,1,8,1,5,1,"","","","","","","","","","","","","","","","","","","","","","","","","","","","",16000,1,"","",2,1,2,1,"","","","","","","","","","",4,1,"","","","","","","","","","","","","","","","","","","","","","","","","","","","","","","","","","","","","","","","","","","","","","","","","","","","","",""
"35049001","CANCALE",48.711667,-1.843333,40,1981122812,"","","","",12.,1,120,1,"","","","","","","","","","","","","","","","","","","","","","","","","","","","",6.4,1,4.8,1,"","","","","","","","","","","","","","","","","","","","","","","","","","",91,1,"","","","","","","","","","","","",8.7,1,987.,1,"","","","","","",8,1,8,1,7,1,"","","","","","","","","","","","","","","","","","","","","","","","","","","","",10000,1,"","",61,1,6,1,"","","","","","","","","","",4,1,"","","","","","","","","","","","","","","","","","","","","","","","","","","","","","","","","","","","","","","","","","","","","","","","","","","","","",""
"35049001","CANCALE",48.711667,-1.843333,40,1981122815,"","","","",10.,1,120,1,"","","","","","","","","","","","","","","","","","","","","","","","","","","","",7.4,1,4.9,1,"","","","","","","","","","","","","","","","","","","","","","","","","","",86,1,"","","","","","","","","","","","",8.8,1,983.4,1,"","","","","","",8,1,8,1,5,1,"","","","","","","","","","","","","","","","","","","","","","","","","","","","",18000,1,"","",2,1,6,1,"","","","","","","","","","",4,1,"","","","","","","","","","","","","","","","","","","","","","","","","","","","","","","","","","","","","","","","","","","","","","","","","","","","","",""
"35049001","CANCALE",48.711667,-1.843333,40,1981122818,"","","","",9.,1,100,1,"","","","","","","","","","","","","","","","","","","","","","","","","","","","",7.4,1,5.9,1,"","","","","","","","","","","","","","","","","","","","","","","","","","",92,1,"","","","","","","","","","","","",9.4,1,981.6,1,"","","","","","",8,1,8,1,7,1,"","","","","","","","","","","","","","","","","","","","","","","","","","","","",15000,1,"","",61,1,6,1,"","","","","","","","","","",4,1,"","","","","","","","","","","","","","","","","","","","","","","","","","","","","","","","","","","","","","","","","","","","","","","","","","","","","",""
"35049001","CANCALE",48.711667,-1.843333,40,1981122821,"","","","",6.,1,120,1,"","","","","","","","","","","","","","","","","","","","","","","","","","","","",7.,1,6.3,1,"","","","","","","","","","","","","","","","","","","","","","","","","","",97,1,"","","","","","","","","","","","",9.7,1,979.8,1,"","","","","","",8,1,8,1,7,1,"","","","","","","","","","","","","","","","","","","","","","","","","","","","",10000,1,"","",61,1,6,1,"","","","","","","","","","",3,1,"","","","","","","","","","","","","","","","","","","","","","","","","","","","","","","","","","","","","","","","","","","","","","","","","","","","","",""
"35049001","CANCALE",48.711667,-1.843333,40,1981122900,"","","","",3.,1,140,1,"","","","","","","","","","","","","","","","","","","","","","","","","","","","",6.8,1,6.8,1,"","","","","","","","","","","","","","","","","","","","","","","","","","",100,1,"","","","","","","","","","","","",9.9,1,978.7,1,"","","","","","",8,1,8,1,7,1,"","","","","","","","","","","","","","","","","","","","","","","","","","","","",8000,1,"","",61,1,6,1,"","","","","","","","","","",3,1,"","","","","","","","","","","","","","","","","","","","","","","","","","","","","","","","","","","","","","","","","","","","","","","","","","","","","",""
"35049001","CANCALE",48.711667,-1.843333,40,1981122903,"","","","",4.,1,220,1,"","","","","","","","","","","","","","","","","","","","","","","","","","","","",7.8,1,6.7,1,"","","","","","","","","","","","","","","","","","","","","","","","","","",95,1,"","","","","","","","","","","","",10.,1,978.3,1,"","","","","","",8,1,8,1,7,1,"","","","","","","","","","","","","","","","","","","","","","","","","","","","",8000,1,"","",61,1,"","","","","","","","","","","","",3,1,"","","","","","","","","","","","","","","","","","","","","","","","","","","","","","","","","","","","","","","","","","","","","","","","","","","","","",""
"35049001","CANCALE",48.711667,-1.843333,40,1981122906,"","","","",8.,1,220,1,"","","","","","","","","","","","","","","","","","","","","","","","","","","","",7.5,1,5.3,1,"","","","","","","","","","","","","","","","","","","","","","","","","","",87,1,"","","","","","","","","","","","",9.,1,978.6,1,"","","","","","",8,1,8,1,5,1,"","","","","","","","","","","","","","","","","","","","","","","","","","","","",20000,1,"","",0,1,"","","","","","","","","","","","",3,1,"","","","","","","","","","","","","","","","","","","","","","","","","","","","","","","","","","","","","","","","","","","","","","","","","","","","","",""
"35049001","CANCALE",48.711667,-1.843333,40,1981122909,"","","","",6.,1,180,1,"","","","","","","","","","","","","","","","","","","","","","","","","","","","",6.6,1,4.9,1,"","","","","","","","","","","","","","","","","","","","","","","","","","",91,1,"","","","","","","","","","","","",8.8,1,979.6,1,"","","","","","",6,1,5,1,3,1,3,1,2,1,"","","","","","","","","","","","","","","","","","","","","","","","",18000,1,"","",1,1,2,1,"","","","","","","","","","",2,1,"","","","","","","","","","","","","","","","","","","","","","","","","","","","","","","","","","","","","","","","","","","","","","","","","","","","","",""
"35049001","CANCALE",48.711667,-1.843333,40,1981122912,"","","","",5.,1,160,1,"","","","","","","","","","","","","","","","","","","","","","","","","","","","",9.7,1,6.,1,"","","","","","","","","","","","","","","","","","","","","","","","","","",79,1,"","","","","","","","","","","","",9.5,1,981.,1,"","","","","","",3,1,0,1,2,1,0,1,2,1,"","","","","","","","","","","","","","","","","","","","","","","","",30000,1,"","",2,1,1,1,"","","","","","","","","","",2,1,"","","","","","","","","","","","","","","","","","","","","","","","","","","","","","","","","","","","","","","","","","","","","","","","","","","","","",""
"35049001","CANCALE",48.711667,-1.843333,40,1981122915,"","","","",9.,1,160,1,"","","","","","","","","","","","","","","","","","","","","","","","","","","","",7.5,1,5.1,1,"","","","","","","","","","","","","","","","","","","","","","","","","","",86,1,"","","","","","","","","","","","",8.9,1,980.1,1,"","","","","","",8,1,8,1,5,1,"","","","","","","","","","","","","","","","","","","","","","","","","","","","",20000,1,"","",21,1,1,1,"","","","","","","","","","",3,1,"","","","","","","","","","","","","","","","","","","","","","","","","","","","","","","","","","","","","","","","","","","","","","","","","","","","","",""
"35049001","CANCALE",48.711667,-1.843333,40,1981122918,"","","","",11.,1,140,1,"","","","","","","","","","","","","","","","","","","","","","","","","","","","",7.6,1,6.,1,"","","","","","","","","","","","","","","","","","","","","","","","","","",91,1,"","","","","","","","","","","","",9.5,1,978.7,1,"","","","","","",8,1,8,1,5,1,"","","","","","","","","","","","","","","","","","","","","","","","","","","","",20000,1,"","",61,1,6,1,"","","","","","","","","","",4,1,"","","","","","","","","","","","","","","","","","","","","","","","","","","","","","","","","","","","","","","","","","","","","","","","","","","","","",""
"35049001","CANCALE",48.711667,-1.843333,40,1981122921,"","","","",8.,1,180,1,"","","","","","","","","","","","","","","","","","","","","","","","","","","","",10.,1,7.3,1,"","","","","","","","","","","","","","","","","","","","","","","","","","",84,1,"","","","","","","","","","","","",10.4,1,978.5,1,"","","","","","",8,1,8,1,5,1,"","","","","","","","","","","","","","","","","","","","","","","","","","","","",20000,1,"","",2,1,"","","","","","","","","","","","",4,1,"","","","","","","","","","","","","","","","","","","","","","","","","","","","","","","","","","","","","","","","","","","","","","","","","","","","","",""
"35049001","CANCALE",48.711667,-1.843333,40,1981123000,"","","","",9.,1,160,1,"","","","","","","","","","","","","","","","","","","","","","","","","","","","",9.2,1,6.9,1,"","","","","","","","","","","","","","","","","","","","","","","","","","",87,1,"","","","","","","","","","","","",10.1,1,978.9,1,"","","","","","",6,1,6,1,3,1,0,1,0,1,"","","","","","","","","","","","","","","","","","","","","","","","",25000,1,"","",0,1,"","","","","","","","","","","","",4,1,"","","","","","","","","","","","","","","","","","","","","","","","","","","","","","","","","","","","","","","","","","","","","","","","","","","","","",""
"35049001","CANCALE",48.711667,-1.843333,40,1981123003,"","","","",8.,1,160,1,"","","","","","","","","","","","","","","","","","","","","","","","","","","","",9.4,1,6.6,1,"","","","","","","","","","","","","","","","","","","","","","","","","","",84,1,"","","","","","","","","","","","",9.9,1,979.1,1,"","","","","","",6,1,6,1,3,1,0,1,0,1,"","","","","","","","","","","","","","","","","","","","","","","","",25000,1,"","",0,1,"","","","","","","","","","","","",4,1,"","","","","","","","","","","","","","","","","","","","","","","","","","","","","","","","","","","","","","","","","","","","","","","","","","","","","",""
"35049001","CANCALE",48.711667,-1.843333,40,1981123006,"","","","",6.,1,160,1,"","","","","","","","","","","","","","","","","","","","","","","","","","","","",9.8,1,6.6,1,"","","","","","","","","","","","","","","","","","","","","","","","","","",82,1,"","","","","","","","","","","","",9.9,1,978.6,1,"","","","","","",4,1,0,1,5,1,0,1,0,1,"","","","","","","","","","","","","","","","","","","","","","","","",30000,1,"","",0,1,"","","","",2,1,"","","","","","",3,1,"","","","","","","","","","","","","","","","","","","","","","","","","","","","","","","","","","","","","","","","","","","","","","","","","","","","","",""
"35049001","CANCALE",48.711667,-1.843333,40,1981123009,"","","","",10.,1,140,1,"","","","","","","","","","","","","","","","","","","","","","","","","","","","",8.5,1,6.3,1,"","","","","","","","","","","","","","","","","","","","","","","","","","",88,1,"","","","","","","","","","","","",9.7,1,978.6,1,"","","","","","",7,1,7,1,5,1,"","","","","","","","","","","","","","","","","","","","","","","","","","","","",9000,1,"","",2,1,2,1,"","","","","","","","","","",3,1,"","","","","","","","","","","","","","","","","","","","","","","","","","","","","","","","","","","","","","","","","","","","","","","","","","","","","",""
"35049001","CANCALE",48.711667,-1.843333,40,1981123012,"","","","",7.,1,140,1,"","","","","","","","","","","","","","","","","","","","","","","","","","","","",8.,1,5.6,1,"","","","","","","","","","","","","","","","","","","","","","","","","","",86,1,"","","","","","","","","","","","",9.2,1,977.8,1,"","","","","","",8,1,8,1,5,1,"","","","","","","","","","","","","","","","","","","","","","","","","","","","",20000,1,"","",2,1,6,1,"","","","","","","","","","",3,1,"","","","","","","","","","","","","","","","","","","","","","","","","","","","","","","","","","","","","","","","","","","","","","","","","","","","","",""
"35049001","CANCALE",48.711667,-1.843333,40,1981123015,"","","","",7.,1,120,1,"","","","","","","","","","","","","","","","","","","","","","","","","","","","",7.8,1,5.9,1,"","","","","","","","","","","","","","","","","","","","","","","","","","",89,1,"","","","","","","","","","","","",9.4,1,975.3,1,"","","","","","",6,1,6,1,5,1,0,1,0,1,"","","","","","","","","","","","","","","","","","","","","","","","",25000,1,"","",2,1,2,1,"","","","","","","","","","",2,1,"","","","","","","","","","","","","","","","","","","","","","","","","","","","","","","","","","","","","","","","","","","","","","","","","","","","","",""
"35049001","CANCALE",48.711667,-1.843333,40,1981123018,"","","","",2.,1,100,1,"","","","","","","","","","","","","","","","","","","","","","","","","","","","",6.8,1,6.,1,"","","","","","","","","","","","","","","","","","","","","","","","","","",96,1,"","","","","","","","","","","","",9.5,1,975.3,1,"","","","","","",7,1,7,1,5,1,"","","","","","","","","","","","","","","","","","","","","","","","","","","","",30000,1,"","",61,1,6,1,"","","","","","","","","","",2,1,"","","","","","","","","","","","","","","","","","","","","","","","","","","","","","","","","","","","","","","","","","","","","","","","","","","","","",""
"35049001","CANCALE",48.711667,-1.843333,40,1981123021,"","","","",4.,1,260,1,"","","","","","","","","","","","","","","","","","","","","","","","","","","","",6.3,1,5.4,1,"","","","","","","","","","","","","","","","","","","","","","","","","","",95,1,"","","","","","","","","","","","",9.1,1,977.8,1,"","","","","","",5,1,5,1,5,1,0,1,0,1,"","","","","","","","","","","","","","","","","","","","","","","","",35000,1,"","",0,1,"","","","","","","","","","","","",2,1,"","","","","","","","","","","","","","","","","","","","","","","","","","","","","","","","","","","","","","","","","","","","","","","","","","","","","",""
"35049001","CANCALE",48.711667,-1.843333,40,1981123100,"","","","",7.,1,220,1,"","","","","","","","","","","","","","","","","","","","","","","","","","","","",7.8,1,6.3,1,"","","","","","","","","","","","","","","","","","","","","","","","","","",92,1,"","","","","","","","","","","","",9.7,1,981.5,1,"","","","","","",6,1,6,1,5,1,0,1,0,1,"","","","","","","","","","","","","","","","","","","","","","","","",35000,1,"","",0,1,"","","","","","","","","","","","",3,1,"","","","","","","","","","","","","","","","","","","","","","","","","","","","","","","","","","","","","","","","","","","","","","","","","","","","","",""
"35049001","CANCALE",48.711667,-1.843333,40,1981123103,"","","","",8.,1,200,1,"","","","","","","","","","","","","","","","","","","","","","","","","","","","",8.,1,6.7,1,"","","","","","","","","","","","","","","","","","","","","","","","","","",93,1,"","","","","","","","","","","","",10.,1,985.3,1,"","","","","","",6,1,5,1,5,1,0,1,0,1,"","","","","","","","","","","","","","","","","","","","","","","","",30000,1,"","",0,1,"","","","","","","","","","","","",3,1,"","","","","","","","","","","","","","","","","","","","","","","","","","","","","","","","","","","","","","","","","","","","","","","","","","","","","",""
"35049001","CANCALE",48.711667,-1.843333,40,1981123106,"","","","",8.,1,220,1,"","","","","","","","","","","","","","","","","","","","","","","","","","","","",7.6,1,6.4,1,"","","","","","","","","","","","","","","","","","","","","","","","","","",94,1,"","","","","","","","","","","","",9.8,1,986.7,1,"","","","","","",2,1,0,1,5,1,0,1,0,1,"","","","","","","","","","","","","","","","","","","","","","","","",25000,1,"","",0,1,"","","","",1,1,"","","","","","",3,1,"","","","","","","","","","","","","","","","","","","","","","","","","","","","","","","","","","","","","","","","","","","","","","","","","","","","","",""
"35049001","CANCALE",48.711667,-1.843333,40,1981123109,"","","","",5.,1,180,1,"","","","","","","","","","","","","","","","","","","","","","","","","","","","",7.4,1,6.3,1,"","","","","","","","","","","","","","","","","","","","","","","","","","",94,1,"","","","","","","","","","","","",9.7,1,989.7,1,"","","","","","",7,1,7,1,5,1,2,1,"","","","","","","","","","","","","","","","","","","","","","","","","","",15000,1,"","",2,1,1,1,"","","","","","","","","","",2,1,"","","","","","","","","","","","","","","","","","","","","","","","","","","","","","","","","","","","","","","","","","","","","","","","","","","","","",""
"35049001","CANCALE",48.711667,-1.843333,40,1981123112,"","","","",4.,1,160,1,"","","","","","","","","","","","","","","","","","","","","","","","","","","","",8.4,1,6.9,1,"","","","","","","","","","","","","","","","","","","","","","","","","","",91,1,"","","","","","","","","","","","",10.1,1,991.3,1,"","","","","","",6,1,6,1,8,1,0,1,0,1,"","","","","","","","","","","","","","","","","","","","","","","","",30000,1,"","",21,1,6,1,"","","","","","","","","","",2,1,"","","","","","","","","","","","","","","","","","","","","","","","","","","","","","","","","","","","","","","","","","","","","","","","","","","","","",""
"35049001","CANCALE",48.711667,-1.843333,40,1981123115,"","","","",3.,1,160,1,"","","","","","","","","","","","","","","","","","","","","","","","","","","","",8.8,1,7.3,1,"","","","","","","","","","","","","","","","","","","","","","","","","","",92,1,"","","","","","","","","","","","",10.4,1,991.7,1,"","","","","","",6,1,6,1,8,1,0,1,0,1,"","","","","","","","","","","","","","","","","","","","","","","","",30000,1,"","",25,1,8,1,"","","","","","","","","","",2,1,"","","","","","","","","","","","","","","","","","","","","","","","","","","","","","","","","","","","","","","","","","","","","","","","","","","","","",""
"35049001","CANCALE",48.711667,-1.843333,40,1981123118,"","","","",5.,1,160,1,"","","","","","","","","","","","","","","","","","","","","","","","","","","","",8.4,1,6.4,1,"","","","","","","","","","","","","","","","","","","","","","","","","","",89,1,"","","","","","","","","","","","",9.8,1,993.1,1,"","","","","","",8,1,8,1,8,1,"","","","","","","","","","","","","","","","","","","","","","","","","","","","",30000,1,"","",2,1,8,1,"","","","","","","","","","",2,1,"","","","","","","","","","","","","","","","","","","","","","","","","","","","","","","","","","","","","","","","","","","","","","","","","","","","","",""
"35049001","CANCALE",48.711667,-1.843333,40,1981123121,"","","","",4.,1,160,1,"","","","","","","","","","","","","","","","","","","","","","","","","","","","",8.2,1,6.6,1,"","","","","","","","","","","","","","","","","","","","","","","","","","",92,1,"","","","","","","","","","","","",9.9,1,993.1,1,"","","","","","",6,1,6,1,8,1,0,1,0,1,"","","","","","","","","","","","","","","","","","","","","","","","",30000,1,"","",0,1,"","","","","","","","","","","","",2,1,"","","","","","","","","","","","","","","","","","","","","","","","","","","","","","","","","","","","","","","","","","","","","","","","","","","","","",""
