"NUM_POSTE","NOM_USUEL","LAT","LON","ALTI","AAAAMMJJHH","RR1","QRR1","DRR1","QDRR1","FF","QFF","DD","QDD","FXY","QFXY","DXY","QDXY","HXY","QHXY","FXI","QFXI","DXI","QDXI","HXI","QHXI","FF2","QFF2","DD2","QDD2","FXI2","QFXI2","DXI2","QDXI2","HXI2","QHXI2","FXI3S","QFXI3S","DXI3S","QDXI3S","HFXI3S","QHFXI3S","T","QT","TD","QTD","TN","QTN","HTN","QHTN","TX","QTX","HTX","QHTX","DG","QDG","T10","QT10","T20","QT20","T50","QT50","T100","QT100","TNSOL","QTNSOL","TN50","QTN50","TCHAUSSEE","QTCHAUSSEE","DHUMEC","QDHUMEC","U","QU","UN","QUN","HUN","QHUN","UX","QUX","HUX","QHUX","DHUMI40","QDHUMI40","DHUMI80","QDHUMI80","TSV","QTSV","PMER","QPMER","PSTAT","QPSTAT","PMERMIN","QPMERMIN","GEOP","QGEOP","N","QN","NBAS","QNBAS","CL","QCL","CM","QCM","CH","QCH","N1","QN1","C1","QC1","B1","QB1","N2","QN2","C2","QC2","B2","QB2","N3","QN3","C3","QC3","B3","QB3","N4","QN4","C4","QC4","B4","QB4","VV","QVV","DVV200","QDVV200","WW","QWW","W1","QW1","W2","QW2","SOL","QSOL","SOLNG","QSOLNG","TMER","QTMER","VVMER","QVVMER","ETATMER","QETATMER","DIRHOULE","QDIRHOULE","HVAGUE","QHVAGUE","PVAGUE","QPVAGUE","HNEIGEF","QHNEIGEF","NEIGETOT","QNEIGETOT","TSNEIGE","QTSNEIGE","TUBENEIGE","QTUBENEIGE","HNEIGEFI3","QHNEIGEFI3","HNEIGEFI1","QHNEIGEFI1","ESNEIGE","QESNEIGE","CHARGENEIGE","QCHARGENEIGE","GLO","QGLO","GLO2","QGLO2","DIR","QDIR","DIR2","QDIR2","DIF","QDIF","DIF2","QDIF2","UV","QUV","UV2","QUV2","UV_INDICE","QUV_INDICE","INFRAR","QINFRAR","INFRAR2","QINFRAR2","INS","QINS","INS2","QINS2","TLAGON","QTLAGON","TVEGETAUX","QTVEGETAUX","ECOULEMENT","QECOULEMENT"
"61328002","LE PIN-AU-HARAS -INRAE",48.735833,0.128167,176,2002052501,0.,1,"","","","","","","","","","","","","","","","","","","","","","","","","","","","","","","","","","",10.1,1,"","","","","","","","","","","","","","","","","","","","","","","","","","","","",81,1,"","","","","","","","","","","","","","","","","","","","","","","","","","","","","","","","","","","","","","","","","","","","","","","","","","","","","","","","","","","","","","","","","","","","","","","","","","","","","","","","","","","","","","","","","","","","","","","","","","",0,1,"","","","","","","","","","","","","","","","","","","","","","","","","","","","","",""
"61328002","LE PIN-AU-HARAS -INRAE",48.735833,0.128167,176,2002052502,0.,1,"","","","","","","","","","","","","","","","","","","","","","","","","","","","","","","","","","",8.1,1,"","","","","","","","","","","","","","","","","","","","","","","","","","","","",89,1,"","","","","","","","","","","","","","","","","","","","","","","","","","","","","","","","","","","","","","","","","","","","","","","","","","","","","","","","","","","","","","","","","","","","","","","","","","","","","","","","","","","","","","","","","","","","","","","","","","",0,1,"","","","","","","","","","","","","","","","","","","","","","","","","","","","","",""
"61328002","LE PIN-AU-HARAS -INRAE",48.735833,0.128167,176,2002052503,0.,1,"","","","","","","","","","","","","","","","","","","","","","","","","","","","","","","","","","",7.5,1,"","","","","","","","","","","","","","","","","","","","","","","","","","","","",91,1,"","","","","","","","","","","","","","","","","","","","","","","","","","","","","","","","","","","","","","","","","","","","","","","","","","","","","","","","","","","","","","","","","","","","","","","","","","","","","","","","","","","","","","","","","","","","","","","","","","",0,1,"","","","","","","","","","","","","","","","","","","","","","","","","","","","","",""
"61328002","LE PIN-AU-HARAS -INRAE",48.735833,0.128167,176,2002052504,0.,1,"","","","","","","","","","","","","","","","","","","","","","","","","","","","","","","","","","",7.9,1,"","","","","","","","","","","","","","","","","","","","","","","","","","","","",92,1,"","","","","","","","","","","","","","","","","","","","","","","","","","","","","","","","","","","","","","","","","","","","","","","","","","","","","","","","","","","","","","","","","","","","","","","","","","","","","","","","","","","","","","","","","","","","","","","","","","",0,1,"","","","","","","","","","","","","","","","","","","","","","","","","","","","","",""
"61328002","LE PIN-AU-HARAS -INRAE",48.735833,0.128167,176,2002052505,0.,1,"","","","","","","","","","","","","","","","","","","","","","","","","","","","","","","","","","",8.1,1,"","","","","","","","","","","","","","","","","","","","","","","","","","","","",91,1,"","","","","","","","","","","","","","","","","","","","","","","","","","","","","","","","","","","","","","","","","","","","","","","","","","","","","","","","","","","","","","","","","","","","","","","","","","","","","","","","","","","","","","","","","","","","","","","","","","",6,1,"","","","","","","","","","","","","","","","","","","","","","","","","","","","","",""
"61328002","LE PIN-AU-HARAS -INRAE",48.735833,0.128167,176,2002052506,0.,1,"","","","","","","","","","","","","","","","","","","","","","","","","","","","","","","","","","",9.8,1,"","","","","","","","","","","","","","","","","","","","","","","","","","","","",83,1,"","","","","","","","","","","","","","","","","","","","","","","","","","","","","","","","","","","","","","","","","","","","","","","","","","","","","","","","","","","","","","","","","","","","","","","","","","","","","","","","","","","","","","","","","","","","","","","","","","",56,1,"","","","","","","","","","","","","","","","","","","","","","","","","","","","","",""
"61328002","LE PIN-AU-HARAS -INRAE",48.735833,0.128167,176,2002052507,0.,1,"","","","","","","","","","","","","","","","","","","","","","","","","","","","","","","","","","",10.8,1,"","","","","","","","","","","","","","","","","","","","","","","","","","","","",81,1,"","","","","","","","","","","","","","","","","","","","","","","","","","","","","","","","","","","","","","","","","","","","","","","","","","","","","","","","","","","","","","","","","","","","","","","","","","","","","","","","","","","","","","","","","","","","","","","","","","",112,1,"","","","","","","","","","","","","","","","","","","","","","","","","","","","","",""
"61328002","LE PIN-AU-HARAS -INRAE",48.735833,0.128167,176,2002052508,0.,1,"","","","","","","","","","","","","","","","","","","","","","","","","","","","","","","","","","",12.1,1,"","","","","","","","","","","","","","","","","","","","","","","","","","","","",72,1,"","","","","","","","","","","","","","","","","","","","","","","","","","","","","","","","","","","","","","","","","","","","","","","","","","","","","","","","","","","","","","","","","","","","","","","","","","","","","","","","","","","","","","","","","","","","","","","","","","",156,1,"","","","","","","","","","","","","","","","","","","","","","","","","","","","","",""
"61328002","LE PIN-AU-HARAS -INRAE",48.735833,0.128167,176,2002052509,0.,1,"","","","","","","","","","","","","","","","","","","","","","","","","","","","","","","","","","",14.3,1,"","","","","","","","","","","","","","","","","","","","","","","","","","","","",63,1,"","","","","","","","","","","","","","","","","","","","","","","","","","","","","","","","","","","","","","","","","","","","","","","","","","","","","","","","","","","","","","","","","","","","","","","","","","","","","","","","","","","","","","","","","","","","","","","","","","",222,1,"","","","","","","","","","","","","","","","","","","","","","","","","","","","","",""
"61328002","LE PIN-AU-HARAS -INRAE",48.735833,0.128167,176,2002052510,0.,1,"","","","","","","","","","","","","","","","","","","","","","","","","","","","","","","","","","",14.3,1,"","","","","","","","","","","","","","","","","","","","","","","","","","","","",61,1,"","","","","","","","","","","","","","","","","","","","","","","","","","","","","","","","","","","","","","","","","","","","","","","","","","","","","","","","","","","","","","","","","","","","","","","","","","","","","","","","","","","","","","","","","","","","","","","","","","",254,1,"","","","","","","","","","","","","","","","","","","","","","","","","","","","","",""
"61328002","LE PIN-AU-HARAS -INRAE",48.735833,0.128167,176,2002052511,0.,1,"","","","","","","","","","","","","","","","","","","","","","","","","","","","","","","","","","",15.2,1,"","","","","","","","","","","","","","","","","","","","","","","","","","","","",64,1,"","","","","","","","","","","","","","","","","","","","","","","","","","","","","","","","","","","","","","","","","","","","","","","","","","","","","","","","","","","","","","","","","","","","","","","","","","","","","","","","","","","","","","","","","","","","","","","","","","",252,1,"","","","","","","","","","","","","","","","","","","","","","","","","","","","","",""
"61328002","LE PIN-AU-HARAS -INRAE",48.735833,0.128167,176,2002052512,0.,1,"","","","","","","","","","","","","","","","","","","","","","","","","","","","","","","","","","",16.1,1,"","","","","","","","","","","","","","","","","","","","","","","","","","","","",49,1,"","","","","","","","","","","","","","","","","","","","","","","","","","","","","","","","","","","","","","","","","","","","","","","","","","","","","","","","","","","","","","","","","","","","","","","","","","","","","","","","","","","","","","","","","","","","","","","","","","",350,1,"","","","","","","","","","","","","","","","","","","","","","","","","","","","","",""
"61328002","LE PIN-AU-HARAS -INRAE",48.735833,0.128167,176,2002052513,0.,1,"","","","","","","","","","","","","","","","","","","","","","","","","","","","","","","","","","",12.5,1,"","","","","","","","","","","","","","","","","","","","","","","","","","","","",72,1,"","","","","","","","","","","","","","","","","","","","","","","","","","","","","","","","","","","","","","","","","","","","","","","","","","","","","","","","","","","","","","","","","","","","","","","","","","","","","","","","","","","","","","","","","","","","","","","","","","",200,1,"","","","","","","","","","","","","","","","","","","","","","","","","","","","","",""
"61328002","LE PIN-AU-HARAS -INRAE",48.735833,0.128167,176,2002052514,0.,1,"","","","","","","","","","","","","","","","","","","","","","","","","","","","","","","","","","",14.1,1,"","","","","","","","","","","","","","","","","","","","","","","","","","","","",53,1,"","","","","","","","","","","","","","","","","","","","","","","","","","","","","","","","","","","","","","","","","","","","","","","","","","","","","","","","","","","","","","","","","","","","","","","","","","","","","","","","","","","","","","","","","","","","","","","","","","",232,1,"","","","","","","","","","","","","","","","","","","","","","","","","","","","","",""
"61328002","LE PIN-AU-HARAS -INRAE",48.735833,0.128167,176,2002052515,0.,1,"","","","","","","","","","","","","","","","","","","","","","","","","","","","","","","","","","",15.2,1,"","","","","","","","","","","","","","","","","","","","","","","","","","","","",66,1,"","","","","","","","","","","","","","","","","","","","","","","","","","","","","","","","","","","","","","","","","","","","","","","","","","","","","","","","","","","","","","","","","","","","","","","","","","","","","","","","","","","","","","","","","","","","","","","","","","",178,1,"","","","","","","","","","","","","","","","","","","","","","","","","","","","","",""
"61328002","LE PIN-AU-HARAS -INRAE",48.735833,0.128167,176,2002052516,0.,1,"","","","","","","","","","","","","","","","","","","","","","","","","","","","","","","","","","",13.4,1,"","","","","","","","","","","","","","","","","","","","","","","","","","","","",58,1,"","","","","","","","","","","","","","","","","","","","","","","","","","","","","","","","","","","","","","","","","","","","","","","","","","","","","","","","","","","","","","","","","","","","","","","","","","","","","","","","","","","","","","","","","","","","","","","","","","",186,1,"","","","","","","","","","","","","","","","","","","","","","","","","","","","","",""
"61328002","LE PIN-AU-HARAS -INRAE",48.735833,0.128167,176,2002052517,0.,1,"","","","","","","","","","","","","","","","","","","","","","","","","","","","","","","","","","",13.5,1,"","","","","","","","","","","","","","","","","","","","","","","","","","","","",57,1,"","","","","","","","","","","","","","","","","","","","","","","","","","","","","","","","","","","","","","","","","","","","","","","","","","","","","","","","","","","","","","","","","","","","","","","","","","","","","","","","","","","","","","","","","","","","","","","","","","",106,1,"","","","","","","","","","","","","","","","","","","","","","","","","","","","","",""
"61328002","LE PIN-AU-HARAS -INRAE",48.735833,0.128167,176,2002052518,0.,1,"","","","","","","","","","","","","","","","","","","","","","","","","","","","","","","","","","",14.3,1,"","","","","","","","","","","","","","","","","","","","","","","","","","","","",57,1,"","","","","","","","","","","","","","","","","","","","","","","","","","","","","","","","","","","","","","","","","","","","","","","","","","","","","","","","","","","","","","","","","","","","","","","","","","","","","","","","","","","","","","","","","","","","","","","","","","",88,1,"","","","","","","","","","","","","","","","","","","","","","","","","","","","","",""
"61328002","LE PIN-AU-HARAS -INRAE",48.735833,0.128167,176,2002052519,0.,1,"","","","","","","","","","","","","","","","","","","","","","","","","","","","","","","","","","",12.6,1,"","","","","","","","","","","","","","","","","","","","","","","","","","","","",62,1,"","","","","","","","","","","","","","","","","","","","","","","","","","","","","","","","","","","","","","","","","","","","","","","","","","","","","","","","","","","","","","","","","","","","","","","","","","","","","","","","","","","","","","","","","","","","","","","","","","",30,1,"","","","","","","","","","","","","","","","","","","","","","","","","","","","","",""
"61328002","LE PIN-AU-HARAS -INRAE",48.735833,0.128167,176,2002052520,0.,1,"","","","","","","","","","","","","","","","","","","","","","","","","","","","","","","","","","",12.,1,"","","","","","","","","","","","","","","","","","","","","","","","","","","","",63,1,"","","","","","","","","","","","","","","","","","","","","","","","","","","","","","","","","","","","","","","","","","","","","","","","","","","","","","","","","","","","","","","","","","","","","","","","","","","","","","","","","","","","","","","","","","","","","","","","","","",4,1,"","","","","","","","","","","","","","","","","","","","","","","","","","","","","",""
"61328002","LE PIN-AU-HARAS -INRAE",48.735833,0.128167,176,2002052521,0.,1,"","","","","","","","","","","","","","","","","","","","","","","","","","","","","","","","","","",11.5,1,"","","","","","","","","","","","","","","","","","","","","","","","","","","","",69,1,"","","","","","","","","","","","","","","","","","","","","","","","","","","","","","","","","","","","","","","","","","","","","","","","","","","","","","","","","","","","","","","","","","","","","","","","","","","","","","","","","","","","","","","","","","","","","","","","","","",0,1,"","","","","","","","","","","","","","","","","","","","","","","","","","","","","",""
"61328002","LE PIN-AU-HARAS -INRAE",48.735833,0.128167,176,2002052522,0.,1,"","","","","","","","","","","","","","","","","","","","","","","","","","","","","","","","","","",11.3,1,"","","","","","","","","","","","","","","","","","","","","","","","","","","","",73,1,"","","","","","","","","","","","","","","","","","","","","","","","","","","","","","","","","","","","","","","","","","","","","","","","","","","","","","","","","","","","","","","","","","","","","","","","","","","","","","","","","","","","","","","","","","","","","","","","","","",0,1,"","","","","","","","","","","","","","","","","","","","","","","","","","","","","",""
"61328002","LE PIN-AU-HARAS -INRAE",48.735833,0.128167,176,2002052523,0.,1,"","","","","","","","","","","","","","","","","","","","","","","","","","","","","","","","","","",10.6,1,"","","","","","","","","","","","","","","","","","","","","","","","","","","","",78,1,"","","","","","","","","","","","","","","","","","","","","","","","","","","","","","","","","","","","","","","","","","","","","","","","","","","","","","","","","","","","","","","","","","","","","","","","","","","","","","","","","","","","","","","","","","","","","","","","","","",0,1,"","","","","","","","","","","","","","","","","","","","","","","","","","","","","",""
"61328002","LE PIN-AU-HARAS -INRAE",48.735833,0.128167,176,2002052600,0.,1,"","","","","","","","","","","","","","","","","","","","","","","","","","","","","","","","","","",10.6,1,"","","","","","","","","","","","","","","","","","","","","","","","","","","","",80,1,"","","","","","","","","","","","","","","","","","","","","","","","","","","","","","","","","","","","","","","","","","","","","","","","","","","","","","","","","","","","","","","","","","","","","","","","","","","","","","","","","","","","","","","","","","","","","","","","","","",0,1,"","","","","","","","","","","","","","","","","","","","","","","","","","","","","",""
"61328002","LE PIN-AU-HARAS -INRAE",48.735833,0.128167,176,2002052601,0.,1,"","","","","","","","","","","","","","","","","","","","","","","","","","","","","","","","","","",10.8,1,"","","","","","","","","","","","","","","","","","","","","","","","","","","","",80,1,"","","","","","","","","","","","","","","","","","","","","","","","","","","","","","","","","","","","","","","","","","","","","","","","","","","","","","","","","","","","","","","","","","","","","","","","","","","","","","","","","","","","","","","","","","","","","","","","","","",0,1,"","","","","","","","","","","","","","","","","","","","","","","","","","","","","",""
"61328002","LE PIN-AU-HARAS -INRAE",48.735833,0.128167,176,2002052602,0.,1,"","","","","","","","","","","","","","","","","","","","","","","","","","","","","","","","","","",10.1,1,"","","","","","","","","","","","","","","","","","","","","","","","","","","","",87,1,"","","","","","","","","","","","","","","","","","","","","","","","","","","","","","","","","","","","","","","","","","","","","","","","","","","","","","","","","","","","","","","","","","","","","","","","","","","","","","","","","","","","","","","","","","","","","","","","","","",0,1,"","","","","","","","","","","","","","","","","","","","","","","","","","","","","",""
"61328002","LE PIN-AU-HARAS -INRAE",48.735833,0.128167,176,2002052603,1.5,1,"","","","","","","","","","","","","","","","","","","","","","","","","","","","","","","","","","",9.8,1,"","","","","","","","","","","","","","","","","","","","","","","","","","","","",93,1,"","","","","","","","","","","","","","","","","","","","","","","","","","","","","","","","","","","","","","","","","","","","","","","","","","","","","","","","","","","","","","","","","","","","","","","","","","","","","","","","","","","","","","","","","","","","","","","","","","",0,1,"","","","","","","","","","","","","","","","","","","","","","","","","","","","","",""
"61328002","LE PIN-AU-HARAS -INRAE",48.735833,0.128167,176,2002052604,5.,1,"","","","","","","","","","","","","","","","","","","","","","","","","","","","","","","","","","",7.8,1,"","","","","","","","","","","","","","","","","","","","","","","","","","","","",94,1,"","","","","","","","","","","","","","","","","","","","","","","","","","","","","","","","","","","","","","","","","","","","","","","","","","","","","","","","","","","","","","","","","","","","","","","","","","","","","","","","","","","","","","","","","","","","","","","","","","",0,1,"","","","","","","","","","","","","","","","","","","","","","","","","","","","","",""
"61328002","LE PIN-AU-HARAS -INRAE",48.735833,0.128167,176,2002052605,0.,1,"","","","","","","","","","","","","","","","","","","","","","","","","","","","","","","","","","",8.5,1,"","","","","","","","","","","","","","","","","","","","","","","","","","","","",93,1,"","","","","","","","","","","","","","","","","","","","","","","","","","","","","","","","","","","","","","","","","","","","","","","","","","","","","","","","","","","","","","","","","","","","","","","","","","","","","","","","","","","","","","","","","","","","","","","","","","",4,1,"","","","","","","","","","","","","","","","","","","","","","","","","","","","","",""
"61328002","LE PIN-AU-HARAS -INRAE",48.735833,0.128167,176,2002052606,0.,1,"","","","","","","","","","","","","","","","","","","","","","","","","","","","","","","","","","",10.,1,"","","","","","","","","","","","","","","","","","","","","","","","","","","","",86,1,"","","","","","","","","","","","","","","","","","","","","","","","","","","","","","","","","","","","","","","","","","","","","","","","","","","","","","","","","","","","","","","","","","","","","","","","","","","","","","","","","","","","","","","","","","","","","","","","","","",54,1,"","","","","","","","","","","","","","","","","","","","","","","","","","","","","",""
"61328002","LE PIN-AU-HARAS -INRAE",48.735833,0.128167,176,2002052607,0.,1,"","","","","","","","","","","","","","","","","","","","","","","","","","","","","","","","","","",11.,1,"","","","","","","","","","","","","","","","","","","","","","","","","","","","",75,1,"","","","","","","","","","","","","","","","","","","","","","","","","","","","","","","","","","","","","","","","","","","","","","","","","","","","","","","","","","","","","","","","","","","","","","","","","","","","","","","","","","","","","","","","","","","","","","","","","","",108,1,"","","","","","","","","","","","","","","","","","","","","","","","","","","","","",""
"61328002","LE PIN-AU-HARAS -INRAE",48.735833,0.128167,176,2002052608,0.,1,"","","","","","","","","","","","","","","","","","","","","","","","","","","","","","","","","","",11.,1,"","","","","","","","","","","","","","","","","","","","","","","","","","","","",71,1,"","","","","","","","","","","","","","","","","","","","","","","","","","","","","","","","","","","","","","","","","","","","","","","","","","","","","","","","","","","","","","","","","","","","","","","","","","","","","","","","","","","","","","","","","","","","","","","","","","",92,1,"","","","","","","","","","","","","","","","","","","","","","","","","","","","","",""
"61328002","LE PIN-AU-HARAS -INRAE",48.735833,0.128167,176,2002052609,0.,1,"","","","","","","","","","","","","","","","","","","","","","","","","","","","","","","","","","",11.2,1,"","","","","","","","","","","","","","","","","","","","","","","","","","","","",68,1,"","","","","","","","","","","","","","","","","","","","","","","","","","","","","","","","","","","","","","","","","","","","","","","","","","","","","","","","","","","","","","","","","","","","","","","","","","","","","","","","","","","","","","","","","","","","","","","","","","",104,1,"","","","","","","","","","","","","","","","","","","","","","","","","","","","","",""
"61328002","LE PIN-AU-HARAS -INRAE",48.735833,0.128167,176,2002052610,0.,1,"","","","","","","","","","","","","","","","","","","","","","","","","","","","","","","","","","",11.4,1,"","","","","","","","","","","","","","","","","","","","","","","","","","","","",68,1,"","","","","","","","","","","","","","","","","","","","","","","","","","","","","","","","","","","","","","","","","","","","","","","","","","","","","","","","","","","","","","","","","","","","","","","","","","","","","","","","","","","","","","","","","","","","","","","","","","",106,1,"","","","","","","","","","","","","","","","","","","","","","","","","","","","","",""
"61328002","LE PIN-AU-HARAS -INRAE",48.735833,0.128167,176,2002052611,0.,1,"","","","","","","","","","","","","","","","","","","","","","","","","","","","","","","","","","",13.7,1,"","","","","","","","","","","","","","","","","","","","","","","","","","","","",61,1,"","","","","","","","","","","","","","","","","","","","","","","","","","","","","","","","","","","","","","","","","","","","","","","","","","","","","","","","","","","","","","","","","","","","","","","","","","","","","","","","","","","","","","","","","","","","","","","","","","",222,1,"","","","","","","","","","","","","","","","","","","","","","","","","","","","","",""
"61328002","LE PIN-AU-HARAS -INRAE",48.735833,0.128167,176,2002052612,0.,1,"","","","","","","","","","","","","","","","","","","","","","","","","","","","","","","","","","",15.6,1,"","","","","","","","","","","","","","","","","","","","","","","","","","","","",56,1,"","","","","","","","","","","","","","","","","","","","","","","","","","","","","","","","","","","","","","","","","","","","","","","","","","","","","","","","","","","","","","","","","","","","","","","","","","","","","","","","","","","","","","","","","","","","","","","","","","",282,1,"","","","","","","","","","","","","","","","","","","","","","","","","","","","","",""
"61328002","LE PIN-AU-HARAS -INRAE",48.735833,0.128167,176,2002052613,0.,1,"","","","","","","","","","","","","","","","","","","","","","","","","","","","","","","","","","",14.3,1,"","","","","","","","","","","","","","","","","","","","","","","","","","","","",52,1,"","","","","","","","","","","","","","","","","","","","","","","","","","","","","","","","","","","","","","","","","","","","","","","","","","","","","","","","","","","","","","","","","","","","","","","","","","","","","","","","","","","","","","","","","","","","","","","","","","",230,1,"","","","","","","","","","","","","","","","","","","","","","","","","","","","","",""
"61328002","LE PIN-AU-HARAS -INRAE",48.735833,0.128167,176,2002052614,0.,1,"","","","","","","","","","","","","","","","","","","","","","","","","","","","","","","","","","",15.7,1,"","","","","","","","","","","","","","","","","","","","","","","","","","","","",55,1,"","","","","","","","","","","","","","","","","","","","","","","","","","","","","","","","","","","","","","","","","","","","","","","","","","","","","","","","","","","","","","","","","","","","","","","","","","","","","","","","","","","","","","","","","","","","","","","","","","",234,1,"","","","","","","","","","","","","","","","","","","","","","","","","","","","","",""
"61328002","LE PIN-AU-HARAS -INRAE",48.735833,0.128167,176,2002052615,0.,1,"","","","","","","","","","","","","","","","","","","","","","","","","","","","","","","","","","",14.3,1,"","","","","","","","","","","","","","","","","","","","","","","","","","","","",68,1,"","","","","","","","","","","","","","","","","","","","","","","","","","","","","","","","","","","","","","","","","","","","","","","","","","","","","","","","","","","","","","","","","","","","","","","","","","","","","","","","","","","","","","","","","","","","","","","","","","",212,1,"","","","","","","","","","","","","","","","","","","","","","","","","","","","","",""
"61328002","LE PIN-AU-HARAS -INRAE",48.735833,0.128167,176,2002052616,4.5,1,"","","","","","","","","","","","","","","","","","","","","","","","","","","","","","","","","","",13.,1,"","","","","","","","","","","","","","","","","","","","","","","","","","","","",79,1,"","","","","","","","","","","","","","","","","","","","","","","","","","","","","","","","","","","","","","","","","","","","","","","","","","","","","","","","","","","","","","","","","","","","","","","","","","","","","","","","","","","","","","","","","","","","","","","","","","",124,1,"","","","","","","","","","","","","","","","","","","","","","","","","","","","","",""
"61328002","LE PIN-AU-HARAS -INRAE",48.735833,0.128167,176,2002052617,0.,1,"","","","","","","","","","","","","","","","","","","","","","","","","","","","","","","","","","",12.4,1,"","","","","","","","","","","","","","","","","","","","","","","","","","","","",80,1,"","","","","","","","","","","","","","","","","","","","","","","","","","","","","","","","","","","","","","","","","","","","","","","","","","","","","","","","","","","","","","","","","","","","","","","","","","","","","","","","","","","","","","","","","","","","","","","","","","",66,1,"","","","","","","","","","","","","","","","","","","","","","","","","","","","","",""
"61328002","LE PIN-AU-HARAS -INRAE",48.735833,0.128167,176,2002052618,2.,1,"","","","","","","","","","","","","","","","","","","","","","","","","","","","","","","","","","",9.5,1,"","","","","","","","","","","","","","","","","","","","","","","","","","","","",91,1,"","","","","","","","","","","","","","","","","","","","","","","","","","","","","","","","","","","","","","","","","","","","","","","","","","","","","","","","","","","","","","","","","","","","","","","","","","","","","","","","","","","","","","","","","","","","","","","","","","",28,1,"","","","","","","","","","","","","","","","","","","","","","","","","","","","","",""
"61328002","LE PIN-AU-HARAS -INRAE",48.735833,0.128167,176,2002052619,0.5,1,"","","","","","","","","","","","","","","","","","","","","","","","","","","","","","","","","","",9.5,1,"","","","","","","","","","","","","","","","","","","","","","","","","","","","",94,1,"","","","","","","","","","","","","","","","","","","","","","","","","","","","","","","","","","","","","","","","","","","","","","","","","","","","","","","","","","","","","","","","","","","","","","","","","","","","","","","","","","","","","","","","","","","","","","","","","","",20,1,"","","","","","","","","","","","","","","","","","","","","","","","","","","","","",""
"61328002","LE PIN-AU-HARAS -INRAE",48.735833,0.128167,176,2002052620,0.5,1,"","","","","","","","","","","","","","","","","","","","","","","","","","","","","","","","","","",9.2,1,"","","","","","","","","","","","","","","","","","","","","","","","","","","","",94,1,"","","","","","","","","","","","","","","","","","","","","","","","","","","","","","","","","","","","","","","","","","","","","","","","","","","","","","","","","","","","","","","","","","","","","","","","","","","","","","","","","","","","","","","","","","","","","","","","","","",2,1,"","","","","","","","","","","","","","","","","","","","","","","","","","","","","",""
"61328002","LE PIN-AU-HARAS -INRAE",48.735833,0.128167,176,2002052621,0.,1,"","","","","","","","","","","","","","","","","","","","","","","","","","","","","","","","","","",8.9,1,"","","","","","","","","","","","","","","","","","","","","","","","","","","","",94,1,"","","","","","","","","","","","","","","","","","","","","","","","","","","","","","","","","","","","","","","","","","","","","","","","","","","","","","","","","","","","","","","","","","","","","","","","","","","","","","","","","","","","","","","","","","","","","","","","","","",0,1,"","","","","","","","","","","","","","","","","","","","","","","","","","","","","",""
"61328002","LE PIN-AU-HARAS -INRAE",48.735833,0.128167,176,2002052622,0.,1,"","","","","","","","","","","","","","","","","","","","","","","","","","","","","","","","","","",8.9,1,"","","","","","","","","","","","","","","","","","","","","","","","","","","","",97,1,"","","","","","","","","","","","","","","","","","","","","","","","","","","","","","","","","","","","","","","","","","","","","","","","","","","","","","","","","","","","","","","","","","","","","","","","","","","","","","","","","","","","","","","","","","","","","","","","","","",0,1,"","","","","","","","","","","","","","","","","","","","","","","","","","","","","",""
"61328002","LE PIN-AU-HARAS -INRAE",48.735833,0.128167,176,2002052623,0.,1,"","","","","","","","","","","","","","","","","","","","","","","","","","","","","","","","","","",9.3,1,"","","","","","","","","","","","","","","","","","","","","","","","","","","","",97,1,"","","","","","","","","","","","","","","","","","","","","","","","","","","","","","","","","","","","","","","","","","","","","","","","","","","","","","","","","","","","","","","","","","","","","","","","","","","","","","","","","","","","","","","","","","","","","","","","","","",0,1,"","","","","","","","","","","","","","","","","","","","","","","","","","","","","",""
"61328002","LE PIN-AU-HARAS -INRAE",48.735833,0.128167,176,2002052700,0.,1,"","","","","","","","","","","","","","","","","","","","","","","","","","","","","","","","","","",8.9,1,"","","","","","","","","","","","","","","","","","","","","","","","","","","","",93,1,"","","","","","","","","","","","","","","","","","","","","","","","","","","","","","","","","","","","","","","","","","","","","","","","","","","","","","","","","","","","","","","","","","","","","","","","","","","","","","","","","","","","","","","","","","","","","","","","","","",0,1,"","","","","","","","","","","","","","","","","","","","","","","","","","","","","",""
"61328002","LE PIN-AU-HARAS -INRAE",48.735833,0.128167,176,2002052701,0.5,1,"","","","","","","","","","","","","","","","","","","","","","","","","","","","","","","","","","",9.4,1,"","","","","","","","","","","","","","","","","","","","","","","","","","","","",94,1,"","","","","","","","","","","","","","","","","","","","","","","","","","","","","","","","","","","","","","","","","","","","","","","","","","","","","","","","","","","","","","","","","","","","","","","","","","","","","","","","","","","","","","","","","","","","","","","","","","",0,1,"","","","","","","","","","","","","","","","","","","","","","","","","","","","","",""
"61328002","LE PIN-AU-HARAS -INRAE",48.735833,0.128167,176,2002052702,0.,1,"","","","","","","","","","","","","","","","","","","","","","","","","","","","","","","","","","",9.4,1,"","","","","","","","","","","","","","","","","","","","","","","","","","","","",92,1,"","","","","","","","","","","","","","","","","","","","","","","","","","","","","","","","","","","","","","","","","","","","","","","","","","","","","","","","","","","","","","","","","","","","","","","","","","","","","","","","","","","","","","","","","","","","","","","","","","",0,1,"","","","","","","","","","","","","","","","","","","","","","","","","","","","","",""
"61328002","LE PIN-AU-HARAS -INRAE",48.735833,0.128167,176,2002052703,0.,1,"","","","","","","","","","","","","","","","","","","","","","","","","","","","","","","","","","",9.3,1,"","","","","","","","","","","","","","","","","","","","","","","","","","","","",91,1,"","","","","","","","","","","","","","","","","","","","","","","","","","","","","","","","","","","","","","","","","","","","","","","","","","","","","","","","","","","","","","","","","","","","","","","","","","","","","","","","","","","","","","","","","","","","","","","","","","",0,1,"","","","","","","","","","","","","","","","","","","","","","","","","","","","","",""
"61328002","LE PIN-AU-HARAS -INRAE",48.735833,0.128167,176,2002052704,0.,1,"","","","","","","","","","","","","","","","","","","","","","","","","","","","","","","","","","",8.9,1,"","","","","","","","","","","","","","","","","","","","","","","","","","","","",91,1,"","","","","","","","","","","","","","","","","","","","","","","","","","","","","","","","","","","","","","","","","","","","","","","","","","","","","","","","","","","","","","","","","","","","","","","","","","","","","","","","","","","","","","","","","","","","","","","","","","",0,1,"","","","","","","","","","","","","","","","","","","","","","","","","","","","","",""
"61328002","LE PIN-AU-HARAS -INRAE",48.735833,0.128167,176,2002052705,0.,1,"","","","","","","","","","","","","","","","","","","","","","","","","","","","","","","","","","",9.2,1,"","","","","","","","","","","","","","","","","","","","","","","","","","","","",90,1,"","","","","","","","","","","","","","","","","","","","","","","","","","","","","","","","","","","","","","","","","","","","","","","","","","","","","","","","","","","","","","","","","","","","","","","","","","","","","","","","","","","","","","","","","","","","","","","","","","",4,1,"","","","","","","","","","","","","","","","","","","","","","","","","","","","","",""
"61328002","LE PIN-AU-HARAS -INRAE",48.735833,0.128167,176,2002052706,0.,1,"","","","","","","","","","","","","","","","","","","","","","","","","","","","","","","","","","",10.1,1,"","","","","","","","","","","","","","","","","","","","","","","","","","","","",87,1,"","","","","","","","","","","","","","","","","","","","","","","","","","","","","","","","","","","","","","","","","","","","","","","","","","","","","","","","","","","","","","","","","","","","","","","","","","","","","","","","","","","","","","","","","","","","","","","","","","",30,1,"","","","","","","","","","","","","","","","","","","","","","","","","","","","","",""
"61328002","LE PIN-AU-HARAS -INRAE",48.735833,0.128167,176,2002052707,0.,1,"","","","","","","","","","","","","","","","","","","","","","","","","","","","","","","","","","",10.3,1,"","","","","","","","","","","","","","","","","","","","","","","","","","","","",85,1,"","","","","","","","","","","","","","","","","","","","","","","","","","","","","","","","","","","","","","","","","","","","","","","","","","","","","","","","","","","","","","","","","","","","","","","","","","","","","","","","","","","","","","","","","","","","","","","","","","",36,1,"","","","","","","","","","","","","","","","","","","","","","","","","","","","","",""
"61328002","LE PIN-AU-HARAS -INRAE",48.735833,0.128167,176,2002052708,0.,1,"","","","","","","","","","","","","","","","","","","","","","","","","","","","","","","","","","",11.,1,"","","","","","","","","","","","","","","","","","","","","","","","","","","","",82,1,"","","","","","","","","","","","","","","","","","","","","","","","","","","","","","","","","","","","","","","","","","","","","","","","","","","","","","","","","","","","","","","","","","","","","","","","","","","","","","","","","","","","","","","","","","","","","","","","","","",60,1,"","","","","","","","","","","","","","","","","","","","","","","","","","","","","",""
"61328002","LE PIN-AU-HARAS -INRAE",48.735833,0.128167,176,2002052709,0.,1,"","","","","","","","","","","","","","","","","","","","","","","","","","","","","","","","","","",13.5,1,"","","","","","","","","","","","","","","","","","","","","","","","","","","","",83,1,"","","","","","","","","","","","","","","","","","","","","","","","","","","","","","","","","","","","","","","","","","","","","","","","","","","","","","","","","","","","","","","","","","","","","","","","","","","","","","","","","","","","","","","","","","","","","","","","","","",118,1,"","","","","","","","","","","","","","","","","","","","","","","","","","","","","",""
"61328002","LE PIN-AU-HARAS -INRAE",48.735833,0.128167,176,2002052710,0.,1,"","","","","","","","","","","","","","","","","","","","","","","","","","","","","","","","","","",12.9,1,"","","","","","","","","","","","","","","","","","","","","","","","","","","","",75,1,"","","","","","","","","","","","","","","","","","","","","","","","","","","","","","","","","","","","","","","","","","","","","","","","","","","","","","","","","","","","","","","","","","","","","","","","","","","","","","","","","","","","","","","","","","","","","","","","","","",192,1,"","","","","","","","","","","","","","","","","","","","","","","","","","","","","",""
"61328002","LE PIN-AU-HARAS -INRAE",48.735833,0.128167,176,2002052711,0.,1,"","","","","","","","","","","","","","","","","","","","","","","","","","","","","","","","","","",12.9,1,"","","","","","","","","","","","","","","","","","","","","","","","","","","","",75,1,"","","","","","","","","","","","","","","","","","","","","","","","","","","","","","","","","","","","","","","","","","","","","","","","","","","","","","","","","","","","","","","","","","","","","","","","","","","","","","","","","","","","","","","","","","","","","","","","","","",164,1,"","","","","","","","","","","","","","","","","","","","","","","","","","","","","",""
"61328002","LE PIN-AU-HARAS -INRAE",48.735833,0.128167,176,2002052712,0.,1,"","","","","","","","","","","","","","","","","","","","","","","","","","","","","","","","","","",12.8,1,"","","","","","","","","","","","","","","","","","","","","","","","","","","","",62,1,"","","","","","","","","","","","","","","","","","","","","","","","","","","","","","","","","","","","","","","","","","","","","","","","","","","","","","","","","","","","","","","","","","","","","","","","","","","","","","","","","","","","","","","","","","","","","","","","","","",206,1,"","","","","","","","","","","","","","","","","","","","","","","","","","","","","",""
"61328002","LE PIN-AU-HARAS -INRAE",48.735833,0.128167,176,2002052713,0.,1,"","","","","","","","","","","","","","","","","","","","","","","","","","","","","","","","","","",14.4,1,"","","","","","","","","","","","","","","","","","","","","","","","","","","","",67,1,"","","","","","","","","","","","","","","","","","","","","","","","","","","","","","","","","","","","","","","","","","","","","","","","","","","","","","","","","","","","","","","","","","","","","","","","","","","","","","","","","","","","","","","","","","","","","","","","","","",184,1,"","","","","","","","","","","","","","","","","","","","","","","","","","","","","",""
"61328002","LE PIN-AU-HARAS -INRAE",48.735833,0.128167,176,2002052714,0.,1,"","","","","","","","","","","","","","","","","","","","","","","","","","","","","","","","","","",15.4,1,"","","","","","","","","","","","","","","","","","","","","","","","","","","","",60,1,"","","","","","","","","","","","","","","","","","","","","","","","","","","","","","","","","","","","","","","","","","","","","","","","","","","","","","","","","","","","","","","","","","","","","","","","","","","","","","","","","","","","","","","","","","","","","","","","","","",270,1,"","","","","","","","","","","","","","","","","","","","","","","","","","","","","",""
"61328002","LE PIN-AU-HARAS -INRAE",48.735833,0.128167,176,2002052715,0.,1,"","","","","","","","","","","","","","","","","","","","","","","","","","","","","","","","","","",14.6,1,"","","","","","","","","","","","","","","","","","","","","","","","","","","","",67,1,"","","","","","","","","","","","","","","","","","","","","","","","","","","","","","","","","","","","","","","","","","","","","","","","","","","","","","","","","","","","","","","","","","","","","","","","","","","","","","","","","","","","","","","","","","","","","","","","","","",244,1,"","","","","","","","","","","","","","","","","","","","","","","","","","","","","",""
"61328002","LE PIN-AU-HARAS -INRAE",48.735833,0.128167,176,2002052716,2.,1,"","","","","","","","","","","","","","","","","","","","","","","","","","","","","","","","","","",11.3,1,"","","","","","","","","","","","","","","","","","","","","","","","","","","","",85,1,"","","","","","","","","","","","","","","","","","","","","","","","","","","","","","","","","","","","","","","","","","","","","","","","","","","","","","","","","","","","","","","","","","","","","","","","","","","","","","","","","","","","","","","","","","","","","","","","","","",80,1,"","","","","","","","","","","","","","","","","","","","","","","","","","","","","",""
"61328002","LE PIN-AU-HARAS -INRAE",48.735833,0.128167,176,2002052717,0.,1,"","","","","","","","","","","","","","","","","","","","","","","","","","","","","","","","","","",13.1,1,"","","","","","","","","","","","","","","","","","","","","","","","","","","","",78,1,"","","","","","","","","","","","","","","","","","","","","","","","","","","","","","","","","","","","","","","","","","","","","","","","","","","","","","","","","","","","","","","","","","","","","","","","","","","","","","","","","","","","","","","","","","","","","","","","","","",94,1,"","","","","","","","","","","","","","","","","","","","","","","","","","","","","",""
"61328002","LE PIN-AU-HARAS -INRAE",48.735833,0.128167,176,2002052718,0.5,1,"","","","","","","","","","","","","","","","","","","","","","","","","","","","","","","","","","",11.7,1,"","","","","","","","","","","","","","","","","","","","","","","","","","","","",82,1,"","","","","","","","","","","","","","","","","","","","","","","","","","","","","","","","","","","","","","","","","","","","","","","","","","","","","","","","","","","","","","","","","","","","","","","","","","","","","","","","","","","","","","","","","","","","","","","","","","",56,1,"","","","","","","","","","","","","","","","","","","","","","","","","","","","","",""
"61328002","LE PIN-AU-HARAS -INRAE",48.735833,0.128167,176,2002052719,1.,1,"","","","","","","","","","","","","","","","","","","","","","","","","","","","","","","","","","",11.,1,"","","","","","","","","","","","","","","","","","","","","","","","","","","","",94,1,"","","","","","","","","","","","","","","","","","","","","","","","","","","","","","","","","","","","","","","","","","","","","","","","","","","","","","","","","","","","","","","","","","","","","","","","","","","","","","","","","","","","","","","","","","","","","","","","","","",18,1,"","","","","","","","","","","","","","","","","","","","","","","","","","","","","",""
"61328002","LE PIN-AU-HARAS -INRAE",48.735833,0.128167,176,2002052720,0.,1,"","","","","","","","","","","","","","","","","","","","","","","","","","","","","","","","","","",10.2,1,"","","","","","","","","","","","","","","","","","","","","","","","","","","","",96,1,"","","","","","","","","","","","","","","","","","","","","","","","","","","","","","","","","","","","","","","","","","","","","","","","","","","","","","","","","","","","","","","","","","","","","","","","","","","","","","","","","","","","","","","","","","","","","","","","","","",6,1,"","","","","","","","","","","","","","","","","","","","","","","","","","","","","",""
"61328002","LE PIN-AU-HARAS -INRAE",48.735833,0.128167,176,2002052721,0.,1,"","","","","","","","","","","","","","","","","","","","","","","","","","","","","","","","","","",8.1,1,"","","","","","","","","","","","","","","","","","","","","","","","","","","","",97,1,"","","","","","","","","","","","","","","","","","","","","","","","","","","","","","","","","","","","","","","","","","","","","","","","","","","","","","","","","","","","","","","","","","","","","","","","","","","","","","","","","","","","","","","","","","","","","","","","","","",0,1,"","","","","","","","","","","","","","","","","","","","","","","","","","","","","",""
"61328002","LE PIN-AU-HARAS -INRAE",48.735833,0.128167,176,2002052722,0.,1,"","","","","","","","","","","","","","","","","","","","","","","","","","","","","","","","","","",7.7,1,"","","","","","","","","","","","","","","","","","","","","","","","","","","","",98,1,"","","","","","","","","","","","","","","","","","","","","","","","","","","","","","","","","","","","","","","","","","","","","","","","","","","","","","","","","","","","","","","","","","","","","","","","","","","","","","","","","","","","","","","","","","","","","","","","","","",0,1,"","","","","","","","","","","","","","","","","","","","","","","","","","","","","",""
"61328002","LE PIN-AU-HARAS -INRAE",48.735833,0.128167,176,2002052723,0.,1,"","","","","","","","","","","","","","","","","","","","","","","","","","","","","","","","","","",7.6,1,"","","","","","","","","","","","","","","","","","","","","","","","","","","","",98,1,"","","","","","","","","","","","","","","","","","","","","","","","","","","","","","","","","","","","","","","","","","","","","","","","","","","","","","","","","","","","","","","","","","","","","","","","","","","","","","","","","","","","","","","","","","","","","","","","","","",0,1,"","","","","","","","","","","","","","","","","","","","","","","","","","","","","",""
"61328002","LE PIN-AU-HARAS -INRAE",48.735833,0.128167,176,2002052800,0.,1,"","","","","","","","","","","","","","","","","","","","","","","","","","","","","","","","","","",8.3,1,"","","","","","","","","","","","","","","","","","","","","","","","","","","","",98,1,"","","","","","","","","","","","","","","","","","","","","","","","","","","","","","","","","","","","","","","","","","","","","","","","","","","","","","","","","","","","","","","","","","","","","","","","","","","","","","","","","","","","","","","","","","","","","","","","","","",0,1,"","","","","","","","","","","","","","","","","","","","","","","","","","","","","",""
"61328002","LE PIN-AU-HARAS -INRAE",48.735833,0.128167,176,2002052801,0.,1,"","","","","","","","","","","","","","","","","","","","","","","","","","","","","","","","","","",7.9,1,"","","","","","","","","","","","","","","","","","","","","","","","","","","","",98,1,"","","","","","","","","","","","","","","","","","","","","","","","","","","","","","","","","","","","","","","","","","","","","","","","","","","","","","","","","","","","","","","","","","","","","","","","","","","","","","","","","","","","","","","","","","","","","","","","","","",0,1,"","","","","","","","","","","","","","","","","","","","","","","","","","","","","",""
"61328002","LE PIN-AU-HARAS -INRAE",48.735833,0.128167,176,2002052802,0.,1,"","","","","","","","","","","","","","","","","","","","","","","","","","","","","","","","","","",8.1,1,"","","","","","","","","","","","","","","","","","","","","","","","","","","","",98,1,"","","","","","","","","","","","","","","","","","","","","","","","","","","","","","","","","","","","","","","","","","","","","","","","","","","","","","","","","","","","","","","","","","","","","","","","","","","","","","","","","","","","","","","","","","","","","","","","","","",0,1,"","","","","","","","","","","","","","","","","","","","","","","","","","","","","",""
"61328002","LE PIN-AU-HARAS -INRAE",48.735833,0.128167,176,2002052803,0.,1,"","","","","","","","","","","","","","","","","","","","","","","","","","","","","","","","","","",8.4,1,"","","","","","","","","","","","","","","","","","","","","","","","","","","","",99,1,"","","","","","","","","","","","","","","","","","","","","","","","","","","","","","","","","","","","","","","","","","","","","","","","","","","","","","","","","","","","","","","","","","","","","","","","","","","","","","","","","","","","","","","","","","","","","","","","","","",0,1,"","","","","","","","","","","","","","","","","","","","","","","","","","","","","",""
"61328002","LE PIN-AU-HARAS -INRAE",48.735833,0.128167,176,2002052804,0.,1,"","","","","","","","","","","","","","","","","","","","","","","","","","","","","","","","","","",7.9,1,"","","","","","","","","","","","","","","","","","","","","","","","","","","","",99,1,"","","","","","","","","","","","","","","","","","","","","","","","","","","","","","","","","","","","","","","","","","","","","","","","","","","","","","","","","","","","","","","","","","","","","","","","","","","","","","","","","","","","","","","","","","","","","","","","","","",0,1,"","","","","","","","","","","","","","","","","","","","","","","","","","","","","",""
"61328002","LE PIN-AU-HARAS -INRAE",48.735833,0.128167,176,2002052805,0.,1,"","","","","","","","","","","","","","","","","","","","","","","","","","","","","","","","","","",8.6,1,"","","","","","","","","","","","","","","","","","","","","","","","","","","","",99,1,"","","","","","","","","","","","","","","","","","","","","","","","","","","","","","","","","","","","","","","","","","","","","","","","","","","","","","","","","","","","","","","","","","","","","","","","","","","","","","","","","","","","","","","","","","","","","","","","","","",6,1,"","","","","","","","","","","","","","","","","","","","","","","","","","","","","",""
"61328002","LE PIN-AU-HARAS -INRAE",48.735833,0.128167,176,2002052806,1.5,1,"","","","","","","","","","","","","","","","","","","","","","","","","","","","","","","","","","",8.6,1,"","","","","","","","","","","","","","","","","","","","","","","","","","","","",99,1,"","","","","","","","","","","","","","","","","","","","","","","","","","","","","","","","","","","","","","","","","","","","","","","","","","","","","","","","","","","","","","","","","","","","","","","","","","","","","","","","","","","","","","","","","","","","","","","","","","",8,1,"","","","","","","","","","","","","","","","","","","","","","","","","","","","","",""
"61328002","LE PIN-AU-HARAS -INRAE",48.735833,0.128167,176,2002052807,1.,1,"","","","","","","","","","","","","","","","","","","","","","","","","","","","","","","","","","",9.3,1,"","","","","","","","","","","","","","","","","","","","","","","","","","","","",99,1,"","","","","","","","","","","","","","","","","","","","","","","","","","","","","","","","","","","","","","","","","","","","","","","","","","","","","","","","","","","","","","","","","","","","","","","","","","","","","","","","","","","","","","","","","","","","","","","","","","",20,1,"","","","","","","","","","","","","","","","","","","","","","","","","","","","","",""
"61328002","LE PIN-AU-HARAS -INRAE",48.735833,0.128167,176,2002052808,0.,1,"","","","","","","","","","","","","","","","","","","","","","","","","","","","","","","","","","",10.6,1,"","","","","","","","","","","","","","","","","","","","","","","","","","","","",97,1,"","","","","","","","","","","","","","","","","","","","","","","","","","","","","","","","","","","","","","","","","","","","","","","","","","","","","","","","","","","","","","","","","","","","","","","","","","","","","","","","","","","","","","","","","","","","","","","","","","",62,1,"","","","","","","","","","","","","","","","","","","","","","","","","","","","","",""
"61328002","LE PIN-AU-HARAS -INRAE",48.735833,0.128167,176,2002052809,0.5,1,"","","","","","","","","","","","","","","","","","","","","","","","","","","","","","","","","","",11.1,1,"","","","","","","","","","","","","","","","","","","","","","","","","","","","",93,1,"","","","","","","","","","","","","","","","","","","","","","","","","","","","","","","","","","","","","","","","","","","","","","","","","","","","","","","","","","","","","","","","","","","","","","","","","","","","","","","","","","","","","","","","","","","","","","","","","","",114,1,"","","","","","","","","","","","","","","","","","","","","","","","","","","","","",""
"61328002","LE PIN-AU-HARAS -INRAE",48.735833,0.128167,176,2002052810,0.,1,"","","","","","","","","","","","","","","","","","","","","","","","","","","","","","","","","","",11.6,1,"","","","","","","","","","","","","","","","","","","","","","","","","","","","",93,1,"","","","","","","","","","","","","","","","","","","","","","","","","","","","","","","","","","","","","","","","","","","","","","","","","","","","","","","","","","","","","","","","","","","","","","","","","","","","","","","","","","","","","","","","","","","","","","","","","","",86,1,"","","","","","","","","","","","","","","","","","","","","","","","","","","","","",""
"61328002","LE PIN-AU-HARAS -INRAE",48.735833,0.128167,176,2002052811,0.,1,"","","","","","","","","","","","","","","","","","","","","","","","","","","","","","","","","","",12.3,1,"","","","","","","","","","","","","","","","","","","","","","","","","","","","",93,1,"","","","","","","","","","","","","","","","","","","","","","","","","","","","","","","","","","","","","","","","","","","","","","","","","","","","","","","","","","","","","","","","","","","","","","","","","","","","","","","","","","","","","","","","","","","","","","","","","","",82,1,"","","","","","","","","","","","","","","","","","","","","","","","","","","","","",""
"61328002","LE PIN-AU-HARAS -INRAE",48.735833,0.128167,176,2002052812,0.,1,"","","","","","","","","","","","","","","","","","","","","","","","","","","","","","","","","","",12.7,1,"","","","","","","","","","","","","","","","","","","","","","","","","","","","",94,1,"","","","","","","","","","","","","","","","","","","","","","","","","","","","","","","","","","","","","","","","","","","","","","","","","","","","","","","","","","","","","","","","","","","","","","","","","","","","","","","","","","","","","","","","","","","","","","","","","","",86,1,"","","","","","","","","","","","","","","","","","","","","","","","","","","","","",""
"61328002","LE PIN-AU-HARAS -INRAE",48.735833,0.128167,176,2002052813,0.5,1,"","","","","","","","","","","","","","","","","","","","","","","","","","","","","","","","","","",13.3,1,"","","","","","","","","","","","","","","","","","","","","","","","","","","","",96,1,"","","","","","","","","","","","","","","","","","","","","","","","","","","","","","","","","","","","","","","","","","","","","","","","","","","","","","","","","","","","","","","","","","","","","","","","","","","","","","","","","","","","","","","","","","","","","","","","","","",76,1,"","","","","","","","","","","","","","","","","","","","","","","","","","","","","",""
"61328002","LE PIN-AU-HARAS -INRAE",48.735833,0.128167,176,2002052814,6.,1,"","","","","","","","","","","","","","","","","","","","","","","","","","","","","","","","","","",13.6,1,"","","","","","","","","","","","","","","","","","","","","","","","","","","","",95,1,"","","","","","","","","","","","","","","","","","","","","","","","","","","","","","","","","","","","","","","","","","","","","","","","","","","","","","","","","","","","","","","","","","","","","","","","","","","","","","","","","","","","","","","","","","","","","","","","","","",96,1,"","","","","","","","","","","","","","","","","","","","","","","","","","","","","",""
"61328002","LE PIN-AU-HARAS -INRAE",48.735833,0.128167,176,2002052815,0.,1,"","","","","","","","","","","","","","","","","","","","","","","","","","","","","","","","","","",13.1,1,"","","","","","","","","","","","","","","","","","","","","","","","","","","","",84,1,"","","","","","","","","","","","","","","","","","","","","","","","","","","","","","","","","","","","","","","","","","","","","","","","","","","","","","","","","","","","","","","","","","","","","","","","","","","","","","","","","","","","","","","","","","","","","","","","","","",160,1,"","","","","","","","","","","","","","","","","","","","","","","","","","","","","",""
"61328002","LE PIN-AU-HARAS -INRAE",48.735833,0.128167,176,2002052816,0.,1,"","","","","","","","","","","","","","","","","","","","","","","","","","","","","","","","","","",13.9,1,"","","","","","","","","","","","","","","","","","","","","","","","","","","","",76,1,"","","","","","","","","","","","","","","","","","","","","","","","","","","","","","","","","","","","","","","","","","","","","","","","","","","","","","","","","","","","","","","","","","","","","","","","","","","","","","","","","","","","","","","","","","","","","","","","","","",110,1,"","","","","","","","","","","","","","","","","","","","","","","","","","","","","",""
"61328002","LE PIN-AU-HARAS -INRAE",48.735833,0.128167,176,2002052817,0.,1,"","","","","","","","","","","","","","","","","","","","","","","","","","","","","","","","","","",13.3,1,"","","","","","","","","","","","","","","","","","","","","","","","","","","","",78,1,"","","","","","","","","","","","","","","","","","","","","","","","","","","","","","","","","","","","","","","","","","","","","","","","","","","","","","","","","","","","","","","","","","","","","","","","","","","","","","","","","","","","","","","","","","","","","","","","","","",48,1,"","","","","","","","","","","","","","","","","","","","","","","","","","","","","",""
"61328002","LE PIN-AU-HARAS -INRAE",48.735833,0.128167,176,2002052818,0.,1,"","","","","","","","","","","","","","","","","","","","","","","","","","","","","","","","","","",12.3,1,"","","","","","","","","","","","","","","","","","","","","","","","","","","","",75,1,"","","","","","","","","","","","","","","","","","","","","","","","","","","","","","","","","","","","","","","","","","","","","","","","","","","","","","","","","","","","","","","","","","","","","","","","","","","","","","","","","","","","","","","","","","","","","","","","","","",30,1,"","","","","","","","","","","","","","","","","","","","","","","","","","","","","",""
"61328002","LE PIN-AU-HARAS -INRAE",48.735833,0.128167,176,2002052819,0.,1,"","","","","","","","","","","","","","","","","","","","","","","","","","","","","","","","","","",11.4,1,"","","","","","","","","","","","","","","","","","","","","","","","","","","","",81,1,"","","","","","","","","","","","","","","","","","","","","","","","","","","","","","","","","","","","","","","","","","","","","","","","","","","","","","","","","","","","","","","","","","","","","","","","","","","","","","","","","","","","","","","","","","","","","","","","","","",8,1,"","","","","","","","","","","","","","","","","","","","","","","","","","","","","",""
"61328002","LE PIN-AU-HARAS -INRAE",48.735833,0.128167,176,2002052820,0.,1,"","","","","","","","","","","","","","","","","","","","","","","","","","","","","","","","","","",9.8,1,"","","","","","","","","","","","","","","","","","","","","","","","","","","","",90,1,"","","","","","","","","","","","","","","","","","","","","","","","","","","","","","","","","","","","","","","","","","","","","","","","","","","","","","","","","","","","","","","","","","","","","","","","","","","","","","","","","","","","","","","","","","","","","","","","","","",6,1,"","","","","","","","","","","","","","","","","","","","","","","","","","","","","",""
"61328002","LE PIN-AU-HARAS -INRAE",48.735833,0.128167,176,2002052821,0.,1,"","","","","","","","","","","","","","","","","","","","","","","","","","","","","","","","","","",10.2,1,"","","","","","","","","","","","","","","","","","","","","","","","","","","","",91,1,"","","","","","","","","","","","","","","","","","","","","","","","","","","","","","","","","","","","","","","","","","","","","","","","","","","","","","","","","","","","","","","","","","","","","","","","","","","","","","","","","","","","","","","","","","","","","","","","","","",0,1,"","","","","","","","","","","","","","","","","","","","","","","","","","","","","",""
"61328002","LE PIN-AU-HARAS -INRAE",48.735833,0.128167,176,2002052822,0.,1,"","","","","","","","","","","","","","","","","","","","","","","","","","","","","","","","","","",8.9,1,"","","","","","","","","","","","","","","","","","","","","","","","","","","","",91,1,"","","","","","","","","","","","","","","","","","","","","","","","","","","","","","","","","","","","","","","","","","","","","","","","","","","","","","","","","","","","","","","","","","","","","","","","","","","","","","","","","","","","","","","","","","","","","","","","","","",0,1,"","","","","","","","","","","","","","","","","","","","","","","","","","","","","",""
"61328002","LE PIN-AU-HARAS -INRAE",48.735833,0.128167,176,2002052823,0.,1,"","","","","","","","","","","","","","","","","","","","","","","","","","","","","","","","","","",7.3,1,"","","","","","","","","","","","","","","","","","","","","","","","","","","","",96,1,"","","","","","","","","","","","","","","","","","","","","","","","","","","","","","","","","","","","","","","","","","","","","","","","","","","","","","","","","","","","","","","","","","","","","","","","","","","","","","","","","","","","","","","","","","","","","","","","","","",0,1,"","","","","","","","","","","","","","","","","","","","","","","","","","","","","",""
"61328002","LE PIN-AU-HARAS -INRAE",48.735833,0.128167,176,2002052900,0.,1,"","","","","","","","","","","","","","","","","","","","","","","","","","","","","","","","","","",8.,1,"","","","","","","","","","","","","","","","","","","","","","","","","","","","",95,1,"","","","","","","","","","","","","","","","","","","","","","","","","","","","","","","","","","","","","","","","","","","","","","","","","","","","","","","","","","","","","","","","","","","","","","","","","","","","","","","","","","","","","","","","","","","","","","","","","","",0,1,"","","","","","","","","","","","","","","","","","","","","","","","","","","","","",""
"61328002","LE PIN-AU-HARAS -INRAE",48.735833,0.128167,176,2002052901,0.,1,"","","","","","","","","","","","","","","","","","","","","","","","","","","","","","","","","","",6.3,1,"","","","","","","","","","","","","","","","","","","","","","","","","","","","",93,1,"","","","","","","","","","","","","","","","","","","","","","","","","","","","","","","","","","","","","","","","","","","","","","","","","","","","","","","","","","","","","","","","","","","","","","","","","","","","","","","","","","","","","","","","","","","","","","","","","","",0,1,"","","","","","","","","","","","","","","","","","","","","","","","","","","","","",""
"61328002","LE PIN-AU-HARAS -INRAE",48.735833,0.128167,176,2002052902,0.,1,"","","","","","","","","","","","","","","","","","","","","","","","","","","","","","","","","","",6.2,1,"","","","","","","","","","","","","","","","","","","","","","","","","","","","",96,1,"","","","","","","","","","","","","","","","","","","","","","","","","","","","","","","","","","","","","","","","","","","","","","","","","","","","","","","","","","","","","","","","","","","","","","","","","","","","","","","","","","","","","","","","","","","","","","","","","","",0,1,"","","","","","","","","","","","","","","","","","","","","","","","","","","","","",""
"61328002","LE PIN-AU-HARAS -INRAE",48.735833,0.128167,176,2002052903,0.,1,"","","","","","","","","","","","","","","","","","","","","","","","","","","","","","","","","","",5.8,1,"","","","","","","","","","","","","","","","","","","","","","","","","","","","",96,1,"","","","","","","","","","","","","","","","","","","","","","","","","","","","","","","","","","","","","","","","","","","","","","","","","","","","","","","","","","","","","","","","","","","","","","","","","","","","","","","","","","","","","","","","","","","","","","","","","","",0,1,"","","","","","","","","","","","","","","","","","","","","","","","","","","","","",""
"61328002","LE PIN-AU-HARAS -INRAE",48.735833,0.128167,176,2002052904,0.,1,"","","","","","","","","","","","","","","","","","","","","","","","","","","","","","","","","","",6.1,1,"","","","","","","","","","","","","","","","","","","","","","","","","","","","",98,1,"","","","","","","","","","","","","","","","","","","","","","","","","","","","","","","","","","","","","","","","","","","","","","","","","","","","","","","","","","","","","","","","","","","","","","","","","","","","","","","","","","","","","","","","","","","","","","","","","","",0,1,"","","","","","","","","","","","","","","","","","","","","","","","","","","","","",""
"61328002","LE PIN-AU-HARAS -INRAE",48.735833,0.128167,176,2002052905,0.,1,"","","","","","","","","","","","","","","","","","","","","","","","","","","","","","","","","","",6.9,1,"","","","","","","","","","","","","","","","","","","","","","","","","","","","",99,1,"","","","","","","","","","","","","","","","","","","","","","","","","","","","","","","","","","","","","","","","","","","","","","","","","","","","","","","","","","","","","","","","","","","","","","","","","","","","","","","","","","","","","","","","","","","","","","","","","","",8,1,"","","","","","","","","","","","","","","","","","","","","","","","","","","","","",""
"61328002","LE PIN-AU-HARAS -INRAE",48.735833,0.128167,176,2002052906,0.,1,"","","","","","","","","","","","","","","","","","","","","","","","","","","","","","","","","","",9.6,1,"","","","","","","","","","","","","","","","","","","","","","","","","","","","",88,1,"","","","","","","","","","","","","","","","","","","","","","","","","","","","","","","","","","","","","","","","","","","","","","","","","","","","","","","","","","","","","","","","","","","","","","","","","","","","","","","","","","","","","","","","","","","","","","","","","","",46,1,"","","","","","","","","","","","","","","","","","","","","","","","","","","","","",""
"61328002","LE PIN-AU-HARAS -INRAE",48.735833,0.128167,176,2002052907,0.,1,"","","","","","","","","","","","","","","","","","","","","","","","","","","","","","","","","","",10.3,1,"","","","","","","","","","","","","","","","","","","","","","","","","","","","",84,1,"","","","","","","","","","","","","","","","","","","","","","","","","","","","","","","","","","","","","","","","","","","","","","","","","","","","","","","","","","","","","","","","","","","","","","","","","","","","","","","","","","","","","","","","","","","","","","","","","","",114,1,"","","","","","","","","","","","","","","","","","","","","","","","","","","","","",""
"61328002","LE PIN-AU-HARAS -INRAE",48.735833,0.128167,176,2002052908,0.,1,"","","","","","","","","","","","","","","","","","","","","","","","","","","","","","","","","","",11.7,1,"","","","","","","","","","","","","","","","","","","","","","","","","","","","",78,1,"","","","","","","","","","","","","","","","","","","","","","","","","","","","","","","","","","","","","","","","","","","","","","","","","","","","","","","","","","","","","","","","","","","","","","","","","","","","","","","","","","","","","","","","","","","","","","","","","","",106,1,"","","","","","","","","","","","","","","","","","","","","","","","","","","","","",""
"61328002","LE PIN-AU-HARAS -INRAE",48.735833,0.128167,176,2002052909,0.,1,"","","","","","","","","","","","","","","","","","","","","","","","","","","","","","","","","","",13.4,1,"","","","","","","","","","","","","","","","","","","","","","","","","","","","",67,1,"","","","","","","","","","","","","","","","","","","","","","","","","","","","","","","","","","","","","","","","","","","","","","","","","","","","","","","","","","","","","","","","","","","","","","","","","","","","","","","","","","","","","","","","","","","","","","","","","","",196,1,"","","","","","","","","","","","","","","","","","","","","","","","","","","","","",""
"61328002","LE PIN-AU-HARAS -INRAE",48.735833,0.128167,176,2002052910,0.,1,"","","","","","","","","","","","","","","","","","","","","","","","","","","","","","","","","","",13.9,1,"","","","","","","","","","","","","","","","","","","","","","","","","","","","",65,1,"","","","","","","","","","","","","","","","","","","","","","","","","","","","","","","","","","","","","","","","","","","","","","","","","","","","","","","","","","","","","","","","","","","","","","","","","","","","","","","","","","","","","","","","","","","","","","","","","","",218,1,"","","","","","","","","","","","","","","","","","","","","","","","","","","","","",""
"61328002","LE PIN-AU-HARAS -INRAE",48.735833,0.128167,176,2002052911,0.,1,"","","","","","","","","","","","","","","","","","","","","","","","","","","","","","","","","","",14.8,1,"","","","","","","","","","","","","","","","","","","","","","","","","","","","",62,1,"","","","","","","","","","","","","","","","","","","","","","","","","","","","","","","","","","","","","","","","","","","","","","","","","","","","","","","","","","","","","","","","","","","","","","","","","","","","","","","","","","","","","","","","","","","","","","","","","","",336,1,"","","","","","","","","","","","","","","","","","","","","","","","","","","","","",""
"61328002","LE PIN-AU-HARAS -INRAE",48.735833,0.128167,176,2002052912,0.,1,"","","","","","","","","","","","","","","","","","","","","","","","","","","","","","","","","","",16.,1,"","","","","","","","","","","","","","","","","","","","","","","","","","","","",54,1,"","","","","","","","","","","","","","","","","","","","","","","","","","","","","","","","","","","","","","","","","","","","","","","","","","","","","","","","","","","","","","","","","","","","","","","","","","","","","","","","","","","","","","","","","","","","","","","","","","",358,1,"","","","","","","","","","","","","","","","","","","","","","","","","","","","","",""
"61328002","LE PIN-AU-HARAS -INRAE",48.735833,0.128167,176,2002052913,0.,1,"","","","","","","","","","","","","","","","","","","","","","","","","","","","","","","","","","",16.2,1,"","","","","","","","","","","","","","","","","","","","","","","","","","","","",51,1,"","","","","","","","","","","","","","","","","","","","","","","","","","","","","","","","","","","","","","","","","","","","","","","","","","","","","","","","","","","","","","","","","","","","","","","","","","","","","","","","","","","","","","","","","","","","","","","","","","",276,1,"","","","","","","","","","","","","","","","","","","","","","","","","","","","","",""
"61328002","LE PIN-AU-HARAS -INRAE",48.735833,0.128167,176,2002052914,0.,1,"","","","","","","","","","","","","","","","","","","","","","","","","","","","","","","","","","",15.7,1,"","","","","","","","","","","","","","","","","","","","","","","","","","","","",58,1,"","","","","","","","","","","","","","","","","","","","","","","","","","","","","","","","","","","","","","","","","","","","","","","","","","","","","","","","","","","","","","","","","","","","","","","","","","","","","","","","","","","","","","","","","","","","","","","","","","",224,1,"","","","","","","","","","","","","","","","","","","","","","","","","","","","","",""
"61328002","LE PIN-AU-HARAS -INRAE",48.735833,0.128167,176,2002052915,0.,1,"","","","","","","","","","","","","","","","","","","","","","","","","","","","","","","","","","",15.7,1,"","","","","","","","","","","","","","","","","","","","","","","","","","","","",60,1,"","","","","","","","","","","","","","","","","","","","","","","","","","","","","","","","","","","","","","","","","","","","","","","","","","","","","","","","","","","","","","","","","","","","","","","","","","","","","","","","","","","","","","","","","","","","","","","","","","",180,1,"","","","","","","","","","","","","","","","","","","","","","","","","","","","","",""
"61328002","LE PIN-AU-HARAS -INRAE",48.735833,0.128167,176,2002052916,0.,1,"","","","","","","","","","","","","","","","","","","","","","","","","","","","","","","","","","",15.9,1,"","","","","","","","","","","","","","","","","","","","","","","","","","","","",50,1,"","","","","","","","","","","","","","","","","","","","","","","","","","","","","","","","","","","","","","","","","","","","","","","","","","","","","","","","","","","","","","","","","","","","","","","","","","","","","","","","","","","","","","","","","","","","","","","","","","",204,1,"","","","","","","","","","","","","","","","","","","","","","","","","","","","","",""
"61328002","LE PIN-AU-HARAS -INRAE",48.735833,0.128167,176,2002052917,0.,1,"","","","","","","","","","","","","","","","","","","","","","","","","","","","","","","","","","",15.2,1,"","","","","","","","","","","","","","","","","","","","","","","","","","","","",56,1,"","","","","","","","","","","","","","","","","","","","","","","","","","","","","","","","","","","","","","","","","","","","","","","","","","","","","","","","","","","","","","","","","","","","","","","","","","","","","","","","","","","","","","","","","","","","","","","","","","",126,1,"","","","","","","","","","","","","","","","","","","","","","","","","","","","","",""
"61328002","LE PIN-AU-HARAS -INRAE",48.735833,0.128167,176,2002052918,0.,1,"","","","","","","","","","","","","","","","","","","","","","","","","","","","","","","","","","",15.7,1,"","","","","","","","","","","","","","","","","","","","","","","","","","","","",56,1,"","","","","","","","","","","","","","","","","","","","","","","","","","","","","","","","","","","","","","","","","","","","","","","","","","","","","","","","","","","","","","","","","","","","","","","","","","","","","","","","","","","","","","","","","","","","","","","","","","",84,1,"","","","","","","","","","","","","","","","","","","","","","","","","","","","","",""
"61328002","LE PIN-AU-HARAS -INRAE",48.735833,0.128167,176,2002052919,0.,1,"","","","","","","","","","","","","","","","","","","","","","","","","","","","","","","","","","",13.8,1,"","","","","","","","","","","","","","","","","","","","","","","","","","","","",66,1,"","","","","","","","","","","","","","","","","","","","","","","","","","","","","","","","","","","","","","","","","","","","","","","","","","","","","","","","","","","","","","","","","","","","","","","","","","","","","","","","","","","","","","","","","","","","","","","","","","",40,1,"","","","","","","","","","","","","","","","","","","","","","","","","","","","","",""
"61328002","LE PIN-AU-HARAS -INRAE",48.735833,0.128167,176,2002052920,0.,1,"","","","","","","","","","","","","","","","","","","","","","","","","","","","","","","","","","",10.6,1,"","","","","","","","","","","","","","","","","","","","","","","","","","","","",84,1,"","","","","","","","","","","","","","","","","","","","","","","","","","","","","","","","","","","","","","","","","","","","","","","","","","","","","","","","","","","","","","","","","","","","","","","","","","","","","","","","","","","","","","","","","","","","","","","","","","",4,1,"","","","","","","","","","","","","","","","","","","","","","","","","","","","","",""
"61328002","LE PIN-AU-HARAS -INRAE",48.735833,0.128167,176,2002052921,0.,1,"","","","","","","","","","","","","","","","","","","","","","","","","","","","","","","","","","",9.1,1,"","","","","","","","","","","","","","","","","","","","","","","","","","","","",92,1,"","","","","","","","","","","","","","","","","","","","","","","","","","","","","","","","","","","","","","","","","","","","","","","","","","","","","","","","","","","","","","","","","","","","","","","","","","","","","","","","","","","","","","","","","","","","","","","","","","",0,1,"","","","","","","","","","","","","","","","","","","","","","","","","","","","","",""
"61328002","LE PIN-AU-HARAS -INRAE",48.735833,0.128167,176,2002052922,0.,1,"","","","","","","","","","","","","","","","","","","","","","","","","","","","","","","","","","",9.,1,"","","","","","","","","","","","","","","","","","","","","","","","","","","","",95,1,"","","","","","","","","","","","","","","","","","","","","","","","","","","","","","","","","","","","","","","","","","","","","","","","","","","","","","","","","","","","","","","","","","","","","","","","","","","","","","","","","","","","","","","","","","","","","","","","","","",0,1,"","","","","","","","","","","","","","","","","","","","","","","","","","","","","",""
"61328002","LE PIN-AU-HARAS -INRAE",48.735833,0.128167,176,2002052923,0.,1,"","","","","","","","","","","","","","","","","","","","","","","","","","","","","","","","","","",7.9,1,"","","","","","","","","","","","","","","","","","","","","","","","","","","","",96,1,"","","","","","","","","","","","","","","","","","","","","","","","","","","","","","","","","","","","","","","","","","","","","","","","","","","","","","","","","","","","","","","","","","","","","","","","","","","","","","","","","","","","","","","","","","","","","","","","","","",0,1,"","","","","","","","","","","","","","","","","","","","","","","","","","","","","",""
"61328002","LE PIN-AU-HARAS -INRAE",48.735833,0.128167,176,2002053000,0.,1,"","","","","","","","","","","","","","","","","","","","","","","","","","","","","","","","","","",6.5,1,"","","","","","","","","","","","","","","","","","","","","","","","","","","","",97,1,"","","","","","","","","","","","","","","","","","","","","","","","","","","","","","","","","","","","","","","","","","","","","","","","","","","","","","","","","","","","","","","","","","","","","","","","","","","","","","","","","","","","","","","","","","","","","","","","","","",0,1,"","","","","","","","","","","","","","","","","","","","","","","","","","","","","",""
"61328002","LE PIN-AU-HARAS -INRAE",48.735833,0.128167,176,2002053001,0.,1,"","","","","","","","","","","","","","","","","","","","","","","","","","","","","","","","","","",5.6,1,"","","","","","","","","","","","","","","","","","","","","","","","","","","","",98,1,"","","","","","","","","","","","","","","","","","","","","","","","","","","","","","","","","","","","","","","","","","","","","","","","","","","","","","","","","","","","","","","","","","","","","","","","","","","","","","","","","","","","","","","","","","","","","","","","","","",0,1,"","","","","","","","","","","","","","","","","","","","","","","","","","","","","",""
"61328002","LE PIN-AU-HARAS -INRAE",48.735833,0.128167,176,2002053002,0.,1,"","","","","","","","","","","","","","","","","","","","","","","","","","","","","","","","","","",5.1,1,"","","","","","","","","","","","","","","","","","","","","","","","","","","","",99,1,"","","","","","","","","","","","","","","","","","","","","","","","","","","","","","","","","","","","","","","","","","","","","","","","","","","","","","","","","","","","","","","","","","","","","","","","","","","","","","","","","","","","","","","","","","","","","","","","","","",0,1,"","","","","","","","","","","","","","","","","","","","","","","","","","","","","",""
"61328002","LE PIN-AU-HARAS -INRAE",48.735833,0.128167,176,2002053003,0.,1,"","","","","","","","","","","","","","","","","","","","","","","","","","","","","","","","","","",3.8,1,"","","","","","","","","","","","","","","","","","","","","","","","","","","","",99,1,"","","","","","","","","","","","","","","","","","","","","","","","","","","","","","","","","","","","","","","","","","","","","","","","","","","","","","","","","","","","","","","","","","","","","","","","","","","","","","","","","","","","","","","","","","","","","","","","","","",0,1,"","","","","","","","","","","","","","","","","","","","","","","","","","","","","",""
"61328002","LE PIN-AU-HARAS -INRAE",48.735833,0.128167,176,2002053004,0.,1,"","","","","","","","","","","","","","","","","","","","","","","","","","","","","","","","","","",3.4,1,"","","","","","","","","","","","","","","","","","","","","","","","","","","","",99,1,"","","","","","","","","","","","","","","","","","","","","","","","","","","","","","","","","","","","","","","","","","","","","","","","","","","","","","","","","","","","","","","","","","","","","","","","","","","","","","","","","","","","","","","","","","","","","","","","","","",0,1,"","","","","","","","","","","","","","","","","","","","","","","","","","","","","",""
"61328002","LE PIN-AU-HARAS -INRAE",48.735833,0.128167,176,2002053005,0.,1,"","","","","","","","","","","","","","","","","","","","","","","","","","","","","","","","","","",4.1,1,"","","","","","","","","","","","","","","","","","","","","","","","","","","","",100,1,"","","","","","","","","","","","","","","","","","","","","","","","","","","","","","","","","","","","","","","","","","","","","","","","","","","","","","","","","","","","","","","","","","","","","","","","","","","","","","","","","","","","","","","","","","","","","","","","","","",8,1,"","","","","","","","","","","","","","","","","","","","","","","","","","","","","",""
"61328002","LE PIN-AU-HARAS -INRAE",48.735833,0.128167,176,2002053006,0.,1,"","","","","","","","","","","","","","","","","","","","","","","","","","","","","","","","","","",7.5,1,"","","","","","","","","","","","","","","","","","","","","","","","","","","","",100,1,"","","","","","","","","","","","","","","","","","","","","","","","","","","","","","","","","","","","","","","","","","","","","","","","","","","","","","","","","","","","","","","","","","","","","","","","","","","","","","","","","","","","","","","","","","","","","","","","","","",40,1,"","","","","","","","","","","","","","","","","","","","","","","","","","","","","",""
"61328002","LE PIN-AU-HARAS -INRAE",48.735833,0.128167,176,2002053007,0.,1,"","","","","","","","","","","","","","","","","","","","","","","","","","","","","","","","","","",11.7,1,"","","","","","","","","","","","","","","","","","","","","","","","","","","","",100,1,"","","","","","","","","","","","","","","","","","","","","","","","","","","","","","","","","","","","","","","","","","","","","","","","","","","","","","","","","","","","","","","","","","","","","","","","","","","","","","","","","","","","","","","","","","","","","","","","","","",104,1,"","","","","","","","","","","","","","","","","","","","","","","","","","","","","",""
"61328002","LE PIN-AU-HARAS -INRAE",48.735833,0.128167,176,2002053008,0.,1,"","","","","","","","","","","","","","","","","","","","","","","","","","","","","","","","","","",14.,1,"","","","","","","","","","","","","","","","","","","","","","","","","","","","",74,1,"","","","","","","","","","","","","","","","","","","","","","","","","","","","","","","","","","","","","","","","","","","","","","","","","","","","","","","","","","","","","","","","","","","","","","","","","","","","","","","","","","","","","","","","","","","","","","","","","","",174,1,"","","","","","","","","","","","","","","","","","","","","","","","","","","","","",""
"61328002","LE PIN-AU-HARAS -INRAE",48.735833,0.128167,176,2002053009,0.,1,"","","","","","","","","","","","","","","","","","","","","","","","","","","","","","","","","","",15.4,1,"","","","","","","","","","","","","","","","","","","","","","","","","","","","",57,1,"","","","","","","","","","","","","","","","","","","","","","","","","","","","","","","","","","","","","","","","","","","","","","","","","","","","","","","","","","","","","","","","","","","","","","","","","","","","","","","","","","","","","","","","","","","","","","","","","","",238,1,"","","","","","","","","","","","","","","","","","","","","","","","","","","","","",""
"61328002","LE PIN-AU-HARAS -INRAE",48.735833,0.128167,176,2002053010,0.,1,"","","","","","","","","","","","","","","","","","","","","","","","","","","","","","","","","","",15.3,1,"","","","","","","","","","","","","","","","","","","","","","","","","","","","",52,1,"","","","","","","","","","","","","","","","","","","","","","","","","","","","","","","","","","","","","","","","","","","","","","","","","","","","","","","","","","","","","","","","","","","","","","","","","","","","","","","","","","","","","","","","","","","","","","","","","","",182,1,"","","","","","","","","","","","","","","","","","","","","","","","","","","","","",""
"61328002","LE PIN-AU-HARAS -INRAE",48.735833,0.128167,176,2002053011,0.,1,"","","","","","","","","","","","","","","","","","","","","","","","","","","","","","","","","","",16.2,1,"","","","","","","","","","","","","","","","","","","","","","","","","","","","",54,1,"","","","","","","","","","","","","","","","","","","","","","","","","","","","","","","","","","","","","","","","","","","","","","","","","","","","","","","","","","","","","","","","","","","","","","","","","","","","","","","","","","","","","","","","","","","","","","","","","","",186,1,"","","","","","","","","","","","","","","","","","","","","","","","","","","","","",""
"61328002","LE PIN-AU-HARAS -INRAE",48.735833,0.128167,176,2002053012,0.,1,"","","","","","","","","","","","","","","","","","","","","","","","","","","","","","","","","","",17.1,1,"","","","","","","","","","","","","","","","","","","","","","","","","","","","",44,1,"","","","","","","","","","","","","","","","","","","","","","","","","","","","","","","","","","","","","","","","","","","","","","","","","","","","","","","","","","","","","","","","","","","","","","","","","","","","","","","","","","","","","","","","","","","","","","","","","","",274,1,"","","","","","","","","","","","","","","","","","","","","","","","","","","","","",""
"61328002","LE PIN-AU-HARAS -INRAE",48.735833,0.128167,176,2002053013,0.,1,"","","","","","","","","","","","","","","","","","","","","","","","","","","","","","","","","","",16.9,1,"","","","","","","","","","","","","","","","","","","","","","","","","","","","",46,1,"","","","","","","","","","","","","","","","","","","","","","","","","","","","","","","","","","","","","","","","","","","","","","","","","","","","","","","","","","","","","","","","","","","","","","","","","","","","","","","","","","","","","","","","","","","","","","","","","","",270,1,"","","","","","","","","","","","","","","","","","","","","","","","","","","","","",""
"61328002","LE PIN-AU-HARAS -INRAE",48.735833,0.128167,176,2002053014,0.,1,"","","","","","","","","","","","","","","","","","","","","","","","","","","","","","","","","","",17.,1,"","","","","","","","","","","","","","","","","","","","","","","","","","","","",54,1,"","","","","","","","","","","","","","","","","","","","","","","","","","","","","","","","","","","","","","","","","","","","","","","","","","","","","","","","","","","","","","","","","","","","","","","","","","","","","","","","","","","","","","","","","","","","","","","","","","",190,1,"","","","","","","","","","","","","","","","","","","","","","","","","","","","","",""
"61328002","LE PIN-AU-HARAS -INRAE",48.735833,0.128167,176,2002053015,0.,1,"","","","","","","","","","","","","","","","","","","","","","","","","","","","","","","","","","",16.7,1,"","","","","","","","","","","","","","","","","","","","","","","","","","","","",49,1,"","","","","","","","","","","","","","","","","","","","","","","","","","","","","","","","","","","","","","","","","","","","","","","","","","","","","","","","","","","","","","","","","","","","","","","","","","","","","","","","","","","","","","","","","","","","","","","","","","",164,1,"","","","","","","","","","","","","","","","","","","","","","","","","","","","","",""
"61328002","LE PIN-AU-HARAS -INRAE",48.735833,0.128167,176,2002053016,0.,1,"","","","","","","","","","","","","","","","","","","","","","","","","","","","","","","","","","",17.8,1,"","","","","","","","","","","","","","","","","","","","","","","","","","","","",59,1,"","","","","","","","","","","","","","","","","","","","","","","","","","","","","","","","","","","","","","","","","","","","","","","","","","","","","","","","","","","","","","","","","","","","","","","","","","","","","","","","","","","","","","","","","","","","","","","","","","",184,1,"","","","","","","","","","","","","","","","","","","","","","","","","","","","","",""
"61328002","LE PIN-AU-HARAS -INRAE",48.735833,0.128167,176,2002053017,0.,1,"","","","","","","","","","","","","","","","","","","","","","","","","","","","","","","","","","",17.5,1,"","","","","","","","","","","","","","","","","","","","","","","","","","","","",49,1,"","","","","","","","","","","","","","","","","","","","","","","","","","","","","","","","","","","","","","","","","","","","","","","","","","","","","","","","","","","","","","","","","","","","","","","","","","","","","","","","","","","","","","","","","","","","","","","","","","",148,1,"","","","","","","","","","","","","","","","","","","","","","","","","","","","","",""
"61328002","LE PIN-AU-HARAS -INRAE",48.735833,0.128167,176,2002053018,0.,1,"","","","","","","","","","","","","","","","","","","","","","","","","","","","","","","","","","",17.3,1,"","","","","","","","","","","","","","","","","","","","","","","","","","","","",52,1,"","","","","","","","","","","","","","","","","","","","","","","","","","","","","","","","","","","","","","","","","","","","","","","","","","","","","","","","","","","","","","","","","","","","","","","","","","","","","","","","","","","","","","","","","","","","","","","","","","",112,1,"","","","","","","","","","","","","","","","","","","","","","","","","","","","","",""
"61328002","LE PIN-AU-HARAS -INRAE",48.735833,0.128167,176,2002053019,0.,1,"","","","","","","","","","","","","","","","","","","","","","","","","","","","","","","","","","",14.9,1,"","","","","","","","","","","","","","","","","","","","","","","","","","","","",64,1,"","","","","","","","","","","","","","","","","","","","","","","","","","","","","","","","","","","","","","","","","","","","","","","","","","","","","","","","","","","","","","","","","","","","","","","","","","","","","","","","","","","","","","","","","","","","","","","","","","",42,1,"","","","","","","","","","","","","","","","","","","","","","","","","","","","","",""
"61328002","LE PIN-AU-HARAS -INRAE",48.735833,0.128167,176,2002053020,0.,1,"","","","","","","","","","","","","","","","","","","","","","","","","","","","","","","","","","",10.5,1,"","","","","","","","","","","","","","","","","","","","","","","","","","","","",86,1,"","","","","","","","","","","","","","","","","","","","","","","","","","","","","","","","","","","","","","","","","","","","","","","","","","","","","","","","","","","","","","","","","","","","","","","","","","","","","","","","","","","","","","","","","","","","","","","","","","",6,1,"","","","","","","","","","","","","","","","","","","","","","","","","","","","","",""
"61328002","LE PIN-AU-HARAS -INRAE",48.735833,0.128167,176,2002053021,0.,1,"","","","","","","","","","","","","","","","","","","","","","","","","","","","","","","","","","",8.1,1,"","","","","","","","","","","","","","","","","","","","","","","","","","","","",94,1,"","","","","","","","","","","","","","","","","","","","","","","","","","","","","","","","","","","","","","","","","","","","","","","","","","","","","","","","","","","","","","","","","","","","","","","","","","","","","","","","","","","","","","","","","","","","","","","","","","",0,1,"","","","","","","","","","","","","","","","","","","","","","","","","","","","","",""
"61328002","LE PIN-AU-HARAS -INRAE",48.735833,0.128167,176,2002053022,0.,1,"","","","","","","","","","","","","","","","","","","","","","","","","","","","","","","","","","",6.7,1,"","","","","","","","","","","","","","","","","","","","","","","","","","","","",96,1,"","","","","","","","","","","","","","","","","","","","","","","","","","","","","","","","","","","","","","","","","","","","","","","","","","","","","","","","","","","","","","","","","","","","","","","","","","","","","","","","","","","","","","","","","","","","","","","","","","",0,1,"","","","","","","","","","","","","","","","","","","","","","","","","","","","","",""
"61328002","LE PIN-AU-HARAS -INRAE",48.735833,0.128167,176,2002053023,0.,1,"","","","","","","","","","","","","","","","","","","","","","","","","","","","","","","","","","",6.1,1,"","","","","","","","","","","","","","","","","","","","","","","","","","","","",98,1,"","","","","","","","","","","","","","","","","","","","","","","","","","","","","","","","","","","","","","","","","","","","","","","","","","","","","","","","","","","","","","","","","","","","","","","","","","","","","","","","","","","","","","","","","","","","","","","","","","",0,1,"","","","","","","","","","","","","","","","","","","","","","","","","","","","","",""
"61328002","LE PIN-AU-HARAS -INRAE",48.735833,0.128167,176,2002053100,0.,1,"","","","","","","","","","","","","","","","","","","","","","","","","","","","","","","","","","",5.,1,"","","","","","","","","","","","","","","","","","","","","","","","","","","","",98,1,"","","","","","","","","","","","","","","","","","","","","","","","","","","","","","","","","","","","","","","","","","","","","","","","","","","","","","","","","","","","","","","","","","","","","","","","","","","","","","","","","","","","","","","","","","","","","","","","","","",0,1,"","","","","","","","","","","","","","","","","","","","","","","","","","","","","",""
"61328002","LE PIN-AU-HARAS -INRAE",48.735833,0.128167,176,2002053101,0.,1,"","","","","","","","","","","","","","","","","","","","","","","","","","","","","","","","","","",4.4,1,"","","","","","","","","","","","","","","","","","","","","","","","","","","","",99,1,"","","","","","","","","","","","","","","","","","","","","","","","","","","","","","","","","","","","","","","","","","","","","","","","","","","","","","","","","","","","","","","","","","","","","","","","","","","","","","","","","","","","","","","","","","","","","","","","","","",0,1,"","","","","","","","","","","","","","","","","","","","","","","","","","","","","",""
"61328002","LE PIN-AU-HARAS -INRAE",48.735833,0.128167,176,2002053102,0.,1,"","","","","","","","","","","","","","","","","","","","","","","","","","","","","","","","","","",4.7,1,"","","","","","","","","","","","","","","","","","","","","","","","","","","","",100,1,"","","","","","","","","","","","","","","","","","","","","","","","","","","","","","","","","","","","","","","","","","","","","","","","","","","","","","","","","","","","","","","","","","","","","","","","","","","","","","","","","","","","","","","","","","","","","","","","","","",0,1,"","","","","","","","","","","","","","","","","","","","","","","","","","","","","",""
"61328002","LE PIN-AU-HARAS -INRAE",48.735833,0.128167,176,2002053103,0.,1,"","","","","","","","","","","","","","","","","","","","","","","","","","","","","","","","","","",5.2,1,"","","","","","","","","","","","","","","","","","","","","","","","","","","","",100,1,"","","","","","","","","","","","","","","","","","","","","","","","","","","","","","","","","","","","","","","","","","","","","","","","","","","","","","","","","","","","","","","","","","","","","","","","","","","","","","","","","","","","","","","","","","","","","","","","","","",0,1,"","","","","","","","","","","","","","","","","","","","","","","","","","","","","",""
"61328002","LE PIN-AU-HARAS -INRAE",48.735833,0.128167,176,2002053104,0.,1,"","","","","","","","","","","","","","","","","","","","","","","","","","","","","","","","","","",6.1,1,"","","","","","","","","","","","","","","","","","","","","","","","","","","","",100,1,"","","","","","","","","","","","","","","","","","","","","","","","","","","","","","","","","","","","","","","","","","","","","","","","","","","","","","","","","","","","","","","","","","","","","","","","","","","","","","","","","","","","","","","","","","","","","","","","","","",0,1,"","","","","","","","","","","","","","","","","","","","","","","","","","","","","",""
"61328002","LE PIN-AU-HARAS -INRAE",48.735833,0.128167,176,2002053105,0.,1,"","","","","","","","","","","","","","","","","","","","","","","","","","","","","","","","","","",7.5,1,"","","","","","","","","","","","","","","","","","","","","","","","","","","","",100,1,"","","","","","","","","","","","","","","","","","","","","","","","","","","","","","","","","","","","","","","","","","","","","","","","","","","","","","","","","","","","","","","","","","","","","","","","","","","","","","","","","","","","","","","","","","","","","","","","","","",6,1,"","","","","","","","","","","","","","","","","","","","","","","","","","","","","",""
"61328002","LE PIN-AU-HARAS -INRAE",48.735833,0.128167,176,2002053106,0.,1,"","","","","","","","","","","","","","","","","","","","","","","","","","","","","","","","","","",9.5,1,"","","","","","","","","","","","","","","","","","","","","","","","","","","","",100,1,"","","","","","","","","","","","","","","","","","","","","","","","","","","","","","","","","","","","","","","","","","","","","","","","","","","","","","","","","","","","","","","","","","","","","","","","","","","","","","","","","","","","","","","","","","","","","","","","","","",32,1,"","","","","","","","","","","","","","","","","","","","","","","","","","","","","",""
"61328002","LE PIN-AU-HARAS -INRAE",48.735833,0.128167,176,2002053107,0.,1,"","","","","","","","","","","","","","","","","","","","","","","","","","","","","","","","","","",13.5,1,"","","","","","","","","","","","","","","","","","","","","","","","","","","","",84,1,"","","","","","","","","","","","","","","","","","","","","","","","","","","","","","","","","","","","","","","","","","","","","","","","","","","","","","","","","","","","","","","","","","","","","","","","","","","","","","","","","","","","","","","","","","","","","","","","","","",96,1,"","","","","","","","","","","","","","","","","","","","","","","","","","","","","",""
"61328002","LE PIN-AU-HARAS -INRAE",48.735833,0.128167,176,2002053108,0.,1,"","","","","","","","","","","","","","","","","","","","","","","","","","","","","","","","","","",15.2,1,"","","","","","","","","","","","","","","","","","","","","","","","","","","","",70,1,"","","","","","","","","","","","","","","","","","","","","","","","","","","","","","","","","","","","","","","","","","","","","","","","","","","","","","","","","","","","","","","","","","","","","","","","","","","","","","","","","","","","","","","","","","","","","","","","","","",176,1,"","","","","","","","","","","","","","","","","","","","","","","","","","","","","",""
"61328002","LE PIN-AU-HARAS -INRAE",48.735833,0.128167,176,2002053109,0.,1,"","","","","","","","","","","","","","","","","","","","","","","","","","","","","","","","","","",15.,1,"","","","","","","","","","","","","","","","","","","","","","","","","","","","",62,1,"","","","","","","","","","","","","","","","","","","","","","","","","","","","","","","","","","","","","","","","","","","","","","","","","","","","","","","","","","","","","","","","","","","","","","","","","","","","","","","","","","","","","","","","","","","","","","","","","","",220,1,"","","","","","","","","","","","","","","","","","","","","","","","","","","","","",""
"61328002","LE PIN-AU-HARAS -INRAE",48.735833,0.128167,176,2002053110,0.,1,"","","","","","","","","","","","","","","","","","","","","","","","","","","","","","","","","","",16.1,1,"","","","","","","","","","","","","","","","","","","","","","","","","","","","",58,1,"","","","","","","","","","","","","","","","","","","","","","","","","","","","","","","","","","","","","","","","","","","","","","","","","","","","","","","","","","","","","","","","","","","","","","","","","","","","","","","","","","","","","","","","","","","","","","","","","","",112,1,"","","","","","","","","","","","","","","","","","","","","","","","","","","","","",""
"61328002","LE PIN-AU-HARAS -INRAE",48.735833,0.128167,176,2002053111,0.,1,"","","","","","","","","","","","","","","","","","","","","","","","","","","","","","","","","","",17.4,1,"","","","","","","","","","","","","","","","","","","","","","","","","","","","",51,1,"","","","","","","","","","","","","","","","","","","","","","","","","","","","","","","","","","","","","","","","","","","","","","","","","","","","","","","","","","","","","","","","","","","","","","","","","","","","","","","","","","","","","","","","","","","","","","","","","","",302,1,"","","","","","","","","","","","","","","","","","","","","","","","","","","","","",""
"61328002","LE PIN-AU-HARAS -INRAE",48.735833,0.128167,176,2002053112,0.,1,"","","","","","","","","","","","","","","","","","","","","","","","","","","","","","","","","","",19.,1,"","","","","","","","","","","","","","","","","","","","","","","","","","","","",46,1,"","","","","","","","","","","","","","","","","","","","","","","","","","","","","","","","","","","","","","","","","","","","","","","","","","","","","","","","","","","","","","","","","","","","","","","","","","","","","","","","","","","","","","","","","","","","","","","","","","",306,1,"","","","","","","","","","","","","","","","","","","","","","","","","","","","","",""
"61328002","LE PIN-AU-HARAS -INRAE",48.735833,0.128167,176,2002053113,0.,1,"","","","","","","","","","","","","","","","","","","","","","","","","","","","","","","","","","",19.3,1,"","","","","","","","","","","","","","","","","","","","","","","","","","","","",47,1,"","","","","","","","","","","","","","","","","","","","","","","","","","","","","","","","","","","","","","","","","","","","","","","","","","","","","","","","","","","","","","","","","","","","","","","","","","","","","","","","","","","","","","","","","","","","","","","","","","",292,1,"","","","","","","","","","","","","","","","","","","","","","","","","","","","","",""
"61328002","LE PIN-AU-HARAS -INRAE",48.735833,0.128167,176,2002053114,0.,1,"","","","","","","","","","","","","","","","","","","","","","","","","","","","","","","","","","",20.,1,"","","","","","","","","","","","","","","","","","","","","","","","","","","","",44,1,"","","","","","","","","","","","","","","","","","","","","","","","","","","","","","","","","","","","","","","","","","","","","","","","","","","","","","","","","","","","","","","","","","","","","","","","","","","","","","","","","","","","","","","","","","","","","","","","","","",314,1,"","","","","","","","","","","","","","","","","","","","","","","","","","","","","",""
"61328002","LE PIN-AU-HARAS -INRAE",48.735833,0.128167,176,2002053115,0.,1,"","","","","","","","","","","","","","","","","","","","","","","","","","","","","","","","","","",19.6,1,"","","","","","","","","","","","","","","","","","","","","","","","","","","","",46,1,"","","","","","","","","","","","","","","","","","","","","","","","","","","","","","","","","","","","","","","","","","","","","","","","","","","","","","","","","","","","","","","","","","","","","","","","","","","","","","","","","","","","","","","","","","","","","","","","","","",274,1,"","","","","","","","","","","","","","","","","","","","","","","","","","","","","",""
"61328002","LE PIN-AU-HARAS -INRAE",48.735833,0.128167,176,2002053116,0.,1,"","","","","","","","","","","","","","","","","","","","","","","","","","","","","","","","","","",21.1,1,"","","","","","","","","","","","","","","","","","","","","","","","","","","","",44,1,"","","","","","","","","","","","","","","","","","","","","","","","","","","","","","","","","","","","","","","","","","","","","","","","","","","","","","","","","","","","","","","","","","","","","","","","","","","","","","","","","","","","","","","","","","","","","","","","","","",234,1,"","","","","","","","","","","","","","","","","","","","","","","","","","","","","",""
"61328002","LE PIN-AU-HARAS -INRAE",48.735833,0.128167,176,2002053117,0.,1,"","","","","","","","","","","","","","","","","","","","","","","","","","","","","","","","","","",20.6,1,"","","","","","","","","","","","","","","","","","","","","","","","","","","","",43,1,"","","","","","","","","","","","","","","","","","","","","","","","","","","","","","","","","","","","","","","","","","","","","","","","","","","","","","","","","","","","","","","","","","","","","","","","","","","","","","","","","","","","","","","","","","","","","","","","","","",152,1,"","","","","","","","","","","","","","","","","","","","","","","","","","","","","",""
"61328002","LE PIN-AU-HARAS -INRAE",48.735833,0.128167,176,2002053118,0.,1,"","","","","","","","","","","","","","","","","","","","","","","","","","","","","","","","","","",20.6,1,"","","","","","","","","","","","","","","","","","","","","","","","","","","","",45,1,"","","","","","","","","","","","","","","","","","","","","","","","","","","","","","","","","","","","","","","","","","","","","","","","","","","","","","","","","","","","","","","","","","","","","","","","","","","","","","","","","","","","","","","","","","","","","","","","","","",110,1,"","","","","","","","","","","","","","","","","","","","","","","","","","","","","",""
"61328002","LE PIN-AU-HARAS -INRAE",48.735833,0.128167,176,2002053119,0.,1,"","","","","","","","","","","","","","","","","","","","","","","","","","","","","","","","","","",18.4,1,"","","","","","","","","","","","","","","","","","","","","","","","","","","","",53,1,"","","","","","","","","","","","","","","","","","","","","","","","","","","","","","","","","","","","","","","","","","","","","","","","","","","","","","","","","","","","","","","","","","","","","","","","","","","","","","","","","","","","","","","","","","","","","","","","","","",54,1,"","","","","","","","","","","","","","","","","","","","","","","","","","","","","",""
"61328002","LE PIN-AU-HARAS -INRAE",48.735833,0.128167,176,2002053120,0.,1,"","","","","","","","","","","","","","","","","","","","","","","","","","","","","","","","","","",13.7,1,"","","","","","","","","","","","","","","","","","","","","","","","","","","","",80,1,"","","","","","","","","","","","","","","","","","","","","","","","","","","","","","","","","","","","","","","","","","","","","","","","","","","","","","","","","","","","","","","","","","","","","","","","","","","","","","","","","","","","","","","","","","","","","","","","","","",6,1,"","","","","","","","","","","","","","","","","","","","","","","","","","","","","",""
"61328002","LE PIN-AU-HARAS -INRAE",48.735833,0.128167,176,2002053121,0.,1,"","","","","","","","","","","","","","","","","","","","","","","","","","","","","","","","","","",10.5,1,"","","","","","","","","","","","","","","","","","","","","","","","","","","","",89,1,"","","","","","","","","","","","","","","","","","","","","","","","","","","","","","","","","","","","","","","","","","","","","","","","","","","","","","","","","","","","","","","","","","","","","","","","","","","","","","","","","","","","","","","","","","","","","","","","","","",0,1,"","","","","","","","","","","","","","","","","","","","","","","","","","","","","",""
"61328002","LE PIN-AU-HARAS -INRAE",48.735833,0.128167,176,2002053122,0.,1,"","","","","","","","","","","","","","","","","","","","","","","","","","","","","","","","","","",9.6,1,"","","","","","","","","","","","","","","","","","","","","","","","","","","","",90,1,"","","","","","","","","","","","","","","","","","","","","","","","","","","","","","","","","","","","","","","","","","","","","","","","","","","","","","","","","","","","","","","","","","","","","","","","","","","","","","","","","","","","","","","","","","","","","","","","","","",0,1,"","","","","","","","","","","","","","","","","","","","","","","","","","","","","",""
"61328002","LE PIN-AU-HARAS -INRAE",48.735833,0.128167,176,2002053123,0.,1,"","","","","","","","","","","","","","","","","","","","","","","","","","","","","","","","","","",8.7,1,"","","","","","","","","","","","","","","","","","","","","","","","","","","","",95,1,"","","","","","","","","","","","","","","","","","","","","","","","","","","","","","","","","","","","","","","","","","","","","","","","","","","","","","","","","","","","","","","","","","","","","","","","","","","","","","","","","","","","","","","","","","","","","","","","","","",0,1,"","","","","","","","","","","","","","","","","","","","","","","","","","","","","",""
"61328002","LE PIN-AU-HARAS -INRAE",48.735833,0.128167,176,2002060100,0.,1,"","","","","","","","","","","","","","","","","","","","","","","","","","","","","","","","","","",12.,1,"","","","","","","","","","","","","","","","","","","","","","","","","","","","",81,1,"","","","","","","","","","","","","","","","","","","","","","","","","","","","","","","","","","","","","","","","","","","","","","","","","","","","","","","","","","","","","","","","","","","","","","","","","","","","","","","","","","","","","","","","","","","","","","","","","","",0,1,"","","","","","","","","","","","","","","","","","","","","","","","","","","","","",""
"61328002","LE PIN-AU-HARAS -INRAE",48.735833,0.128167,176,2002060101,0.,1,"","","","","","","","","","","","","","","","","","","","","","","","","","","","","","","","","","",11.,1,"","","","","","","","","","","","","","","","","","","","","","","","","","","","",81,1,"","","","","","","","","","","","","","","","","","","","","","","","","","","","","","","","","","","","","","","","","","","","","","","","","","","","","","","","","","","","","","","","","","","","","","","","","","","","","","","","","","","","","","","","","","","","","","","","","","",0,1,"","","","","","","","","","","","","","","","","","","","","","","","","","","","","",""
"61328002","LE PIN-AU-HARAS -INRAE",48.735833,0.128167,176,2002060102,0.,1,"","","","","","","","","","","","","","","","","","","","","","","","","","","","","","","","","","",10.1,1,"","","","","","","","","","","","","","","","","","","","","","","","","","","","",83,1,"","","","","","","","","","","","","","","","","","","","","","","","","","","","","","","","","","","","","","","","","","","","","","","","","","","","","","","","","","","","","","","","","","","","","","","","","","","","","","","","","","","","","","","","","","","","","","","","","","",0,1,"","","","","","","","","","","","","","","","","","","","","","","","","","","","","",""
"61328002","LE PIN-AU-HARAS -INRAE",48.735833,0.128167,176,2002060103,0.,1,"","","","","","","","","","","","","","","","","","","","","","","","","","","","","","","","","","",10.7,1,"","","","","","","","","","","","","","","","","","","","","","","","","","","","",80,1,"","","","","","","","","","","","","","","","","","","","","","","","","","","","","","","","","","","","","","","","","","","","","","","","","","","","","","","","","","","","","","","","","","","","","","","","","","","","","","","","","","","","","","","","","","","","","","","","","","",0,1,"","","","","","","","","","","","","","","","","","","","","","","","","","","","","",""
"61328002","LE PIN-AU-HARAS -INRAE",48.735833,0.128167,176,2002060104,0.,1,"","","","","","","","","","","","","","","","","","","","","","","","","","","","","","","","","","",10.2,1,"","","","","","","","","","","","","","","","","","","","","","","","","","","","",84,1,"","","","","","","","","","","","","","","","","","","","","","","","","","","","","","","","","","","","","","","","","","","","","","","","","","","","","","","","","","","","","","","","","","","","","","","","","","","","","","","","","","","","","","","","","","","","","","","","","","",0,1,"","","","","","","","","","","","","","","","","","","","","","","","","","","","","",""
"61328002","LE PIN-AU-HARAS -INRAE",48.735833,0.128167,176,2002060105,0.,1,"","","","","","","","","","","","","","","","","","","","","","","","","","","","","","","","","","",12.1,1,"","","","","","","","","","","","","","","","","","","","","","","","","","","","",79,1,"","","","","","","","","","","","","","","","","","","","","","","","","","","","","","","","","","","","","","","","","","","","","","","","","","","","","","","","","","","","","","","","","","","","","","","","","","","","","","","","","","","","","","","","","","","","","","","","","","",6,1,"","","","","","","","","","","","","","","","","","","","","","","","","","","","","",""
"61328002","LE PIN-AU-HARAS -INRAE",48.735833,0.128167,176,2002060106,0.,1,"","","","","","","","","","","","","","","","","","","","","","","","","","","","","","","","","","",13.9,1,"","","","","","","","","","","","","","","","","","","","","","","","","","","","",70,1,"","","","","","","","","","","","","","","","","","","","","","","","","","","","","","","","","","","","","","","","","","","","","","","","","","","","","","","","","","","","","","","","","","","","","","","","","","","","","","","","","","","","","","","","","","","","","","","","","","",60,1,"","","","","","","","","","","","","","","","","","","","","","","","","","","","","",""
"61328002","LE PIN-AU-HARAS -INRAE",48.735833,0.128167,176,2002060107,0.,1,"","","","","","","","","","","","","","","","","","","","","","","","","","","","","","","","","","",15.6,1,"","","","","","","","","","","","","","","","","","","","","","","","","","","","",63,1,"","","","","","","","","","","","","","","","","","","","","","","","","","","","","","","","","","","","","","","","","","","","","","","","","","","","","","","","","","","","","","","","","","","","","","","","","","","","","","","","","","","","","","","","","","","","","","","","","","",118,1,"","","","","","","","","","","","","","","","","","","","","","","","","","","","","",""
"61328002","LE PIN-AU-HARAS -INRAE",48.735833,0.128167,176,2002060108,0.,1,"","","","","","","","","","","","","","","","","","","","","","","","","","","","","","","","","","",17.7,1,"","","","","","","","","","","","","","","","","","","","","","","","","","","","",61,1,"","","","","","","","","","","","","","","","","","","","","","","","","","","","","","","","","","","","","","","","","","","","","","","","","","","","","","","","","","","","","","","","","","","","","","","","","","","","","","","","","","","","","","","","","","","","","","","","","","",182,1,"","","","","","","","","","","","","","","","","","","","","","","","","","","","","",""
"61328002","LE PIN-AU-HARAS -INRAE",48.735833,0.128167,176,2002060109,0.,1,"","","","","","","","","","","","","","","","","","","","","","","","","","","","","","","","","","",19.5,1,"","","","","","","","","","","","","","","","","","","","","","","","","","","","",54,1,"","","","","","","","","","","","","","","","","","","","","","","","","","","","","","","","","","","","","","","","","","","","","","","","","","","","","","","","","","","","","","","","","","","","","","","","","","","","","","","","","","","","","","","","","","","","","","","","","","",246,1,"","","","","","","","","","","","","","","","","","","","","","","","","","","","","",""
"61328002","LE PIN-AU-HARAS -INRAE",48.735833,0.128167,176,2002060110,0.,1,"","","","","","","","","","","","","","","","","","","","","","","","","","","","","","","","","","",20.8,1,"","","","","","","","","","","","","","","","","","","","","","","","","","","","",46,1,"","","","","","","","","","","","","","","","","","","","","","","","","","","","","","","","","","","","","","","","","","","","","","","","","","","","","","","","","","","","","","","","","","","","","","","","","","","","","","","","","","","","","","","","","","","","","","","","","","",302,1,"","","","","","","","","","","","","","","","","","","","","","","","","","","","","",""
"61328002","LE PIN-AU-HARAS -INRAE",48.735833,0.128167,176,2002060111,0.,1,"","","","","","","","","","","","","","","","","","","","","","","","","","","","","","","","","","",20.7,1,"","","","","","","","","","","","","","","","","","","","","","","","","","","","",47,1,"","","","","","","","","","","","","","","","","","","","","","","","","","","","","","","","","","","","","","","","","","","","","","","","","","","","","","","","","","","","","","","","","","","","","","","","","","","","","","","","","","","","","","","","","","","","","","","","","","",282,1,"","","","","","","","","","","","","","","","","","","","","","","","","","","","","",""
"61328002","LE PIN-AU-HARAS -INRAE",48.735833,0.128167,176,2002060112,0.,1,"","","","","","","","","","","","","","","","","","","","","","","","","","","","","","","","","","",22.5,1,"","","","","","","","","","","","","","","","","","","","","","","","","","","","",44,1,"","","","","","","","","","","","","","","","","","","","","","","","","","","","","","","","","","","","","","","","","","","","","","","","","","","","","","","","","","","","","","","","","","","","","","","","","","","","","","","","","","","","","","","","","","","","","","","","","","",292,1,"","","","","","","","","","","","","","","","","","","","","","","","","","","","","",""
"61328002","LE PIN-AU-HARAS -INRAE",48.735833,0.128167,176,2002060113,0.,1,"","","","","","","","","","","","","","","","","","","","","","","","","","","","","","","","","","",23.7,1,"","","","","","","","","","","","","","","","","","","","","","","","","","","","",37,1,"","","","","","","","","","","","","","","","","","","","","","","","","","","","","","","","","","","","","","","","","","","","","","","","","","","","","","","","","","","","","","","","","","","","","","","","","","","","","","","","","","","","","","","","","","","","","","","","","","",346,1,"","","","","","","","","","","","","","","","","","","","","","","","","","","","","",""
"61328002","LE PIN-AU-HARAS -INRAE",48.735833,0.128167,176,2002060114,0.,1,"","","","","","","","","","","","","","","","","","","","","","","","","","","","","","","","","","",24.2,1,"","","","","","","","","","","","","","","","","","","","","","","","","","","","",36,1,"","","","","","","","","","","","","","","","","","","","","","","","","","","","","","","","","","","","","","","","","","","","","","","","","","","","","","","","","","","","","","","","","","","","","","","","","","","","","","","","","","","","","","","","","","","","","","","","","","",328,1,"","","","","","","","","","","","","","","","","","","","","","","","","","","","","",""
"61328002","LE PIN-AU-HARAS -INRAE",48.735833,0.128167,176,2002060115,0.,1,"","","","","","","","","","","","","","","","","","","","","","","","","","","","","","","","","","",25.5,1,"","","","","","","","","","","","","","","","","","","","","","","","","","","","",34,1,"","","","","","","","","","","","","","","","","","","","","","","","","","","","","","","","","","","","","","","","","","","","","","","","","","","","","","","","","","","","","","","","","","","","","","","","","","","","","","","","","","","","","","","","","","","","","","","","","","",290,1,"","","","","","","","","","","","","","","","","","","","","","","","","","","","","",""
"61328002","LE PIN-AU-HARAS -INRAE",48.735833,0.128167,176,2002060116,0.,1,"","","","","","","","","","","","","","","","","","","","","","","","","","","","","","","","","","",25.5,1,"","","","","","","","","","","","","","","","","","","","","","","","","","","","",31,1,"","","","","","","","","","","","","","","","","","","","","","","","","","","","","","","","","","","","","","","","","","","","","","","","","","","","","","","","","","","","","","","","","","","","","","","","","","","","","","","","","","","","","","","","","","","","","","","","","","",242,1,"","","","","","","","","","","","","","","","","","","","","","","","","","","","","",""
"61328002","LE PIN-AU-HARAS -INRAE",48.735833,0.128167,176,2002060117,0.,1,"","","","","","","","","","","","","","","","","","","","","","","","","","","","","","","","","","",24.7,1,"","","","","","","","","","","","","","","","","","","","","","","","","","","","",30,1,"","","","","","","","","","","","","","","","","","","","","","","","","","","","","","","","","","","","","","","","","","","","","","","","","","","","","","","","","","","","","","","","","","","","","","","","","","","","","","","","","","","","","","","","","","","","","","","","","","",182,1,"","","","","","","","","","","","","","","","","","","","","","","","","","","","","",""
"61328002","LE PIN-AU-HARAS -INRAE",48.735833,0.128167,176,2002060118,0.,1,"","","","","","","","","","","","","","","","","","","","","","","","","","","","","","","","","","",25.,1,"","","","","","","","","","","","","","","","","","","","","","","","","","","","",38,1,"","","","","","","","","","","","","","","","","","","","","","","","","","","","","","","","","","","","","","","","","","","","","","","","","","","","","","","","","","","","","","","","","","","","","","","","","","","","","","","","","","","","","","","","","","","","","","","","","","",116,1,"","","","","","","","","","","","","","","","","","","","","","","","","","","","","",""
"61328002","LE PIN-AU-HARAS -INRAE",48.735833,0.128167,176,2002060119,0.,1,"","","","","","","","","","","","","","","","","","","","","","","","","","","","","","","","","","",20.7,1,"","","","","","","","","","","","","","","","","","","","","","","","","","","","",52,1,"","","","","","","","","","","","","","","","","","","","","","","","","","","","","","","","","","","","","","","","","","","","","","","","","","","","","","","","","","","","","","","","","","","","","","","","","","","","","","","","","","","","","","","","","","","","","","","","","","",52,1,"","","","","","","","","","","","","","","","","","","","","","","","","","","","","",""
"61328002","LE PIN-AU-HARAS -INRAE",48.735833,0.128167,176,2002060120,0.,1,"","","","","","","","","","","","","","","","","","","","","","","","","","","","","","","","","","",14.,1,"","","","","","","","","","","","","","","","","","","","","","","","","","","","",82,1,"","","","","","","","","","","","","","","","","","","","","","","","","","","","","","","","","","","","","","","","","","","","","","","","","","","","","","","","","","","","","","","","","","","","","","","","","","","","","","","","","","","","","","","","","","","","","","","","","","",4,1,"","","","","","","","","","","","","","","","","","","","","","","","","","","","","",""
"61328002","LE PIN-AU-HARAS -INRAE",48.735833,0.128167,176,2002060121,0.,1,"","","","","","","","","","","","","","","","","","","","","","","","","","","","","","","","","","",12.4,1,"","","","","","","","","","","","","","","","","","","","","","","","","","","","",94,1,"","","","","","","","","","","","","","","","","","","","","","","","","","","","","","","","","","","","","","","","","","","","","","","","","","","","","","","","","","","","","","","","","","","","","","","","","","","","","","","","","","","","","","","","","","","","","","","","","","",0,1,"","","","","","","","","","","","","","","","","","","","","","","","","","","","","",""
"61328002","LE PIN-AU-HARAS -INRAE",48.735833,0.128167,176,2002060122,0.,1,"","","","","","","","","","","","","","","","","","","","","","","","","","","","","","","","","","",10.3,1,"","","","","","","","","","","","","","","","","","","","","","","","","","","","",95,1,"","","","","","","","","","","","","","","","","","","","","","","","","","","","","","","","","","","","","","","","","","","","","","","","","","","","","","","","","","","","","","","","","","","","","","","","","","","","","","","","","","","","","","","","","","","","","","","","","","",0,1,"","","","","","","","","","","","","","","","","","","","","","","","","","","","","",""
"61328002","LE PIN-AU-HARAS -INRAE",48.735833,0.128167,176,2002060123,0.,1,"","","","","","","","","","","","","","","","","","","","","","","","","","","","","","","","","","",9.9,1,"","","","","","","","","","","","","","","","","","","","","","","","","","","","",97,1,"","","","","","","","","","","","","","","","","","","","","","","","","","","","","","","","","","","","","","","","","","","","","","","","","","","","","","","","","","","","","","","","","","","","","","","","","","","","","","","","","","","","","","","","","","","","","","","","","","",0,1,"","","","","","","","","","","","","","","","","","","","","","","","","","","","","",""
"61328002","LE PIN-AU-HARAS -INRAE",48.735833,0.128167,176,2002060200,0.,1,"","","","","","","","","","","","","","","","","","","","","","","","","","","","","","","","","","",9.7,1,"","","","","","","","","","","","","","","","","","","","","","","","","","","","",99,1,"","","","","","","","","","","","","","","","","","","","","","","","","","","","","","","","","","","","","","","","","","","","","","","","","","","","","","","","","","","","","","","","","","","","","","","","","","","","","","","","","","","","","","","","","","","","","","","","","","",0,1,"","","","","","","","","","","","","","","","","","","","","","","","","","","","","",""
"61328002","LE PIN-AU-HARAS -INRAE",48.735833,0.128167,176,2002060201,0.,1,"","","","","","","","","","","","","","","","","","","","","","","","","","","","","","","","","","",9.9,1,"","","","","","","","","","","","","","","","","","","","","","","","","","","","",100,1,"","","","","","","","","","","","","","","","","","","","","","","","","","","","","","","","","","","","","","","","","","","","","","","","","","","","","","","","","","","","","","","","","","","","","","","","","","","","","","","","","","","","","","","","","","","","","","","","","","",0,1,"","","","","","","","","","","","","","","","","","","","","","","","","","","","","",""
"61328002","LE PIN-AU-HARAS -INRAE",48.735833,0.128167,176,2002060202,0.,1,"","","","","","","","","","","","","","","","","","","","","","","","","","","","","","","","","","",8.9,1,"","","","","","","","","","","","","","","","","","","","","","","","","","","","",99,1,"","","","","","","","","","","","","","","","","","","","","","","","","","","","","","","","","","","","","","","","","","","","","","","","","","","","","","","","","","","","","","","","","","","","","","","","","","","","","","","","","","","","","","","","","","","","","","","","","","",0,1,"","","","","","","","","","","","","","","","","","","","","","","","","","","","","",""
"61328002","LE PIN-AU-HARAS -INRAE",48.735833,0.128167,176,2002060203,0.,1,"","","","","","","","","","","","","","","","","","","","","","","","","","","","","","","","","","",8.8,1,"","","","","","","","","","","","","","","","","","","","","","","","","","","","",100,1,"","","","","","","","","","","","","","","","","","","","","","","","","","","","","","","","","","","","","","","","","","","","","","","","","","","","","","","","","","","","","","","","","","","","","","","","","","","","","","","","","","","","","","","","","","","","","","","","","","",0,1,"","","","","","","","","","","","","","","","","","","","","","","","","","","","","",""
"61328002","LE PIN-AU-HARAS -INRAE",48.735833,0.128167,176,2002060204,0.,1,"","","","","","","","","","","","","","","","","","","","","","","","","","","","","","","","","","",7.9,1,"","","","","","","","","","","","","","","","","","","","","","","","","","","","",100,1,"","","","","","","","","","","","","","","","","","","","","","","","","","","","","","","","","","","","","","","","","","","","","","","","","","","","","","","","","","","","","","","","","","","","","","","","","","","","","","","","","","","","","","","","","","","","","","","","","","",0,1,"","","","","","","","","","","","","","","","","","","","","","","","","","","","","",""
"61328002","LE PIN-AU-HARAS -INRAE",48.735833,0.128167,176,2002060205,0.,1,"","","","","","","","","","","","","","","","","","","","","","","","","","","","","","","","","","",9.,1,"","","","","","","","","","","","","","","","","","","","","","","","","","","","",100,1,"","","","","","","","","","","","","","","","","","","","","","","","","","","","","","","","","","","","","","","","","","","","","","","","","","","","","","","","","","","","","","","","","","","","","","","","","","","","","","","","","","","","","","","","","","","","","","","","","","",10,1,"","","","","","","","","","","","","","","","","","","","","","","","","","","","","",""
"61328002","LE PIN-AU-HARAS -INRAE",48.735833,0.128167,176,2002060206,0.,1,"","","","","","","","","","","","","","","","","","","","","","","","","","","","","","","","","","",15.1,1,"","","","","","","","","","","","","","","","","","","","","","","","","","","","",100,1,"","","","","","","","","","","","","","","","","","","","","","","","","","","","","","","","","","","","","","","","","","","","","","","","","","","","","","","","","","","","","","","","","","","","","","","","","","","","","","","","","","","","","","","","","","","","","","","","","","",60,1,"","","","","","","","","","","","","","","","","","","","","","","","","","","","","",""
"61328002","LE PIN-AU-HARAS -INRAE",48.735833,0.128167,176,2002060207,0.,1,"","","","","","","","","","","","","","","","","","","","","","","","","","","","","","","","","","",18.8,1,"","","","","","","","","","","","","","","","","","","","","","","","","","","","",68,1,"","","","","","","","","","","","","","","","","","","","","","","","","","","","","","","","","","","","","","","","","","","","","","","","","","","","","","","","","","","","","","","","","","","","","","","","","","","","","","","","","","","","","","","","","","","","","","","","","","",110,1,"","","","","","","","","","","","","","","","","","","","","","","","","","","","","",""
"61328002","LE PIN-AU-HARAS -INRAE",48.735833,0.128167,176,2002060208,0.,1,"","","","","","","","","","","","","","","","","","","","","","","","","","","","","","","","","","",21.1,1,"","","","","","","","","","","","","","","","","","","","","","","","","","","","",63,1,"","","","","","","","","","","","","","","","","","","","","","","","","","","","","","","","","","","","","","","","","","","","","","","","","","","","","","","","","","","","","","","","","","","","","","","","","","","","","","","","","","","","","","","","","","","","","","","","","","",154,1,"","","","","","","","","","","","","","","","","","","","","","","","","","","","","",""
"61328002","LE PIN-AU-HARAS -INRAE",48.735833,0.128167,176,2002060209,0.,1,"","","","","","","","","","","","","","","","","","","","","","","","","","","","","","","","","","",23.1,1,"","","","","","","","","","","","","","","","","","","","","","","","","","","","",57,1,"","","","","","","","","","","","","","","","","","","","","","","","","","","","","","","","","","","","","","","","","","","","","","","","","","","","","","","","","","","","","","","","","","","","","","","","","","","","","","","","","","","","","","","","","","","","","","","","","","",220,1,"","","","","","","","","","","","","","","","","","","","","","","","","","","","","",""
"61328002","LE PIN-AU-HARAS -INRAE",48.735833,0.128167,176,2002060210,0.,1,"","","","","","","","","","","","","","","","","","","","","","","","","","","","","","","","","","",24.1,1,"","","","","","","","","","","","","","","","","","","","","","","","","","","","",47,1,"","","","","","","","","","","","","","","","","","","","","","","","","","","","","","","","","","","","","","","","","","","","","","","","","","","","","","","","","","","","","","","","","","","","","","","","","","","","","","","","","","","","","","","","","","","","","","","","","","",266,1,"","","","","","","","","","","","","","","","","","","","","","","","","","","","","",""
"61328002","LE PIN-AU-HARAS -INRAE",48.735833,0.128167,176,2002060211,0.,1,"","","","","","","","","","","","","","","","","","","","","","","","","","","","","","","","","","",25.3,1,"","","","","","","","","","","","","","","","","","","","","","","","","","","","",48,1,"","","","","","","","","","","","","","","","","","","","","","","","","","","","","","","","","","","","","","","","","","","","","","","","","","","","","","","","","","","","","","","","","","","","","","","","","","","","","","","","","","","","","","","","","","","","","","","","","","",304,1,"","","","","","","","","","","","","","","","","","","","","","","","","","","","","",""
"61328002","LE PIN-AU-HARAS -INRAE",48.735833,0.128167,176,2002060212,0.,1,"","","","","","","","","","","","","","","","","","","","","","","","","","","","","","","","","","",25.7,1,"","","","","","","","","","","","","","","","","","","","","","","","","","","","",48,1,"","","","","","","","","","","","","","","","","","","","","","","","","","","","","","","","","","","","","","","","","","","","","","","","","","","","","","","","","","","","","","","","","","","","","","","","","","","","","","","","","","","","","","","","","","","","","","","","","","",292,1,"","","","","","","","","","","","","","","","","","","","","","","","","","","","","",""
"61328002","LE PIN-AU-HARAS -INRAE",48.735833,0.128167,176,2002060213,0.,1,"","","","","","","","","","","","","","","","","","","","","","","","","","","","","","","","","","",25.6,1,"","","","","","","","","","","","","","","","","","","","","","","","","","","","",40,1,"","","","","","","","","","","","","","","","","","","","","","","","","","","","","","","","","","","","","","","","","","","","","","","","","","","","","","","","","","","","","","","","","","","","","","","","","","","","","","","","","","","","","","","","","","","","","","","","","","",306,1,"","","","","","","","","","","","","","","","","","","","","","","","","","","","","",""
"61328002","LE PIN-AU-HARAS -INRAE",48.735833,0.128167,176,2002060214,0.,1,"","","","","","","","","","","","","","","","","","","","","","","","","","","","","","","","","","",26.3,1,"","","","","","","","","","","","","","","","","","","","","","","","","","","","",40,1,"","","","","","","","","","","","","","","","","","","","","","","","","","","","","","","","","","","","","","","","","","","","","","","","","","","","","","","","","","","","","","","","","","","","","","","","","","","","","","","","","","","","","","","","","","","","","","","","","","",276,1,"","","","","","","","","","","","","","","","","","","","","","","","","","","","","",""
"61328002","LE PIN-AU-HARAS -INRAE",48.735833,0.128167,176,2002060215,0.,1,"","","","","","","","","","","","","","","","","","","","","","","","","","","","","","","","","","",26.1,1,"","","","","","","","","","","","","","","","","","","","","","","","","","","","",46,1,"","","","","","","","","","","","","","","","","","","","","","","","","","","","","","","","","","","","","","","","","","","","","","","","","","","","","","","","","","","","","","","","","","","","","","","","","","","","","","","","","","","","","","","","","","","","","","","","","","",232,1,"","","","","","","","","","","","","","","","","","","","","","","","","","","","","",""
"61328002","LE PIN-AU-HARAS -INRAE",48.735833,0.128167,176,2002060216,0.,1,"","","","","","","","","","","","","","","","","","","","","","","","","","","","","","","","","","",25.4,1,"","","","","","","","","","","","","","","","","","","","","","","","","","","","",47,1,"","","","","","","","","","","","","","","","","","","","","","","","","","","","","","","","","","","","","","","","","","","","","","","","","","","","","","","","","","","","","","","","","","","","","","","","","","","","","","","","","","","","","","","","","","","","","","","","","","",186,1,"","","","","","","","","","","","","","","","","","","","","","","","","","","","","",""
"61328002","LE PIN-AU-HARAS -INRAE",48.735833,0.128167,176,2002060217,0.,1,"","","","","","","","","","","","","","","","","","","","","","","","","","","","","","","","","","",25.9,1,"","","","","","","","","","","","","","","","","","","","","","","","","","","","",43,1,"","","","","","","","","","","","","","","","","","","","","","","","","","","","","","","","","","","","","","","","","","","","","","","","","","","","","","","","","","","","","","","","","","","","","","","","","","","","","","","","","","","","","","","","","","","","","","","","","","",168,1,"","","","","","","","","","","","","","","","","","","","","","","","","","","","","",""
"61328002","LE PIN-AU-HARAS -INRAE",48.735833,0.128167,176,2002060218,0.,1,"","","","","","","","","","","","","","","","","","","","","","","","","","","","","","","","","","",25.2,1,"","","","","","","","","","","","","","","","","","","","","","","","","","","","",46,1,"","","","","","","","","","","","","","","","","","","","","","","","","","","","","","","","","","","","","","","","","","","","","","","","","","","","","","","","","","","","","","","","","","","","","","","","","","","","","","","","","","","","","","","","","","","","","","","","","","",112,1,"","","","","","","","","","","","","","","","","","","","","","","","","","","","","",""
"61328002","LE PIN-AU-HARAS -INRAE",48.735833,0.128167,176,2002060219,0.,1,"","","","","","","","","","","","","","","","","","","","","","","","","","","","","","","","","","",21.4,1,"","","","","","","","","","","","","","","","","","","","","","","","","","","","",64,1,"","","","","","","","","","","","","","","","","","","","","","","","","","","","","","","","","","","","","","","","","","","","","","","","","","","","","","","","","","","","","","","","","","","","","","","","","","","","","","","","","","","","","","","","","","","","","","","","","","",48,1,"","","","","","","","","","","","","","","","","","","","","","","","","","","","","",""
"61328002","LE PIN-AU-HARAS -INRAE",48.735833,0.128167,176,2002060220,0.,1,"","","","","","","","","","","","","","","","","","","","","","","","","","","","","","","","","","",16.9,1,"","","","","","","","","","","","","","","","","","","","","","","","","","","","",87,1,"","","","","","","","","","","","","","","","","","","","","","","","","","","","","","","","","","","","","","","","","","","","","","","","","","","","","","","","","","","","","","","","","","","","","","","","","","","","","","","","","","","","","","","","","","","","","","","","","","",4,1,"","","","","","","","","","","","","","","","","","","","","","","","","","","","","",""
"61328002","LE PIN-AU-HARAS -INRAE",48.735833,0.128167,176,2002060221,0.,1,"","","","","","","","","","","","","","","","","","","","","","","","","","","","","","","","","","",15.6,1,"","","","","","","","","","","","","","","","","","","","","","","","","","","","",94,1,"","","","","","","","","","","","","","","","","","","","","","","","","","","","","","","","","","","","","","","","","","","","","","","","","","","","","","","","","","","","","","","","","","","","","","","","","","","","","","","","","","","","","","","","","","","","","","","","","","",0,1,"","","","","","","","","","","","","","","","","","","","","","","","","","","","","",""
"61328002","LE PIN-AU-HARAS -INRAE",48.735833,0.128167,176,2002060222,0.,1,"","","","","","","","","","","","","","","","","","","","","","","","","","","","","","","","","","",15.8,1,"","","","","","","","","","","","","","","","","","","","","","","","","","","","",95,1,"","","","","","","","","","","","","","","","","","","","","","","","","","","","","","","","","","","","","","","","","","","","","","","","","","","","","","","","","","","","","","","","","","","","","","","","","","","","","","","","","","","","","","","","","","","","","","","","","","",0,1,"","","","","","","","","","","","","","","","","","","","","","","","","","","","","",""
"61328002","LE PIN-AU-HARAS -INRAE",48.735833,0.128167,176,2002060223,0.,1,"","","","","","","","","","","","","","","","","","","","","","","","","","","","","","","","","","",14.6,1,"","","","","","","","","","","","","","","","","","","","","","","","","","","","",96,1,"","","","","","","","","","","","","","","","","","","","","","","","","","","","","","","","","","","","","","","","","","","","","","","","","","","","","","","","","","","","","","","","","","","","","","","","","","","","","","","","","","","","","","","","","","","","","","","","","","",0,1,"","","","","","","","","","","","","","","","","","","","","","","","","","","","","",""
"61328002","LE PIN-AU-HARAS -INRAE",48.735833,0.128167,176,2002060300,0.,1,"","","","","","","","","","","","","","","","","","","","","","","","","","","","","","","","","","",15.2,1,"","","","","","","","","","","","","","","","","","","","","","","","","","","","",96,1,"","","","","","","","","","","","","","","","","","","","","","","","","","","","","","","","","","","","","","","","","","","","","","","","","","","","","","","","","","","","","","","","","","","","","","","","","","","","","","","","","","","","","","","","","","","","","","","","","","",0,1,"","","","","","","","","","","","","","","","","","","","","","","","","","","","","",""
"61328002","LE PIN-AU-HARAS -INRAE",48.735833,0.128167,176,2002060301,0.,1,"","","","","","","","","","","","","","","","","","","","","","","","","","","","","","","","","","",14.6,1,"","","","","","","","","","","","","","","","","","","","","","","","","","","","",97,1,"","","","","","","","","","","","","","","","","","","","","","","","","","","","","","","","","","","","","","","","","","","","","","","","","","","","","","","","","","","","","","","","","","","","","","","","","","","","","","","","","","","","","","","","","","","","","","","","","","",0,1,"","","","","","","","","","","","","","","","","","","","","","","","","","","","","",""
"61328002","LE PIN-AU-HARAS -INRAE",48.735833,0.128167,176,2002060302,0.,1,"","","","","","","","","","","","","","","","","","","","","","","","","","","","","","","","","","",15.,1,"","","","","","","","","","","","","","","","","","","","","","","","","","","","",96,1,"","","","","","","","","","","","","","","","","","","","","","","","","","","","","","","","","","","","","","","","","","","","","","","","","","","","","","","","","","","","","","","","","","","","","","","","","","","","","","","","","","","","","","","","","","","","","","","","","","",0,1,"","","","","","","","","","","","","","","","","","","","","","","","","","","","","",""
"61328002","LE PIN-AU-HARAS -INRAE",48.735833,0.128167,176,2002060303,0.,1,"","","","","","","","","","","","","","","","","","","","","","","","","","","","","","","","","","",14.1,1,"","","","","","","","","","","","","","","","","","","","","","","","","","","","",100,1,"","","","","","","","","","","","","","","","","","","","","","","","","","","","","","","","","","","","","","","","","","","","","","","","","","","","","","","","","","","","","","","","","","","","","","","","","","","","","","","","","","","","","","","","","","","","","","","","","","",0,1,"","","","","","","","","","","","","","","","","","","","","","","","","","","","","",""
"61328002","LE PIN-AU-HARAS -INRAE",48.735833,0.128167,176,2002060304,0.,1,"","","","","","","","","","","","","","","","","","","","","","","","","","","","","","","","","","",13.8,1,"","","","","","","","","","","","","","","","","","","","","","","","","","","","",100,1,"","","","","","","","","","","","","","","","","","","","","","","","","","","","","","","","","","","","","","","","","","","","","","","","","","","","","","","","","","","","","","","","","","","","","","","","","","","","","","","","","","","","","","","","","","","","","","","","","","",0,1,"","","","","","","","","","","","","","","","","","","","","","","","","","","","","",""
"61328002","LE PIN-AU-HARAS -INRAE",48.735833,0.128167,176,2002060305,0.,1,"","","","","","","","","","","","","","","","","","","","","","","","","","","","","","","","","","",14.,1,"","","","","","","","","","","","","","","","","","","","","","","","","","","","",100,1,"","","","","","","","","","","","","","","","","","","","","","","","","","","","","","","","","","","","","","","","","","","","","","","","","","","","","","","","","","","","","","","","","","","","","","","","","","","","","","","","","","","","","","","","","","","","","","","","","","",2,1,"","","","","","","","","","","","","","","","","","","","","","","","","","","","","",""
"61328002","LE PIN-AU-HARAS -INRAE",48.735833,0.128167,176,2002060306,0.,1,"","","","","","","","","","","","","","","","","","","","","","","","","","","","","","","","","","",13.6,1,"","","","","","","","","","","","","","","","","","","","","","","","","","","","",100,1,"","","","","","","","","","","","","","","","","","","","","","","","","","","","","","","","","","","","","","","","","","","","","","","","","","","","","","","","","","","","","","","","","","","","","","","","","","","","","","","","","","","","","","","","","","","","","","","","","","",8,1,"","","","","","","","","","","","","","","","","","","","","","","","","","","","","",""
"61328002","LE PIN-AU-HARAS -INRAE",48.735833,0.128167,176,2002060307,0.,1,"","","","","","","","","","","","","","","","","","","","","","","","","","","","","","","","","","",13.3,1,"","","","","","","","","","","","","","","","","","","","","","","","","","","","",100,1,"","","","","","","","","","","","","","","","","","","","","","","","","","","","","","","","","","","","","","","","","","","","","","","","","","","","","","","","","","","","","","","","","","","","","","","","","","","","","","","","","","","","","","","","","","","","","","","","","","",20,1,"","","","","","","","","","","","","","","","","","","","","","","","","","","","","",""
"61328002","LE PIN-AU-HARAS -INRAE",48.735833,0.128167,176,2002060308,0.,1,"","","","","","","","","","","","","","","","","","","","","","","","","","","","","","","","","","",13.4,1,"","","","","","","","","","","","","","","","","","","","","","","","","","","","",100,1,"","","","","","","","","","","","","","","","","","","","","","","","","","","","","","","","","","","","","","","","","","","","","","","","","","","","","","","","","","","","","","","","","","","","","","","","","","","","","","","","","","","","","","","","","","","","","","","","","","",26,1,"","","","","","","","","","","","","","","","","","","","","","","","","","","","","",""
"61328002","LE PIN-AU-HARAS -INRAE",48.735833,0.128167,176,2002060309,0.,1,"","","","","","","","","","","","","","","","","","","","","","","","","","","","","","","","","","",13.4,1,"","","","","","","","","","","","","","","","","","","","","","","","","","","","",100,1,"","","","","","","","","","","","","","","","","","","","","","","","","","","","","","","","","","","","","","","","","","","","","","","","","","","","","","","","","","","","","","","","","","","","","","","","","","","","","","","","","","","","","","","","","","","","","","","","","","",48,1,"","","","","","","","","","","","","","","","","","","","","","","","","","","","","",""
"61328002","LE PIN-AU-HARAS -INRAE",48.735833,0.128167,176,2002060310,0.,1,"","","","","","","","","","","","","","","","","","","","","","","","","","","","","","","","","","",13.2,1,"","","","","","","","","","","","","","","","","","","","","","","","","","","","",100,1,"","","","","","","","","","","","","","","","","","","","","","","","","","","","","","","","","","","","","","","","","","","","","","","","","","","","","","","","","","","","","","","","","","","","","","","","","","","","","","","","","","","","","","","","","","","","","","","","","","",44,1,"","","","","","","","","","","","","","","","","","","","","","","","","","","","","",""
"61328002","LE PIN-AU-HARAS -INRAE",48.735833,0.128167,176,2002060311,0.,1,"","","","","","","","","","","","","","","","","","","","","","","","","","","","","","","","","","",13.9,1,"","","","","","","","","","","","","","","","","","","","","","","","","","","","",100,1,"","","","","","","","","","","","","","","","","","","","","","","","","","","","","","","","","","","","","","","","","","","","","","","","","","","","","","","","","","","","","","","","","","","","","","","","","","","","","","","","","","","","","","","","","","","","","","","","","","",70,1,"","","","","","","","","","","","","","","","","","","","","","","","","","","","","",""
"61328002","LE PIN-AU-HARAS -INRAE",48.735833,0.128167,176,2002060312,0.,1,"","","","","","","","","","","","","","","","","","","","","","","","","","","","","","","","","","",16.9,1,"","","","","","","","","","","","","","","","","","","","","","","","","","","","",100,1,"","","","","","","","","","","","","","","","","","","","","","","","","","","","","","","","","","","","","","","","","","","","","","","","","","","","","","","","","","","","","","","","","","","","","","","","","","","","","","","","","","","","","","","","","","","","","","","","","","",132,1,"","","","","","","","","","","","","","","","","","","","","","","","","","","","","",""
"61328002","LE PIN-AU-HARAS -INRAE",48.735833,0.128167,176,2002060313,0.,1,"","","","","","","","","","","","","","","","","","","","","","","","","","","","","","","","","","",19.3,1,"","","","","","","","","","","","","","","","","","","","","","","","","","","","",67,1,"","","","","","","","","","","","","","","","","","","","","","","","","","","","","","","","","","","","","","","","","","","","","","","","","","","","","","","","","","","","","","","","","","","","","","","","","","","","","","","","","","","","","","","","","","","","","","","","","","",316,1,"","","","","","","","","","","","","","","","","","","","","","","","","","","","","",""
"61328002","LE PIN-AU-HARAS -INRAE",48.735833,0.128167,176,2002060314,0.,1,"","","","","","","","","","","","","","","","","","","","","","","","","","","","","","","","","","",19.6,1,"","","","","","","","","","","","","","","","","","","","","","","","","","","","",63,1,"","","","","","","","","","","","","","","","","","","","","","","","","","","","","","","","","","","","","","","","","","","","","","","","","","","","","","","","","","","","","","","","","","","","","","","","","","","","","","","","","","","","","","","","","","","","","","","","","","",224,1,"","","","","","","","","","","","","","","","","","","","","","","","","","","","","",""
"61328002","LE PIN-AU-HARAS -INRAE",48.735833,0.128167,176,2002060315,0.,1,"","","","","","","","","","","","","","","","","","","","","","","","","","","","","","","","","","",20.2,1,"","","","","","","","","","","","","","","","","","","","","","","","","","","","",57,1,"","","","","","","","","","","","","","","","","","","","","","","","","","","","","","","","","","","","","","","","","","","","","","","","","","","","","","","","","","","","","","","","","","","","","","","","","","","","","","","","","","","","","","","","","","","","","","","","","","",180,1,"","","","","","","","","","","","","","","","","","","","","","","","","","","","","",""
"61328002","LE PIN-AU-HARAS -INRAE",48.735833,0.128167,176,2002060316,0.,1,"","","","","","","","","","","","","","","","","","","","","","","","","","","","","","","","","","",21.5,1,"","","","","","","","","","","","","","","","","","","","","","","","","","","","",59,1,"","","","","","","","","","","","","","","","","","","","","","","","","","","","","","","","","","","","","","","","","","","","","","","","","","","","","","","","","","","","","","","","","","","","","","","","","","","","","","","","","","","","","","","","","","","","","","","","","","",200,1,"","","","","","","","","","","","","","","","","","","","","","","","","","","","","",""
"61328002","LE PIN-AU-HARAS -INRAE",48.735833,0.128167,176,2002060317,0.,1,"","","","","","","","","","","","","","","","","","","","","","","","","","","","","","","","","","",18.6,1,"","","","","","","","","","","","","","","","","","","","","","","","","","","","",52,1,"","","","","","","","","","","","","","","","","","","","","","","","","","","","","","","","","","","","","","","","","","","","","","","","","","","","","","","","","","","","","","","","","","","","","","","","","","","","","","","","","","","","","","","","","","","","","","","","","","",130,1,"","","","","","","","","","","","","","","","","","","","","","","","","","","","","",""
"61328002","LE PIN-AU-HARAS -INRAE",48.735833,0.128167,176,2002060318,0.,1,"","","","","","","","","","","","","","","","","","","","","","","","","","","","","","","","","","",17.5,1,"","","","","","","","","","","","","","","","","","","","","","","","","","","","",59,1,"","","","","","","","","","","","","","","","","","","","","","","","","","","","","","","","","","","","","","","","","","","","","","","","","","","","","","","","","","","","","","","","","","","","","","","","","","","","","","","","","","","","","","","","","","","","","","","","","","",82,1,"","","","","","","","","","","","","","","","","","","","","","","","","","","","","",""
"61328002","LE PIN-AU-HARAS -INRAE",48.735833,0.128167,176,2002060319,0.,1,"","","","","","","","","","","","","","","","","","","","","","","","","","","","","","","","","","",15.8,1,"","","","","","","","","","","","","","","","","","","","","","","","","","","","",67,1,"","","","","","","","","","","","","","","","","","","","","","","","","","","","","","","","","","","","","","","","","","","","","","","","","","","","","","","","","","","","","","","","","","","","","","","","","","","","","","","","","","","","","","","","","","","","","","","","","","",34,1,"","","","","","","","","","","","","","","","","","","","","","","","","","","","","",""
"61328002","LE PIN-AU-HARAS -INRAE",48.735833,0.128167,176,2002060320,0.,1,"","","","","","","","","","","","","","","","","","","","","","","","","","","","","","","","","","",13.7,1,"","","","","","","","","","","","","","","","","","","","","","","","","","","","",85,1,"","","","","","","","","","","","","","","","","","","","","","","","","","","","","","","","","","","","","","","","","","","","","","","","","","","","","","","","","","","","","","","","","","","","","","","","","","","","","","","","","","","","","","","","","","","","","","","","","","",8,1,"","","","","","","","","","","","","","","","","","","","","","","","","","","","","",""
"61328002","LE PIN-AU-HARAS -INRAE",48.735833,0.128167,176,2002060321,0.,1,"","","","","","","","","","","","","","","","","","","","","","","","","","","","","","","","","","",12.,1,"","","","","","","","","","","","","","","","","","","","","","","","","","","","",92,1,"","","","","","","","","","","","","","","","","","","","","","","","","","","","","","","","","","","","","","","","","","","","","","","","","","","","","","","","","","","","","","","","","","","","","","","","","","","","","","","","","","","","","","","","","","","","","","","","","","",0,1,"","","","","","","","","","","","","","","","","","","","","","","","","","","","","",""
"61328002","LE PIN-AU-HARAS -INRAE",48.735833,0.128167,176,2002060322,0.,1,"","","","","","","","","","","","","","","","","","","","","","","","","","","","","","","","","","",11.3,1,"","","","","","","","","","","","","","","","","","","","","","","","","","","","",94,1,"","","","","","","","","","","","","","","","","","","","","","","","","","","","","","","","","","","","","","","","","","","","","","","","","","","","","","","","","","","","","","","","","","","","","","","","","","","","","","","","","","","","","","","","","","","","","","","","","","",0,1,"","","","","","","","","","","","","","","","","","","","","","","","","","","","","",""
"61328002","LE PIN-AU-HARAS -INRAE",48.735833,0.128167,176,2002060323,0.,1,"","","","","","","","","","","","","","","","","","","","","","","","","","","","","","","","","","",11.6,1,"","","","","","","","","","","","","","","","","","","","","","","","","","","","",96,1,"","","","","","","","","","","","","","","","","","","","","","","","","","","","","","","","","","","","","","","","","","","","","","","","","","","","","","","","","","","","","","","","","","","","","","","","","","","","","","","","","","","","","","","","","","","","","","","","","","",0,1,"","","","","","","","","","","","","","","","","","","","","","","","","","","","","",""
"61328002","LE PIN-AU-HARAS -INRAE",48.735833,0.128167,176,2002060400,0.,1,"","","","","","","","","","","","","","","","","","","","","","","","","","","","","","","","","","",11.1,1,"","","","","","","","","","","","","","","","","","","","","","","","","","","","",97,1,"","","","","","","","","","","","","","","","","","","","","","","","","","","","","","","","","","","","","","","","","","","","","","","","","","","","","","","","","","","","","","","","","","","","","","","","","","","","","","","","","","","","","","","","","","","","","","","","","","",0,1,"","","","","","","","","","","","","","","","","","","","","","","","","","","","","",""
"61328002","LE PIN-AU-HARAS -INRAE",48.735833,0.128167,176,2002060401,0.,1,"","","","","","","","","","","","","","","","","","","","","","","","","","","","","","","","","","",10.5,1,"","","","","","","","","","","","","","","","","","","","","","","","","","","","",98,1,"","","","","","","","","","","","","","","","","","","","","","","","","","","","","","","","","","","","","","","","","","","","","","","","","","","","","","","","","","","","","","","","","","","","","","","","","","","","","","","","","","","","","","","","","","","","","","","","","","",0,1,"","","","","","","","","","","","","","","","","","","","","","","","","","","","","",""
"61328002","LE PIN-AU-HARAS -INRAE",48.735833,0.128167,176,2002060402,0.,1,"","","","","","","","","","","","","","","","","","","","","","","","","","","","","","","","","","",9.8,1,"","","","","","","","","","","","","","","","","","","","","","","","","","","","",99,1,"","","","","","","","","","","","","","","","","","","","","","","","","","","","","","","","","","","","","","","","","","","","","","","","","","","","","","","","","","","","","","","","","","","","","","","","","","","","","","","","","","","","","","","","","","","","","","","","","","",0,1,"","","","","","","","","","","","","","","","","","","","","","","","","","","","","",""
"61328002","LE PIN-AU-HARAS -INRAE",48.735833,0.128167,176,2002060403,0.,1,"","","","","","","","","","","","","","","","","","","","","","","","","","","","","","","","","","",9.1,1,"","","","","","","","","","","","","","","","","","","","","","","","","","","","",99,1,"","","","","","","","","","","","","","","","","","","","","","","","","","","","","","","","","","","","","","","","","","","","","","","","","","","","","","","","","","","","","","","","","","","","","","","","","","","","","","","","","","","","","","","","","","","","","","","","","","",0,1,"","","","","","","","","","","","","","","","","","","","","","","","","","","","","",""
"61328002","LE PIN-AU-HARAS -INRAE",48.735833,0.128167,176,2002060404,0.,1,"","","","","","","","","","","","","","","","","","","","","","","","","","","","","","","","","","",9.4,1,"","","","","","","","","","","","","","","","","","","","","","","","","","","","",100,1,"","","","","","","","","","","","","","","","","","","","","","","","","","","","","","","","","","","","","","","","","","","","","","","","","","","","","","","","","","","","","","","","","","","","","","","","","","","","","","","","","","","","","","","","","","","","","","","","","","",0,1,"","","","","","","","","","","","","","","","","","","","","","","","","","","","","",""
"61328002","LE PIN-AU-HARAS -INRAE",48.735833,0.128167,176,2002060405,0.,1,"","","","","","","","","","","","","","","","","","","","","","","","","","","","","","","","","","",10.6,1,"","","","","","","","","","","","","","","","","","","","","","","","","","","","",100,1,"","","","","","","","","","","","","","","","","","","","","","","","","","","","","","","","","","","","","","","","","","","","","","","","","","","","","","","","","","","","","","","","","","","","","","","","","","","","","","","","","","","","","","","","","","","","","","","","","","",8,1,"","","","","","","","","","","","","","","","","","","","","","","","","","","","","",""
"61328002","LE PIN-AU-HARAS -INRAE",48.735833,0.128167,176,2002060406,0.,1,"","","","","","","","","","","","","","","","","","","","","","","","","","","","","","","","","","",12.2,1,"","","","","","","","","","","","","","","","","","","","","","","","","","","","",100,1,"","","","","","","","","","","","","","","","","","","","","","","","","","","","","","","","","","","","","","","","","","","","","","","","","","","","","","","","","","","","","","","","","","","","","","","","","","","","","","","","","","","","","","","","","","","","","","","","","","",34,1,"","","","","","","","","","","","","","","","","","","","","","","","","","","","","",""
"61328002","LE PIN-AU-HARAS -INRAE",48.735833,0.128167,176,2002060407,0.,1,"","","","","","","","","","","","","","","","","","","","","","","","","","","","","","","","","","",14.6,1,"","","","","","","","","","","","","","","","","","","","","","","","","","","","",85,1,"","","","","","","","","","","","","","","","","","","","","","","","","","","","","","","","","","","","","","","","","","","","","","","","","","","","","","","","","","","","","","","","","","","","","","","","","","","","","","","","","","","","","","","","","","","","","","","","","","",102,1,"","","","","","","","","","","","","","","","","","","","","","","","","","","","","",""
"61328002","LE PIN-AU-HARAS -INRAE",48.735833,0.128167,176,2002060408,0.,1,"","","","","","","","","","","","","","","","","","","","","","","","","","","","","","","","","","",15.8,1,"","","","","","","","","","","","","","","","","","","","","","","","","","","","",80,1,"","","","","","","","","","","","","","","","","","","","","","","","","","","","","","","","","","","","","","","","","","","","","","","","","","","","","","","","","","","","","","","","","","","","","","","","","","","","","","","","","","","","","","","","","","","","","","","","","","",128,1,"","","","","","","","","","","","","","","","","","","","","","","","","","","","","",""
"61328002","LE PIN-AU-HARAS -INRAE",48.735833,0.128167,176,2002060409,0.,1,"","","","","","","","","","","","","","","","","","","","","","","","","","","","","","","","","","",15.,1,"","","","","","","","","","","","","","","","","","","","","","","","","","","","",80,1,"","","","","","","","","","","","","","","","","","","","","","","","","","","","","","","","","","","","","","","","","","","","","","","","","","","","","","","","","","","","","","","","","","","","","","","","","","","","","","","","","","","","","","","","","","","","","","","","","","",112,1,"","","","","","","","","","","","","","","","","","","","","","","","","","","","","",""
"61328002","LE PIN-AU-HARAS -INRAE",48.735833,0.128167,176,2002060410,0.,1,"","","","","","","","","","","","","","","","","","","","","","","","","","","","","","","","","","",17.4,1,"","","","","","","","","","","","","","","","","","","","","","","","","","","","",74,1,"","","","","","","","","","","","","","","","","","","","","","","","","","","","","","","","","","","","","","","","","","","","","","","","","","","","","","","","","","","","","","","","","","","","","","","","","","","","","","","","","","","","","","","","","","","","","","","","","","",114,1,"","","","","","","","","","","","","","","","","","","","","","","","","","","","","",""
"61328002","LE PIN-AU-HARAS -INRAE",48.735833,0.128167,176,2002060411,0.,1,"","","","","","","","","","","","","","","","","","","","","","","","","","","","","","","","","","",17.8,1,"","","","","","","","","","","","","","","","","","","","","","","","","","","","",71,1,"","","","","","","","","","","","","","","","","","","","","","","","","","","","","","","","","","","","","","","","","","","","","","","","","","","","","","","","","","","","","","","","","","","","","","","","","","","","","","","","","","","","","","","","","","","","","","","","","","",144,1,"","","","","","","","","","","","","","","","","","","","","","","","","","","","","",""
"61328002","LE PIN-AU-HARAS -INRAE",48.735833,0.128167,176,2002060412,0.,1,"","","","","","","","","","","","","","","","","","","","","","","","","","","","","","","","","","",18.6,1,"","","","","","","","","","","","","","","","","","","","","","","","","","","","",61,1,"","","","","","","","","","","","","","","","","","","","","","","","","","","","","","","","","","","","","","","","","","","","","","","","","","","","","","","","","","","","","","","","","","","","","","","","","","","","","","","","","","","","","","","","","","","","","","","","","","",218,1,"","","","","","","","","","","","","","","","","","","","","","","","","","","","","",""
"61328002","LE PIN-AU-HARAS -INRAE",48.735833,0.128167,176,2002060413,0.,1,"","","","","","","","","","","","","","","","","","","","","","","","","","","","","","","","","","",19.1,1,"","","","","","","","","","","","","","","","","","","","","","","","","","","","",56,1,"","","","","","","","","","","","","","","","","","","","","","","","","","","","","","","","","","","","","","","","","","","","","","","","","","","","","","","","","","","","","","","","","","","","","","","","","","","","","","","","","","","","","","","","","","","","","","","","","","",296,1,"","","","","","","","","","","","","","","","","","","","","","","","","","","","","",""
"61328002","LE PIN-AU-HARAS -INRAE",48.735833,0.128167,176,2002060414,0.,1,"","","","","","","","","","","","","","","","","","","","","","","","","","","","","","","","","","",20.3,1,"","","","","","","","","","","","","","","","","","","","","","","","","","","","",48,1,"","","","","","","","","","","","","","","","","","","","","","","","","","","","","","","","","","","","","","","","","","","","","","","","","","","","","","","","","","","","","","","","","","","","","","","","","","","","","","","","","","","","","","","","","","","","","","","","","","",314,1,"","","","","","","","","","","","","","","","","","","","","","","","","","","","","",""
"61328002","LE PIN-AU-HARAS -INRAE",48.735833,0.128167,176,2002060415,0.,1,"","","","","","","","","","","","","","","","","","","","","","","","","","","","","","","","","","",19.,1,"","","","","","","","","","","","","","","","","","","","","","","","","","","","",57,1,"","","","","","","","","","","","","","","","","","","","","","","","","","","","","","","","","","","","","","","","","","","","","","","","","","","","","","","","","","","","","","","","","","","","","","","","","","","","","","","","","","","","","","","","","","","","","","","","","","",136,1,"","","","","","","","","","","","","","","","","","","","","","","","","","","","","",""
"61328002","LE PIN-AU-HARAS -INRAE",48.735833,0.128167,176,2002060416,0.,1,"","","","","","","","","","","","","","","","","","","","","","","","","","","","","","","","","","",19.7,1,"","","","","","","","","","","","","","","","","","","","","","","","","","","","",57,1,"","","","","","","","","","","","","","","","","","","","","","","","","","","","","","","","","","","","","","","","","","","","","","","","","","","","","","","","","","","","","","","","","","","","","","","","","","","","","","","","","","","","","","","","","","","","","","","","","","",144,1,"","","","","","","","","","","","","","","","","","","","","","","","","","","","","",""
"61328002","LE PIN-AU-HARAS -INRAE",48.735833,0.128167,176,2002060417,0.,1,"","","","","","","","","","","","","","","","","","","","","","","","","","","","","","","","","","",20.,1,"","","","","","","","","","","","","","","","","","","","","","","","","","","","",57,1,"","","","","","","","","","","","","","","","","","","","","","","","","","","","","","","","","","","","","","","","","","","","","","","","","","","","","","","","","","","","","","","","","","","","","","","","","","","","","","","","","","","","","","","","","","","","","","","","","","",96,1,"","","","","","","","","","","","","","","","","","","","","","","","","","","","","",""
"61328002","LE PIN-AU-HARAS -INRAE",48.735833,0.128167,176,2002060418,0.,1,"","","","","","","","","","","","","","","","","","","","","","","","","","","","","","","","","","",18.7,1,"","","","","","","","","","","","","","","","","","","","","","","","","","","","",65,1,"","","","","","","","","","","","","","","","","","","","","","","","","","","","","","","","","","","","","","","","","","","","","","","","","","","","","","","","","","","","","","","","","","","","","","","","","","","","","","","","","","","","","","","","","","","","","","","","","","",42,1,"","","","","","","","","","","","","","","","","","","","","","","","","","","","","",""
"61328002","LE PIN-AU-HARAS -INRAE",48.735833,0.128167,176,2002060419,0.,1,"","","","","","","","","","","","","","","","","","","","","","","","","","","","","","","","","","",16.1,1,"","","","","","","","","","","","","","","","","","","","","","","","","","","","",84,1,"","","","","","","","","","","","","","","","","","","","","","","","","","","","","","","","","","","","","","","","","","","","","","","","","","","","","","","","","","","","","","","","","","","","","","","","","","","","","","","","","","","","","","","","","","","","","","","","","","",26,1,"","","","","","","","","","","","","","","","","","","","","","","","","","","","","",""
"61328002","LE PIN-AU-HARAS -INRAE",48.735833,0.128167,176,2002060420,0.,1,"","","","","","","","","","","","","","","","","","","","","","","","","","","","","","","","","","",14.6,1,"","","","","","","","","","","","","","","","","","","","","","","","","","","","",89,1,"","","","","","","","","","","","","","","","","","","","","","","","","","","","","","","","","","","","","","","","","","","","","","","","","","","","","","","","","","","","","","","","","","","","","","","","","","","","","","","","","","","","","","","","","","","","","","","","","","",6,1,"","","","","","","","","","","","","","","","","","","","","","","","","","","","","",""
"61328002","LE PIN-AU-HARAS -INRAE",48.735833,0.128167,176,2002060421,0.,1,"","","","","","","","","","","","","","","","","","","","","","","","","","","","","","","","","","",13.8,1,"","","","","","","","","","","","","","","","","","","","","","","","","","","","",91,1,"","","","","","","","","","","","","","","","","","","","","","","","","","","","","","","","","","","","","","","","","","","","","","","","","","","","","","","","","","","","","","","","","","","","","","","","","","","","","","","","","","","","","","","","","","","","","","","","","","",0,1,"","","","","","","","","","","","","","","","","","","","","","","","","","","","","",""
"61328002","LE PIN-AU-HARAS -INRAE",48.735833,0.128167,176,2002060422,0.,1,"","","","","","","","","","","","","","","","","","","","","","","","","","","","","","","","","","",13.5,1,"","","","","","","","","","","","","","","","","","","","","","","","","","","","",93,1,"","","","","","","","","","","","","","","","","","","","","","","","","","","","","","","","","","","","","","","","","","","","","","","","","","","","","","","","","","","","","","","","","","","","","","","","","","","","","","","","","","","","","","","","","","","","","","","","","","",0,1,"","","","","","","","","","","","","","","","","","","","","","","","","","","","","",""
"61328002","LE PIN-AU-HARAS -INRAE",48.735833,0.128167,176,2002060423,0.,1,"","","","","","","","","","","","","","","","","","","","","","","","","","","","","","","","","","",13.2,1,"","","","","","","","","","","","","","","","","","","","","","","","","","","","",98,1,"","","","","","","","","","","","","","","","","","","","","","","","","","","","","","","","","","","","","","","","","","","","","","","","","","","","","","","","","","","","","","","","","","","","","","","","","","","","","","","","","","","","","","","","","","","","","","","","","","",0,1,"","","","","","","","","","","","","","","","","","","","","","","","","","","","","",""
"61328002","LE PIN-AU-HARAS -INRAE",48.735833,0.128167,176,2002060500,0.,1,"","","","","","","","","","","","","","","","","","","","","","","","","","","","","","","","","","",13.1,1,"","","","","","","","","","","","","","","","","","","","","","","","","","","","",99,1,"","","","","","","","","","","","","","","","","","","","","","","","","","","","","","","","","","","","","","","","","","","","","","","","","","","","","","","","","","","","","","","","","","","","","","","","","","","","","","","","","","","","","","","","","","","","","","","","","","",0,1,"","","","","","","","","","","","","","","","","","","","","","","","","","","","","",""
"61328002","LE PIN-AU-HARAS -INRAE",48.735833,0.128167,176,2002060501,0.,1,"","","","","","","","","","","","","","","","","","","","","","","","","","","","","","","","","","",13.,1,"","","","","","","","","","","","","","","","","","","","","","","","","","","","",99,1,"","","","","","","","","","","","","","","","","","","","","","","","","","","","","","","","","","","","","","","","","","","","","","","","","","","","","","","","","","","","","","","","","","","","","","","","","","","","","","","","","","","","","","","","","","","","","","","","","","",0,1,"","","","","","","","","","","","","","","","","","","","","","","","","","","","","",""
"61328002","LE PIN-AU-HARAS -INRAE",48.735833,0.128167,176,2002060502,0.,1,"","","","","","","","","","","","","","","","","","","","","","","","","","","","","","","","","","",12.9,1,"","","","","","","","","","","","","","","","","","","","","","","","","","","","",98,1,"","","","","","","","","","","","","","","","","","","","","","","","","","","","","","","","","","","","","","","","","","","","","","","","","","","","","","","","","","","","","","","","","","","","","","","","","","","","","","","","","","","","","","","","","","","","","","","","","","",0,1,"","","","","","","","","","","","","","","","","","","","","","","","","","","","","",""
"61328002","LE PIN-AU-HARAS -INRAE",48.735833,0.128167,176,2002060503,0.,1,"","","","","","","","","","","","","","","","","","","","","","","","","","","","","","","","","","",12.9,1,"","","","","","","","","","","","","","","","","","","","","","","","","","","","",97,1,"","","","","","","","","","","","","","","","","","","","","","","","","","","","","","","","","","","","","","","","","","","","","","","","","","","","","","","","","","","","","","","","","","","","","","","","","","","","","","","","","","","","","","","","","","","","","","","","","","",0,1,"","","","","","","","","","","","","","","","","","","","","","","","","","","","","",""
"61328002","LE PIN-AU-HARAS -INRAE",48.735833,0.128167,176,2002060504,0.5,1,"","","","","","","","","","","","","","","","","","","","","","","","","","","","","","","","","","",12.6,1,"","","","","","","","","","","","","","","","","","","","","","","","","","","","",99,1,"","","","","","","","","","","","","","","","","","","","","","","","","","","","","","","","","","","","","","","","","","","","","","","","","","","","","","","","","","","","","","","","","","","","","","","","","","","","","","","","","","","","","","","","","","","","","","","","","","",0,1,"","","","","","","","","","","","","","","","","","","","","","","","","","","","","",""
"61328002","LE PIN-AU-HARAS -INRAE",48.735833,0.128167,176,2002060505,2.,1,"","","","","","","","","","","","","","","","","","","","","","","","","","","","","","","","","","",12.5,1,"","","","","","","","","","","","","","","","","","","","","","","","","","","","",100,1,"","","","","","","","","","","","","","","","","","","","","","","","","","","","","","","","","","","","","","","","","","","","","","","","","","","","","","","","","","","","","","","","","","","","","","","","","","","","","","","","","","","","","","","","","","","","","","","","","","",0,1,"","","","","","","","","","","","","","","","","","","","","","","","","","","","","",""
"61328002","LE PIN-AU-HARAS -INRAE",48.735833,0.128167,176,2002060506,2.,1,"","","","","","","","","","","","","","","","","","","","","","","","","","","","","","","","","","",12.5,1,"","","","","","","","","","","","","","","","","","","","","","","","","","","","",100,1,"","","","","","","","","","","","","","","","","","","","","","","","","","","","","","","","","","","","","","","","","","","","","","","","","","","","","","","","","","","","","","","","","","","","","","","","","","","","","","","","","","","","","","","","","","","","","","","","","","",4,1,"","","","","","","","","","","","","","","","","","","","","","","","","","","","","",""
"61328002","LE PIN-AU-HARAS -INRAE",48.735833,0.128167,176,2002060507,2.,1,"","","","","","","","","","","","","","","","","","","","","","","","","","","","","","","","","","",12.5,1,"","","","","","","","","","","","","","","","","","","","","","","","","","","","",100,1,"","","","","","","","","","","","","","","","","","","","","","","","","","","","","","","","","","","","","","","","","","","","","","","","","","","","","","","","","","","","","","","","","","","","","","","","","","","","","","","","","","","","","","","","","","","","","","","","","","",12,1,"","","","","","","","","","","","","","","","","","","","","","","","","","","","","",""
"61328002","LE PIN-AU-HARAS -INRAE",48.735833,0.128167,176,2002060508,2.,1,"","","","","","","","","","","","","","","","","","","","","","","","","","","","","","","","","","",12.3,1,"","","","","","","","","","","","","","","","","","","","","","","","","","","","",100,1,"","","","","","","","","","","","","","","","","","","","","","","","","","","","","","","","","","","","","","","","","","","","","","","","","","","","","","","","","","","","","","","","","","","","","","","","","","","","","","","","","","","","","","","","","","","","","","","","","","",26,1,"","","","","","","","","","","","","","","","","","","","","","","","","","","","","",""
"61328002","LE PIN-AU-HARAS -INRAE",48.735833,0.128167,176,2002060509,1.5,1,"","","","","","","","","","","","","","","","","","","","","","","","","","","","","","","","","","",12.1,1,"","","","","","","","","","","","","","","","","","","","","","","","","","","","",100,1,"","","","","","","","","","","","","","","","","","","","","","","","","","","","","","","","","","","","","","","","","","","","","","","","","","","","","","","","","","","","","","","","","","","","","","","","","","","","","","","","","","","","","","","","","","","","","","","","","","",24,1,"","","","","","","","","","","","","","","","","","","","","","","","","","","","","",""
"61328002","LE PIN-AU-HARAS -INRAE",48.735833,0.128167,176,2002060510,2.,1,"","","","","","","","","","","","","","","","","","","","","","","","","","","","","","","","","","",11.7,1,"","","","","","","","","","","","","","","","","","","","","","","","","","","","",100,1,"","","","","","","","","","","","","","","","","","","","","","","","","","","","","","","","","","","","","","","","","","","","","","","","","","","","","","","","","","","","","","","","","","","","","","","","","","","","","","","","","","","","","","","","","","","","","","","","","","",28,1,"","","","","","","","","","","","","","","","","","","","","","","","","","","","","",""
"61328002","LE PIN-AU-HARAS -INRAE",48.735833,0.128167,176,2002060511,2.,1,"","","","","","","","","","","","","","","","","","","","","","","","","","","","","","","","","","",11.5,1,"","","","","","","","","","","","","","","","","","","","","","","","","","","","",100,1,"","","","","","","","","","","","","","","","","","","","","","","","","","","","","","","","","","","","","","","","","","","","","","","","","","","","","","","","","","","","","","","","","","","","","","","","","","","","","","","","","","","","","","","","","","","","","","","","","","",24,1,"","","","","","","","","","","","","","","","","","","","","","","","","","","","","",""
"61328002","LE PIN-AU-HARAS -INRAE",48.735833,0.128167,176,2002060512,1.5,1,"","","","","","","","","","","","","","","","","","","","","","","","","","","","","","","","","","",11.6,1,"","","","","","","","","","","","","","","","","","","","","","","","","","","","",98,1,"","","","","","","","","","","","","","","","","","","","","","","","","","","","","","","","","","","","","","","","","","","","","","","","","","","","","","","","","","","","","","","","","","","","","","","","","","","","","","","","","","","","","","","","","","","","","","","","","","",34,1,"","","","","","","","","","","","","","","","","","","","","","","","","","","","","",""
"61328002","LE PIN-AU-HARAS -INRAE",48.735833,0.128167,176,2002060513,1.,1,"","","","","","","","","","","","","","","","","","","","","","","","","","","","","","","","","","",12.,1,"","","","","","","","","","","","","","","","","","","","","","","","","","","","",97,1,"","","","","","","","","","","","","","","","","","","","","","","","","","","","","","","","","","","","","","","","","","","","","","","","","","","","","","","","","","","","","","","","","","","","","","","","","","","","","","","","","","","","","","","","","","","","","","","","","","",60,1,"","","","","","","","","","","","","","","","","","","","","","","","","","","","","",""
"61328002","LE PIN-AU-HARAS -INRAE",48.735833,0.128167,176,2002060514,0.5,1,"","","","","","","","","","","","","","","","","","","","","","","","","","","","","","","","","","",12.2,1,"","","","","","","","","","","","","","","","","","","","","","","","","","","","",94,1,"","","","","","","","","","","","","","","","","","","","","","","","","","","","","","","","","","","","","","","","","","","","","","","","","","","","","","","","","","","","","","","","","","","","","","","","","","","","","","","","","","","","","","","","","","","","","","","","","","",68,1,"","","","","","","","","","","","","","","","","","","","","","","","","","","","","",""
"61328002","LE PIN-AU-HARAS -INRAE",48.735833,0.128167,176,2002060515,0.5,1,"","","","","","","","","","","","","","","","","","","","","","","","","","","","","","","","","","",13.1,1,"","","","","","","","","","","","","","","","","","","","","","","","","","","","",89,1,"","","","","","","","","","","","","","","","","","","","","","","","","","","","","","","","","","","","","","","","","","","","","","","","","","","","","","","","","","","","","","","","","","","","","","","","","","","","","","","","","","","","","","","","","","","","","","","","","","",86,1,"","","","","","","","","","","","","","","","","","","","","","","","","","","","","",""
"61328002","LE PIN-AU-HARAS -INRAE",48.735833,0.128167,176,2002060516,0.,1,"","","","","","","","","","","","","","","","","","","","","","","","","","","","","","","","","","",13.3,1,"","","","","","","","","","","","","","","","","","","","","","","","","","","","",86,1,"","","","","","","","","","","","","","","","","","","","","","","","","","","","","","","","","","","","","","","","","","","","","","","","","","","","","","","","","","","","","","","","","","","","","","","","","","","","","","","","","","","","","","","","","","","","","","","","","","",48,1,"","","","","","","","","","","","","","","","","","","","","","","","","","","","","",""
"61328002","LE PIN-AU-HARAS -INRAE",48.735833,0.128167,176,2002060517,0.,1,"","","","","","","","","","","","","","","","","","","","","","","","","","","","","","","","","","",12.6,1,"","","","","","","","","","","","","","","","","","","","","","","","","","","","",89,1,"","","","","","","","","","","","","","","","","","","","","","","","","","","","","","","","","","","","","","","","","","","","","","","","","","","","","","","","","","","","","","","","","","","","","","","","","","","","","","","","","","","","","","","","","","","","","","","","","","",26,1,"","","","","","","","","","","","","","","","","","","","","","","","","","","","","",""
"61328002","LE PIN-AU-HARAS -INRAE",48.735833,0.128167,176,2002060518,0.,1,"","","","","","","","","","","","","","","","","","","","","","","","","","","","","","","","","","",12.4,1,"","","","","","","","","","","","","","","","","","","","","","","","","","","","",84,1,"","","","","","","","","","","","","","","","","","","","","","","","","","","","","","","","","","","","","","","","","","","","","","","","","","","","","","","","","","","","","","","","","","","","","","","","","","","","","","","","","","","","","","","","","","","","","","","","","","",18,1,"","","","","","","","","","","","","","","","","","","","","","","","","","","","","",""
"61328002","LE PIN-AU-HARAS -INRAE",48.735833,0.128167,176,2002060519,0.,1,"","","","","","","","","","","","","","","","","","","","","","","","","","","","","","","","","","",12.2,1,"","","","","","","","","","","","","","","","","","","","","","","","","","","","",84,1,"","","","","","","","","","","","","","","","","","","","","","","","","","","","","","","","","","","","","","","","","","","","","","","","","","","","","","","","","","","","","","","","","","","","","","","","","","","","","","","","","","","","","","","","","","","","","","","","","","",18,1,"","","","","","","","","","","","","","","","","","","","","","","","","","","","","",""
"61328002","LE PIN-AU-HARAS -INRAE",48.735833,0.128167,176,2002060520,0.,1,"","","","","","","","","","","","","","","","","","","","","","","","","","","","","","","","","","",11.9,1,"","","","","","","","","","","","","","","","","","","","","","","","","","","","",85,1,"","","","","","","","","","","","","","","","","","","","","","","","","","","","","","","","","","","","","","","","","","","","","","","","","","","","","","","","","","","","","","","","","","","","","","","","","","","","","","","","","","","","","","","","","","","","","","","","","","",2,1,"","","","","","","","","","","","","","","","","","","","","","","","","","","","","",""
"61328002","LE PIN-AU-HARAS -INRAE",48.735833,0.128167,176,2002060521,0.,1,"","","","","","","","","","","","","","","","","","","","","","","","","","","","","","","","","","",11.6,1,"","","","","","","","","","","","","","","","","","","","","","","","","","","","",86,1,"","","","","","","","","","","","","","","","","","","","","","","","","","","","","","","","","","","","","","","","","","","","","","","","","","","","","","","","","","","","","","","","","","","","","","","","","","","","","","","","","","","","","","","","","","","","","","","","","","",0,1,"","","","","","","","","","","","","","","","","","","","","","","","","","","","","",""
"61328002","LE PIN-AU-HARAS -INRAE",48.735833,0.128167,176,2002060522,0.,1,"","","","","","","","","","","","","","","","","","","","","","","","","","","","","","","","","","",11.6,1,"","","","","","","","","","","","","","","","","","","","","","","","","","","","",87,1,"","","","","","","","","","","","","","","","","","","","","","","","","","","","","","","","","","","","","","","","","","","","","","","","","","","","","","","","","","","","","","","","","","","","","","","","","","","","","","","","","","","","","","","","","","","","","","","","","","",0,1,"","","","","","","","","","","","","","","","","","","","","","","","","","","","","",""
"61328002","LE PIN-AU-HARAS -INRAE",48.735833,0.128167,176,2002060523,0.,1,"","","","","","","","","","","","","","","","","","","","","","","","","","","","","","","","","","",11.5,1,"","","","","","","","","","","","","","","","","","","","","","","","","","","","",88,1,"","","","","","","","","","","","","","","","","","","","","","","","","","","","","","","","","","","","","","","","","","","","","","","","","","","","","","","","","","","","","","","","","","","","","","","","","","","","","","","","","","","","","","","","","","","","","","","","","","",0,1,"","","","","","","","","","","","","","","","","","","","","","","","","","","","","",""
"61328002","LE PIN-AU-HARAS -INRAE",48.735833,0.128167,176,2002060600,0.,1,"","","","","","","","","","","","","","","","","","","","","","","","","","","","","","","","","","",11.1,1,"","","","","","","","","","","","","","","","","","","","","","","","","","","","",87,1,"","","","","","","","","","","","","","","","","","","","","","","","","","","","","","","","","","","","","","","","","","","","","","","","","","","","","","","","","","","","","","","","","","","","","","","","","","","","","","","","","","","","","","","","","","","","","","","","","","",0,1,"","","","","","","","","","","","","","","","","","","","","","","","","","","","","",""
"61328002","LE PIN-AU-HARAS -INRAE",48.735833,0.128167,176,2002060601,0.,1,"","","","","","","","","","","","","","","","","","","","","","","","","","","","","","","","","","",9.3,1,"","","","","","","","","","","","","","","","","","","","","","","","","","","","",91,1,"","","","","","","","","","","","","","","","","","","","","","","","","","","","","","","","","","","","","","","","","","","","","","","","","","","","","","","","","","","","","","","","","","","","","","","","","","","","","","","","","","","","","","","","","","","","","","","","","","",0,1,"","","","","","","","","","","","","","","","","","","","","","","","","","","","","",""
"61328002","LE PIN-AU-HARAS -INRAE",48.735833,0.128167,176,2002060602,0.,1,"","","","","","","","","","","","","","","","","","","","","","","","","","","","","","","","","","",9.2,1,"","","","","","","","","","","","","","","","","","","","","","","","","","","","",95,1,"","","","","","","","","","","","","","","","","","","","","","","","","","","","","","","","","","","","","","","","","","","","","","","","","","","","","","","","","","","","","","","","","","","","","","","","","","","","","","","","","","","","","","","","","","","","","","","","","","",0,1,"","","","","","","","","","","","","","","","","","","","","","","","","","","","","",""
"61328002","LE PIN-AU-HARAS -INRAE",48.735833,0.128167,176,2002060603,0.,1,"","","","","","","","","","","","","","","","","","","","","","","","","","","","","","","","","","",7.9,1,"","","","","","","","","","","","","","","","","","","","","","","","","","","","",96,1,"","","","","","","","","","","","","","","","","","","","","","","","","","","","","","","","","","","","","","","","","","","","","","","","","","","","","","","","","","","","","","","","","","","","","","","","","","","","","","","","","","","","","","","","","","","","","","","","","","",0,1,"","","","","","","","","","","","","","","","","","","","","","","","","","","","","",""
"61328002","LE PIN-AU-HARAS -INRAE",48.735833,0.128167,176,2002060604,0.,1,"","","","","","","","","","","","","","","","","","","","","","","","","","","","","","","","","","",8.2,1,"","","","","","","","","","","","","","","","","","","","","","","","","","","","",98,1,"","","","","","","","","","","","","","","","","","","","","","","","","","","","","","","","","","","","","","","","","","","","","","","","","","","","","","","","","","","","","","","","","","","","","","","","","","","","","","","","","","","","","","","","","","","","","","","","","","",0,1,"","","","","","","","","","","","","","","","","","","","","","","","","","","","","",""
"61328002","LE PIN-AU-HARAS -INRAE",48.735833,0.128167,176,2002060605,0.,1,"","","","","","","","","","","","","","","","","","","","","","","","","","","","","","","","","","",7.7,1,"","","","","","","","","","","","","","","","","","","","","","","","","","","","",99,1,"","","","","","","","","","","","","","","","","","","","","","","","","","","","","","","","","","","","","","","","","","","","","","","","","","","","","","","","","","","","","","","","","","","","","","","","","","","","","","","","","","","","","","","","","","","","","","","","","","",6,1,"","","","","","","","","","","","","","","","","","","","","","","","","","","","","",""
"61328002","LE PIN-AU-HARAS -INRAE",48.735833,0.128167,176,2002060606,0.,1,"","","","","","","","","","","","","","","","","","","","","","","","","","","","","","","","","","",10.2,1,"","","","","","","","","","","","","","","","","","","","","","","","","","","","",100,1,"","","","","","","","","","","","","","","","","","","","","","","","","","","","","","","","","","","","","","","","","","","","","","","","","","","","","","","","","","","","","","","","","","","","","","","","","","","","","","","","","","","","","","","","","","","","","","","","","","",44,1,"","","","","","","","","","","","","","","","","","","","","","","","","","","","","",""
"61328002","LE PIN-AU-HARAS -INRAE",48.735833,0.128167,176,2002060607,0.,1,"","","","","","","","","","","","","","","","","","","","","","","","","","","","","","","","","","",11.3,1,"","","","","","","","","","","","","","","","","","","","","","","","","","","","",90,1,"","","","","","","","","","","","","","","","","","","","","","","","","","","","","","","","","","","","","","","","","","","","","","","","","","","","","","","","","","","","","","","","","","","","","","","","","","","","","","","","","","","","","","","","","","","","","","","","","","",80,1,"","","","","","","","","","","","","","","","","","","","","","","","","","","","","",""
"61328002","LE PIN-AU-HARAS -INRAE",48.735833,0.128167,176,2002060608,0.,1,"","","","","","","","","","","","","","","","","","","","","","","","","","","","","","","","","","",13.6,1,"","","","","","","","","","","","","","","","","","","","","","","","","","","","",82,1,"","","","","","","","","","","","","","","","","","","","","","","","","","","","","","","","","","","","","","","","","","","","","","","","","","","","","","","","","","","","","","","","","","","","","","","","","","","","","","","","","","","","","","","","","","","","","","","","","","",128,1,"","","","","","","","","","","","","","","","","","","","","","","","","","","","","",""
"61328002","LE PIN-AU-HARAS -INRAE",48.735833,0.128167,176,2002060609,0.,1,"","","","","","","","","","","","","","","","","","","","","","","","","","","","","","","","","","",14.3,1,"","","","","","","","","","","","","","","","","","","","","","","","","","","","",72,1,"","","","","","","","","","","","","","","","","","","","","","","","","","","","","","","","","","","","","","","","","","","","","","","","","","","","","","","","","","","","","","","","","","","","","","","","","","","","","","","","","","","","","","","","","","","","","","","","","","",192,1,"","","","","","","","","","","","","","","","","","","","","","","","","","","","","",""
"61328002","LE PIN-AU-HARAS -INRAE",48.735833,0.128167,176,2002060610,0.,1,"","","","","","","","","","","","","","","","","","","","","","","","","","","","","","","","","","",14.5,1,"","","","","","","","","","","","","","","","","","","","","","","","","","","","",71,1,"","","","","","","","","","","","","","","","","","","","","","","","","","","","","","","","","","","","","","","","","","","","","","","","","","","","","","","","","","","","","","","","","","","","","","","","","","","","","","","","","","","","","","","","","","","","","","","","","","",144,1,"","","","","","","","","","","","","","","","","","","","","","","","","","","","","",""
"61328002","LE PIN-AU-HARAS -INRAE",48.735833,0.128167,176,2002060611,0.,1,"","","","","","","","","","","","","","","","","","","","","","","","","","","","","","","","","","",15.2,1,"","","","","","","","","","","","","","","","","","","","","","","","","","","","",68,1,"","","","","","","","","","","","","","","","","","","","","","","","","","","","","","","","","","","","","","","","","","","","","","","","","","","","","","","","","","","","","","","","","","","","","","","","","","","","","","","","","","","","","","","","","","","","","","","","","","",164,1,"","","","","","","","","","","","","","","","","","","","","","","","","","","","","",""
"61328002","LE PIN-AU-HARAS -INRAE",48.735833,0.128167,176,2002060612,0.,1,"","","","","","","","","","","","","","","","","","","","","","","","","","","","","","","","","","",16.1,1,"","","","","","","","","","","","","","","","","","","","","","","","","","","","",63,1,"","","","","","","","","","","","","","","","","","","","","","","","","","","","","","","","","","","","","","","","","","","","","","","","","","","","","","","","","","","","","","","","","","","","","","","","","","","","","","","","","","","","","","","","","","","","","","","","","","",180,1,"","","","","","","","","","","","","","","","","","","","","","","","","","","","","",""
"61328002","LE PIN-AU-HARAS -INRAE",48.735833,0.128167,176,2002060613,0.,1,"","","","","","","","","","","","","","","","","","","","","","","","","","","","","","","","","","",16.4,1,"","","","","","","","","","","","","","","","","","","","","","","","","","","","",66,1,"","","","","","","","","","","","","","","","","","","","","","","","","","","","","","","","","","","","","","","","","","","","","","","","","","","","","","","","","","","","","","","","","","","","","","","","","","","","","","","","","","","","","","","","","","","","","","","","","","",174,1,"","","","","","","","","","","","","","","","","","","","","","","","","","","","","",""
"61328002","LE PIN-AU-HARAS -INRAE",48.735833,0.128167,176,2002060614,0.,1,"","","","","","","","","","","","","","","","","","","","","","","","","","","","","","","","","","",17.6,1,"","","","","","","","","","","","","","","","","","","","","","","","","","","","",61,1,"","","","","","","","","","","","","","","","","","","","","","","","","","","","","","","","","","","","","","","","","","","","","","","","","","","","","","","","","","","","","","","","","","","","","","","","","","","","","","","","","","","","","","","","","","","","","","","","","","",206,1,"","","","","","","","","","","","","","","","","","","","","","","","","","","","","",""
"61328002","LE PIN-AU-HARAS -INRAE",48.735833,0.128167,176,2002060615,0.,1,"","","","","","","","","","","","","","","","","","","","","","","","","","","","","","","","","","",16.9,1,"","","","","","","","","","","","","","","","","","","","","","","","","","","","",58,1,"","","","","","","","","","","","","","","","","","","","","","","","","","","","","","","","","","","","","","","","","","","","","","","","","","","","","","","","","","","","","","","","","","","","","","","","","","","","","","","","","","","","","","","","","","","","","","","","","","",140,1,"","","","","","","","","","","","","","","","","","","","","","","","","","","","","",""
"61328002","LE PIN-AU-HARAS -INRAE",48.735833,0.128167,176,2002060616,0.,1,"","","","","","","","","","","","","","","","","","","","","","","","","","","","","","","","","","",17.1,1,"","","","","","","","","","","","","","","","","","","","","","","","","","","","",63,1,"","","","","","","","","","","","","","","","","","","","","","","","","","","","","","","","","","","","","","","","","","","","","","","","","","","","","","","","","","","","","","","","","","","","","","","","","","","","","","","","","","","","","","","","","","","","","","","","","","",132,1,"","","","","","","","","","","","","","","","","","","","","","","","","","","","","",""
"61328002","LE PIN-AU-HARAS -INRAE",48.735833,0.128167,176,2002060617,0.,1,"","","","","","","","","","","","","","","","","","","","","","","","","","","","","","","","","","",15.9,1,"","","","","","","","","","","","","","","","","","","","","","","","","","","","",60,1,"","","","","","","","","","","","","","","","","","","","","","","","","","","","","","","","","","","","","","","","","","","","","","","","","","","","","","","","","","","","","","","","","","","","","","","","","","","","","","","","","","","","","","","","","","","","","","","","","","",76,1,"","","","","","","","","","","","","","","","","","","","","","","","","","","","","",""
"61328002","LE PIN-AU-HARAS -INRAE",48.735833,0.128167,176,2002060618,0.,1,"","","","","","","","","","","","","","","","","","","","","","","","","","","","","","","","","","",14.8,1,"","","","","","","","","","","","","","","","","","","","","","","","","","","","",60,1,"","","","","","","","","","","","","","","","","","","","","","","","","","","","","","","","","","","","","","","","","","","","","","","","","","","","","","","","","","","","","","","","","","","","","","","","","","","","","","","","","","","","","","","","","","","","","","","","","","",44,1,"","","","","","","","","","","","","","","","","","","","","","","","","","","","","",""
"61328002","LE PIN-AU-HARAS -INRAE",48.735833,0.128167,176,2002060619,0.,1,"","","","","","","","","","","","","","","","","","","","","","","","","","","","","","","","","","",14.2,1,"","","","","","","","","","","","","","","","","","","","","","","","","","","","",65,1,"","","","","","","","","","","","","","","","","","","","","","","","","","","","","","","","","","","","","","","","","","","","","","","","","","","","","","","","","","","","","","","","","","","","","","","","","","","","","","","","","","","","","","","","","","","","","","","","","","",16,1,"","","","","","","","","","","","","","","","","","","","","","","","","","","","","",""
"61328002","LE PIN-AU-HARAS -INRAE",48.735833,0.128167,176,2002060620,0.,1,"","","","","","","","","","","","","","","","","","","","","","","","","","","","","","","","","","",13.4,1,"","","","","","","","","","","","","","","","","","","","","","","","","","","","",74,1,"","","","","","","","","","","","","","","","","","","","","","","","","","","","","","","","","","","","","","","","","","","","","","","","","","","","","","","","","","","","","","","","","","","","","","","","","","","","","","","","","","","","","","","","","","","","","","","","","","",2,1,"","","","","","","","","","","","","","","","","","","","","","","","","","","","","",""
"61328002","LE PIN-AU-HARAS -INRAE",48.735833,0.128167,176,2002060621,0.,1,"","","","","","","","","","","","","","","","","","","","","","","","","","","","","","","","","","",12.9,1,"","","","","","","","","","","","","","","","","","","","","","","","","","","","",75,1,"","","","","","","","","","","","","","","","","","","","","","","","","","","","","","","","","","","","","","","","","","","","","","","","","","","","","","","","","","","","","","","","","","","","","","","","","","","","","","","","","","","","","","","","","","","","","","","","","","",0,1,"","","","","","","","","","","","","","","","","","","","","","","","","","","","","",""
"61328002","LE PIN-AU-HARAS -INRAE",48.735833,0.128167,176,2002060622,0.,1,"","","","","","","","","","","","","","","","","","","","","","","","","","","","","","","","","","",12.5,1,"","","","","","","","","","","","","","","","","","","","","","","","","","","","",81,1,"","","","","","","","","","","","","","","","","","","","","","","","","","","","","","","","","","","","","","","","","","","","","","","","","","","","","","","","","","","","","","","","","","","","","","","","","","","","","","","","","","","","","","","","","","","","","","","","","","",0,1,"","","","","","","","","","","","","","","","","","","","","","","","","","","","","",""
"61328002","LE PIN-AU-HARAS -INRAE",48.735833,0.128167,176,2002060623,0.,1,"","","","","","","","","","","","","","","","","","","","","","","","","","","","","","","","","","",12.1,1,"","","","","","","","","","","","","","","","","","","","","","","","","","","","",83,1,"","","","","","","","","","","","","","","","","","","","","","","","","","","","","","","","","","","","","","","","","","","","","","","","","","","","","","","","","","","","","","","","","","","","","","","","","","","","","","","","","","","","","","","","","","","","","","","","","","",0,1,"","","","","","","","","","","","","","","","","","","","","","","","","","","","","",""
"61328002","LE PIN-AU-HARAS -INRAE",48.735833,0.128167,176,2002060700,0.,1,"","","","","","","","","","","","","","","","","","","","","","","","","","","","","","","","","","",11.2,1,"","","","","","","","","","","","","","","","","","","","","","","","","","","","",93,1,"","","","","","","","","","","","","","","","","","","","","","","","","","","","","","","","","","","","","","","","","","","","","","","","","","","","","","","","","","","","","","","","","","","","","","","","","","","","","","","","","","","","","","","","","","","","","","","","","","",0,1,"","","","","","","","","","","","","","","","","","","","","","","","","","","","","",""
"61328002","LE PIN-AU-HARAS -INRAE",48.735833,0.128167,176,2002060701,1.,1,"","","","","","","","","","","","","","","","","","","","","","","","","","","","","","","","","","",11.1,1,"","","","","","","","","","","","","","","","","","","","","","","","","","","","",96,1,"","","","","","","","","","","","","","","","","","","","","","","","","","","","","","","","","","","","","","","","","","","","","","","","","","","","","","","","","","","","","","","","","","","","","","","","","","","","","","","","","","","","","","","","","","","","","","","","","","",0,1,"","","","","","","","","","","","","","","","","","","","","","","","","","","","","",""
"61328002","LE PIN-AU-HARAS -INRAE",48.735833,0.128167,176,2002060702,1.,1,"","","","","","","","","","","","","","","","","","","","","","","","","","","","","","","","","","",11.,1,"","","","","","","","","","","","","","","","","","","","","","","","","","","","",98,1,"","","","","","","","","","","","","","","","","","","","","","","","","","","","","","","","","","","","","","","","","","","","","","","","","","","","","","","","","","","","","","","","","","","","","","","","","","","","","","","","","","","","","","","","","","","","","","","","","","",0,1,"","","","","","","","","","","","","","","","","","","","","","","","","","","","","",""
"61328002","LE PIN-AU-HARAS -INRAE",48.735833,0.128167,176,2002060703,2.5,1,"","","","","","","","","","","","","","","","","","","","","","","","","","","","","","","","","","",10.8,1,"","","","","","","","","","","","","","","","","","","","","","","","","","","","",97,1,"","","","","","","","","","","","","","","","","","","","","","","","","","","","","","","","","","","","","","","","","","","","","","","","","","","","","","","","","","","","","","","","","","","","","","","","","","","","","","","","","","","","","","","","","","","","","","","","","","",0,1,"","","","","","","","","","","","","","","","","","","","","","","","","","","","","",""
"61328002","LE PIN-AU-HARAS -INRAE",48.735833,0.128167,176,2002060704,1.,1,"","","","","","","","","","","","","","","","","","","","","","","","","","","","","","","","","","",10.4,1,"","","","","","","","","","","","","","","","","","","","","","","","","","","","",97,1,"","","","","","","","","","","","","","","","","","","","","","","","","","","","","","","","","","","","","","","","","","","","","","","","","","","","","","","","","","","","","","","","","","","","","","","","","","","","","","","","","","","","","","","","","","","","","","","","","","",0,1,"","","","","","","","","","","","","","","","","","","","","","","","","","","","","",""
"61328002","LE PIN-AU-HARAS -INRAE",48.735833,0.128167,176,2002060705,0.,1,"","","","","","","","","","","","","","","","","","","","","","","","","","","","","","","","","","",10.5,1,"","","","","","","","","","","","","","","","","","","","","","","","","","","","",98,1,"","","","","","","","","","","","","","","","","","","","","","","","","","","","","","","","","","","","","","","","","","","","","","","","","","","","","","","","","","","","","","","","","","","","","","","","","","","","","","","","","","","","","","","","","","","","","","","","","","",2,1,"","","","","","","","","","","","","","","","","","","","","","","","","","","","","",""
"61328002","LE PIN-AU-HARAS -INRAE",48.735833,0.128167,176,2002060706,0.,1,"","","","","","","","","","","","","","","","","","","","","","","","","","","","","","","","","","",10.6,1,"","","","","","","","","","","","","","","","","","","","","","","","","","","","",97,1,"","","","","","","","","","","","","","","","","","","","","","","","","","","","","","","","","","","","","","","","","","","","","","","","","","","","","","","","","","","","","","","","","","","","","","","","","","","","","","","","","","","","","","","","","","","","","","","","","","",6,1,"","","","","","","","","","","","","","","","","","","","","","","","","","","","","",""
"61328002","LE PIN-AU-HARAS -INRAE",48.735833,0.128167,176,2002060707,0.,1,"","","","","","","","","","","","","","","","","","","","","","","","","","","","","","","","","","",10.8,1,"","","","","","","","","","","","","","","","","","","","","","","","","","","","",94,1,"","","","","","","","","","","","","","","","","","","","","","","","","","","","","","","","","","","","","","","","","","","","","","","","","","","","","","","","","","","","","","","","","","","","","","","","","","","","","","","","","","","","","","","","","","","","","","","","","","",16,1,"","","","","","","","","","","","","","","","","","","","","","","","","","","","","",""
"61328002","LE PIN-AU-HARAS -INRAE",48.735833,0.128167,176,2002060708,0.,1,"","","","","","","","","","","","","","","","","","","","","","","","","","","","","","","","","","",12.8,1,"","","","","","","","","","","","","","","","","","","","","","","","","","","","",87,1,"","","","","","","","","","","","","","","","","","","","","","","","","","","","","","","","","","","","","","","","","","","","","","","","","","","","","","","","","","","","","","","","","","","","","","","","","","","","","","","","","","","","","","","","","","","","","","","","","","",80,1,"","","","","","","","","","","","","","","","","","","","","","","","","","","","","",""
"61328002","LE PIN-AU-HARAS -INRAE",48.735833,0.128167,176,2002060709,0.,1,"","","","","","","","","","","","","","","","","","","","","","","","","","","","","","","","","","",13.6,1,"","","","","","","","","","","","","","","","","","","","","","","","","","","","",78,1,"","","","","","","","","","","","","","","","","","","","","","","","","","","","","","","","","","","","","","","","","","","","","","","","","","","","","","","","","","","","","","","","","","","","","","","","","","","","","","","","","","","","","","","","","","","","","","","","","","",132,1,"","","","","","","","","","","","","","","","","","","","","","","","","","","","","",""
"61328002","LE PIN-AU-HARAS -INRAE",48.735833,0.128167,176,2002060710,0.,1,"","","","","","","","","","","","","","","","","","","","","","","","","","","","","","","","","","",15.9,1,"","","","","","","","","","","","","","","","","","","","","","","","","","","","",72,1,"","","","","","","","","","","","","","","","","","","","","","","","","","","","","","","","","","","","","","","","","","","","","","","","","","","","","","","","","","","","","","","","","","","","","","","","","","","","","","","","","","","","","","","","","","","","","","","","","","",210,1,"","","","","","","","","","","","","","","","","","","","","","","","","","","","","",""
"61328002","LE PIN-AU-HARAS -INRAE",48.735833,0.128167,176,2002060711,0.,1,"","","","","","","","","","","","","","","","","","","","","","","","","","","","","","","","","","",15.9,1,"","","","","","","","","","","","","","","","","","","","","","","","","","","","",59,1,"","","","","","","","","","","","","","","","","","","","","","","","","","","","","","","","","","","","","","","","","","","","","","","","","","","","","","","","","","","","","","","","","","","","","","","","","","","","","","","","","","","","","","","","","","","","","","","","","","",246,1,"","","","","","","","","","","","","","","","","","","","","","","","","","","","","",""
"61328002","LE PIN-AU-HARAS -INRAE",48.735833,0.128167,176,2002060712,0.,1,"","","","","","","","","","","","","","","","","","","","","","","","","","","","","","","","","","",15.9,1,"","","","","","","","","","","","","","","","","","","","","","","","","","","","",59,1,"","","","","","","","","","","","","","","","","","","","","","","","","","","","","","","","","","","","","","","","","","","","","","","","","","","","","","","","","","","","","","","","","","","","","","","","","","","","","","","","","","","","","","","","","","","","","","","","","","",226,1,"","","","","","","","","","","","","","","","","","","","","","","","","","","","","",""
"61328002","LE PIN-AU-HARAS -INRAE",48.735833,0.128167,176,2002060713,0.,1,"","","","","","","","","","","","","","","","","","","","","","","","","","","","","","","","","","",16.2,1,"","","","","","","","","","","","","","","","","","","","","","","","","","","","",55,1,"","","","","","","","","","","","","","","","","","","","","","","","","","","","","","","","","","","","","","","","","","","","","","","","","","","","","","","","","","","","","","","","","","","","","","","","","","","","","","","","","","","","","","","","","","","","","","","","","","",152,1,"","","","","","","","","","","","","","","","","","","","","","","","","","","","","",""
"61328002","LE PIN-AU-HARAS -INRAE",48.735833,0.128167,176,2002060714,0.,1,"","","","","","","","","","","","","","","","","","","","","","","","","","","","","","","","","","",17.9,1,"","","","","","","","","","","","","","","","","","","","","","","","","","","","",53,1,"","","","","","","","","","","","","","","","","","","","","","","","","","","","","","","","","","","","","","","","","","","","","","","","","","","","","","","","","","","","","","","","","","","","","","","","","","","","","","","","","","","","","","","","","","","","","","","","","","",262,1,"","","","","","","","","","","","","","","","","","","","","","","","","","","","","",""
"61328002","LE PIN-AU-HARAS -INRAE",48.735833,0.128167,176,2002060715,0.,1,"","","","","","","","","","","","","","","","","","","","","","","","","","","","","","","","","","",16.7,1,"","","","","","","","","","","","","","","","","","","","","","","","","","","","",56,1,"","","","","","","","","","","","","","","","","","","","","","","","","","","","","","","","","","","","","","","","","","","","","","","","","","","","","","","","","","","","","","","","","","","","","","","","","","","","","","","","","","","","","","","","","","","","","","","","","","",178,1,"","","","","","","","","","","","","","","","","","","","","","","","","","","","","",""
"61328002","LE PIN-AU-HARAS -INRAE",48.735833,0.128167,176,2002060716,0.,1,"","","","","","","","","","","","","","","","","","","","","","","","","","","","","","","","","","",17.1,1,"","","","","","","","","","","","","","","","","","","","","","","","","","","","",50,1,"","","","","","","","","","","","","","","","","","","","","","","","","","","","","","","","","","","","","","","","","","","","","","","","","","","","","","","","","","","","","","","","","","","","","","","","","","","","","","","","","","","","","","","","","","","","","","","","","","",144,1,"","","","","","","","","","","","","","","","","","","","","","","","","","","","","",""
"61328002","LE PIN-AU-HARAS -INRAE",48.735833,0.128167,176,2002060717,0.,1,"","","","","","","","","","","","","","","","","","","","","","","","","","","","","","","","","","",16.4,1,"","","","","","","","","","","","","","","","","","","","","","","","","","","","",48,1,"","","","","","","","","","","","","","","","","","","","","","","","","","","","","","","","","","","","","","","","","","","","","","","","","","","","","","","","","","","","","","","","","","","","","","","","","","","","","","","","","","","","","","","","","","","","","","","","","","",100,1,"","","","","","","","","","","","","","","","","","","","","","","","","","","","","",""
"61328002","LE PIN-AU-HARAS -INRAE",48.735833,0.128167,176,2002060718,0.,1,"","","","","","","","","","","","","","","","","","","","","","","","","","","","","","","","","","",16.3,1,"","","","","","","","","","","","","","","","","","","","","","","","","","","","",52,1,"","","","","","","","","","","","","","","","","","","","","","","","","","","","","","","","","","","","","","","","","","","","","","","","","","","","","","","","","","","","","","","","","","","","","","","","","","","","","","","","","","","","","","","","","","","","","","","","","","",44,1,"","","","","","","","","","","","","","","","","","","","","","","","","","","","","",""
"61328002","LE PIN-AU-HARAS -INRAE",48.735833,0.128167,176,2002060719,0.,1,"","","","","","","","","","","","","","","","","","","","","","","","","","","","","","","","","","",15.2,1,"","","","","","","","","","","","","","","","","","","","","","","","","","","","",63,1,"","","","","","","","","","","","","","","","","","","","","","","","","","","","","","","","","","","","","","","","","","","","","","","","","","","","","","","","","","","","","","","","","","","","","","","","","","","","","","","","","","","","","","","","","","","","","","","","","","",20,1,"","","","","","","","","","","","","","","","","","","","","","","","","","","","","",""
"61328002","LE PIN-AU-HARAS -INRAE",48.735833,0.128167,176,2002060720,0.,1,"","","","","","","","","","","","","","","","","","","","","","","","","","","","","","","","","","",14.1,1,"","","","","","","","","","","","","","","","","","","","","","","","","","","","",68,1,"","","","","","","","","","","","","","","","","","","","","","","","","","","","","","","","","","","","","","","","","","","","","","","","","","","","","","","","","","","","","","","","","","","","","","","","","","","","","","","","","","","","","","","","","","","","","","","","","","",8,1,"","","","","","","","","","","","","","","","","","","","","","","","","","","","","",""
"61328002","LE PIN-AU-HARAS -INRAE",48.735833,0.128167,176,2002060721,0.,1,"","","","","","","","","","","","","","","","","","","","","","","","","","","","","","","","","","",13.6,1,"","","","","","","","","","","","","","","","","","","","","","","","","","","","",70,1,"","","","","","","","","","","","","","","","","","","","","","","","","","","","","","","","","","","","","","","","","","","","","","","","","","","","","","","","","","","","","","","","","","","","","","","","","","","","","","","","","","","","","","","","","","","","","","","","","","",0,1,"","","","","","","","","","","","","","","","","","","","","","","","","","","","","",""
"61328002","LE PIN-AU-HARAS -INRAE",48.735833,0.128167,176,2002060722,0.,1,"","","","","","","","","","","","","","","","","","","","","","","","","","","","","","","","","","",12.4,1,"","","","","","","","","","","","","","","","","","","","","","","","","","","","",83,1,"","","","","","","","","","","","","","","","","","","","","","","","","","","","","","","","","","","","","","","","","","","","","","","","","","","","","","","","","","","","","","","","","","","","","","","","","","","","","","","","","","","","","","","","","","","","","","","","","","",0,1,"","","","","","","","","","","","","","","","","","","","","","","","","","","","","",""
"61328002","LE PIN-AU-HARAS -INRAE",48.735833,0.128167,176,2002060723,0.5,1,"","","","","","","","","","","","","","","","","","","","","","","","","","","","","","","","","","",11.9,1,"","","","","","","","","","","","","","","","","","","","","","","","","","","","",94,1,"","","","","","","","","","","","","","","","","","","","","","","","","","","","","","","","","","","","","","","","","","","","","","","","","","","","","","","","","","","","","","","","","","","","","","","","","","","","","","","","","","","","","","","","","","","","","","","","","","",0,1,"","","","","","","","","","","","","","","","","","","","","","","","","","","","","",""
"61328002","LE PIN-AU-HARAS -INRAE",48.735833,0.128167,176,2002060800,0.5,1,"","","","","","","","","","","","","","","","","","","","","","","","","","","","","","","","","","",11.9,1,"","","","","","","","","","","","","","","","","","","","","","","","","","","","",97,1,"","","","","","","","","","","","","","","","","","","","","","","","","","","","","","","","","","","","","","","","","","","","","","","","","","","","","","","","","","","","","","","","","","","","","","","","","","","","","","","","","","","","","","","","","","","","","","","","","","",0,1,"","","","","","","","","","","","","","","","","","","","","","","","","","","","","",""
"61328002","LE PIN-AU-HARAS -INRAE",48.735833,0.128167,176,2002060801,0.,1,"","","","","","","","","","","","","","","","","","","","","","","","","","","","","","","","","","",12.3,1,"","","","","","","","","","","","","","","","","","","","","","","","","","","","",99,1,"","","","","","","","","","","","","","","","","","","","","","","","","","","","","","","","","","","","","","","","","","","","","","","","","","","","","","","","","","","","","","","","","","","","","","","","","","","","","","","","","","","","","","","","","","","","","","","","","","",0,1,"","","","","","","","","","","","","","","","","","","","","","","","","","","","","",""
"61328002","LE PIN-AU-HARAS -INRAE",48.735833,0.128167,176,2002060802,0.5,1,"","","","","","","","","","","","","","","","","","","","","","","","","","","","","","","","","","",12.5,1,"","","","","","","","","","","","","","","","","","","","","","","","","","","","",100,1,"","","","","","","","","","","","","","","","","","","","","","","","","","","","","","","","","","","","","","","","","","","","","","","","","","","","","","","","","","","","","","","","","","","","","","","","","","","","","","","","","","","","","","","","","","","","","","","","","","",0,1,"","","","","","","","","","","","","","","","","","","","","","","","","","","","","",""
"61328002","LE PIN-AU-HARAS -INRAE",48.735833,0.128167,176,2002060803,0.,1,"","","","","","","","","","","","","","","","","","","","","","","","","","","","","","","","","","",12.4,1,"","","","","","","","","","","","","","","","","","","","","","","","","","","","",100,1,"","","","","","","","","","","","","","","","","","","","","","","","","","","","","","","","","","","","","","","","","","","","","","","","","","","","","","","","","","","","","","","","","","","","","","","","","","","","","","","","","","","","","","","","","","","","","","","","","","",0,1,"","","","","","","","","","","","","","","","","","","","","","","","","","","","","",""
"61328002","LE PIN-AU-HARAS -INRAE",48.735833,0.128167,176,2002060804,0.,1,"","","","","","","","","","","","","","","","","","","","","","","","","","","","","","","","","","",12.2,1,"","","","","","","","","","","","","","","","","","","","","","","","","","","","",100,1,"","","","","","","","","","","","","","","","","","","","","","","","","","","","","","","","","","","","","","","","","","","","","","","","","","","","","","","","","","","","","","","","","","","","","","","","","","","","","","","","","","","","","","","","","","","","","","","","","","",0,1,"","","","","","","","","","","","","","","","","","","","","","","","","","","","","",""
"61328002","LE PIN-AU-HARAS -INRAE",48.735833,0.128167,176,2002060805,0.,1,"","","","","","","","","","","","","","","","","","","","","","","","","","","","","","","","","","",12.3,1,"","","","","","","","","","","","","","","","","","","","","","","","","","","","",100,1,"","","","","","","","","","","","","","","","","","","","","","","","","","","","","","","","","","","","","","","","","","","","","","","","","","","","","","","","","","","","","","","","","","","","","","","","","","","","","","","","","","","","","","","","","","","","","","","","","","",12,1,"","","","","","","","","","","","","","","","","","","","","","","","","","","","","",""
"61328002","LE PIN-AU-HARAS -INRAE",48.735833,0.128167,176,2002060806,1.5,1,"","","","","","","","","","","","","","","","","","","","","","","","","","","","","","","","","","",12.2,1,"","","","","","","","","","","","","","","","","","","","","","","","","","","","",100,1,"","","","","","","","","","","","","","","","","","","","","","","","","","","","","","","","","","","","","","","","","","","","","","","","","","","","","","","","","","","","","","","","","","","","","","","","","","","","","","","","","","","","","","","","","","","","","","","","","","",18,1,"","","","","","","","","","","","","","","","","","","","","","","","","","","","","",""
"61328002","LE PIN-AU-HARAS -INRAE",48.735833,0.128167,176,2002060807,0.,1,"","","","","","","","","","","","","","","","","","","","","","","","","","","","","","","","","","",12.3,1,"","","","","","","","","","","","","","","","","","","","","","","","","","","","",97,1,"","","","","","","","","","","","","","","","","","","","","","","","","","","","","","","","","","","","","","","","","","","","","","","","","","","","","","","","","","","","","","","","","","","","","","","","","","","","","","","","","","","","","","","","","","","","","","","","","","",32,1,"","","","","","","","","","","","","","","","","","","","","","","","","","","","","",""
"61328002","LE PIN-AU-HARAS -INRAE",48.735833,0.128167,176,2002060808,0.,1,"","","","","","","","","","","","","","","","","","","","","","","","","","","","","","","","","","",12.8,1,"","","","","","","","","","","","","","","","","","","","","","","","","","","","",92,1,"","","","","","","","","","","","","","","","","","","","","","","","","","","","","","","","","","","","","","","","","","","","","","","","","","","","","","","","","","","","","","","","","","","","","","","","","","","","","","","","","","","","","","","","","","","","","","","","","","",50,1,"","","","","","","","","","","","","","","","","","","","","","","","","","","","","",""
"61328002","LE PIN-AU-HARAS -INRAE",48.735833,0.128167,176,2002060809,0.,1,"","","","","","","","","","","","","","","","","","","","","","","","","","","","","","","","","","",14.5,1,"","","","","","","","","","","","","","","","","","","","","","","","","","","","",77,1,"","","","","","","","","","","","","","","","","","","","","","","","","","","","","","","","","","","","","","","","","","","","","","","","","","","","","","","","","","","","","","","","","","","","","","","","","","","","","","","","","","","","","","","","","","","","","","","","","","",156,1,"","","","","","","","","","","","","","","","","","","","","","","","","","","","","",""
"61328002","LE PIN-AU-HARAS -INRAE",48.735833,0.128167,176,2002060810,0.,1,"","","","","","","","","","","","","","","","","","","","","","","","","","","","","","","","","","",15.1,1,"","","","","","","","","","","","","","","","","","","","","","","","","","","","",67,1,"","","","","","","","","","","","","","","","","","","","","","","","","","","","","","","","","","","","","","","","","","","","","","","","","","","","","","","","","","","","","","","","","","","","","","","","","","","","","","","","","","","","","","","","","","","","","","","","","","",158,1,"","","","","","","","","","","","","","","","","","","","","","","","","","","","","",""
"61328002","LE PIN-AU-HARAS -INRAE",48.735833,0.128167,176,2002060811,0.,1,"","","","","","","","","","","","","","","","","","","","","","","","","","","","","","","","","","",16.2,1,"","","","","","","","","","","","","","","","","","","","","","","","","","","","",67,1,"","","","","","","","","","","","","","","","","","","","","","","","","","","","","","","","","","","","","","","","","","","","","","","","","","","","","","","","","","","","","","","","","","","","","","","","","","","","","","","","","","","","","","","","","","","","","","","","","","",308,1,"","","","","","","","","","","","","","","","","","","","","","","","","","","","","",""
"61328002","LE PIN-AU-HARAS -INRAE",48.735833,0.128167,176,2002060812,0.,1,"","","","","","","","","","","","","","","","","","","","","","","","","","","","","","","","","","",15.6,1,"","","","","","","","","","","","","","","","","","","","","","","","","","","","",67,1,"","","","","","","","","","","","","","","","","","","","","","","","","","","","","","","","","","","","","","","","","","","","","","","","","","","","","","","","","","","","","","","","","","","","","","","","","","","","","","","","","","","","","","","","","","","","","","","","","","",178,1,"","","","","","","","","","","","","","","","","","","","","","","","","","","","","",""
"61328002","LE PIN-AU-HARAS -INRAE",48.735833,0.128167,176,2002060813,0.,1,"","","","","","","","","","","","","","","","","","","","","","","","","","","","","","","","","","",17.2,1,"","","","","","","","","","","","","","","","","","","","","","","","","","","","",59,1,"","","","","","","","","","","","","","","","","","","","","","","","","","","","","","","","","","","","","","","","","","","","","","","","","","","","","","","","","","","","","","","","","","","","","","","","","","","","","","","","","","","","","","","","","","","","","","","","","","",240,1,"","","","","","","","","","","","","","","","","","","","","","","","","","","","","",""
"61328002","LE PIN-AU-HARAS -INRAE",48.735833,0.128167,176,2002060814,0.,1,"","","","","","","","","","","","","","","","","","","","","","","","","","","","","","","","","","",18.8,1,"","","","","","","","","","","","","","","","","","","","","","","","","","","","",53,1,"","","","","","","","","","","","","","","","","","","","","","","","","","","","","","","","","","","","","","","","","","","","","","","","","","","","","","","","","","","","","","","","","","","","","","","","","","","","","","","","","","","","","","","","","","","","","","","","","","",298,1,"","","","","","","","","","","","","","","","","","","","","","","","","","","","","",""
"61328002","LE PIN-AU-HARAS -INRAE",48.735833,0.128167,176,2002060815,0.,1,"","","","","","","","","","","","","","","","","","","","","","","","","","","","","","","","","","",18.3,1,"","","","","","","","","","","","","","","","","","","","","","","","","","","","",56,1,"","","","","","","","","","","","","","","","","","","","","","","","","","","","","","","","","","","","","","","","","","","","","","","","","","","","","","","","","","","","","","","","","","","","","","","","","","","","","","","","","","","","","","","","","","","","","","","","","","",216,1,"","","","","","","","","","","","","","","","","","","","","","","","","","","","","",""
"61328002","LE PIN-AU-HARAS -INRAE",48.735833,0.128167,176,2002060816,0.,1,"","","","","","","","","","","","","","","","","","","","","","","","","","","","","","","","","","",18.3,1,"","","","","","","","","","","","","","","","","","","","","","","","","","","","",59,1,"","","","","","","","","","","","","","","","","","","","","","","","","","","","","","","","","","","","","","","","","","","","","","","","","","","","","","","","","","","","","","","","","","","","","","","","","","","","","","","","","","","","","","","","","","","","","","","","","","",182,1,"","","","","","","","","","","","","","","","","","","","","","","","","","","","","",""
"61328002","LE PIN-AU-HARAS -INRAE",48.735833,0.128167,176,2002060817,0.,1,"","","","","","","","","","","","","","","","","","","","","","","","","","","","","","","","","","",17.6,1,"","","","","","","","","","","","","","","","","","","","","","","","","","","","",59,1,"","","","","","","","","","","","","","","","","","","","","","","","","","","","","","","","","","","","","","","","","","","","","","","","","","","","","","","","","","","","","","","","","","","","","","","","","","","","","","","","","","","","","","","","","","","","","","","","","","",144,1,"","","","","","","","","","","","","","","","","","","","","","","","","","","","","",""
"61328002","LE PIN-AU-HARAS -INRAE",48.735833,0.128167,176,2002060818,0.,1,"","","","","","","","","","","","","","","","","","","","","","","","","","","","","","","","","","",16.5,1,"","","","","","","","","","","","","","","","","","","","","","","","","","","","",66,1,"","","","","","","","","","","","","","","","","","","","","","","","","","","","","","","","","","","","","","","","","","","","","","","","","","","","","","","","","","","","","","","","","","","","","","","","","","","","","","","","","","","","","","","","","","","","","","","","","","",36,1,"","","","","","","","","","","","","","","","","","","","","","","","","","","","","",""
"61328002","LE PIN-AU-HARAS -INRAE",48.735833,0.128167,176,2002060819,0.,1,"","","","","","","","","","","","","","","","","","","","","","","","","","","","","","","","","","",15.5,1,"","","","","","","","","","","","","","","","","","","","","","","","","","","","",68,1,"","","","","","","","","","","","","","","","","","","","","","","","","","","","","","","","","","","","","","","","","","","","","","","","","","","","","","","","","","","","","","","","","","","","","","","","","","","","","","","","","","","","","","","","","","","","","","","","","","",36,1,"","","","","","","","","","","","","","","","","","","","","","","","","","","","","",""
"61328002","LE PIN-AU-HARAS -INRAE",48.735833,0.128167,176,2002060820,0.,1,"","","","","","","","","","","","","","","","","","","","","","","","","","","","","","","","","","",12.9,1,"","","","","","","","","","","","","","","","","","","","","","","","","","","","",87,1,"","","","","","","","","","","","","","","","","","","","","","","","","","","","","","","","","","","","","","","","","","","","","","","","","","","","","","","","","","","","","","","","","","","","","","","","","","","","","","","","","","","","","","","","","","","","","","","","","","",6,1,"","","","","","","","","","","","","","","","","","","","","","","","","","","","","",""
"61328002","LE PIN-AU-HARAS -INRAE",48.735833,0.128167,176,2002060821,0.,1,"","","","","","","","","","","","","","","","","","","","","","","","","","","","","","","","","","",12.3,1,"","","","","","","","","","","","","","","","","","","","","","","","","","","","",91,1,"","","","","","","","","","","","","","","","","","","","","","","","","","","","","","","","","","","","","","","","","","","","","","","","","","","","","","","","","","","","","","","","","","","","","","","","","","","","","","","","","","","","","","","","","","","","","","","","","","",0,1,"","","","","","","","","","","","","","","","","","","","","","","","","","","","","",""
"61328002","LE PIN-AU-HARAS -INRAE",48.735833,0.128167,176,2002060822,0.,1,"","","","","","","","","","","","","","","","","","","","","","","","","","","","","","","","","","",12.3,1,"","","","","","","","","","","","","","","","","","","","","","","","","","","","",93,1,"","","","","","","","","","","","","","","","","","","","","","","","","","","","","","","","","","","","","","","","","","","","","","","","","","","","","","","","","","","","","","","","","","","","","","","","","","","","","","","","","","","","","","","","","","","","","","","","","","",0,1,"","","","","","","","","","","","","","","","","","","","","","","","","","","","","",""
"61328002","LE PIN-AU-HARAS -INRAE",48.735833,0.128167,176,2002060823,0.,1,"","","","","","","","","","","","","","","","","","","","","","","","","","","","","","","","","","",11.1,1,"","","","","","","","","","","","","","","","","","","","","","","","","","","","",96,1,"","","","","","","","","","","","","","","","","","","","","","","","","","","","","","","","","","","","","","","","","","","","","","","","","","","","","","","","","","","","","","","","","","","","","","","","","","","","","","","","","","","","","","","","","","","","","","","","","","",0,1,"","","","","","","","","","","","","","","","","","","","","","","","","","","","","",""
"61328002","LE PIN-AU-HARAS -INRAE",48.735833,0.128167,176,2002060900,0.,1,"","","","","","","","","","","","","","","","","","","","","","","","","","","","","","","","","","",11.9,1,"","","","","","","","","","","","","","","","","","","","","","","","","","","","",97,1,"","","","","","","","","","","","","","","","","","","","","","","","","","","","","","","","","","","","","","","","","","","","","","","","","","","","","","","","","","","","","","","","","","","","","","","","","","","","","","","","","","","","","","","","","","","","","","","","","","",0,1,"","","","","","","","","","","","","","","","","","","","","","","","","","","","","",""
"61328002","LE PIN-AU-HARAS -INRAE",48.735833,0.128167,176,2002060901,0.,1,"","","","","","","","","","","","","","","","","","","","","","","","","","","","","","","","","","",11.8,1,"","","","","","","","","","","","","","","","","","","","","","","","","","","","",91,1,"","","","","","","","","","","","","","","","","","","","","","","","","","","","","","","","","","","","","","","","","","","","","","","","","","","","","","","","","","","","","","","","","","","","","","","","","","","","","","","","","","","","","","","","","","","","","","","","","","",0,1,"","","","","","","","","","","","","","","","","","","","","","","","","","","","","",""
"61328002","LE PIN-AU-HARAS -INRAE",48.735833,0.128167,176,2002060902,0.,1,"","","","","","","","","","","","","","","","","","","","","","","","","","","","","","","","","","",10.3,1,"","","","","","","","","","","","","","","","","","","","","","","","","","","","",94,1,"","","","","","","","","","","","","","","","","","","","","","","","","","","","","","","","","","","","","","","","","","","","","","","","","","","","","","","","","","","","","","","","","","","","","","","","","","","","","","","","","","","","","","","","","","","","","","","","","","",0,1,"","","","","","","","","","","","","","","","","","","","","","","","","","","","","",""
"61328002","LE PIN-AU-HARAS -INRAE",48.735833,0.128167,176,2002060903,0.,1,"","","","","","","","","","","","","","","","","","","","","","","","","","","","","","","","","","",9.,1,"","","","","","","","","","","","","","","","","","","","","","","","","","","","",97,1,"","","","","","","","","","","","","","","","","","","","","","","","","","","","","","","","","","","","","","","","","","","","","","","","","","","","","","","","","","","","","","","","","","","","","","","","","","","","","","","","","","","","","","","","","","","","","","","","","","",0,1,"","","","","","","","","","","","","","","","","","","","","","","","","","","","","",""
"61328002","LE PIN-AU-HARAS -INRAE",48.735833,0.128167,176,2002060904,0.,1,"","","","","","","","","","","","","","","","","","","","","","","","","","","","","","","","","","",10.,1,"","","","","","","","","","","","","","","","","","","","","","","","","","","","",99,1,"","","","","","","","","","","","","","","","","","","","","","","","","","","","","","","","","","","","","","","","","","","","","","","","","","","","","","","","","","","","","","","","","","","","","","","","","","","","","","","","","","","","","","","","","","","","","","","","","","",0,1,"","","","","","","","","","","","","","","","","","","","","","","","","","","","","",""
"61328002","LE PIN-AU-HARAS -INRAE",48.735833,0.128167,176,2002060905,0.,1,"","","","","","","","","","","","","","","","","","","","","","","","","","","","","","","","","","",11.,1,"","","","","","","","","","","","","","","","","","","","","","","","","","","","",99,1,"","","","","","","","","","","","","","","","","","","","","","","","","","","","","","","","","","","","","","","","","","","","","","","","","","","","","","","","","","","","","","","","","","","","","","","","","","","","","","","","","","","","","","","","","","","","","","","","","","",16,1,"","","","","","","","","","","","","","","","","","","","","","","","","","","","","",""
"61328002","LE PIN-AU-HARAS -INRAE",48.735833,0.128167,176,2002060906,0.,1,"","","","","","","","","","","","","","","","","","","","","","","","","","","","","","","","","","",12.4,1,"","","","","","","","","","","","","","","","","","","","","","","","","","","","",94,1,"","","","","","","","","","","","","","","","","","","","","","","","","","","","","","","","","","","","","","","","","","","","","","","","","","","","","","","","","","","","","","","","","","","","","","","","","","","","","","","","","","","","","","","","","","","","","","","","","","",32,1,"","","","","","","","","","","","","","","","","","","","","","","","","","","","","",""
"61328002","LE PIN-AU-HARAS -INRAE",48.735833,0.128167,176,2002060907,0.,1,"","","","","","","","","","","","","","","","","","","","","","","","","","","","","","","","","","",13.5,1,"","","","","","","","","","","","","","","","","","","","","","","","","","","","",86,1,"","","","","","","","","","","","","","","","","","","","","","","","","","","","","","","","","","","","","","","","","","","","","","","","","","","","","","","","","","","","","","","","","","","","","","","","","","","","","","","","","","","","","","","","","","","","","","","","","","",82,1,"","","","","","","","","","","","","","","","","","","","","","","","","","","","","",""
"61328002","LE PIN-AU-HARAS -INRAE",48.735833,0.128167,176,2002060908,0.,1,"","","","","","","","","","","","","","","","","","","","","","","","","","","","","","","","","","",13.4,1,"","","","","","","","","","","","","","","","","","","","","","","","","","","","",84,1,"","","","","","","","","","","","","","","","","","","","","","","","","","","","","","","","","","","","","","","","","","","","","","","","","","","","","","","","","","","","","","","","","","","","","","","","","","","","","","","","","","","","","","","","","","","","","","","","","","",82,1,"","","","","","","","","","","","","","","","","","","","","","","","","","","","","",""
"61328002","LE PIN-AU-HARAS -INRAE",48.735833,0.128167,176,2002060909,0.,1,"","","","","","","","","","","","","","","","","","","","","","","","","","","","","","","","","","",13.7,1,"","","","","","","","","","","","","","","","","","","","","","","","","","","","",82,1,"","","","","","","","","","","","","","","","","","","","","","","","","","","","","","","","","","","","","","","","","","","","","","","","","","","","","","","","","","","","","","","","","","","","","","","","","","","","","","","","","","","","","","","","","","","","","","","","","","",68,1,"","","","","","","","","","","","","","","","","","","","","","","","","","","","","",""
"61328002","LE PIN-AU-HARAS -INRAE",48.735833,0.128167,176,2002060910,0.,1,"","","","","","","","","","","","","","","","","","","","","","","","","","","","","","","","","","",14.5,1,"","","","","","","","","","","","","","","","","","","","","","","","","","","","",67,1,"","","","","","","","","","","","","","","","","","","","","","","","","","","","","","","","","","","","","","","","","","","","","","","","","","","","","","","","","","","","","","","","","","","","","","","","","","","","","","","","","","","","","","","","","","","","","","","","","","",124,1,"","","","","","","","","","","","","","","","","","","","","","","","","","","","","",""
"61328002","LE PIN-AU-HARAS -INRAE",48.735833,0.128167,176,2002060911,0.,1,"","","","","","","","","","","","","","","","","","","","","","","","","","","","","","","","","","",14.4,1,"","","","","","","","","","","","","","","","","","","","","","","","","","","","",67,1,"","","","","","","","","","","","","","","","","","","","","","","","","","","","","","","","","","","","","","","","","","","","","","","","","","","","","","","","","","","","","","","","","","","","","","","","","","","","","","","","","","","","","","","","","","","","","","","","","","",150,1,"","","","","","","","","","","","","","","","","","","","","","","","","","","","","",""
"61328002","LE PIN-AU-HARAS -INRAE",48.735833,0.128167,176,2002060912,0.,1,"","","","","","","","","","","","","","","","","","","","","","","","","","","","","","","","","","",15.3,1,"","","","","","","","","","","","","","","","","","","","","","","","","","","","",61,1,"","","","","","","","","","","","","","","","","","","","","","","","","","","","","","","","","","","","","","","","","","","","","","","","","","","","","","","","","","","","","","","","","","","","","","","","","","","","","","","","","","","","","","","","","","","","","","","","","","",150,1,"","","","","","","","","","","","","","","","","","","","","","","","","","","","","",""
"61328002","LE PIN-AU-HARAS -INRAE",48.735833,0.128167,176,2002060913,0.,1,"","","","","","","","","","","","","","","","","","","","","","","","","","","","","","","","","","",14.5,1,"","","","","","","","","","","","","","","","","","","","","","","","","","","","",70,1,"","","","","","","","","","","","","","","","","","","","","","","","","","","","","","","","","","","","","","","","","","","","","","","","","","","","","","","","","","","","","","","","","","","","","","","","","","","","","","","","","","","","","","","","","","","","","","","","","","",92,1,"","","","","","","","","","","","","","","","","","","","","","","","","","","","","",""
"61328002","LE PIN-AU-HARAS -INRAE",48.735833,0.128167,176,2002060914,0.,1,"","","","","","","","","","","","","","","","","","","","","","","","","","","","","","","","","","",13.5,1,"","","","","","","","","","","","","","","","","","","","","","","","","","","","",67,1,"","","","","","","","","","","","","","","","","","","","","","","","","","","","","","","","","","","","","","","","","","","","","","","","","","","","","","","","","","","","","","","","","","","","","","","","","","","","","","","","","","","","","","","","","","","","","","","","","","",72,1,"","","","","","","","","","","","","","","","","","","","","","","","","","","","","",""
"61328002","LE PIN-AU-HARAS -INRAE",48.735833,0.128167,176,2002060915,0.5,1,"","","","","","","","","","","","","","","","","","","","","","","","","","","","","","","","","","",12.2,1,"","","","","","","","","","","","","","","","","","","","","","","","","","","","",84,1,"","","","","","","","","","","","","","","","","","","","","","","","","","","","","","","","","","","","","","","","","","","","","","","","","","","","","","","","","","","","","","","","","","","","","","","","","","","","","","","","","","","","","","","","","","","","","","","","","","",62,1,"","","","","","","","","","","","","","","","","","","","","","","","","","","","","",""
"61328002","LE PIN-AU-HARAS -INRAE",48.735833,0.128167,176,2002060916,1.,1,"","","","","","","","","","","","","","","","","","","","","","","","","","","","","","","","","","",11.9,1,"","","","","","","","","","","","","","","","","","","","","","","","","","","","",94,1,"","","","","","","","","","","","","","","","","","","","","","","","","","","","","","","","","","","","","","","","","","","","","","","","","","","","","","","","","","","","","","","","","","","","","","","","","","","","","","","","","","","","","","","","","","","","","","","","","","",36,1,"","","","","","","","","","","","","","","","","","","","","","","","","","","","","",""
"61328002","LE PIN-AU-HARAS -INRAE",48.735833,0.128167,176,2002060917,1.,1,"","","","","","","","","","","","","","","","","","","","","","","","","","","","","","","","","","",11.9,1,"","","","","","","","","","","","","","","","","","","","","","","","","","","","",96,1,"","","","","","","","","","","","","","","","","","","","","","","","","","","","","","","","","","","","","","","","","","","","","","","","","","","","","","","","","","","","","","","","","","","","","","","","","","","","","","","","","","","","","","","","","","","","","","","","","","",30,1,"","","","","","","","","","","","","","","","","","","","","","","","","","","","","",""
"61328002","LE PIN-AU-HARAS -INRAE",48.735833,0.128167,176,2002060918,0.5,1,"","","","","","","","","","","","","","","","","","","","","","","","","","","","","","","","","","",12.1,1,"","","","","","","","","","","","","","","","","","","","","","","","","","","","",96,1,"","","","","","","","","","","","","","","","","","","","","","","","","","","","","","","","","","","","","","","","","","","","","","","","","","","","","","","","","","","","","","","","","","","","","","","","","","","","","","","","","","","","","","","","","","","","","","","","","","",18,1,"","","","","","","","","","","","","","","","","","","","","","","","","","","","","",""
"61328002","LE PIN-AU-HARAS -INRAE",48.735833,0.128167,176,2002060919,0.5,1,"","","","","","","","","","","","","","","","","","","","","","","","","","","","","","","","","","",10.9,1,"","","","","","","","","","","","","","","","","","","","","","","","","","","","",93,1,"","","","","","","","","","","","","","","","","","","","","","","","","","","","","","","","","","","","","","","","","","","","","","","","","","","","","","","","","","","","","","","","","","","","","","","","","","","","","","","","","","","","","","","","","","","","","","","","","","",18,1,"","","","","","","","","","","","","","","","","","","","","","","","","","","","","",""
"61328002","LE PIN-AU-HARAS -INRAE",48.735833,0.128167,176,2002060920,0.,1,"","","","","","","","","","","","","","","","","","","","","","","","","","","","","","","","","","",9.3,1,"","","","","","","","","","","","","","","","","","","","","","","","","","","","",91,1,"","","","","","","","","","","","","","","","","","","","","","","","","","","","","","","","","","","","","","","","","","","","","","","","","","","","","","","","","","","","","","","","","","","","","","","","","","","","","","","","","","","","","","","","","","","","","","","","","","",8,1,"","","","","","","","","","","","","","","","","","","","","","","","","","","","","",""
"61328002","LE PIN-AU-HARAS -INRAE",48.735833,0.128167,176,2002060921,0.,1,"","","","","","","","","","","","","","","","","","","","","","","","","","","","","","","","","","",7.7,1,"","","","","","","","","","","","","","","","","","","","","","","","","","","","",94,1,"","","","","","","","","","","","","","","","","","","","","","","","","","","","","","","","","","","","","","","","","","","","","","","","","","","","","","","","","","","","","","","","","","","","","","","","","","","","","","","","","","","","","","","","","","","","","","","","","","",0,1,"","","","","","","","","","","","","","","","","","","","","","","","","","","","","",""
"61328002","LE PIN-AU-HARAS -INRAE",48.735833,0.128167,176,2002060922,0.,1,"","","","","","","","","","","","","","","","","","","","","","","","","","","","","","","","","","",5.7,1,"","","","","","","","","","","","","","","","","","","","","","","","","","","","",97,1,"","","","","","","","","","","","","","","","","","","","","","","","","","","","","","","","","","","","","","","","","","","","","","","","","","","","","","","","","","","","","","","","","","","","","","","","","","","","","","","","","","","","","","","","","","","","","","","","","","",0,1,"","","","","","","","","","","","","","","","","","","","","","","","","","","","","",""
"61328002","LE PIN-AU-HARAS -INRAE",48.735833,0.128167,176,2002060923,0.,1,"","","","","","","","","","","","","","","","","","","","","","","","","","","","","","","","","","",6.2,1,"","","","","","","","","","","","","","","","","","","","","","","","","","","","",99,1,"","","","","","","","","","","","","","","","","","","","","","","","","","","","","","","","","","","","","","","","","","","","","","","","","","","","","","","","","","","","","","","","","","","","","","","","","","","","","","","","","","","","","","","","","","","","","","","","","","",0,1,"","","","","","","","","","","","","","","","","","","","","","","","","","","","","",""
"61328002","LE PIN-AU-HARAS -INRAE",48.735833,0.128167,176,2002061000,0.,1,"","","","","","","","","","","","","","","","","","","","","","","","","","","","","","","","","","",5.8,1,"","","","","","","","","","","","","","","","","","","","","","","","","","","","",99,1,"","","","","","","","","","","","","","","","","","","","","","","","","","","","","","","","","","","","","","","","","","","","","","","","","","","","","","","","","","","","","","","","","","","","","","","","","","","","","","","","","","","","","","","","","","","","","","","","","","",0,1,"","","","","","","","","","","","","","","","","","","","","","","","","","","","","",""
"61328002","LE PIN-AU-HARAS -INRAE",48.735833,0.128167,176,2002061001,0.,1,"","","","","","","","","","","","","","","","","","","","","","","","","","","","","","","","","","",7.7,1,"","","","","","","","","","","","","","","","","","","","","","","","","","","","",100,1,"","","","","","","","","","","","","","","","","","","","","","","","","","","","","","","","","","","","","","","","","","","","","","","","","","","","","","","","","","","","","","","","","","","","","","","","","","","","","","","","","","","","","","","","","","","","","","","","","","",0,1,"","","","","","","","","","","","","","","","","","","","","","","","","","","","","",""
"61328002","LE PIN-AU-HARAS -INRAE",48.735833,0.128167,176,2002061002,0.,1,"","","","","","","","","","","","","","","","","","","","","","","","","","","","","","","","","","",9.5,1,"","","","","","","","","","","","","","","","","","","","","","","","","","","","",100,1,"","","","","","","","","","","","","","","","","","","","","","","","","","","","","","","","","","","","","","","","","","","","","","","","","","","","","","","","","","","","","","","","","","","","","","","","","","","","","","","","","","","","","","","","","","","","","","","","","","",0,1,"","","","","","","","","","","","","","","","","","","","","","","","","","","","","",""
"61328002","LE PIN-AU-HARAS -INRAE",48.735833,0.128167,176,2002061003,0.,1,"","","","","","","","","","","","","","","","","","","","","","","","","","","","","","","","","","",10.2,1,"","","","","","","","","","","","","","","","","","","","","","","","","","","","",98,1,"","","","","","","","","","","","","","","","","","","","","","","","","","","","","","","","","","","","","","","","","","","","","","","","","","","","","","","","","","","","","","","","","","","","","","","","","","","","","","","","","","","","","","","","","","","","","","","","","","",0,1,"","","","","","","","","","","","","","","","","","","","","","","","","","","","","",""
"61328002","LE PIN-AU-HARAS -INRAE",48.735833,0.128167,176,2002061004,0.,1,"","","","","","","","","","","","","","","","","","","","","","","","","","","","","","","","","","",10.4,1,"","","","","","","","","","","","","","","","","","","","","","","","","","","","",93,1,"","","","","","","","","","","","","","","","","","","","","","","","","","","","","","","","","","","","","","","","","","","","","","","","","","","","","","","","","","","","","","","","","","","","","","","","","","","","","","","","","","","","","","","","","","","","","","","","","","",0,1,"","","","","","","","","","","","","","","","","","","","","","","","","","","","","",""
"61328002","LE PIN-AU-HARAS -INRAE",48.735833,0.128167,176,2002061005,0.,1,"","","","","","","","","","","","","","","","","","","","","","","","","","","","","","","","","","",10.6,1,"","","","","","","","","","","","","","","","","","","","","","","","","","","","",91,1,"","","","","","","","","","","","","","","","","","","","","","","","","","","","","","","","","","","","","","","","","","","","","","","","","","","","","","","","","","","","","","","","","","","","","","","","","","","","","","","","","","","","","","","","","","","","","","","","","","",4,1,"","","","","","","","","","","","","","","","","","","","","","","","","","","","","",""
"61328002","LE PIN-AU-HARAS -INRAE",48.735833,0.128167,176,2002061006,0.,1,"","","","","","","","","","","","","","","","","","","","","","","","","","","","","","","","","","",11.1,1,"","","","","","","","","","","","","","","","","","","","","","","","","","","","",90,1,"","","","","","","","","","","","","","","","","","","","","","","","","","","","","","","","","","","","","","","","","","","","","","","","","","","","","","","","","","","","","","","","","","","","","","","","","","","","","","","","","","","","","","","","","","","","","","","","","","",22,1,"","","","","","","","","","","","","","","","","","","","","","","","","","","","","",""
"61328002","LE PIN-AU-HARAS -INRAE",48.735833,0.128167,176,2002061007,0.,1,"","","","","","","","","","","","","","","","","","","","","","","","","","","","","","","","","","",13.,1,"","","","","","","","","","","","","","","","","","","","","","","","","","","","",80,1,"","","","","","","","","","","","","","","","","","","","","","","","","","","","","","","","","","","","","","","","","","","","","","","","","","","","","","","","","","","","","","","","","","","","","","","","","","","","","","","","","","","","","","","","","","","","","","","","","","",84,1,"","","","","","","","","","","","","","","","","","","","","","","","","","","","","",""
"61328002","LE PIN-AU-HARAS -INRAE",48.735833,0.128167,176,2002061008,0.,1,"","","","","","","","","","","","","","","","","","","","","","","","","","","","","","","","","","",12.6,1,"","","","","","","","","","","","","","","","","","","","","","","","","","","","",77,1,"","","","","","","","","","","","","","","","","","","","","","","","","","","","","","","","","","","","","","","","","","","","","","","","","","","","","","","","","","","","","","","","","","","","","","","","","","","","","","","","","","","","","","","","","","","","","","","","","","",102,1,"","","","","","","","","","","","","","","","","","","","","","","","","","","","","",""
"61328002","LE PIN-AU-HARAS -INRAE",48.735833,0.128167,176,2002061009,0.,1,"","","","","","","","","","","","","","","","","","","","","","","","","","","","","","","","","","",14.6,1,"","","","","","","","","","","","","","","","","","","","","","","","","","","","",68,1,"","","","","","","","","","","","","","","","","","","","","","","","","","","","","","","","","","","","","","","","","","","","","","","","","","","","","","","","","","","","","","","","","","","","","","","","","","","","","","","","","","","","","","","","","","","","","","","","","","",166,1,"","","","","","","","","","","","","","","","","","","","","","","","","","","","","",""
"61328002","LE PIN-AU-HARAS -INRAE",48.735833,0.128167,176,2002061010,0.,1,"","","","","","","","","","","","","","","","","","","","","","","","","","","","","","","","","","",14.1,1,"","","","","","","","","","","","","","","","","","","","","","","","","","","","",65,1,"","","","","","","","","","","","","","","","","","","","","","","","","","","","","","","","","","","","","","","","","","","","","","","","","","","","","","","","","","","","","","","","","","","","","","","","","","","","","","","","","","","","","","","","","","","","","","","","","","",148,1,"","","","","","","","","","","","","","","","","","","","","","","","","","","","","",""
"61328002","LE PIN-AU-HARAS -INRAE",48.735833,0.128167,176,2002061011,0.,1,"","","","","","","","","","","","","","","","","","","","","","","","","","","","","","","","","","",14.9,1,"","","","","","","","","","","","","","","","","","","","","","","","","","","","",63,1,"","","","","","","","","","","","","","","","","","","","","","","","","","","","","","","","","","","","","","","","","","","","","","","","","","","","","","","","","","","","","","","","","","","","","","","","","","","","","","","","","","","","","","","","","","","","","","","","","","",204,1,"","","","","","","","","","","","","","","","","","","","","","","","","","","","","",""
"61328002","LE PIN-AU-HARAS -INRAE",48.735833,0.128167,176,2002061012,0.,1,"","","","","","","","","","","","","","","","","","","","","","","","","","","","","","","","","","",15.,1,"","","","","","","","","","","","","","","","","","","","","","","","","","","","",57,1,"","","","","","","","","","","","","","","","","","","","","","","","","","","","","","","","","","","","","","","","","","","","","","","","","","","","","","","","","","","","","","","","","","","","","","","","","","","","","","","","","","","","","","","","","","","","","","","","","","",206,1,"","","","","","","","","","","","","","","","","","","","","","","","","","","","","",""
"61328002","LE PIN-AU-HARAS -INRAE",48.735833,0.128167,176,2002061013,0.,1,"","","","","","","","","","","","","","","","","","","","","","","","","","","","","","","","","","",16.4,1,"","","","","","","","","","","","","","","","","","","","","","","","","","","","",54,1,"","","","","","","","","","","","","","","","","","","","","","","","","","","","","","","","","","","","","","","","","","","","","","","","","","","","","","","","","","","","","","","","","","","","","","","","","","","","","","","","","","","","","","","","","","","","","","","","","","",262,1,"","","","","","","","","","","","","","","","","","","","","","","","","","","","","",""
"61328002","LE PIN-AU-HARAS -INRAE",48.735833,0.128167,176,2002061014,0.,1,"","","","","","","","","","","","","","","","","","","","","","","","","","","","","","","","","","",16.6,1,"","","","","","","","","","","","","","","","","","","","","","","","","","","","",52,1,"","","","","","","","","","","","","","","","","","","","","","","","","","","","","","","","","","","","","","","","","","","","","","","","","","","","","","","","","","","","","","","","","","","","","","","","","","","","","","","","","","","","","","","","","","","","","","","","","","",212,1,"","","","","","","","","","","","","","","","","","","","","","","","","","","","","",""
"61328002","LE PIN-AU-HARAS -INRAE",48.735833,0.128167,176,2002061015,0.,1,"","","","","","","","","","","","","","","","","","","","","","","","","","","","","","","","","","",16.3,1,"","","","","","","","","","","","","","","","","","","","","","","","","","","","",57,1,"","","","","","","","","","","","","","","","","","","","","","","","","","","","","","","","","","","","","","","","","","","","","","","","","","","","","","","","","","","","","","","","","","","","","","","","","","","","","","","","","","","","","","","","","","","","","","","","","","",78,1,"","","","","","","","","","","","","","","","","","","","","","","","","","","","","",""
"61328002","LE PIN-AU-HARAS -INRAE",48.735833,0.128167,176,2002061016,0.,1,"","","","","","","","","","","","","","","","","","","","","","","","","","","","","","","","","","",13.3,1,"","","","","","","","","","","","","","","","","","","","","","","","","","","","",76,1,"","","","","","","","","","","","","","","","","","","","","","","","","","","","","","","","","","","","","","","","","","","","","","","","","","","","","","","","","","","","","","","","","","","","","","","","","","","","","","","","","","","","","","","","","","","","","","","","","","",52,1,"","","","","","","","","","","","","","","","","","","","","","","","","","","","","",""
"61328002","LE PIN-AU-HARAS -INRAE",48.735833,0.128167,176,2002061017,0.,1,"","","","","","","","","","","","","","","","","","","","","","","","","","","","","","","","","","",12.4,1,"","","","","","","","","","","","","","","","","","","","","","","","","","","","",89,1,"","","","","","","","","","","","","","","","","","","","","","","","","","","","","","","","","","","","","","","","","","","","","","","","","","","","","","","","","","","","","","","","","","","","","","","","","","","","","","","","","","","","","","","","","","","","","","","","","","",32,1,"","","","","","","","","","","","","","","","","","","","","","","","","","","","","",""
"61328002","LE PIN-AU-HARAS -INRAE",48.735833,0.128167,176,2002061018,0.,1,"","","","","","","","","","","","","","","","","","","","","","","","","","","","","","","","","","",12.3,1,"","","","","","","","","","","","","","","","","","","","","","","","","","","","",90,1,"","","","","","","","","","","","","","","","","","","","","","","","","","","","","","","","","","","","","","","","","","","","","","","","","","","","","","","","","","","","","","","","","","","","","","","","","","","","","","","","","","","","","","","","","","","","","","","","","","",20,1,"","","","","","","","","","","","","","","","","","","","","","","","","","","","","",""
"61328002","LE PIN-AU-HARAS -INRAE",48.735833,0.128167,176,2002061019,0.5,1,"","","","","","","","","","","","","","","","","","","","","","","","","","","","","","","","","","",12.6,1,"","","","","","","","","","","","","","","","","","","","","","","","","","","","",88,1,"","","","","","","","","","","","","","","","","","","","","","","","","","","","","","","","","","","","","","","","","","","","","","","","","","","","","","","","","","","","","","","","","","","","","","","","","","","","","","","","","","","","","","","","","","","","","","","","","","",30,1,"","","","","","","","","","","","","","","","","","","","","","","","","","","","","",""
"61328002","LE PIN-AU-HARAS -INRAE",48.735833,0.128167,176,2002061020,0.,1,"","","","","","","","","","","","","","","","","","","","","","","","","","","","","","","","","","",11.7,1,"","","","","","","","","","","","","","","","","","","","","","","","","","","","",89,1,"","","","","","","","","","","","","","","","","","","","","","","","","","","","","","","","","","","","","","","","","","","","","","","","","","","","","","","","","","","","","","","","","","","","","","","","","","","","","","","","","","","","","","","","","","","","","","","","","","",8,1,"","","","","","","","","","","","","","","","","","","","","","","","","","","","","",""
"61328002","LE PIN-AU-HARAS -INRAE",48.735833,0.128167,176,2002061021,0.,1,"","","","","","","","","","","","","","","","","","","","","","","","","","","","","","","","","","",11.3,1,"","","","","","","","","","","","","","","","","","","","","","","","","","","","",90,1,"","","","","","","","","","","","","","","","","","","","","","","","","","","","","","","","","","","","","","","","","","","","","","","","","","","","","","","","","","","","","","","","","","","","","","","","","","","","","","","","","","","","","","","","","","","","","","","","","","",0,1,"","","","","","","","","","","","","","","","","","","","","","","","","","","","","",""
"61328002","LE PIN-AU-HARAS -INRAE",48.735833,0.128167,176,2002061022,0.,1,"","","","","","","","","","","","","","","","","","","","","","","","","","","","","","","","","","",10.9,1,"","","","","","","","","","","","","","","","","","","","","","","","","","","","",93,1,"","","","","","","","","","","","","","","","","","","","","","","","","","","","","","","","","","","","","","","","","","","","","","","","","","","","","","","","","","","","","","","","","","","","","","","","","","","","","","","","","","","","","","","","","","","","","","","","","","",0,1,"","","","","","","","","","","","","","","","","","","","","","","","","","","","","",""
"61328002","LE PIN-AU-HARAS -INRAE",48.735833,0.128167,176,2002061023,0.5,1,"","","","","","","","","","","","","","","","","","","","","","","","","","","","","","","","","","",10.9,1,"","","","","","","","","","","","","","","","","","","","","","","","","","","","",97,1,"","","","","","","","","","","","","","","","","","","","","","","","","","","","","","","","","","","","","","","","","","","","","","","","","","","","","","","","","","","","","","","","","","","","","","","","","","","","","","","","","","","","","","","","","","","","","","","","","","",0,1,"","","","","","","","","","","","","","","","","","","","","","","","","","","","","",""
"61328002","LE PIN-AU-HARAS -INRAE",48.735833,0.128167,176,2002061100,0.,1,"","","","","","","","","","","","","","","","","","","","","","","","","","","","","","","","","","",11.3,1,"","","","","","","","","","","","","","","","","","","","","","","","","","","","",96,1,"","","","","","","","","","","","","","","","","","","","","","","","","","","","","","","","","","","","","","","","","","","","","","","","","","","","","","","","","","","","","","","","","","","","","","","","","","","","","","","","","","","","","","","","","","","","","","","","","","",0,1,"","","","","","","","","","","","","","","","","","","","","","","","","","","","","",""
"61328002","LE PIN-AU-HARAS -INRAE",48.735833,0.128167,176,2002061101,0.,1,"","","","","","","","","","","","","","","","","","","","","","","","","","","","","","","","","","",11.7,1,"","","","","","","","","","","","","","","","","","","","","","","","","","","","",96,1,"","","","","","","","","","","","","","","","","","","","","","","","","","","","","","","","","","","","","","","","","","","","","","","","","","","","","","","","","","","","","","","","","","","","","","","","","","","","","","","","","","","","","","","","","","","","","","","","","","",0,1,"","","","","","","","","","","","","","","","","","","","","","","","","","","","","",""
"61328002","LE PIN-AU-HARAS -INRAE",48.735833,0.128167,176,2002061102,0.,1,"","","","","","","","","","","","","","","","","","","","","","","","","","","","","","","","","","",12.,1,"","","","","","","","","","","","","","","","","","","","","","","","","","","","",95,1,"","","","","","","","","","","","","","","","","","","","","","","","","","","","","","","","","","","","","","","","","","","","","","","","","","","","","","","","","","","","","","","","","","","","","","","","","","","","","","","","","","","","","","","","","","","","","","","","","","",0,1,"","","","","","","","","","","","","","","","","","","","","","","","","","","","","",""
"61328002","LE PIN-AU-HARAS -INRAE",48.735833,0.128167,176,2002061103,0.,1,"","","","","","","","","","","","","","","","","","","","","","","","","","","","","","","","","","",12.4,1,"","","","","","","","","","","","","","","","","","","","","","","","","","","","",96,1,"","","","","","","","","","","","","","","","","","","","","","","","","","","","","","","","","","","","","","","","","","","","","","","","","","","","","","","","","","","","","","","","","","","","","","","","","","","","","","","","","","","","","","","","","","","","","","","","","","",0,1,"","","","","","","","","","","","","","","","","","","","","","","","","","","","","",""
"61328002","LE PIN-AU-HARAS -INRAE",48.735833,0.128167,176,2002061104,0.,1,"","","","","","","","","","","","","","","","","","","","","","","","","","","","","","","","","","",12.6,1,"","","","","","","","","","","","","","","","","","","","","","","","","","","","",93,1,"","","","","","","","","","","","","","","","","","","","","","","","","","","","","","","","","","","","","","","","","","","","","","","","","","","","","","","","","","","","","","","","","","","","","","","","","","","","","","","","","","","","","","","","","","","","","","","","","","",0,1,"","","","","","","","","","","","","","","","","","","","","","","","","","","","","",""
"61328002","LE PIN-AU-HARAS -INRAE",48.735833,0.128167,176,2002061105,0.,1,"","","","","","","","","","","","","","","","","","","","","","","","","","","","","","","","","","",12.3,1,"","","","","","","","","","","","","","","","","","","","","","","","","","","","",91,1,"","","","","","","","","","","","","","","","","","","","","","","","","","","","","","","","","","","","","","","","","","","","","","","","","","","","","","","","","","","","","","","","","","","","","","","","","","","","","","","","","","","","","","","","","","","","","","","","","","",6,1,"","","","","","","","","","","","","","","","","","","","","","","","","","","","","",""
"61328002","LE PIN-AU-HARAS -INRAE",48.735833,0.128167,176,2002061106,0.,1,"","","","","","","","","","","","","","","","","","","","","","","","","","","","","","","","","","",12.4,1,"","","","","","","","","","","","","","","","","","","","","","","","","","","","",89,1,"","","","","","","","","","","","","","","","","","","","","","","","","","","","","","","","","","","","","","","","","","","","","","","","","","","","","","","","","","","","","","","","","","","","","","","","","","","","","","","","","","","","","","","","","","","","","","","","","","",24,1,"","","","","","","","","","","","","","","","","","","","","","","","","","","","","",""
"61328002","LE PIN-AU-HARAS -INRAE",48.735833,0.128167,176,2002061107,0.,1,"","","","","","","","","","","","","","","","","","","","","","","","","","","","","","","","","","",14.1,1,"","","","","","","","","","","","","","","","","","","","","","","","","","","","",79,1,"","","","","","","","","","","","","","","","","","","","","","","","","","","","","","","","","","","","","","","","","","","","","","","","","","","","","","","","","","","","","","","","","","","","","","","","","","","","","","","","","","","","","","","","","","","","","","","","","","",86,1,"","","","","","","","","","","","","","","","","","","","","","","","","","","","","",""
"61328002","LE PIN-AU-HARAS -INRAE",48.735833,0.128167,176,2002061108,0.,1,"","","","","","","","","","","","","","","","","","","","","","","","","","","","","","","","","","",13.6,1,"","","","","","","","","","","","","","","","","","","","","","","","","","","","",73,1,"","","","","","","","","","","","","","","","","","","","","","","","","","","","","","","","","","","","","","","","","","","","","","","","","","","","","","","","","","","","","","","","","","","","","","","","","","","","","","","","","","","","","","","","","","","","","","","","","","",142,1,"","","","","","","","","","","","","","","","","","","","","","","","","","","","","",""
"61328002","LE PIN-AU-HARAS -INRAE",48.735833,0.128167,176,2002061109,0.,1,"","","","","","","","","","","","","","","","","","","","","","","","","","","","","","","","","","",14.4,1,"","","","","","","","","","","","","","","","","","","","","","","","","","","","",68,1,"","","","","","","","","","","","","","","","","","","","","","","","","","","","","","","","","","","","","","","","","","","","","","","","","","","","","","","","","","","","","","","","","","","","","","","","","","","","","","","","","","","","","","","","","","","","","","","","","","",184,1,"","","","","","","","","","","","","","","","","","","","","","","","","","","","","",""
"61328002","LE PIN-AU-HARAS -INRAE",48.735833,0.128167,176,2002061110,0.,1,"","","","","","","","","","","","","","","","","","","","","","","","","","","","","","","","","","",16.1,1,"","","","","","","","","","","","","","","","","","","","","","","","","","","","",57,1,"","","","","","","","","","","","","","","","","","","","","","","","","","","","","","","","","","","","","","","","","","","","","","","","","","","","","","","","","","","","","","","","","","","","","","","","","","","","","","","","","","","","","","","","","","","","","","","","","","",250,1,"","","","","","","","","","","","","","","","","","","","","","","","","","","","","",""
"61328002","LE PIN-AU-HARAS -INRAE",48.735833,0.128167,176,2002061111,0.,1,"","","","","","","","","","","","","","","","","","","","","","","","","","","","","","","","","","",16.5,1,"","","","","","","","","","","","","","","","","","","","","","","","","","","","",54,1,"","","","","","","","","","","","","","","","","","","","","","","","","","","","","","","","","","","","","","","","","","","","","","","","","","","","","","","","","","","","","","","","","","","","","","","","","","","","","","","","","","","","","","","","","","","","","","","","","","",276,1,"","","","","","","","","","","","","","","","","","","","","","","","","","","","","",""
"61328002","LE PIN-AU-HARAS -INRAE",48.735833,0.128167,176,2002061112,0.,1,"","","","","","","","","","","","","","","","","","","","","","","","","","","","","","","","","","",15.9,1,"","","","","","","","","","","","","","","","","","","","","","","","","","","","",52,1,"","","","","","","","","","","","","","","","","","","","","","","","","","","","","","","","","","","","","","","","","","","","","","","","","","","","","","","","","","","","","","","","","","","","","","","","","","","","","","","","","","","","","","","","","","","","","","","","","","",250,1,"","","","","","","","","","","","","","","","","","","","","","","","","","","","","",""
"61328002","LE PIN-AU-HARAS -INRAE",48.735833,0.128167,176,2002061113,0.,1,"","","","","","","","","","","","","","","","","","","","","","","","","","","","","","","","","","",15.9,1,"","","","","","","","","","","","","","","","","","","","","","","","","","","","",64,1,"","","","","","","","","","","","","","","","","","","","","","","","","","","","","","","","","","","","","","","","","","","","","","","","","","","","","","","","","","","","","","","","","","","","","","","","","","","","","","","","","","","","","","","","","","","","","","","","","","",182,1,"","","","","","","","","","","","","","","","","","","","","","","","","","","","","",""
"61328002","LE PIN-AU-HARAS -INRAE",48.735833,0.128167,176,2002061114,0.,1,"","","","","","","","","","","","","","","","","","","","","","","","","","","","","","","","","","",16.3,1,"","","","","","","","","","","","","","","","","","","","","","","","","","","","",64,1,"","","","","","","","","","","","","","","","","","","","","","","","","","","","","","","","","","","","","","","","","","","","","","","","","","","","","","","","","","","","","","","","","","","","","","","","","","","","","","","","","","","","","","","","","","","","","","","","","","",110,1,"","","","","","","","","","","","","","","","","","","","","","","","","","","","","",""
"61328002","LE PIN-AU-HARAS -INRAE",48.735833,0.128167,176,2002061115,0.,1,"","","","","","","","","","","","","","","","","","","","","","","","","","","","","","","","","","",14.9,1,"","","","","","","","","","","","","","","","","","","","","","","","","","","","",76,1,"","","","","","","","","","","","","","","","","","","","","","","","","","","","","","","","","","","","","","","","","","","","","","","","","","","","","","","","","","","","","","","","","","","","","","","","","","","","","","","","","","","","","","","","","","","","","","","","","","",96,1,"","","","","","","","","","","","","","","","","","","","","","","","","","","","","",""
"61328002","LE PIN-AU-HARAS -INRAE",48.735833,0.128167,176,2002061116,0.,1,"","","","","","","","","","","","","","","","","","","","","","","","","","","","","","","","","","",13.5,1,"","","","","","","","","","","","","","","","","","","","","","","","","","","","",86,1,"","","","","","","","","","","","","","","","","","","","","","","","","","","","","","","","","","","","","","","","","","","","","","","","","","","","","","","","","","","","","","","","","","","","","","","","","","","","","","","","","","","","","","","","","","","","","","","","","","",48,1,"","","","","","","","","","","","","","","","","","","","","","","","","","","","","",""
"61328002","LE PIN-AU-HARAS -INRAE",48.735833,0.128167,176,2002061117,0.5,1,"","","","","","","","","","","","","","","","","","","","","","","","","","","","","","","","","","",13.6,1,"","","","","","","","","","","","","","","","","","","","","","","","","","","","",95,1,"","","","","","","","","","","","","","","","","","","","","","","","","","","","","","","","","","","","","","","","","","","","","","","","","","","","","","","","","","","","","","","","","","","","","","","","","","","","","","","","","","","","","","","","","","","","","","","","","","",26,1,"","","","","","","","","","","","","","","","","","","","","","","","","","","","","",""
"61328002","LE PIN-AU-HARAS -INRAE",48.735833,0.128167,176,2002061118,0.,1,"","","","","","","","","","","","","","","","","","","","","","","","","","","","","","","","","","",14.,1,"","","","","","","","","","","","","","","","","","","","","","","","","","","","",95,1,"","","","","","","","","","","","","","","","","","","","","","","","","","","","","","","","","","","","","","","","","","","","","","","","","","","","","","","","","","","","","","","","","","","","","","","","","","","","","","","","","","","","","","","","","","","","","","","","","","",20,1,"","","","","","","","","","","","","","","","","","","","","","","","","","","","","",""
"61328002","LE PIN-AU-HARAS -INRAE",48.735833,0.128167,176,2002061119,0.,1,"","","","","","","","","","","","","","","","","","","","","","","","","","","","","","","","","","",14.3,1,"","","","","","","","","","","","","","","","","","","","","","","","","","","","",97,1,"","","","","","","","","","","","","","","","","","","","","","","","","","","","","","","","","","","","","","","","","","","","","","","","","","","","","","","","","","","","","","","","","","","","","","","","","","","","","","","","","","","","","","","","","","","","","","","","","","",10,1,"","","","","","","","","","","","","","","","","","","","","","","","","","","","","",""
"61328002","LE PIN-AU-HARAS -INRAE",48.735833,0.128167,176,2002061120,0.,1,"","","","","","","","","","","","","","","","","","","","","","","","","","","","","","","","","","",14.9,1,"","","","","","","","","","","","","","","","","","","","","","","","","","","","",91,1,"","","","","","","","","","","","","","","","","","","","","","","","","","","","","","","","","","","","","","","","","","","","","","","","","","","","","","","","","","","","","","","","","","","","","","","","","","","","","","","","","","","","","","","","","","","","","","","","","","",6,1,"","","","","","","","","","","","","","","","","","","","","","","","","","","","","",""
"61328002","LE PIN-AU-HARAS -INRAE",48.735833,0.128167,176,2002061121,0.,1,"","","","","","","","","","","","","","","","","","","","","","","","","","","","","","","","","","",14.5,1,"","","","","","","","","","","","","","","","","","","","","","","","","","","","",92,1,"","","","","","","","","","","","","","","","","","","","","","","","","","","","","","","","","","","","","","","","","","","","","","","","","","","","","","","","","","","","","","","","","","","","","","","","","","","","","","","","","","","","","","","","","","","","","","","","","","",0,1,"","","","","","","","","","","","","","","","","","","","","","","","","","","","","",""
"61328002","LE PIN-AU-HARAS -INRAE",48.735833,0.128167,176,2002061122,0.,1,"","","","","","","","","","","","","","","","","","","","","","","","","","","","","","","","","","",14.4,1,"","","","","","","","","","","","","","","","","","","","","","","","","","","","",88,1,"","","","","","","","","","","","","","","","","","","","","","","","","","","","","","","","","","","","","","","","","","","","","","","","","","","","","","","","","","","","","","","","","","","","","","","","","","","","","","","","","","","","","","","","","","","","","","","","","","",0,1,"","","","","","","","","","","","","","","","","","","","","","","","","","","","","",""
"61328002","LE PIN-AU-HARAS -INRAE",48.735833,0.128167,176,2002061123,0.,1,"","","","","","","","","","","","","","","","","","","","","","","","","","","","","","","","","","",14.1,1,"","","","","","","","","","","","","","","","","","","","","","","","","","","","",87,1,"","","","","","","","","","","","","","","","","","","","","","","","","","","","","","","","","","","","","","","","","","","","","","","","","","","","","","","","","","","","","","","","","","","","","","","","","","","","","","","","","","","","","","","","","","","","","","","","","","",0,1,"","","","","","","","","","","","","","","","","","","","","","","","","","","","","",""
"61328002","LE PIN-AU-HARAS -INRAE",48.735833,0.128167,176,2002061200,0.,1,"","","","","","","","","","","","","","","","","","","","","","","","","","","","","","","","","","",13.7,1,"","","","","","","","","","","","","","","","","","","","","","","","","","","","",89,1,"","","","","","","","","","","","","","","","","","","","","","","","","","","","","","","","","","","","","","","","","","","","","","","","","","","","","","","","","","","","","","","","","","","","","","","","","","","","","","","","","","","","","","","","","","","","","","","","","","",0,1,"","","","","","","","","","","","","","","","","","","","","","","","","","","","","",""
"61328002","LE PIN-AU-HARAS -INRAE",48.735833,0.128167,176,2002061201,0.,1,"","","","","","","","","","","","","","","","","","","","","","","","","","","","","","","","","","",14.1,1,"","","","","","","","","","","","","","","","","","","","","","","","","","","","",89,1,"","","","","","","","","","","","","","","","","","","","","","","","","","","","","","","","","","","","","","","","","","","","","","","","","","","","","","","","","","","","","","","","","","","","","","","","","","","","","","","","","","","","","","","","","","","","","","","","","","",0,1,"","","","","","","","","","","","","","","","","","","","","","","","","","","","","",""
"61328002","LE PIN-AU-HARAS -INRAE",48.735833,0.128167,176,2002061202,0.,1,"","","","","","","","","","","","","","","","","","","","","","","","","","","","","","","","","","",13.6,1,"","","","","","","","","","","","","","","","","","","","","","","","","","","","",93,1,"","","","","","","","","","","","","","","","","","","","","","","","","","","","","","","","","","","","","","","","","","","","","","","","","","","","","","","","","","","","","","","","","","","","","","","","","","","","","","","","","","","","","","","","","","","","","","","","","","",0,1,"","","","","","","","","","","","","","","","","","","","","","","","","","","","","",""
"61328002","LE PIN-AU-HARAS -INRAE",48.735833,0.128167,176,2002061203,0.,1,"","","","","","","","","","","","","","","","","","","","","","","","","","","","","","","","","","",13.7,1,"","","","","","","","","","","","","","","","","","","","","","","","","","","","",96,1,"","","","","","","","","","","","","","","","","","","","","","","","","","","","","","","","","","","","","","","","","","","","","","","","","","","","","","","","","","","","","","","","","","","","","","","","","","","","","","","","","","","","","","","","","","","","","","","","","","",0,1,"","","","","","","","","","","","","","","","","","","","","","","","","","","","","",""
"61328002","LE PIN-AU-HARAS -INRAE",48.735833,0.128167,176,2002061204,0.,1,"","","","","","","","","","","","","","","","","","","","","","","","","","","","","","","","","","",13.5,1,"","","","","","","","","","","","","","","","","","","","","","","","","","","","",96,1,"","","","","","","","","","","","","","","","","","","","","","","","","","","","","","","","","","","","","","","","","","","","","","","","","","","","","","","","","","","","","","","","","","","","","","","","","","","","","","","","","","","","","","","","","","","","","","","","","","",0,1,"","","","","","","","","","","","","","","","","","","","","","","","","","","","","",""
"61328002","LE PIN-AU-HARAS -INRAE",48.735833,0.128167,176,2002061205,0.,1,"","","","","","","","","","","","","","","","","","","","","","","","","","","","","","","","","","",13.8,1,"","","","","","","","","","","","","","","","","","","","","","","","","","","","",94,1,"","","","","","","","","","","","","","","","","","","","","","","","","","","","","","","","","","","","","","","","","","","","","","","","","","","","","","","","","","","","","","","","","","","","","","","","","","","","","","","","","","","","","","","","","","","","","","","","","","",4,1,"","","","","","","","","","","","","","","","","","","","","","","","","","","","","",""
"61328002","LE PIN-AU-HARAS -INRAE",48.735833,0.128167,176,2002061206,0.,1,"","","","","","","","","","","","","","","","","","","","","","","","","","","","","","","","","","",14.4,1,"","","","","","","","","","","","","","","","","","","","","","","","","","","","",94,1,"","","","","","","","","","","","","","","","","","","","","","","","","","","","","","","","","","","","","","","","","","","","","","","","","","","","","","","","","","","","","","","","","","","","","","","","","","","","","","","","","","","","","","","","","","","","","","","","","","",22,1,"","","","","","","","","","","","","","","","","","","","","","","","","","","","","",""
"61328002","LE PIN-AU-HARAS -INRAE",48.735833,0.128167,176,2002061207,0.,1,"","","","","","","","","","","","","","","","","","","","","","","","","","","","","","","","","","",14.6,1,"","","","","","","","","","","","","","","","","","","","","","","","","","","","",90,1,"","","","","","","","","","","","","","","","","","","","","","","","","","","","","","","","","","","","","","","","","","","","","","","","","","","","","","","","","","","","","","","","","","","","","","","","","","","","","","","","","","","","","","","","","","","","","","","","","","",34,1,"","","","","","","","","","","","","","","","","","","","","","","","","","","","","",""
"61328002","LE PIN-AU-HARAS -INRAE",48.735833,0.128167,176,2002061208,0.,1,"","","","","","","","","","","","","","","","","","","","","","","","","","","","","","","","","","",15.4,1,"","","","","","","","","","","","","","","","","","","","","","","","","","","","",87,1,"","","","","","","","","","","","","","","","","","","","","","","","","","","","","","","","","","","","","","","","","","","","","","","","","","","","","","","","","","","","","","","","","","","","","","","","","","","","","","","","","","","","","","","","","","","","","","","","","","",52,1,"","","","","","","","","","","","","","","","","","","","","","","","","","","","","",""
"61328002","LE PIN-AU-HARAS -INRAE",48.735833,0.128167,176,2002061209,0.,1,"","","","","","","","","","","","","","","","","","","","","","","","","","","","","","","","","","",15.5,1,"","","","","","","","","","","","","","","","","","","","","","","","","","","","",89,1,"","","","","","","","","","","","","","","","","","","","","","","","","","","","","","","","","","","","","","","","","","","","","","","","","","","","","","","","","","","","","","","","","","","","","","","","","","","","","","","","","","","","","","","","","","","","","","","","","","",64,1,"","","","","","","","","","","","","","","","","","","","","","","","","","","","","",""
"61328002","LE PIN-AU-HARAS -INRAE",48.735833,0.128167,176,2002061210,0.,1,"","","","","","","","","","","","","","","","","","","","","","","","","","","","","","","","","","",16.2,1,"","","","","","","","","","","","","","","","","","","","","","","","","","","","",88,1,"","","","","","","","","","","","","","","","","","","","","","","","","","","","","","","","","","","","","","","","","","","","","","","","","","","","","","","","","","","","","","","","","","","","","","","","","","","","","","","","","","","","","","","","","","","","","","","","","","",70,1,"","","","","","","","","","","","","","","","","","","","","","","","","","","","","",""
"61328002","LE PIN-AU-HARAS -INRAE",48.735833,0.128167,176,2002061211,0.,1,"","","","","","","","","","","","","","","","","","","","","","","","","","","","","","","","","","",16.4,1,"","","","","","","","","","","","","","","","","","","","","","","","","","","","",91,1,"","","","","","","","","","","","","","","","","","","","","","","","","","","","","","","","","","","","","","","","","","","","","","","","","","","","","","","","","","","","","","","","","","","","","","","","","","","","","","","","","","","","","","","","","","","","","","","","","","",90,1,"","","","","","","","","","","","","","","","","","","","","","","","","","","","","",""
"61328002","LE PIN-AU-HARAS -INRAE",48.735833,0.128167,176,2002061212,0.,1,"","","","","","","","","","","","","","","","","","","","","","","","","","","","","","","","","","",18.,1,"","","","","","","","","","","","","","","","","","","","","","","","","","","","",81,1,"","","","","","","","","","","","","","","","","","","","","","","","","","","","","","","","","","","","","","","","","","","","","","","","","","","","","","","","","","","","","","","","","","","","","","","","","","","","","","","","","","","","","","","","","","","","","","","","","","",156,1,"","","","","","","","","","","","","","","","","","","","","","","","","","","","","",""
"61328002","LE PIN-AU-HARAS -INRAE",48.735833,0.128167,176,2002061213,0.,1,"","","","","","","","","","","","","","","","","","","","","","","","","","","","","","","","","","",18.2,1,"","","","","","","","","","","","","","","","","","","","","","","","","","","","",80,1,"","","","","","","","","","","","","","","","","","","","","","","","","","","","","","","","","","","","","","","","","","","","","","","","","","","","","","","","","","","","","","","","","","","","","","","","","","","","","","","","","","","","","","","","","","","","","","","","","","",128,1,"","","","","","","","","","","","","","","","","","","","","","","","","","","","","",""
"61328002","LE PIN-AU-HARAS -INRAE",48.735833,0.128167,176,2002061214,0.,1,"","","","","","","","","","","","","","","","","","","","","","","","","","","","","","","","","","",19.9,1,"","","","","","","","","","","","","","","","","","","","","","","","","","","","",70,1,"","","","","","","","","","","","","","","","","","","","","","","","","","","","","","","","","","","","","","","","","","","","","","","","","","","","","","","","","","","","","","","","","","","","","","","","","","","","","","","","","","","","","","","","","","","","","","","","","","",232,1,"","","","","","","","","","","","","","","","","","","","","","","","","","","","","",""
"61328002","LE PIN-AU-HARAS -INRAE",48.735833,0.128167,176,2002061215,0.,1,"","","","","","","","","","","","","","","","","","","","","","","","","","","","","","","","","","",19.8,1,"","","","","","","","","","","","","","","","","","","","","","","","","","","","",64,1,"","","","","","","","","","","","","","","","","","","","","","","","","","","","","","","","","","","","","","","","","","","","","","","","","","","","","","","","","","","","","","","","","","","","","","","","","","","","","","","","","","","","","","","","","","","","","","","","","","",216,1,"","","","","","","","","","","","","","","","","","","","","","","","","","","","","",""
"61328002","LE PIN-AU-HARAS -INRAE",48.735833,0.128167,176,2002061216,0.,1,"","","","","","","","","","","","","","","","","","","","","","","","","","","","","","","","","","",20.2,1,"","","","","","","","","","","","","","","","","","","","","","","","","","","","",64,1,"","","","","","","","","","","","","","","","","","","","","","","","","","","","","","","","","","","","","","","","","","","","","","","","","","","","","","","","","","","","","","","","","","","","","","","","","","","","","","","","","","","","","","","","","","","","","","","","","","",216,1,"","","","","","","","","","","","","","","","","","","","","","","","","","","","","",""
"61328002","LE PIN-AU-HARAS -INRAE",48.735833,0.128167,176,2002061217,0.,1,"","","","","","","","","","","","","","","","","","","","","","","","","","","","","","","","","","",20.,1,"","","","","","","","","","","","","","","","","","","","","","","","","","","","",67,1,"","","","","","","","","","","","","","","","","","","","","","","","","","","","","","","","","","","","","","","","","","","","","","","","","","","","","","","","","","","","","","","","","","","","","","","","","","","","","","","","","","","","","","","","","","","","","","","","","","",130,1,"","","","","","","","","","","","","","","","","","","","","","","","","","","","","",""
"61328002","LE PIN-AU-HARAS -INRAE",48.735833,0.128167,176,2002061218,0.,1,"","","","","","","","","","","","","","","","","","","","","","","","","","","","","","","","","","",18.5,1,"","","","","","","","","","","","","","","","","","","","","","","","","","","","",66,1,"","","","","","","","","","","","","","","","","","","","","","","","","","","","","","","","","","","","","","","","","","","","","","","","","","","","","","","","","","","","","","","","","","","","","","","","","","","","","","","","","","","","","","","","","","","","","","","","","","",88,1,"","","","","","","","","","","","","","","","","","","","","","","","","","","","","",""
"61328002","LE PIN-AU-HARAS -INRAE",48.735833,0.128167,176,2002061219,0.,1,"","","","","","","","","","","","","","","","","","","","","","","","","","","","","","","","","","",17.7,1,"","","","","","","","","","","","","","","","","","","","","","","","","","","","",70,1,"","","","","","","","","","","","","","","","","","","","","","","","","","","","","","","","","","","","","","","","","","","","","","","","","","","","","","","","","","","","","","","","","","","","","","","","","","","","","","","","","","","","","","","","","","","","","","","","","","",34,1,"","","","","","","","","","","","","","","","","","","","","","","","","","","","","",""
"61328002","LE PIN-AU-HARAS -INRAE",48.735833,0.128167,176,2002061220,0.,1,"","","","","","","","","","","","","","","","","","","","","","","","","","","","","","","","","","",16.2,1,"","","","","","","","","","","","","","","","","","","","","","","","","","","","",73,1,"","","","","","","","","","","","","","","","","","","","","","","","","","","","","","","","","","","","","","","","","","","","","","","","","","","","","","","","","","","","","","","","","","","","","","","","","","","","","","","","","","","","","","","","","","","","","","","","","","",14,1,"","","","","","","","","","","","","","","","","","","","","","","","","","","","","",""
"61328002","LE PIN-AU-HARAS -INRAE",48.735833,0.128167,176,2002061221,0.,1,"","","","","","","","","","","","","","","","","","","","","","","","","","","","","","","","","","",16.,1,"","","","","","","","","","","","","","","","","","","","","","","","","","","","",75,1,"","","","","","","","","","","","","","","","","","","","","","","","","","","","","","","","","","","","","","","","","","","","","","","","","","","","","","","","","","","","","","","","","","","","","","","","","","","","","","","","","","","","","","","","","","","","","","","","","","",0,1,"","","","","","","","","","","","","","","","","","","","","","","","","","","","","",""
"61328002","LE PIN-AU-HARAS -INRAE",48.735833,0.128167,176,2002061222,0.,1,"","","","","","","","","","","","","","","","","","","","","","","","","","","","","","","","","","",14.6,1,"","","","","","","","","","","","","","","","","","","","","","","","","","","","",79,1,"","","","","","","","","","","","","","","","","","","","","","","","","","","","","","","","","","","","","","","","","","","","","","","","","","","","","","","","","","","","","","","","","","","","","","","","","","","","","","","","","","","","","","","","","","","","","","","","","","",0,1,"","","","","","","","","","","","","","","","","","","","","","","","","","","","","",""
"61328002","LE PIN-AU-HARAS -INRAE",48.735833,0.128167,176,2002061223,0.,1,"","","","","","","","","","","","","","","","","","","","","","","","","","","","","","","","","","",13.4,1,"","","","","","","","","","","","","","","","","","","","","","","","","","","","",85,1,"","","","","","","","","","","","","","","","","","","","","","","","","","","","","","","","","","","","","","","","","","","","","","","","","","","","","","","","","","","","","","","","","","","","","","","","","","","","","","","","","","","","","","","","","","","","","","","","","","",0,1,"","","","","","","","","","","","","","","","","","","","","","","","","","","","","",""
"61328002","LE PIN-AU-HARAS -INRAE",48.735833,0.128167,176,2002061300,0.,1,"","","","","","","","","","","","","","","","","","","","","","","","","","","","","","","","","","",13.7,1,"","","","","","","","","","","","","","","","","","","","","","","","","","","","",85,1,"","","","","","","","","","","","","","","","","","","","","","","","","","","","","","","","","","","","","","","","","","","","","","","","","","","","","","","","","","","","","","","","","","","","","","","","","","","","","","","","","","","","","","","","","","","","","","","","","","",0,1,"","","","","","","","","","","","","","","","","","","","","","","","","","","","","",""
"61328002","LE PIN-AU-HARAS -INRAE",48.735833,0.128167,176,2002061301,0.,1,"","","","","","","","","","","","","","","","","","","","","","","","","","","","","","","","","","",14.,1,"","","","","","","","","","","","","","","","","","","","","","","","","","","","",82,1,"","","","","","","","","","","","","","","","","","","","","","","","","","","","","","","","","","","","","","","","","","","","","","","","","","","","","","","","","","","","","","","","","","","","","","","","","","","","","","","","","","","","","","","","","","","","","","","","","","",0,1,"","","","","","","","","","","","","","","","","","","","","","","","","","","","","",""
"61328002","LE PIN-AU-HARAS -INRAE",48.735833,0.128167,176,2002061302,0.,1,"","","","","","","","","","","","","","","","","","","","","","","","","","","","","","","","","","",13.8,1,"","","","","","","","","","","","","","","","","","","","","","","","","","","","",88,1,"","","","","","","","","","","","","","","","","","","","","","","","","","","","","","","","","","","","","","","","","","","","","","","","","","","","","","","","","","","","","","","","","","","","","","","","","","","","","","","","","","","","","","","","","","","","","","","","","","",0,1,"","","","","","","","","","","","","","","","","","","","","","","","","","","","","",""
"61328002","LE PIN-AU-HARAS -INRAE",48.735833,0.128167,176,2002061303,0.,1,"","","","","","","","","","","","","","","","","","","","","","","","","","","","","","","","","","",13.5,1,"","","","","","","","","","","","","","","","","","","","","","","","","","","","",92,1,"","","","","","","","","","","","","","","","","","","","","","","","","","","","","","","","","","","","","","","","","","","","","","","","","","","","","","","","","","","","","","","","","","","","","","","","","","","","","","","","","","","","","","","","","","","","","","","","","","",0,1,"","","","","","","","","","","","","","","","","","","","","","","","","","","","","",""
"61328002","LE PIN-AU-HARAS -INRAE",48.735833,0.128167,176,2002061304,0.,1,"","","","","","","","","","","","","","","","","","","","","","","","","","","","","","","","","","",13.6,1,"","","","","","","","","","","","","","","","","","","","","","","","","","","","",93,1,"","","","","","","","","","","","","","","","","","","","","","","","","","","","","","","","","","","","","","","","","","","","","","","","","","","","","","","","","","","","","","","","","","","","","","","","","","","","","","","","","","","","","","","","","","","","","","","","","","",0,1,"","","","","","","","","","","","","","","","","","","","","","","","","","","","","",""
"61328002","LE PIN-AU-HARAS -INRAE",48.735833,0.128167,176,2002061305,0.,1,"","","","","","","","","","","","","","","","","","","","","","","","","","","","","","","","","","",14.,1,"","","","","","","","","","","","","","","","","","","","","","","","","","","","",93,1,"","","","","","","","","","","","","","","","","","","","","","","","","","","","","","","","","","","","","","","","","","","","","","","","","","","","","","","","","","","","","","","","","","","","","","","","","","","","","","","","","","","","","","","","","","","","","","","","","","",2,1,"","","","","","","","","","","","","","","","","","","","","","","","","","","","","",""
"61328002","LE PIN-AU-HARAS -INRAE",48.735833,0.128167,176,2002061306,0.,1,"","","","","","","","","","","","","","","","","","","","","","","","","","","","","","","","","","",14.6,1,"","","","","","","","","","","","","","","","","","","","","","","","","","","","",93,1,"","","","","","","","","","","","","","","","","","","","","","","","","","","","","","","","","","","","","","","","","","","","","","","","","","","","","","","","","","","","","","","","","","","","","","","","","","","","","","","","","","","","","","","","","","","","","","","","","","",10,1,"","","","","","","","","","","","","","","","","","","","","","","","","","","","","",""
"61328002","LE PIN-AU-HARAS -INRAE",48.735833,0.128167,176,2002061307,0.,1,"","","","","","","","","","","","","","","","","","","","","","","","","","","","","","","","","","",14.9,1,"","","","","","","","","","","","","","","","","","","","","","","","","","","","",91,1,"","","","","","","","","","","","","","","","","","","","","","","","","","","","","","","","","","","","","","","","","","","","","","","","","","","","","","","","","","","","","","","","","","","","","","","","","","","","","","","","","","","","","","","","","","","","","","","","","","",30,1,"","","","","","","","","","","","","","","","","","","","","","","","","","","","","",""
"61328002","LE PIN-AU-HARAS -INRAE",48.735833,0.128167,176,2002061308,0.,1,"","","","","","","","","","","","","","","","","","","","","","","","","","","","","","","","","","",16.1,1,"","","","","","","","","","","","","","","","","","","","","","","","","","","","",84,1,"","","","","","","","","","","","","","","","","","","","","","","","","","","","","","","","","","","","","","","","","","","","","","","","","","","","","","","","","","","","","","","","","","","","","","","","","","","","","","","","","","","","","","","","","","","","","","","","","","",60,1,"","","","","","","","","","","","","","","","","","","","","","","","","","","","","",""
"61328002","LE PIN-AU-HARAS -INRAE",48.735833,0.128167,176,2002061309,0.,1,"","","","","","","","","","","","","","","","","","","","","","","","","","","","","","","","","","",17.3,1,"","","","","","","","","","","","","","","","","","","","","","","","","","","","",75,1,"","","","","","","","","","","","","","","","","","","","","","","","","","","","","","","","","","","","","","","","","","","","","","","","","","","","","","","","","","","","","","","","","","","","","","","","","","","","","","","","","","","","","","","","","","","","","","","","","","",92,1,"","","","","","","","","","","","","","","","","","","","","","","","","","","","","",""
"61328002","LE PIN-AU-HARAS -INRAE",48.735833,0.128167,176,2002061310,0.,1,"","","","","","","","","","","","","","","","","","","","","","","","","","","","","","","","","","",17.3,1,"","","","","","","","","","","","","","","","","","","","","","","","","","","","",77,1,"","","","","","","","","","","","","","","","","","","","","","","","","","","","","","","","","","","","","","","","","","","","","","","","","","","","","","","","","","","","","","","","","","","","","","","","","","","","","","","","","","","","","","","","","","","","","","","","","","",94,1,"","","","","","","","","","","","","","","","","","","","","","","","","","","","","",""
"61328002","LE PIN-AU-HARAS -INRAE",48.735833,0.128167,176,2002061311,0.,1,"","","","","","","","","","","","","","","","","","","","","","","","","","","","","","","","","","",18.,1,"","","","","","","","","","","","","","","","","","","","","","","","","","","","",73,1,"","","","","","","","","","","","","","","","","","","","","","","","","","","","","","","","","","","","","","","","","","","","","","","","","","","","","","","","","","","","","","","","","","","","","","","","","","","","","","","","","","","","","","","","","","","","","","","","","","",116,1,"","","","","","","","","","","","","","","","","","","","","","","","","","","","","",""
"61328002","LE PIN-AU-HARAS -INRAE",48.735833,0.128167,176,2002061312,0.,1,"","","","","","","","","","","","","","","","","","","","","","","","","","","","","","","","","","",19.7,1,"","","","","","","","","","","","","","","","","","","","","","","","","","","","",68,1,"","","","","","","","","","","","","","","","","","","","","","","","","","","","","","","","","","","","","","","","","","","","","","","","","","","","","","","","","","","","","","","","","","","","","","","","","","","","","","","","","","","","","","","","","","","","","","","","","","",212,1,"","","","","","","","","","","","","","","","","","","","","","","","","","","","","",""
"61328002","LE PIN-AU-HARAS -INRAE",48.735833,0.128167,176,2002061313,0.,1,"","","","","","","","","","","","","","","","","","","","","","","","","","","","","","","","","","",18.9,1,"","","","","","","","","","","","","","","","","","","","","","","","","","","","",76,1,"","","","","","","","","","","","","","","","","","","","","","","","","","","","","","","","","","","","","","","","","","","","","","","","","","","","","","","","","","","","","","","","","","","","","","","","","","","","","","","","","","","","","","","","","","","","","","","","","","",178,1,"","","","","","","","","","","","","","","","","","","","","","","","","","","","","",""
"61328002","LE PIN-AU-HARAS -INRAE",48.735833,0.128167,176,2002061314,0.,1,"","","","","","","","","","","","","","","","","","","","","","","","","","","","","","","","","","",19.7,1,"","","","","","","","","","","","","","","","","","","","","","","","","","","","",68,1,"","","","","","","","","","","","","","","","","","","","","","","","","","","","","","","","","","","","","","","","","","","","","","","","","","","","","","","","","","","","","","","","","","","","","","","","","","","","","","","","","","","","","","","","","","","","","","","","","","",208,1,"","","","","","","","","","","","","","","","","","","","","","","","","","","","","",""
"61328002","LE PIN-AU-HARAS -INRAE",48.735833,0.128167,176,2002061315,0.,1,"","","","","","","","","","","","","","","","","","","","","","","","","","","","","","","","","","",20.1,1,"","","","","","","","","","","","","","","","","","","","","","","","","","","","",75,1,"","","","","","","","","","","","","","","","","","","","","","","","","","","","","","","","","","","","","","","","","","","","","","","","","","","","","","","","","","","","","","","","","","","","","","","","","","","","","","","","","","","","","","","","","","","","","","","","","","",134,1,"","","","","","","","","","","","","","","","","","","","","","","","","","","","","",""
"61328002","LE PIN-AU-HARAS -INRAE",48.735833,0.128167,176,2002061316,0.,1,"","","","","","","","","","","","","","","","","","","","","","","","","","","","","","","","","","",20.1,1,"","","","","","","","","","","","","","","","","","","","","","","","","","","","",71,1,"","","","","","","","","","","","","","","","","","","","","","","","","","","","","","","","","","","","","","","","","","","","","","","","","","","","","","","","","","","","","","","","","","","","","","","","","","","","","","","","","","","","","","","","","","","","","","","","","","",92,1,"","","","","","","","","","","","","","","","","","","","","","","","","","","","","",""
"61328002","LE PIN-AU-HARAS -INRAE",48.735833,0.128167,176,2002061317,0.,1,"","","","","","","","","","","","","","","","","","","","","","","","","","","","","","","","","","",19.6,1,"","","","","","","","","","","","","","","","","","","","","","","","","","","","",75,1,"","","","","","","","","","","","","","","","","","","","","","","","","","","","","","","","","","","","","","","","","","","","","","","","","","","","","","","","","","","","","","","","","","","","","","","","","","","","","","","","","","","","","","","","","","","","","","","","","","",86,1,"","","","","","","","","","","","","","","","","","","","","","","","","","","","","",""
"61328002","LE PIN-AU-HARAS -INRAE",48.735833,0.128167,176,2002061318,0.,1,"","","","","","","","","","","","","","","","","","","","","","","","","","","","","","","","","","",20.2,1,"","","","","","","","","","","","","","","","","","","","","","","","","","","","",73,1,"","","","","","","","","","","","","","","","","","","","","","","","","","","","","","","","","","","","","","","","","","","","","","","","","","","","","","","","","","","","","","","","","","","","","","","","","","","","","","","","","","","","","","","","","","","","","","","","","","",48,1,"","","","","","","","","","","","","","","","","","","","","","","","","","","","","",""
"61328002","LE PIN-AU-HARAS -INRAE",48.735833,0.128167,176,2002061319,0.,1,"","","","","","","","","","","","","","","","","","","","","","","","","","","","","","","","","","",19.,1,"","","","","","","","","","","","","","","","","","","","","","","","","","","","",80,1,"","","","","","","","","","","","","","","","","","","","","","","","","","","","","","","","","","","","","","","","","","","","","","","","","","","","","","","","","","","","","","","","","","","","","","","","","","","","","","","","","","","","","","","","","","","","","","","","","","",26,1,"","","","","","","","","","","","","","","","","","","","","","","","","","","","","",""
"61328002","LE PIN-AU-HARAS -INRAE",48.735833,0.128167,176,2002061320,0.,1,"","","","","","","","","","","","","","","","","","","","","","","","","","","","","","","","","","",16.7,1,"","","","","","","","","","","","","","","","","","","","","","","","","","","","",87,1,"","","","","","","","","","","","","","","","","","","","","","","","","","","","","","","","","","","","","","","","","","","","","","","","","","","","","","","","","","","","","","","","","","","","","","","","","","","","","","","","","","","","","","","","","","","","","","","","","","",6,1,"","","","","","","","","","","","","","","","","","","","","","","","","","","","","",""
"61328002","LE PIN-AU-HARAS -INRAE",48.735833,0.128167,176,2002061321,0.,1,"","","","","","","","","","","","","","","","","","","","","","","","","","","","","","","","","","",14.4,1,"","","","","","","","","","","","","","","","","","","","","","","","","","","","",92,1,"","","","","","","","","","","","","","","","","","","","","","","","","","","","","","","","","","","","","","","","","","","","","","","","","","","","","","","","","","","","","","","","","","","","","","","","","","","","","","","","","","","","","","","","","","","","","","","","","","",0,1,"","","","","","","","","","","","","","","","","","","","","","","","","","","","","",""
"61328002","LE PIN-AU-HARAS -INRAE",48.735833,0.128167,176,2002061322,0.,1,"","","","","","","","","","","","","","","","","","","","","","","","","","","","","","","","","","",13.,1,"","","","","","","","","","","","","","","","","","","","","","","","","","","","",97,1,"","","","","","","","","","","","","","","","","","","","","","","","","","","","","","","","","","","","","","","","","","","","","","","","","","","","","","","","","","","","","","","","","","","","","","","","","","","","","","","","","","","","","","","","","","","","","","","","","","",0,1,"","","","","","","","","","","","","","","","","","","","","","","","","","","","","",""
"61328002","LE PIN-AU-HARAS -INRAE",48.735833,0.128167,176,2002061323,0.,1,"","","","","","","","","","","","","","","","","","","","","","","","","","","","","","","","","","",12.1,1,"","","","","","","","","","","","","","","","","","","","","","","","","","","","",98,1,"","","","","","","","","","","","","","","","","","","","","","","","","","","","","","","","","","","","","","","","","","","","","","","","","","","","","","","","","","","","","","","","","","","","","","","","","","","","","","","","","","","","","","","","","","","","","","","","","","",0,1,"","","","","","","","","","","","","","","","","","","","","","","","","","","","","",""
"61328002","LE PIN-AU-HARAS -INRAE",48.735833,0.128167,176,2002061400,0.,1,"","","","","","","","","","","","","","","","","","","","","","","","","","","","","","","","","","",11.2,1,"","","","","","","","","","","","","","","","","","","","","","","","","","","","",100,1,"","","","","","","","","","","","","","","","","","","","","","","","","","","","","","","","","","","","","","","","","","","","","","","","","","","","","","","","","","","","","","","","","","","","","","","","","","","","","","","","","","","","","","","","","","","","","","","","","","",0,1,"","","","","","","","","","","","","","","","","","","","","","","","","","","","","",""
"61328002","LE PIN-AU-HARAS -INRAE",48.735833,0.128167,176,2002061401,0.,1,"","","","","","","","","","","","","","","","","","","","","","","","","","","","","","","","","","",10.9,1,"","","","","","","","","","","","","","","","","","","","","","","","","","","","",100,1,"","","","","","","","","","","","","","","","","","","","","","","","","","","","","","","","","","","","","","","","","","","","","","","","","","","","","","","","","","","","","","","","","","","","","","","","","","","","","","","","","","","","","","","","","","","","","","","","","","",0,1,"","","","","","","","","","","","","","","","","","","","","","","","","","","","","",""
"61328002","LE PIN-AU-HARAS -INRAE",48.735833,0.128167,176,2002061402,0.,1,"","","","","","","","","","","","","","","","","","","","","","","","","","","","","","","","","","",10.3,1,"","","","","","","","","","","","","","","","","","","","","","","","","","","","",100,1,"","","","","","","","","","","","","","","","","","","","","","","","","","","","","","","","","","","","","","","","","","","","","","","","","","","","","","","","","","","","","","","","","","","","","","","","","","","","","","","","","","","","","","","","","","","","","","","","","","",0,1,"","","","","","","","","","","","","","","","","","","","","","","","","","","","","",""
"61328002","LE PIN-AU-HARAS -INRAE",48.735833,0.128167,176,2002061403,0.,1,"","","","","","","","","","","","","","","","","","","","","","","","","","","","","","","","","","",10.3,1,"","","","","","","","","","","","","","","","","","","","","","","","","","","","",100,1,"","","","","","","","","","","","","","","","","","","","","","","","","","","","","","","","","","","","","","","","","","","","","","","","","","","","","","","","","","","","","","","","","","","","","","","","","","","","","","","","","","","","","","","","","","","","","","","","","","",0,1,"","","","","","","","","","","","","","","","","","","","","","","","","","","","","",""
"61328002","LE PIN-AU-HARAS -INRAE",48.735833,0.128167,176,2002061404,0.,1,"","","","","","","","","","","","","","","","","","","","","","","","","","","","","","","","","","",10.4,1,"","","","","","","","","","","","","","","","","","","","","","","","","","","","",100,1,"","","","","","","","","","","","","","","","","","","","","","","","","","","","","","","","","","","","","","","","","","","","","","","","","","","","","","","","","","","","","","","","","","","","","","","","","","","","","","","","","","","","","","","","","","","","","","","","","","",0,1,"","","","","","","","","","","","","","","","","","","","","","","","","","","","","",""
"61328002","LE PIN-AU-HARAS -INRAE",48.735833,0.128167,176,2002061405,0.,1,"","","","","","","","","","","","","","","","","","","","","","","","","","","","","","","","","","",11.5,1,"","","","","","","","","","","","","","","","","","","","","","","","","","","","",100,1,"","","","","","","","","","","","","","","","","","","","","","","","","","","","","","","","","","","","","","","","","","","","","","","","","","","","","","","","","","","","","","","","","","","","","","","","","","","","","","","","","","","","","","","","","","","","","","","","","","",10,1,"","","","","","","","","","","","","","","","","","","","","","","","","","","","","",""
"61328002","LE PIN-AU-HARAS -INRAE",48.735833,0.128167,176,2002061406,0.,1,"","","","","","","","","","","","","","","","","","","","","","","","","","","","","","","","","","",15.3,1,"","","","","","","","","","","","","","","","","","","","","","","","","","","","",100,1,"","","","","","","","","","","","","","","","","","","","","","","","","","","","","","","","","","","","","","","","","","","","","","","","","","","","","","","","","","","","","","","","","","","","","","","","","","","","","","","","","","","","","","","","","","","","","","","","","","",48,1,"","","","","","","","","","","","","","","","","","","","","","","","","","","","","",""
"61328002","LE PIN-AU-HARAS -INRAE",48.735833,0.128167,176,2002061407,0.,1,"","","","","","","","","","","","","","","","","","","","","","","","","","","","","","","","","","",18.,1,"","","","","","","","","","","","","","","","","","","","","","","","","","","","",100,1,"","","","","","","","","","","","","","","","","","","","","","","","","","","","","","","","","","","","","","","","","","","","","","","","","","","","","","","","","","","","","","","","","","","","","","","","","","","","","","","","","","","","","","","","","","","","","","","","","","",106,1,"","","","","","","","","","","","","","","","","","","","","","","","","","","","","",""
"61328002","LE PIN-AU-HARAS -INRAE",48.735833,0.128167,176,2002061408,0.,1,"","","","","","","","","","","","","","","","","","","","","","","","","","","","","","","","","","",20.4,1,"","","","","","","","","","","","","","","","","","","","","","","","","","","","",80,1,"","","","","","","","","","","","","","","","","","","","","","","","","","","","","","","","","","","","","","","","","","","","","","","","","","","","","","","","","","","","","","","","","","","","","","","","","","","","","","","","","","","","","","","","","","","","","","","","","","",170,1,"","","","","","","","","","","","","","","","","","","","","","","","","","","","","",""
"61328002","LE PIN-AU-HARAS -INRAE",48.735833,0.128167,176,2002061409,0.,1,"","","","","","","","","","","","","","","","","","","","","","","","","","","","","","","","","","",22.4,1,"","","","","","","","","","","","","","","","","","","","","","","","","","","","",74,1,"","","","","","","","","","","","","","","","","","","","","","","","","","","","","","","","","","","","","","","","","","","","","","","","","","","","","","","","","","","","","","","","","","","","","","","","","","","","","","","","","","","","","","","","","","","","","","","","","","",226,1,"","","","","","","","","","","","","","","","","","","","","","","","","","","","","",""
"61328002","LE PIN-AU-HARAS -INRAE",48.735833,0.128167,176,2002061410,0.,1,"","","","","","","","","","","","","","","","","","","","","","","","","","","","","","","","","","",23.,1,"","","","","","","","","","","","","","","","","","","","","","","","","","","","",71,1,"","","","","","","","","","","","","","","","","","","","","","","","","","","","","","","","","","","","","","","","","","","","","","","","","","","","","","","","","","","","","","","","","","","","","","","","","","","","","","","","","","","","","","","","","","","","","","","","","","",250,1,"","","","","","","","","","","","","","","","","","","","","","","","","","","","","",""
"61328002","LE PIN-AU-HARAS -INRAE",48.735833,0.128167,176,2002061411,0.5,1,"","","","","","","","","","","","","","","","","","","","","","","","","","","","","","","","","","",21.7,1,"","","","","","","","","","","","","","","","","","","","","","","","","","","","",80,1,"","","","","","","","","","","","","","","","","","","","","","","","","","","","","","","","","","","","","","","","","","","","","","","","","","","","","","","","","","","","","","","","","","","","","","","","","","","","","","","","","","","","","","","","","","","","","","","","","","",74,1,"","","","","","","","","","","","","","","","","","","","","","","","","","","","","",""
"61328002","LE PIN-AU-HARAS -INRAE",48.735833,0.128167,176,2002061412,0.,1,"","","","","","","","","","","","","","","","","","","","","","","","","","","","","","","","","","",23.2,1,"","","","","","","","","","","","","","","","","","","","","","","","","","","","",73,1,"","","","","","","","","","","","","","","","","","","","","","","","","","","","","","","","","","","","","","","","","","","","","","","","","","","","","","","","","","","","","","","","","","","","","","","","","","","","","","","","","","","","","","","","","","","","","","","","","","",138,1,"","","","","","","","","","","","","","","","","","","","","","","","","","","","","",""
"61328002","LE PIN-AU-HARAS -INRAE",48.735833,0.128167,176,2002061413,0.,1,"","","","","","","","","","","","","","","","","","","","","","","","","","","","","","","","","","",25.3,1,"","","","","","","","","","","","","","","","","","","","","","","","","","","","",70,1,"","","","","","","","","","","","","","","","","","","","","","","","","","","","","","","","","","","","","","","","","","","","","","","","","","","","","","","","","","","","","","","","","","","","","","","","","","","","","","","","","","","","","","","","","","","","","","","","","","",208,1,"","","","","","","","","","","","","","","","","","","","","","","","","","","","","",""
"61328002","LE PIN-AU-HARAS -INRAE",48.735833,0.128167,176,2002061414,0.,1,"","","","","","","","","","","","","","","","","","","","","","","","","","","","","","","","","","",24.9,1,"","","","","","","","","","","","","","","","","","","","","","","","","","","","",64,1,"","","","","","","","","","","","","","","","","","","","","","","","","","","","","","","","","","","","","","","","","","","","","","","","","","","","","","","","","","","","","","","","","","","","","","","","","","","","","","","","","","","","","","","","","","","","","","","","","","",250,1,"","","","","","","","","","","","","","","","","","","","","","","","","","","","","",""
"61328002","LE PIN-AU-HARAS -INRAE",48.735833,0.128167,176,2002061415,0.,1,"","","","","","","","","","","","","","","","","","","","","","","","","","","","","","","","","","",27.2,1,"","","","","","","","","","","","","","","","","","","","","","","","","","","","",72,1,"","","","","","","","","","","","","","","","","","","","","","","","","","","","","","","","","","","","","","","","","","","","","","","","","","","","","","","","","","","","","","","","","","","","","","","","","","","","","","","","","","","","","","","","","","","","","","","","","","",110,1,"","","","","","","","","","","","","","","","","","","","","","","","","","","","","",""
"61328002","LE PIN-AU-HARAS -INRAE",48.735833,0.128167,176,2002061416,0.,1,"","","","","","","","","","","","","","","","","","","","","","","","","","","","","","","","","","",27.,1,"","","","","","","","","","","","","","","","","","","","","","","","","","","","",74,1,"","","","","","","","","","","","","","","","","","","","","","","","","","","","","","","","","","","","","","","","","","","","","","","","","","","","","","","","","","","","","","","","","","","","","","","","","","","","","","","","","","","","","","","","","","","","","","","","","","",106,1,"","","","","","","","","","","","","","","","","","","","","","","","","","","","","",""
"61328002","LE PIN-AU-HARAS -INRAE",48.735833,0.128167,176,2002061417,0.5,1,"","","","","","","","","","","","","","","","","","","","","","","","","","","","","","","","","","",25.1,1,"","","","","","","","","","","","","","","","","","","","","","","","","","","","",83,1,"","","","","","","","","","","","","","","","","","","","","","","","","","","","","","","","","","","","","","","","","","","","","","","","","","","","","","","","","","","","","","","","","","","","","","","","","","","","","","","","","","","","","","","","","","","","","","","","","","",68,1,"","","","","","","","","","","","","","","","","","","","","","","","","","","","","",""
"61328002","LE PIN-AU-HARAS -INRAE",48.735833,0.128167,176,2002061418,0.,1,"","","","","","","","","","","","","","","","","","","","","","","","","","","","","","","","","","",23.7,1,"","","","","","","","","","","","","","","","","","","","","","","","","","","","",92,1,"","","","","","","","","","","","","","","","","","","","","","","","","","","","","","","","","","","","","","","","","","","","","","","","","","","","","","","","","","","","","","","","","","","","","","","","","","","","","","","","","","","","","","","","","","","","","","","","","","",40,1,"","","","","","","","","","","","","","","","","","","","","","","","","","","","","",""
"61328002","LE PIN-AU-HARAS -INRAE",48.735833,0.128167,176,2002061419,0.5,1,"","","","","","","","","","","","","","","","","","","","","","","","","","","","","","","","","","",22.8,1,"","","","","","","","","","","","","","","","","","","","","","","","","","","","",88,1,"","","","","","","","","","","","","","","","","","","","","","","","","","","","","","","","","","","","","","","","","","","","","","","","","","","","","","","","","","","","","","","","","","","","","","","","","","","","","","","","","","","","","","","","","","","","","","","","","","",16,1,"","","","","","","","","","","","","","","","","","","","","","","","","","","","","",""
"61328002","LE PIN-AU-HARAS -INRAE",48.735833,0.128167,176,2002061420,0.,1,"","","","","","","","","","","","","","","","","","","","","","","","","","","","","","","","","","",20.8,1,"","","","","","","","","","","","","","","","","","","","","","","","","","","","",94,1,"","","","","","","","","","","","","","","","","","","","","","","","","","","","","","","","","","","","","","","","","","","","","","","","","","","","","","","","","","","","","","","","","","","","","","","","","","","","","","","","","","","","","","","","","","","","","","","","","","",4,1,"","","","","","","","","","","","","","","","","","","","","","","","","","","","","",""
"61328002","LE PIN-AU-HARAS -INRAE",48.735833,0.128167,176,2002061421,0.,1,"","","","","","","","","","","","","","","","","","","","","","","","","","","","","","","","","","",21.1,1,"","","","","","","","","","","","","","","","","","","","","","","","","","","","",91,1,"","","","","","","","","","","","","","","","","","","","","","","","","","","","","","","","","","","","","","","","","","","","","","","","","","","","","","","","","","","","","","","","","","","","","","","","","","","","","","","","","","","","","","","","","","","","","","","","","","",0,1,"","","","","","","","","","","","","","","","","","","","","","","","","","","","","",""
"61328002","LE PIN-AU-HARAS -INRAE",48.735833,0.128167,176,2002061422,0.,1,"","","","","","","","","","","","","","","","","","","","","","","","","","","","","","","","","","",18.3,1,"","","","","","","","","","","","","","","","","","","","","","","","","","","","",91,1,"","","","","","","","","","","","","","","","","","","","","","","","","","","","","","","","","","","","","","","","","","","","","","","","","","","","","","","","","","","","","","","","","","","","","","","","","","","","","","","","","","","","","","","","","","","","","","","","","","",0,1,"","","","","","","","","","","","","","","","","","","","","","","","","","","","","",""
"61328002","LE PIN-AU-HARAS -INRAE",48.735833,0.128167,176,2002061423,0.,1,"","","","","","","","","","","","","","","","","","","","","","","","","","","","","","","","","","",17.1,1,"","","","","","","","","","","","","","","","","","","","","","","","","","","","",87,1,"","","","","","","","","","","","","","","","","","","","","","","","","","","","","","","","","","","","","","","","","","","","","","","","","","","","","","","","","","","","","","","","","","","","","","","","","","","","","","","","","","","","","","","","","","","","","","","","","","",0,1,"","","","","","","","","","","","","","","","","","","","","","","","","","","","","",""
"61328002","LE PIN-AU-HARAS -INRAE",48.735833,0.128167,176,2002061500,0.,1,"","","","","","","","","","","","","","","","","","","","","","","","","","","","","","","","","","",16.4,1,"","","","","","","","","","","","","","","","","","","","","","","","","","","","",89,1,"","","","","","","","","","","","","","","","","","","","","","","","","","","","","","","","","","","","","","","","","","","","","","","","","","","","","","","","","","","","","","","","","","","","","","","","","","","","","","","","","","","","","","","","","","","","","","","","","","",0,1,"","","","","","","","","","","","","","","","","","","","","","","","","","","","","",""
"61328002","LE PIN-AU-HARAS -INRAE",48.735833,0.128167,176,2002061501,0.,1,"","","","","","","","","","","","","","","","","","","","","","","","","","","","","","","","","","",15.5,1,"","","","","","","","","","","","","","","","","","","","","","","","","","","","",90,1,"","","","","","","","","","","","","","","","","","","","","","","","","","","","","","","","","","","","","","","","","","","","","","","","","","","","","","","","","","","","","","","","","","","","","","","","","","","","","","","","","","","","","","","","","","","","","","","","","","",0,1,"","","","","","","","","","","","","","","","","","","","","","","","","","","","","",""
"61328002","LE PIN-AU-HARAS -INRAE",48.735833,0.128167,176,2002061502,0.,1,"","","","","","","","","","","","","","","","","","","","","","","","","","","","","","","","","","",15.4,1,"","","","","","","","","","","","","","","","","","","","","","","","","","","","",90,1,"","","","","","","","","","","","","","","","","","","","","","","","","","","","","","","","","","","","","","","","","","","","","","","","","","","","","","","","","","","","","","","","","","","","","","","","","","","","","","","","","","","","","","","","","","","","","","","","","","",0,1,"","","","","","","","","","","","","","","","","","","","","","","","","","","","","",""
"61328002","LE PIN-AU-HARAS -INRAE",48.735833,0.128167,176,2002061503,0.,1,"","","","","","","","","","","","","","","","","","","","","","","","","","","","","","","","","","",14.5,1,"","","","","","","","","","","","","","","","","","","","","","","","","","","","",91,1,"","","","","","","","","","","","","","","","","","","","","","","","","","","","","","","","","","","","","","","","","","","","","","","","","","","","","","","","","","","","","","","","","","","","","","","","","","","","","","","","","","","","","","","","","","","","","","","","","","",0,1,"","","","","","","","","","","","","","","","","","","","","","","","","","","","","",""
"61328002","LE PIN-AU-HARAS -INRAE",48.735833,0.128167,176,2002061504,0.,1,"","","","","","","","","","","","","","","","","","","","","","","","","","","","","","","","","","",14.2,1,"","","","","","","","","","","","","","","","","","","","","","","","","","","","",94,1,"","","","","","","","","","","","","","","","","","","","","","","","","","","","","","","","","","","","","","","","","","","","","","","","","","","","","","","","","","","","","","","","","","","","","","","","","","","","","","","","","","","","","","","","","","","","","","","","","","",0,1,"","","","","","","","","","","","","","","","","","","","","","","","","","","","","",""
"61328002","LE PIN-AU-HARAS -INRAE",48.735833,0.128167,176,2002061505,0.,1,"","","","","","","","","","","","","","","","","","","","","","","","","","","","","","","","","","",14.6,1,"","","","","","","","","","","","","","","","","","","","","","","","","","","","",92,1,"","","","","","","","","","","","","","","","","","","","","","","","","","","","","","","","","","","","","","","","","","","","","","","","","","","","","","","","","","","","","","","","","","","","","","","","","","","","","","","","","","","","","","","","","","","","","","","","","","",8,1,"","","","","","","","","","","","","","","","","","","","","","","","","","","","","",""
"61328002","LE PIN-AU-HARAS -INRAE",48.735833,0.128167,176,2002061506,0.,1,"","","","","","","","","","","","","","","","","","","","","","","","","","","","","","","","","","",15.5,1,"","","","","","","","","","","","","","","","","","","","","","","","","","","","",91,1,"","","","","","","","","","","","","","","","","","","","","","","","","","","","","","","","","","","","","","","","","","","","","","","","","","","","","","","","","","","","","","","","","","","","","","","","","","","","","","","","","","","","","","","","","","","","","","","","","","",26,1,"","","","","","","","","","","","","","","","","","","","","","","","","","","","","",""
"61328002","LE PIN-AU-HARAS -INRAE",48.735833,0.128167,176,2002061507,0.,1,"","","","","","","","","","","","","","","","","","","","","","","","","","","","","","","","","","",15.8,1,"","","","","","","","","","","","","","","","","","","","","","","","","","","","",87,1,"","","","","","","","","","","","","","","","","","","","","","","","","","","","","","","","","","","","","","","","","","","","","","","","","","","","","","","","","","","","","","","","","","","","","","","","","","","","","","","","","","","","","","","","","","","","","","","","","","",48,1,"","","","","","","","","","","","","","","","","","","","","","","","","","","","","",""
"61328002","LE PIN-AU-HARAS -INRAE",48.735833,0.128167,176,2002061508,0.,1,"","","","","","","","","","","","","","","","","","","","","","","","","","","","","","","","","","",16.2,1,"","","","","","","","","","","","","","","","","","","","","","","","","","","","",81,1,"","","","","","","","","","","","","","","","","","","","","","","","","","","","","","","","","","","","","","","","","","","","","","","","","","","","","","","","","","","","","","","","","","","","","","","","","","","","","","","","","","","","","","","","","","","","","","","","","","",76,1,"","","","","","","","","","","","","","","","","","","","","","","","","","","","","",""
"61328002","LE PIN-AU-HARAS -INRAE",48.735833,0.128167,176,2002061509,0.,1,"","","","","","","","","","","","","","","","","","","","","","","","","","","","","","","","","","",17.3,1,"","","","","","","","","","","","","","","","","","","","","","","","","","","","",74,1,"","","","","","","","","","","","","","","","","","","","","","","","","","","","","","","","","","","","","","","","","","","","","","","","","","","","","","","","","","","","","","","","","","","","","","","","","","","","","","","","","","","","","","","","","","","","","","","","","","",126,1,"","","","","","","","","","","","","","","","","","","","","","","","","","","","","",""
"61328002","LE PIN-AU-HARAS -INRAE",48.735833,0.128167,176,2002061510,0.,1,"","","","","","","","","","","","","","","","","","","","","","","","","","","","","","","","","","",18.8,1,"","","","","","","","","","","","","","","","","","","","","","","","","","","","",66,1,"","","","","","","","","","","","","","","","","","","","","","","","","","","","","","","","","","","","","","","","","","","","","","","","","","","","","","","","","","","","","","","","","","","","","","","","","","","","","","","","","","","","","","","","","","","","","","","","","","",132,1,"","","","","","","","","","","","","","","","","","","","","","","","","","","","","",""
"61328002","LE PIN-AU-HARAS -INRAE",48.735833,0.128167,176,2002061511,0.,1,"","","","","","","","","","","","","","","","","","","","","","","","","","","","","","","","","","",19.2,1,"","","","","","","","","","","","","","","","","","","","","","","","","","","","",64,1,"","","","","","","","","","","","","","","","","","","","","","","","","","","","","","","","","","","","","","","","","","","","","","","","","","","","","","","","","","","","","","","","","","","","","","","","","","","","","","","","","","","","","","","","","","","","","","","","","","",204,1,"","","","","","","","","","","","","","","","","","","","","","","","","","","","","",""
"61328002","LE PIN-AU-HARAS -INRAE",48.735833,0.128167,176,2002061512,0.,1,"","","","","","","","","","","","","","","","","","","","","","","","","","","","","","","","","","",20.3,1,"","","","","","","","","","","","","","","","","","","","","","","","","","","","",58,1,"","","","","","","","","","","","","","","","","","","","","","","","","","","","","","","","","","","","","","","","","","","","","","","","","","","","","","","","","","","","","","","","","","","","","","","","","","","","","","","","","","","","","","","","","","","","","","","","","","",222,1,"","","","","","","","","","","","","","","","","","","","","","","","","","","","","",""
"61328002","LE PIN-AU-HARAS -INRAE",48.735833,0.128167,176,2002061513,0.,1,"","","","","","","","","","","","","","","","","","","","","","","","","","","","","","","","","","",20.7,1,"","","","","","","","","","","","","","","","","","","","","","","","","","","","",62,1,"","","","","","","","","","","","","","","","","","","","","","","","","","","","","","","","","","","","","","","","","","","","","","","","","","","","","","","","","","","","","","","","","","","","","","","","","","","","","","","","","","","","","","","","","","","","","","","","","","",208,1,"","","","","","","","","","","","","","","","","","","","","","","","","","","","","",""
"61328002","LE PIN-AU-HARAS -INRAE",48.735833,0.128167,176,2002061514,0.,1,"","","","","","","","","","","","","","","","","","","","","","","","","","","","","","","","","","",21.,1,"","","","","","","","","","","","","","","","","","","","","","","","","","","","",56,1,"","","","","","","","","","","","","","","","","","","","","","","","","","","","","","","","","","","","","","","","","","","","","","","","","","","","","","","","","","","","","","","","","","","","","","","","","","","","","","","","","","","","","","","","","","","","","","","","","","",152,1,"","","","","","","","","","","","","","","","","","","","","","","","","","","","","",""
"61328002","LE PIN-AU-HARAS -INRAE",48.735833,0.128167,176,2002061515,0.,1,"","","","","","","","","","","","","","","","","","","","","","","","","","","","","","","","","","",20.8,1,"","","","","","","","","","","","","","","","","","","","","","","","","","","","",59,1,"","","","","","","","","","","","","","","","","","","","","","","","","","","","","","","","","","","","","","","","","","","","","","","","","","","","","","","","","","","","","","","","","","","","","","","","","","","","","","","","","","","","","","","","","","","","","","","","","","",186,1,"","","","","","","","","","","","","","","","","","","","","","","","","","","","","",""
"61328002","LE PIN-AU-HARAS -INRAE",48.735833,0.128167,176,2002061516,0.,1,"","","","","","","","","","","","","","","","","","","","","","","","","","","","","","","","","","",21.5,1,"","","","","","","","","","","","","","","","","","","","","","","","","","","","",60,1,"","","","","","","","","","","","","","","","","","","","","","","","","","","","","","","","","","","","","","","","","","","","","","","","","","","","","","","","","","","","","","","","","","","","","","","","","","","","","","","","","","","","","","","","","","","","","","","","","","",134,1,"","","","","","","","","","","","","","","","","","","","","","","","","","","","","",""
"61328002","LE PIN-AU-HARAS -INRAE",48.735833,0.128167,176,2002061517,0.,1,"","","","","","","","","","","","","","","","","","","","","","","","","","","","","","","","","","",22.1,1,"","","","","","","","","","","","","","","","","","","","","","","","","","","","",54,1,"","","","","","","","","","","","","","","","","","","","","","","","","","","","","","","","","","","","","","","","","","","","","","","","","","","","","","","","","","","","","","","","","","","","","","","","","","","","","","","","","","","","","","","","","","","","","","","","","","",126,1,"","","","","","","","","","","","","","","","","","","","","","","","","","","","","",""
"61328002","LE PIN-AU-HARAS -INRAE",48.735833,0.128167,176,2002061518,0.,1,"","","","","","","","","","","","","","","","","","","","","","","","","","","","","","","","","","",20.2,1,"","","","","","","","","","","","","","","","","","","","","","","","","","","","",67,1,"","","","","","","","","","","","","","","","","","","","","","","","","","","","","","","","","","","","","","","","","","","","","","","","","","","","","","","","","","","","","","","","","","","","","","","","","","","","","","","","","","","","","","","","","","","","","","","","","","",66,1,"","","","","","","","","","","","","","","","","","","","","","","","","","","","","",""
"61328002","LE PIN-AU-HARAS -INRAE",48.735833,0.128167,176,2002061519,0.,1,"","","","","","","","","","","","","","","","","","","","","","","","","","","","","","","","","","",21.2,1,"","","","","","","","","","","","","","","","","","","","","","","","","","","","",74,1,"","","","","","","","","","","","","","","","","","","","","","","","","","","","","","","","","","","","","","","","","","","","","","","","","","","","","","","","","","","","","","","","","","","","","","","","","","","","","","","","","","","","","","","","","","","","","","","","","","",36,1,"","","","","","","","","","","","","","","","","","","","","","","","","","","","","",""
"61328002","LE PIN-AU-HARAS -INRAE",48.735833,0.128167,176,2002061520,0.,1,"","","","","","","","","","","","","","","","","","","","","","","","","","","","","","","","","","",16.3,1,"","","","","","","","","","","","","","","","","","","","","","","","","","","","",85,1,"","","","","","","","","","","","","","","","","","","","","","","","","","","","","","","","","","","","","","","","","","","","","","","","","","","","","","","","","","","","","","","","","","","","","","","","","","","","","","","","","","","","","","","","","","","","","","","","","","",14,1,"","","","","","","","","","","","","","","","","","","","","","","","","","","","","",""
"61328002","LE PIN-AU-HARAS -INRAE",48.735833,0.128167,176,2002061521,0.,1,"","","","","","","","","","","","","","","","","","","","","","","","","","","","","","","","","","",13.9,1,"","","","","","","","","","","","","","","","","","","","","","","","","","","","",92,1,"","","","","","","","","","","","","","","","","","","","","","","","","","","","","","","","","","","","","","","","","","","","","","","","","","","","","","","","","","","","","","","","","","","","","","","","","","","","","","","","","","","","","","","","","","","","","","","","","","",0,1,"","","","","","","","","","","","","","","","","","","","","","","","","","","","","",""
"61328002","LE PIN-AU-HARAS -INRAE",48.735833,0.128167,176,2002061522,0.,1,"","","","","","","","","","","","","","","","","","","","","","","","","","","","","","","","","","",12.9,1,"","","","","","","","","","","","","","","","","","","","","","","","","","","","",96,1,"","","","","","","","","","","","","","","","","","","","","","","","","","","","","","","","","","","","","","","","","","","","","","","","","","","","","","","","","","","","","","","","","","","","","","","","","","","","","","","","","","","","","","","","","","","","","","","","","","",0,1,"","","","","","","","","","","","","","","","","","","","","","","","","","","","","",""
"61328002","LE PIN-AU-HARAS -INRAE",48.735833,0.128167,176,2002061523,0.,1,"","","","","","","","","","","","","","","","","","","","","","","","","","","","","","","","","","",14.6,1,"","","","","","","","","","","","","","","","","","","","","","","","","","","","",98,1,"","","","","","","","","","","","","","","","","","","","","","","","","","","","","","","","","","","","","","","","","","","","","","","","","","","","","","","","","","","","","","","","","","","","","","","","","","","","","","","","","","","","","","","","","","","","","","","","","","",0,1,"","","","","","","","","","","","","","","","","","","","","","","","","","","","","",""
"61328002","LE PIN-AU-HARAS -INRAE",48.735833,0.128167,176,2002061600,0.,1,"","","","","","","","","","","","","","","","","","","","","","","","","","","","","","","","","","",14.5,1,"","","","","","","","","","","","","","","","","","","","","","","","","","","","",91,1,"","","","","","","","","","","","","","","","","","","","","","","","","","","","","","","","","","","","","","","","","","","","","","","","","","","","","","","","","","","","","","","","","","","","","","","","","","","","","","","","","","","","","","","","","","","","","","","","","","",0,1,"","","","","","","","","","","","","","","","","","","","","","","","","","","","","",""
"61328002","LE PIN-AU-HARAS -INRAE",48.735833,0.128167,176,2002061601,0.,1,"","","","","","","","","","","","","","","","","","","","","","","","","","","","","","","","","","",15.2,1,"","","","","","","","","","","","","","","","","","","","","","","","","","","","",90,1,"","","","","","","","","","","","","","","","","","","","","","","","","","","","","","","","","","","","","","","","","","","","","","","","","","","","","","","","","","","","","","","","","","","","","","","","","","","","","","","","","","","","","","","","","","","","","","","","","","",0,1,"","","","","","","","","","","","","","","","","","","","","","","","","","","","","",""
"61328002","LE PIN-AU-HARAS -INRAE",48.735833,0.128167,176,2002061602,0.,1,"","","","","","","","","","","","","","","","","","","","","","","","","","","","","","","","","","",14.5,1,"","","","","","","","","","","","","","","","","","","","","","","","","","","","",94,1,"","","","","","","","","","","","","","","","","","","","","","","","","","","","","","","","","","","","","","","","","","","","","","","","","","","","","","","","","","","","","","","","","","","","","","","","","","","","","","","","","","","","","","","","","","","","","","","","","","",0,1,"","","","","","","","","","","","","","","","","","","","","","","","","","","","","",""
"61328002","LE PIN-AU-HARAS -INRAE",48.735833,0.128167,176,2002061603,0.,1,"","","","","","","","","","","","","","","","","","","","","","","","","","","","","","","","","","",14.3,1,"","","","","","","","","","","","","","","","","","","","","","","","","","","","",94,1,"","","","","","","","","","","","","","","","","","","","","","","","","","","","","","","","","","","","","","","","","","","","","","","","","","","","","","","","","","","","","","","","","","","","","","","","","","","","","","","","","","","","","","","","","","","","","","","","","","",0,1,"","","","","","","","","","","","","","","","","","","","","","","","","","","","","",""
"61328002","LE PIN-AU-HARAS -INRAE",48.735833,0.128167,176,2002061604,0.,1,"","","","","","","","","","","","","","","","","","","","","","","","","","","","","","","","","","",13.8,1,"","","","","","","","","","","","","","","","","","","","","","","","","","","","",95,1,"","","","","","","","","","","","","","","","","","","","","","","","","","","","","","","","","","","","","","","","","","","","","","","","","","","","","","","","","","","","","","","","","","","","","","","","","","","","","","","","","","","","","","","","","","","","","","","","","","",0,1,"","","","","","","","","","","","","","","","","","","","","","","","","","","","","",""
"61328002","LE PIN-AU-HARAS -INRAE",48.735833,0.128167,176,2002061605,0.,1,"","","","","","","","","","","","","","","","","","","","","","","","","","","","","","","","","","",13.4,1,"","","","","","","","","","","","","","","","","","","","","","","","","","","","",97,1,"","","","","","","","","","","","","","","","","","","","","","","","","","","","","","","","","","","","","","","","","","","","","","","","","","","","","","","","","","","","","","","","","","","","","","","","","","","","","","","","","","","","","","","","","","","","","","","","","","",4,1,"","","","","","","","","","","","","","","","","","","","","","","","","","","","","",""
"61328002","LE PIN-AU-HARAS -INRAE",48.735833,0.128167,176,2002061606,0.,1,"","","","","","","","","","","","","","","","","","","","","","","","","","","","","","","","","","",16.,1,"","","","","","","","","","","","","","","","","","","","","","","","","","","","",78,1,"","","","","","","","","","","","","","","","","","","","","","","","","","","","","","","","","","","","","","","","","","","","","","","","","","","","","","","","","","","","","","","","","","","","","","","","","","","","","","","","","","","","","","","","","","","","","","","","","","",54,1,"","","","","","","","","","","","","","","","","","","","","","","","","","","","","",""
"61328002","LE PIN-AU-HARAS -INRAE",48.735833,0.128167,176,2002061607,0.,1,"","","","","","","","","","","","","","","","","","","","","","","","","","","","","","","","","","",17.7,1,"","","","","","","","","","","","","","","","","","","","","","","","","","","","",65,1,"","","","","","","","","","","","","","","","","","","","","","","","","","","","","","","","","","","","","","","","","","","","","","","","","","","","","","","","","","","","","","","","","","","","","","","","","","","","","","","","","","","","","","","","","","","","","","","","","","",110,1,"","","","","","","","","","","","","","","","","","","","","","","","","","","","","",""
"61328002","LE PIN-AU-HARAS -INRAE",48.735833,0.128167,176,2002061608,0.,1,"","","","","","","","","","","","","","","","","","","","","","","","","","","","","","","","","","",19.9,1,"","","","","","","","","","","","","","","","","","","","","","","","","","","","",61,1,"","","","","","","","","","","","","","","","","","","","","","","","","","","","","","","","","","","","","","","","","","","","","","","","","","","","","","","","","","","","","","","","","","","","","","","","","","","","","","","","","","","","","","","","","","","","","","","","","","",172,1,"","","","","","","","","","","","","","","","","","","","","","","","","","","","","",""
"61328002","LE PIN-AU-HARAS -INRAE",48.735833,0.128167,176,2002061609,0.,1,"","","","","","","","","","","","","","","","","","","","","","","","","","","","","","","","","","",21.9,1,"","","","","","","","","","","","","","","","","","","","","","","","","","","","",62,1,"","","","","","","","","","","","","","","","","","","","","","","","","","","","","","","","","","","","","","","","","","","","","","","","","","","","","","","","","","","","","","","","","","","","","","","","","","","","","","","","","","","","","","","","","","","","","","","","","","",228,1,"","","","","","","","","","","","","","","","","","","","","","","","","","","","","",""
"61328002","LE PIN-AU-HARAS -INRAE",48.735833,0.128167,176,2002061610,0.,1,"","","","","","","","","","","","","","","","","","","","","","","","","","","","","","","","","","",22.5,1,"","","","","","","","","","","","","","","","","","","","","","","","","","","","",57,1,"","","","","","","","","","","","","","","","","","","","","","","","","","","","","","","","","","","","","","","","","","","","","","","","","","","","","","","","","","","","","","","","","","","","","","","","","","","","","","","","","","","","","","","","","","","","","","","","","","",264,1,"","","","","","","","","","","","","","","","","","","","","","","","","","","","","",""
"61328002","LE PIN-AU-HARAS -INRAE",48.735833,0.128167,176,2002061611,0.,1,"","","","","","","","","","","","","","","","","","","","","","","","","","","","","","","","","","",23.1,1,"","","","","","","","","","","","","","","","","","","","","","","","","","","","",58,1,"","","","","","","","","","","","","","","","","","","","","","","","","","","","","","","","","","","","","","","","","","","","","","","","","","","","","","","","","","","","","","","","","","","","","","","","","","","","","","","","","","","","","","","","","","","","","","","","","","",298,1,"","","","","","","","","","","","","","","","","","","","","","","","","","","","","",""
"61328002","LE PIN-AU-HARAS -INRAE",48.735833,0.128167,176,2002061612,0.,1,"","","","","","","","","","","","","","","","","","","","","","","","","","","","","","","","","","",24.6,1,"","","","","","","","","","","","","","","","","","","","","","","","","","","","",56,1,"","","","","","","","","","","","","","","","","","","","","","","","","","","","","","","","","","","","","","","","","","","","","","","","","","","","","","","","","","","","","","","","","","","","","","","","","","","","","","","","","","","","","","","","","","","","","","","","","","",328,1,"","","","","","","","","","","","","","","","","","","","","","","","","","","","","",""
"61328002","LE PIN-AU-HARAS -INRAE",48.735833,0.128167,176,2002061613,0.,1,"","","","","","","","","","","","","","","","","","","","","","","","","","","","","","","","","","",25.,1,"","","","","","","","","","","","","","","","","","","","","","","","","","","","",56,1,"","","","","","","","","","","","","","","","","","","","","","","","","","","","","","","","","","","","","","","","","","","","","","","","","","","","","","","","","","","","","","","","","","","","","","","","","","","","","","","","","","","","","","","","","","","","","","","","","","",338,1,"","","","","","","","","","","","","","","","","","","","","","","","","","","","","",""
"61328002","LE PIN-AU-HARAS -INRAE",48.735833,0.128167,176,2002061614,0.,1,"","","","","","","","","","","","","","","","","","","","","","","","","","","","","","","","","","",24.7,1,"","","","","","","","","","","","","","","","","","","","","","","","","","","","",47,1,"","","","","","","","","","","","","","","","","","","","","","","","","","","","","","","","","","","","","","","","","","","","","","","","","","","","","","","","","","","","","","","","","","","","","","","","","","","","","","","","","","","","","","","","","","","","","","","","","","",310,1,"","","","","","","","","","","","","","","","","","","","","","","","","","","","","",""
"61328002","LE PIN-AU-HARAS -INRAE",48.735833,0.128167,176,2002061615,0.,1,"","","","","","","","","","","","","","","","","","","","","","","","","","","","","","","","","","",26.4,1,"","","","","","","","","","","","","","","","","","","","","","","","","","","","",42,1,"","","","","","","","","","","","","","","","","","","","","","","","","","","","","","","","","","","","","","","","","","","","","","","","","","","","","","","","","","","","","","","","","","","","","","","","","","","","","","","","","","","","","","","","","","","","","","","","","","",284,1,"","","","","","","","","","","","","","","","","","","","","","","","","","","","","",""
"61328002","LE PIN-AU-HARAS -INRAE",48.735833,0.128167,176,2002061616,0.,1,"","","","","","","","","","","","","","","","","","","","","","","","","","","","","","","","","","",26.4,1,"","","","","","","","","","","","","","","","","","","","","","","","","","","","",48,1,"","","","","","","","","","","","","","","","","","","","","","","","","","","","","","","","","","","","","","","","","","","","","","","","","","","","","","","","","","","","","","","","","","","","","","","","","","","","","","","","","","","","","","","","","","","","","","","","","","",238,1,"","","","","","","","","","","","","","","","","","","","","","","","","","","","","",""
"61328002","LE PIN-AU-HARAS -INRAE",48.735833,0.128167,176,2002061617,0.,1,"","","","","","","","","","","","","","","","","","","","","","","","","","","","","","","","","","",26.3,1,"","","","","","","","","","","","","","","","","","","","","","","","","","","","",43,1,"","","","","","","","","","","","","","","","","","","","","","","","","","","","","","","","","","","","","","","","","","","","","","","","","","","","","","","","","","","","","","","","","","","","","","","","","","","","","","","","","","","","","","","","","","","","","","","","","","",174,1,"","","","","","","","","","","","","","","","","","","","","","","","","","","","","",""
"61328002","LE PIN-AU-HARAS -INRAE",48.735833,0.128167,176,2002061618,0.,1,"","","","","","","","","","","","","","","","","","","","","","","","","","","","","","","","","","",26.2,1,"","","","","","","","","","","","","","","","","","","","","","","","","","","","",52,1,"","","","","","","","","","","","","","","","","","","","","","","","","","","","","","","","","","","","","","","","","","","","","","","","","","","","","","","","","","","","","","","","","","","","","","","","","","","","","","","","","","","","","","","","","","","","","","","","","","",104,1,"","","","","","","","","","","","","","","","","","","","","","","","","","","","","",""
"61328002","LE PIN-AU-HARAS -INRAE",48.735833,0.128167,176,2002061619,0.,1,"","","","","","","","","","","","","","","","","","","","","","","","","","","","","","","","","","",20.8,1,"","","","","","","","","","","","","","","","","","","","","","","","","","","","",80,1,"","","","","","","","","","","","","","","","","","","","","","","","","","","","","","","","","","","","","","","","","","","","","","","","","","","","","","","","","","","","","","","","","","","","","","","","","","","","","","","","","","","","","","","","","","","","","","","","","","",38,1,"","","","","","","","","","","","","","","","","","","","","","","","","","","","","",""
"61328002","LE PIN-AU-HARAS -INRAE",48.735833,0.128167,176,2002061620,0.,1,"","","","","","","","","","","","","","","","","","","","","","","","","","","","","","","","","","",18.1,1,"","","","","","","","","","","","","","","","","","","","","","","","","","","","",89,1,"","","","","","","","","","","","","","","","","","","","","","","","","","","","","","","","","","","","","","","","","","","","","","","","","","","","","","","","","","","","","","","","","","","","","","","","","","","","","","","","","","","","","","","","","","","","","","","","","","",10,1,"","","","","","","","","","","","","","","","","","","","","","","","","","","","","",""
"61328002","LE PIN-AU-HARAS -INRAE",48.735833,0.128167,176,2002061621,0.,1,"","","","","","","","","","","","","","","","","","","","","","","","","","","","","","","","","","",16.3,1,"","","","","","","","","","","","","","","","","","","","","","","","","","","","",95,1,"","","","","","","","","","","","","","","","","","","","","","","","","","","","","","","","","","","","","","","","","","","","","","","","","","","","","","","","","","","","","","","","","","","","","","","","","","","","","","","","","","","","","","","","","","","","","","","","","","",0,1,"","","","","","","","","","","","","","","","","","","","","","","","","","","","","",""
"61328002","LE PIN-AU-HARAS -INRAE",48.735833,0.128167,176,2002061622,0.,1,"","","","","","","","","","","","","","","","","","","","","","","","","","","","","","","","","","",15.,1,"","","","","","","","","","","","","","","","","","","","","","","","","","","","",97,1,"","","","","","","","","","","","","","","","","","","","","","","","","","","","","","","","","","","","","","","","","","","","","","","","","","","","","","","","","","","","","","","","","","","","","","","","","","","","","","","","","","","","","","","","","","","","","","","","","","",0,1,"","","","","","","","","","","","","","","","","","","","","","","","","","","","","",""
"61328002","LE PIN-AU-HARAS -INRAE",48.735833,0.128167,176,2002061623,0.,1,"","","","","","","","","","","","","","","","","","","","","","","","","","","","","","","","","","",15.3,1,"","","","","","","","","","","","","","","","","","","","","","","","","","","","",99,1,"","","","","","","","","","","","","","","","","","","","","","","","","","","","","","","","","","","","","","","","","","","","","","","","","","","","","","","","","","","","","","","","","","","","","","","","","","","","","","","","","","","","","","","","","","","","","","","","","","",0,1,"","","","","","","","","","","","","","","","","","","","","","","","","","","","","",""
"61328002","LE PIN-AU-HARAS -INRAE",48.735833,0.128167,176,2002061700,0.,1,"","","","","","","","","","","","","","","","","","","","","","","","","","","","","","","","","","",14.8,1,"","","","","","","","","","","","","","","","","","","","","","","","","","","","",100,1,"","","","","","","","","","","","","","","","","","","","","","","","","","","","","","","","","","","","","","","","","","","","","","","","","","","","","","","","","","","","","","","","","","","","","","","","","","","","","","","","","","","","","","","","","","","","","","","","","","",0,1,"","","","","","","","","","","","","","","","","","","","","","","","","","","","","",""
"61328002","LE PIN-AU-HARAS -INRAE",48.735833,0.128167,176,2002061701,0.,1,"","","","","","","","","","","","","","","","","","","","","","","","","","","","","","","","","","",15.2,1,"","","","","","","","","","","","","","","","","","","","","","","","","","","","",100,1,"","","","","","","","","","","","","","","","","","","","","","","","","","","","","","","","","","","","","","","","","","","","","","","","","","","","","","","","","","","","","","","","","","","","","","","","","","","","","","","","","","","","","","","","","","","","","","","","","","",0,1,"","","","","","","","","","","","","","","","","","","","","","","","","","","","","",""
"61328002","LE PIN-AU-HARAS -INRAE",48.735833,0.128167,176,2002061702,0.,1,"","","","","","","","","","","","","","","","","","","","","","","","","","","","","","","","","","",15.1,1,"","","","","","","","","","","","","","","","","","","","","","","","","","","","",100,1,"","","","","","","","","","","","","","","","","","","","","","","","","","","","","","","","","","","","","","","","","","","","","","","","","","","","","","","","","","","","","","","","","","","","","","","","","","","","","","","","","","","","","","","","","","","","","","","","","","",0,1,"","","","","","","","","","","","","","","","","","","","","","","","","","","","","",""
"61328002","LE PIN-AU-HARAS -INRAE",48.735833,0.128167,176,2002061703,0.,1,"","","","","","","","","","","","","","","","","","","","","","","","","","","","","","","","","","",16.,1,"","","","","","","","","","","","","","","","","","","","","","","","","","","","",100,1,"","","","","","","","","","","","","","","","","","","","","","","","","","","","","","","","","","","","","","","","","","","","","","","","","","","","","","","","","","","","","","","","","","","","","","","","","","","","","","","","","","","","","","","","","","","","","","","","","","",0,1,"","","","","","","","","","","","","","","","","","","","","","","","","","","","","",""
"61328002","LE PIN-AU-HARAS -INRAE",48.735833,0.128167,176,2002061704,0.,1,"","","","","","","","","","","","","","","","","","","","","","","","","","","","","","","","","","",15.4,1,"","","","","","","","","","","","","","","","","","","","","","","","","","","","",100,1,"","","","","","","","","","","","","","","","","","","","","","","","","","","","","","","","","","","","","","","","","","","","","","","","","","","","","","","","","","","","","","","","","","","","","","","","","","","","","","","","","","","","","","","","","","","","","","","","","","",0,1,"","","","","","","","","","","","","","","","","","","","","","","","","","","","","",""
"61328002","LE PIN-AU-HARAS -INRAE",48.735833,0.128167,176,2002061705,0.,1,"","","","","","","","","","","","","","","","","","","","","","","","","","","","","","","","","","",15.9,1,"","","","","","","","","","","","","","","","","","","","","","","","","","","","",100,1,"","","","","","","","","","","","","","","","","","","","","","","","","","","","","","","","","","","","","","","","","","","","","","","","","","","","","","","","","","","","","","","","","","","","","","","","","","","","","","","","","","","","","","","","","","","","","","","","","","",6,1,"","","","","","","","","","","","","","","","","","","","","","","","","","","","","",""
"61328002","LE PIN-AU-HARAS -INRAE",48.735833,0.128167,176,2002061706,0.,1,"","","","","","","","","","","","","","","","","","","","","","","","","","","","","","","","","","",20.2,1,"","","","","","","","","","","","","","","","","","","","","","","","","","","","",100,1,"","","","","","","","","","","","","","","","","","","","","","","","","","","","","","","","","","","","","","","","","","","","","","","","","","","","","","","","","","","","","","","","","","","","","","","","","","","","","","","","","","","","","","","","","","","","","","","","","","",50,1,"","","","","","","","","","","","","","","","","","","","","","","","","","","","","",""
"61328002","LE PIN-AU-HARAS -INRAE",48.735833,0.128167,176,2002061707,0.,1,"","","","","","","","","","","","","","","","","","","","","","","","","","","","","","","","","","",23.4,1,"","","","","","","","","","","","","","","","","","","","","","","","","","","","",75,1,"","","","","","","","","","","","","","","","","","","","","","","","","","","","","","","","","","","","","","","","","","","","","","","","","","","","","","","","","","","","","","","","","","","","","","","","","","","","","","","","","","","","","","","","","","","","","","","","","","",110,1,"","","","","","","","","","","","","","","","","","","","","","","","","","","","","",""
"61328002","LE PIN-AU-HARAS -INRAE",48.735833,0.128167,176,2002061708,0.,1,"","","","","","","","","","","","","","","","","","","","","","","","","","","","","","","","","","",25.8,1,"","","","","","","","","","","","","","","","","","","","","","","","","","","","",67,1,"","","","","","","","","","","","","","","","","","","","","","","","","","","","","","","","","","","","","","","","","","","","","","","","","","","","","","","","","","","","","","","","","","","","","","","","","","","","","","","","","","","","","","","","","","","","","","","","","","",166,1,"","","","","","","","","","","","","","","","","","","","","","","","","","","","","",""
"61328002","LE PIN-AU-HARAS -INRAE",48.735833,0.128167,176,2002061709,0.,1,"","","","","","","","","","","","","","","","","","","","","","","","","","","","","","","","","","",27.2,1,"","","","","","","","","","","","","","","","","","","","","","","","","","","","",53,1,"","","","","","","","","","","","","","","","","","","","","","","","","","","","","","","","","","","","","","","","","","","","","","","","","","","","","","","","","","","","","","","","","","","","","","","","","","","","","","","","","","","","","","","","","","","","","","","","","","",224,1,"","","","","","","","","","","","","","","","","","","","","","","","","","","","","",""
"61328002","LE PIN-AU-HARAS -INRAE",48.735833,0.128167,176,2002061710,0.,1,"","","","","","","","","","","","","","","","","","","","","","","","","","","","","","","","","","",27.2,1,"","","","","","","","","","","","","","","","","","","","","","","","","","","","",46,1,"","","","","","","","","","","","","","","","","","","","","","","","","","","","","","","","","","","","","","","","","","","","","","","","","","","","","","","","","","","","","","","","","","","","","","","","","","","","","","","","","","","","","","","","","","","","","","","","","","",260,1,"","","","","","","","","","","","","","","","","","","","","","","","","","","","","",""
"61328002","LE PIN-AU-HARAS -INRAE",48.735833,0.128167,176,2002061711,0.,1,"","","","","","","","","","","","","","","","","","","","","","","","","","","","","","","","","","",29.1,1,"","","","","","","","","","","","","","","","","","","","","","","","","","","","",51,1,"","","","","","","","","","","","","","","","","","","","","","","","","","","","","","","","","","","","","","","","","","","","","","","","","","","","","","","","","","","","","","","","","","","","","","","","","","","","","","","","","","","","","","","","","","","","","","","","","","",258,1,"","","","","","","","","","","","","","","","","","","","","","","","","","","","","",""
"61328002","LE PIN-AU-HARAS -INRAE",48.735833,0.128167,176,2002061712,0.,1,"","","","","","","","","","","","","","","","","","","","","","","","","","","","","","","","","","",28.7,1,"","","","","","","","","","","","","","","","","","","","","","","","","","","","",54,1,"","","","","","","","","","","","","","","","","","","","","","","","","","","","","","","","","","","","","","","","","","","","","","","","","","","","","","","","","","","","","","","","","","","","","","","","","","","","","","","","","","","","","","","","","","","","","","","","","","",254,1,"","","","","","","","","","","","","","","","","","","","","","","","","","","","","",""
"61328002","LE PIN-AU-HARAS -INRAE",48.735833,0.128167,176,2002061713,0.,1,"","","","","","","","","","","","","","","","","","","","","","","","","","","","","","","","","","",29.4,1,"","","","","","","","","","","","","","","","","","","","","","","","","","","","",44,1,"","","","","","","","","","","","","","","","","","","","","","","","","","","","","","","","","","","","","","","","","","","","","","","","","","","","","","","","","","","","","","","","","","","","","","","","","","","","","","","","","","","","","","","","","","","","","","","","","","",278,1,"","","","","","","","","","","","","","","","","","","","","","","","","","","","","",""
"61328002","LE PIN-AU-HARAS -INRAE",48.735833,0.128167,176,2002061714,0.,1,"","","","","","","","","","","","","","","","","","","","","","","","","","","","","","","","","","",29.9,1,"","","","","","","","","","","","","","","","","","","","","","","","","","","","",37,1,"","","","","","","","","","","","","","","","","","","","","","","","","","","","","","","","","","","","","","","","","","","","","","","","","","","","","","","","","","","","","","","","","","","","","","","","","","","","","","","","","","","","","","","","","","","","","","","","","","",306,1,"","","","","","","","","","","","","","","","","","","","","","","","","","","","","",""
"61328002","LE PIN-AU-HARAS -INRAE",48.735833,0.128167,176,2002061715,0.,1,"","","","","","","","","","","","","","","","","","","","","","","","","","","","","","","","","","",30.3,1,"","","","","","","","","","","","","","","","","","","","","","","","","","","","",45,1,"","","","","","","","","","","","","","","","","","","","","","","","","","","","","","","","","","","","","","","","","","","","","","","","","","","","","","","","","","","","","","","","","","","","","","","","","","","","","","","","","","","","","","","","","","","","","","","","","","",268,1,"","","","","","","","","","","","","","","","","","","","","","","","","","","","","",""
"61328002","LE PIN-AU-HARAS -INRAE",48.735833,0.128167,176,2002061716,0.,1,"","","","","","","","","","","","","","","","","","","","","","","","","","","","","","","","","","",30.5,1,"","","","","","","","","","","","","","","","","","","","","","","","","","","","",48,1,"","","","","","","","","","","","","","","","","","","","","","","","","","","","","","","","","","","","","","","","","","","","","","","","","","","","","","","","","","","","","","","","","","","","","","","","","","","","","","","","","","","","","","","","","","","","","","","","","","",204,1,"","","","","","","","","","","","","","","","","","","","","","","","","","","","","",""
"61328002","LE PIN-AU-HARAS -INRAE",48.735833,0.128167,176,2002061717,0.,1,"","","","","","","","","","","","","","","","","","","","","","","","","","","","","","","","","","",30.4,1,"","","","","","","","","","","","","","","","","","","","","","","","","","","","",57,1,"","","","","","","","","","","","","","","","","","","","","","","","","","","","","","","","","","","","","","","","","","","","","","","","","","","","","","","","","","","","","","","","","","","","","","","","","","","","","","","","","","","","","","","","","","","","","","","","","","",134,1,"","","","","","","","","","","","","","","","","","","","","","","","","","","","","",""
"61328002","LE PIN-AU-HARAS -INRAE",48.735833,0.128167,176,2002061718,0.,1,"","","","","","","","","","","","","","","","","","","","","","","","","","","","","","","","","","",26.7,1,"","","","","","","","","","","","","","","","","","","","","","","","","","","","",69,1,"","","","","","","","","","","","","","","","","","","","","","","","","","","","","","","","","","","","","","","","","","","","","","","","","","","","","","","","","","","","","","","","","","","","","","","","","","","","","","","","","","","","","","","","","","","","","","","","","","",44,1,"","","","","","","","","","","","","","","","","","","","","","","","","","","","","",""
"61328002","LE PIN-AU-HARAS -INRAE",48.735833,0.128167,176,2002061719,0.,1,"","","","","","","","","","","","","","","","","","","","","","","","","","","","","","","","","","",25.,1,"","","","","","","","","","","","","","","","","","","","","","","","","","","","",70,1,"","","","","","","","","","","","","","","","","","","","","","","","","","","","","","","","","","","","","","","","","","","","","","","","","","","","","","","","","","","","","","","","","","","","","","","","","","","","","","","","","","","","","","","","","","","","","","","","","","",38,1,"","","","","","","","","","","","","","","","","","","","","","","","","","","","","",""
"61328002","LE PIN-AU-HARAS -INRAE",48.735833,0.128167,176,2002061720,0.,1,"","","","","","","","","","","","","","","","","","","","","","","","","","","","","","","","","","",22.8,1,"","","","","","","","","","","","","","","","","","","","","","","","","","","","",75,1,"","","","","","","","","","","","","","","","","","","","","","","","","","","","","","","","","","","","","","","","","","","","","","","","","","","","","","","","","","","","","","","","","","","","","","","","","","","","","","","","","","","","","","","","","","","","","","","","","","",8,1,"","","","","","","","","","","","","","","","","","","","","","","","","","","","","",""
"61328002","LE PIN-AU-HARAS -INRAE",48.735833,0.128167,176,2002061721,0.,1,"","","","","","","","","","","","","","","","","","","","","","","","","","","","","","","","","","",20.3,1,"","","","","","","","","","","","","","","","","","","","","","","","","","","","",79,1,"","","","","","","","","","","","","","","","","","","","","","","","","","","","","","","","","","","","","","","","","","","","","","","","","","","","","","","","","","","","","","","","","","","","","","","","","","","","","","","","","","","","","","","","","","","","","","","","","","",0,1,"","","","","","","","","","","","","","","","","","","","","","","","","","","","","",""
"61328002","LE PIN-AU-HARAS -INRAE",48.735833,0.128167,176,2002061722,0.,1,"","","","","","","","","","","","","","","","","","","","","","","","","","","","","","","","","","",17.5,1,"","","","","","","","","","","","","","","","","","","","","","","","","","","","",87,1,"","","","","","","","","","","","","","","","","","","","","","","","","","","","","","","","","","","","","","","","","","","","","","","","","","","","","","","","","","","","","","","","","","","","","","","","","","","","","","","","","","","","","","","","","","","","","","","","","","",0,1,"","","","","","","","","","","","","","","","","","","","","","","","","","","","","",""
"61328002","LE PIN-AU-HARAS -INRAE",48.735833,0.128167,176,2002061723,0.,1,"","","","","","","","","","","","","","","","","","","","","","","","","","","","","","","","","","",15.6,1,"","","","","","","","","","","","","","","","","","","","","","","","","","","","",96,1,"","","","","","","","","","","","","","","","","","","","","","","","","","","","","","","","","","","","","","","","","","","","","","","","","","","","","","","","","","","","","","","","","","","","","","","","","","","","","","","","","","","","","","","","","","","","","","","","","","",0,1,"","","","","","","","","","","","","","","","","","","","","","","","","","","","","",""
"61328002","LE PIN-AU-HARAS -INRAE",48.735833,0.128167,176,2002061800,0.,1,"","","","","","","","","","","","","","","","","","","","","","","","","","","","","","","","","","",15.,1,"","","","","","","","","","","","","","","","","","","","","","","","","","","","",99,1,"","","","","","","","","","","","","","","","","","","","","","","","","","","","","","","","","","","","","","","","","","","","","","","","","","","","","","","","","","","","","","","","","","","","","","","","","","","","","","","","","","","","","","","","","","","","","","","","","","",0,1,"","","","","","","","","","","","","","","","","","","","","","","","","","","","","",""
"61328002","LE PIN-AU-HARAS -INRAE",48.735833,0.128167,176,2002061801,0.,1,"","","","","","","","","","","","","","","","","","","","","","","","","","","","","","","","","","",14.8,1,"","","","","","","","","","","","","","","","","","","","","","","","","","","","",100,1,"","","","","","","","","","","","","","","","","","","","","","","","","","","","","","","","","","","","","","","","","","","","","","","","","","","","","","","","","","","","","","","","","","","","","","","","","","","","","","","","","","","","","","","","","","","","","","","","","","",0,1,"","","","","","","","","","","","","","","","","","","","","","","","","","","","","",""
"61328002","LE PIN-AU-HARAS -INRAE",48.735833,0.128167,176,2002061802,0.,1,"","","","","","","","","","","","","","","","","","","","","","","","","","","","","","","","","","",14.6,1,"","","","","","","","","","","","","","","","","","","","","","","","","","","","",100,1,"","","","","","","","","","","","","","","","","","","","","","","","","","","","","","","","","","","","","","","","","","","","","","","","","","","","","","","","","","","","","","","","","","","","","","","","","","","","","","","","","","","","","","","","","","","","","","","","","","",0,1,"","","","","","","","","","","","","","","","","","","","","","","","","","","","","",""
"61328002","LE PIN-AU-HARAS -INRAE",48.735833,0.128167,176,2002061803,0.,1,"","","","","","","","","","","","","","","","","","","","","","","","","","","","","","","","","","",14.5,1,"","","","","","","","","","","","","","","","","","","","","","","","","","","","",100,1,"","","","","","","","","","","","","","","","","","","","","","","","","","","","","","","","","","","","","","","","","","","","","","","","","","","","","","","","","","","","","","","","","","","","","","","","","","","","","","","","","","","","","","","","","","","","","","","","","","",0,1,"","","","","","","","","","","","","","","","","","","","","","","","","","","","","",""
"61328002","LE PIN-AU-HARAS -INRAE",48.735833,0.128167,176,2002061804,0.,1,"","","","","","","","","","","","","","","","","","","","","","","","","","","","","","","","","","",14.6,1,"","","","","","","","","","","","","","","","","","","","","","","","","","","","",100,1,"","","","","","","","","","","","","","","","","","","","","","","","","","","","","","","","","","","","","","","","","","","","","","","","","","","","","","","","","","","","","","","","","","","","","","","","","","","","","","","","","","","","","","","","","","","","","","","","","","",0,1,"","","","","","","","","","","","","","","","","","","","","","","","","","","","","",""
"61328002","LE PIN-AU-HARAS -INRAE",48.735833,0.128167,176,2002061805,0.,1,"","","","","","","","","","","","","","","","","","","","","","","","","","","","","","","","","","",14.7,1,"","","","","","","","","","","","","","","","","","","","","","","","","","","","",100,1,"","","","","","","","","","","","","","","","","","","","","","","","","","","","","","","","","","","","","","","","","","","","","","","","","","","","","","","","","","","","","","","","","","","","","","","","","","","","","","","","","","","","","","","","","","","","","","","","","","",4,1,"","","","","","","","","","","","","","","","","","","","","","","","","","","","","",""
"61328002","LE PIN-AU-HARAS -INRAE",48.735833,0.128167,176,2002061806,0.,1,"","","","","","","","","","","","","","","","","","","","","","","","","","","","","","","","","","",14.6,1,"","","","","","","","","","","","","","","","","","","","","","","","","","","","",100,1,"","","","","","","","","","","","","","","","","","","","","","","","","","","","","","","","","","","","","","","","","","","","","","","","","","","","","","","","","","","","","","","","","","","","","","","","","","","","","","","","","","","","","","","","","","","","","","","","","","",14,1,"","","","","","","","","","","","","","","","","","","","","","","","","","","","","",""
"61328002","LE PIN-AU-HARAS -INRAE",48.735833,0.128167,176,2002061807,0.,1,"","","","","","","","","","","","","","","","","","","","","","","","","","","","","","","","","","",15.,1,"","","","","","","","","","","","","","","","","","","","","","","","","","","","",100,1,"","","","","","","","","","","","","","","","","","","","","","","","","","","","","","","","","","","","","","","","","","","","","","","","","","","","","","","","","","","","","","","","","","","","","","","","","","","","","","","","","","","","","","","","","","","","","","","","","","",34,1,"","","","","","","","","","","","","","","","","","","","","","","","","","","","","",""
"61328002","LE PIN-AU-HARAS -INRAE",48.735833,0.128167,176,2002061808,0.,1,"","","","","","","","","","","","","","","","","","","","","","","","","","","","","","","","","","",15.2,1,"","","","","","","","","","","","","","","","","","","","","","","","","","","","",100,1,"","","","","","","","","","","","","","","","","","","","","","","","","","","","","","","","","","","","","","","","","","","","","","","","","","","","","","","","","","","","","","","","","","","","","","","","","","","","","","","","","","","","","","","","","","","","","","","","","","",32,1,"","","","","","","","","","","","","","","","","","","","","","","","","","","","","",""
"61328002","LE PIN-AU-HARAS -INRAE",48.735833,0.128167,176,2002061809,0.,1,"","","","","","","","","","","","","","","","","","","","","","","","","","","","","","","","","","",15.6,1,"","","","","","","","","","","","","","","","","","","","","","","","","","","","",100,1,"","","","","","","","","","","","","","","","","","","","","","","","","","","","","","","","","","","","","","","","","","","","","","","","","","","","","","","","","","","","","","","","","","","","","","","","","","","","","","","","","","","","","","","","","","","","","","","","","","",22,1,"","","","","","","","","","","","","","","","","","","","","","","","","","","","","",""
"61328002","LE PIN-AU-HARAS -INRAE",48.735833,0.128167,176,2002061810,0.5,1,"","","","","","","","","","","","","","","","","","","","","","","","","","","","","","","","","","",15.8,1,"","","","","","","","","","","","","","","","","","","","","","","","","","","","",100,1,"","","","","","","","","","","","","","","","","","","","","","","","","","","","","","","","","","","","","","","","","","","","","","","","","","","","","","","","","","","","","","","","","","","","","","","","","","","","","","","","","","","","","","","","","","","","","","","","","","",24,1,"","","","","","","","","","","","","","","","","","","","","","","","","","","","","",""
"61328002","LE PIN-AU-HARAS -INRAE",48.735833,0.128167,176,2002061811,0.,1,"","","","","","","","","","","","","","","","","","","","","","","","","","","","","","","","","","",16.1,1,"","","","","","","","","","","","","","","","","","","","","","","","","","","","",100,1,"","","","","","","","","","","","","","","","","","","","","","","","","","","","","","","","","","","","","","","","","","","","","","","","","","","","","","","","","","","","","","","","","","","","","","","","","","","","","","","","","","","","","","","","","","","","","","","","","","",34,1,"","","","","","","","","","","","","","","","","","","","","","","","","","","","","",""
"61328002","LE PIN-AU-HARAS -INRAE",48.735833,0.128167,176,2002061812,0.,1,"","","","","","","","","","","","","","","","","","","","","","","","","","","","","","","","","","",18.1,1,"","","","","","","","","","","","","","","","","","","","","","","","","","","","",100,1,"","","","","","","","","","","","","","","","","","","","","","","","","","","","","","","","","","","","","","","","","","","","","","","","","","","","","","","","","","","","","","","","","","","","","","","","","","","","","","","","","","","","","","","","","","","","","","","","","","",82,1,"","","","","","","","","","","","","","","","","","","","","","","","","","","","","",""
"61328002","LE PIN-AU-HARAS -INRAE",48.735833,0.128167,176,2002061813,0.,1,"","","","","","","","","","","","","","","","","","","","","","","","","","","","","","","","","","",19.9,1,"","","","","","","","","","","","","","","","","","","","","","","","","","","","",87,1,"","","","","","","","","","","","","","","","","","","","","","","","","","","","","","","","","","","","","","","","","","","","","","","","","","","","","","","","","","","","","","","","","","","","","","","","","","","","","","","","","","","","","","","","","","","","","","","","","","",182,1,"","","","","","","","","","","","","","","","","","","","","","","","","","","","","",""
"61328002","LE PIN-AU-HARAS -INRAE",48.735833,0.128167,176,2002061814,0.,1,"","","","","","","","","","","","","","","","","","","","","","","","","","","","","","","","","","",21.7,1,"","","","","","","","","","","","","","","","","","","","","","","","","","","","",70,1,"","","","","","","","","","","","","","","","","","","","","","","","","","","","","","","","","","","","","","","","","","","","","","","","","","","","","","","","","","","","","","","","","","","","","","","","","","","","","","","","","","","","","","","","","","","","","","","","","","",238,1,"","","","","","","","","","","","","","","","","","","","","","","","","","","","","",""
"61328002","LE PIN-AU-HARAS -INRAE",48.735833,0.128167,176,2002061815,0.5,1,"","","","","","","","","","","","","","","","","","","","","","","","","","","","","","","","","","",21.1,1,"","","","","","","","","","","","","","","","","","","","","","","","","","","","",62,1,"","","","","","","","","","","","","","","","","","","","","","","","","","","","","","","","","","","","","","","","","","","","","","","","","","","","","","","","","","","","","","","","","","","","","","","","","","","","","","","","","","","","","","","","","","","","","","","","","","",176,1,"","","","","","","","","","","","","","","","","","","","","","","","","","","","","",""
"61328002","LE PIN-AU-HARAS -INRAE",48.735833,0.128167,176,2002061816,0.,1,"","","","","","","","","","","","","","","","","","","","","","","","","","","","","","","","","","",20.8,1,"","","","","","","","","","","","","","","","","","","","","","","","","","","","",65,1,"","","","","","","","","","","","","","","","","","","","","","","","","","","","","","","","","","","","","","","","","","","","","","","","","","","","","","","","","","","","","","","","","","","","","","","","","","","","","","","","","","","","","","","","","","","","","","","","","","",160,1,"","","","","","","","","","","","","","","","","","","","","","","","","","","","","",""
"61328002","LE PIN-AU-HARAS -INRAE",48.735833,0.128167,176,2002061817,0.,1,"","","","","","","","","","","","","","","","","","","","","","","","","","","","","","","","","","",20.9,1,"","","","","","","","","","","","","","","","","","","","","","","","","","","","",66,1,"","","","","","","","","","","","","","","","","","","","","","","","","","","","","","","","","","","","","","","","","","","","","","","","","","","","","","","","","","","","","","","","","","","","","","","","","","","","","","","","","","","","","","","","","","","","","","","","","","",148,1,"","","","","","","","","","","","","","","","","","","","","","","","","","","","","",""
"61328002","LE PIN-AU-HARAS -INRAE",48.735833,0.128167,176,2002061818,0.,1,"","","","","","","","","","","","","","","","","","","","","","","","","","","","","","","","","","",19.1,1,"","","","","","","","","","","","","","","","","","","","","","","","","","","","",67,1,"","","","","","","","","","","","","","","","","","","","","","","","","","","","","","","","","","","","","","","","","","","","","","","","","","","","","","","","","","","","","","","","","","","","","","","","","","","","","","","","","","","","","","","","","","","","","","","","","","",108,1,"","","","","","","","","","","","","","","","","","","","","","","","","","","","","",""
"61328002","LE PIN-AU-HARAS -INRAE",48.735833,0.128167,176,2002061819,0.,1,"","","","","","","","","","","","","","","","","","","","","","","","","","","","","","","","","","",18.3,1,"","","","","","","","","","","","","","","","","","","","","","","","","","","","",70,1,"","","","","","","","","","","","","","","","","","","","","","","","","","","","","","","","","","","","","","","","","","","","","","","","","","","","","","","","","","","","","","","","","","","","","","","","","","","","","","","","","","","","","","","","","","","","","","","","","","",50,1,"","","","","","","","","","","","","","","","","","","","","","","","","","","","","",""
"61328002","LE PIN-AU-HARAS -INRAE",48.735833,0.128167,176,2002061820,0.,1,"","","","","","","","","","","","","","","","","","","","","","","","","","","","","","","","","","",15.6,1,"","","","","","","","","","","","","","","","","","","","","","","","","","","","",83,1,"","","","","","","","","","","","","","","","","","","","","","","","","","","","","","","","","","","","","","","","","","","","","","","","","","","","","","","","","","","","","","","","","","","","","","","","","","","","","","","","","","","","","","","","","","","","","","","","","","",14,1,"","","","","","","","","","","","","","","","","","","","","","","","","","","","","",""
"61328002","LE PIN-AU-HARAS -INRAE",48.735833,0.128167,176,2002061821,0.,1,"","","","","","","","","","","","","","","","","","","","","","","","","","","","","","","","","","",12.5,1,"","","","","","","","","","","","","","","","","","","","","","","","","","","","",94,1,"","","","","","","","","","","","","","","","","","","","","","","","","","","","","","","","","","","","","","","","","","","","","","","","","","","","","","","","","","","","","","","","","","","","","","","","","","","","","","","","","","","","","","","","","","","","","","","","","","",0,1,"","","","","","","","","","","","","","","","","","","","","","","","","","","","","",""
"61328002","LE PIN-AU-HARAS -INRAE",48.735833,0.128167,176,2002061822,0.,1,"","","","","","","","","","","","","","","","","","","","","","","","","","","","","","","","","","",12.4,1,"","","","","","","","","","","","","","","","","","","","","","","","","","","","",97,1,"","","","","","","","","","","","","","","","","","","","","","","","","","","","","","","","","","","","","","","","","","","","","","","","","","","","","","","","","","","","","","","","","","","","","","","","","","","","","","","","","","","","","","","","","","","","","","","","","","",0,1,"","","","","","","","","","","","","","","","","","","","","","","","","","","","","",""
"61328002","LE PIN-AU-HARAS -INRAE",48.735833,0.128167,176,2002061823,0.,1,"","","","","","","","","","","","","","","","","","","","","","","","","","","","","","","","","","",11.8,1,"","","","","","","","","","","","","","","","","","","","","","","","","","","","",99,1,"","","","","","","","","","","","","","","","","","","","","","","","","","","","","","","","","","","","","","","","","","","","","","","","","","","","","","","","","","","","","","","","","","","","","","","","","","","","","","","","","","","","","","","","","","","","","","","","","","",0,1,"","","","","","","","","","","","","","","","","","","","","","","","","","","","","",""
"61328002","LE PIN-AU-HARAS -INRAE",48.735833,0.128167,176,2002061900,0.,1,"","","","","","","","","","","","","","","","","","","","","","","","","","","","","","","","","","",11.1,1,"","","","","","","","","","","","","","","","","","","","","","","","","","","","",99,1,"","","","","","","","","","","","","","","","","","","","","","","","","","","","","","","","","","","","","","","","","","","","","","","","","","","","","","","","","","","","","","","","","","","","","","","","","","","","","","","","","","","","","","","","","","","","","","","","","","",0,1,"","","","","","","","","","","","","","","","","","","","","","","","","","","","","",""
"61328002","LE PIN-AU-HARAS -INRAE",48.735833,0.128167,176,2002061901,0.,1,"","","","","","","","","","","","","","","","","","","","","","","","","","","","","","","","","","",10.7,1,"","","","","","","","","","","","","","","","","","","","","","","","","","","","",100,1,"","","","","","","","","","","","","","","","","","","","","","","","","","","","","","","","","","","","","","","","","","","","","","","","","","","","","","","","","","","","","","","","","","","","","","","","","","","","","","","","","","","","","","","","","","","","","","","","","","",0,1,"","","","","","","","","","","","","","","","","","","","","","","","","","","","","",""
"61328002","LE PIN-AU-HARAS -INRAE",48.735833,0.128167,176,2002061902,0.,1,"","","","","","","","","","","","","","","","","","","","","","","","","","","","","","","","","","",11.5,1,"","","","","","","","","","","","","","","","","","","","","","","","","","","","",100,1,"","","","","","","","","","","","","","","","","","","","","","","","","","","","","","","","","","","","","","","","","","","","","","","","","","","","","","","","","","","","","","","","","","","","","","","","","","","","","","","","","","","","","","","","","","","","","","","","","","",0,1,"","","","","","","","","","","","","","","","","","","","","","","","","","","","","",""
"61328002","LE PIN-AU-HARAS -INRAE",48.735833,0.128167,176,2002061903,0.,1,"","","","","","","","","","","","","","","","","","","","","","","","","","","","","","","","","","",12.2,1,"","","","","","","","","","","","","","","","","","","","","","","","","","","","",100,1,"","","","","","","","","","","","","","","","","","","","","","","","","","","","","","","","","","","","","","","","","","","","","","","","","","","","","","","","","","","","","","","","","","","","","","","","","","","","","","","","","","","","","","","","","","","","","","","","","","",0,1,"","","","","","","","","","","","","","","","","","","","","","","","","","","","","",""
"61328002","LE PIN-AU-HARAS -INRAE",48.735833,0.128167,176,2002061904,0.,1,"","","","","","","","","","","","","","","","","","","","","","","","","","","","","","","","","","",12.7,1,"","","","","","","","","","","","","","","","","","","","","","","","","","","","",100,1,"","","","","","","","","","","","","","","","","","","","","","","","","","","","","","","","","","","","","","","","","","","","","","","","","","","","","","","","","","","","","","","","","","","","","","","","","","","","","","","","","","","","","","","","","","","","","","","","","","",0,1,"","","","","","","","","","","","","","","","","","","","","","","","","","","","","",""
"61328002","LE PIN-AU-HARAS -INRAE",48.735833,0.128167,176,2002061905,0.,1,"","","","","","","","","","","","","","","","","","","","","","","","","","","","","","","","","","",13.,1,"","","","","","","","","","","","","","","","","","","","","","","","","","","","",95,1,"","","","","","","","","","","","","","","","","","","","","","","","","","","","","","","","","","","","","","","","","","","","","","","","","","","","","","","","","","","","","","","","","","","","","","","","","","","","","","","","","","","","","","","","","","","","","","","","","","",2,1,"","","","","","","","","","","","","","","","","","","","","","","","","","","","","",""
"61328002","LE PIN-AU-HARAS -INRAE",48.735833,0.128167,176,2002061906,0.,1,"","","","","","","","","","","","","","","","","","","","","","","","","","","","","","","","","","",13.5,1,"","","","","","","","","","","","","","","","","","","","","","","","","","","","",94,1,"","","","","","","","","","","","","","","","","","","","","","","","","","","","","","","","","","","","","","","","","","","","","","","","","","","","","","","","","","","","","","","","","","","","","","","","","","","","","","","","","","","","","","","","","","","","","","","","","","",10,1,"","","","","","","","","","","","","","","","","","","","","","","","","","","","","",""
"61328002","LE PIN-AU-HARAS -INRAE",48.735833,0.128167,176,2002061907,0.,1,"","","","","","","","","","","","","","","","","","","","","","","","","","","","","","","","","","",13.3,1,"","","","","","","","","","","","","","","","","","","","","","","","","","","","",94,1,"","","","","","","","","","","","","","","","","","","","","","","","","","","","","","","","","","","","","","","","","","","","","","","","","","","","","","","","","","","","","","","","","","","","","","","","","","","","","","","","","","","","","","","","","","","","","","","","","","",10,1,"","","","","","","","","","","","","","","","","","","","","","","","","","","","","",""
"61328002","LE PIN-AU-HARAS -INRAE",48.735833,0.128167,176,2002061908,0.,1,"","","","","","","","","","","","","","","","","","","","","","","","","","","","","","","","","","",13.6,1,"","","","","","","","","","","","","","","","","","","","","","","","","","","","",95,1,"","","","","","","","","","","","","","","","","","","","","","","","","","","","","","","","","","","","","","","","","","","","","","","","","","","","","","","","","","","","","","","","","","","","","","","","","","","","","","","","","","","","","","","","","","","","","","","","","","",24,1,"","","","","","","","","","","","","","","","","","","","","","","","","","","","","",""
"61328002","LE PIN-AU-HARAS -INRAE",48.735833,0.128167,176,2002061909,0.,1,"","","","","","","","","","","","","","","","","","","","","","","","","","","","","","","","","","",13.8,1,"","","","","","","","","","","","","","","","","","","","","","","","","","","","",94,1,"","","","","","","","","","","","","","","","","","","","","","","","","","","","","","","","","","","","","","","","","","","","","","","","","","","","","","","","","","","","","","","","","","","","","","","","","","","","","","","","","","","","","","","","","","","","","","","","","","",18,1,"","","","","","","","","","","","","","","","","","","","","","","","","","","","","",""
"61328002","LE PIN-AU-HARAS -INRAE",48.735833,0.128167,176,2002061910,0.,1,"","","","","","","","","","","","","","","","","","","","","","","","","","","","","","","","","","",14.4,1,"","","","","","","","","","","","","","","","","","","","","","","","","","","","",83,1,"","","","","","","","","","","","","","","","","","","","","","","","","","","","","","","","","","","","","","","","","","","","","","","","","","","","","","","","","","","","","","","","","","","","","","","","","","","","","","","","","","","","","","","","","","","","","","","","","","",36,1,"","","","","","","","","","","","","","","","","","","","","","","","","","","","","",""
"61328002","LE PIN-AU-HARAS -INRAE",48.735833,0.128167,176,2002061911,0.,1,"","","","","","","","","","","","","","","","","","","","","","","","","","","","","","","","","","",13.9,1,"","","","","","","","","","","","","","","","","","","","","","","","","","","","",91,1,"","","","","","","","","","","","","","","","","","","","","","","","","","","","","","","","","","","","","","","","","","","","","","","","","","","","","","","","","","","","","","","","","","","","","","","","","","","","","","","","","","","","","","","","","","","","","","","","","","",54,1,"","","","","","","","","","","","","","","","","","","","","","","","","","","","","",""
"61328002","LE PIN-AU-HARAS -INRAE",48.735833,0.128167,176,2002061912,0.,1,"","","","","","","","","","","","","","","","","","","","","","","","","","","","","","","","","","",14.1,1,"","","","","","","","","","","","","","","","","","","","","","","","","","","","",86,1,"","","","","","","","","","","","","","","","","","","","","","","","","","","","","","","","","","","","","","","","","","","","","","","","","","","","","","","","","","","","","","","","","","","","","","","","","","","","","","","","","","","","","","","","","","","","","","","","","","",60,1,"","","","","","","","","","","","","","","","","","","","","","","","","","","","","",""
"61328002","LE PIN-AU-HARAS -INRAE",48.735833,0.128167,176,2002061913,0.,1,"","","","","","","","","","","","","","","","","","","","","","","","","","","","","","","","","","",15.8,1,"","","","","","","","","","","","","","","","","","","","","","","","","","","","",74,1,"","","","","","","","","","","","","","","","","","","","","","","","","","","","","","","","","","","","","","","","","","","","","","","","","","","","","","","","","","","","","","","","","","","","","","","","","","","","","","","","","","","","","","","","","","","","","","","","","","",90,1,"","","","","","","","","","","","","","","","","","","","","","","","","","","","","",""
"61328002","LE PIN-AU-HARAS -INRAE",48.735833,0.128167,176,2002061914,0.,1,"","","","","","","","","","","","","","","","","","","","","","","","","","","","","","","","","","",16.2,1,"","","","","","","","","","","","","","","","","","","","","","","","","","","","",71,1,"","","","","","","","","","","","","","","","","","","","","","","","","","","","","","","","","","","","","","","","","","","","","","","","","","","","","","","","","","","","","","","","","","","","","","","","","","","","","","","","","","","","","","","","","","","","","","","","","","",92,1,"","","","","","","","","","","","","","","","","","","","","","","","","","","","","",""
"61328002","LE PIN-AU-HARAS -INRAE",48.735833,0.128167,176,2002061915,0.,1,"","","","","","","","","","","","","","","","","","","","","","","","","","","","","","","","","","",16.7,1,"","","","","","","","","","","","","","","","","","","","","","","","","","","","",66,1,"","","","","","","","","","","","","","","","","","","","","","","","","","","","","","","","","","","","","","","","","","","","","","","","","","","","","","","","","","","","","","","","","","","","","","","","","","","","","","","","","","","","","","","","","","","","","","","","","","",138,1,"","","","","","","","","","","","","","","","","","","","","","","","","","","","","",""
"61328002","LE PIN-AU-HARAS -INRAE",48.735833,0.128167,176,2002061916,0.,1,"","","","","","","","","","","","","","","","","","","","","","","","","","","","","","","","","","",17.8,1,"","","","","","","","","","","","","","","","","","","","","","","","","","","","",65,1,"","","","","","","","","","","","","","","","","","","","","","","","","","","","","","","","","","","","","","","","","","","","","","","","","","","","","","","","","","","","","","","","","","","","","","","","","","","","","","","","","","","","","","","","","","","","","","","","","","",126,1,"","","","","","","","","","","","","","","","","","","","","","","","","","","","","",""
"61328002","LE PIN-AU-HARAS -INRAE",48.735833,0.128167,176,2002061917,0.,1,"","","","","","","","","","","","","","","","","","","","","","","","","","","","","","","","","","",17.4,1,"","","","","","","","","","","","","","","","","","","","","","","","","","","","",67,1,"","","","","","","","","","","","","","","","","","","","","","","","","","","","","","","","","","","","","","","","","","","","","","","","","","","","","","","","","","","","","","","","","","","","","","","","","","","","","","","","","","","","","","","","","","","","","","","","","","",76,1,"","","","","","","","","","","","","","","","","","","","","","","","","","","","","",""
"61328002","LE PIN-AU-HARAS -INRAE",48.735833,0.128167,176,2002061918,0.,1,"","","","","","","","","","","","","","","","","","","","","","","","","","","","","","","","","","",16.7,1,"","","","","","","","","","","","","","","","","","","","","","","","","","","","",73,1,"","","","","","","","","","","","","","","","","","","","","","","","","","","","","","","","","","","","","","","","","","","","","","","","","","","","","","","","","","","","","","","","","","","","","","","","","","","","","","","","","","","","","","","","","","","","","","","","","","",44,1,"","","","","","","","","","","","","","","","","","","","","","","","","","","","","",""
"61328002","LE PIN-AU-HARAS -INRAE",48.735833,0.128167,176,2002061919,0.,1,"","","","","","","","","","","","","","","","","","","","","","","","","","","","","","","","","","",16.2,1,"","","","","","","","","","","","","","","","","","","","","","","","","","","","",82,1,"","","","","","","","","","","","","","","","","","","","","","","","","","","","","","","","","","","","","","","","","","","","","","","","","","","","","","","","","","","","","","","","","","","","","","","","","","","","","","","","","","","","","","","","","","","","","","","","","","",10,1,"","","","","","","","","","","","","","","","","","","","","","","","","","","","","",""
"61328002","LE PIN-AU-HARAS -INRAE",48.735833,0.128167,176,2002061920,0.,1,"","","","","","","","","","","","","","","","","","","","","","","","","","","","","","","","","","",15.9,1,"","","","","","","","","","","","","","","","","","","","","","","","","","","","",84,1,"","","","","","","","","","","","","","","","","","","","","","","","","","","","","","","","","","","","","","","","","","","","","","","","","","","","","","","","","","","","","","","","","","","","","","","","","","","","","","","","","","","","","","","","","","","","","","","","","","",0,1,"","","","","","","","","","","","","","","","","","","","","","","","","","","","","",""
"61328002","LE PIN-AU-HARAS -INRAE",48.735833,0.128167,176,2002061921,0.,1,"","","","","","","","","","","","","","","","","","","","","","","","","","","","","","","","","","",14.8,1,"","","","","","","","","","","","","","","","","","","","","","","","","","","","",93,1,"","","","","","","","","","","","","","","","","","","","","","","","","","","","","","","","","","","","","","","","","","","","","","","","","","","","","","","","","","","","","","","","","","","","","","","","","","","","","","","","","","","","","","","","","","","","","","","","","","",0,1,"","","","","","","","","","","","","","","","","","","","","","","","","","","","","",""
"61328002","LE PIN-AU-HARAS -INRAE",48.735833,0.128167,176,2002061922,0.,1,"","","","","","","","","","","","","","","","","","","","","","","","","","","","","","","","","","",14.2,1,"","","","","","","","","","","","","","","","","","","","","","","","","","","","",99,1,"","","","","","","","","","","","","","","","","","","","","","","","","","","","","","","","","","","","","","","","","","","","","","","","","","","","","","","","","","","","","","","","","","","","","","","","","","","","","","","","","","","","","","","","","","","","","","","","","","",0,1,"","","","","","","","","","","","","","","","","","","","","","","","","","","","","",""
"61328002","LE PIN-AU-HARAS -INRAE",48.735833,0.128167,176,2002061923,1.,1,"","","","","","","","","","","","","","","","","","","","","","","","","","","","","","","","","","",14.,1,"","","","","","","","","","","","","","","","","","","","","","","","","","","","",98,1,"","","","","","","","","","","","","","","","","","","","","","","","","","","","","","","","","","","","","","","","","","","","","","","","","","","","","","","","","","","","","","","","","","","","","","","","","","","","","","","","","","","","","","","","","","","","","","","","","","",0,1,"","","","","","","","","","","","","","","","","","","","","","","","","","","","","",""
"61328002","LE PIN-AU-HARAS -INRAE",48.735833,0.128167,176,2002062000,0.,1,"","","","","","","","","","","","","","","","","","","","","","","","","","","","","","","","","","",13.6,1,"","","","","","","","","","","","","","","","","","","","","","","","","","","","",97,1,"","","","","","","","","","","","","","","","","","","","","","","","","","","","","","","","","","","","","","","","","","","","","","","","","","","","","","","","","","","","","","","","","","","","","","","","","","","","","","","","","","","","","","","","","","","","","","","","","","",0,1,"","","","","","","","","","","","","","","","","","","","","","","","","","","","","",""
"61328002","LE PIN-AU-HARAS -INRAE",48.735833,0.128167,176,2002062001,0.,1,"","","","","","","","","","","","","","","","","","","","","","","","","","","","","","","","","","",13.3,1,"","","","","","","","","","","","","","","","","","","","","","","","","","","","",97,1,"","","","","","","","","","","","","","","","","","","","","","","","","","","","","","","","","","","","","","","","","","","","","","","","","","","","","","","","","","","","","","","","","","","","","","","","","","","","","","","","","","","","","","","","","","","","","","","","","","",0,1,"","","","","","","","","","","","","","","","","","","","","","","","","","","","","",""
"61328002","LE PIN-AU-HARAS -INRAE",48.735833,0.128167,176,2002062002,0.,1,"","","","","","","","","","","","","","","","","","","","","","","","","","","","","","","","","","",12.4,1,"","","","","","","","","","","","","","","","","","","","","","","","","","","","",100,1,"","","","","","","","","","","","","","","","","","","","","","","","","","","","","","","","","","","","","","","","","","","","","","","","","","","","","","","","","","","","","","","","","","","","","","","","","","","","","","","","","","","","","","","","","","","","","","","","","","",0,1,"","","","","","","","","","","","","","","","","","","","","","","","","","","","","",""
"61328002","LE PIN-AU-HARAS -INRAE",48.735833,0.128167,176,2002062003,3.5,1,"","","","","","","","","","","","","","","","","","","","","","","","","","","","","","","","","","",12.3,1,"","","","","","","","","","","","","","","","","","","","","","","","","","","","",100,1,"","","","","","","","","","","","","","","","","","","","","","","","","","","","","","","","","","","","","","","","","","","","","","","","","","","","","","","","","","","","","","","","","","","","","","","","","","","","","","","","","","","","","","","","","","","","","","","","","","",0,1,"","","","","","","","","","","","","","","","","","","","","","","","","","","","","",""
"61328002","LE PIN-AU-HARAS -INRAE",48.735833,0.128167,176,2002062004,3.,1,"","","","","","","","","","","","","","","","","","","","","","","","","","","","","","","","","","",11.9,1,"","","","","","","","","","","","","","","","","","","","","","","","","","","","",100,1,"","","","","","","","","","","","","","","","","","","","","","","","","","","","","","","","","","","","","","","","","","","","","","","","","","","","","","","","","","","","","","","","","","","","","","","","","","","","","","","","","","","","","","","","","","","","","","","","","","",0,1,"","","","","","","","","","","","","","","","","","","","","","","","","","","","","",""
"61328002","LE PIN-AU-HARAS -INRAE",48.735833,0.128167,176,2002062005,0.,1,"","","","","","","","","","","","","","","","","","","","","","","","","","","","","","","","","","",12.2,1,"","","","","","","","","","","","","","","","","","","","","","","","","","","","",100,1,"","","","","","","","","","","","","","","","","","","","","","","","","","","","","","","","","","","","","","","","","","","","","","","","","","","","","","","","","","","","","","","","","","","","","","","","","","","","","","","","","","","","","","","","","","","","","","","","","","",2,1,"","","","","","","","","","","","","","","","","","","","","","","","","","","","","",""
"61328002","LE PIN-AU-HARAS -INRAE",48.735833,0.128167,176,2002062006,0.,1,"","","","","","","","","","","","","","","","","","","","","","","","","","","","","","","","","","",12.5,1,"","","","","","","","","","","","","","","","","","","","","","","","","","","","",100,1,"","","","","","","","","","","","","","","","","","","","","","","","","","","","","","","","","","","","","","","","","","","","","","","","","","","","","","","","","","","","","","","","","","","","","","","","","","","","","","","","","","","","","","","","","","","","","","","","","","",6,1,"","","","","","","","","","","","","","","","","","","","","","","","","","","","","",""
"61328002","LE PIN-AU-HARAS -INRAE",48.735833,0.128167,176,2002062007,0.,1,"","","","","","","","","","","","","","","","","","","","","","","","","","","","","","","","","","",12.7,1,"","","","","","","","","","","","","","","","","","","","","","","","","","","","",100,1,"","","","","","","","","","","","","","","","","","","","","","","","","","","","","","","","","","","","","","","","","","","","","","","","","","","","","","","","","","","","","","","","","","","","","","","","","","","","","","","","","","","","","","","","","","","","","","","","","","",18,1,"","","","","","","","","","","","","","","","","","","","","","","","","","","","","",""
"61328002","LE PIN-AU-HARAS -INRAE",48.735833,0.128167,176,2002062008,0.,1,"","","","","","","","","","","","","","","","","","","","","","","","","","","","","","","","","","",12.9,1,"","","","","","","","","","","","","","","","","","","","","","","","","","","","",100,1,"","","","","","","","","","","","","","","","","","","","","","","","","","","","","","","","","","","","","","","","","","","","","","","","","","","","","","","","","","","","","","","","","","","","","","","","","","","","","","","","","","","","","","","","","","","","","","","","","","",18,1,"","","","","","","","","","","","","","","","","","","","","","","","","","","","","",""
"61328002","LE PIN-AU-HARAS -INRAE",48.735833,0.128167,176,2002062009,0.,1,"","","","","","","","","","","","","","","","","","","","","","","","","","","","","","","","","","",13.4,1,"","","","","","","","","","","","","","","","","","","","","","","","","","","","",100,1,"","","","","","","","","","","","","","","","","","","","","","","","","","","","","","","","","","","","","","","","","","","","","","","","","","","","","","","","","","","","","","","","","","","","","","","","","","","","","","","","","","","","","","","","","","","","","","","","","","",30,1,"","","","","","","","","","","","","","","","","","","","","","","","","","","","","",""
"61328002","LE PIN-AU-HARAS -INRAE",48.735833,0.128167,176,2002062010,0.,1,"","","","","","","","","","","","","","","","","","","","","","","","","","","","","","","","","","",13.2,1,"","","","","","","","","","","","","","","","","","","","","","","","","","","","",100,1,"","","","","","","","","","","","","","","","","","","","","","","","","","","","","","","","","","","","","","","","","","","","","","","","","","","","","","","","","","","","","","","","","","","","","","","","","","","","","","","","","","","","","","","","","","","","","","","","","","",40,1,"","","","","","","","","","","","","","","","","","","","","","","","","","","","","",""
"61328002","LE PIN-AU-HARAS -INRAE",48.735833,0.128167,176,2002062011,0.,1,"","","","","","","","","","","","","","","","","","","","","","","","","","","","","","","","","","",13.,1,"","","","","","","","","","","","","","","","","","","","","","","","","","","","",100,1,"","","","","","","","","","","","","","","","","","","","","","","","","","","","","","","","","","","","","","","","","","","","","","","","","","","","","","","","","","","","","","","","","","","","","","","","","","","","","","","","","","","","","","","","","","","","","","","","","","",48,1,"","","","","","","","","","","","","","","","","","","","","","","","","","","","","",""
"61328002","LE PIN-AU-HARAS -INRAE",48.735833,0.128167,176,2002062012,0.,1,"","","","","","","","","","","","","","","","","","","","","","","","","","","","","","","","","","",13.2,1,"","","","","","","","","","","","","","","","","","","","","","","","","","","","",97,1,"","","","","","","","","","","","","","","","","","","","","","","","","","","","","","","","","","","","","","","","","","","","","","","","","","","","","","","","","","","","","","","","","","","","","","","","","","","","","","","","","","","","","","","","","","","","","","","","","","",52,1,"","","","","","","","","","","","","","","","","","","","","","","","","","","","","",""
"61328002","LE PIN-AU-HARAS -INRAE",48.735833,0.128167,176,2002062013,0.,1,"","","","","","","","","","","","","","","","","","","","","","","","","","","","","","","","","","",13.5,1,"","","","","","","","","","","","","","","","","","","","","","","","","","","","",96,1,"","","","","","","","","","","","","","","","","","","","","","","","","","","","","","","","","","","","","","","","","","","","","","","","","","","","","","","","","","","","","","","","","","","","","","","","","","","","","","","","","","","","","","","","","","","","","","","","","","",58,1,"","","","","","","","","","","","","","","","","","","","","","","","","","","","","",""
"61328002","LE PIN-AU-HARAS -INRAE",48.735833,0.128167,176,2002062014,0.,1,"","","","","","","","","","","","","","","","","","","","","","","","","","","","","","","","","","",14.,1,"","","","","","","","","","","","","","","","","","","","","","","","","","","","",95,1,"","","","","","","","","","","","","","","","","","","","","","","","","","","","","","","","","","","","","","","","","","","","","","","","","","","","","","","","","","","","","","","","","","","","","","","","","","","","","","","","","","","","","","","","","","","","","","","","","","",50,1,"","","","","","","","","","","","","","","","","","","","","","","","","","","","","",""
"61328002","LE PIN-AU-HARAS -INRAE",48.735833,0.128167,176,2002062015,0.,1,"","","","","","","","","","","","","","","","","","","","","","","","","","","","","","","","","","",15.9,1,"","","","","","","","","","","","","","","","","","","","","","","","","","","","",84,1,"","","","","","","","","","","","","","","","","","","","","","","","","","","","","","","","","","","","","","","","","","","","","","","","","","","","","","","","","","","","","","","","","","","","","","","","","","","","","","","","","","","","","","","","","","","","","","","","","","",120,1,"","","","","","","","","","","","","","","","","","","","","","","","","","","","","",""
"61328002","LE PIN-AU-HARAS -INRAE",48.735833,0.128167,176,2002062016,0.,1,"","","","","","","","","","","","","","","","","","","","","","","","","","","","","","","","","","",16.4,1,"","","","","","","","","","","","","","","","","","","","","","","","","","","","",74,1,"","","","","","","","","","","","","","","","","","","","","","","","","","","","","","","","","","","","","","","","","","","","","","","","","","","","","","","","","","","","","","","","","","","","","","","","","","","","","","","","","","","","","","","","","","","","","","","","","","",142,1,"","","","","","","","","","","","","","","","","","","","","","","","","","","","","",""
"61328002","LE PIN-AU-HARAS -INRAE",48.735833,0.128167,176,2002062017,0.,1,"","","","","","","","","","","","","","","","","","","","","","","","","","","","","","","","","","",16.2,1,"","","","","","","","","","","","","","","","","","","","","","","","","","","","",73,1,"","","","","","","","","","","","","","","","","","","","","","","","","","","","","","","","","","","","","","","","","","","","","","","","","","","","","","","","","","","","","","","","","","","","","","","","","","","","","","","","","","","","","","","","","","","","","","","","","","",80,1,"","","","","","","","","","","","","","","","","","","","","","","","","","","","","",""
"61328002","LE PIN-AU-HARAS -INRAE",48.735833,0.128167,176,2002062018,0.,1,"","","","","","","","","","","","","","","","","","","","","","","","","","","","","","","","","","",16.,1,"","","","","","","","","","","","","","","","","","","","","","","","","","","","",79,1,"","","","","","","","","","","","","","","","","","","","","","","","","","","","","","","","","","","","","","","","","","","","","","","","","","","","","","","","","","","","","","","","","","","","","","","","","","","","","","","","","","","","","","","","","","","","","","","","","","",66,1,"","","","","","","","","","","","","","","","","","","","","","","","","","","","","",""
"61328002","LE PIN-AU-HARAS -INRAE",48.735833,0.128167,176,2002062019,0.,1,"","","","","","","","","","","","","","","","","","","","","","","","","","","","","","","","","","",14.9,1,"","","","","","","","","","","","","","","","","","","","","","","","","","","","",84,1,"","","","","","","","","","","","","","","","","","","","","","","","","","","","","","","","","","","","","","","","","","","","","","","","","","","","","","","","","","","","","","","","","","","","","","","","","","","","","","","","","","","","","","","","","","","","","","","","","","",32,1,"","","","","","","","","","","","","","","","","","","","","","","","","","","","","",""
"61328002","LE PIN-AU-HARAS -INRAE",48.735833,0.128167,176,2002062020,0.,1,"","","","","","","","","","","","","","","","","","","","","","","","","","","","","","","","","","",13.5,1,"","","","","","","","","","","","","","","","","","","","","","","","","","","","",93,1,"","","","","","","","","","","","","","","","","","","","","","","","","","","","","","","","","","","","","","","","","","","","","","","","","","","","","","","","","","","","","","","","","","","","","","","","","","","","","","","","","","","","","","","","","","","","","","","","","","",6,1,"","","","","","","","","","","","","","","","","","","","","","","","","","","","","",""
"61328002","LE PIN-AU-HARAS -INRAE",48.735833,0.128167,176,2002062021,0.,1,"","","","","","","","","","","","","","","","","","","","","","","","","","","","","","","","","","",12.4,1,"","","","","","","","","","","","","","","","","","","","","","","","","","","","",95,1,"","","","","","","","","","","","","","","","","","","","","","","","","","","","","","","","","","","","","","","","","","","","","","","","","","","","","","","","","","","","","","","","","","","","","","","","","","","","","","","","","","","","","","","","","","","","","","","","","","",0,1,"","","","","","","","","","","","","","","","","","","","","","","","","","","","","",""
"61328002","LE PIN-AU-HARAS -INRAE",48.735833,0.128167,176,2002062022,0.,1,"","","","","","","","","","","","","","","","","","","","","","","","","","","","","","","","","","",11.9,1,"","","","","","","","","","","","","","","","","","","","","","","","","","","","",97,1,"","","","","","","","","","","","","","","","","","","","","","","","","","","","","","","","","","","","","","","","","","","","","","","","","","","","","","","","","","","","","","","","","","","","","","","","","","","","","","","","","","","","","","","","","","","","","","","","","","",0,1,"","","","","","","","","","","","","","","","","","","","","","","","","","","","","",""
"61328002","LE PIN-AU-HARAS -INRAE",48.735833,0.128167,176,2002062023,0.,1,"","","","","","","","","","","","","","","","","","","","","","","","","","","","","","","","","","",11.2,1,"","","","","","","","","","","","","","","","","","","","","","","","","","","","",99,1,"","","","","","","","","","","","","","","","","","","","","","","","","","","","","","","","","","","","","","","","","","","","","","","","","","","","","","","","","","","","","","","","","","","","","","","","","","","","","","","","","","","","","","","","","","","","","","","","","","",0,1,"","","","","","","","","","","","","","","","","","","","","","","","","","","","","",""
"61328002","LE PIN-AU-HARAS -INRAE",48.735833,0.128167,176,2002062100,0.,1,"","","","","","","","","","","","","","","","","","","","","","","","","","","","","","","","","","",10.1,1,"","","","","","","","","","","","","","","","","","","","","","","","","","","","",100,1,"","","","","","","","","","","","","","","","","","","","","","","","","","","","","","","","","","","","","","","","","","","","","","","","","","","","","","","","","","","","","","","","","","","","","","","","","","","","","","","","","","","","","","","","","","","","","","","","","","",0,1,"","","","","","","","","","","","","","","","","","","","","","","","","","","","","",""
"61328002","LE PIN-AU-HARAS -INRAE",48.735833,0.128167,176,2002062101,0.,1,"","","","","","","","","","","","","","","","","","","","","","","","","","","","","","","","","","",8.6,1,"","","","","","","","","","","","","","","","","","","","","","","","","","","","",100,1,"","","","","","","","","","","","","","","","","","","","","","","","","","","","","","","","","","","","","","","","","","","","","","","","","","","","","","","","","","","","","","","","","","","","","","","","","","","","","","","","","","","","","","","","","","","","","","","","","","",0,1,"","","","","","","","","","","","","","","","","","","","","","","","","","","","","",""
"61328002","LE PIN-AU-HARAS -INRAE",48.735833,0.128167,176,2002062102,0.,1,"","","","","","","","","","","","","","","","","","","","","","","","","","","","","","","","","","",8.4,1,"","","","","","","","","","","","","","","","","","","","","","","","","","","","",100,1,"","","","","","","","","","","","","","","","","","","","","","","","","","","","","","","","","","","","","","","","","","","","","","","","","","","","","","","","","","","","","","","","","","","","","","","","","","","","","","","","","","","","","","","","","","","","","","","","","","",0,1,"","","","","","","","","","","","","","","","","","","","","","","","","","","","","",""
"61328002","LE PIN-AU-HARAS -INRAE",48.735833,0.128167,176,2002062103,0.,1,"","","","","","","","","","","","","","","","","","","","","","","","","","","","","","","","","","",7.8,1,"","","","","","","","","","","","","","","","","","","","","","","","","","","","",100,1,"","","","","","","","","","","","","","","","","","","","","","","","","","","","","","","","","","","","","","","","","","","","","","","","","","","","","","","","","","","","","","","","","","","","","","","","","","","","","","","","","","","","","","","","","","","","","","","","","","",0,1,"","","","","","","","","","","","","","","","","","","","","","","","","","","","","",""
"61328002","LE PIN-AU-HARAS -INRAE",48.735833,0.128167,176,2002062104,0.,1,"","","","","","","","","","","","","","","","","","","","","","","","","","","","","","","","","","",8.,1,"","","","","","","","","","","","","","","","","","","","","","","","","","","","",100,1,"","","","","","","","","","","","","","","","","","","","","","","","","","","","","","","","","","","","","","","","","","","","","","","","","","","","","","","","","","","","","","","","","","","","","","","","","","","","","","","","","","","","","","","","","","","","","","","","","","",0,1,"","","","","","","","","","","","","","","","","","","","","","","","","","","","","",""
"61328002","LE PIN-AU-HARAS -INRAE",48.735833,0.128167,176,2002062105,0.,1,"","","","","","","","","","","","","","","","","","","","","","","","","","","","","","","","","","",9.2,1,"","","","","","","","","","","","","","","","","","","","","","","","","","","","",100,1,"","","","","","","","","","","","","","","","","","","","","","","","","","","","","","","","","","","","","","","","","","","","","","","","","","","","","","","","","","","","","","","","","","","","","","","","","","","","","","","","","","","","","","","","","","","","","","","","","","",6,1,"","","","","","","","","","","","","","","","","","","","","","","","","","","","","",""
"61328002","LE PIN-AU-HARAS -INRAE",48.735833,0.128167,176,2002062106,0.,1,"","","","","","","","","","","","","","","","","","","","","","","","","","","","","","","","","","",11.4,1,"","","","","","","","","","","","","","","","","","","","","","","","","","","","",100,1,"","","","","","","","","","","","","","","","","","","","","","","","","","","","","","","","","","","","","","","","","","","","","","","","","","","","","","","","","","","","","","","","","","","","","","","","","","","","","","","","","","","","","","","","","","","","","","","","","","",26,1,"","","","","","","","","","","","","","","","","","","","","","","","","","","","","",""
"61328002","LE PIN-AU-HARAS -INRAE",48.735833,0.128167,176,2002062107,0.,1,"","","","","","","","","","","","","","","","","","","","","","","","","","","","","","","","","","",13.3,1,"","","","","","","","","","","","","","","","","","","","","","","","","","","","",100,1,"","","","","","","","","","","","","","","","","","","","","","","","","","","","","","","","","","","","","","","","","","","","","","","","","","","","","","","","","","","","","","","","","","","","","","","","","","","","","","","","","","","","","","","","","","","","","","","","","","",62,1,"","","","","","","","","","","","","","","","","","","","","","","","","","","","","",""
"61328002","LE PIN-AU-HARAS -INRAE",48.735833,0.128167,176,2002062108,0.,1,"","","","","","","","","","","","","","","","","","","","","","","","","","","","","","","","","","",17.,1,"","","","","","","","","","","","","","","","","","","","","","","","","","","","",95,1,"","","","","","","","","","","","","","","","","","","","","","","","","","","","","","","","","","","","","","","","","","","","","","","","","","","","","","","","","","","","","","","","","","","","","","","","","","","","","","","","","","","","","","","","","","","","","","","","","","",154,1,"","","","","","","","","","","","","","","","","","","","","","","","","","","","","",""
"61328002","LE PIN-AU-HARAS -INRAE",48.735833,0.128167,176,2002062109,0.,1,"","","","","","","","","","","","","","","","","","","","","","","","","","","","","","","","","","",18.6,1,"","","","","","","","","","","","","","","","","","","","","","","","","","","","",77,1,"","","","","","","","","","","","","","","","","","","","","","","","","","","","","","","","","","","","","","","","","","","","","","","","","","","","","","","","","","","","","","","","","","","","","","","","","","","","","","","","","","","","","","","","","","","","","","","","","","",222,1,"","","","","","","","","","","","","","","","","","","","","","","","","","","","","",""
"61328002","LE PIN-AU-HARAS -INRAE",48.735833,0.128167,176,2002062110,0.,1,"","","","","","","","","","","","","","","","","","","","","","","","","","","","","","","","","","",19.4,1,"","","","","","","","","","","","","","","","","","","","","","","","","","","","",66,1,"","","","","","","","","","","","","","","","","","","","","","","","","","","","","","","","","","","","","","","","","","","","","","","","","","","","","","","","","","","","","","","","","","","","","","","","","","","","","","","","","","","","","","","","","","","","","","","","","","",242,1,"","","","","","","","","","","","","","","","","","","","","","","","","","","","","",""
"61328002","LE PIN-AU-HARAS -INRAE",48.735833,0.128167,176,2002062111,0.,1,"","","","","","","","","","","","","","","","","","","","","","","","","","","","","","","","","","",20.8,1,"","","","","","","","","","","","","","","","","","","","","","","","","","","","",63,1,"","","","","","","","","","","","","","","","","","","","","","","","","","","","","","","","","","","","","","","","","","","","","","","","","","","","","","","","","","","","","","","","","","","","","","","","","","","","","","","","","","","","","","","","","","","","","","","","","","",258,1,"","","","","","","","","","","","","","","","","","","","","","","","","","","","","",""
"61328002","LE PIN-AU-HARAS -INRAE",48.735833,0.128167,176,2002062112,0.,1,"","","","","","","","","","","","","","","","","","","","","","","","","","","","","","","","","","",22.2,1,"","","","","","","","","","","","","","","","","","","","","","","","","","","","",57,1,"","","","","","","","","","","","","","","","","","","","","","","","","","","","","","","","","","","","","","","","","","","","","","","","","","","","","","","","","","","","","","","","","","","","","","","","","","","","","","","","","","","","","","","","","","","","","","","","","","",260,1,"","","","","","","","","","","","","","","","","","","","","","","","","","","","","",""
"61328002","LE PIN-AU-HARAS -INRAE",48.735833,0.128167,176,2002062113,0.,1,"","","","","","","","","","","","","","","","","","","","","","","","","","","","","","","","","","",21.3,1,"","","","","","","","","","","","","","","","","","","","","","","","","","","","",55,1,"","","","","","","","","","","","","","","","","","","","","","","","","","","","","","","","","","","","","","","","","","","","","","","","","","","","","","","","","","","","","","","","","","","","","","","","","","","","","","","","","","","","","","","","","","","","","","","","","","",202,1,"","","","","","","","","","","","","","","","","","","","","","","","","","","","","",""
"61328002","LE PIN-AU-HARAS -INRAE",48.735833,0.128167,176,2002062114,0.,1,"","","","","","","","","","","","","","","","","","","","","","","","","","","","","","","","","","",22.3,1,"","","","","","","","","","","","","","","","","","","","","","","","","","","","",56,1,"","","","","","","","","","","","","","","","","","","","","","","","","","","","","","","","","","","","","","","","","","","","","","","","","","","","","","","","","","","","","","","","","","","","","","","","","","","","","","","","","","","","","","","","","","","","","","","","","","",182,1,"","","","","","","","","","","","","","","","","","","","","","","","","","","","","",""
"61328002","LE PIN-AU-HARAS -INRAE",48.735833,0.128167,176,2002062115,0.,1,"","","","","","","","","","","","","","","","","","","","","","","","","","","","","","","","","","",21.7,1,"","","","","","","","","","","","","","","","","","","","","","","","","","","","",57,1,"","","","","","","","","","","","","","","","","","","","","","","","","","","","","","","","","","","","","","","","","","","","","","","","","","","","","","","","","","","","","","","","","","","","","","","","","","","","","","","","","","","","","","","","","","","","","","","","","","",172,1,"","","","","","","","","","","","","","","","","","","","","","","","","","","","","",""
"61328002","LE PIN-AU-HARAS -INRAE",48.735833,0.128167,176,2002062116,0.,1,"","","","","","","","","","","","","","","","","","","","","","","","","","","","","","","","","","",20.8,1,"","","","","","","","","","","","","","","","","","","","","","","","","","","","",57,1,"","","","","","","","","","","","","","","","","","","","","","","","","","","","","","","","","","","","","","","","","","","","","","","","","","","","","","","","","","","","","","","","","","","","","","","","","","","","","","","","","","","","","","","","","","","","","","","","","","",128,1,"","","","","","","","","","","","","","","","","","","","","","","","","","","","","",""
"61328002","LE PIN-AU-HARAS -INRAE",48.735833,0.128167,176,2002062117,0.,1,"","","","","","","","","","","","","","","","","","","","","","","","","","","","","","","","","","",20.9,1,"","","","","","","","","","","","","","","","","","","","","","","","","","","","",53,1,"","","","","","","","","","","","","","","","","","","","","","","","","","","","","","","","","","","","","","","","","","","","","","","","","","","","","","","","","","","","","","","","","","","","","","","","","","","","","","","","","","","","","","","","","","","","","","","","","","",120,1,"","","","","","","","","","","","","","","","","","","","","","","","","","","","","",""
"61328002","LE PIN-AU-HARAS -INRAE",48.735833,0.128167,176,2002062118,0.,1,"","","","","","","","","","","","","","","","","","","","","","","","","","","","","","","","","","",20.,1,"","","","","","","","","","","","","","","","","","","","","","","","","","","","",62,1,"","","","","","","","","","","","","","","","","","","","","","","","","","","","","","","","","","","","","","","","","","","","","","","","","","","","","","","","","","","","","","","","","","","","","","","","","","","","","","","","","","","","","","","","","","","","","","","","","","",60,1,"","","","","","","","","","","","","","","","","","","","","","","","","","","","","",""
"61328002","LE PIN-AU-HARAS -INRAE",48.735833,0.128167,176,2002062119,0.,1,"","","","","","","","","","","","","","","","","","","","","","","","","","","","","","","","","","",18.2,1,"","","","","","","","","","","","","","","","","","","","","","","","","","","","",80,1,"","","","","","","","","","","","","","","","","","","","","","","","","","","","","","","","","","","","","","","","","","","","","","","","","","","","","","","","","","","","","","","","","","","","","","","","","","","","","","","","","","","","","","","","","","","","","","","","","","",26,1,"","","","","","","","","","","","","","","","","","","","","","","","","","","","","",""
"61328002","LE PIN-AU-HARAS -INRAE",48.735833,0.128167,176,2002062120,0.,1,"","","","","","","","","","","","","","","","","","","","","","","","","","","","","","","","","","",16.7,1,"","","","","","","","","","","","","","","","","","","","","","","","","","","","",84,1,"","","","","","","","","","","","","","","","","","","","","","","","","","","","","","","","","","","","","","","","","","","","","","","","","","","","","","","","","","","","","","","","","","","","","","","","","","","","","","","","","","","","","","","","","","","","","","","","","","",6,1,"","","","","","","","","","","","","","","","","","","","","","","","","","","","","",""
"61328002","LE PIN-AU-HARAS -INRAE",48.735833,0.128167,176,2002062121,0.,1,"","","","","","","","","","","","","","","","","","","","","","","","","","","","","","","","","","",15.4,1,"","","","","","","","","","","","","","","","","","","","","","","","","","","","",91,1,"","","","","","","","","","","","","","","","","","","","","","","","","","","","","","","","","","","","","","","","","","","","","","","","","","","","","","","","","","","","","","","","","","","","","","","","","","","","","","","","","","","","","","","","","","","","","","","","","","",0,1,"","","","","","","","","","","","","","","","","","","","","","","","","","","","","",""
"61328002","LE PIN-AU-HARAS -INRAE",48.735833,0.128167,176,2002062122,0.,1,"","","","","","","","","","","","","","","","","","","","","","","","","","","","","","","","","","",14.9,1,"","","","","","","","","","","","","","","","","","","","","","","","","","","","",95,1,"","","","","","","","","","","","","","","","","","","","","","","","","","","","","","","","","","","","","","","","","","","","","","","","","","","","","","","","","","","","","","","","","","","","","","","","","","","","","","","","","","","","","","","","","","","","","","","","","","",0,1,"","","","","","","","","","","","","","","","","","","","","","","","","","","","","",""
"61328002","LE PIN-AU-HARAS -INRAE",48.735833,0.128167,176,2002062123,0.,1,"","","","","","","","","","","","","","","","","","","","","","","","","","","","","","","","","","",13.8,1,"","","","","","","","","","","","","","","","","","","","","","","","","","","","",92,1,"","","","","","","","","","","","","","","","","","","","","","","","","","","","","","","","","","","","","","","","","","","","","","","","","","","","","","","","","","","","","","","","","","","","","","","","","","","","","","","","","","","","","","","","","","","","","","","","","","",0,1,"","","","","","","","","","","","","","","","","","","","","","","","","","","","","",""
"61328002","LE PIN-AU-HARAS -INRAE",48.735833,0.128167,176,2002062200,0.,1,"","","","","","","","","","","","","","","","","","","","","","","","","","","","","","","","","","",12.8,1,"","","","","","","","","","","","","","","","","","","","","","","","","","","","",94,1,"","","","","","","","","","","","","","","","","","","","","","","","","","","","","","","","","","","","","","","","","","","","","","","","","","","","","","","","","","","","","","","","","","","","","","","","","","","","","","","","","","","","","","","","","","","","","","","","","","",0,1,"","","","","","","","","","","","","","","","","","","","","","","","","","","","","",""
"61328002","LE PIN-AU-HARAS -INRAE",48.735833,0.128167,176,2002062201,0.,1,"","","","","","","","","","","","","","","","","","","","","","","","","","","","","","","","","","",12.6,1,"","","","","","","","","","","","","","","","","","","","","","","","","","","","",92,1,"","","","","","","","","","","","","","","","","","","","","","","","","","","","","","","","","","","","","","","","","","","","","","","","","","","","","","","","","","","","","","","","","","","","","","","","","","","","","","","","","","","","","","","","","","","","","","","","","","",0,1,"","","","","","","","","","","","","","","","","","","","","","","","","","","","","",""
"61328002","LE PIN-AU-HARAS -INRAE",48.735833,0.128167,176,2002062202,0.,1,"","","","","","","","","","","","","","","","","","","","","","","","","","","","","","","","","","",12.7,1,"","","","","","","","","","","","","","","","","","","","","","","","","","","","",86,1,"","","","","","","","","","","","","","","","","","","","","","","","","","","","","","","","","","","","","","","","","","","","","","","","","","","","","","","","","","","","","","","","","","","","","","","","","","","","","","","","","","","","","","","","","","","","","","","","","","",0,1,"","","","","","","","","","","","","","","","","","","","","","","","","","","","","",""
"61328002","LE PIN-AU-HARAS -INRAE",48.735833,0.128167,176,2002062203,0.,1,"","","","","","","","","","","","","","","","","","","","","","","","","","","","","","","","","","",13.1,1,"","","","","","","","","","","","","","","","","","","","","","","","","","","","",86,1,"","","","","","","","","","","","","","","","","","","","","","","","","","","","","","","","","","","","","","","","","","","","","","","","","","","","","","","","","","","","","","","","","","","","","","","","","","","","","","","","","","","","","","","","","","","","","","","","","","",0,1,"","","","","","","","","","","","","","","","","","","","","","","","","","","","","",""
"61328002","LE PIN-AU-HARAS -INRAE",48.735833,0.128167,176,2002062204,0.,1,"","","","","","","","","","","","","","","","","","","","","","","","","","","","","","","","","","",11.5,1,"","","","","","","","","","","","","","","","","","","","","","","","","","","","",92,1,"","","","","","","","","","","","","","","","","","","","","","","","","","","","","","","","","","","","","","","","","","","","","","","","","","","","","","","","","","","","","","","","","","","","","","","","","","","","","","","","","","","","","","","","","","","","","","","","","","",0,1,"","","","","","","","","","","","","","","","","","","","","","","","","","","","","",""
"61328002","LE PIN-AU-HARAS -INRAE",48.735833,0.128167,176,2002062205,0.,1,"","","","","","","","","","","","","","","","","","","","","","","","","","","","","","","","","","",12.3,1,"","","","","","","","","","","","","","","","","","","","","","","","","","","","",95,1,"","","","","","","","","","","","","","","","","","","","","","","","","","","","","","","","","","","","","","","","","","","","","","","","","","","","","","","","","","","","","","","","","","","","","","","","","","","","","","","","","","","","","","","","","","","","","","","","","","",8,1,"","","","","","","","","","","","","","","","","","","","","","","","","","","","","",""
"61328002","LE PIN-AU-HARAS -INRAE",48.735833,0.128167,176,2002062206,0.,1,"","","","","","","","","","","","","","","","","","","","","","","","","","","","","","","","","","",14.5,1,"","","","","","","","","","","","","","","","","","","","","","","","","","","","",87,1,"","","","","","","","","","","","","","","","","","","","","","","","","","","","","","","","","","","","","","","","","","","","","","","","","","","","","","","","","","","","","","","","","","","","","","","","","","","","","","","","","","","","","","","","","","","","","","","","","","",48,1,"","","","","","","","","","","","","","","","","","","","","","","","","","","","","",""
"61328002","LE PIN-AU-HARAS -INRAE",48.735833,0.128167,176,2002062207,0.,1,"","","","","","","","","","","","","","","","","","","","","","","","","","","","","","","","","","",16.7,1,"","","","","","","","","","","","","","","","","","","","","","","","","","","","",80,1,"","","","","","","","","","","","","","","","","","","","","","","","","","","","","","","","","","","","","","","","","","","","","","","","","","","","","","","","","","","","","","","","","","","","","","","","","","","","","","","","","","","","","","","","","","","","","","","","","","",92,1,"","","","","","","","","","","","","","","","","","","","","","","","","","","","","",""
"61328002","LE PIN-AU-HARAS -INRAE",48.735833,0.128167,176,2002062208,0.,1,"","","","","","","","","","","","","","","","","","","","","","","","","","","","","","","","","","",17.5,1,"","","","","","","","","","","","","","","","","","","","","","","","","","","","",84,1,"","","","","","","","","","","","","","","","","","","","","","","","","","","","","","","","","","","","","","","","","","","","","","","","","","","","","","","","","","","","","","","","","","","","","","","","","","","","","","","","","","","","","","","","","","","","","","","","","","",96,1,"","","","","","","","","","","","","","","","","","","","","","","","","","","","","",""
"61328002","LE PIN-AU-HARAS -INRAE",48.735833,0.128167,176,2002062209,0.,1,"","","","","","","","","","","","","","","","","","","","","","","","","","","","","","","","","","",18.2,1,"","","","","","","","","","","","","","","","","","","","","","","","","","","","",81,1,"","","","","","","","","","","","","","","","","","","","","","","","","","","","","","","","","","","","","","","","","","","","","","","","","","","","","","","","","","","","","","","","","","","","","","","","","","","","","","","","","","","","","","","","","","","","","","","","","","",92,1,"","","","","","","","","","","","","","","","","","","","","","","","","","","","","",""
"61328002","LE PIN-AU-HARAS -INRAE",48.735833,0.128167,176,2002062210,0.,1,"","","","","","","","","","","","","","","","","","","","","","","","","","","","","","","","","","",19.1,1,"","","","","","","","","","","","","","","","","","","","","","","","","","","","",81,1,"","","","","","","","","","","","","","","","","","","","","","","","","","","","","","","","","","","","","","","","","","","","","","","","","","","","","","","","","","","","","","","","","","","","","","","","","","","","","","","","","","","","","","","","","","","","","","","","","","",82,1,"","","","","","","","","","","","","","","","","","","","","","","","","","","","","",""
"61328002","LE PIN-AU-HARAS -INRAE",48.735833,0.128167,176,2002062211,0.,1,"","","","","","","","","","","","","","","","","","","","","","","","","","","","","","","","","","",21.1,1,"","","","","","","","","","","","","","","","","","","","","","","","","","","","",74,1,"","","","","","","","","","","","","","","","","","","","","","","","","","","","","","","","","","","","","","","","","","","","","","","","","","","","","","","","","","","","","","","","","","","","","","","","","","","","","","","","","","","","","","","","","","","","","","","","","","",130,1,"","","","","","","","","","","","","","","","","","","","","","","","","","","","","",""
"61328002","LE PIN-AU-HARAS -INRAE",48.735833,0.128167,176,2002062212,0.,1,"","","","","","","","","","","","","","","","","","","","","","","","","","","","","","","","","","",21.9,1,"","","","","","","","","","","","","","","","","","","","","","","","","","","","",72,1,"","","","","","","","","","","","","","","","","","","","","","","","","","","","","","","","","","","","","","","","","","","","","","","","","","","","","","","","","","","","","","","","","","","","","","","","","","","","","","","","","","","","","","","","","","","","","","","","","","",230,1,"","","","","","","","","","","","","","","","","","","","","","","","","","","","","",""
"61328002","LE PIN-AU-HARAS -INRAE",48.735833,0.128167,176,2002062213,0.,1,"","","","","","","","","","","","","","","","","","","","","","","","","","","","","","","","","","",23.1,1,"","","","","","","","","","","","","","","","","","","","","","","","","","","","",61,1,"","","","","","","","","","","","","","","","","","","","","","","","","","","","","","","","","","","","","","","","","","","","","","","","","","","","","","","","","","","","","","","","","","","","","","","","","","","","","","","","","","","","","","","","","","","","","","","","","","",244,1,"","","","","","","","","","","","","","","","","","","","","","","","","","","","","",""
"61328002","LE PIN-AU-HARAS -INRAE",48.735833,0.128167,176,2002062214,0.,1,"","","","","","","","","","","","","","","","","","","","","","","","","","","","","","","","","","",22.2,1,"","","","","","","","","","","","","","","","","","","","","","","","","","","","",67,1,"","","","","","","","","","","","","","","","","","","","","","","","","","","","","","","","","","","","","","","","","","","","","","","","","","","","","","","","","","","","","","","","","","","","","","","","","","","","","","","","","","","","","","","","","","","","","","","","","","",182,1,"","","","","","","","","","","","","","","","","","","","","","","","","","","","","",""
"61328002","LE PIN-AU-HARAS -INRAE",48.735833,0.128167,176,2002062215,0.,1,"","","","","","","","","","","","","","","","","","","","","","","","","","","","","","","","","","",22.7,1,"","","","","","","","","","","","","","","","","","","","","","","","","","","","",64,1,"","","","","","","","","","","","","","","","","","","","","","","","","","","","","","","","","","","","","","","","","","","","","","","","","","","","","","","","","","","","","","","","","","","","","","","","","","","","","","","","","","","","","","","","","","","","","","","","","","",114,1,"","","","","","","","","","","","","","","","","","","","","","","","","","","","","",""
"61328002","LE PIN-AU-HARAS -INRAE",48.735833,0.128167,176,2002062216,0.,1,"","","","","","","","","","","","","","","","","","","","","","","","","","","","","","","","","","",23.6,1,"","","","","","","","","","","","","","","","","","","","","","","","","","","","",60,1,"","","","","","","","","","","","","","","","","","","","","","","","","","","","","","","","","","","","","","","","","","","","","","","","","","","","","","","","","","","","","","","","","","","","","","","","","","","","","","","","","","","","","","","","","","","","","","","","","","",190,1,"","","","","","","","","","","","","","","","","","","","","","","","","","","","","",""
"61328002","LE PIN-AU-HARAS -INRAE",48.735833,0.128167,176,2002062217,0.,1,"","","","","","","","","","","","","","","","","","","","","","","","","","","","","","","","","","",22.7,1,"","","","","","","","","","","","","","","","","","","","","","","","","","","","",59,1,"","","","","","","","","","","","","","","","","","","","","","","","","","","","","","","","","","","","","","","","","","","","","","","","","","","","","","","","","","","","","","","","","","","","","","","","","","","","","","","","","","","","","","","","","","","","","","","","","","",146,1,"","","","","","","","","","","","","","","","","","","","","","","","","","","","","",""
"61328002","LE PIN-AU-HARAS -INRAE",48.735833,0.128167,176,2002062218,0.,1,"","","","","","","","","","","","","","","","","","","","","","","","","","","","","","","","","","",21.2,1,"","","","","","","","","","","","","","","","","","","","","","","","","","","","",67,1,"","","","","","","","","","","","","","","","","","","","","","","","","","","","","","","","","","","","","","","","","","","","","","","","","","","","","","","","","","","","","","","","","","","","","","","","","","","","","","","","","","","","","","","","","","","","","","","","","","",82,1,"","","","","","","","","","","","","","","","","","","","","","","","","","","","","",""
"61328002","LE PIN-AU-HARAS -INRAE",48.735833,0.128167,176,2002062219,0.,1,"","","","","","","","","","","","","","","","","","","","","","","","","","","","","","","","","","",17.7,1,"","","","","","","","","","","","","","","","","","","","","","","","","","","","",86,1,"","","","","","","","","","","","","","","","","","","","","","","","","","","","","","","","","","","","","","","","","","","","","","","","","","","","","","","","","","","","","","","","","","","","","","","","","","","","","","","","","","","","","","","","","","","","","","","","","","",24,1,"","","","","","","","","","","","","","","","","","","","","","","","","","","","","",""
"61328002","LE PIN-AU-HARAS -INRAE",48.735833,0.128167,176,2002062220,0.,1,"","","","","","","","","","","","","","","","","","","","","","","","","","","","","","","","","","",16.7,1,"","","","","","","","","","","","","","","","","","","","","","","","","","","","",89,1,"","","","","","","","","","","","","","","","","","","","","","","","","","","","","","","","","","","","","","","","","","","","","","","","","","","","","","","","","","","","","","","","","","","","","","","","","","","","","","","","","","","","","","","","","","","","","","","","","","",4,1,"","","","","","","","","","","","","","","","","","","","","","","","","","","","","",""
"61328002","LE PIN-AU-HARAS -INRAE",48.735833,0.128167,176,2002062221,0.,1,"","","","","","","","","","","","","","","","","","","","","","","","","","","","","","","","","","",16.6,1,"","","","","","","","","","","","","","","","","","","","","","","","","","","","",90,1,"","","","","","","","","","","","","","","","","","","","","","","","","","","","","","","","","","","","","","","","","","","","","","","","","","","","","","","","","","","","","","","","","","","","","","","","","","","","","","","","","","","","","","","","","","","","","","","","","","",0,1,"","","","","","","","","","","","","","","","","","","","","","","","","","","","","",""
"61328002","LE PIN-AU-HARAS -INRAE",48.735833,0.128167,176,2002062222,0.,1,"","","","","","","","","","","","","","","","","","","","","","","","","","","","","","","","","","",16.1,1,"","","","","","","","","","","","","","","","","","","","","","","","","","","","",91,1,"","","","","","","","","","","","","","","","","","","","","","","","","","","","","","","","","","","","","","","","","","","","","","","","","","","","","","","","","","","","","","","","","","","","","","","","","","","","","","","","","","","","","","","","","","","","","","","","","","",0,1,"","","","","","","","","","","","","","","","","","","","","","","","","","","","","",""
"61328002","LE PIN-AU-HARAS -INRAE",48.735833,0.128167,176,2002062223,0.,1,"","","","","","","","","","","","","","","","","","","","","","","","","","","","","","","","","","",15.2,1,"","","","","","","","","","","","","","","","","","","","","","","","","","","","",89,1,"","","","","","","","","","","","","","","","","","","","","","","","","","","","","","","","","","","","","","","","","","","","","","","","","","","","","","","","","","","","","","","","","","","","","","","","","","","","","","","","","","","","","","","","","","","","","","","","","","",0,1,"","","","","","","","","","","","","","","","","","","","","","","","","","","","","",""
"61328002","LE PIN-AU-HARAS -INRAE",48.735833,0.128167,176,2002062300,0.,1,"","","","","","","","","","","","","","","","","","","","","","","","","","","","","","","","","","",15.,1,"","","","","","","","","","","","","","","","","","","","","","","","","","","","",89,1,"","","","","","","","","","","","","","","","","","","","","","","","","","","","","","","","","","","","","","","","","","","","","","","","","","","","","","","","","","","","","","","","","","","","","","","","","","","","","","","","","","","","","","","","","","","","","","","","","","",0,1,"","","","","","","","","","","","","","","","","","","","","","","","","","","","","",""
"61328002","LE PIN-AU-HARAS -INRAE",48.735833,0.128167,176,2002062301,0.,1,"","","","","","","","","","","","","","","","","","","","","","","","","","","","","","","","","","",14.5,1,"","","","","","","","","","","","","","","","","","","","","","","","","","","","",79,1,"","","","","","","","","","","","","","","","","","","","","","","","","","","","","","","","","","","","","","","","","","","","","","","","","","","","","","","","","","","","","","","","","","","","","","","","","","","","","","","","","","","","","","","","","","","","","","","","","","",0,1,"","","","","","","","","","","","","","","","","","","","","","","","","","","","","",""
"61328002","LE PIN-AU-HARAS -INRAE",48.735833,0.128167,176,2002062302,0.,1,"","","","","","","","","","","","","","","","","","","","","","","","","","","","","","","","","","",13.2,1,"","","","","","","","","","","","","","","","","","","","","","","","","","","","",83,1,"","","","","","","","","","","","","","","","","","","","","","","","","","","","","","","","","","","","","","","","","","","","","","","","","","","","","","","","","","","","","","","","","","","","","","","","","","","","","","","","","","","","","","","","","","","","","","","","","","",0,1,"","","","","","","","","","","","","","","","","","","","","","","","","","","","","",""
"61328002","LE PIN-AU-HARAS -INRAE",48.735833,0.128167,176,2002062303,0.,1,"","","","","","","","","","","","","","","","","","","","","","","","","","","","","","","","","","",11.8,1,"","","","","","","","","","","","","","","","","","","","","","","","","","","","",91,1,"","","","","","","","","","","","","","","","","","","","","","","","","","","","","","","","","","","","","","","","","","","","","","","","","","","","","","","","","","","","","","","","","","","","","","","","","","","","","","","","","","","","","","","","","","","","","","","","","","",0,1,"","","","","","","","","","","","","","","","","","","","","","","","","","","","","",""
"61328002","LE PIN-AU-HARAS -INRAE",48.735833,0.128167,176,2002062304,0.,1,"","","","","","","","","","","","","","","","","","","","","","","","","","","","","","","","","","",12.2,1,"","","","","","","","","","","","","","","","","","","","","","","","","","","","",91,1,"","","","","","","","","","","","","","","","","","","","","","","","","","","","","","","","","","","","","","","","","","","","","","","","","","","","","","","","","","","","","","","","","","","","","","","","","","","","","","","","","","","","","","","","","","","","","","","","","","",0,1,"","","","","","","","","","","","","","","","","","","","","","","","","","","","","",""
"61328002","LE PIN-AU-HARAS -INRAE",48.735833,0.128167,176,2002062305,0.,1,"","","","","","","","","","","","","","","","","","","","","","","","","","","","","","","","","","",12.5,1,"","","","","","","","","","","","","","","","","","","","","","","","","","","","",91,1,"","","","","","","","","","","","","","","","","","","","","","","","","","","","","","","","","","","","","","","","","","","","","","","","","","","","","","","","","","","","","","","","","","","","","","","","","","","","","","","","","","","","","","","","","","","","","","","","","","",10,1,"","","","","","","","","","","","","","","","","","","","","","","","","","","","","",""
"61328002","LE PIN-AU-HARAS -INRAE",48.735833,0.128167,176,2002062306,0.,1,"","","","","","","","","","","","","","","","","","","","","","","","","","","","","","","","","","",13.6,1,"","","","","","","","","","","","","","","","","","","","","","","","","","","","",84,1,"","","","","","","","","","","","","","","","","","","","","","","","","","","","","","","","","","","","","","","","","","","","","","","","","","","","","","","","","","","","","","","","","","","","","","","","","","","","","","","","","","","","","","","","","","","","","","","","","","",38,1,"","","","","","","","","","","","","","","","","","","","","","","","","","","","","",""
"61328002","LE PIN-AU-HARAS -INRAE",48.735833,0.128167,176,2002062307,0.,1,"","","","","","","","","","","","","","","","","","","","","","","","","","","","","","","","","","",14.9,1,"","","","","","","","","","","","","","","","","","","","","","","","","","","","",73,1,"","","","","","","","","","","","","","","","","","","","","","","","","","","","","","","","","","","","","","","","","","","","","","","","","","","","","","","","","","","","","","","","","","","","","","","","","","","","","","","","","","","","","","","","","","","","","","","","","","",124,1,"","","","","","","","","","","","","","","","","","","","","","","","","","","","","",""
"61328002","LE PIN-AU-HARAS -INRAE",48.735833,0.128167,176,2002062308,0.,1,"","","","","","","","","","","","","","","","","","","","","","","","","","","","","","","","","","",15.9,1,"","","","","","","","","","","","","","","","","","","","","","","","","","","","",70,1,"","","","","","","","","","","","","","","","","","","","","","","","","","","","","","","","","","","","","","","","","","","","","","","","","","","","","","","","","","","","","","","","","","","","","","","","","","","","","","","","","","","","","","","","","","","","","","","","","","",168,1,"","","","","","","","","","","","","","","","","","","","","","","","","","","","","",""
"61328002","LE PIN-AU-HARAS -INRAE",48.735833,0.128167,176,2002062309,0.,1,"","","","","","","","","","","","","","","","","","","","","","","","","","","","","","","","","","",17.4,1,"","","","","","","","","","","","","","","","","","","","","","","","","","","","",60,1,"","","","","","","","","","","","","","","","","","","","","","","","","","","","","","","","","","","","","","","","","","","","","","","","","","","","","","","","","","","","","","","","","","","","","","","","","","","","","","","","","","","","","","","","","","","","","","","","","","",214,1,"","","","","","","","","","","","","","","","","","","","","","","","","","","","","",""
"61328002","LE PIN-AU-HARAS -INRAE",48.735833,0.128167,176,2002062310,0.,1,"","","","","","","","","","","","","","","","","","","","","","","","","","","","","","","","","","",17.6,1,"","","","","","","","","","","","","","","","","","","","","","","","","","","","",61,1,"","","","","","","","","","","","","","","","","","","","","","","","","","","","","","","","","","","","","","","","","","","","","","","","","","","","","","","","","","","","","","","","","","","","","","","","","","","","","","","","","","","","","","","","","","","","","","","","","","",172,1,"","","","","","","","","","","","","","","","","","","","","","","","","","","","","",""
"61328002","LE PIN-AU-HARAS -INRAE",48.735833,0.128167,176,2002062311,0.,1,"","","","","","","","","","","","","","","","","","","","","","","","","","","","","","","","","","",19.6,1,"","","","","","","","","","","","","","","","","","","","","","","","","","","","",64,1,"","","","","","","","","","","","","","","","","","","","","","","","","","","","","","","","","","","","","","","","","","","","","","","","","","","","","","","","","","","","","","","","","","","","","","","","","","","","","","","","","","","","","","","","","","","","","","","","","","",216,1,"","","","","","","","","","","","","","","","","","","","","","","","","","","","","",""
"61328002","LE PIN-AU-HARAS -INRAE",48.735833,0.128167,176,2002062312,0.,1,"","","","","","","","","","","","","","","","","","","","","","","","","","","","","","","","","","",18.7,1,"","","","","","","","","","","","","","","","","","","","","","","","","","","","",56,1,"","","","","","","","","","","","","","","","","","","","","","","","","","","","","","","","","","","","","","","","","","","","","","","","","","","","","","","","","","","","","","","","","","","","","","","","","","","","","","","","","","","","","","","","","","","","","","","","","","",208,1,"","","","","","","","","","","","","","","","","","","","","","","","","","","","","",""
"61328002","LE PIN-AU-HARAS -INRAE",48.735833,0.128167,176,2002062313,0.,1,"","","","","","","","","","","","","","","","","","","","","","","","","","","","","","","","","","",20.1,1,"","","","","","","","","","","","","","","","","","","","","","","","","","","","",47,1,"","","","","","","","","","","","","","","","","","","","","","","","","","","","","","","","","","","","","","","","","","","","","","","","","","","","","","","","","","","","","","","","","","","","","","","","","","","","","","","","","","","","","","","","","","","","","","","","","","",274,1,"","","","","","","","","","","","","","","","","","","","","","","","","","","","","",""
"61328002","LE PIN-AU-HARAS -INRAE",48.735833,0.128167,176,2002062314,0.,1,"","","","","","","","","","","","","","","","","","","","","","","","","","","","","","","","","","",20.6,1,"","","","","","","","","","","","","","","","","","","","","","","","","","","","",47,1,"","","","","","","","","","","","","","","","","","","","","","","","","","","","","","","","","","","","","","","","","","","","","","","","","","","","","","","","","","","","","","","","","","","","","","","","","","","","","","","","","","","","","","","","","","","","","","","","","","",202,1,"","","","","","","","","","","","","","","","","","","","","","","","","","","","","",""
"61328002","LE PIN-AU-HARAS -INRAE",48.735833,0.128167,176,2002062315,0.,1,"","","","","","","","","","","","","","","","","","","","","","","","","","","","","","","","","","",21.3,1,"","","","","","","","","","","","","","","","","","","","","","","","","","","","",48,1,"","","","","","","","","","","","","","","","","","","","","","","","","","","","","","","","","","","","","","","","","","","","","","","","","","","","","","","","","","","","","","","","","","","","","","","","","","","","","","","","","","","","","","","","","","","","","","","","","","",268,1,"","","","","","","","","","","","","","","","","","","","","","","","","","","","","",""
"61328002","LE PIN-AU-HARAS -INRAE",48.735833,0.128167,176,2002062316,0.,1,"","","","","","","","","","","","","","","","","","","","","","","","","","","","","","","","","","",20.,1,"","","","","","","","","","","","","","","","","","","","","","","","","","","","",51,1,"","","","","","","","","","","","","","","","","","","","","","","","","","","","","","","","","","","","","","","","","","","","","","","","","","","","","","","","","","","","","","","","","","","","","","","","","","","","","","","","","","","","","","","","","","","","","","","","","","",210,1,"","","","","","","","","","","","","","","","","","","","","","","","","","","","","",""
"61328002","LE PIN-AU-HARAS -INRAE",48.735833,0.128167,176,2002062317,0.,1,"","","","","","","","","","","","","","","","","","","","","","","","","","","","","","","","","","",18.4,1,"","","","","","","","","","","","","","","","","","","","","","","","","","","","",63,1,"","","","","","","","","","","","","","","","","","","","","","","","","","","","","","","","","","","","","","","","","","","","","","","","","","","","","","","","","","","","","","","","","","","","","","","","","","","","","","","","","","","","","","","","","","","","","","","","","","",172,1,"","","","","","","","","","","","","","","","","","","","","","","","","","","","","",""
"61328002","LE PIN-AU-HARAS -INRAE",48.735833,0.128167,176,2002062318,0.,1,"","","","","","","","","","","","","","","","","","","","","","","","","","","","","","","","","","",16.3,1,"","","","","","","","","","","","","","","","","","","","","","","","","","","","",68,1,"","","","","","","","","","","","","","","","","","","","","","","","","","","","","","","","","","","","","","","","","","","","","","","","","","","","","","","","","","","","","","","","","","","","","","","","","","","","","","","","","","","","","","","","","","","","","","","","","","",48,1,"","","","","","","","","","","","","","","","","","","","","","","","","","","","","",""
"61328002","LE PIN-AU-HARAS -INRAE",48.735833,0.128167,176,2002062319,0.,1,"","","","","","","","","","","","","","","","","","","","","","","","","","","","","","","","","","",15.3,1,"","","","","","","","","","","","","","","","","","","","","","","","","","","","",70,1,"","","","","","","","","","","","","","","","","","","","","","","","","","","","","","","","","","","","","","","","","","","","","","","","","","","","","","","","","","","","","","","","","","","","","","","","","","","","","","","","","","","","","","","","","","","","","","","","","","",28,1,"","","","","","","","","","","","","","","","","","","","","","","","","","","","","",""
"61328002","LE PIN-AU-HARAS -INRAE",48.735833,0.128167,176,2002062320,0.,1,"","","","","","","","","","","","","","","","","","","","","","","","","","","","","","","","","","",13.5,1,"","","","","","","","","","","","","","","","","","","","","","","","","","","","",80,1,"","","","","","","","","","","","","","","","","","","","","","","","","","","","","","","","","","","","","","","","","","","","","","","","","","","","","","","","","","","","","","","","","","","","","","","","","","","","","","","","","","","","","","","","","","","","","","","","","","",4,1,"","","","","","","","","","","","","","","","","","","","","","","","","","","","","",""
"61328002","LE PIN-AU-HARAS -INRAE",48.735833,0.128167,176,2002062321,0.,1,"","","","","","","","","","","","","","","","","","","","","","","","","","","","","","","","","","",13.,1,"","","","","","","","","","","","","","","","","","","","","","","","","","","","",83,1,"","","","","","","","","","","","","","","","","","","","","","","","","","","","","","","","","","","","","","","","","","","","","","","","","","","","","","","","","","","","","","","","","","","","","","","","","","","","","","","","","","","","","","","","","","","","","","","","","","",2,1,"","","","","","","","","","","","","","","","","","","","","","","","","","","","","",""
"61328002","LE PIN-AU-HARAS -INRAE",48.735833,0.128167,176,2002062322,0.,1,"","","","","","","","","","","","","","","","","","","","","","","","","","","","","","","","","","",12.8,1,"","","","","","","","","","","","","","","","","","","","","","","","","","","","",85,1,"","","","","","","","","","","","","","","","","","","","","","","","","","","","","","","","","","","","","","","","","","","","","","","","","","","","","","","","","","","","","","","","","","","","","","","","","","","","","","","","","","","","","","","","","","","","","","","","","","",0,1,"","","","","","","","","","","","","","","","","","","","","","","","","","","","","",""
"61328002","LE PIN-AU-HARAS -INRAE",48.735833,0.128167,176,2002062323,0.,1,"","","","","","","","","","","","","","","","","","","","","","","","","","","","","","","","","","",12.4,1,"","","","","","","","","","","","","","","","","","","","","","","","","","","","",90,1,"","","","","","","","","","","","","","","","","","","","","","","","","","","","","","","","","","","","","","","","","","","","","","","","","","","","","","","","","","","","","","","","","","","","","","","","","","","","","","","","","","","","","","","","","","","","","","","","","","",0,1,"","","","","","","","","","","","","","","","","","","","","","","","","","","","","",""
"61328002","LE PIN-AU-HARAS -INRAE",48.735833,0.128167,176,2002062400,0.,1,"","","","","","","","","","","","","","","","","","","","","","","","","","","","","","","","","","",10.8,1,"","","","","","","","","","","","","","","","","","","","","","","","","","","","",94,1,"","","","","","","","","","","","","","","","","","","","","","","","","","","","","","","","","","","","","","","","","","","","","","","","","","","","","","","","","","","","","","","","","","","","","","","","","","","","","","","","","","","","","","","","","","","","","","","","","","",0,1,"","","","","","","","","","","","","","","","","","","","","","","","","","","","","",""
"61328002","LE PIN-AU-HARAS -INRAE",48.735833,0.128167,176,2002062401,0.,1,"","","","","","","","","","","","","","","","","","","","","","","","","","","","","","","","","","",10.1,1,"","","","","","","","","","","","","","","","","","","","","","","","","","","","",97,1,"","","","","","","","","","","","","","","","","","","","","","","","","","","","","","","","","","","","","","","","","","","","","","","","","","","","","","","","","","","","","","","","","","","","","","","","","","","","","","","","","","","","","","","","","","","","","","","","","","",0,1,"","","","","","","","","","","","","","","","","","","","","","","","","","","","","",""
"61328002","LE PIN-AU-HARAS -INRAE",48.735833,0.128167,176,2002062402,0.,1,"","","","","","","","","","","","","","","","","","","","","","","","","","","","","","","","","","",8.5,1,"","","","","","","","","","","","","","","","","","","","","","","","","","","","",98,1,"","","","","","","","","","","","","","","","","","","","","","","","","","","","","","","","","","","","","","","","","","","","","","","","","","","","","","","","","","","","","","","","","","","","","","","","","","","","","","","","","","","","","","","","","","","","","","","","","","",0,1,"","","","","","","","","","","","","","","","","","","","","","","","","","","","","",""
"61328002","LE PIN-AU-HARAS -INRAE",48.735833,0.128167,176,2002062403,0.,1,"","","","","","","","","","","","","","","","","","","","","","","","","","","","","","","","","","",7.1,1,"","","","","","","","","","","","","","","","","","","","","","","","","","","","",99,1,"","","","","","","","","","","","","","","","","","","","","","","","","","","","","","","","","","","","","","","","","","","","","","","","","","","","","","","","","","","","","","","","","","","","","","","","","","","","","","","","","","","","","","","","","","","","","","","","","","",0,1,"","","","","","","","","","","","","","","","","","","","","","","","","","","","","",""
"61328002","LE PIN-AU-HARAS -INRAE",48.735833,0.128167,176,2002062404,0.,1,"","","","","","","","","","","","","","","","","","","","","","","","","","","","","","","","","","",9.7,1,"","","","","","","","","","","","","","","","","","","","","","","","","","","","",100,1,"","","","","","","","","","","","","","","","","","","","","","","","","","","","","","","","","","","","","","","","","","","","","","","","","","","","","","","","","","","","","","","","","","","","","","","","","","","","","","","","","","","","","","","","","","","","","","","","","","",0,1,"","","","","","","","","","","","","","","","","","","","","","","","","","","","","",""
"61328002","LE PIN-AU-HARAS -INRAE",48.735833,0.128167,176,2002062405,0.,1,"","","","","","","","","","","","","","","","","","","","","","","","","","","","","","","","","","",10.6,1,"","","","","","","","","","","","","","","","","","","","","","","","","","","","",100,1,"","","","","","","","","","","","","","","","","","","","","","","","","","","","","","","","","","","","","","","","","","","","","","","","","","","","","","","","","","","","","","","","","","","","","","","","","","","","","","","","","","","","","","","","","","","","","","","","","","",6,1,"","","","","","","","","","","","","","","","","","","","","","","","","","","","","",""
"61328002","LE PIN-AU-HARAS -INRAE",48.735833,0.128167,176,2002062406,0.,1,"","","","","","","","","","","","","","","","","","","","","","","","","","","","","","","","","","",10.9,1,"","","","","","","","","","","","","","","","","","","","","","","","","","","","",100,1,"","","","","","","","","","","","","","","","","","","","","","","","","","","","","","","","","","","","","","","","","","","","","","","","","","","","","","","","","","","","","","","","","","","","","","","","","","","","","","","","","","","","","","","","","","","","","","","","","","",26,1,"","","","","","","","","","","","","","","","","","","","","","","","","","","","","",""
"61328002","LE PIN-AU-HARAS -INRAE",48.735833,0.128167,176,2002062407,0.,1,"","","","","","","","","","","","","","","","","","","","","","","","","","","","","","","","","","",12.8,1,"","","","","","","","","","","","","","","","","","","","","","","","","","","","",100,1,"","","","","","","","","","","","","","","","","","","","","","","","","","","","","","","","","","","","","","","","","","","","","","","","","","","","","","","","","","","","","","","","","","","","","","","","","","","","","","","","","","","","","","","","","","","","","","","","","","",72,1,"","","","","","","","","","","","","","","","","","","","","","","","","","","","","",""
"61328002","LE PIN-AU-HARAS -INRAE",48.735833,0.128167,176,2002062408,0.,1,"","","","","","","","","","","","","","","","","","","","","","","","","","","","","","","","","","",14.9,1,"","","","","","","","","","","","","","","","","","","","","","","","","","","","",83,1,"","","","","","","","","","","","","","","","","","","","","","","","","","","","","","","","","","","","","","","","","","","","","","","","","","","","","","","","","","","","","","","","","","","","","","","","","","","","","","","","","","","","","","","","","","","","","","","","","","",172,1,"","","","","","","","","","","","","","","","","","","","","","","","","","","","","",""
"61328002","LE PIN-AU-HARAS -INRAE",48.735833,0.128167,176,2002062409,0.,1,"","","","","","","","","","","","","","","","","","","","","","","","","","","","","","","","","","",16.9,1,"","","","","","","","","","","","","","","","","","","","","","","","","","","","",70,1,"","","","","","","","","","","","","","","","","","","","","","","","","","","","","","","","","","","","","","","","","","","","","","","","","","","","","","","","","","","","","","","","","","","","","","","","","","","","","","","","","","","","","","","","","","","","","","","","","","",242,1,"","","","","","","","","","","","","","","","","","","","","","","","","","","","","",""
"61328002","LE PIN-AU-HARAS -INRAE",48.735833,0.128167,176,2002062410,0.,1,"","","","","","","","","","","","","","","","","","","","","","","","","","","","","","","","","","",18.3,1,"","","","","","","","","","","","","","","","","","","","","","","","","","","","",62,1,"","","","","","","","","","","","","","","","","","","","","","","","","","","","","","","","","","","","","","","","","","","","","","","","","","","","","","","","","","","","","","","","","","","","","","","","","","","","","","","","","","","","","","","","","","","","","","","","","","",266,1,"","","","","","","","","","","","","","","","","","","","","","","","","","","","","",""
"61328002","LE PIN-AU-HARAS -INRAE",48.735833,0.128167,176,2002062411,0.,1,"","","","","","","","","","","","","","","","","","","","","","","","","","","","","","","","","","",18.3,1,"","","","","","","","","","","","","","","","","","","","","","","","","","","","",50,1,"","","","","","","","","","","","","","","","","","","","","","","","","","","","","","","","","","","","","","","","","","","","","","","","","","","","","","","","","","","","","","","","","","","","","","","","","","","","","","","","","","","","","","","","","","","","","","","","","","",282,1,"","","","","","","","","","","","","","","","","","","","","","","","","","","","","",""
"61328002","LE PIN-AU-HARAS -INRAE",48.735833,0.128167,176,2002062412,0.,1,"","","","","","","","","","","","","","","","","","","","","","","","","","","","","","","","","","",18.3,1,"","","","","","","","","","","","","","","","","","","","","","","","","","","","",49,1,"","","","","","","","","","","","","","","","","","","","","","","","","","","","","","","","","","","","","","","","","","","","","","","","","","","","","","","","","","","","","","","","","","","","","","","","","","","","","","","","","","","","","","","","","","","","","","","","","","",320,1,"","","","","","","","","","","","","","","","","","","","","","","","","","","","","",""
"61328002","LE PIN-AU-HARAS -INRAE",48.735833,0.128167,176,2002062413,0.,1,"","","","","","","","","","","","","","","","","","","","","","","","","","","","","","","","","","",19.7,1,"","","","","","","","","","","","","","","","","","","","","","","","","","","","",46,1,"","","","","","","","","","","","","","","","","","","","","","","","","","","","","","","","","","","","","","","","","","","","","","","","","","","","","","","","","","","","","","","","","","","","","","","","","","","","","","","","","","","","","","","","","","","","","","","","","","",314,1,"","","","","","","","","","","","","","","","","","","","","","","","","","","","","",""
"61328002","LE PIN-AU-HARAS -INRAE",48.735833,0.128167,176,2002062414,0.,1,"","","","","","","","","","","","","","","","","","","","","","","","","","","","","","","","","","",19.7,1,"","","","","","","","","","","","","","","","","","","","","","","","","","","","",47,1,"","","","","","","","","","","","","","","","","","","","","","","","","","","","","","","","","","","","","","","","","","","","","","","","","","","","","","","","","","","","","","","","","","","","","","","","","","","","","","","","","","","","","","","","","","","","","","","","","","",316,1,"","","","","","","","","","","","","","","","","","","","","","","","","","","","","",""
"61328002","LE PIN-AU-HARAS -INRAE",48.735833,0.128167,176,2002062415,0.,1,"","","","","","","","","","","","","","","","","","","","","","","","","","","","","","","","","","",20.,1,"","","","","","","","","","","","","","","","","","","","","","","","","","","","",44,1,"","","","","","","","","","","","","","","","","","","","","","","","","","","","","","","","","","","","","","","","","","","","","","","","","","","","","","","","","","","","","","","","","","","","","","","","","","","","","","","","","","","","","","","","","","","","","","","","","","",298,1,"","","","","","","","","","","","","","","","","","","","","","","","","","","","","",""
"61328002","LE PIN-AU-HARAS -INRAE",48.735833,0.128167,176,2002062416,0.,1,"","","","","","","","","","","","","","","","","","","","","","","","","","","","","","","","","","",19.9,1,"","","","","","","","","","","","","","","","","","","","","","","","","","","","",46,1,"","","","","","","","","","","","","","","","","","","","","","","","","","","","","","","","","","","","","","","","","","","","","","","","","","","","","","","","","","","","","","","","","","","","","","","","","","","","","","","","","","","","","","","","","","","","","","","","","","",230,1,"","","","","","","","","","","","","","","","","","","","","","","","","","","","","",""
"61328002","LE PIN-AU-HARAS -INRAE",48.735833,0.128167,176,2002062417,0.,1,"","","","","","","","","","","","","","","","","","","","","","","","","","","","","","","","","","",19.5,1,"","","","","","","","","","","","","","","","","","","","","","","","","","","","",51,1,"","","","","","","","","","","","","","","","","","","","","","","","","","","","","","","","","","","","","","","","","","","","","","","","","","","","","","","","","","","","","","","","","","","","","","","","","","","","","","","","","","","","","","","","","","","","","","","","","","",190,1,"","","","","","","","","","","","","","","","","","","","","","","","","","","","","",""
"61328002","LE PIN-AU-HARAS -INRAE",48.735833,0.128167,176,2002062418,0.,1,"","","","","","","","","","","","","","","","","","","","","","","","","","","","","","","","","","",18.1,1,"","","","","","","","","","","","","","","","","","","","","","","","","","","","",52,1,"","","","","","","","","","","","","","","","","","","","","","","","","","","","","","","","","","","","","","","","","","","","","","","","","","","","","","","","","","","","","","","","","","","","","","","","","","","","","","","","","","","","","","","","","","","","","","","","","","",124,1,"","","","","","","","","","","","","","","","","","","","","","","","","","","","","",""
"61328002","LE PIN-AU-HARAS -INRAE",48.735833,0.128167,176,2002062419,0.,1,"","","","","","","","","","","","","","","","","","","","","","","","","","","","","","","","","","",16.2,1,"","","","","","","","","","","","","","","","","","","","","","","","","","","","",60,1,"","","","","","","","","","","","","","","","","","","","","","","","","","","","","","","","","","","","","","","","","","","","","","","","","","","","","","","","","","","","","","","","","","","","","","","","","","","","","","","","","","","","","","","","","","","","","","","","","","",64,1,"","","","","","","","","","","","","","","","","","","","","","","","","","","","","",""
"61328002","LE PIN-AU-HARAS -INRAE",48.735833,0.128167,176,2002062420,0.,1,"","","","","","","","","","","","","","","","","","","","","","","","","","","","","","","","","","",13.9,1,"","","","","","","","","","","","","","","","","","","","","","","","","","","","",73,1,"","","","","","","","","","","","","","","","","","","","","","","","","","","","","","","","","","","","","","","","","","","","","","","","","","","","","","","","","","","","","","","","","","","","","","","","","","","","","","","","","","","","","","","","","","","","","","","","","","",10,1,"","","","","","","","","","","","","","","","","","","","","","","","","","","","","",""
"61328002","LE PIN-AU-HARAS -INRAE",48.735833,0.128167,176,2002062421,0.,1,"","","","","","","","","","","","","","","","","","","","","","","","","","","","","","","","","","",12.1,1,"","","","","","","","","","","","","","","","","","","","","","","","","","","","",82,1,"","","","","","","","","","","","","","","","","","","","","","","","","","","","","","","","","","","","","","","","","","","","","","","","","","","","","","","","","","","","","","","","","","","","","","","","","","","","","","","","","","","","","","","","","","","","","","","","","","",0,1,"","","","","","","","","","","","","","","","","","","","","","","","","","","","","",""
"61328002","LE PIN-AU-HARAS -INRAE",48.735833,0.128167,176,2002062422,0.,1,"","","","","","","","","","","","","","","","","","","","","","","","","","","","","","","","","","",9.2,1,"","","","","","","","","","","","","","","","","","","","","","","","","","","","",91,1,"","","","","","","","","","","","","","","","","","","","","","","","","","","","","","","","","","","","","","","","","","","","","","","","","","","","","","","","","","","","","","","","","","","","","","","","","","","","","","","","","","","","","","","","","","","","","","","","","","",0,1,"","","","","","","","","","","","","","","","","","","","","","","","","","","","","",""
"61328002","LE PIN-AU-HARAS -INRAE",48.735833,0.128167,176,2002062423,0.,1,"","","","","","","","","","","","","","","","","","","","","","","","","","","","","","","","","","",7.8,1,"","","","","","","","","","","","","","","","","","","","","","","","","","","","",96,1,"","","","","","","","","","","","","","","","","","","","","","","","","","","","","","","","","","","","","","","","","","","","","","","","","","","","","","","","","","","","","","","","","","","","","","","","","","","","","","","","","","","","","","","","","","","","","","","","","","",0,1,"","","","","","","","","","","","","","","","","","","","","","","","","","","","","",""
"61328002","LE PIN-AU-HARAS -INRAE",48.735833,0.128167,176,2002062500,0.,1,"","","","","","","","","","","","","","","","","","","","","","","","","","","","","","","","","","",6.3,1,"","","","","","","","","","","","","","","","","","","","","","","","","","","","",97,1,"","","","","","","","","","","","","","","","","","","","","","","","","","","","","","","","","","","","","","","","","","","","","","","","","","","","","","","","","","","","","","","","","","","","","","","","","","","","","","","","","","","","","","","","","","","","","","","","","","",0,1,"","","","","","","","","","","","","","","","","","","","","","","","","","","","","",""
"61328002","LE PIN-AU-HARAS -INRAE",48.735833,0.128167,176,2002062501,0.,1,"","","","","","","","","","","","","","","","","","","","","","","","","","","","","","","","","","",5.7,1,"","","","","","","","","","","","","","","","","","","","","","","","","","","","",99,1,"","","","","","","","","","","","","","","","","","","","","","","","","","","","","","","","","","","","","","","","","","","","","","","","","","","","","","","","","","","","","","","","","","","","","","","","","","","","","","","","","","","","","","","","","","","","","","","","","","",0,1,"","","","","","","","","","","","","","","","","","","","","","","","","","","","","",""
"61328002","LE PIN-AU-HARAS -INRAE",48.735833,0.128167,176,2002062502,0.,1,"","","","","","","","","","","","","","","","","","","","","","","","","","","","","","","","","","",4.9,1,"","","","","","","","","","","","","","","","","","","","","","","","","","","","",99,1,"","","","","","","","","","","","","","","","","","","","","","","","","","","","","","","","","","","","","","","","","","","","","","","","","","","","","","","","","","","","","","","","","","","","","","","","","","","","","","","","","","","","","","","","","","","","","","","","","","",0,1,"","","","","","","","","","","","","","","","","","","","","","","","","","","","","",""
"61328002","LE PIN-AU-HARAS -INRAE",48.735833,0.128167,176,2002062503,0.,1,"","","","","","","","","","","","","","","","","","","","","","","","","","","","","","","","","","",4.5,1,"","","","","","","","","","","","","","","","","","","","","","","","","","","","",100,1,"","","","","","","","","","","","","","","","","","","","","","","","","","","","","","","","","","","","","","","","","","","","","","","","","","","","","","","","","","","","","","","","","","","","","","","","","","","","","","","","","","","","","","","","","","","","","","","","","","",0,1,"","","","","","","","","","","","","","","","","","","","","","","","","","","","","",""
"61328002","LE PIN-AU-HARAS -INRAE",48.735833,0.128167,176,2002062504,0.,1,"","","","","","","","","","","","","","","","","","","","","","","","","","","","","","","","","","",4.4,1,"","","","","","","","","","","","","","","","","","","","","","","","","","","","",100,1,"","","","","","","","","","","","","","","","","","","","","","","","","","","","","","","","","","","","","","","","","","","","","","","","","","","","","","","","","","","","","","","","","","","","","","","","","","","","","","","","","","","","","","","","","","","","","","","","","","",0,1,"","","","","","","","","","","","","","","","","","","","","","","","","","","","","",""
"61328002","LE PIN-AU-HARAS -INRAE",48.735833,0.128167,176,2002062505,0.,1,"","","","","","","","","","","","","","","","","","","","","","","","","","","","","","","","","","",6.,1,"","","","","","","","","","","","","","","","","","","","","","","","","","","","",100,1,"","","","","","","","","","","","","","","","","","","","","","","","","","","","","","","","","","","","","","","","","","","","","","","","","","","","","","","","","","","","","","","","","","","","","","","","","","","","","","","","","","","","","","","","","","","","","","","","","","",6,1,"","","","","","","","","","","","","","","","","","","","","","","","","","","","","",""
"61328002","LE PIN-AU-HARAS -INRAE",48.735833,0.128167,176,2002062506,0.,1,"","","","","","","","","","","","","","","","","","","","","","","","","","","","","","","","","","",8.2,1,"","","","","","","","","","","","","","","","","","","","","","","","","","","","",100,1,"","","","","","","","","","","","","","","","","","","","","","","","","","","","","","","","","","","","","","","","","","","","","","","","","","","","","","","","","","","","","","","","","","","","","","","","","","","","","","","","","","","","","","","","","","","","","","","","","","",42,1,"","","","","","","","","","","","","","","","","","","","","","","","","","","","","",""
"61328002","LE PIN-AU-HARAS -INRAE",48.735833,0.128167,176,2002062507,0.,1,"","","","","","","","","","","","","","","","","","","","","","","","","","","","","","","","","","",11.6,1,"","","","","","","","","","","","","","","","","","","","","","","","","","","","",100,1,"","","","","","","","","","","","","","","","","","","","","","","","","","","","","","","","","","","","","","","","","","","","","","","","","","","","","","","","","","","","","","","","","","","","","","","","","","","","","","","","","","","","","","","","","","","","","","","","","","",94,1,"","","","","","","","","","","","","","","","","","","","","","","","","","","","","",""
"61328002","LE PIN-AU-HARAS -INRAE",48.735833,0.128167,176,2002062508,0.,1,"","","","","","","","","","","","","","","","","","","","","","","","","","","","","","","","","","",14.9,1,"","","","","","","","","","","","","","","","","","","","","","","","","","","","",88,1,"","","","","","","","","","","","","","","","","","","","","","","","","","","","","","","","","","","","","","","","","","","","","","","","","","","","","","","","","","","","","","","","","","","","","","","","","","","","","","","","","","","","","","","","","","","","","","","","","","",164,1,"","","","","","","","","","","","","","","","","","","","","","","","","","","","","",""
"61328002","LE PIN-AU-HARAS -INRAE",48.735833,0.128167,176,2002062509,0.,1,"","","","","","","","","","","","","","","","","","","","","","","","","","","","","","","","","","",16.7,1,"","","","","","","","","","","","","","","","","","","","","","","","","","","","",60,1,"","","","","","","","","","","","","","","","","","","","","","","","","","","","","","","","","","","","","","","","","","","","","","","","","","","","","","","","","","","","","","","","","","","","","","","","","","","","","","","","","","","","","","","","","","","","","","","","","","",236,1,"","","","","","","","","","","","","","","","","","","","","","","","","","","","","",""
"61328002","LE PIN-AU-HARAS -INRAE",48.735833,0.128167,176,2002062510,0.,1,"","","","","","","","","","","","","","","","","","","","","","","","","","","","","","","","","","",18.1,1,"","","","","","","","","","","","","","","","","","","","","","","","","","","","",59,1,"","","","","","","","","","","","","","","","","","","","","","","","","","","","","","","","","","","","","","","","","","","","","","","","","","","","","","","","","","","","","","","","","","","","","","","","","","","","","","","","","","","","","","","","","","","","","","","","","","",286,1,"","","","","","","","","","","","","","","","","","","","","","","","","","","","","",""
"61328002","LE PIN-AU-HARAS -INRAE",48.735833,0.128167,176,2002062511,0.,1,"","","","","","","","","","","","","","","","","","","","","","","","","","","","","","","","","","",19.1,1,"","","","","","","","","","","","","","","","","","","","","","","","","","","","",54,1,"","","","","","","","","","","","","","","","","","","","","","","","","","","","","","","","","","","","","","","","","","","","","","","","","","","","","","","","","","","","","","","","","","","","","","","","","","","","","","","","","","","","","","","","","","","","","","","","","","",326,1,"","","","","","","","","","","","","","","","","","","","","","","","","","","","","",""
"61328002","LE PIN-AU-HARAS -INRAE",48.735833,0.128167,176,2002062512,0.,1,"","","","","","","","","","","","","","","","","","","","","","","","","","","","","","","","","","",20.3,1,"","","","","","","","","","","","","","","","","","","","","","","","","","","","",50,1,"","","","","","","","","","","","","","","","","","","","","","","","","","","","","","","","","","","","","","","","","","","","","","","","","","","","","","","","","","","","","","","","","","","","","","","","","","","","","","","","","","","","","","","","","","","","","","","","","","",336,1,"","","","","","","","","","","","","","","","","","","","","","","","","","","","","",""
"61328002","LE PIN-AU-HARAS -INRAE",48.735833,0.128167,176,2002062513,0.,1,"","","","","","","","","","","","","","","","","","","","","","","","","","","","","","","","","","",20.5,1,"","","","","","","","","","","","","","","","","","","","","","","","","","","","",40,1,"","","","","","","","","","","","","","","","","","","","","","","","","","","","","","","","","","","","","","","","","","","","","","","","","","","","","","","","","","","","","","","","","","","","","","","","","","","","","","","","","","","","","","","","","","","","","","","","","","",342,1,"","","","","","","","","","","","","","","","","","","","","","","","","","","","","",""
"61328002","LE PIN-AU-HARAS -INRAE",48.735833,0.128167,176,2002062514,0.,1,"","","","","","","","","","","","","","","","","","","","","","","","","","","","","","","","","","",21.9,1,"","","","","","","","","","","","","","","","","","","","","","","","","","","","",43,1,"","","","","","","","","","","","","","","","","","","","","","","","","","","","","","","","","","","","","","","","","","","","","","","","","","","","","","","","","","","","","","","","","","","","","","","","","","","","","","","","","","","","","","","","","","","","","","","","","","",324,1,"","","","","","","","","","","","","","","","","","","","","","","","","","","","","",""
"61328002","LE PIN-AU-HARAS -INRAE",48.735833,0.128167,176,2002062515,0.,1,"","","","","","","","","","","","","","","","","","","","","","","","","","","","","","","","","","",21.8,1,"","","","","","","","","","","","","","","","","","","","","","","","","","","","",51,1,"","","","","","","","","","","","","","","","","","","","","","","","","","","","","","","","","","","","","","","","","","","","","","","","","","","","","","","","","","","","","","","","","","","","","","","","","","","","","","","","","","","","","","","","","","","","","","","","","","",288,1,"","","","","","","","","","","","","","","","","","","","","","","","","","","","","",""
"61328002","LE PIN-AU-HARAS -INRAE",48.735833,0.128167,176,2002062516,0.,1,"","","","","","","","","","","","","","","","","","","","","","","","","","","","","","","","","","",21.2,1,"","","","","","","","","","","","","","","","","","","","","","","","","","","","",55,1,"","","","","","","","","","","","","","","","","","","","","","","","","","","","","","","","","","","","","","","","","","","","","","","","","","","","","","","","","","","","","","","","","","","","","","","","","","","","","","","","","","","","","","","","","","","","","","","","","","",244,1,"","","","","","","","","","","","","","","","","","","","","","","","","","","","","",""
"61328002","LE PIN-AU-HARAS -INRAE",48.735833,0.128167,176,2002062517,0.,1,"","","","","","","","","","","","","","","","","","","","","","","","","","","","","","","","","","",20.4,1,"","","","","","","","","","","","","","","","","","","","","","","","","","","","",56,1,"","","","","","","","","","","","","","","","","","","","","","","","","","","","","","","","","","","","","","","","","","","","","","","","","","","","","","","","","","","","","","","","","","","","","","","","","","","","","","","","","","","","","","","","","","","","","","","","","","",182,1,"","","","","","","","","","","","","","","","","","","","","","","","","","","","","",""
"61328002","LE PIN-AU-HARAS -INRAE",48.735833,0.128167,176,2002062518,0.,1,"","","","","","","","","","","","","","","","","","","","","","","","","","","","","","","","","","",18.5,1,"","","","","","","","","","","","","","","","","","","","","","","","","","","","",58,1,"","","","","","","","","","","","","","","","","","","","","","","","","","","","","","","","","","","","","","","","","","","","","","","","","","","","","","","","","","","","","","","","","","","","","","","","","","","","","","","","","","","","","","","","","","","","","","","","","","",124,1,"","","","","","","","","","","","","","","","","","","","","","","","","","","","","",""
"61328002","LE PIN-AU-HARAS -INRAE",48.735833,0.128167,176,2002062519,0.,1,"","","","","","","","","","","","","","","","","","","","","","","","","","","","","","","","","","",17.2,1,"","","","","","","","","","","","","","","","","","","","","","","","","","","","",65,1,"","","","","","","","","","","","","","","","","","","","","","","","","","","","","","","","","","","","","","","","","","","","","","","","","","","","","","","","","","","","","","","","","","","","","","","","","","","","","","","","","","","","","","","","","","","","","","","","","","",62,1,"","","","","","","","","","","","","","","","","","","","","","","","","","","","","",""
"61328002","LE PIN-AU-HARAS -INRAE",48.735833,0.128167,176,2002062520,0.,1,"","","","","","","","","","","","","","","","","","","","","","","","","","","","","","","","","","",14.3,1,"","","","","","","","","","","","","","","","","","","","","","","","","","","","",77,1,"","","","","","","","","","","","","","","","","","","","","","","","","","","","","","","","","","","","","","","","","","","","","","","","","","","","","","","","","","","","","","","","","","","","","","","","","","","","","","","","","","","","","","","","","","","","","","","","","","",10,1,"","","","","","","","","","","","","","","","","","","","","","","","","","","","","",""
"61328002","LE PIN-AU-HARAS -INRAE",48.735833,0.128167,176,2002062521,0.,1,"","","","","","","","","","","","","","","","","","","","","","","","","","","","","","","","","","",12.6,1,"","","","","","","","","","","","","","","","","","","","","","","","","","","","",84,1,"","","","","","","","","","","","","","","","","","","","","","","","","","","","","","","","","","","","","","","","","","","","","","","","","","","","","","","","","","","","","","","","","","","","","","","","","","","","","","","","","","","","","","","","","","","","","","","","","","",0,1,"","","","","","","","","","","","","","","","","","","","","","","","","","","","","",""
"61328002","LE PIN-AU-HARAS -INRAE",48.735833,0.128167,176,2002062522,0.,1,"","","","","","","","","","","","","","","","","","","","","","","","","","","","","","","","","","",11.3,1,"","","","","","","","","","","","","","","","","","","","","","","","","","","","",90,1,"","","","","","","","","","","","","","","","","","","","","","","","","","","","","","","","","","","","","","","","","","","","","","","","","","","","","","","","","","","","","","","","","","","","","","","","","","","","","","","","","","","","","","","","","","","","","","","","","","",0,1,"","","","","","","","","","","","","","","","","","","","","","","","","","","","","",""
"61328002","LE PIN-AU-HARAS -INRAE",48.735833,0.128167,176,2002062523,0.,1,"","","","","","","","","","","","","","","","","","","","","","","","","","","","","","","","","","",10.4,1,"","","","","","","","","","","","","","","","","","","","","","","","","","","","",94,1,"","","","","","","","","","","","","","","","","","","","","","","","","","","","","","","","","","","","","","","","","","","","","","","","","","","","","","","","","","","","","","","","","","","","","","","","","","","","","","","","","","","","","","","","","","","","","","","","","","",0,1,"","","","","","","","","","","","","","","","","","","","","","","","","","","","","",""
"61328002","LE PIN-AU-HARAS -INRAE",48.735833,0.128167,176,2002062600,0.,1,"","","","","","","","","","","","","","","","","","","","","","","","","","","","","","","","","","",8.4,1,"","","","","","","","","","","","","","","","","","","","","","","","","","","","",96,1,"","","","","","","","","","","","","","","","","","","","","","","","","","","","","","","","","","","","","","","","","","","","","","","","","","","","","","","","","","","","","","","","","","","","","","","","","","","","","","","","","","","","","","","","","","","","","","","","","","",0,1,"","","","","","","","","","","","","","","","","","","","","","","","","","","","","",""
"61328002","LE PIN-AU-HARAS -INRAE",48.735833,0.128167,176,2002062601,0.,1,"","","","","","","","","","","","","","","","","","","","","","","","","","","","","","","","","","",7.4,1,"","","","","","","","","","","","","","","","","","","","","","","","","","","","",98,1,"","","","","","","","","","","","","","","","","","","","","","","","","","","","","","","","","","","","","","","","","","","","","","","","","","","","","","","","","","","","","","","","","","","","","","","","","","","","","","","","","","","","","","","","","","","","","","","","","","",0,1,"","","","","","","","","","","","","","","","","","","","","","","","","","","","","",""
"61328002","LE PIN-AU-HARAS -INRAE",48.735833,0.128167,176,2002062602,0.,1,"","","","","","","","","","","","","","","","","","","","","","","","","","","","","","","","","","",6.8,1,"","","","","","","","","","","","","","","","","","","","","","","","","","","","",99,1,"","","","","","","","","","","","","","","","","","","","","","","","","","","","","","","","","","","","","","","","","","","","","","","","","","","","","","","","","","","","","","","","","","","","","","","","","","","","","","","","","","","","","","","","","","","","","","","","","","",0,1,"","","","","","","","","","","","","","","","","","","","","","","","","","","","","",""
"61328002","LE PIN-AU-HARAS -INRAE",48.735833,0.128167,176,2002062603,0.,1,"","","","","","","","","","","","","","","","","","","","","","","","","","","","","","","","","","",8.6,1,"","","","","","","","","","","","","","","","","","","","","","","","","","","","",100,1,"","","","","","","","","","","","","","","","","","","","","","","","","","","","","","","","","","","","","","","","","","","","","","","","","","","","","","","","","","","","","","","","","","","","","","","","","","","","","","","","","","","","","","","","","","","","","","","","","","",0,1,"","","","","","","","","","","","","","","","","","","","","","","","","","","","","",""
"61328002","LE PIN-AU-HARAS -INRAE",48.735833,0.128167,176,2002062604,0.,1,"","","","","","","","","","","","","","","","","","","","","","","","","","","","","","","","","","",10.6,1,"","","","","","","","","","","","","","","","","","","","","","","","","","","","",100,1,"","","","","","","","","","","","","","","","","","","","","","","","","","","","","","","","","","","","","","","","","","","","","","","","","","","","","","","","","","","","","","","","","","","","","","","","","","","","","","","","","","","","","","","","","","","","","","","","","","",0,1,"","","","","","","","","","","","","","","","","","","","","","","","","","","","","",""
"61328002","LE PIN-AU-HARAS -INRAE",48.735833,0.128167,176,2002062605,0.,1,"","","","","","","","","","","","","","","","","","","","","","","","","","","","","","","","","","",10.9,1,"","","","","","","","","","","","","","","","","","","","","","","","","","","","",100,1,"","","","","","","","","","","","","","","","","","","","","","","","","","","","","","","","","","","","","","","","","","","","","","","","","","","","","","","","","","","","","","","","","","","","","","","","","","","","","","","","","","","","","","","","","","","","","","","","","","",6,1,"","","","","","","","","","","","","","","","","","","","","","","","","","","","","",""
"61328002","LE PIN-AU-HARAS -INRAE",48.735833,0.128167,176,2002062606,0.,1,"","","","","","","","","","","","","","","","","","","","","","","","","","","","","","","","","","",11.6,1,"","","","","","","","","","","","","","","","","","","","","","","","","","","","",97,1,"","","","","","","","","","","","","","","","","","","","","","","","","","","","","","","","","","","","","","","","","","","","","","","","","","","","","","","","","","","","","","","","","","","","","","","","","","","","","","","","","","","","","","","","","","","","","","","","","","",24,1,"","","","","","","","","","","","","","","","","","","","","","","","","","","","","",""
"61328002","LE PIN-AU-HARAS -INRAE",48.735833,0.128167,176,2002062607,0.,1,"","","","","","","","","","","","","","","","","","","","","","","","","","","","","","","","","","",12.5,1,"","","","","","","","","","","","","","","","","","","","","","","","","","","","",89,1,"","","","","","","","","","","","","","","","","","","","","","","","","","","","","","","","","","","","","","","","","","","","","","","","","","","","","","","","","","","","","","","","","","","","","","","","","","","","","","","","","","","","","","","","","","","","","","","","","","",62,1,"","","","","","","","","","","","","","","","","","","","","","","","","","","","","",""
"61328002","LE PIN-AU-HARAS -INRAE",48.735833,0.128167,176,2002062608,0.,1,"","","","","","","","","","","","","","","","","","","","","","","","","","","","","","","","","","",14.5,1,"","","","","","","","","","","","","","","","","","","","","","","","","","","","",80,1,"","","","","","","","","","","","","","","","","","","","","","","","","","","","","","","","","","","","","","","","","","","","","","","","","","","","","","","","","","","","","","","","","","","","","","","","","","","","","","","","","","","","","","","","","","","","","","","","","","",134,1,"","","","","","","","","","","","","","","","","","","","","","","","","","","","","",""
"61328002","LE PIN-AU-HARAS -INRAE",48.735833,0.128167,176,2002062609,0.,1,"","","","","","","","","","","","","","","","","","","","","","","","","","","","","","","","","","",16.3,1,"","","","","","","","","","","","","","","","","","","","","","","","","","","","",70,1,"","","","","","","","","","","","","","","","","","","","","","","","","","","","","","","","","","","","","","","","","","","","","","","","","","","","","","","","","","","","","","","","","","","","","","","","","","","","","","","","","","","","","","","","","","","","","","","","","","",232,1,"","","","","","","","","","","","","","","","","","","","","","","","","","","","","",""
"61328002","LE PIN-AU-HARAS -INRAE",48.735833,0.128167,176,2002062610,0.,1,"","","","","","","","","","","","","","","","","","","","","","","","","","","","","","","","","","",18.4,1,"","","","","","","","","","","","","","","","","","","","","","","","","","","","",61,1,"","","","","","","","","","","","","","","","","","","","","","","","","","","","","","","","","","","","","","","","","","","","","","","","","","","","","","","","","","","","","","","","","","","","","","","","","","","","","","","","","","","","","","","","","","","","","","","","","","",284,1,"","","","","","","","","","","","","","","","","","","","","","","","","","","","","",""
"61328002","LE PIN-AU-HARAS -INRAE",48.735833,0.128167,176,2002062611,0.,1,"","","","","","","","","","","","","","","","","","","","","","","","","","","","","","","","","","",19.7,1,"","","","","","","","","","","","","","","","","","","","","","","","","","","","",57,1,"","","","","","","","","","","","","","","","","","","","","","","","","","","","","","","","","","","","","","","","","","","","","","","","","","","","","","","","","","","","","","","","","","","","","","","","","","","","","","","","","","","","","","","","","","","","","","","","","","",326,1,"","","","","","","","","","","","","","","","","","","","","","","","","","","","","",""
"61328002","LE PIN-AU-HARAS -INRAE",48.735833,0.128167,176,2002062612,0.,1,"","","","","","","","","","","","","","","","","","","","","","","","","","","","","","","","","","",22.6,1,"","","","","","","","","","","","","","","","","","","","","","","","","","","","",56,1,"","","","","","","","","","","","","","","","","","","","","","","","","","","","","","","","","","","","","","","","","","","","","","","","","","","","","","","","","","","","","","","","","","","","","","","","","","","","","","","","","","","","","","","","","","","","","","","","","","",316,1,"","","","","","","","","","","","","","","","","","","","","","","","","","","","","",""
"61328002","LE PIN-AU-HARAS -INRAE",48.735833,0.128167,176,2002062613,0.,1,"","","","","","","","","","","","","","","","","","","","","","","","","","","","","","","","","","",23.5,1,"","","","","","","","","","","","","","","","","","","","","","","","","","","","",46,1,"","","","","","","","","","","","","","","","","","","","","","","","","","","","","","","","","","","","","","","","","","","","","","","","","","","","","","","","","","","","","","","","","","","","","","","","","","","","","","","","","","","","","","","","","","","","","","","","","","",344,1,"","","","","","","","","","","","","","","","","","","","","","","","","","","","","",""
"61328002","LE PIN-AU-HARAS -INRAE",48.735833,0.128167,176,2002062614,0.,1,"","","","","","","","","","","","","","","","","","","","","","","","","","","","","","","","","","",23.3,1,"","","","","","","","","","","","","","","","","","","","","","","","","","","","",45,1,"","","","","","","","","","","","","","","","","","","","","","","","","","","","","","","","","","","","","","","","","","","","","","","","","","","","","","","","","","","","","","","","","","","","","","","","","","","","","","","","","","","","","","","","","","","","","","","","","","",330,1,"","","","","","","","","","","","","","","","","","","","","","","","","","","","","",""
"61328002","LE PIN-AU-HARAS -INRAE",48.735833,0.128167,176,2002062615,0.,1,"","","","","","","","","","","","","","","","","","","","","","","","","","","","","","","","","","",22.8,1,"","","","","","","","","","","","","","","","","","","","","","","","","","","","",45,1,"","","","","","","","","","","","","","","","","","","","","","","","","","","","","","","","","","","","","","","","","","","","","","","","","","","","","","","","","","","","","","","","","","","","","","","","","","","","","","","","","","","","","","","","","","","","","","","","","","",294,1,"","","","","","","","","","","","","","","","","","","","","","","","","","","","","",""
"61328002","LE PIN-AU-HARAS -INRAE",48.735833,0.128167,176,2002062616,0.,1,"","","","","","","","","","","","","","","","","","","","","","","","","","","","","","","","","","",21.6,1,"","","","","","","","","","","","","","","","","","","","","","","","","","","","",52,1,"","","","","","","","","","","","","","","","","","","","","","","","","","","","","","","","","","","","","","","","","","","","","","","","","","","","","","","","","","","","","","","","","","","","","","","","","","","","","","","","","","","","","","","","","","","","","","","","","","",244,1,"","","","","","","","","","","","","","","","","","","","","","","","","","","","","",""
"61328002","LE PIN-AU-HARAS -INRAE",48.735833,0.128167,176,2002062617,0.,1,"","","","","","","","","","","","","","","","","","","","","","","","","","","","","","","","","","",21.4,1,"","","","","","","","","","","","","","","","","","","","","","","","","","","","",58,1,"","","","","","","","","","","","","","","","","","","","","","","","","","","","","","","","","","","","","","","","","","","","","","","","","","","","","","","","","","","","","","","","","","","","","","","","","","","","","","","","","","","","","","","","","","","","","","","","","","",186,1,"","","","","","","","","","","","","","","","","","","","","","","","","","","","","",""
"61328002","LE PIN-AU-HARAS -INRAE",48.735833,0.128167,176,2002062618,0.,1,"","","","","","","","","","","","","","","","","","","","","","","","","","","","","","","","","","",19.7,1,"","","","","","","","","","","","","","","","","","","","","","","","","","","","",62,1,"","","","","","","","","","","","","","","","","","","","","","","","","","","","","","","","","","","","","","","","","","","","","","","","","","","","","","","","","","","","","","","","","","","","","","","","","","","","","","","","","","","","","","","","","","","","","","","","","","",126,1,"","","","","","","","","","","","","","","","","","","","","","","","","","","","","",""
"61328002","LE PIN-AU-HARAS -INRAE",48.735833,0.128167,176,2002062619,0.,1,"","","","","","","","","","","","","","","","","","","","","","","","","","","","","","","","","","",17.9,1,"","","","","","","","","","","","","","","","","","","","","","","","","","","","",69,1,"","","","","","","","","","","","","","","","","","","","","","","","","","","","","","","","","","","","","","","","","","","","","","","","","","","","","","","","","","","","","","","","","","","","","","","","","","","","","","","","","","","","","","","","","","","","","","","","","","",64,1,"","","","","","","","","","","","","","","","","","","","","","","","","","","","","",""
"61328002","LE PIN-AU-HARAS -INRAE",48.735833,0.128167,176,2002062620,0.,1,"","","","","","","","","","","","","","","","","","","","","","","","","","","","","","","","","","",15.3,1,"","","","","","","","","","","","","","","","","","","","","","","","","","","","",81,1,"","","","","","","","","","","","","","","","","","","","","","","","","","","","","","","","","","","","","","","","","","","","","","","","","","","","","","","","","","","","","","","","","","","","","","","","","","","","","","","","","","","","","","","","","","","","","","","","","","",10,1,"","","","","","","","","","","","","","","","","","","","","","","","","","","","","",""
"61328002","LE PIN-AU-HARAS -INRAE",48.735833,0.128167,176,2002062621,0.,1,"","","","","","","","","","","","","","","","","","","","","","","","","","","","","","","","","","",12.4,1,"","","","","","","","","","","","","","","","","","","","","","","","","","","","",91,1,"","","","","","","","","","","","","","","","","","","","","","","","","","","","","","","","","","","","","","","","","","","","","","","","","","","","","","","","","","","","","","","","","","","","","","","","","","","","","","","","","","","","","","","","","","","","","","","","","","",0,1,"","","","","","","","","","","","","","","","","","","","","","","","","","","","","",""
"61328002","LE PIN-AU-HARAS -INRAE",48.735833,0.128167,176,2002062622,0.,1,"","","","","","","","","","","","","","","","","","","","","","","","","","","","","","","","","","",9.8,1,"","","","","","","","","","","","","","","","","","","","","","","","","","","","",96,1,"","","","","","","","","","","","","","","","","","","","","","","","","","","","","","","","","","","","","","","","","","","","","","","","","","","","","","","","","","","","","","","","","","","","","","","","","","","","","","","","","","","","","","","","","","","","","","","","","","",0,1,"","","","","","","","","","","","","","","","","","","","","","","","","","","","","",""
"61328002","LE PIN-AU-HARAS -INRAE",48.735833,0.128167,176,2002062623,0.,1,"","","","","","","","","","","","","","","","","","","","","","","","","","","","","","","","","","",9.2,1,"","","","","","","","","","","","","","","","","","","","","","","","","","","","",98,1,"","","","","","","","","","","","","","","","","","","","","","","","","","","","","","","","","","","","","","","","","","","","","","","","","","","","","","","","","","","","","","","","","","","","","","","","","","","","","","","","","","","","","","","","","","","","","","","","","","",0,1,"","","","","","","","","","","","","","","","","","","","","","","","","","","","","",""
"61328002","LE PIN-AU-HARAS -INRAE",48.735833,0.128167,176,2002062700,0.,1,"","","","","","","","","","","","","","","","","","","","","","","","","","","","","","","","","","",8.7,1,"","","","","","","","","","","","","","","","","","","","","","","","","","","","",100,1,"","","","","","","","","","","","","","","","","","","","","","","","","","","","","","","","","","","","","","","","","","","","","","","","","","","","","","","","","","","","","","","","","","","","","","","","","","","","","","","","","","","","","","","","","","","","","","","","","","",0,1,"","","","","","","","","","","","","","","","","","","","","","","","","","","","","",""
"61328002","LE PIN-AU-HARAS -INRAE",48.735833,0.128167,176,2002062701,0.,1,"","","","","","","","","","","","","","","","","","","","","","","","","","","","","","","","","","",8.2,1,"","","","","","","","","","","","","","","","","","","","","","","","","","","","",100,1,"","","","","","","","","","","","","","","","","","","","","","","","","","","","","","","","","","","","","","","","","","","","","","","","","","","","","","","","","","","","","","","","","","","","","","","","","","","","","","","","","","","","","","","","","","","","","","","","","","",0,1,"","","","","","","","","","","","","","","","","","","","","","","","","","","","","",""
"61328002","LE PIN-AU-HARAS -INRAE",48.735833,0.128167,176,2002062702,0.,1,"","","","","","","","","","","","","","","","","","","","","","","","","","","","","","","","","","",7.1,1,"","","","","","","","","","","","","","","","","","","","","","","","","","","","",100,1,"","","","","","","","","","","","","","","","","","","","","","","","","","","","","","","","","","","","","","","","","","","","","","","","","","","","","","","","","","","","","","","","","","","","","","","","","","","","","","","","","","","","","","","","","","","","","","","","","","",0,1,"","","","","","","","","","","","","","","","","","","","","","","","","","","","","",""
"61328002","LE PIN-AU-HARAS -INRAE",48.735833,0.128167,176,2002062703,0.,1,"","","","","","","","","","","","","","","","","","","","","","","","","","","","","","","","","","",6.8,1,"","","","","","","","","","","","","","","","","","","","","","","","","","","","",100,1,"","","","","","","","","","","","","","","","","","","","","","","","","","","","","","","","","","","","","","","","","","","","","","","","","","","","","","","","","","","","","","","","","","","","","","","","","","","","","","","","","","","","","","","","","","","","","","","","","","",0,1,"","","","","","","","","","","","","","","","","","","","","","","","","","","","","",""
"61328002","LE PIN-AU-HARAS -INRAE",48.735833,0.128167,176,2002062704,0.,1,"","","","","","","","","","","","","","","","","","","","","","","","","","","","","","","","","","",8.4,1,"","","","","","","","","","","","","","","","","","","","","","","","","","","","",100,1,"","","","","","","","","","","","","","","","","","","","","","","","","","","","","","","","","","","","","","","","","","","","","","","","","","","","","","","","","","","","","","","","","","","","","","","","","","","","","","","","","","","","","","","","","","","","","","","","","","",0,1,"","","","","","","","","","","","","","","","","","","","","","","","","","","","","",""
"61328002","LE PIN-AU-HARAS -INRAE",48.735833,0.128167,176,2002062705,0.,1,"","","","","","","","","","","","","","","","","","","","","","","","","","","","","","","","","","",9.,1,"","","","","","","","","","","","","","","","","","","","","","","","","","","","",100,1,"","","","","","","","","","","","","","","","","","","","","","","","","","","","","","","","","","","","","","","","","","","","","","","","","","","","","","","","","","","","","","","","","","","","","","","","","","","","","","","","","","","","","","","","","","","","","","","","","","",6,1,"","","","","","","","","","","","","","","","","","","","","","","","","","","","","",""
"61328002","LE PIN-AU-HARAS -INRAE",48.735833,0.128167,176,2002062706,0.,1,"","","","","","","","","","","","","","","","","","","","","","","","","","","","","","","","","","",10.4,1,"","","","","","","","","","","","","","","","","","","","","","","","","","","","",100,1,"","","","","","","","","","","","","","","","","","","","","","","","","","","","","","","","","","","","","","","","","","","","","","","","","","","","","","","","","","","","","","","","","","","","","","","","","","","","","","","","","","","","","","","","","","","","","","","","","","",30,1,"","","","","","","","","","","","","","","","","","","","","","","","","","","","","",""
"61328002","LE PIN-AU-HARAS -INRAE",48.735833,0.128167,176,2002062707,0.,1,"","","","","","","","","","","","","","","","","","","","","","","","","","","","","","","","","","",12.3,1,"","","","","","","","","","","","","","","","","","","","","","","","","","","","",100,1,"","","","","","","","","","","","","","","","","","","","","","","","","","","","","","","","","","","","","","","","","","","","","","","","","","","","","","","","","","","","","","","","","","","","","","","","","","","","","","","","","","","","","","","","","","","","","","","","","","",42,1,"","","","","","","","","","","","","","","","","","","","","","","","","","","","","",""
"61328002","LE PIN-AU-HARAS -INRAE",48.735833,0.128167,176,2002062708,0.,1,"","","","","","","","","","","","","","","","","","","","","","","","","","","","","","","","","","",13.2,1,"","","","","","","","","","","","","","","","","","","","","","","","","","","","",100,1,"","","","","","","","","","","","","","","","","","","","","","","","","","","","","","","","","","","","","","","","","","","","","","","","","","","","","","","","","","","","","","","","","","","","","","","","","","","","","","","","","","","","","","","","","","","","","","","","","","",44,1,"","","","","","","","","","","","","","","","","","","","","","","","","","","","","",""
"61328002","LE PIN-AU-HARAS -INRAE",48.735833,0.128167,176,2002062709,0.,1,"","","","","","","","","","","","","","","","","","","","","","","","","","","","","","","","","","",14.5,1,"","","","","","","","","","","","","","","","","","","","","","","","","","","","",89,1,"","","","","","","","","","","","","","","","","","","","","","","","","","","","","","","","","","","","","","","","","","","","","","","","","","","","","","","","","","","","","","","","","","","","","","","","","","","","","","","","","","","","","","","","","","","","","","","","","","",66,1,"","","","","","","","","","","","","","","","","","","","","","","","","","","","","",""
"61328002","LE PIN-AU-HARAS -INRAE",48.735833,0.128167,176,2002062710,0.,1,"","","","","","","","","","","","","","","","","","","","","","","","","","","","","","","","","","",15.1,1,"","","","","","","","","","","","","","","","","","","","","","","","","","","","",83,1,"","","","","","","","","","","","","","","","","","","","","","","","","","","","","","","","","","","","","","","","","","","","","","","","","","","","","","","","","","","","","","","","","","","","","","","","","","","","","","","","","","","","","","","","","","","","","","","","","","",82,1,"","","","","","","","","","","","","","","","","","","","","","","","","","","","","",""
"61328002","LE PIN-AU-HARAS -INRAE",48.735833,0.128167,176,2002062711,0.,1,"","","","","","","","","","","","","","","","","","","","","","","","","","","","","","","","","","",15.2,1,"","","","","","","","","","","","","","","","","","","","","","","","","","","","",80,1,"","","","","","","","","","","","","","","","","","","","","","","","","","","","","","","","","","","","","","","","","","","","","","","","","","","","","","","","","","","","","","","","","","","","","","","","","","","","","","","","","","","","","","","","","","","","","","","","","","",62,1,"","","","","","","","","","","","","","","","","","","","","","","","","","","","","",""
"61328002","LE PIN-AU-HARAS -INRAE",48.735833,0.128167,176,2002062712,0.,1,"","","","","","","","","","","","","","","","","","","","","","","","","","","","","","","","","","",16.,1,"","","","","","","","","","","","","","","","","","","","","","","","","","","","",75,1,"","","","","","","","","","","","","","","","","","","","","","","","","","","","","","","","","","","","","","","","","","","","","","","","","","","","","","","","","","","","","","","","","","","","","","","","","","","","","","","","","","","","","","","","","","","","","","","","","","",74,1,"","","","","","","","","","","","","","","","","","","","","","","","","","","","","",""
"61328002","LE PIN-AU-HARAS -INRAE",48.735833,0.128167,176,2002062713,0.,1,"","","","","","","","","","","","","","","","","","","","","","","","","","","","","","","","","","",17.6,1,"","","","","","","","","","","","","","","","","","","","","","","","","","","","",61,1,"","","","","","","","","","","","","","","","","","","","","","","","","","","","","","","","","","","","","","","","","","","","","","","","","","","","","","","","","","","","","","","","","","","","","","","","","","","","","","","","","","","","","","","","","","","","","","","","","","",248,1,"","","","","","","","","","","","","","","","","","","","","","","","","","","","","",""
"61328002","LE PIN-AU-HARAS -INRAE",48.735833,0.128167,176,2002062714,0.,1,"","","","","","","","","","","","","","","","","","","","","","","","","","","","","","","","","","",19.6,1,"","","","","","","","","","","","","","","","","","","","","","","","","","","","",56,1,"","","","","","","","","","","","","","","","","","","","","","","","","","","","","","","","","","","","","","","","","","","","","","","","","","","","","","","","","","","","","","","","","","","","","","","","","","","","","","","","","","","","","","","","","","","","","","","","","","",276,1,"","","","","","","","","","","","","","","","","","","","","","","","","","","","","",""
"61328002","LE PIN-AU-HARAS -INRAE",48.735833,0.128167,176,2002062715,0.,1,"","","","","","","","","","","","","","","","","","","","","","","","","","","","","","","","","","",18.4,1,"","","","","","","","","","","","","","","","","","","","","","","","","","","","",50,1,"","","","","","","","","","","","","","","","","","","","","","","","","","","","","","","","","","","","","","","","","","","","","","","","","","","","","","","","","","","","","","","","","","","","","","","","","","","","","","","","","","","","","","","","","","","","","","","","","","",274,1,"","","","","","","","","","","","","","","","","","","","","","","","","","","","","",""
"61328002","LE PIN-AU-HARAS -INRAE",48.735833,0.128167,176,2002062716,0.,1,"","","","","","","","","","","","","","","","","","","","","","","","","","","","","","","","","","",17.2,1,"","","","","","","","","","","","","","","","","","","","","","","","","","","","",60,1,"","","","","","","","","","","","","","","","","","","","","","","","","","","","","","","","","","","","","","","","","","","","","","","","","","","","","","","","","","","","","","","","","","","","","","","","","","","","","","","","","","","","","","","","","","","","","","","","","","",212,1,"","","","","","","","","","","","","","","","","","","","","","","","","","","","","",""
"61328002","LE PIN-AU-HARAS -INRAE",48.735833,0.128167,176,2002062717,0.,1,"","","","","","","","","","","","","","","","","","","","","","","","","","","","","","","","","","",16.8,1,"","","","","","","","","","","","","","","","","","","","","","","","","","","","",56,1,"","","","","","","","","","","","","","","","","","","","","","","","","","","","","","","","","","","","","","","","","","","","","","","","","","","","","","","","","","","","","","","","","","","","","","","","","","","","","","","","","","","","","","","","","","","","","","","","","","",184,1,"","","","","","","","","","","","","","","","","","","","","","","","","","","","","",""
"61328002","LE PIN-AU-HARAS -INRAE",48.735833,0.128167,176,2002062718,0.,1,"","","","","","","","","","","","","","","","","","","","","","","","","","","","","","","","","","",15.7,1,"","","","","","","","","","","","","","","","","","","","","","","","","","","","",47,1,"","","","","","","","","","","","","","","","","","","","","","","","","","","","","","","","","","","","","","","","","","","","","","","","","","","","","","","","","","","","","","","","","","","","","","","","","","","","","","","","","","","","","","","","","","","","","","","","","","",126,1,"","","","","","","","","","","","","","","","","","","","","","","","","","","","","",""
"61328002","LE PIN-AU-HARAS -INRAE",48.735833,0.128167,176,2002062719,0.,1,"","","","","","","","","","","","","","","","","","","","","","","","","","","","","","","","","","",14.1,1,"","","","","","","","","","","","","","","","","","","","","","","","","","","","",60,1,"","","","","","","","","","","","","","","","","","","","","","","","","","","","","","","","","","","","","","","","","","","","","","","","","","","","","","","","","","","","","","","","","","","","","","","","","","","","","","","","","","","","","","","","","","","","","","","","","","",68,1,"","","","","","","","","","","","","","","","","","","","","","","","","","","","","",""
"61328002","LE PIN-AU-HARAS -INRAE",48.735833,0.128167,176,2002062720,0.,1,"","","","","","","","","","","","","","","","","","","","","","","","","","","","","","","","","","",12.,1,"","","","","","","","","","","","","","","","","","","","","","","","","","","","",71,1,"","","","","","","","","","","","","","","","","","","","","","","","","","","","","","","","","","","","","","","","","","","","","","","","","","","","","","","","","","","","","","","","","","","","","","","","","","","","","","","","","","","","","","","","","","","","","","","","","","",10,1,"","","","","","","","","","","","","","","","","","","","","","","","","","","","","",""
"61328002","LE PIN-AU-HARAS -INRAE",48.735833,0.128167,176,2002062721,0.,1,"","","","","","","","","","","","","","","","","","","","","","","","","","","","","","","","","","",10.1,1,"","","","","","","","","","","","","","","","","","","","","","","","","","","","",80,1,"","","","","","","","","","","","","","","","","","","","","","","","","","","","","","","","","","","","","","","","","","","","","","","","","","","","","","","","","","","","","","","","","","","","","","","","","","","","","","","","","","","","","","","","","","","","","","","","","","",0,1,"","","","","","","","","","","","","","","","","","","","","","","","","","","","","",""
"61328002","LE PIN-AU-HARAS -INRAE",48.735833,0.128167,176,2002062722,0.,1,"","","","","","","","","","","","","","","","","","","","","","","","","","","","","","","","","","",7.6,1,"","","","","","","","","","","","","","","","","","","","","","","","","","","","",91,1,"","","","","","","","","","","","","","","","","","","","","","","","","","","","","","","","","","","","","","","","","","","","","","","","","","","","","","","","","","","","","","","","","","","","","","","","","","","","","","","","","","","","","","","","","","","","","","","","","","",0,1,"","","","","","","","","","","","","","","","","","","","","","","","","","","","","",""
"61328002","LE PIN-AU-HARAS -INRAE",48.735833,0.128167,176,2002062723,0.,1,"","","","","","","","","","","","","","","","","","","","","","","","","","","","","","","","","","",6.1,1,"","","","","","","","","","","","","","","","","","","","","","","","","","","","",96,1,"","","","","","","","","","","","","","","","","","","","","","","","","","","","","","","","","","","","","","","","","","","","","","","","","","","","","","","","","","","","","","","","","","","","","","","","","","","","","","","","","","","","","","","","","","","","","","","","","","",0,1,"","","","","","","","","","","","","","","","","","","","","","","","","","","","","",""
"61328002","LE PIN-AU-HARAS -INRAE",48.735833,0.128167,176,2002062800,0.,1,"","","","","","","","","","","","","","","","","","","","","","","","","","","","","","","","","","",5.4,1,"","","","","","","","","","","","","","","","","","","","","","","","","","","","",98,1,"","","","","","","","","","","","","","","","","","","","","","","","","","","","","","","","","","","","","","","","","","","","","","","","","","","","","","","","","","","","","","","","","","","","","","","","","","","","","","","","","","","","","","","","","","","","","","","","","","",0,1,"","","","","","","","","","","","","","","","","","","","","","","","","","","","","",""
"61328002","LE PIN-AU-HARAS -INRAE",48.735833,0.128167,176,2002062801,0.,1,"","","","","","","","","","","","","","","","","","","","","","","","","","","","","","","","","","",4.8,1,"","","","","","","","","","","","","","","","","","","","","","","","","","","","",99,1,"","","","","","","","","","","","","","","","","","","","","","","","","","","","","","","","","","","","","","","","","","","","","","","","","","","","","","","","","","","","","","","","","","","","","","","","","","","","","","","","","","","","","","","","","","","","","","","","","","",0,1,"","","","","","","","","","","","","","","","","","","","","","","","","","","","","",""
"61328002","LE PIN-AU-HARAS -INRAE",48.735833,0.128167,176,2002062802,0.,1,"","","","","","","","","","","","","","","","","","","","","","","","","","","","","","","","","","",4.1,1,"","","","","","","","","","","","","","","","","","","","","","","","","","","","",99,1,"","","","","","","","","","","","","","","","","","","","","","","","","","","","","","","","","","","","","","","","","","","","","","","","","","","","","","","","","","","","","","","","","","","","","","","","","","","","","","","","","","","","","","","","","","","","","","","","","","",0,1,"","","","","","","","","","","","","","","","","","","","","","","","","","","","","",""
"61328002","LE PIN-AU-HARAS -INRAE",48.735833,0.128167,176,2002062803,0.,1,"","","","","","","","","","","","","","","","","","","","","","","","","","","","","","","","","","",4.3,1,"","","","","","","","","","","","","","","","","","","","","","","","","","","","",100,1,"","","","","","","","","","","","","","","","","","","","","","","","","","","","","","","","","","","","","","","","","","","","","","","","","","","","","","","","","","","","","","","","","","","","","","","","","","","","","","","","","","","","","","","","","","","","","","","","","","",0,1,"","","","","","","","","","","","","","","","","","","","","","","","","","","","","",""
"61328002","LE PIN-AU-HARAS -INRAE",48.735833,0.128167,176,2002062804,0.,1,"","","","","","","","","","","","","","","","","","","","","","","","","","","","","","","","","","",4.1,1,"","","","","","","","","","","","","","","","","","","","","","","","","","","","",100,1,"","","","","","","","","","","","","","","","","","","","","","","","","","","","","","","","","","","","","","","","","","","","","","","","","","","","","","","","","","","","","","","","","","","","","","","","","","","","","","","","","","","","","","","","","","","","","","","","","","",0,1,"","","","","","","","","","","","","","","","","","","","","","","","","","","","","",""
"61328002","LE PIN-AU-HARAS -INRAE",48.735833,0.128167,176,2002062805,0.,1,"","","","","","","","","","","","","","","","","","","","","","","","","","","","","","","","","","",4.9,1,"","","","","","","","","","","","","","","","","","","","","","","","","","","","",100,1,"","","","","","","","","","","","","","","","","","","","","","","","","","","","","","","","","","","","","","","","","","","","","","","","","","","","","","","","","","","","","","","","","","","","","","","","","","","","","","","","","","","","","","","","","","","","","","","","","","",8,1,"","","","","","","","","","","","","","","","","","","","","","","","","","","","","",""
"61328002","LE PIN-AU-HARAS -INRAE",48.735833,0.128167,176,2002062806,0.,1,"","","","","","","","","","","","","","","","","","","","","","","","","","","","","","","","","","",10.4,1,"","","","","","","","","","","","","","","","","","","","","","","","","","","","",100,1,"","","","","","","","","","","","","","","","","","","","","","","","","","","","","","","","","","","","","","","","","","","","","","","","","","","","","","","","","","","","","","","","","","","","","","","","","","","","","","","","","","","","","","","","","","","","","","","","","","",60,1,"","","","","","","","","","","","","","","","","","","","","","","","","","","","","",""
"61328002","LE PIN-AU-HARAS -INRAE",48.735833,0.128167,176,2002062807,0.,1,"","","","","","","","","","","","","","","","","","","","","","","","","","","","","","","","","","",13.,1,"","","","","","","","","","","","","","","","","","","","","","","","","","","","",80,1,"","","","","","","","","","","","","","","","","","","","","","","","","","","","","","","","","","","","","","","","","","","","","","","","","","","","","","","","","","","","","","","","","","","","","","","","","","","","","","","","","","","","","","","","","","","","","","","","","","",114,1,"","","","","","","","","","","","","","","","","","","","","","","","","","","","","",""
"61328002","LE PIN-AU-HARAS -INRAE",48.735833,0.128167,176,2002062808,0.,1,"","","","","","","","","","","","","","","","","","","","","","","","","","","","","","","","","","",15.1,1,"","","","","","","","","","","","","","","","","","","","","","","","","","","","",71,1,"","","","","","","","","","","","","","","","","","","","","","","","","","","","","","","","","","","","","","","","","","","","","","","","","","","","","","","","","","","","","","","","","","","","","","","","","","","","","","","","","","","","","","","","","","","","","","","","","","",174,1,"","","","","","","","","","","","","","","","","","","","","","","","","","","","","",""
"61328002","LE PIN-AU-HARAS -INRAE",48.735833,0.128167,176,2002062809,0.,1,"","","","","","","","","","","","","","","","","","","","","","","","","","","","","","","","","","",14.5,1,"","","","","","","","","","","","","","","","","","","","","","","","","","","","",62,1,"","","","","","","","","","","","","","","","","","","","","","","","","","","","","","","","","","","","","","","","","","","","","","","","","","","","","","","","","","","","","","","","","","","","","","","","","","","","","","","","","","","","","","","","","","","","","","","","","","",202,1,"","","","","","","","","","","","","","","","","","","","","","","","","","","","","",""
"61328002","LE PIN-AU-HARAS -INRAE",48.735833,0.128167,176,2002062810,0.,1,"","","","","","","","","","","","","","","","","","","","","","","","","","","","","","","","","","",15.8,1,"","","","","","","","","","","","","","","","","","","","","","","","","","","","",53,1,"","","","","","","","","","","","","","","","","","","","","","","","","","","","","","","","","","","","","","","","","","","","","","","","","","","","","","","","","","","","","","","","","","","","","","","","","","","","","","","","","","","","","","","","","","","","","","","","","","",214,1,"","","","","","","","","","","","","","","","","","","","","","","","","","","","","",""
"61328002","LE PIN-AU-HARAS -INRAE",48.735833,0.128167,176,2002062811,0.,1,"","","","","","","","","","","","","","","","","","","","","","","","","","","","","","","","","","",16.3,1,"","","","","","","","","","","","","","","","","","","","","","","","","","","","",48,1,"","","","","","","","","","","","","","","","","","","","","","","","","","","","","","","","","","","","","","","","","","","","","","","","","","","","","","","","","","","","","","","","","","","","","","","","","","","","","","","","","","","","","","","","","","","","","","","","","","",276,1,"","","","","","","","","","","","","","","","","","","","","","","","","","","","","",""
"61328002","LE PIN-AU-HARAS -INRAE",48.735833,0.128167,176,2002062812,0.,1,"","","","","","","","","","","","","","","","","","","","","","","","","","","","","","","","","","",16.4,1,"","","","","","","","","","","","","","","","","","","","","","","","","","","","",46,1,"","","","","","","","","","","","","","","","","","","","","","","","","","","","","","","","","","","","","","","","","","","","","","","","","","","","","","","","","","","","","","","","","","","","","","","","","","","","","","","","","","","","","","","","","","","","","","","","","","",320,1,"","","","","","","","","","","","","","","","","","","","","","","","","","","","","",""
"61328002","LE PIN-AU-HARAS -INRAE",48.735833,0.128167,176,2002062813,0.,1,"","","","","","","","","","","","","","","","","","","","","","","","","","","","","","","","","","",17.3,1,"","","","","","","","","","","","","","","","","","","","","","","","","","","","",45,1,"","","","","","","","","","","","","","","","","","","","","","","","","","","","","","","","","","","","","","","","","","","","","","","","","","","","","","","","","","","","","","","","","","","","","","","","","","","","","","","","","","","","","","","","","","","","","","","","","","",338,1,"","","","","","","","","","","","","","","","","","","","","","","","","","","","","",""
"61328002","LE PIN-AU-HARAS -INRAE",48.735833,0.128167,176,2002062814,0.,1,"","","","","","","","","","","","","","","","","","","","","","","","","","","","","","","","","","",17.,1,"","","","","","","","","","","","","","","","","","","","","","","","","","","","",46,1,"","","","","","","","","","","","","","","","","","","","","","","","","","","","","","","","","","","","","","","","","","","","","","","","","","","","","","","","","","","","","","","","","","","","","","","","","","","","","","","","","","","","","","","","","","","","","","","","","","",302,1,"","","","","","","","","","","","","","","","","","","","","","","","","","","","","",""
"61328002","LE PIN-AU-HARAS -INRAE",48.735833,0.128167,176,2002062815,0.,1,"","","","","","","","","","","","","","","","","","","","","","","","","","","","","","","","","","",17.5,1,"","","","","","","","","","","","","","","","","","","","","","","","","","","","",41,1,"","","","","","","","","","","","","","","","","","","","","","","","","","","","","","","","","","","","","","","","","","","","","","","","","","","","","","","","","","","","","","","","","","","","","","","","","","","","","","","","","","","","","","","","","","","","","","","","","","",296,1,"","","","","","","","","","","","","","","","","","","","","","","","","","","","","",""
"61328002","LE PIN-AU-HARAS -INRAE",48.735833,0.128167,176,2002062816,0.,1,"","","","","","","","","","","","","","","","","","","","","","","","","","","","","","","","","","",17.3,1,"","","","","","","","","","","","","","","","","","","","","","","","","","","","",46,1,"","","","","","","","","","","","","","","","","","","","","","","","","","","","","","","","","","","","","","","","","","","","","","","","","","","","","","","","","","","","","","","","","","","","","","","","","","","","","","","","","","","","","","","","","","","","","","","","","","",262,1,"","","","","","","","","","","","","","","","","","","","","","","","","","","","","",""
"61328002","LE PIN-AU-HARAS -INRAE",48.735833,0.128167,176,2002062817,0.,1,"","","","","","","","","","","","","","","","","","","","","","","","","","","","","","","","","","",16.2,1,"","","","","","","","","","","","","","","","","","","","","","","","","","","","",49,1,"","","","","","","","","","","","","","","","","","","","","","","","","","","","","","","","","","","","","","","","","","","","","","","","","","","","","","","","","","","","","","","","","","","","","","","","","","","","","","","","","","","","","","","","","","","","","","","","","","",192,1,"","","","","","","","","","","","","","","","","","","","","","","","","","","","","",""
"61328002","LE PIN-AU-HARAS -INRAE",48.735833,0.128167,176,2002062818,0.,1,"","","","","","","","","","","","","","","","","","","","","","","","","","","","","","","","","","",15.5,1,"","","","","","","","","","","","","","","","","","","","","","","","","","","","",53,1,"","","","","","","","","","","","","","","","","","","","","","","","","","","","","","","","","","","","","","","","","","","","","","","","","","","","","","","","","","","","","","","","","","","","","","","","","","","","","","","","","","","","","","","","","","","","","","","","","","",130,1,"","","","","","","","","","","","","","","","","","","","","","","","","","","","","",""
"61328002","LE PIN-AU-HARAS -INRAE",48.735833,0.128167,176,2002062819,0.,1,"","","","","","","","","","","","","","","","","","","","","","","","","","","","","","","","","","",14.1,1,"","","","","","","","","","","","","","","","","","","","","","","","","","","","",57,1,"","","","","","","","","","","","","","","","","","","","","","","","","","","","","","","","","","","","","","","","","","","","","","","","","","","","","","","","","","","","","","","","","","","","","","","","","","","","","","","","","","","","","","","","","","","","","","","","","","",64,1,"","","","","","","","","","","","","","","","","","","","","","","","","","","","","",""
"61328002","LE PIN-AU-HARAS -INRAE",48.735833,0.128167,176,2002062820,0.,1,"","","","","","","","","","","","","","","","","","","","","","","","","","","","","","","","","","",11.3,1,"","","","","","","","","","","","","","","","","","","","","","","","","","","","",67,1,"","","","","","","","","","","","","","","","","","","","","","","","","","","","","","","","","","","","","","","","","","","","","","","","","","","","","","","","","","","","","","","","","","","","","","","","","","","","","","","","","","","","","","","","","","","","","","","","","","",10,1,"","","","","","","","","","","","","","","","","","","","","","","","","","","","","",""
"61328002","LE PIN-AU-HARAS -INRAE",48.735833,0.128167,176,2002062821,0.,1,"","","","","","","","","","","","","","","","","","","","","","","","","","","","","","","","","","",8.,1,"","","","","","","","","","","","","","","","","","","","","","","","","","","","",90,1,"","","","","","","","","","","","","","","","","","","","","","","","","","","","","","","","","","","","","","","","","","","","","","","","","","","","","","","","","","","","","","","","","","","","","","","","","","","","","","","","","","","","","","","","","","","","","","","","","","",0,1,"","","","","","","","","","","","","","","","","","","","","","","","","","","","","",""
"61328002","LE PIN-AU-HARAS -INRAE",48.735833,0.128167,176,2002062822,0.,1,"","","","","","","","","","","","","","","","","","","","","","","","","","","","","","","","","","",6.2,1,"","","","","","","","","","","","","","","","","","","","","","","","","","","","",93,1,"","","","","","","","","","","","","","","","","","","","","","","","","","","","","","","","","","","","","","","","","","","","","","","","","","","","","","","","","","","","","","","","","","","","","","","","","","","","","","","","","","","","","","","","","","","","","","","","","","",0,1,"","","","","","","","","","","","","","","","","","","","","","","","","","","","","",""
"61328002","LE PIN-AU-HARAS -INRAE",48.735833,0.128167,176,2002062823,0.,1,"","","","","","","","","","","","","","","","","","","","","","","","","","","","","","","","","","",5.1,1,"","","","","","","","","","","","","","","","","","","","","","","","","","","","",96,1,"","","","","","","","","","","","","","","","","","","","","","","","","","","","","","","","","","","","","","","","","","","","","","","","","","","","","","","","","","","","","","","","","","","","","","","","","","","","","","","","","","","","","","","","","","","","","","","","","","",0,1,"","","","","","","","","","","","","","","","","","","","","","","","","","","","","",""
"61328002","LE PIN-AU-HARAS -INRAE",48.735833,0.128167,176,2002062900,0.,1,"","","","","","","","","","","","","","","","","","","","","","","","","","","","","","","","","","",4.1,1,"","","","","","","","","","","","","","","","","","","","","","","","","","","","",98,1,"","","","","","","","","","","","","","","","","","","","","","","","","","","","","","","","","","","","","","","","","","","","","","","","","","","","","","","","","","","","","","","","","","","","","","","","","","","","","","","","","","","","","","","","","","","","","","","","","","",0,1,"","","","","","","","","","","","","","","","","","","","","","","","","","","","","",""
"61328002","LE PIN-AU-HARAS -INRAE",48.735833,0.128167,176,2002062901,0.,1,"","","","","","","","","","","","","","","","","","","","","","","","","","","","","","","","","","",3.7,1,"","","","","","","","","","","","","","","","","","","","","","","","","","","","",99,1,"","","","","","","","","","","","","","","","","","","","","","","","","","","","","","","","","","","","","","","","","","","","","","","","","","","","","","","","","","","","","","","","","","","","","","","","","","","","","","","","","","","","","","","","","","","","","","","","","","",0,1,"","","","","","","","","","","","","","","","","","","","","","","","","","","","","",""
"61328002","LE PIN-AU-HARAS -INRAE",48.735833,0.128167,176,2002062902,0.,1,"","","","","","","","","","","","","","","","","","","","","","","","","","","","","","","","","","",3.3,1,"","","","","","","","","","","","","","","","","","","","","","","","","","","","",99,1,"","","","","","","","","","","","","","","","","","","","","","","","","","","","","","","","","","","","","","","","","","","","","","","","","","","","","","","","","","","","","","","","","","","","","","","","","","","","","","","","","","","","","","","","","","","","","","","","","","",0,1,"","","","","","","","","","","","","","","","","","","","","","","","","","","","","",""
"61328002","LE PIN-AU-HARAS -INRAE",48.735833,0.128167,176,2002062903,0.,1,"","","","","","","","","","","","","","","","","","","","","","","","","","","","","","","","","","",2.8,1,"","","","","","","","","","","","","","","","","","","","","","","","","","","","",100,1,"","","","","","","","","","","","","","","","","","","","","","","","","","","","","","","","","","","","","","","","","","","","","","","","","","","","","","","","","","","","","","","","","","","","","","","","","","","","","","","","","","","","","","","","","","","","","","","","","","",0,1,"","","","","","","","","","","","","","","","","","","","","","","","","","","","","",""
"61328002","LE PIN-AU-HARAS -INRAE",48.735833,0.128167,176,2002062904,0.,1,"","","","","","","","","","","","","","","","","","","","","","","","","","","","","","","","","","",2.3,1,"","","","","","","","","","","","","","","","","","","","","","","","","","","","",100,1,"","","","","","","","","","","","","","","","","","","","","","","","","","","","","","","","","","","","","","","","","","","","","","","","","","","","","","","","","","","","","","","","","","","","","","","","","","","","","","","","","","","","","","","","","","","","","","","","","","",0,1,"","","","","","","","","","","","","","","","","","","","","","","","","","","","","",""
"61328002","LE PIN-AU-HARAS -INRAE",48.735833,0.128167,176,2002062905,0.,1,"","","","","","","","","","","","","","","","","","","","","","","","","","","","","","","","","","",3.2,1,"","","","","","","","","","","","","","","","","","","","","","","","","","","","",100,1,"","","","","","","","","","","","","","","","","","","","","","","","","","","","","","","","","","","","","","","","","","","","","","","","","","","","","","","","","","","","","","","","","","","","","","","","","","","","","","","","","","","","","","","","","","","","","","","","","","",8,1,"","","","","","","","","","","","","","","","","","","","","","","","","","","","","",""
"61328002","LE PIN-AU-HARAS -INRAE",48.735833,0.128167,176,2002062906,0.,1,"","","","","","","","","","","","","","","","","","","","","","","","","","","","","","","","","","",7.9,1,"","","","","","","","","","","","","","","","","","","","","","","","","","","","",100,1,"","","","","","","","","","","","","","","","","","","","","","","","","","","","","","","","","","","","","","","","","","","","","","","","","","","","","","","","","","","","","","","","","","","","","","","","","","","","","","","","","","","","","","","","","","","","","","","","","","",52,1,"","","","","","","","","","","","","","","","","","","","","","","","","","","","","",""
"61328002","LE PIN-AU-HARAS -INRAE",48.735833,0.128167,176,2002062907,0.,1,"","","","","","","","","","","","","","","","","","","","","","","","","","","","","","","","","","",13.,1,"","","","","","","","","","","","","","","","","","","","","","","","","","","","",100,1,"","","","","","","","","","","","","","","","","","","","","","","","","","","","","","","","","","","","","","","","","","","","","","","","","","","","","","","","","","","","","","","","","","","","","","","","","","","","","","","","","","","","","","","","","","","","","","","","","","",112,1,"","","","","","","","","","","","","","","","","","","","","","","","","","","","","",""
"61328002","LE PIN-AU-HARAS -INRAE",48.735833,0.128167,176,2002062908,0.,1,"","","","","","","","","","","","","","","","","","","","","","","","","","","","","","","","","","",15.,1,"","","","","","","","","","","","","","","","","","","","","","","","","","","","",73,1,"","","","","","","","","","","","","","","","","","","","","","","","","","","","","","","","","","","","","","","","","","","","","","","","","","","","","","","","","","","","","","","","","","","","","","","","","","","","","","","","","","","","","","","","","","","","","","","","","","",172,1,"","","","","","","","","","","","","","","","","","","","","","","","","","","","","",""
"61328002","LE PIN-AU-HARAS -INRAE",48.735833,0.128167,176,2002062909,0.,1,"","","","","","","","","","","","","","","","","","","","","","","","","","","","","","","","","","",17.4,1,"","","","","","","","","","","","","","","","","","","","","","","","","","","","",55,1,"","","","","","","","","","","","","","","","","","","","","","","","","","","","","","","","","","","","","","","","","","","","","","","","","","","","","","","","","","","","","","","","","","","","","","","","","","","","","","","","","","","","","","","","","","","","","","","","","","",234,1,"","","","","","","","","","","","","","","","","","","","","","","","","","","","","",""
"61328002","LE PIN-AU-HARAS -INRAE",48.735833,0.128167,176,2002062910,0.,1,"","","","","","","","","","","","","","","","","","","","","","","","","","","","","","","","","","",17.1,1,"","","","","","","","","","","","","","","","","","","","","","","","","","","","",50,1,"","","","","","","","","","","","","","","","","","","","","","","","","","","","","","","","","","","","","","","","","","","","","","","","","","","","","","","","","","","","","","","","","","","","","","","","","","","","","","","","","","","","","","","","","","","","","","","","","","",224,1,"","","","","","","","","","","","","","","","","","","","","","","","","","","","","",""
"61328002","LE PIN-AU-HARAS -INRAE",48.735833,0.128167,176,2002062911,0.,1,"","","","","","","","","","","","","","","","","","","","","","","","","","","","","","","","","","",19.3,1,"","","","","","","","","","","","","","","","","","","","","","","","","","","","",45,1,"","","","","","","","","","","","","","","","","","","","","","","","","","","","","","","","","","","","","","","","","","","","","","","","","","","","","","","","","","","","","","","","","","","","","","","","","","","","","","","","","","","","","","","","","","","","","","","","","","",296,1,"","","","","","","","","","","","","","","","","","","","","","","","","","","","","",""
"61328002","LE PIN-AU-HARAS -INRAE",48.735833,0.128167,176,2002062912,0.,1,"","","","","","","","","","","","","","","","","","","","","","","","","","","","","","","","","","",17.8,1,"","","","","","","","","","","","","","","","","","","","","","","","","","","","",38,1,"","","","","","","","","","","","","","","","","","","","","","","","","","","","","","","","","","","","","","","","","","","","","","","","","","","","","","","","","","","","","","","","","","","","","","","","","","","","","","","","","","","","","","","","","","","","","","","","","","",294,1,"","","","","","","","","","","","","","","","","","","","","","","","","","","","","",""
"61328002","LE PIN-AU-HARAS -INRAE",48.735833,0.128167,176,2002062913,0.,1,"","","","","","","","","","","","","","","","","","","","","","","","","","","","","","","","","","",20.6,1,"","","","","","","","","","","","","","","","","","","","","","","","","","","","",40,1,"","","","","","","","","","","","","","","","","","","","","","","","","","","","","","","","","","","","","","","","","","","","","","","","","","","","","","","","","","","","","","","","","","","","","","","","","","","","","","","","","","","","","","","","","","","","","","","","","","",216,1,"","","","","","","","","","","","","","","","","","","","","","","","","","","","","",""
"61328002","LE PIN-AU-HARAS -INRAE",48.735833,0.128167,176,2002062914,0.,1,"","","","","","","","","","","","","","","","","","","","","","","","","","","","","","","","","","",21.,1,"","","","","","","","","","","","","","","","","","","","","","","","","","","","",34,1,"","","","","","","","","","","","","","","","","","","","","","","","","","","","","","","","","","","","","","","","","","","","","","","","","","","","","","","","","","","","","","","","","","","","","","","","","","","","","","","","","","","","","","","","","","","","","","","","","","",334,1,"","","","","","","","","","","","","","","","","","","","","","","","","","","","","",""
"61328002","LE PIN-AU-HARAS -INRAE",48.735833,0.128167,176,2002062915,0.,1,"","","","","","","","","","","","","","","","","","","","","","","","","","","","","","","","","","",20.3,1,"","","","","","","","","","","","","","","","","","","","","","","","","","","","",35,1,"","","","","","","","","","","","","","","","","","","","","","","","","","","","","","","","","","","","","","","","","","","","","","","","","","","","","","","","","","","","","","","","","","","","","","","","","","","","","","","","","","","","","","","","","","","","","","","","","","",254,1,"","","","","","","","","","","","","","","","","","","","","","","","","","","","","",""
"61328002","LE PIN-AU-HARAS -INRAE",48.735833,0.128167,176,2002062916,0.,1,"","","","","","","","","","","","","","","","","","","","","","","","","","","","","","","","","","",18.8,1,"","","","","","","","","","","","","","","","","","","","","","","","","","","","",49,1,"","","","","","","","","","","","","","","","","","","","","","","","","","","","","","","","","","","","","","","","","","","","","","","","","","","","","","","","","","","","","","","","","","","","","","","","","","","","","","","","","","","","","","","","","","","","","","","","","","",122,1,"","","","","","","","","","","","","","","","","","","","","","","","","","","","","",""
"61328002","LE PIN-AU-HARAS -INRAE",48.735833,0.128167,176,2002062917,0.,1,"","","","","","","","","","","","","","","","","","","","","","","","","","","","","","","","","","",17.8,1,"","","","","","","","","","","","","","","","","","","","","","","","","","","","",57,1,"","","","","","","","","","","","","","","","","","","","","","","","","","","","","","","","","","","","","","","","","","","","","","","","","","","","","","","","","","","","","","","","","","","","","","","","","","","","","","","","","","","","","","","","","","","","","","","","","","",136,1,"","","","","","","","","","","","","","","","","","","","","","","","","","","","","",""
"61328002","LE PIN-AU-HARAS -INRAE",48.735833,0.128167,176,2002062918,0.,1,"","","","","","","","","","","","","","","","","","","","","","","","","","","","","","","","","","",16.4,1,"","","","","","","","","","","","","","","","","","","","","","","","","","","","",60,1,"","","","","","","","","","","","","","","","","","","","","","","","","","","","","","","","","","","","","","","","","","","","","","","","","","","","","","","","","","","","","","","","","","","","","","","","","","","","","","","","","","","","","","","","","","","","","","","","","","",94,1,"","","","","","","","","","","","","","","","","","","","","","","","","","","","","",""
"61328002","LE PIN-AU-HARAS -INRAE",48.735833,0.128167,176,2002062919,0.,1,"","","","","","","","","","","","","","","","","","","","","","","","","","","","","","","","","","",15.1,1,"","","","","","","","","","","","","","","","","","","","","","","","","","","","",63,1,"","","","","","","","","","","","","","","","","","","","","","","","","","","","","","","","","","","","","","","","","","","","","","","","","","","","","","","","","","","","","","","","","","","","","","","","","","","","","","","","","","","","","","","","","","","","","","","","","","",44,1,"","","","","","","","","","","","","","","","","","","","","","","","","","","","","",""
"61328002","LE PIN-AU-HARAS -INRAE",48.735833,0.128167,176,2002062920,0.,1,"","","","","","","","","","","","","","","","","","","","","","","","","","","","","","","","","","",13.1,1,"","","","","","","","","","","","","","","","","","","","","","","","","","","","",68,1,"","","","","","","","","","","","","","","","","","","","","","","","","","","","","","","","","","","","","","","","","","","","","","","","","","","","","","","","","","","","","","","","","","","","","","","","","","","","","","","","","","","","","","","","","","","","","","","","","","",10,1,"","","","","","","","","","","","","","","","","","","","","","","","","","","","","",""
"61328002","LE PIN-AU-HARAS -INRAE",48.735833,0.128167,176,2002062921,0.,1,"","","","","","","","","","","","","","","","","","","","","","","","","","","","","","","","","","",11.2,1,"","","","","","","","","","","","","","","","","","","","","","","","","","","","",76,1,"","","","","","","","","","","","","","","","","","","","","","","","","","","","","","","","","","","","","","","","","","","","","","","","","","","","","","","","","","","","","","","","","","","","","","","","","","","","","","","","","","","","","","","","","","","","","","","","","","",0,1,"","","","","","","","","","","","","","","","","","","","","","","","","","","","","",""
"61328002","LE PIN-AU-HARAS -INRAE",48.735833,0.128167,176,2002062922,0.,1,"","","","","","","","","","","","","","","","","","","","","","","","","","","","","","","","","","",9.6,1,"","","","","","","","","","","","","","","","","","","","","","","","","","","","",86,1,"","","","","","","","","","","","","","","","","","","","","","","","","","","","","","","","","","","","","","","","","","","","","","","","","","","","","","","","","","","","","","","","","","","","","","","","","","","","","","","","","","","","","","","","","","","","","","","","","","",0,1,"","","","","","","","","","","","","","","","","","","","","","","","","","","","","",""
"61328002","LE PIN-AU-HARAS -INRAE",48.735833,0.128167,176,2002062923,0.,1,"","","","","","","","","","","","","","","","","","","","","","","","","","","","","","","","","","",8.8,1,"","","","","","","","","","","","","","","","","","","","","","","","","","","","",92,1,"","","","","","","","","","","","","","","","","","","","","","","","","","","","","","","","","","","","","","","","","","","","","","","","","","","","","","","","","","","","","","","","","","","","","","","","","","","","","","","","","","","","","","","","","","","","","","","","","","",0,1,"","","","","","","","","","","","","","","","","","","","","","","","","","","","","",""
"61328002","LE PIN-AU-HARAS -INRAE",48.735833,0.128167,176,2002063000,0.,1,"","","","","","","","","","","","","","","","","","","","","","","","","","","","","","","","","","",8.4,1,"","","","","","","","","","","","","","","","","","","","","","","","","","","","",96,1,"","","","","","","","","","","","","","","","","","","","","","","","","","","","","","","","","","","","","","","","","","","","","","","","","","","","","","","","","","","","","","","","","","","","","","","","","","","","","","","","","","","","","","","","","","","","","","","","","","",0,1,"","","","","","","","","","","","","","","","","","","","","","","","","","","","","",""
"61328002","LE PIN-AU-HARAS -INRAE",48.735833,0.128167,176,2002063001,0.,1,"","","","","","","","","","","","","","","","","","","","","","","","","","","","","","","","","","",7.7,1,"","","","","","","","","","","","","","","","","","","","","","","","","","","","",97,1,"","","","","","","","","","","","","","","","","","","","","","","","","","","","","","","","","","","","","","","","","","","","","","","","","","","","","","","","","","","","","","","","","","","","","","","","","","","","","","","","","","","","","","","","","","","","","","","","","","",0,1,"","","","","","","","","","","","","","","","","","","","","","","","","","","","","",""
"61328002","LE PIN-AU-HARAS -INRAE",48.735833,0.128167,176,2002063002,0.,1,"","","","","","","","","","","","","","","","","","","","","","","","","","","","","","","","","","",7.5,1,"","","","","","","","","","","","","","","","","","","","","","","","","","","","",98,1,"","","","","","","","","","","","","","","","","","","","","","","","","","","","","","","","","","","","","","","","","","","","","","","","","","","","","","","","","","","","","","","","","","","","","","","","","","","","","","","","","","","","","","","","","","","","","","","","","","",0,1,"","","","","","","","","","","","","","","","","","","","","","","","","","","","","",""
"61328002","LE PIN-AU-HARAS -INRAE",48.735833,0.128167,176,2002063003,0.,1,"","","","","","","","","","","","","","","","","","","","","","","","","","","","","","","","","","",6.3,1,"","","","","","","","","","","","","","","","","","","","","","","","","","","","",98,1,"","","","","","","","","","","","","","","","","","","","","","","","","","","","","","","","","","","","","","","","","","","","","","","","","","","","","","","","","","","","","","","","","","","","","","","","","","","","","","","","","","","","","","","","","","","","","","","","","","",0,1,"","","","","","","","","","","","","","","","","","","","","","","","","","","","","",""
"61328002","LE PIN-AU-HARAS -INRAE",48.735833,0.128167,176,2002063004,0.,1,"","","","","","","","","","","","","","","","","","","","","","","","","","","","","","","","","","",4.9,1,"","","","","","","","","","","","","","","","","","","","","","","","","","","","",99,1,"","","","","","","","","","","","","","","","","","","","","","","","","","","","","","","","","","","","","","","","","","","","","","","","","","","","","","","","","","","","","","","","","","","","","","","","","","","","","","","","","","","","","","","","","","","","","","","","","","",0,1,"","","","","","","","","","","","","","","","","","","","","","","","","","","","","",""
"61328002","LE PIN-AU-HARAS -INRAE",48.735833,0.128167,176,2002063005,0.,1,"","","","","","","","","","","","","","","","","","","","","","","","","","","","","","","","","","",5.,1,"","","","","","","","","","","","","","","","","","","","","","","","","","","","",100,1,"","","","","","","","","","","","","","","","","","","","","","","","","","","","","","","","","","","","","","","","","","","","","","","","","","","","","","","","","","","","","","","","","","","","","","","","","","","","","","","","","","","","","","","","","","","","","","","","","","",8,1,"","","","","","","","","","","","","","","","","","","","","","","","","","","","","",""
"61328002","LE PIN-AU-HARAS -INRAE",48.735833,0.128167,176,2002063006,0.,1,"","","","","","","","","","","","","","","","","","","","","","","","","","","","","","","","","","",8.4,1,"","","","","","","","","","","","","","","","","","","","","","","","","","","","",100,1,"","","","","","","","","","","","","","","","","","","","","","","","","","","","","","","","","","","","","","","","","","","","","","","","","","","","","","","","","","","","","","","","","","","","","","","","","","","","","","","","","","","","","","","","","","","","","","","","","","",24,1,"","","","","","","","","","","","","","","","","","","","","","","","","","","","","",""
"61328002","LE PIN-AU-HARAS -INRAE",48.735833,0.128167,176,2002063007,0.,1,"","","","","","","","","","","","","","","","","","","","","","","","","","","","","","","","","","",11.5,1,"","","","","","","","","","","","","","","","","","","","","","","","","","","","",100,1,"","","","","","","","","","","","","","","","","","","","","","","","","","","","","","","","","","","","","","","","","","","","","","","","","","","","","","","","","","","","","","","","","","","","","","","","","","","","","","","","","","","","","","","","","","","","","","","","","","",46,1,"","","","","","","","","","","","","","","","","","","","","","","","","","","","","",""
"61328002","LE PIN-AU-HARAS -INRAE",48.735833,0.128167,176,2002063008,0.,1,"","","","","","","","","","","","","","","","","","","","","","","","","","","","","","","","","","",13.4,1,"","","","","","","","","","","","","","","","","","","","","","","","","","","","",78,1,"","","","","","","","","","","","","","","","","","","","","","","","","","","","","","","","","","","","","","","","","","","","","","","","","","","","","","","","","","","","","","","","","","","","","","","","","","","","","","","","","","","","","","","","","","","","","","","","","","",116,1,"","","","","","","","","","","","","","","","","","","","","","","","","","","","","",""
"61328002","LE PIN-AU-HARAS -INRAE",48.735833,0.128167,176,2002063009,0.,1,"","","","","","","","","","","","","","","","","","","","","","","","","","","","","","","","","","",15.1,1,"","","","","","","","","","","","","","","","","","","","","","","","","","","","",66,1,"","","","","","","","","","","","","","","","","","","","","","","","","","","","","","","","","","","","","","","","","","","","","","","","","","","","","","","","","","","","","","","","","","","","","","","","","","","","","","","","","","","","","","","","","","","","","","","","","","",184,1,"","","","","","","","","","","","","","","","","","","","","","","","","","","","","",""
"61328002","LE PIN-AU-HARAS -INRAE",48.735833,0.128167,176,2002063010,0.,1,"","","","","","","","","","","","","","","","","","","","","","","","","","","","","","","","","","",16.8,1,"","","","","","","","","","","","","","","","","","","","","","","","","","","","",57,1,"","","","","","","","","","","","","","","","","","","","","","","","","","","","","","","","","","","","","","","","","","","","","","","","","","","","","","","","","","","","","","","","","","","","","","","","","","","","","","","","","","","","","","","","","","","","","","","","","","",184,1,"","","","","","","","","","","","","","","","","","","","","","","","","","","","","",""
"61328002","LE PIN-AU-HARAS -INRAE",48.735833,0.128167,176,2002063011,0.,1,"","","","","","","","","","","","","","","","","","","","","","","","","","","","","","","","","","",18.1,1,"","","","","","","","","","","","","","","","","","","","","","","","","","","","",55,1,"","","","","","","","","","","","","","","","","","","","","","","","","","","","","","","","","","","","","","","","","","","","","","","","","","","","","","","","","","","","","","","","","","","","","","","","","","","","","","","","","","","","","","","","","","","","","","","","","","",262,1,"","","","","","","","","","","","","","","","","","","","","","","","","","","","","",""
"61328002","LE PIN-AU-HARAS -INRAE",48.735833,0.128167,176,2002063012,0.,1,"","","","","","","","","","","","","","","","","","","","","","","","","","","","","","","","","","",19.8,1,"","","","","","","","","","","","","","","","","","","","","","","","","","","","",51,1,"","","","","","","","","","","","","","","","","","","","","","","","","","","","","","","","","","","","","","","","","","","","","","","","","","","","","","","","","","","","","","","","","","","","","","","","","","","","","","","","","","","","","","","","","","","","","","","","","","",290,1,"","","","","","","","","","","","","","","","","","","","","","","","","","","","","",""
"61328002","LE PIN-AU-HARAS -INRAE",48.735833,0.128167,176,2002063013,0.,1,"","","","","","","","","","","","","","","","","","","","","","","","","","","","","","","","","","",20.6,1,"","","","","","","","","","","","","","","","","","","","","","","","","","","","",45,1,"","","","","","","","","","","","","","","","","","","","","","","","","","","","","","","","","","","","","","","","","","","","","","","","","","","","","","","","","","","","","","","","","","","","","","","","","","","","","","","","","","","","","","","","","","","","","","","","","","",318,1,"","","","","","","","","","","","","","","","","","","","","","","","","","","","","",""
"61328002","LE PIN-AU-HARAS -INRAE",48.735833,0.128167,176,2002063014,0.,1,"","","","","","","","","","","","","","","","","","","","","","","","","","","","","","","","","","",20.,1,"","","","","","","","","","","","","","","","","","","","","","","","","","","","",53,1,"","","","","","","","","","","","","","","","","","","","","","","","","","","","","","","","","","","","","","","","","","","","","","","","","","","","","","","","","","","","","","","","","","","","","","","","","","","","","","","","","","","","","","","","","","","","","","","","","","",228,1,"","","","","","","","","","","","","","","","","","","","","","","","","","","","","",""
"61328002","LE PIN-AU-HARAS -INRAE",48.735833,0.128167,176,2002063015,0.,1,"","","","","","","","","","","","","","","","","","","","","","","","","","","","","","","","","","",19.4,1,"","","","","","","","","","","","","","","","","","","","","","","","","","","","",54,1,"","","","","","","","","","","","","","","","","","","","","","","","","","","","","","","","","","","","","","","","","","","","","","","","","","","","","","","","","","","","","","","","","","","","","","","","","","","","","","","","","","","","","","","","","","","","","","","","","","",202,1,"","","","","","","","","","","","","","","","","","","","","","","","","","","","","",""
"61328002","LE PIN-AU-HARAS -INRAE",48.735833,0.128167,176,2002063016,0.,1,"","","","","","","","","","","","","","","","","","","","","","","","","","","","","","","","","","",17.9,1,"","","","","","","","","","","","","","","","","","","","","","","","","","","","",60,1,"","","","","","","","","","","","","","","","","","","","","","","","","","","","","","","","","","","","","","","","","","","","","","","","","","","","","","","","","","","","","","","","","","","","","","","","","","","","","","","","","","","","","","","","","","","","","","","","","","",122,1,"","","","","","","","","","","","","","","","","","","","","","","","","","","","","",""
"61328002","LE PIN-AU-HARAS -INRAE",48.735833,0.128167,176,2002063017,0.,1,"","","","","","","","","","","","","","","","","","","","","","","","","","","","","","","","","","",18.3,1,"","","","","","","","","","","","","","","","","","","","","","","","","","","","",64,1,"","","","","","","","","","","","","","","","","","","","","","","","","","","","","","","","","","","","","","","","","","","","","","","","","","","","","","","","","","","","","","","","","","","","","","","","","","","","","","","","","","","","","","","","","","","","","","","","","","",58,1,"","","","","","","","","","","","","","","","","","","","","","","","","","","","","",""
"61328002","LE PIN-AU-HARAS -INRAE",48.735833,0.128167,176,2002063018,0.,1,"","","","","","","","","","","","","","","","","","","","","","","","","","","","","","","","","","",18.3,1,"","","","","","","","","","","","","","","","","","","","","","","","","","","","",61,1,"","","","","","","","","","","","","","","","","","","","","","","","","","","","","","","","","","","","","","","","","","","","","","","","","","","","","","","","","","","","","","","","","","","","","","","","","","","","","","","","","","","","","","","","","","","","","","","","","","",56,1,"","","","","","","","","","","","","","","","","","","","","","","","","","","","","",""
"61328002","LE PIN-AU-HARAS -INRAE",48.735833,0.128167,176,2002063019,0.,1,"","","","","","","","","","","","","","","","","","","","","","","","","","","","","","","","","","",16.7,1,"","","","","","","","","","","","","","","","","","","","","","","","","","","","",66,1,"","","","","","","","","","","","","","","","","","","","","","","","","","","","","","","","","","","","","","","","","","","","","","","","","","","","","","","","","","","","","","","","","","","","","","","","","","","","","","","","","","","","","","","","","","","","","","","","","","",30,1,"","","","","","","","","","","","","","","","","","","","","","","","","","","","","",""
"61328002","LE PIN-AU-HARAS -INRAE",48.735833,0.128167,176,2002063020,0.,1,"","","","","","","","","","","","","","","","","","","","","","","","","","","","","","","","","","",15.3,1,"","","","","","","","","","","","","","","","","","","","","","","","","","","","",73,1,"","","","","","","","","","","","","","","","","","","","","","","","","","","","","","","","","","","","","","","","","","","","","","","","","","","","","","","","","","","","","","","","","","","","","","","","","","","","","","","","","","","","","","","","","","","","","","","","","","",6,1,"","","","","","","","","","","","","","","","","","","","","","","","","","","","","",""
"61328002","LE PIN-AU-HARAS -INRAE",48.735833,0.128167,176,2002063021,0.,1,"","","","","","","","","","","","","","","","","","","","","","","","","","","","","","","","","","",13.8,1,"","","","","","","","","","","","","","","","","","","","","","","","","","","","",80,1,"","","","","","","","","","","","","","","","","","","","","","","","","","","","","","","","","","","","","","","","","","","","","","","","","","","","","","","","","","","","","","","","","","","","","","","","","","","","","","","","","","","","","","","","","","","","","","","","","","",0,1,"","","","","","","","","","","","","","","","","","","","","","","","","","","","","",""
"61328002","LE PIN-AU-HARAS -INRAE",48.735833,0.128167,176,2002063022,0.,1,"","","","","","","","","","","","","","","","","","","","","","","","","","","","","","","","","","",13.8,1,"","","","","","","","","","","","","","","","","","","","","","","","","","","","",83,1,"","","","","","","","","","","","","","","","","","","","","","","","","","","","","","","","","","","","","","","","","","","","","","","","","","","","","","","","","","","","","","","","","","","","","","","","","","","","","","","","","","","","","","","","","","","","","","","","","","",0,1,"","","","","","","","","","","","","","","","","","","","","","","","","","","","","",""
"61328002","LE PIN-AU-HARAS -INRAE",48.735833,0.128167,176,2002063023,0.,1,"","","","","","","","","","","","","","","","","","","","","","","","","","","","","","","","","","",14.2,1,"","","","","","","","","","","","","","","","","","","","","","","","","","","","",82,1,"","","","","","","","","","","","","","","","","","","","","","","","","","","","","","","","","","","","","","","","","","","","","","","","","","","","","","","","","","","","","","","","","","","","","","","","","","","","","","","","","","","","","","","","","","","","","","","","","","",0,1,"","","","","","","","","","","","","","","","","","","","","","","","","","","","","",""
"61328002","LE PIN-AU-HARAS -INRAE",48.735833,0.128167,176,2002070100,0.,1,"","","","","","","","","","","","","","","","","","","","","","","","","","","","","","","","","","",14.2,1,"","","","","","","","","","","","","","","","","","","","","","","","","","","","",82,1,"","","","","","","","","","","","","","","","","","","","","","","","","","","","","","","","","","","","","","","","","","","","","","","","","","","","","","","","","","","","","","","","","","","","","","","","","","","","","","","","","","","","","","","","","","","","","","","","","","",0,1,"","","","","","","","","","","","","","","","","","","","","","","","","","","","","",""
"61328002","LE PIN-AU-HARAS -INRAE",48.735833,0.128167,176,2002070101,0.,1,"","","","","","","","","","","","","","","","","","","","","","","","","","","","","","","","","","",14.,1,"","","","","","","","","","","","","","","","","","","","","","","","","","","","",83,1,"","","","","","","","","","","","","","","","","","","","","","","","","","","","","","","","","","","","","","","","","","","","","","","","","","","","","","","","","","","","","","","","","","","","","","","","","","","","","","","","","","","","","","","","","","","","","","","","","","",0,1,"","","","","","","","","","","","","","","","","","","","","","","","","","","","","",""
"61328002","LE PIN-AU-HARAS -INRAE",48.735833,0.128167,176,2002070102,0.,1,"","","","","","","","","","","","","","","","","","","","","","","","","","","","","","","","","","",13.7,1,"","","","","","","","","","","","","","","","","","","","","","","","","","","","",82,1,"","","","","","","","","","","","","","","","","","","","","","","","","","","","","","","","","","","","","","","","","","","","","","","","","","","","","","","","","","","","","","","","","","","","","","","","","","","","","","","","","","","","","","","","","","","","","","","","","","",0,1,"","","","","","","","","","","","","","","","","","","","","","","","","","","","","",""
"61328002","LE PIN-AU-HARAS -INRAE",48.735833,0.128167,176,2002070103,0.,1,"","","","","","","","","","","","","","","","","","","","","","","","","","","","","","","","","","",13.7,1,"","","","","","","","","","","","","","","","","","","","","","","","","","","","",82,1,"","","","","","","","","","","","","","","","","","","","","","","","","","","","","","","","","","","","","","","","","","","","","","","","","","","","","","","","","","","","","","","","","","","","","","","","","","","","","","","","","","","","","","","","","","","","","","","","","","",0,1,"","","","","","","","","","","","","","","","","","","","","","","","","","","","","",""
"61328002","LE PIN-AU-HARAS -INRAE",48.735833,0.128167,176,2002070104,0.,1,"","","","","","","","","","","","","","","","","","","","","","","","","","","","","","","","","","",13.7,1,"","","","","","","","","","","","","","","","","","","","","","","","","","","","",81,1,"","","","","","","","","","","","","","","","","","","","","","","","","","","","","","","","","","","","","","","","","","","","","","","","","","","","","","","","","","","","","","","","","","","","","","","","","","","","","","","","","","","","","","","","","","","","","","","","","","",0,1,"","","","","","","","","","","","","","","","","","","","","","","","","","","","","",""
"61328002","LE PIN-AU-HARAS -INRAE",48.735833,0.128167,176,2002070105,0.,1,"","","","","","","","","","","","","","","","","","","","","","","","","","","","","","","","","","",13.6,1,"","","","","","","","","","","","","","","","","","","","","","","","","","","","",82,1,"","","","","","","","","","","","","","","","","","","","","","","","","","","","","","","","","","","","","","","","","","","","","","","","","","","","","","","","","","","","","","","","","","","","","","","","","","","","","","","","","","","","","","","","","","","","","","","","","","",2,1,"","","","","","","","","","","","","","","","","","","","","","","","","","","","","",""
"61328002","LE PIN-AU-HARAS -INRAE",48.735833,0.128167,176,2002070106,0.,1,"","","","","","","","","","","","","","","","","","","","","","","","","","","","","","","","","","",13.1,1,"","","","","","","","","","","","","","","","","","","","","","","","","","","","",87,1,"","","","","","","","","","","","","","","","","","","","","","","","","","","","","","","","","","","","","","","","","","","","","","","","","","","","","","","","","","","","","","","","","","","","","","","","","","","","","","","","","","","","","","","","","","","","","","","","","","",8,1,"","","","","","","","","","","","","","","","","","","","","","","","","","","","","",""
"61328002","LE PIN-AU-HARAS -INRAE",48.735833,0.128167,176,2002070107,0.5,1,"","","","","","","","","","","","","","","","","","","","","","","","","","","","","","","","","","",13.,1,"","","","","","","","","","","","","","","","","","","","","","","","","","","","",88,1,"","","","","","","","","","","","","","","","","","","","","","","","","","","","","","","","","","","","","","","","","","","","","","","","","","","","","","","","","","","","","","","","","","","","","","","","","","","","","","","","","","","","","","","","","","","","","","","","","","",18,1,"","","","","","","","","","","","","","","","","","","","","","","","","","","","","",""
"61328002","LE PIN-AU-HARAS -INRAE",48.735833,0.128167,176,2002070108,0.,1,"","","","","","","","","","","","","","","","","","","","","","","","","","","","","","","","","","",13.8,1,"","","","","","","","","","","","","","","","","","","","","","","","","","","","",86,1,"","","","","","","","","","","","","","","","","","","","","","","","","","","","","","","","","","","","","","","","","","","","","","","","","","","","","","","","","","","","","","","","","","","","","","","","","","","","","","","","","","","","","","","","","","","","","","","","","","",32,1,"","","","","","","","","","","","","","","","","","","","","","","","","","","","","",""
"61328002","LE PIN-AU-HARAS -INRAE",48.735833,0.128167,176,2002070109,0.,1,"","","","","","","","","","","","","","","","","","","","","","","","","","","","","","","","","","",14.3,1,"","","","","","","","","","","","","","","","","","","","","","","","","","","","",81,1,"","","","","","","","","","","","","","","","","","","","","","","","","","","","","","","","","","","","","","","","","","","","","","","","","","","","","","","","","","","","","","","","","","","","","","","","","","","","","","","","","","","","","","","","","","","","","","","","","","",44,1,"","","","","","","","","","","","","","","","","","","","","","","","","","","","","",""
"61328002","LE PIN-AU-HARAS -INRAE",48.735833,0.128167,176,2002070110,0.,1,"","","","","","","","","","","","","","","","","","","","","","","","","","","","","","","","","","",14.7,1,"","","","","","","","","","","","","","","","","","","","","","","","","","","","",77,1,"","","","","","","","","","","","","","","","","","","","","","","","","","","","","","","","","","","","","","","","","","","","","","","","","","","","","","","","","","","","","","","","","","","","","","","","","","","","","","","","","","","","","","","","","","","","","","","","","","",44,1,"","","","","","","","","","","","","","","","","","","","","","","","","","","","","",""
"61328002","LE PIN-AU-HARAS -INRAE",48.735833,0.128167,176,2002070111,0.,1,"","","","","","","","","","","","","","","","","","","","","","","","","","","","","","","","","","",14.3,1,"","","","","","","","","","","","","","","","","","","","","","","","","","","","",82,1,"","","","","","","","","","","","","","","","","","","","","","","","","","","","","","","","","","","","","","","","","","","","","","","","","","","","","","","","","","","","","","","","","","","","","","","","","","","","","","","","","","","","","","","","","","","","","","","","","","",48,1,"","","","","","","","","","","","","","","","","","","","","","","","","","","","","",""
"61328002","LE PIN-AU-HARAS -INRAE",48.735833,0.128167,176,2002070112,1.,1,"","","","","","","","","","","","","","","","","","","","","","","","","","","","","","","","","","",14.,1,"","","","","","","","","","","","","","","","","","","","","","","","","","","","",92,1,"","","","","","","","","","","","","","","","","","","","","","","","","","","","","","","","","","","","","","","","","","","","","","","","","","","","","","","","","","","","","","","","","","","","","","","","","","","","","","","","","","","","","","","","","","","","","","","","","","",42,1,"","","","","","","","","","","","","","","","","","","","","","","","","","","","","",""
"61328002","LE PIN-AU-HARAS -INRAE",48.735833,0.128167,176,2002070113,0.,1,"","","","","","","","","","","","","","","","","","","","","","","","","","","","","","","","","","",14.6,1,"","","","","","","","","","","","","","","","","","","","","","","","","","","","",89,1,"","","","","","","","","","","","","","","","","","","","","","","","","","","","","","","","","","","","","","","","","","","","","","","","","","","","","","","","","","","","","","","","","","","","","","","","","","","","","","","","","","","","","","","","","","","","","","","","","","",52,1,"","","","","","","","","","","","","","","","","","","","","","","","","","","","","",""
"61328002","LE PIN-AU-HARAS -INRAE",48.735833,0.128167,176,2002070114,0.,1,"","","","","","","","","","","","","","","","","","","","","","","","","","","","","","","","","","",14.8,1,"","","","","","","","","","","","","","","","","","","","","","","","","","","","",93,1,"","","","","","","","","","","","","","","","","","","","","","","","","","","","","","","","","","","","","","","","","","","","","","","","","","","","","","","","","","","","","","","","","","","","","","","","","","","","","","","","","","","","","","","","","","","","","","","","","","",44,1,"","","","","","","","","","","","","","","","","","","","","","","","","","","","","",""
"61328002","LE PIN-AU-HARAS -INRAE",48.735833,0.128167,176,2002070115,0.,1,"","","","","","","","","","","","","","","","","","","","","","","","","","","","","","","","","","",14.8,1,"","","","","","","","","","","","","","","","","","","","","","","","","","","","",92,1,"","","","","","","","","","","","","","","","","","","","","","","","","","","","","","","","","","","","","","","","","","","","","","","","","","","","","","","","","","","","","","","","","","","","","","","","","","","","","","","","","","","","","","","","","","","","","","","","","","",38,1,"","","","","","","","","","","","","","","","","","","","","","","","","","","","","",""
"61328002","LE PIN-AU-HARAS -INRAE",48.735833,0.128167,176,2002070116,0.,1,"","","","","","","","","","","","","","","","","","","","","","","","","","","","","","","","","","",15.2,1,"","","","","","","","","","","","","","","","","","","","","","","","","","","","",86,1,"","","","","","","","","","","","","","","","","","","","","","","","","","","","","","","","","","","","","","","","","","","","","","","","","","","","","","","","","","","","","","","","","","","","","","","","","","","","","","","","","","","","","","","","","","","","","","","","","","",52,1,"","","","","","","","","","","","","","","","","","","","","","","","","","","","","",""
"61328002","LE PIN-AU-HARAS -INRAE",48.735833,0.128167,176,2002070117,0.,1,"","","","","","","","","","","","","","","","","","","","","","","","","","","","","","","","","","",16.1,1,"","","","","","","","","","","","","","","","","","","","","","","","","","","","",87,1,"","","","","","","","","","","","","","","","","","","","","","","","","","","","","","","","","","","","","","","","","","","","","","","","","","","","","","","","","","","","","","","","","","","","","","","","","","","","","","","","","","","","","","","","","","","","","","","","","","",72,1,"","","","","","","","","","","","","","","","","","","","","","","","","","","","","",""
"61328002","LE PIN-AU-HARAS -INRAE",48.735833,0.128167,176,2002070118,0.5,1,"","","","","","","","","","","","","","","","","","","","","","","","","","","","","","","","","","",14.9,1,"","","","","","","","","","","","","","","","","","","","","","","","","","","","",88,1,"","","","","","","","","","","","","","","","","","","","","","","","","","","","","","","","","","","","","","","","","","","","","","","","","","","","","","","","","","","","","","","","","","","","","","","","","","","","","","","","","","","","","","","","","","","","","","","","","","",56,1,"","","","","","","","","","","","","","","","","","","","","","","","","","","","","",""
"61328002","LE PIN-AU-HARAS -INRAE",48.735833,0.128167,176,2002070119,0.,1,"","","","","","","","","","","","","","","","","","","","","","","","","","","","","","","","","","",14.5,1,"","","","","","","","","","","","","","","","","","","","","","","","","","","","",82,1,"","","","","","","","","","","","","","","","","","","","","","","","","","","","","","","","","","","","","","","","","","","","","","","","","","","","","","","","","","","","","","","","","","","","","","","","","","","","","","","","","","","","","","","","","","","","","","","","","","",28,1,"","","","","","","","","","","","","","","","","","","","","","","","","","","","","",""
"61328002","LE PIN-AU-HARAS -INRAE",48.735833,0.128167,176,2002070120,0.,1,"","","","","","","","","","","","","","","","","","","","","","","","","","","","","","","","","","",13.6,1,"","","","","","","","","","","","","","","","","","","","","","","","","","","","",84,1,"","","","","","","","","","","","","","","","","","","","","","","","","","","","","","","","","","","","","","","","","","","","","","","","","","","","","","","","","","","","","","","","","","","","","","","","","","","","","","","","","","","","","","","","","","","","","","","","","","",10,1,"","","","","","","","","","","","","","","","","","","","","","","","","","","","","",""
"61328002","LE PIN-AU-HARAS -INRAE",48.735833,0.128167,176,2002070121,0.,1,"","","","","","","","","","","","","","","","","","","","","","","","","","","","","","","","","","",12.5,1,"","","","","","","","","","","","","","","","","","","","","","","","","","","","",89,1,"","","","","","","","","","","","","","","","","","","","","","","","","","","","","","","","","","","","","","","","","","","","","","","","","","","","","","","","","","","","","","","","","","","","","","","","","","","","","","","","","","","","","","","","","","","","","","","","","","",0,1,"","","","","","","","","","","","","","","","","","","","","","","","","","","","","",""
"61328002","LE PIN-AU-HARAS -INRAE",48.735833,0.128167,176,2002070122,0.,1,"","","","","","","","","","","","","","","","","","","","","","","","","","","","","","","","","","",12.9,1,"","","","","","","","","","","","","","","","","","","","","","","","","","","","",84,1,"","","","","","","","","","","","","","","","","","","","","","","","","","","","","","","","","","","","","","","","","","","","","","","","","","","","","","","","","","","","","","","","","","","","","","","","","","","","","","","","","","","","","","","","","","","","","","","","","","",0,1,"","","","","","","","","","","","","","","","","","","","","","","","","","","","","",""
"61328002","LE PIN-AU-HARAS -INRAE",48.735833,0.128167,176,2002070123,0.,1,"","","","","","","","","","","","","","","","","","","","","","","","","","","","","","","","","","",12.7,1,"","","","","","","","","","","","","","","","","","","","","","","","","","","","",84,1,"","","","","","","","","","","","","","","","","","","","","","","","","","","","","","","","","","","","","","","","","","","","","","","","","","","","","","","","","","","","","","","","","","","","","","","","","","","","","","","","","","","","","","","","","","","","","","","","","","",0,1,"","","","","","","","","","","","","","","","","","","","","","","","","","","","","",""
"61328002","LE PIN-AU-HARAS -INRAE",48.735833,0.128167,176,2002070200,0.,1,"","","","","","","","","","","","","","","","","","","","","","","","","","","","","","","","","","",12.4,1,"","","","","","","","","","","","","","","","","","","","","","","","","","","","",86,1,"","","","","","","","","","","","","","","","","","","","","","","","","","","","","","","","","","","","","","","","","","","","","","","","","","","","","","","","","","","","","","","","","","","","","","","","","","","","","","","","","","","","","","","","","","","","","","","","","","",0,1,"","","","","","","","","","","","","","","","","","","","","","","","","","","","","",""
"61328002","LE PIN-AU-HARAS -INRAE",48.735833,0.128167,176,2002070201,0.,1,"","","","","","","","","","","","","","","","","","","","","","","","","","","","","","","","","","",12.2,1,"","","","","","","","","","","","","","","","","","","","","","","","","","","","",84,1,"","","","","","","","","","","","","","","","","","","","","","","","","","","","","","","","","","","","","","","","","","","","","","","","","","","","","","","","","","","","","","","","","","","","","","","","","","","","","","","","","","","","","","","","","","","","","","","","","","",0,1,"","","","","","","","","","","","","","","","","","","","","","","","","","","","","",""
"61328002","LE PIN-AU-HARAS -INRAE",48.735833,0.128167,176,2002070202,0.,1,"","","","","","","","","","","","","","","","","","","","","","","","","","","","","","","","","","",11.9,1,"","","","","","","","","","","","","","","","","","","","","","","","","","","","",83,1,"","","","","","","","","","","","","","","","","","","","","","","","","","","","","","","","","","","","","","","","","","","","","","","","","","","","","","","","","","","","","","","","","","","","","","","","","","","","","","","","","","","","","","","","","","","","","","","","","","",0,1,"","","","","","","","","","","","","","","","","","","","","","","","","","","","","",""
"61328002","LE PIN-AU-HARAS -INRAE",48.735833,0.128167,176,2002070203,0.,1,"","","","","","","","","","","","","","","","","","","","","","","","","","","","","","","","","","",11.3,1,"","","","","","","","","","","","","","","","","","","","","","","","","","","","",82,1,"","","","","","","","","","","","","","","","","","","","","","","","","","","","","","","","","","","","","","","","","","","","","","","","","","","","","","","","","","","","","","","","","","","","","","","","","","","","","","","","","","","","","","","","","","","","","","","","","","",0,1,"","","","","","","","","","","","","","","","","","","","","","","","","","","","","",""
"61328002","LE PIN-AU-HARAS -INRAE",48.735833,0.128167,176,2002070204,0.,1,"","","","","","","","","","","","","","","","","","","","","","","","","","","","","","","","","","",11.2,1,"","","","","","","","","","","","","","","","","","","","","","","","","","","","",87,1,"","","","","","","","","","","","","","","","","","","","","","","","","","","","","","","","","","","","","","","","","","","","","","","","","","","","","","","","","","","","","","","","","","","","","","","","","","","","","","","","","","","","","","","","","","","","","","","","","","",0,1,"","","","","","","","","","","","","","","","","","","","","","","","","","","","","",""
"61328002","LE PIN-AU-HARAS -INRAE",48.735833,0.128167,176,2002070205,0.,1,"","","","","","","","","","","","","","","","","","","","","","","","","","","","","","","","","","",11.5,1,"","","","","","","","","","","","","","","","","","","","","","","","","","","","",87,1,"","","","","","","","","","","","","","","","","","","","","","","","","","","","","","","","","","","","","","","","","","","","","","","","","","","","","","","","","","","","","","","","","","","","","","","","","","","","","","","","","","","","","","","","","","","","","","","","","","",6,1,"","","","","","","","","","","","","","","","","","","","","","","","","","","","","",""
"61328002","LE PIN-AU-HARAS -INRAE",48.735833,0.128167,176,2002070206,0.,1,"","","","","","","","","","","","","","","","","","","","","","","","","","","","","","","","","","",12.5,1,"","","","","","","","","","","","","","","","","","","","","","","","","","","","",84,1,"","","","","","","","","","","","","","","","","","","","","","","","","","","","","","","","","","","","","","","","","","","","","","","","","","","","","","","","","","","","","","","","","","","","","","","","","","","","","","","","","","","","","","","","","","","","","","","","","","",24,1,"","","","","","","","","","","","","","","","","","","","","","","","","","","","","",""
"61328002","LE PIN-AU-HARAS -INRAE",48.735833,0.128167,176,2002070207,0.,1,"","","","","","","","","","","","","","","","","","","","","","","","","","","","","","","","","","",12.8,1,"","","","","","","","","","","","","","","","","","","","","","","","","","","","",81,1,"","","","","","","","","","","","","","","","","","","","","","","","","","","","","","","","","","","","","","","","","","","","","","","","","","","","","","","","","","","","","","","","","","","","","","","","","","","","","","","","","","","","","","","","","","","","","","","","","","",46,1,"","","","","","","","","","","","","","","","","","","","","","","","","","","","","",""
"61328002","LE PIN-AU-HARAS -INRAE",48.735833,0.128167,176,2002070208,0.,1,"","","","","","","","","","","","","","","","","","","","","","","","","","","","","","","","","","",13.4,1,"","","","","","","","","","","","","","","","","","","","","","","","","","","","",79,1,"","","","","","","","","","","","","","","","","","","","","","","","","","","","","","","","","","","","","","","","","","","","","","","","","","","","","","","","","","","","","","","","","","","","","","","","","","","","","","","","","","","","","","","","","","","","","","","","","","",74,1,"","","","","","","","","","","","","","","","","","","","","","","","","","","","","",""
"61328002","LE PIN-AU-HARAS -INRAE",48.735833,0.128167,176,2002070209,0.,1,"","","","","","","","","","","","","","","","","","","","","","","","","","","","","","","","","","",14.4,1,"","","","","","","","","","","","","","","","","","","","","","","","","","","","",71,1,"","","","","","","","","","","","","","","","","","","","","","","","","","","","","","","","","","","","","","","","","","","","","","","","","","","","","","","","","","","","","","","","","","","","","","","","","","","","","","","","","","","","","","","","","","","","","","","","","","",100,1,"","","","","","","","","","","","","","","","","","","","","","","","","","","","","",""
"61328002","LE PIN-AU-HARAS -INRAE",48.735833,0.128167,176,2002070210,0.,1,"","","","","","","","","","","","","","","","","","","","","","","","","","","","","","","","","","",15.2,1,"","","","","","","","","","","","","","","","","","","","","","","","","","","","",71,1,"","","","","","","","","","","","","","","","","","","","","","","","","","","","","","","","","","","","","","","","","","","","","","","","","","","","","","","","","","","","","","","","","","","","","","","","","","","","","","","","","","","","","","","","","","","","","","","","","","",102,1,"","","","","","","","","","","","","","","","","","","","","","","","","","","","","",""
"61328002","LE PIN-AU-HARAS -INRAE",48.735833,0.128167,176,2002070211,0.,1,"","","","","","","","","","","","","","","","","","","","","","","","","","","","","","","","","","",14.7,1,"","","","","","","","","","","","","","","","","","","","","","","","","","","","",71,1,"","","","","","","","","","","","","","","","","","","","","","","","","","","","","","","","","","","","","","","","","","","","","","","","","","","","","","","","","","","","","","","","","","","","","","","","","","","","","","","","","","","","","","","","","","","","","","","","","","",104,1,"","","","","","","","","","","","","","","","","","","","","","","","","","","","","",""
"61328002","LE PIN-AU-HARAS -INRAE",48.735833,0.128167,176,2002070212,0.,1,"","","","","","","","","","","","","","","","","","","","","","","","","","","","","","","","","","",15.4,1,"","","","","","","","","","","","","","","","","","","","","","","","","","","","",68,1,"","","","","","","","","","","","","","","","","","","","","","","","","","","","","","","","","","","","","","","","","","","","","","","","","","","","","","","","","","","","","","","","","","","","","","","","","","","","","","","","","","","","","","","","","","","","","","","","","","",106,1,"","","","","","","","","","","","","","","","","","","","","","","","","","","","","",""
"61328002","LE PIN-AU-HARAS -INRAE",48.735833,0.128167,176,2002070213,0.,1,"","","","","","","","","","","","","","","","","","","","","","","","","","","","","","","","","","",18.,1,"","","","","","","","","","","","","","","","","","","","","","","","","","","","",58,1,"","","","","","","","","","","","","","","","","","","","","","","","","","","","","","","","","","","","","","","","","","","","","","","","","","","","","","","","","","","","","","","","","","","","","","","","","","","","","","","","","","","","","","","","","","","","","","","","","","",190,1,"","","","","","","","","","","","","","","","","","","","","","","","","","","","","",""
"61328002","LE PIN-AU-HARAS -INRAE",48.735833,0.128167,176,2002070214,0.,1,"","","","","","","","","","","","","","","","","","","","","","","","","","","","","","","","","","",17.9,1,"","","","","","","","","","","","","","","","","","","","","","","","","","","","",61,1,"","","","","","","","","","","","","","","","","","","","","","","","","","","","","","","","","","","","","","","","","","","","","","","","","","","","","","","","","","","","","","","","","","","","","","","","","","","","","","","","","","","","","","","","","","","","","","","","","","",172,1,"","","","","","","","","","","","","","","","","","","","","","","","","","","","","",""
"61328002","LE PIN-AU-HARAS -INRAE",48.735833,0.128167,176,2002070215,0.,1,"","","","","","","","","","","","","","","","","","","","","","","","","","","","","","","","","","",16.9,1,"","","","","","","","","","","","","","","","","","","","","","","","","","","","",57,1,"","","","","","","","","","","","","","","","","","","","","","","","","","","","","","","","","","","","","","","","","","","","","","","","","","","","","","","","","","","","","","","","","","","","","","","","","","","","","","","","","","","","","","","","","","","","","","","","","","",146,1,"","","","","","","","","","","","","","","","","","","","","","","","","","","","","",""
"61328002","LE PIN-AU-HARAS -INRAE",48.735833,0.128167,176,2002070216,0.,1,"","","","","","","","","","","","","","","","","","","","","","","","","","","","","","","","","","",16.,1,"","","","","","","","","","","","","","","","","","","","","","","","","","","","",62,1,"","","","","","","","","","","","","","","","","","","","","","","","","","","","","","","","","","","","","","","","","","","","","","","","","","","","","","","","","","","","","","","","","","","","","","","","","","","","","","","","","","","","","","","","","","","","","","","","","","",68,1,"","","","","","","","","","","","","","","","","","","","","","","","","","","","","",""
"61328002","LE PIN-AU-HARAS -INRAE",48.735833,0.128167,176,2002070217,0.,1,"","","","","","","","","","","","","","","","","","","","","","","","","","","","","","","","","","",15.5,1,"","","","","","","","","","","","","","","","","","","","","","","","","","","","",68,1,"","","","","","","","","","","","","","","","","","","","","","","","","","","","","","","","","","","","","","","","","","","","","","","","","","","","","","","","","","","","","","","","","","","","","","","","","","","","","","","","","","","","","","","","","","","","","","","","","","",26,1,"","","","","","","","","","","","","","","","","","","","","","","","","","","","","",""
"61328002","LE PIN-AU-HARAS -INRAE",48.735833,0.128167,176,2002070218,0.,1,"","","","","","","","","","","","","","","","","","","","","","","","","","","","","","","","","","",15.8,1,"","","","","","","","","","","","","","","","","","","","","","","","","","","","",69,1,"","","","","","","","","","","","","","","","","","","","","","","","","","","","","","","","","","","","","","","","","","","","","","","","","","","","","","","","","","","","","","","","","","","","","","","","","","","","","","","","","","","","","","","","","","","","","","","","","","",16,1,"","","","","","","","","","","","","","","","","","","","","","","","","","","","","",""
"61328002","LE PIN-AU-HARAS -INRAE",48.735833,0.128167,176,2002070219,0.,1,"","","","","","","","","","","","","","","","","","","","","","","","","","","","","","","","","","",15.6,1,"","","","","","","","","","","","","","","","","","","","","","","","","","","","",66,1,"","","","","","","","","","","","","","","","","","","","","","","","","","","","","","","","","","","","","","","","","","","","","","","","","","","","","","","","","","","","","","","","","","","","","","","","","","","","","","","","","","","","","","","","","","","","","","","","","","",10,1,"","","","","","","","","","","","","","","","","","","","","","","","","","","","","",""
"61328002","LE PIN-AU-HARAS -INRAE",48.735833,0.128167,176,2002070220,0.,1,"","","","","","","","","","","","","","","","","","","","","","","","","","","","","","","","","","",14.9,1,"","","","","","","","","","","","","","","","","","","","","","","","","","","","",70,1,"","","","","","","","","","","","","","","","","","","","","","","","","","","","","","","","","","","","","","","","","","","","","","","","","","","","","","","","","","","","","","","","","","","","","","","","","","","","","","","","","","","","","","","","","","","","","","","","","","",2,1,"","","","","","","","","","","","","","","","","","","","","","","","","","","","","",""
"61328002","LE PIN-AU-HARAS -INRAE",48.735833,0.128167,176,2002070221,0.,1,"","","","","","","","","","","","","","","","","","","","","","","","","","","","","","","","","","",14.6,1,"","","","","","","","","","","","","","","","","","","","","","","","","","","","",67,1,"","","","","","","","","","","","","","","","","","","","","","","","","","","","","","","","","","","","","","","","","","","","","","","","","","","","","","","","","","","","","","","","","","","","","","","","","","","","","","","","","","","","","","","","","","","","","","","","","","",0,1,"","","","","","","","","","","","","","","","","","","","","","","","","","","","","",""
"61328002","LE PIN-AU-HARAS -INRAE",48.735833,0.128167,176,2002070222,0.,1,"","","","","","","","","","","","","","","","","","","","","","","","","","","","","","","","","","",14.4,1,"","","","","","","","","","","","","","","","","","","","","","","","","","","","",67,1,"","","","","","","","","","","","","","","","","","","","","","","","","","","","","","","","","","","","","","","","","","","","","","","","","","","","","","","","","","","","","","","","","","","","","","","","","","","","","","","","","","","","","","","","","","","","","","","","","","",0,1,"","","","","","","","","","","","","","","","","","","","","","","","","","","","","",""
"61328002","LE PIN-AU-HARAS -INRAE",48.735833,0.128167,176,2002070223,0.,1,"","","","","","","","","","","","","","","","","","","","","","","","","","","","","","","","","","",13.5,1,"","","","","","","","","","","","","","","","","","","","","","","","","","","","",79,1,"","","","","","","","","","","","","","","","","","","","","","","","","","","","","","","","","","","","","","","","","","","","","","","","","","","","","","","","","","","","","","","","","","","","","","","","","","","","","","","","","","","","","","","","","","","","","","","","","","",0,1,"","","","","","","","","","","","","","","","","","","","","","","","","","","","","",""
"61328002","LE PIN-AU-HARAS -INRAE",48.735833,0.128167,176,2002070300,0.,1,"","","","","","","","","","","","","","","","","","","","","","","","","","","","","","","","","","",13.9,1,"","","","","","","","","","","","","","","","","","","","","","","","","","","","",73,1,"","","","","","","","","","","","","","","","","","","","","","","","","","","","","","","","","","","","","","","","","","","","","","","","","","","","","","","","","","","","","","","","","","","","","","","","","","","","","","","","","","","","","","","","","","","","","","","","","","",0,1,"","","","","","","","","","","","","","","","","","","","","","","","","","","","","",""
"61328002","LE PIN-AU-HARAS -INRAE",48.735833,0.128167,176,2002070301,0.,1,"","","","","","","","","","","","","","","","","","","","","","","","","","","","","","","","","","",12.8,1,"","","","","","","","","","","","","","","","","","","","","","","","","","","","",88,1,"","","","","","","","","","","","","","","","","","","","","","","","","","","","","","","","","","","","","","","","","","","","","","","","","","","","","","","","","","","","","","","","","","","","","","","","","","","","","","","","","","","","","","","","","","","","","","","","","","",0,1,"","","","","","","","","","","","","","","","","","","","","","","","","","","","","",""
"61328002","LE PIN-AU-HARAS -INRAE",48.735833,0.128167,176,2002070302,0.,1,"","","","","","","","","","","","","","","","","","","","","","","","","","","","","","","","","","",13.1,1,"","","","","","","","","","","","","","","","","","","","","","","","","","","","",93,1,"","","","","","","","","","","","","","","","","","","","","","","","","","","","","","","","","","","","","","","","","","","","","","","","","","","","","","","","","","","","","","","","","","","","","","","","","","","","","","","","","","","","","","","","","","","","","","","","","","",0,1,"","","","","","","","","","","","","","","","","","","","","","","","","","","","","",""
"61328002","LE PIN-AU-HARAS -INRAE",48.735833,0.128167,176,2002070303,0.,1,"","","","","","","","","","","","","","","","","","","","","","","","","","","","","","","","","","",13.6,1,"","","","","","","","","","","","","","","","","","","","","","","","","","","","",94,1,"","","","","","","","","","","","","","","","","","","","","","","","","","","","","","","","","","","","","","","","","","","","","","","","","","","","","","","","","","","","","","","","","","","","","","","","","","","","","","","","","","","","","","","","","","","","","","","","","","",0,1,"","","","","","","","","","","","","","","","","","","","","","","","","","","","","",""
"61328002","LE PIN-AU-HARAS -INRAE",48.735833,0.128167,176,2002070304,0.,1,"","","","","","","","","","","","","","","","","","","","","","","","","","","","","","","","","","",14.1,1,"","","","","","","","","","","","","","","","","","","","","","","","","","","","",93,1,"","","","","","","","","","","","","","","","","","","","","","","","","","","","","","","","","","","","","","","","","","","","","","","","","","","","","","","","","","","","","","","","","","","","","","","","","","","","","","","","","","","","","","","","","","","","","","","","","","",0,1,"","","","","","","","","","","","","","","","","","","","","","","","","","","","","",""
"61328002","LE PIN-AU-HARAS -INRAE",48.735833,0.128167,176,2002070305,1.,1,"","","","","","","","","","","","","","","","","","","","","","","","","","","","","","","","","","",14.2,1,"","","","","","","","","","","","","","","","","","","","","","","","","","","","",94,1,"","","","","","","","","","","","","","","","","","","","","","","","","","","","","","","","","","","","","","","","","","","","","","","","","","","","","","","","","","","","","","","","","","","","","","","","","","","","","","","","","","","","","","","","","","","","","","","","","","",0,1,"","","","","","","","","","","","","","","","","","","","","","","","","","","","","",""
"61328002","LE PIN-AU-HARAS -INRAE",48.735833,0.128167,176,2002070306,2.5,1,"","","","","","","","","","","","","","","","","","","","","","","","","","","","","","","","","","",14.4,1,"","","","","","","","","","","","","","","","","","","","","","","","","","","","",97,1,"","","","","","","","","","","","","","","","","","","","","","","","","","","","","","","","","","","","","","","","","","","","","","","","","","","","","","","","","","","","","","","","","","","","","","","","","","","","","","","","","","","","","","","","","","","","","","","","","","",2,1,"","","","","","","","","","","","","","","","","","","","","","","","","","","","","",""
"61328002","LE PIN-AU-HARAS -INRAE",48.735833,0.128167,176,2002070307,1.5,1,"","","","","","","","","","","","","","","","","","","","","","","","","","","","","","","","","","",14.9,1,"","","","","","","","","","","","","","","","","","","","","","","","","","","","",97,1,"","","","","","","","","","","","","","","","","","","","","","","","","","","","","","","","","","","","","","","","","","","","","","","","","","","","","","","","","","","","","","","","","","","","","","","","","","","","","","","","","","","","","","","","","","","","","","","","","","",12,1,"","","","","","","","","","","","","","","","","","","","","","","","","","","","","",""
"61328002","LE PIN-AU-HARAS -INRAE",48.735833,0.128167,176,2002070308,0.5,1,"","","","","","","","","","","","","","","","","","","","","","","","","","","","","","","","","","",15.8,1,"","","","","","","","","","","","","","","","","","","","","","","","","","","","",97,1,"","","","","","","","","","","","","","","","","","","","","","","","","","","","","","","","","","","","","","","","","","","","","","","","","","","","","","","","","","","","","","","","","","","","","","","","","","","","","","","","","","","","","","","","","","","","","","","","","","",34,1,"","","","","","","","","","","","","","","","","","","","","","","","","","","","","",""
"61328002","LE PIN-AU-HARAS -INRAE",48.735833,0.128167,176,2002070309,0.,1,"","","","","","","","","","","","","","","","","","","","","","","","","","","","","","","","","","",16.5,1,"","","","","","","","","","","","","","","","","","","","","","","","","","","","",89,1,"","","","","","","","","","","","","","","","","","","","","","","","","","","","","","","","","","","","","","","","","","","","","","","","","","","","","","","","","","","","","","","","","","","","","","","","","","","","","","","","","","","","","","","","","","","","","","","","","","",98,1,"","","","","","","","","","","","","","","","","","","","","","","","","","","","","",""
"61328002","LE PIN-AU-HARAS -INRAE",48.735833,0.128167,176,2002070310,0.5,1,"","","","","","","","","","","","","","","","","","","","","","","","","","","","","","","","","","",18.1,1,"","","","","","","","","","","","","","","","","","","","","","","","","","","","",86,1,"","","","","","","","","","","","","","","","","","","","","","","","","","","","","","","","","","","","","","","","","","","","","","","","","","","","","","","","","","","","","","","","","","","","","","","","","","","","","","","","","","","","","","","","","","","","","","","","","","",160,1,"","","","","","","","","","","","","","","","","","","","","","","","","","","","","",""
"61328002","LE PIN-AU-HARAS -INRAE",48.735833,0.128167,176,2002070311,0.5,1,"","","","","","","","","","","","","","","","","","","","","","","","","","","","","","","","","","",16.1,1,"","","","","","","","","","","","","","","","","","","","","","","","","","","","",80,1,"","","","","","","","","","","","","","","","","","","","","","","","","","","","","","","","","","","","","","","","","","","","","","","","","","","","","","","","","","","","","","","","","","","","","","","","","","","","","","","","","","","","","","","","","","","","","","","","","","",170,1,"","","","","","","","","","","","","","","","","","","","","","","","","","","","","",""
"61328002","LE PIN-AU-HARAS -INRAE",48.735833,0.128167,176,2002070312,0.,1,"","","","","","","","","","","","","","","","","","","","","","","","","","","","","","","","","","",15.5,1,"","","","","","","","","","","","","","","","","","","","","","","","","","","","",80,1,"","","","","","","","","","","","","","","","","","","","","","","","","","","","","","","","","","","","","","","","","","","","","","","","","","","","","","","","","","","","","","","","","","","","","","","","","","","","","","","","","","","","","","","","","","","","","","","","","","",150,1,"","","","","","","","","","","","","","","","","","","","","","","","","","","","","",""
"61328002","LE PIN-AU-HARAS -INRAE",48.735833,0.128167,176,2002070313,0.,1,"","","","","","","","","","","","","","","","","","","","","","","","","","","","","","","","","","",15.2,1,"","","","","","","","","","","","","","","","","","","","","","","","","","","","",76,1,"","","","","","","","","","","","","","","","","","","","","","","","","","","","","","","","","","","","","","","","","","","","","","","","","","","","","","","","","","","","","","","","","","","","","","","","","","","","","","","","","","","","","","","","","","","","","","","","","","",118,1,"","","","","","","","","","","","","","","","","","","","","","","","","","","","","",""
"61328002","LE PIN-AU-HARAS -INRAE",48.735833,0.128167,176,2002070314,0.,1,"","","","","","","","","","","","","","","","","","","","","","","","","","","","","","","","","","",14.7,1,"","","","","","","","","","","","","","","","","","","","","","","","","","","","",78,1,"","","","","","","","","","","","","","","","","","","","","","","","","","","","","","","","","","","","","","","","","","","","","","","","","","","","","","","","","","","","","","","","","","","","","","","","","","","","","","","","","","","","","","","","","","","","","","","","","","",82,1,"","","","","","","","","","","","","","","","","","","","","","","","","","","","","",""
"61328002","LE PIN-AU-HARAS -INRAE",48.735833,0.128167,176,2002070315,0.,1,"","","","","","","","","","","","","","","","","","","","","","","","","","","","","","","","","","",15.1,1,"","","","","","","","","","","","","","","","","","","","","","","","","","","","",78,1,"","","","","","","","","","","","","","","","","","","","","","","","","","","","","","","","","","","","","","","","","","","","","","","","","","","","","","","","","","","","","","","","","","","","","","","","","","","","","","","","","","","","","","","","","","","","","","","","","","",78,1,"","","","","","","","","","","","","","","","","","","","","","","","","","","","","",""
"61328002","LE PIN-AU-HARAS -INRAE",48.735833,0.128167,176,2002070316,0.,1,"","","","","","","","","","","","","","","","","","","","","","","","","","","","","","","","","","",15.5,1,"","","","","","","","","","","","","","","","","","","","","","","","","","","","",69,1,"","","","","","","","","","","","","","","","","","","","","","","","","","","","","","","","","","","","","","","","","","","","","","","","","","","","","","","","","","","","","","","","","","","","","","","","","","","","","","","","","","","","","","","","","","","","","","","","","","",128,1,"","","","","","","","","","","","","","","","","","","","","","","","","","","","","",""
"61328002","LE PIN-AU-HARAS -INRAE",48.735833,0.128167,176,2002070317,0.,1,"","","","","","","","","","","","","","","","","","","","","","","","","","","","","","","","","","",16.,1,"","","","","","","","","","","","","","","","","","","","","","","","","","","","",66,1,"","","","","","","","","","","","","","","","","","","","","","","","","","","","","","","","","","","","","","","","","","","","","","","","","","","","","","","","","","","","","","","","","","","","","","","","","","","","","","","","","","","","","","","","","","","","","","","","","","",98,1,"","","","","","","","","","","","","","","","","","","","","","","","","","","","","",""
"61328002","LE PIN-AU-HARAS -INRAE",48.735833,0.128167,176,2002070318,0.,1,"","","","","","","","","","","","","","","","","","","","","","","","","","","","","","","","","","",15.,1,"","","","","","","","","","","","","","","","","","","","","","","","","","","","",64,1,"","","","","","","","","","","","","","","","","","","","","","","","","","","","","","","","","","","","","","","","","","","","","","","","","","","","","","","","","","","","","","","","","","","","","","","","","","","","","","","","","","","","","","","","","","","","","","","","","","",76,1,"","","","","","","","","","","","","","","","","","","","","","","","","","","","","",""
"61328002","LE PIN-AU-HARAS -INRAE",48.735833,0.128167,176,2002070319,0.,1,"","","","","","","","","","","","","","","","","","","","","","","","","","","","","","","","","","",14.4,1,"","","","","","","","","","","","","","","","","","","","","","","","","","","","",68,1,"","","","","","","","","","","","","","","","","","","","","","","","","","","","","","","","","","","","","","","","","","","","","","","","","","","","","","","","","","","","","","","","","","","","","","","","","","","","","","","","","","","","","","","","","","","","","","","","","","",50,1,"","","","","","","","","","","","","","","","","","","","","","","","","","","","","",""
"61328002","LE PIN-AU-HARAS -INRAE",48.735833,0.128167,176,2002070320,0.,1,"","","","","","","","","","","","","","","","","","","","","","","","","","","","","","","","","","",12.8,1,"","","","","","","","","","","","","","","","","","","","","","","","","","","","",75,1,"","","","","","","","","","","","","","","","","","","","","","","","","","","","","","","","","","","","","","","","","","","","","","","","","","","","","","","","","","","","","","","","","","","","","","","","","","","","","","","","","","","","","","","","","","","","","","","","","","",10,1,"","","","","","","","","","","","","","","","","","","","","","","","","","","","","",""
"61328002","LE PIN-AU-HARAS -INRAE",48.735833,0.128167,176,2002070321,0.,1,"","","","","","","","","","","","","","","","","","","","","","","","","","","","","","","","","","",12.5,1,"","","","","","","","","","","","","","","","","","","","","","","","","","","","",79,1,"","","","","","","","","","","","","","","","","","","","","","","","","","","","","","","","","","","","","","","","","","","","","","","","","","","","","","","","","","","","","","","","","","","","","","","","","","","","","","","","","","","","","","","","","","","","","","","","","","",0,1,"","","","","","","","","","","","","","","","","","","","","","","","","","","","","",""
"61328002","LE PIN-AU-HARAS -INRAE",48.735833,0.128167,176,2002070322,0.,1,"","","","","","","","","","","","","","","","","","","","","","","","","","","","","","","","","","",12.6,1,"","","","","","","","","","","","","","","","","","","","","","","","","","","","",82,1,"","","","","","","","","","","","","","","","","","","","","","","","","","","","","","","","","","","","","","","","","","","","","","","","","","","","","","","","","","","","","","","","","","","","","","","","","","","","","","","","","","","","","","","","","","","","","","","","","","",0,1,"","","","","","","","","","","","","","","","","","","","","","","","","","","","","",""
"61328002","LE PIN-AU-HARAS -INRAE",48.735833,0.128167,176,2002070323,0.,1,"","","","","","","","","","","","","","","","","","","","","","","","","","","","","","","","","","",12.6,1,"","","","","","","","","","","","","","","","","","","","","","","","","","","","",85,1,"","","","","","","","","","","","","","","","","","","","","","","","","","","","","","","","","","","","","","","","","","","","","","","","","","","","","","","","","","","","","","","","","","","","","","","","","","","","","","","","","","","","","","","","","","","","","","","","","","",0,1,"","","","","","","","","","","","","","","","","","","","","","","","","","","","","",""
"61328002","LE PIN-AU-HARAS -INRAE",48.735833,0.128167,176,2002070400,0.,1,"","","","","","","","","","","","","","","","","","","","","","","","","","","","","","","","","","",12.6,1,"","","","","","","","","","","","","","","","","","","","","","","","","","","","",89,1,"","","","","","","","","","","","","","","","","","","","","","","","","","","","","","","","","","","","","","","","","","","","","","","","","","","","","","","","","","","","","","","","","","","","","","","","","","","","","","","","","","","","","","","","","","","","","","","","","","",0,1,"","","","","","","","","","","","","","","","","","","","","","","","","","","","","",""
"61328002","LE PIN-AU-HARAS -INRAE",48.735833,0.128167,176,2002070401,0.,1,"","","","","","","","","","","","","","","","","","","","","","","","","","","","","","","","","","",12.4,1,"","","","","","","","","","","","","","","","","","","","","","","","","","","","",91,1,"","","","","","","","","","","","","","","","","","","","","","","","","","","","","","","","","","","","","","","","","","","","","","","","","","","","","","","","","","","","","","","","","","","","","","","","","","","","","","","","","","","","","","","","","","","","","","","","","","",0,1,"","","","","","","","","","","","","","","","","","","","","","","","","","","","","",""
"61328002","LE PIN-AU-HARAS -INRAE",48.735833,0.128167,176,2002070402,0.,1,"","","","","","","","","","","","","","","","","","","","","","","","","","","","","","","","","","",12.6,1,"","","","","","","","","","","","","","","","","","","","","","","","","","","","",91,1,"","","","","","","","","","","","","","","","","","","","","","","","","","","","","","","","","","","","","","","","","","","","","","","","","","","","","","","","","","","","","","","","","","","","","","","","","","","","","","","","","","","","","","","","","","","","","","","","","","",0,1,"","","","","","","","","","","","","","","","","","","","","","","","","","","","","",""
"61328002","LE PIN-AU-HARAS -INRAE",48.735833,0.128167,176,2002070403,0.,1,"","","","","","","","","","","","","","","","","","","","","","","","","","","","","","","","","","",12.,1,"","","","","","","","","","","","","","","","","","","","","","","","","","","","",92,1,"","","","","","","","","","","","","","","","","","","","","","","","","","","","","","","","","","","","","","","","","","","","","","","","","","","","","","","","","","","","","","","","","","","","","","","","","","","","","","","","","","","","","","","","","","","","","","","","","","",0,1,"","","","","","","","","","","","","","","","","","","","","","","","","","","","","",""
"61328002","LE PIN-AU-HARAS -INRAE",48.735833,0.128167,176,2002070404,0.,1,"","","","","","","","","","","","","","","","","","","","","","","","","","","","","","","","","","",11.3,1,"","","","","","","","","","","","","","","","","","","","","","","","","","","","",93,1,"","","","","","","","","","","","","","","","","","","","","","","","","","","","","","","","","","","","","","","","","","","","","","","","","","","","","","","","","","","","","","","","","","","","","","","","","","","","","","","","","","","","","","","","","","","","","","","","","","",0,1,"","","","","","","","","","","","","","","","","","","","","","","","","","","","","",""
"61328002","LE PIN-AU-HARAS -INRAE",48.735833,0.128167,176,2002070405,0.,1,"","","","","","","","","","","","","","","","","","","","","","","","","","","","","","","","","","",12.,1,"","","","","","","","","","","","","","","","","","","","","","","","","","","","",96,1,"","","","","","","","","","","","","","","","","","","","","","","","","","","","","","","","","","","","","","","","","","","","","","","","","","","","","","","","","","","","","","","","","","","","","","","","","","","","","","","","","","","","","","","","","","","","","","","","","","",8,1,"","","","","","","","","","","","","","","","","","","","","","","","","","","","","",""
"61328002","LE PIN-AU-HARAS -INRAE",48.735833,0.128167,176,2002070406,0.,1,"","","","","","","","","","","","","","","","","","","","","","","","","","","","","","","","","","",14.4,1,"","","","","","","","","","","","","","","","","","","","","","","","","","","","",89,1,"","","","","","","","","","","","","","","","","","","","","","","","","","","","","","","","","","","","","","","","","","","","","","","","","","","","","","","","","","","","","","","","","","","","","","","","","","","","","","","","","","","","","","","","","","","","","","","","","","",44,1,"","","","","","","","","","","","","","","","","","","","","","","","","","","","","",""
"61328002","LE PIN-AU-HARAS -INRAE",48.735833,0.128167,176,2002070407,0.,1,"","","","","","","","","","","","","","","","","","","","","","","","","","","","","","","","","","",14.2,1,"","","","","","","","","","","","","","","","","","","","","","","","","","","","",84,1,"","","","","","","","","","","","","","","","","","","","","","","","","","","","","","","","","","","","","","","","","","","","","","","","","","","","","","","","","","","","","","","","","","","","","","","","","","","","","","","","","","","","","","","","","","","","","","","","","","",68,1,"","","","","","","","","","","","","","","","","","","","","","","","","","","","","",""
"61328002","LE PIN-AU-HARAS -INRAE",48.735833,0.128167,176,2002070408,0.,1,"","","","","","","","","","","","","","","","","","","","","","","","","","","","","","","","","","",15.9,1,"","","","","","","","","","","","","","","","","","","","","","","","","","","","",72,1,"","","","","","","","","","","","","","","","","","","","","","","","","","","","","","","","","","","","","","","","","","","","","","","","","","","","","","","","","","","","","","","","","","","","","","","","","","","","","","","","","","","","","","","","","","","","","","","","","","",114,1,"","","","","","","","","","","","","","","","","","","","","","","","","","","","","",""
"61328002","LE PIN-AU-HARAS -INRAE",48.735833,0.128167,176,2002070409,0.,1,"","","","","","","","","","","","","","","","","","","","","","","","","","","","","","","","","","",17.1,1,"","","","","","","","","","","","","","","","","","","","","","","","","","","","",66,1,"","","","","","","","","","","","","","","","","","","","","","","","","","","","","","","","","","","","","","","","","","","","","","","","","","","","","","","","","","","","","","","","","","","","","","","","","","","","","","","","","","","","","","","","","","","","","","","","","","",186,1,"","","","","","","","","","","","","","","","","","","","","","","","","","","","","",""
"61328002","LE PIN-AU-HARAS -INRAE",48.735833,0.128167,176,2002070410,0.,1,"","","","","","","","","","","","","","","","","","","","","","","","","","","","","","","","","","",19.6,1,"","","","","","","","","","","","","","","","","","","","","","","","","","","","",57,1,"","","","","","","","","","","","","","","","","","","","","","","","","","","","","","","","","","","","","","","","","","","","","","","","","","","","","","","","","","","","","","","","","","","","","","","","","","","","","","","","","","","","","","","","","","","","","","","","","","",228,1,"","","","","","","","","","","","","","","","","","","","","","","","","","","","","",""
"61328002","LE PIN-AU-HARAS -INRAE",48.735833,0.128167,176,2002070411,0.,1,"","","","","","","","","","","","","","","","","","","","","","","","","","","","","","","","","","",20.3,1,"","","","","","","","","","","","","","","","","","","","","","","","","","","","",64,1,"","","","","","","","","","","","","","","","","","","","","","","","","","","","","","","","","","","","","","","","","","","","","","","","","","","","","","","","","","","","","","","","","","","","","","","","","","","","","","","","","","","","","","","","","","","","","","","","","","",192,1,"","","","","","","","","","","","","","","","","","","","","","","","","","","","","",""
"61328002","LE PIN-AU-HARAS -INRAE",48.735833,0.128167,176,2002070412,0.,1,"","","","","","","","","","","","","","","","","","","","","","","","","","","","","","","","","","",18.5,1,"","","","","","","","","","","","","","","","","","","","","","","","","","","","",57,1,"","","","","","","","","","","","","","","","","","","","","","","","","","","","","","","","","","","","","","","","","","","","","","","","","","","","","","","","","","","","","","","","","","","","","","","","","","","","","","","","","","","","","","","","","","","","","","","","","","",150,1,"","","","","","","","","","","","","","","","","","","","","","","","","","","","","",""
"61328002","LE PIN-AU-HARAS -INRAE",48.735833,0.128167,176,2002070413,0.,1,"","","","","","","","","","","","","","","","","","","","","","","","","","","","","","","","","","",19.1,1,"","","","","","","","","","","","","","","","","","","","","","","","","","","","",55,1,"","","","","","","","","","","","","","","","","","","","","","","","","","","","","","","","","","","","","","","","","","","","","","","","","","","","","","","","","","","","","","","","","","","","","","","","","","","","","","","","","","","","","","","","","","","","","","","","","","",184,1,"","","","","","","","","","","","","","","","","","","","","","","","","","","","","",""
"61328002","LE PIN-AU-HARAS -INRAE",48.735833,0.128167,176,2002070414,0.,1,"","","","","","","","","","","","","","","","","","","","","","","","","","","","","","","","","","",20.4,1,"","","","","","","","","","","","","","","","","","","","","","","","","","","","",55,1,"","","","","","","","","","","","","","","","","","","","","","","","","","","","","","","","","","","","","","","","","","","","","","","","","","","","","","","","","","","","","","","","","","","","","","","","","","","","","","","","","","","","","","","","","","","","","","","","","","",178,1,"","","","","","","","","","","","","","","","","","","","","","","","","","","","","",""
"61328002","LE PIN-AU-HARAS -INRAE",48.735833,0.128167,176,2002070415,0.,1,"","","","","","","","","","","","","","","","","","","","","","","","","","","","","","","","","","",20.9,1,"","","","","","","","","","","","","","","","","","","","","","","","","","","","",53,1,"","","","","","","","","","","","","","","","","","","","","","","","","","","","","","","","","","","","","","","","","","","","","","","","","","","","","","","","","","","","","","","","","","","","","","","","","","","","","","","","","","","","","","","","","","","","","","","","","","",258,1,"","","","","","","","","","","","","","","","","","","","","","","","","","","","","",""
"61328002","LE PIN-AU-HARAS -INRAE",48.735833,0.128167,176,2002070416,0.,1,"","","","","","","","","","","","","","","","","","","","","","","","","","","","","","","","","","",20.2,1,"","","","","","","","","","","","","","","","","","","","","","","","","","","","",56,1,"","","","","","","","","","","","","","","","","","","","","","","","","","","","","","","","","","","","","","","","","","","","","","","","","","","","","","","","","","","","","","","","","","","","","","","","","","","","","","","","","","","","","","","","","","","","","","","","","","",186,1,"","","","","","","","","","","","","","","","","","","","","","","","","","","","","",""
"61328002","LE PIN-AU-HARAS -INRAE",48.735833,0.128167,176,2002070417,0.,1,"","","","","","","","","","","","","","","","","","","","","","","","","","","","","","","","","","",18.2,1,"","","","","","","","","","","","","","","","","","","","","","","","","","","","",59,1,"","","","","","","","","","","","","","","","","","","","","","","","","","","","","","","","","","","","","","","","","","","","","","","","","","","","","","","","","","","","","","","","","","","","","","","","","","","","","","","","","","","","","","","","","","","","","","","","","","",132,1,"","","","","","","","","","","","","","","","","","","","","","","","","","","","","",""
"61328002","LE PIN-AU-HARAS -INRAE",48.735833,0.128167,176,2002070418,0.,1,"","","","","","","","","","","","","","","","","","","","","","","","","","","","","","","","","","",18.5,1,"","","","","","","","","","","","","","","","","","","","","","","","","","","","",53,1,"","","","","","","","","","","","","","","","","","","","","","","","","","","","","","","","","","","","","","","","","","","","","","","","","","","","","","","","","","","","","","","","","","","","","","","","","","","","","","","","","","","","","","","","","","","","","","","","","","",126,1,"","","","","","","","","","","","","","","","","","","","","","","","","","","","","",""
"61328002","LE PIN-AU-HARAS -INRAE",48.735833,0.128167,176,2002070419,0.,1,"","","","","","","","","","","","","","","","","","","","","","","","","","","","","","","","","","",16.1,1,"","","","","","","","","","","","","","","","","","","","","","","","","","","","",56,1,"","","","","","","","","","","","","","","","","","","","","","","","","","","","","","","","","","","","","","","","","","","","","","","","","","","","","","","","","","","","","","","","","","","","","","","","","","","","","","","","","","","","","","","","","","","","","","","","","","",60,1,"","","","","","","","","","","","","","","","","","","","","","","","","","","","","",""
"61328002","LE PIN-AU-HARAS -INRAE",48.735833,0.128167,176,2002070420,0.,1,"","","","","","","","","","","","","","","","","","","","","","","","","","","","","","","","","","",12.3,1,"","","","","","","","","","","","","","","","","","","","","","","","","","","","",77,1,"","","","","","","","","","","","","","","","","","","","","","","","","","","","","","","","","","","","","","","","","","","","","","","","","","","","","","","","","","","","","","","","","","","","","","","","","","","","","","","","","","","","","","","","","","","","","","","","","","",8,1,"","","","","","","","","","","","","","","","","","","","","","","","","","","","","",""
"61328002","LE PIN-AU-HARAS -INRAE",48.735833,0.128167,176,2002070421,0.,1,"","","","","","","","","","","","","","","","","","","","","","","","","","","","","","","","","","",9.8,1,"","","","","","","","","","","","","","","","","","","","","","","","","","","","",91,1,"","","","","","","","","","","","","","","","","","","","","","","","","","","","","","","","","","","","","","","","","","","","","","","","","","","","","","","","","","","","","","","","","","","","","","","","","","","","","","","","","","","","","","","","","","","","","","","","","","",0,1,"","","","","","","","","","","","","","","","","","","","","","","","","","","","","",""
"61328002","LE PIN-AU-HARAS -INRAE",48.735833,0.128167,176,2002070422,0.,1,"","","","","","","","","","","","","","","","","","","","","","","","","","","","","","","","","","",11.2,1,"","","","","","","","","","","","","","","","","","","","","","","","","","","","",92,1,"","","","","","","","","","","","","","","","","","","","","","","","","","","","","","","","","","","","","","","","","","","","","","","","","","","","","","","","","","","","","","","","","","","","","","","","","","","","","","","","","","","","","","","","","","","","","","","","","","",0,1,"","","","","","","","","","","","","","","","","","","","","","","","","","","","","",""
"61328002","LE PIN-AU-HARAS -INRAE",48.735833,0.128167,176,2002070423,0.,1,"","","","","","","","","","","","","","","","","","","","","","","","","","","","","","","","","","",11.4,1,"","","","","","","","","","","","","","","","","","","","","","","","","","","","",88,1,"","","","","","","","","","","","","","","","","","","","","","","","","","","","","","","","","","","","","","","","","","","","","","","","","","","","","","","","","","","","","","","","","","","","","","","","","","","","","","","","","","","","","","","","","","","","","","","","","","",0,1,"","","","","","","","","","","","","","","","","","","","","","","","","","","","","",""
"61328002","LE PIN-AU-HARAS -INRAE",48.735833,0.128167,176,2002070500,0.,1,"","","","","","","","","","","","","","","","","","","","","","","","","","","","","","","","","","",11.9,1,"","","","","","","","","","","","","","","","","","","","","","","","","","","","",83,1,"","","","","","","","","","","","","","","","","","","","","","","","","","","","","","","","","","","","","","","","","","","","","","","","","","","","","","","","","","","","","","","","","","","","","","","","","","","","","","","","","","","","","","","","","","","","","","","","","","",0,1,"","","","","","","","","","","","","","","","","","","","","","","","","","","","","",""
"61328002","LE PIN-AU-HARAS -INRAE",48.735833,0.128167,176,2002070501,0.,1,"","","","","","","","","","","","","","","","","","","","","","","","","","","","","","","","","","",10.9,1,"","","","","","","","","","","","","","","","","","","","","","","","","","","","",87,1,"","","","","","","","","","","","","","","","","","","","","","","","","","","","","","","","","","","","","","","","","","","","","","","","","","","","","","","","","","","","","","","","","","","","","","","","","","","","","","","","","","","","","","","","","","","","","","","","","","",0,1,"","","","","","","","","","","","","","","","","","","","","","","","","","","","","",""
"61328002","LE PIN-AU-HARAS -INRAE",48.735833,0.128167,176,2002070502,0.,1,"","","","","","","","","","","","","","","","","","","","","","","","","","","","","","","","","","",10.4,1,"","","","","","","","","","","","","","","","","","","","","","","","","","","","",91,1,"","","","","","","","","","","","","","","","","","","","","","","","","","","","","","","","","","","","","","","","","","","","","","","","","","","","","","","","","","","","","","","","","","","","","","","","","","","","","","","","","","","","","","","","","","","","","","","","","","",0,1,"","","","","","","","","","","","","","","","","","","","","","","","","","","","","",""
"61328002","LE PIN-AU-HARAS -INRAE",48.735833,0.128167,176,2002070503,0.,1,"","","","","","","","","","","","","","","","","","","","","","","","","","","","","","","","","","",10.4,1,"","","","","","","","","","","","","","","","","","","","","","","","","","","","",91,1,"","","","","","","","","","","","","","","","","","","","","","","","","","","","","","","","","","","","","","","","","","","","","","","","","","","","","","","","","","","","","","","","","","","","","","","","","","","","","","","","","","","","","","","","","","","","","","","","","","",0,1,"","","","","","","","","","","","","","","","","","","","","","","","","","","","","",""
"61328002","LE PIN-AU-HARAS -INRAE",48.735833,0.128167,176,2002070504,0.,1,"","","","","","","","","","","","","","","","","","","","","","","","","","","","","","","","","","",9.5,1,"","","","","","","","","","","","","","","","","","","","","","","","","","","","",95,1,"","","","","","","","","","","","","","","","","","","","","","","","","","","","","","","","","","","","","","","","","","","","","","","","","","","","","","","","","","","","","","","","","","","","","","","","","","","","","","","","","","","","","","","","","","","","","","","","","","",0,1,"","","","","","","","","","","","","","","","","","","","","","","","","","","","","",""
"61328002","LE PIN-AU-HARAS -INRAE",48.735833,0.128167,176,2002070505,0.,1,"","","","","","","","","","","","","","","","","","","","","","","","","","","","","","","","","","",10.2,1,"","","","","","","","","","","","","","","","","","","","","","","","","","","","",97,1,"","","","","","","","","","","","","","","","","","","","","","","","","","","","","","","","","","","","","","","","","","","","","","","","","","","","","","","","","","","","","","","","","","","","","","","","","","","","","","","","","","","","","","","","","","","","","","","","","","",2,1,"","","","","","","","","","","","","","","","","","","","","","","","","","","","","",""
"61328002","LE PIN-AU-HARAS -INRAE",48.735833,0.128167,176,2002070506,0.,1,"","","","","","","","","","","","","","","","","","","","","","","","","","","","","","","","","","",10.9,1,"","","","","","","","","","","","","","","","","","","","","","","","","","","","",97,1,"","","","","","","","","","","","","","","","","","","","","","","","","","","","","","","","","","","","","","","","","","","","","","","","","","","","","","","","","","","","","","","","","","","","","","","","","","","","","","","","","","","","","","","","","","","","","","","","","","",6,1,"","","","","","","","","","","","","","","","","","","","","","","","","","","","","",""
"61328002","LE PIN-AU-HARAS -INRAE",48.735833,0.128167,176,2002070507,0.5,1,"","","","","","","","","","","","","","","","","","","","","","","","","","","","","","","","","","",11.2,1,"","","","","","","","","","","","","","","","","","","","","","","","","","","","",98,1,"","","","","","","","","","","","","","","","","","","","","","","","","","","","","","","","","","","","","","","","","","","","","","","","","","","","","","","","","","","","","","","","","","","","","","","","","","","","","","","","","","","","","","","","","","","","","","","","","","",20,1,"","","","","","","","","","","","","","","","","","","","","","","","","","","","","",""
"61328002","LE PIN-AU-HARAS -INRAE",48.735833,0.128167,176,2002070508,2.,1,"","","","","","","","","","","","","","","","","","","","","","","","","","","","","","","","","","",11.7,1,"","","","","","","","","","","","","","","","","","","","","","","","","","","","",98,1,"","","","","","","","","","","","","","","","","","","","","","","","","","","","","","","","","","","","","","","","","","","","","","","","","","","","","","","","","","","","","","","","","","","","","","","","","","","","","","","","","","","","","","","","","","","","","","","","","","",24,1,"","","","","","","","","","","","","","","","","","","","","","","","","","","","","",""
"61328002","LE PIN-AU-HARAS -INRAE",48.735833,0.128167,176,2002070509,0.5,1,"","","","","","","","","","","","","","","","","","","","","","","","","","","","","","","","","","",12.5,1,"","","","","","","","","","","","","","","","","","","","","","","","","","","","",98,1,"","","","","","","","","","","","","","","","","","","","","","","","","","","","","","","","","","","","","","","","","","","","","","","","","","","","","","","","","","","","","","","","","","","","","","","","","","","","","","","","","","","","","","","","","","","","","","","","","","",34,1,"","","","","","","","","","","","","","","","","","","","","","","","","","","","","",""
"61328002","LE PIN-AU-HARAS -INRAE",48.735833,0.128167,176,2002070510,0.,1,"","","","","","","","","","","","","","","","","","","","","","","","","","","","","","","","","","",13.1,1,"","","","","","","","","","","","","","","","","","","","","","","","","","","","",96,1,"","","","","","","","","","","","","","","","","","","","","","","","","","","","","","","","","","","","","","","","","","","","","","","","","","","","","","","","","","","","","","","","","","","","","","","","","","","","","","","","","","","","","","","","","","","","","","","","","","",44,1,"","","","","","","","","","","","","","","","","","","","","","","","","","","","","",""
"61328002","LE PIN-AU-HARAS -INRAE",48.735833,0.128167,176,2002070511,0.5,1,"","","","","","","","","","","","","","","","","","","","","","","","","","","","","","","","","","",13.2,1,"","","","","","","","","","","","","","","","","","","","","","","","","","","","",97,1,"","","","","","","","","","","","","","","","","","","","","","","","","","","","","","","","","","","","","","","","","","","","","","","","","","","","","","","","","","","","","","","","","","","","","","","","","","","","","","","","","","","","","","","","","","","","","","","","","","",42,1,"","","","","","","","","","","","","","","","","","","","","","","","","","","","","",""
"61328002","LE PIN-AU-HARAS -INRAE",48.735833,0.128167,176,2002070512,0.,1,"","","","","","","","","","","","","","","","","","","","","","","","","","","","","","","","","","",13.4,1,"","","","","","","","","","","","","","","","","","","","","","","","","","","","",96,1,"","","","","","","","","","","","","","","","","","","","","","","","","","","","","","","","","","","","","","","","","","","","","","","","","","","","","","","","","","","","","","","","","","","","","","","","","","","","","","","","","","","","","","","","","","","","","","","","","","",44,1,"","","","","","","","","","","","","","","","","","","","","","","","","","","","","",""
"61328002","LE PIN-AU-HARAS -INRAE",48.735833,0.128167,176,2002070513,0.,1,"","","","","","","","","","","","","","","","","","","","","","","","","","","","","","","","","","",14.1,1,"","","","","","","","","","","","","","","","","","","","","","","","","","","","",96,1,"","","","","","","","","","","","","","","","","","","","","","","","","","","","","","","","","","","","","","","","","","","","","","","","","","","","","","","","","","","","","","","","","","","","","","","","","","","","","","","","","","","","","","","","","","","","","","","","","","",48,1,"","","","","","","","","","","","","","","","","","","","","","","","","","","","","",""
"61328002","LE PIN-AU-HARAS -INRAE",48.735833,0.128167,176,2002070514,1.,1,"","","","","","","","","","","","","","","","","","","","","","","","","","","","","","","","","","",13.9,1,"","","","","","","","","","","","","","","","","","","","","","","","","","","","",96,1,"","","","","","","","","","","","","","","","","","","","","","","","","","","","","","","","","","","","","","","","","","","","","","","","","","","","","","","","","","","","","","","","","","","","","","","","","","","","","","","","","","","","","","","","","","","","","","","","","","",52,1,"","","","","","","","","","","","","","","","","","","","","","","","","","","","","",""
"61328002","LE PIN-AU-HARAS -INRAE",48.735833,0.128167,176,2002070515,1.,1,"","","","","","","","","","","","","","","","","","","","","","","","","","","","","","","","","","",14.5,1,"","","","","","","","","","","","","","","","","","","","","","","","","","","","",97,1,"","","","","","","","","","","","","","","","","","","","","","","","","","","","","","","","","","","","","","","","","","","","","","","","","","","","","","","","","","","","","","","","","","","","","","","","","","","","","","","","","","","","","","","","","","","","","","","","","","",52,1,"","","","","","","","","","","","","","","","","","","","","","","","","","","","","",""
"61328002","LE PIN-AU-HARAS -INRAE",48.735833,0.128167,176,2002070516,0.,1,"","","","","","","","","","","","","","","","","","","","","","","","","","","","","","","","","","",15.4,1,"","","","","","","","","","","","","","","","","","","","","","","","","","","","",96,1,"","","","","","","","","","","","","","","","","","","","","","","","","","","","","","","","","","","","","","","","","","","","","","","","","","","","","","","","","","","","","","","","","","","","","","","","","","","","","","","","","","","","","","","","","","","","","","","","","","",68,1,"","","","","","","","","","","","","","","","","","","","","","","","","","","","","",""
"61328002","LE PIN-AU-HARAS -INRAE",48.735833,0.128167,176,2002070517,0.,1,"","","","","","","","","","","","","","","","","","","","","","","","","","","","","","","","","","",15.6,1,"","","","","","","","","","","","","","","","","","","","","","","","","","","","",93,1,"","","","","","","","","","","","","","","","","","","","","","","","","","","","","","","","","","","","","","","","","","","","","","","","","","","","","","","","","","","","","","","","","","","","","","","","","","","","","","","","","","","","","","","","","","","","","","","","","","",70,1,"","","","","","","","","","","","","","","","","","","","","","","","","","","","","",""
"61328002","LE PIN-AU-HARAS -INRAE",48.735833,0.128167,176,2002070518,0.,1,"","","","","","","","","","","","","","","","","","","","","","","","","","","","","","","","","","",15.6,1,"","","","","","","","","","","","","","","","","","","","","","","","","","","","",93,1,"","","","","","","","","","","","","","","","","","","","","","","","","","","","","","","","","","","","","","","","","","","","","","","","","","","","","","","","","","","","","","","","","","","","","","","","","","","","","","","","","","","","","","","","","","","","","","","","","","",54,1,"","","","","","","","","","","","","","","","","","","","","","","","","","","","","",""
"61328002","LE PIN-AU-HARAS -INRAE",48.735833,0.128167,176,2002070519,2.,1,"","","","","","","","","","","","","","","","","","","","","","","","","","","","","","","","","","",15.,1,"","","","","","","","","","","","","","","","","","","","","","","","","","","","",97,1,"","","","","","","","","","","","","","","","","","","","","","","","","","","","","","","","","","","","","","","","","","","","","","","","","","","","","","","","","","","","","","","","","","","","","","","","","","","","","","","","","","","","","","","","","","","","","","","","","","",6,1,"","","","","","","","","","","","","","","","","","","","","","","","","","","","","",""
"61328002","LE PIN-AU-HARAS -INRAE",48.735833,0.128167,176,2002070520,0.5,1,"","","","","","","","","","","","","","","","","","","","","","","","","","","","","","","","","","",14.7,1,"","","","","","","","","","","","","","","","","","","","","","","","","","","","",99,1,"","","","","","","","","","","","","","","","","","","","","","","","","","","","","","","","","","","","","","","","","","","","","","","","","","","","","","","","","","","","","","","","","","","","","","","","","","","","","","","","","","","","","","","","","","","","","","","","","","",4,1,"","","","","","","","","","","","","","","","","","","","","","","","","","","","","",""
"61328002","LE PIN-AU-HARAS -INRAE",48.735833,0.128167,176,2002070521,0.,1,"","","","","","","","","","","","","","","","","","","","","","","","","","","","","","","","","","",14.6,1,"","","","","","","","","","","","","","","","","","","","","","","","","","","","",100,1,"","","","","","","","","","","","","","","","","","","","","","","","","","","","","","","","","","","","","","","","","","","","","","","","","","","","","","","","","","","","","","","","","","","","","","","","","","","","","","","","","","","","","","","","","","","","","","","","","","",0,1,"","","","","","","","","","","","","","","","","","","","","","","","","","","","","",""
"61328002","LE PIN-AU-HARAS -INRAE",48.735833,0.128167,176,2002070522,0.,1,"","","","","","","","","","","","","","","","","","","","","","","","","","","","","","","","","","",12.9,1,"","","","","","","","","","","","","","","","","","","","","","","","","","","","",100,1,"","","","","","","","","","","","","","","","","","","","","","","","","","","","","","","","","","","","","","","","","","","","","","","","","","","","","","","","","","","","","","","","","","","","","","","","","","","","","","","","","","","","","","","","","","","","","","","","","","",0,1,"","","","","","","","","","","","","","","","","","","","","","","","","","","","","",""
"61328002","LE PIN-AU-HARAS -INRAE",48.735833,0.128167,176,2002070523,0.5,1,"","","","","","","","","","","","","","","","","","","","","","","","","","","","","","","","","","",11.4,1,"","","","","","","","","","","","","","","","","","","","","","","","","","","","",100,1,"","","","","","","","","","","","","","","","","","","","","","","","","","","","","","","","","","","","","","","","","","","","","","","","","","","","","","","","","","","","","","","","","","","","","","","","","","","","","","","","","","","","","","","","","","","","","","","","","","",0,1,"","","","","","","","","","","","","","","","","","","","","","","","","","","","","",""
"61328002","LE PIN-AU-HARAS -INRAE",48.735833,0.128167,176,2002070600,0.,1,"","","","","","","","","","","","","","","","","","","","","","","","","","","","","","","","","","",13.8,1,"","","","","","","","","","","","","","","","","","","","","","","","","","","","",100,1,"","","","","","","","","","","","","","","","","","","","","","","","","","","","","","","","","","","","","","","","","","","","","","","","","","","","","","","","","","","","","","","","","","","","","","","","","","","","","","","","","","","","","","","","","","","","","","","","","","",0,1,"","","","","","","","","","","","","","","","","","","","","","","","","","","","","",""
"61328002","LE PIN-AU-HARAS -INRAE",48.735833,0.128167,176,2002070601,0.,1,"","","","","","","","","","","","","","","","","","","","","","","","","","","","","","","","","","",13.6,1,"","","","","","","","","","","","","","","","","","","","","","","","","","","","",100,1,"","","","","","","","","","","","","","","","","","","","","","","","","","","","","","","","","","","","","","","","","","","","","","","","","","","","","","","","","","","","","","","","","","","","","","","","","","","","","","","","","","","","","","","","","","","","","","","","","","",0,1,"","","","","","","","","","","","","","","","","","","","","","","","","","","","","",""
"61328002","LE PIN-AU-HARAS -INRAE",48.735833,0.128167,176,2002070602,0.,1,"","","","","","","","","","","","","","","","","","","","","","","","","","","","","","","","","","",13.2,1,"","","","","","","","","","","","","","","","","","","","","","","","","","","","",100,1,"","","","","","","","","","","","","","","","","","","","","","","","","","","","","","","","","","","","","","","","","","","","","","","","","","","","","","","","","","","","","","","","","","","","","","","","","","","","","","","","","","","","","","","","","","","","","","","","","","",0,1,"","","","","","","","","","","","","","","","","","","","","","","","","","","","","",""
"61328002","LE PIN-AU-HARAS -INRAE",48.735833,0.128167,176,2002070603,0.,1,"","","","","","","","","","","","","","","","","","","","","","","","","","","","","","","","","","",13.,1,"","","","","","","","","","","","","","","","","","","","","","","","","","","","",100,1,"","","","","","","","","","","","","","","","","","","","","","","","","","","","","","","","","","","","","","","","","","","","","","","","","","","","","","","","","","","","","","","","","","","","","","","","","","","","","","","","","","","","","","","","","","","","","","","","","","",0,1,"","","","","","","","","","","","","","","","","","","","","","","","","","","","","",""
"61328002","LE PIN-AU-HARAS -INRAE",48.735833,0.128167,176,2002070604,0.,1,"","","","","","","","","","","","","","","","","","","","","","","","","","","","","","","","","","",12.5,1,"","","","","","","","","","","","","","","","","","","","","","","","","","","","",100,1,"","","","","","","","","","","","","","","","","","","","","","","","","","","","","","","","","","","","","","","","","","","","","","","","","","","","","","","","","","","","","","","","","","","","","","","","","","","","","","","","","","","","","","","","","","","","","","","","","","",0,1,"","","","","","","","","","","","","","","","","","","","","","","","","","","","","",""
"61328002","LE PIN-AU-HARAS -INRAE",48.735833,0.128167,176,2002070605,0.,1,"","","","","","","","","","","","","","","","","","","","","","","","","","","","","","","","","","",12.9,1,"","","","","","","","","","","","","","","","","","","","","","","","","","","","",100,1,"","","","","","","","","","","","","","","","","","","","","","","","","","","","","","","","","","","","","","","","","","","","","","","","","","","","","","","","","","","","","","","","","","","","","","","","","","","","","","","","","","","","","","","","","","","","","","","","","","",2,1,"","","","","","","","","","","","","","","","","","","","","","","","","","","","","",""
"61328002","LE PIN-AU-HARAS -INRAE",48.735833,0.128167,176,2002070606,0.,1,"","","","","","","","","","","","","","","","","","","","","","","","","","","","","","","","","","",13.4,1,"","","","","","","","","","","","","","","","","","","","","","","","","","","","",100,1,"","","","","","","","","","","","","","","","","","","","","","","","","","","","","","","","","","","","","","","","","","","","","","","","","","","","","","","","","","","","","","","","","","","","","","","","","","","","","","","","","","","","","","","","","","","","","","","","","","",10,1,"","","","","","","","","","","","","","","","","","","","","","","","","","","","","",""
"61328002","LE PIN-AU-HARAS -INRAE",48.735833,0.128167,176,2002070607,0.,1,"","","","","","","","","","","","","","","","","","","","","","","","","","","","","","","","","","",14.5,1,"","","","","","","","","","","","","","","","","","","","","","","","","","","","",100,1,"","","","","","","","","","","","","","","","","","","","","","","","","","","","","","","","","","","","","","","","","","","","","","","","","","","","","","","","","","","","","","","","","","","","","","","","","","","","","","","","","","","","","","","","","","","","","","","","","","",34,1,"","","","","","","","","","","","","","","","","","","","","","","","","","","","","",""
"61328002","LE PIN-AU-HARAS -INRAE",48.735833,0.128167,176,2002070608,0.,1,"","","","","","","","","","","","","","","","","","","","","","","","","","","","","","","","","","",15.,1,"","","","","","","","","","","","","","","","","","","","","","","","","","","","",100,1,"","","","","","","","","","","","","","","","","","","","","","","","","","","","","","","","","","","","","","","","","","","","","","","","","","","","","","","","","","","","","","","","","","","","","","","","","","","","","","","","","","","","","","","","","","","","","","","","","","",44,1,"","","","","","","","","","","","","","","","","","","","","","","","","","","","","",""
"61328002","LE PIN-AU-HARAS -INRAE",48.735833,0.128167,176,2002070609,0.,1,"","","","","","","","","","","","","","","","","","","","","","","","","","","","","","","","","","",15.8,1,"","","","","","","","","","","","","","","","","","","","","","","","","","","","",97,1,"","","","","","","","","","","","","","","","","","","","","","","","","","","","","","","","","","","","","","","","","","","","","","","","","","","","","","","","","","","","","","","","","","","","","","","","","","","","","","","","","","","","","","","","","","","","","","","","","","",46,1,"","","","","","","","","","","","","","","","","","","","","","","","","","","","","",""
"61328002","LE PIN-AU-HARAS -INRAE",48.735833,0.128167,176,2002070610,0.5,1,"","","","","","","","","","","","","","","","","","","","","","","","","","","","","","","","","","",17.2,1,"","","","","","","","","","","","","","","","","","","","","","","","","","","","",89,1,"","","","","","","","","","","","","","","","","","","","","","","","","","","","","","","","","","","","","","","","","","","","","","","","","","","","","","","","","","","","","","","","","","","","","","","","","","","","","","","","","","","","","","","","","","","","","","","","","","",80,1,"","","","","","","","","","","","","","","","","","","","","","","","","","","","","",""
"61328002","LE PIN-AU-HARAS -INRAE",48.735833,0.128167,176,2002070611,0.,1,"","","","","","","","","","","","","","","","","","","","","","","","","","","","","","","","","","",18.3,1,"","","","","","","","","","","","","","","","","","","","","","","","","","","","",74,1,"","","","","","","","","","","","","","","","","","","","","","","","","","","","","","","","","","","","","","","","","","","","","","","","","","","","","","","","","","","","","","","","","","","","","","","","","","","","","","","","","","","","","","","","","","","","","","","","","","",136,1,"","","","","","","","","","","","","","","","","","","","","","","","","","","","","",""
"61328002","LE PIN-AU-HARAS -INRAE",48.735833,0.128167,176,2002070612,0.,1,"","","","","","","","","","","","","","","","","","","","","","","","","","","","","","","","","","",18.6,1,"","","","","","","","","","","","","","","","","","","","","","","","","","","","",69,1,"","","","","","","","","","","","","","","","","","","","","","","","","","","","","","","","","","","","","","","","","","","","","","","","","","","","","","","","","","","","","","","","","","","","","","","","","","","","","","","","","","","","","","","","","","","","","","","","","","",196,1,"","","","","","","","","","","","","","","","","","","","","","","","","","","","","",""
"61328002","LE PIN-AU-HARAS -INRAE",48.735833,0.128167,176,2002070613,0.,1,"","","","","","","","","","","","","","","","","","","","","","","","","","","","","","","","","","",18.3,1,"","","","","","","","","","","","","","","","","","","","","","","","","","","","",73,1,"","","","","","","","","","","","","","","","","","","","","","","","","","","","","","","","","","","","","","","","","","","","","","","","","","","","","","","","","","","","","","","","","","","","","","","","","","","","","","","","","","","","","","","","","","","","","","","","","","",88,1,"","","","","","","","","","","","","","","","","","","","","","","","","","","","","",""
"61328002","LE PIN-AU-HARAS -INRAE",48.735833,0.128167,176,2002070614,0.,1,"","","","","","","","","","","","","","","","","","","","","","","","","","","","","","","","","","",18.1,1,"","","","","","","","","","","","","","","","","","","","","","","","","","","","",72,1,"","","","","","","","","","","","","","","","","","","","","","","","","","","","","","","","","","","","","","","","","","","","","","","","","","","","","","","","","","","","","","","","","","","","","","","","","","","","","","","","","","","","","","","","","","","","","","","","","","",202,1,"","","","","","","","","","","","","","","","","","","","","","","","","","","","","",""
"61328002","LE PIN-AU-HARAS -INRAE",48.735833,0.128167,176,2002070615,0.,1,"","","","","","","","","","","","","","","","","","","","","","","","","","","","","","","","","","",18.1,1,"","","","","","","","","","","","","","","","","","","","","","","","","","","","",68,1,"","","","","","","","","","","","","","","","","","","","","","","","","","","","","","","","","","","","","","","","","","","","","","","","","","","","","","","","","","","","","","","","","","","","","","","","","","","","","","","","","","","","","","","","","","","","","","","","","","",164,1,"","","","","","","","","","","","","","","","","","","","","","","","","","","","","",""
"61328002","LE PIN-AU-HARAS -INRAE",48.735833,0.128167,176,2002070616,0.,1,"","","","","","","","","","","","","","","","","","","","","","","","","","","","","","","","","","",19.5,1,"","","","","","","","","","","","","","","","","","","","","","","","","","","","",69,1,"","","","","","","","","","","","","","","","","","","","","","","","","","","","","","","","","","","","","","","","","","","","","","","","","","","","","","","","","","","","","","","","","","","","","","","","","","","","","","","","","","","","","","","","","","","","","","","","","","",114,1,"","","","","","","","","","","","","","","","","","","","","","","","","","","","","",""
"61328002","LE PIN-AU-HARAS -INRAE",48.735833,0.128167,176,2002070617,0.,1,"","","","","","","","","","","","","","","","","","","","","","","","","","","","","","","","","","",18.2,1,"","","","","","","","","","","","","","","","","","","","","","","","","","","","",70,1,"","","","","","","","","","","","","","","","","","","","","","","","","","","","","","","","","","","","","","","","","","","","","","","","","","","","","","","","","","","","","","","","","","","","","","","","","","","","","","","","","","","","","","","","","","","","","","","","","","",156,1,"","","","","","","","","","","","","","","","","","","","","","","","","","","","","",""
"61328002","LE PIN-AU-HARAS -INRAE",48.735833,0.128167,176,2002070618,0.,1,"","","","","","","","","","","","","","","","","","","","","","","","","","","","","","","","","","",17.6,1,"","","","","","","","","","","","","","","","","","","","","","","","","","","","",75,1,"","","","","","","","","","","","","","","","","","","","","","","","","","","","","","","","","","","","","","","","","","","","","","","","","","","","","","","","","","","","","","","","","","","","","","","","","","","","","","","","","","","","","","","","","","","","","","","","","","",102,1,"","","","","","","","","","","","","","","","","","","","","","","","","","","","","",""
"61328002","LE PIN-AU-HARAS -INRAE",48.735833,0.128167,176,2002070619,0.,1,"","","","","","","","","","","","","","","","","","","","","","","","","","","","","","","","","","",16.5,1,"","","","","","","","","","","","","","","","","","","","","","","","","","","","",81,1,"","","","","","","","","","","","","","","","","","","","","","","","","","","","","","","","","","","","","","","","","","","","","","","","","","","","","","","","","","","","","","","","","","","","","","","","","","","","","","","","","","","","","","","","","","","","","","","","","","",26,1,"","","","","","","","","","","","","","","","","","","","","","","","","","","","","",""
"61328002","LE PIN-AU-HARAS -INRAE",48.735833,0.128167,176,2002070620,0.,1,"","","","","","","","","","","","","","","","","","","","","","","","","","","","","","","","","","",15.7,1,"","","","","","","","","","","","","","","","","","","","","","","","","","","","",84,1,"","","","","","","","","","","","","","","","","","","","","","","","","","","","","","","","","","","","","","","","","","","","","","","","","","","","","","","","","","","","","","","","","","","","","","","","","","","","","","","","","","","","","","","","","","","","","","","","","","",2,1,"","","","","","","","","","","","","","","","","","","","","","","","","","","","","",""
"61328002","LE PIN-AU-HARAS -INRAE",48.735833,0.128167,176,2002070621,0.,1,"","","","","","","","","","","","","","","","","","","","","","","","","","","","","","","","","","",12.8,1,"","","","","","","","","","","","","","","","","","","","","","","","","","","","",93,1,"","","","","","","","","","","","","","","","","","","","","","","","","","","","","","","","","","","","","","","","","","","","","","","","","","","","","","","","","","","","","","","","","","","","","","","","","","","","","","","","","","","","","","","","","","","","","","","","","","",0,1,"","","","","","","","","","","","","","","","","","","","","","","","","","","","","",""
"61328002","LE PIN-AU-HARAS -INRAE",48.735833,0.128167,176,2002070622,0.,1,"","","","","","","","","","","","","","","","","","","","","","","","","","","","","","","","","","",10.4,1,"","","","","","","","","","","","","","","","","","","","","","","","","","","","",97,1,"","","","","","","","","","","","","","","","","","","","","","","","","","","","","","","","","","","","","","","","","","","","","","","","","","","","","","","","","","","","","","","","","","","","","","","","","","","","","","","","","","","","","","","","","","","","","","","","","","",0,1,"","","","","","","","","","","","","","","","","","","","","","","","","","","","","",""
"61328002","LE PIN-AU-HARAS -INRAE",48.735833,0.128167,176,2002070623,0.,1,"","","","","","","","","","","","","","","","","","","","","","","","","","","","","","","","","","",9.6,1,"","","","","","","","","","","","","","","","","","","","","","","","","","","","",99,1,"","","","","","","","","","","","","","","","","","","","","","","","","","","","","","","","","","","","","","","","","","","","","","","","","","","","","","","","","","","","","","","","","","","","","","","","","","","","","","","","","","","","","","","","","","","","","","","","","","",0,1,"","","","","","","","","","","","","","","","","","","","","","","","","","","","","",""
"61328002","LE PIN-AU-HARAS -INRAE",48.735833,0.128167,176,2002070700,0.,1,"","","","","","","","","","","","","","","","","","","","","","","","","","","","","","","","","","",8.9,1,"","","","","","","","","","","","","","","","","","","","","","","","","","","","",100,1,"","","","","","","","","","","","","","","","","","","","","","","","","","","","","","","","","","","","","","","","","","","","","","","","","","","","","","","","","","","","","","","","","","","","","","","","","","","","","","","","","","","","","","","","","","","","","","","","","","",0,1,"","","","","","","","","","","","","","","","","","","","","","","","","","","","","",""
"61328002","LE PIN-AU-HARAS -INRAE",48.735833,0.128167,176,2002070701,0.,1,"","","","","","","","","","","","","","","","","","","","","","","","","","","","","","","","","","",8.9,1,"","","","","","","","","","","","","","","","","","","","","","","","","","","","",100,1,"","","","","","","","","","","","","","","","","","","","","","","","","","","","","","","","","","","","","","","","","","","","","","","","","","","","","","","","","","","","","","","","","","","","","","","","","","","","","","","","","","","","","","","","","","","","","","","","","","",0,1,"","","","","","","","","","","","","","","","","","","","","","","","","","","","","",""
"61328002","LE PIN-AU-HARAS -INRAE",48.735833,0.128167,176,2002070702,0.,1,"","","","","","","","","","","","","","","","","","","","","","","","","","","","","","","","","","",8.6,1,"","","","","","","","","","","","","","","","","","","","","","","","","","","","",100,1,"","","","","","","","","","","","","","","","","","","","","","","","","","","","","","","","","","","","","","","","","","","","","","","","","","","","","","","","","","","","","","","","","","","","","","","","","","","","","","","","","","","","","","","","","","","","","","","","","","",0,1,"","","","","","","","","","","","","","","","","","","","","","","","","","","","","",""
"61328002","LE PIN-AU-HARAS -INRAE",48.735833,0.128167,176,2002070703,0.,1,"","","","","","","","","","","","","","","","","","","","","","","","","","","","","","","","","","",8.9,1,"","","","","","","","","","","","","","","","","","","","","","","","","","","","",100,1,"","","","","","","","","","","","","","","","","","","","","","","","","","","","","","","","","","","","","","","","","","","","","","","","","","","","","","","","","","","","","","","","","","","","","","","","","","","","","","","","","","","","","","","","","","","","","","","","","","",0,1,"","","","","","","","","","","","","","","","","","","","","","","","","","","","","",""
"61328002","LE PIN-AU-HARAS -INRAE",48.735833,0.128167,176,2002070704,0.,1,"","","","","","","","","","","","","","","","","","","","","","","","","","","","","","","","","","",8.3,1,"","","","","","","","","","","","","","","","","","","","","","","","","","","","",100,1,"","","","","","","","","","","","","","","","","","","","","","","","","","","","","","","","","","","","","","","","","","","","","","","","","","","","","","","","","","","","","","","","","","","","","","","","","","","","","","","","","","","","","","","","","","","","","","","","","","",0,1,"","","","","","","","","","","","","","","","","","","","","","","","","","","","","",""
"61328002","LE PIN-AU-HARAS -INRAE",48.735833,0.128167,176,2002070705,0.,1,"","","","","","","","","","","","","","","","","","","","","","","","","","","","","","","","","","",9.1,1,"","","","","","","","","","","","","","","","","","","","","","","","","","","","",100,1,"","","","","","","","","","","","","","","","","","","","","","","","","","","","","","","","","","","","","","","","","","","","","","","","","","","","","","","","","","","","","","","","","","","","","","","","","","","","","","","","","","","","","","","","","","","","","","","","","","",6,1,"","","","","","","","","","","","","","","","","","","","","","","","","","","","","",""
"61328002","LE PIN-AU-HARAS -INRAE",48.735833,0.128167,176,2002070706,0.,1,"","","","","","","","","","","","","","","","","","","","","","","","","","","","","","","","","","",10.5,1,"","","","","","","","","","","","","","","","","","","","","","","","","","","","",100,1,"","","","","","","","","","","","","","","","","","","","","","","","","","","","","","","","","","","","","","","","","","","","","","","","","","","","","","","","","","","","","","","","","","","","","","","","","","","","","","","","","","","","","","","","","","","","","","","","","","",26,1,"","","","","","","","","","","","","","","","","","","","","","","","","","","","","",""
"61328002","LE PIN-AU-HARAS -INRAE",48.735833,0.128167,176,2002070707,0.,1,"","","","","","","","","","","","","","","","","","","","","","","","","","","","","","","","","","",13.3,1,"","","","","","","","","","","","","","","","","","","","","","","","","","","","",100,1,"","","","","","","","","","","","","","","","","","","","","","","","","","","","","","","","","","","","","","","","","","","","","","","","","","","","","","","","","","","","","","","","","","","","","","","","","","","","","","","","","","","","","","","","","","","","","","","","","","",94,1,"","","","","","","","","","","","","","","","","","","","","","","","","","","","","",""
"61328002","LE PIN-AU-HARAS -INRAE",48.735833,0.128167,176,2002070708,0.,1,"","","","","","","","","","","","","","","","","","","","","","","","","","","","","","","","","","",14.9,1,"","","","","","","","","","","","","","","","","","","","","","","","","","","","",100,1,"","","","","","","","","","","","","","","","","","","","","","","","","","","","","","","","","","","","","","","","","","","","","","","","","","","","","","","","","","","","","","","","","","","","","","","","","","","","","","","","","","","","","","","","","","","","","","","","","","",116,1,"","","","","","","","","","","","","","","","","","","","","","","","","","","","","",""
"61328002","LE PIN-AU-HARAS -INRAE",48.735833,0.128167,176,2002070709,0.,1,"","","","","","","","","","","","","","","","","","","","","","","","","","","","","","","","","","",14.5,1,"","","","","","","","","","","","","","","","","","","","","","","","","","","","",91,1,"","","","","","","","","","","","","","","","","","","","","","","","","","","","","","","","","","","","","","","","","","","","","","","","","","","","","","","","","","","","","","","","","","","","","","","","","","","","","","","","","","","","","","","","","","","","","","","","","","",110,1,"","","","","","","","","","","","","","","","","","","","","","","","","","","","","",""
"61328002","LE PIN-AU-HARAS -INRAE",48.735833,0.128167,176,2002070710,0.,1,"","","","","","","","","","","","","","","","","","","","","","","","","","","","","","","","","","",16.8,1,"","","","","","","","","","","","","","","","","","","","","","","","","","","","",76,1,"","","","","","","","","","","","","","","","","","","","","","","","","","","","","","","","","","","","","","","","","","","","","","","","","","","","","","","","","","","","","","","","","","","","","","","","","","","","","","","","","","","","","","","","","","","","","","","","","","",124,1,"","","","","","","","","","","","","","","","","","","","","","","","","","","","","",""
"61328002","LE PIN-AU-HARAS -INRAE",48.735833,0.128167,176,2002070711,0.,1,"","","","","","","","","","","","","","","","","","","","","","","","","","","","","","","","","","",17.5,1,"","","","","","","","","","","","","","","","","","","","","","","","","","","","",70,1,"","","","","","","","","","","","","","","","","","","","","","","","","","","","","","","","","","","","","","","","","","","","","","","","","","","","","","","","","","","","","","","","","","","","","","","","","","","","","","","","","","","","","","","","","","","","","","","","","","",162,1,"","","","","","","","","","","","","","","","","","","","","","","","","","","","","",""
"61328002","LE PIN-AU-HARAS -INRAE",48.735833,0.128167,176,2002070712,0.,1,"","","","","","","","","","","","","","","","","","","","","","","","","","","","","","","","","","",18.8,1,"","","","","","","","","","","","","","","","","","","","","","","","","","","","",63,1,"","","","","","","","","","","","","","","","","","","","","","","","","","","","","","","","","","","","","","","","","","","","","","","","","","","","","","","","","","","","","","","","","","","","","","","","","","","","","","","","","","","","","","","","","","","","","","","","","","",254,1,"","","","","","","","","","","","","","","","","","","","","","","","","","","","","",""
"61328002","LE PIN-AU-HARAS -INRAE",48.735833,0.128167,176,2002070713,0.,1,"","","","","","","","","","","","","","","","","","","","","","","","","","","","","","","","","","",19.,1,"","","","","","","","","","","","","","","","","","","","","","","","","","","","",57,1,"","","","","","","","","","","","","","","","","","","","","","","","","","","","","","","","","","","","","","","","","","","","","","","","","","","","","","","","","","","","","","","","","","","","","","","","","","","","","","","","","","","","","","","","","","","","","","","","","","",290,1,"","","","","","","","","","","","","","","","","","","","","","","","","","","","","",""
"61328002","LE PIN-AU-HARAS -INRAE",48.735833,0.128167,176,2002070714,0.,1,"","","","","","","","","","","","","","","","","","","","","","","","","","","","","","","","","","",19.3,1,"","","","","","","","","","","","","","","","","","","","","","","","","","","","",61,1,"","","","","","","","","","","","","","","","","","","","","","","","","","","","","","","","","","","","","","","","","","","","","","","","","","","","","","","","","","","","","","","","","","","","","","","","","","","","","","","","","","","","","","","","","","","","","","","","","","",182,1,"","","","","","","","","","","","","","","","","","","","","","","","","","","","","",""
"61328002","LE PIN-AU-HARAS -INRAE",48.735833,0.128167,176,2002070715,0.,1,"","","","","","","","","","","","","","","","","","","","","","","","","","","","","","","","","","",19.4,1,"","","","","","","","","","","","","","","","","","","","","","","","","","","","",62,1,"","","","","","","","","","","","","","","","","","","","","","","","","","","","","","","","","","","","","","","","","","","","","","","","","","","","","","","","","","","","","","","","","","","","","","","","","","","","","","","","","","","","","","","","","","","","","","","","","","",196,1,"","","","","","","","","","","","","","","","","","","","","","","","","","","","","",""
"61328002","LE PIN-AU-HARAS -INRAE",48.735833,0.128167,176,2002070716,0.,1,"","","","","","","","","","","","","","","","","","","","","","","","","","","","","","","","","","",19.1,1,"","","","","","","","","","","","","","","","","","","","","","","","","","","","",65,1,"","","","","","","","","","","","","","","","","","","","","","","","","","","","","","","","","","","","","","","","","","","","","","","","","","","","","","","","","","","","","","","","","","","","","","","","","","","","","","","","","","","","","","","","","","","","","","","","","","",180,1,"","","","","","","","","","","","","","","","","","","","","","","","","","","","","",""
"61328002","LE PIN-AU-HARAS -INRAE",48.735833,0.128167,176,2002070717,0.,1,"","","","","","","","","","","","","","","","","","","","","","","","","","","","","","","","","","",18.4,1,"","","","","","","","","","","","","","","","","","","","","","","","","","","","",68,1,"","","","","","","","","","","","","","","","","","","","","","","","","","","","","","","","","","","","","","","","","","","","","","","","","","","","","","","","","","","","","","","","","","","","","","","","","","","","","","","","","","","","","","","","","","","","","","","","","","",76,1,"","","","","","","","","","","","","","","","","","","","","","","","","","","","","",""
"61328002","LE PIN-AU-HARAS -INRAE",48.735833,0.128167,176,2002070718,0.,1,"","","","","","","","","","","","","","","","","","","","","","","","","","","","","","","","","","",18.1,1,"","","","","","","","","","","","","","","","","","","","","","","","","","","","",70,1,"","","","","","","","","","","","","","","","","","","","","","","","","","","","","","","","","","","","","","","","","","","","","","","","","","","","","","","","","","","","","","","","","","","","","","","","","","","","","","","","","","","","","","","","","","","","","","","","","","",66,1,"","","","","","","","","","","","","","","","","","","","","","","","","","","","","",""
"61328002","LE PIN-AU-HARAS -INRAE",48.735833,0.128167,176,2002070719,0.,1,"","","","","","","","","","","","","","","","","","","","","","","","","","","","","","","","","","",17.4,1,"","","","","","","","","","","","","","","","","","","","","","","","","","","","",75,1,"","","","","","","","","","","","","","","","","","","","","","","","","","","","","","","","","","","","","","","","","","","","","","","","","","","","","","","","","","","","","","","","","","","","","","","","","","","","","","","","","","","","","","","","","","","","","","","","","","",22,1,"","","","","","","","","","","","","","","","","","","","","","","","","","","","","",""
"61328002","LE PIN-AU-HARAS -INRAE",48.735833,0.128167,176,2002070720,0.,1,"","","","","","","","","","","","","","","","","","","","","","","","","","","","","","","","","","",16.6,1,"","","","","","","","","","","","","","","","","","","","","","","","","","","","",81,1,"","","","","","","","","","","","","","","","","","","","","","","","","","","","","","","","","","","","","","","","","","","","","","","","","","","","","","","","","","","","","","","","","","","","","","","","","","","","","","","","","","","","","","","","","","","","","","","","","","",2,1,"","","","","","","","","","","","","","","","","","","","","","","","","","","","","",""
"61328002","LE PIN-AU-HARAS -INRAE",48.735833,0.128167,176,2002070721,0.,1,"","","","","","","","","","","","","","","","","","","","","","","","","","","","","","","","","","",16.4,1,"","","","","","","","","","","","","","","","","","","","","","","","","","","","",82,1,"","","","","","","","","","","","","","","","","","","","","","","","","","","","","","","","","","","","","","","","","","","","","","","","","","","","","","","","","","","","","","","","","","","","","","","","","","","","","","","","","","","","","","","","","","","","","","","","","","",0,1,"","","","","","","","","","","","","","","","","","","","","","","","","","","","","",""
"61328002","LE PIN-AU-HARAS -INRAE",48.735833,0.128167,176,2002070722,0.,1,"","","","","","","","","","","","","","","","","","","","","","","","","","","","","","","","","","",16.,1,"","","","","","","","","","","","","","","","","","","","","","","","","","","","",82,1,"","","","","","","","","","","","","","","","","","","","","","","","","","","","","","","","","","","","","","","","","","","","","","","","","","","","","","","","","","","","","","","","","","","","","","","","","","","","","","","","","","","","","","","","","","","","","","","","","","",0,1,"","","","","","","","","","","","","","","","","","","","","","","","","","","","","",""
"61328002","LE PIN-AU-HARAS -INRAE",48.735833,0.128167,176,2002070723,0.,1,"","","","","","","","","","","","","","","","","","","","","","","","","","","","","","","","","","",14.5,1,"","","","","","","","","","","","","","","","","","","","","","","","","","","","",91,1,"","","","","","","","","","","","","","","","","","","","","","","","","","","","","","","","","","","","","","","","","","","","","","","","","","","","","","","","","","","","","","","","","","","","","","","","","","","","","","","","","","","","","","","","","","","","","","","","","","",0,1,"","","","","","","","","","","","","","","","","","","","","","","","","","","","","",""
"61328002","LE PIN-AU-HARAS -INRAE",48.735833,0.128167,176,2002070800,0.,1,"","","","","","","","","","","","","","","","","","","","","","","","","","","","","","","","","","",11.8,1,"","","","","","","","","","","","","","","","","","","","","","","","","","","","",95,1,"","","","","","","","","","","","","","","","","","","","","","","","","","","","","","","","","","","","","","","","","","","","","","","","","","","","","","","","","","","","","","","","","","","","","","","","","","","","","","","","","","","","","","","","","","","","","","","","","","",0,1,"","","","","","","","","","","","","","","","","","","","","","","","","","","","","",""
"61328002","LE PIN-AU-HARAS -INRAE",48.735833,0.128167,176,2002070801,0.,1,"","","","","","","","","","","","","","","","","","","","","","","","","","","","","","","","","","",10.6,1,"","","","","","","","","","","","","","","","","","","","","","","","","","","","",98,1,"","","","","","","","","","","","","","","","","","","","","","","","","","","","","","","","","","","","","","","","","","","","","","","","","","","","","","","","","","","","","","","","","","","","","","","","","","","","","","","","","","","","","","","","","","","","","","","","","","",0,1,"","","","","","","","","","","","","","","","","","","","","","","","","","","","","",""
"61328002","LE PIN-AU-HARAS -INRAE",48.735833,0.128167,176,2002070802,0.,1,"","","","","","","","","","","","","","","","","","","","","","","","","","","","","","","","","","",9.9,1,"","","","","","","","","","","","","","","","","","","","","","","","","","","","",99,1,"","","","","","","","","","","","","","","","","","","","","","","","","","","","","","","","","","","","","","","","","","","","","","","","","","","","","","","","","","","","","","","","","","","","","","","","","","","","","","","","","","","","","","","","","","","","","","","","","","",0,1,"","","","","","","","","","","","","","","","","","","","","","","","","","","","","",""
"61328002","LE PIN-AU-HARAS -INRAE",48.735833,0.128167,176,2002070803,0.,1,"","","","","","","","","","","","","","","","","","","","","","","","","","","","","","","","","","",9.4,1,"","","","","","","","","","","","","","","","","","","","","","","","","","","","",100,1,"","","","","","","","","","","","","","","","","","","","","","","","","","","","","","","","","","","","","","","","","","","","","","","","","","","","","","","","","","","","","","","","","","","","","","","","","","","","","","","","","","","","","","","","","","","","","","","","","","",0,1,"","","","","","","","","","","","","","","","","","","","","","","","","","","","","",""
"61328002","LE PIN-AU-HARAS -INRAE",48.735833,0.128167,176,2002070804,0.,1,"","","","","","","","","","","","","","","","","","","","","","","","","","","","","","","","","","",10.1,1,"","","","","","","","","","","","","","","","","","","","","","","","","","","","",100,1,"","","","","","","","","","","","","","","","","","","","","","","","","","","","","","","","","","","","","","","","","","","","","","","","","","","","","","","","","","","","","","","","","","","","","","","","","","","","","","","","","","","","","","","","","","","","","","","","","","",0,1,"","","","","","","","","","","","","","","","","","","","","","","","","","","","","",""
"61328002","LE PIN-AU-HARAS -INRAE",48.735833,0.128167,176,2002070805,0.,1,"","","","","","","","","","","","","","","","","","","","","","","","","","","","","","","","","","",11.4,1,"","","","","","","","","","","","","","","","","","","","","","","","","","","","",100,1,"","","","","","","","","","","","","","","","","","","","","","","","","","","","","","","","","","","","","","","","","","","","","","","","","","","","","","","","","","","","","","","","","","","","","","","","","","","","","","","","","","","","","","","","","","","","","","","","","","",10,1,"","","","","","","","","","","","","","","","","","","","","","","","","","","","","",""
"61328002","LE PIN-AU-HARAS -INRAE",48.735833,0.128167,176,2002070806,0.,1,"","","","","","","","","","","","","","","","","","","","","","","","","","","","","","","","","","",14.6,1,"","","","","","","","","","","","","","","","","","","","","","","","","","","","",100,1,"","","","","","","","","","","","","","","","","","","","","","","","","","","","","","","","","","","","","","","","","","","","","","","","","","","","","","","","","","","","","","","","","","","","","","","","","","","","","","","","","","","","","","","","","","","","","","","","","","",52,1,"","","","","","","","","","","","","","","","","","","","","","","","","","","","","",""
"61328002","LE PIN-AU-HARAS -INRAE",48.735833,0.128167,176,2002070807,0.,1,"","","","","","","","","","","","","","","","","","","","","","","","","","","","","","","","","","",17.2,1,"","","","","","","","","","","","","","","","","","","","","","","","","","","","",78,1,"","","","","","","","","","","","","","","","","","","","","","","","","","","","","","","","","","","","","","","","","","","","","","","","","","","","","","","","","","","","","","","","","","","","","","","","","","","","","","","","","","","","","","","","","","","","","","","","","","",110,1,"","","","","","","","","","","","","","","","","","","","","","","","","","","","","",""
"61328002","LE PIN-AU-HARAS -INRAE",48.735833,0.128167,176,2002070808,0.,1,"","","","","","","","","","","","","","","","","","","","","","","","","","","","","","","","","","",17.9,1,"","","","","","","","","","","","","","","","","","","","","","","","","","","","",72,1,"","","","","","","","","","","","","","","","","","","","","","","","","","","","","","","","","","","","","","","","","","","","","","","","","","","","","","","","","","","","","","","","","","","","","","","","","","","","","","","","","","","","","","","","","","","","","","","","","","",166,1,"","","","","","","","","","","","","","","","","","","","","","","","","","","","","",""
"61328002","LE PIN-AU-HARAS -INRAE",48.735833,0.128167,176,2002070809,0.,1,"","","","","","","","","","","","","","","","","","","","","","","","","","","","","","","","","","",18.7,1,"","","","","","","","","","","","","","","","","","","","","","","","","","","","",71,1,"","","","","","","","","","","","","","","","","","","","","","","","","","","","","","","","","","","","","","","","","","","","","","","","","","","","","","","","","","","","","","","","","","","","","","","","","","","","","","","","","","","","","","","","","","","","","","","","","","",218,1,"","","","","","","","","","","","","","","","","","","","","","","","","","","","","",""
"61328002","LE PIN-AU-HARAS -INRAE",48.735833,0.128167,176,2002070810,0.,1,"","","","","","","","","","","","","","","","","","","","","","","","","","","","","","","","","","",19.,1,"","","","","","","","","","","","","","","","","","","","","","","","","","","","",69,1,"","","","","","","","","","","","","","","","","","","","","","","","","","","","","","","","","","","","","","","","","","","","","","","","","","","","","","","","","","","","","","","","","","","","","","","","","","","","","","","","","","","","","","","","","","","","","","","","","","",274,1,"","","","","","","","","","","","","","","","","","","","","","","","","","","","","",""
"61328002","LE PIN-AU-HARAS -INRAE",48.735833,0.128167,176,2002070811,0.,1,"","","","","","","","","","","","","","","","","","","","","","","","","","","","","","","","","","",21.6,1,"","","","","","","","","","","","","","","","","","","","","","","","","","","","",68,1,"","","","","","","","","","","","","","","","","","","","","","","","","","","","","","","","","","","","","","","","","","","","","","","","","","","","","","","","","","","","","","","","","","","","","","","","","","","","","","","","","","","","","","","","","","","","","","","","","","",290,1,"","","","","","","","","","","","","","","","","","","","","","","","","","","","","",""
"61328002","LE PIN-AU-HARAS -INRAE",48.735833,0.128167,176,2002070812,0.,1,"","","","","","","","","","","","","","","","","","","","","","","","","","","","","","","","","","",21.9,1,"","","","","","","","","","","","","","","","","","","","","","","","","","","","",63,1,"","","","","","","","","","","","","","","","","","","","","","","","","","","","","","","","","","","","","","","","","","","","","","","","","","","","","","","","","","","","","","","","","","","","","","","","","","","","","","","","","","","","","","","","","","","","","","","","","","",274,1,"","","","","","","","","","","","","","","","","","","","","","","","","","","","","",""
"61328002","LE PIN-AU-HARAS -INRAE",48.735833,0.128167,176,2002070813,0.,1,"","","","","","","","","","","","","","","","","","","","","","","","","","","","","","","","","","",21.3,1,"","","","","","","","","","","","","","","","","","","","","","","","","","","","",62,1,"","","","","","","","","","","","","","","","","","","","","","","","","","","","","","","","","","","","","","","","","","","","","","","","","","","","","","","","","","","","","","","","","","","","","","","","","","","","","","","","","","","","","","","","","","","","","","","","","","",216,1,"","","","","","","","","","","","","","","","","","","","","","","","","","","","","",""
"61328002","LE PIN-AU-HARAS -INRAE",48.735833,0.128167,176,2002070814,0.,1,"","","","","","","","","","","","","","","","","","","","","","","","","","","","","","","","","","",23.5,1,"","","","","","","","","","","","","","","","","","","","","","","","","","","","",57,1,"","","","","","","","","","","","","","","","","","","","","","","","","","","","","","","","","","","","","","","","","","","","","","","","","","","","","","","","","","","","","","","","","","","","","","","","","","","","","","","","","","","","","","","","","","","","","","","","","","",276,1,"","","","","","","","","","","","","","","","","","","","","","","","","","","","","",""
"61328002","LE PIN-AU-HARAS -INRAE",48.735833,0.128167,176,2002070815,0.,1,"","","","","","","","","","","","","","","","","","","","","","","","","","","","","","","","","","",23.,1,"","","","","","","","","","","","","","","","","","","","","","","","","","","","",59,1,"","","","","","","","","","","","","","","","","","","","","","","","","","","","","","","","","","","","","","","","","","","","","","","","","","","","","","","","","","","","","","","","","","","","","","","","","","","","","","","","","","","","","","","","","","","","","","","","","","",192,1,"","","","","","","","","","","","","","","","","","","","","","","","","","","","","",""
"61328002","LE PIN-AU-HARAS -INRAE",48.735833,0.128167,176,2002070816,0.,1,"","","","","","","","","","","","","","","","","","","","","","","","","","","","","","","","","","",23.9,1,"","","","","","","","","","","","","","","","","","","","","","","","","","","","",57,1,"","","","","","","","","","","","","","","","","","","","","","","","","","","","","","","","","","","","","","","","","","","","","","","","","","","","","","","","","","","","","","","","","","","","","","","","","","","","","","","","","","","","","","","","","","","","","","","","","","",202,1,"","","","","","","","","","","","","","","","","","","","","","","","","","","","","",""
"61328002","LE PIN-AU-HARAS -INRAE",48.735833,0.128167,176,2002070817,0.,1,"","","","","","","","","","","","","","","","","","","","","","","","","","","","","","","","","","",23.4,1,"","","","","","","","","","","","","","","","","","","","","","","","","","","","",59,1,"","","","","","","","","","","","","","","","","","","","","","","","","","","","","","","","","","","","","","","","","","","","","","","","","","","","","","","","","","","","","","","","","","","","","","","","","","","","","","","","","","","","","","","","","","","","","","","","","","",184,1,"","","","","","","","","","","","","","","","","","","","","","","","","","","","","",""
"61328002","LE PIN-AU-HARAS -INRAE",48.735833,0.128167,176,2002070818,0.,1,"","","","","","","","","","","","","","","","","","","","","","","","","","","","","","","","","","",22.1,1,"","","","","","","","","","","","","","","","","","","","","","","","","","","","",59,1,"","","","","","","","","","","","","","","","","","","","","","","","","","","","","","","","","","","","","","","","","","","","","","","","","","","","","","","","","","","","","","","","","","","","","","","","","","","","","","","","","","","","","","","","","","","","","","","","","","",122,1,"","","","","","","","","","","","","","","","","","","","","","","","","","","","","",""
"61328002","LE PIN-AU-HARAS -INRAE",48.735833,0.128167,176,2002070819,0.,1,"","","","","","","","","","","","","","","","","","","","","","","","","","","","","","","","","","",20.5,1,"","","","","","","","","","","","","","","","","","","","","","","","","","","","",65,1,"","","","","","","","","","","","","","","","","","","","","","","","","","","","","","","","","","","","","","","","","","","","","","","","","","","","","","","","","","","","","","","","","","","","","","","","","","","","","","","","","","","","","","","","","","","","","","","","","","",60,1,"","","","","","","","","","","","","","","","","","","","","","","","","","","","","",""
"61328002","LE PIN-AU-HARAS -INRAE",48.735833,0.128167,176,2002070820,0.,1,"","","","","","","","","","","","","","","","","","","","","","","","","","","","","","","","","","",18.9,1,"","","","","","","","","","","","","","","","","","","","","","","","","","","","",77,1,"","","","","","","","","","","","","","","","","","","","","","","","","","","","","","","","","","","","","","","","","","","","","","","","","","","","","","","","","","","","","","","","","","","","","","","","","","","","","","","","","","","","","","","","","","","","","","","","","","",12,1,"","","","","","","","","","","","","","","","","","","","","","","","","","","","","",""
"61328002","LE PIN-AU-HARAS -INRAE",48.735833,0.128167,176,2002070821,0.,1,"","","","","","","","","","","","","","","","","","","","","","","","","","","","","","","","","","",17.1,1,"","","","","","","","","","","","","","","","","","","","","","","","","","","","",89,1,"","","","","","","","","","","","","","","","","","","","","","","","","","","","","","","","","","","","","","","","","","","","","","","","","","","","","","","","","","","","","","","","","","","","","","","","","","","","","","","","","","","","","","","","","","","","","","","","","","",0,1,"","","","","","","","","","","","","","","","","","","","","","","","","","","","","",""
"61328002","LE PIN-AU-HARAS -INRAE",48.735833,0.128167,176,2002070822,0.,1,"","","","","","","","","","","","","","","","","","","","","","","","","","","","","","","","","","",16.8,1,"","","","","","","","","","","","","","","","","","","","","","","","","","","","",93,1,"","","","","","","","","","","","","","","","","","","","","","","","","","","","","","","","","","","","","","","","","","","","","","","","","","","","","","","","","","","","","","","","","","","","","","","","","","","","","","","","","","","","","","","","","","","","","","","","","","",0,1,"","","","","","","","","","","","","","","","","","","","","","","","","","","","","",""
"61328002","LE PIN-AU-HARAS -INRAE",48.735833,0.128167,176,2002070823,0.,1,"","","","","","","","","","","","","","","","","","","","","","","","","","","","","","","","","","",17.4,1,"","","","","","","","","","","","","","","","","","","","","","","","","","","","",91,1,"","","","","","","","","","","","","","","","","","","","","","","","","","","","","","","","","","","","","","","","","","","","","","","","","","","","","","","","","","","","","","","","","","","","","","","","","","","","","","","","","","","","","","","","","","","","","","","","","","",0,1,"","","","","","","","","","","","","","","","","","","","","","","","","","","","","",""
"61328002","LE PIN-AU-HARAS -INRAE",48.735833,0.128167,176,2002070900,0.,1,"","","","","","","","","","","","","","","","","","","","","","","","","","","","","","","","","","",16.5,1,"","","","","","","","","","","","","","","","","","","","","","","","","","","","",93,1,"","","","","","","","","","","","","","","","","","","","","","","","","","","","","","","","","","","","","","","","","","","","","","","","","","","","","","","","","","","","","","","","","","","","","","","","","","","","","","","","","","","","","","","","","","","","","","","","","","",0,1,"","","","","","","","","","","","","","","","","","","","","","","","","","","","","",""
"61328002","LE PIN-AU-HARAS -INRAE",48.735833,0.128167,176,2002070901,0.,1,"","","","","","","","","","","","","","","","","","","","","","","","","","","","","","","","","","",15.9,1,"","","","","","","","","","","","","","","","","","","","","","","","","","","","",99,1,"","","","","","","","","","","","","","","","","","","","","","","","","","","","","","","","","","","","","","","","","","","","","","","","","","","","","","","","","","","","","","","","","","","","","","","","","","","","","","","","","","","","","","","","","","","","","","","","","","",0,1,"","","","","","","","","","","","","","","","","","","","","","","","","","","","","",""
"61328002","LE PIN-AU-HARAS -INRAE",48.735833,0.128167,176,2002070902,0.,1,"","","","","","","","","","","","","","","","","","","","","","","","","","","","","","","","","","",16.2,1,"","","","","","","","","","","","","","","","","","","","","","","","","","","","",98,1,"","","","","","","","","","","","","","","","","","","","","","","","","","","","","","","","","","","","","","","","","","","","","","","","","","","","","","","","","","","","","","","","","","","","","","","","","","","","","","","","","","","","","","","","","","","","","","","","","","",0,1,"","","","","","","","","","","","","","","","","","","","","","","","","","","","","",""
"61328002","LE PIN-AU-HARAS -INRAE",48.735833,0.128167,176,2002070903,0.,1,"","","","","","","","","","","","","","","","","","","","","","","","","","","","","","","","","","",15.5,1,"","","","","","","","","","","","","","","","","","","","","","","","","","","","",95,1,"","","","","","","","","","","","","","","","","","","","","","","","","","","","","","","","","","","","","","","","","","","","","","","","","","","","","","","","","","","","","","","","","","","","","","","","","","","","","","","","","","","","","","","","","","","","","","","","","","",0,1,"","","","","","","","","","","","","","","","","","","","","","","","","","","","","",""
"61328002","LE PIN-AU-HARAS -INRAE",48.735833,0.128167,176,2002070904,0.,1,"","","","","","","","","","","","","","","","","","","","","","","","","","","","","","","","","","",14.7,1,"","","","","","","","","","","","","","","","","","","","","","","","","","","","",87,1,"","","","","","","","","","","","","","","","","","","","","","","","","","","","","","","","","","","","","","","","","","","","","","","","","","","","","","","","","","","","","","","","","","","","","","","","","","","","","","","","","","","","","","","","","","","","","","","","","","",0,1,"","","","","","","","","","","","","","","","","","","","","","","","","","","","","",""
"61328002","LE PIN-AU-HARAS -INRAE",48.735833,0.128167,176,2002070905,0.,1,"","","","","","","","","","","","","","","","","","","","","","","","","","","","","","","","","","",14.9,1,"","","","","","","","","","","","","","","","","","","","","","","","","","","","",88,1,"","","","","","","","","","","","","","","","","","","","","","","","","","","","","","","","","","","","","","","","","","","","","","","","","","","","","","","","","","","","","","","","","","","","","","","","","","","","","","","","","","","","","","","","","","","","","","","","","","",4,1,"","","","","","","","","","","","","","","","","","","","","","","","","","","","","",""
"61328002","LE PIN-AU-HARAS -INRAE",48.735833,0.128167,176,2002070906,0.,1,"","","","","","","","","","","","","","","","","","","","","","","","","","","","","","","","","","",14.7,1,"","","","","","","","","","","","","","","","","","","","","","","","","","","","",93,1,"","","","","","","","","","","","","","","","","","","","","","","","","","","","","","","","","","","","","","","","","","","","","","","","","","","","","","","","","","","","","","","","","","","","","","","","","","","","","","","","","","","","","","","","","","","","","","","","","","",14,1,"","","","","","","","","","","","","","","","","","","","","","","","","","","","","",""
"61328002","LE PIN-AU-HARAS -INRAE",48.735833,0.128167,176,2002070907,0.,1,"","","","","","","","","","","","","","","","","","","","","","","","","","","","","","","","","","",14.8,1,"","","","","","","","","","","","","","","","","","","","","","","","","","","","",95,1,"","","","","","","","","","","","","","","","","","","","","","","","","","","","","","","","","","","","","","","","","","","","","","","","","","","","","","","","","","","","","","","","","","","","","","","","","","","","","","","","","","","","","","","","","","","","","","","","","","",24,1,"","","","","","","","","","","","","","","","","","","","","","","","","","","","","",""
"61328002","LE PIN-AU-HARAS -INRAE",48.735833,0.128167,176,2002070908,0.,1,"","","","","","","","","","","","","","","","","","","","","","","","","","","","","","","","","","",15.2,1,"","","","","","","","","","","","","","","","","","","","","","","","","","","","",95,1,"","","","","","","","","","","","","","","","","","","","","","","","","","","","","","","","","","","","","","","","","","","","","","","","","","","","","","","","","","","","","","","","","","","","","","","","","","","","","","","","","","","","","","","","","","","","","","","","","","",28,1,"","","","","","","","","","","","","","","","","","","","","","","","","","","","","",""
"61328002","LE PIN-AU-HARAS -INRAE",48.735833,0.128167,176,2002070909,0.,1,"","","","","","","","","","","","","","","","","","","","","","","","","","","","","","","","","","",16.1,1,"","","","","","","","","","","","","","","","","","","","","","","","","","","","",93,1,"","","","","","","","","","","","","","","","","","","","","","","","","","","","","","","","","","","","","","","","","","","","","","","","","","","","","","","","","","","","","","","","","","","","","","","","","","","","","","","","","","","","","","","","","","","","","","","","","","",44,1,"","","","","","","","","","","","","","","","","","","","","","","","","","","","","",""
"61328002","LE PIN-AU-HARAS -INRAE",48.735833,0.128167,176,2002070910,0.5,1,"","","","","","","","","","","","","","","","","","","","","","","","","","","","","","","","","","",16.1,1,"","","","","","","","","","","","","","","","","","","","","","","","","","","","",96,1,"","","","","","","","","","","","","","","","","","","","","","","","","","","","","","","","","","","","","","","","","","","","","","","","","","","","","","","","","","","","","","","","","","","","","","","","","","","","","","","","","","","","","","","","","","","","","","","","","","",50,1,"","","","","","","","","","","","","","","","","","","","","","","","","","","","","",""
"61328002","LE PIN-AU-HARAS -INRAE",48.735833,0.128167,176,2002070911,0.,1,"","","","","","","","","","","","","","","","","","","","","","","","","","","","","","","","","","",16.7,1,"","","","","","","","","","","","","","","","","","","","","","","","","","","","",94,1,"","","","","","","","","","","","","","","","","","","","","","","","","","","","","","","","","","","","","","","","","","","","","","","","","","","","","","","","","","","","","","","","","","","","","","","","","","","","","","","","","","","","","","","","","","","","","","","","","","",40,1,"","","","","","","","","","","","","","","","","","","","","","","","","","","","","",""
"61328002","LE PIN-AU-HARAS -INRAE",48.735833,0.128167,176,2002070912,6.,1,"","","","","","","","","","","","","","","","","","","","","","","","","","","","","","","","","","",17.3,1,"","","","","","","","","","","","","","","","","","","","","","","","","","","","",99,1,"","","","","","","","","","","","","","","","","","","","","","","","","","","","","","","","","","","","","","","","","","","","","","","","","","","","","","","","","","","","","","","","","","","","","","","","","","","","","","","","","","","","","","","","","","","","","","","","","","",54,1,"","","","","","","","","","","","","","","","","","","","","","","","","","","","","",""
"61328002","LE PIN-AU-HARAS -INRAE",48.735833,0.128167,176,2002070913,0.,1,"","","","","","","","","","","","","","","","","","","","","","","","","","","","","","","","","","",20.5,1,"","","","","","","","","","","","","","","","","","","","","","","","","","","","",87,1,"","","","","","","","","","","","","","","","","","","","","","","","","","","","","","","","","","","","","","","","","","","","","","","","","","","","","","","","","","","","","","","","","","","","","","","","","","","","","","","","","","","","","","","","","","","","","","","","","","",226,1,"","","","","","","","","","","","","","","","","","","","","","","","","","","","","",""
"61328002","LE PIN-AU-HARAS -INRAE",48.735833,0.128167,176,2002070914,0.,1,"","","","","","","","","","","","","","","","","","","","","","","","","","","","","","","","","","",20.,1,"","","","","","","","","","","","","","","","","","","","","","","","","","","","",74,1,"","","","","","","","","","","","","","","","","","","","","","","","","","","","","","","","","","","","","","","","","","","","","","","","","","","","","","","","","","","","","","","","","","","","","","","","","","","","","","","","","","","","","","","","","","","","","","","","","","",250,1,"","","","","","","","","","","","","","","","","","","","","","","","","","","","","",""
"61328002","LE PIN-AU-HARAS -INRAE",48.735833,0.128167,176,2002070915,1.,1,"","","","","","","","","","","","","","","","","","","","","","","","","","","","","","","","","","",16.4,1,"","","","","","","","","","","","","","","","","","","","","","","","","","","","",93,1,"","","","","","","","","","","","","","","","","","","","","","","","","","","","","","","","","","","","","","","","","","","","","","","","","","","","","","","","","","","","","","","","","","","","","","","","","","","","","","","","","","","","","","","","","","","","","","","","","","",82,1,"","","","","","","","","","","","","","","","","","","","","","","","","","","","","",""
"61328002","LE PIN-AU-HARAS -INRAE",48.735833,0.128167,176,2002070916,0.,1,"","","","","","","","","","","","","","","","","","","","","","","","","","","","","","","","","","",17.3,1,"","","","","","","","","","","","","","","","","","","","","","","","","","","","",81,1,"","","","","","","","","","","","","","","","","","","","","","","","","","","","","","","","","","","","","","","","","","","","","","","","","","","","","","","","","","","","","","","","","","","","","","","","","","","","","","","","","","","","","","","","","","","","","","","","","","",88,1,"","","","","","","","","","","","","","","","","","","","","","","","","","","","","",""
"61328002","LE PIN-AU-HARAS -INRAE",48.735833,0.128167,176,2002070917,0.,1,"","","","","","","","","","","","","","","","","","","","","","","","","","","","","","","","","","",17.5,1,"","","","","","","","","","","","","","","","","","","","","","","","","","","","",72,1,"","","","","","","","","","","","","","","","","","","","","","","","","","","","","","","","","","","","","","","","","","","","","","","","","","","","","","","","","","","","","","","","","","","","","","","","","","","","","","","","","","","","","","","","","","","","","","","","","","",98,1,"","","","","","","","","","","","","","","","","","","","","","","","","","","","","",""
"61328002","LE PIN-AU-HARAS -INRAE",48.735833,0.128167,176,2002070918,0.,1,"","","","","","","","","","","","","","","","","","","","","","","","","","","","","","","","","","",17.8,1,"","","","","","","","","","","","","","","","","","","","","","","","","","","","",68,1,"","","","","","","","","","","","","","","","","","","","","","","","","","","","","","","","","","","","","","","","","","","","","","","","","","","","","","","","","","","","","","","","","","","","","","","","","","","","","","","","","","","","","","","","","","","","","","","","","","",70,1,"","","","","","","","","","","","","","","","","","","","","","","","","","","","","",""
"61328002","LE PIN-AU-HARAS -INRAE",48.735833,0.128167,176,2002070919,0.,1,"","","","","","","","","","","","","","","","","","","","","","","","","","","","","","","","","","",15.8,1,"","","","","","","","","","","","","","","","","","","","","","","","","","","","",88,1,"","","","","","","","","","","","","","","","","","","","","","","","","","","","","","","","","","","","","","","","","","","","","","","","","","","","","","","","","","","","","","","","","","","","","","","","","","","","","","","","","","","","","","","","","","","","","","","","","","",22,1,"","","","","","","","","","","","","","","","","","","","","","","","","","","","","",""
"61328002","LE PIN-AU-HARAS -INRAE",48.735833,0.128167,176,2002070920,0.,1,"","","","","","","","","","","","","","","","","","","","","","","","","","","","","","","","","","",14.6,1,"","","","","","","","","","","","","","","","","","","","","","","","","","","","",94,1,"","","","","","","","","","","","","","","","","","","","","","","","","","","","","","","","","","","","","","","","","","","","","","","","","","","","","","","","","","","","","","","","","","","","","","","","","","","","","","","","","","","","","","","","","","","","","","","","","","",2,1,"","","","","","","","","","","","","","","","","","","","","","","","","","","","","",""
"61328002","LE PIN-AU-HARAS -INRAE",48.735833,0.128167,176,2002070921,0.,1,"","","","","","","","","","","","","","","","","","","","","","","","","","","","","","","","","","",14.,1,"","","","","","","","","","","","","","","","","","","","","","","","","","","","",84,1,"","","","","","","","","","","","","","","","","","","","","","","","","","","","","","","","","","","","","","","","","","","","","","","","","","","","","","","","","","","","","","","","","","","","","","","","","","","","","","","","","","","","","","","","","","","","","","","","","","",0,1,"","","","","","","","","","","","","","","","","","","","","","","","","","","","","",""
"61328002","LE PIN-AU-HARAS -INRAE",48.735833,0.128167,176,2002070922,0.,1,"","","","","","","","","","","","","","","","","","","","","","","","","","","","","","","","","","",12.7,1,"","","","","","","","","","","","","","","","","","","","","","","","","","","","",93,1,"","","","","","","","","","","","","","","","","","","","","","","","","","","","","","","","","","","","","","","","","","","","","","","","","","","","","","","","","","","","","","","","","","","","","","","","","","","","","","","","","","","","","","","","","","","","","","","","","","",0,1,"","","","","","","","","","","","","","","","","","","","","","","","","","","","","",""
"61328002","LE PIN-AU-HARAS -INRAE",48.735833,0.128167,176,2002070923,0.,1,"","","","","","","","","","","","","","","","","","","","","","","","","","","","","","","","","","",13.,1,"","","","","","","","","","","","","","","","","","","","","","","","","","","","",93,1,"","","","","","","","","","","","","","","","","","","","","","","","","","","","","","","","","","","","","","","","","","","","","","","","","","","","","","","","","","","","","","","","","","","","","","","","","","","","","","","","","","","","","","","","","","","","","","","","","","",0,1,"","","","","","","","","","","","","","","","","","","","","","","","","","","","","",""
"61328002","LE PIN-AU-HARAS -INRAE",48.735833,0.128167,176,2002071000,0.,1,"","","","","","","","","","","","","","","","","","","","","","","","","","","","","","","","","","",13.2,1,"","","","","","","","","","","","","","","","","","","","","","","","","","","","",86,1,"","","","","","","","","","","","","","","","","","","","","","","","","","","","","","","","","","","","","","","","","","","","","","","","","","","","","","","","","","","","","","","","","","","","","","","","","","","","","","","","","","","","","","","","","","","","","","","","","","",0,1,"","","","","","","","","","","","","","","","","","","","","","","","","","","","","",""
"61328002","LE PIN-AU-HARAS -INRAE",48.735833,0.128167,176,2002071001,0.,1,"","","","","","","","","","","","","","","","","","","","","","","","","","","","","","","","","","",12.2,1,"","","","","","","","","","","","","","","","","","","","","","","","","","","","",88,1,"","","","","","","","","","","","","","","","","","","","","","","","","","","","","","","","","","","","","","","","","","","","","","","","","","","","","","","","","","","","","","","","","","","","","","","","","","","","","","","","","","","","","","","","","","","","","","","","","","",0,1,"","","","","","","","","","","","","","","","","","","","","","","","","","","","","",""
"61328002","LE PIN-AU-HARAS -INRAE",48.735833,0.128167,176,2002071002,0.,1,"","","","","","","","","","","","","","","","","","","","","","","","","","","","","","","","","","",12.1,1,"","","","","","","","","","","","","","","","","","","","","","","","","","","","",92,1,"","","","","","","","","","","","","","","","","","","","","","","","","","","","","","","","","","","","","","","","","","","","","","","","","","","","","","","","","","","","","","","","","","","","","","","","","","","","","","","","","","","","","","","","","","","","","","","","","","",0,1,"","","","","","","","","","","","","","","","","","","","","","","","","","","","","",""
"61328002","LE PIN-AU-HARAS -INRAE",48.735833,0.128167,176,2002071003,0.,1,"","","","","","","","","","","","","","","","","","","","","","","","","","","","","","","","","","",10.9,1,"","","","","","","","","","","","","","","","","","","","","","","","","","","","",92,1,"","","","","","","","","","","","","","","","","","","","","","","","","","","","","","","","","","","","","","","","","","","","","","","","","","","","","","","","","","","","","","","","","","","","","","","","","","","","","","","","","","","","","","","","","","","","","","","","","","",0,1,"","","","","","","","","","","","","","","","","","","","","","","","","","","","","",""
"61328002","LE PIN-AU-HARAS -INRAE",48.735833,0.128167,176,2002071004,0.,1,"","","","","","","","","","","","","","","","","","","","","","","","","","","","","","","","","","",9.7,1,"","","","","","","","","","","","","","","","","","","","","","","","","","","","",97,1,"","","","","","","","","","","","","","","","","","","","","","","","","","","","","","","","","","","","","","","","","","","","","","","","","","","","","","","","","","","","","","","","","","","","","","","","","","","","","","","","","","","","","","","","","","","","","","","","","","",0,1,"","","","","","","","","","","","","","","","","","","","","","","","","","","","","",""
"61328002","LE PIN-AU-HARAS -INRAE",48.735833,0.128167,176,2002071005,0.,1,"","","","","","","","","","","","","","","","","","","","","","","","","","","","","","","","","","",10.3,1,"","","","","","","","","","","","","","","","","","","","","","","","","","","","",100,1,"","","","","","","","","","","","","","","","","","","","","","","","","","","","","","","","","","","","","","","","","","","","","","","","","","","","","","","","","","","","","","","","","","","","","","","","","","","","","","","","","","","","","","","","","","","","","","","","","","",2,1,"","","","","","","","","","","","","","","","","","","","","","","","","","","","","",""
"61328002","LE PIN-AU-HARAS -INRAE",48.735833,0.128167,176,2002071006,0.,1,"","","","","","","","","","","","","","","","","","","","","","","","","","","","","","","","","","",11.7,1,"","","","","","","","","","","","","","","","","","","","","","","","","","","","",98,1,"","","","","","","","","","","","","","","","","","","","","","","","","","","","","","","","","","","","","","","","","","","","","","","","","","","","","","","","","","","","","","","","","","","","","","","","","","","","","","","","","","","","","","","","","","","","","","","","","","",28,1,"","","","","","","","","","","","","","","","","","","","","","","","","","","","","",""
"61328002","LE PIN-AU-HARAS -INRAE",48.735833,0.128167,176,2002071007,0.,1,"","","","","","","","","","","","","","","","","","","","","","","","","","","","","","","","","","",13.6,1,"","","","","","","","","","","","","","","","","","","","","","","","","","","","",85,1,"","","","","","","","","","","","","","","","","","","","","","","","","","","","","","","","","","","","","","","","","","","","","","","","","","","","","","","","","","","","","","","","","","","","","","","","","","","","","","","","","","","","","","","","","","","","","","","","","","",86,1,"","","","","","","","","","","","","","","","","","","","","","","","","","","","","",""
"61328002","LE PIN-AU-HARAS -INRAE",48.735833,0.128167,176,2002071008,0.,1,"","","","","","","","","","","","","","","","","","","","","","","","","","","","","","","","","","",15.3,1,"","","","","","","","","","","","","","","","","","","","","","","","","","","","",72,1,"","","","","","","","","","","","","","","","","","","","","","","","","","","","","","","","","","","","","","","","","","","","","","","","","","","","","","","","","","","","","","","","","","","","","","","","","","","","","","","","","","","","","","","","","","","","","","","","","","",176,1,"","","","","","","","","","","","","","","","","","","","","","","","","","","","","",""
"61328002","LE PIN-AU-HARAS -INRAE",48.735833,0.128167,176,2002071009,0.,1,"","","","","","","","","","","","","","","","","","","","","","","","","","","","","","","","","","",16.1,1,"","","","","","","","","","","","","","","","","","","","","","","","","","","","",67,1,"","","","","","","","","","","","","","","","","","","","","","","","","","","","","","","","","","","","","","","","","","","","","","","","","","","","","","","","","","","","","","","","","","","","","","","","","","","","","","","","","","","","","","","","","","","","","","","","","","",142,1,"","","","","","","","","","","","","","","","","","","","","","","","","","","","","",""
"61328002","LE PIN-AU-HARAS -INRAE",48.735833,0.128167,176,2002071010,0.,1,"","","","","","","","","","","","","","","","","","","","","","","","","","","","","","","","","","",17.5,1,"","","","","","","","","","","","","","","","","","","","","","","","","","","","",56,1,"","","","","","","","","","","","","","","","","","","","","","","","","","","","","","","","","","","","","","","","","","","","","","","","","","","","","","","","","","","","","","","","","","","","","","","","","","","","","","","","","","","","","","","","","","","","","","","","","","",222,1,"","","","","","","","","","","","","","","","","","","","","","","","","","","","","",""
"61328002","LE PIN-AU-HARAS -INRAE",48.735833,0.128167,176,2002071011,0.,1,"","","","","","","","","","","","","","","","","","","","","","","","","","","","","","","","","","",16.5,1,"","","","","","","","","","","","","","","","","","","","","","","","","","","","",63,1,"","","","","","","","","","","","","","","","","","","","","","","","","","","","","","","","","","","","","","","","","","","","","","","","","","","","","","","","","","","","","","","","","","","","","","","","","","","","","","","","","","","","","","","","","","","","","","","","","","",154,1,"","","","","","","","","","","","","","","","","","","","","","","","","","","","","",""
"61328002","LE PIN-AU-HARAS -INRAE",48.735833,0.128167,176,2002071012,0.,1,"","","","","","","","","","","","","","","","","","","","","","","","","","","","","","","","","","",17.1,1,"","","","","","","","","","","","","","","","","","","","","","","","","","","","",59,1,"","","","","","","","","","","","","","","","","","","","","","","","","","","","","","","","","","","","","","","","","","","","","","","","","","","","","","","","","","","","","","","","","","","","","","","","","","","","","","","","","","","","","","","","","","","","","","","","","","",158,1,"","","","","","","","","","","","","","","","","","","","","","","","","","","","","",""
"61328002","LE PIN-AU-HARAS -INRAE",48.735833,0.128167,176,2002071013,0.,1,"","","","","","","","","","","","","","","","","","","","","","","","","","","","","","","","","","",18.,1,"","","","","","","","","","","","","","","","","","","","","","","","","","","","",54,1,"","","","","","","","","","","","","","","","","","","","","","","","","","","","","","","","","","","","","","","","","","","","","","","","","","","","","","","","","","","","","","","","","","","","","","","","","","","","","","","","","","","","","","","","","","","","","","","","","","",296,1,"","","","","","","","","","","","","","","","","","","","","","","","","","","","","",""
"61328002","LE PIN-AU-HARAS -INRAE",48.735833,0.128167,176,2002071014,0.5,1,"","","","","","","","","","","","","","","","","","","","","","","","","","","","","","","","","","",13.5,1,"","","","","","","","","","","","","","","","","","","","","","","","","","","","",81,1,"","","","","","","","","","","","","","","","","","","","","","","","","","","","","","","","","","","","","","","","","","","","","","","","","","","","","","","","","","","","","","","","","","","","","","","","","","","","","","","","","","","","","","","","","","","","","","","","","","",170,1,"","","","","","","","","","","","","","","","","","","","","","","","","","","","","",""
"61328002","LE PIN-AU-HARAS -INRAE",48.735833,0.128167,176,2002071015,0.5,1,"","","","","","","","","","","","","","","","","","","","","","","","","","","","","","","","","","",15.2,1,"","","","","","","","","","","","","","","","","","","","","","","","","","","","",81,1,"","","","","","","","","","","","","","","","","","","","","","","","","","","","","","","","","","","","","","","","","","","","","","","","","","","","","","","","","","","","","","","","","","","","","","","","","","","","","","","","","","","","","","","","","","","","","","","","","","",88,1,"","","","","","","","","","","","","","","","","","","","","","","","","","","","","",""
"61328002","LE PIN-AU-HARAS -INRAE",48.735833,0.128167,176,2002071016,0.,1,"","","","","","","","","","","","","","","","","","","","","","","","","","","","","","","","","","",16.9,1,"","","","","","","","","","","","","","","","","","","","","","","","","","","","",65,1,"","","","","","","","","","","","","","","","","","","","","","","","","","","","","","","","","","","","","","","","","","","","","","","","","","","","","","","","","","","","","","","","","","","","","","","","","","","","","","","","","","","","","","","","","","","","","","","","","","",214,1,"","","","","","","","","","","","","","","","","","","","","","","","","","","","","",""
"61328002","LE PIN-AU-HARAS -INRAE",48.735833,0.128167,176,2002071017,5.,1,"","","","","","","","","","","","","","","","","","","","","","","","","","","","","","","","","","",12.9,1,"","","","","","","","","","","","","","","","","","","","","","","","","","","","",91,1,"","","","","","","","","","","","","","","","","","","","","","","","","","","","","","","","","","","","","","","","","","","","","","","","","","","","","","","","","","","","","","","","","","","","","","","","","","","","","","","","","","","","","","","","","","","","","","","","","","",42,1,"","","","","","","","","","","","","","","","","","","","","","","","","","","","","",""
"61328002","LE PIN-AU-HARAS -INRAE",48.735833,0.128167,176,2002071018,0.,1,"","","","","","","","","","","","","","","","","","","","","","","","","","","","","","","","","","",13.5,1,"","","","","","","","","","","","","","","","","","","","","","","","","","","","",92,1,"","","","","","","","","","","","","","","","","","","","","","","","","","","","","","","","","","","","","","","","","","","","","","","","","","","","","","","","","","","","","","","","","","","","","","","","","","","","","","","","","","","","","","","","","","","","","","","","","","",54,1,"","","","","","","","","","","","","","","","","","","","","","","","","","","","","",""
"61328002","LE PIN-AU-HARAS -INRAE",48.735833,0.128167,176,2002071019,0.,1,"","","","","","","","","","","","","","","","","","","","","","","","","","","","","","","","","","",13.9,1,"","","","","","","","","","","","","","","","","","","","","","","","","","","","",88,1,"","","","","","","","","","","","","","","","","","","","","","","","","","","","","","","","","","","","","","","","","","","","","","","","","","","","","","","","","","","","","","","","","","","","","","","","","","","","","","","","","","","","","","","","","","","","","","","","","","",56,1,"","","","","","","","","","","","","","","","","","","","","","","","","","","","","",""
"61328002","LE PIN-AU-HARAS -INRAE",48.735833,0.128167,176,2002071020,0.,1,"","","","","","","","","","","","","","","","","","","","","","","","","","","","","","","","","","",13.1,1,"","","","","","","","","","","","","","","","","","","","","","","","","","","","",95,1,"","","","","","","","","","","","","","","","","","","","","","","","","","","","","","","","","","","","","","","","","","","","","","","","","","","","","","","","","","","","","","","","","","","","","","","","","","","","","","","","","","","","","","","","","","","","","","","","","","",8,1,"","","","","","","","","","","","","","","","","","","","","","","","","","","","","",""
"61328002","LE PIN-AU-HARAS -INRAE",48.735833,0.128167,176,2002071021,0.,1,"","","","","","","","","","","","","","","","","","","","","","","","","","","","","","","","","","",10.8,1,"","","","","","","","","","","","","","","","","","","","","","","","","","","","",97,1,"","","","","","","","","","","","","","","","","","","","","","","","","","","","","","","","","","","","","","","","","","","","","","","","","","","","","","","","","","","","","","","","","","","","","","","","","","","","","","","","","","","","","","","","","","","","","","","","","","",0,1,"","","","","","","","","","","","","","","","","","","","","","","","","","","","","",""
"61328002","LE PIN-AU-HARAS -INRAE",48.735833,0.128167,176,2002071022,0.,1,"","","","","","","","","","","","","","","","","","","","","","","","","","","","","","","","","","",9.9,1,"","","","","","","","","","","","","","","","","","","","","","","","","","","","",96,1,"","","","","","","","","","","","","","","","","","","","","","","","","","","","","","","","","","","","","","","","","","","","","","","","","","","","","","","","","","","","","","","","","","","","","","","","","","","","","","","","","","","","","","","","","","","","","","","","","","",0,1,"","","","","","","","","","","","","","","","","","","","","","","","","","","","","",""
"61328002","LE PIN-AU-HARAS -INRAE",48.735833,0.128167,176,2002071023,0.,1,"","","","","","","","","","","","","","","","","","","","","","","","","","","","","","","","","","",10.,1,"","","","","","","","","","","","","","","","","","","","","","","","","","","","",99,1,"","","","","","","","","","","","","","","","","","","","","","","","","","","","","","","","","","","","","","","","","","","","","","","","","","","","","","","","","","","","","","","","","","","","","","","","","","","","","","","","","","","","","","","","","","","","","","","","","","",0,1,"","","","","","","","","","","","","","","","","","","","","","","","","","","","","",""
"61328002","LE PIN-AU-HARAS -INRAE",48.735833,0.128167,176,2002071100,0.,1,"","","","","","","","","","","","","","","","","","","","","","","","","","","","","","","","","","",10.6,1,"","","","","","","","","","","","","","","","","","","","","","","","","","","","",99,1,"","","","","","","","","","","","","","","","","","","","","","","","","","","","","","","","","","","","","","","","","","","","","","","","","","","","","","","","","","","","","","","","","","","","","","","","","","","","","","","","","","","","","","","","","","","","","","","","","","",0,1,"","","","","","","","","","","","","","","","","","","","","","","","","","","","","",""
"61328002","LE PIN-AU-HARAS -INRAE",48.735833,0.128167,176,2002071101,0.,1,"","","","","","","","","","","","","","","","","","","","","","","","","","","","","","","","","","",10.5,1,"","","","","","","","","","","","","","","","","","","","","","","","","","","","",99,1,"","","","","","","","","","","","","","","","","","","","","","","","","","","","","","","","","","","","","","","","","","","","","","","","","","","","","","","","","","","","","","","","","","","","","","","","","","","","","","","","","","","","","","","","","","","","","","","","","","",0,1,"","","","","","","","","","","","","","","","","","","","","","","","","","","","","",""
"61328002","LE PIN-AU-HARAS -INRAE",48.735833,0.128167,176,2002071102,0.,1,"","","","","","","","","","","","","","","","","","","","","","","","","","","","","","","","","","",9.4,1,"","","","","","","","","","","","","","","","","","","","","","","","","","","","",99,1,"","","","","","","","","","","","","","","","","","","","","","","","","","","","","","","","","","","","","","","","","","","","","","","","","","","","","","","","","","","","","","","","","","","","","","","","","","","","","","","","","","","","","","","","","","","","","","","","","","",0,1,"","","","","","","","","","","","","","","","","","","","","","","","","","","","","",""
"61328002","LE PIN-AU-HARAS -INRAE",48.735833,0.128167,176,2002071103,0.,1,"","","","","","","","","","","","","","","","","","","","","","","","","","","","","","","","","","",8.,1,"","","","","","","","","","","","","","","","","","","","","","","","","","","","",99,1,"","","","","","","","","","","","","","","","","","","","","","","","","","","","","","","","","","","","","","","","","","","","","","","","","","","","","","","","","","","","","","","","","","","","","","","","","","","","","","","","","","","","","","","","","","","","","","","","","","",0,1,"","","","","","","","","","","","","","","","","","","","","","","","","","","","","",""
"61328002","LE PIN-AU-HARAS -INRAE",48.735833,0.128167,176,2002071104,0.,1,"","","","","","","","","","","","","","","","","","","","","","","","","","","","","","","","","","",7.8,1,"","","","","","","","","","","","","","","","","","","","","","","","","","","","",100,1,"","","","","","","","","","","","","","","","","","","","","","","","","","","","","","","","","","","","","","","","","","","","","","","","","","","","","","","","","","","","","","","","","","","","","","","","","","","","","","","","","","","","","","","","","","","","","","","","","","",0,1,"","","","","","","","","","","","","","","","","","","","","","","","","","","","","",""
"61328002","LE PIN-AU-HARAS -INRAE",48.735833,0.128167,176,2002071105,0.,1,"","","","","","","","","","","","","","","","","","","","","","","","","","","","","","","","","","",7.6,1,"","","","","","","","","","","","","","","","","","","","","","","","","","","","",100,1,"","","","","","","","","","","","","","","","","","","","","","","","","","","","","","","","","","","","","","","","","","","","","","","","","","","","","","","","","","","","","","","","","","","","","","","","","","","","","","","","","","","","","","","","","","","","","","","","","","",6,1,"","","","","","","","","","","","","","","","","","","","","","","","","","","","","",""
"61328002","LE PIN-AU-HARAS -INRAE",48.735833,0.128167,176,2002071106,0.,1,"","","","","","","","","","","","","","","","","","","","","","","","","","","","","","","","","","",11.3,1,"","","","","","","","","","","","","","","","","","","","","","","","","","","","",100,1,"","","","","","","","","","","","","","","","","","","","","","","","","","","","","","","","","","","","","","","","","","","","","","","","","","","","","","","","","","","","","","","","","","","","","","","","","","","","","","","","","","","","","","","","","","","","","","","","","","",60,1,"","","","","","","","","","","","","","","","","","","","","","","","","","","","","",""
"61328002","LE PIN-AU-HARAS -INRAE",48.735833,0.128167,176,2002071107,0.,1,"","","","","","","","","","","","","","","","","","","","","","","","","","","","","","","","","","",13.4,1,"","","","","","","","","","","","","","","","","","","","","","","","","","","","",90,1,"","","","","","","","","","","","","","","","","","","","","","","","","","","","","","","","","","","","","","","","","","","","","","","","","","","","","","","","","","","","","","","","","","","","","","","","","","","","","","","","","","","","","","","","","","","","","","","","","","",104,1,"","","","","","","","","","","","","","","","","","","","","","","","","","","","","",""
"61328002","LE PIN-AU-HARAS -INRAE",48.735833,0.128167,176,2002071108,0.,1,"","","","","","","","","","","","","","","","","","","","","","","","","","","","","","","","","","",15.4,1,"","","","","","","","","","","","","","","","","","","","","","","","","","","","",79,1,"","","","","","","","","","","","","","","","","","","","","","","","","","","","","","","","","","","","","","","","","","","","","","","","","","","","","","","","","","","","","","","","","","","","","","","","","","","","","","","","","","","","","","","","","","","","","","","","","","",160,1,"","","","","","","","","","","","","","","","","","","","","","","","","","","","","",""
"61328002","LE PIN-AU-HARAS -INRAE",48.735833,0.128167,176,2002071109,0.,1,"","","","","","","","","","","","","","","","","","","","","","","","","","","","","","","","","","",16.4,1,"","","","","","","","","","","","","","","","","","","","","","","","","","","","",68,1,"","","","","","","","","","","","","","","","","","","","","","","","","","","","","","","","","","","","","","","","","","","","","","","","","","","","","","","","","","","","","","","","","","","","","","","","","","","","","","","","","","","","","","","","","","","","","","","","","","",208,1,"","","","","","","","","","","","","","","","","","","","","","","","","","","","","",""
"61328002","LE PIN-AU-HARAS -INRAE",48.735833,0.128167,176,2002071110,0.,1,"","","","","","","","","","","","","","","","","","","","","","","","","","","","","","","","","","",17.6,1,"","","","","","","","","","","","","","","","","","","","","","","","","","","","",53,1,"","","","","","","","","","","","","","","","","","","","","","","","","","","","","","","","","","","","","","","","","","","","","","","","","","","","","","","","","","","","","","","","","","","","","","","","","","","","","","","","","","","","","","","","","","","","","","","","","","",272,1,"","","","","","","","","","","","","","","","","","","","","","","","","","","","","",""
"61328002","LE PIN-AU-HARAS -INRAE",48.735833,0.128167,176,2002071111,0.,1,"","","","","","","","","","","","","","","","","","","","","","","","","","","","","","","","","","",17.7,1,"","","","","","","","","","","","","","","","","","","","","","","","","","","","",64,1,"","","","","","","","","","","","","","","","","","","","","","","","","","","","","","","","","","","","","","","","","","","","","","","","","","","","","","","","","","","","","","","","","","","","","","","","","","","","","","","","","","","","","","","","","","","","","","","","","","",244,1,"","","","","","","","","","","","","","","","","","","","","","","","","","","","","",""
"61328002","LE PIN-AU-HARAS -INRAE",48.735833,0.128167,176,2002071112,0.,1,"","","","","","","","","","","","","","","","","","","","","","","","","","","","","","","","","","",17.6,1,"","","","","","","","","","","","","","","","","","","","","","","","","","","","",57,1,"","","","","","","","","","","","","","","","","","","","","","","","","","","","","","","","","","","","","","","","","","","","","","","","","","","","","","","","","","","","","","","","","","","","","","","","","","","","","","","","","","","","","","","","","","","","","","","","","","",232,1,"","","","","","","","","","","","","","","","","","","","","","","","","","","","","",""
"61328002","LE PIN-AU-HARAS -INRAE",48.735833,0.128167,176,2002071113,0.,1,"","","","","","","","","","","","","","","","","","","","","","","","","","","","","","","","","","",18.9,1,"","","","","","","","","","","","","","","","","","","","","","","","","","","","",55,1,"","","","","","","","","","","","","","","","","","","","","","","","","","","","","","","","","","","","","","","","","","","","","","","","","","","","","","","","","","","","","","","","","","","","","","","","","","","","","","","","","","","","","","","","","","","","","","","","","","",274,1,"","","","","","","","","","","","","","","","","","","","","","","","","","","","","",""
"61328002","LE PIN-AU-HARAS -INRAE",48.735833,0.128167,176,2002071114,0.,1,"","","","","","","","","","","","","","","","","","","","","","","","","","","","","","","","","","",19.2,1,"","","","","","","","","","","","","","","","","","","","","","","","","","","","",47,1,"","","","","","","","","","","","","","","","","","","","","","","","","","","","","","","","","","","","","","","","","","","","","","","","","","","","","","","","","","","","","","","","","","","","","","","","","","","","","","","","","","","","","","","","","","","","","","","","","","",256,1,"","","","","","","","","","","","","","","","","","","","","","","","","","","","","",""
"61328002","LE PIN-AU-HARAS -INRAE",48.735833,0.128167,176,2002071115,0.,1,"","","","","","","","","","","","","","","","","","","","","","","","","","","","","","","","","","",17.3,1,"","","","","","","","","","","","","","","","","","","","","","","","","","","","",61,1,"","","","","","","","","","","","","","","","","","","","","","","","","","","","","","","","","","","","","","","","","","","","","","","","","","","","","","","","","","","","","","","","","","","","","","","","","","","","","","","","","","","","","","","","","","","","","","","","","","",96,1,"","","","","","","","","","","","","","","","","","","","","","","","","","","","","",""
"61328002","LE PIN-AU-HARAS -INRAE",48.735833,0.128167,176,2002071116,2.,1,"","","","","","","","","","","","","","","","","","","","","","","","","","","","","","","","","","",14.5,1,"","","","","","","","","","","","","","","","","","","","","","","","","","","","",92,1,"","","","","","","","","","","","","","","","","","","","","","","","","","","","","","","","","","","","","","","","","","","","","","","","","","","","","","","","","","","","","","","","","","","","","","","","","","","","","","","","","","","","","","","","","","","","","","","","","","",38,1,"","","","","","","","","","","","","","","","","","","","","","","","","","","","","",""
"61328002","LE PIN-AU-HARAS -INRAE",48.735833,0.128167,176,2002071117,0.,1,"","","","","","","","","","","","","","","","","","","","","","","","","","","","","","","","","","",16.4,1,"","","","","","","","","","","","","","","","","","","","","","","","","","","","",82,1,"","","","","","","","","","","","","","","","","","","","","","","","","","","","","","","","","","","","","","","","","","","","","","","","","","","","","","","","","","","","","","","","","","","","","","","","","","","","","","","","","","","","","","","","","","","","","","","","","","",84,1,"","","","","","","","","","","","","","","","","","","","","","","","","","","","","",""
"61328002","LE PIN-AU-HARAS -INRAE",48.735833,0.128167,176,2002071118,0.,1,"","","","","","","","","","","","","","","","","","","","","","","","","","","","","","","","","","",15.7,1,"","","","","","","","","","","","","","","","","","","","","","","","","","","","",78,1,"","","","","","","","","","","","","","","","","","","","","","","","","","","","","","","","","","","","","","","","","","","","","","","","","","","","","","","","","","","","","","","","","","","","","","","","","","","","","","","","","","","","","","","","","","","","","","","","","","",76,1,"","","","","","","","","","","","","","","","","","","","","","","","","","","","","",""
"61328002","LE PIN-AU-HARAS -INRAE",48.735833,0.128167,176,2002071119,0.,1,"","","","","","","","","","","","","","","","","","","","","","","","","","","","","","","","","","",14.3,1,"","","","","","","","","","","","","","","","","","","","","","","","","","","","",92,1,"","","","","","","","","","","","","","","","","","","","","","","","","","","","","","","","","","","","","","","","","","","","","","","","","","","","","","","","","","","","","","","","","","","","","","","","","","","","","","","","","","","","","","","","","","","","","","","","","","",8,1,"","","","","","","","","","","","","","","","","","","","","","","","","","","","","",""
"61328002","LE PIN-AU-HARAS -INRAE",48.735833,0.128167,176,2002071120,0.,1,"","","","","","","","","","","","","","","","","","","","","","","","","","","","","","","","","","",14.1,1,"","","","","","","","","","","","","","","","","","","","","","","","","","","","",93,1,"","","","","","","","","","","","","","","","","","","","","","","","","","","","","","","","","","","","","","","","","","","","","","","","","","","","","","","","","","","","","","","","","","","","","","","","","","","","","","","","","","","","","","","","","","","","","","","","","","",2,1,"","","","","","","","","","","","","","","","","","","","","","","","","","","","","",""
"61328002","LE PIN-AU-HARAS -INRAE",48.735833,0.128167,176,2002071121,0.,1,"","","","","","","","","","","","","","","","","","","","","","","","","","","","","","","","","","",13.1,1,"","","","","","","","","","","","","","","","","","","","","","","","","","","","",96,1,"","","","","","","","","","","","","","","","","","","","","","","","","","","","","","","","","","","","","","","","","","","","","","","","","","","","","","","","","","","","","","","","","","","","","","","","","","","","","","","","","","","","","","","","","","","","","","","","","","",0,1,"","","","","","","","","","","","","","","","","","","","","","","","","","","","","",""
"61328002","LE PIN-AU-HARAS -INRAE",48.735833,0.128167,176,2002071122,0.,1,"","","","","","","","","","","","","","","","","","","","","","","","","","","","","","","","","","",13.2,1,"","","","","","","","","","","","","","","","","","","","","","","","","","","","",98,1,"","","","","","","","","","","","","","","","","","","","","","","","","","","","","","","","","","","","","","","","","","","","","","","","","","","","","","","","","","","","","","","","","","","","","","","","","","","","","","","","","","","","","","","","","","","","","","","","","","",0,1,"","","","","","","","","","","","","","","","","","","","","","","","","","","","","",""
"61328002","LE PIN-AU-HARAS -INRAE",48.735833,0.128167,176,2002071123,0.,1,"","","","","","","","","","","","","","","","","","","","","","","","","","","","","","","","","","",13.2,1,"","","","","","","","","","","","","","","","","","","","","","","","","","","","",98,1,"","","","","","","","","","","","","","","","","","","","","","","","","","","","","","","","","","","","","","","","","","","","","","","","","","","","","","","","","","","","","","","","","","","","","","","","","","","","","","","","","","","","","","","","","","","","","","","","","","",0,1,"","","","","","","","","","","","","","","","","","","","","","","","","","","","","",""
"61328002","LE PIN-AU-HARAS -INRAE",48.735833,0.128167,176,2002071200,0.,1,"","","","","","","","","","","","","","","","","","","","","","","","","","","","","","","","","","",13.3,1,"","","","","","","","","","","","","","","","","","","","","","","","","","","","",98,1,"","","","","","","","","","","","","","","","","","","","","","","","","","","","","","","","","","","","","","","","","","","","","","","","","","","","","","","","","","","","","","","","","","","","","","","","","","","","","","","","","","","","","","","","","","","","","","","","","","",0,1,"","","","","","","","","","","","","","","","","","","","","","","","","","","","","",""
"61328002","LE PIN-AU-HARAS -INRAE",48.735833,0.128167,176,2002071201,0.,1,"","","","","","","","","","","","","","","","","","","","","","","","","","","","","","","","","","",13.2,1,"","","","","","","","","","","","","","","","","","","","","","","","","","","","",96,1,"","","","","","","","","","","","","","","","","","","","","","","","","","","","","","","","","","","","","","","","","","","","","","","","","","","","","","","","","","","","","","","","","","","","","","","","","","","","","","","","","","","","","","","","","","","","","","","","","","",0,1,"","","","","","","","","","","","","","","","","","","","","","","","","","","","","",""
"61328002","LE PIN-AU-HARAS -INRAE",48.735833,0.128167,176,2002071202,0.,1,"","","","","","","","","","","","","","","","","","","","","","","","","","","","","","","","","","",12.9,1,"","","","","","","","","","","","","","","","","","","","","","","","","","","","",97,1,"","","","","","","","","","","","","","","","","","","","","","","","","","","","","","","","","","","","","","","","","","","","","","","","","","","","","","","","","","","","","","","","","","","","","","","","","","","","","","","","","","","","","","","","","","","","","","","","","","",0,1,"","","","","","","","","","","","","","","","","","","","","","","","","","","","","",""
"61328002","LE PIN-AU-HARAS -INRAE",48.735833,0.128167,176,2002071203,0.,1,"","","","","","","","","","","","","","","","","","","","","","","","","","","","","","","","","","",12.7,1,"","","","","","","","","","","","","","","","","","","","","","","","","","","","",97,1,"","","","","","","","","","","","","","","","","","","","","","","","","","","","","","","","","","","","","","","","","","","","","","","","","","","","","","","","","","","","","","","","","","","","","","","","","","","","","","","","","","","","","","","","","","","","","","","","","","",0,1,"","","","","","","","","","","","","","","","","","","","","","","","","","","","","",""
"61328002","LE PIN-AU-HARAS -INRAE",48.735833,0.128167,176,2002071204,0.,1,"","","","","","","","","","","","","","","","","","","","","","","","","","","","","","","","","","",12.7,1,"","","","","","","","","","","","","","","","","","","","","","","","","","","","",96,1,"","","","","","","","","","","","","","","","","","","","","","","","","","","","","","","","","","","","","","","","","","","","","","","","","","","","","","","","","","","","","","","","","","","","","","","","","","","","","","","","","","","","","","","","","","","","","","","","","","",0,1,"","","","","","","","","","","","","","","","","","","","","","","","","","","","","",""
"61328002","LE PIN-AU-HARAS -INRAE",48.735833,0.128167,176,2002071205,0.,1,"","","","","","","","","","","","","","","","","","","","","","","","","","","","","","","","","","",12.6,1,"","","","","","","","","","","","","","","","","","","","","","","","","","","","",97,1,"","","","","","","","","","","","","","","","","","","","","","","","","","","","","","","","","","","","","","","","","","","","","","","","","","","","","","","","","","","","","","","","","","","","","","","","","","","","","","","","","","","","","","","","","","","","","","","","","","",2,1,"","","","","","","","","","","","","","","","","","","","","","","","","","","","","",""
"61328002","LE PIN-AU-HARAS -INRAE",48.735833,0.128167,176,2002071206,0.,1,"","","","","","","","","","","","","","","","","","","","","","","","","","","","","","","","","","",13.7,1,"","","","","","","","","","","","","","","","","","","","","","","","","","","","",91,1,"","","","","","","","","","","","","","","","","","","","","","","","","","","","","","","","","","","","","","","","","","","","","","","","","","","","","","","","","","","","","","","","","","","","","","","","","","","","","","","","","","","","","","","","","","","","","","","","","","",16,1,"","","","","","","","","","","","","","","","","","","","","","","","","","","","","",""
"61328002","LE PIN-AU-HARAS -INRAE",48.735833,0.128167,176,2002071207,0.,1,"","","","","","","","","","","","","","","","","","","","","","","","","","","","","","","","","","",14.5,1,"","","","","","","","","","","","","","","","","","","","","","","","","","","","",88,1,"","","","","","","","","","","","","","","","","","","","","","","","","","","","","","","","","","","","","","","","","","","","","","","","","","","","","","","","","","","","","","","","","","","","","","","","","","","","","","","","","","","","","","","","","","","","","","","","","","",28,1,"","","","","","","","","","","","","","","","","","","","","","","","","","","","","",""
"61328002","LE PIN-AU-HARAS -INRAE",48.735833,0.128167,176,2002071208,0.,1,"","","","","","","","","","","","","","","","","","","","","","","","","","","","","","","","","","",15.8,1,"","","","","","","","","","","","","","","","","","","","","","","","","","","","",75,1,"","","","","","","","","","","","","","","","","","","","","","","","","","","","","","","","","","","","","","","","","","","","","","","","","","","","","","","","","","","","","","","","","","","","","","","","","","","","","","","","","","","","","","","","","","","","","","","","","","",52,1,"","","","","","","","","","","","","","","","","","","","","","","","","","","","","",""
"61328002","LE PIN-AU-HARAS -INRAE",48.735833,0.128167,176,2002071209,0.,1,"","","","","","","","","","","","","","","","","","","","","","","","","","","","","","","","","","",16.8,1,"","","","","","","","","","","","","","","","","","","","","","","","","","","","",66,1,"","","","","","","","","","","","","","","","","","","","","","","","","","","","","","","","","","","","","","","","","","","","","","","","","","","","","","","","","","","","","","","","","","","","","","","","","","","","","","","","","","","","","","","","","","","","","","","","","","",112,1,"","","","","","","","","","","","","","","","","","","","","","","","","","","","","",""
"61328002","LE PIN-AU-HARAS -INRAE",48.735833,0.128167,176,2002071210,0.,1,"","","","","","","","","","","","","","","","","","","","","","","","","","","","","","","","","","",17.,1,"","","","","","","","","","","","","","","","","","","","","","","","","","","","",66,1,"","","","","","","","","","","","","","","","","","","","","","","","","","","","","","","","","","","","","","","","","","","","","","","","","","","","","","","","","","","","","","","","","","","","","","","","","","","","","","","","","","","","","","","","","","","","","","","","","","",120,1,"","","","","","","","","","","","","","","","","","","","","","","","","","","","","",""
"61328002","LE PIN-AU-HARAS -INRAE",48.735833,0.128167,176,2002071211,0.,1,"","","","","","","","","","","","","","","","","","","","","","","","","","","","","","","","","","",16.6,1,"","","","","","","","","","","","","","","","","","","","","","","","","","","","",68,1,"","","","","","","","","","","","","","","","","","","","","","","","","","","","","","","","","","","","","","","","","","","","","","","","","","","","","","","","","","","","","","","","","","","","","","","","","","","","","","","","","","","","","","","","","","","","","","","","","","",58,1,"","","","","","","","","","","","","","","","","","","","","","","","","","","","","",""
"61328002","LE PIN-AU-HARAS -INRAE",48.735833,0.128167,176,2002071212,0.,1,"","","","","","","","","","","","","","","","","","","","","","","","","","","","","","","","","","",16.1,1,"","","","","","","","","","","","","","","","","","","","","","","","","","","","",68,1,"","","","","","","","","","","","","","","","","","","","","","","","","","","","","","","","","","","","","","","","","","","","","","","","","","","","","","","","","","","","","","","","","","","","","","","","","","","","","","","","","","","","","","","","","","","","","","","","","","",84,1,"","","","","","","","","","","","","","","","","","","","","","","","","","","","","",""
"61328002","LE PIN-AU-HARAS -INRAE",48.735833,0.128167,176,2002071213,0.,1,"","","","","","","","","","","","","","","","","","","","","","","","","","","","","","","","","","",16.2,1,"","","","","","","","","","","","","","","","","","","","","","","","","","","","",69,1,"","","","","","","","","","","","","","","","","","","","","","","","","","","","","","","","","","","","","","","","","","","","","","","","","","","","","","","","","","","","","","","","","","","","","","","","","","","","","","","","","","","","","","","","","","","","","","","","","","",78,1,"","","","","","","","","","","","","","","","","","","","","","","","","","","","","",""
"61328002","LE PIN-AU-HARAS -INRAE",48.735833,0.128167,176,2002071214,0.,1,"","","","","","","","","","","","","","","","","","","","","","","","","","","","","","","","","","",17.,1,"","","","","","","","","","","","","","","","","","","","","","","","","","","","",65,1,"","","","","","","","","","","","","","","","","","","","","","","","","","","","","","","","","","","","","","","","","","","","","","","","","","","","","","","","","","","","","","","","","","","","","","","","","","","","","","","","","","","","","","","","","","","","","","","","","","",92,1,"","","","","","","","","","","","","","","","","","","","","","","","","","","","","",""
"61328002","LE PIN-AU-HARAS -INRAE",48.735833,0.128167,176,2002071215,0.,1,"","","","","","","","","","","","","","","","","","","","","","","","","","","","","","","","","","",17.7,1,"","","","","","","","","","","","","","","","","","","","","","","","","","","","",65,1,"","","","","","","","","","","","","","","","","","","","","","","","","","","","","","","","","","","","","","","","","","","","","","","","","","","","","","","","","","","","","","","","","","","","","","","","","","","","","","","","","","","","","","","","","","","","","","","","","","",84,1,"","","","","","","","","","","","","","","","","","","","","","","","","","","","","",""
"61328002","LE PIN-AU-HARAS -INRAE",48.735833,0.128167,176,2002071216,0.,1,"","","","","","","","","","","","","","","","","","","","","","","","","","","","","","","","","","",17.6,1,"","","","","","","","","","","","","","","","","","","","","","","","","","","","",74,1,"","","","","","","","","","","","","","","","","","","","","","","","","","","","","","","","","","","","","","","","","","","","","","","","","","","","","","","","","","","","","","","","","","","","","","","","","","","","","","","","","","","","","","","","","","","","","","","","","","",46,1,"","","","","","","","","","","","","","","","","","","","","","","","","","","","","",""
"61328002","LE PIN-AU-HARAS -INRAE",48.735833,0.128167,176,2002071217,0.,1,"","","","","","","","","","","","","","","","","","","","","","","","","","","","","","","","","","",17.1,1,"","","","","","","","","","","","","","","","","","","","","","","","","","","","",77,1,"","","","","","","","","","","","","","","","","","","","","","","","","","","","","","","","","","","","","","","","","","","","","","","","","","","","","","","","","","","","","","","","","","","","","","","","","","","","","","","","","","","","","","","","","","","","","","","","","","",30,1,"","","","","","","","","","","","","","","","","","","","","","","","","","","","","",""
"61328002","LE PIN-AU-HARAS -INRAE",48.735833,0.128167,176,2002071218,0.,1,"","","","","","","","","","","","","","","","","","","","","","","","","","","","","","","","","","",16.5,1,"","","","","","","","","","","","","","","","","","","","","","","","","","","","",81,1,"","","","","","","","","","","","","","","","","","","","","","","","","","","","","","","","","","","","","","","","","","","","","","","","","","","","","","","","","","","","","","","","","","","","","","","","","","","","","","","","","","","","","","","","","","","","","","","","","","",12,1,"","","","","","","","","","","","","","","","","","","","","","","","","","","","","",""
"61328002","LE PIN-AU-HARAS -INRAE",48.735833,0.128167,176,2002071219,0.,1,"","","","","","","","","","","","","","","","","","","","","","","","","","","","","","","","","","",15.4,1,"","","","","","","","","","","","","","","","","","","","","","","","","","","","",92,1,"","","","","","","","","","","","","","","","","","","","","","","","","","","","","","","","","","","","","","","","","","","","","","","","","","","","","","","","","","","","","","","","","","","","","","","","","","","","","","","","","","","","","","","","","","","","","","","","","","",10,1,"","","","","","","","","","","","","","","","","","","","","","","","","","","","","",""
"61328002","LE PIN-AU-HARAS -INRAE",48.735833,0.128167,176,2002071220,4.5,1,"","","","","","","","","","","","","","","","","","","","","","","","","","","","","","","","","","",14.8,1,"","","","","","","","","","","","","","","","","","","","","","","","","","","","",98,1,"","","","","","","","","","","","","","","","","","","","","","","","","","","","","","","","","","","","","","","","","","","","","","","","","","","","","","","","","","","","","","","","","","","","","","","","","","","","","","","","","","","","","","","","","","","","","","","","","","",2,1,"","","","","","","","","","","","","","","","","","","","","","","","","","","","","",""
"61328002","LE PIN-AU-HARAS -INRAE",48.735833,0.128167,176,2002071221,0.,1,"","","","","","","","","","","","","","","","","","","","","","","","","","","","","","","","","","",14.6,1,"","","","","","","","","","","","","","","","","","","","","","","","","","","","",99,1,"","","","","","","","","","","","","","","","","","","","","","","","","","","","","","","","","","","","","","","","","","","","","","","","","","","","","","","","","","","","","","","","","","","","","","","","","","","","","","","","","","","","","","","","","","","","","","","","","","",0,1,"","","","","","","","","","","","","","","","","","","","","","","","","","","","","",""
"61328002","LE PIN-AU-HARAS -INRAE",48.735833,0.128167,176,2002071222,0.5,1,"","","","","","","","","","","","","","","","","","","","","","","","","","","","","","","","","","",14.1,1,"","","","","","","","","","","","","","","","","","","","","","","","","","","","",100,1,"","","","","","","","","","","","","","","","","","","","","","","","","","","","","","","","","","","","","","","","","","","","","","","","","","","","","","","","","","","","","","","","","","","","","","","","","","","","","","","","","","","","","","","","","","","","","","","","","","",0,1,"","","","","","","","","","","","","","","","","","","","","","","","","","","","","",""
"61328002","LE PIN-AU-HARAS -INRAE",48.735833,0.128167,176,2002071223,0.,1,"","","","","","","","","","","","","","","","","","","","","","","","","","","","","","","","","","",14.,1,"","","","","","","","","","","","","","","","","","","","","","","","","","","","",100,1,"","","","","","","","","","","","","","","","","","","","","","","","","","","","","","","","","","","","","","","","","","","","","","","","","","","","","","","","","","","","","","","","","","","","","","","","","","","","","","","","","","","","","","","","","","","","","","","","","","",0,1,"","","","","","","","","","","","","","","","","","","","","","","","","","","","","",""
"61328002","LE PIN-AU-HARAS -INRAE",48.735833,0.128167,176,2002071300,0.,1,"","","","","","","","","","","","","","","","","","","","","","","","","","","","","","","","","","",14.2,1,"","","","","","","","","","","","","","","","","","","","","","","","","","","","",100,1,"","","","","","","","","","","","","","","","","","","","","","","","","","","","","","","","","","","","","","","","","","","","","","","","","","","","","","","","","","","","","","","","","","","","","","","","","","","","","","","","","","","","","","","","","","","","","","","","","","",0,1,"","","","","","","","","","","","","","","","","","","","","","","","","","","","","",""
"61328002","LE PIN-AU-HARAS -INRAE",48.735833,0.128167,176,2002071301,0.,1,"","","","","","","","","","","","","","","","","","","","","","","","","","","","","","","","","","",14.,1,"","","","","","","","","","","","","","","","","","","","","","","","","","","","",100,1,"","","","","","","","","","","","","","","","","","","","","","","","","","","","","","","","","","","","","","","","","","","","","","","","","","","","","","","","","","","","","","","","","","","","","","","","","","","","","","","","","","","","","","","","","","","","","","","","","","",0,1,"","","","","","","","","","","","","","","","","","","","","","","","","","","","","",""
"61328002","LE PIN-AU-HARAS -INRAE",48.735833,0.128167,176,2002071302,0.,1,"","","","","","","","","","","","","","","","","","","","","","","","","","","","","","","","","","",13.5,1,"","","","","","","","","","","","","","","","","","","","","","","","","","","","",100,1,"","","","","","","","","","","","","","","","","","","","","","","","","","","","","","","","","","","","","","","","","","","","","","","","","","","","","","","","","","","","","","","","","","","","","","","","","","","","","","","","","","","","","","","","","","","","","","","","","","",0,1,"","","","","","","","","","","","","","","","","","","","","","","","","","","","","",""
"61328002","LE PIN-AU-HARAS -INRAE",48.735833,0.128167,176,2002071303,2.,1,"","","","","","","","","","","","","","","","","","","","","","","","","","","","","","","","","","",12.6,1,"","","","","","","","","","","","","","","","","","","","","","","","","","","","",100,1,"","","","","","","","","","","","","","","","","","","","","","","","","","","","","","","","","","","","","","","","","","","","","","","","","","","","","","","","","","","","","","","","","","","","","","","","","","","","","","","","","","","","","","","","","","","","","","","","","","",0,1,"","","","","","","","","","","","","","","","","","","","","","","","","","","","","",""
"61328002","LE PIN-AU-HARAS -INRAE",48.735833,0.128167,176,2002071304,1.5,1,"","","","","","","","","","","","","","","","","","","","","","","","","","","","","","","","","","",12.4,1,"","","","","","","","","","","","","","","","","","","","","","","","","","","","",100,1,"","","","","","","","","","","","","","","","","","","","","","","","","","","","","","","","","","","","","","","","","","","","","","","","","","","","","","","","","","","","","","","","","","","","","","","","","","","","","","","","","","","","","","","","","","","","","","","","","","",0,1,"","","","","","","","","","","","","","","","","","","","","","","","","","","","","",""
"61328002","LE PIN-AU-HARAS -INRAE",48.735833,0.128167,176,2002071305,0.5,1,"","","","","","","","","","","","","","","","","","","","","","","","","","","","","","","","","","",12.4,1,"","","","","","","","","","","","","","","","","","","","","","","","","","","","",100,1,"","","","","","","","","","","","","","","","","","","","","","","","","","","","","","","","","","","","","","","","","","","","","","","","","","","","","","","","","","","","","","","","","","","","","","","","","","","","","","","","","","","","","","","","","","","","","","","","","","",0,1,"","","","","","","","","","","","","","","","","","","","","","","","","","","","","",""
"61328002","LE PIN-AU-HARAS -INRAE",48.735833,0.128167,176,2002071306,0.5,1,"","","","","","","","","","","","","","","","","","","","","","","","","","","","","","","","","","",13.1,1,"","","","","","","","","","","","","","","","","","","","","","","","","","","","",100,1,"","","","","","","","","","","","","","","","","","","","","","","","","","","","","","","","","","","","","","","","","","","","","","","","","","","","","","","","","","","","","","","","","","","","","","","","","","","","","","","","","","","","","","","","","","","","","","","","","","",4,1,"","","","","","","","","","","","","","","","","","","","","","","","","","","","","",""
"61328002","LE PIN-AU-HARAS -INRAE",48.735833,0.128167,176,2002071307,0.,1,"","","","","","","","","","","","","","","","","","","","","","","","","","","","","","","","","","",13.5,1,"","","","","","","","","","","","","","","","","","","","","","","","","","","","",100,1,"","","","","","","","","","","","","","","","","","","","","","","","","","","","","","","","","","","","","","","","","","","","","","","","","","","","","","","","","","","","","","","","","","","","","","","","","","","","","","","","","","","","","","","","","","","","","","","","","","",20,1,"","","","","","","","","","","","","","","","","","","","","","","","","","","","","",""
"61328002","LE PIN-AU-HARAS -INRAE",48.735833,0.128167,176,2002071308,0.,1,"","","","","","","","","","","","","","","","","","","","","","","","","","","","","","","","","","",14.5,1,"","","","","","","","","","","","","","","","","","","","","","","","","","","","",93,1,"","","","","","","","","","","","","","","","","","","","","","","","","","","","","","","","","","","","","","","","","","","","","","","","","","","","","","","","","","","","","","","","","","","","","","","","","","","","","","","","","","","","","","","","","","","","","","","","","","",96,1,"","","","","","","","","","","","","","","","","","","","","","","","","","","","","",""
"61328002","LE PIN-AU-HARAS -INRAE",48.735833,0.128167,176,2002071309,0.,1,"","","","","","","","","","","","","","","","","","","","","","","","","","","","","","","","","","",14.2,1,"","","","","","","","","","","","","","","","","","","","","","","","","","","","",89,1,"","","","","","","","","","","","","","","","","","","","","","","","","","","","","","","","","","","","","","","","","","","","","","","","","","","","","","","","","","","","","","","","","","","","","","","","","","","","","","","","","","","","","","","","","","","","","","","","","","",76,1,"","","","","","","","","","","","","","","","","","","","","","","","","","","","","",""
"61328002","LE PIN-AU-HARAS -INRAE",48.735833,0.128167,176,2002071310,0.,1,"","","","","","","","","","","","","","","","","","","","","","","","","","","","","","","","","","",16.1,1,"","","","","","","","","","","","","","","","","","","","","","","","","","","","",76,1,"","","","","","","","","","","","","","","","","","","","","","","","","","","","","","","","","","","","","","","","","","","","","","","","","","","","","","","","","","","","","","","","","","","","","","","","","","","","","","","","","","","","","","","","","","","","","","","","","","",168,1,"","","","","","","","","","","","","","","","","","","","","","","","","","","","","",""
"61328002","LE PIN-AU-HARAS -INRAE",48.735833,0.128167,176,2002071311,0.,1,"","","","","","","","","","","","","","","","","","","","","","","","","","","","","","","","","","",17.2,1,"","","","","","","","","","","","","","","","","","","","","","","","","","","","",61,1,"","","","","","","","","","","","","","","","","","","","","","","","","","","","","","","","","","","","","","","","","","","","","","","","","","","","","","","","","","","","","","","","","","","","","","","","","","","","","","","","","","","","","","","","","","","","","","","","","","",222,1,"","","","","","","","","","","","","","","","","","","","","","","","","","","","","",""
"61328002","LE PIN-AU-HARAS -INRAE",48.735833,0.128167,176,2002071312,0.,1,"","","","","","","","","","","","","","","","","","","","","","","","","","","","","","","","","","",17.5,1,"","","","","","","","","","","","","","","","","","","","","","","","","","","","",58,1,"","","","","","","","","","","","","","","","","","","","","","","","","","","","","","","","","","","","","","","","","","","","","","","","","","","","","","","","","","","","","","","","","","","","","","","","","","","","","","","","","","","","","","","","","","","","","","","","","","",280,1,"","","","","","","","","","","","","","","","","","","","","","","","","","","","","",""
"61328002","LE PIN-AU-HARAS -INRAE",48.735833,0.128167,176,2002071313,0.,1,"","","","","","","","","","","","","","","","","","","","","","","","","","","","","","","","","","",18.7,1,"","","","","","","","","","","","","","","","","","","","","","","","","","","","",47,1,"","","","","","","","","","","","","","","","","","","","","","","","","","","","","","","","","","","","","","","","","","","","","","","","","","","","","","","","","","","","","","","","","","","","","","","","","","","","","","","","","","","","","","","","","","","","","","","","","","",308,1,"","","","","","","","","","","","","","","","","","","","","","","","","","","","","",""
"61328002","LE PIN-AU-HARAS -INRAE",48.735833,0.128167,176,2002071314,0.,1,"","","","","","","","","","","","","","","","","","","","","","","","","","","","","","","","","","",19.1,1,"","","","","","","","","","","","","","","","","","","","","","","","","","","","",43,1,"","","","","","","","","","","","","","","","","","","","","","","","","","","","","","","","","","","","","","","","","","","","","","","","","","","","","","","","","","","","","","","","","","","","","","","","","","","","","","","","","","","","","","","","","","","","","","","","","","",326,1,"","","","","","","","","","","","","","","","","","","","","","","","","","","","","",""
"61328002","LE PIN-AU-HARAS -INRAE",48.735833,0.128167,176,2002071315,0.,1,"","","","","","","","","","","","","","","","","","","","","","","","","","","","","","","","","","",18.8,1,"","","","","","","","","","","","","","","","","","","","","","","","","","","","",43,1,"","","","","","","","","","","","","","","","","","","","","","","","","","","","","","","","","","","","","","","","","","","","","","","","","","","","","","","","","","","","","","","","","","","","","","","","","","","","","","","","","","","","","","","","","","","","","","","","","","",292,1,"","","","","","","","","","","","","","","","","","","","","","","","","","","","","",""
"61328002","LE PIN-AU-HARAS -INRAE",48.735833,0.128167,176,2002071316,0.,1,"","","","","","","","","","","","","","","","","","","","","","","","","","","","","","","","","","",18.6,1,"","","","","","","","","","","","","","","","","","","","","","","","","","","","",43,1,"","","","","","","","","","","","","","","","","","","","","","","","","","","","","","","","","","","","","","","","","","","","","","","","","","","","","","","","","","","","","","","","","","","","","","","","","","","","","","","","","","","","","","","","","","","","","","","","","","",246,1,"","","","","","","","","","","","","","","","","","","","","","","","","","","","","",""
"61328002","LE PIN-AU-HARAS -INRAE",48.735833,0.128167,176,2002071317,0.,1,"","","","","","","","","","","","","","","","","","","","","","","","","","","","","","","","","","",17.8,1,"","","","","","","","","","","","","","","","","","","","","","","","","","","","",46,1,"","","","","","","","","","","","","","","","","","","","","","","","","","","","","","","","","","","","","","","","","","","","","","","","","","","","","","","","","","","","","","","","","","","","","","","","","","","","","","","","","","","","","","","","","","","","","","","","","","",188,1,"","","","","","","","","","","","","","","","","","","","","","","","","","","","","",""
"61328002","LE PIN-AU-HARAS -INRAE",48.735833,0.128167,176,2002071318,0.,1,"","","","","","","","","","","","","","","","","","","","","","","","","","","","","","","","","","",17.6,1,"","","","","","","","","","","","","","","","","","","","","","","","","","","","",49,1,"","","","","","","","","","","","","","","","","","","","","","","","","","","","","","","","","","","","","","","","","","","","","","","","","","","","","","","","","","","","","","","","","","","","","","","","","","","","","","","","","","","","","","","","","","","","","","","","","","",126,1,"","","","","","","","","","","","","","","","","","","","","","","","","","","","","",""
"61328002","LE PIN-AU-HARAS -INRAE",48.735833,0.128167,176,2002071319,0.,1,"","","","","","","","","","","","","","","","","","","","","","","","","","","","","","","","","","",15.9,1,"","","","","","","","","","","","","","","","","","","","","","","","","","","","",54,1,"","","","","","","","","","","","","","","","","","","","","","","","","","","","","","","","","","","","","","","","","","","","","","","","","","","","","","","","","","","","","","","","","","","","","","","","","","","","","","","","","","","","","","","","","","","","","","","","","","",64,1,"","","","","","","","","","","","","","","","","","","","","","","","","","","","","",""
"61328002","LE PIN-AU-HARAS -INRAE",48.735833,0.128167,176,2002071320,0.,1,"","","","","","","","","","","","","","","","","","","","","","","","","","","","","","","","","","",12.8,1,"","","","","","","","","","","","","","","","","","","","","","","","","","","","",71,1,"","","","","","","","","","","","","","","","","","","","","","","","","","","","","","","","","","","","","","","","","","","","","","","","","","","","","","","","","","","","","","","","","","","","","","","","","","","","","","","","","","","","","","","","","","","","","","","","","","",6,1,"","","","","","","","","","","","","","","","","","","","","","","","","","","","","",""
"61328002","LE PIN-AU-HARAS -INRAE",48.735833,0.128167,176,2002071321,0.,1,"","","","","","","","","","","","","","","","","","","","","","","","","","","","","","","","","","",10.,1,"","","","","","","","","","","","","","","","","","","","","","","","","","","","",91,1,"","","","","","","","","","","","","","","","","","","","","","","","","","","","","","","","","","","","","","","","","","","","","","","","","","","","","","","","","","","","","","","","","","","","","","","","","","","","","","","","","","","","","","","","","","","","","","","","","","",0,1,"","","","","","","","","","","","","","","","","","","","","","","","","","","","","",""
"61328002","LE PIN-AU-HARAS -INRAE",48.735833,0.128167,176,2002071322,0.,1,"","","","","","","","","","","","","","","","","","","","","","","","","","","","","","","","","","",9.1,1,"","","","","","","","","","","","","","","","","","","","","","","","","","","","",96,1,"","","","","","","","","","","","","","","","","","","","","","","","","","","","","","","","","","","","","","","","","","","","","","","","","","","","","","","","","","","","","","","","","","","","","","","","","","","","","","","","","","","","","","","","","","","","","","","","","","",0,1,"","","","","","","","","","","","","","","","","","","","","","","","","","","","","",""
"61328002","LE PIN-AU-HARAS -INRAE",48.735833,0.128167,176,2002071323,0.,1,"","","","","","","","","","","","","","","","","","","","","","","","","","","","","","","","","","",8.1,1,"","","","","","","","","","","","","","","","","","","","","","","","","","","","",97,1,"","","","","","","","","","","","","","","","","","","","","","","","","","","","","","","","","","","","","","","","","","","","","","","","","","","","","","","","","","","","","","","","","","","","","","","","","","","","","","","","","","","","","","","","","","","","","","","","","","",0,1,"","","","","","","","","","","","","","","","","","","","","","","","","","","","","",""
"61328002","LE PIN-AU-HARAS -INRAE",48.735833,0.128167,176,2002071400,0.,1,"","","","","","","","","","","","","","","","","","","","","","","","","","","","","","","","","","",7.4,1,"","","","","","","","","","","","","","","","","","","","","","","","","","","","",98,1,"","","","","","","","","","","","","","","","","","","","","","","","","","","","","","","","","","","","","","","","","","","","","","","","","","","","","","","","","","","","","","","","","","","","","","","","","","","","","","","","","","","","","","","","","","","","","","","","","","",0,1,"","","","","","","","","","","","","","","","","","","","","","","","","","","","","",""
"61328002","LE PIN-AU-HARAS -INRAE",48.735833,0.128167,176,2002071401,0.,1,"","","","","","","","","","","","","","","","","","","","","","","","","","","","","","","","","","",6.5,1,"","","","","","","","","","","","","","","","","","","","","","","","","","","","",99,1,"","","","","","","","","","","","","","","","","","","","","","","","","","","","","","","","","","","","","","","","","","","","","","","","","","","","","","","","","","","","","","","","","","","","","","","","","","","","","","","","","","","","","","","","","","","","","","","","","","",0,1,"","","","","","","","","","","","","","","","","","","","","","","","","","","","","",""
"61328002","LE PIN-AU-HARAS -INRAE",48.735833,0.128167,176,2002071402,0.,1,"","","","","","","","","","","","","","","","","","","","","","","","","","","","","","","","","","",6.4,1,"","","","","","","","","","","","","","","","","","","","","","","","","","","","",100,1,"","","","","","","","","","","","","","","","","","","","","","","","","","","","","","","","","","","","","","","","","","","","","","","","","","","","","","","","","","","","","","","","","","","","","","","","","","","","","","","","","","","","","","","","","","","","","","","","","","",0,1,"","","","","","","","","","","","","","","","","","","","","","","","","","","","","",""
"61328002","LE PIN-AU-HARAS -INRAE",48.735833,0.128167,176,2002071403,0.,1,"","","","","","","","","","","","","","","","","","","","","","","","","","","","","","","","","","",5.9,1,"","","","","","","","","","","","","","","","","","","","","","","","","","","","",100,1,"","","","","","","","","","","","","","","","","","","","","","","","","","","","","","","","","","","","","","","","","","","","","","","","","","","","","","","","","","","","","","","","","","","","","","","","","","","","","","","","","","","","","","","","","","","","","","","","","","",0,1,"","","","","","","","","","","","","","","","","","","","","","","","","","","","","",""
"61328002","LE PIN-AU-HARAS -INRAE",48.735833,0.128167,176,2002071404,0.,1,"","","","","","","","","","","","","","","","","","","","","","","","","","","","","","","","","","",6.3,1,"","","","","","","","","","","","","","","","","","","","","","","","","","","","",100,1,"","","","","","","","","","","","","","","","","","","","","","","","","","","","","","","","","","","","","","","","","","","","","","","","","","","","","","","","","","","","","","","","","","","","","","","","","","","","","","","","","","","","","","","","","","","","","","","","","","",0,1,"","","","","","","","","","","","","","","","","","","","","","","","","","","","","",""
"61328002","LE PIN-AU-HARAS -INRAE",48.735833,0.128167,176,2002071405,0.,1,"","","","","","","","","","","","","","","","","","","","","","","","","","","","","","","","","","",10.9,1,"","","","","","","","","","","","","","","","","","","","","","","","","","","","",100,1,"","","","","","","","","","","","","","","","","","","","","","","","","","","","","","","","","","","","","","","","","","","","","","","","","","","","","","","","","","","","","","","","","","","","","","","","","","","","","","","","","","","","","","","","","","","","","","","","","","",4,1,"","","","","","","","","","","","","","","","","","","","","","","","","","","","","",""
"61328002","LE PIN-AU-HARAS -INRAE",48.735833,0.128167,176,2002071406,0.,1,"","","","","","","","","","","","","","","","","","","","","","","","","","","","","","","","","","",11.7,1,"","","","","","","","","","","","","","","","","","","","","","","","","","","","",100,1,"","","","","","","","","","","","","","","","","","","","","","","","","","","","","","","","","","","","","","","","","","","","","","","","","","","","","","","","","","","","","","","","","","","","","","","","","","","","","","","","","","","","","","","","","","","","","","","","","","",18,1,"","","","","","","","","","","","","","","","","","","","","","","","","","","","","",""
"61328002","LE PIN-AU-HARAS -INRAE",48.735833,0.128167,176,2002071407,0.,1,"","","","","","","","","","","","","","","","","","","","","","","","","","","","","","","","","","",12.2,1,"","","","","","","","","","","","","","","","","","","","","","","","","","","","",100,1,"","","","","","","","","","","","","","","","","","","","","","","","","","","","","","","","","","","","","","","","","","","","","","","","","","","","","","","","","","","","","","","","","","","","","","","","","","","","","","","","","","","","","","","","","","","","","","","","","","",42,1,"","","","","","","","","","","","","","","","","","","","","","","","","","","","","",""
"61328002","LE PIN-AU-HARAS -INRAE",48.735833,0.128167,176,2002071408,0.,1,"","","","","","","","","","","","","","","","","","","","","","","","","","","","","","","","","","",13.2,1,"","","","","","","","","","","","","","","","","","","","","","","","","","","","",100,1,"","","","","","","","","","","","","","","","","","","","","","","","","","","","","","","","","","","","","","","","","","","","","","","","","","","","","","","","","","","","","","","","","","","","","","","","","","","","","","","","","","","","","","","","","","","","","","","","","","",70,1,"","","","","","","","","","","","","","","","","","","","","","","","","","","","","",""
"61328002","LE PIN-AU-HARAS -INRAE",48.735833,0.128167,176,2002071409,0.,1,"","","","","","","","","","","","","","","","","","","","","","","","","","","","","","","","","","",15.6,1,"","","","","","","","","","","","","","","","","","","","","","","","","","","","",90,1,"","","","","","","","","","","","","","","","","","","","","","","","","","","","","","","","","","","","","","","","","","","","","","","","","","","","","","","","","","","","","","","","","","","","","","","","","","","","","","","","","","","","","","","","","","","","","","","","","","",170,1,"","","","","","","","","","","","","","","","","","","","","","","","","","","","","",""
"61328002","LE PIN-AU-HARAS -INRAE",48.735833,0.128167,176,2002071410,0.,1,"","","","","","","","","","","","","","","","","","","","","","","","","","","","","","","","","","",17.5,1,"","","","","","","","","","","","","","","","","","","","","","","","","","","","",73,1,"","","","","","","","","","","","","","","","","","","","","","","","","","","","","","","","","","","","","","","","","","","","","","","","","","","","","","","","","","","","","","","","","","","","","","","","","","","","","","","","","","","","","","","","","","","","","","","","","","",274,1,"","","","","","","","","","","","","","","","","","","","","","","","","","","","","",""
"61328002","LE PIN-AU-HARAS -INRAE",48.735833,0.128167,176,2002071411,0.,1,"","","","","","","","","","","","","","","","","","","","","","","","","","","","","","","","","","",19.4,1,"","","","","","","","","","","","","","","","","","","","","","","","","","","","",62,1,"","","","","","","","","","","","","","","","","","","","","","","","","","","","","","","","","","","","","","","","","","","","","","","","","","","","","","","","","","","","","","","","","","","","","","","","","","","","","","","","","","","","","","","","","","","","","","","","","","",314,1,"","","","","","","","","","","","","","","","","","","","","","","","","","","","","",""
"61328002","LE PIN-AU-HARAS -INRAE",48.735833,0.128167,176,2002071412,0.,1,"","","","","","","","","","","","","","","","","","","","","","","","","","","","","","","","","","",21.2,1,"","","","","","","","","","","","","","","","","","","","","","","","","","","","",52,1,"","","","","","","","","","","","","","","","","","","","","","","","","","","","","","","","","","","","","","","","","","","","","","","","","","","","","","","","","","","","","","","","","","","","","","","","","","","","","","","","","","","","","","","","","","","","","","","","","","",308,1,"","","","","","","","","","","","","","","","","","","","","","","","","","","","","",""
"61328002","LE PIN-AU-HARAS -INRAE",48.735833,0.128167,176,2002071413,0.,1,"","","","","","","","","","","","","","","","","","","","","","","","","","","","","","","","","","",21.1,1,"","","","","","","","","","","","","","","","","","","","","","","","","","","","",43,1,"","","","","","","","","","","","","","","","","","","","","","","","","","","","","","","","","","","","","","","","","","","","","","","","","","","","","","","","","","","","","","","","","","","","","","","","","","","","","","","","","","","","","","","","","","","","","","","","","","",322,1,"","","","","","","","","","","","","","","","","","","","","","","","","","","","","",""
"61328002","LE PIN-AU-HARAS -INRAE",48.735833,0.128167,176,2002071414,0.,1,"","","","","","","","","","","","","","","","","","","","","","","","","","","","","","","","","","",21.2,1,"","","","","","","","","","","","","","","","","","","","","","","","","","","","",44,1,"","","","","","","","","","","","","","","","","","","","","","","","","","","","","","","","","","","","","","","","","","","","","","","","","","","","","","","","","","","","","","","","","","","","","","","","","","","","","","","","","","","","","","","","","","","","","","","","","","",320,1,"","","","","","","","","","","","","","","","","","","","","","","","","","","","","",""
"61328002","LE PIN-AU-HARAS -INRAE",48.735833,0.128167,176,2002071415,0.,1,"","","","","","","","","","","","","","","","","","","","","","","","","","","","","","","","","","",21.5,1,"","","","","","","","","","","","","","","","","","","","","","","","","","","","",48,1,"","","","","","","","","","","","","","","","","","","","","","","","","","","","","","","","","","","","","","","","","","","","","","","","","","","","","","","","","","","","","","","","","","","","","","","","","","","","","","","","","","","","","","","","","","","","","","","","","","",274,1,"","","","","","","","","","","","","","","","","","","","","","","","","","","","","",""
"61328002","LE PIN-AU-HARAS -INRAE",48.735833,0.128167,176,2002071416,0.,1,"","","","","","","","","","","","","","","","","","","","","","","","","","","","","","","","","","",20.7,1,"","","","","","","","","","","","","","","","","","","","","","","","","","","","",46,1,"","","","","","","","","","","","","","","","","","","","","","","","","","","","","","","","","","","","","","","","","","","","","","","","","","","","","","","","","","","","","","","","","","","","","","","","","","","","","","","","","","","","","","","","","","","","","","","","","","",234,1,"","","","","","","","","","","","","","","","","","","","","","","","","","","","","",""
"61328002","LE PIN-AU-HARAS -INRAE",48.735833,0.128167,176,2002071417,0.,1,"","","","","","","","","","","","","","","","","","","","","","","","","","","","","","","","","","",20.3,1,"","","","","","","","","","","","","","","","","","","","","","","","","","","","",50,1,"","","","","","","","","","","","","","","","","","","","","","","","","","","","","","","","","","","","","","","","","","","","","","","","","","","","","","","","","","","","","","","","","","","","","","","","","","","","","","","","","","","","","","","","","","","","","","","","","","",176,1,"","","","","","","","","","","","","","","","","","","","","","","","","","","","","",""
"61328002","LE PIN-AU-HARAS -INRAE",48.735833,0.128167,176,2002071418,0.,1,"","","","","","","","","","","","","","","","","","","","","","","","","","","","","","","","","","",19.3,1,"","","","","","","","","","","","","","","","","","","","","","","","","","","","",49,1,"","","","","","","","","","","","","","","","","","","","","","","","","","","","","","","","","","","","","","","","","","","","","","","","","","","","","","","","","","","","","","","","","","","","","","","","","","","","","","","","","","","","","","","","","","","","","","","","","","",120,1,"","","","","","","","","","","","","","","","","","","","","","","","","","","","","",""
"61328002","LE PIN-AU-HARAS -INRAE",48.735833,0.128167,176,2002071419,0.,1,"","","","","","","","","","","","","","","","","","","","","","","","","","","","","","","","","","",17.3,1,"","","","","","","","","","","","","","","","","","","","","","","","","","","","",59,1,"","","","","","","","","","","","","","","","","","","","","","","","","","","","","","","","","","","","","","","","","","","","","","","","","","","","","","","","","","","","","","","","","","","","","","","","","","","","","","","","","","","","","","","","","","","","","","","","","","",60,1,"","","","","","","","","","","","","","","","","","","","","","","","","","","","","",""
"61328002","LE PIN-AU-HARAS -INRAE",48.735833,0.128167,176,2002071420,0.,1,"","","","","","","","","","","","","","","","","","","","","","","","","","","","","","","","","","",15.3,1,"","","","","","","","","","","","","","","","","","","","","","","","","","","","",71,1,"","","","","","","","","","","","","","","","","","","","","","","","","","","","","","","","","","","","","","","","","","","","","","","","","","","","","","","","","","","","","","","","","","","","","","","","","","","","","","","","","","","","","","","","","","","","","","","","","","",8,1,"","","","","","","","","","","","","","","","","","","","","","","","","","","","","",""
"61328002","LE PIN-AU-HARAS -INRAE",48.735833,0.128167,176,2002071421,0.,1,"","","","","","","","","","","","","","","","","","","","","","","","","","","","","","","","","","",13.7,1,"","","","","","","","","","","","","","","","","","","","","","","","","","","","",85,1,"","","","","","","","","","","","","","","","","","","","","","","","","","","","","","","","","","","","","","","","","","","","","","","","","","","","","","","","","","","","","","","","","","","","","","","","","","","","","","","","","","","","","","","","","","","","","","","","","","",0,1,"","","","","","","","","","","","","","","","","","","","","","","","","","","","","",""
"61328002","LE PIN-AU-HARAS -INRAE",48.735833,0.128167,176,2002071422,0.,1,"","","","","","","","","","","","","","","","","","","","","","","","","","","","","","","","","","",12.3,1,"","","","","","","","","","","","","","","","","","","","","","","","","","","","",92,1,"","","","","","","","","","","","","","","","","","","","","","","","","","","","","","","","","","","","","","","","","","","","","","","","","","","","","","","","","","","","","","","","","","","","","","","","","","","","","","","","","","","","","","","","","","","","","","","","","","",0,1,"","","","","","","","","","","","","","","","","","","","","","","","","","","","","",""
"61328002","LE PIN-AU-HARAS -INRAE",48.735833,0.128167,176,2002071423,0.,1,"","","","","","","","","","","","","","","","","","","","","","","","","","","","","","","","","","",11.6,1,"","","","","","","","","","","","","","","","","","","","","","","","","","","","",98,1,"","","","","","","","","","","","","","","","","","","","","","","","","","","","","","","","","","","","","","","","","","","","","","","","","","","","","","","","","","","","","","","","","","","","","","","","","","","","","","","","","","","","","","","","","","","","","","","","","","",0,1,"","","","","","","","","","","","","","","","","","","","","","","","","","","","","",""
"61328002","LE PIN-AU-HARAS -INRAE",48.735833,0.128167,176,2002071500,0.,1,"","","","","","","","","","","","","","","","","","","","","","","","","","","","","","","","","","",12.3,1,"","","","","","","","","","","","","","","","","","","","","","","","","","","","",100,1,"","","","","","","","","","","","","","","","","","","","","","","","","","","","","","","","","","","","","","","","","","","","","","","","","","","","","","","","","","","","","","","","","","","","","","","","","","","","","","","","","","","","","","","","","","","","","","","","","","",0,1,"","","","","","","","","","","","","","","","","","","","","","","","","","","","","",""
"61328002","LE PIN-AU-HARAS -INRAE",48.735833,0.128167,176,2002071501,0.,1,"","","","","","","","","","","","","","","","","","","","","","","","","","","","","","","","","","",12.7,1,"","","","","","","","","","","","","","","","","","","","","","","","","","","","",100,1,"","","","","","","","","","","","","","","","","","","","","","","","","","","","","","","","","","","","","","","","","","","","","","","","","","","","","","","","","","","","","","","","","","","","","","","","","","","","","","","","","","","","","","","","","","","","","","","","","","",0,1,"","","","","","","","","","","","","","","","","","","","","","","","","","","","","",""
"61328002","LE PIN-AU-HARAS -INRAE",48.735833,0.128167,176,2002071502,0.,1,"","","","","","","","","","","","","","","","","","","","","","","","","","","","","","","","","","",12.4,1,"","","","","","","","","","","","","","","","","","","","","","","","","","","","",100,1,"","","","","","","","","","","","","","","","","","","","","","","","","","","","","","","","","","","","","","","","","","","","","","","","","","","","","","","","","","","","","","","","","","","","","","","","","","","","","","","","","","","","","","","","","","","","","","","","","","",0,1,"","","","","","","","","","","","","","","","","","","","","","","","","","","","","",""
"61328002","LE PIN-AU-HARAS -INRAE",48.735833,0.128167,176,2002071503,0.,1,"","","","","","","","","","","","","","","","","","","","","","","","","","","","","","","","","","",11.8,1,"","","","","","","","","","","","","","","","","","","","","","","","","","","","",100,1,"","","","","","","","","","","","","","","","","","","","","","","","","","","","","","","","","","","","","","","","","","","","","","","","","","","","","","","","","","","","","","","","","","","","","","","","","","","","","","","","","","","","","","","","","","","","","","","","","","",0,1,"","","","","","","","","","","","","","","","","","","","","","","","","","","","","",""
"61328002","LE PIN-AU-HARAS -INRAE",48.735833,0.128167,176,2002071504,0.,1,"","","","","","","","","","","","","","","","","","","","","","","","","","","","","","","","","","",12.2,1,"","","","","","","","","","","","","","","","","","","","","","","","","","","","",100,1,"","","","","","","","","","","","","","","","","","","","","","","","","","","","","","","","","","","","","","","","","","","","","","","","","","","","","","","","","","","","","","","","","","","","","","","","","","","","","","","","","","","","","","","","","","","","","","","","","","",0,1,"","","","","","","","","","","","","","","","","","","","","","","","","","","","","",""
"61328002","LE PIN-AU-HARAS -INRAE",48.735833,0.128167,176,2002071505,0.,1,"","","","","","","","","","","","","","","","","","","","","","","","","","","","","","","","","","",12.4,1,"","","","","","","","","","","","","","","","","","","","","","","","","","","","",100,1,"","","","","","","","","","","","","","","","","","","","","","","","","","","","","","","","","","","","","","","","","","","","","","","","","","","","","","","","","","","","","","","","","","","","","","","","","","","","","","","","","","","","","","","","","","","","","","","","","","",2,1,"","","","","","","","","","","","","","","","","","","","","","","","","","","","","",""
"61328002","LE PIN-AU-HARAS -INRAE",48.735833,0.128167,176,2002071506,0.,1,"","","","","","","","","","","","","","","","","","","","","","","","","","","","","","","","","","",12.6,1,"","","","","","","","","","","","","","","","","","","","","","","","","","","","",100,1,"","","","","","","","","","","","","","","","","","","","","","","","","","","","","","","","","","","","","","","","","","","","","","","","","","","","","","","","","","","","","","","","","","","","","","","","","","","","","","","","","","","","","","","","","","","","","","","","","","",18,1,"","","","","","","","","","","","","","","","","","","","","","","","","","","","","",""
"61328002","LE PIN-AU-HARAS -INRAE",48.735833,0.128167,176,2002071507,0.,1,"","","","","","","","","","","","","","","","","","","","","","","","","","","","","","","","","","",13.5,1,"","","","","","","","","","","","","","","","","","","","","","","","","","","","",100,1,"","","","","","","","","","","","","","","","","","","","","","","","","","","","","","","","","","","","","","","","","","","","","","","","","","","","","","","","","","","","","","","","","","","","","","","","","","","","","","","","","","","","","","","","","","","","","","","","","","",60,1,"","","","","","","","","","","","","","","","","","","","","","","","","","","","","",""
"61328002","LE PIN-AU-HARAS -INRAE",48.735833,0.128167,176,2002071508,0.,1,"","","","","","","","","","","","","","","","","","","","","","","","","","","","","","","","","","",16.8,1,"","","","","","","","","","","","","","","","","","","","","","","","","","","","",86,1,"","","","","","","","","","","","","","","","","","","","","","","","","","","","","","","","","","","","","","","","","","","","","","","","","","","","","","","","","","","","","","","","","","","","","","","","","","","","","","","","","","","","","","","","","","","","","","","","","","",164,1,"","","","","","","","","","","","","","","","","","","","","","","","","","","","","",""
"61328002","LE PIN-AU-HARAS -INRAE",48.735833,0.128167,176,2002071509,0.,1,"","","","","","","","","","","","","","","","","","","","","","","","","","","","","","","","","","",19.3,1,"","","","","","","","","","","","","","","","","","","","","","","","","","","","",52,1,"","","","","","","","","","","","","","","","","","","","","","","","","","","","","","","","","","","","","","","","","","","","","","","","","","","","","","","","","","","","","","","","","","","","","","","","","","","","","","","","","","","","","","","","","","","","","","","","","","",228,1,"","","","","","","","","","","","","","","","","","","","","","","","","","","","","",""
"61328002","LE PIN-AU-HARAS -INRAE",48.735833,0.128167,176,2002071510,0.,1,"","","","","","","","","","","","","","","","","","","","","","","","","","","","","","","","","","",20.8,1,"","","","","","","","","","","","","","","","","","","","","","","","","","","","",46,1,"","","","","","","","","","","","","","","","","","","","","","","","","","","","","","","","","","","","","","","","","","","","","","","","","","","","","","","","","","","","","","","","","","","","","","","","","","","","","","","","","","","","","","","","","","","","","","","","","","",278,1,"","","","","","","","","","","","","","","","","","","","","","","","","","","","","",""
"61328002","LE PIN-AU-HARAS -INRAE",48.735833,0.128167,176,2002071511,0.,1,"","","","","","","","","","","","","","","","","","","","","","","","","","","","","","","","","","",21.6,1,"","","","","","","","","","","","","","","","","","","","","","","","","","","","",40,1,"","","","","","","","","","","","","","","","","","","","","","","","","","","","","","","","","","","","","","","","","","","","","","","","","","","","","","","","","","","","","","","","","","","","","","","","","","","","","","","","","","","","","","","","","","","","","","","","","","",314,1,"","","","","","","","","","","","","","","","","","","","","","","","","","","","","",""
"61328002","LE PIN-AU-HARAS -INRAE",48.735833,0.128167,176,2002071512,0.,1,"","","","","","","","","","","","","","","","","","","","","","","","","","","","","","","","","","",22.,1,"","","","","","","","","","","","","","","","","","","","","","","","","","","","",39,1,"","","","","","","","","","","","","","","","","","","","","","","","","","","","","","","","","","","","","","","","","","","","","","","","","","","","","","","","","","","","","","","","","","","","","","","","","","","","","","","","","","","","","","","","","","","","","","","","","","",334,1,"","","","","","","","","","","","","","","","","","","","","","","","","","","","","",""
"61328002","LE PIN-AU-HARAS -INRAE",48.735833,0.128167,176,2002071513,0.,1,"","","","","","","","","","","","","","","","","","","","","","","","","","","","","","","","","","",22.7,1,"","","","","","","","","","","","","","","","","","","","","","","","","","","","",45,1,"","","","","","","","","","","","","","","","","","","","","","","","","","","","","","","","","","","","","","","","","","","","","","","","","","","","","","","","","","","","","","","","","","","","","","","","","","","","","","","","","","","","","","","","","","","","","","","","","","",332,1,"","","","","","","","","","","","","","","","","","","","","","","","","","","","","",""
"61328002","LE PIN-AU-HARAS -INRAE",48.735833,0.128167,176,2002071514,0.,1,"","","","","","","","","","","","","","","","","","","","","","","","","","","","","","","","","","",22.5,1,"","","","","","","","","","","","","","","","","","","","","","","","","","","","",42,1,"","","","","","","","","","","","","","","","","","","","","","","","","","","","","","","","","","","","","","","","","","","","","","","","","","","","","","","","","","","","","","","","","","","","","","","","","","","","","","","","","","","","","","","","","","","","","","","","","","",318,1,"","","","","","","","","","","","","","","","","","","","","","","","","","","","","",""
"61328002","LE PIN-AU-HARAS -INRAE",48.735833,0.128167,176,2002071515,0.,1,"","","","","","","","","","","","","","","","","","","","","","","","","","","","","","","","","","",22.7,1,"","","","","","","","","","","","","","","","","","","","","","","","","","","","",37,1,"","","","","","","","","","","","","","","","","","","","","","","","","","","","","","","","","","","","","","","","","","","","","","","","","","","","","","","","","","","","","","","","","","","","","","","","","","","","","","","","","","","","","","","","","","","","","","","","","","",280,1,"","","","","","","","","","","","","","","","","","","","","","","","","","","","","",""
"61328002","LE PIN-AU-HARAS -INRAE",48.735833,0.128167,176,2002071516,0.,1,"","","","","","","","","","","","","","","","","","","","","","","","","","","","","","","","","","",21.9,1,"","","","","","","","","","","","","","","","","","","","","","","","","","","","",43,1,"","","","","","","","","","","","","","","","","","","","","","","","","","","","","","","","","","","","","","","","","","","","","","","","","","","","","","","","","","","","","","","","","","","","","","","","","","","","","","","","","","","","","","","","","","","","","","","","","","",236,1,"","","","","","","","","","","","","","","","","","","","","","","","","","","","","",""
"61328002","LE PIN-AU-HARAS -INRAE",48.735833,0.128167,176,2002071517,0.,1,"","","","","","","","","","","","","","","","","","","","","","","","","","","","","","","","","","",21.,1,"","","","","","","","","","","","","","","","","","","","","","","","","","","","",46,1,"","","","","","","","","","","","","","","","","","","","","","","","","","","","","","","","","","","","","","","","","","","","","","","","","","","","","","","","","","","","","","","","","","","","","","","","","","","","","","","","","","","","","","","","","","","","","","","","","","",178,1,"","","","","","","","","","","","","","","","","","","","","","","","","","","","","",""
"61328002","LE PIN-AU-HARAS -INRAE",48.735833,0.128167,176,2002071518,0.,1,"","","","","","","","","","","","","","","","","","","","","","","","","","","","","","","","","","",20.3,1,"","","","","","","","","","","","","","","","","","","","","","","","","","","","",45,1,"","","","","","","","","","","","","","","","","","","","","","","","","","","","","","","","","","","","","","","","","","","","","","","","","","","","","","","","","","","","","","","","","","","","","","","","","","","","","","","","","","","","","","","","","","","","","","","","","","",118,1,"","","","","","","","","","","","","","","","","","","","","","","","","","","","","",""
"61328002","LE PIN-AU-HARAS -INRAE",48.735833,0.128167,176,2002071519,0.,1,"","","","","","","","","","","","","","","","","","","","","","","","","","","","","","","","","","",18.7,1,"","","","","","","","","","","","","","","","","","","","","","","","","","","","",41,1,"","","","","","","","","","","","","","","","","","","","","","","","","","","","","","","","","","","","","","","","","","","","","","","","","","","","","","","","","","","","","","","","","","","","","","","","","","","","","","","","","","","","","","","","","","","","","","","","","","",56,1,"","","","","","","","","","","","","","","","","","","","","","","","","","","","","",""
"61328002","LE PIN-AU-HARAS -INRAE",48.735833,0.128167,176,2002071520,0.,1,"","","","","","","","","","","","","","","","","","","","","","","","","","","","","","","","","","",16.1,1,"","","","","","","","","","","","","","","","","","","","","","","","","","","","",65,1,"","","","","","","","","","","","","","","","","","","","","","","","","","","","","","","","","","","","","","","","","","","","","","","","","","","","","","","","","","","","","","","","","","","","","","","","","","","","","","","","","","","","","","","","","","","","","","","","","","",6,1,"","","","","","","","","","","","","","","","","","","","","","","","","","","","","",""
"61328002","LE PIN-AU-HARAS -INRAE",48.735833,0.128167,176,2002071521,0.,1,"","","","","","","","","","","","","","","","","","","","","","","","","","","","","","","","","","",14.4,1,"","","","","","","","","","","","","","","","","","","","","","","","","","","","",86,1,"","","","","","","","","","","","","","","","","","","","","","","","","","","","","","","","","","","","","","","","","","","","","","","","","","","","","","","","","","","","","","","","","","","","","","","","","","","","","","","","","","","","","","","","","","","","","","","","","","",0,1,"","","","","","","","","","","","","","","","","","","","","","","","","","","","","",""
"61328002","LE PIN-AU-HARAS -INRAE",48.735833,0.128167,176,2002071522,0.,1,"","","","","","","","","","","","","","","","","","","","","","","","","","","","","","","","","","",13.4,1,"","","","","","","","","","","","","","","","","","","","","","","","","","","","",91,1,"","","","","","","","","","","","","","","","","","","","","","","","","","","","","","","","","","","","","","","","","","","","","","","","","","","","","","","","","","","","","","","","","","","","","","","","","","","","","","","","","","","","","","","","","","","","","","","","","","",0,1,"","","","","","","","","","","","","","","","","","","","","","","","","","","","","",""
"61328002","LE PIN-AU-HARAS -INRAE",48.735833,0.128167,176,2002071523,0.,1,"","","","","","","","","","","","","","","","","","","","","","","","","","","","","","","","","","",12.4,1,"","","","","","","","","","","","","","","","","","","","","","","","","","","","",93,1,"","","","","","","","","","","","","","","","","","","","","","","","","","","","","","","","","","","","","","","","","","","","","","","","","","","","","","","","","","","","","","","","","","","","","","","","","","","","","","","","","","","","","","","","","","","","","","","","","","",0,1,"","","","","","","","","","","","","","","","","","","","","","","","","","","","","",""
"61328002","LE PIN-AU-HARAS -INRAE",48.735833,0.128167,176,2002071600,0.,1,"","","","","","","","","","","","","","","","","","","","","","","","","","","","","","","","","","",12.2,1,"","","","","","","","","","","","","","","","","","","","","","","","","","","","",92,1,"","","","","","","","","","","","","","","","","","","","","","","","","","","","","","","","","","","","","","","","","","","","","","","","","","","","","","","","","","","","","","","","","","","","","","","","","","","","","","","","","","","","","","","","","","","","","","","","","","",0,1,"","","","","","","","","","","","","","","","","","","","","","","","","","","","","",""
"61328002","LE PIN-AU-HARAS -INRAE",48.735833,0.128167,176,2002071601,0.,1,"","","","","","","","","","","","","","","","","","","","","","","","","","","","","","","","","","",11.4,1,"","","","","","","","","","","","","","","","","","","","","","","","","","","","",94,1,"","","","","","","","","","","","","","","","","","","","","","","","","","","","","","","","","","","","","","","","","","","","","","","","","","","","","","","","","","","","","","","","","","","","","","","","","","","","","","","","","","","","","","","","","","","","","","","","","","",0,1,"","","","","","","","","","","","","","","","","","","","","","","","","","","","","",""
"61328002","LE PIN-AU-HARAS -INRAE",48.735833,0.128167,176,2002071602,0.,1,"","","","","","","","","","","","","","","","","","","","","","","","","","","","","","","","","","",11.4,1,"","","","","","","","","","","","","","","","","","","","","","","","","","","","",96,1,"","","","","","","","","","","","","","","","","","","","","","","","","","","","","","","","","","","","","","","","","","","","","","","","","","","","","","","","","","","","","","","","","","","","","","","","","","","","","","","","","","","","","","","","","","","","","","","","","","",0,1,"","","","","","","","","","","","","","","","","","","","","","","","","","","","","",""
"61328002","LE PIN-AU-HARAS -INRAE",48.735833,0.128167,176,2002071603,0.,1,"","","","","","","","","","","","","","","","","","","","","","","","","","","","","","","","","","",9.7,1,"","","","","","","","","","","","","","","","","","","","","","","","","","","","",97,1,"","","","","","","","","","","","","","","","","","","","","","","","","","","","","","","","","","","","","","","","","","","","","","","","","","","","","","","","","","","","","","","","","","","","","","","","","","","","","","","","","","","","","","","","","","","","","","","","","","",0,1,"","","","","","","","","","","","","","","","","","","","","","","","","","","","","",""
"61328002","LE PIN-AU-HARAS -INRAE",48.735833,0.128167,176,2002071604,0.,1,"","","","","","","","","","","","","","","","","","","","","","","","","","","","","","","","","","",10.2,1,"","","","","","","","","","","","","","","","","","","","","","","","","","","","",99,1,"","","","","","","","","","","","","","","","","","","","","","","","","","","","","","","","","","","","","","","","","","","","","","","","","","","","","","","","","","","","","","","","","","","","","","","","","","","","","","","","","","","","","","","","","","","","","","","","","","",0,1,"","","","","","","","","","","","","","","","","","","","","","","","","","","","","",""
"61328002","LE PIN-AU-HARAS -INRAE",48.735833,0.128167,176,2002071605,0.,1,"","","","","","","","","","","","","","","","","","","","","","","","","","","","","","","","","","",11.4,1,"","","","","","","","","","","","","","","","","","","","","","","","","","","","",99,1,"","","","","","","","","","","","","","","","","","","","","","","","","","","","","","","","","","","","","","","","","","","","","","","","","","","","","","","","","","","","","","","","","","","","","","","","","","","","","","","","","","","","","","","","","","","","","","","","","","",4,1,"","","","","","","","","","","","","","","","","","","","","","","","","","","","","",""
"61328002","LE PIN-AU-HARAS -INRAE",48.735833,0.128167,176,2002071606,0.,1,"","","","","","","","","","","","","","","","","","","","","","","","","","","","","","","","","","",13.6,1,"","","","","","","","","","","","","","","","","","","","","","","","","","","","",92,1,"","","","","","","","","","","","","","","","","","","","","","","","","","","","","","","","","","","","","","","","","","","","","","","","","","","","","","","","","","","","","","","","","","","","","","","","","","","","","","","","","","","","","","","","","","","","","","","","","","",50,1,"","","","","","","","","","","","","","","","","","","","","","","","","","","","","",""
"61328002","LE PIN-AU-HARAS -INRAE",48.735833,0.128167,176,2002071607,0.,1,"","","","","","","","","","","","","","","","","","","","","","","","","","","","","","","","","","",15.5,1,"","","","","","","","","","","","","","","","","","","","","","","","","","","","",85,1,"","","","","","","","","","","","","","","","","","","","","","","","","","","","","","","","","","","","","","","","","","","","","","","","","","","","","","","","","","","","","","","","","","","","","","","","","","","","","","","","","","","","","","","","","","","","","","","","","","",110,1,"","","","","","","","","","","","","","","","","","","","","","","","","","","","","",""
"61328002","LE PIN-AU-HARAS -INRAE",48.735833,0.128167,176,2002071608,0.,1,"","","","","","","","","","","","","","","","","","","","","","","","","","","","","","","","","","",17.4,1,"","","","","","","","","","","","","","","","","","","","","","","","","","","","",74,1,"","","","","","","","","","","","","","","","","","","","","","","","","","","","","","","","","","","","","","","","","","","","","","","","","","","","","","","","","","","","","","","","","","","","","","","","","","","","","","","","","","","","","","","","","","","","","","","","","","",164,1,"","","","","","","","","","","","","","","","","","","","","","","","","","","","","",""
"61328002","LE PIN-AU-HARAS -INRAE",48.735833,0.128167,176,2002071609,0.,1,"","","","","","","","","","","","","","","","","","","","","","","","","","","","","","","","","","",19.,1,"","","","","","","","","","","","","","","","","","","","","","","","","","","","",63,1,"","","","","","","","","","","","","","","","","","","","","","","","","","","","","","","","","","","","","","","","","","","","","","","","","","","","","","","","","","","","","","","","","","","","","","","","","","","","","","","","","","","","","","","","","","","","","","","","","","",222,1,"","","","","","","","","","","","","","","","","","","","","","","","","","","","","",""
"61328002","LE PIN-AU-HARAS -INRAE",48.735833,0.128167,176,2002071610,0.,1,"","","","","","","","","","","","","","","","","","","","","","","","","","","","","","","","","","",20.6,1,"","","","","","","","","","","","","","","","","","","","","","","","","","","","",54,1,"","","","","","","","","","","","","","","","","","","","","","","","","","","","","","","","","","","","","","","","","","","","","","","","","","","","","","","","","","","","","","","","","","","","","","","","","","","","","","","","","","","","","","","","","","","","","","","","","","",274,1,"","","","","","","","","","","","","","","","","","","","","","","","","","","","","",""
"61328002","LE PIN-AU-HARAS -INRAE",48.735833,0.128167,176,2002071611,0.,1,"","","","","","","","","","","","","","","","","","","","","","","","","","","","","","","","","","",22.,1,"","","","","","","","","","","","","","","","","","","","","","","","","","","","",51,1,"","","","","","","","","","","","","","","","","","","","","","","","","","","","","","","","","","","","","","","","","","","","","","","","","","","","","","","","","","","","","","","","","","","","","","","","","","","","","","","","","","","","","","","","","","","","","","","","","","",310,1,"","","","","","","","","","","","","","","","","","","","","","","","","","","","","",""
"61328002","LE PIN-AU-HARAS -INRAE",48.735833,0.128167,176,2002071612,0.,1,"","","","","","","","","","","","","","","","","","","","","","","","","","","","","","","","","","",22.9,1,"","","","","","","","","","","","","","","","","","","","","","","","","","","","",49,1,"","","","","","","","","","","","","","","","","","","","","","","","","","","","","","","","","","","","","","","","","","","","","","","","","","","","","","","","","","","","","","","","","","","","","","","","","","","","","","","","","","","","","","","","","","","","","","","","","","",330,1,"","","","","","","","","","","","","","","","","","","","","","","","","","","","","",""
"61328002","LE PIN-AU-HARAS -INRAE",48.735833,0.128167,176,2002071613,0.,1,"","","","","","","","","","","","","","","","","","","","","","","","","","","","","","","","","","",22.9,1,"","","","","","","","","","","","","","","","","","","","","","","","","","","","",54,1,"","","","","","","","","","","","","","","","","","","","","","","","","","","","","","","","","","","","","","","","","","","","","","","","","","","","","","","","","","","","","","","","","","","","","","","","","","","","","","","","","","","","","","","","","","","","","","","","","","",326,1,"","","","","","","","","","","","","","","","","","","","","","","","","","","","","",""
"61328002","LE PIN-AU-HARAS -INRAE",48.735833,0.128167,176,2002071614,0.,1,"","","","","","","","","","","","","","","","","","","","","","","","","","","","","","","","","","",22.7,1,"","","","","","","","","","","","","","","","","","","","","","","","","","","","",50,1,"","","","","","","","","","","","","","","","","","","","","","","","","","","","","","","","","","","","","","","","","","","","","","","","","","","","","","","","","","","","","","","","","","","","","","","","","","","","","","","","","","","","","","","","","","","","","","","","","","",312,1,"","","","","","","","","","","","","","","","","","","","","","","","","","","","","",""
"61328002","LE PIN-AU-HARAS -INRAE",48.735833,0.128167,176,2002071615,0.,1,"","","","","","","","","","","","","","","","","","","","","","","","","","","","","","","","","","",22.5,1,"","","","","","","","","","","","","","","","","","","","","","","","","","","","",48,1,"","","","","","","","","","","","","","","","","","","","","","","","","","","","","","","","","","","","","","","","","","","","","","","","","","","","","","","","","","","","","","","","","","","","","","","","","","","","","","","","","","","","","","","","","","","","","","","","","","",282,1,"","","","","","","","","","","","","","","","","","","","","","","","","","","","","",""
"61328002","LE PIN-AU-HARAS -INRAE",48.735833,0.128167,176,2002071616,0.,1,"","","","","","","","","","","","","","","","","","","","","","","","","","","","","","","","","","",22.4,1,"","","","","","","","","","","","","","","","","","","","","","","","","","","","",47,1,"","","","","","","","","","","","","","","","","","","","","","","","","","","","","","","","","","","","","","","","","","","","","","","","","","","","","","","","","","","","","","","","","","","","","","","","","","","","","","","","","","","","","","","","","","","","","","","","","","",236,1,"","","","","","","","","","","","","","","","","","","","","","","","","","","","","",""
"61328002","LE PIN-AU-HARAS -INRAE",48.735833,0.128167,176,2002071617,0.,1,"","","","","","","","","","","","","","","","","","","","","","","","","","","","","","","","","","",21.5,1,"","","","","","","","","","","","","","","","","","","","","","","","","","","","",46,1,"","","","","","","","","","","","","","","","","","","","","","","","","","","","","","","","","","","","","","","","","","","","","","","","","","","","","","","","","","","","","","","","","","","","","","","","","","","","","","","","","","","","","","","","","","","","","","","","","","",176,1,"","","","","","","","","","","","","","","","","","","","","","","","","","","","","",""
"61328002","LE PIN-AU-HARAS -INRAE",48.735833,0.128167,176,2002071618,0.,1,"","","","","","","","","","","","","","","","","","","","","","","","","","","","","","","","","","",20.7,1,"","","","","","","","","","","","","","","","","","","","","","","","","","","","",51,1,"","","","","","","","","","","","","","","","","","","","","","","","","","","","","","","","","","","","","","","","","","","","","","","","","","","","","","","","","","","","","","","","","","","","","","","","","","","","","","","","","","","","","","","","","","","","","","","","","","",116,1,"","","","","","","","","","","","","","","","","","","","","","","","","","","","","",""
"61328002","LE PIN-AU-HARAS -INRAE",48.735833,0.128167,176,2002071619,0.,1,"","","","","","","","","","","","","","","","","","","","","","","","","","","","","","","","","","",18.8,1,"","","","","","","","","","","","","","","","","","","","","","","","","","","","",57,1,"","","","","","","","","","","","","","","","","","","","","","","","","","","","","","","","","","","","","","","","","","","","","","","","","","","","","","","","","","","","","","","","","","","","","","","","","","","","","","","","","","","","","","","","","","","","","","","","","","",54,1,"","","","","","","","","","","","","","","","","","","","","","","","","","","","","",""
"61328002","LE PIN-AU-HARAS -INRAE",48.735833,0.128167,176,2002071620,0.,1,"","","","","","","","","","","","","","","","","","","","","","","","","","","","","","","","","","",16.6,1,"","","","","","","","","","","","","","","","","","","","","","","","","","","","",68,1,"","","","","","","","","","","","","","","","","","","","","","","","","","","","","","","","","","","","","","","","","","","","","","","","","","","","","","","","","","","","","","","","","","","","","","","","","","","","","","","","","","","","","","","","","","","","","","","","","","",4,1,"","","","","","","","","","","","","","","","","","","","","","","","","","","","","",""
"61328002","LE PIN-AU-HARAS -INRAE",48.735833,0.128167,176,2002071621,0.,1,"","","","","","","","","","","","","","","","","","","","","","","","","","","","","","","","","","",15.2,1,"","","","","","","","","","","","","","","","","","","","","","","","","","","","",75,1,"","","","","","","","","","","","","","","","","","","","","","","","","","","","","","","","","","","","","","","","","","","","","","","","","","","","","","","","","","","","","","","","","","","","","","","","","","","","","","","","","","","","","","","","","","","","","","","","","","",0,1,"","","","","","","","","","","","","","","","","","","","","","","","","","","","","",""
"61328002","LE PIN-AU-HARAS -INRAE",48.735833,0.128167,176,2002071622,0.,1,"","","","","","","","","","","","","","","","","","","","","","","","","","","","","","","","","","",14.7,1,"","","","","","","","","","","","","","","","","","","","","","","","","","","","",80,1,"","","","","","","","","","","","","","","","","","","","","","","","","","","","","","","","","","","","","","","","","","","","","","","","","","","","","","","","","","","","","","","","","","","","","","","","","","","","","","","","","","","","","","","","","","","","","","","","","","",0,1,"","","","","","","","","","","","","","","","","","","","","","","","","","","","","",""
"61328002","LE PIN-AU-HARAS -INRAE",48.735833,0.128167,176,2002071623,0.,1,"","","","","","","","","","","","","","","","","","","","","","","","","","","","","","","","","","",13.1,1,"","","","","","","","","","","","","","","","","","","","","","","","","","","","",87,1,"","","","","","","","","","","","","","","","","","","","","","","","","","","","","","","","","","","","","","","","","","","","","","","","","","","","","","","","","","","","","","","","","","","","","","","","","","","","","","","","","","","","","","","","","","","","","","","","","","",0,1,"","","","","","","","","","","","","","","","","","","","","","","","","","","","","",""
"61328002","LE PIN-AU-HARAS -INRAE",48.735833,0.128167,176,2002071700,0.,1,"","","","","","","","","","","","","","","","","","","","","","","","","","","","","","","","","","",12.1,1,"","","","","","","","","","","","","","","","","","","","","","","","","","","","",93,1,"","","","","","","","","","","","","","","","","","","","","","","","","","","","","","","","","","","","","","","","","","","","","","","","","","","","","","","","","","","","","","","","","","","","","","","","","","","","","","","","","","","","","","","","","","","","","","","","","","",0,1,"","","","","","","","","","","","","","","","","","","","","","","","","","","","","",""
"61328002","LE PIN-AU-HARAS -INRAE",48.735833,0.128167,176,2002071701,0.,1,"","","","","","","","","","","","","","","","","","","","","","","","","","","","","","","","","","",11.5,1,"","","","","","","","","","","","","","","","","","","","","","","","","","","","",97,1,"","","","","","","","","","","","","","","","","","","","","","","","","","","","","","","","","","","","","","","","","","","","","","","","","","","","","","","","","","","","","","","","","","","","","","","","","","","","","","","","","","","","","","","","","","","","","","","","","","",0,1,"","","","","","","","","","","","","","","","","","","","","","","","","","","","","",""
"61328002","LE PIN-AU-HARAS -INRAE",48.735833,0.128167,176,2002071702,0.,1,"","","","","","","","","","","","","","","","","","","","","","","","","","","","","","","","","","",13.5,1,"","","","","","","","","","","","","","","","","","","","","","","","","","","","",100,1,"","","","","","","","","","","","","","","","","","","","","","","","","","","","","","","","","","","","","","","","","","","","","","","","","","","","","","","","","","","","","","","","","","","","","","","","","","","","","","","","","","","","","","","","","","","","","","","","","","",0,1,"","","","","","","","","","","","","","","","","","","","","","","","","","","","","",""
"61328002","LE PIN-AU-HARAS -INRAE",48.735833,0.128167,176,2002071703,0.,1,"","","","","","","","","","","","","","","","","","","","","","","","","","","","","","","","","","",12.7,1,"","","","","","","","","","","","","","","","","","","","","","","","","","","","",100,1,"","","","","","","","","","","","","","","","","","","","","","","","","","","","","","","","","","","","","","","","","","","","","","","","","","","","","","","","","","","","","","","","","","","","","","","","","","","","","","","","","","","","","","","","","","","","","","","","","","",0,1,"","","","","","","","","","","","","","","","","","","","","","","","","","","","","",""
"61328002","LE PIN-AU-HARAS -INRAE",48.735833,0.128167,176,2002071704,0.,1,"","","","","","","","","","","","","","","","","","","","","","","","","","","","","","","","","","",12.3,1,"","","","","","","","","","","","","","","","","","","","","","","","","","","","",100,1,"","","","","","","","","","","","","","","","","","","","","","","","","","","","","","","","","","","","","","","","","","","","","","","","","","","","","","","","","","","","","","","","","","","","","","","","","","","","","","","","","","","","","","","","","","","","","","","","","","",0,1,"","","","","","","","","","","","","","","","","","","","","","","","","","","","","",""
"61328002","LE PIN-AU-HARAS -INRAE",48.735833,0.128167,176,2002071705,0.,1,"","","","","","","","","","","","","","","","","","","","","","","","","","","","","","","","","","",12.7,1,"","","","","","","","","","","","","","","","","","","","","","","","","","","","",100,1,"","","","","","","","","","","","","","","","","","","","","","","","","","","","","","","","","","","","","","","","","","","","","","","","","","","","","","","","","","","","","","","","","","","","","","","","","","","","","","","","","","","","","","","","","","","","","","","","","","",4,1,"","","","","","","","","","","","","","","","","","","","","","","","","","","","","",""
"61328002","LE PIN-AU-HARAS -INRAE",48.735833,0.128167,176,2002071706,0.,1,"","","","","","","","","","","","","","","","","","","","","","","","","","","","","","","","","","",15.2,1,"","","","","","","","","","","","","","","","","","","","","","","","","","","","",100,1,"","","","","","","","","","","","","","","","","","","","","","","","","","","","","","","","","","","","","","","","","","","","","","","","","","","","","","","","","","","","","","","","","","","","","","","","","","","","","","","","","","","","","","","","","","","","","","","","","","",16,1,"","","","","","","","","","","","","","","","","","","","","","","","","","","","","",""
"61328002","LE PIN-AU-HARAS -INRAE",48.735833,0.128167,176,2002071707,0.,1,"","","","","","","","","","","","","","","","","","","","","","","","","","","","","","","","","","",17.1,1,"","","","","","","","","","","","","","","","","","","","","","","","","","","","",96,1,"","","","","","","","","","","","","","","","","","","","","","","","","","","","","","","","","","","","","","","","","","","","","","","","","","","","","","","","","","","","","","","","","","","","","","","","","","","","","","","","","","","","","","","","","","","","","","","","","","",46,1,"","","","","","","","","","","","","","","","","","","","","","","","","","","","","",""
"61328002","LE PIN-AU-HARAS -INRAE",48.735833,0.128167,176,2002071708,0.,1,"","","","","","","","","","","","","","","","","","","","","","","","","","","","","","","","","","",19.2,1,"","","","","","","","","","","","","","","","","","","","","","","","","","","","",80,1,"","","","","","","","","","","","","","","","","","","","","","","","","","","","","","","","","","","","","","","","","","","","","","","","","","","","","","","","","","","","","","","","","","","","","","","","","","","","","","","","","","","","","","","","","","","","","","","","","","",126,1,"","","","","","","","","","","","","","","","","","","","","","","","","","","","","",""
"61328002","LE PIN-AU-HARAS -INRAE",48.735833,0.128167,176,2002071709,0.,1,"","","","","","","","","","","","","","","","","","","","","","","","","","","","","","","","","","",20.7,1,"","","","","","","","","","","","","","","","","","","","","","","","","","","","",74,1,"","","","","","","","","","","","","","","","","","","","","","","","","","","","","","","","","","","","","","","","","","","","","","","","","","","","","","","","","","","","","","","","","","","","","","","","","","","","","","","","","","","","","","","","","","","","","","","","","","",206,1,"","","","","","","","","","","","","","","","","","","","","","","","","","","","","",""
"61328002","LE PIN-AU-HARAS -INRAE",48.735833,0.128167,176,2002071710,0.,1,"","","","","","","","","","","","","","","","","","","","","","","","","","","","","","","","","","",20.8,1,"","","","","","","","","","","","","","","","","","","","","","","","","","","","",67,1,"","","","","","","","","","","","","","","","","","","","","","","","","","","","","","","","","","","","","","","","","","","","","","","","","","","","","","","","","","","","","","","","","","","","","","","","","","","","","","","","","","","","","","","","","","","","","","","","","","",208,1,"","","","","","","","","","","","","","","","","","","","","","","","","","","","","",""
"61328002","LE PIN-AU-HARAS -INRAE",48.735833,0.128167,176,2002071711,0.,1,"","","","","","","","","","","","","","","","","","","","","","","","","","","","","","","","","","",21.2,1,"","","","","","","","","","","","","","","","","","","","","","","","","","","","",68,1,"","","","","","","","","","","","","","","","","","","","","","","","","","","","","","","","","","","","","","","","","","","","","","","","","","","","","","","","","","","","","","","","","","","","","","","","","","","","","","","","","","","","","","","","","","","","","","","","","","",186,1,"","","","","","","","","","","","","","","","","","","","","","","","","","","","","",""
"61328002","LE PIN-AU-HARAS -INRAE",48.735833,0.128167,176,2002071712,0.,1,"","","","","","","","","","","","","","","","","","","","","","","","","","","","","","","","","","",22.3,1,"","","","","","","","","","","","","","","","","","","","","","","","","","","","",67,1,"","","","","","","","","","","","","","","","","","","","","","","","","","","","","","","","","","","","","","","","","","","","","","","","","","","","","","","","","","","","","","","","","","","","","","","","","","","","","","","","","","","","","","","","","","","","","","","","","","",190,1,"","","","","","","","","","","","","","","","","","","","","","","","","","","","","",""
"61328002","LE PIN-AU-HARAS -INRAE",48.735833,0.128167,176,2002071713,0.,1,"","","","","","","","","","","","","","","","","","","","","","","","","","","","","","","","","","",21.9,1,"","","","","","","","","","","","","","","","","","","","","","","","","","","","",60,1,"","","","","","","","","","","","","","","","","","","","","","","","","","","","","","","","","","","","","","","","","","","","","","","","","","","","","","","","","","","","","","","","","","","","","","","","","","","","","","","","","","","","","","","","","","","","","","","","","","",144,1,"","","","","","","","","","","","","","","","","","","","","","","","","","","","","",""
"61328002","LE PIN-AU-HARAS -INRAE",48.735833,0.128167,176,2002071714,0.,1,"","","","","","","","","","","","","","","","","","","","","","","","","","","","","","","","","","",22.2,1,"","","","","","","","","","","","","","","","","","","","","","","","","","","","",56,1,"","","","","","","","","","","","","","","","","","","","","","","","","","","","","","","","","","","","","","","","","","","","","","","","","","","","","","","","","","","","","","","","","","","","","","","","","","","","","","","","","","","","","","","","","","","","","","","","","","",278,1,"","","","","","","","","","","","","","","","","","","","","","","","","","","","","",""
"61328002","LE PIN-AU-HARAS -INRAE",48.735833,0.128167,176,2002071715,0.,1,"","","","","","","","","","","","","","","","","","","","","","","","","","","","","","","","","","",23.1,1,"","","","","","","","","","","","","","","","","","","","","","","","","","","","",57,1,"","","","","","","","","","","","","","","","","","","","","","","","","","","","","","","","","","","","","","","","","","","","","","","","","","","","","","","","","","","","","","","","","","","","","","","","","","","","","","","","","","","","","","","","","","","","","","","","","","",298,1,"","","","","","","","","","","","","","","","","","","","","","","","","","","","","",""
"61328002","LE PIN-AU-HARAS -INRAE",48.735833,0.128167,176,2002071716,0.,1,"","","","","","","","","","","","","","","","","","","","","","","","","","","","","","","","","","",21.7,1,"","","","","","","","","","","","","","","","","","","","","","","","","","","","",57,1,"","","","","","","","","","","","","","","","","","","","","","","","","","","","","","","","","","","","","","","","","","","","","","","","","","","","","","","","","","","","","","","","","","","","","","","","","","","","","","","","","","","","","","","","","","","","","","","","","","",248,1,"","","","","","","","","","","","","","","","","","","","","","","","","","","","","",""
"61328002","LE PIN-AU-HARAS -INRAE",48.735833,0.128167,176,2002071717,0.,1,"","","","","","","","","","","","","","","","","","","","","","","","","","","","","","","","","","",21.3,1,"","","","","","","","","","","","","","","","","","","","","","","","","","","","",57,1,"","","","","","","","","","","","","","","","","","","","","","","","","","","","","","","","","","","","","","","","","","","","","","","","","","","","","","","","","","","","","","","","","","","","","","","","","","","","","","","","","","","","","","","","","","","","","","","","","","",178,1,"","","","","","","","","","","","","","","","","","","","","","","","","","","","","",""
"61328002","LE PIN-AU-HARAS -INRAE",48.735833,0.128167,176,2002071718,0.,1,"","","","","","","","","","","","","","","","","","","","","","","","","","","","","","","","","","",20.1,1,"","","","","","","","","","","","","","","","","","","","","","","","","","","","",61,1,"","","","","","","","","","","","","","","","","","","","","","","","","","","","","","","","","","","","","","","","","","","","","","","","","","","","","","","","","","","","","","","","","","","","","","","","","","","","","","","","","","","","","","","","","","","","","","","","","","",116,1,"","","","","","","","","","","","","","","","","","","","","","","","","","","","","",""
"61328002","LE PIN-AU-HARAS -INRAE",48.735833,0.128167,176,2002071719,0.,1,"","","","","","","","","","","","","","","","","","","","","","","","","","","","","","","","","","",17.4,1,"","","","","","","","","","","","","","","","","","","","","","","","","","","","",69,1,"","","","","","","","","","","","","","","","","","","","","","","","","","","","","","","","","","","","","","","","","","","","","","","","","","","","","","","","","","","","","","","","","","","","","","","","","","","","","","","","","","","","","","","","","","","","","","","","","","",50,1,"","","","","","","","","","","","","","","","","","","","","","","","","","","","","",""
"61328002","LE PIN-AU-HARAS -INRAE",48.735833,0.128167,176,2002071720,0.,1,"","","","","","","","","","","","","","","","","","","","","","","","","","","","","","","","","","",15.1,1,"","","","","","","","","","","","","","","","","","","","","","","","","","","","",80,1,"","","","","","","","","","","","","","","","","","","","","","","","","","","","","","","","","","","","","","","","","","","","","","","","","","","","","","","","","","","","","","","","","","","","","","","","","","","","","","","","","","","","","","","","","","","","","","","","","","",4,1,"","","","","","","","","","","","","","","","","","","","","","","","","","","","","",""
"61328002","LE PIN-AU-HARAS -INRAE",48.735833,0.128167,176,2002071721,0.,1,"","","","","","","","","","","","","","","","","","","","","","","","","","","","","","","","","","",13.9,1,"","","","","","","","","","","","","","","","","","","","","","","","","","","","",88,1,"","","","","","","","","","","","","","","","","","","","","","","","","","","","","","","","","","","","","","","","","","","","","","","","","","","","","","","","","","","","","","","","","","","","","","","","","","","","","","","","","","","","","","","","","","","","","","","","","","",0,1,"","","","","","","","","","","","","","","","","","","","","","","","","","","","","",""
"61328002","LE PIN-AU-HARAS -INRAE",48.735833,0.128167,176,2002071722,0.,1,"","","","","","","","","","","","","","","","","","","","","","","","","","","","","","","","","","",12.3,1,"","","","","","","","","","","","","","","","","","","","","","","","","","","","",92,1,"","","","","","","","","","","","","","","","","","","","","","","","","","","","","","","","","","","","","","","","","","","","","","","","","","","","","","","","","","","","","","","","","","","","","","","","","","","","","","","","","","","","","","","","","","","","","","","","","","",0,1,"","","","","","","","","","","","","","","","","","","","","","","","","","","","","",""
"61328002","LE PIN-AU-HARAS -INRAE",48.735833,0.128167,176,2002071723,0.,1,"","","","","","","","","","","","","","","","","","","","","","","","","","","","","","","","","","",11.4,1,"","","","","","","","","","","","","","","","","","","","","","","","","","","","",97,1,"","","","","","","","","","","","","","","","","","","","","","","","","","","","","","","","","","","","","","","","","","","","","","","","","","","","","","","","","","","","","","","","","","","","","","","","","","","","","","","","","","","","","","","","","","","","","","","","","","",0,1,"","","","","","","","","","","","","","","","","","","","","","","","","","","","","",""
"61328002","LE PIN-AU-HARAS -INRAE",48.735833,0.128167,176,2002071800,0.,1,"","","","","","","","","","","","","","","","","","","","","","","","","","","","","","","","","","",10.7,1,"","","","","","","","","","","","","","","","","","","","","","","","","","","","",98,1,"","","","","","","","","","","","","","","","","","","","","","","","","","","","","","","","","","","","","","","","","","","","","","","","","","","","","","","","","","","","","","","","","","","","","","","","","","","","","","","","","","","","","","","","","","","","","","","","","","",0,1,"","","","","","","","","","","","","","","","","","","","","","","","","","","","","",""
"61328002","LE PIN-AU-HARAS -INRAE",48.735833,0.128167,176,2002071801,0.,1,"","","","","","","","","","","","","","","","","","","","","","","","","","","","","","","","","","",8.8,1,"","","","","","","","","","","","","","","","","","","","","","","","","","","","",99,1,"","","","","","","","","","","","","","","","","","","","","","","","","","","","","","","","","","","","","","","","","","","","","","","","","","","","","","","","","","","","","","","","","","","","","","","","","","","","","","","","","","","","","","","","","","","","","","","","","","",0,1,"","","","","","","","","","","","","","","","","","","","","","","","","","","","","",""
"61328002","LE PIN-AU-HARAS -INRAE",48.735833,0.128167,176,2002071802,0.,1,"","","","","","","","","","","","","","","","","","","","","","","","","","","","","","","","","","",8.,1,"","","","","","","","","","","","","","","","","","","","","","","","","","","","",99,1,"","","","","","","","","","","","","","","","","","","","","","","","","","","","","","","","","","","","","","","","","","","","","","","","","","","","","","","","","","","","","","","","","","","","","","","","","","","","","","","","","","","","","","","","","","","","","","","","","","",0,1,"","","","","","","","","","","","","","","","","","","","","","","","","","","","","",""
"61328002","LE PIN-AU-HARAS -INRAE",48.735833,0.128167,176,2002071803,0.,1,"","","","","","","","","","","","","","","","","","","","","","","","","","","","","","","","","","",7.7,1,"","","","","","","","","","","","","","","","","","","","","","","","","","","","",100,1,"","","","","","","","","","","","","","","","","","","","","","","","","","","","","","","","","","","","","","","","","","","","","","","","","","","","","","","","","","","","","","","","","","","","","","","","","","","","","","","","","","","","","","","","","","","","","","","","","","",0,1,"","","","","","","","","","","","","","","","","","","","","","","","","","","","","",""
"61328002","LE PIN-AU-HARAS -INRAE",48.735833,0.128167,176,2002071804,0.,1,"","","","","","","","","","","","","","","","","","","","","","","","","","","","","","","","","","",6.6,1,"","","","","","","","","","","","","","","","","","","","","","","","","","","","",100,1,"","","","","","","","","","","","","","","","","","","","","","","","","","","","","","","","","","","","","","","","","","","","","","","","","","","","","","","","","","","","","","","","","","","","","","","","","","","","","","","","","","","","","","","","","","","","","","","","","","",0,1,"","","","","","","","","","","","","","","","","","","","","","","","","","","","","",""
"61328002","LE PIN-AU-HARAS -INRAE",48.735833,0.128167,176,2002071805,0.,1,"","","","","","","","","","","","","","","","","","","","","","","","","","","","","","","","","","",7.,1,"","","","","","","","","","","","","","","","","","","","","","","","","","","","",100,1,"","","","","","","","","","","","","","","","","","","","","","","","","","","","","","","","","","","","","","","","","","","","","","","","","","","","","","","","","","","","","","","","","","","","","","","","","","","","","","","","","","","","","","","","","","","","","","","","","","",4,1,"","","","","","","","","","","","","","","","","","","","","","","","","","","","","",""
"61328002","LE PIN-AU-HARAS -INRAE",48.735833,0.128167,176,2002071806,0.,1,"","","","","","","","","","","","","","","","","","","","","","","","","","","","","","","","","","",9.2,1,"","","","","","","","","","","","","","","","","","","","","","","","","","","","",100,1,"","","","","","","","","","","","","","","","","","","","","","","","","","","","","","","","","","","","","","","","","","","","","","","","","","","","","","","","","","","","","","","","","","","","","","","","","","","","","","","","","","","","","","","","","","","","","","","","","","",26,1,"","","","","","","","","","","","","","","","","","","","","","","","","","","","","",""
"61328002","LE PIN-AU-HARAS -INRAE",48.735833,0.128167,176,2002071807,0.,1,"","","","","","","","","","","","","","","","","","","","","","","","","","","","","","","","","","",13.6,1,"","","","","","","","","","","","","","","","","","","","","","","","","","","","",100,1,"","","","","","","","","","","","","","","","","","","","","","","","","","","","","","","","","","","","","","","","","","","","","","","","","","","","","","","","","","","","","","","","","","","","","","","","","","","","","","","","","","","","","","","","","","","","","","","","","","",90,1,"","","","","","","","","","","","","","","","","","","","","","","","","","","","","",""
"61328002","LE PIN-AU-HARAS -INRAE",48.735833,0.128167,176,2002071808,0.,1,"","","","","","","","","","","","","","","","","","","","","","","","","","","","","","","","","","",16.6,1,"","","","","","","","","","","","","","","","","","","","","","","","","","","","",89,1,"","","","","","","","","","","","","","","","","","","","","","","","","","","","","","","","","","","","","","","","","","","","","","","","","","","","","","","","","","","","","","","","","","","","","","","","","","","","","","","","","","","","","","","","","","","","","","","","","","",162,1,"","","","","","","","","","","","","","","","","","","","","","","","","","","","","",""
"61328002","LE PIN-AU-HARAS -INRAE",48.735833,0.128167,176,2002071809,0.,1,"","","","","","","","","","","","","","","","","","","","","","","","","","","","","","","","","","",20.5,1,"","","","","","","","","","","","","","","","","","","","","","","","","","","","",68,1,"","","","","","","","","","","","","","","","","","","","","","","","","","","","","","","","","","","","","","","","","","","","","","","","","","","","","","","","","","","","","","","","","","","","","","","","","","","","","","","","","","","","","","","","","","","","","","","","","","",218,1,"","","","","","","","","","","","","","","","","","","","","","","","","","","","","",""
"61328002","LE PIN-AU-HARAS -INRAE",48.735833,0.128167,176,2002071810,0.,1,"","","","","","","","","","","","","","","","","","","","","","","","","","","","","","","","","","",21.1,1,"","","","","","","","","","","","","","","","","","","","","","","","","","","","",61,1,"","","","","","","","","","","","","","","","","","","","","","","","","","","","","","","","","","","","","","","","","","","","","","","","","","","","","","","","","","","","","","","","","","","","","","","","","","","","","","","","","","","","","","","","","","","","","","","","","","",264,1,"","","","","","","","","","","","","","","","","","","","","","","","","","","","","",""
"61328002","LE PIN-AU-HARAS -INRAE",48.735833,0.128167,176,2002071811,0.,1,"","","","","","","","","","","","","","","","","","","","","","","","","","","","","","","","","","",21.3,1,"","","","","","","","","","","","","","","","","","","","","","","","","","","","",53,1,"","","","","","","","","","","","","","","","","","","","","","","","","","","","","","","","","","","","","","","","","","","","","","","","","","","","","","","","","","","","","","","","","","","","","","","","","","","","","","","","","","","","","","","","","","","","","","","","","","",242,1,"","","","","","","","","","","","","","","","","","","","","","","","","","","","","",""
"61328002","LE PIN-AU-HARAS -INRAE",48.735833,0.128167,176,2002071812,0.,1,"","","","","","","","","","","","","","","","","","","","","","","","","","","","","","","","","","",21.9,1,"","","","","","","","","","","","","","","","","","","","","","","","","","","","",51,1,"","","","","","","","","","","","","","","","","","","","","","","","","","","","","","","","","","","","","","","","","","","","","","","","","","","","","","","","","","","","","","","","","","","","","","","","","","","","","","","","","","","","","","","","","","","","","","","","","","",224,1,"","","","","","","","","","","","","","","","","","","","","","","","","","","","","",""
"61328002","LE PIN-AU-HARAS -INRAE",48.735833,0.128167,176,2002071813,0.,1,"","","","","","","","","","","","","","","","","","","","","","","","","","","","","","","","","","",22.7,1,"","","","","","","","","","","","","","","","","","","","","","","","","","","","",45,1,"","","","","","","","","","","","","","","","","","","","","","","","","","","","","","","","","","","","","","","","","","","","","","","","","","","","","","","","","","","","","","","","","","","","","","","","","","","","","","","","","","","","","","","","","","","","","","","","","","",188,1,"","","","","","","","","","","","","","","","","","","","","","","","","","","","","",""
"61328002","LE PIN-AU-HARAS -INRAE",48.735833,0.128167,176,2002071814,0.,1,"","","","","","","","","","","","","","","","","","","","","","","","","","","","","","","","","","",25.1,1,"","","","","","","","","","","","","","","","","","","","","","","","","","","","",31,1,"","","","","","","","","","","","","","","","","","","","","","","","","","","","","","","","","","","","","","","","","","","","","","","","","","","","","","","","","","","","","","","","","","","","","","","","","","","","","","","","","","","","","","","","","","","","","","","","","","",198,1,"","","","","","","","","","","","","","","","","","","","","","","","","","","","","",""
"61328002","LE PIN-AU-HARAS -INRAE",48.735833,0.128167,176,2002071815,0.,1,"","","","","","","","","","","","","","","","","","","","","","","","","","","","","","","","","","",25.2,1,"","","","","","","","","","","","","","","","","","","","","","","","","","","","",33,1,"","","","","","","","","","","","","","","","","","","","","","","","","","","","","","","","","","","","","","","","","","","","","","","","","","","","","","","","","","","","","","","","","","","","","","","","","","","","","","","","","","","","","","","","","","","","","","","","","","",258,1,"","","","","","","","","","","","","","","","","","","","","","","","","","","","","",""
"61328002","LE PIN-AU-HARAS -INRAE",48.735833,0.128167,176,2002071816,0.,1,"","","","","","","","","","","","","","","","","","","","","","","","","","","","","","","","","","",24.5,1,"","","","","","","","","","","","","","","","","","","","","","","","","","","","",34,1,"","","","","","","","","","","","","","","","","","","","","","","","","","","","","","","","","","","","","","","","","","","","","","","","","","","","","","","","","","","","","","","","","","","","","","","","","","","","","","","","","","","","","","","","","","","","","","","","","","",178,1,"","","","","","","","","","","","","","","","","","","","","","","","","","","","","",""
"61328002","LE PIN-AU-HARAS -INRAE",48.735833,0.128167,176,2002071817,0.,1,"","","","","","","","","","","","","","","","","","","","","","","","","","","","","","","","","","",24.2,1,"","","","","","","","","","","","","","","","","","","","","","","","","","","","",41,1,"","","","","","","","","","","","","","","","","","","","","","","","","","","","","","","","","","","","","","","","","","","","","","","","","","","","","","","","","","","","","","","","","","","","","","","","","","","","","","","","","","","","","","","","","","","","","","","","","","",154,1,"","","","","","","","","","","","","","","","","","","","","","","","","","","","","",""
"61328002","LE PIN-AU-HARAS -INRAE",48.735833,0.128167,176,2002071818,0.,1,"","","","","","","","","","","","","","","","","","","","","","","","","","","","","","","","","","",23.4,1,"","","","","","","","","","","","","","","","","","","","","","","","","","","","",39,1,"","","","","","","","","","","","","","","","","","","","","","","","","","","","","","","","","","","","","","","","","","","","","","","","","","","","","","","","","","","","","","","","","","","","","","","","","","","","","","","","","","","","","","","","","","","","","","","","","","",116,1,"","","","","","","","","","","","","","","","","","","","","","","","","","","","","",""
"61328002","LE PIN-AU-HARAS -INRAE",48.735833,0.128167,176,2002071819,0.,1,"","","","","","","","","","","","","","","","","","","","","","","","","","","","","","","","","","",21.8,1,"","","","","","","","","","","","","","","","","","","","","","","","","","","","",46,1,"","","","","","","","","","","","","","","","","","","","","","","","","","","","","","","","","","","","","","","","","","","","","","","","","","","","","","","","","","","","","","","","","","","","","","","","","","","","","","","","","","","","","","","","","","","","","","","","","","",46,1,"","","","","","","","","","","","","","","","","","","","","","","","","","","","","",""
"61328002","LE PIN-AU-HARAS -INRAE",48.735833,0.128167,176,2002071820,0.,1,"","","","","","","","","","","","","","","","","","","","","","","","","","","","","","","","","","",19.6,1,"","","","","","","","","","","","","","","","","","","","","","","","","","","","",54,1,"","","","","","","","","","","","","","","","","","","","","","","","","","","","","","","","","","","","","","","","","","","","","","","","","","","","","","","","","","","","","","","","","","","","","","","","","","","","","","","","","","","","","","","","","","","","","","","","","","",6,1,"","","","","","","","","","","","","","","","","","","","","","","","","","","","","",""
"61328002","LE PIN-AU-HARAS -INRAE",48.735833,0.128167,176,2002071821,0.,1,"","","","","","","","","","","","","","","","","","","","","","","","","","","","","","","","","","",18.3,1,"","","","","","","","","","","","","","","","","","","","","","","","","","","","",66,1,"","","","","","","","","","","","","","","","","","","","","","","","","","","","","","","","","","","","","","","","","","","","","","","","","","","","","","","","","","","","","","","","","","","","","","","","","","","","","","","","","","","","","","","","","","","","","","","","","","",0,1,"","","","","","","","","","","","","","","","","","","","","","","","","","","","","",""
"61328002","LE PIN-AU-HARAS -INRAE",48.735833,0.128167,176,2002071822,0.,1,"","","","","","","","","","","","","","","","","","","","","","","","","","","","","","","","","","",17.,1,"","","","","","","","","","","","","","","","","","","","","","","","","","","","",70,1,"","","","","","","","","","","","","","","","","","","","","","","","","","","","","","","","","","","","","","","","","","","","","","","","","","","","","","","","","","","","","","","","","","","","","","","","","","","","","","","","","","","","","","","","","","","","","","","","","","",0,1,"","","","","","","","","","","","","","","","","","","","","","","","","","","","","",""
"61328002","LE PIN-AU-HARAS -INRAE",48.735833,0.128167,176,2002071823,0.,1,"","","","","","","","","","","","","","","","","","","","","","","","","","","","","","","","","","",15.8,1,"","","","","","","","","","","","","","","","","","","","","","","","","","","","",79,1,"","","","","","","","","","","","","","","","","","","","","","","","","","","","","","","","","","","","","","","","","","","","","","","","","","","","","","","","","","","","","","","","","","","","","","","","","","","","","","","","","","","","","","","","","","","","","","","","","","",0,1,"","","","","","","","","","","","","","","","","","","","","","","","","","","","","",""
"61328002","LE PIN-AU-HARAS -INRAE",48.735833,0.128167,176,2002071900,0.,1,"","","","","","","","","","","","","","","","","","","","","","","","","","","","","","","","","","",15.8,1,"","","","","","","","","","","","","","","","","","","","","","","","","","","","",74,1,"","","","","","","","","","","","","","","","","","","","","","","","","","","","","","","","","","","","","","","","","","","","","","","","","","","","","","","","","","","","","","","","","","","","","","","","","","","","","","","","","","","","","","","","","","","","","","","","","","",0,1,"","","","","","","","","","","","","","","","","","","","","","","","","","","","","",""
"61328002","LE PIN-AU-HARAS -INRAE",48.735833,0.128167,176,2002071901,0.,1,"","","","","","","","","","","","","","","","","","","","","","","","","","","","","","","","","","",15.,1,"","","","","","","","","","","","","","","","","","","","","","","","","","","","",73,1,"","","","","","","","","","","","","","","","","","","","","","","","","","","","","","","","","","","","","","","","","","","","","","","","","","","","","","","","","","","","","","","","","","","","","","","","","","","","","","","","","","","","","","","","","","","","","","","","","","",0,1,"","","","","","","","","","","","","","","","","","","","","","","","","","","","","",""
"61328002","LE PIN-AU-HARAS -INRAE",48.735833,0.128167,176,2002071902,0.,1,"","","","","","","","","","","","","","","","","","","","","","","","","","","","","","","","","","",14.,1,"","","","","","","","","","","","","","","","","","","","","","","","","","","","",81,1,"","","","","","","","","","","","","","","","","","","","","","","","","","","","","","","","","","","","","","","","","","","","","","","","","","","","","","","","","","","","","","","","","","","","","","","","","","","","","","","","","","","","","","","","","","","","","","","","","","",0,1,"","","","","","","","","","","","","","","","","","","","","","","","","","","","","",""
"61328002","LE PIN-AU-HARAS -INRAE",48.735833,0.128167,176,2002071903,0.,1,"","","","","","","","","","","","","","","","","","","","","","","","","","","","","","","","","","",13.4,1,"","","","","","","","","","","","","","","","","","","","","","","","","","","","",85,1,"","","","","","","","","","","","","","","","","","","","","","","","","","","","","","","","","","","","","","","","","","","","","","","","","","","","","","","","","","","","","","","","","","","","","","","","","","","","","","","","","","","","","","","","","","","","","","","","","","",0,1,"","","","","","","","","","","","","","","","","","","","","","","","","","","","","",""
"61328002","LE PIN-AU-HARAS -INRAE",48.735833,0.128167,176,2002071904,0.,1,"","","","","","","","","","","","","","","","","","","","","","","","","","","","","","","","","","",13.4,1,"","","","","","","","","","","","","","","","","","","","","","","","","","","","",84,1,"","","","","","","","","","","","","","","","","","","","","","","","","","","","","","","","","","","","","","","","","","","","","","","","","","","","","","","","","","","","","","","","","","","","","","","","","","","","","","","","","","","","","","","","","","","","","","","","","","",0,1,"","","","","","","","","","","","","","","","","","","","","","","","","","","","","",""
"61328002","LE PIN-AU-HARAS -INRAE",48.735833,0.128167,176,2002071905,0.,1,"","","","","","","","","","","","","","","","","","","","","","","","","","","","","","","","","","",13.7,1,"","","","","","","","","","","","","","","","","","","","","","","","","","","","",84,1,"","","","","","","","","","","","","","","","","","","","","","","","","","","","","","","","","","","","","","","","","","","","","","","","","","","","","","","","","","","","","","","","","","","","","","","","","","","","","","","","","","","","","","","","","","","","","","","","","","",4,1,"","","","","","","","","","","","","","","","","","","","","","","","","","","","","",""
"61328002","LE PIN-AU-HARAS -INRAE",48.735833,0.128167,176,2002071906,0.,1,"","","","","","","","","","","","","","","","","","","","","","","","","","","","","","","","","","",14.7,1,"","","","","","","","","","","","","","","","","","","","","","","","","","","","",82,1,"","","","","","","","","","","","","","","","","","","","","","","","","","","","","","","","","","","","","","","","","","","","","","","","","","","","","","","","","","","","","","","","","","","","","","","","","","","","","","","","","","","","","","","","","","","","","","","","","","",38,1,"","","","","","","","","","","","","","","","","","","","","","","","","","","","","",""
"61328002","LE PIN-AU-HARAS -INRAE",48.735833,0.128167,176,2002071907,0.,1,"","","","","","","","","","","","","","","","","","","","","","","","","","","","","","","","","","",16.3,1,"","","","","","","","","","","","","","","","","","","","","","","","","","","","",76,1,"","","","","","","","","","","","","","","","","","","","","","","","","","","","","","","","","","","","","","","","","","","","","","","","","","","","","","","","","","","","","","","","","","","","","","","","","","","","","","","","","","","","","","","","","","","","","","","","","","",78,1,"","","","","","","","","","","","","","","","","","","","","","","","","","","","","",""
"61328002","LE PIN-AU-HARAS -INRAE",48.735833,0.128167,176,2002071908,0.,1,"","","","","","","","","","","","","","","","","","","","","","","","","","","","","","","","","","",17.8,1,"","","","","","","","","","","","","","","","","","","","","","","","","","","","",64,1,"","","","","","","","","","","","","","","","","","","","","","","","","","","","","","","","","","","","","","","","","","","","","","","","","","","","","","","","","","","","","","","","","","","","","","","","","","","","","","","","","","","","","","","","","","","","","","","","","","",156,1,"","","","","","","","","","","","","","","","","","","","","","","","","","","","","",""
"61328002","LE PIN-AU-HARAS -INRAE",48.735833,0.128167,176,2002071909,0.,1,"","","","","","","","","","","","","","","","","","","","","","","","","","","","","","","","","","",19.7,1,"","","","","","","","","","","","","","","","","","","","","","","","","","","","",59,1,"","","","","","","","","","","","","","","","","","","","","","","","","","","","","","","","","","","","","","","","","","","","","","","","","","","","","","","","","","","","","","","","","","","","","","","","","","","","","","","","","","","","","","","","","","","","","","","","","","",190,1,"","","","","","","","","","","","","","","","","","","","","","","","","","","","","",""
"61328002","LE PIN-AU-HARAS -INRAE",48.735833,0.128167,176,2002071910,0.,1,"","","","","","","","","","","","","","","","","","","","","","","","","","","","","","","","","","",21.5,1,"","","","","","","","","","","","","","","","","","","","","","","","","","","","",50,1,"","","","","","","","","","","","","","","","","","","","","","","","","","","","","","","","","","","","","","","","","","","","","","","","","","","","","","","","","","","","","","","","","","","","","","","","","","","","","","","","","","","","","","","","","","","","","","","","","","",264,1,"","","","","","","","","","","","","","","","","","","","","","","","","","","","","",""
"61328002","LE PIN-AU-HARAS -INRAE",48.735833,0.128167,176,2002071911,0.,1,"","","","","","","","","","","","","","","","","","","","","","","","","","","","","","","","","","",21.5,1,"","","","","","","","","","","","","","","","","","","","","","","","","","","","",50,1,"","","","","","","","","","","","","","","","","","","","","","","","","","","","","","","","","","","","","","","","","","","","","","","","","","","","","","","","","","","","","","","","","","","","","","","","","","","","","","","","","","","","","","","","","","","","","","","","","","",240,1,"","","","","","","","","","","","","","","","","","","","","","","","","","","","","",""
"61328002","LE PIN-AU-HARAS -INRAE",48.735833,0.128167,176,2002071912,0.,1,"","","","","","","","","","","","","","","","","","","","","","","","","","","","","","","","","","",22.9,1,"","","","","","","","","","","","","","","","","","","","","","","","","","","","",42,1,"","","","","","","","","","","","","","","","","","","","","","","","","","","","","","","","","","","","","","","","","","","","","","","","","","","","","","","","","","","","","","","","","","","","","","","","","","","","","","","","","","","","","","","","","","","","","","","","","","",256,1,"","","","","","","","","","","","","","","","","","","","","","","","","","","","","",""
"61328002","LE PIN-AU-HARAS -INRAE",48.735833,0.128167,176,2002071913,0.,1,"","","","","","","","","","","","","","","","","","","","","","","","","","","","","","","","","","",22.7,1,"","","","","","","","","","","","","","","","","","","","","","","","","","","","",41,1,"","","","","","","","","","","","","","","","","","","","","","","","","","","","","","","","","","","","","","","","","","","","","","","","","","","","","","","","","","","","","","","","","","","","","","","","","","","","","","","","","","","","","","","","","","","","","","","","","","",214,1,"","","","","","","","","","","","","","","","","","","","","","","","","","","","","",""
"61328002","LE PIN-AU-HARAS -INRAE",48.735833,0.128167,176,2002071914,0.,1,"","","","","","","","","","","","","","","","","","","","","","","","","","","","","","","","","","",23.2,1,"","","","","","","","","","","","","","","","","","","","","","","","","","","","",38,1,"","","","","","","","","","","","","","","","","","","","","","","","","","","","","","","","","","","","","","","","","","","","","","","","","","","","","","","","","","","","","","","","","","","","","","","","","","","","","","","","","","","","","","","","","","","","","","","","","","",262,1,"","","","","","","","","","","","","","","","","","","","","","","","","","","","","",""
"61328002","LE PIN-AU-HARAS -INRAE",48.735833,0.128167,176,2002071915,0.,1,"","","","","","","","","","","","","","","","","","","","","","","","","","","","","","","","","","",23.9,1,"","","","","","","","","","","","","","","","","","","","","","","","","","","","",38,1,"","","","","","","","","","","","","","","","","","","","","","","","","","","","","","","","","","","","","","","","","","","","","","","","","","","","","","","","","","","","","","","","","","","","","","","","","","","","","","","","","","","","","","","","","","","","","","","","","","",236,1,"","","","","","","","","","","","","","","","","","","","","","","","","","","","","",""
"61328002","LE PIN-AU-HARAS -INRAE",48.735833,0.128167,176,2002071916,0.,1,"","","","","","","","","","","","","","","","","","","","","","","","","","","","","","","","","","",24.5,1,"","","","","","","","","","","","","","","","","","","","","","","","","","","","",31,1,"","","","","","","","","","","","","","","","","","","","","","","","","","","","","","","","","","","","","","","","","","","","","","","","","","","","","","","","","","","","","","","","","","","","","","","","","","","","","","","","","","","","","","","","","","","","","","","","","","",240,1,"","","","","","","","","","","","","","","","","","","","","","","","","","","","","",""
"61328002","LE PIN-AU-HARAS -INRAE",48.735833,0.128167,176,2002071917,0.,1,"","","","","","","","","","","","","","","","","","","","","","","","","","","","","","","","","","",24.,1,"","","","","","","","","","","","","","","","","","","","","","","","","","","","",34,1,"","","","","","","","","","","","","","","","","","","","","","","","","","","","","","","","","","","","","","","","","","","","","","","","","","","","","","","","","","","","","","","","","","","","","","","","","","","","","","","","","","","","","","","","","","","","","","","","","","",178,1,"","","","","","","","","","","","","","","","","","","","","","","","","","","","","",""
"61328002","LE PIN-AU-HARAS -INRAE",48.735833,0.128167,176,2002071918,0.,1,"","","","","","","","","","","","","","","","","","","","","","","","","","","","","","","","","","",23.6,1,"","","","","","","","","","","","","","","","","","","","","","","","","","","","",36,1,"","","","","","","","","","","","","","","","","","","","","","","","","","","","","","","","","","","","","","","","","","","","","","","","","","","","","","","","","","","","","","","","","","","","","","","","","","","","","","","","","","","","","","","","","","","","","","","","","","",112,1,"","","","","","","","","","","","","","","","","","","","","","","","","","","","","",""
"61328002","LE PIN-AU-HARAS -INRAE",48.735833,0.128167,176,2002071919,0.,1,"","","","","","","","","","","","","","","","","","","","","","","","","","","","","","","","","","",21.,1,"","","","","","","","","","","","","","","","","","","","","","","","","","","","",46,1,"","","","","","","","","","","","","","","","","","","","","","","","","","","","","","","","","","","","","","","","","","","","","","","","","","","","","","","","","","","","","","","","","","","","","","","","","","","","","","","","","","","","","","","","","","","","","","","","","","",46,1,"","","","","","","","","","","","","","","","","","","","","","","","","","","","","",""
"61328002","LE PIN-AU-HARAS -INRAE",48.735833,0.128167,176,2002071920,0.,1,"","","","","","","","","","","","","","","","","","","","","","","","","","","","","","","","","","",14.5,1,"","","","","","","","","","","","","","","","","","","","","","","","","","","","",81,1,"","","","","","","","","","","","","","","","","","","","","","","","","","","","","","","","","","","","","","","","","","","","","","","","","","","","","","","","","","","","","","","","","","","","","","","","","","","","","","","","","","","","","","","","","","","","","","","","","","",4,1,"","","","","","","","","","","","","","","","","","","","","","","","","","","","","",""
"61328002","LE PIN-AU-HARAS -INRAE",48.735833,0.128167,176,2002071921,0.,1,"","","","","","","","","","","","","","","","","","","","","","","","","","","","","","","","","","",12.1,1,"","","","","","","","","","","","","","","","","","","","","","","","","","","","",91,1,"","","","","","","","","","","","","","","","","","","","","","","","","","","","","","","","","","","","","","","","","","","","","","","","","","","","","","","","","","","","","","","","","","","","","","","","","","","","","","","","","","","","","","","","","","","","","","","","","","",0,1,"","","","","","","","","","","","","","","","","","","","","","","","","","","","","",""
"61328002","LE PIN-AU-HARAS -INRAE",48.735833,0.128167,176,2002071922,0.,1,"","","","","","","","","","","","","","","","","","","","","","","","","","","","","","","","","","",10.7,1,"","","","","","","","","","","","","","","","","","","","","","","","","","","","",94,1,"","","","","","","","","","","","","","","","","","","","","","","","","","","","","","","","","","","","","","","","","","","","","","","","","","","","","","","","","","","","","","","","","","","","","","","","","","","","","","","","","","","","","","","","","","","","","","","","","","",0,1,"","","","","","","","","","","","","","","","","","","","","","","","","","","","","",""
"61328002","LE PIN-AU-HARAS -INRAE",48.735833,0.128167,176,2002071923,0.,1,"","","","","","","","","","","","","","","","","","","","","","","","","","","","","","","","","","",10.5,1,"","","","","","","","","","","","","","","","","","","","","","","","","","","","",97,1,"","","","","","","","","","","","","","","","","","","","","","","","","","","","","","","","","","","","","","","","","","","","","","","","","","","","","","","","","","","","","","","","","","","","","","","","","","","","","","","","","","","","","","","","","","","","","","","","","","",0,1,"","","","","","","","","","","","","","","","","","","","","","","","","","","","","",""
"61328002","LE PIN-AU-HARAS -INRAE",48.735833,0.128167,176,2002072000,0.,1,"","","","","","","","","","","","","","","","","","","","","","","","","","","","","","","","","","",9.6,1,"","","","","","","","","","","","","","","","","","","","","","","","","","","","",98,1,"","","","","","","","","","","","","","","","","","","","","","","","","","","","","","","","","","","","","","","","","","","","","","","","","","","","","","","","","","","","","","","","","","","","","","","","","","","","","","","","","","","","","","","","","","","","","","","","","","",0,1,"","","","","","","","","","","","","","","","","","","","","","","","","","","","","",""
"61328002","LE PIN-AU-HARAS -INRAE",48.735833,0.128167,176,2002072001,0.,1,"","","","","","","","","","","","","","","","","","","","","","","","","","","","","","","","","","",9.6,1,"","","","","","","","","","","","","","","","","","","","","","","","","","","","",99,1,"","","","","","","","","","","","","","","","","","","","","","","","","","","","","","","","","","","","","","","","","","","","","","","","","","","","","","","","","","","","","","","","","","","","","","","","","","","","","","","","","","","","","","","","","","","","","","","","","","",0,1,"","","","","","","","","","","","","","","","","","","","","","","","","","","","","",""
"61328002","LE PIN-AU-HARAS -INRAE",48.735833,0.128167,176,2002072002,0.,1,"","","","","","","","","","","","","","","","","","","","","","","","","","","","","","","","","","",9.6,1,"","","","","","","","","","","","","","","","","","","","","","","","","","","","",99,1,"","","","","","","","","","","","","","","","","","","","","","","","","","","","","","","","","","","","","","","","","","","","","","","","","","","","","","","","","","","","","","","","","","","","","","","","","","","","","","","","","","","","","","","","","","","","","","","","","","",0,1,"","","","","","","","","","","","","","","","","","","","","","","","","","","","","",""
"61328002","LE PIN-AU-HARAS -INRAE",48.735833,0.128167,176,2002072003,0.,1,"","","","","","","","","","","","","","","","","","","","","","","","","","","","","","","","","","",10.1,1,"","","","","","","","","","","","","","","","","","","","","","","","","","","","",97,1,"","","","","","","","","","","","","","","","","","","","","","","","","","","","","","","","","","","","","","","","","","","","","","","","","","","","","","","","","","","","","","","","","","","","","","","","","","","","","","","","","","","","","","","","","","","","","","","","","","",0,1,"","","","","","","","","","","","","","","","","","","","","","","","","","","","","",""
"61328002","LE PIN-AU-HARAS -INRAE",48.735833,0.128167,176,2002072004,0.,1,"","","","","","","","","","","","","","","","","","","","","","","","","","","","","","","","","","",9.3,1,"","","","","","","","","","","","","","","","","","","","","","","","","","","","",97,1,"","","","","","","","","","","","","","","","","","","","","","","","","","","","","","","","","","","","","","","","","","","","","","","","","","","","","","","","","","","","","","","","","","","","","","","","","","","","","","","","","","","","","","","","","","","","","","","","","","",0,1,"","","","","","","","","","","","","","","","","","","","","","","","","","","","","",""
"61328002","LE PIN-AU-HARAS -INRAE",48.735833,0.128167,176,2002072005,0.,1,"","","","","","","","","","","","","","","","","","","","","","","","","","","","","","","","","","",10.,1,"","","","","","","","","","","","","","","","","","","","","","","","","","","","",98,1,"","","","","","","","","","","","","","","","","","","","","","","","","","","","","","","","","","","","","","","","","","","","","","","","","","","","","","","","","","","","","","","","","","","","","","","","","","","","","","","","","","","","","","","","","","","","","","","","","","",4,1,"","","","","","","","","","","","","","","","","","","","","","","","","","","","","",""
"61328002","LE PIN-AU-HARAS -INRAE",48.735833,0.128167,176,2002072006,0.,1,"","","","","","","","","","","","","","","","","","","","","","","","","","","","","","","","","","",14.2,1,"","","","","","","","","","","","","","","","","","","","","","","","","","","","",86,1,"","","","","","","","","","","","","","","","","","","","","","","","","","","","","","","","","","","","","","","","","","","","","","","","","","","","","","","","","","","","","","","","","","","","","","","","","","","","","","","","","","","","","","","","","","","","","","","","","","",38,1,"","","","","","","","","","","","","","","","","","","","","","","","","","","","","",""
"61328002","LE PIN-AU-HARAS -INRAE",48.735833,0.128167,176,2002072007,0.,1,"","","","","","","","","","","","","","","","","","","","","","","","","","","","","","","","","","",17.6,1,"","","","","","","","","","","","","","","","","","","","","","","","","","","","",72,1,"","","","","","","","","","","","","","","","","","","","","","","","","","","","","","","","","","","","","","","","","","","","","","","","","","","","","","","","","","","","","","","","","","","","","","","","","","","","","","","","","","","","","","","","","","","","","","","","","","",90,1,"","","","","","","","","","","","","","","","","","","","","","","","","","","","","",""
"61328002","LE PIN-AU-HARAS -INRAE",48.735833,0.128167,176,2002072008,0.,1,"","","","","","","","","","","","","","","","","","","","","","","","","","","","","","","","","","",20.8,1,"","","","","","","","","","","","","","","","","","","","","","","","","","","","",57,1,"","","","","","","","","","","","","","","","","","","","","","","","","","","","","","","","","","","","","","","","","","","","","","","","","","","","","","","","","","","","","","","","","","","","","","","","","","","","","","","","","","","","","","","","","","","","","","","","","","",144,1,"","","","","","","","","","","","","","","","","","","","","","","","","","","","","",""
"61328002","LE PIN-AU-HARAS -INRAE",48.735833,0.128167,176,2002072009,0.,1,"","","","","","","","","","","","","","","","","","","","","","","","","","","","","","","","","","",23.1,1,"","","","","","","","","","","","","","","","","","","","","","","","","","","","",47,1,"","","","","","","","","","","","","","","","","","","","","","","","","","","","","","","","","","","","","","","","","","","","","","","","","","","","","","","","","","","","","","","","","","","","","","","","","","","","","","","","","","","","","","","","","","","","","","","","","","",206,1,"","","","","","","","","","","","","","","","","","","","","","","","","","","","","",""
"61328002","LE PIN-AU-HARAS -INRAE",48.735833,0.128167,176,2002072010,0.,1,"","","","","","","","","","","","","","","","","","","","","","","","","","","","","","","","","","",24.5,1,"","","","","","","","","","","","","","","","","","","","","","","","","","","","",42,1,"","","","","","","","","","","","","","","","","","","","","","","","","","","","","","","","","","","","","","","","","","","","","","","","","","","","","","","","","","","","","","","","","","","","","","","","","","","","","","","","","","","","","","","","","","","","","","","","","","",248,1,"","","","","","","","","","","","","","","","","","","","","","","","","","","","","",""
"61328002","LE PIN-AU-HARAS -INRAE",48.735833,0.128167,176,2002072011,0.,1,"","","","","","","","","","","","","","","","","","","","","","","","","","","","","","","","","","",25.,1,"","","","","","","","","","","","","","","","","","","","","","","","","","","","",37,1,"","","","","","","","","","","","","","","","","","","","","","","","","","","","","","","","","","","","","","","","","","","","","","","","","","","","","","","","","","","","","","","","","","","","","","","","","","","","","","","","","","","","","","","","","","","","","","","","","","",260,1,"","","","","","","","","","","","","","","","","","","","","","","","","","","","","",""
"61328002","LE PIN-AU-HARAS -INRAE",48.735833,0.128167,176,2002072012,0.,1,"","","","","","","","","","","","","","","","","","","","","","","","","","","","","","","","","","",25.8,1,"","","","","","","","","","","","","","","","","","","","","","","","","","","","",39,1,"","","","","","","","","","","","","","","","","","","","","","","","","","","","","","","","","","","","","","","","","","","","","","","","","","","","","","","","","","","","","","","","","","","","","","","","","","","","","","","","","","","","","","","","","","","","","","","","","","",264,1,"","","","","","","","","","","","","","","","","","","","","","","","","","","","","",""
"61328002","LE PIN-AU-HARAS -INRAE",48.735833,0.128167,176,2002072013,0.,1,"","","","","","","","","","","","","","","","","","","","","","","","","","","","","","","","","","",25.6,1,"","","","","","","","","","","","","","","","","","","","","","","","","","","","",39,1,"","","","","","","","","","","","","","","","","","","","","","","","","","","","","","","","","","","","","","","","","","","","","","","","","","","","","","","","","","","","","","","","","","","","","","","","","","","","","","","","","","","","","","","","","","","","","","","","","","",202,1,"","","","","","","","","","","","","","","","","","","","","","","","","","","","","",""
"61328002","LE PIN-AU-HARAS -INRAE",48.735833,0.128167,176,2002072014,0.,1,"","","","","","","","","","","","","","","","","","","","","","","","","","","","","","","","","","",27.1,1,"","","","","","","","","","","","","","","","","","","","","","","","","","","","",41,1,"","","","","","","","","","","","","","","","","","","","","","","","","","","","","","","","","","","","","","","","","","","","","","","","","","","","","","","","","","","","","","","","","","","","","","","","","","","","","","","","","","","","","","","","","","","","","","","","","","",226,1,"","","","","","","","","","","","","","","","","","","","","","","","","","","","","",""
"61328002","LE PIN-AU-HARAS -INRAE",48.735833,0.128167,176,2002072015,0.,1,"","","","","","","","","","","","","","","","","","","","","","","","","","","","","","","","","","",22.5,1,"","","","","","","","","","","","","","","","","","","","","","","","","","","","",60,1,"","","","","","","","","","","","","","","","","","","","","","","","","","","","","","","","","","","","","","","","","","","","","","","","","","","","","","","","","","","","","","","","","","","","","","","","","","","","","","","","","","","","","","","","","","","","","","","","","","",120,1,"","","","","","","","","","","","","","","","","","","","","","","","","","","","","",""
"61328002","LE PIN-AU-HARAS -INRAE",48.735833,0.128167,176,2002072016,0.,1,"","","","","","","","","","","","","","","","","","","","","","","","","","","","","","","","","","",21.9,1,"","","","","","","","","","","","","","","","","","","","","","","","","","","","",62,1,"","","","","","","","","","","","","","","","","","","","","","","","","","","","","","","","","","","","","","","","","","","","","","","","","","","","","","","","","","","","","","","","","","","","","","","","","","","","","","","","","","","","","","","","","","","","","","","","","","",190,1,"","","","","","","","","","","","","","","","","","","","","","","","","","","","","",""
"61328002","LE PIN-AU-HARAS -INRAE",48.735833,0.128167,176,2002072017,0.,1,"","","","","","","","","","","","","","","","","","","","","","","","","","","","","","","","","","",19.8,1,"","","","","","","","","","","","","","","","","","","","","","","","","","","","",60,1,"","","","","","","","","","","","","","","","","","","","","","","","","","","","","","","","","","","","","","","","","","","","","","","","","","","","","","","","","","","","","","","","","","","","","","","","","","","","","","","","","","","","","","","","","","","","","","","","","","",174,1,"","","","","","","","","","","","","","","","","","","","","","","","","","","","","",""
"61328002","LE PIN-AU-HARAS -INRAE",48.735833,0.128167,176,2002072018,0.,1,"","","","","","","","","","","","","","","","","","","","","","","","","","","","","","","","","","",19.5,1,"","","","","","","","","","","","","","","","","","","","","","","","","","","","",58,1,"","","","","","","","","","","","","","","","","","","","","","","","","","","","","","","","","","","","","","","","","","","","","","","","","","","","","","","","","","","","","","","","","","","","","","","","","","","","","","","","","","","","","","","","","","","","","","","","","","",100,1,"","","","","","","","","","","","","","","","","","","","","","","","","","","","","",""
"61328002","LE PIN-AU-HARAS -INRAE",48.735833,0.128167,176,2002072019,0.,1,"","","","","","","","","","","","","","","","","","","","","","","","","","","","","","","","","","",17.3,1,"","","","","","","","","","","","","","","","","","","","","","","","","","","","",67,1,"","","","","","","","","","","","","","","","","","","","","","","","","","","","","","","","","","","","","","","","","","","","","","","","","","","","","","","","","","","","","","","","","","","","","","","","","","","","","","","","","","","","","","","","","","","","","","","","","","",32,1,"","","","","","","","","","","","","","","","","","","","","","","","","","","","","",""
"61328002","LE PIN-AU-HARAS -INRAE",48.735833,0.128167,176,2002072020,0.,1,"","","","","","","","","","","","","","","","","","","","","","","","","","","","","","","","","","",16.1,1,"","","","","","","","","","","","","","","","","","","","","","","","","","","","",74,1,"","","","","","","","","","","","","","","","","","","","","","","","","","","","","","","","","","","","","","","","","","","","","","","","","","","","","","","","","","","","","","","","","","","","","","","","","","","","","","","","","","","","","","","","","","","","","","","","","","",4,1,"","","","","","","","","","","","","","","","","","","","","","","","","","","","","",""
"61328002","LE PIN-AU-HARAS -INRAE",48.735833,0.128167,176,2002072021,0.,1,"","","","","","","","","","","","","","","","","","","","","","","","","","","","","","","","","","",14.9,1,"","","","","","","","","","","","","","","","","","","","","","","","","","","","",79,1,"","","","","","","","","","","","","","","","","","","","","","","","","","","","","","","","","","","","","","","","","","","","","","","","","","","","","","","","","","","","","","","","","","","","","","","","","","","","","","","","","","","","","","","","","","","","","","","","","","",0,1,"","","","","","","","","","","","","","","","","","","","","","","","","","","","","",""
"61328002","LE PIN-AU-HARAS -INRAE",48.735833,0.128167,176,2002072022,0.,1,"","","","","","","","","","","","","","","","","","","","","","","","","","","","","","","","","","",14.,1,"","","","","","","","","","","","","","","","","","","","","","","","","","","","",87,1,"","","","","","","","","","","","","","","","","","","","","","","","","","","","","","","","","","","","","","","","","","","","","","","","","","","","","","","","","","","","","","","","","","","","","","","","","","","","","","","","","","","","","","","","","","","","","","","","","","",0,1,"","","","","","","","","","","","","","","","","","","","","","","","","","","","","",""
"61328002","LE PIN-AU-HARAS -INRAE",48.735833,0.128167,176,2002072023,0.,1,"","","","","","","","","","","","","","","","","","","","","","","","","","","","","","","","","","",12.8,1,"","","","","","","","","","","","","","","","","","","","","","","","","","","","",89,1,"","","","","","","","","","","","","","","","","","","","","","","","","","","","","","","","","","","","","","","","","","","","","","","","","","","","","","","","","","","","","","","","","","","","","","","","","","","","","","","","","","","","","","","","","","","","","","","","","","",0,1,"","","","","","","","","","","","","","","","","","","","","","","","","","","","","",""
"61328002","LE PIN-AU-HARAS -INRAE",48.735833,0.128167,176,2002072100,0.,1,"","","","","","","","","","","","","","","","","","","","","","","","","","","","","","","","","","",11.9,1,"","","","","","","","","","","","","","","","","","","","","","","","","","","","",88,1,"","","","","","","","","","","","","","","","","","","","","","","","","","","","","","","","","","","","","","","","","","","","","","","","","","","","","","","","","","","","","","","","","","","","","","","","","","","","","","","","","","","","","","","","","","","","","","","","","","",0,1,"","","","","","","","","","","","","","","","","","","","","","","","","","","","","",""
"61328002","LE PIN-AU-HARAS -INRAE",48.735833,0.128167,176,2002072101,0.,1,"","","","","","","","","","","","","","","","","","","","","","","","","","","","","","","","","","",12.2,1,"","","","","","","","","","","","","","","","","","","","","","","","","","","","",87,1,"","","","","","","","","","","","","","","","","","","","","","","","","","","","","","","","","","","","","","","","","","","","","","","","","","","","","","","","","","","","","","","","","","","","","","","","","","","","","","","","","","","","","","","","","","","","","","","","","","",0,1,"","","","","","","","","","","","","","","","","","","","","","","","","","","","","",""
"61328002","LE PIN-AU-HARAS -INRAE",48.735833,0.128167,176,2002072102,0.,1,"","","","","","","","","","","","","","","","","","","","","","","","","","","","","","","","","","",11.6,1,"","","","","","","","","","","","","","","","","","","","","","","","","","","","",91,1,"","","","","","","","","","","","","","","","","","","","","","","","","","","","","","","","","","","","","","","","","","","","","","","","","","","","","","","","","","","","","","","","","","","","","","","","","","","","","","","","","","","","","","","","","","","","","","","","","","",0,1,"","","","","","","","","","","","","","","","","","","","","","","","","","","","","",""
"61328002","LE PIN-AU-HARAS -INRAE",48.735833,0.128167,176,2002072103,0.,1,"","","","","","","","","","","","","","","","","","","","","","","","","","","","","","","","","","",10.6,1,"","","","","","","","","","","","","","","","","","","","","","","","","","","","",96,1,"","","","","","","","","","","","","","","","","","","","","","","","","","","","","","","","","","","","","","","","","","","","","","","","","","","","","","","","","","","","","","","","","","","","","","","","","","","","","","","","","","","","","","","","","","","","","","","","","","",0,1,"","","","","","","","","","","","","","","","","","","","","","","","","","","","","",""
"61328002","LE PIN-AU-HARAS -INRAE",48.735833,0.128167,176,2002072104,0.,1,"","","","","","","","","","","","","","","","","","","","","","","","","","","","","","","","","","",11.8,1,"","","","","","","","","","","","","","","","","","","","","","","","","","","","",94,1,"","","","","","","","","","","","","","","","","","","","","","","","","","","","","","","","","","","","","","","","","","","","","","","","","","","","","","","","","","","","","","","","","","","","","","","","","","","","","","","","","","","","","","","","","","","","","","","","","","",0,1,"","","","","","","","","","","","","","","","","","","","","","","","","","","","","",""
"61328002","LE PIN-AU-HARAS -INRAE",48.735833,0.128167,176,2002072105,0.,1,"","","","","","","","","","","","","","","","","","","","","","","","","","","","","","","","","","",12.,1,"","","","","","","","","","","","","","","","","","","","","","","","","","","","",93,1,"","","","","","","","","","","","","","","","","","","","","","","","","","","","","","","","","","","","","","","","","","","","","","","","","","","","","","","","","","","","","","","","","","","","","","","","","","","","","","","","","","","","","","","","","","","","","","","","","","",2,1,"","","","","","","","","","","","","","","","","","","","","","","","","","","","","",""
"61328002","LE PIN-AU-HARAS -INRAE",48.735833,0.128167,176,2002072106,0.,1,"","","","","","","","","","","","","","","","","","","","","","","","","","","","","","","","","","",12.6,1,"","","","","","","","","","","","","","","","","","","","","","","","","","","","",93,1,"","","","","","","","","","","","","","","","","","","","","","","","","","","","","","","","","","","","","","","","","","","","","","","","","","","","","","","","","","","","","","","","","","","","","","","","","","","","","","","","","","","","","","","","","","","","","","","","","","",26,1,"","","","","","","","","","","","","","","","","","","","","","","","","","","","","",""
"61328002","LE PIN-AU-HARAS -INRAE",48.735833,0.128167,176,2002072107,0.,1,"","","","","","","","","","","","","","","","","","","","","","","","","","","","","","","","","","",14.5,1,"","","","","","","","","","","","","","","","","","","","","","","","","","","","",85,1,"","","","","","","","","","","","","","","","","","","","","","","","","","","","","","","","","","","","","","","","","","","","","","","","","","","","","","","","","","","","","","","","","","","","","","","","","","","","","","","","","","","","","","","","","","","","","","","","","","",104,1,"","","","","","","","","","","","","","","","","","","","","","","","","","","","","",""
"61328002","LE PIN-AU-HARAS -INRAE",48.735833,0.128167,176,2002072108,0.,1,"","","","","","","","","","","","","","","","","","","","","","","","","","","","","","","","","","",14.5,1,"","","","","","","","","","","","","","","","","","","","","","","","","","","","",74,1,"","","","","","","","","","","","","","","","","","","","","","","","","","","","","","","","","","","","","","","","","","","","","","","","","","","","","","","","","","","","","","","","","","","","","","","","","","","","","","","","","","","","","","","","","","","","","","","","","","",128,1,"","","","","","","","","","","","","","","","","","","","","","","","","","","","","",""
"61328002","LE PIN-AU-HARAS -INRAE",48.735833,0.128167,176,2002072109,0.,1,"","","","","","","","","","","","","","","","","","","","","","","","","","","","","","","","","","",16.2,1,"","","","","","","","","","","","","","","","","","","","","","","","","","","","",71,1,"","","","","","","","","","","","","","","","","","","","","","","","","","","","","","","","","","","","","","","","","","","","","","","","","","","","","","","","","","","","","","","","","","","","","","","","","","","","","","","","","","","","","","","","","","","","","","","","","","",114,1,"","","","","","","","","","","","","","","","","","","","","","","","","","","","","",""
"61328002","LE PIN-AU-HARAS -INRAE",48.735833,0.128167,176,2002072110,0.,1,"","","","","","","","","","","","","","","","","","","","","","","","","","","","","","","","","","",18.7,1,"","","","","","","","","","","","","","","","","","","","","","","","","","","","",67,1,"","","","","","","","","","","","","","","","","","","","","","","","","","","","","","","","","","","","","","","","","","","","","","","","","","","","","","","","","","","","","","","","","","","","","","","","","","","","","","","","","","","","","","","","","","","","","","","","","","",164,1,"","","","","","","","","","","","","","","","","","","","","","","","","","","","","",""
"61328002","LE PIN-AU-HARAS -INRAE",48.735833,0.128167,176,2002072111,0.,1,"","","","","","","","","","","","","","","","","","","","","","","","","","","","","","","","","","",16.8,1,"","","","","","","","","","","","","","","","","","","","","","","","","","","","",59,1,"","","","","","","","","","","","","","","","","","","","","","","","","","","","","","","","","","","","","","","","","","","","","","","","","","","","","","","","","","","","","","","","","","","","","","","","","","","","","","","","","","","","","","","","","","","","","","","","","","",292,1,"","","","","","","","","","","","","","","","","","","","","","","","","","","","","",""
"61328002","LE PIN-AU-HARAS -INRAE",48.735833,0.128167,176,2002072112,0.,1,"","","","","","","","","","","","","","","","","","","","","","","","","","","","","","","","","","",17.9,1,"","","","","","","","","","","","","","","","","","","","","","","","","","","","",56,1,"","","","","","","","","","","","","","","","","","","","","","","","","","","","","","","","","","","","","","","","","","","","","","","","","","","","","","","","","","","","","","","","","","","","","","","","","","","","","","","","","","","","","","","","","","","","","","","","","","",244,1,"","","","","","","","","","","","","","","","","","","","","","","","","","","","","",""
"61328002","LE PIN-AU-HARAS -INRAE",48.735833,0.128167,176,2002072113,0.,1,"","","","","","","","","","","","","","","","","","","","","","","","","","","","","","","","","","",18.1,1,"","","","","","","","","","","","","","","","","","","","","","","","","","","","",52,1,"","","","","","","","","","","","","","","","","","","","","","","","","","","","","","","","","","","","","","","","","","","","","","","","","","","","","","","","","","","","","","","","","","","","","","","","","","","","","","","","","","","","","","","","","","","","","","","","","","",210,1,"","","","","","","","","","","","","","","","","","","","","","","","","","","","","",""
"61328002","LE PIN-AU-HARAS -INRAE",48.735833,0.128167,176,2002072114,0.,1,"","","","","","","","","","","","","","","","","","","","","","","","","","","","","","","","","","",19.6,1,"","","","","","","","","","","","","","","","","","","","","","","","","","","","",52,1,"","","","","","","","","","","","","","","","","","","","","","","","","","","","","","","","","","","","","","","","","","","","","","","","","","","","","","","","","","","","","","","","","","","","","","","","","","","","","","","","","","","","","","","","","","","","","","","","","","",252,1,"","","","","","","","","","","","","","","","","","","","","","","","","","","","","",""
"61328002","LE PIN-AU-HARAS -INRAE",48.735833,0.128167,176,2002072115,0.,1,"","","","","","","","","","","","","","","","","","","","","","","","","","","","","","","","","","",18.5,1,"","","","","","","","","","","","","","","","","","","","","","","","","","","","",49,1,"","","","","","","","","","","","","","","","","","","","","","","","","","","","","","","","","","","","","","","","","","","","","","","","","","","","","","","","","","","","","","","","","","","","","","","","","","","","","","","","","","","","","","","","","","","","","","","","","","",186,1,"","","","","","","","","","","","","","","","","","","","","","","","","","","","","",""
"61328002","LE PIN-AU-HARAS -INRAE",48.735833,0.128167,176,2002072116,0.,1,"","","","","","","","","","","","","","","","","","","","","","","","","","","","","","","","","","",20.6,1,"","","","","","","","","","","","","","","","","","","","","","","","","","","","",52,1,"","","","","","","","","","","","","","","","","","","","","","","","","","","","","","","","","","","","","","","","","","","","","","","","","","","","","","","","","","","","","","","","","","","","","","","","","","","","","","","","","","","","","","","","","","","","","","","","","","",206,1,"","","","","","","","","","","","","","","","","","","","","","","","","","","","","",""
"61328002","LE PIN-AU-HARAS -INRAE",48.735833,0.128167,176,2002072117,0.,1,"","","","","","","","","","","","","","","","","","","","","","","","","","","","","","","","","","",19.,1,"","","","","","","","","","","","","","","","","","","","","","","","","","","","",55,1,"","","","","","","","","","","","","","","","","","","","","","","","","","","","","","","","","","","","","","","","","","","","","","","","","","","","","","","","","","","","","","","","","","","","","","","","","","","","","","","","","","","","","","","","","","","","","","","","","","",188,1,"","","","","","","","","","","","","","","","","","","","","","","","","","","","","",""
"61328002","LE PIN-AU-HARAS -INRAE",48.735833,0.128167,176,2002072118,0.,1,"","","","","","","","","","","","","","","","","","","","","","","","","","","","","","","","","","",17.9,1,"","","","","","","","","","","","","","","","","","","","","","","","","","","","",59,1,"","","","","","","","","","","","","","","","","","","","","","","","","","","","","","","","","","","","","","","","","","","","","","","","","","","","","","","","","","","","","","","","","","","","","","","","","","","","","","","","","","","","","","","","","","","","","","","","","","",102,1,"","","","","","","","","","","","","","","","","","","","","","","","","","","","","",""
"61328002","LE PIN-AU-HARAS -INRAE",48.735833,0.128167,176,2002072119,0.,1,"","","","","","","","","","","","","","","","","","","","","","","","","","","","","","","","","","",15.8,1,"","","","","","","","","","","","","","","","","","","","","","","","","","","","",61,1,"","","","","","","","","","","","","","","","","","","","","","","","","","","","","","","","","","","","","","","","","","","","","","","","","","","","","","","","","","","","","","","","","","","","","","","","","","","","","","","","","","","","","","","","","","","","","","","","","","",46,1,"","","","","","","","","","","","","","","","","","","","","","","","","","","","","",""
"61328002","LE PIN-AU-HARAS -INRAE",48.735833,0.128167,176,2002072120,0.,1,"","","","","","","","","","","","","","","","","","","","","","","","","","","","","","","","","","",14.1,1,"","","","","","","","","","","","","","","","","","","","","","","","","","","","",70,1,"","","","","","","","","","","","","","","","","","","","","","","","","","","","","","","","","","","","","","","","","","","","","","","","","","","","","","","","","","","","","","","","","","","","","","","","","","","","","","","","","","","","","","","","","","","","","","","","","","",4,1,"","","","","","","","","","","","","","","","","","","","","","","","","","","","","",""
"61328002","LE PIN-AU-HARAS -INRAE",48.735833,0.128167,176,2002072121,0.,1,"","","","","","","","","","","","","","","","","","","","","","","","","","","","","","","","","","",12.9,1,"","","","","","","","","","","","","","","","","","","","","","","","","","","","",82,1,"","","","","","","","","","","","","","","","","","","","","","","","","","","","","","","","","","","","","","","","","","","","","","","","","","","","","","","","","","","","","","","","","","","","","","","","","","","","","","","","","","","","","","","","","","","","","","","","","","",0,1,"","","","","","","","","","","","","","","","","","","","","","","","","","","","","",""
"61328002","LE PIN-AU-HARAS -INRAE",48.735833,0.128167,176,2002072122,0.,1,"","","","","","","","","","","","","","","","","","","","","","","","","","","","","","","","","","",10.7,1,"","","","","","","","","","","","","","","","","","","","","","","","","","","","",93,1,"","","","","","","","","","","","","","","","","","","","","","","","","","","","","","","","","","","","","","","","","","","","","","","","","","","","","","","","","","","","","","","","","","","","","","","","","","","","","","","","","","","","","","","","","","","","","","","","","","",0,1,"","","","","","","","","","","","","","","","","","","","","","","","","","","","","",""
"61328002","LE PIN-AU-HARAS -INRAE",48.735833,0.128167,176,2002072123,0.,1,"","","","","","","","","","","","","","","","","","","","","","","","","","","","","","","","","","",8.9,1,"","","","","","","","","","","","","","","","","","","","","","","","","","","","",96,1,"","","","","","","","","","","","","","","","","","","","","","","","","","","","","","","","","","","","","","","","","","","","","","","","","","","","","","","","","","","","","","","","","","","","","","","","","","","","","","","","","","","","","","","","","","","","","","","","","","",0,1,"","","","","","","","","","","","","","","","","","","","","","","","","","","","","",""
"61328002","LE PIN-AU-HARAS -INRAE",48.735833,0.128167,176,2002072200,0.,1,"","","","","","","","","","","","","","","","","","","","","","","","","","","","","","","","","","",8.1,1,"","","","","","","","","","","","","","","","","","","","","","","","","","","","",97,1,"","","","","","","","","","","","","","","","","","","","","","","","","","","","","","","","","","","","","","","","","","","","","","","","","","","","","","","","","","","","","","","","","","","","","","","","","","","","","","","","","","","","","","","","","","","","","","","","","","",0,1,"","","","","","","","","","","","","","","","","","","","","","","","","","","","","",""
"61328002","LE PIN-AU-HARAS -INRAE",48.735833,0.128167,176,2002072201,0.,1,"","","","","","","","","","","","","","","","","","","","","","","","","","","","","","","","","","",7.4,1,"","","","","","","","","","","","","","","","","","","","","","","","","","","","",99,1,"","","","","","","","","","","","","","","","","","","","","","","","","","","","","","","","","","","","","","","","","","","","","","","","","","","","","","","","","","","","","","","","","","","","","","","","","","","","","","","","","","","","","","","","","","","","","","","","","","",0,1,"","","","","","","","","","","","","","","","","","","","","","","","","","","","","",""
"61328002","LE PIN-AU-HARAS -INRAE",48.735833,0.128167,176,2002072202,0.,1,"","","","","","","","","","","","","","","","","","","","","","","","","","","","","","","","","","",6.5,1,"","","","","","","","","","","","","","","","","","","","","","","","","","","","",99,1,"","","","","","","","","","","","","","","","","","","","","","","","","","","","","","","","","","","","","","","","","","","","","","","","","","","","","","","","","","","","","","","","","","","","","","","","","","","","","","","","","","","","","","","","","","","","","","","","","","",0,1,"","","","","","","","","","","","","","","","","","","","","","","","","","","","","",""
"61328002","LE PIN-AU-HARAS -INRAE",48.735833,0.128167,176,2002072203,0.,1,"","","","","","","","","","","","","","","","","","","","","","","","","","","","","","","","","","",6.8,1,"","","","","","","","","","","","","","","","","","","","","","","","","","","","",100,1,"","","","","","","","","","","","","","","","","","","","","","","","","","","","","","","","","","","","","","","","","","","","","","","","","","","","","","","","","","","","","","","","","","","","","","","","","","","","","","","","","","","","","","","","","","","","","","","","","","",0,1,"","","","","","","","","","","","","","","","","","","","","","","","","","","","","",""
"61328002","LE PIN-AU-HARAS -INRAE",48.735833,0.128167,176,2002072204,0.,1,"","","","","","","","","","","","","","","","","","","","","","","","","","","","","","","","","","",6.3,1,"","","","","","","","","","","","","","","","","","","","","","","","","","","","",100,1,"","","","","","","","","","","","","","","","","","","","","","","","","","","","","","","","","","","","","","","","","","","","","","","","","","","","","","","","","","","","","","","","","","","","","","","","","","","","","","","","","","","","","","","","","","","","","","","","","","",0,1,"","","","","","","","","","","","","","","","","","","","","","","","","","","","","",""
"61328002","LE PIN-AU-HARAS -INRAE",48.735833,0.128167,176,2002072205,0.,1,"","","","","","","","","","","","","","","","","","","","","","","","","","","","","","","","","","",6.7,1,"","","","","","","","","","","","","","","","","","","","","","","","","","","","",100,1,"","","","","","","","","","","","","","","","","","","","","","","","","","","","","","","","","","","","","","","","","","","","","","","","","","","","","","","","","","","","","","","","","","","","","","","","","","","","","","","","","","","","","","","","","","","","","","","","","","",4,1,"","","","","","","","","","","","","","","","","","","","","","","","","","","","","",""
"61328002","LE PIN-AU-HARAS -INRAE",48.735833,0.128167,176,2002072206,0.,1,"","","","","","","","","","","","","","","","","","","","","","","","","","","","","","","","","","",8.3,1,"","","","","","","","","","","","","","","","","","","","","","","","","","","","",100,1,"","","","","","","","","","","","","","","","","","","","","","","","","","","","","","","","","","","","","","","","","","","","","","","","","","","","","","","","","","","","","","","","","","","","","","","","","","","","","","","","","","","","","","","","","","","","","","","","","","",26,1,"","","","","","","","","","","","","","","","","","","","","","","","","","","","","",""
"61328002","LE PIN-AU-HARAS -INRAE",48.735833,0.128167,176,2002072207,0.,1,"","","","","","","","","","","","","","","","","","","","","","","","","","","","","","","","","","",13.5,1,"","","","","","","","","","","","","","","","","","","","","","","","","","","","",100,1,"","","","","","","","","","","","","","","","","","","","","","","","","","","","","","","","","","","","","","","","","","","","","","","","","","","","","","","","","","","","","","","","","","","","","","","","","","","","","","","","","","","","","","","","","","","","","","","","","","",92,1,"","","","","","","","","","","","","","","","","","","","","","","","","","","","","",""
"61328002","LE PIN-AU-HARAS -INRAE",48.735833,0.128167,176,2002072208,0.,1,"","","","","","","","","","","","","","","","","","","","","","","","","","","","","","","","","","",17.4,1,"","","","","","","","","","","","","","","","","","","","","","","","","","","","",80,1,"","","","","","","","","","","","","","","","","","","","","","","","","","","","","","","","","","","","","","","","","","","","","","","","","","","","","","","","","","","","","","","","","","","","","","","","","","","","","","","","","","","","","","","","","","","","","","","","","","",154,1,"","","","","","","","","","","","","","","","","","","","","","","","","","","","","",""
"61328002","LE PIN-AU-HARAS -INRAE",48.735833,0.128167,176,2002072209,0.,1,"","","","","","","","","","","","","","","","","","","","","","","","","","","","","","","","","","",18.8,1,"","","","","","","","","","","","","","","","","","","","","","","","","","","","",58,1,"","","","","","","","","","","","","","","","","","","","","","","","","","","","","","","","","","","","","","","","","","","","","","","","","","","","","","","","","","","","","","","","","","","","","","","","","","","","","","","","","","","","","","","","","","","","","","","","","","",202,1,"","","","","","","","","","","","","","","","","","","","","","","","","","","","","",""
"61328002","LE PIN-AU-HARAS -INRAE",48.735833,0.128167,176,2002072210,0.,1,"","","","","","","","","","","","","","","","","","","","","","","","","","","","","","","","","","",20.,1,"","","","","","","","","","","","","","","","","","","","","","","","","","","","",42,1,"","","","","","","","","","","","","","","","","","","","","","","","","","","","","","","","","","","","","","","","","","","","","","","","","","","","","","","","","","","","","","","","","","","","","","","","","","","","","","","","","","","","","","","","","","","","","","","","","","",228,1,"","","","","","","","","","","","","","","","","","","","","","","","","","","","","",""
"61328002","LE PIN-AU-HARAS -INRAE",48.735833,0.128167,176,2002072211,0.,1,"","","","","","","","","","","","","","","","","","","","","","","","","","","","","","","","","","",20.9,1,"","","","","","","","","","","","","","","","","","","","","","","","","","","","",40,1,"","","","","","","","","","","","","","","","","","","","","","","","","","","","","","","","","","","","","","","","","","","","","","","","","","","","","","","","","","","","","","","","","","","","","","","","","","","","","","","","","","","","","","","","","","","","","","","","","","",302,1,"","","","","","","","","","","","","","","","","","","","","","","","","","","","","",""
"61328002","LE PIN-AU-HARAS -INRAE",48.735833,0.128167,176,2002072212,0.,1,"","","","","","","","","","","","","","","","","","","","","","","","","","","","","","","","","","",21.1,1,"","","","","","","","","","","","","","","","","","","","","","","","","","","","",39,1,"","","","","","","","","","","","","","","","","","","","","","","","","","","","","","","","","","","","","","","","","","","","","","","","","","","","","","","","","","","","","","","","","","","","","","","","","","","","","","","","","","","","","","","","","","","","","","","","","","",312,1,"","","","","","","","","","","","","","","","","","","","","","","","","","","","","",""
"61328002","LE PIN-AU-HARAS -INRAE",48.735833,0.128167,176,2002072213,0.,1,"","","","","","","","","","","","","","","","","","","","","","","","","","","","","","","","","","",22.2,1,"","","","","","","","","","","","","","","","","","","","","","","","","","","","",38,1,"","","","","","","","","","","","","","","","","","","","","","","","","","","","","","","","","","","","","","","","","","","","","","","","","","","","","","","","","","","","","","","","","","","","","","","","","","","","","","","","","","","","","","","","","","","","","","","","","","",314,1,"","","","","","","","","","","","","","","","","","","","","","","","","","","","","",""
"61328002","LE PIN-AU-HARAS -INRAE",48.735833,0.128167,176,2002072214,0.,1,"","","","","","","","","","","","","","","","","","","","","","","","","","","","","","","","","","",22.7,1,"","","","","","","","","","","","","","","","","","","","","","","","","","","","",37,1,"","","","","","","","","","","","","","","","","","","","","","","","","","","","","","","","","","","","","","","","","","","","","","","","","","","","","","","","","","","","","","","","","","","","","","","","","","","","","","","","","","","","","","","","","","","","","","","","","","",294,1,"","","","","","","","","","","","","","","","","","","","","","","","","","","","","",""
"61328002","LE PIN-AU-HARAS -INRAE",48.735833,0.128167,176,2002072215,0.,1,"","","","","","","","","","","","","","","","","","","","","","","","","","","","","","","","","","",23.3,1,"","","","","","","","","","","","","","","","","","","","","","","","","","","","",34,1,"","","","","","","","","","","","","","","","","","","","","","","","","","","","","","","","","","","","","","","","","","","","","","","","","","","","","","","","","","","","","","","","","","","","","","","","","","","","","","","","","","","","","","","","","","","","","","","","","","",242,1,"","","","","","","","","","","","","","","","","","","","","","","","","","","","","",""
"61328002","LE PIN-AU-HARAS -INRAE",48.735833,0.128167,176,2002072216,0.,1,"","","","","","","","","","","","","","","","","","","","","","","","","","","","","","","","","","",23.5,1,"","","","","","","","","","","","","","","","","","","","","","","","","","","","",35,1,"","","","","","","","","","","","","","","","","","","","","","","","","","","","","","","","","","","","","","","","","","","","","","","","","","","","","","","","","","","","","","","","","","","","","","","","","","","","","","","","","","","","","","","","","","","","","","","","","","",216,1,"","","","","","","","","","","","","","","","","","","","","","","","","","","","","",""
"61328002","LE PIN-AU-HARAS -INRAE",48.735833,0.128167,176,2002072217,0.,1,"","","","","","","","","","","","","","","","","","","","","","","","","","","","","","","","","","",21.8,1,"","","","","","","","","","","","","","","","","","","","","","","","","","","","",53,1,"","","","","","","","","","","","","","","","","","","","","","","","","","","","","","","","","","","","","","","","","","","","","","","","","","","","","","","","","","","","","","","","","","","","","","","","","","","","","","","","","","","","","","","","","","","","","","","","","","",154,1,"","","","","","","","","","","","","","","","","","","","","","","","","","","","","",""
"61328002","LE PIN-AU-HARAS -INRAE",48.735833,0.128167,176,2002072218,0.,1,"","","","","","","","","","","","","","","","","","","","","","","","","","","","","","","","","","",21.,1,"","","","","","","","","","","","","","","","","","","","","","","","","","","","",54,1,"","","","","","","","","","","","","","","","","","","","","","","","","","","","","","","","","","","","","","","","","","","","","","","","","","","","","","","","","","","","","","","","","","","","","","","","","","","","","","","","","","","","","","","","","","","","","","","","","","",108,1,"","","","","","","","","","","","","","","","","","","","","","","","","","","","","",""
"61328002","LE PIN-AU-HARAS -INRAE",48.735833,0.128167,176,2002072219,0.,1,"","","","","","","","","","","","","","","","","","","","","","","","","","","","","","","","","","",18.8,1,"","","","","","","","","","","","","","","","","","","","","","","","","","","","",66,1,"","","","","","","","","","","","","","","","","","","","","","","","","","","","","","","","","","","","","","","","","","","","","","","","","","","","","","","","","","","","","","","","","","","","","","","","","","","","","","","","","","","","","","","","","","","","","","","","","","",38,1,"","","","","","","","","","","","","","","","","","","","","","","","","","","","","",""
"61328002","LE PIN-AU-HARAS -INRAE",48.735833,0.128167,176,2002072220,0.,1,"","","","","","","","","","","","","","","","","","","","","","","","","","","","","","","","","","",15.5,1,"","","","","","","","","","","","","","","","","","","","","","","","","","","","",76,1,"","","","","","","","","","","","","","","","","","","","","","","","","","","","","","","","","","","","","","","","","","","","","","","","","","","","","","","","","","","","","","","","","","","","","","","","","","","","","","","","","","","","","","","","","","","","","","","","","","",4,1,"","","","","","","","","","","","","","","","","","","","","","","","","","","","","",""
"61328002","LE PIN-AU-HARAS -INRAE",48.735833,0.128167,176,2002072221,0.,1,"","","","","","","","","","","","","","","","","","","","","","","","","","","","","","","","","","",12.3,1,"","","","","","","","","","","","","","","","","","","","","","","","","","","","",90,1,"","","","","","","","","","","","","","","","","","","","","","","","","","","","","","","","","","","","","","","","","","","","","","","","","","","","","","","","","","","","","","","","","","","","","","","","","","","","","","","","","","","","","","","","","","","","","","","","","","",0,1,"","","","","","","","","","","","","","","","","","","","","","","","","","","","","",""
"61328002","LE PIN-AU-HARAS -INRAE",48.735833,0.128167,176,2002072222,0.,1,"","","","","","","","","","","","","","","","","","","","","","","","","","","","","","","","","","",11.4,1,"","","","","","","","","","","","","","","","","","","","","","","","","","","","",94,1,"","","","","","","","","","","","","","","","","","","","","","","","","","","","","","","","","","","","","","","","","","","","","","","","","","","","","","","","","","","","","","","","","","","","","","","","","","","","","","","","","","","","","","","","","","","","","","","","","","",0,1,"","","","","","","","","","","","","","","","","","","","","","","","","","","","","",""
"61328002","LE PIN-AU-HARAS -INRAE",48.735833,0.128167,176,2002072223,0.,1,"","","","","","","","","","","","","","","","","","","","","","","","","","","","","","","","","","",9.8,1,"","","","","","","","","","","","","","","","","","","","","","","","","","","","",96,1,"","","","","","","","","","","","","","","","","","","","","","","","","","","","","","","","","","","","","","","","","","","","","","","","","","","","","","","","","","","","","","","","","","","","","","","","","","","","","","","","","","","","","","","","","","","","","","","","","","",0,1,"","","","","","","","","","","","","","","","","","","","","","","","","","","","","",""
"61328002","LE PIN-AU-HARAS -INRAE",48.735833,0.128167,176,2002072300,0.,1,"","","","","","","","","","","","","","","","","","","","","","","","","","","","","","","","","","",8.8,1,"","","","","","","","","","","","","","","","","","","","","","","","","","","","",97,1,"","","","","","","","","","","","","","","","","","","","","","","","","","","","","","","","","","","","","","","","","","","","","","","","","","","","","","","","","","","","","","","","","","","","","","","","","","","","","","","","","","","","","","","","","","","","","","","","","","",0,1,"","","","","","","","","","","","","","","","","","","","","","","","","","","","","",""
"61328002","LE PIN-AU-HARAS -INRAE",48.735833,0.128167,176,2002072301,0.,1,"","","","","","","","","","","","","","","","","","","","","","","","","","","","","","","","","","",7.7,1,"","","","","","","","","","","","","","","","","","","","","","","","","","","","",98,1,"","","","","","","","","","","","","","","","","","","","","","","","","","","","","","","","","","","","","","","","","","","","","","","","","","","","","","","","","","","","","","","","","","","","","","","","","","","","","","","","","","","","","","","","","","","","","","","","","","",0,1,"","","","","","","","","","","","","","","","","","","","","","","","","","","","","",""
"61328002","LE PIN-AU-HARAS -INRAE",48.735833,0.128167,176,2002072302,0.,1,"","","","","","","","","","","","","","","","","","","","","","","","","","","","","","","","","","",7.1,1,"","","","","","","","","","","","","","","","","","","","","","","","","","","","",99,1,"","","","","","","","","","","","","","","","","","","","","","","","","","","","","","","","","","","","","","","","","","","","","","","","","","","","","","","","","","","","","","","","","","","","","","","","","","","","","","","","","","","","","","","","","","","","","","","","","","",0,1,"","","","","","","","","","","","","","","","","","","","","","","","","","","","","",""
"61328002","LE PIN-AU-HARAS -INRAE",48.735833,0.128167,176,2002072303,0.,1,"","","","","","","","","","","","","","","","","","","","","","","","","","","","","","","","","","",6.6,1,"","","","","","","","","","","","","","","","","","","","","","","","","","","","",100,1,"","","","","","","","","","","","","","","","","","","","","","","","","","","","","","","","","","","","","","","","","","","","","","","","","","","","","","","","","","","","","","","","","","","","","","","","","","","","","","","","","","","","","","","","","","","","","","","","","","",0,1,"","","","","","","","","","","","","","","","","","","","","","","","","","","","","",""
"61328002","LE PIN-AU-HARAS -INRAE",48.735833,0.128167,176,2002072304,0.,1,"","","","","","","","","","","","","","","","","","","","","","","","","","","","","","","","","","",6.4,1,"","","","","","","","","","","","","","","","","","","","","","","","","","","","",100,1,"","","","","","","","","","","","","","","","","","","","","","","","","","","","","","","","","","","","","","","","","","","","","","","","","","","","","","","","","","","","","","","","","","","","","","","","","","","","","","","","","","","","","","","","","","","","","","","","","","",0,1,"","","","","","","","","","","","","","","","","","","","","","","","","","","","","",""
"61328002","LE PIN-AU-HARAS -INRAE",48.735833,0.128167,176,2002072305,0.,1,"","","","","","","","","","","","","","","","","","","","","","","","","","","","","","","","","","",10.9,1,"","","","","","","","","","","","","","","","","","","","","","","","","","","","",100,1,"","","","","","","","","","","","","","","","","","","","","","","","","","","","","","","","","","","","","","","","","","","","","","","","","","","","","","","","","","","","","","","","","","","","","","","","","","","","","","","","","","","","","","","","","","","","","","","","","","",2,1,"","","","","","","","","","","","","","","","","","","","","","","","","","","","","",""
"61328002","LE PIN-AU-HARAS -INRAE",48.735833,0.128167,176,2002072306,0.,1,"","","","","","","","","","","","","","","","","","","","","","","","","","","","","","","","","","",13.2,1,"","","","","","","","","","","","","","","","","","","","","","","","","","","","",100,1,"","","","","","","","","","","","","","","","","","","","","","","","","","","","","","","","","","","","","","","","","","","","","","","","","","","","","","","","","","","","","","","","","","","","","","","","","","","","","","","","","","","","","","","","","","","","","","","","","","",40,1,"","","","","","","","","","","","","","","","","","","","","","","","","","","","","",""
"61328002","LE PIN-AU-HARAS -INRAE",48.735833,0.128167,176,2002072307,0.,1,"","","","","","","","","","","","","","","","","","","","","","","","","","","","","","","","","","",15.3,1,"","","","","","","","","","","","","","","","","","","","","","","","","","","","",85,1,"","","","","","","","","","","","","","","","","","","","","","","","","","","","","","","","","","","","","","","","","","","","","","","","","","","","","","","","","","","","","","","","","","","","","","","","","","","","","","","","","","","","","","","","","","","","","","","","","","",104,1,"","","","","","","","","","","","","","","","","","","","","","","","","","","","","",""
"61328002","LE PIN-AU-HARAS -INRAE",48.735833,0.128167,176,2002072308,0.,1,"","","","","","","","","","","","","","","","","","","","","","","","","","","","","","","","","","",17.6,1,"","","","","","","","","","","","","","","","","","","","","","","","","","","","",73,1,"","","","","","","","","","","","","","","","","","","","","","","","","","","","","","","","","","","","","","","","","","","","","","","","","","","","","","","","","","","","","","","","","","","","","","","","","","","","","","","","","","","","","","","","","","","","","","","","","","",164,1,"","","","","","","","","","","","","","","","","","","","","","","","","","","","","",""
"61328002","LE PIN-AU-HARAS -INRAE",48.735833,0.128167,176,2002072309,0.,1,"","","","","","","","","","","","","","","","","","","","","","","","","","","","","","","","","","",18.5,1,"","","","","","","","","","","","","","","","","","","","","","","","","","","","",71,1,"","","","","","","","","","","","","","","","","","","","","","","","","","","","","","","","","","","","","","","","","","","","","","","","","","","","","","","","","","","","","","","","","","","","","","","","","","","","","","","","","","","","","","","","","","","","","","","","","","",142,1,"","","","","","","","","","","","","","","","","","","","","","","","","","","","","",""
"61328002","LE PIN-AU-HARAS -INRAE",48.735833,0.128167,176,2002072310,0.,1,"","","","","","","","","","","","","","","","","","","","","","","","","","","","","","","","","","",20.4,1,"","","","","","","","","","","","","","","","","","","","","","","","","","","","",63,1,"","","","","","","","","","","","","","","","","","","","","","","","","","","","","","","","","","","","","","","","","","","","","","","","","","","","","","","","","","","","","","","","","","","","","","","","","","","","","","","","","","","","","","","","","","","","","","","","","","",248,1,"","","","","","","","","","","","","","","","","","","","","","","","","","","","","",""
"61328002","LE PIN-AU-HARAS -INRAE",48.735833,0.128167,176,2002072311,0.,1,"","","","","","","","","","","","","","","","","","","","","","","","","","","","","","","","","","",22.2,1,"","","","","","","","","","","","","","","","","","","","","","","","","","","","",61,1,"","","","","","","","","","","","","","","","","","","","","","","","","","","","","","","","","","","","","","","","","","","","","","","","","","","","","","","","","","","","","","","","","","","","","","","","","","","","","","","","","","","","","","","","","","","","","","","","","","",310,1,"","","","","","","","","","","","","","","","","","","","","","","","","","","","","",""
"61328002","LE PIN-AU-HARAS -INRAE",48.735833,0.128167,176,2002072312,0.,1,"","","","","","","","","","","","","","","","","","","","","","","","","","","","","","","","","","",23.8,1,"","","","","","","","","","","","","","","","","","","","","","","","","","","","",59,1,"","","","","","","","","","","","","","","","","","","","","","","","","","","","","","","","","","","","","","","","","","","","","","","","","","","","","","","","","","","","","","","","","","","","","","","","","","","","","","","","","","","","","","","","","","","","","","","","","","",360,1,"","","","","","","","","","","","","","","","","","","","","","","","","","","","","",""
"61328002","LE PIN-AU-HARAS -INRAE",48.735833,0.128167,176,2002072313,0.,1,"","","","","","","","","","","","","","","","","","","","","","","","","","","","","","","","","","",23.5,1,"","","","","","","","","","","","","","","","","","","","","","","","","","","","",62,1,"","","","","","","","","","","","","","","","","","","","","","","","","","","","","","","","","","","","","","","","","","","","","","","","","","","","","","","","","","","","","","","","","","","","","","","","","","","","","","","","","","","","","","","","","","","","","","","","","","",306,1,"","","","","","","","","","","","","","","","","","","","","","","","","","","","","",""
"61328002","LE PIN-AU-HARAS -INRAE",48.735833,0.128167,176,2002072314,0.,1,"","","","","","","","","","","","","","","","","","","","","","","","","","","","","","","","","","",24.7,1,"","","","","","","","","","","","","","","","","","","","","","","","","","","","",55,1,"","","","","","","","","","","","","","","","","","","","","","","","","","","","","","","","","","","","","","","","","","","","","","","","","","","","","","","","","","","","","","","","","","","","","","","","","","","","","","","","","","","","","","","","","","","","","","","","","","",240,1,"","","","","","","","","","","","","","","","","","","","","","","","","","","","","",""
"61328002","LE PIN-AU-HARAS -INRAE",48.735833,0.128167,176,2002072315,0.,1,"","","","","","","","","","","","","","","","","","","","","","","","","","","","","","","","","","",24.3,1,"","","","","","","","","","","","","","","","","","","","","","","","","","","","",54,1,"","","","","","","","","","","","","","","","","","","","","","","","","","","","","","","","","","","","","","","","","","","","","","","","","","","","","","","","","","","","","","","","","","","","","","","","","","","","","","","","","","","","","","","","","","","","","","","","","","",228,1,"","","","","","","","","","","","","","","","","","","","","","","","","","","","","",""
"61328002","LE PIN-AU-HARAS -INRAE",48.735833,0.128167,176,2002072316,0.,1,"","","","","","","","","","","","","","","","","","","","","","","","","","","","","","","","","","",23.5,1,"","","","","","","","","","","","","","","","","","","","","","","","","","","","",57,1,"","","","","","","","","","","","","","","","","","","","","","","","","","","","","","","","","","","","","","","","","","","","","","","","","","","","","","","","","","","","","","","","","","","","","","","","","","","","","","","","","","","","","","","","","","","","","","","","","","",238,1,"","","","","","","","","","","","","","","","","","","","","","","","","","","","","",""
"61328002","LE PIN-AU-HARAS -INRAE",48.735833,0.128167,176,2002072317,0.,1,"","","","","","","","","","","","","","","","","","","","","","","","","","","","","","","","","","",22.5,1,"","","","","","","","","","","","","","","","","","","","","","","","","","","","",60,1,"","","","","","","","","","","","","","","","","","","","","","","","","","","","","","","","","","","","","","","","","","","","","","","","","","","","","","","","","","","","","","","","","","","","","","","","","","","","","","","","","","","","","","","","","","","","","","","","","","",122,1,"","","","","","","","","","","","","","","","","","","","","","","","","","","","","",""
"61328002","LE PIN-AU-HARAS -INRAE",48.735833,0.128167,176,2002072318,0.,1,"","","","","","","","","","","","","","","","","","","","","","","","","","","","","","","","","","",22.2,1,"","","","","","","","","","","","","","","","","","","","","","","","","","","","",64,1,"","","","","","","","","","","","","","","","","","","","","","","","","","","","","","","","","","","","","","","","","","","","","","","","","","","","","","","","","","","","","","","","","","","","","","","","","","","","","","","","","","","","","","","","","","","","","","","","","","",66,1,"","","","","","","","","","","","","","","","","","","","","","","","","","","","","",""
"61328002","LE PIN-AU-HARAS -INRAE",48.735833,0.128167,176,2002072319,0.,1,"","","","","","","","","","","","","","","","","","","","","","","","","","","","","","","","","","",21.2,1,"","","","","","","","","","","","","","","","","","","","","","","","","","","","",64,1,"","","","","","","","","","","","","","","","","","","","","","","","","","","","","","","","","","","","","","","","","","","","","","","","","","","","","","","","","","","","","","","","","","","","","","","","","","","","","","","","","","","","","","","","","","","","","","","","","","",42,1,"","","","","","","","","","","","","","","","","","","","","","","","","","","","","",""
"61328002","LE PIN-AU-HARAS -INRAE",48.735833,0.128167,176,2002072320,0.,1,"","","","","","","","","","","","","","","","","","","","","","","","","","","","","","","","","","",20.2,1,"","","","","","","","","","","","","","","","","","","","","","","","","","","","",61,1,"","","","","","","","","","","","","","","","","","","","","","","","","","","","","","","","","","","","","","","","","","","","","","","","","","","","","","","","","","","","","","","","","","","","","","","","","","","","","","","","","","","","","","","","","","","","","","","","","","",4,1,"","","","","","","","","","","","","","","","","","","","","","","","","","","","","",""
"61328002","LE PIN-AU-HARAS -INRAE",48.735833,0.128167,176,2002072321,0.,1,"","","","","","","","","","","","","","","","","","","","","","","","","","","","","","","","","","",17.9,1,"","","","","","","","","","","","","","","","","","","","","","","","","","","","",80,1,"","","","","","","","","","","","","","","","","","","","","","","","","","","","","","","","","","","","","","","","","","","","","","","","","","","","","","","","","","","","","","","","","","","","","","","","","","","","","","","","","","","","","","","","","","","","","","","","","","",0,1,"","","","","","","","","","","","","","","","","","","","","","","","","","","","","",""
"61328002","LE PIN-AU-HARAS -INRAE",48.735833,0.128167,176,2002072322,0.,1,"","","","","","","","","","","","","","","","","","","","","","","","","","","","","","","","","","",17.3,1,"","","","","","","","","","","","","","","","","","","","","","","","","","","","",85,1,"","","","","","","","","","","","","","","","","","","","","","","","","","","","","","","","","","","","","","","","","","","","","","","","","","","","","","","","","","","","","","","","","","","","","","","","","","","","","","","","","","","","","","","","","","","","","","","","","","",0,1,"","","","","","","","","","","","","","","","","","","","","","","","","","","","","",""
"61328002","LE PIN-AU-HARAS -INRAE",48.735833,0.128167,176,2002072323,0.,1,"","","","","","","","","","","","","","","","","","","","","","","","","","","","","","","","","","",17.1,1,"","","","","","","","","","","","","","","","","","","","","","","","","","","","",87,1,"","","","","","","","","","","","","","","","","","","","","","","","","","","","","","","","","","","","","","","","","","","","","","","","","","","","","","","","","","","","","","","","","","","","","","","","","","","","","","","","","","","","","","","","","","","","","","","","","","",0,1,"","","","","","","","","","","","","","","","","","","","","","","","","","","","","",""
"61328002","LE PIN-AU-HARAS -INRAE",48.735833,0.128167,176,2002072400,1.,1,"","","","","","","","","","","","","","","","","","","","","","","","","","","","","","","","","","",15.7,1,"","","","","","","","","","","","","","","","","","","","","","","","","","","","",94,1,"","","","","","","","","","","","","","","","","","","","","","","","","","","","","","","","","","","","","","","","","","","","","","","","","","","","","","","","","","","","","","","","","","","","","","","","","","","","","","","","","","","","","","","","","","","","","","","","","","",0,1,"","","","","","","","","","","","","","","","","","","","","","","","","","","","","",""
"61328002","LE PIN-AU-HARAS -INRAE",48.735833,0.128167,176,2002072401,0.,1,"","","","","","","","","","","","","","","","","","","","","","","","","","","","","","","","","","",14.9,1,"","","","","","","","","","","","","","","","","","","","","","","","","","","","",96,1,"","","","","","","","","","","","","","","","","","","","","","","","","","","","","","","","","","","","","","","","","","","","","","","","","","","","","","","","","","","","","","","","","","","","","","","","","","","","","","","","","","","","","","","","","","","","","","","","","","",0,1,"","","","","","","","","","","","","","","","","","","","","","","","","","","","","",""
"61328002","LE PIN-AU-HARAS -INRAE",48.735833,0.128167,176,2002072402,0.,1,"","","","","","","","","","","","","","","","","","","","","","","","","","","","","","","","","","",14.5,1,"","","","","","","","","","","","","","","","","","","","","","","","","","","","",96,1,"","","","","","","","","","","","","","","","","","","","","","","","","","","","","","","","","","","","","","","","","","","","","","","","","","","","","","","","","","","","","","","","","","","","","","","","","","","","","","","","","","","","","","","","","","","","","","","","","","",0,1,"","","","","","","","","","","","","","","","","","","","","","","","","","","","","",""
"61328002","LE PIN-AU-HARAS -INRAE",48.735833,0.128167,176,2002072403,0.,1,"","","","","","","","","","","","","","","","","","","","","","","","","","","","","","","","","","",14.2,1,"","","","","","","","","","","","","","","","","","","","","","","","","","","","",97,1,"","","","","","","","","","","","","","","","","","","","","","","","","","","","","","","","","","","","","","","","","","","","","","","","","","","","","","","","","","","","","","","","","","","","","","","","","","","","","","","","","","","","","","","","","","","","","","","","","","",0,1,"","","","","","","","","","","","","","","","","","","","","","","","","","","","","",""
"61328002","LE PIN-AU-HARAS -INRAE",48.735833,0.128167,176,2002072404,0.,1,"","","","","","","","","","","","","","","","","","","","","","","","","","","","","","","","","","",14.1,1,"","","","","","","","","","","","","","","","","","","","","","","","","","","","",97,1,"","","","","","","","","","","","","","","","","","","","","","","","","","","","","","","","","","","","","","","","","","","","","","","","","","","","","","","","","","","","","","","","","","","","","","","","","","","","","","","","","","","","","","","","","","","","","","","","","","",0,1,"","","","","","","","","","","","","","","","","","","","","","","","","","","","","",""
"61328002","LE PIN-AU-HARAS -INRAE",48.735833,0.128167,176,2002072405,0.,1,"","","","","","","","","","","","","","","","","","","","","","","","","","","","","","","","","","",14.3,1,"","","","","","","","","","","","","","","","","","","","","","","","","","","","",97,1,"","","","","","","","","","","","","","","","","","","","","","","","","","","","","","","","","","","","","","","","","","","","","","","","","","","","","","","","","","","","","","","","","","","","","","","","","","","","","","","","","","","","","","","","","","","","","","","","","","",2,1,"","","","","","","","","","","","","","","","","","","","","","","","","","","","","",""
"61328002","LE PIN-AU-HARAS -INRAE",48.735833,0.128167,176,2002072406,0.,1,"","","","","","","","","","","","","","","","","","","","","","","","","","","","","","","","","","",14.8,1,"","","","","","","","","","","","","","","","","","","","","","","","","","","","",97,1,"","","","","","","","","","","","","","","","","","","","","","","","","","","","","","","","","","","","","","","","","","","","","","","","","","","","","","","","","","","","","","","","","","","","","","","","","","","","","","","","","","","","","","","","","","","","","","","","","","",8,1,"","","","","","","","","","","","","","","","","","","","","","","","","","","","","",""
"61328002","LE PIN-AU-HARAS -INRAE",48.735833,0.128167,176,2002072407,0.,1,"","","","","","","","","","","","","","","","","","","","","","","","","","","","","","","","","","",15.6,1,"","","","","","","","","","","","","","","","","","","","","","","","","","","","",97,1,"","","","","","","","","","","","","","","","","","","","","","","","","","","","","","","","","","","","","","","","","","","","","","","","","","","","","","","","","","","","","","","","","","","","","","","","","","","","","","","","","","","","","","","","","","","","","","","","","","",20,1,"","","","","","","","","","","","","","","","","","","","","","","","","","","","","",""
"61328002","LE PIN-AU-HARAS -INRAE",48.735833,0.128167,176,2002072408,0.,1,"","","","","","","","","","","","","","","","","","","","","","","","","","","","","","","","","","",17.,1,"","","","","","","","","","","","","","","","","","","","","","","","","","","","",89,1,"","","","","","","","","","","","","","","","","","","","","","","","","","","","","","","","","","","","","","","","","","","","","","","","","","","","","","","","","","","","","","","","","","","","","","","","","","","","","","","","","","","","","","","","","","","","","","","","","","",70,1,"","","","","","","","","","","","","","","","","","","","","","","","","","","","","",""
"61328002","LE PIN-AU-HARAS -INRAE",48.735833,0.128167,176,2002072409,0.,1,"","","","","","","","","","","","","","","","","","","","","","","","","","","","","","","","","","",17.4,1,"","","","","","","","","","","","","","","","","","","","","","","","","","","","",76,1,"","","","","","","","","","","","","","","","","","","","","","","","","","","","","","","","","","","","","","","","","","","","","","","","","","","","","","","","","","","","","","","","","","","","","","","","","","","","","","","","","","","","","","","","","","","","","","","","","","",142,1,"","","","","","","","","","","","","","","","","","","","","","","","","","","","","",""
"61328002","LE PIN-AU-HARAS -INRAE",48.735833,0.128167,176,2002072410,0.,1,"","","","","","","","","","","","","","","","","","","","","","","","","","","","","","","","","","",18.2,1,"","","","","","","","","","","","","","","","","","","","","","","","","","","","",66,1,"","","","","","","","","","","","","","","","","","","","","","","","","","","","","","","","","","","","","","","","","","","","","","","","","","","","","","","","","","","","","","","","","","","","","","","","","","","","","","","","","","","","","","","","","","","","","","","","","","",132,1,"","","","","","","","","","","","","","","","","","","","","","","","","","","","","",""
"61328002","LE PIN-AU-HARAS -INRAE",48.735833,0.128167,176,2002072411,0.,1,"","","","","","","","","","","","","","","","","","","","","","","","","","","","","","","","","","",19.2,1,"","","","","","","","","","","","","","","","","","","","","","","","","","","","",65,1,"","","","","","","","","","","","","","","","","","","","","","","","","","","","","","","","","","","","","","","","","","","","","","","","","","","","","","","","","","","","","","","","","","","","","","","","","","","","","","","","","","","","","","","","","","","","","","","","","","",180,1,"","","","","","","","","","","","","","","","","","","","","","","","","","","","","",""
"61328002","LE PIN-AU-HARAS -INRAE",48.735833,0.128167,176,2002072412,0.,1,"","","","","","","","","","","","","","","","","","","","","","","","","","","","","","","","","","",19.8,1,"","","","","","","","","","","","","","","","","","","","","","","","","","","","",61,1,"","","","","","","","","","","","","","","","","","","","","","","","","","","","","","","","","","","","","","","","","","","","","","","","","","","","","","","","","","","","","","","","","","","","","","","","","","","","","","","","","","","","","","","","","","","","","","","","","","",206,1,"","","","","","","","","","","","","","","","","","","","","","","","","","","","","",""
"61328002","LE PIN-AU-HARAS -INRAE",48.735833,0.128167,176,2002072413,0.,1,"","","","","","","","","","","","","","","","","","","","","","","","","","","","","","","","","","",21.4,1,"","","","","","","","","","","","","","","","","","","","","","","","","","","","",56,1,"","","","","","","","","","","","","","","","","","","","","","","","","","","","","","","","","","","","","","","","","","","","","","","","","","","","","","","","","","","","","","","","","","","","","","","","","","","","","","","","","","","","","","","","","","","","","","","","","","",198,1,"","","","","","","","","","","","","","","","","","","","","","","","","","","","","",""
"61328002","LE PIN-AU-HARAS -INRAE",48.735833,0.128167,176,2002072414,0.,1,"","","","","","","","","","","","","","","","","","","","","","","","","","","","","","","","","","",21.1,1,"","","","","","","","","","","","","","","","","","","","","","","","","","","","",50,1,"","","","","","","","","","","","","","","","","","","","","","","","","","","","","","","","","","","","","","","","","","","","","","","","","","","","","","","","","","","","","","","","","","","","","","","","","","","","","","","","","","","","","","","","","","","","","","","","","","",228,1,"","","","","","","","","","","","","","","","","","","","","","","","","","","","","",""
"61328002","LE PIN-AU-HARAS -INRAE",48.735833,0.128167,176,2002072415,0.,1,"","","","","","","","","","","","","","","","","","","","","","","","","","","","","","","","","","",23.1,1,"","","","","","","","","","","","","","","","","","","","","","","","","","","","",48,1,"","","","","","","","","","","","","","","","","","","","","","","","","","","","","","","","","","","","","","","","","","","","","","","","","","","","","","","","","","","","","","","","","","","","","","","","","","","","","","","","","","","","","","","","","","","","","","","","","","",210,1,"","","","","","","","","","","","","","","","","","","","","","","","","","","","","",""
"61328002","LE PIN-AU-HARAS -INRAE",48.735833,0.128167,176,2002072416,0.,1,"","","","","","","","","","","","","","","","","","","","","","","","","","","","","","","","","","",21.7,1,"","","","","","","","","","","","","","","","","","","","","","","","","","","","",50,1,"","","","","","","","","","","","","","","","","","","","","","","","","","","","","","","","","","","","","","","","","","","","","","","","","","","","","","","","","","","","","","","","","","","","","","","","","","","","","","","","","","","","","","","","","","","","","","","","","","",222,1,"","","","","","","","","","","","","","","","","","","","","","","","","","","","","",""
"61328002","LE PIN-AU-HARAS -INRAE",48.735833,0.128167,176,2002072417,0.,1,"","","","","","","","","","","","","","","","","","","","","","","","","","","","","","","","","","",20.2,1,"","","","","","","","","","","","","","","","","","","","","","","","","","","","",53,1,"","","","","","","","","","","","","","","","","","","","","","","","","","","","","","","","","","","","","","","","","","","","","","","","","","","","","","","","","","","","","","","","","","","","","","","","","","","","","","","","","","","","","","","","","","","","","","","","","","",138,1,"","","","","","","","","","","","","","","","","","","","","","","","","","","","","",""
"61328002","LE PIN-AU-HARAS -INRAE",48.735833,0.128167,176,2002072418,0.,1,"","","","","","","","","","","","","","","","","","","","","","","","","","","","","","","","","","",19.1,1,"","","","","","","","","","","","","","","","","","","","","","","","","","","","",56,1,"","","","","","","","","","","","","","","","","","","","","","","","","","","","","","","","","","","","","","","","","","","","","","","","","","","","","","","","","","","","","","","","","","","","","","","","","","","","","","","","","","","","","","","","","","","","","","","","","","",86,1,"","","","","","","","","","","","","","","","","","","","","","","","","","","","","",""
"61328002","LE PIN-AU-HARAS -INRAE",48.735833,0.128167,176,2002072419,0.,1,"","","","","","","","","","","","","","","","","","","","","","","","","","","","","","","","","","",16.6,1,"","","","","","","","","","","","","","","","","","","","","","","","","","","","",66,1,"","","","","","","","","","","","","","","","","","","","","","","","","","","","","","","","","","","","","","","","","","","","","","","","","","","","","","","","","","","","","","","","","","","","","","","","","","","","","","","","","","","","","","","","","","","","","","","","","","",32,1,"","","","","","","","","","","","","","","","","","","","","","","","","","","","","",""
"61328002","LE PIN-AU-HARAS -INRAE",48.735833,0.128167,176,2002072420,0.,1,"","","","","","","","","","","","","","","","","","","","","","","","","","","","","","","","","","",15.2,1,"","","","","","","","","","","","","","","","","","","","","","","","","","","","",74,1,"","","","","","","","","","","","","","","","","","","","","","","","","","","","","","","","","","","","","","","","","","","","","","","","","","","","","","","","","","","","","","","","","","","","","","","","","","","","","","","","","","","","","","","","","","","","","","","","","","",4,1,"","","","","","","","","","","","","","","","","","","","","","","","","","","","","",""
"61328002","LE PIN-AU-HARAS -INRAE",48.735833,0.128167,176,2002072421,0.,1,"","","","","","","","","","","","","","","","","","","","","","","","","","","","","","","","","","",13.,1,"","","","","","","","","","","","","","","","","","","","","","","","","","","","",90,1,"","","","","","","","","","","","","","","","","","","","","","","","","","","","","","","","","","","","","","","","","","","","","","","","","","","","","","","","","","","","","","","","","","","","","","","","","","","","","","","","","","","","","","","","","","","","","","","","","","",0,1,"","","","","","","","","","","","","","","","","","","","","","","","","","","","","",""
"61328002","LE PIN-AU-HARAS -INRAE",48.735833,0.128167,176,2002072422,0.,1,"","","","","","","","","","","","","","","","","","","","","","","","","","","","","","","","","","",12.3,1,"","","","","","","","","","","","","","","","","","","","","","","","","","","","",93,1,"","","","","","","","","","","","","","","","","","","","","","","","","","","","","","","","","","","","","","","","","","","","","","","","","","","","","","","","","","","","","","","","","","","","","","","","","","","","","","","","","","","","","","","","","","","","","","","","","","",0,1,"","","","","","","","","","","","","","","","","","","","","","","","","","","","","",""
"61328002","LE PIN-AU-HARAS -INRAE",48.735833,0.128167,176,2002072423,0.,1,"","","","","","","","","","","","","","","","","","","","","","","","","","","","","","","","","","",12.9,1,"","","","","","","","","","","","","","","","","","","","","","","","","","","","",89,1,"","","","","","","","","","","","","","","","","","","","","","","","","","","","","","","","","","","","","","","","","","","","","","","","","","","","","","","","","","","","","","","","","","","","","","","","","","","","","","","","","","","","","","","","","","","","","","","","","","",0,1,"","","","","","","","","","","","","","","","","","","","","","","","","","","","","",""
"61328002","LE PIN-AU-HARAS -INRAE",48.735833,0.128167,176,2002072500,0.,1,"","","","","","","","","","","","","","","","","","","","","","","","","","","","","","","","","","",12.2,1,"","","","","","","","","","","","","","","","","","","","","","","","","","","","",91,1,"","","","","","","","","","","","","","","","","","","","","","","","","","","","","","","","","","","","","","","","","","","","","","","","","","","","","","","","","","","","","","","","","","","","","","","","","","","","","","","","","","","","","","","","","","","","","","","","","","",0,1,"","","","","","","","","","","","","","","","","","","","","","","","","","","","","",""
"61328002","LE PIN-AU-HARAS -INRAE",48.735833,0.128167,176,2002072501,0.,1,"","","","","","","","","","","","","","","","","","","","","","","","","","","","","","","","","","",10.7,1,"","","","","","","","","","","","","","","","","","","","","","","","","","","","",94,1,"","","","","","","","","","","","","","","","","","","","","","","","","","","","","","","","","","","","","","","","","","","","","","","","","","","","","","","","","","","","","","","","","","","","","","","","","","","","","","","","","","","","","","","","","","","","","","","","","","",0,1,"","","","","","","","","","","","","","","","","","","","","","","","","","","","","",""
"61328002","LE PIN-AU-HARAS -INRAE",48.735833,0.128167,176,2002072502,0.,1,"","","","","","","","","","","","","","","","","","","","","","","","","","","","","","","","","","",11.,1,"","","","","","","","","","","","","","","","","","","","","","","","","","","","",97,1,"","","","","","","","","","","","","","","","","","","","","","","","","","","","","","","","","","","","","","","","","","","","","","","","","","","","","","","","","","","","","","","","","","","","","","","","","","","","","","","","","","","","","","","","","","","","","","","","","","",0,1,"","","","","","","","","","","","","","","","","","","","","","","","","","","","","",""
"61328002","LE PIN-AU-HARAS -INRAE",48.735833,0.128167,176,2002072503,0.,1,"","","","","","","","","","","","","","","","","","","","","","","","","","","","","","","","","","",11.,1,"","","","","","","","","","","","","","","","","","","","","","","","","","","","",99,1,"","","","","","","","","","","","","","","","","","","","","","","","","","","","","","","","","","","","","","","","","","","","","","","","","","","","","","","","","","","","","","","","","","","","","","","","","","","","","","","","","","","","","","","","","","","","","","","","","","",0,1,"","","","","","","","","","","","","","","","","","","","","","","","","","","","","",""
"61328002","LE PIN-AU-HARAS -INRAE",48.735833,0.128167,176,2002072504,0.,1,"","","","","","","","","","","","","","","","","","","","","","","","","","","","","","","","","","",10.6,1,"","","","","","","","","","","","","","","","","","","","","","","","","","","","",99,1,"","","","","","","","","","","","","","","","","","","","","","","","","","","","","","","","","","","","","","","","","","","","","","","","","","","","","","","","","","","","","","","","","","","","","","","","","","","","","","","","","","","","","","","","","","","","","","","","","","",0,1,"","","","","","","","","","","","","","","","","","","","","","","","","","","","","",""
"61328002","LE PIN-AU-HARAS -INRAE",48.735833,0.128167,176,2002072505,0.,1,"","","","","","","","","","","","","","","","","","","","","","","","","","","","","","","","","","",10.7,1,"","","","","","","","","","","","","","","","","","","","","","","","","","","","",100,1,"","","","","","","","","","","","","","","","","","","","","","","","","","","","","","","","","","","","","","","","","","","","","","","","","","","","","","","","","","","","","","","","","","","","","","","","","","","","","","","","","","","","","","","","","","","","","","","","","","",0,1,"","","","","","","","","","","","","","","","","","","","","","","","","","","","","",""
"61328002","LE PIN-AU-HARAS -INRAE",48.735833,0.128167,176,2002072506,0.,1,"","","","","","","","","","","","","","","","","","","","","","","","","","","","","","","","","","",12.2,1,"","","","","","","","","","","","","","","","","","","","","","","","","","","","",100,1,"","","","","","","","","","","","","","","","","","","","","","","","","","","","","","","","","","","","","","","","","","","","","","","","","","","","","","","","","","","","","","","","","","","","","","","","","","","","","","","","","","","","","","","","","","","","","","","","","","",12,1,"","","","","","","","","","","","","","","","","","","","","","","","","","","","","",""
"61328002","LE PIN-AU-HARAS -INRAE",48.735833,0.128167,176,2002072507,0.,1,"","","","","","","","","","","","","","","","","","","","","","","","","","","","","","","","","","",15.9,1,"","","","","","","","","","","","","","","","","","","","","","","","","","","","",90,1,"","","","","","","","","","","","","","","","","","","","","","","","","","","","","","","","","","","","","","","","","","","","","","","","","","","","","","","","","","","","","","","","","","","","","","","","","","","","","","","","","","","","","","","","","","","","","","","","","","",70,1,"","","","","","","","","","","","","","","","","","","","","","","","","","","","","",""
"61328002","LE PIN-AU-HARAS -INRAE",48.735833,0.128167,176,2002072508,0.,1,"","","","","","","","","","","","","","","","","","","","","","","","","","","","","","","","","","",16.4,1,"","","","","","","","","","","","","","","","","","","","","","","","","","","","",83,1,"","","","","","","","","","","","","","","","","","","","","","","","","","","","","","","","","","","","","","","","","","","","","","","","","","","","","","","","","","","","","","","","","","","","","","","","","","","","","","","","","","","","","","","","","","","","","","","","","","",84,1,"","","","","","","","","","","","","","","","","","","","","","","","","","","","","",""
"61328002","LE PIN-AU-HARAS -INRAE",48.735833,0.128167,176,2002072509,0.,1,"","","","","","","","","","","","","","","","","","","","","","","","","","","","","","","","","","",16.9,1,"","","","","","","","","","","","","","","","","","","","","","","","","","","","",79,1,"","","","","","","","","","","","","","","","","","","","","","","","","","","","","","","","","","","","","","","","","","","","","","","","","","","","","","","","","","","","","","","","","","","","","","","","","","","","","","","","","","","","","","","","","","","","","","","","","","",126,1,"","","","","","","","","","","","","","","","","","","","","","","","","","","","","",""
"61328002","LE PIN-AU-HARAS -INRAE",48.735833,0.128167,176,2002072510,0.,1,"","","","","","","","","","","","","","","","","","","","","","","","","","","","","","","","","","",17.,1,"","","","","","","","","","","","","","","","","","","","","","","","","","","","",77,1,"","","","","","","","","","","","","","","","","","","","","","","","","","","","","","","","","","","","","","","","","","","","","","","","","","","","","","","","","","","","","","","","","","","","","","","","","","","","","","","","","","","","","","","","","","","","","","","","","","",82,1,"","","","","","","","","","","","","","","","","","","","","","","","","","","","","",""
"61328002","LE PIN-AU-HARAS -INRAE",48.735833,0.128167,176,2002072511,0.,1,"","","","","","","","","","","","","","","","","","","","","","","","","","","","","","","","","","",17.9,1,"","","","","","","","","","","","","","","","","","","","","","","","","","","","",71,1,"","","","","","","","","","","","","","","","","","","","","","","","","","","","","","","","","","","","","","","","","","","","","","","","","","","","","","","","","","","","","","","","","","","","","","","","","","","","","","","","","","","","","","","","","","","","","","","","","","",100,1,"","","","","","","","","","","","","","","","","","","","","","","","","","","","","",""
"61328002","LE PIN-AU-HARAS -INRAE",48.735833,0.128167,176,2002072512,0.,1,"","","","","","","","","","","","","","","","","","","","","","","","","","","","","","","","","","",19.,1,"","","","","","","","","","","","","","","","","","","","","","","","","","","","",61,1,"","","","","","","","","","","","","","","","","","","","","","","","","","","","","","","","","","","","","","","","","","","","","","","","","","","","","","","","","","","","","","","","","","","","","","","","","","","","","","","","","","","","","","","","","","","","","","","","","","",182,1,"","","","","","","","","","","","","","","","","","","","","","","","","","","","","",""
"61328002","LE PIN-AU-HARAS -INRAE",48.735833,0.128167,176,2002072513,0.,1,"","","","","","","","","","","","","","","","","","","","","","","","","","","","","","","","","","",20.6,1,"","","","","","","","","","","","","","","","","","","","","","","","","","","","",65,1,"","","","","","","","","","","","","","","","","","","","","","","","","","","","","","","","","","","","","","","","","","","","","","","","","","","","","","","","","","","","","","","","","","","","","","","","","","","","","","","","","","","","","","","","","","","","","","","","","","",152,1,"","","","","","","","","","","","","","","","","","","","","","","","","","","","","",""
"61328002","LE PIN-AU-HARAS -INRAE",48.735833,0.128167,176,2002072514,0.,1,"","","","","","","","","","","","","","","","","","","","","","","","","","","","","","","","","","",20.7,1,"","","","","","","","","","","","","","","","","","","","","","","","","","","","",62,1,"","","","","","","","","","","","","","","","","","","","","","","","","","","","","","","","","","","","","","","","","","","","","","","","","","","","","","","","","","","","","","","","","","","","","","","","","","","","","","","","","","","","","","","","","","","","","","","","","","",180,1,"","","","","","","","","","","","","","","","","","","","","","","","","","","","","",""
"61328002","LE PIN-AU-HARAS -INRAE",48.735833,0.128167,176,2002072515,0.,1,"","","","","","","","","","","","","","","","","","","","","","","","","","","","","","","","","","",21.,1,"","","","","","","","","","","","","","","","","","","","","","","","","","","","",65,1,"","","","","","","","","","","","","","","","","","","","","","","","","","","","","","","","","","","","","","","","","","","","","","","","","","","","","","","","","","","","","","","","","","","","","","","","","","","","","","","","","","","","","","","","","","","","","","","","","","",74,1,"","","","","","","","","","","","","","","","","","","","","","","","","","","","","",""
"61328002","LE PIN-AU-HARAS -INRAE",48.735833,0.128167,176,2002072516,0.,1,"","","","","","","","","","","","","","","","","","","","","","","","","","","","","","","","","","",20.7,1,"","","","","","","","","","","","","","","","","","","","","","","","","","","","",69,1,"","","","","","","","","","","","","","","","","","","","","","","","","","","","","","","","","","","","","","","","","","","","","","","","","","","","","","","","","","","","","","","","","","","","","","","","","","","","","","","","","","","","","","","","","","","","","","","","","","",56,1,"","","","","","","","","","","","","","","","","","","","","","","","","","","","","",""
"61328002","LE PIN-AU-HARAS -INRAE",48.735833,0.128167,176,2002072517,0.,1,"","","","","","","","","","","","","","","","","","","","","","","","","","","","","","","","","","",19.2,1,"","","","","","","","","","","","","","","","","","","","","","","","","","","","",80,1,"","","","","","","","","","","","","","","","","","","","","","","","","","","","","","","","","","","","","","","","","","","","","","","","","","","","","","","","","","","","","","","","","","","","","","","","","","","","","","","","","","","","","","","","","","","","","","","","","","",34,1,"","","","","","","","","","","","","","","","","","","","","","","","","","","","","",""
"61328002","LE PIN-AU-HARAS -INRAE",48.735833,0.128167,176,2002072518,0.,1,"","","","","","","","","","","","","","","","","","","","","","","","","","","","","","","","","","",19.9,1,"","","","","","","","","","","","","","","","","","","","","","","","","","","","",74,1,"","","","","","","","","","","","","","","","","","","","","","","","","","","","","","","","","","","","","","","","","","","","","","","","","","","","","","","","","","","","","","","","","","","","","","","","","","","","","","","","","","","","","","","","","","","","","","","","","","",50,1,"","","","","","","","","","","","","","","","","","","","","","","","","","","","","",""
"61328002","LE PIN-AU-HARAS -INRAE",48.735833,0.128167,176,2002072519,0.,1,"","","","","","","","","","","","","","","","","","","","","","","","","","","","","","","","","","",18.8,1,"","","","","","","","","","","","","","","","","","","","","","","","","","","","",83,1,"","","","","","","","","","","","","","","","","","","","","","","","","","","","","","","","","","","","","","","","","","","","","","","","","","","","","","","","","","","","","","","","","","","","","","","","","","","","","","","","","","","","","","","","","","","","","","","","","","",8,1,"","","","","","","","","","","","","","","","","","","","","","","","","","","","","",""
"61328002","LE PIN-AU-HARAS -INRAE",48.735833,0.128167,176,2002072520,0.,1,"","","","","","","","","","","","","","","","","","","","","","","","","","","","","","","","","","",17.4,1,"","","","","","","","","","","","","","","","","","","","","","","","","","","","",91,1,"","","","","","","","","","","","","","","","","","","","","","","","","","","","","","","","","","","","","","","","","","","","","","","","","","","","","","","","","","","","","","","","","","","","","","","","","","","","","","","","","","","","","","","","","","","","","","","","","","",4,1,"","","","","","","","","","","","","","","","","","","","","","","","","","","","","",""
"61328002","LE PIN-AU-HARAS -INRAE",48.735833,0.128167,176,2002072521,0.,1,"","","","","","","","","","","","","","","","","","","","","","","","","","","","","","","","","","",17.2,1,"","","","","","","","","","","","","","","","","","","","","","","","","","","","",95,1,"","","","","","","","","","","","","","","","","","","","","","","","","","","","","","","","","","","","","","","","","","","","","","","","","","","","","","","","","","","","","","","","","","","","","","","","","","","","","","","","","","","","","","","","","","","","","","","","","","",0,1,"","","","","","","","","","","","","","","","","","","","","","","","","","","","","",""
"61328002","LE PIN-AU-HARAS -INRAE",48.735833,0.128167,176,2002072522,0.,1,"","","","","","","","","","","","","","","","","","","","","","","","","","","","","","","","","","",17.6,1,"","","","","","","","","","","","","","","","","","","","","","","","","","","","",95,1,"","","","","","","","","","","","","","","","","","","","","","","","","","","","","","","","","","","","","","","","","","","","","","","","","","","","","","","","","","","","","","","","","","","","","","","","","","","","","","","","","","","","","","","","","","","","","","","","","","",0,1,"","","","","","","","","","","","","","","","","","","","","","","","","","","","","",""
"61328002","LE PIN-AU-HARAS -INRAE",48.735833,0.128167,176,2002072523,0.,1,"","","","","","","","","","","","","","","","","","","","","","","","","","","","","","","","","","",17.6,1,"","","","","","","","","","","","","","","","","","","","","","","","","","","","",96,1,"","","","","","","","","","","","","","","","","","","","","","","","","","","","","","","","","","","","","","","","","","","","","","","","","","","","","","","","","","","","","","","","","","","","","","","","","","","","","","","","","","","","","","","","","","","","","","","","","","",0,1,"","","","","","","","","","","","","","","","","","","","","","","","","","","","","",""
"61328002","LE PIN-AU-HARAS -INRAE",48.735833,0.128167,176,2002072600,0.,1,"","","","","","","","","","","","","","","","","","","","","","","","","","","","","","","","","","",17.6,1,"","","","","","","","","","","","","","","","","","","","","","","","","","","","",98,1,"","","","","","","","","","","","","","","","","","","","","","","","","","","","","","","","","","","","","","","","","","","","","","","","","","","","","","","","","","","","","","","","","","","","","","","","","","","","","","","","","","","","","","","","","","","","","","","","","","",0,1,"","","","","","","","","","","","","","","","","","","","","","","","","","","","","",""
"61328002","LE PIN-AU-HARAS -INRAE",48.735833,0.128167,176,2002072601,0.,1,"","","","","","","","","","","","","","","","","","","","","","","","","","","","","","","","","","",16.8,1,"","","","","","","","","","","","","","","","","","","","","","","","","","","","",92,1,"","","","","","","","","","","","","","","","","","","","","","","","","","","","","","","","","","","","","","","","","","","","","","","","","","","","","","","","","","","","","","","","","","","","","","","","","","","","","","","","","","","","","","","","","","","","","","","","","","",0,1,"","","","","","","","","","","","","","","","","","","","","","","","","","","","","",""
"61328002","LE PIN-AU-HARAS -INRAE",48.735833,0.128167,176,2002072602,0.,1,"","","","","","","","","","","","","","","","","","","","","","","","","","","","","","","","","","",16.6,1,"","","","","","","","","","","","","","","","","","","","","","","","","","","","",91,1,"","","","","","","","","","","","","","","","","","","","","","","","","","","","","","","","","","","","","","","","","","","","","","","","","","","","","","","","","","","","","","","","","","","","","","","","","","","","","","","","","","","","","","","","","","","","","","","","","","",0,1,"","","","","","","","","","","","","","","","","","","","","","","","","","","","","",""
"61328002","LE PIN-AU-HARAS -INRAE",48.735833,0.128167,176,2002072603,0.,1,"","","","","","","","","","","","","","","","","","","","","","","","","","","","","","","","","","",16.2,1,"","","","","","","","","","","","","","","","","","","","","","","","","","","","",91,1,"","","","","","","","","","","","","","","","","","","","","","","","","","","","","","","","","","","","","","","","","","","","","","","","","","","","","","","","","","","","","","","","","","","","","","","","","","","","","","","","","","","","","","","","","","","","","","","","","","",0,1,"","","","","","","","","","","","","","","","","","","","","","","","","","","","","",""
"61328002","LE PIN-AU-HARAS -INRAE",48.735833,0.128167,176,2002072604,0.,1,"","","","","","","","","","","","","","","","","","","","","","","","","","","","","","","","","","",15.9,1,"","","","","","","","","","","","","","","","","","","","","","","","","","","","",94,1,"","","","","","","","","","","","","","","","","","","","","","","","","","","","","","","","","","","","","","","","","","","","","","","","","","","","","","","","","","","","","","","","","","","","","","","","","","","","","","","","","","","","","","","","","","","","","","","","","","",0,1,"","","","","","","","","","","","","","","","","","","","","","","","","","","","","",""
"61328002","LE PIN-AU-HARAS -INRAE",48.735833,0.128167,176,2002072605,0.,1,"","","","","","","","","","","","","","","","","","","","","","","","","","","","","","","","","","",16.,1,"","","","","","","","","","","","","","","","","","","","","","","","","","","","",94,1,"","","","","","","","","","","","","","","","","","","","","","","","","","","","","","","","","","","","","","","","","","","","","","","","","","","","","","","","","","","","","","","","","","","","","","","","","","","","","","","","","","","","","","","","","","","","","","","","","","",0,1,"","","","","","","","","","","","","","","","","","","","","","","","","","","","","",""
"61328002","LE PIN-AU-HARAS -INRAE",48.735833,0.128167,176,2002072606,0.,1,"","","","","","","","","","","","","","","","","","","","","","","","","","","","","","","","","","",16.2,1,"","","","","","","","","","","","","","","","","","","","","","","","","","","","",96,1,"","","","","","","","","","","","","","","","","","","","","","","","","","","","","","","","","","","","","","","","","","","","","","","","","","","","","","","","","","","","","","","","","","","","","","","","","","","","","","","","","","","","","","","","","","","","","","","","","","",12,1,"","","","","","","","","","","","","","","","","","","","","","","","","","","","","",""
"61328002","LE PIN-AU-HARAS -INRAE",48.735833,0.128167,176,2002072607,0.,1,"","","","","","","","","","","","","","","","","","","","","","","","","","","","","","","","","","",17.6,1,"","","","","","","","","","","","","","","","","","","","","","","","","","","","",85,1,"","","","","","","","","","","","","","","","","","","","","","","","","","","","","","","","","","","","","","","","","","","","","","","","","","","","","","","","","","","","","","","","","","","","","","","","","","","","","","","","","","","","","","","","","","","","","","","","","","",52,1,"","","","","","","","","","","","","","","","","","","","","","","","","","","","","",""
"61328002","LE PIN-AU-HARAS -INRAE",48.735833,0.128167,176,2002072608,0.,1,"","","","","","","","","","","","","","","","","","","","","","","","","","","","","","","","","","",17.6,1,"","","","","","","","","","","","","","","","","","","","","","","","","","","","",87,1,"","","","","","","","","","","","","","","","","","","","","","","","","","","","","","","","","","","","","","","","","","","","","","","","","","","","","","","","","","","","","","","","","","","","","","","","","","","","","","","","","","","","","","","","","","","","","","","","","","",70,1,"","","","","","","","","","","","","","","","","","","","","","","","","","","","","",""
"61328002","LE PIN-AU-HARAS -INRAE",48.735833,0.128167,176,2002072609,0.,1,"","","","","","","","","","","","","","","","","","","","","","","","","","","","","","","","","","",18.2,1,"","","","","","","","","","","","","","","","","","","","","","","","","","","","",82,1,"","","","","","","","","","","","","","","","","","","","","","","","","","","","","","","","","","","","","","","","","","","","","","","","","","","","","","","","","","","","","","","","","","","","","","","","","","","","","","","","","","","","","","","","","","","","","","","","","","",78,1,"","","","","","","","","","","","","","","","","","","","","","","","","","","","","",""
"61328002","LE PIN-AU-HARAS -INRAE",48.735833,0.128167,176,2002072610,0.,1,"","","","","","","","","","","","","","","","","","","","","","","","","","","","","","","","","","",19.1,1,"","","","","","","","","","","","","","","","","","","","","","","","","","","","",77,1,"","","","","","","","","","","","","","","","","","","","","","","","","","","","","","","","","","","","","","","","","","","","","","","","","","","","","","","","","","","","","","","","","","","","","","","","","","","","","","","","","","","","","","","","","","","","","","","","","","",102,1,"","","","","","","","","","","","","","","","","","","","","","","","","","","","","",""
"61328002","LE PIN-AU-HARAS -INRAE",48.735833,0.128167,176,2002072611,0.,1,"","","","","","","","","","","","","","","","","","","","","","","","","","","","","","","","","","",19.9,1,"","","","","","","","","","","","","","","","","","","","","","","","","","","","",74,1,"","","","","","","","","","","","","","","","","","","","","","","","","","","","","","","","","","","","","","","","","","","","","","","","","","","","","","","","","","","","","","","","","","","","","","","","","","","","","","","","","","","","","","","","","","","","","","","","","","",112,1,"","","","","","","","","","","","","","","","","","","","","","","","","","","","","",""
"61328002","LE PIN-AU-HARAS -INRAE",48.735833,0.128167,176,2002072612,0.,1,"","","","","","","","","","","","","","","","","","","","","","","","","","","","","","","","","","",20.9,1,"","","","","","","","","","","","","","","","","","","","","","","","","","","","",73,1,"","","","","","","","","","","","","","","","","","","","","","","","","","","","","","","","","","","","","","","","","","","","","","","","","","","","","","","","","","","","","","","","","","","","","","","","","","","","","","","","","","","","","","","","","","","","","","","","","","",130,1,"","","","","","","","","","","","","","","","","","","","","","","","","","","","","",""
"61328002","LE PIN-AU-HARAS -INRAE",48.735833,0.128167,176,2002072613,0.,1,"","","","","","","","","","","","","","","","","","","","","","","","","","","","","","","","","","",21.5,1,"","","","","","","","","","","","","","","","","","","","","","","","","","","","",70,1,"","","","","","","","","","","","","","","","","","","","","","","","","","","","","","","","","","","","","","","","","","","","","","","","","","","","","","","","","","","","","","","","","","","","","","","","","","","","","","","","","","","","","","","","","","","","","","","","","","",148,1,"","","","","","","","","","","","","","","","","","","","","","","","","","","","","",""
"61328002","LE PIN-AU-HARAS -INRAE",48.735833,0.128167,176,2002072614,0.,1,"","","","","","","","","","","","","","","","","","","","","","","","","","","","","","","","","","",23.,1,"","","","","","","","","","","","","","","","","","","","","","","","","","","","",62,1,"","","","","","","","","","","","","","","","","","","","","","","","","","","","","","","","","","","","","","","","","","","","","","","","","","","","","","","","","","","","","","","","","","","","","","","","","","","","","","","","","","","","","","","","","","","","","","","","","","",162,1,"","","","","","","","","","","","","","","","","","","","","","","","","","","","","",""
"61328002","LE PIN-AU-HARAS -INRAE",48.735833,0.128167,176,2002072615,0.,1,"","","","","","","","","","","","","","","","","","","","","","","","","","","","","","","","","","",24.1,1,"","","","","","","","","","","","","","","","","","","","","","","","","","","","",56,1,"","","","","","","","","","","","","","","","","","","","","","","","","","","","","","","","","","","","","","","","","","","","","","","","","","","","","","","","","","","","","","","","","","","","","","","","","","","","","","","","","","","","","","","","","","","","","","","","","","",186,1,"","","","","","","","","","","","","","","","","","","","","","","","","","","","","",""
"61328002","LE PIN-AU-HARAS -INRAE",48.735833,0.128167,176,2002072616,0.,1,"","","","","","","","","","","","","","","","","","","","","","","","","","","","","","","","","","",23.6,1,"","","","","","","","","","","","","","","","","","","","","","","","","","","","",59,1,"","","","","","","","","","","","","","","","","","","","","","","","","","","","","","","","","","","","","","","","","","","","","","","","","","","","","","","","","","","","","","","","","","","","","","","","","","","","","","","","","","","","","","","","","","","","","","","","","","",148,1,"","","","","","","","","","","","","","","","","","","","","","","","","","","","","",""
"61328002","LE PIN-AU-HARAS -INRAE",48.735833,0.128167,176,2002072617,0.,1,"","","","","","","","","","","","","","","","","","","","","","","","","","","","","","","","","","",22.9,1,"","","","","","","","","","","","","","","","","","","","","","","","","","","","",63,1,"","","","","","","","","","","","","","","","","","","","","","","","","","","","","","","","","","","","","","","","","","","","","","","","","","","","","","","","","","","","","","","","","","","","","","","","","","","","","","","","","","","","","","","","","","","","","","","","","","",108,1,"","","","","","","","","","","","","","","","","","","","","","","","","","","","","",""
"61328002","LE PIN-AU-HARAS -INRAE",48.735833,0.128167,176,2002072618,0.,1,"","","","","","","","","","","","","","","","","","","","","","","","","","","","","","","","","","",22.4,1,"","","","","","","","","","","","","","","","","","","","","","","","","","","","",67,1,"","","","","","","","","","","","","","","","","","","","","","","","","","","","","","","","","","","","","","","","","","","","","","","","","","","","","","","","","","","","","","","","","","","","","","","","","","","","","","","","","","","","","","","","","","","","","","","","","","",54,1,"","","","","","","","","","","","","","","","","","","","","","","","","","","","","",""
"61328002","LE PIN-AU-HARAS -INRAE",48.735833,0.128167,176,2002072619,0.,1,"","","","","","","","","","","","","","","","","","","","","","","","","","","","","","","","","","",20.6,1,"","","","","","","","","","","","","","","","","","","","","","","","","","","","",71,1,"","","","","","","","","","","","","","","","","","","","","","","","","","","","","","","","","","","","","","","","","","","","","","","","","","","","","","","","","","","","","","","","","","","","","","","","","","","","","","","","","","","","","","","","","","","","","","","","","","",20,1,"","","","","","","","","","","","","","","","","","","","","","","","","","","","","",""
"61328002","LE PIN-AU-HARAS -INRAE",48.735833,0.128167,176,2002072620,0.,1,"","","","","","","","","","","","","","","","","","","","","","","","","","","","","","","","","","",17.1,1,"","","","","","","","","","","","","","","","","","","","","","","","","","","","",89,1,"","","","","","","","","","","","","","","","","","","","","","","","","","","","","","","","","","","","","","","","","","","","","","","","","","","","","","","","","","","","","","","","","","","","","","","","","","","","","","","","","","","","","","","","","","","","","","","","","","",4,1,"","","","","","","","","","","","","","","","","","","","","","","","","","","","","",""
"61328002","LE PIN-AU-HARAS -INRAE",48.735833,0.128167,176,2002072621,0.,1,"","","","","","","","","","","","","","","","","","","","","","","","","","","","","","","","","","",15.1,1,"","","","","","","","","","","","","","","","","","","","","","","","","","","","",95,1,"","","","","","","","","","","","","","","","","","","","","","","","","","","","","","","","","","","","","","","","","","","","","","","","","","","","","","","","","","","","","","","","","","","","","","","","","","","","","","","","","","","","","","","","","","","","","","","","","","",0,1,"","","","","","","","","","","","","","","","","","","","","","","","","","","","","",""
"61328002","LE PIN-AU-HARAS -INRAE",48.735833,0.128167,176,2002072622,0.,1,"","","","","","","","","","","","","","","","","","","","","","","","","","","","","","","","","","",15.7,1,"","","","","","","","","","","","","","","","","","","","","","","","","","","","",97,1,"","","","","","","","","","","","","","","","","","","","","","","","","","","","","","","","","","","","","","","","","","","","","","","","","","","","","","","","","","","","","","","","","","","","","","","","","","","","","","","","","","","","","","","","","","","","","","","","","","",0,1,"","","","","","","","","","","","","","","","","","","","","","","","","","","","","",""
"61328002","LE PIN-AU-HARAS -INRAE",48.735833,0.128167,176,2002072623,0.,1,"","","","","","","","","","","","","","","","","","","","","","","","","","","","","","","","","","",15.6,1,"","","","","","","","","","","","","","","","","","","","","","","","","","","","",98,1,"","","","","","","","","","","","","","","","","","","","","","","","","","","","","","","","","","","","","","","","","","","","","","","","","","","","","","","","","","","","","","","","","","","","","","","","","","","","","","","","","","","","","","","","","","","","","","","","","","",0,1,"","","","","","","","","","","","","","","","","","","","","","","","","","","","","",""
"61328002","LE PIN-AU-HARAS -INRAE",48.735833,0.128167,176,2002072700,0.,1,"","","","","","","","","","","","","","","","","","","","","","","","","","","","","","","","","","",14.5,1,"","","","","","","","","","","","","","","","","","","","","","","","","","","","",98,1,"","","","","","","","","","","","","","","","","","","","","","","","","","","","","","","","","","","","","","","","","","","","","","","","","","","","","","","","","","","","","","","","","","","","","","","","","","","","","","","","","","","","","","","","","","","","","","","","","","",0,1,"","","","","","","","","","","","","","","","","","","","","","","","","","","","","",""
"61328002","LE PIN-AU-HARAS -INRAE",48.735833,0.128167,176,2002072701,0.,1,"","","","","","","","","","","","","","","","","","","","","","","","","","","","","","","","","","",13.2,1,"","","","","","","","","","","","","","","","","","","","","","","","","","","","",99,1,"","","","","","","","","","","","","","","","","","","","","","","","","","","","","","","","","","","","","","","","","","","","","","","","","","","","","","","","","","","","","","","","","","","","","","","","","","","","","","","","","","","","","","","","","","","","","","","","","","",0,1,"","","","","","","","","","","","","","","","","","","","","","","","","","","","","",""
"61328002","LE PIN-AU-HARAS -INRAE",48.735833,0.128167,176,2002072702,0.,1,"","","","","","","","","","","","","","","","","","","","","","","","","","","","","","","","","","",12.5,1,"","","","","","","","","","","","","","","","","","","","","","","","","","","","",100,1,"","","","","","","","","","","","","","","","","","","","","","","","","","","","","","","","","","","","","","","","","","","","","","","","","","","","","","","","","","","","","","","","","","","","","","","","","","","","","","","","","","","","","","","","","","","","","","","","","","",0,1,"","","","","","","","","","","","","","","","","","","","","","","","","","","","","",""
"61328002","LE PIN-AU-HARAS -INRAE",48.735833,0.128167,176,2002072703,0.,1,"","","","","","","","","","","","","","","","","","","","","","","","","","","","","","","","","","",12.,1,"","","","","","","","","","","","","","","","","","","","","","","","","","","","",100,1,"","","","","","","","","","","","","","","","","","","","","","","","","","","","","","","","","","","","","","","","","","","","","","","","","","","","","","","","","","","","","","","","","","","","","","","","","","","","","","","","","","","","","","","","","","","","","","","","","","",0,1,"","","","","","","","","","","","","","","","","","","","","","","","","","","","","",""
"61328002","LE PIN-AU-HARAS -INRAE",48.735833,0.128167,176,2002072704,0.,1,"","","","","","","","","","","","","","","","","","","","","","","","","","","","","","","","","","",12.1,1,"","","","","","","","","","","","","","","","","","","","","","","","","","","","",100,1,"","","","","","","","","","","","","","","","","","","","","","","","","","","","","","","","","","","","","","","","","","","","","","","","","","","","","","","","","","","","","","","","","","","","","","","","","","","","","","","","","","","","","","","","","","","","","","","","","","",0,1,"","","","","","","","","","","","","","","","","","","","","","","","","","","","","",""
"61328002","LE PIN-AU-HARAS -INRAE",48.735833,0.128167,176,2002072705,0.,1,"","","","","","","","","","","","","","","","","","","","","","","","","","","","","","","","","","",12.,1,"","","","","","","","","","","","","","","","","","","","","","","","","","","","",100,1,"","","","","","","","","","","","","","","","","","","","","","","","","","","","","","","","","","","","","","","","","","","","","","","","","","","","","","","","","","","","","","","","","","","","","","","","","","","","","","","","","","","","","","","","","","","","","","","","","","",2,1,"","","","","","","","","","","","","","","","","","","","","","","","","","","","","",""
"61328002","LE PIN-AU-HARAS -INRAE",48.735833,0.128167,176,2002072706,0.,1,"","","","","","","","","","","","","","","","","","","","","","","","","","","","","","","","","","",16.,1,"","","","","","","","","","","","","","","","","","","","","","","","","","","","",100,1,"","","","","","","","","","","","","","","","","","","","","","","","","","","","","","","","","","","","","","","","","","","","","","","","","","","","","","","","","","","","","","","","","","","","","","","","","","","","","","","","","","","","","","","","","","","","","","","","","","",40,1,"","","","","","","","","","","","","","","","","","","","","","","","","","","","","",""
"61328002","LE PIN-AU-HARAS -INRAE",48.735833,0.128167,176,2002072707,0.,1,"","","","","","","","","","","","","","","","","","","","","","","","","","","","","","","","","","",19.5,1,"","","","","","","","","","","","","","","","","","","","","","","","","","","","",96,1,"","","","","","","","","","","","","","","","","","","","","","","","","","","","","","","","","","","","","","","","","","","","","","","","","","","","","","","","","","","","","","","","","","","","","","","","","","","","","","","","","","","","","","","","","","","","","","","","","","",98,1,"","","","","","","","","","","","","","","","","","","","","","","","","","","","","",""
"61328002","LE PIN-AU-HARAS -INRAE",48.735833,0.128167,176,2002072708,0.,1,"","","","","","","","","","","","","","","","","","","","","","","","","","","","","","","","","","",22.5,1,"","","","","","","","","","","","","","","","","","","","","","","","","","","","",73,1,"","","","","","","","","","","","","","","","","","","","","","","","","","","","","","","","","","","","","","","","","","","","","","","","","","","","","","","","","","","","","","","","","","","","","","","","","","","","","","","","","","","","","","","","","","","","","","","","","","",146,1,"","","","","","","","","","","","","","","","","","","","","","","","","","","","","",""
"61328002","LE PIN-AU-HARAS -INRAE",48.735833,0.128167,176,2002072709,0.,1,"","","","","","","","","","","","","","","","","","","","","","","","","","","","","","","","","","",24.3,1,"","","","","","","","","","","","","","","","","","","","","","","","","","","","",64,1,"","","","","","","","","","","","","","","","","","","","","","","","","","","","","","","","","","","","","","","","","","","","","","","","","","","","","","","","","","","","","","","","","","","","","","","","","","","","","","","","","","","","","","","","","","","","","","","","","","",202,1,"","","","","","","","","","","","","","","","","","","","","","","","","","","","","",""
"61328002","LE PIN-AU-HARAS -INRAE",48.735833,0.128167,176,2002072710,0.,1,"","","","","","","","","","","","","","","","","","","","","","","","","","","","","","","","","","",25.2,1,"","","","","","","","","","","","","","","","","","","","","","","","","","","","",57,1,"","","","","","","","","","","","","","","","","","","","","","","","","","","","","","","","","","","","","","","","","","","","","","","","","","","","","","","","","","","","","","","","","","","","","","","","","","","","","","","","","","","","","","","","","","","","","","","","","","",266,1,"","","","","","","","","","","","","","","","","","","","","","","","","","","","","",""
"61328002","LE PIN-AU-HARAS -INRAE",48.735833,0.128167,176,2002072711,0.,1,"","","","","","","","","","","","","","","","","","","","","","","","","","","","","","","","","","",26.1,1,"","","","","","","","","","","","","","","","","","","","","","","","","","","","",49,1,"","","","","","","","","","","","","","","","","","","","","","","","","","","","","","","","","","","","","","","","","","","","","","","","","","","","","","","","","","","","","","","","","","","","","","","","","","","","","","","","","","","","","","","","","","","","","","","","","","",312,1,"","","","","","","","","","","","","","","","","","","","","","","","","","","","","",""
"61328002","LE PIN-AU-HARAS -INRAE",48.735833,0.128167,176,2002072712,0.,1,"","","","","","","","","","","","","","","","","","","","","","","","","","","","","","","","","","",27.2,1,"","","","","","","","","","","","","","","","","","","","","","","","","","","","",49,1,"","","","","","","","","","","","","","","","","","","","","","","","","","","","","","","","","","","","","","","","","","","","","","","","","","","","","","","","","","","","","","","","","","","","","","","","","","","","","","","","","","","","","","","","","","","","","","","","","","",316,1,"","","","","","","","","","","","","","","","","","","","","","","","","","","","","",""
"61328002","LE PIN-AU-HARAS -INRAE",48.735833,0.128167,176,2002072713,0.,1,"","","","","","","","","","","","","","","","","","","","","","","","","","","","","","","","","","",28.8,1,"","","","","","","","","","","","","","","","","","","","","","","","","","","","",42,1,"","","","","","","","","","","","","","","","","","","","","","","","","","","","","","","","","","","","","","","","","","","","","","","","","","","","","","","","","","","","","","","","","","","","","","","","","","","","","","","","","","","","","","","","","","","","","","","","","","",306,1,"","","","","","","","","","","","","","","","","","","","","","","","","","","","","",""
"61328002","LE PIN-AU-HARAS -INRAE",48.735833,0.128167,176,2002072714,0.,1,"","","","","","","","","","","","","","","","","","","","","","","","","","","","","","","","","","",28.7,1,"","","","","","","","","","","","","","","","","","","","","","","","","","","","",42,1,"","","","","","","","","","","","","","","","","","","","","","","","","","","","","","","","","","","","","","","","","","","","","","","","","","","","","","","","","","","","","","","","","","","","","","","","","","","","","","","","","","","","","","","","","","","","","","","","","","",322,1,"","","","","","","","","","","","","","","","","","","","","","","","","","","","","",""
"61328002","LE PIN-AU-HARAS -INRAE",48.735833,0.128167,176,2002072715,0.,1,"","","","","","","","","","","","","","","","","","","","","","","","","","","","","","","","","","",28.6,1,"","","","","","","","","","","","","","","","","","","","","","","","","","","","",41,1,"","","","","","","","","","","","","","","","","","","","","","","","","","","","","","","","","","","","","","","","","","","","","","","","","","","","","","","","","","","","","","","","","","","","","","","","","","","","","","","","","","","","","","","","","","","","","","","","","","",284,1,"","","","","","","","","","","","","","","","","","","","","","","","","","","","","",""
"61328002","LE PIN-AU-HARAS -INRAE",48.735833,0.128167,176,2002072716,0.,1,"","","","","","","","","","","","","","","","","","","","","","","","","","","","","","","","","","",28.6,1,"","","","","","","","","","","","","","","","","","","","","","","","","","","","",40,1,"","","","","","","","","","","","","","","","","","","","","","","","","","","","","","","","","","","","","","","","","","","","","","","","","","","","","","","","","","","","","","","","","","","","","","","","","","","","","","","","","","","","","","","","","","","","","","","","","","",200,1,"","","","","","","","","","","","","","","","","","","","","","","","","","","","","",""
"61328002","LE PIN-AU-HARAS -INRAE",48.735833,0.128167,176,2002072717,0.,1,"","","","","","","","","","","","","","","","","","","","","","","","","","","","","","","","","","",28.7,1,"","","","","","","","","","","","","","","","","","","","","","","","","","","","",40,1,"","","","","","","","","","","","","","","","","","","","","","","","","","","","","","","","","","","","","","","","","","","","","","","","","","","","","","","","","","","","","","","","","","","","","","","","","","","","","","","","","","","","","","","","","","","","","","","","","","",146,1,"","","","","","","","","","","","","","","","","","","","","","","","","","","","","",""
"61328002","LE PIN-AU-HARAS -INRAE",48.735833,0.128167,176,2002072718,0.,1,"","","","","","","","","","","","","","","","","","","","","","","","","","","","","","","","","","",28.4,1,"","","","","","","","","","","","","","","","","","","","","","","","","","","","",41,1,"","","","","","","","","","","","","","","","","","","","","","","","","","","","","","","","","","","","","","","","","","","","","","","","","","","","","","","","","","","","","","","","","","","","","","","","","","","","","","","","","","","","","","","","","","","","","","","","","","",98,1,"","","","","","","","","","","","","","","","","","","","","","","","","","","","","",""
"61328002","LE PIN-AU-HARAS -INRAE",48.735833,0.128167,176,2002072719,0.,1,"","","","","","","","","","","","","","","","","","","","","","","","","","","","","","","","","","",23.6,1,"","","","","","","","","","","","","","","","","","","","","","","","","","","","",73,1,"","","","","","","","","","","","","","","","","","","","","","","","","","","","","","","","","","","","","","","","","","","","","","","","","","","","","","","","","","","","","","","","","","","","","","","","","","","","","","","","","","","","","","","","","","","","","","","","","","",36,1,"","","","","","","","","","","","","","","","","","","","","","","","","","","","","",""
"61328002","LE PIN-AU-HARAS -INRAE",48.735833,0.128167,176,2002072720,0.,1,"","","","","","","","","","","","","","","","","","","","","","","","","","","","","","","","","","",21.,1,"","","","","","","","","","","","","","","","","","","","","","","","","","","","",74,1,"","","","","","","","","","","","","","","","","","","","","","","","","","","","","","","","","","","","","","","","","","","","","","","","","","","","","","","","","","","","","","","","","","","","","","","","","","","","","","","","","","","","","","","","","","","","","","","","","","",4,1,"","","","","","","","","","","","","","","","","","","","","","","","","","","","","",""
"61328002","LE PIN-AU-HARAS -INRAE",48.735833,0.128167,176,2002072721,0.,1,"","","","","","","","","","","","","","","","","","","","","","","","","","","","","","","","","","",19.4,1,"","","","","","","","","","","","","","","","","","","","","","","","","","","","",80,1,"","","","","","","","","","","","","","","","","","","","","","","","","","","","","","","","","","","","","","","","","","","","","","","","","","","","","","","","","","","","","","","","","","","","","","","","","","","","","","","","","","","","","","","","","","","","","","","","","","",0,1,"","","","","","","","","","","","","","","","","","","","","","","","","","","","","",""
"61328002","LE PIN-AU-HARAS -INRAE",48.735833,0.128167,176,2002072722,0.,1,"","","","","","","","","","","","","","","","","","","","","","","","","","","","","","","","","","",17.1,1,"","","","","","","","","","","","","","","","","","","","","","","","","","","","",89,1,"","","","","","","","","","","","","","","","","","","","","","","","","","","","","","","","","","","","","","","","","","","","","","","","","","","","","","","","","","","","","","","","","","","","","","","","","","","","","","","","","","","","","","","","","","","","","","","","","","",0,1,"","","","","","","","","","","","","","","","","","","","","","","","","","","","","",""
"61328002","LE PIN-AU-HARAS -INRAE",48.735833,0.128167,176,2002072723,0.,1,"","","","","","","","","","","","","","","","","","","","","","","","","","","","","","","","","","",16.4,1,"","","","","","","","","","","","","","","","","","","","","","","","","","","","",96,1,"","","","","","","","","","","","","","","","","","","","","","","","","","","","","","","","","","","","","","","","","","","","","","","","","","","","","","","","","","","","","","","","","","","","","","","","","","","","","","","","","","","","","","","","","","","","","","","","","","",0,1,"","","","","","","","","","","","","","","","","","","","","","","","","","","","","",""
"61328002","LE PIN-AU-HARAS -INRAE",48.735833,0.128167,176,2002072800,0.,1,"","","","","","","","","","","","","","","","","","","","","","","","","","","","","","","","","","",15.1,1,"","","","","","","","","","","","","","","","","","","","","","","","","","","","",97,1,"","","","","","","","","","","","","","","","","","","","","","","","","","","","","","","","","","","","","","","","","","","","","","","","","","","","","","","","","","","","","","","","","","","","","","","","","","","","","","","","","","","","","","","","","","","","","","","","","","",0,1,"","","","","","","","","","","","","","","","","","","","","","","","","","","","","",""
"61328002","LE PIN-AU-HARAS -INRAE",48.735833,0.128167,176,2002072801,0.,1,"","","","","","","","","","","","","","","","","","","","","","","","","","","","","","","","","","",14.1,1,"","","","","","","","","","","","","","","","","","","","","","","","","","","","",99,1,"","","","","","","","","","","","","","","","","","","","","","","","","","","","","","","","","","","","","","","","","","","","","","","","","","","","","","","","","","","","","","","","","","","","","","","","","","","","","","","","","","","","","","","","","","","","","","","","","","",0,1,"","","","","","","","","","","","","","","","","","","","","","","","","","","","","",""
"61328002","LE PIN-AU-HARAS -INRAE",48.735833,0.128167,176,2002072802,0.,1,"","","","","","","","","","","","","","","","","","","","","","","","","","","","","","","","","","",13.7,1,"","","","","","","","","","","","","","","","","","","","","","","","","","","","",100,1,"","","","","","","","","","","","","","","","","","","","","","","","","","","","","","","","","","","","","","","","","","","","","","","","","","","","","","","","","","","","","","","","","","","","","","","","","","","","","","","","","","","","","","","","","","","","","","","","","","",0,1,"","","","","","","","","","","","","","","","","","","","","","","","","","","","","",""
"61328002","LE PIN-AU-HARAS -INRAE",48.735833,0.128167,176,2002072803,0.,1,"","","","","","","","","","","","","","","","","","","","","","","","","","","","","","","","","","",12.9,1,"","","","","","","","","","","","","","","","","","","","","","","","","","","","",100,1,"","","","","","","","","","","","","","","","","","","","","","","","","","","","","","","","","","","","","","","","","","","","","","","","","","","","","","","","","","","","","","","","","","","","","","","","","","","","","","","","","","","","","","","","","","","","","","","","","","",0,1,"","","","","","","","","","","","","","","","","","","","","","","","","","","","","",""
"61328002","LE PIN-AU-HARAS -INRAE",48.735833,0.128167,176,2002072804,0.,1,"","","","","","","","","","","","","","","","","","","","","","","","","","","","","","","","","","",12.7,1,"","","","","","","","","","","","","","","","","","","","","","","","","","","","",100,1,"","","","","","","","","","","","","","","","","","","","","","","","","","","","","","","","","","","","","","","","","","","","","","","","","","","","","","","","","","","","","","","","","","","","","","","","","","","","","","","","","","","","","","","","","","","","","","","","","","",0,1,"","","","","","","","","","","","","","","","","","","","","","","","","","","","","",""
"61328002","LE PIN-AU-HARAS -INRAE",48.735833,0.128167,176,2002072805,0.,1,"","","","","","","","","","","","","","","","","","","","","","","","","","","","","","","","","","",12.5,1,"","","","","","","","","","","","","","","","","","","","","","","","","","","","",100,1,"","","","","","","","","","","","","","","","","","","","","","","","","","","","","","","","","","","","","","","","","","","","","","","","","","","","","","","","","","","","","","","","","","","","","","","","","","","","","","","","","","","","","","","","","","","","","","","","","","",2,1,"","","","","","","","","","","","","","","","","","","","","","","","","","","","","",""
"61328002","LE PIN-AU-HARAS -INRAE",48.735833,0.128167,176,2002072806,0.,1,"","","","","","","","","","","","","","","","","","","","","","","","","","","","","","","","","","",15.8,1,"","","","","","","","","","","","","","","","","","","","","","","","","","","","",100,1,"","","","","","","","","","","","","","","","","","","","","","","","","","","","","","","","","","","","","","","","","","","","","","","","","","","","","","","","","","","","","","","","","","","","","","","","","","","","","","","","","","","","","","","","","","","","","","","","","","",32,1,"","","","","","","","","","","","","","","","","","","","","","","","","","","","","",""
"61328002","LE PIN-AU-HARAS -INRAE",48.735833,0.128167,176,2002072807,0.,1,"","","","","","","","","","","","","","","","","","","","","","","","","","","","","","","","","","",21.4,1,"","","","","","","","","","","","","","","","","","","","","","","","","","","","",94,1,"","","","","","","","","","","","","","","","","","","","","","","","","","","","","","","","","","","","","","","","","","","","","","","","","","","","","","","","","","","","","","","","","","","","","","","","","","","","","","","","","","","","","","","","","","","","","","","","","","",92,1,"","","","","","","","","","","","","","","","","","","","","","","","","","","","","",""
"61328002","LE PIN-AU-HARAS -INRAE",48.735833,0.128167,176,2002072808,0.,1,"","","","","","","","","","","","","","","","","","","","","","","","","","","","","","","","","","",24.,1,"","","","","","","","","","","","","","","","","","","","","","","","","","","","",68,1,"","","","","","","","","","","","","","","","","","","","","","","","","","","","","","","","","","","","","","","","","","","","","","","","","","","","","","","","","","","","","","","","","","","","","","","","","","","","","","","","","","","","","","","","","","","","","","","","","","",140,1,"","","","","","","","","","","","","","","","","","","","","","","","","","","","","",""
"61328002","LE PIN-AU-HARAS -INRAE",48.735833,0.128167,176,2002072809,0.,1,"","","","","","","","","","","","","","","","","","","","","","","","","","","","","","","","","","",27.6,1,"","","","","","","","","","","","","","","","","","","","","","","","","","","","",60,1,"","","","","","","","","","","","","","","","","","","","","","","","","","","","","","","","","","","","","","","","","","","","","","","","","","","","","","","","","","","","","","","","","","","","","","","","","","","","","","","","","","","","","","","","","","","","","","","","","","",194,1,"","","","","","","","","","","","","","","","","","","","","","","","","","","","","",""
"61328002","LE PIN-AU-HARAS -INRAE",48.735833,0.128167,176,2002072810,0.,1,"","","","","","","","","","","","","","","","","","","","","","","","","","","","","","","","","","",29.9,1,"","","","","","","","","","","","","","","","","","","","","","","","","","","","",48,1,"","","","","","","","","","","","","","","","","","","","","","","","","","","","","","","","","","","","","","","","","","","","","","","","","","","","","","","","","","","","","","","","","","","","","","","","","","","","","","","","","","","","","","","","","","","","","","","","","","",250,1,"","","","","","","","","","","","","","","","","","","","","","","","","","","","","",""
"61328002","LE PIN-AU-HARAS -INRAE",48.735833,0.128167,176,2002072811,0.,1,"","","","","","","","","","","","","","","","","","","","","","","","","","","","","","","","","","",30.5,1,"","","","","","","","","","","","","","","","","","","","","","","","","","","","",52,1,"","","","","","","","","","","","","","","","","","","","","","","","","","","","","","","","","","","","","","","","","","","","","","","","","","","","","","","","","","","","","","","","","","","","","","","","","","","","","","","","","","","","","","","","","","","","","","","","","","",266,1,"","","","","","","","","","","","","","","","","","","","","","","","","","","","","",""
"61328002","LE PIN-AU-HARAS -INRAE",48.735833,0.128167,176,2002072812,0.,1,"","","","","","","","","","","","","","","","","","","","","","","","","","","","","","","","","","",31.,1,"","","","","","","","","","","","","","","","","","","","","","","","","","","","",43,1,"","","","","","","","","","","","","","","","","","","","","","","","","","","","","","","","","","","","","","","","","","","","","","","","","","","","","","","","","","","","","","","","","","","","","","","","","","","","","","","","","","","","","","","","","","","","","","","","","","",298,1,"","","","","","","","","","","","","","","","","","","","","","","","","","","","","",""
"61328002","LE PIN-AU-HARAS -INRAE",48.735833,0.128167,176,2002072813,0.,1,"","","","","","","","","","","","","","","","","","","","","","","","","","","","","","","","","","",31.9,1,"","","","","","","","","","","","","","","","","","","","","","","","","","","","",46,1,"","","","","","","","","","","","","","","","","","","","","","","","","","","","","","","","","","","","","","","","","","","","","","","","","","","","","","","","","","","","","","","","","","","","","","","","","","","","","","","","","","","","","","","","","","","","","","","","","","",280,1,"","","","","","","","","","","","","","","","","","","","","","","","","","","","","",""
"61328002","LE PIN-AU-HARAS -INRAE",48.735833,0.128167,176,2002072814,0.,1,"","","","","","","","","","","","","","","","","","","","","","","","","","","","","","","","","","",29.8,1,"","","","","","","","","","","","","","","","","","","","","","","","","","","","",49,1,"","","","","","","","","","","","","","","","","","","","","","","","","","","","","","","","","","","","","","","","","","","","","","","","","","","","","","","","","","","","","","","","","","","","","","","","","","","","","","","","","","","","","","","","","","","","","","","","","","",178,1,"","","","","","","","","","","","","","","","","","","","","","","","","","","","","",""
"61328002","LE PIN-AU-HARAS -INRAE",48.735833,0.128167,176,2002072815,0.,1,"","","","","","","","","","","","","","","","","","","","","","","","","","","","","","","","","","",27.1,1,"","","","","","","","","","","","","","","","","","","","","","","","","","","","",57,1,"","","","","","","","","","","","","","","","","","","","","","","","","","","","","","","","","","","","","","","","","","","","","","","","","","","","","","","","","","","","","","","","","","","","","","","","","","","","","","","","","","","","","","","","","","","","","","","","","","",200,1,"","","","","","","","","","","","","","","","","","","","","","","","","","","","","",""
"61328002","LE PIN-AU-HARAS -INRAE",48.735833,0.128167,176,2002072816,0.,1,"","","","","","","","","","","","","","","","","","","","","","","","","","","","","","","","","","",25.7,1,"","","","","","","","","","","","","","","","","","","","","","","","","","","","",62,1,"","","","","","","","","","","","","","","","","","","","","","","","","","","","","","","","","","","","","","","","","","","","","","","","","","","","","","","","","","","","","","","","","","","","","","","","","","","","","","","","","","","","","","","","","","","","","","","","","","",208,1,"","","","","","","","","","","","","","","","","","","","","","","","","","","","","",""
"61328002","LE PIN-AU-HARAS -INRAE",48.735833,0.128167,176,2002072817,0.,1,"","","","","","","","","","","","","","","","","","","","","","","","","","","","","","","","","","",24.,1,"","","","","","","","","","","","","","","","","","","","","","","","","","","","",63,1,"","","","","","","","","","","","","","","","","","","","","","","","","","","","","","","","","","","","","","","","","","","","","","","","","","","","","","","","","","","","","","","","","","","","","","","","","","","","","","","","","","","","","","","","","","","","","","","","","","",154,1,"","","","","","","","","","","","","","","","","","","","","","","","","","","","","",""
"61328002","LE PIN-AU-HARAS -INRAE",48.735833,0.128167,176,2002072818,0.,1,"","","","","","","","","","","","","","","","","","","","","","","","","","","","","","","","","","",22.5,1,"","","","","","","","","","","","","","","","","","","","","","","","","","","","",67,1,"","","","","","","","","","","","","","","","","","","","","","","","","","","","","","","","","","","","","","","","","","","","","","","","","","","","","","","","","","","","","","","","","","","","","","","","","","","","","","","","","","","","","","","","","","","","","","","","","","",92,1,"","","","","","","","","","","","","","","","","","","","","","","","","","","","","",""
"61328002","LE PIN-AU-HARAS -INRAE",48.735833,0.128167,176,2002072819,0.,1,"","","","","","","","","","","","","","","","","","","","","","","","","","","","","","","","","","",20.2,1,"","","","","","","","","","","","","","","","","","","","","","","","","","","","",73,1,"","","","","","","","","","","","","","","","","","","","","","","","","","","","","","","","","","","","","","","","","","","","","","","","","","","","","","","","","","","","","","","","","","","","","","","","","","","","","","","","","","","","","","","","","","","","","","","","","","",36,1,"","","","","","","","","","","","","","","","","","","","","","","","","","","","","",""
"61328002","LE PIN-AU-HARAS -INRAE",48.735833,0.128167,176,2002072820,0.,1,"","","","","","","","","","","","","","","","","","","","","","","","","","","","","","","","","","",18.6,1,"","","","","","","","","","","","","","","","","","","","","","","","","","","","",79,1,"","","","","","","","","","","","","","","","","","","","","","","","","","","","","","","","","","","","","","","","","","","","","","","","","","","","","","","","","","","","","","","","","","","","","","","","","","","","","","","","","","","","","","","","","","","","","","","","","","",4,1,"","","","","","","","","","","","","","","","","","","","","","","","","","","","","",""
"61328002","LE PIN-AU-HARAS -INRAE",48.735833,0.128167,176,2002072821,0.,1,"","","","","","","","","","","","","","","","","","","","","","","","","","","","","","","","","","",16.8,1,"","","","","","","","","","","","","","","","","","","","","","","","","","","","",79,1,"","","","","","","","","","","","","","","","","","","","","","","","","","","","","","","","","","","","","","","","","","","","","","","","","","","","","","","","","","","","","","","","","","","","","","","","","","","","","","","","","","","","","","","","","","","","","","","","","","",0,1,"","","","","","","","","","","","","","","","","","","","","","","","","","","","","",""
"61328002","LE PIN-AU-HARAS -INRAE",48.735833,0.128167,176,2002072822,0.,1,"","","","","","","","","","","","","","","","","","","","","","","","","","","","","","","","","","",15.4,1,"","","","","","","","","","","","","","","","","","","","","","","","","","","","",80,1,"","","","","","","","","","","","","","","","","","","","","","","","","","","","","","","","","","","","","","","","","","","","","","","","","","","","","","","","","","","","","","","","","","","","","","","","","","","","","","","","","","","","","","","","","","","","","","","","","","",0,1,"","","","","","","","","","","","","","","","","","","","","","","","","","","","","",""
"61328002","LE PIN-AU-HARAS -INRAE",48.735833,0.128167,176,2002072823,0.,1,"","","","","","","","","","","","","","","","","","","","","","","","","","","","","","","","","","",13.7,1,"","","","","","","","","","","","","","","","","","","","","","","","","","","","",89,1,"","","","","","","","","","","","","","","","","","","","","","","","","","","","","","","","","","","","","","","","","","","","","","","","","","","","","","","","","","","","","","","","","","","","","","","","","","","","","","","","","","","","","","","","","","","","","","","","","","",0,1,"","","","","","","","","","","","","","","","","","","","","","","","","","","","","",""
"61328002","LE PIN-AU-HARAS -INRAE",48.735833,0.128167,176,2002072900,0.,1,"","","","","","","","","","","","","","","","","","","","","","","","","","","","","","","","","","",13.9,1,"","","","","","","","","","","","","","","","","","","","","","","","","","","","",91,1,"","","","","","","","","","","","","","","","","","","","","","","","","","","","","","","","","","","","","","","","","","","","","","","","","","","","","","","","","","","","","","","","","","","","","","","","","","","","","","","","","","","","","","","","","","","","","","","","","","",0,1,"","","","","","","","","","","","","","","","","","","","","","","","","","","","","",""
"61328002","LE PIN-AU-HARAS -INRAE",48.735833,0.128167,176,2002072901,0.,1,"","","","","","","","","","","","","","","","","","","","","","","","","","","","","","","","","","",14.,1,"","","","","","","","","","","","","","","","","","","","","","","","","","","","",93,1,"","","","","","","","","","","","","","","","","","","","","","","","","","","","","","","","","","","","","","","","","","","","","","","","","","","","","","","","","","","","","","","","","","","","","","","","","","","","","","","","","","","","","","","","","","","","","","","","","","",0,1,"","","","","","","","","","","","","","","","","","","","","","","","","","","","","",""
"61328002","LE PIN-AU-HARAS -INRAE",48.735833,0.128167,176,2002072902,0.,1,"","","","","","","","","","","","","","","","","","","","","","","","","","","","","","","","","","",13.1,1,"","","","","","","","","","","","","","","","","","","","","","","","","","","","",92,1,"","","","","","","","","","","","","","","","","","","","","","","","","","","","","","","","","","","","","","","","","","","","","","","","","","","","","","","","","","","","","","","","","","","","","","","","","","","","","","","","","","","","","","","","","","","","","","","","","","",0,1,"","","","","","","","","","","","","","","","","","","","","","","","","","","","","",""
"61328002","LE PIN-AU-HARAS -INRAE",48.735833,0.128167,176,2002072903,0.,1,"","","","","","","","","","","","","","","","","","","","","","","","","","","","","","","","","","",12.1,1,"","","","","","","","","","","","","","","","","","","","","","","","","","","","",97,1,"","","","","","","","","","","","","","","","","","","","","","","","","","","","","","","","","","","","","","","","","","","","","","","","","","","","","","","","","","","","","","","","","","","","","","","","","","","","","","","","","","","","","","","","","","","","","","","","","","",0,1,"","","","","","","","","","","","","","","","","","","","","","","","","","","","","",""
"61328002","LE PIN-AU-HARAS -INRAE",48.735833,0.128167,176,2002072904,0.,1,"","","","","","","","","","","","","","","","","","","","","","","","","","","","","","","","","","",11.,1,"","","","","","","","","","","","","","","","","","","","","","","","","","","","",98,1,"","","","","","","","","","","","","","","","","","","","","","","","","","","","","","","","","","","","","","","","","","","","","","","","","","","","","","","","","","","","","","","","","","","","","","","","","","","","","","","","","","","","","","","","","","","","","","","","","","",0,1,"","","","","","","","","","","","","","","","","","","","","","","","","","","","","",""
"61328002","LE PIN-AU-HARAS -INRAE",48.735833,0.128167,176,2002072905,0.,1,"","","","","","","","","","","","","","","","","","","","","","","","","","","","","","","","","","",10.5,1,"","","","","","","","","","","","","","","","","","","","","","","","","","","","",99,1,"","","","","","","","","","","","","","","","","","","","","","","","","","","","","","","","","","","","","","","","","","","","","","","","","","","","","","","","","","","","","","","","","","","","","","","","","","","","","","","","","","","","","","","","","","","","","","","","","","",2,1,"","","","","","","","","","","","","","","","","","","","","","","","","","","","","",""
"61328002","LE PIN-AU-HARAS -INRAE",48.735833,0.128167,176,2002072906,0.,1,"","","","","","","","","","","","","","","","","","","","","","","","","","","","","","","","","","",13.5,1,"","","","","","","","","","","","","","","","","","","","","","","","","","","","",100,1,"","","","","","","","","","","","","","","","","","","","","","","","","","","","","","","","","","","","","","","","","","","","","","","","","","","","","","","","","","","","","","","","","","","","","","","","","","","","","","","","","","","","","","","","","","","","","","","","","","",36,1,"","","","","","","","","","","","","","","","","","","","","","","","","","","","","",""
"61328002","LE PIN-AU-HARAS -INRAE",48.735833,0.128167,176,2002072907,0.,1,"","","","","","","","","","","","","","","","","","","","","","","","","","","","","","","","","","",16.9,1,"","","","","","","","","","","","","","","","","","","","","","","","","","","","",86,1,"","","","","","","","","","","","","","","","","","","","","","","","","","","","","","","","","","","","","","","","","","","","","","","","","","","","","","","","","","","","","","","","","","","","","","","","","","","","","","","","","","","","","","","","","","","","","","","","","","",94,1,"","","","","","","","","","","","","","","","","","","","","","","","","","","","","",""
"61328002","LE PIN-AU-HARAS -INRAE",48.735833,0.128167,176,2002072908,0.,1,"","","","","","","","","","","","","","","","","","","","","","","","","","","","","","","","","","",19.7,1,"","","","","","","","","","","","","","","","","","","","","","","","","","","","",74,1,"","","","","","","","","","","","","","","","","","","","","","","","","","","","","","","","","","","","","","","","","","","","","","","","","","","","","","","","","","","","","","","","","","","","","","","","","","","","","","","","","","","","","","","","","","","","","","","","","","",164,1,"","","","","","","","","","","","","","","","","","","","","","","","","","","","","",""
"61328002","LE PIN-AU-HARAS -INRAE",48.735833,0.128167,176,2002072909,0.,1,"","","","","","","","","","","","","","","","","","","","","","","","","","","","","","","","","","",21.6,1,"","","","","","","","","","","","","","","","","","","","","","","","","","","","",65,1,"","","","","","","","","","","","","","","","","","","","","","","","","","","","","","","","","","","","","","","","","","","","","","","","","","","","","","","","","","","","","","","","","","","","","","","","","","","","","","","","","","","","","","","","","","","","","","","","","","",210,1,"","","","","","","","","","","","","","","","","","","","","","","","","","","","","",""
"61328002","LE PIN-AU-HARAS -INRAE",48.735833,0.128167,176,2002072910,0.,1,"","","","","","","","","","","","","","","","","","","","","","","","","","","","","","","","","","",23.1,1,"","","","","","","","","","","","","","","","","","","","","","","","","","","","",61,1,"","","","","","","","","","","","","","","","","","","","","","","","","","","","","","","","","","","","","","","","","","","","","","","","","","","","","","","","","","","","","","","","","","","","","","","","","","","","","","","","","","","","","","","","","","","","","","","","","","",282,1,"","","","","","","","","","","","","","","","","","","","","","","","","","","","","",""
"61328002","LE PIN-AU-HARAS -INRAE",48.735833,0.128167,176,2002072911,0.,1,"","","","","","","","","","","","","","","","","","","","","","","","","","","","","","","","","","",24.5,1,"","","","","","","","","","","","","","","","","","","","","","","","","","","","",57,1,"","","","","","","","","","","","","","","","","","","","","","","","","","","","","","","","","","","","","","","","","","","","","","","","","","","","","","","","","","","","","","","","","","","","","","","","","","","","","","","","","","","","","","","","","","","","","","","","","","",302,1,"","","","","","","","","","","","","","","","","","","","","","","","","","","","","",""
"61328002","LE PIN-AU-HARAS -INRAE",48.735833,0.128167,176,2002072912,0.,1,"","","","","","","","","","","","","","","","","","","","","","","","","","","","","","","","","","",26.7,1,"","","","","","","","","","","","","","","","","","","","","","","","","","","","",50,1,"","","","","","","","","","","","","","","","","","","","","","","","","","","","","","","","","","","","","","","","","","","","","","","","","","","","","","","","","","","","","","","","","","","","","","","","","","","","","","","","","","","","","","","","","","","","","","","","","","",316,1,"","","","","","","","","","","","","","","","","","","","","","","","","","","","","",""
"61328002","LE PIN-AU-HARAS -INRAE",48.735833,0.128167,176,2002072913,0.,1,"","","","","","","","","","","","","","","","","","","","","","","","","","","","","","","","","","",27.3,1,"","","","","","","","","","","","","","","","","","","","","","","","","","","","",44,1,"","","","","","","","","","","","","","","","","","","","","","","","","","","","","","","","","","","","","","","","","","","","","","","","","","","","","","","","","","","","","","","","","","","","","","","","","","","","","","","","","","","","","","","","","","","","","","","","","","",318,1,"","","","","","","","","","","","","","","","","","","","","","","","","","","","","",""
"61328002","LE PIN-AU-HARAS -INRAE",48.735833,0.128167,176,2002072914,0.,1,"","","","","","","","","","","","","","","","","","","","","","","","","","","","","","","","","","",28.3,1,"","","","","","","","","","","","","","","","","","","","","","","","","","","","",41,1,"","","","","","","","","","","","","","","","","","","","","","","","","","","","","","","","","","","","","","","","","","","","","","","","","","","","","","","","","","","","","","","","","","","","","","","","","","","","","","","","","","","","","","","","","","","","","","","","","","",276,1,"","","","","","","","","","","","","","","","","","","","","","","","","","","","","",""
"61328002","LE PIN-AU-HARAS -INRAE",48.735833,0.128167,176,2002072915,0.,1,"","","","","","","","","","","","","","","","","","","","","","","","","","","","","","","","","","",27.8,1,"","","","","","","","","","","","","","","","","","","","","","","","","","","","",46,1,"","","","","","","","","","","","","","","","","","","","","","","","","","","","","","","","","","","","","","","","","","","","","","","","","","","","","","","","","","","","","","","","","","","","","","","","","","","","","","","","","","","","","","","","","","","","","","","","","","",260,1,"","","","","","","","","","","","","","","","","","","","","","","","","","","","","",""
"61328002","LE PIN-AU-HARAS -INRAE",48.735833,0.128167,176,2002072916,0.,1,"","","","","","","","","","","","","","","","","","","","","","","","","","","","","","","","","","",28.1,1,"","","","","","","","","","","","","","","","","","","","","","","","","","","","",48,1,"","","","","","","","","","","","","","","","","","","","","","","","","","","","","","","","","","","","","","","","","","","","","","","","","","","","","","","","","","","","","","","","","","","","","","","","","","","","","","","","","","","","","","","","","","","","","","","","","","",216,1,"","","","","","","","","","","","","","","","","","","","","","","","","","","","","",""
"61328002","LE PIN-AU-HARAS -INRAE",48.735833,0.128167,176,2002072917,0.,1,"","","","","","","","","","","","","","","","","","","","","","","","","","","","","","","","","","",26.3,1,"","","","","","","","","","","","","","","","","","","","","","","","","","","","",53,1,"","","","","","","","","","","","","","","","","","","","","","","","","","","","","","","","","","","","","","","","","","","","","","","","","","","","","","","","","","","","","","","","","","","","","","","","","","","","","","","","","","","","","","","","","","","","","","","","","","",130,1,"","","","","","","","","","","","","","","","","","","","","","","","","","","","","",""
"61328002","LE PIN-AU-HARAS -INRAE",48.735833,0.128167,176,2002072918,0.,1,"","","","","","","","","","","","","","","","","","","","","","","","","","","","","","","","","","",24.7,1,"","","","","","","","","","","","","","","","","","","","","","","","","","","","",57,1,"","","","","","","","","","","","","","","","","","","","","","","","","","","","","","","","","","","","","","","","","","","","","","","","","","","","","","","","","","","","","","","","","","","","","","","","","","","","","","","","","","","","","","","","","","","","","","","","","","",100,1,"","","","","","","","","","","","","","","","","","","","","","","","","","","","","",""
"61328002","LE PIN-AU-HARAS -INRAE",48.735833,0.128167,176,2002072919,0.,1,"","","","","","","","","","","","","","","","","","","","","","","","","","","","","","","","","","",22.5,1,"","","","","","","","","","","","","","","","","","","","","","","","","","","","",65,1,"","","","","","","","","","","","","","","","","","","","","","","","","","","","","","","","","","","","","","","","","","","","","","","","","","","","","","","","","","","","","","","","","","","","","","","","","","","","","","","","","","","","","","","","","","","","","","","","","","",32,1,"","","","","","","","","","","","","","","","","","","","","","","","","","","","","",""
"61328002","LE PIN-AU-HARAS -INRAE",48.735833,0.128167,176,2002072920,0.,1,"","","","","","","","","","","","","","","","","","","","","","","","","","","","","","","","","","",19.2,1,"","","","","","","","","","","","","","","","","","","","","","","","","","","","",78,1,"","","","","","","","","","","","","","","","","","","","","","","","","","","","","","","","","","","","","","","","","","","","","","","","","","","","","","","","","","","","","","","","","","","","","","","","","","","","","","","","","","","","","","","","","","","","","","","","","","",2,1,"","","","","","","","","","","","","","","","","","","","","","","","","","","","","",""
"61328002","LE PIN-AU-HARAS -INRAE",48.735833,0.128167,176,2002072921,0.,1,"","","","","","","","","","","","","","","","","","","","","","","","","","","","","","","","","","",18.1,1,"","","","","","","","","","","","","","","","","","","","","","","","","","","","",81,1,"","","","","","","","","","","","","","","","","","","","","","","","","","","","","","","","","","","","","","","","","","","","","","","","","","","","","","","","","","","","","","","","","","","","","","","","","","","","","","","","","","","","","","","","","","","","","","","","","","",0,1,"","","","","","","","","","","","","","","","","","","","","","","","","","","","","",""
"61328002","LE PIN-AU-HARAS -INRAE",48.735833,0.128167,176,2002072922,0.,1,"","","","","","","","","","","","","","","","","","","","","","","","","","","","","","","","","","",17.7,1,"","","","","","","","","","","","","","","","","","","","","","","","","","","","",86,1,"","","","","","","","","","","","","","","","","","","","","","","","","","","","","","","","","","","","","","","","","","","","","","","","","","","","","","","","","","","","","","","","","","","","","","","","","","","","","","","","","","","","","","","","","","","","","","","","","","",0,1,"","","","","","","","","","","","","","","","","","","","","","","","","","","","","",""
"61328002","LE PIN-AU-HARAS -INRAE",48.735833,0.128167,176,2002072923,0.,1,"","","","","","","","","","","","","","","","","","","","","","","","","","","","","","","","","","",17.2,1,"","","","","","","","","","","","","","","","","","","","","","","","","","","","",91,1,"","","","","","","","","","","","","","","","","","","","","","","","","","","","","","","","","","","","","","","","","","","","","","","","","","","","","","","","","","","","","","","","","","","","","","","","","","","","","","","","","","","","","","","","","","","","","","","","","","",0,1,"","","","","","","","","","","","","","","","","","","","","","","","","","","","","",""
"61328002","LE PIN-AU-HARAS -INRAE",48.735833,0.128167,176,2002073000,0.,1,"","","","","","","","","","","","","","","","","","","","","","","","","","","","","","","","","","",16.3,1,"","","","","","","","","","","","","","","","","","","","","","","","","","","","",93,1,"","","","","","","","","","","","","","","","","","","","","","","","","","","","","","","","","","","","","","","","","","","","","","","","","","","","","","","","","","","","","","","","","","","","","","","","","","","","","","","","","","","","","","","","","","","","","","","","","","",0,1,"","","","","","","","","","","","","","","","","","","","","","","","","","","","","",""
"61328002","LE PIN-AU-HARAS -INRAE",48.735833,0.128167,176,2002073001,0.,1,"","","","","","","","","","","","","","","","","","","","","","","","","","","","","","","","","","",15.2,1,"","","","","","","","","","","","","","","","","","","","","","","","","","","","",95,1,"","","","","","","","","","","","","","","","","","","","","","","","","","","","","","","","","","","","","","","","","","","","","","","","","","","","","","","","","","","","","","","","","","","","","","","","","","","","","","","","","","","","","","","","","","","","","","","","","","",0,1,"","","","","","","","","","","","","","","","","","","","","","","","","","","","","",""
"61328002","LE PIN-AU-HARAS -INRAE",48.735833,0.128167,176,2002073002,0.,1,"","","","","","","","","","","","","","","","","","","","","","","","","","","","","","","","","","",13.6,1,"","","","","","","","","","","","","","","","","","","","","","","","","","","","",97,1,"","","","","","","","","","","","","","","","","","","","","","","","","","","","","","","","","","","","","","","","","","","","","","","","","","","","","","","","","","","","","","","","","","","","","","","","","","","","","","","","","","","","","","","","","","","","","","","","","","",0,1,"","","","","","","","","","","","","","","","","","","","","","","","","","","","","",""
"61328002","LE PIN-AU-HARAS -INRAE",48.735833,0.128167,176,2002073003,0.,1,"","","","","","","","","","","","","","","","","","","","","","","","","","","","","","","","","","",14.8,1,"","","","","","","","","","","","","","","","","","","","","","","","","","","","",100,1,"","","","","","","","","","","","","","","","","","","","","","","","","","","","","","","","","","","","","","","","","","","","","","","","","","","","","","","","","","","","","","","","","","","","","","","","","","","","","","","","","","","","","","","","","","","","","","","","","","",0,1,"","","","","","","","","","","","","","","","","","","","","","","","","","","","","",""
"61328002","LE PIN-AU-HARAS -INRAE",48.735833,0.128167,176,2002073004,0.,1,"","","","","","","","","","","","","","","","","","","","","","","","","","","","","","","","","","",15.,1,"","","","","","","","","","","","","","","","","","","","","","","","","","","","",100,1,"","","","","","","","","","","","","","","","","","","","","","","","","","","","","","","","","","","","","","","","","","","","","","","","","","","","","","","","","","","","","","","","","","","","","","","","","","","","","","","","","","","","","","","","","","","","","","","","","","",0,1,"","","","","","","","","","","","","","","","","","","","","","","","","","","","","",""
"61328002","LE PIN-AU-HARAS -INRAE",48.735833,0.128167,176,2002073005,0.,1,"","","","","","","","","","","","","","","","","","","","","","","","","","","","","","","","","","",15.8,1,"","","","","","","","","","","","","","","","","","","","","","","","","","","","",100,1,"","","","","","","","","","","","","","","","","","","","","","","","","","","","","","","","","","","","","","","","","","","","","","","","","","","","","","","","","","","","","","","","","","","","","","","","","","","","","","","","","","","","","","","","","","","","","","","","","","",2,1,"","","","","","","","","","","","","","","","","","","","","","","","","","","","","",""
"61328002","LE PIN-AU-HARAS -INRAE",48.735833,0.128167,176,2002073006,0.,1,"","","","","","","","","","","","","","","","","","","","","","","","","","","","","","","","","","",16.,1,"","","","","","","","","","","","","","","","","","","","","","","","","","","","",100,1,"","","","","","","","","","","","","","","","","","","","","","","","","","","","","","","","","","","","","","","","","","","","","","","","","","","","","","","","","","","","","","","","","","","","","","","","","","","","","","","","","","","","","","","","","","","","","","","","","","",18,1,"","","","","","","","","","","","","","","","","","","","","","","","","","","","","",""
"61328002","LE PIN-AU-HARAS -INRAE",48.735833,0.128167,176,2002073007,0.,1,"","","","","","","","","","","","","","","","","","","","","","","","","","","","","","","","","","",18.7,1,"","","","","","","","","","","","","","","","","","","","","","","","","","","","",91,1,"","","","","","","","","","","","","","","","","","","","","","","","","","","","","","","","","","","","","","","","","","","","","","","","","","","","","","","","","","","","","","","","","","","","","","","","","","","","","","","","","","","","","","","","","","","","","","","","","","",78,1,"","","","","","","","","","","","","","","","","","","","","","","","","","","","","",""
"61328002","LE PIN-AU-HARAS -INRAE",48.735833,0.128167,176,2002073008,0.,1,"","","","","","","","","","","","","","","","","","","","","","","","","","","","","","","","","","",19.7,1,"","","","","","","","","","","","","","","","","","","","","","","","","","","","",83,1,"","","","","","","","","","","","","","","","","","","","","","","","","","","","","","","","","","","","","","","","","","","","","","","","","","","","","","","","","","","","","","","","","","","","","","","","","","","","","","","","","","","","","","","","","","","","","","","","","","",94,1,"","","","","","","","","","","","","","","","","","","","","","","","","","","","","",""
"61328002","LE PIN-AU-HARAS -INRAE",48.735833,0.128167,176,2002073009,0.,1,"","","","","","","","","","","","","","","","","","","","","","","","","","","","","","","","","","",21.,1,"","","","","","","","","","","","","","","","","","","","","","","","","","","","",74,1,"","","","","","","","","","","","","","","","","","","","","","","","","","","","","","","","","","","","","","","","","","","","","","","","","","","","","","","","","","","","","","","","","","","","","","","","","","","","","","","","","","","","","","","","","","","","","","","","","","",148,1,"","","","","","","","","","","","","","","","","","","","","","","","","","","","","",""
"61328002","LE PIN-AU-HARAS -INRAE",48.735833,0.128167,176,2002073010,0.,1,"","","","","","","","","","","","","","","","","","","","","","","","","","","","","","","","","","",20.4,1,"","","","","","","","","","","","","","","","","","","","","","","","","","","","",79,1,"","","","","","","","","","","","","","","","","","","","","","","","","","","","","","","","","","","","","","","","","","","","","","","","","","","","","","","","","","","","","","","","","","","","","","","","","","","","","","","","","","","","","","","","","","","","","","","","","","",74,1,"","","","","","","","","","","","","","","","","","","","","","","","","","","","","",""
"61328002","LE PIN-AU-HARAS -INRAE",48.735833,0.128167,176,2002073011,0.,1,"","","","","","","","","","","","","","","","","","","","","","","","","","","","","","","","","","",20.1,1,"","","","","","","","","","","","","","","","","","","","","","","","","","","","",81,1,"","","","","","","","","","","","","","","","","","","","","","","","","","","","","","","","","","","","","","","","","","","","","","","","","","","","","","","","","","","","","","","","","","","","","","","","","","","","","","","","","","","","","","","","","","","","","","","","","","",52,1,"","","","","","","","","","","","","","","","","","","","","","","","","","","","","",""
"61328002","LE PIN-AU-HARAS -INRAE",48.735833,0.128167,176,2002073012,1.5,1,"","","","","","","","","","","","","","","","","","","","","","","","","","","","","","","","","","",19.6,1,"","","","","","","","","","","","","","","","","","","","","","","","","","","","",94,1,"","","","","","","","","","","","","","","","","","","","","","","","","","","","","","","","","","","","","","","","","","","","","","","","","","","","","","","","","","","","","","","","","","","","","","","","","","","","","","","","","","","","","","","","","","","","","","","","","","",56,1,"","","","","","","","","","","","","","","","","","","","","","","","","","","","","",""
"61328002","LE PIN-AU-HARAS -INRAE",48.735833,0.128167,176,2002073013,0.,1,"","","","","","","","","","","","","","","","","","","","","","","","","","","","","","","","","","",19.5,1,"","","","","","","","","","","","","","","","","","","","","","","","","","","","",90,1,"","","","","","","","","","","","","","","","","","","","","","","","","","","","","","","","","","","","","","","","","","","","","","","","","","","","","","","","","","","","","","","","","","","","","","","","","","","","","","","","","","","","","","","","","","","","","","","","","","",82,1,"","","","","","","","","","","","","","","","","","","","","","","","","","","","","",""
"61328002","LE PIN-AU-HARAS -INRAE",48.735833,0.128167,176,2002073014,0.,1,"","","","","","","","","","","","","","","","","","","","","","","","","","","","","","","","","","",19.5,1,"","","","","","","","","","","","","","","","","","","","","","","","","","","","",89,1,"","","","","","","","","","","","","","","","","","","","","","","","","","","","","","","","","","","","","","","","","","","","","","","","","","","","","","","","","","","","","","","","","","","","","","","","","","","","","","","","","","","","","","","","","","","","","","","","","","",68,1,"","","","","","","","","","","","","","","","","","","","","","","","","","","","","",""
"61328002","LE PIN-AU-HARAS -INRAE",48.735833,0.128167,176,2002073015,0.,1,"","","","","","","","","","","","","","","","","","","","","","","","","","","","","","","","","","",20.6,1,"","","","","","","","","","","","","","","","","","","","","","","","","","","","",82,1,"","","","","","","","","","","","","","","","","","","","","","","","","","","","","","","","","","","","","","","","","","","","","","","","","","","","","","","","","","","","","","","","","","","","","","","","","","","","","","","","","","","","","","","","","","","","","","","","","","",94,1,"","","","","","","","","","","","","","","","","","","","","","","","","","","","","",""
"61328002","LE PIN-AU-HARAS -INRAE",48.735833,0.128167,176,2002073016,0.,1,"","","","","","","","","","","","","","","","","","","","","","","","","","","","","","","","","","",21.2,1,"","","","","","","","","","","","","","","","","","","","","","","","","","","","",75,1,"","","","","","","","","","","","","","","","","","","","","","","","","","","","","","","","","","","","","","","","","","","","","","","","","","","","","","","","","","","","","","","","","","","","","","","","","","","","","","","","","","","","","","","","","","","","","","","","","","",118,1,"","","","","","","","","","","","","","","","","","","","","","","","","","","","","",""
"61328002","LE PIN-AU-HARAS -INRAE",48.735833,0.128167,176,2002073017,0.,1,"","","","","","","","","","","","","","","","","","","","","","","","","","","","","","","","","","",19.9,1,"","","","","","","","","","","","","","","","","","","","","","","","","","","","",83,1,"","","","","","","","","","","","","","","","","","","","","","","","","","","","","","","","","","","","","","","","","","","","","","","","","","","","","","","","","","","","","","","","","","","","","","","","","","","","","","","","","","","","","","","","","","","","","","","","","","",64,1,"","","","","","","","","","","","","","","","","","","","","","","","","","","","","",""
"61328002","LE PIN-AU-HARAS -INRAE",48.735833,0.128167,176,2002073018,0.,1,"","","","","","","","","","","","","","","","","","","","","","","","","","","","","","","","","","",19.4,1,"","","","","","","","","","","","","","","","","","","","","","","","","","","","",85,1,"","","","","","","","","","","","","","","","","","","","","","","","","","","","","","","","","","","","","","","","","","","","","","","","","","","","","","","","","","","","","","","","","","","","","","","","","","","","","","","","","","","","","","","","","","","","","","","","","","",34,1,"","","","","","","","","","","","","","","","","","","","","","","","","","","","","",""
"61328002","LE PIN-AU-HARAS -INRAE",48.735833,0.128167,176,2002073019,0.,1,"","","","","","","","","","","","","","","","","","","","","","","","","","","","","","","","","","",18.1,1,"","","","","","","","","","","","","","","","","","","","","","","","","","","","",88,1,"","","","","","","","","","","","","","","","","","","","","","","","","","","","","","","","","","","","","","","","","","","","","","","","","","","","","","","","","","","","","","","","","","","","","","","","","","","","","","","","","","","","","","","","","","","","","","","","","","",8,1,"","","","","","","","","","","","","","","","","","","","","","","","","","","","","",""
"61328002","LE PIN-AU-HARAS -INRAE",48.735833,0.128167,176,2002073020,0.,1,"","","","","","","","","","","","","","","","","","","","","","","","","","","","","","","","","","",17.4,1,"","","","","","","","","","","","","","","","","","","","","","","","","","","","",90,1,"","","","","","","","","","","","","","","","","","","","","","","","","","","","","","","","","","","","","","","","","","","","","","","","","","","","","","","","","","","","","","","","","","","","","","","","","","","","","","","","","","","","","","","","","","","","","","","","","","",0,1,"","","","","","","","","","","","","","","","","","","","","","","","","","","","","",""
"61328002","LE PIN-AU-HARAS -INRAE",48.735833,0.128167,176,2002073021,0.,1,"","","","","","","","","","","","","","","","","","","","","","","","","","","","","","","","","","",16.8,1,"","","","","","","","","","","","","","","","","","","","","","","","","","","","",89,1,"","","","","","","","","","","","","","","","","","","","","","","","","","","","","","","","","","","","","","","","","","","","","","","","","","","","","","","","","","","","","","","","","","","","","","","","","","","","","","","","","","","","","","","","","","","","","","","","","","",0,1,"","","","","","","","","","","","","","","","","","","","","","","","","","","","","",""
"61328002","LE PIN-AU-HARAS -INRAE",48.735833,0.128167,176,2002073022,0.,1,"","","","","","","","","","","","","","","","","","","","","","","","","","","","","","","","","","",15.9,1,"","","","","","","","","","","","","","","","","","","","","","","","","","","","",91,1,"","","","","","","","","","","","","","","","","","","","","","","","","","","","","","","","","","","","","","","","","","","","","","","","","","","","","","","","","","","","","","","","","","","","","","","","","","","","","","","","","","","","","","","","","","","","","","","","","","",0,1,"","","","","","","","","","","","","","","","","","","","","","","","","","","","","",""
"61328002","LE PIN-AU-HARAS -INRAE",48.735833,0.128167,176,2002073023,0.,1,"","","","","","","","","","","","","","","","","","","","","","","","","","","","","","","","","","",15.2,1,"","","","","","","","","","","","","","","","","","","","","","","","","","","","",94,1,"","","","","","","","","","","","","","","","","","","","","","","","","","","","","","","","","","","","","","","","","","","","","","","","","","","","","","","","","","","","","","","","","","","","","","","","","","","","","","","","","","","","","","","","","","","","","","","","","","",0,1,"","","","","","","","","","","","","","","","","","","","","","","","","","","","","",""
"61328002","LE PIN-AU-HARAS -INRAE",48.735833,0.128167,176,2002073100,0.5,1,"","","","","","","","","","","","","","","","","","","","","","","","","","","","","","","","","","",14.7,1,"","","","","","","","","","","","","","","","","","","","","","","","","","","","",95,1,"","","","","","","","","","","","","","","","","","","","","","","","","","","","","","","","","","","","","","","","","","","","","","","","","","","","","","","","","","","","","","","","","","","","","","","","","","","","","","","","","","","","","","","","","","","","","","","","","","",0,1,"","","","","","","","","","","","","","","","","","","","","","","","","","","","","",""
"61328002","LE PIN-AU-HARAS -INRAE",48.735833,0.128167,176,2002073101,0.,1,"","","","","","","","","","","","","","","","","","","","","","","","","","","","","","","","","","",14.6,1,"","","","","","","","","","","","","","","","","","","","","","","","","","","","",96,1,"","","","","","","","","","","","","","","","","","","","","","","","","","","","","","","","","","","","","","","","","","","","","","","","","","","","","","","","","","","","","","","","","","","","","","","","","","","","","","","","","","","","","","","","","","","","","","","","","","",0,1,"","","","","","","","","","","","","","","","","","","","","","","","","","","","","",""
"61328002","LE PIN-AU-HARAS -INRAE",48.735833,0.128167,176,2002073102,1.,1,"","","","","","","","","","","","","","","","","","","","","","","","","","","","","","","","","","",14.4,1,"","","","","","","","","","","","","","","","","","","","","","","","","","","","",97,1,"","","","","","","","","","","","","","","","","","","","","","","","","","","","","","","","","","","","","","","","","","","","","","","","","","","","","","","","","","","","","","","","","","","","","","","","","","","","","","","","","","","","","","","","","","","","","","","","","","",0,1,"","","","","","","","","","","","","","","","","","","","","","","","","","","","","",""
"61328002","LE PIN-AU-HARAS -INRAE",48.735833,0.128167,176,2002073103,1.,1,"","","","","","","","","","","","","","","","","","","","","","","","","","","","","","","","","","",14.5,1,"","","","","","","","","","","","","","","","","","","","","","","","","","","","",99,1,"","","","","","","","","","","","","","","","","","","","","","","","","","","","","","","","","","","","","","","","","","","","","","","","","","","","","","","","","","","","","","","","","","","","","","","","","","","","","","","","","","","","","","","","","","","","","","","","","","",0,1,"","","","","","","","","","","","","","","","","","","","","","","","","","","","","",""
"61328002","LE PIN-AU-HARAS -INRAE",48.735833,0.128167,176,2002073104,0.,1,"","","","","","","","","","","","","","","","","","","","","","","","","","","","","","","","","","",14.7,1,"","","","","","","","","","","","","","","","","","","","","","","","","","","","",100,1,"","","","","","","","","","","","","","","","","","","","","","","","","","","","","","","","","","","","","","","","","","","","","","","","","","","","","","","","","","","","","","","","","","","","","","","","","","","","","","","","","","","","","","","","","","","","","","","","","","",0,1,"","","","","","","","","","","","","","","","","","","","","","","","","","","","","",""
"61328002","LE PIN-AU-HARAS -INRAE",48.735833,0.128167,176,2002073105,0.,1,"","","","","","","","","","","","","","","","","","","","","","","","","","","","","","","","","","",14.4,1,"","","","","","","","","","","","","","","","","","","","","","","","","","","","",100,1,"","","","","","","","","","","","","","","","","","","","","","","","","","","","","","","","","","","","","","","","","","","","","","","","","","","","","","","","","","","","","","","","","","","","","","","","","","","","","","","","","","","","","","","","","","","","","","","","","","",0,1,"","","","","","","","","","","","","","","","","","","","","","","","","","","","","",""
"61328002","LE PIN-AU-HARAS -INRAE",48.735833,0.128167,176,2002073106,0.,1,"","","","","","","","","","","","","","","","","","","","","","","","","","","","","","","","","","",14.1,1,"","","","","","","","","","","","","","","","","","","","","","","","","","","","",98,1,"","","","","","","","","","","","","","","","","","","","","","","","","","","","","","","","","","","","","","","","","","","","","","","","","","","","","","","","","","","","","","","","","","","","","","","","","","","","","","","","","","","","","","","","","","","","","","","","","","",2,1,"","","","","","","","","","","","","","","","","","","","","","","","","","","","","",""
"61328002","LE PIN-AU-HARAS -INRAE",48.735833,0.128167,176,2002073107,0.,1,"","","","","","","","","","","","","","","","","","","","","","","","","","","","","","","","","","",14.6,1,"","","","","","","","","","","","","","","","","","","","","","","","","","","","",96,1,"","","","","","","","","","","","","","","","","","","","","","","","","","","","","","","","","","","","","","","","","","","","","","","","","","","","","","","","","","","","","","","","","","","","","","","","","","","","","","","","","","","","","","","","","","","","","","","","","","",14,1,"","","","","","","","","","","","","","","","","","","","","","","","","","","","","",""
"61328002","LE PIN-AU-HARAS -INRAE",48.735833,0.128167,176,2002073108,0.,1,"","","","","","","","","","","","","","","","","","","","","","","","","","","","","","","","","","",16.,1,"","","","","","","","","","","","","","","","","","","","","","","","","","","","",84,1,"","","","","","","","","","","","","","","","","","","","","","","","","","","","","","","","","","","","","","","","","","","","","","","","","","","","","","","","","","","","","","","","","","","","","","","","","","","","","","","","","","","","","","","","","","","","","","","","","","",90,1,"","","","","","","","","","","","","","","","","","","","","","","","","","","","","",""
"61328002","LE PIN-AU-HARAS -INRAE",48.735833,0.128167,176,2002073109,0.,1,"","","","","","","","","","","","","","","","","","","","","","","","","","","","","","","","","","",16.4,1,"","","","","","","","","","","","","","","","","","","","","","","","","","","","",72,1,"","","","","","","","","","","","","","","","","","","","","","","","","","","","","","","","","","","","","","","","","","","","","","","","","","","","","","","","","","","","","","","","","","","","","","","","","","","","","","","","","","","","","","","","","","","","","","","","","","",142,1,"","","","","","","","","","","","","","","","","","","","","","","","","","","","","",""
"61328002","LE PIN-AU-HARAS -INRAE",48.735833,0.128167,176,2002073110,0.,1,"","","","","","","","","","","","","","","","","","","","","","","","","","","","","","","","","","",19.8,1,"","","","","","","","","","","","","","","","","","","","","","","","","","","","",62,1,"","","","","","","","","","","","","","","","","","","","","","","","","","","","","","","","","","","","","","","","","","","","","","","","","","","","","","","","","","","","","","","","","","","","","","","","","","","","","","","","","","","","","","","","","","","","","","","","","","",246,1,"","","","","","","","","","","","","","","","","","","","","","","","","","","","","",""
"61328002","LE PIN-AU-HARAS -INRAE",48.735833,0.128167,176,2002073111,0.,1,"","","","","","","","","","","","","","","","","","","","","","","","","","","","","","","","","","",19.9,1,"","","","","","","","","","","","","","","","","","","","","","","","","","","","",55,1,"","","","","","","","","","","","","","","","","","","","","","","","","","","","","","","","","","","","","","","","","","","","","","","","","","","","","","","","","","","","","","","","","","","","","","","","","","","","","","","","","","","","","","","","","","","","","","","","","","",254,1,"","","","","","","","","","","","","","","","","","","","","","","","","","","","","",""
"61328002","LE PIN-AU-HARAS -INRAE",48.735833,0.128167,176,2002073112,0.,1,"","","","","","","","","","","","","","","","","","","","","","","","","","","","","","","","","","",20.4,1,"","","","","","","","","","","","","","","","","","","","","","","","","","","","",52,1,"","","","","","","","","","","","","","","","","","","","","","","","","","","","","","","","","","","","","","","","","","","","","","","","","","","","","","","","","","","","","","","","","","","","","","","","","","","","","","","","","","","","","","","","","","","","","","","","","","",234,1,"","","","","","","","","","","","","","","","","","","","","","","","","","","","","",""
"61328002","LE PIN-AU-HARAS -INRAE",48.735833,0.128167,176,2002073113,0.,1,"","","","","","","","","","","","","","","","","","","","","","","","","","","","","","","","","","",16.5,1,"","","","","","","","","","","","","","","","","","","","","","","","","","","","",81,1,"","","","","","","","","","","","","","","","","","","","","","","","","","","","","","","","","","","","","","","","","","","","","","","","","","","","","","","","","","","","","","","","","","","","","","","","","","","","","","","","","","","","","","","","","","","","","","","","","","",64,1,"","","","","","","","","","","","","","","","","","","","","","","","","","","","","",""
"61328002","LE PIN-AU-HARAS -INRAE",48.735833,0.128167,176,2002073114,0.5,1,"","","","","","","","","","","","","","","","","","","","","","","","","","","","","","","","","","",20.3,1,"","","","","","","","","","","","","","","","","","","","","","","","","","","","",57,1,"","","","","","","","","","","","","","","","","","","","","","","","","","","","","","","","","","","","","","","","","","","","","","","","","","","","","","","","","","","","","","","","","","","","","","","","","","","","","","","","","","","","","","","","","","","","","","","","","","",202,1,"","","","","","","","","","","","","","","","","","","","","","","","","","","","","",""
"61328002","LE PIN-AU-HARAS -INRAE",48.735833,0.128167,176,2002073115,0.,1,"","","","","","","","","","","","","","","","","","","","","","","","","","","","","","","","","","",20.7,1,"","","","","","","","","","","","","","","","","","","","","","","","","","","","",69,1,"","","","","","","","","","","","","","","","","","","","","","","","","","","","","","","","","","","","","","","","","","","","","","","","","","","","","","","","","","","","","","","","","","","","","","","","","","","","","","","","","","","","","","","","","","","","","","","","","","",238,1,"","","","","","","","","","","","","","","","","","","","","","","","","","","","","",""
"61328002","LE PIN-AU-HARAS -INRAE",48.735833,0.128167,176,2002073116,0.,1,"","","","","","","","","","","","","","","","","","","","","","","","","","","","","","","","","","",18.7,1,"","","","","","","","","","","","","","","","","","","","","","","","","","","","",58,1,"","","","","","","","","","","","","","","","","","","","","","","","","","","","","","","","","","","","","","","","","","","","","","","","","","","","","","","","","","","","","","","","","","","","","","","","","","","","","","","","","","","","","","","","","","","","","","","","","","",186,1,"","","","","","","","","","","","","","","","","","","","","","","","","","","","","",""
"61328002","LE PIN-AU-HARAS -INRAE",48.735833,0.128167,176,2002073117,0.,1,"","","","","","","","","","","","","","","","","","","","","","","","","","","","","","","","","","",18.9,1,"","","","","","","","","","","","","","","","","","","","","","","","","","","","",60,1,"","","","","","","","","","","","","","","","","","","","","","","","","","","","","","","","","","","","","","","","","","","","","","","","","","","","","","","","","","","","","","","","","","","","","","","","","","","","","","","","","","","","","","","","","","","","","","","","","","",166,1,"","","","","","","","","","","","","","","","","","","","","","","","","","","","","",""
"61328002","LE PIN-AU-HARAS -INRAE",48.735833,0.128167,176,2002073118,0.,1,"","","","","","","","","","","","","","","","","","","","","","","","","","","","","","","","","","",18.8,1,"","","","","","","","","","","","","","","","","","","","","","","","","","","","",59,1,"","","","","","","","","","","","","","","","","","","","","","","","","","","","","","","","","","","","","","","","","","","","","","","","","","","","","","","","","","","","","","","","","","","","","","","","","","","","","","","","","","","","","","","","","","","","","","","","","","",110,1,"","","","","","","","","","","","","","","","","","","","","","","","","","","","","",""
"61328002","LE PIN-AU-HARAS -INRAE",48.735833,0.128167,176,2002073119,0.,1,"","","","","","","","","","","","","","","","","","","","","","","","","","","","","","","","","","",16.,1,"","","","","","","","","","","","","","","","","","","","","","","","","","","","",69,1,"","","","","","","","","","","","","","","","","","","","","","","","","","","","","","","","","","","","","","","","","","","","","","","","","","","","","","","","","","","","","","","","","","","","","","","","","","","","","","","","","","","","","","","","","","","","","","","","","","",28,1,"","","","","","","","","","","","","","","","","","","","","","","","","","","","","",""
"61328002","LE PIN-AU-HARAS -INRAE",48.735833,0.128167,176,2002073120,0.,1,"","","","","","","","","","","","","","","","","","","","","","","","","","","","","","","","","","",12.4,1,"","","","","","","","","","","","","","","","","","","","","","","","","","","","",89,1,"","","","","","","","","","","","","","","","","","","","","","","","","","","","","","","","","","","","","","","","","","","","","","","","","","","","","","","","","","","","","","","","","","","","","","","","","","","","","","","","","","","","","","","","","","","","","","","","","","",2,1,"","","","","","","","","","","","","","","","","","","","","","","","","","","","","",""
"61328002","LE PIN-AU-HARAS -INRAE",48.735833,0.128167,176,2002073121,0.,1,"","","","","","","","","","","","","","","","","","","","","","","","","","","","","","","","","","",11.7,1,"","","","","","","","","","","","","","","","","","","","","","","","","","","","",85,1,"","","","","","","","","","","","","","","","","","","","","","","","","","","","","","","","","","","","","","","","","","","","","","","","","","","","","","","","","","","","","","","","","","","","","","","","","","","","","","","","","","","","","","","","","","","","","","","","","","",0,1,"","","","","","","","","","","","","","","","","","","","","","","","","","","","","",""
"61328002","LE PIN-AU-HARAS -INRAE",48.735833,0.128167,176,2002073122,0.,1,"","","","","","","","","","","","","","","","","","","","","","","","","","","","","","","","","","",9.5,1,"","","","","","","","","","","","","","","","","","","","","","","","","","","","",91,1,"","","","","","","","","","","","","","","","","","","","","","","","","","","","","","","","","","","","","","","","","","","","","","","","","","","","","","","","","","","","","","","","","","","","","","","","","","","","","","","","","","","","","","","","","","","","","","","","","","",0,1,"","","","","","","","","","","","","","","","","","","","","","","","","","","","","",""
"61328002","LE PIN-AU-HARAS -INRAE",48.735833,0.128167,176,2002073123,0.,1,"","","","","","","","","","","","","","","","","","","","","","","","","","","","","","","","","","",8.6,1,"","","","","","","","","","","","","","","","","","","","","","","","","","","","",96,1,"","","","","","","","","","","","","","","","","","","","","","","","","","","","","","","","","","","","","","","","","","","","","","","","","","","","","","","","","","","","","","","","","","","","","","","","","","","","","","","","","","","","","","","","","","","","","","","","","","",0,1,"","","","","","","","","","","","","","","","","","","","","","","","","","","","","",""
"61328002","LE PIN-AU-HARAS -INRAE",48.735833,0.128167,176,2002080100,0.,1,"","","","","","","","","","","","","","","","","","","","","","","","","","","","","","","","","","",7.7,1,"","","","","","","","","","","","","","","","","","","","","","","","","","","","",98,1,"","","","","","","","","","","","","","","","","","","","","","","","","","","","","","","","","","","","","","","","","","","","","","","","","","","","","","","","","","","","","","","","","","","","","","","","","","","","","","","","","","","","","","","","","","","","","","","","","","",0,1,"","","","","","","","","","","","","","","","","","","","","","","","","","","","","",""
"61328002","LE PIN-AU-HARAS -INRAE",48.735833,0.128167,176,2002080101,0.,1,"","","","","","","","","","","","","","","","","","","","","","","","","","","","","","","","","","",7.7,1,"","","","","","","","","","","","","","","","","","","","","","","","","","","","",99,1,"","","","","","","","","","","","","","","","","","","","","","","","","","","","","","","","","","","","","","","","","","","","","","","","","","","","","","","","","","","","","","","","","","","","","","","","","","","","","","","","","","","","","","","","","","","","","","","","","","",0,1,"","","","","","","","","","","","","","","","","","","","","","","","","","","","","",""
"61328002","LE PIN-AU-HARAS -INRAE",48.735833,0.128167,176,2002080102,0.,1,"","","","","","","","","","","","","","","","","","","","","","","","","","","","","","","","","","",7.,1,"","","","","","","","","","","","","","","","","","","","","","","","","","","","",99,1,"","","","","","","","","","","","","","","","","","","","","","","","","","","","","","","","","","","","","","","","","","","","","","","","","","","","","","","","","","","","","","","","","","","","","","","","","","","","","","","","","","","","","","","","","","","","","","","","","","",0,1,"","","","","","","","","","","","","","","","","","","","","","","","","","","","","",""
"61328002","LE PIN-AU-HARAS -INRAE",48.735833,0.128167,176,2002080103,0.,1,"","","","","","","","","","","","","","","","","","","","","","","","","","","","","","","","","","",7.3,1,"","","","","","","","","","","","","","","","","","","","","","","","","","","","",100,1,"","","","","","","","","","","","","","","","","","","","","","","","","","","","","","","","","","","","","","","","","","","","","","","","","","","","","","","","","","","","","","","","","","","","","","","","","","","","","","","","","","","","","","","","","","","","","","","","","","",0,1,"","","","","","","","","","","","","","","","","","","","","","","","","","","","","",""
"61328002","LE PIN-AU-HARAS -INRAE",48.735833,0.128167,176,2002080104,0.,1,"","","","","","","","","","","","","","","","","","","","","","","","","","","","","","","","","","",5.9,1,"","","","","","","","","","","","","","","","","","","","","","","","","","","","",100,1,"","","","","","","","","","","","","","","","","","","","","","","","","","","","","","","","","","","","","","","","","","","","","","","","","","","","","","","","","","","","","","","","","","","","","","","","","","","","","","","","","","","","","","","","","","","","","","","","","","",0,1,"","","","","","","","","","","","","","","","","","","","","","","","","","","","","",""
"61328002","LE PIN-AU-HARAS -INRAE",48.735833,0.128167,176,2002080105,0.,1,"","","","","","","","","","","","","","","","","","","","","","","","","","","","","","","","","","",7.3,1,"","","","","","","","","","","","","","","","","","","","","","","","","","","","",100,1,"","","","","","","","","","","","","","","","","","","","","","","","","","","","","","","","","","","","","","","","","","","","","","","","","","","","","","","","","","","","","","","","","","","","","","","","","","","","","","","","","","","","","","","","","","","","","","","","","","",2,1,"","","","","","","","","","","","","","","","","","","","","","","","","","","","","",""
"61328002","LE PIN-AU-HARAS -INRAE",48.735833,0.128167,176,2002080106,0.,1,"","","","","","","","","","","","","","","","","","","","","","","","","","","","","","","","","","",9.9,1,"","","","","","","","","","","","","","","","","","","","","","","","","","","","",100,1,"","","","","","","","","","","","","","","","","","","","","","","","","","","","","","","","","","","","","","","","","","","","","","","","","","","","","","","","","","","","","","","","","","","","","","","","","","","","","","","","","","","","","","","","","","","","","","","","","","",30,1,"","","","","","","","","","","","","","","","","","","","","","","","","","","","","",""
"61328002","LE PIN-AU-HARAS -INRAE",48.735833,0.128167,176,2002080107,0.,1,"","","","","","","","","","","","","","","","","","","","","","","","","","","","","","","","","","",13.5,1,"","","","","","","","","","","","","","","","","","","","","","","","","","","","",100,1,"","","","","","","","","","","","","","","","","","","","","","","","","","","","","","","","","","","","","","","","","","","","","","","","","","","","","","","","","","","","","","","","","","","","","","","","","","","","","","","","","","","","","","","","","","","","","","","","","","",88,1,"","","","","","","","","","","","","","","","","","","","","","","","","","","","","",""
"61328002","LE PIN-AU-HARAS -INRAE",48.735833,0.128167,176,2002080108,0.,1,"","","","","","","","","","","","","","","","","","","","","","","","","","","","","","","","","","",15.4,1,"","","","","","","","","","","","","","","","","","","","","","","","","","","","",78,1,"","","","","","","","","","","","","","","","","","","","","","","","","","","","","","","","","","","","","","","","","","","","","","","","","","","","","","","","","","","","","","","","","","","","","","","","","","","","","","","","","","","","","","","","","","","","","","","","","","",156,1,"","","","","","","","","","","","","","","","","","","","","","","","","","","","","",""
"61328002","LE PIN-AU-HARAS -INRAE",48.735833,0.128167,176,2002080109,0.,1,"","","","","","","","","","","","","","","","","","","","","","","","","","","","","","","","","","",16.5,1,"","","","","","","","","","","","","","","","","","","","","","","","","","","","",69,1,"","","","","","","","","","","","","","","","","","","","","","","","","","","","","","","","","","","","","","","","","","","","","","","","","","","","","","","","","","","","","","","","","","","","","","","","","","","","","","","","","","","","","","","","","","","","","","","","","","",190,1,"","","","","","","","","","","","","","","","","","","","","","","","","","","","","",""
"61328002","LE PIN-AU-HARAS -INRAE",48.735833,0.128167,176,2002080110,0.,1,"","","","","","","","","","","","","","","","","","","","","","","","","","","","","","","","","","",18.8,1,"","","","","","","","","","","","","","","","","","","","","","","","","","","","",58,1,"","","","","","","","","","","","","","","","","","","","","","","","","","","","","","","","","","","","","","","","","","","","","","","","","","","","","","","","","","","","","","","","","","","","","","","","","","","","","","","","","","","","","","","","","","","","","","","","","","",268,1,"","","","","","","","","","","","","","","","","","","","","","","","","","","","","",""
"61328002","LE PIN-AU-HARAS -INRAE",48.735833,0.128167,176,2002080111,0.,1,"","","","","","","","","","","","","","","","","","","","","","","","","","","","","","","","","","",19.8,1,"","","","","","","","","","","","","","","","","","","","","","","","","","","","",58,1,"","","","","","","","","","","","","","","","","","","","","","","","","","","","","","","","","","","","","","","","","","","","","","","","","","","","","","","","","","","","","","","","","","","","","","","","","","","","","","","","","","","","","","","","","","","","","","","","","","",278,1,"","","","","","","","","","","","","","","","","","","","","","","","","","","","","",""
"61328002","LE PIN-AU-HARAS -INRAE",48.735833,0.128167,176,2002080112,0.,1,"","","","","","","","","","","","","","","","","","","","","","","","","","","","","","","","","","",20.3,1,"","","","","","","","","","","","","","","","","","","","","","","","","","","","",48,1,"","","","","","","","","","","","","","","","","","","","","","","","","","","","","","","","","","","","","","","","","","","","","","","","","","","","","","","","","","","","","","","","","","","","","","","","","","","","","","","","","","","","","","","","","","","","","","","","","","",300,1,"","","","","","","","","","","","","","","","","","","","","","","","","","","","","",""
"61328002","LE PIN-AU-HARAS -INRAE",48.735833,0.128167,176,2002080113,0.,1,"","","","","","","","","","","","","","","","","","","","","","","","","","","","","","","","","","",15.9,1,"","","","","","","","","","","","","","","","","","","","","","","","","","","","",78,1,"","","","","","","","","","","","","","","","","","","","","","","","","","","","","","","","","","","","","","","","","","","","","","","","","","","","","","","","","","","","","","","","","","","","","","","","","","","","","","","","","","","","","","","","","","","","","","","","","","",160,1,"","","","","","","","","","","","","","","","","","","","","","","","","","","","","",""
"61328002","LE PIN-AU-HARAS -INRAE",48.735833,0.128167,176,2002080114,0.,1,"","","","","","","","","","","","","","","","","","","","","","","","","","","","","","","","","","",19.6,1,"","","","","","","","","","","","","","","","","","","","","","","","","","","","",43,1,"","","","","","","","","","","","","","","","","","","","","","","","","","","","","","","","","","","","","","","","","","","","","","","","","","","","","","","","","","","","","","","","","","","","","","","","","","","","","","","","","","","","","","","","","","","","","","","","","","",230,1,"","","","","","","","","","","","","","","","","","","","","","","","","","","","","",""
"61328002","LE PIN-AU-HARAS -INRAE",48.735833,0.128167,176,2002080115,0.,1,"","","","","","","","","","","","","","","","","","","","","","","","","","","","","","","","","","",19.4,1,"","","","","","","","","","","","","","","","","","","","","","","","","","","","",44,1,"","","","","","","","","","","","","","","","","","","","","","","","","","","","","","","","","","","","","","","","","","","","","","","","","","","","","","","","","","","","","","","","","","","","","","","","","","","","","","","","","","","","","","","","","","","","","","","","","","",192,1,"","","","","","","","","","","","","","","","","","","","","","","","","","","","","",""
"61328002","LE PIN-AU-HARAS -INRAE",48.735833,0.128167,176,2002080116,0.,1,"","","","","","","","","","","","","","","","","","","","","","","","","","","","","","","","","","",14.1,1,"","","","","","","","","","","","","","","","","","","","","","","","","","","","",77,1,"","","","","","","","","","","","","","","","","","","","","","","","","","","","","","","","","","","","","","","","","","","","","","","","","","","","","","","","","","","","","","","","","","","","","","","","","","","","","","","","","","","","","","","","","","","","","","","","","","",66,1,"","","","","","","","","","","","","","","","","","","","","","","","","","","","","",""
"61328002","LE PIN-AU-HARAS -INRAE",48.735833,0.128167,176,2002080117,0.5,1,"","","","","","","","","","","","","","","","","","","","","","","","","","","","","","","","","","",15.9,1,"","","","","","","","","","","","","","","","","","","","","","","","","","","","",83,1,"","","","","","","","","","","","","","","","","","","","","","","","","","","","","","","","","","","","","","","","","","","","","","","","","","","","","","","","","","","","","","","","","","","","","","","","","","","","","","","","","","","","","","","","","","","","","","","","","","",64,1,"","","","","","","","","","","","","","","","","","","","","","","","","","","","","",""
"61328002","LE PIN-AU-HARAS -INRAE",48.735833,0.128167,176,2002080118,0.,1,"","","","","","","","","","","","","","","","","","","","","","","","","","","","","","","","","","",16.,1,"","","","","","","","","","","","","","","","","","","","","","","","","","","","",72,1,"","","","","","","","","","","","","","","","","","","","","","","","","","","","","","","","","","","","","","","","","","","","","","","","","","","","","","","","","","","","","","","","","","","","","","","","","","","","","","","","","","","","","","","","","","","","","","","","","","",102,1,"","","","","","","","","","","","","","","","","","","","","","","","","","","","","",""
"61328002","LE PIN-AU-HARAS -INRAE",48.735833,0.128167,176,2002080119,0.,1,"","","","","","","","","","","","","","","","","","","","","","","","","","","","","","","","","","",15.4,1,"","","","","","","","","","","","","","","","","","","","","","","","","","","","",76,1,"","","","","","","","","","","","","","","","","","","","","","","","","","","","","","","","","","","","","","","","","","","","","","","","","","","","","","","","","","","","","","","","","","","","","","","","","","","","","","","","","","","","","","","","","","","","","","","","","","",38,1,"","","","","","","","","","","","","","","","","","","","","","","","","","","","","",""
"61328002","LE PIN-AU-HARAS -INRAE",48.735833,0.128167,176,2002080120,0.,1,"","","","","","","","","","","","","","","","","","","","","","","","","","","","","","","","","","",14.3,1,"","","","","","","","","","","","","","","","","","","","","","","","","","","","",84,1,"","","","","","","","","","","","","","","","","","","","","","","","","","","","","","","","","","","","","","","","","","","","","","","","","","","","","","","","","","","","","","","","","","","","","","","","","","","","","","","","","","","","","","","","","","","","","","","","","","",8,1,"","","","","","","","","","","","","","","","","","","","","","","","","","","","","",""
"61328002","LE PIN-AU-HARAS -INRAE",48.735833,0.128167,176,2002080121,0.,1,"","","","","","","","","","","","","","","","","","","","","","","","","","","","","","","","","","",13.7,1,"","","","","","","","","","","","","","","","","","","","","","","","","","","","",87,1,"","","","","","","","","","","","","","","","","","","","","","","","","","","","","","","","","","","","","","","","","","","","","","","","","","","","","","","","","","","","","","","","","","","","","","","","","","","","","","","","","","","","","","","","","","","","","","","","","","",0,1,"","","","","","","","","","","","","","","","","","","","","","","","","","","","","",""
"61328002","LE PIN-AU-HARAS -INRAE",48.735833,0.128167,176,2002080122,0.,1,"","","","","","","","","","","","","","","","","","","","","","","","","","","","","","","","","","",12.4,1,"","","","","","","","","","","","","","","","","","","","","","","","","","","","",91,1,"","","","","","","","","","","","","","","","","","","","","","","","","","","","","","","","","","","","","","","","","","","","","","","","","","","","","","","","","","","","","","","","","","","","","","","","","","","","","","","","","","","","","","","","","","","","","","","","","","",0,1,"","","","","","","","","","","","","","","","","","","","","","","","","","","","","",""
"61328002","LE PIN-AU-HARAS -INRAE",48.735833,0.128167,176,2002080123,0.,1,"","","","","","","","","","","","","","","","","","","","","","","","","","","","","","","","","","",13.2,1,"","","","","","","","","","","","","","","","","","","","","","","","","","","","",93,1,"","","","","","","","","","","","","","","","","","","","","","","","","","","","","","","","","","","","","","","","","","","","","","","","","","","","","","","","","","","","","","","","","","","","","","","","","","","","","","","","","","","","","","","","","","","","","","","","","","",0,1,"","","","","","","","","","","","","","","","","","","","","","","","","","","","","",""
"61328002","LE PIN-AU-HARAS -INRAE",48.735833,0.128167,176,2002080200,0.,1,"","","","","","","","","","","","","","","","","","","","","","","","","","","","","","","","","","",13.6,1,"","","","","","","","","","","","","","","","","","","","","","","","","","","","",92,1,"","","","","","","","","","","","","","","","","","","","","","","","","","","","","","","","","","","","","","","","","","","","","","","","","","","","","","","","","","","","","","","","","","","","","","","","","","","","","","","","","","","","","","","","","","","","","","","","","","",0,1,"","","","","","","","","","","","","","","","","","","","","","","","","","","","","",""
"61328002","LE PIN-AU-HARAS -INRAE",48.735833,0.128167,176,2002080201,0.,1,"","","","","","","","","","","","","","","","","","","","","","","","","","","","","","","","","","",13.8,1,"","","","","","","","","","","","","","","","","","","","","","","","","","","","",93,1,"","","","","","","","","","","","","","","","","","","","","","","","","","","","","","","","","","","","","","","","","","","","","","","","","","","","","","","","","","","","","","","","","","","","","","","","","","","","","","","","","","","","","","","","","","","","","","","","","","",0,1,"","","","","","","","","","","","","","","","","","","","","","","","","","","","","",""
"61328002","LE PIN-AU-HARAS -INRAE",48.735833,0.128167,176,2002080202,0.,1,"","","","","","","","","","","","","","","","","","","","","","","","","","","","","","","","","","",14.,1,"","","","","","","","","","","","","","","","","","","","","","","","","","","","",93,1,"","","","","","","","","","","","","","","","","","","","","","","","","","","","","","","","","","","","","","","","","","","","","","","","","","","","","","","","","","","","","","","","","","","","","","","","","","","","","","","","","","","","","","","","","","","","","","","","","","",0,1,"","","","","","","","","","","","","","","","","","","","","","","","","","","","","",""
"61328002","LE PIN-AU-HARAS -INRAE",48.735833,0.128167,176,2002080203,0.,1,"","","","","","","","","","","","","","","","","","","","","","","","","","","","","","","","","","",13.9,1,"","","","","","","","","","","","","","","","","","","","","","","","","","","","",95,1,"","","","","","","","","","","","","","","","","","","","","","","","","","","","","","","","","","","","","","","","","","","","","","","","","","","","","","","","","","","","","","","","","","","","","","","","","","","","","","","","","","","","","","","","","","","","","","","","","","",0,1,"","","","","","","","","","","","","","","","","","","","","","","","","","","","","",""
"61328002","LE PIN-AU-HARAS -INRAE",48.735833,0.128167,176,2002080204,0.,1,"","","","","","","","","","","","","","","","","","","","","","","","","","","","","","","","","","",14.,1,"","","","","","","","","","","","","","","","","","","","","","","","","","","","",95,1,"","","","","","","","","","","","","","","","","","","","","","","","","","","","","","","","","","","","","","","","","","","","","","","","","","","","","","","","","","","","","","","","","","","","","","","","","","","","","","","","","","","","","","","","","","","","","","","","","","",0,1,"","","","","","","","","","","","","","","","","","","","","","","","","","","","","",""
"61328002","LE PIN-AU-HARAS -INRAE",48.735833,0.128167,176,2002080205,0.,1,"","","","","","","","","","","","","","","","","","","","","","","","","","","","","","","","","","",14.,1,"","","","","","","","","","","","","","","","","","","","","","","","","","","","",94,1,"","","","","","","","","","","","","","","","","","","","","","","","","","","","","","","","","","","","","","","","","","","","","","","","","","","","","","","","","","","","","","","","","","","","","","","","","","","","","","","","","","","","","","","","","","","","","","","","","","",0,1,"","","","","","","","","","","","","","","","","","","","","","","","","","","","","",""
"61328002","LE PIN-AU-HARAS -INRAE",48.735833,0.128167,176,2002080206,0.,1,"","","","","","","","","","","","","","","","","","","","","","","","","","","","","","","","","","",14.3,1,"","","","","","","","","","","","","","","","","","","","","","","","","","","","",94,1,"","","","","","","","","","","","","","","","","","","","","","","","","","","","","","","","","","","","","","","","","","","","","","","","","","","","","","","","","","","","","","","","","","","","","","","","","","","","","","","","","","","","","","","","","","","","","","","","","","",8,1,"","","","","","","","","","","","","","","","","","","","","","","","","","","","","",""
"61328002","LE PIN-AU-HARAS -INRAE",48.735833,0.128167,176,2002080207,1.,1,"","","","","","","","","","","","","","","","","","","","","","","","","","","","","","","","","","",14.6,1,"","","","","","","","","","","","","","","","","","","","","","","","","","","","",96,1,"","","","","","","","","","","","","","","","","","","","","","","","","","","","","","","","","","","","","","","","","","","","","","","","","","","","","","","","","","","","","","","","","","","","","","","","","","","","","","","","","","","","","","","","","","","","","","","","","","",26,1,"","","","","","","","","","","","","","","","","","","","","","","","","","","","","",""
"61328002","LE PIN-AU-HARAS -INRAE",48.735833,0.128167,176,2002080208,1.,1,"","","","","","","","","","","","","","","","","","","","","","","","","","","","","","","","","","",15.1,1,"","","","","","","","","","","","","","","","","","","","","","","","","","","","",95,1,"","","","","","","","","","","","","","","","","","","","","","","","","","","","","","","","","","","","","","","","","","","","","","","","","","","","","","","","","","","","","","","","","","","","","","","","","","","","","","","","","","","","","","","","","","","","","","","","","","",68,1,"","","","","","","","","","","","","","","","","","","","","","","","","","","","","",""
"61328002","LE PIN-AU-HARAS -INRAE",48.735833,0.128167,176,2002080209,0.,1,"","","","","","","","","","","","","","","","","","","","","","","","","","","","","","","","","","",16.7,1,"","","","","","","","","","","","","","","","","","","","","","","","","","","","",87,1,"","","","","","","","","","","","","","","","","","","","","","","","","","","","","","","","","","","","","","","","","","","","","","","","","","","","","","","","","","","","","","","","","","","","","","","","","","","","","","","","","","","","","","","","","","","","","","","","","","",130,1,"","","","","","","","","","","","","","","","","","","","","","","","","","","","","",""
"61328002","LE PIN-AU-HARAS -INRAE",48.735833,0.128167,176,2002080210,0.,1,"","","","","","","","","","","","","","","","","","","","","","","","","","","","","","","","","","",16.4,1,"","","","","","","","","","","","","","","","","","","","","","","","","","","","",81,1,"","","","","","","","","","","","","","","","","","","","","","","","","","","","","","","","","","","","","","","","","","","","","","","","","","","","","","","","","","","","","","","","","","","","","","","","","","","","","","","","","","","","","","","","","","","","","","","","","","",142,1,"","","","","","","","","","","","","","","","","","","","","","","","","","","","","",""
"61328002","LE PIN-AU-HARAS -INRAE",48.735833,0.128167,176,2002080211,0.,1,"","","","","","","","","","","","","","","","","","","","","","","","","","","","","","","","","","",16.4,1,"","","","","","","","","","","","","","","","","","","","","","","","","","","","",83,1,"","","","","","","","","","","","","","","","","","","","","","","","","","","","","","","","","","","","","","","","","","","","","","","","","","","","","","","","","","","","","","","","","","","","","","","","","","","","","","","","","","","","","","","","","","","","","","","","","","",98,1,"","","","","","","","","","","","","","","","","","","","","","","","","","","","","",""
"61328002","LE PIN-AU-HARAS -INRAE",48.735833,0.128167,176,2002080212,2.5,1,"","","","","","","","","","","","","","","","","","","","","","","","","","","","","","","","","","",14.9,1,"","","","","","","","","","","","","","","","","","","","","","","","","","","","",94,1,"","","","","","","","","","","","","","","","","","","","","","","","","","","","","","","","","","","","","","","","","","","","","","","","","","","","","","","","","","","","","","","","","","","","","","","","","","","","","","","","","","","","","","","","","","","","","","","","","","",44,1,"","","","","","","","","","","","","","","","","","","","","","","","","","","","","",""
"61328002","LE PIN-AU-HARAS -INRAE",48.735833,0.128167,176,2002080213,1.,1,"","","","","","","","","","","","","","","","","","","","","","","","","","","","","","","","","","",14.5,1,"","","","","","","","","","","","","","","","","","","","","","","","","","","","",92,1,"","","","","","","","","","","","","","","","","","","","","","","","","","","","","","","","","","","","","","","","","","","","","","","","","","","","","","","","","","","","","","","","","","","","","","","","","","","","","","","","","","","","","","","","","","","","","","","","","","",74,1,"","","","","","","","","","","","","","","","","","","","","","","","","","","","","",""
"61328002","LE PIN-AU-HARAS -INRAE",48.735833,0.128167,176,2002080214,2.5,1,"","","","","","","","","","","","","","","","","","","","","","","","","","","","","","","","","","",14.6,1,"","","","","","","","","","","","","","","","","","","","","","","","","","","","",95,1,"","","","","","","","","","","","","","","","","","","","","","","","","","","","","","","","","","","","","","","","","","","","","","","","","","","","","","","","","","","","","","","","","","","","","","","","","","","","","","","","","","","","","","","","","","","","","","","","","","",54,1,"","","","","","","","","","","","","","","","","","","","","","","","","","","","","",""
"61328002","LE PIN-AU-HARAS -INRAE",48.735833,0.128167,176,2002080215,4.5,1,"","","","","","","","","","","","","","","","","","","","","","","","","","","","","","","","","","",16.1,1,"","","","","","","","","","","","","","","","","","","","","","","","","","","","",96,1,"","","","","","","","","","","","","","","","","","","","","","","","","","","","","","","","","","","","","","","","","","","","","","","","","","","","","","","","","","","","","","","","","","","","","","","","","","","","","","","","","","","","","","","","","","","","","","","","","","",82,1,"","","","","","","","","","","","","","","","","","","","","","","","","","","","","",""
"61328002","LE PIN-AU-HARAS -INRAE",48.735833,0.128167,176,2002080216,0.,1,"","","","","","","","","","","","","","","","","","","","","","","","","","","","","","","","","","",16.7,1,"","","","","","","","","","","","","","","","","","","","","","","","","","","","",83,1,"","","","","","","","","","","","","","","","","","","","","","","","","","","","","","","","","","","","","","","","","","","","","","","","","","","","","","","","","","","","","","","","","","","","","","","","","","","","","","","","","","","","","","","","","","","","","","","","","","",116,1,"","","","","","","","","","","","","","","","","","","","","","","","","","","","","",""
"61328002","LE PIN-AU-HARAS -INRAE",48.735833,0.128167,176,2002080217,0.,1,"","","","","","","","","","","","","","","","","","","","","","","","","","","","","","","","","","",18.4,1,"","","","","","","","","","","","","","","","","","","","","","","","","","","","",77,1,"","","","","","","","","","","","","","","","","","","","","","","","","","","","","","","","","","","","","","","","","","","","","","","","","","","","","","","","","","","","","","","","","","","","","","","","","","","","","","","","","","","","","","","","","","","","","","","","","","",134,1,"","","","","","","","","","","","","","","","","","","","","","","","","","","","","",""
"61328002","LE PIN-AU-HARAS -INRAE",48.735833,0.128167,176,2002080218,0.,1,"","","","","","","","","","","","","","","","","","","","","","","","","","","","","","","","","","",16.1,1,"","","","","","","","","","","","","","","","","","","","","","","","","","","","",83,1,"","","","","","","","","","","","","","","","","","","","","","","","","","","","","","","","","","","","","","","","","","","","","","","","","","","","","","","","","","","","","","","","","","","","","","","","","","","","","","","","","","","","","","","","","","","","","","","","","","",42,1,"","","","","","","","","","","","","","","","","","","","","","","","","","","","","",""
"61328002","LE PIN-AU-HARAS -INRAE",48.735833,0.128167,176,2002080219,0.,1,"","","","","","","","","","","","","","","","","","","","","","","","","","","","","","","","","","",15.2,1,"","","","","","","","","","","","","","","","","","","","","","","","","","","","",92,1,"","","","","","","","","","","","","","","","","","","","","","","","","","","","","","","","","","","","","","","","","","","","","","","","","","","","","","","","","","","","","","","","","","","","","","","","","","","","","","","","","","","","","","","","","","","","","","","","","","",8,1,"","","","","","","","","","","","","","","","","","","","","","","","","","","","","",""
"61328002","LE PIN-AU-HARAS -INRAE",48.735833,0.128167,176,2002080220,2.5,1,"","","","","","","","","","","","","","","","","","","","","","","","","","","","","","","","","","",12.1,1,"","","","","","","","","","","","","","","","","","","","","","","","","","","","",95,1,"","","","","","","","","","","","","","","","","","","","","","","","","","","","","","","","","","","","","","","","","","","","","","","","","","","","","","","","","","","","","","","","","","","","","","","","","","","","","","","","","","","","","","","","","","","","","","","","","","",2,1,"","","","","","","","","","","","","","","","","","","","","","","","","","","","","",""
"61328002","LE PIN-AU-HARAS -INRAE",48.735833,0.128167,176,2002080221,0.5,1,"","","","","","","","","","","","","","","","","","","","","","","","","","","","","","","","","","",12.,1,"","","","","","","","","","","","","","","","","","","","","","","","","","","","",97,1,"","","","","","","","","","","","","","","","","","","","","","","","","","","","","","","","","","","","","","","","","","","","","","","","","","","","","","","","","","","","","","","","","","","","","","","","","","","","","","","","","","","","","","","","","","","","","","","","","","",0,1,"","","","","","","","","","","","","","","","","","","","","","","","","","","","","",""
"61328002","LE PIN-AU-HARAS -INRAE",48.735833,0.128167,176,2002080222,0.,1,"","","","","","","","","","","","","","","","","","","","","","","","","","","","","","","","","","",12.2,1,"","","","","","","","","","","","","","","","","","","","","","","","","","","","",97,1,"","","","","","","","","","","","","","","","","","","","","","","","","","","","","","","","","","","","","","","","","","","","","","","","","","","","","","","","","","","","","","","","","","","","","","","","","","","","","","","","","","","","","","","","","","","","","","","","","","",0,1,"","","","","","","","","","","","","","","","","","","","","","","","","","","","","",""
"61328002","LE PIN-AU-HARAS -INRAE",48.735833,0.128167,176,2002080223,0.,1,"","","","","","","","","","","","","","","","","","","","","","","","","","","","","","","","","","",12.,1,"","","","","","","","","","","","","","","","","","","","","","","","","","","","",98,1,"","","","","","","","","","","","","","","","","","","","","","","","","","","","","","","","","","","","","","","","","","","","","","","","","","","","","","","","","","","","","","","","","","","","","","","","","","","","","","","","","","","","","","","","","","","","","","","","","","",0,1,"","","","","","","","","","","","","","","","","","","","","","","","","","","","","",""
"61328002","LE PIN-AU-HARAS -INRAE",48.735833,0.128167,176,2002080300,0.,1,"","","","","","","","","","","","","","","","","","","","","","","","","","","","","","","","","","",10.9,1,"","","","","","","","","","","","","","","","","","","","","","","","","","","","",98,1,"","","","","","","","","","","","","","","","","","","","","","","","","","","","","","","","","","","","","","","","","","","","","","","","","","","","","","","","","","","","","","","","","","","","","","","","","","","","","","","","","","","","","","","","","","","","","","","","","","",0,1,"","","","","","","","","","","","","","","","","","","","","","","","","","","","","",""
"61328002","LE PIN-AU-HARAS -INRAE",48.735833,0.128167,176,2002080301,0.,1,"","","","","","","","","","","","","","","","","","","","","","","","","","","","","","","","","","",10.2,1,"","","","","","","","","","","","","","","","","","","","","","","","","","","","",99,1,"","","","","","","","","","","","","","","","","","","","","","","","","","","","","","","","","","","","","","","","","","","","","","","","","","","","","","","","","","","","","","","","","","","","","","","","","","","","","","","","","","","","","","","","","","","","","","","","","","",0,1,"","","","","","","","","","","","","","","","","","","","","","","","","","","","","",""
"61328002","LE PIN-AU-HARAS -INRAE",48.735833,0.128167,176,2002080302,0.,1,"","","","","","","","","","","","","","","","","","","","","","","","","","","","","","","","","","",10.9,1,"","","","","","","","","","","","","","","","","","","","","","","","","","","","",100,1,"","","","","","","","","","","","","","","","","","","","","","","","","","","","","","","","","","","","","","","","","","","","","","","","","","","","","","","","","","","","","","","","","","","","","","","","","","","","","","","","","","","","","","","","","","","","","","","","","","",0,1,"","","","","","","","","","","","","","","","","","","","","","","","","","","","","",""
"61328002","LE PIN-AU-HARAS -INRAE",48.735833,0.128167,176,2002080303,0.,1,"","","","","","","","","","","","","","","","","","","","","","","","","","","","","","","","","","",12.3,1,"","","","","","","","","","","","","","","","","","","","","","","","","","","","",100,1,"","","","","","","","","","","","","","","","","","","","","","","","","","","","","","","","","","","","","","","","","","","","","","","","","","","","","","","","","","","","","","","","","","","","","","","","","","","","","","","","","","","","","","","","","","","","","","","","","","",0,1,"","","","","","","","","","","","","","","","","","","","","","","","","","","","","",""
"61328002","LE PIN-AU-HARAS -INRAE",48.735833,0.128167,176,2002080304,1.5,1,"","","","","","","","","","","","","","","","","","","","","","","","","","","","","","","","","","",12.9,1,"","","","","","","","","","","","","","","","","","","","","","","","","","","","",100,1,"","","","","","","","","","","","","","","","","","","","","","","","","","","","","","","","","","","","","","","","","","","","","","","","","","","","","","","","","","","","","","","","","","","","","","","","","","","","","","","","","","","","","","","","","","","","","","","","","","",0,1,"","","","","","","","","","","","","","","","","","","","","","","","","","","","","",""
"61328002","LE PIN-AU-HARAS -INRAE",48.735833,0.128167,176,2002080305,1.,1,"","","","","","","","","","","","","","","","","","","","","","","","","","","","","","","","","","",13.,1,"","","","","","","","","","","","","","","","","","","","","","","","","","","","",100,1,"","","","","","","","","","","","","","","","","","","","","","","","","","","","","","","","","","","","","","","","","","","","","","","","","","","","","","","","","","","","","","","","","","","","","","","","","","","","","","","","","","","","","","","","","","","","","","","","","","",0,1,"","","","","","","","","","","","","","","","","","","","","","","","","","","","","",""
"61328002","LE PIN-AU-HARAS -INRAE",48.735833,0.128167,176,2002080306,0.,1,"","","","","","","","","","","","","","","","","","","","","","","","","","","","","","","","","","",13.2,1,"","","","","","","","","","","","","","","","","","","","","","","","","","","","",100,1,"","","","","","","","","","","","","","","","","","","","","","","","","","","","","","","","","","","","","","","","","","","","","","","","","","","","","","","","","","","","","","","","","","","","","","","","","","","","","","","","","","","","","","","","","","","","","","","","","","",10,1,"","","","","","","","","","","","","","","","","","","","","","","","","","","","","",""
"61328002","LE PIN-AU-HARAS -INRAE",48.735833,0.128167,176,2002080307,0.,1,"","","","","","","","","","","","","","","","","","","","","","","","","","","","","","","","","","",14.,1,"","","","","","","","","","","","","","","","","","","","","","","","","","","","",100,1,"","","","","","","","","","","","","","","","","","","","","","","","","","","","","","","","","","","","","","","","","","","","","","","","","","","","","","","","","","","","","","","","","","","","","","","","","","","","","","","","","","","","","","","","","","","","","","","","","","",34,1,"","","","","","","","","","","","","","","","","","","","","","","","","","","","","",""
"61328002","LE PIN-AU-HARAS -INRAE",48.735833,0.128167,176,2002080308,1.,1,"","","","","","","","","","","","","","","","","","","","","","","","","","","","","","","","","","",14.2,1,"","","","","","","","","","","","","","","","","","","","","","","","","","","","",100,1,"","","","","","","","","","","","","","","","","","","","","","","","","","","","","","","","","","","","","","","","","","","","","","","","","","","","","","","","","","","","","","","","","","","","","","","","","","","","","","","","","","","","","","","","","","","","","","","","","","",44,1,"","","","","","","","","","","","","","","","","","","","","","","","","","","","","",""
"61328002","LE PIN-AU-HARAS -INRAE",48.735833,0.128167,176,2002080309,0.,1,"","","","","","","","","","","","","","","","","","","","","","","","","","","","","","","","","","",15.1,1,"","","","","","","","","","","","","","","","","","","","","","","","","","","","",95,1,"","","","","","","","","","","","","","","","","","","","","","","","","","","","","","","","","","","","","","","","","","","","","","","","","","","","","","","","","","","","","","","","","","","","","","","","","","","","","","","","","","","","","","","","","","","","","","","","","","",76,1,"","","","","","","","","","","","","","","","","","","","","","","","","","","","","",""
"61328002","LE PIN-AU-HARAS -INRAE",48.735833,0.128167,176,2002080310,0.,1,"","","","","","","","","","","","","","","","","","","","","","","","","","","","","","","","","","",16.9,1,"","","","","","","","","","","","","","","","","","","","","","","","","","","","",83,1,"","","","","","","","","","","","","","","","","","","","","","","","","","","","","","","","","","","","","","","","","","","","","","","","","","","","","","","","","","","","","","","","","","","","","","","","","","","","","","","","","","","","","","","","","","","","","","","","","","",136,1,"","","","","","","","","","","","","","","","","","","","","","","","","","","","","",""
"61328002","LE PIN-AU-HARAS -INRAE",48.735833,0.128167,176,2002080311,0.,1,"","","","","","","","","","","","","","","","","","","","","","","","","","","","","","","","","","",17.8,1,"","","","","","","","","","","","","","","","","","","","","","","","","","","","",73,1,"","","","","","","","","","","","","","","","","","","","","","","","","","","","","","","","","","","","","","","","","","","","","","","","","","","","","","","","","","","","","","","","","","","","","","","","","","","","","","","","","","","","","","","","","","","","","","","","","","",216,1,"","","","","","","","","","","","","","","","","","","","","","","","","","","","","",""
"61328002","LE PIN-AU-HARAS -INRAE",48.735833,0.128167,176,2002080312,0.,1,"","","","","","","","","","","","","","","","","","","","","","","","","","","","","","","","","","",17.4,1,"","","","","","","","","","","","","","","","","","","","","","","","","","","","",69,1,"","","","","","","","","","","","","","","","","","","","","","","","","","","","","","","","","","","","","","","","","","","","","","","","","","","","","","","","","","","","","","","","","","","","","","","","","","","","","","","","","","","","","","","","","","","","","","","","","","",174,1,"","","","","","","","","","","","","","","","","","","","","","","","","","","","","",""
"61328002","LE PIN-AU-HARAS -INRAE",48.735833,0.128167,176,2002080313,0.,1,"","","","","","","","","","","","","","","","","","","","","","","","","","","","","","","","","","",18.3,1,"","","","","","","","","","","","","","","","","","","","","","","","","","","","",71,1,"","","","","","","","","","","","","","","","","","","","","","","","","","","","","","","","","","","","","","","","","","","","","","","","","","","","","","","","","","","","","","","","","","","","","","","","","","","","","","","","","","","","","","","","","","","","","","","","","","",136,1,"","","","","","","","","","","","","","","","","","","","","","","","","","","","","",""
"61328002","LE PIN-AU-HARAS -INRAE",48.735833,0.128167,176,2002080314,0.,1,"","","","","","","","","","","","","","","","","","","","","","","","","","","","","","","","","","",20.9,1,"","","","","","","","","","","","","","","","","","","","","","","","","","","","",63,1,"","","","","","","","","","","","","","","","","","","","","","","","","","","","","","","","","","","","","","","","","","","","","","","","","","","","","","","","","","","","","","","","","","","","","","","","","","","","","","","","","","","","","","","","","","","","","","","","","","",208,1,"","","","","","","","","","","","","","","","","","","","","","","","","","","","","",""
"61328002","LE PIN-AU-HARAS -INRAE",48.735833,0.128167,176,2002080315,0.,1,"","","","","","","","","","","","","","","","","","","","","","","","","","","","","","","","","","",19.,1,"","","","","","","","","","","","","","","","","","","","","","","","","","","","",57,1,"","","","","","","","","","","","","","","","","","","","","","","","","","","","","","","","","","","","","","","","","","","","","","","","","","","","","","","","","","","","","","","","","","","","","","","","","","","","","","","","","","","","","","","","","","","","","","","","","","",226,1,"","","","","","","","","","","","","","","","","","","","","","","","","","","","","",""
"61328002","LE PIN-AU-HARAS -INRAE",48.735833,0.128167,176,2002080316,0.,1,"","","","","","","","","","","","","","","","","","","","","","","","","","","","","","","","","","",17.1,1,"","","","","","","","","","","","","","","","","","","","","","","","","","","","",71,1,"","","","","","","","","","","","","","","","","","","","","","","","","","","","","","","","","","","","","","","","","","","","","","","","","","","","","","","","","","","","","","","","","","","","","","","","","","","","","","","","","","","","","","","","","","","","","","","","","","",150,1,"","","","","","","","","","","","","","","","","","","","","","","","","","","","","",""
"61328002","LE PIN-AU-HARAS -INRAE",48.735833,0.128167,176,2002080317,0.,1,"","","","","","","","","","","","","","","","","","","","","","","","","","","","","","","","","","",16.7,1,"","","","","","","","","","","","","","","","","","","","","","","","","","","","",74,1,"","","","","","","","","","","","","","","","","","","","","","","","","","","","","","","","","","","","","","","","","","","","","","","","","","","","","","","","","","","","","","","","","","","","","","","","","","","","","","","","","","","","","","","","","","","","","","","","","","",120,1,"","","","","","","","","","","","","","","","","","","","","","","","","","","","","",""
"61328002","LE PIN-AU-HARAS -INRAE",48.735833,0.128167,176,2002080318,0.5,1,"","","","","","","","","","","","","","","","","","","","","","","","","","","","","","","","","","",16.5,1,"","","","","","","","","","","","","","","","","","","","","","","","","","","","",82,1,"","","","","","","","","","","","","","","","","","","","","","","","","","","","","","","","","","","","","","","","","","","","","","","","","","","","","","","","","","","","","","","","","","","","","","","","","","","","","","","","","","","","","","","","","","","","","","","","","","",38,1,"","","","","","","","","","","","","","","","","","","","","","","","","","","","","",""
"61328002","LE PIN-AU-HARAS -INRAE",48.735833,0.128167,176,2002080319,0.,1,"","","","","","","","","","","","","","","","","","","","","","","","","","","","","","","","","","",15.,1,"","","","","","","","","","","","","","","","","","","","","","","","","","","","",94,1,"","","","","","","","","","","","","","","","","","","","","","","","","","","","","","","","","","","","","","","","","","","","","","","","","","","","","","","","","","","","","","","","","","","","","","","","","","","","","","","","","","","","","","","","","","","","","","","","","","",22,1,"","","","","","","","","","","","","","","","","","","","","","","","","","","","","",""
"61328002","LE PIN-AU-HARAS -INRAE",48.735833,0.128167,176,2002080320,0.,1,"","","","","","","","","","","","","","","","","","","","","","","","","","","","","","","","","","",13.1,1,"","","","","","","","","","","","","","","","","","","","","","","","","","","","",97,1,"","","","","","","","","","","","","","","","","","","","","","","","","","","","","","","","","","","","","","","","","","","","","","","","","","","","","","","","","","","","","","","","","","","","","","","","","","","","","","","","","","","","","","","","","","","","","","","","","","",2,1,"","","","","","","","","","","","","","","","","","","","","","","","","","","","","",""
"61328002","LE PIN-AU-HARAS -INRAE",48.735833,0.128167,176,2002080321,0.,1,"","","","","","","","","","","","","","","","","","","","","","","","","","","","","","","","","","",12.1,1,"","","","","","","","","","","","","","","","","","","","","","","","","","","","",98,1,"","","","","","","","","","","","","","","","","","","","","","","","","","","","","","","","","","","","","","","","","","","","","","","","","","","","","","","","","","","","","","","","","","","","","","","","","","","","","","","","","","","","","","","","","","","","","","","","","","",0,1,"","","","","","","","","","","","","","","","","","","","","","","","","","","","","",""
"61328002","LE PIN-AU-HARAS -INRAE",48.735833,0.128167,176,2002080322,0.,1,"","","","","","","","","","","","","","","","","","","","","","","","","","","","","","","","","","",10.5,1,"","","","","","","","","","","","","","","","","","","","","","","","","","","","",99,1,"","","","","","","","","","","","","","","","","","","","","","","","","","","","","","","","","","","","","","","","","","","","","","","","","","","","","","","","","","","","","","","","","","","","","","","","","","","","","","","","","","","","","","","","","","","","","","","","","","",0,1,"","","","","","","","","","","","","","","","","","","","","","","","","","","","","",""
"61328002","LE PIN-AU-HARAS -INRAE",48.735833,0.128167,176,2002080323,0.,1,"","","","","","","","","","","","","","","","","","","","","","","","","","","","","","","","","","",10.2,1,"","","","","","","","","","","","","","","","","","","","","","","","","","","","",100,1,"","","","","","","","","","","","","","","","","","","","","","","","","","","","","","","","","","","","","","","","","","","","","","","","","","","","","","","","","","","","","","","","","","","","","","","","","","","","","","","","","","","","","","","","","","","","","","","","","","",0,1,"","","","","","","","","","","","","","","","","","","","","","","","","","","","","",""
"61328002","LE PIN-AU-HARAS -INRAE",48.735833,0.128167,176,2002080400,0.,1,"","","","","","","","","","","","","","","","","","","","","","","","","","","","","","","","","","",9.2,1,"","","","","","","","","","","","","","","","","","","","","","","","","","","","",100,1,"","","","","","","","","","","","","","","","","","","","","","","","","","","","","","","","","","","","","","","","","","","","","","","","","","","","","","","","","","","","","","","","","","","","","","","","","","","","","","","","","","","","","","","","","","","","","","","","","","",0,1,"","","","","","","","","","","","","","","","","","","","","","","","","","","","","",""
"61328002","LE PIN-AU-HARAS -INRAE",48.735833,0.128167,176,2002080401,0.,1,"","","","","","","","","","","","","","","","","","","","","","","","","","","","","","","","","","",9.7,1,"","","","","","","","","","","","","","","","","","","","","","","","","","","","",100,1,"","","","","","","","","","","","","","","","","","","","","","","","","","","","","","","","","","","","","","","","","","","","","","","","","","","","","","","","","","","","","","","","","","","","","","","","","","","","","","","","","","","","","","","","","","","","","","","","","","",0,1,"","","","","","","","","","","","","","","","","","","","","","","","","","","","","",""
"61328002","LE PIN-AU-HARAS -INRAE",48.735833,0.128167,176,2002080402,0.,1,"","","","","","","","","","","","","","","","","","","","","","","","","","","","","","","","","","",11.1,1,"","","","","","","","","","","","","","","","","","","","","","","","","","","","",100,1,"","","","","","","","","","","","","","","","","","","","","","","","","","","","","","","","","","","","","","","","","","","","","","","","","","","","","","","","","","","","","","","","","","","","","","","","","","","","","","","","","","","","","","","","","","","","","","","","","","",0,1,"","","","","","","","","","","","","","","","","","","","","","","","","","","","","",""
"61328002","LE PIN-AU-HARAS -INRAE",48.735833,0.128167,176,2002080403,0.,1,"","","","","","","","","","","","","","","","","","","","","","","","","","","","","","","","","","",12.6,1,"","","","","","","","","","","","","","","","","","","","","","","","","","","","",100,1,"","","","","","","","","","","","","","","","","","","","","","","","","","","","","","","","","","","","","","","","","","","","","","","","","","","","","","","","","","","","","","","","","","","","","","","","","","","","","","","","","","","","","","","","","","","","","","","","","","",0,1,"","","","","","","","","","","","","","","","","","","","","","","","","","","","","",""
"61328002","LE PIN-AU-HARAS -INRAE",48.735833,0.128167,176,2002080404,0.,1,"","","","","","","","","","","","","","","","","","","","","","","","","","","","","","","","","","",12.9,1,"","","","","","","","","","","","","","","","","","","","","","","","","","","","",100,1,"","","","","","","","","","","","","","","","","","","","","","","","","","","","","","","","","","","","","","","","","","","","","","","","","","","","","","","","","","","","","","","","","","","","","","","","","","","","","","","","","","","","","","","","","","","","","","","","","","",0,1,"","","","","","","","","","","","","","","","","","","","","","","","","","","","","",""
"61328002","LE PIN-AU-HARAS -INRAE",48.735833,0.128167,176,2002080405,0.,1,"","","","","","","","","","","","","","","","","","","","","","","","","","","","","","","","","","",12.7,1,"","","","","","","","","","","","","","","","","","","","","","","","","","","","",100,1,"","","","","","","","","","","","","","","","","","","","","","","","","","","","","","","","","","","","","","","","","","","","","","","","","","","","","","","","","","","","","","","","","","","","","","","","","","","","","","","","","","","","","","","","","","","","","","","","","","",0,1,"","","","","","","","","","","","","","","","","","","","","","","","","","","","","",""
"61328002","LE PIN-AU-HARAS -INRAE",48.735833,0.128167,176,2002080406,0.,1,"","","","","","","","","","","","","","","","","","","","","","","","","","","","","","","","","","",13.6,1,"","","","","","","","","","","","","","","","","","","","","","","","","","","","",100,1,"","","","","","","","","","","","","","","","","","","","","","","","","","","","","","","","","","","","","","","","","","","","","","","","","","","","","","","","","","","","","","","","","","","","","","","","","","","","","","","","","","","","","","","","","","","","","","","","","","",6,1,"","","","","","","","","","","","","","","","","","","","","","","","","","","","","",""
"61328002","LE PIN-AU-HARAS -INRAE",48.735833,0.128167,176,2002080407,3.,1,"","","","","","","","","","","","","","","","","","","","","","","","","","","","","","","","","","",13.9,1,"","","","","","","","","","","","","","","","","","","","","","","","","","","","",100,1,"","","","","","","","","","","","","","","","","","","","","","","","","","","","","","","","","","","","","","","","","","","","","","","","","","","","","","","","","","","","","","","","","","","","","","","","","","","","","","","","","","","","","","","","","","","","","","","","","","",8,1,"","","","","","","","","","","","","","","","","","","","","","","","","","","","","",""
"61328002","LE PIN-AU-HARAS -INRAE",48.735833,0.128167,176,2002080408,0.,1,"","","","","","","","","","","","","","","","","","","","","","","","","","","","","","","","","","",14.9,1,"","","","","","","","","","","","","","","","","","","","","","","","","","","","",100,1,"","","","","","","","","","","","","","","","","","","","","","","","","","","","","","","","","","","","","","","","","","","","","","","","","","","","","","","","","","","","","","","","","","","","","","","","","","","","","","","","","","","","","","","","","","","","","","","","","","",36,1,"","","","","","","","","","","","","","","","","","","","","","","","","","","","","",""
"61328002","LE PIN-AU-HARAS -INRAE",48.735833,0.128167,176,2002080409,0.,1,"","","","","","","","","","","","","","","","","","","","","","","","","","","","","","","","","","",16.2,1,"","","","","","","","","","","","","","","","","","","","","","","","","","","","",100,1,"","","","","","","","","","","","","","","","","","","","","","","","","","","","","","","","","","","","","","","","","","","","","","","","","","","","","","","","","","","","","","","","","","","","","","","","","","","","","","","","","","","","","","","","","","","","","","","","","","",74,1,"","","","","","","","","","","","","","","","","","","","","","","","","","","","","",""
"61328002","LE PIN-AU-HARAS -INRAE",48.735833,0.128167,176,2002080410,0.,1,"","","","","","","","","","","","","","","","","","","","","","","","","","","","","","","","","","",17.9,1,"","","","","","","","","","","","","","","","","","","","","","","","","","","","",90,1,"","","","","","","","","","","","","","","","","","","","","","","","","","","","","","","","","","","","","","","","","","","","","","","","","","","","","","","","","","","","","","","","","","","","","","","","","","","","","","","","","","","","","","","","","","","","","","","","","","",110,1,"","","","","","","","","","","","","","","","","","","","","","","","","","","","","",""
"61328002","LE PIN-AU-HARAS -INRAE",48.735833,0.128167,176,2002080411,0.,1,"","","","","","","","","","","","","","","","","","","","","","","","","","","","","","","","","","",20.,1,"","","","","","","","","","","","","","","","","","","","","","","","","","","","",82,1,"","","","","","","","","","","","","","","","","","","","","","","","","","","","","","","","","","","","","","","","","","","","","","","","","","","","","","","","","","","","","","","","","","","","","","","","","","","","","","","","","","","","","","","","","","","","","","","","","","",208,1,"","","","","","","","","","","","","","","","","","","","","","","","","","","","","",""
"61328002","LE PIN-AU-HARAS -INRAE",48.735833,0.128167,176,2002080412,0.,1,"","","","","","","","","","","","","","","","","","","","","","","","","","","","","","","","","","",17.4,1,"","","","","","","","","","","","","","","","","","","","","","","","","","","","",79,1,"","","","","","","","","","","","","","","","","","","","","","","","","","","","","","","","","","","","","","","","","","","","","","","","","","","","","","","","","","","","","","","","","","","","","","","","","","","","","","","","","","","","","","","","","","","","","","","","","","",160,1,"","","","","","","","","","","","","","","","","","","","","","","","","","","","","",""
"61328002","LE PIN-AU-HARAS -INRAE",48.735833,0.128167,176,2002080413,2.,1,"","","","","","","","","","","","","","","","","","","","","","","","","","","","","","","","","","",19.,1,"","","","","","","","","","","","","","","","","","","","","","","","","","","","",80,1,"","","","","","","","","","","","","","","","","","","","","","","","","","","","","","","","","","","","","","","","","","","","","","","","","","","","","","","","","","","","","","","","","","","","","","","","","","","","","","","","","","","","","","","","","","","","","","","","","","",114,1,"","","","","","","","","","","","","","","","","","","","","","","","","","","","","",""
"61328002","LE PIN-AU-HARAS -INRAE",48.735833,0.128167,176,2002080414,0.,1,"","","","","","","","","","","","","","","","","","","","","","","","","","","","","","","","","","",20.6,1,"","","","","","","","","","","","","","","","","","","","","","","","","","","","",74,1,"","","","","","","","","","","","","","","","","","","","","","","","","","","","","","","","","","","","","","","","","","","","","","","","","","","","","","","","","","","","","","","","","","","","","","","","","","","","","","","","","","","","","","","","","","","","","","","","","","",194,1,"","","","","","","","","","","","","","","","","","","","","","","","","","","","","",""
"61328002","LE PIN-AU-HARAS -INRAE",48.735833,0.128167,176,2002080415,0.5,1,"","","","","","","","","","","","","","","","","","","","","","","","","","","","","","","","","","",15.5,1,"","","","","","","","","","","","","","","","","","","","","","","","","","","","",87,1,"","","","","","","","","","","","","","","","","","","","","","","","","","","","","","","","","","","","","","","","","","","","","","","","","","","","","","","","","","","","","","","","","","","","","","","","","","","","","","","","","","","","","","","","","","","","","","","","","","",68,1,"","","","","","","","","","","","","","","","","","","","","","","","","","","","","",""
"61328002","LE PIN-AU-HARAS -INRAE",48.735833,0.128167,176,2002080416,8.,1,"","","","","","","","","","","","","","","","","","","","","","","","","","","","","","","","","","",14.4,1,"","","","","","","","","","","","","","","","","","","","","","","","","","","","",97,1,"","","","","","","","","","","","","","","","","","","","","","","","","","","","","","","","","","","","","","","","","","","","","","","","","","","","","","","","","","","","","","","","","","","","","","","","","","","","","","","","","","","","","","","","","","","","","","","","","","",14,1,"","","","","","","","","","","","","","","","","","","","","","","","","","","","","",""
"61328002","LE PIN-AU-HARAS -INRAE",48.735833,0.128167,176,2002080417,1.,1,"","","","","","","","","","","","","","","","","","","","","","","","","","","","","","","","","","",15.9,1,"","","","","","","","","","","","","","","","","","","","","","","","","","","","",99,1,"","","","","","","","","","","","","","","","","","","","","","","","","","","","","","","","","","","","","","","","","","","","","","","","","","","","","","","","","","","","","","","","","","","","","","","","","","","","","","","","","","","","","","","","","","","","","","","","","","",32,1,"","","","","","","","","","","","","","","","","","","","","","","","","","","","","",""
"61328002","LE PIN-AU-HARAS -INRAE",48.735833,0.128167,176,2002080418,0.5,1,"","","","","","","","","","","","","","","","","","","","","","","","","","","","","","","","","","",15.1,1,"","","","","","","","","","","","","","","","","","","","","","","","","","","","",95,1,"","","","","","","","","","","","","","","","","","","","","","","","","","","","","","","","","","","","","","","","","","","","","","","","","","","","","","","","","","","","","","","","","","","","","","","","","","","","","","","","","","","","","","","","","","","","","","","","","","",22,1,"","","","","","","","","","","","","","","","","","","","","","","","","","","","","",""
"61328002","LE PIN-AU-HARAS -INRAE",48.735833,0.128167,176,2002080419,0.,1,"","","","","","","","","","","","","","","","","","","","","","","","","","","","","","","","","","",15.,1,"","","","","","","","","","","","","","","","","","","","","","","","","","","","",98,1,"","","","","","","","","","","","","","","","","","","","","","","","","","","","","","","","","","","","","","","","","","","","","","","","","","","","","","","","","","","","","","","","","","","","","","","","","","","","","","","","","","","","","","","","","","","","","","","","","","",8,1,"","","","","","","","","","","","","","","","","","","","","","","","","","","","","",""
"61328002","LE PIN-AU-HARAS -INRAE",48.735833,0.128167,176,2002080420,0.,1,"","","","","","","","","","","","","","","","","","","","","","","","","","","","","","","","","","",14.5,1,"","","","","","","","","","","","","","","","","","","","","","","","","","","","",99,1,"","","","","","","","","","","","","","","","","","","","","","","","","","","","","","","","","","","","","","","","","","","","","","","","","","","","","","","","","","","","","","","","","","","","","","","","","","","","","","","","","","","","","","","","","","","","","","","","","","",2,1,"","","","","","","","","","","","","","","","","","","","","","","","","","","","","",""
"61328002","LE PIN-AU-HARAS -INRAE",48.735833,0.128167,176,2002080421,0.,1,"","","","","","","","","","","","","","","","","","","","","","","","","","","","","","","","","","",13.4,1,"","","","","","","","","","","","","","","","","","","","","","","","","","","","",100,1,"","","","","","","","","","","","","","","","","","","","","","","","","","","","","","","","","","","","","","","","","","","","","","","","","","","","","","","","","","","","","","","","","","","","","","","","","","","","","","","","","","","","","","","","","","","","","","","","","","",0,1,"","","","","","","","","","","","","","","","","","","","","","","","","","","","","",""
"61328002","LE PIN-AU-HARAS -INRAE",48.735833,0.128167,176,2002080422,0.,1,"","","","","","","","","","","","","","","","","","","","","","","","","","","","","","","","","","",13.6,1,"","","","","","","","","","","","","","","","","","","","","","","","","","","","",100,1,"","","","","","","","","","","","","","","","","","","","","","","","","","","","","","","","","","","","","","","","","","","","","","","","","","","","","","","","","","","","","","","","","","","","","","","","","","","","","","","","","","","","","","","","","","","","","","","","","","",0,1,"","","","","","","","","","","","","","","","","","","","","","","","","","","","","",""
"61328002","LE PIN-AU-HARAS -INRAE",48.735833,0.128167,176,2002080423,0.,1,"","","","","","","","","","","","","","","","","","","","","","","","","","","","","","","","","","",13.6,1,"","","","","","","","","","","","","","","","","","","","","","","","","","","","",100,1,"","","","","","","","","","","","","","","","","","","","","","","","","","","","","","","","","","","","","","","","","","","","","","","","","","","","","","","","","","","","","","","","","","","","","","","","","","","","","","","","","","","","","","","","","","","","","","","","","","",0,1,"","","","","","","","","","","","","","","","","","","","","","","","","","","","","",""
"61328002","LE PIN-AU-HARAS -INRAE",48.735833,0.128167,176,2002080500,0.,1,"","","","","","","","","","","","","","","","","","","","","","","","","","","","","","","","","","",13.,1,"","","","","","","","","","","","","","","","","","","","","","","","","","","","",100,1,"","","","","","","","","","","","","","","","","","","","","","","","","","","","","","","","","","","","","","","","","","","","","","","","","","","","","","","","","","","","","","","","","","","","","","","","","","","","","","","","","","","","","","","","","","","","","","","","","","",0,1,"","","","","","","","","","","","","","","","","","","","","","","","","","","","","",""
"61328002","LE PIN-AU-HARAS -INRAE",48.735833,0.128167,176,2002080501,0.,1,"","","","","","","","","","","","","","","","","","","","","","","","","","","","","","","","","","",12.9,1,"","","","","","","","","","","","","","","","","","","","","","","","","","","","",100,1,"","","","","","","","","","","","","","","","","","","","","","","","","","","","","","","","","","","","","","","","","","","","","","","","","","","","","","","","","","","","","","","","","","","","","","","","","","","","","","","","","","","","","","","","","","","","","","","","","","",0,1,"","","","","","","","","","","","","","","","","","","","","","","","","","","","","",""
"61328002","LE PIN-AU-HARAS -INRAE",48.735833,0.128167,176,2002080502,0.,1,"","","","","","","","","","","","","","","","","","","","","","","","","","","","","","","","","","",12.6,1,"","","","","","","","","","","","","","","","","","","","","","","","","","","","",100,1,"","","","","","","","","","","","","","","","","","","","","","","","","","","","","","","","","","","","","","","","","","","","","","","","","","","","","","","","","","","","","","","","","","","","","","","","","","","","","","","","","","","","","","","","","","","","","","","","","","",0,1,"","","","","","","","","","","","","","","","","","","","","","","","","","","","","",""
"61328002","LE PIN-AU-HARAS -INRAE",48.735833,0.128167,176,2002080503,0.,1,"","","","","","","","","","","","","","","","","","","","","","","","","","","","","","","","","","",12.,1,"","","","","","","","","","","","","","","","","","","","","","","","","","","","",100,1,"","","","","","","","","","","","","","","","","","","","","","","","","","","","","","","","","","","","","","","","","","","","","","","","","","","","","","","","","","","","","","","","","","","","","","","","","","","","","","","","","","","","","","","","","","","","","","","","","","",0,1,"","","","","","","","","","","","","","","","","","","","","","","","","","","","","",""
"61328002","LE PIN-AU-HARAS -INRAE",48.735833,0.128167,176,2002080504,0.,1,"","","","","","","","","","","","","","","","","","","","","","","","","","","","","","","","","","",11.4,1,"","","","","","","","","","","","","","","","","","","","","","","","","","","","",100,1,"","","","","","","","","","","","","","","","","","","","","","","","","","","","","","","","","","","","","","","","","","","","","","","","","","","","","","","","","","","","","","","","","","","","","","","","","","","","","","","","","","","","","","","","","","","","","","","","","","",0,1,"","","","","","","","","","","","","","","","","","","","","","","","","","","","","",""
"61328002","LE PIN-AU-HARAS -INRAE",48.735833,0.128167,176,2002080505,0.,1,"","","","","","","","","","","","","","","","","","","","","","","","","","","","","","","","","","",11.9,1,"","","","","","","","","","","","","","","","","","","","","","","","","","","","",100,1,"","","","","","","","","","","","","","","","","","","","","","","","","","","","","","","","","","","","","","","","","","","","","","","","","","","","","","","","","","","","","","","","","","","","","","","","","","","","","","","","","","","","","","","","","","","","","","","","","","",0,1,"","","","","","","","","","","","","","","","","","","","","","","","","","","","","",""
"61328002","LE PIN-AU-HARAS -INRAE",48.735833,0.128167,176,2002080506,0.,1,"","","","","","","","","","","","","","","","","","","","","","","","","","","","","","","","","","",13.,1,"","","","","","","","","","","","","","","","","","","","","","","","","","","","",100,1,"","","","","","","","","","","","","","","","","","","","","","","","","","","","","","","","","","","","","","","","","","","","","","","","","","","","","","","","","","","","","","","","","","","","","","","","","","","","","","","","","","","","","","","","","","","","","","","","","","",14,1,"","","","","","","","","","","","","","","","","","","","","","","","","","","","","",""
"61328002","LE PIN-AU-HARAS -INRAE",48.735833,0.128167,176,2002080507,0.,1,"","","","","","","","","","","","","","","","","","","","","","","","","","","","","","","","","","",14.,1,"","","","","","","","","","","","","","","","","","","","","","","","","","","","",100,1,"","","","","","","","","","","","","","","","","","","","","","","","","","","","","","","","","","","","","","","","","","","","","","","","","","","","","","","","","","","","","","","","","","","","","","","","","","","","","","","","","","","","","","","","","","","","","","","","","","",30,1,"","","","","","","","","","","","","","","","","","","","","","","","","","","","","",""
"61328002","LE PIN-AU-HARAS -INRAE",48.735833,0.128167,176,2002080508,0.,1,"","","","","","","","","","","","","","","","","","","","","","","","","","","","","","","","","","",15.2,1,"","","","","","","","","","","","","","","","","","","","","","","","","","","","",100,1,"","","","","","","","","","","","","","","","","","","","","","","","","","","","","","","","","","","","","","","","","","","","","","","","","","","","","","","","","","","","","","","","","","","","","","","","","","","","","","","","","","","","","","","","","","","","","","","","","","",56,1,"","","","","","","","","","","","","","","","","","","","","","","","","","","","","",""
"61328002","LE PIN-AU-HARAS -INRAE",48.735833,0.128167,176,2002080509,0.,1,"","","","","","","","","","","","","","","","","","","","","","","","","","","","","","","","","","",16.1,1,"","","","","","","","","","","","","","","","","","","","","","","","","","","","",100,1,"","","","","","","","","","","","","","","","","","","","","","","","","","","","","","","","","","","","","","","","","","","","","","","","","","","","","","","","","","","","","","","","","","","","","","","","","","","","","","","","","","","","","","","","","","","","","","","","","","",80,1,"","","","","","","","","","","","","","","","","","","","","","","","","","","","","",""
"61328002","LE PIN-AU-HARAS -INRAE",48.735833,0.128167,176,2002080510,0.5,1,"","","","","","","","","","","","","","","","","","","","","","","","","","","","","","","","","","",15.7,1,"","","","","","","","","","","","","","","","","","","","","","","","","","","","",98,1,"","","","","","","","","","","","","","","","","","","","","","","","","","","","","","","","","","","","","","","","","","","","","","","","","","","","","","","","","","","","","","","","","","","","","","","","","","","","","","","","","","","","","","","","","","","","","","","","","","",36,1,"","","","","","","","","","","","","","","","","","","","","","","","","","","","","",""
"61328002","LE PIN-AU-HARAS -INRAE",48.735833,0.128167,176,2002080511,1.,1,"","","","","","","","","","","","","","","","","","","","","","","","","","","","","","","","","","",15.2,1,"","","","","","","","","","","","","","","","","","","","","","","","","","","","",98,1,"","","","","","","","","","","","","","","","","","","","","","","","","","","","","","","","","","","","","","","","","","","","","","","","","","","","","","","","","","","","","","","","","","","","","","","","","","","","","","","","","","","","","","","","","","","","","","","","","","",28,1,"","","","","","","","","","","","","","","","","","","","","","","","","","","","","",""
"61328002","LE PIN-AU-HARAS -INRAE",48.735833,0.128167,176,2002080512,1.,1,"","","","","","","","","","","","","","","","","","","","","","","","","","","","","","","","","","",16.6,1,"","","","","","","","","","","","","","","","","","","","","","","","","","","","",91,1,"","","","","","","","","","","","","","","","","","","","","","","","","","","","","","","","","","","","","","","","","","","","","","","","","","","","","","","","","","","","","","","","","","","","","","","","","","","","","","","","","","","","","","","","","","","","","","","","","","",94,1,"","","","","","","","","","","","","","","","","","","","","","","","","","","","","",""
"61328002","LE PIN-AU-HARAS -INRAE",48.735833,0.128167,176,2002080513,0.,1,"","","","","","","","","","","","","","","","","","","","","","","","","","","","","","","","","","",18.7,1,"","","","","","","","","","","","","","","","","","","","","","","","","","","","",82,1,"","","","","","","","","","","","","","","","","","","","","","","","","","","","","","","","","","","","","","","","","","","","","","","","","","","","","","","","","","","","","","","","","","","","","","","","","","","","","","","","","","","","","","","","","","","","","","","","","","",166,1,"","","","","","","","","","","","","","","","","","","","","","","","","","","","","",""
"61328002","LE PIN-AU-HARAS -INRAE",48.735833,0.128167,176,2002080514,0.,1,"","","","","","","","","","","","","","","","","","","","","","","","","","","","","","","","","","",20.1,1,"","","","","","","","","","","","","","","","","","","","","","","","","","","","",70,1,"","","","","","","","","","","","","","","","","","","","","","","","","","","","","","","","","","","","","","","","","","","","","","","","","","","","","","","","","","","","","","","","","","","","","","","","","","","","","","","","","","","","","","","","","","","","","","","","","","",232,1,"","","","","","","","","","","","","","","","","","","","","","","","","","","","","",""
"61328002","LE PIN-AU-HARAS -INRAE",48.735833,0.128167,176,2002080515,0.,1,"","","","","","","","","","","","","","","","","","","","","","","","","","","","","","","","","","",19.3,1,"","","","","","","","","","","","","","","","","","","","","","","","","","","","",74,1,"","","","","","","","","","","","","","","","","","","","","","","","","","","","","","","","","","","","","","","","","","","","","","","","","","","","","","","","","","","","","","","","","","","","","","","","","","","","","","","","","","","","","","","","","","","","","","","","","","",164,1,"","","","","","","","","","","","","","","","","","","","","","","","","","","","","",""
"61328002","LE PIN-AU-HARAS -INRAE",48.735833,0.128167,176,2002080516,0.5,1,"","","","","","","","","","","","","","","","","","","","","","","","","","","","","","","","","","",16.7,1,"","","","","","","","","","","","","","","","","","","","","","","","","","","","",91,1,"","","","","","","","","","","","","","","","","","","","","","","","","","","","","","","","","","","","","","","","","","","","","","","","","","","","","","","","","","","","","","","","","","","","","","","","","","","","","","","","","","","","","","","","","","","","","","","","","","",30,1,"","","","","","","","","","","","","","","","","","","","","","","","","","","","","",""
"61328002","LE PIN-AU-HARAS -INRAE",48.735833,0.128167,176,2002080517,0.,1,"","","","","","","","","","","","","","","","","","","","","","","","","","","","","","","","","","",17.1,1,"","","","","","","","","","","","","","","","","","","","","","","","","","","","",87,1,"","","","","","","","","","","","","","","","","","","","","","","","","","","","","","","","","","","","","","","","","","","","","","","","","","","","","","","","","","","","","","","","","","","","","","","","","","","","","","","","","","","","","","","","","","","","","","","","","","",64,1,"","","","","","","","","","","","","","","","","","","","","","","","","","","","","",""
"61328002","LE PIN-AU-HARAS -INRAE",48.735833,0.128167,176,2002080518,0.,1,"","","","","","","","","","","","","","","","","","","","","","","","","","","","","","","","","","",16.6,1,"","","","","","","","","","","","","","","","","","","","","","","","","","","","",91,1,"","","","","","","","","","","","","","","","","","","","","","","","","","","","","","","","","","","","","","","","","","","","","","","","","","","","","","","","","","","","","","","","","","","","","","","","","","","","","","","","","","","","","","","","","","","","","","","","","","",44,1,"","","","","","","","","","","","","","","","","","","","","","","","","","","","","",""
"61328002","LE PIN-AU-HARAS -INRAE",48.735833,0.128167,176,2002080519,0.,1,"","","","","","","","","","","","","","","","","","","","","","","","","","","","","","","","","","",16.2,1,"","","","","","","","","","","","","","","","","","","","","","","","","","","","",94,1,"","","","","","","","","","","","","","","","","","","","","","","","","","","","","","","","","","","","","","","","","","","","","","","","","","","","","","","","","","","","","","","","","","","","","","","","","","","","","","","","","","","","","","","","","","","","","","","","","","",8,1,"","","","","","","","","","","","","","","","","","","","","","","","","","","","","",""
"61328002","LE PIN-AU-HARAS -INRAE",48.735833,0.128167,176,2002080520,0.,1,"","","","","","","","","","","","","","","","","","","","","","","","","","","","","","","","","","",15.5,1,"","","","","","","","","","","","","","","","","","","","","","","","","","","","",97,1,"","","","","","","","","","","","","","","","","","","","","","","","","","","","","","","","","","","","","","","","","","","","","","","","","","","","","","","","","","","","","","","","","","","","","","","","","","","","","","","","","","","","","","","","","","","","","","","","","","",2,1,"","","","","","","","","","","","","","","","","","","","","","","","","","","","","",""
"61328002","LE PIN-AU-HARAS -INRAE",48.735833,0.128167,176,2002080521,0.,1,"","","","","","","","","","","","","","","","","","","","","","","","","","","","","","","","","","",15.3,1,"","","","","","","","","","","","","","","","","","","","","","","","","","","","",100,1,"","","","","","","","","","","","","","","","","","","","","","","","","","","","","","","","","","","","","","","","","","","","","","","","","","","","","","","","","","","","","","","","","","","","","","","","","","","","","","","","","","","","","","","","","","","","","","","","","","",0,1,"","","","","","","","","","","","","","","","","","","","","","","","","","","","","",""
"61328002","LE PIN-AU-HARAS -INRAE",48.735833,0.128167,176,2002080522,0.,1,"","","","","","","","","","","","","","","","","","","","","","","","","","","","","","","","","","",14.7,1,"","","","","","","","","","","","","","","","","","","","","","","","","","","","",100,1,"","","","","","","","","","","","","","","","","","","","","","","","","","","","","","","","","","","","","","","","","","","","","","","","","","","","","","","","","","","","","","","","","","","","","","","","","","","","","","","","","","","","","","","","","","","","","","","","","","",0,1,"","","","","","","","","","","","","","","","","","","","","","","","","","","","","",""
"61328002","LE PIN-AU-HARAS -INRAE",48.735833,0.128167,176,2002080523,0.,1,"","","","","","","","","","","","","","","","","","","","","","","","","","","","","","","","","","",14.6,1,"","","","","","","","","","","","","","","","","","","","","","","","","","","","",100,1,"","","","","","","","","","","","","","","","","","","","","","","","","","","","","","","","","","","","","","","","","","","","","","","","","","","","","","","","","","","","","","","","","","","","","","","","","","","","","","","","","","","","","","","","","","","","","","","","","","",0,1,"","","","","","","","","","","","","","","","","","","","","","","","","","","","","",""
"61328002","LE PIN-AU-HARAS -INRAE",48.735833,0.128167,176,2002080600,0.,1,"","","","","","","","","","","","","","","","","","","","","","","","","","","","","","","","","","",14.8,1,"","","","","","","","","","","","","","","","","","","","","","","","","","","","",100,1,"","","","","","","","","","","","","","","","","","","","","","","","","","","","","","","","","","","","","","","","","","","","","","","","","","","","","","","","","","","","","","","","","","","","","","","","","","","","","","","","","","","","","","","","","","","","","","","","","","",0,1,"","","","","","","","","","","","","","","","","","","","","","","","","","","","","",""
"61328002","LE PIN-AU-HARAS -INRAE",48.735833,0.128167,176,2002080601,0.,1,"","","","","","","","","","","","","","","","","","","","","","","","","","","","","","","","","","",14.3,1,"","","","","","","","","","","","","","","","","","","","","","","","","","","","",100,1,"","","","","","","","","","","","","","","","","","","","","","","","","","","","","","","","","","","","","","","","","","","","","","","","","","","","","","","","","","","","","","","","","","","","","","","","","","","","","","","","","","","","","","","","","","","","","","","","","","",0,1,"","","","","","","","","","","","","","","","","","","","","","","","","","","","","",""
"61328002","LE PIN-AU-HARAS -INRAE",48.735833,0.128167,176,2002080602,0.,1,"","","","","","","","","","","","","","","","","","","","","","","","","","","","","","","","","","",14.1,1,"","","","","","","","","","","","","","","","","","","","","","","","","","","","",100,1,"","","","","","","","","","","","","","","","","","","","","","","","","","","","","","","","","","","","","","","","","","","","","","","","","","","","","","","","","","","","","","","","","","","","","","","","","","","","","","","","","","","","","","","","","","","","","","","","","","",0,1,"","","","","","","","","","","","","","","","","","","","","","","","","","","","","",""
"61328002","LE PIN-AU-HARAS -INRAE",48.735833,0.128167,176,2002080603,0.,1,"","","","","","","","","","","","","","","","","","","","","","","","","","","","","","","","","","",13.7,1,"","","","","","","","","","","","","","","","","","","","","","","","","","","","",100,1,"","","","","","","","","","","","","","","","","","","","","","","","","","","","","","","","","","","","","","","","","","","","","","","","","","","","","","","","","","","","","","","","","","","","","","","","","","","","","","","","","","","","","","","","","","","","","","","","","","",0,1,"","","","","","","","","","","","","","","","","","","","","","","","","","","","","",""
"61328002","LE PIN-AU-HARAS -INRAE",48.735833,0.128167,176,2002080604,0.,1,"","","","","","","","","","","","","","","","","","","","","","","","","","","","","","","","","","",13.4,1,"","","","","","","","","","","","","","","","","","","","","","","","","","","","",100,1,"","","","","","","","","","","","","","","","","","","","","","","","","","","","","","","","","","","","","","","","","","","","","","","","","","","","","","","","","","","","","","","","","","","","","","","","","","","","","","","","","","","","","","","","","","","","","","","","","","",0,1,"","","","","","","","","","","","","","","","","","","","","","","","","","","","","",""
"61328002","LE PIN-AU-HARAS -INRAE",48.735833,0.128167,176,2002080605,0.,1,"","","","","","","","","","","","","","","","","","","","","","","","","","","","","","","","","","",13.4,1,"","","","","","","","","","","","","","","","","","","","","","","","","","","","",100,1,"","","","","","","","","","","","","","","","","","","","","","","","","","","","","","","","","","","","","","","","","","","","","","","","","","","","","","","","","","","","","","","","","","","","","","","","","","","","","","","","","","","","","","","","","","","","","","","","","","",0,1,"","","","","","","","","","","","","","","","","","","","","","","","","","","","","",""
"61328002","LE PIN-AU-HARAS -INRAE",48.735833,0.128167,176,2002080606,0.,1,"","","","","","","","","","","","","","","","","","","","","","","","","","","","","","","","","","",13.1,1,"","","","","","","","","","","","","","","","","","","","","","","","","","","","",100,1,"","","","","","","","","","","","","","","","","","","","","","","","","","","","","","","","","","","","","","","","","","","","","","","","","","","","","","","","","","","","","","","","","","","","","","","","","","","","","","","","","","","","","","","","","","","","","","","","","","",8,1,"","","","","","","","","","","","","","","","","","","","","","","","","","","","","",""
"61328002","LE PIN-AU-HARAS -INRAE",48.735833,0.128167,176,2002080607,0.,1,"","","","","","","","","","","","","","","","","","","","","","","","","","","","","","","","","","",14.,1,"","","","","","","","","","","","","","","","","","","","","","","","","","","","",100,1,"","","","","","","","","","","","","","","","","","","","","","","","","","","","","","","","","","","","","","","","","","","","","","","","","","","","","","","","","","","","","","","","","","","","","","","","","","","","","","","","","","","","","","","","","","","","","","","","","","",18,1,"","","","","","","","","","","","","","","","","","","","","","","","","","","","","",""
"61328002","LE PIN-AU-HARAS -INRAE",48.735833,0.128167,176,2002080608,0.,1,"","","","","","","","","","","","","","","","","","","","","","","","","","","","","","","","","","",14.6,1,"","","","","","","","","","","","","","","","","","","","","","","","","","","","",100,1,"","","","","","","","","","","","","","","","","","","","","","","","","","","","","","","","","","","","","","","","","","","","","","","","","","","","","","","","","","","","","","","","","","","","","","","","","","","","","","","","","","","","","","","","","","","","","","","","","","",40,1,"","","","","","","","","","","","","","","","","","","","","","","","","","","","","",""
"61328002","LE PIN-AU-HARAS -INRAE",48.735833,0.128167,176,2002080609,0.,1,"","","","","","","","","","","","","","","","","","","","","","","","","","","","","","","","","","",16.1,1,"","","","","","","","","","","","","","","","","","","","","","","","","","","","",97,1,"","","","","","","","","","","","","","","","","","","","","","","","","","","","","","","","","","","","","","","","","","","","","","","","","","","","","","","","","","","","","","","","","","","","","","","","","","","","","","","","","","","","","","","","","","","","","","","","","","",76,1,"","","","","","","","","","","","","","","","","","","","","","","","","","","","","",""
"61328002","LE PIN-AU-HARAS -INRAE",48.735833,0.128167,176,2002080610,0.,1,"","","","","","","","","","","","","","","","","","","","","","","","","","","","","","","","","","",17.,1,"","","","","","","","","","","","","","","","","","","","","","","","","","","","",92,1,"","","","","","","","","","","","","","","","","","","","","","","","","","","","","","","","","","","","","","","","","","","","","","","","","","","","","","","","","","","","","","","","","","","","","","","","","","","","","","","","","","","","","","","","","","","","","","","","","","",76,1,"","","","","","","","","","","","","","","","","","","","","","","","","","","","","",""
"61328002","LE PIN-AU-HARAS -INRAE",48.735833,0.128167,176,2002080611,0.,1,"","","","","","","","","","","","","","","","","","","","","","","","","","","","","","","","","","",19.3,1,"","","","","","","","","","","","","","","","","","","","","","","","","","","","",82,1,"","","","","","","","","","","","","","","","","","","","","","","","","","","","","","","","","","","","","","","","","","","","","","","","","","","","","","","","","","","","","","","","","","","","","","","","","","","","","","","","","","","","","","","","","","","","","","","","","","",138,1,"","","","","","","","","","","","","","","","","","","","","","","","","","","","","",""
"61328002","LE PIN-AU-HARAS -INRAE",48.735833,0.128167,176,2002080612,0.,1,"","","","","","","","","","","","","","","","","","","","","","","","","","","","","","","","","","",19.,1,"","","","","","","","","","","","","","","","","","","","","","","","","","","","",77,1,"","","","","","","","","","","","","","","","","","","","","","","","","","","","","","","","","","","","","","","","","","","","","","","","","","","","","","","","","","","","","","","","","","","","","","","","","","","","","","","","","","","","","","","","","","","","","","","","","","",106,1,"","","","","","","","","","","","","","","","","","","","","","","","","","","","","",""
"61328002","LE PIN-AU-HARAS -INRAE",48.735833,0.128167,176,2002080613,0.,1,"","","","","","","","","","","","","","","","","","","","","","","","","","","","","","","","","","",19.7,1,"","","","","","","","","","","","","","","","","","","","","","","","","","","","",67,1,"","","","","","","","","","","","","","","","","","","","","","","","","","","","","","","","","","","","","","","","","","","","","","","","","","","","","","","","","","","","","","","","","","","","","","","","","","","","","","","","","","","","","","","","","","","","","","","","","","",168,1,"","","","","","","","","","","","","","","","","","","","","","","","","","","","","",""
"61328002","LE PIN-AU-HARAS -INRAE",48.735833,0.128167,176,2002080614,0.,1,"","","","","","","","","","","","","","","","","","","","","","","","","","","","","","","","","","",18.8,1,"","","","","","","","","","","","","","","","","","","","","","","","","","","","",71,1,"","","","","","","","","","","","","","","","","","","","","","","","","","","","","","","","","","","","","","","","","","","","","","","","","","","","","","","","","","","","","","","","","","","","","","","","","","","","","","","","","","","","","","","","","","","","","","","","","","",154,1,"","","","","","","","","","","","","","","","","","","","","","","","","","","","","",""
"61328002","LE PIN-AU-HARAS -INRAE",48.735833,0.128167,176,2002080615,0.,1,"","","","","","","","","","","","","","","","","","","","","","","","","","","","","","","","","","",20.,1,"","","","","","","","","","","","","","","","","","","","","","","","","","","","",72,1,"","","","","","","","","","","","","","","","","","","","","","","","","","","","","","","","","","","","","","","","","","","","","","","","","","","","","","","","","","","","","","","","","","","","","","","","","","","","","","","","","","","","","","","","","","","","","","","","","","",136,1,"","","","","","","","","","","","","","","","","","","","","","","","","","","","","",""
"61328002","LE PIN-AU-HARAS -INRAE",48.735833,0.128167,176,2002080616,0.,1,"","","","","","","","","","","","","","","","","","","","","","","","","","","","","","","","","","",19.7,1,"","","","","","","","","","","","","","","","","","","","","","","","","","","","",72,1,"","","","","","","","","","","","","","","","","","","","","","","","","","","","","","","","","","","","","","","","","","","","","","","","","","","","","","","","","","","","","","","","","","","","","","","","","","","","","","","","","","","","","","","","","","","","","","","","","","",148,1,"","","","","","","","","","","","","","","","","","","","","","","","","","","","","",""
"61328002","LE PIN-AU-HARAS -INRAE",48.735833,0.128167,176,2002080617,0.,1,"","","","","","","","","","","","","","","","","","","","","","","","","","","","","","","","","","",19.8,1,"","","","","","","","","","","","","","","","","","","","","","","","","","","","",67,1,"","","","","","","","","","","","","","","","","","","","","","","","","","","","","","","","","","","","","","","","","","","","","","","","","","","","","","","","","","","","","","","","","","","","","","","","","","","","","","","","","","","","","","","","","","","","","","","","","","",94,1,"","","","","","","","","","","","","","","","","","","","","","","","","","","","","",""
"61328002","LE PIN-AU-HARAS -INRAE",48.735833,0.128167,176,2002080618,0.,1,"","","","","","","","","","","","","","","","","","","","","","","","","","","","","","","","","","",19.6,1,"","","","","","","","","","","","","","","","","","","","","","","","","","","","",74,1,"","","","","","","","","","","","","","","","","","","","","","","","","","","","","","","","","","","","","","","","","","","","","","","","","","","","","","","","","","","","","","","","","","","","","","","","","","","","","","","","","","","","","","","","","","","","","","","","","","",64,1,"","","","","","","","","","","","","","","","","","","","","","","","","","","","","",""
"61328002","LE PIN-AU-HARAS -INRAE",48.735833,0.128167,176,2002080619,0.,1,"","","","","","","","","","","","","","","","","","","","","","","","","","","","","","","","","","",17.5,1,"","","","","","","","","","","","","","","","","","","","","","","","","","","","",82,1,"","","","","","","","","","","","","","","","","","","","","","","","","","","","","","","","","","","","","","","","","","","","","","","","","","","","","","","","","","","","","","","","","","","","","","","","","","","","","","","","","","","","","","","","","","","","","","","","","","",24,1,"","","","","","","","","","","","","","","","","","","","","","","","","","","","","",""
"61328002","LE PIN-AU-HARAS -INRAE",48.735833,0.128167,176,2002080620,0.,1,"","","","","","","","","","","","","","","","","","","","","","","","","","","","","","","","","","",14.8,1,"","","","","","","","","","","","","","","","","","","","","","","","","","","","",94,1,"","","","","","","","","","","","","","","","","","","","","","","","","","","","","","","","","","","","","","","","","","","","","","","","","","","","","","","","","","","","","","","","","","","","","","","","","","","","","","","","","","","","","","","","","","","","","","","","","","",0,1,"","","","","","","","","","","","","","","","","","","","","","","","","","","","","",""
"61328002","LE PIN-AU-HARAS -INRAE",48.735833,0.128167,176,2002080621,0.,1,"","","","","","","","","","","","","","","","","","","","","","","","","","","","","","","","","","",13.2,1,"","","","","","","","","","","","","","","","","","","","","","","","","","","","",97,1,"","","","","","","","","","","","","","","","","","","","","","","","","","","","","","","","","","","","","","","","","","","","","","","","","","","","","","","","","","","","","","","","","","","","","","","","","","","","","","","","","","","","","","","","","","","","","","","","","","",0,1,"","","","","","","","","","","","","","","","","","","","","","","","","","","","","",""
"61328002","LE PIN-AU-HARAS -INRAE",48.735833,0.128167,176,2002080622,0.,1,"","","","","","","","","","","","","","","","","","","","","","","","","","","","","","","","","","",13.7,1,"","","","","","","","","","","","","","","","","","","","","","","","","","","","",100,1,"","","","","","","","","","","","","","","","","","","","","","","","","","","","","","","","","","","","","","","","","","","","","","","","","","","","","","","","","","","","","","","","","","","","","","","","","","","","","","","","","","","","","","","","","","","","","","","","","","",0,1,"","","","","","","","","","","","","","","","","","","","","","","","","","","","","",""
"61328002","LE PIN-AU-HARAS -INRAE",48.735833,0.128167,176,2002080623,0.,1,"","","","","","","","","","","","","","","","","","","","","","","","","","","","","","","","","","",14.5,1,"","","","","","","","","","","","","","","","","","","","","","","","","","","","",100,1,"","","","","","","","","","","","","","","","","","","","","","","","","","","","","","","","","","","","","","","","","","","","","","","","","","","","","","","","","","","","","","","","","","","","","","","","","","","","","","","","","","","","","","","","","","","","","","","","","","",0,1,"","","","","","","","","","","","","","","","","","","","","","","","","","","","","",""
"61328002","LE PIN-AU-HARAS -INRAE",48.735833,0.128167,176,2002080700,0.,1,"","","","","","","","","","","","","","","","","","","","","","","","","","","","","","","","","","",14.4,1,"","","","","","","","","","","","","","","","","","","","","","","","","","","","",100,1,"","","","","","","","","","","","","","","","","","","","","","","","","","","","","","","","","","","","","","","","","","","","","","","","","","","","","","","","","","","","","","","","","","","","","","","","","","","","","","","","","","","","","","","","","","","","","","","","","","",0,1,"","","","","","","","","","","","","","","","","","","","","","","","","","","","","",""
"61328002","LE PIN-AU-HARAS -INRAE",48.735833,0.128167,176,2002080701,0.,1,"","","","","","","","","","","","","","","","","","","","","","","","","","","","","","","","","","",14.6,1,"","","","","","","","","","","","","","","","","","","","","","","","","","","","",100,1,"","","","","","","","","","","","","","","","","","","","","","","","","","","","","","","","","","","","","","","","","","","","","","","","","","","","","","","","","","","","","","","","","","","","","","","","","","","","","","","","","","","","","","","","","","","","","","","","","","",0,1,"","","","","","","","","","","","","","","","","","","","","","","","","","","","","",""
"61328002","LE PIN-AU-HARAS -INRAE",48.735833,0.128167,176,2002080702,0.,1,"","","","","","","","","","","","","","","","","","","","","","","","","","","","","","","","","","",14.9,1,"","","","","","","","","","","","","","","","","","","","","","","","","","","","",100,1,"","","","","","","","","","","","","","","","","","","","","","","","","","","","","","","","","","","","","","","","","","","","","","","","","","","","","","","","","","","","","","","","","","","","","","","","","","","","","","","","","","","","","","","","","","","","","","","","","","",0,1,"","","","","","","","","","","","","","","","","","","","","","","","","","","","","",""
"61328002","LE PIN-AU-HARAS -INRAE",48.735833,0.128167,176,2002080703,0.,1,"","","","","","","","","","","","","","","","","","","","","","","","","","","","","","","","","","",14.9,1,"","","","","","","","","","","","","","","","","","","","","","","","","","","","",100,1,"","","","","","","","","","","","","","","","","","","","","","","","","","","","","","","","","","","","","","","","","","","","","","","","","","","","","","","","","","","","","","","","","","","","","","","","","","","","","","","","","","","","","","","","","","","","","","","","","","",0,1,"","","","","","","","","","","","","","","","","","","","","","","","","","","","","",""
"61328002","LE PIN-AU-HARAS -INRAE",48.735833,0.128167,176,2002080704,0.,1,"","","","","","","","","","","","","","","","","","","","","","","","","","","","","","","","","","",14.9,1,"","","","","","","","","","","","","","","","","","","","","","","","","","","","",100,1,"","","","","","","","","","","","","","","","","","","","","","","","","","","","","","","","","","","","","","","","","","","","","","","","","","","","","","","","","","","","","","","","","","","","","","","","","","","","","","","","","","","","","","","","","","","","","","","","","","",0,1,"","","","","","","","","","","","","","","","","","","","","","","","","","","","","",""
"61328002","LE PIN-AU-HARAS -INRAE",48.735833,0.128167,176,2002080705,0.,1,"","","","","","","","","","","","","","","","","","","","","","","","","","","","","","","","","","",14.1,1,"","","","","","","","","","","","","","","","","","","","","","","","","","","","",100,1,"","","","","","","","","","","","","","","","","","","","","","","","","","","","","","","","","","","","","","","","","","","","","","","","","","","","","","","","","","","","","","","","","","","","","","","","","","","","","","","","","","","","","","","","","","","","","","","","","","",2,1,"","","","","","","","","","","","","","","","","","","","","","","","","","","","","",""
"61328002","LE PIN-AU-HARAS -INRAE",48.735833,0.128167,176,2002080706,0.,1,"","","","","","","","","","","","","","","","","","","","","","","","","","","","","","","","","","",15.5,1,"","","","","","","","","","","","","","","","","","","","","","","","","","","","",100,1,"","","","","","","","","","","","","","","","","","","","","","","","","","","","","","","","","","","","","","","","","","","","","","","","","","","","","","","","","","","","","","","","","","","","","","","","","","","","","","","","","","","","","","","","","","","","","","","","","","",12,1,"","","","","","","","","","","","","","","","","","","","","","","","","","","","","",""
"61328002","LE PIN-AU-HARAS -INRAE",48.735833,0.128167,176,2002080707,0.,1,"","","","","","","","","","","","","","","","","","","","","","","","","","","","","","","","","","",16.7,1,"","","","","","","","","","","","","","","","","","","","","","","","","","","","",97,1,"","","","","","","","","","","","","","","","","","","","","","","","","","","","","","","","","","","","","","","","","","","","","","","","","","","","","","","","","","","","","","","","","","","","","","","","","","","","","","","","","","","","","","","","","","","","","","","","","","",40,1,"","","","","","","","","","","","","","","","","","","","","","","","","","","","","",""
"61328002","LE PIN-AU-HARAS -INRAE",48.735833,0.128167,176,2002080708,0.,1,"","","","","","","","","","","","","","","","","","","","","","","","","","","","","","","","","","",17.2,1,"","","","","","","","","","","","","","","","","","","","","","","","","","","","",91,1,"","","","","","","","","","","","","","","","","","","","","","","","","","","","","","","","","","","","","","","","","","","","","","","","","","","","","","","","","","","","","","","","","","","","","","","","","","","","","","","","","","","","","","","","","","","","","","","","","","",50,1,"","","","","","","","","","","","","","","","","","","","","","","","","","","","","",""
"61328002","LE PIN-AU-HARAS -INRAE",48.735833,0.128167,176,2002080709,0.,1,"","","","","","","","","","","","","","","","","","","","","","","","","","","","","","","","","","",19.1,1,"","","","","","","","","","","","","","","","","","","","","","","","","","","","",86,1,"","","","","","","","","","","","","","","","","","","","","","","","","","","","","","","","","","","","","","","","","","","","","","","","","","","","","","","","","","","","","","","","","","","","","","","","","","","","","","","","","","","","","","","","","","","","","","","","","","",104,1,"","","","","","","","","","","","","","","","","","","","","","","","","","","","","",""
"61328002","LE PIN-AU-HARAS -INRAE",48.735833,0.128167,176,2002080710,0.,1,"","","","","","","","","","","","","","","","","","","","","","","","","","","","","","","","","","",20.7,1,"","","","","","","","","","","","","","","","","","","","","","","","","","","","",77,1,"","","","","","","","","","","","","","","","","","","","","","","","","","","","","","","","","","","","","","","","","","","","","","","","","","","","","","","","","","","","","","","","","","","","","","","","","","","","","","","","","","","","","","","","","","","","","","","","","","",190,1,"","","","","","","","","","","","","","","","","","","","","","","","","","","","","",""
"61328002","LE PIN-AU-HARAS -INRAE",48.735833,0.128167,176,2002080711,0.,1,"","","","","","","","","","","","","","","","","","","","","","","","","","","","","","","","","","",20.9,1,"","","","","","","","","","","","","","","","","","","","","","","","","","","","",73,1,"","","","","","","","","","","","","","","","","","","","","","","","","","","","","","","","","","","","","","","","","","","","","","","","","","","","","","","","","","","","","","","","","","","","","","","","","","","","","","","","","","","","","","","","","","","","","","","","","","",196,1,"","","","","","","","","","","","","","","","","","","","","","","","","","","","","",""
"61328002","LE PIN-AU-HARAS -INRAE",48.735833,0.128167,176,2002080712,0.,1,"","","","","","","","","","","","","","","","","","","","","","","","","","","","","","","","","","",22.8,1,"","","","","","","","","","","","","","","","","","","","","","","","","","","","",68,1,"","","","","","","","","","","","","","","","","","","","","","","","","","","","","","","","","","","","","","","","","","","","","","","","","","","","","","","","","","","","","","","","","","","","","","","","","","","","","","","","","","","","","","","","","","","","","","","","","","",206,1,"","","","","","","","","","","","","","","","","","","","","","","","","","","","","",""
"61328002","LE PIN-AU-HARAS -INRAE",48.735833,0.128167,176,2002080713,0.,1,"","","","","","","","","","","","","","","","","","","","","","","","","","","","","","","","","","",22.4,1,"","","","","","","","","","","","","","","","","","","","","","","","","","","","",61,1,"","","","","","","","","","","","","","","","","","","","","","","","","","","","","","","","","","","","","","","","","","","","","","","","","","","","","","","","","","","","","","","","","","","","","","","","","","","","","","","","","","","","","","","","","","","","","","","","","","",142,1,"","","","","","","","","","","","","","","","","","","","","","","","","","","","","",""
"61328002","LE PIN-AU-HARAS -INRAE",48.735833,0.128167,176,2002080714,0.,1,"","","","","","","","","","","","","","","","","","","","","","","","","","","","","","","","","","",22.,1,"","","","","","","","","","","","","","","","","","","","","","","","","","","","",67,1,"","","","","","","","","","","","","","","","","","","","","","","","","","","","","","","","","","","","","","","","","","","","","","","","","","","","","","","","","","","","","","","","","","","","","","","","","","","","","","","","","","","","","","","","","","","","","","","","","","",86,1,"","","","","","","","","","","","","","","","","","","","","","","","","","","","","",""
"61328002","LE PIN-AU-HARAS -INRAE",48.735833,0.128167,176,2002080715,0.,1,"","","","","","","","","","","","","","","","","","","","","","","","","","","","","","","","","","",21.3,1,"","","","","","","","","","","","","","","","","","","","","","","","","","","","",68,1,"","","","","","","","","","","","","","","","","","","","","","","","","","","","","","","","","","","","","","","","","","","","","","","","","","","","","","","","","","","","","","","","","","","","","","","","","","","","","","","","","","","","","","","","","","","","","","","","","","",90,1,"","","","","","","","","","","","","","","","","","","","","","","","","","","","","",""
"61328002","LE PIN-AU-HARAS -INRAE",48.735833,0.128167,176,2002080716,0.,1,"","","","","","","","","","","","","","","","","","","","","","","","","","","","","","","","","","",20.4,1,"","","","","","","","","","","","","","","","","","","","","","","","","","","","",74,1,"","","","","","","","","","","","","","","","","","","","","","","","","","","","","","","","","","","","","","","","","","","","","","","","","","","","","","","","","","","","","","","","","","","","","","","","","","","","","","","","","","","","","","","","","","","","","","","","","","",88,1,"","","","","","","","","","","","","","","","","","","","","","","","","","","","","",""
"61328002","LE PIN-AU-HARAS -INRAE",48.735833,0.128167,176,2002080717,0.5,1,"","","","","","","","","","","","","","","","","","","","","","","","","","","","","","","","","","",19.4,1,"","","","","","","","","","","","","","","","","","","","","","","","","","","","",93,1,"","","","","","","","","","","","","","","","","","","","","","","","","","","","","","","","","","","","","","","","","","","","","","","","","","","","","","","","","","","","","","","","","","","","","","","","","","","","","","","","","","","","","","","","","","","","","","","","","","",32,1,"","","","","","","","","","","","","","","","","","","","","","","","","","","","","",""
"61328002","LE PIN-AU-HARAS -INRAE",48.735833,0.128167,176,2002080718,0.,1,"","","","","","","","","","","","","","","","","","","","","","","","","","","","","","","","","","",19.5,1,"","","","","","","","","","","","","","","","","","","","","","","","","","","","",83,1,"","","","","","","","","","","","","","","","","","","","","","","","","","","","","","","","","","","","","","","","","","","","","","","","","","","","","","","","","","","","","","","","","","","","","","","","","","","","","","","","","","","","","","","","","","","","","","","","","","",64,1,"","","","","","","","","","","","","","","","","","","","","","","","","","","","","",""
"61328002","LE PIN-AU-HARAS -INRAE",48.735833,0.128167,176,2002080719,0.,1,"","","","","","","","","","","","","","","","","","","","","","","","","","","","","","","","","","",17.4,1,"","","","","","","","","","","","","","","","","","","","","","","","","","","","",94,1,"","","","","","","","","","","","","","","","","","","","","","","","","","","","","","","","","","","","","","","","","","","","","","","","","","","","","","","","","","","","","","","","","","","","","","","","","","","","","","","","","","","","","","","","","","","","","","","","","","",18,1,"","","","","","","","","","","","","","","","","","","","","","","","","","","","","",""
"61328002","LE PIN-AU-HARAS -INRAE",48.735833,0.128167,176,2002080720,0.,1,"","","","","","","","","","","","","","","","","","","","","","","","","","","","","","","","","","",17.5,1,"","","","","","","","","","","","","","","","","","","","","","","","","","","","",98,1,"","","","","","","","","","","","","","","","","","","","","","","","","","","","","","","","","","","","","","","","","","","","","","","","","","","","","","","","","","","","","","","","","","","","","","","","","","","","","","","","","","","","","","","","","","","","","","","","","","",0,1,"","","","","","","","","","","","","","","","","","","","","","","","","","","","","",""
"61328002","LE PIN-AU-HARAS -INRAE",48.735833,0.128167,176,2002080721,0.,1,"","","","","","","","","","","","","","","","","","","","","","","","","","","","","","","","","","",16.7,1,"","","","","","","","","","","","","","","","","","","","","","","","","","","","",95,1,"","","","","","","","","","","","","","","","","","","","","","","","","","","","","","","","","","","","","","","","","","","","","","","","","","","","","","","","","","","","","","","","","","","","","","","","","","","","","","","","","","","","","","","","","","","","","","","","","","",0,1,"","","","","","","","","","","","","","","","","","","","","","","","","","","","","",""
"61328002","LE PIN-AU-HARAS -INRAE",48.735833,0.128167,176,2002080722,0.,1,"","","","","","","","","","","","","","","","","","","","","","","","","","","","","","","","","","",16.8,1,"","","","","","","","","","","","","","","","","","","","","","","","","","","","",98,1,"","","","","","","","","","","","","","","","","","","","","","","","","","","","","","","","","","","","","","","","","","","","","","","","","","","","","","","","","","","","","","","","","","","","","","","","","","","","","","","","","","","","","","","","","","","","","","","","","","",0,1,"","","","","","","","","","","","","","","","","","","","","","","","","","","","","",""
"61328002","LE PIN-AU-HARAS -INRAE",48.735833,0.128167,176,2002080723,0.,1,"","","","","","","","","","","","","","","","","","","","","","","","","","","","","","","","","","",16.7,1,"","","","","","","","","","","","","","","","","","","","","","","","","","","","",98,1,"","","","","","","","","","","","","","","","","","","","","","","","","","","","","","","","","","","","","","","","","","","","","","","","","","","","","","","","","","","","","","","","","","","","","","","","","","","","","","","","","","","","","","","","","","","","","","","","","","",0,1,"","","","","","","","","","","","","","","","","","","","","","","","","","","","","",""
"61328002","LE PIN-AU-HARAS -INRAE",48.735833,0.128167,176,2002080800,0.,1,"","","","","","","","","","","","","","","","","","","","","","","","","","","","","","","","","","",14.3,1,"","","","","","","","","","","","","","","","","","","","","","","","","","","","",98,1,"","","","","","","","","","","","","","","","","","","","","","","","","","","","","","","","","","","","","","","","","","","","","","","","","","","","","","","","","","","","","","","","","","","","","","","","","","","","","","","","","","","","","","","","","","","","","","","","","","",0,1,"","","","","","","","","","","","","","","","","","","","","","","","","","","","","",""
"61328002","LE PIN-AU-HARAS -INRAE",48.735833,0.128167,176,2002080801,0.,1,"","","","","","","","","","","","","","","","","","","","","","","","","","","","","","","","","","",13.8,1,"","","","","","","","","","","","","","","","","","","","","","","","","","","","",100,1,"","","","","","","","","","","","","","","","","","","","","","","","","","","","","","","","","","","","","","","","","","","","","","","","","","","","","","","","","","","","","","","","","","","","","","","","","","","","","","","","","","","","","","","","","","","","","","","","","","",0,1,"","","","","","","","","","","","","","","","","","","","","","","","","","","","","",""
"61328002","LE PIN-AU-HARAS -INRAE",48.735833,0.128167,176,2002080802,0.,1,"","","","","","","","","","","","","","","","","","","","","","","","","","","","","","","","","","",13.7,1,"","","","","","","","","","","","","","","","","","","","","","","","","","","","",100,1,"","","","","","","","","","","","","","","","","","","","","","","","","","","","","","","","","","","","","","","","","","","","","","","","","","","","","","","","","","","","","","","","","","","","","","","","","","","","","","","","","","","","","","","","","","","","","","","","","","",0,1,"","","","","","","","","","","","","","","","","","","","","","","","","","","","","",""
"61328002","LE PIN-AU-HARAS -INRAE",48.735833,0.128167,176,2002080803,0.,1,"","","","","","","","","","","","","","","","","","","","","","","","","","","","","","","","","","",14.6,1,"","","","","","","","","","","","","","","","","","","","","","","","","","","","",100,1,"","","","","","","","","","","","","","","","","","","","","","","","","","","","","","","","","","","","","","","","","","","","","","","","","","","","","","","","","","","","","","","","","","","","","","","","","","","","","","","","","","","","","","","","","","","","","","","","","","",0,1,"","","","","","","","","","","","","","","","","","","","","","","","","","","","","",""
"61328002","LE PIN-AU-HARAS -INRAE",48.735833,0.128167,176,2002080804,0.,1,"","","","","","","","","","","","","","","","","","","","","","","","","","","","","","","","","","",14.9,1,"","","","","","","","","","","","","","","","","","","","","","","","","","","","",100,1,"","","","","","","","","","","","","","","","","","","","","","","","","","","","","","","","","","","","","","","","","","","","","","","","","","","","","","","","","","","","","","","","","","","","","","","","","","","","","","","","","","","","","","","","","","","","","","","","","","",0,1,"","","","","","","","","","","","","","","","","","","","","","","","","","","","","",""
"61328002","LE PIN-AU-HARAS -INRAE",48.735833,0.128167,176,2002080805,0.,1,"","","","","","","","","","","","","","","","","","","","","","","","","","","","","","","","","","",15.,1,"","","","","","","","","","","","","","","","","","","","","","","","","","","","",100,1,"","","","","","","","","","","","","","","","","","","","","","","","","","","","","","","","","","","","","","","","","","","","","","","","","","","","","","","","","","","","","","","","","","","","","","","","","","","","","","","","","","","","","","","","","","","","","","","","","","",0,1,"","","","","","","","","","","","","","","","","","","","","","","","","","","","","",""
"61328002","LE PIN-AU-HARAS -INRAE",48.735833,0.128167,176,2002080806,0.,1,"","","","","","","","","","","","","","","","","","","","","","","","","","","","","","","","","","",15.3,1,"","","","","","","","","","","","","","","","","","","","","","","","","","","","",100,1,"","","","","","","","","","","","","","","","","","","","","","","","","","","","","","","","","","","","","","","","","","","","","","","","","","","","","","","","","","","","","","","","","","","","","","","","","","","","","","","","","","","","","","","","","","","","","","","","","","",4,1,"","","","","","","","","","","","","","","","","","","","","","","","","","","","","",""
"61328002","LE PIN-AU-HARAS -INRAE",48.735833,0.128167,176,2002080807,0.,1,"","","","","","","","","","","","","","","","","","","","","","","","","","","","","","","","","","",15.8,1,"","","","","","","","","","","","","","","","","","","","","","","","","","","","",100,1,"","","","","","","","","","","","","","","","","","","","","","","","","","","","","","","","","","","","","","","","","","","","","","","","","","","","","","","","","","","","","","","","","","","","","","","","","","","","","","","","","","","","","","","","","","","","","","","","","","",18,1,"","","","","","","","","","","","","","","","","","","","","","","","","","","","","",""
"61328002","LE PIN-AU-HARAS -INRAE",48.735833,0.128167,176,2002080808,0.,1,"","","","","","","","","","","","","","","","","","","","","","","","","","","","","","","","","","",16.1,1,"","","","","","","","","","","","","","","","","","","","","","","","","","","","",100,1,"","","","","","","","","","","","","","","","","","","","","","","","","","","","","","","","","","","","","","","","","","","","","","","","","","","","","","","","","","","","","","","","","","","","","","","","","","","","","","","","","","","","","","","","","","","","","","","","","","",28,1,"","","","","","","","","","","","","","","","","","","","","","","","","","","","","",""
"61328002","LE PIN-AU-HARAS -INRAE",48.735833,0.128167,176,2002080809,0.,1,"","","","","","","","","","","","","","","","","","","","","","","","","","","","","","","","","","",16.5,1,"","","","","","","","","","","","","","","","","","","","","","","","","","","","",95,1,"","","","","","","","","","","","","","","","","","","","","","","","","","","","","","","","","","","","","","","","","","","","","","","","","","","","","","","","","","","","","","","","","","","","","","","","","","","","","","","","","","","","","","","","","","","","","","","","","","",36,1,"","","","","","","","","","","","","","","","","","","","","","","","","","","","","",""
"61328002","LE PIN-AU-HARAS -INRAE",48.735833,0.128167,176,2002080810,0.,1,"","","","","","","","","","","","","","","","","","","","","","","","","","","","","","","","","","",17.4,1,"","","","","","","","","","","","","","","","","","","","","","","","","","","","",90,1,"","","","","","","","","","","","","","","","","","","","","","","","","","","","","","","","","","","","","","","","","","","","","","","","","","","","","","","","","","","","","","","","","","","","","","","","","","","","","","","","","","","","","","","","","","","","","","","","","","",62,1,"","","","","","","","","","","","","","","","","","","","","","","","","","","","","",""
"61328002","LE PIN-AU-HARAS -INRAE",48.735833,0.128167,176,2002080811,0.,1,"","","","","","","","","","","","","","","","","","","","","","","","","","","","","","","","","","",18.1,1,"","","","","","","","","","","","","","","","","","","","","","","","","","","","",83,1,"","","","","","","","","","","","","","","","","","","","","","","","","","","","","","","","","","","","","","","","","","","","","","","","","","","","","","","","","","","","","","","","","","","","","","","","","","","","","","","","","","","","","","","","","","","","","","","","","","",124,1,"","","","","","","","","","","","","","","","","","","","","","","","","","","","","",""
"61328002","LE PIN-AU-HARAS -INRAE",48.735833,0.128167,176,2002080812,0.,1,"","","","","","","","","","","","","","","","","","","","","","","","","","","","","","","","","","",17.7,1,"","","","","","","","","","","","","","","","","","","","","","","","","","","","",83,1,"","","","","","","","","","","","","","","","","","","","","","","","","","","","","","","","","","","","","","","","","","","","","","","","","","","","","","","","","","","","","","","","","","","","","","","","","","","","","","","","","","","","","","","","","","","","","","","","","","",96,1,"","","","","","","","","","","","","","","","","","","","","","","","","","","","","",""
"61328002","LE PIN-AU-HARAS -INRAE",48.735833,0.128167,176,2002080813,0.,1,"","","","","","","","","","","","","","","","","","","","","","","","","","","","","","","","","","",18.2,1,"","","","","","","","","","","","","","","","","","","","","","","","","","","","",83,1,"","","","","","","","","","","","","","","","","","","","","","","","","","","","","","","","","","","","","","","","","","","","","","","","","","","","","","","","","","","","","","","","","","","","","","","","","","","","","","","","","","","","","","","","","","","","","","","","","","",114,1,"","","","","","","","","","","","","","","","","","","","","","","","","","","","","",""
"61328002","LE PIN-AU-HARAS -INRAE",48.735833,0.128167,176,2002080814,0.,1,"","","","","","","","","","","","","","","","","","","","","","","","","","","","","","","","","","",18.2,1,"","","","","","","","","","","","","","","","","","","","","","","","","","","","",83,1,"","","","","","","","","","","","","","","","","","","","","","","","","","","","","","","","","","","","","","","","","","","","","","","","","","","","","","","","","","","","","","","","","","","","","","","","","","","","","","","","","","","","","","","","","","","","","","","","","","",110,1,"","","","","","","","","","","","","","","","","","","","","","","","","","","","","",""
"61328002","LE PIN-AU-HARAS -INRAE",48.735833,0.128167,176,2002080815,0.,1,"","","","","","","","","","","","","","","","","","","","","","","","","","","","","","","","","","",19.4,1,"","","","","","","","","","","","","","","","","","","","","","","","","","","","",74,1,"","","","","","","","","","","","","","","","","","","","","","","","","","","","","","","","","","","","","","","","","","","","","","","","","","","","","","","","","","","","","","","","","","","","","","","","","","","","","","","","","","","","","","","","","","","","","","","","","","",120,1,"","","","","","","","","","","","","","","","","","","","","","","","","","","","","",""
"61328002","LE PIN-AU-HARAS -INRAE",48.735833,0.128167,176,2002080816,0.,1,"","","","","","","","","","","","","","","","","","","","","","","","","","","","","","","","","","",20.8,1,"","","","","","","","","","","","","","","","","","","","","","","","","","","","",65,1,"","","","","","","","","","","","","","","","","","","","","","","","","","","","","","","","","","","","","","","","","","","","","","","","","","","","","","","","","","","","","","","","","","","","","","","","","","","","","","","","","","","","","","","","","","","","","","","","","","",96,1,"","","","","","","","","","","","","","","","","","","","","","","","","","","","","",""
"61328002","LE PIN-AU-HARAS -INRAE",48.735833,0.128167,176,2002080817,0.,1,"","","","","","","","","","","","","","","","","","","","","","","","","","","","","","","","","","",19.7,1,"","","","","","","","","","","","","","","","","","","","","","","","","","","","",64,1,"","","","","","","","","","","","","","","","","","","","","","","","","","","","","","","","","","","","","","","","","","","","","","","","","","","","","","","","","","","","","","","","","","","","","","","","","","","","","","","","","","","","","","","","","","","","","","","","","","",100,1,"","","","","","","","","","","","","","","","","","","","","","","","","","","","","",""
"61328002","LE PIN-AU-HARAS -INRAE",48.735833,0.128167,176,2002080818,0.,1,"","","","","","","","","","","","","","","","","","","","","","","","","","","","","","","","","","",18.4,1,"","","","","","","","","","","","","","","","","","","","","","","","","","","","",68,1,"","","","","","","","","","","","","","","","","","","","","","","","","","","","","","","","","","","","","","","","","","","","","","","","","","","","","","","","","","","","","","","","","","","","","","","","","","","","","","","","","","","","","","","","","","","","","","","","","","",50,1,"","","","","","","","","","","","","","","","","","","","","","","","","","","","","",""
"61328002","LE PIN-AU-HARAS -INRAE",48.735833,0.128167,176,2002080819,0.,1,"","","","","","","","","","","","","","","","","","","","","","","","","","","","","","","","","","",16.2,1,"","","","","","","","","","","","","","","","","","","","","","","","","","","","",80,1,"","","","","","","","","","","","","","","","","","","","","","","","","","","","","","","","","","","","","","","","","","","","","","","","","","","","","","","","","","","","","","","","","","","","","","","","","","","","","","","","","","","","","","","","","","","","","","","","","","",20,1,"","","","","","","","","","","","","","","","","","","","","","","","","","","","","",""
"61328002","LE PIN-AU-HARAS -INRAE",48.735833,0.128167,176,2002080820,0.,1,"","","","","","","","","","","","","","","","","","","","","","","","","","","","","","","","","","",13.6,1,"","","","","","","","","","","","","","","","","","","","","","","","","","","","",93,1,"","","","","","","","","","","","","","","","","","","","","","","","","","","","","","","","","","","","","","","","","","","","","","","","","","","","","","","","","","","","","","","","","","","","","","","","","","","","","","","","","","","","","","","","","","","","","","","","","","",2,1,"","","","","","","","","","","","","","","","","","","","","","","","","","","","","",""
"61328002","LE PIN-AU-HARAS -INRAE",48.735833,0.128167,176,2002080821,0.,1,"","","","","","","","","","","","","","","","","","","","","","","","","","","","","","","","","","",13.,1,"","","","","","","","","","","","","","","","","","","","","","","","","","","","",97,1,"","","","","","","","","","","","","","","","","","","","","","","","","","","","","","","","","","","","","","","","","","","","","","","","","","","","","","","","","","","","","","","","","","","","","","","","","","","","","","","","","","","","","","","","","","","","","","","","","","",0,1,"","","","","","","","","","","","","","","","","","","","","","","","","","","","","",""
"61328002","LE PIN-AU-HARAS -INRAE",48.735833,0.128167,176,2002080822,0.,1,"","","","","","","","","","","","","","","","","","","","","","","","","","","","","","","","","","",13.7,1,"","","","","","","","","","","","","","","","","","","","","","","","","","","","",98,1,"","","","","","","","","","","","","","","","","","","","","","","","","","","","","","","","","","","","","","","","","","","","","","","","","","","","","","","","","","","","","","","","","","","","","","","","","","","","","","","","","","","","","","","","","","","","","","","","","","",0,1,"","","","","","","","","","","","","","","","","","","","","","","","","","","","","",""
"61328002","LE PIN-AU-HARAS -INRAE",48.735833,0.128167,176,2002080823,0.,1,"","","","","","","","","","","","","","","","","","","","","","","","","","","","","","","","","","",13.8,1,"","","","","","","","","","","","","","","","","","","","","","","","","","","","",98,1,"","","","","","","","","","","","","","","","","","","","","","","","","","","","","","","","","","","","","","","","","","","","","","","","","","","","","","","","","","","","","","","","","","","","","","","","","","","","","","","","","","","","","","","","","","","","","","","","","","",0,1,"","","","","","","","","","","","","","","","","","","","","","","","","","","","","",""
"61328002","LE PIN-AU-HARAS -INRAE",48.735833,0.128167,176,2002080900,0.5,1,"","","","","","","","","","","","","","","","","","","","","","","","","","","","","","","","","","",14.,1,"","","","","","","","","","","","","","","","","","","","","","","","","","","","",96,1,"","","","","","","","","","","","","","","","","","","","","","","","","","","","","","","","","","","","","","","","","","","","","","","","","","","","","","","","","","","","","","","","","","","","","","","","","","","","","","","","","","","","","","","","","","","","","","","","","","",0,1,"","","","","","","","","","","","","","","","","","","","","","","","","","","","","",""
"61328002","LE PIN-AU-HARAS -INRAE",48.735833,0.128167,176,2002080901,1.,1,"","","","","","","","","","","","","","","","","","","","","","","","","","","","","","","","","","",13.5,1,"","","","","","","","","","","","","","","","","","","","","","","","","","","","",96,1,"","","","","","","","","","","","","","","","","","","","","","","","","","","","","","","","","","","","","","","","","","","","","","","","","","","","","","","","","","","","","","","","","","","","","","","","","","","","","","","","","","","","","","","","","","","","","","","","","","",0,1,"","","","","","","","","","","","","","","","","","","","","","","","","","","","","",""
"61328002","LE PIN-AU-HARAS -INRAE",48.735833,0.128167,176,2002080902,1.,1,"","","","","","","","","","","","","","","","","","","","","","","","","","","","","","","","","","",13.,1,"","","","","","","","","","","","","","","","","","","","","","","","","","","","",98,1,"","","","","","","","","","","","","","","","","","","","","","","","","","","","","","","","","","","","","","","","","","","","","","","","","","","","","","","","","","","","","","","","","","","","","","","","","","","","","","","","","","","","","","","","","","","","","","","","","","",0,1,"","","","","","","","","","","","","","","","","","","","","","","","","","","","","",""
"61328002","LE PIN-AU-HARAS -INRAE",48.735833,0.128167,176,2002080903,0.5,1,"","","","","","","","","","","","","","","","","","","","","","","","","","","","","","","","","","",13.3,1,"","","","","","","","","","","","","","","","","","","","","","","","","","","","",100,1,"","","","","","","","","","","","","","","","","","","","","","","","","","","","","","","","","","","","","","","","","","","","","","","","","","","","","","","","","","","","","","","","","","","","","","","","","","","","","","","","","","","","","","","","","","","","","","","","","","",0,1,"","","","","","","","","","","","","","","","","","","","","","","","","","","","","",""
"61328002","LE PIN-AU-HARAS -INRAE",48.735833,0.128167,176,2002080904,0.,1,"","","","","","","","","","","","","","","","","","","","","","","","","","","","","","","","","","",13.6,1,"","","","","","","","","","","","","","","","","","","","","","","","","","","","",100,1,"","","","","","","","","","","","","","","","","","","","","","","","","","","","","","","","","","","","","","","","","","","","","","","","","","","","","","","","","","","","","","","","","","","","","","","","","","","","","","","","","","","","","","","","","","","","","","","","","","",0,1,"","","","","","","","","","","","","","","","","","","","","","","","","","","","","",""
"61328002","LE PIN-AU-HARAS -INRAE",48.735833,0.128167,176,2002080905,1.5,1,"","","","","","","","","","","","","","","","","","","","","","","","","","","","","","","","","","",13.8,1,"","","","","","","","","","","","","","","","","","","","","","","","","","","","",100,1,"","","","","","","","","","","","","","","","","","","","","","","","","","","","","","","","","","","","","","","","","","","","","","","","","","","","","","","","","","","","","","","","","","","","","","","","","","","","","","","","","","","","","","","","","","","","","","","","","","",0,1,"","","","","","","","","","","","","","","","","","","","","","","","","","","","","",""
"61328002","LE PIN-AU-HARAS -INRAE",48.735833,0.128167,176,2002080906,1.5,1,"","","","","","","","","","","","","","","","","","","","","","","","","","","","","","","","","","",13.9,1,"","","","","","","","","","","","","","","","","","","","","","","","","","","","",100,1,"","","","","","","","","","","","","","","","","","","","","","","","","","","","","","","","","","","","","","","","","","","","","","","","","","","","","","","","","","","","","","","","","","","","","","","","","","","","","","","","","","","","","","","","","","","","","","","","","","",4,1,"","","","","","","","","","","","","","","","","","","","","","","","","","","","","",""
"61328002","LE PIN-AU-HARAS -INRAE",48.735833,0.128167,176,2002080907,0.5,1,"","","","","","","","","","","","","","","","","","","","","","","","","","","","","","","","","","",14.1,1,"","","","","","","","","","","","","","","","","","","","","","","","","","","","",100,1,"","","","","","","","","","","","","","","","","","","","","","","","","","","","","","","","","","","","","","","","","","","","","","","","","","","","","","","","","","","","","","","","","","","","","","","","","","","","","","","","","","","","","","","","","","","","","","","","","","",28,1,"","","","","","","","","","","","","","","","","","","","","","","","","","","","","",""
"61328002","LE PIN-AU-HARAS -INRAE",48.735833,0.128167,176,2002080908,0.5,1,"","","","","","","","","","","","","","","","","","","","","","","","","","","","","","","","","","",14.8,1,"","","","","","","","","","","","","","","","","","","","","","","","","","","","",100,1,"","","","","","","","","","","","","","","","","","","","","","","","","","","","","","","","","","","","","","","","","","","","","","","","","","","","","","","","","","","","","","","","","","","","","","","","","","","","","","","","","","","","","","","","","","","","","","","","","","",36,1,"","","","","","","","","","","","","","","","","","","","","","","","","","","","","",""
"61328002","LE PIN-AU-HARAS -INRAE",48.735833,0.128167,176,2002080909,0.,1,"","","","","","","","","","","","","","","","","","","","","","","","","","","","","","","","","","",15.7,1,"","","","","","","","","","","","","","","","","","","","","","","","","","","","",88,1,"","","","","","","","","","","","","","","","","","","","","","","","","","","","","","","","","","","","","","","","","","","","","","","","","","","","","","","","","","","","","","","","","","","","","","","","","","","","","","","","","","","","","","","","","","","","","","","","","","",118,1,"","","","","","","","","","","","","","","","","","","","","","","","","","","","","",""
"61328002","LE PIN-AU-HARAS -INRAE",48.735833,0.128167,176,2002080910,0.,1,"","","","","","","","","","","","","","","","","","","","","","","","","","","","","","","","","","",16.,1,"","","","","","","","","","","","","","","","","","","","","","","","","","","","",75,1,"","","","","","","","","","","","","","","","","","","","","","","","","","","","","","","","","","","","","","","","","","","","","","","","","","","","","","","","","","","","","","","","","","","","","","","","","","","","","","","","","","","","","","","","","","","","","","","","","","",120,1,"","","","","","","","","","","","","","","","","","","","","","","","","","","","","",""
"61328002","LE PIN-AU-HARAS -INRAE",48.735833,0.128167,176,2002080911,0.,1,"","","","","","","","","","","","","","","","","","","","","","","","","","","","","","","","","","",16.7,1,"","","","","","","","","","","","","","","","","","","","","","","","","","","","",75,1,"","","","","","","","","","","","","","","","","","","","","","","","","","","","","","","","","","","","","","","","","","","","","","","","","","","","","","","","","","","","","","","","","","","","","","","","","","","","","","","","","","","","","","","","","","","","","","","","","","",170,1,"","","","","","","","","","","","","","","","","","","","","","","","","","","","","",""
"61328002","LE PIN-AU-HARAS -INRAE",48.735833,0.128167,176,2002080912,0.,1,"","","","","","","","","","","","","","","","","","","","","","","","","","","","","","","","","","",18.3,1,"","","","","","","","","","","","","","","","","","","","","","","","","","","","",68,1,"","","","","","","","","","","","","","","","","","","","","","","","","","","","","","","","","","","","","","","","","","","","","","","","","","","","","","","","","","","","","","","","","","","","","","","","","","","","","","","","","","","","","","","","","","","","","","","","","","",192,1,"","","","","","","","","","","","","","","","","","","","","","","","","","","","","",""
"61328002","LE PIN-AU-HARAS -INRAE",48.735833,0.128167,176,2002080913,0.,1,"","","","","","","","","","","","","","","","","","","","","","","","","","","","","","","","","","",15.,1,"","","","","","","","","","","","","","","","","","","","","","","","","","","","",83,1,"","","","","","","","","","","","","","","","","","","","","","","","","","","","","","","","","","","","","","","","","","","","","","","","","","","","","","","","","","","","","","","","","","","","","","","","","","","","","","","","","","","","","","","","","","","","","","","","","","",106,1,"","","","","","","","","","","","","","","","","","","","","","","","","","","","","",""
"61328002","LE PIN-AU-HARAS -INRAE",48.735833,0.128167,176,2002080914,0.5,1,"","","","","","","","","","","","","","","","","","","","","","","","","","","","","","","","","","",16.8,1,"","","","","","","","","","","","","","","","","","","","","","","","","","","","",81,1,"","","","","","","","","","","","","","","","","","","","","","","","","","","","","","","","","","","","","","","","","","","","","","","","","","","","","","","","","","","","","","","","","","","","","","","","","","","","","","","","","","","","","","","","","","","","","","","","","","",130,1,"","","","","","","","","","","","","","","","","","","","","","","","","","","","","",""
"61328002","LE PIN-AU-HARAS -INRAE",48.735833,0.128167,176,2002080915,0.,1,"","","","","","","","","","","","","","","","","","","","","","","","","","","","","","","","","","",16.5,1,"","","","","","","","","","","","","","","","","","","","","","","","","","","","",80,1,"","","","","","","","","","","","","","","","","","","","","","","","","","","","","","","","","","","","","","","","","","","","","","","","","","","","","","","","","","","","","","","","","","","","","","","","","","","","","","","","","","","","","","","","","","","","","","","","","","",100,1,"","","","","","","","","","","","","","","","","","","","","","","","","","","","","",""
"61328002","LE PIN-AU-HARAS -INRAE",48.735833,0.128167,176,2002080916,0.5,1,"","","","","","","","","","","","","","","","","","","","","","","","","","","","","","","","","","",15.3,1,"","","","","","","","","","","","","","","","","","","","","","","","","","","","",91,1,"","","","","","","","","","","","","","","","","","","","","","","","","","","","","","","","","","","","","","","","","","","","","","","","","","","","","","","","","","","","","","","","","","","","","","","","","","","","","","","","","","","","","","","","","","","","","","","","","","",84,1,"","","","","","","","","","","","","","","","","","","","","","","","","","","","","",""
"61328002","LE PIN-AU-HARAS -INRAE",48.735833,0.128167,176,2002080917,0.5,1,"","","","","","","","","","","","","","","","","","","","","","","","","","","","","","","","","","",15.5,1,"","","","","","","","","","","","","","","","","","","","","","","","","","","","",92,1,"","","","","","","","","","","","","","","","","","","","","","","","","","","","","","","","","","","","","","","","","","","","","","","","","","","","","","","","","","","","","","","","","","","","","","","","","","","","","","","","","","","","","","","","","","","","","","","","","","",80,1,"","","","","","","","","","","","","","","","","","","","","","","","","","","","","",""
"61328002","LE PIN-AU-HARAS -INRAE",48.735833,0.128167,176,2002080918,0.,1,"","","","","","","","","","","","","","","","","","","","","","","","","","","","","","","","","","",14.7,1,"","","","","","","","","","","","","","","","","","","","","","","","","","","","",94,1,"","","","","","","","","","","","","","","","","","","","","","","","","","","","","","","","","","","","","","","","","","","","","","","","","","","","","","","","","","","","","","","","","","","","","","","","","","","","","","","","","","","","","","","","","","","","","","","","","","",32,1,"","","","","","","","","","","","","","","","","","","","","","","","","","","","","",""
"61328002","LE PIN-AU-HARAS -INRAE",48.735833,0.128167,176,2002080919,1.,1,"","","","","","","","","","","","","","","","","","","","","","","","","","","","","","","","","","",14.1,1,"","","","","","","","","","","","","","","","","","","","","","","","","","","","",96,1,"","","","","","","","","","","","","","","","","","","","","","","","","","","","","","","","","","","","","","","","","","","","","","","","","","","","","","","","","","","","","","","","","","","","","","","","","","","","","","","","","","","","","","","","","","","","","","","","","","",4,1,"","","","","","","","","","","","","","","","","","","","","","","","","","","","","",""
"61328002","LE PIN-AU-HARAS -INRAE",48.735833,0.128167,176,2002080920,0.,1,"","","","","","","","","","","","","","","","","","","","","","","","","","","","","","","","","","",13.9,1,"","","","","","","","","","","","","","","","","","","","","","","","","","","","",97,1,"","","","","","","","","","","","","","","","","","","","","","","","","","","","","","","","","","","","","","","","","","","","","","","","","","","","","","","","","","","","","","","","","","","","","","","","","","","","","","","","","","","","","","","","","","","","","","","","","","",2,1,"","","","","","","","","","","","","","","","","","","","","","","","","","","","","",""
"61328002","LE PIN-AU-HARAS -INRAE",48.735833,0.128167,176,2002080921,0.,1,"","","","","","","","","","","","","","","","","","","","","","","","","","","","","","","","","","",13.5,1,"","","","","","","","","","","","","","","","","","","","","","","","","","","","",96,1,"","","","","","","","","","","","","","","","","","","","","","","","","","","","","","","","","","","","","","","","","","","","","","","","","","","","","","","","","","","","","","","","","","","","","","","","","","","","","","","","","","","","","","","","","","","","","","","","","","",0,1,"","","","","","","","","","","","","","","","","","","","","","","","","","","","","",""
"61328002","LE PIN-AU-HARAS -INRAE",48.735833,0.128167,176,2002080922,0.,1,"","","","","","","","","","","","","","","","","","","","","","","","","","","","","","","","","","",13.6,1,"","","","","","","","","","","","","","","","","","","","","","","","","","","","",97,1,"","","","","","","","","","","","","","","","","","","","","","","","","","","","","","","","","","","","","","","","","","","","","","","","","","","","","","","","","","","","","","","","","","","","","","","","","","","","","","","","","","","","","","","","","","","","","","","","","","",0,1,"","","","","","","","","","","","","","","","","","","","","","","","","","","","","",""
"61328002","LE PIN-AU-HARAS -INRAE",48.735833,0.128167,176,2002080923,0.,1,"","","","","","","","","","","","","","","","","","","","","","","","","","","","","","","","","","",13.5,1,"","","","","","","","","","","","","","","","","","","","","","","","","","","","",96,1,"","","","","","","","","","","","","","","","","","","","","","","","","","","","","","","","","","","","","","","","","","","","","","","","","","","","","","","","","","","","","","","","","","","","","","","","","","","","","","","","","","","","","","","","","","","","","","","","","","",0,1,"","","","","","","","","","","","","","","","","","","","","","","","","","","","","",""
"61328002","LE PIN-AU-HARAS -INRAE",48.735833,0.128167,176,2002081000,0.,1,"","","","","","","","","","","","","","","","","","","","","","","","","","","","","","","","","","",13.3,1,"","","","","","","","","","","","","","","","","","","","","","","","","","","","",95,1,"","","","","","","","","","","","","","","","","","","","","","","","","","","","","","","","","","","","","","","","","","","","","","","","","","","","","","","","","","","","","","","","","","","","","","","","","","","","","","","","","","","","","","","","","","","","","","","","","","",0,1,"","","","","","","","","","","","","","","","","","","","","","","","","","","","","",""
"61328002","LE PIN-AU-HARAS -INRAE",48.735833,0.128167,176,2002081001,0.,1,"","","","","","","","","","","","","","","","","","","","","","","","","","","","","","","","","","",12.9,1,"","","","","","","","","","","","","","","","","","","","","","","","","","","","",96,1,"","","","","","","","","","","","","","","","","","","","","","","","","","","","","","","","","","","","","","","","","","","","","","","","","","","","","","","","","","","","","","","","","","","","","","","","","","","","","","","","","","","","","","","","","","","","","","","","","","",0,1,"","","","","","","","","","","","","","","","","","","","","","","","","","","","","",""
"61328002","LE PIN-AU-HARAS -INRAE",48.735833,0.128167,176,2002081002,0.,1,"","","","","","","","","","","","","","","","","","","","","","","","","","","","","","","","","","",12.7,1,"","","","","","","","","","","","","","","","","","","","","","","","","","","","",96,1,"","","","","","","","","","","","","","","","","","","","","","","","","","","","","","","","","","","","","","","","","","","","","","","","","","","","","","","","","","","","","","","","","","","","","","","","","","","","","","","","","","","","","","","","","","","","","","","","","","",0,1,"","","","","","","","","","","","","","","","","","","","","","","","","","","","","",""
"61328002","LE PIN-AU-HARAS -INRAE",48.735833,0.128167,176,2002081003,0.,1,"","","","","","","","","","","","","","","","","","","","","","","","","","","","","","","","","","",12.7,1,"","","","","","","","","","","","","","","","","","","","","","","","","","","","",95,1,"","","","","","","","","","","","","","","","","","","","","","","","","","","","","","","","","","","","","","","","","","","","","","","","","","","","","","","","","","","","","","","","","","","","","","","","","","","","","","","","","","","","","","","","","","","","","","","","","","",0,1,"","","","","","","","","","","","","","","","","","","","","","","","","","","","","",""
"61328002","LE PIN-AU-HARAS -INRAE",48.735833,0.128167,176,2002081004,0.,1,"","","","","","","","","","","","","","","","","","","","","","","","","","","","","","","","","","",12.9,1,"","","","","","","","","","","","","","","","","","","","","","","","","","","","",94,1,"","","","","","","","","","","","","","","","","","","","","","","","","","","","","","","","","","","","","","","","","","","","","","","","","","","","","","","","","","","","","","","","","","","","","","","","","","","","","","","","","","","","","","","","","","","","","","","","","","",0,1,"","","","","","","","","","","","","","","","","","","","","","","","","","","","","",""
"61328002","LE PIN-AU-HARAS -INRAE",48.735833,0.128167,176,2002081005,0.,1,"","","","","","","","","","","","","","","","","","","","","","","","","","","","","","","","","","",12.9,1,"","","","","","","","","","","","","","","","","","","","","","","","","","","","",95,1,"","","","","","","","","","","","","","","","","","","","","","","","","","","","","","","","","","","","","","","","","","","","","","","","","","","","","","","","","","","","","","","","","","","","","","","","","","","","","","","","","","","","","","","","","","","","","","","","","","",0,1,"","","","","","","","","","","","","","","","","","","","","","","","","","","","","",""
"61328002","LE PIN-AU-HARAS -INRAE",48.735833,0.128167,176,2002081006,0.,1,"","","","","","","","","","","","","","","","","","","","","","","","","","","","","","","","","","",13.5,1,"","","","","","","","","","","","","","","","","","","","","","","","","","","","",94,1,"","","","","","","","","","","","","","","","","","","","","","","","","","","","","","","","","","","","","","","","","","","","","","","","","","","","","","","","","","","","","","","","","","","","","","","","","","","","","","","","","","","","","","","","","","","","","","","","","","",10,1,"","","","","","","","","","","","","","","","","","","","","","","","","","","","","",""
"61328002","LE PIN-AU-HARAS -INRAE",48.735833,0.128167,176,2002081007,0.,1,"","","","","","","","","","","","","","","","","","","","","","","","","","","","","","","","","","",13.9,1,"","","","","","","","","","","","","","","","","","","","","","","","","","","","",94,1,"","","","","","","","","","","","","","","","","","","","","","","","","","","","","","","","","","","","","","","","","","","","","","","","","","","","","","","","","","","","","","","","","","","","","","","","","","","","","","","","","","","","","","","","","","","","","","","","","","",16,1,"","","","","","","","","","","","","","","","","","","","","","","","","","","","","",""
"61328002","LE PIN-AU-HARAS -INRAE",48.735833,0.128167,176,2002081008,1.,1,"","","","","","","","","","","","","","","","","","","","","","","","","","","","","","","","","","",14.4,1,"","","","","","","","","","","","","","","","","","","","","","","","","","","","",97,1,"","","","","","","","","","","","","","","","","","","","","","","","","","","","","","","","","","","","","","","","","","","","","","","","","","","","","","","","","","","","","","","","","","","","","","","","","","","","","","","","","","","","","","","","","","","","","","","","","","",18,1,"","","","","","","","","","","","","","","","","","","","","","","","","","","","","",""
"61328002","LE PIN-AU-HARAS -INRAE",48.735833,0.128167,176,2002081009,0.,1,"","","","","","","","","","","","","","","","","","","","","","","","","","","","","","","","","","",14.9,1,"","","","","","","","","","","","","","","","","","","","","","","","","","","","",95,1,"","","","","","","","","","","","","","","","","","","","","","","","","","","","","","","","","","","","","","","","","","","","","","","","","","","","","","","","","","","","","","","","","","","","","","","","","","","","","","","","","","","","","","","","","","","","","","","","","","",38,1,"","","","","","","","","","","","","","","","","","","","","","","","","","","","","",""
"61328002","LE PIN-AU-HARAS -INRAE",48.735833,0.128167,176,2002081010,5.5,1,"","","","","","","","","","","","","","","","","","","","","","","","","","","","","","","","","","",14.2,1,"","","","","","","","","","","","","","","","","","","","","","","","","","","","",96,1,"","","","","","","","","","","","","","","","","","","","","","","","","","","","","","","","","","","","","","","","","","","","","","","","","","","","","","","","","","","","","","","","","","","","","","","","","","","","","","","","","","","","","","","","","","","","","","","","","","",30,1,"","","","","","","","","","","","","","","","","","","","","","","","","","","","","",""
"61328002","LE PIN-AU-HARAS -INRAE",48.735833,0.128167,176,2002081011,3.,1,"","","","","","","","","","","","","","","","","","","","","","","","","","","","","","","","","","",15.4,1,"","","","","","","","","","","","","","","","","","","","","","","","","","","","",97,1,"","","","","","","","","","","","","","","","","","","","","","","","","","","","","","","","","","","","","","","","","","","","","","","","","","","","","","","","","","","","","","","","","","","","","","","","","","","","","","","","","","","","","","","","","","","","","","","","","","",68,1,"","","","","","","","","","","","","","","","","","","","","","","","","","","","","",""
"61328002","LE PIN-AU-HARAS -INRAE",48.735833,0.128167,176,2002081012,1.5,1,"","","","","","","","","","","","","","","","","","","","","","","","","","","","","","","","","","",14.7,1,"","","","","","","","","","","","","","","","","","","","","","","","","","","","",97,1,"","","","","","","","","","","","","","","","","","","","","","","","","","","","","","","","","","","","","","","","","","","","","","","","","","","","","","","","","","","","","","","","","","","","","","","","","","","","","","","","","","","","","","","","","","","","","","","","","","",40,1,"","","","","","","","","","","","","","","","","","","","","","","","","","","","","",""
"61328002","LE PIN-AU-HARAS -INRAE",48.735833,0.128167,176,2002081013,5.5,1,"","","","","","","","","","","","","","","","","","","","","","","","","","","","","","","","","","",15.,1,"","","","","","","","","","","","","","","","","","","","","","","","","","","","",97,1,"","","","","","","","","","","","","","","","","","","","","","","","","","","","","","","","","","","","","","","","","","","","","","","","","","","","","","","","","","","","","","","","","","","","","","","","","","","","","","","","","","","","","","","","","","","","","","","","","","",36,1,"","","","","","","","","","","","","","","","","","","","","","","","","","","","","",""
"61328002","LE PIN-AU-HARAS -INRAE",48.735833,0.128167,176,2002081014,13.,1,"","","","","","","","","","","","","","","","","","","","","","","","","","","","","","","","","","",14.,1,"","","","","","","","","","","","","","","","","","","","","","","","","","","","",99,1,"","","","","","","","","","","","","","","","","","","","","","","","","","","","","","","","","","","","","","","","","","","","","","","","","","","","","","","","","","","","","","","","","","","","","","","","","","","","","","","","","","","","","","","","","","","","","","","","","","",10,1,"","","","","","","","","","","","","","","","","","","","","","","","","","","","","",""
"61328002","LE PIN-AU-HARAS -INRAE",48.735833,0.128167,176,2002081015,0.5,1,"","","","","","","","","","","","","","","","","","","","","","","","","","","","","","","","","","",14.2,1,"","","","","","","","","","","","","","","","","","","","","","","","","","","","",99,1,"","","","","","","","","","","","","","","","","","","","","","","","","","","","","","","","","","","","","","","","","","","","","","","","","","","","","","","","","","","","","","","","","","","","","","","","","","","","","","","","","","","","","","","","","","","","","","","","","","",16,1,"","","","","","","","","","","","","","","","","","","","","","","","","","","","","",""
"61328002","LE PIN-AU-HARAS -INRAE",48.735833,0.128167,176,2002081016,0.5,1,"","","","","","","","","","","","","","","","","","","","","","","","","","","","","","","","","","",15.,1,"","","","","","","","","","","","","","","","","","","","","","","","","","","","",97,1,"","","","","","","","","","","","","","","","","","","","","","","","","","","","","","","","","","","","","","","","","","","","","","","","","","","","","","","","","","","","","","","","","","","","","","","","","","","","","","","","","","","","","","","","","","","","","","","","","","",42,1,"","","","","","","","","","","","","","","","","","","","","","","","","","","","","",""
"61328002","LE PIN-AU-HARAS -INRAE",48.735833,0.128167,176,2002081017,0.,1,"","","","","","","","","","","","","","","","","","","","","","","","","","","","","","","","","","",14.7,1,"","","","","","","","","","","","","","","","","","","","","","","","","","","","",98,1,"","","","","","","","","","","","","","","","","","","","","","","","","","","","","","","","","","","","","","","","","","","","","","","","","","","","","","","","","","","","","","","","","","","","","","","","","","","","","","","","","","","","","","","","","","","","","","","","","","",24,1,"","","","","","","","","","","","","","","","","","","","","","","","","","","","","",""
"61328002","LE PIN-AU-HARAS -INRAE",48.735833,0.128167,176,2002081018,0.,1,"","","","","","","","","","","","","","","","","","","","","","","","","","","","","","","","","","",14.5,1,"","","","","","","","","","","","","","","","","","","","","","","","","","","","",98,1,"","","","","","","","","","","","","","","","","","","","","","","","","","","","","","","","","","","","","","","","","","","","","","","","","","","","","","","","","","","","","","","","","","","","","","","","","","","","","","","","","","","","","","","","","","","","","","","","","","",6,1,"","","","","","","","","","","","","","","","","","","","","","","","","","","","","",""
"61328002","LE PIN-AU-HARAS -INRAE",48.735833,0.128167,176,2002081019,0.5,1,"","","","","","","","","","","","","","","","","","","","","","","","","","","","","","","","","","",14.6,1,"","","","","","","","","","","","","","","","","","","","","","","","","","","","",99,1,"","","","","","","","","","","","","","","","","","","","","","","","","","","","","","","","","","","","","","","","","","","","","","","","","","","","","","","","","","","","","","","","","","","","","","","","","","","","","","","","","","","","","","","","","","","","","","","","","","",4,1,"","","","","","","","","","","","","","","","","","","","","","","","","","","","","",""
"61328002","LE PIN-AU-HARAS -INRAE",48.735833,0.128167,176,2002081020,0.5,1,"","","","","","","","","","","","","","","","","","","","","","","","","","","","","","","","","","",13.9,1,"","","","","","","","","","","","","","","","","","","","","","","","","","","","",99,1,"","","","","","","","","","","","","","","","","","","","","","","","","","","","","","","","","","","","","","","","","","","","","","","","","","","","","","","","","","","","","","","","","","","","","","","","","","","","","","","","","","","","","","","","","","","","","","","","","","",2,1,"","","","","","","","","","","","","","","","","","","","","","","","","","","","","",""
"61328002","LE PIN-AU-HARAS -INRAE",48.735833,0.128167,176,2002081021,0.,1,"","","","","","","","","","","","","","","","","","","","","","","","","","","","","","","","","","",14.4,1,"","","","","","","","","","","","","","","","","","","","","","","","","","","","",100,1,"","","","","","","","","","","","","","","","","","","","","","","","","","","","","","","","","","","","","","","","","","","","","","","","","","","","","","","","","","","","","","","","","","","","","","","","","","","","","","","","","","","","","","","","","","","","","","","","","","",0,1,"","","","","","","","","","","","","","","","","","","","","","","","","","","","","",""
"61328002","LE PIN-AU-HARAS -INRAE",48.735833,0.128167,176,2002081022,0.,1,"","","","","","","","","","","","","","","","","","","","","","","","","","","","","","","","","","",14.4,1,"","","","","","","","","","","","","","","","","","","","","","","","","","","","",100,1,"","","","","","","","","","","","","","","","","","","","","","","","","","","","","","","","","","","","","","","","","","","","","","","","","","","","","","","","","","","","","","","","","","","","","","","","","","","","","","","","","","","","","","","","","","","","","","","","","","",0,1,"","","","","","","","","","","","","","","","","","","","","","","","","","","","","",""
"61328002","LE PIN-AU-HARAS -INRAE",48.735833,0.128167,176,2002081023,0.,1,"","","","","","","","","","","","","","","","","","","","","","","","","","","","","","","","","","",14.1,1,"","","","","","","","","","","","","","","","","","","","","","","","","","","","",100,1,"","","","","","","","","","","","","","","","","","","","","","","","","","","","","","","","","","","","","","","","","","","","","","","","","","","","","","","","","","","","","","","","","","","","","","","","","","","","","","","","","","","","","","","","","","","","","","","","","","",0,1,"","","","","","","","","","","","","","","","","","","","","","","","","","","","","",""
"61328002","LE PIN-AU-HARAS -INRAE",48.735833,0.128167,176,2002081100,0.,1,"","","","","","","","","","","","","","","","","","","","","","","","","","","","","","","","","","",13.7,1,"","","","","","","","","","","","","","","","","","","","","","","","","","","","",100,1,"","","","","","","","","","","","","","","","","","","","","","","","","","","","","","","","","","","","","","","","","","","","","","","","","","","","","","","","","","","","","","","","","","","","","","","","","","","","","","","","","","","","","","","","","","","","","","","","","","",0,1,"","","","","","","","","","","","","","","","","","","","","","","","","","","","","",""
"61328002","LE PIN-AU-HARAS -INRAE",48.735833,0.128167,176,2002081101,0.,1,"","","","","","","","","","","","","","","","","","","","","","","","","","","","","","","","","","",12.5,1,"","","","","","","","","","","","","","","","","","","","","","","","","","","","",100,1,"","","","","","","","","","","","","","","","","","","","","","","","","","","","","","","","","","","","","","","","","","","","","","","","","","","","","","","","","","","","","","","","","","","","","","","","","","","","","","","","","","","","","","","","","","","","","","","","","","",0,1,"","","","","","","","","","","","","","","","","","","","","","","","","","","","","",""
"61328002","LE PIN-AU-HARAS -INRAE",48.735833,0.128167,176,2002081102,0.,1,"","","","","","","","","","","","","","","","","","","","","","","","","","","","","","","","","","",13.4,1,"","","","","","","","","","","","","","","","","","","","","","","","","","","","",100,1,"","","","","","","","","","","","","","","","","","","","","","","","","","","","","","","","","","","","","","","","","","","","","","","","","","","","","","","","","","","","","","","","","","","","","","","","","","","","","","","","","","","","","","","","","","","","","","","","","","",0,1,"","","","","","","","","","","","","","","","","","","","","","","","","","","","","",""
"61328002","LE PIN-AU-HARAS -INRAE",48.735833,0.128167,176,2002081103,0.,1,"","","","","","","","","","","","","","","","","","","","","","","","","","","","","","","","","","",13.4,1,"","","","","","","","","","","","","","","","","","","","","","","","","","","","",100,1,"","","","","","","","","","","","","","","","","","","","","","","","","","","","","","","","","","","","","","","","","","","","","","","","","","","","","","","","","","","","","","","","","","","","","","","","","","","","","","","","","","","","","","","","","","","","","","","","","","",0,1,"","","","","","","","","","","","","","","","","","","","","","","","","","","","","",""
"61328002","LE PIN-AU-HARAS -INRAE",48.735833,0.128167,176,2002081104,0.,1,"","","","","","","","","","","","","","","","","","","","","","","","","","","","","","","","","","",13.5,1,"","","","","","","","","","","","","","","","","","","","","","","","","","","","",100,1,"","","","","","","","","","","","","","","","","","","","","","","","","","","","","","","","","","","","","","","","","","","","","","","","","","","","","","","","","","","","","","","","","","","","","","","","","","","","","","","","","","","","","","","","","","","","","","","","","","",0,1,"","","","","","","","","","","","","","","","","","","","","","","","","","","","","",""
"61328002","LE PIN-AU-HARAS -INRAE",48.735833,0.128167,176,2002081105,0.,1,"","","","","","","","","","","","","","","","","","","","","","","","","","","","","","","","","","",13.9,1,"","","","","","","","","","","","","","","","","","","","","","","","","","","","",100,1,"","","","","","","","","","","","","","","","","","","","","","","","","","","","","","","","","","","","","","","","","","","","","","","","","","","","","","","","","","","","","","","","","","","","","","","","","","","","","","","","","","","","","","","","","","","","","","","","","","",0,1,"","","","","","","","","","","","","","","","","","","","","","","","","","","","","",""
"61328002","LE PIN-AU-HARAS -INRAE",48.735833,0.128167,176,2002081106,0.,1,"","","","","","","","","","","","","","","","","","","","","","","","","","","","","","","","","","",14.1,1,"","","","","","","","","","","","","","","","","","","","","","","","","","","","",100,1,"","","","","","","","","","","","","","","","","","","","","","","","","","","","","","","","","","","","","","","","","","","","","","","","","","","","","","","","","","","","","","","","","","","","","","","","","","","","","","","","","","","","","","","","","","","","","","","","","","",10,1,"","","","","","","","","","","","","","","","","","","","","","","","","","","","","",""
"61328002","LE PIN-AU-HARAS -INRAE",48.735833,0.128167,176,2002081107,0.,1,"","","","","","","","","","","","","","","","","","","","","","","","","","","","","","","","","","",15.,1,"","","","","","","","","","","","","","","","","","","","","","","","","","","","",96,1,"","","","","","","","","","","","","","","","","","","","","","","","","","","","","","","","","","","","","","","","","","","","","","","","","","","","","","","","","","","","","","","","","","","","","","","","","","","","","","","","","","","","","","","","","","","","","","","","","","",40,1,"","","","","","","","","","","","","","","","","","","","","","","","","","","","","",""
"61328002","LE PIN-AU-HARAS -INRAE",48.735833,0.128167,176,2002081108,0.,1,"","","","","","","","","","","","","","","","","","","","","","","","","","","","","","","","","","",15.4,1,"","","","","","","","","","","","","","","","","","","","","","","","","","","","",94,1,"","","","","","","","","","","","","","","","","","","","","","","","","","","","","","","","","","","","","","","","","","","","","","","","","","","","","","","","","","","","","","","","","","","","","","","","","","","","","","","","","","","","","","","","","","","","","","","","","","",48,1,"","","","","","","","","","","","","","","","","","","","","","","","","","","","","",""
"61328002","LE PIN-AU-HARAS -INRAE",48.735833,0.128167,176,2002081109,0.,1,"","","","","","","","","","","","","","","","","","","","","","","","","","","","","","","","","","",15.7,1,"","","","","","","","","","","","","","","","","","","","","","","","","","","","",86,1,"","","","","","","","","","","","","","","","","","","","","","","","","","","","","","","","","","","","","","","","","","","","","","","","","","","","","","","","","","","","","","","","","","","","","","","","","","","","","","","","","","","","","","","","","","","","","","","","","","",74,1,"","","","","","","","","","","","","","","","","","","","","","","","","","","","","",""
"61328002","LE PIN-AU-HARAS -INRAE",48.735833,0.128167,176,2002081110,0.,1,"","","","","","","","","","","","","","","","","","","","","","","","","","","","","","","","","","",16.3,1,"","","","","","","","","","","","","","","","","","","","","","","","","","","","",87,1,"","","","","","","","","","","","","","","","","","","","","","","","","","","","","","","","","","","","","","","","","","","","","","","","","","","","","","","","","","","","","","","","","","","","","","","","","","","","","","","","","","","","","","","","","","","","","","","","","","",84,1,"","","","","","","","","","","","","","","","","","","","","","","","","","","","","",""
"61328002","LE PIN-AU-HARAS -INRAE",48.735833,0.128167,176,2002081111,0.,1,"","","","","","","","","","","","","","","","","","","","","","","","","","","","","","","","","","",18.,1,"","","","","","","","","","","","","","","","","","","","","","","","","","","","",76,1,"","","","","","","","","","","","","","","","","","","","","","","","","","","","","","","","","","","","","","","","","","","","","","","","","","","","","","","","","","","","","","","","","","","","","","","","","","","","","","","","","","","","","","","","","","","","","","","","","","",190,1,"","","","","","","","","","","","","","","","","","","","","","","","","","","","","",""
"61328002","LE PIN-AU-HARAS -INRAE",48.735833,0.128167,176,2002081112,0.,1,"","","","","","","","","","","","","","","","","","","","","","","","","","","","","","","","","","",18.2,1,"","","","","","","","","","","","","","","","","","","","","","","","","","","","",72,1,"","","","","","","","","","","","","","","","","","","","","","","","","","","","","","","","","","","","","","","","","","","","","","","","","","","","","","","","","","","","","","","","","","","","","","","","","","","","","","","","","","","","","","","","","","","","","","","","","","",158,1,"","","","","","","","","","","","","","","","","","","","","","","","","","","","","",""
"61328002","LE PIN-AU-HARAS -INRAE",48.735833,0.128167,176,2002081113,0.,1,"","","","","","","","","","","","","","","","","","","","","","","","","","","","","","","","","","",20.1,1,"","","","","","","","","","","","","","","","","","","","","","","","","","","","",69,1,"","","","","","","","","","","","","","","","","","","","","","","","","","","","","","","","","","","","","","","","","","","","","","","","","","","","","","","","","","","","","","","","","","","","","","","","","","","","","","","","","","","","","","","","","","","","","","","","","","",232,1,"","","","","","","","","","","","","","","","","","","","","","","","","","","","","",""
"61328002","LE PIN-AU-HARAS -INRAE",48.735833,0.128167,176,2002081114,0.,1,"","","","","","","","","","","","","","","","","","","","","","","","","","","","","","","","","","",18.8,1,"","","","","","","","","","","","","","","","","","","","","","","","","","","","",58,1,"","","","","","","","","","","","","","","","","","","","","","","","","","","","","","","","","","","","","","","","","","","","","","","","","","","","","","","","","","","","","","","","","","","","","","","","","","","","","","","","","","","","","","","","","","","","","","","","","","",184,1,"","","","","","","","","","","","","","","","","","","","","","","","","","","","","",""
"61328002","LE PIN-AU-HARAS -INRAE",48.735833,0.128167,176,2002081115,0.,1,"","","","","","","","","","","","","","","","","","","","","","","","","","","","","","","","","","",18.7,1,"","","","","","","","","","","","","","","","","","","","","","","","","","","","",63,1,"","","","","","","","","","","","","","","","","","","","","","","","","","","","","","","","","","","","","","","","","","","","","","","","","","","","","","","","","","","","","","","","","","","","","","","","","","","","","","","","","","","","","","","","","","","","","","","","","","",112,1,"","","","","","","","","","","","","","","","","","","","","","","","","","","","","",""
"61328002","LE PIN-AU-HARAS -INRAE",48.735833,0.128167,176,2002081116,0.,1,"","","","","","","","","","","","","","","","","","","","","","","","","","","","","","","","","","",17.7,1,"","","","","","","","","","","","","","","","","","","","","","","","","","","","",68,1,"","","","","","","","","","","","","","","","","","","","","","","","","","","","","","","","","","","","","","","","","","","","","","","","","","","","","","","","","","","","","","","","","","","","","","","","","","","","","","","","","","","","","","","","","","","","","","","","","","",76,1,"","","","","","","","","","","","","","","","","","","","","","","","","","","","","",""
"61328002","LE PIN-AU-HARAS -INRAE",48.735833,0.128167,176,2002081117,0.,1,"","","","","","","","","","","","","","","","","","","","","","","","","","","","","","","","","","",16.5,1,"","","","","","","","","","","","","","","","","","","","","","","","","","","","",80,1,"","","","","","","","","","","","","","","","","","","","","","","","","","","","","","","","","","","","","","","","","","","","","","","","","","","","","","","","","","","","","","","","","","","","","","","","","","","","","","","","","","","","","","","","","","","","","","","","","","",42,1,"","","","","","","","","","","","","","","","","","","","","","","","","","","","","",""
"61328002","LE PIN-AU-HARAS -INRAE",48.735833,0.128167,176,2002081118,0.,1,"","","","","","","","","","","","","","","","","","","","","","","","","","","","","","","","","","",15.,1,"","","","","","","","","","","","","","","","","","","","","","","","","","","","",92,1,"","","","","","","","","","","","","","","","","","","","","","","","","","","","","","","","","","","","","","","","","","","","","","","","","","","","","","","","","","","","","","","","","","","","","","","","","","","","","","","","","","","","","","","","","","","","","","","","","","",32,1,"","","","","","","","","","","","","","","","","","","","","","","","","","","","","",""
"61328002","LE PIN-AU-HARAS -INRAE",48.735833,0.128167,176,2002081119,0.,1,"","","","","","","","","","","","","","","","","","","","","","","","","","","","","","","","","","",15.1,1,"","","","","","","","","","","","","","","","","","","","","","","","","","","","",89,1,"","","","","","","","","","","","","","","","","","","","","","","","","","","","","","","","","","","","","","","","","","","","","","","","","","","","","","","","","","","","","","","","","","","","","","","","","","","","","","","","","","","","","","","","","","","","","","","","","","",18,1,"","","","","","","","","","","","","","","","","","","","","","","","","","","","","",""
"61328002","LE PIN-AU-HARAS -INRAE",48.735833,0.128167,176,2002081120,0.,1,"","","","","","","","","","","","","","","","","","","","","","","","","","","","","","","","","","",14.7,1,"","","","","","","","","","","","","","","","","","","","","","","","","","","","",92,1,"","","","","","","","","","","","","","","","","","","","","","","","","","","","","","","","","","","","","","","","","","","","","","","","","","","","","","","","","","","","","","","","","","","","","","","","","","","","","","","","","","","","","","","","","","","","","","","","","","",0,1,"","","","","","","","","","","","","","","","","","","","","","","","","","","","","",""
"61328002","LE PIN-AU-HARAS -INRAE",48.735833,0.128167,176,2002081121,0.,1,"","","","","","","","","","","","","","","","","","","","","","","","","","","","","","","","","","",14.9,1,"","","","","","","","","","","","","","","","","","","","","","","","","","","","",93,1,"","","","","","","","","","","","","","","","","","","","","","","","","","","","","","","","","","","","","","","","","","","","","","","","","","","","","","","","","","","","","","","","","","","","","","","","","","","","","","","","","","","","","","","","","","","","","","","","","","",0,1,"","","","","","","","","","","","","","","","","","","","","","","","","","","","","",""
"61328002","LE PIN-AU-HARAS -INRAE",48.735833,0.128167,176,2002081122,0.,1,"","","","","","","","","","","","","","","","","","","","","","","","","","","","","","","","","","",14.9,1,"","","","","","","","","","","","","","","","","","","","","","","","","","","","",94,1,"","","","","","","","","","","","","","","","","","","","","","","","","","","","","","","","","","","","","","","","","","","","","","","","","","","","","","","","","","","","","","","","","","","","","","","","","","","","","","","","","","","","","","","","","","","","","","","","","","",0,1,"","","","","","","","","","","","","","","","","","","","","","","","","","","","","",""
"61328002","LE PIN-AU-HARAS -INRAE",48.735833,0.128167,176,2002081123,0.,1,"","","","","","","","","","","","","","","","","","","","","","","","","","","","","","","","","","",14.7,1,"","","","","","","","","","","","","","","","","","","","","","","","","","","","",94,1,"","","","","","","","","","","","","","","","","","","","","","","","","","","","","","","","","","","","","","","","","","","","","","","","","","","","","","","","","","","","","","","","","","","","","","","","","","","","","","","","","","","","","","","","","","","","","","","","","","",0,1,"","","","","","","","","","","","","","","","","","","","","","","","","","","","","",""
"61328002","LE PIN-AU-HARAS -INRAE",48.735833,0.128167,176,2002081200,0.,1,"","","","","","","","","","","","","","","","","","","","","","","","","","","","","","","","","","",14.4,1,"","","","","","","","","","","","","","","","","","","","","","","","","","","","",95,1,"","","","","","","","","","","","","","","","","","","","","","","","","","","","","","","","","","","","","","","","","","","","","","","","","","","","","","","","","","","","","","","","","","","","","","","","","","","","","","","","","","","","","","","","","","","","","","","","","","",0,1,"","","","","","","","","","","","","","","","","","","","","","","","","","","","","",""
"61328002","LE PIN-AU-HARAS -INRAE",48.735833,0.128167,176,2002081201,0.,1,"","","","","","","","","","","","","","","","","","","","","","","","","","","","","","","","","","",14.4,1,"","","","","","","","","","","","","","","","","","","","","","","","","","","","",92,1,"","","","","","","","","","","","","","","","","","","","","","","","","","","","","","","","","","","","","","","","","","","","","","","","","","","","","","","","","","","","","","","","","","","","","","","","","","","","","","","","","","","","","","","","","","","","","","","","","","",0,1,"","","","","","","","","","","","","","","","","","","","","","","","","","","","","",""
"61328002","LE PIN-AU-HARAS -INRAE",48.735833,0.128167,176,2002081202,0.,1,"","","","","","","","","","","","","","","","","","","","","","","","","","","","","","","","","","",13.9,1,"","","","","","","","","","","","","","","","","","","","","","","","","","","","",95,1,"","","","","","","","","","","","","","","","","","","","","","","","","","","","","","","","","","","","","","","","","","","","","","","","","","","","","","","","","","","","","","","","","","","","","","","","","","","","","","","","","","","","","","","","","","","","","","","","","","",0,1,"","","","","","","","","","","","","","","","","","","","","","","","","","","","","",""
"61328002","LE PIN-AU-HARAS -INRAE",48.735833,0.128167,176,2002081203,0.,1,"","","","","","","","","","","","","","","","","","","","","","","","","","","","","","","","","","",13.9,1,"","","","","","","","","","","","","","","","","","","","","","","","","","","","",97,1,"","","","","","","","","","","","","","","","","","","","","","","","","","","","","","","","","","","","","","","","","","","","","","","","","","","","","","","","","","","","","","","","","","","","","","","","","","","","","","","","","","","","","","","","","","","","","","","","","","",0,1,"","","","","","","","","","","","","","","","","","","","","","","","","","","","","",""
"61328002","LE PIN-AU-HARAS -INRAE",48.735833,0.128167,176,2002081204,0.,1,"","","","","","","","","","","","","","","","","","","","","","","","","","","","","","","","","","",14.1,1,"","","","","","","","","","","","","","","","","","","","","","","","","","","","",98,1,"","","","","","","","","","","","","","","","","","","","","","","","","","","","","","","","","","","","","","","","","","","","","","","","","","","","","","","","","","","","","","","","","","","","","","","","","","","","","","","","","","","","","","","","","","","","","","","","","","",0,1,"","","","","","","","","","","","","","","","","","","","","","","","","","","","","",""
"61328002","LE PIN-AU-HARAS -INRAE",48.735833,0.128167,176,2002081205,0.,1,"","","","","","","","","","","","","","","","","","","","","","","","","","","","","","","","","","",14.4,1,"","","","","","","","","","","","","","","","","","","","","","","","","","","","",97,1,"","","","","","","","","","","","","","","","","","","","","","","","","","","","","","","","","","","","","","","","","","","","","","","","","","","","","","","","","","","","","","","","","","","","","","","","","","","","","","","","","","","","","","","","","","","","","","","","","","",0,1,"","","","","","","","","","","","","","","","","","","","","","","","","","","","","",""
"61328002","LE PIN-AU-HARAS -INRAE",48.735833,0.128167,176,2002081206,0.,1,"","","","","","","","","","","","","","","","","","","","","","","","","","","","","","","","","","",14.8,1,"","","","","","","","","","","","","","","","","","","","","","","","","","","","",92,1,"","","","","","","","","","","","","","","","","","","","","","","","","","","","","","","","","","","","","","","","","","","","","","","","","","","","","","","","","","","","","","","","","","","","","","","","","","","","","","","","","","","","","","","","","","","","","","","","","","",8,1,"","","","","","","","","","","","","","","","","","","","","","","","","","","","","",""
"61328002","LE PIN-AU-HARAS -INRAE",48.735833,0.128167,176,2002081207,0.,1,"","","","","","","","","","","","","","","","","","","","","","","","","","","","","","","","","","",15.2,1,"","","","","","","","","","","","","","","","","","","","","","","","","","","","",89,1,"","","","","","","","","","","","","","","","","","","","","","","","","","","","","","","","","","","","","","","","","","","","","","","","","","","","","","","","","","","","","","","","","","","","","","","","","","","","","","","","","","","","","","","","","","","","","","","","","","",30,1,"","","","","","","","","","","","","","","","","","","","","","","","","","","","","",""
"61328002","LE PIN-AU-HARAS -INRAE",48.735833,0.128167,176,2002081208,0.,1,"","","","","","","","","","","","","","","","","","","","","","","","","","","","","","","","","","",15.6,1,"","","","","","","","","","","","","","","","","","","","","","","","","","","","",87,1,"","","","","","","","","","","","","","","","","","","","","","","","","","","","","","","","","","","","","","","","","","","","","","","","","","","","","","","","","","","","","","","","","","","","","","","","","","","","","","","","","","","","","","","","","","","","","","","","","","",30,1,"","","","","","","","","","","","","","","","","","","","","","","","","","","","","",""
"61328002","LE PIN-AU-HARAS -INRAE",48.735833,0.128167,176,2002081209,0.,1,"","","","","","","","","","","","","","","","","","","","","","","","","","","","","","","","","","",16.4,1,"","","","","","","","","","","","","","","","","","","","","","","","","","","","",86,1,"","","","","","","","","","","","","","","","","","","","","","","","","","","","","","","","","","","","","","","","","","","","","","","","","","","","","","","","","","","","","","","","","","","","","","","","","","","","","","","","","","","","","","","","","","","","","","","","","","",46,1,"","","","","","","","","","","","","","","","","","","","","","","","","","","","","",""
"61328002","LE PIN-AU-HARAS -INRAE",48.735833,0.128167,176,2002081210,0.,1,"","","","","","","","","","","","","","","","","","","","","","","","","","","","","","","","","","",17.2,1,"","","","","","","","","","","","","","","","","","","","","","","","","","","","",79,1,"","","","","","","","","","","","","","","","","","","","","","","","","","","","","","","","","","","","","","","","","","","","","","","","","","","","","","","","","","","","","","","","","","","","","","","","","","","","","","","","","","","","","","","","","","","","","","","","","","",80,1,"","","","","","","","","","","","","","","","","","","","","","","","","","","","","",""
"61328002","LE PIN-AU-HARAS -INRAE",48.735833,0.128167,176,2002081211,0.,1,"","","","","","","","","","","","","","","","","","","","","","","","","","","","","","","","","","",17.8,1,"","","","","","","","","","","","","","","","","","","","","","","","","","","","",77,1,"","","","","","","","","","","","","","","","","","","","","","","","","","","","","","","","","","","","","","","","","","","","","","","","","","","","","","","","","","","","","","","","","","","","","","","","","","","","","","","","","","","","","","","","","","","","","","","","","","",72,1,"","","","","","","","","","","","","","","","","","","","","","","","","","","","","",""
"61328002","LE PIN-AU-HARAS -INRAE",48.735833,0.128167,176,2002081212,0.,1,"","","","","","","","","","","","","","","","","","","","","","","","","","","","","","","","","","",18.8,1,"","","","","","","","","","","","","","","","","","","","","","","","","","","","",77,1,"","","","","","","","","","","","","","","","","","","","","","","","","","","","","","","","","","","","","","","","","","","","","","","","","","","","","","","","","","","","","","","","","","","","","","","","","","","","","","","","","","","","","","","","","","","","","","","","","","",86,1,"","","","","","","","","","","","","","","","","","","","","","","","","","","","","",""
"61328002","LE PIN-AU-HARAS -INRAE",48.735833,0.128167,176,2002081213,0.,1,"","","","","","","","","","","","","","","","","","","","","","","","","","","","","","","","","","",19.2,1,"","","","","","","","","","","","","","","","","","","","","","","","","","","","",70,1,"","","","","","","","","","","","","","","","","","","","","","","","","","","","","","","","","","","","","","","","","","","","","","","","","","","","","","","","","","","","","","","","","","","","","","","","","","","","","","","","","","","","","","","","","","","","","","","","","","",180,1,"","","","","","","","","","","","","","","","","","","","","","","","","","","","","",""
"61328002","LE PIN-AU-HARAS -INRAE",48.735833,0.128167,176,2002081214,0.,1,"","","","","","","","","","","","","","","","","","","","","","","","","","","","","","","","","","",20.,1,"","","","","","","","","","","","","","","","","","","","","","","","","","","","",73,1,"","","","","","","","","","","","","","","","","","","","","","","","","","","","","","","","","","","","","","","","","","","","","","","","","","","","","","","","","","","","","","","","","","","","","","","","","","","","","","","","","","","","","","","","","","","","","","","","","","",172,1,"","","","","","","","","","","","","","","","","","","","","","","","","","","","","",""
"61328002","LE PIN-AU-HARAS -INRAE",48.735833,0.128167,176,2002081215,0.,1,"","","","","","","","","","","","","","","","","","","","","","","","","","","","","","","","","","",19.9,1,"","","","","","","","","","","","","","","","","","","","","","","","","","","","",66,1,"","","","","","","","","","","","","","","","","","","","","","","","","","","","","","","","","","","","","","","","","","","","","","","","","","","","","","","","","","","","","","","","","","","","","","","","","","","","","","","","","","","","","","","","","","","","","","","","","","",230,1,"","","","","","","","","","","","","","","","","","","","","","","","","","","","","",""
"61328002","LE PIN-AU-HARAS -INRAE",48.735833,0.128167,176,2002081216,0.,1,"","","","","","","","","","","","","","","","","","","","","","","","","","","","","","","","","","",19.9,1,"","","","","","","","","","","","","","","","","","","","","","","","","","","","",67,1,"","","","","","","","","","","","","","","","","","","","","","","","","","","","","","","","","","","","","","","","","","","","","","","","","","","","","","","","","","","","","","","","","","","","","","","","","","","","","","","","","","","","","","","","","","","","","","","","","","",174,1,"","","","","","","","","","","","","","","","","","","","","","","","","","","","","",""
"61328002","LE PIN-AU-HARAS -INRAE",48.735833,0.128167,176,2002081217,0.,1,"","","","","","","","","","","","","","","","","","","","","","","","","","","","","","","","","","",18.5,1,"","","","","","","","","","","","","","","","","","","","","","","","","","","","",74,1,"","","","","","","","","","","","","","","","","","","","","","","","","","","","","","","","","","","","","","","","","","","","","","","","","","","","","","","","","","","","","","","","","","","","","","","","","","","","","","","","","","","","","","","","","","","","","","","","","","",98,1,"","","","","","","","","","","","","","","","","","","","","","","","","","","","","",""
"61328002","LE PIN-AU-HARAS -INRAE",48.735833,0.128167,176,2002081218,0.,1,"","","","","","","","","","","","","","","","","","","","","","","","","","","","","","","","","","",17.3,1,"","","","","","","","","","","","","","","","","","","","","","","","","","","","",77,1,"","","","","","","","","","","","","","","","","","","","","","","","","","","","","","","","","","","","","","","","","","","","","","","","","","","","","","","","","","","","","","","","","","","","","","","","","","","","","","","","","","","","","","","","","","","","","","","","","","",36,1,"","","","","","","","","","","","","","","","","","","","","","","","","","","","","",""
"61328002","LE PIN-AU-HARAS -INRAE",48.735833,0.128167,176,2002081219,0.,1,"","","","","","","","","","","","","","","","","","","","","","","","","","","","","","","","","","",16.2,1,"","","","","","","","","","","","","","","","","","","","","","","","","","","","",86,1,"","","","","","","","","","","","","","","","","","","","","","","","","","","","","","","","","","","","","","","","","","","","","","","","","","","","","","","","","","","","","","","","","","","","","","","","","","","","","","","","","","","","","","","","","","","","","","","","","","",12,1,"","","","","","","","","","","","","","","","","","","","","","","","","","","","","",""
"61328002","LE PIN-AU-HARAS -INRAE",48.735833,0.128167,176,2002081220,0.,1,"","","","","","","","","","","","","","","","","","","","","","","","","","","","","","","","","","",15.7,1,"","","","","","","","","","","","","","","","","","","","","","","","","","","","",88,1,"","","","","","","","","","","","","","","","","","","","","","","","","","","","","","","","","","","","","","","","","","","","","","","","","","","","","","","","","","","","","","","","","","","","","","","","","","","","","","","","","","","","","","","","","","","","","","","","","","",0,1,"","","","","","","","","","","","","","","","","","","","","","","","","","","","","",""
"61328002","LE PIN-AU-HARAS -INRAE",48.735833,0.128167,176,2002081221,0.,1,"","","","","","","","","","","","","","","","","","","","","","","","","","","","","","","","","","",13.2,1,"","","","","","","","","","","","","","","","","","","","","","","","","","","","",94,1,"","","","","","","","","","","","","","","","","","","","","","","","","","","","","","","","","","","","","","","","","","","","","","","","","","","","","","","","","","","","","","","","","","","","","","","","","","","","","","","","","","","","","","","","","","","","","","","","","","",0,1,"","","","","","","","","","","","","","","","","","","","","","","","","","","","","",""
"61328002","LE PIN-AU-HARAS -INRAE",48.735833,0.128167,176,2002081222,0.,1,"","","","","","","","","","","","","","","","","","","","","","","","","","","","","","","","","","",11.2,1,"","","","","","","","","","","","","","","","","","","","","","","","","","","","",96,1,"","","","","","","","","","","","","","","","","","","","","","","","","","","","","","","","","","","","","","","","","","","","","","","","","","","","","","","","","","","","","","","","","","","","","","","","","","","","","","","","","","","","","","","","","","","","","","","","","","",0,1,"","","","","","","","","","","","","","","","","","","","","","","","","","","","","",""
"61328002","LE PIN-AU-HARAS -INRAE",48.735833,0.128167,176,2002081223,0.,1,"","","","","","","","","","","","","","","","","","","","","","","","","","","","","","","","","","",9.7,1,"","","","","","","","","","","","","","","","","","","","","","","","","","","","",97,1,"","","","","","","","","","","","","","","","","","","","","","","","","","","","","","","","","","","","","","","","","","","","","","","","","","","","","","","","","","","","","","","","","","","","","","","","","","","","","","","","","","","","","","","","","","","","","","","","","","",0,1,"","","","","","","","","","","","","","","","","","","","","","","","","","","","","",""
"61328002","LE PIN-AU-HARAS -INRAE",48.735833,0.128167,176,2002081300,0.,1,"","","","","","","","","","","","","","","","","","","","","","","","","","","","","","","","","","",9.1,1,"","","","","","","","","","","","","","","","","","","","","","","","","","","","",99,1,"","","","","","","","","","","","","","","","","","","","","","","","","","","","","","","","","","","","","","","","","","","","","","","","","","","","","","","","","","","","","","","","","","","","","","","","","","","","","","","","","","","","","","","","","","","","","","","","","","",0,1,"","","","","","","","","","","","","","","","","","","","","","","","","","","","","",""
"61328002","LE PIN-AU-HARAS -INRAE",48.735833,0.128167,176,2002081301,0.,1,"","","","","","","","","","","","","","","","","","","","","","","","","","","","","","","","","","",8.5,1,"","","","","","","","","","","","","","","","","","","","","","","","","","","","",99,1,"","","","","","","","","","","","","","","","","","","","","","","","","","","","","","","","","","","","","","","","","","","","","","","","","","","","","","","","","","","","","","","","","","","","","","","","","","","","","","","","","","","","","","","","","","","","","","","","","","",0,1,"","","","","","","","","","","","","","","","","","","","","","","","","","","","","",""
"61328002","LE PIN-AU-HARAS -INRAE",48.735833,0.128167,176,2002081302,0.,1,"","","","","","","","","","","","","","","","","","","","","","","","","","","","","","","","","","",8.4,1,"","","","","","","","","","","","","","","","","","","","","","","","","","","","",100,1,"","","","","","","","","","","","","","","","","","","","","","","","","","","","","","","","","","","","","","","","","","","","","","","","","","","","","","","","","","","","","","","","","","","","","","","","","","","","","","","","","","","","","","","","","","","","","","","","","","",0,1,"","","","","","","","","","","","","","","","","","","","","","","","","","","","","",""
"61328002","LE PIN-AU-HARAS -INRAE",48.735833,0.128167,176,2002081303,0.,1,"","","","","","","","","","","","","","","","","","","","","","","","","","","","","","","","","","",7.9,1,"","","","","","","","","","","","","","","","","","","","","","","","","","","","",100,1,"","","","","","","","","","","","","","","","","","","","","","","","","","","","","","","","","","","","","","","","","","","","","","","","","","","","","","","","","","","","","","","","","","","","","","","","","","","","","","","","","","","","","","","","","","","","","","","","","","",0,1,"","","","","","","","","","","","","","","","","","","","","","","","","","","","","",""
"61328002","LE PIN-AU-HARAS -INRAE",48.735833,0.128167,176,2002081304,0.,1,"","","","","","","","","","","","","","","","","","","","","","","","","","","","","","","","","","",7.6,1,"","","","","","","","","","","","","","","","","","","","","","","","","","","","",100,1,"","","","","","","","","","","","","","","","","","","","","","","","","","","","","","","","","","","","","","","","","","","","","","","","","","","","","","","","","","","","","","","","","","","","","","","","","","","","","","","","","","","","","","","","","","","","","","","","","","",0,1,"","","","","","","","","","","","","","","","","","","","","","","","","","","","","",""
"61328002","LE PIN-AU-HARAS -INRAE",48.735833,0.128167,176,2002081305,0.,1,"","","","","","","","","","","","","","","","","","","","","","","","","","","","","","","","","","",8.,1,"","","","","","","","","","","","","","","","","","","","","","","","","","","","",100,1,"","","","","","","","","","","","","","","","","","","","","","","","","","","","","","","","","","","","","","","","","","","","","","","","","","","","","","","","","","","","","","","","","","","","","","","","","","","","","","","","","","","","","","","","","","","","","","","","","","",2,1,"","","","","","","","","","","","","","","","","","","","","","","","","","","","","",""
"61328002","LE PIN-AU-HARAS -INRAE",48.735833,0.128167,176,2002081306,0.,1,"","","","","","","","","","","","","","","","","","","","","","","","","","","","","","","","","","",9.3,1,"","","","","","","","","","","","","","","","","","","","","","","","","","","","",100,1,"","","","","","","","","","","","","","","","","","","","","","","","","","","","","","","","","","","","","","","","","","","","","","","","","","","","","","","","","","","","","","","","","","","","","","","","","","","","","","","","","","","","","","","","","","","","","","","","","","",12,1,"","","","","","","","","","","","","","","","","","","","","","","","","","","","","",""
"61328002","LE PIN-AU-HARAS -INRAE",48.735833,0.128167,176,2002081307,0.,1,"","","","","","","","","","","","","","","","","","","","","","","","","","","","","","","","","","",11.7,1,"","","","","","","","","","","","","","","","","","","","","","","","","","","","",100,1,"","","","","","","","","","","","","","","","","","","","","","","","","","","","","","","","","","","","","","","","","","","","","","","","","","","","","","","","","","","","","","","","","","","","","","","","","","","","","","","","","","","","","","","","","","","","","","","","","","",48,1,"","","","","","","","","","","","","","","","","","","","","","","","","","","","","",""
"61328002","LE PIN-AU-HARAS -INRAE",48.735833,0.128167,176,2002081308,0.,1,"","","","","","","","","","","","","","","","","","","","","","","","","","","","","","","","","","",14.,1,"","","","","","","","","","","","","","","","","","","","","","","","","","","","",100,1,"","","","","","","","","","","","","","","","","","","","","","","","","","","","","","","","","","","","","","","","","","","","","","","","","","","","","","","","","","","","","","","","","","","","","","","","","","","","","","","","","","","","","","","","","","","","","","","","","","",88,1,"","","","","","","","","","","","","","","","","","","","","","","","","","","","","",""
"61328002","LE PIN-AU-HARAS -INRAE",48.735833,0.128167,176,2002081309,0.,1,"","","","","","","","","","","","","","","","","","","","","","","","","","","","","","","","","","",17.5,1,"","","","","","","","","","","","","","","","","","","","","","","","","","","","",97,1,"","","","","","","","","","","","","","","","","","","","","","","","","","","","","","","","","","","","","","","","","","","","","","","","","","","","","","","","","","","","","","","","","","","","","","","","","","","","","","","","","","","","","","","","","","","","","","","","","","",182,1,"","","","","","","","","","","","","","","","","","","","","","","","","","","","","",""
"61328002","LE PIN-AU-HARAS -INRAE",48.735833,0.128167,176,2002081310,0.,1,"","","","","","","","","","","","","","","","","","","","","","","","","","","","","","","","","","",18.7,1,"","","","","","","","","","","","","","","","","","","","","","","","","","","","",70,1,"","","","","","","","","","","","","","","","","","","","","","","","","","","","","","","","","","","","","","","","","","","","","","","","","","","","","","","","","","","","","","","","","","","","","","","","","","","","","","","","","","","","","","","","","","","","","","","","","","",248,1,"","","","","","","","","","","","","","","","","","","","","","","","","","","","","",""
"61328002","LE PIN-AU-HARAS -INRAE",48.735833,0.128167,176,2002081311,0.,1,"","","","","","","","","","","","","","","","","","","","","","","","","","","","","","","","","","",21.6,1,"","","","","","","","","","","","","","","","","","","","","","","","","","","","",59,1,"","","","","","","","","","","","","","","","","","","","","","","","","","","","","","","","","","","","","","","","","","","","","","","","","","","","","","","","","","","","","","","","","","","","","","","","","","","","","","","","","","","","","","","","","","","","","","","","","","",286,1,"","","","","","","","","","","","","","","","","","","","","","","","","","","","","",""
"61328002","LE PIN-AU-HARAS -INRAE",48.735833,0.128167,176,2002081312,0.,1,"","","","","","","","","","","","","","","","","","","","","","","","","","","","","","","","","","",22.6,1,"","","","","","","","","","","","","","","","","","","","","","","","","","","","",56,1,"","","","","","","","","","","","","","","","","","","","","","","","","","","","","","","","","","","","","","","","","","","","","","","","","","","","","","","","","","","","","","","","","","","","","","","","","","","","","","","","","","","","","","","","","","","","","","","","","","",306,1,"","","","","","","","","","","","","","","","","","","","","","","","","","","","","",""
"61328002","LE PIN-AU-HARAS -INRAE",48.735833,0.128167,176,2002081313,0.,1,"","","","","","","","","","","","","","","","","","","","","","","","","","","","","","","","","","",24.,1,"","","","","","","","","","","","","","","","","","","","","","","","","","","","",50,1,"","","","","","","","","","","","","","","","","","","","","","","","","","","","","","","","","","","","","","","","","","","","","","","","","","","","","","","","","","","","","","","","","","","","","","","","","","","","","","","","","","","","","","","","","","","","","","","","","","",304,1,"","","","","","","","","","","","","","","","","","","","","","","","","","","","","",""
"61328002","LE PIN-AU-HARAS -INRAE",48.735833,0.128167,176,2002081314,0.,1,"","","","","","","","","","","","","","","","","","","","","","","","","","","","","","","","","","",24.4,1,"","","","","","","","","","","","","","","","","","","","","","","","","","","","",52,1,"","","","","","","","","","","","","","","","","","","","","","","","","","","","","","","","","","","","","","","","","","","","","","","","","","","","","","","","","","","","","","","","","","","","","","","","","","","","","","","","","","","","","","","","","","","","","","","","","","",290,1,"","","","","","","","","","","","","","","","","","","","","","","","","","","","","",""
"61328002","LE PIN-AU-HARAS -INRAE",48.735833,0.128167,176,2002081315,0.,1,"","","","","","","","","","","","","","","","","","","","","","","","","","","","","","","","","","",24.,1,"","","","","","","","","","","","","","","","","","","","","","","","","","","","",45,1,"","","","","","","","","","","","","","","","","","","","","","","","","","","","","","","","","","","","","","","","","","","","","","","","","","","","","","","","","","","","","","","","","","","","","","","","","","","","","","","","","","","","","","","","","","","","","","","","","","",256,1,"","","","","","","","","","","","","","","","","","","","","","","","","","","","","",""
"61328002","LE PIN-AU-HARAS -INRAE",48.735833,0.128167,176,2002081316,0.,1,"","","","","","","","","","","","","","","","","","","","","","","","","","","","","","","","","","",24.7,1,"","","","","","","","","","","","","","","","","","","","","","","","","","","","",46,1,"","","","","","","","","","","","","","","","","","","","","","","","","","","","","","","","","","","","","","","","","","","","","","","","","","","","","","","","","","","","","","","","","","","","","","","","","","","","","","","","","","","","","","","","","","","","","","","","","","",206,1,"","","","","","","","","","","","","","","","","","","","","","","","","","","","","",""
"61328002","LE PIN-AU-HARAS -INRAE",48.735833,0.128167,176,2002081317,0.,1,"","","","","","","","","","","","","","","","","","","","","","","","","","","","","","","","","","",24.3,1,"","","","","","","","","","","","","","","","","","","","","","","","","","","","",43,1,"","","","","","","","","","","","","","","","","","","","","","","","","","","","","","","","","","","","","","","","","","","","","","","","","","","","","","","","","","","","","","","","","","","","","","","","","","","","","","","","","","","","","","","","","","","","","","","","","","",148,1,"","","","","","","","","","","","","","","","","","","","","","","","","","","","","",""
"61328002","LE PIN-AU-HARAS -INRAE",48.735833,0.128167,176,2002081318,0.,1,"","","","","","","","","","","","","","","","","","","","","","","","","","","","","","","","","","",21.6,1,"","","","","","","","","","","","","","","","","","","","","","","","","","","","",64,1,"","","","","","","","","","","","","","","","","","","","","","","","","","","","","","","","","","","","","","","","","","","","","","","","","","","","","","","","","","","","","","","","","","","","","","","","","","","","","","","","","","","","","","","","","","","","","","","","","","",80,1,"","","","","","","","","","","","","","","","","","","","","","","","","","","","","",""
"61328002","LE PIN-AU-HARAS -INRAE",48.735833,0.128167,176,2002081319,0.,1,"","","","","","","","","","","","","","","","","","","","","","","","","","","","","","","","","","",18.8,1,"","","","","","","","","","","","","","","","","","","","","","","","","","","","",75,1,"","","","","","","","","","","","","","","","","","","","","","","","","","","","","","","","","","","","","","","","","","","","","","","","","","","","","","","","","","","","","","","","","","","","","","","","","","","","","","","","","","","","","","","","","","","","","","","","","","",12,1,"","","","","","","","","","","","","","","","","","","","","","","","","","","","","",""
"61328002","LE PIN-AU-HARAS -INRAE",48.735833,0.128167,176,2002081320,0.,1,"","","","","","","","","","","","","","","","","","","","","","","","","","","","","","","","","","",15.9,1,"","","","","","","","","","","","","","","","","","","","","","","","","","","","",84,1,"","","","","","","","","","","","","","","","","","","","","","","","","","","","","","","","","","","","","","","","","","","","","","","","","","","","","","","","","","","","","","","","","","","","","","","","","","","","","","","","","","","","","","","","","","","","","","","","","","",0,1,"","","","","","","","","","","","","","","","","","","","","","","","","","","","","",""
"61328002","LE PIN-AU-HARAS -INRAE",48.735833,0.128167,176,2002081321,0.,1,"","","","","","","","","","","","","","","","","","","","","","","","","","","","","","","","","","",14.,1,"","","","","","","","","","","","","","","","","","","","","","","","","","","","",95,1,"","","","","","","","","","","","","","","","","","","","","","","","","","","","","","","","","","","","","","","","","","","","","","","","","","","","","","","","","","","","","","","","","","","","","","","","","","","","","","","","","","","","","","","","","","","","","","","","","","",0,1,"","","","","","","","","","","","","","","","","","","","","","","","","","","","","",""
"61328002","LE PIN-AU-HARAS -INRAE",48.735833,0.128167,176,2002081322,0.,1,"","","","","","","","","","","","","","","","","","","","","","","","","","","","","","","","","","",14.7,1,"","","","","","","","","","","","","","","","","","","","","","","","","","","","",95,1,"","","","","","","","","","","","","","","","","","","","","","","","","","","","","","","","","","","","","","","","","","","","","","","","","","","","","","","","","","","","","","","","","","","","","","","","","","","","","","","","","","","","","","","","","","","","","","","","","","",0,1,"","","","","","","","","","","","","","","","","","","","","","","","","","","","","",""
"61328002","LE PIN-AU-HARAS -INRAE",48.735833,0.128167,176,2002081323,0.,1,"","","","","","","","","","","","","","","","","","","","","","","","","","","","","","","","","","",13.5,1,"","","","","","","","","","","","","","","","","","","","","","","","","","","","",98,1,"","","","","","","","","","","","","","","","","","","","","","","","","","","","","","","","","","","","","","","","","","","","","","","","","","","","","","","","","","","","","","","","","","","","","","","","","","","","","","","","","","","","","","","","","","","","","","","","","","",0,1,"","","","","","","","","","","","","","","","","","","","","","","","","","","","","",""
"61328002","LE PIN-AU-HARAS -INRAE",48.735833,0.128167,176,2002081400,0.,1,"","","","","","","","","","","","","","","","","","","","","","","","","","","","","","","","","","",14.1,1,"","","","","","","","","","","","","","","","","","","","","","","","","","","","",100,1,"","","","","","","","","","","","","","","","","","","","","","","","","","","","","","","","","","","","","","","","","","","","","","","","","","","","","","","","","","","","","","","","","","","","","","","","","","","","","","","","","","","","","","","","","","","","","","","","","","",0,1,"","","","","","","","","","","","","","","","","","","","","","","","","","","","","",""
"61328002","LE PIN-AU-HARAS -INRAE",48.735833,0.128167,176,2002081401,0.,1,"","","","","","","","","","","","","","","","","","","","","","","","","","","","","","","","","","",13.3,1,"","","","","","","","","","","","","","","","","","","","","","","","","","","","",100,1,"","","","","","","","","","","","","","","","","","","","","","","","","","","","","","","","","","","","","","","","","","","","","","","","","","","","","","","","","","","","","","","","","","","","","","","","","","","","","","","","","","","","","","","","","","","","","","","","","","",0,1,"","","","","","","","","","","","","","","","","","","","","","","","","","","","","",""
"61328002","LE PIN-AU-HARAS -INRAE",48.735833,0.128167,176,2002081402,0.,1,"","","","","","","","","","","","","","","","","","","","","","","","","","","","","","","","","","",12.7,1,"","","","","","","","","","","","","","","","","","","","","","","","","","","","",100,1,"","","","","","","","","","","","","","","","","","","","","","","","","","","","","","","","","","","","","","","","","","","","","","","","","","","","","","","","","","","","","","","","","","","","","","","","","","","","","","","","","","","","","","","","","","","","","","","","","","",0,1,"","","","","","","","","","","","","","","","","","","","","","","","","","","","","",""
"61328002","LE PIN-AU-HARAS -INRAE",48.735833,0.128167,176,2002081403,0.,1,"","","","","","","","","","","","","","","","","","","","","","","","","","","","","","","","","","",12.2,1,"","","","","","","","","","","","","","","","","","","","","","","","","","","","",100,1,"","","","","","","","","","","","","","","","","","","","","","","","","","","","","","","","","","","","","","","","","","","","","","","","","","","","","","","","","","","","","","","","","","","","","","","","","","","","","","","","","","","","","","","","","","","","","","","","","","",0,1,"","","","","","","","","","","","","","","","","","","","","","","","","","","","","",""
"61328002","LE PIN-AU-HARAS -INRAE",48.735833,0.128167,176,2002081404,0.,1,"","","","","","","","","","","","","","","","","","","","","","","","","","","","","","","","","","",12.4,1,"","","","","","","","","","","","","","","","","","","","","","","","","","","","",100,1,"","","","","","","","","","","","","","","","","","","","","","","","","","","","","","","","","","","","","","","","","","","","","","","","","","","","","","","","","","","","","","","","","","","","","","","","","","","","","","","","","","","","","","","","","","","","","","","","","","",0,1,"","","","","","","","","","","","","","","","","","","","","","","","","","","","","",""
"61328002","LE PIN-AU-HARAS -INRAE",48.735833,0.128167,176,2002081405,0.,1,"","","","","","","","","","","","","","","","","","","","","","","","","","","","","","","","","","",10.6,1,"","","","","","","","","","","","","","","","","","","","","","","","","","","","",100,1,"","","","","","","","","","","","","","","","","","","","","","","","","","","","","","","","","","","","","","","","","","","","","","","","","","","","","","","","","","","","","","","","","","","","","","","","","","","","","","","","","","","","","","","","","","","","","","","","","","",0,1,"","","","","","","","","","","","","","","","","","","","","","","","","","","","","",""
"61328002","LE PIN-AU-HARAS -INRAE",48.735833,0.128167,176,2002081406,0.,1,"","","","","","","","","","","","","","","","","","","","","","","","","","","","","","","","","","",11.8,1,"","","","","","","","","","","","","","","","","","","","","","","","","","","","",100,1,"","","","","","","","","","","","","","","","","","","","","","","","","","","","","","","","","","","","","","","","","","","","","","","","","","","","","","","","","","","","","","","","","","","","","","","","","","","","","","","","","","","","","","","","","","","","","","","","","","",18,1,"","","","","","","","","","","","","","","","","","","","","","","","","","","","","",""
"61328002","LE PIN-AU-HARAS -INRAE",48.735833,0.128167,176,2002081407,0.,1,"","","","","","","","","","","","","","","","","","","","","","","","","","","","","","","","","","",14.4,1,"","","","","","","","","","","","","","","","","","","","","","","","","","","","",100,1,"","","","","","","","","","","","","","","","","","","","","","","","","","","","","","","","","","","","","","","","","","","","","","","","","","","","","","","","","","","","","","","","","","","","","","","","","","","","","","","","","","","","","","","","","","","","","","","","","","",64,1,"","","","","","","","","","","","","","","","","","","","","","","","","","","","","",""
"61328002","LE PIN-AU-HARAS -INRAE",48.735833,0.128167,176,2002081408,0.,1,"","","","","","","","","","","","","","","","","","","","","","","","","","","","","","","","","","",20.1,1,"","","","","","","","","","","","","","","","","","","","","","","","","","","","",100,1,"","","","","","","","","","","","","","","","","","","","","","","","","","","","","","","","","","","","","","","","","","","","","","","","","","","","","","","","","","","","","","","","","","","","","","","","","","","","","","","","","","","","","","","","","","","","","","","","","","",130,1,"","","","","","","","","","","","","","","","","","","","","","","","","","","","","",""
"61328002","LE PIN-AU-HARAS -INRAE",48.735833,0.128167,176,2002081409,0.,1,"","","","","","","","","","","","","","","","","","","","","","","","","","","","","","","","","","",22.7,1,"","","","","","","","","","","","","","","","","","","","","","","","","","","","",70,1,"","","","","","","","","","","","","","","","","","","","","","","","","","","","","","","","","","","","","","","","","","","","","","","","","","","","","","","","","","","","","","","","","","","","","","","","","","","","","","","","","","","","","","","","","","","","","","","","","","",188,1,"","","","","","","","","","","","","","","","","","","","","","","","","","","","","",""
"61328002","LE PIN-AU-HARAS -INRAE",48.735833,0.128167,176,2002081410,0.,1,"","","","","","","","","","","","","","","","","","","","","","","","","","","","","","","","","","",23.4,1,"","","","","","","","","","","","","","","","","","","","","","","","","","","","",54,1,"","","","","","","","","","","","","","","","","","","","","","","","","","","","","","","","","","","","","","","","","","","","","","","","","","","","","","","","","","","","","","","","","","","","","","","","","","","","","","","","","","","","","","","","","","","","","","","","","","",242,1,"","","","","","","","","","","","","","","","","","","","","","","","","","","","","",""
"61328002","LE PIN-AU-HARAS -INRAE",48.735833,0.128167,176,2002081411,0.,1,"","","","","","","","","","","","","","","","","","","","","","","","","","","","","","","","","","",25.1,1,"","","","","","","","","","","","","","","","","","","","","","","","","","","","",57,1,"","","","","","","","","","","","","","","","","","","","","","","","","","","","","","","","","","","","","","","","","","","","","","","","","","","","","","","","","","","","","","","","","","","","","","","","","","","","","","","","","","","","","","","","","","","","","","","","","","",280,1,"","","","","","","","","","","","","","","","","","","","","","","","","","","","","",""
"61328002","LE PIN-AU-HARAS -INRAE",48.735833,0.128167,176,2002081412,0.,1,"","","","","","","","","","","","","","","","","","","","","","","","","","","","","","","","","","",25.2,1,"","","","","","","","","","","","","","","","","","","","","","","","","","","","",52,1,"","","","","","","","","","","","","","","","","","","","","","","","","","","","","","","","","","","","","","","","","","","","","","","","","","","","","","","","","","","","","","","","","","","","","","","","","","","","","","","","","","","","","","","","","","","","","","","","","","",300,1,"","","","","","","","","","","","","","","","","","","","","","","","","","","","","",""
"61328002","LE PIN-AU-HARAS -INRAE",48.735833,0.128167,176,2002081413,0.,1,"","","","","","","","","","","","","","","","","","","","","","","","","","","","","","","","","","",25.8,1,"","","","","","","","","","","","","","","","","","","","","","","","","","","","",48,1,"","","","","","","","","","","","","","","","","","","","","","","","","","","","","","","","","","","","","","","","","","","","","","","","","","","","","","","","","","","","","","","","","","","","","","","","","","","","","","","","","","","","","","","","","","","","","","","","","","",304,1,"","","","","","","","","","","","","","","","","","","","","","","","","","","","","",""
"61328002","LE PIN-AU-HARAS -INRAE",48.735833,0.128167,176,2002081414,0.,1,"","","","","","","","","","","","","","","","","","","","","","","","","","","","","","","","","","",26.6,1,"","","","","","","","","","","","","","","","","","","","","","","","","","","","",44,1,"","","","","","","","","","","","","","","","","","","","","","","","","","","","","","","","","","","","","","","","","","","","","","","","","","","","","","","","","","","","","","","","","","","","","","","","","","","","","","","","","","","","","","","","","","","","","","","","","","",286,1,"","","","","","","","","","","","","","","","","","","","","","","","","","","","","",""
"61328002","LE PIN-AU-HARAS -INRAE",48.735833,0.128167,176,2002081415,0.,1,"","","","","","","","","","","","","","","","","","","","","","","","","","","","","","","","","","",27.3,1,"","","","","","","","","","","","","","","","","","","","","","","","","","","","",46,1,"","","","","","","","","","","","","","","","","","","","","","","","","","","","","","","","","","","","","","","","","","","","","","","","","","","","","","","","","","","","","","","","","","","","","","","","","","","","","","","","","","","","","","","","","","","","","","","","","","",252,1,"","","","","","","","","","","","","","","","","","","","","","","","","","","","","",""
"61328002","LE PIN-AU-HARAS -INRAE",48.735833,0.128167,176,2002081416,0.,1,"","","","","","","","","","","","","","","","","","","","","","","","","","","","","","","","","","",27.1,1,"","","","","","","","","","","","","","","","","","","","","","","","","","","","",47,1,"","","","","","","","","","","","","","","","","","","","","","","","","","","","","","","","","","","","","","","","","","","","","","","","","","","","","","","","","","","","","","","","","","","","","","","","","","","","","","","","","","","","","","","","","","","","","","","","","","",202,1,"","","","","","","","","","","","","","","","","","","","","","","","","","","","","",""
"61328002","LE PIN-AU-HARAS -INRAE",48.735833,0.128167,176,2002081417,0.,1,"","","","","","","","","","","","","","","","","","","","","","","","","","","","","","","","","","",27.2,1,"","","","","","","","","","","","","","","","","","","","","","","","","","","","",43,1,"","","","","","","","","","","","","","","","","","","","","","","","","","","","","","","","","","","","","","","","","","","","","","","","","","","","","","","","","","","","","","","","","","","","","","","","","","","","","","","","","","","","","","","","","","","","","","","","","","",140,1,"","","","","","","","","","","","","","","","","","","","","","","","","","","","","",""
"61328002","LE PIN-AU-HARAS -INRAE",48.735833,0.128167,176,2002081418,0.,1,"","","","","","","","","","","","","","","","","","","","","","","","","","","","","","","","","","",23.5,1,"","","","","","","","","","","","","","","","","","","","","","","","","","","","",59,1,"","","","","","","","","","","","","","","","","","","","","","","","","","","","","","","","","","","","","","","","","","","","","","","","","","","","","","","","","","","","","","","","","","","","","","","","","","","","","","","","","","","","","","","","","","","","","","","","","","",74,1,"","","","","","","","","","","","","","","","","","","","","","","","","","","","","",""
"61328002","LE PIN-AU-HARAS -INRAE",48.735833,0.128167,176,2002081419,0.,1,"","","","","","","","","","","","","","","","","","","","","","","","","","","","","","","","","","",19.1,1,"","","","","","","","","","","","","","","","","","","","","","","","","","","","",84,1,"","","","","","","","","","","","","","","","","","","","","","","","","","","","","","","","","","","","","","","","","","","","","","","","","","","","","","","","","","","","","","","","","","","","","","","","","","","","","","","","","","","","","","","","","","","","","","","","","","",10,1,"","","","","","","","","","","","","","","","","","","","","","","","","","","","","",""
"61328002","LE PIN-AU-HARAS -INRAE",48.735833,0.128167,176,2002081420,0.,1,"","","","","","","","","","","","","","","","","","","","","","","","","","","","","","","","","","",16.4,1,"","","","","","","","","","","","","","","","","","","","","","","","","","","","",93,1,"","","","","","","","","","","","","","","","","","","","","","","","","","","","","","","","","","","","","","","","","","","","","","","","","","","","","","","","","","","","","","","","","","","","","","","","","","","","","","","","","","","","","","","","","","","","","","","","","","",0,1,"","","","","","","","","","","","","","","","","","","","","","","","","","","","","",""
"61328002","LE PIN-AU-HARAS -INRAE",48.735833,0.128167,176,2002081421,0.,1,"","","","","","","","","","","","","","","","","","","","","","","","","","","","","","","","","","",14.9,1,"","","","","","","","","","","","","","","","","","","","","","","","","","","","",97,1,"","","","","","","","","","","","","","","","","","","","","","","","","","","","","","","","","","","","","","","","","","","","","","","","","","","","","","","","","","","","","","","","","","","","","","","","","","","","","","","","","","","","","","","","","","","","","","","","","","",0,1,"","","","","","","","","","","","","","","","","","","","","","","","","","","","","",""
"61328002","LE PIN-AU-HARAS -INRAE",48.735833,0.128167,176,2002081422,0.,1,"","","","","","","","","","","","","","","","","","","","","","","","","","","","","","","","","","",13.9,1,"","","","","","","","","","","","","","","","","","","","","","","","","","","","",98,1,"","","","","","","","","","","","","","","","","","","","","","","","","","","","","","","","","","","","","","","","","","","","","","","","","","","","","","","","","","","","","","","","","","","","","","","","","","","","","","","","","","","","","","","","","","","","","","","","","","",0,1,"","","","","","","","","","","","","","","","","","","","","","","","","","","","","",""
"61328002","LE PIN-AU-HARAS -INRAE",48.735833,0.128167,176,2002081423,0.,1,"","","","","","","","","","","","","","","","","","","","","","","","","","","","","","","","","","",13.5,1,"","","","","","","","","","","","","","","","","","","","","","","","","","","","",100,1,"","","","","","","","","","","","","","","","","","","","","","","","","","","","","","","","","","","","","","","","","","","","","","","","","","","","","","","","","","","","","","","","","","","","","","","","","","","","","","","","","","","","","","","","","","","","","","","","","","",0,1,"","","","","","","","","","","","","","","","","","","","","","","","","","","","","",""
"61328002","LE PIN-AU-HARAS -INRAE",48.735833,0.128167,176,2002081500,0.,1,"","","","","","","","","","","","","","","","","","","","","","","","","","","","","","","","","","",13.,1,"","","","","","","","","","","","","","","","","","","","","","","","","","","","",100,1,"","","","","","","","","","","","","","","","","","","","","","","","","","","","","","","","","","","","","","","","","","","","","","","","","","","","","","","","","","","","","","","","","","","","","","","","","","","","","","","","","","","","","","","","","","","","","","","","","","",0,1,"","","","","","","","","","","","","","","","","","","","","","","","","","","","","",""
"61328002","LE PIN-AU-HARAS -INRAE",48.735833,0.128167,176,2002081501,0.,1,"","","","","","","","","","","","","","","","","","","","","","","","","","","","","","","","","","",12.3,1,"","","","","","","","","","","","","","","","","","","","","","","","","","","","",100,1,"","","","","","","","","","","","","","","","","","","","","","","","","","","","","","","","","","","","","","","","","","","","","","","","","","","","","","","","","","","","","","","","","","","","","","","","","","","","","","","","","","","","","","","","","","","","","","","","","","",0,1,"","","","","","","","","","","","","","","","","","","","","","","","","","","","","",""
"61328002","LE PIN-AU-HARAS -INRAE",48.735833,0.128167,176,2002081502,0.,1,"","","","","","","","","","","","","","","","","","","","","","","","","","","","","","","","","","",11.7,1,"","","","","","","","","","","","","","","","","","","","","","","","","","","","",100,1,"","","","","","","","","","","","","","","","","","","","","","","","","","","","","","","","","","","","","","","","","","","","","","","","","","","","","","","","","","","","","","","","","","","","","","","","","","","","","","","","","","","","","","","","","","","","","","","","","","",0,1,"","","","","","","","","","","","","","","","","","","","","","","","","","","","","",""
"61328002","LE PIN-AU-HARAS -INRAE",48.735833,0.128167,176,2002081503,0.,1,"","","","","","","","","","","","","","","","","","","","","","","","","","","","","","","","","","",11.5,1,"","","","","","","","","","","","","","","","","","","","","","","","","","","","",100,1,"","","","","","","","","","","","","","","","","","","","","","","","","","","","","","","","","","","","","","","","","","","","","","","","","","","","","","","","","","","","","","","","","","","","","","","","","","","","","","","","","","","","","","","","","","","","","","","","","","",0,1,"","","","","","","","","","","","","","","","","","","","","","","","","","","","","",""
"61328002","LE PIN-AU-HARAS -INRAE",48.735833,0.128167,176,2002081504,0.,1,"","","","","","","","","","","","","","","","","","","","","","","","","","","","","","","","","","",11.5,1,"","","","","","","","","","","","","","","","","","","","","","","","","","","","",100,1,"","","","","","","","","","","","","","","","","","","","","","","","","","","","","","","","","","","","","","","","","","","","","","","","","","","","","","","","","","","","","","","","","","","","","","","","","","","","","","","","","","","","","","","","","","","","","","","","","","",0,1,"","","","","","","","","","","","","","","","","","","","","","","","","","","","","",""
"61328002","LE PIN-AU-HARAS -INRAE",48.735833,0.128167,176,2002081505,0.,1,"","","","","","","","","","","","","","","","","","","","","","","","","","","","","","","","","","",11.5,1,"","","","","","","","","","","","","","","","","","","","","","","","","","","","",100,1,"","","","","","","","","","","","","","","","","","","","","","","","","","","","","","","","","","","","","","","","","","","","","","","","","","","","","","","","","","","","","","","","","","","","","","","","","","","","","","","","","","","","","","","","","","","","","","","","","","",2,1,"","","","","","","","","","","","","","","","","","","","","","","","","","","","","",""
"61328002","LE PIN-AU-HARAS -INRAE",48.735833,0.128167,176,2002081506,0.,1,"","","","","","","","","","","","","","","","","","","","","","","","","","","","","","","","","","",13.3,1,"","","","","","","","","","","","","","","","","","","","","","","","","","","","",100,1,"","","","","","","","","","","","","","","","","","","","","","","","","","","","","","","","","","","","","","","","","","","","","","","","","","","","","","","","","","","","","","","","","","","","","","","","","","","","","","","","","","","","","","","","","","","","","","","","","","",24,1,"","","","","","","","","","","","","","","","","","","","","","","","","","","","","",""
"61328002","LE PIN-AU-HARAS -INRAE",48.735833,0.128167,176,2002081507,0.,1,"","","","","","","","","","","","","","","","","","","","","","","","","","","","","","","","","","",21.1,1,"","","","","","","","","","","","","","","","","","","","","","","","","","","","",100,1,"","","","","","","","","","","","","","","","","","","","","","","","","","","","","","","","","","","","","","","","","","","","","","","","","","","","","","","","","","","","","","","","","","","","","","","","","","","","","","","","","","","","","","","","","","","","","","","","","","",84,1,"","","","","","","","","","","","","","","","","","","","","","","","","","","","","",""
"61328002","LE PIN-AU-HARAS -INRAE",48.735833,0.128167,176,2002081508,0.,1,"","","","","","","","","","","","","","","","","","","","","","","","","","","","","","","","","","",21.5,1,"","","","","","","","","","","","","","","","","","","","","","","","","","","","",75,1,"","","","","","","","","","","","","","","","","","","","","","","","","","","","","","","","","","","","","","","","","","","","","","","","","","","","","","","","","","","","","","","","","","","","","","","","","","","","","","","","","","","","","","","","","","","","","","","","","","",102,1,"","","","","","","","","","","","","","","","","","","","","","","","","","","","","",""
"61328002","LE PIN-AU-HARAS -INRAE",48.735833,0.128167,176,2002081509,0.,1,"","","","","","","","","","","","","","","","","","","","","","","","","","","","","","","","","","",24.8,1,"","","","","","","","","","","","","","","","","","","","","","","","","","","","",64,1,"","","","","","","","","","","","","","","","","","","","","","","","","","","","","","","","","","","","","","","","","","","","","","","","","","","","","","","","","","","","","","","","","","","","","","","","","","","","","","","","","","","","","","","","","","","","","","","","","","",140,1,"","","","","","","","","","","","","","","","","","","","","","","","","","","","","",""
"61328002","LE PIN-AU-HARAS -INRAE",48.735833,0.128167,176,2002081510,0.,1,"","","","","","","","","","","","","","","","","","","","","","","","","","","","","","","","","","",26.1,1,"","","","","","","","","","","","","","","","","","","","","","","","","","","","",54,1,"","","","","","","","","","","","","","","","","","","","","","","","","","","","","","","","","","","","","","","","","","","","","","","","","","","","","","","","","","","","","","","","","","","","","","","","","","","","","","","","","","","","","","","","","","","","","","","","","","",210,1,"","","","","","","","","","","","","","","","","","","","","","","","","","","","","",""
"61328002","LE PIN-AU-HARAS -INRAE",48.735833,0.128167,176,2002081511,0.,1,"","","","","","","","","","","","","","","","","","","","","","","","","","","","","","","","","","",27.7,1,"","","","","","","","","","","","","","","","","","","","","","","","","","","","",46,1,"","","","","","","","","","","","","","","","","","","","","","","","","","","","","","","","","","","","","","","","","","","","","","","","","","","","","","","","","","","","","","","","","","","","","","","","","","","","","","","","","","","","","","","","","","","","","","","","","","",262,1,"","","","","","","","","","","","","","","","","","","","","","","","","","","","","",""
"61328002","LE PIN-AU-HARAS -INRAE",48.735833,0.128167,176,2002081512,0.,1,"","","","","","","","","","","","","","","","","","","","","","","","","","","","","","","","","","",27.4,1,"","","","","","","","","","","","","","","","","","","","","","","","","","","","",38,1,"","","","","","","","","","","","","","","","","","","","","","","","","","","","","","","","","","","","","","","","","","","","","","","","","","","","","","","","","","","","","","","","","","","","","","","","","","","","","","","","","","","","","","","","","","","","","","","","","","",290,1,"","","","","","","","","","","","","","","","","","","","","","","","","","","","","",""
"61328002","LE PIN-AU-HARAS -INRAE",48.735833,0.128167,176,2002081513,0.,1,"","","","","","","","","","","","","","","","","","","","","","","","","","","","","","","","","","",29.2,1,"","","","","","","","","","","","","","","","","","","","","","","","","","","","",38,1,"","","","","","","","","","","","","","","","","","","","","","","","","","","","","","","","","","","","","","","","","","","","","","","","","","","","","","","","","","","","","","","","","","","","","","","","","","","","","","","","","","","","","","","","","","","","","","","","","","",304,1,"","","","","","","","","","","","","","","","","","","","","","","","","","","","","",""
"61328002","LE PIN-AU-HARAS -INRAE",48.735833,0.128167,176,2002081514,0.,1,"","","","","","","","","","","","","","","","","","","","","","","","","","","","","","","","","","",29.3,1,"","","","","","","","","","","","","","","","","","","","","","","","","","","","",38,1,"","","","","","","","","","","","","","","","","","","","","","","","","","","","","","","","","","","","","","","","","","","","","","","","","","","","","","","","","","","","","","","","","","","","","","","","","","","","","","","","","","","","","","","","","","","","","","","","","","",276,1,"","","","","","","","","","","","","","","","","","","","","","","","","","","","","",""
"61328002","LE PIN-AU-HARAS -INRAE",48.735833,0.128167,176,2002081515,0.,1,"","","","","","","","","","","","","","","","","","","","","","","","","","","","","","","","","","",29.,1,"","","","","","","","","","","","","","","","","","","","","","","","","","","","",41,1,"","","","","","","","","","","","","","","","","","","","","","","","","","","","","","","","","","","","","","","","","","","","","","","","","","","","","","","","","","","","","","","","","","","","","","","","","","","","","","","","","","","","","","","","","","","","","","","","","","",202,1,"","","","","","","","","","","","","","","","","","","","","","","","","","","","","",""
"61328002","LE PIN-AU-HARAS -INRAE",48.735833,0.128167,176,2002081516,0.,1,"","","","","","","","","","","","","","","","","","","","","","","","","","","","","","","","","","",25.7,1,"","","","","","","","","","","","","","","","","","","","","","","","","","","","",57,1,"","","","","","","","","","","","","","","","","","","","","","","","","","","","","","","","","","","","","","","","","","","","","","","","","","","","","","","","","","","","","","","","","","","","","","","","","","","","","","","","","","","","","","","","","","","","","","","","","","",194,1,"","","","","","","","","","","","","","","","","","","","","","","","","","","","","",""
"61328002","LE PIN-AU-HARAS -INRAE",48.735833,0.128167,176,2002081517,0.,1,"","","","","","","","","","","","","","","","","","","","","","","","","","","","","","","","","","",24.3,1,"","","","","","","","","","","","","","","","","","","","","","","","","","","","",65,1,"","","","","","","","","","","","","","","","","","","","","","","","","","","","","","","","","","","","","","","","","","","","","","","","","","","","","","","","","","","","","","","","","","","","","","","","","","","","","","","","","","","","","","","","","","","","","","","","","","",130,1,"","","","","","","","","","","","","","","","","","","","","","","","","","","","","",""
"61328002","LE PIN-AU-HARAS -INRAE",48.735833,0.128167,176,2002081518,0.,1,"","","","","","","","","","","","","","","","","","","","","","","","","","","","","","","","","","",21.4,1,"","","","","","","","","","","","","","","","","","","","","","","","","","","","",72,1,"","","","","","","","","","","","","","","","","","","","","","","","","","","","","","","","","","","","","","","","","","","","","","","","","","","","","","","","","","","","","","","","","","","","","","","","","","","","","","","","","","","","","","","","","","","","","","","","","","",70,1,"","","","","","","","","","","","","","","","","","","","","","","","","","","","","",""
"61328002","LE PIN-AU-HARAS -INRAE",48.735833,0.128167,176,2002081519,0.,1,"","","","","","","","","","","","","","","","","","","","","","","","","","","","","","","","","","",19.2,1,"","","","","","","","","","","","","","","","","","","","","","","","","","","","",80,1,"","","","","","","","","","","","","","","","","","","","","","","","","","","","","","","","","","","","","","","","","","","","","","","","","","","","","","","","","","","","","","","","","","","","","","","","","","","","","","","","","","","","","","","","","","","","","","","","","","",12,1,"","","","","","","","","","","","","","","","","","","","","","","","","","","","","",""
"61328002","LE PIN-AU-HARAS -INRAE",48.735833,0.128167,176,2002081520,0.,1,"","","","","","","","","","","","","","","","","","","","","","","","","","","","","","","","","","",17.7,1,"","","","","","","","","","","","","","","","","","","","","","","","","","","","",80,1,"","","","","","","","","","","","","","","","","","","","","","","","","","","","","","","","","","","","","","","","","","","","","","","","","","","","","","","","","","","","","","","","","","","","","","","","","","","","","","","","","","","","","","","","","","","","","","","","","","",0,1,"","","","","","","","","","","","","","","","","","","","","","","","","","","","","",""
"61328002","LE PIN-AU-HARAS -INRAE",48.735833,0.128167,176,2002081521,0.,1,"","","","","","","","","","","","","","","","","","","","","","","","","","","","","","","","","","",16.5,1,"","","","","","","","","","","","","","","","","","","","","","","","","","","","",88,1,"","","","","","","","","","","","","","","","","","","","","","","","","","","","","","","","","","","","","","","","","","","","","","","","","","","","","","","","","","","","","","","","","","","","","","","","","","","","","","","","","","","","","","","","","","","","","","","","","","",0,1,"","","","","","","","","","","","","","","","","","","","","","","","","","","","","",""
"61328002","LE PIN-AU-HARAS -INRAE",48.735833,0.128167,176,2002081522,0.,1,"","","","","","","","","","","","","","","","","","","","","","","","","","","","","","","","","","",15.5,1,"","","","","","","","","","","","","","","","","","","","","","","","","","","","",93,1,"","","","","","","","","","","","","","","","","","","","","","","","","","","","","","","","","","","","","","","","","","","","","","","","","","","","","","","","","","","","","","","","","","","","","","","","","","","","","","","","","","","","","","","","","","","","","","","","","","",0,1,"","","","","","","","","","","","","","","","","","","","","","","","","","","","","",""
"61328002","LE PIN-AU-HARAS -INRAE",48.735833,0.128167,176,2002081523,0.,1,"","","","","","","","","","","","","","","","","","","","","","","","","","","","","","","","","","",15.,1,"","","","","","","","","","","","","","","","","","","","","","","","","","","","",96,1,"","","","","","","","","","","","","","","","","","","","","","","","","","","","","","","","","","","","","","","","","","","","","","","","","","","","","","","","","","","","","","","","","","","","","","","","","","","","","","","","","","","","","","","","","","","","","","","","","","",0,1,"","","","","","","","","","","","","","","","","","","","","","","","","","","","","",""
"61328002","LE PIN-AU-HARAS -INRAE",48.735833,0.128167,176,2002081600,0.,1,"","","","","","","","","","","","","","","","","","","","","","","","","","","","","","","","","","",15.6,1,"","","","","","","","","","","","","","","","","","","","","","","","","","","","",99,1,"","","","","","","","","","","","","","","","","","","","","","","","","","","","","","","","","","","","","","","","","","","","","","","","","","","","","","","","","","","","","","","","","","","","","","","","","","","","","","","","","","","","","","","","","","","","","","","","","","",0,1,"","","","","","","","","","","","","","","","","","","","","","","","","","","","","",""
"61328002","LE PIN-AU-HARAS -INRAE",48.735833,0.128167,176,2002081601,0.,1,"","","","","","","","","","","","","","","","","","","","","","","","","","","","","","","","","","",15.7,1,"","","","","","","","","","","","","","","","","","","","","","","","","","","","",100,1,"","","","","","","","","","","","","","","","","","","","","","","","","","","","","","","","","","","","","","","","","","","","","","","","","","","","","","","","","","","","","","","","","","","","","","","","","","","","","","","","","","","","","","","","","","","","","","","","","","",0,1,"","","","","","","","","","","","","","","","","","","","","","","","","","","","","",""
"61328002","LE PIN-AU-HARAS -INRAE",48.735833,0.128167,176,2002081602,0.,1,"","","","","","","","","","","","","","","","","","","","","","","","","","","","","","","","","","",15.7,1,"","","","","","","","","","","","","","","","","","","","","","","","","","","","",100,1,"","","","","","","","","","","","","","","","","","","","","","","","","","","","","","","","","","","","","","","","","","","","","","","","","","","","","","","","","","","","","","","","","","","","","","","","","","","","","","","","","","","","","","","","","","","","","","","","","","",0,1,"","","","","","","","","","","","","","","","","","","","","","","","","","","","","",""
"61328002","LE PIN-AU-HARAS -INRAE",48.735833,0.128167,176,2002081603,0.,1,"","","","","","","","","","","","","","","","","","","","","","","","","","","","","","","","","","",15.6,1,"","","","","","","","","","","","","","","","","","","","","","","","","","","","",100,1,"","","","","","","","","","","","","","","","","","","","","","","","","","","","","","","","","","","","","","","","","","","","","","","","","","","","","","","","","","","","","","","","","","","","","","","","","","","","","","","","","","","","","","","","","","","","","","","","","","",0,1,"","","","","","","","","","","","","","","","","","","","","","","","","","","","","",""
"61328002","LE PIN-AU-HARAS -INRAE",48.735833,0.128167,176,2002081604,0.,1,"","","","","","","","","","","","","","","","","","","","","","","","","","","","","","","","","","",15.5,1,"","","","","","","","","","","","","","","","","","","","","","","","","","","","",100,1,"","","","","","","","","","","","","","","","","","","","","","","","","","","","","","","","","","","","","","","","","","","","","","","","","","","","","","","","","","","","","","","","","","","","","","","","","","","","","","","","","","","","","","","","","","","","","","","","","","",0,1,"","","","","","","","","","","","","","","","","","","","","","","","","","","","","",""
"61328002","LE PIN-AU-HARAS -INRAE",48.735833,0.128167,176,2002081605,0.,1,"","","","","","","","","","","","","","","","","","","","","","","","","","","","","","","","","","",15.3,1,"","","","","","","","","","","","","","","","","","","","","","","","","","","","",100,1,"","","","","","","","","","","","","","","","","","","","","","","","","","","","","","","","","","","","","","","","","","","","","","","","","","","","","","","","","","","","","","","","","","","","","","","","","","","","","","","","","","","","","","","","","","","","","","","","","","",0,1,"","","","","","","","","","","","","","","","","","","","","","","","","","","","","",""
"61328002","LE PIN-AU-HARAS -INRAE",48.735833,0.128167,176,2002081606,0.,1,"","","","","","","","","","","","","","","","","","","","","","","","","","","","","","","","","","",15.3,1,"","","","","","","","","","","","","","","","","","","","","","","","","","","","",100,1,"","","","","","","","","","","","","","","","","","","","","","","","","","","","","","","","","","","","","","","","","","","","","","","","","","","","","","","","","","","","","","","","","","","","","","","","","","","","","","","","","","","","","","","","","","","","","","","","","","",8,1,"","","","","","","","","","","","","","","","","","","","","","","","","","","","","",""
"61328002","LE PIN-AU-HARAS -INRAE",48.735833,0.128167,176,2002081607,0.,1,"","","","","","","","","","","","","","","","","","","","","","","","","","","","","","","","","","",15.3,1,"","","","","","","","","","","","","","","","","","","","","","","","","","","","",100,1,"","","","","","","","","","","","","","","","","","","","","","","","","","","","","","","","","","","","","","","","","","","","","","","","","","","","","","","","","","","","","","","","","","","","","","","","","","","","","","","","","","","","","","","","","","","","","","","","","","",20,1,"","","","","","","","","","","","","","","","","","","","","","","","","","","","","",""
"61328002","LE PIN-AU-HARAS -INRAE",48.735833,0.128167,176,2002081608,0.,1,"","","","","","","","","","","","","","","","","","","","","","","","","","","","","","","","","","",15.6,1,"","","","","","","","","","","","","","","","","","","","","","","","","","","","",100,1,"","","","","","","","","","","","","","","","","","","","","","","","","","","","","","","","","","","","","","","","","","","","","","","","","","","","","","","","","","","","","","","","","","","","","","","","","","","","","","","","","","","","","","","","","","","","","","","","","","",48,1,"","","","","","","","","","","","","","","","","","","","","","","","","","","","","",""
"61328002","LE PIN-AU-HARAS -INRAE",48.735833,0.128167,176,2002081609,0.,1,"","","","","","","","","","","","","","","","","","","","","","","","","","","","","","","","","","",17.6,1,"","","","","","","","","","","","","","","","","","","","","","","","","","","","",100,1,"","","","","","","","","","","","","","","","","","","","","","","","","","","","","","","","","","","","","","","","","","","","","","","","","","","","","","","","","","","","","","","","","","","","","","","","","","","","","","","","","","","","","","","","","","","","","","","","","","",82,1,"","","","","","","","","","","","","","","","","","","","","","","","","","","","","",""
"61328002","LE PIN-AU-HARAS -INRAE",48.735833,0.128167,176,2002081610,0.,1,"","","","","","","","","","","","","","","","","","","","","","","","","","","","","","","","","","",19.5,1,"","","","","","","","","","","","","","","","","","","","","","","","","","","","",84,1,"","","","","","","","","","","","","","","","","","","","","","","","","","","","","","","","","","","","","","","","","","","","","","","","","","","","","","","","","","","","","","","","","","","","","","","","","","","","","","","","","","","","","","","","","","","","","","","","","","",186,1,"","","","","","","","","","","","","","","","","","","","","","","","","","","","","",""
"61328002","LE PIN-AU-HARAS -INRAE",48.735833,0.128167,176,2002081611,0.,1,"","","","","","","","","","","","","","","","","","","","","","","","","","","","","","","","","","",22.4,1,"","","","","","","","","","","","","","","","","","","","","","","","","","","","",74,1,"","","","","","","","","","","","","","","","","","","","","","","","","","","","","","","","","","","","","","","","","","","","","","","","","","","","","","","","","","","","","","","","","","","","","","","","","","","","","","","","","","","","","","","","","","","","","","","","","","",256,1,"","","","","","","","","","","","","","","","","","","","","","","","","","","","","",""
"61328002","LE PIN-AU-HARAS -INRAE",48.735833,0.128167,176,2002081612,0.,1,"","","","","","","","","","","","","","","","","","","","","","","","","","","","","","","","","","",24.3,1,"","","","","","","","","","","","","","","","","","","","","","","","","","","","",65,1,"","","","","","","","","","","","","","","","","","","","","","","","","","","","","","","","","","","","","","","","","","","","","","","","","","","","","","","","","","","","","","","","","","","","","","","","","","","","","","","","","","","","","","","","","","","","","","","","","","",288,1,"","","","","","","","","","","","","","","","","","","","","","","","","","","","","",""
"61328002","LE PIN-AU-HARAS -INRAE",48.735833,0.128167,176,2002081613,0.,1,"","","","","","","","","","","","","","","","","","","","","","","","","","","","","","","","","","",25.,1,"","","","","","","","","","","","","","","","","","","","","","","","","","","","",60,1,"","","","","","","","","","","","","","","","","","","","","","","","","","","","","","","","","","","","","","","","","","","","","","","","","","","","","","","","","","","","","","","","","","","","","","","","","","","","","","","","","","","","","","","","","","","","","","","","","","",294,1,"","","","","","","","","","","","","","","","","","","","","","","","","","","","","",""
"61328002","LE PIN-AU-HARAS -INRAE",48.735833,0.128167,176,2002081614,0.,1,"","","","","","","","","","","","","","","","","","","","","","","","","","","","","","","","","","",25.5,1,"","","","","","","","","","","","","","","","","","","","","","","","","","","","",57,1,"","","","","","","","","","","","","","","","","","","","","","","","","","","","","","","","","","","","","","","","","","","","","","","","","","","","","","","","","","","","","","","","","","","","","","","","","","","","","","","","","","","","","","","","","","","","","","","","","","",282,1,"","","","","","","","","","","","","","","","","","","","","","","","","","","","","",""
"61328002","LE PIN-AU-HARAS -INRAE",48.735833,0.128167,176,2002081615,0.,1,"","","","","","","","","","","","","","","","","","","","","","","","","","","","","","","","","","",26.1,1,"","","","","","","","","","","","","","","","","","","","","","","","","","","","",65,1,"","","","","","","","","","","","","","","","","","","","","","","","","","","","","","","","","","","","","","","","","","","","","","","","","","","","","","","","","","","","","","","","","","","","","","","","","","","","","","","","","","","","","","","","","","","","","","","","","","",250,1,"","","","","","","","","","","","","","","","","","","","","","","","","","","","","",""
"61328002","LE PIN-AU-HARAS -INRAE",48.735833,0.128167,176,2002081616,0.,1,"","","","","","","","","","","","","","","","","","","","","","","","","","","","","","","","","","",25.8,1,"","","","","","","","","","","","","","","","","","","","","","","","","","","","",61,1,"","","","","","","","","","","","","","","","","","","","","","","","","","","","","","","","","","","","","","","","","","","","","","","","","","","","","","","","","","","","","","","","","","","","","","","","","","","","","","","","","","","","","","","","","","","","","","","","","","",196,1,"","","","","","","","","","","","","","","","","","","","","","","","","","","","","",""
"61328002","LE PIN-AU-HARAS -INRAE",48.735833,0.128167,176,2002081617,0.,1,"","","","","","","","","","","","","","","","","","","","","","","","","","","","","","","","","","",25.3,1,"","","","","","","","","","","","","","","","","","","","","","","","","","","","",64,1,"","","","","","","","","","","","","","","","","","","","","","","","","","","","","","","","","","","","","","","","","","","","","","","","","","","","","","","","","","","","","","","","","","","","","","","","","","","","","","","","","","","","","","","","","","","","","","","","","","",136,1,"","","","","","","","","","","","","","","","","","","","","","","","","","","","","",""
"61328002","LE PIN-AU-HARAS -INRAE",48.735833,0.128167,176,2002081618,0.,1,"","","","","","","","","","","","","","","","","","","","","","","","","","","","","","","","","","",23.1,1,"","","","","","","","","","","","","","","","","","","","","","","","","","","","",72,1,"","","","","","","","","","","","","","","","","","","","","","","","","","","","","","","","","","","","","","","","","","","","","","","","","","","","","","","","","","","","","","","","","","","","","","","","","","","","","","","","","","","","","","","","","","","","","","","","","","",72,1,"","","","","","","","","","","","","","","","","","","","","","","","","","","","","",""
"61328002","LE PIN-AU-HARAS -INRAE",48.735833,0.128167,176,2002081619,0.,1,"","","","","","","","","","","","","","","","","","","","","","","","","","","","","","","","","","",20.9,1,"","","","","","","","","","","","","","","","","","","","","","","","","","","","",80,1,"","","","","","","","","","","","","","","","","","","","","","","","","","","","","","","","","","","","","","","","","","","","","","","","","","","","","","","","","","","","","","","","","","","","","","","","","","","","","","","","","","","","","","","","","","","","","","","","","","",8,1,"","","","","","","","","","","","","","","","","","","","","","","","","","","","","",""
"61328002","LE PIN-AU-HARAS -INRAE",48.735833,0.128167,176,2002081620,0.,1,"","","","","","","","","","","","","","","","","","","","","","","","","","","","","","","","","","",18.9,1,"","","","","","","","","","","","","","","","","","","","","","","","","","","","",92,1,"","","","","","","","","","","","","","","","","","","","","","","","","","","","","","","","","","","","","","","","","","","","","","","","","","","","","","","","","","","","","","","","","","","","","","","","","","","","","","","","","","","","","","","","","","","","","","","","","","",0,1,"","","","","","","","","","","","","","","","","","","","","","","","","","","","","",""
"61328002","LE PIN-AU-HARAS -INRAE",48.735833,0.128167,176,2002081621,0.,1,"","","","","","","","","","","","","","","","","","","","","","","","","","","","","","","","","","",16.9,1,"","","","","","","","","","","","","","","","","","","","","","","","","","","","",92,1,"","","","","","","","","","","","","","","","","","","","","","","","","","","","","","","","","","","","","","","","","","","","","","","","","","","","","","","","","","","","","","","","","","","","","","","","","","","","","","","","","","","","","","","","","","","","","","","","","","",0,1,"","","","","","","","","","","","","","","","","","","","","","","","","","","","","",""
"61328002","LE PIN-AU-HARAS -INRAE",48.735833,0.128167,176,2002081622,0.,1,"","","","","","","","","","","","","","","","","","","","","","","","","","","","","","","","","","",16.3,1,"","","","","","","","","","","","","","","","","","","","","","","","","","","","",98,1,"","","","","","","","","","","","","","","","","","","","","","","","","","","","","","","","","","","","","","","","","","","","","","","","","","","","","","","","","","","","","","","","","","","","","","","","","","","","","","","","","","","","","","","","","","","","","","","","","","",0,1,"","","","","","","","","","","","","","","","","","","","","","","","","","","","","",""
"61328002","LE PIN-AU-HARAS -INRAE",48.735833,0.128167,176,2002081623,0.,1,"","","","","","","","","","","","","","","","","","","","","","","","","","","","","","","","","","",15.5,1,"","","","","","","","","","","","","","","","","","","","","","","","","","","","",99,1,"","","","","","","","","","","","","","","","","","","","","","","","","","","","","","","","","","","","","","","","","","","","","","","","","","","","","","","","","","","","","","","","","","","","","","","","","","","","","","","","","","","","","","","","","","","","","","","","","","",0,1,"","","","","","","","","","","","","","","","","","","","","","","","","","","","","",""
"61328002","LE PIN-AU-HARAS -INRAE",48.735833,0.128167,176,2002081700,0.,1,"","","","","","","","","","","","","","","","","","","","","","","","","","","","","","","","","","",14.5,1,"","","","","","","","","","","","","","","","","","","","","","","","","","","","",100,1,"","","","","","","","","","","","","","","","","","","","","","","","","","","","","","","","","","","","","","","","","","","","","","","","","","","","","","","","","","","","","","","","","","","","","","","","","","","","","","","","","","","","","","","","","","","","","","","","","","",0,1,"","","","","","","","","","","","","","","","","","","","","","","","","","","","","",""
"61328002","LE PIN-AU-HARAS -INRAE",48.735833,0.128167,176,2002081701,0.,1,"","","","","","","","","","","","","","","","","","","","","","","","","","","","","","","","","","",13.6,1,"","","","","","","","","","","","","","","","","","","","","","","","","","","","",100,1,"","","","","","","","","","","","","","","","","","","","","","","","","","","","","","","","","","","","","","","","","","","","","","","","","","","","","","","","","","","","","","","","","","","","","","","","","","","","","","","","","","","","","","","","","","","","","","","","","","",0,1,"","","","","","","","","","","","","","","","","","","","","","","","","","","","","",""
"61328002","LE PIN-AU-HARAS -INRAE",48.735833,0.128167,176,2002081702,0.,1,"","","","","","","","","","","","","","","","","","","","","","","","","","","","","","","","","","",13.1,1,"","","","","","","","","","","","","","","","","","","","","","","","","","","","",100,1,"","","","","","","","","","","","","","","","","","","","","","","","","","","","","","","","","","","","","","","","","","","","","","","","","","","","","","","","","","","","","","","","","","","","","","","","","","","","","","","","","","","","","","","","","","","","","","","","","","",0,1,"","","","","","","","","","","","","","","","","","","","","","","","","","","","","",""
"61328002","LE PIN-AU-HARAS -INRAE",48.735833,0.128167,176,2002081703,0.,1,"","","","","","","","","","","","","","","","","","","","","","","","","","","","","","","","","","",12.3,1,"","","","","","","","","","","","","","","","","","","","","","","","","","","","",100,1,"","","","","","","","","","","","","","","","","","","","","","","","","","","","","","","","","","","","","","","","","","","","","","","","","","","","","","","","","","","","","","","","","","","","","","","","","","","","","","","","","","","","","","","","","","","","","","","","","","",0,1,"","","","","","","","","","","","","","","","","","","","","","","","","","","","","",""
"61328002","LE PIN-AU-HARAS -INRAE",48.735833,0.128167,176,2002081704,0.,1,"","","","","","","","","","","","","","","","","","","","","","","","","","","","","","","","","","",12.4,1,"","","","","","","","","","","","","","","","","","","","","","","","","","","","",100,1,"","","","","","","","","","","","","","","","","","","","","","","","","","","","","","","","","","","","","","","","","","","","","","","","","","","","","","","","","","","","","","","","","","","","","","","","","","","","","","","","","","","","","","","","","","","","","","","","","","",0,1,"","","","","","","","","","","","","","","","","","","","","","","","","","","","","",""
"61328002","LE PIN-AU-HARAS -INRAE",48.735833,0.128167,176,2002081705,0.,1,"","","","","","","","","","","","","","","","","","","","","","","","","","","","","","","","","","",12.9,1,"","","","","","","","","","","","","","","","","","","","","","","","","","","","",100,1,"","","","","","","","","","","","","","","","","","","","","","","","","","","","","","","","","","","","","","","","","","","","","","","","","","","","","","","","","","","","","","","","","","","","","","","","","","","","","","","","","","","","","","","","","","","","","","","","","","",2,1,"","","","","","","","","","","","","","","","","","","","","","","","","","","","","",""
"61328002","LE PIN-AU-HARAS -INRAE",48.735833,0.128167,176,2002081706,0.,1,"","","","","","","","","","","","","","","","","","","","","","","","","","","","","","","","","","",15.7,1,"","","","","","","","","","","","","","","","","","","","","","","","","","","","",100,1,"","","","","","","","","","","","","","","","","","","","","","","","","","","","","","","","","","","","","","","","","","","","","","","","","","","","","","","","","","","","","","","","","","","","","","","","","","","","","","","","","","","","","","","","","","","","","","","","","","",14,1,"","","","","","","","","","","","","","","","","","","","","","","","","","","","","",""
"61328002","LE PIN-AU-HARAS -INRAE",48.735833,0.128167,176,2002081707,0.,1,"","","","","","","","","","","","","","","","","","","","","","","","","","","","","","","","","","",18.7,1,"","","","","","","","","","","","","","","","","","","","","","","","","","","","",98,1,"","","","","","","","","","","","","","","","","","","","","","","","","","","","","","","","","","","","","","","","","","","","","","","","","","","","","","","","","","","","","","","","","","","","","","","","","","","","","","","","","","","","","","","","","","","","","","","","","","",66,1,"","","","","","","","","","","","","","","","","","","","","","","","","","","","","",""
"61328002","LE PIN-AU-HARAS -INRAE",48.735833,0.128167,176,2002081708,0.,1,"","","","","","","","","","","","","","","","","","","","","","","","","","","","","","","","","","",21.9,1,"","","","","","","","","","","","","","","","","","","","","","","","","","","","",69,1,"","","","","","","","","","","","","","","","","","","","","","","","","","","","","","","","","","","","","","","","","","","","","","","","","","","","","","","","","","","","","","","","","","","","","","","","","","","","","","","","","","","","","","","","","","","","","","","","","","",122,1,"","","","","","","","","","","","","","","","","","","","","","","","","","","","","",""
"61328002","LE PIN-AU-HARAS -INRAE",48.735833,0.128167,176,2002081709,0.,1,"","","","","","","","","","","","","","","","","","","","","","","","","","","","","","","","","","",23.9,1,"","","","","","","","","","","","","","","","","","","","","","","","","","","","",67,1,"","","","","","","","","","","","","","","","","","","","","","","","","","","","","","","","","","","","","","","","","","","","","","","","","","","","","","","","","","","","","","","","","","","","","","","","","","","","","","","","","","","","","","","","","","","","","","","","","","",180,1,"","","","","","","","","","","","","","","","","","","","","","","","","","","","","",""
"61328002","LE PIN-AU-HARAS -INRAE",48.735833,0.128167,176,2002081710,0.,1,"","","","","","","","","","","","","","","","","","","","","","","","","","","","","","","","","","",26.3,1,"","","","","","","","","","","","","","","","","","","","","","","","","","","","",60,1,"","","","","","","","","","","","","","","","","","","","","","","","","","","","","","","","","","","","","","","","","","","","","","","","","","","","","","","","","","","","","","","","","","","","","","","","","","","","","","","","","","","","","","","","","","","","","","","","","","",228,1,"","","","","","","","","","","","","","","","","","","","","","","","","","","","","",""
"61328002","LE PIN-AU-HARAS -INRAE",48.735833,0.128167,176,2002081711,0.,1,"","","","","","","","","","","","","","","","","","","","","","","","","","","","","","","","","","",27.2,1,"","","","","","","","","","","","","","","","","","","","","","","","","","","","",52,1,"","","","","","","","","","","","","","","","","","","","","","","","","","","","","","","","","","","","","","","","","","","","","","","","","","","","","","","","","","","","","","","","","","","","","","","","","","","","","","","","","","","","","","","","","","","","","","","","","","",266,1,"","","","","","","","","","","","","","","","","","","","","","","","","","","","","",""
"61328002","LE PIN-AU-HARAS -INRAE",48.735833,0.128167,176,2002081712,0.,1,"","","","","","","","","","","","","","","","","","","","","","","","","","","","","","","","","","",27.4,1,"","","","","","","","","","","","","","","","","","","","","","","","","","","","",50,1,"","","","","","","","","","","","","","","","","","","","","","","","","","","","","","","","","","","","","","","","","","","","","","","","","","","","","","","","","","","","","","","","","","","","","","","","","","","","","","","","","","","","","","","","","","","","","","","","","","",292,1,"","","","","","","","","","","","","","","","","","","","","","","","","","","","","",""
"61328002","LE PIN-AU-HARAS -INRAE",48.735833,0.128167,176,2002081713,0.,1,"","","","","","","","","","","","","","","","","","","","","","","","","","","","","","","","","","",28.9,1,"","","","","","","","","","","","","","","","","","","","","","","","","","","","",46,1,"","","","","","","","","","","","","","","","","","","","","","","","","","","","","","","","","","","","","","","","","","","","","","","","","","","","","","","","","","","","","","","","","","","","","","","","","","","","","","","","","","","","","","","","","","","","","","","","","","",286,1,"","","","","","","","","","","","","","","","","","","","","","","","","","","","","",""
"61328002","LE PIN-AU-HARAS -INRAE",48.735833,0.128167,176,2002081714,0.,1,"","","","","","","","","","","","","","","","","","","","","","","","","","","","","","","","","","",29.3,1,"","","","","","","","","","","","","","","","","","","","","","","","","","","","",43,1,"","","","","","","","","","","","","","","","","","","","","","","","","","","","","","","","","","","","","","","","","","","","","","","","","","","","","","","","","","","","","","","","","","","","","","","","","","","","","","","","","","","","","","","","","","","","","","","","","","",264,1,"","","","","","","","","","","","","","","","","","","","","","","","","","","","","",""
"61328002","LE PIN-AU-HARAS -INRAE",48.735833,0.128167,176,2002081715,0.,1,"","","","","","","","","","","","","","","","","","","","","","","","","","","","","","","","","","",29.5,1,"","","","","","","","","","","","","","","","","","","","","","","","","","","","",46,1,"","","","","","","","","","","","","","","","","","","","","","","","","","","","","","","","","","","","","","","","","","","","","","","","","","","","","","","","","","","","","","","","","","","","","","","","","","","","","","","","","","","","","","","","","","","","","","","","","","",204,1,"","","","","","","","","","","","","","","","","","","","","","","","","","","","","",""
"61328002","LE PIN-AU-HARAS -INRAE",48.735833,0.128167,176,2002081716,0.,1,"","","","","","","","","","","","","","","","","","","","","","","","","","","","","","","","","","",28.8,1,"","","","","","","","","","","","","","","","","","","","","","","","","","","","",50,1,"","","","","","","","","","","","","","","","","","","","","","","","","","","","","","","","","","","","","","","","","","","","","","","","","","","","","","","","","","","","","","","","","","","","","","","","","","","","","","","","","","","","","","","","","","","","","","","","","","",122,1,"","","","","","","","","","","","","","","","","","","","","","","","","","","","","",""
"61328002","LE PIN-AU-HARAS -INRAE",48.735833,0.128167,176,2002081717,0.,1,"","","","","","","","","","","","","","","","","","","","","","","","","","","","","","","","","","",28.1,1,"","","","","","","","","","","","","","","","","","","","","","","","","","","","",46,1,"","","","","","","","","","","","","","","","","","","","","","","","","","","","","","","","","","","","","","","","","","","","","","","","","","","","","","","","","","","","","","","","","","","","","","","","","","","","","","","","","","","","","","","","","","","","","","","","","","",142,1,"","","","","","","","","","","","","","","","","","","","","","","","","","","","","",""
"61328002","LE PIN-AU-HARAS -INRAE",48.735833,0.128167,176,2002081718,0.,1,"","","","","","","","","","","","","","","","","","","","","","","","","","","","","","","","","","",22.8,1,"","","","","","","","","","","","","","","","","","","","","","","","","","","","",72,1,"","","","","","","","","","","","","","","","","","","","","","","","","","","","","","","","","","","","","","","","","","","","","","","","","","","","","","","","","","","","","","","","","","","","","","","","","","","","","","","","","","","","","","","","","","","","","","","","","","",82,1,"","","","","","","","","","","","","","","","","","","","","","","","","","","","","",""
"61328002","LE PIN-AU-HARAS -INRAE",48.735833,0.128167,176,2002081719,0.,1,"","","","","","","","","","","","","","","","","","","","","","","","","","","","","","","","","","",20.5,1,"","","","","","","","","","","","","","","","","","","","","","","","","","","","",83,1,"","","","","","","","","","","","","","","","","","","","","","","","","","","","","","","","","","","","","","","","","","","","","","","","","","","","","","","","","","","","","","","","","","","","","","","","","","","","","","","","","","","","","","","","","","","","","","","","","","",12,1,"","","","","","","","","","","","","","","","","","","","","","","","","","","","","",""
"61328002","LE PIN-AU-HARAS -INRAE",48.735833,0.128167,176,2002081720,0.,1,"","","","","","","","","","","","","","","","","","","","","","","","","","","","","","","","","","",18.9,1,"","","","","","","","","","","","","","","","","","","","","","","","","","","","",89,1,"","","","","","","","","","","","","","","","","","","","","","","","","","","","","","","","","","","","","","","","","","","","","","","","","","","","","","","","","","","","","","","","","","","","","","","","","","","","","","","","","","","","","","","","","","","","","","","","","","",0,1,"","","","","","","","","","","","","","","","","","","","","","","","","","","","","",""
"61328002","LE PIN-AU-HARAS -INRAE",48.735833,0.128167,176,2002081721,0.,1,"","","","","","","","","","","","","","","","","","","","","","","","","","","","","","","","","","",17.7,1,"","","","","","","","","","","","","","","","","","","","","","","","","","","","",93,1,"","","","","","","","","","","","","","","","","","","","","","","","","","","","","","","","","","","","","","","","","","","","","","","","","","","","","","","","","","","","","","","","","","","","","","","","","","","","","","","","","","","","","","","","","","","","","","","","","","",0,1,"","","","","","","","","","","","","","","","","","","","","","","","","","","","","",""
"61328002","LE PIN-AU-HARAS -INRAE",48.735833,0.128167,176,2002081722,0.,1,"","","","","","","","","","","","","","","","","","","","","","","","","","","","","","","","","","",16.9,1,"","","","","","","","","","","","","","","","","","","","","","","","","","","","",97,1,"","","","","","","","","","","","","","","","","","","","","","","","","","","","","","","","","","","","","","","","","","","","","","","","","","","","","","","","","","","","","","","","","","","","","","","","","","","","","","","","","","","","","","","","","","","","","","","","","","",0,1,"","","","","","","","","","","","","","","","","","","","","","","","","","","","","",""
"61328002","LE PIN-AU-HARAS -INRAE",48.735833,0.128167,176,2002081723,0.,1,"","","","","","","","","","","","","","","","","","","","","","","","","","","","","","","","","","",16.3,1,"","","","","","","","","","","","","","","","","","","","","","","","","","","","",99,1,"","","","","","","","","","","","","","","","","","","","","","","","","","","","","","","","","","","","","","","","","","","","","","","","","","","","","","","","","","","","","","","","","","","","","","","","","","","","","","","","","","","","","","","","","","","","","","","","","","",0,1,"","","","","","","","","","","","","","","","","","","","","","","","","","","","","",""
"61328002","LE PIN-AU-HARAS -INRAE",48.735833,0.128167,176,2002081800,0.,1,"","","","","","","","","","","","","","","","","","","","","","","","","","","","","","","","","","",15.9,1,"","","","","","","","","","","","","","","","","","","","","","","","","","","","",100,1,"","","","","","","","","","","","","","","","","","","","","","","","","","","","","","","","","","","","","","","","","","","","","","","","","","","","","","","","","","","","","","","","","","","","","","","","","","","","","","","","","","","","","","","","","","","","","","","","","","",0,1,"","","","","","","","","","","","","","","","","","","","","","","","","","","","","",""
"61328002","LE PIN-AU-HARAS -INRAE",48.735833,0.128167,176,2002081801,0.,1,"","","","","","","","","","","","","","","","","","","","","","","","","","","","","","","","","","",15.5,1,"","","","","","","","","","","","","","","","","","","","","","","","","","","","",100,1,"","","","","","","","","","","","","","","","","","","","","","","","","","","","","","","","","","","","","","","","","","","","","","","","","","","","","","","","","","","","","","","","","","","","","","","","","","","","","","","","","","","","","","","","","","","","","","","","","","",0,1,"","","","","","","","","","","","","","","","","","","","","","","","","","","","","",""
"61328002","LE PIN-AU-HARAS -INRAE",48.735833,0.128167,176,2002081802,0.,1,"","","","","","","","","","","","","","","","","","","","","","","","","","","","","","","","","","",15.5,1,"","","","","","","","","","","","","","","","","","","","","","","","","","","","",100,1,"","","","","","","","","","","","","","","","","","","","","","","","","","","","","","","","","","","","","","","","","","","","","","","","","","","","","","","","","","","","","","","","","","","","","","","","","","","","","","","","","","","","","","","","","","","","","","","","","","",0,1,"","","","","","","","","","","","","","","","","","","","","","","","","","","","","",""
"61328002","LE PIN-AU-HARAS -INRAE",48.735833,0.128167,176,2002081803,0.,1,"","","","","","","","","","","","","","","","","","","","","","","","","","","","","","","","","","",16.,1,"","","","","","","","","","","","","","","","","","","","","","","","","","","","",100,1,"","","","","","","","","","","","","","","","","","","","","","","","","","","","","","","","","","","","","","","","","","","","","","","","","","","","","","","","","","","","","","","","","","","","","","","","","","","","","","","","","","","","","","","","","","","","","","","","","","",0,1,"","","","","","","","","","","","","","","","","","","","","","","","","","","","","",""
"61328002","LE PIN-AU-HARAS -INRAE",48.735833,0.128167,176,2002081804,0.,1,"","","","","","","","","","","","","","","","","","","","","","","","","","","","","","","","","","",15.9,1,"","","","","","","","","","","","","","","","","","","","","","","","","","","","",100,1,"","","","","","","","","","","","","","","","","","","","","","","","","","","","","","","","","","","","","","","","","","","","","","","","","","","","","","","","","","","","","","","","","","","","","","","","","","","","","","","","","","","","","","","","","","","","","","","","","","",0,1,"","","","","","","","","","","","","","","","","","","","","","","","","","","","","",""
"61328002","LE PIN-AU-HARAS -INRAE",48.735833,0.128167,176,2002081805,0.,1,"","","","","","","","","","","","","","","","","","","","","","","","","","","","","","","","","","",15.7,1,"","","","","","","","","","","","","","","","","","","","","","","","","","","","",100,1,"","","","","","","","","","","","","","","","","","","","","","","","","","","","","","","","","","","","","","","","","","","","","","","","","","","","","","","","","","","","","","","","","","","","","","","","","","","","","","","","","","","","","","","","","","","","","","","","","","",0,1,"","","","","","","","","","","","","","","","","","","","","","","","","","","","","",""
"61328002","LE PIN-AU-HARAS -INRAE",48.735833,0.128167,176,2002081806,0.,1,"","","","","","","","","","","","","","","","","","","","","","","","","","","","","","","","","","",15.7,1,"","","","","","","","","","","","","","","","","","","","","","","","","","","","",100,1,"","","","","","","","","","","","","","","","","","","","","","","","","","","","","","","","","","","","","","","","","","","","","","","","","","","","","","","","","","","","","","","","","","","","","","","","","","","","","","","","","","","","","","","","","","","","","","","","","","",6,1,"","","","","","","","","","","","","","","","","","","","","","","","","","","","","",""
"61328002","LE PIN-AU-HARAS -INRAE",48.735833,0.128167,176,2002081807,0.,1,"","","","","","","","","","","","","","","","","","","","","","","","","","","","","","","","","","",16.7,1,"","","","","","","","","","","","","","","","","","","","","","","","","","","","",100,1,"","","","","","","","","","","","","","","","","","","","","","","","","","","","","","","","","","","","","","","","","","","","","","","","","","","","","","","","","","","","","","","","","","","","","","","","","","","","","","","","","","","","","","","","","","","","","","","","","","",38,1,"","","","","","","","","","","","","","","","","","","","","","","","","","","","","",""
"61328002","LE PIN-AU-HARAS -INRAE",48.735833,0.128167,176,2002081808,0.,1,"","","","","","","","","","","","","","","","","","","","","","","","","","","","","","","","","","",19.3,1,"","","","","","","","","","","","","","","","","","","","","","","","","","","","",87,1,"","","","","","","","","","","","","","","","","","","","","","","","","","","","","","","","","","","","","","","","","","","","","","","","","","","","","","","","","","","","","","","","","","","","","","","","","","","","","","","","","","","","","","","","","","","","","","","","","","",120,1,"","","","","","","","","","","","","","","","","","","","","","","","","","","","","",""
"61328002","LE PIN-AU-HARAS -INRAE",48.735833,0.128167,176,2002081809,0.,1,"","","","","","","","","","","","","","","","","","","","","","","","","","","","","","","","","","",20.,1,"","","","","","","","","","","","","","","","","","","","","","","","","","","","",83,1,"","","","","","","","","","","","","","","","","","","","","","","","","","","","","","","","","","","","","","","","","","","","","","","","","","","","","","","","","","","","","","","","","","","","","","","","","","","","","","","","","","","","","","","","","","","","","","","","","","",102,1,"","","","","","","","","","","","","","","","","","","","","","","","","","","","","",""
"61328002","LE PIN-AU-HARAS -INRAE",48.735833,0.128167,176,2002081810,0.,1,"","","","","","","","","","","","","","","","","","","","","","","","","","","","","","","","","","",20.1,1,"","","","","","","","","","","","","","","","","","","","","","","","","","","","",85,1,"","","","","","","","","","","","","","","","","","","","","","","","","","","","","","","","","","","","","","","","","","","","","","","","","","","","","","","","","","","","","","","","","","","","","","","","","","","","","","","","","","","","","","","","","","","","","","","","","","",60,1,"","","","","","","","","","","","","","","","","","","","","","","","","","","","","",""
"61328002","LE PIN-AU-HARAS -INRAE",48.735833,0.128167,176,2002081811,0.,1,"","","","","","","","","","","","","","","","","","","","","","","","","","","","","","","","","","",22.3,1,"","","","","","","","","","","","","","","","","","","","","","","","","","","","",80,1,"","","","","","","","","","","","","","","","","","","","","","","","","","","","","","","","","","","","","","","","","","","","","","","","","","","","","","","","","","","","","","","","","","","","","","","","","","","","","","","","","","","","","","","","","","","","","","","","","","",104,1,"","","","","","","","","","","","","","","","","","","","","","","","","","","","","",""
"61328002","LE PIN-AU-HARAS -INRAE",48.735833,0.128167,176,2002081812,1.,1,"","","","","","","","","","","","","","","","","","","","","","","","","","","","","","","","","","",20.6,1,"","","","","","","","","","","","","","","","","","","","","","","","","","","","",90,1,"","","","","","","","","","","","","","","","","","","","","","","","","","","","","","","","","","","","","","","","","","","","","","","","","","","","","","","","","","","","","","","","","","","","","","","","","","","","","","","","","","","","","","","","","","","","","","","","","","",68,1,"","","","","","","","","","","","","","","","","","","","","","","","","","","","","",""
"61328002","LE PIN-AU-HARAS -INRAE",48.735833,0.128167,176,2002081813,0.5,1,"","","","","","","","","","","","","","","","","","","","","","","","","","","","","","","","","","",22.6,1,"","","","","","","","","","","","","","","","","","","","","","","","","","","","",86,1,"","","","","","","","","","","","","","","","","","","","","","","","","","","","","","","","","","","","","","","","","","","","","","","","","","","","","","","","","","","","","","","","","","","","","","","","","","","","","","","","","","","","","","","","","","","","","","","","","","",96,1,"","","","","","","","","","","","","","","","","","","","","","","","","","","","","",""
"61328002","LE PIN-AU-HARAS -INRAE",48.735833,0.128167,176,2002081814,0.,1,"","","","","","","","","","","","","","","","","","","","","","","","","","","","","","","","","","",24.3,1,"","","","","","","","","","","","","","","","","","","","","","","","","","","","",78,1,"","","","","","","","","","","","","","","","","","","","","","","","","","","","","","","","","","","","","","","","","","","","","","","","","","","","","","","","","","","","","","","","","","","","","","","","","","","","","","","","","","","","","","","","","","","","","","","","","","",136,1,"","","","","","","","","","","","","","","","","","","","","","","","","","","","","",""
"61328002","LE PIN-AU-HARAS -INRAE",48.735833,0.128167,176,2002081815,0.,1,"","","","","","","","","","","","","","","","","","","","","","","","","","","","","","","","","","",24.,1,"","","","","","","","","","","","","","","","","","","","","","","","","","","","",77,1,"","","","","","","","","","","","","","","","","","","","","","","","","","","","","","","","","","","","","","","","","","","","","","","","","","","","","","","","","","","","","","","","","","","","","","","","","","","","","","","","","","","","","","","","","","","","","","","","","","",136,1,"","","","","","","","","","","","","","","","","","","","","","","","","","","","","",""
"61328002","LE PIN-AU-HARAS -INRAE",48.735833,0.128167,176,2002081816,0.,1,"","","","","","","","","","","","","","","","","","","","","","","","","","","","","","","","","","",23.8,1,"","","","","","","","","","","","","","","","","","","","","","","","","","","","",65,1,"","","","","","","","","","","","","","","","","","","","","","","","","","","","","","","","","","","","","","","","","","","","","","","","","","","","","","","","","","","","","","","","","","","","","","","","","","","","","","","","","","","","","","","","","","","","","","","","","","",112,1,"","","","","","","","","","","","","","","","","","","","","","","","","","","","","",""
"61328002","LE PIN-AU-HARAS -INRAE",48.735833,0.128167,176,2002081817,0.,1,"","","","","","","","","","","","","","","","","","","","","","","","","","","","","","","","","","",22.8,1,"","","","","","","","","","","","","","","","","","","","","","","","","","","","",60,1,"","","","","","","","","","","","","","","","","","","","","","","","","","","","","","","","","","","","","","","","","","","","","","","","","","","","","","","","","","","","","","","","","","","","","","","","","","","","","","","","","","","","","","","","","","","","","","","","","","",84,1,"","","","","","","","","","","","","","","","","","","","","","","","","","","","","",""
"61328002","LE PIN-AU-HARAS -INRAE",48.735833,0.128167,176,2002081818,0.,1,"","","","","","","","","","","","","","","","","","","","","","","","","","","","","","","","","","",20.5,1,"","","","","","","","","","","","","","","","","","","","","","","","","","","","",82,1,"","","","","","","","","","","","","","","","","","","","","","","","","","","","","","","","","","","","","","","","","","","","","","","","","","","","","","","","","","","","","","","","","","","","","","","","","","","","","","","","","","","","","","","","","","","","","","","","","","",28,1,"","","","","","","","","","","","","","","","","","","","","","","","","","","","","",""
"61328002","LE PIN-AU-HARAS -INRAE",48.735833,0.128167,176,2002081819,0.5,1,"","","","","","","","","","","","","","","","","","","","","","","","","","","","","","","","","","",19.1,1,"","","","","","","","","","","","","","","","","","","","","","","","","","","","",91,1,"","","","","","","","","","","","","","","","","","","","","","","","","","","","","","","","","","","","","","","","","","","","","","","","","","","","","","","","","","","","","","","","","","","","","","","","","","","","","","","","","","","","","","","","","","","","","","","","","","",4,1,"","","","","","","","","","","","","","","","","","","","","","","","","","","","","",""
"61328002","LE PIN-AU-HARAS -INRAE",48.735833,0.128167,176,2002081820,0.5,1,"","","","","","","","","","","","","","","","","","","","","","","","","","","","","","","","","","",17.2,1,"","","","","","","","","","","","","","","","","","","","","","","","","","","","",95,1,"","","","","","","","","","","","","","","","","","","","","","","","","","","","","","","","","","","","","","","","","","","","","","","","","","","","","","","","","","","","","","","","","","","","","","","","","","","","","","","","","","","","","","","","","","","","","","","","","","",0,1,"","","","","","","","","","","","","","","","","","","","","","","","","","","","","",""
"61328002","LE PIN-AU-HARAS -INRAE",48.735833,0.128167,176,2002081821,0.,1,"","","","","","","","","","","","","","","","","","","","","","","","","","","","","","","","","","",16.7,1,"","","","","","","","","","","","","","","","","","","","","","","","","","","","",97,1,"","","","","","","","","","","","","","","","","","","","","","","","","","","","","","","","","","","","","","","","","","","","","","","","","","","","","","","","","","","","","","","","","","","","","","","","","","","","","","","","","","","","","","","","","","","","","","","","","","",0,1,"","","","","","","","","","","","","","","","","","","","","","","","","","","","","",""
"61328002","LE PIN-AU-HARAS -INRAE",48.735833,0.128167,176,2002081822,0.,1,"","","","","","","","","","","","","","","","","","","","","","","","","","","","","","","","","","",16.9,1,"","","","","","","","","","","","","","","","","","","","","","","","","","","","",98,1,"","","","","","","","","","","","","","","","","","","","","","","","","","","","","","","","","","","","","","","","","","","","","","","","","","","","","","","","","","","","","","","","","","","","","","","","","","","","","","","","","","","","","","","","","","","","","","","","","","",0,1,"","","","","","","","","","","","","","","","","","","","","","","","","","","","","",""
"61328002","LE PIN-AU-HARAS -INRAE",48.735833,0.128167,176,2002081823,0.,1,"","","","","","","","","","","","","","","","","","","","","","","","","","","","","","","","","","",16.7,1,"","","","","","","","","","","","","","","","","","","","","","","","","","","","",99,1,"","","","","","","","","","","","","","","","","","","","","","","","","","","","","","","","","","","","","","","","","","","","","","","","","","","","","","","","","","","","","","","","","","","","","","","","","","","","","","","","","","","","","","","","","","","","","","","","","","",0,1,"","","","","","","","","","","","","","","","","","","","","","","","","","","","","",""
"61328002","LE PIN-AU-HARAS -INRAE",48.735833,0.128167,176,2002081900,0.,1,"","","","","","","","","","","","","","","","","","","","","","","","","","","","","","","","","","",16.9,1,"","","","","","","","","","","","","","","","","","","","","","","","","","","","",100,1,"","","","","","","","","","","","","","","","","","","","","","","","","","","","","","","","","","","","","","","","","","","","","","","","","","","","","","","","","","","","","","","","","","","","","","","","","","","","","","","","","","","","","","","","","","","","","","","","","","",0,1,"","","","","","","","","","","","","","","","","","","","","","","","","","","","","",""
"61328002","LE PIN-AU-HARAS -INRAE",48.735833,0.128167,176,2002081901,0.,1,"","","","","","","","","","","","","","","","","","","","","","","","","","","","","","","","","","",16.7,1,"","","","","","","","","","","","","","","","","","","","","","","","","","","","",100,1,"","","","","","","","","","","","","","","","","","","","","","","","","","","","","","","","","","","","","","","","","","","","","","","","","","","","","","","","","","","","","","","","","","","","","","","","","","","","","","","","","","","","","","","","","","","","","","","","","","",0,1,"","","","","","","","","","","","","","","","","","","","","","","","","","","","","",""
"61328002","LE PIN-AU-HARAS -INRAE",48.735833,0.128167,176,2002081902,0.,1,"","","","","","","","","","","","","","","","","","","","","","","","","","","","","","","","","","",16.5,1,"","","","","","","","","","","","","","","","","","","","","","","","","","","","",100,1,"","","","","","","","","","","","","","","","","","","","","","","","","","","","","","","","","","","","","","","","","","","","","","","","","","","","","","","","","","","","","","","","","","","","","","","","","","","","","","","","","","","","","","","","","","","","","","","","","","",0,1,"","","","","","","","","","","","","","","","","","","","","","","","","","","","","",""
"61328002","LE PIN-AU-HARAS -INRAE",48.735833,0.128167,176,2002081903,0.,1,"","","","","","","","","","","","","","","","","","","","","","","","","","","","","","","","","","",14.7,1,"","","","","","","","","","","","","","","","","","","","","","","","","","","","",100,1,"","","","","","","","","","","","","","","","","","","","","","","","","","","","","","","","","","","","","","","","","","","","","","","","","","","","","","","","","","","","","","","","","","","","","","","","","","","","","","","","","","","","","","","","","","","","","","","","","","",0,1,"","","","","","","","","","","","","","","","","","","","","","","","","","","","","",""
"61328002","LE PIN-AU-HARAS -INRAE",48.735833,0.128167,176,2002081904,0.,1,"","","","","","","","","","","","","","","","","","","","","","","","","","","","","","","","","","",14.,1,"","","","","","","","","","","","","","","","","","","","","","","","","","","","",100,1,"","","","","","","","","","","","","","","","","","","","","","","","","","","","","","","","","","","","","","","","","","","","","","","","","","","","","","","","","","","","","","","","","","","","","","","","","","","","","","","","","","","","","","","","","","","","","","","","","","",0,1,"","","","","","","","","","","","","","","","","","","","","","","","","","","","","",""
"61328002","LE PIN-AU-HARAS -INRAE",48.735833,0.128167,176,2002081905,0.,1,"","","","","","","","","","","","","","","","","","","","","","","","","","","","","","","","","","",13.6,1,"","","","","","","","","","","","","","","","","","","","","","","","","","","","",100,1,"","","","","","","","","","","","","","","","","","","","","","","","","","","","","","","","","","","","","","","","","","","","","","","","","","","","","","","","","","","","","","","","","","","","","","","","","","","","","","","","","","","","","","","","","","","","","","","","","","",0,1,"","","","","","","","","","","","","","","","","","","","","","","","","","","","","",""
"61328002","LE PIN-AU-HARAS -INRAE",48.735833,0.128167,176,2002081906,0.,1,"","","","","","","","","","","","","","","","","","","","","","","","","","","","","","","","","","",14.3,1,"","","","","","","","","","","","","","","","","","","","","","","","","","","","",100,1,"","","","","","","","","","","","","","","","","","","","","","","","","","","","","","","","","","","","","","","","","","","","","","","","","","","","","","","","","","","","","","","","","","","","","","","","","","","","","","","","","","","","","","","","","","","","","","","","","","",4,1,"","","","","","","","","","","","","","","","","","","","","","","","","","","","","",""
"61328002","LE PIN-AU-HARAS -INRAE",48.735833,0.128167,176,2002081907,0.,1,"","","","","","","","","","","","","","","","","","","","","","","","","","","","","","","","","","",16.7,1,"","","","","","","","","","","","","","","","","","","","","","","","","","","","",100,1,"","","","","","","","","","","","","","","","","","","","","","","","","","","","","","","","","","","","","","","","","","","","","","","","","","","","","","","","","","","","","","","","","","","","","","","","","","","","","","","","","","","","","","","","","","","","","","","","","","",40,1,"","","","","","","","","","","","","","","","","","","","","","","","","","","","","",""
"61328002","LE PIN-AU-HARAS -INRAE",48.735833,0.128167,176,2002081908,0.,1,"","","","","","","","","","","","","","","","","","","","","","","","","","","","","","","","","","",19.,1,"","","","","","","","","","","","","","","","","","","","","","","","","","","","",100,1,"","","","","","","","","","","","","","","","","","","","","","","","","","","","","","","","","","","","","","","","","","","","","","","","","","","","","","","","","","","","","","","","","","","","","","","","","","","","","","","","","","","","","","","","","","","","","","","","","","",58,1,"","","","","","","","","","","","","","","","","","","","","","","","","","","","","",""
"61328002","LE PIN-AU-HARAS -INRAE",48.735833,0.128167,176,2002081909,0.,1,"","","","","","","","","","","","","","","","","","","","","","","","","","","","","","","","","","",20.9,1,"","","","","","","","","","","","","","","","","","","","","","","","","","","","",83,1,"","","","","","","","","","","","","","","","","","","","","","","","","","","","","","","","","","","","","","","","","","","","","","","","","","","","","","","","","","","","","","","","","","","","","","","","","","","","","","","","","","","","","","","","","","","","","","","","","","",144,1,"","","","","","","","","","","","","","","","","","","","","","","","","","","","","",""
"61328002","LE PIN-AU-HARAS -INRAE",48.735833,0.128167,176,2002081910,0.,1,"","","","","","","","","","","","","","","","","","","","","","","","","","","","","","","","","","",21.4,1,"","","","","","","","","","","","","","","","","","","","","","","","","","","","",79,1,"","","","","","","","","","","","","","","","","","","","","","","","","","","","","","","","","","","","","","","","","","","","","","","","","","","","","","","","","","","","","","","","","","","","","","","","","","","","","","","","","","","","","","","","","","","","","","","","","","",94,1,"","","","","","","","","","","","","","","","","","","","","","","","","","","","","",""
"61328002","LE PIN-AU-HARAS -INRAE",48.735833,0.128167,176,2002081911,0.,1,"","","","","","","","","","","","","","","","","","","","","","","","","","","","","","","","","","",23.1,1,"","","","","","","","","","","","","","","","","","","","","","","","","","","","",77,1,"","","","","","","","","","","","","","","","","","","","","","","","","","","","","","","","","","","","","","","","","","","","","","","","","","","","","","","","","","","","","","","","","","","","","","","","","","","","","","","","","","","","","","","","","","","","","","","","","","",120,1,"","","","","","","","","","","","","","","","","","","","","","","","","","","","","",""
"61328002","LE PIN-AU-HARAS -INRAE",48.735833,0.128167,176,2002081912,0.,1,"","","","","","","","","","","","","","","","","","","","","","","","","","","","","","","","","","",24.4,1,"","","","","","","","","","","","","","","","","","","","","","","","","","","","",68,1,"","","","","","","","","","","","","","","","","","","","","","","","","","","","","","","","","","","","","","","","","","","","","","","","","","","","","","","","","","","","","","","","","","","","","","","","","","","","","","","","","","","","","","","","","","","","","","","","","","",248,1,"","","","","","","","","","","","","","","","","","","","","","","","","","","","","",""
"61328002","LE PIN-AU-HARAS -INRAE",48.735833,0.128167,176,2002081913,0.,1,"","","","","","","","","","","","","","","","","","","","","","","","","","","","","","","","","","",24.1,1,"","","","","","","","","","","","","","","","","","","","","","","","","","","","",66,1,"","","","","","","","","","","","","","","","","","","","","","","","","","","","","","","","","","","","","","","","","","","","","","","","","","","","","","","","","","","","","","","","","","","","","","","","","","","","","","","","","","","","","","","","","","","","","","","","","","",234,1,"","","","","","","","","","","","","","","","","","","","","","","","","","","","","",""
"61328002","LE PIN-AU-HARAS -INRAE",48.735833,0.128167,176,2002081914,0.,1,"","","","","","","","","","","","","","","","","","","","","","","","","","","","","","","","","","",24.9,1,"","","","","","","","","","","","","","","","","","","","","","","","","","","","",57,1,"","","","","","","","","","","","","","","","","","","","","","","","","","","","","","","","","","","","","","","","","","","","","","","","","","","","","","","","","","","","","","","","","","","","","","","","","","","","","","","","","","","","","","","","","","","","","","","","","","",260,1,"","","","","","","","","","","","","","","","","","","","","","","","","","","","","",""
"61328002","LE PIN-AU-HARAS -INRAE",48.735833,0.128167,176,2002081915,0.,1,"","","","","","","","","","","","","","","","","","","","","","","","","","","","","","","","","","",24.6,1,"","","","","","","","","","","","","","","","","","","","","","","","","","","","",57,1,"","","","","","","","","","","","","","","","","","","","","","","","","","","","","","","","","","","","","","","","","","","","","","","","","","","","","","","","","","","","","","","","","","","","","","","","","","","","","","","","","","","","","","","","","","","","","","","","","","",222,1,"","","","","","","","","","","","","","","","","","","","","","","","","","","","","",""
"61328002","LE PIN-AU-HARAS -INRAE",48.735833,0.128167,176,2002081916,0.,1,"","","","","","","","","","","","","","","","","","","","","","","","","","","","","","","","","","",25.4,1,"","","","","","","","","","","","","","","","","","","","","","","","","","","","",61,1,"","","","","","","","","","","","","","","","","","","","","","","","","","","","","","","","","","","","","","","","","","","","","","","","","","","","","","","","","","","","","","","","","","","","","","","","","","","","","","","","","","","","","","","","","","","","","","","","","","",136,1,"","","","","","","","","","","","","","","","","","","","","","","","","","","","","",""
"61328002","LE PIN-AU-HARAS -INRAE",48.735833,0.128167,176,2002081917,0.,1,"","","","","","","","","","","","","","","","","","","","","","","","","","","","","","","","","","",24.4,1,"","","","","","","","","","","","","","","","","","","","","","","","","","","","",60,1,"","","","","","","","","","","","","","","","","","","","","","","","","","","","","","","","","","","","","","","","","","","","","","","","","","","","","","","","","","","","","","","","","","","","","","","","","","","","","","","","","","","","","","","","","","","","","","","","","","",88,1,"","","","","","","","","","","","","","","","","","","","","","","","","","","","","",""
"61328002","LE PIN-AU-HARAS -INRAE",48.735833,0.128167,176,2002081918,0.,1,"","","","","","","","","","","","","","","","","","","","","","","","","","","","","","","","","","",22.,1,"","","","","","","","","","","","","","","","","","","","","","","","","","","","",76,1,"","","","","","","","","","","","","","","","","","","","","","","","","","","","","","","","","","","","","","","","","","","","","","","","","","","","","","","","","","","","","","","","","","","","","","","","","","","","","","","","","","","","","","","","","","","","","","","","","","",50,1,"","","","","","","","","","","","","","","","","","","","","","","","","","","","","",""
"61328002","LE PIN-AU-HARAS -INRAE",48.735833,0.128167,176,2002081919,0.,1,"","","","","","","","","","","","","","","","","","","","","","","","","","","","","","","","","","",19.3,1,"","","","","","","","","","","","","","","","","","","","","","","","","","","","",81,1,"","","","","","","","","","","","","","","","","","","","","","","","","","","","","","","","","","","","","","","","","","","","","","","","","","","","","","","","","","","","","","","","","","","","","","","","","","","","","","","","","","","","","","","","","","","","","","","","","","",6,1,"","","","","","","","","","","","","","","","","","","","","","","","","","","","","",""
"61328002","LE PIN-AU-HARAS -INRAE",48.735833,0.128167,176,2002081920,0.,1,"","","","","","","","","","","","","","","","","","","","","","","","","","","","","","","","","","",18.3,1,"","","","","","","","","","","","","","","","","","","","","","","","","","","","",86,1,"","","","","","","","","","","","","","","","","","","","","","","","","","","","","","","","","","","","","","","","","","","","","","","","","","","","","","","","","","","","","","","","","","","","","","","","","","","","","","","","","","","","","","","","","","","","","","","","","","",0,1,"","","","","","","","","","","","","","","","","","","","","","","","","","","","","",""
"61328002","LE PIN-AU-HARAS -INRAE",48.735833,0.128167,176,2002081921,0.,1,"","","","","","","","","","","","","","","","","","","","","","","","","","","","","","","","","","",17.9,1,"","","","","","","","","","","","","","","","","","","","","","","","","","","","",87,1,"","","","","","","","","","","","","","","","","","","","","","","","","","","","","","","","","","","","","","","","","","","","","","","","","","","","","","","","","","","","","","","","","","","","","","","","","","","","","","","","","","","","","","","","","","","","","","","","","","",0,1,"","","","","","","","","","","","","","","","","","","","","","","","","","","","","",""
"61328002","LE PIN-AU-HARAS -INRAE",48.735833,0.128167,176,2002081922,0.,1,"","","","","","","","","","","","","","","","","","","","","","","","","","","","","","","","","","",17.,1,"","","","","","","","","","","","","","","","","","","","","","","","","","","","",90,1,"","","","","","","","","","","","","","","","","","","","","","","","","","","","","","","","","","","","","","","","","","","","","","","","","","","","","","","","","","","","","","","","","","","","","","","","","","","","","","","","","","","","","","","","","","","","","","","","","","",0,1,"","","","","","","","","","","","","","","","","","","","","","","","","","","","","",""
"61328002","LE PIN-AU-HARAS -INRAE",48.735833,0.128167,176,2002081923,0.,1,"","","","","","","","","","","","","","","","","","","","","","","","","","","","","","","","","","",16.,1,"","","","","","","","","","","","","","","","","","","","","","","","","","","","",94,1,"","","","","","","","","","","","","","","","","","","","","","","","","","","","","","","","","","","","","","","","","","","","","","","","","","","","","","","","","","","","","","","","","","","","","","","","","","","","","","","","","","","","","","","","","","","","","","","","","","",0,1,"","","","","","","","","","","","","","","","","","","","","","","","","","","","","",""
"61328002","LE PIN-AU-HARAS -INRAE",48.735833,0.128167,176,2002082000,0.,1,"","","","","","","","","","","","","","","","","","","","","","","","","","","","","","","","","","",16.4,1,"","","","","","","","","","","","","","","","","","","","","","","","","","","","",95,1,"","","","","","","","","","","","","","","","","","","","","","","","","","","","","","","","","","","","","","","","","","","","","","","","","","","","","","","","","","","","","","","","","","","","","","","","","","","","","","","","","","","","","","","","","","","","","","","","","","",0,1,"","","","","","","","","","","","","","","","","","","","","","","","","","","","","",""
"61328002","LE PIN-AU-HARAS -INRAE",48.735833,0.128167,176,2002082001,0.,1,"","","","","","","","","","","","","","","","","","","","","","","","","","","","","","","","","","",16.1,1,"","","","","","","","","","","","","","","","","","","","","","","","","","","","",96,1,"","","","","","","","","","","","","","","","","","","","","","","","","","","","","","","","","","","","","","","","","","","","","","","","","","","","","","","","","","","","","","","","","","","","","","","","","","","","","","","","","","","","","","","","","","","","","","","","","","",0,1,"","","","","","","","","","","","","","","","","","","","","","","","","","","","","",""
"61328002","LE PIN-AU-HARAS -INRAE",48.735833,0.128167,176,2002082002,0.5,1,"","","","","","","","","","","","","","","","","","","","","","","","","","","","","","","","","","",15.9,1,"","","","","","","","","","","","","","","","","","","","","","","","","","","","",98,1,"","","","","","","","","","","","","","","","","","","","","","","","","","","","","","","","","","","","","","","","","","","","","","","","","","","","","","","","","","","","","","","","","","","","","","","","","","","","","","","","","","","","","","","","","","","","","","","","","","",0,1,"","","","","","","","","","","","","","","","","","","","","","","","","","","","","",""
"61328002","LE PIN-AU-HARAS -INRAE",48.735833,0.128167,176,2002082003,0.,1,"","","","","","","","","","","","","","","","","","","","","","","","","","","","","","","","","","",15.8,1,"","","","","","","","","","","","","","","","","","","","","","","","","","","","",99,1,"","","","","","","","","","","","","","","","","","","","","","","","","","","","","","","","","","","","","","","","","","","","","","","","","","","","","","","","","","","","","","","","","","","","","","","","","","","","","","","","","","","","","","","","","","","","","","","","","","",0,1,"","","","","","","","","","","","","","","","","","","","","","","","","","","","","",""
"61328002","LE PIN-AU-HARAS -INRAE",48.735833,0.128167,176,2002082004,0.,1,"","","","","","","","","","","","","","","","","","","","","","","","","","","","","","","","","","",15.5,1,"","","","","","","","","","","","","","","","","","","","","","","","","","","","",100,1,"","","","","","","","","","","","","","","","","","","","","","","","","","","","","","","","","","","","","","","","","","","","","","","","","","","","","","","","","","","","","","","","","","","","","","","","","","","","","","","","","","","","","","","","","","","","","","","","","","",0,1,"","","","","","","","","","","","","","","","","","","","","","","","","","","","","",""
"61328002","LE PIN-AU-HARAS -INRAE",48.735833,0.128167,176,2002082005,0.,1,"","","","","","","","","","","","","","","","","","","","","","","","","","","","","","","","","","",15.7,1,"","","","","","","","","","","","","","","","","","","","","","","","","","","","",100,1,"","","","","","","","","","","","","","","","","","","","","","","","","","","","","","","","","","","","","","","","","","","","","","","","","","","","","","","","","","","","","","","","","","","","","","","","","","","","","","","","","","","","","","","","","","","","","","","","","","",0,1,"","","","","","","","","","","","","","","","","","","","","","","","","","","","","",""
"61328002","LE PIN-AU-HARAS -INRAE",48.735833,0.128167,176,2002082006,0.,1,"","","","","","","","","","","","","","","","","","","","","","","","","","","","","","","","","","",14.9,1,"","","","","","","","","","","","","","","","","","","","","","","","","","","","",100,1,"","","","","","","","","","","","","","","","","","","","","","","","","","","","","","","","","","","","","","","","","","","","","","","","","","","","","","","","","","","","","","","","","","","","","","","","","","","","","","","","","","","","","","","","","","","","","","","","","","",2,1,"","","","","","","","","","","","","","","","","","","","","","","","","","","","","",""
"61328002","LE PIN-AU-HARAS -INRAE",48.735833,0.128167,176,2002082007,0.,1,"","","","","","","","","","","","","","","","","","","","","","","","","","","","","","","","","","",15.,1,"","","","","","","","","","","","","","","","","","","","","","","","","","","","",96,1,"","","","","","","","","","","","","","","","","","","","","","","","","","","","","","","","","","","","","","","","","","","","","","","","","","","","","","","","","","","","","","","","","","","","","","","","","","","","","","","","","","","","","","","","","","","","","","","","","","",16,1,"","","","","","","","","","","","","","","","","","","","","","","","","","","","","",""
"61328002","LE PIN-AU-HARAS -INRAE",48.735833,0.128167,176,2002082008,0.,1,"","","","","","","","","","","","","","","","","","","","","","","","","","","","","","","","","","",15.1,1,"","","","","","","","","","","","","","","","","","","","","","","","","","","","",94,1,"","","","","","","","","","","","","","","","","","","","","","","","","","","","","","","","","","","","","","","","","","","","","","","","","","","","","","","","","","","","","","","","","","","","","","","","","","","","","","","","","","","","","","","","","","","","","","","","","","",24,1,"","","","","","","","","","","","","","","","","","","","","","","","","","","","","",""
"61328002","LE PIN-AU-HARAS -INRAE",48.735833,0.128167,176,2002082009,0.,1,"","","","","","","","","","","","","","","","","","","","","","","","","","","","","","","","","","",14.6,1,"","","","","","","","","","","","","","","","","","","","","","","","","","","","",85,1,"","","","","","","","","","","","","","","","","","","","","","","","","","","","","","","","","","","","","","","","","","","","","","","","","","","","","","","","","","","","","","","","","","","","","","","","","","","","","","","","","","","","","","","","","","","","","","","","","","",52,1,"","","","","","","","","","","","","","","","","","","","","","","","","","","","","",""
"61328002","LE PIN-AU-HARAS -INRAE",48.735833,0.128167,176,2002082010,0.,1,"","","","","","","","","","","","","","","","","","","","","","","","","","","","","","","","","","",13.7,1,"","","","","","","","","","","","","","","","","","","","","","","","","","","","",94,1,"","","","","","","","","","","","","","","","","","","","","","","","","","","","","","","","","","","","","","","","","","","","","","","","","","","","","","","","","","","","","","","","","","","","","","","","","","","","","","","","","","","","","","","","","","","","","","","","","","",46,1,"","","","","","","","","","","","","","","","","","","","","","","","","","","","","",""
"61328002","LE PIN-AU-HARAS -INRAE",48.735833,0.128167,176,2002082011,0.,1,"","","","","","","","","","","","","","","","","","","","","","","","","","","","","","","","","","",15.7,1,"","","","","","","","","","","","","","","","","","","","","","","","","","","","",84,1,"","","","","","","","","","","","","","","","","","","","","","","","","","","","","","","","","","","","","","","","","","","","","","","","","","","","","","","","","","","","","","","","","","","","","","","","","","","","","","","","","","","","","","","","","","","","","","","","","","",104,1,"","","","","","","","","","","","","","","","","","","","","","","","","","","","","",""
"61328002","LE PIN-AU-HARAS -INRAE",48.735833,0.128167,176,2002082012,0.,1,"","","","","","","","","","","","","","","","","","","","","","","","","","","","","","","","","","",17.4,1,"","","","","","","","","","","","","","","","","","","","","","","","","","","","",79,1,"","","","","","","","","","","","","","","","","","","","","","","","","","","","","","","","","","","","","","","","","","","","","","","","","","","","","","","","","","","","","","","","","","","","","","","","","","","","","","","","","","","","","","","","","","","","","","","","","","",156,1,"","","","","","","","","","","","","","","","","","","","","","","","","","","","","",""
"61328002","LE PIN-AU-HARAS -INRAE",48.735833,0.128167,176,2002082013,0.,1,"","","","","","","","","","","","","","","","","","","","","","","","","","","","","","","","","","",17.9,1,"","","","","","","","","","","","","","","","","","","","","","","","","","","","",71,1,"","","","","","","","","","","","","","","","","","","","","","","","","","","","","","","","","","","","","","","","","","","","","","","","","","","","","","","","","","","","","","","","","","","","","","","","","","","","","","","","","","","","","","","","","","","","","","","","","","",214,1,"","","","","","","","","","","","","","","","","","","","","","","","","","","","","",""
"61328002","LE PIN-AU-HARAS -INRAE",48.735833,0.128167,176,2002082014,0.,1,"","","","","","","","","","","","","","","","","","","","","","","","","","","","","","","","","","",18.1,1,"","","","","","","","","","","","","","","","","","","","","","","","","","","","",74,1,"","","","","","","","","","","","","","","","","","","","","","","","","","","","","","","","","","","","","","","","","","","","","","","","","","","","","","","","","","","","","","","","","","","","","","","","","","","","","","","","","","","","","","","","","","","","","","","","","","",62,1,"","","","","","","","","","","","","","","","","","","","","","","","","","","","","",""
"61328002","LE PIN-AU-HARAS -INRAE",48.735833,0.128167,176,2002082015,0.,1,"","","","","","","","","","","","","","","","","","","","","","","","","","","","","","","","","","",17.8,1,"","","","","","","","","","","","","","","","","","","","","","","","","","","","",70,1,"","","","","","","","","","","","","","","","","","","","","","","","","","","","","","","","","","","","","","","","","","","","","","","","","","","","","","","","","","","","","","","","","","","","","","","","","","","","","","","","","","","","","","","","","","","","","","","","","","",94,1,"","","","","","","","","","","","","","","","","","","","","","","","","","","","","",""
"61328002","LE PIN-AU-HARAS -INRAE",48.735833,0.128167,176,2002082016,0.,1,"","","","","","","","","","","","","","","","","","","","","","","","","","","","","","","","","","",18.2,1,"","","","","","","","","","","","","","","","","","","","","","","","","","","","",67,1,"","","","","","","","","","","","","","","","","","","","","","","","","","","","","","","","","","","","","","","","","","","","","","","","","","","","","","","","","","","","","","","","","","","","","","","","","","","","","","","","","","","","","","","","","","","","","","","","","","",78,1,"","","","","","","","","","","","","","","","","","","","","","","","","","","","","",""
"61328002","LE PIN-AU-HARAS -INRAE",48.735833,0.128167,176,2002082017,0.,1,"","","","","","","","","","","","","","","","","","","","","","","","","","","","","","","","","","",19.,1,"","","","","","","","","","","","","","","","","","","","","","","","","","","","",69,1,"","","","","","","","","","","","","","","","","","","","","","","","","","","","","","","","","","","","","","","","","","","","","","","","","","","","","","","","","","","","","","","","","","","","","","","","","","","","","","","","","","","","","","","","","","","","","","","","","","",58,1,"","","","","","","","","","","","","","","","","","","","","","","","","","","","","",""
"61328002","LE PIN-AU-HARAS -INRAE",48.735833,0.128167,176,2002082018,0.,1,"","","","","","","","","","","","","","","","","","","","","","","","","","","","","","","","","","",17.7,1,"","","","","","","","","","","","","","","","","","","","","","","","","","","","",70,1,"","","","","","","","","","","","","","","","","","","","","","","","","","","","","","","","","","","","","","","","","","","","","","","","","","","","","","","","","","","","","","","","","","","","","","","","","","","","","","","","","","","","","","","","","","","","","","","","","","",78,1,"","","","","","","","","","","","","","","","","","","","","","","","","","","","","",""
"61328002","LE PIN-AU-HARAS -INRAE",48.735833,0.128167,176,2002082019,0.,1,"","","","","","","","","","","","","","","","","","","","","","","","","","","","","","","","","","",15.9,1,"","","","","","","","","","","","","","","","","","","","","","","","","","","","",80,1,"","","","","","","","","","","","","","","","","","","","","","","","","","","","","","","","","","","","","","","","","","","","","","","","","","","","","","","","","","","","","","","","","","","","","","","","","","","","","","","","","","","","","","","","","","","","","","","","","","",8,1,"","","","","","","","","","","","","","","","","","","","","","","","","","","","","",""
"61328002","LE PIN-AU-HARAS -INRAE",48.735833,0.128167,176,2002082020,0.,1,"","","","","","","","","","","","","","","","","","","","","","","","","","","","","","","","","","",13.8,1,"","","","","","","","","","","","","","","","","","","","","","","","","","","","",85,1,"","","","","","","","","","","","","","","","","","","","","","","","","","","","","","","","","","","","","","","","","","","","","","","","","","","","","","","","","","","","","","","","","","","","","","","","","","","","","","","","","","","","","","","","","","","","","","","","","","",0,1,"","","","","","","","","","","","","","","","","","","","","","","","","","","","","",""
"61328002","LE PIN-AU-HARAS -INRAE",48.735833,0.128167,176,2002082021,0.,1,"","","","","","","","","","","","","","","","","","","","","","","","","","","","","","","","","","",13.1,1,"","","","","","","","","","","","","","","","","","","","","","","","","","","","",90,1,"","","","","","","","","","","","","","","","","","","","","","","","","","","","","","","","","","","","","","","","","","","","","","","","","","","","","","","","","","","","","","","","","","","","","","","","","","","","","","","","","","","","","","","","","","","","","","","","","","",0,1,"","","","","","","","","","","","","","","","","","","","","","","","","","","","","",""
"61328002","LE PIN-AU-HARAS -INRAE",48.735833,0.128167,176,2002082022,0.,1,"","","","","","","","","","","","","","","","","","","","","","","","","","","","","","","","","","",11.9,1,"","","","","","","","","","","","","","","","","","","","","","","","","","","","",92,1,"","","","","","","","","","","","","","","","","","","","","","","","","","","","","","","","","","","","","","","","","","","","","","","","","","","","","","","","","","","","","","","","","","","","","","","","","","","","","","","","","","","","","","","","","","","","","","","","","","",0,1,"","","","","","","","","","","","","","","","","","","","","","","","","","","","","",""
"61328002","LE PIN-AU-HARAS -INRAE",48.735833,0.128167,176,2002082023,0.,1,"","","","","","","","","","","","","","","","","","","","","","","","","","","","","","","","","","",10.1,1,"","","","","","","","","","","","","","","","","","","","","","","","","","","","",95,1,"","","","","","","","","","","","","","","","","","","","","","","","","","","","","","","","","","","","","","","","","","","","","","","","","","","","","","","","","","","","","","","","","","","","","","","","","","","","","","","","","","","","","","","","","","","","","","","","","","",0,1,"","","","","","","","","","","","","","","","","","","","","","","","","","","","","",""
"61328002","LE PIN-AU-HARAS -INRAE",48.735833,0.128167,176,2002082100,0.,1,"","","","","","","","","","","","","","","","","","","","","","","","","","","","","","","","","","",9.4,1,"","","","","","","","","","","","","","","","","","","","","","","","","","","","",98,1,"","","","","","","","","","","","","","","","","","","","","","","","","","","","","","","","","","","","","","","","","","","","","","","","","","","","","","","","","","","","","","","","","","","","","","","","","","","","","","","","","","","","","","","","","","","","","","","","","","",0,1,"","","","","","","","","","","","","","","","","","","","","","","","","","","","","",""
"61328002","LE PIN-AU-HARAS -INRAE",48.735833,0.128167,176,2002082101,0.,1,"","","","","","","","","","","","","","","","","","","","","","","","","","","","","","","","","","",9.2,1,"","","","","","","","","","","","","","","","","","","","","","","","","","","","",99,1,"","","","","","","","","","","","","","","","","","","","","","","","","","","","","","","","","","","","","","","","","","","","","","","","","","","","","","","","","","","","","","","","","","","","","","","","","","","","","","","","","","","","","","","","","","","","","","","","","","",0,1,"","","","","","","","","","","","","","","","","","","","","","","","","","","","","",""
"61328002","LE PIN-AU-HARAS -INRAE",48.735833,0.128167,176,2002082102,0.,1,"","","","","","","","","","","","","","","","","","","","","","","","","","","","","","","","","","",8.4,1,"","","","","","","","","","","","","","","","","","","","","","","","","","","","",100,1,"","","","","","","","","","","","","","","","","","","","","","","","","","","","","","","","","","","","","","","","","","","","","","","","","","","","","","","","","","","","","","","","","","","","","","","","","","","","","","","","","","","","","","","","","","","","","","","","","","",0,1,"","","","","","","","","","","","","","","","","","","","","","","","","","","","","",""
"61328002","LE PIN-AU-HARAS -INRAE",48.735833,0.128167,176,2002082103,0.,1,"","","","","","","","","","","","","","","","","","","","","","","","","","","","","","","","","","",8.2,1,"","","","","","","","","","","","","","","","","","","","","","","","","","","","",100,1,"","","","","","","","","","","","","","","","","","","","","","","","","","","","","","","","","","","","","","","","","","","","","","","","","","","","","","","","","","","","","","","","","","","","","","","","","","","","","","","","","","","","","","","","","","","","","","","","","","",0,1,"","","","","","","","","","","","","","","","","","","","","","","","","","","","","",""
"61328002","LE PIN-AU-HARAS -INRAE",48.735833,0.128167,176,2002082104,0.,1,"","","","","","","","","","","","","","","","","","","","","","","","","","","","","","","","","","",12.4,1,"","","","","","","","","","","","","","","","","","","","","","","","","","","","",100,1,"","","","","","","","","","","","","","","","","","","","","","","","","","","","","","","","","","","","","","","","","","","","","","","","","","","","","","","","","","","","","","","","","","","","","","","","","","","","","","","","","","","","","","","","","","","","","","","","","","",0,1,"","","","","","","","","","","","","","","","","","","","","","","","","","","","","",""
"61328002","LE PIN-AU-HARAS -INRAE",48.735833,0.128167,176,2002082105,0.,1,"","","","","","","","","","","","","","","","","","","","","","","","","","","","","","","","","","",12.8,1,"","","","","","","","","","","","","","","","","","","","","","","","","","","","",100,1,"","","","","","","","","","","","","","","","","","","","","","","","","","","","","","","","","","","","","","","","","","","","","","","","","","","","","","","","","","","","","","","","","","","","","","","","","","","","","","","","","","","","","","","","","","","","","","","","","","",0,1,"","","","","","","","","","","","","","","","","","","","","","","","","","","","","",""
"61328002","LE PIN-AU-HARAS -INRAE",48.735833,0.128167,176,2002082106,0.,1,"","","","","","","","","","","","","","","","","","","","","","","","","","","","","","","","","","",13.3,1,"","","","","","","","","","","","","","","","","","","","","","","","","","","","",100,1,"","","","","","","","","","","","","","","","","","","","","","","","","","","","","","","","","","","","","","","","","","","","","","","","","","","","","","","","","","","","","","","","","","","","","","","","","","","","","","","","","","","","","","","","","","","","","","","","","","",6,1,"","","","","","","","","","","","","","","","","","","","","","","","","","","","","",""
"61328002","LE PIN-AU-HARAS -INRAE",48.735833,0.128167,176,2002082107,0.,1,"","","","","","","","","","","","","","","","","","","","","","","","","","","","","","","","","","",14.,1,"","","","","","","","","","","","","","","","","","","","","","","","","","","","",100,1,"","","","","","","","","","","","","","","","","","","","","","","","","","","","","","","","","","","","","","","","","","","","","","","","","","","","","","","","","","","","","","","","","","","","","","","","","","","","","","","","","","","","","","","","","","","","","","","","","","",28,1,"","","","","","","","","","","","","","","","","","","","","","","","","","","","","",""
"61328002","LE PIN-AU-HARAS -INRAE",48.735833,0.128167,176,2002082108,0.,1,"","","","","","","","","","","","","","","","","","","","","","","","","","","","","","","","","","",15.7,1,"","","","","","","","","","","","","","","","","","","","","","","","","","","","",100,1,"","","","","","","","","","","","","","","","","","","","","","","","","","","","","","","","","","","","","","","","","","","","","","","","","","","","","","","","","","","","","","","","","","","","","","","","","","","","","","","","","","","","","","","","","","","","","","","","","","",58,1,"","","","","","","","","","","","","","","","","","","","","","","","","","","","","",""
"61328002","LE PIN-AU-HARAS -INRAE",48.735833,0.128167,176,2002082109,0.,1,"","","","","","","","","","","","","","","","","","","","","","","","","","","","","","","","","","",16.6,1,"","","","","","","","","","","","","","","","","","","","","","","","","","","","",87,1,"","","","","","","","","","","","","","","","","","","","","","","","","","","","","","","","","","","","","","","","","","","","","","","","","","","","","","","","","","","","","","","","","","","","","","","","","","","","","","","","","","","","","","","","","","","","","","","","","","",96,1,"","","","","","","","","","","","","","","","","","","","","","","","","","","","","",""
"61328002","LE PIN-AU-HARAS -INRAE",48.735833,0.128167,176,2002082110,0.,1,"","","","","","","","","","","","","","","","","","","","","","","","","","","","","","","","","","",18.7,1,"","","","","","","","","","","","","","","","","","","","","","","","","","","","",75,1,"","","","","","","","","","","","","","","","","","","","","","","","","","","","","","","","","","","","","","","","","","","","","","","","","","","","","","","","","","","","","","","","","","","","","","","","","","","","","","","","","","","","","","","","","","","","","","","","","","",144,1,"","","","","","","","","","","","","","","","","","","","","","","","","","","","","",""
"61328002","LE PIN-AU-HARAS -INRAE",48.735833,0.128167,176,2002082111,0.,1,"","","","","","","","","","","","","","","","","","","","","","","","","","","","","","","","","","",19.8,1,"","","","","","","","","","","","","","","","","","","","","","","","","","","","",65,1,"","","","","","","","","","","","","","","","","","","","","","","","","","","","","","","","","","","","","","","","","","","","","","","","","","","","","","","","","","","","","","","","","","","","","","","","","","","","","","","","","","","","","","","","","","","","","","","","","","",240,1,"","","","","","","","","","","","","","","","","","","","","","","","","","","","","",""
"61328002","LE PIN-AU-HARAS -INRAE",48.735833,0.128167,176,2002082112,0.,1,"","","","","","","","","","","","","","","","","","","","","","","","","","","","","","","","","","",21.3,1,"","","","","","","","","","","","","","","","","","","","","","","","","","","","",58,1,"","","","","","","","","","","","","","","","","","","","","","","","","","","","","","","","","","","","","","","","","","","","","","","","","","","","","","","","","","","","","","","","","","","","","","","","","","","","","","","","","","","","","","","","","","","","","","","","","","",268,1,"","","","","","","","","","","","","","","","","","","","","","","","","","","","","",""
"61328002","LE PIN-AU-HARAS -INRAE",48.735833,0.128167,176,2002082113,0.,1,"","","","","","","","","","","","","","","","","","","","","","","","","","","","","","","","","","",21.1,1,"","","","","","","","","","","","","","","","","","","","","","","","","","","","",60,1,"","","","","","","","","","","","","","","","","","","","","","","","","","","","","","","","","","","","","","","","","","","","","","","","","","","","","","","","","","","","","","","","","","","","","","","","","","","","","","","","","","","","","","","","","","","","","","","","","","",240,1,"","","","","","","","","","","","","","","","","","","","","","","","","","","","","",""
"61328002","LE PIN-AU-HARAS -INRAE",48.735833,0.128167,176,2002082114,0.,1,"","","","","","","","","","","","","","","","","","","","","","","","","","","","","","","","","","",21.5,1,"","","","","","","","","","","","","","","","","","","","","","","","","","","","",62,1,"","","","","","","","","","","","","","","","","","","","","","","","","","","","","","","","","","","","","","","","","","","","","","","","","","","","","","","","","","","","","","","","","","","","","","","","","","","","","","","","","","","","","","","","","","","","","","","","","","",156,1,"","","","","","","","","","","","","","","","","","","","","","","","","","","","","",""
"61328002","LE PIN-AU-HARAS -INRAE",48.735833,0.128167,176,2002082115,0.,1,"","","","","","","","","","","","","","","","","","","","","","","","","","","","","","","","","","",20.6,1,"","","","","","","","","","","","","","","","","","","","","","","","","","","","",64,1,"","","","","","","","","","","","","","","","","","","","","","","","","","","","","","","","","","","","","","","","","","","","","","","","","","","","","","","","","","","","","","","","","","","","","","","","","","","","","","","","","","","","","","","","","","","","","","","","","","",190,1,"","","","","","","","","","","","","","","","","","","","","","","","","","","","","",""
"61328002","LE PIN-AU-HARAS -INRAE",48.735833,0.128167,176,2002082116,0.,1,"","","","","","","","","","","","","","","","","","","","","","","","","","","","","","","","","","",20.,1,"","","","","","","","","","","","","","","","","","","","","","","","","","","","",64,1,"","","","","","","","","","","","","","","","","","","","","","","","","","","","","","","","","","","","","","","","","","","","","","","","","","","","","","","","","","","","","","","","","","","","","","","","","","","","","","","","","","","","","","","","","","","","","","","","","","",130,1,"","","","","","","","","","","","","","","","","","","","","","","","","","","","","",""
"61328002","LE PIN-AU-HARAS -INRAE",48.735833,0.128167,176,2002082117,0.,1,"","","","","","","","","","","","","","","","","","","","","","","","","","","","","","","","","","",19.6,1,"","","","","","","","","","","","","","","","","","","","","","","","","","","","",70,1,"","","","","","","","","","","","","","","","","","","","","","","","","","","","","","","","","","","","","","","","","","","","","","","","","","","","","","","","","","","","","","","","","","","","","","","","","","","","","","","","","","","","","","","","","","","","","","","","","","",104,1,"","","","","","","","","","","","","","","","","","","","","","","","","","","","","",""
"61328002","LE PIN-AU-HARAS -INRAE",48.735833,0.128167,176,2002082118,0.,1,"","","","","","","","","","","","","","","","","","","","","","","","","","","","","","","","","","",18.8,1,"","","","","","","","","","","","","","","","","","","","","","","","","","","","",71,1,"","","","","","","","","","","","","","","","","","","","","","","","","","","","","","","","","","","","","","","","","","","","","","","","","","","","","","","","","","","","","","","","","","","","","","","","","","","","","","","","","","","","","","","","","","","","","","","","","","",34,1,"","","","","","","","","","","","","","","","","","","","","","","","","","","","","",""
"61328002","LE PIN-AU-HARAS -INRAE",48.735833,0.128167,176,2002082119,0.,1,"","","","","","","","","","","","","","","","","","","","","","","","","","","","","","","","","","",16.7,1,"","","","","","","","","","","","","","","","","","","","","","","","","","","","",79,1,"","","","","","","","","","","","","","","","","","","","","","","","","","","","","","","","","","","","","","","","","","","","","","","","","","","","","","","","","","","","","","","","","","","","","","","","","","","","","","","","","","","","","","","","","","","","","","","","","","",4,1,"","","","","","","","","","","","","","","","","","","","","","","","","","","","","",""
"61328002","LE PIN-AU-HARAS -INRAE",48.735833,0.128167,176,2002082120,0.,1,"","","","","","","","","","","","","","","","","","","","","","","","","","","","","","","","","","",14.5,1,"","","","","","","","","","","","","","","","","","","","","","","","","","","","",87,1,"","","","","","","","","","","","","","","","","","","","","","","","","","","","","","","","","","","","","","","","","","","","","","","","","","","","","","","","","","","","","","","","","","","","","","","","","","","","","","","","","","","","","","","","","","","","","","","","","","",0,1,"","","","","","","","","","","","","","","","","","","","","","","","","","","","","",""
"61328002","LE PIN-AU-HARAS -INRAE",48.735833,0.128167,176,2002082121,0.,1,"","","","","","","","","","","","","","","","","","","","","","","","","","","","","","","","","","",12.5,1,"","","","","","","","","","","","","","","","","","","","","","","","","","","","",92,1,"","","","","","","","","","","","","","","","","","","","","","","","","","","","","","","","","","","","","","","","","","","","","","","","","","","","","","","","","","","","","","","","","","","","","","","","","","","","","","","","","","","","","","","","","","","","","","","","","","",0,1,"","","","","","","","","","","","","","","","","","","","","","","","","","","","","",""
"61328002","LE PIN-AU-HARAS -INRAE",48.735833,0.128167,176,2002082122,0.,1,"","","","","","","","","","","","","","","","","","","","","","","","","","","","","","","","","","",11.4,1,"","","","","","","","","","","","","","","","","","","","","","","","","","","","",96,1,"","","","","","","","","","","","","","","","","","","","","","","","","","","","","","","","","","","","","","","","","","","","","","","","","","","","","","","","","","","","","","","","","","","","","","","","","","","","","","","","","","","","","","","","","","","","","","","","","","",0,1,"","","","","","","","","","","","","","","","","","","","","","","","","","","","","",""
"61328002","LE PIN-AU-HARAS -INRAE",48.735833,0.128167,176,2002082123,0.,1,"","","","","","","","","","","","","","","","","","","","","","","","","","","","","","","","","","",11.,1,"","","","","","","","","","","","","","","","","","","","","","","","","","","","",98,1,"","","","","","","","","","","","","","","","","","","","","","","","","","","","","","","","","","","","","","","","","","","","","","","","","","","","","","","","","","","","","","","","","","","","","","","","","","","","","","","","","","","","","","","","","","","","","","","","","","",0,1,"","","","","","","","","","","","","","","","","","","","","","","","","","","","","",""
"61328002","LE PIN-AU-HARAS -INRAE",48.735833,0.128167,176,2002082200,0.,1,"","","","","","","","","","","","","","","","","","","","","","","","","","","","","","","","","","",9.8,1,"","","","","","","","","","","","","","","","","","","","","","","","","","","","",99,1,"","","","","","","","","","","","","","","","","","","","","","","","","","","","","","","","","","","","","","","","","","","","","","","","","","","","","","","","","","","","","","","","","","","","","","","","","","","","","","","","","","","","","","","","","","","","","","","","","","",0,1,"","","","","","","","","","","","","","","","","","","","","","","","","","","","","",""
"61328002","LE PIN-AU-HARAS -INRAE",48.735833,0.128167,176,2002082201,0.,1,"","","","","","","","","","","","","","","","","","","","","","","","","","","","","","","","","","",9.7,1,"","","","","","","","","","","","","","","","","","","","","","","","","","","","",100,1,"","","","","","","","","","","","","","","","","","","","","","","","","","","","","","","","","","","","","","","","","","","","","","","","","","","","","","","","","","","","","","","","","","","","","","","","","","","","","","","","","","","","","","","","","","","","","","","","","","",0,1,"","","","","","","","","","","","","","","","","","","","","","","","","","","","","",""
"61328002","LE PIN-AU-HARAS -INRAE",48.735833,0.128167,176,2002082202,0.,1,"","","","","","","","","","","","","","","","","","","","","","","","","","","","","","","","","","",10.,1,"","","","","","","","","","","","","","","","","","","","","","","","","","","","",100,1,"","","","","","","","","","","","","","","","","","","","","","","","","","","","","","","","","","","","","","","","","","","","","","","","","","","","","","","","","","","","","","","","","","","","","","","","","","","","","","","","","","","","","","","","","","","","","","","","","","",0,1,"","","","","","","","","","","","","","","","","","","","","","","","","","","","","",""
"61328002","LE PIN-AU-HARAS -INRAE",48.735833,0.128167,176,2002082203,0.,1,"","","","","","","","","","","","","","","","","","","","","","","","","","","","","","","","","","",9.4,1,"","","","","","","","","","","","","","","","","","","","","","","","","","","","",100,1,"","","","","","","","","","","","","","","","","","","","","","","","","","","","","","","","","","","","","","","","","","","","","","","","","","","","","","","","","","","","","","","","","","","","","","","","","","","","","","","","","","","","","","","","","","","","","","","","","","",0,1,"","","","","","","","","","","","","","","","","","","","","","","","","","","","","",""
"61328002","LE PIN-AU-HARAS -INRAE",48.735833,0.128167,176,2002082204,0.,1,"","","","","","","","","","","","","","","","","","","","","","","","","","","","","","","","","","",9.8,1,"","","","","","","","","","","","","","","","","","","","","","","","","","","","",100,1,"","","","","","","","","","","","","","","","","","","","","","","","","","","","","","","","","","","","","","","","","","","","","","","","","","","","","","","","","","","","","","","","","","","","","","","","","","","","","","","","","","","","","","","","","","","","","","","","","","",0,1,"","","","","","","","","","","","","","","","","","","","","","","","","","","","","",""
"61328002","LE PIN-AU-HARAS -INRAE",48.735833,0.128167,176,2002082205,0.,1,"","","","","","","","","","","","","","","","","","","","","","","","","","","","","","","","","","",9.4,1,"","","","","","","","","","","","","","","","","","","","","","","","","","","","",100,1,"","","","","","","","","","","","","","","","","","","","","","","","","","","","","","","","","","","","","","","","","","","","","","","","","","","","","","","","","","","","","","","","","","","","","","","","","","","","","","","","","","","","","","","","","","","","","","","","","","",0,1,"","","","","","","","","","","","","","","","","","","","","","","","","","","","","",""
"61328002","LE PIN-AU-HARAS -INRAE",48.735833,0.128167,176,2002082206,0.,1,"","","","","","","","","","","","","","","","","","","","","","","","","","","","","","","","","","",9.8,1,"","","","","","","","","","","","","","","","","","","","","","","","","","","","",100,1,"","","","","","","","","","","","","","","","","","","","","","","","","","","","","","","","","","","","","","","","","","","","","","","","","","","","","","","","","","","","","","","","","","","","","","","","","","","","","","","","","","","","","","","","","","","","","","","","","","",10,1,"","","","","","","","","","","","","","","","","","","","","","","","","","","","","",""
"61328002","LE PIN-AU-HARAS -INRAE",48.735833,0.128167,176,2002082207,0.,1,"","","","","","","","","","","","","","","","","","","","","","","","","","","","","","","","","","",13.1,1,"","","","","","","","","","","","","","","","","","","","","","","","","","","","",100,1,"","","","","","","","","","","","","","","","","","","","","","","","","","","","","","","","","","","","","","","","","","","","","","","","","","","","","","","","","","","","","","","","","","","","","","","","","","","","","","","","","","","","","","","","","","","","","","","","","","",48,1,"","","","","","","","","","","","","","","","","","","","","","","","","","","","","",""
"61328002","LE PIN-AU-HARAS -INRAE",48.735833,0.128167,176,2002082208,0.,1,"","","","","","","","","","","","","","","","","","","","","","","","","","","","","","","","","","",15.1,1,"","","","","","","","","","","","","","","","","","","","","","","","","","","","",100,1,"","","","","","","","","","","","","","","","","","","","","","","","","","","","","","","","","","","","","","","","","","","","","","","","","","","","","","","","","","","","","","","","","","","","","","","","","","","","","","","","","","","","","","","","","","","","","","","","","","",68,1,"","","","","","","","","","","","","","","","","","","","","","","","","","","","","",""
"61328002","LE PIN-AU-HARAS -INRAE",48.735833,0.128167,176,2002082209,0.,1,"","","","","","","","","","","","","","","","","","","","","","","","","","","","","","","","","","",18.9,1,"","","","","","","","","","","","","","","","","","","","","","","","","","","","",80,1,"","","","","","","","","","","","","","","","","","","","","","","","","","","","","","","","","","","","","","","","","","","","","","","","","","","","","","","","","","","","","","","","","","","","","","","","","","","","","","","","","","","","","","","","","","","","","","","","","","",124,1,"","","","","","","","","","","","","","","","","","","","","","","","","","","","","",""
"61328002","LE PIN-AU-HARAS -INRAE",48.735833,0.128167,176,2002082210,0.,1,"","","","","","","","","","","","","","","","","","","","","","","","","","","","","","","","","","",20.5,1,"","","","","","","","","","","","","","","","","","","","","","","","","","","","",56,1,"","","","","","","","","","","","","","","","","","","","","","","","","","","","","","","","","","","","","","","","","","","","","","","","","","","","","","","","","","","","","","","","","","","","","","","","","","","","","","","","","","","","","","","","","","","","","","","","","","",216,1,"","","","","","","","","","","","","","","","","","","","","","","","","","","","","",""
"61328002","LE PIN-AU-HARAS -INRAE",48.735833,0.128167,176,2002082211,0.,1,"","","","","","","","","","","","","","","","","","","","","","","","","","","","","","","","","","",21.6,1,"","","","","","","","","","","","","","","","","","","","","","","","","","","","",53,1,"","","","","","","","","","","","","","","","","","","","","","","","","","","","","","","","","","","","","","","","","","","","","","","","","","","","","","","","","","","","","","","","","","","","","","","","","","","","","","","","","","","","","","","","","","","","","","","","","","",274,1,"","","","","","","","","","","","","","","","","","","","","","","","","","","","","",""
"61328002","LE PIN-AU-HARAS -INRAE",48.735833,0.128167,176,2002082212,0.,1,"","","","","","","","","","","","","","","","","","","","","","","","","","","","","","","","","","",21.2,1,"","","","","","","","","","","","","","","","","","","","","","","","","","","","",52,1,"","","","","","","","","","","","","","","","","","","","","","","","","","","","","","","","","","","","","","","","","","","","","","","","","","","","","","","","","","","","","","","","","","","","","","","","","","","","","","","","","","","","","","","","","","","","","","","","","","",258,1,"","","","","","","","","","","","","","","","","","","","","","","","","","","","","",""
"61328002","LE PIN-AU-HARAS -INRAE",48.735833,0.128167,176,2002082213,0.,1,"","","","","","","","","","","","","","","","","","","","","","","","","","","","","","","","","","",20.2,1,"","","","","","","","","","","","","","","","","","","","","","","","","","","","",54,1,"","","","","","","","","","","","","","","","","","","","","","","","","","","","","","","","","","","","","","","","","","","","","","","","","","","","","","","","","","","","","","","","","","","","","","","","","","","","","","","","","","","","","","","","","","","","","","","","","","",168,1,"","","","","","","","","","","","","","","","","","","","","","","","","","","","","",""
"61328002","LE PIN-AU-HARAS -INRAE",48.735833,0.128167,176,2002082214,0.,1,"","","","","","","","","","","","","","","","","","","","","","","","","","","","","","","","","","",22.1,1,"","","","","","","","","","","","","","","","","","","","","","","","","","","","",54,1,"","","","","","","","","","","","","","","","","","","","","","","","","","","","","","","","","","","","","","","","","","","","","","","","","","","","","","","","","","","","","","","","","","","","","","","","","","","","","","","","","","","","","","","","","","","","","","","","","","",180,1,"","","","","","","","","","","","","","","","","","","","","","","","","","","","","",""
"61328002","LE PIN-AU-HARAS -INRAE",48.735833,0.128167,176,2002082215,0.,1,"","","","","","","","","","","","","","","","","","","","","","","","","","","","","","","","","","",20.9,1,"","","","","","","","","","","","","","","","","","","","","","","","","","","","",55,1,"","","","","","","","","","","","","","","","","","","","","","","","","","","","","","","","","","","","","","","","","","","","","","","","","","","","","","","","","","","","","","","","","","","","","","","","","","","","","","","","","","","","","","","","","","","","","","","","","","",162,1,"","","","","","","","","","","","","","","","","","","","","","","","","","","","","",""
"61328002","LE PIN-AU-HARAS -INRAE",48.735833,0.128167,176,2002082216,0.,1,"","","","","","","","","","","","","","","","","","","","","","","","","","","","","","","","","","",21.9,1,"","","","","","","","","","","","","","","","","","","","","","","","","","","","",42,1,"","","","","","","","","","","","","","","","","","","","","","","","","","","","","","","","","","","","","","","","","","","","","","","","","","","","","","","","","","","","","","","","","","","","","","","","","","","","","","","","","","","","","","","","","","","","","","","","","","",176,1,"","","","","","","","","","","","","","","","","","","","","","","","","","","","","",""
"61328002","LE PIN-AU-HARAS -INRAE",48.735833,0.128167,176,2002082217,0.,1,"","","","","","","","","","","","","","","","","","","","","","","","","","","","","","","","","","",20.6,1,"","","","","","","","","","","","","","","","","","","","","","","","","","","","",54,1,"","","","","","","","","","","","","","","","","","","","","","","","","","","","","","","","","","","","","","","","","","","","","","","","","","","","","","","","","","","","","","","","","","","","","","","","","","","","","","","","","","","","","","","","","","","","","","","","","","",118,1,"","","","","","","","","","","","","","","","","","","","","","","","","","","","","",""
"61328002","LE PIN-AU-HARAS -INRAE",48.735833,0.128167,176,2002082218,0.,1,"","","","","","","","","","","","","","","","","","","","","","","","","","","","","","","","","","",19.1,1,"","","","","","","","","","","","","","","","","","","","","","","","","","","","",62,1,"","","","","","","","","","","","","","","","","","","","","","","","","","","","","","","","","","","","","","","","","","","","","","","","","","","","","","","","","","","","","","","","","","","","","","","","","","","","","","","","","","","","","","","","","","","","","","","","","","",12,1,"","","","","","","","","","","","","","","","","","","","","","","","","","","","","",""
"61328002","LE PIN-AU-HARAS -INRAE",48.735833,0.128167,176,2002082219,0.,1,"","","","","","","","","","","","","","","","","","","","","","","","","","","","","","","","","","",17.9,1,"","","","","","","","","","","","","","","","","","","","","","","","","","","","",66,1,"","","","","","","","","","","","","","","","","","","","","","","","","","","","","","","","","","","","","","","","","","","","","","","","","","","","","","","","","","","","","","","","","","","","","","","","","","","","","","","","","","","","","","","","","","","","","","","","","","",8,1,"","","","","","","","","","","","","","","","","","","","","","","","","","","","","",""
"61328002","LE PIN-AU-HARAS -INRAE",48.735833,0.128167,176,2002082220,0.,1,"","","","","","","","","","","","","","","","","","","","","","","","","","","","","","","","","","",13.8,1,"","","","","","","","","","","","","","","","","","","","","","","","","","","","",89,1,"","","","","","","","","","","","","","","","","","","","","","","","","","","","","","","","","","","","","","","","","","","","","","","","","","","","","","","","","","","","","","","","","","","","","","","","","","","","","","","","","","","","","","","","","","","","","","","","","","",0,1,"","","","","","","","","","","","","","","","","","","","","","","","","","","","","",""
"61328002","LE PIN-AU-HARAS -INRAE",48.735833,0.128167,176,2002082221,0.,1,"","","","","","","","","","","","","","","","","","","","","","","","","","","","","","","","","","",14.7,1,"","","","","","","","","","","","","","","","","","","","","","","","","","","","",93,1,"","","","","","","","","","","","","","","","","","","","","","","","","","","","","","","","","","","","","","","","","","","","","","","","","","","","","","","","","","","","","","","","","","","","","","","","","","","","","","","","","","","","","","","","","","","","","","","","","","",0,1,"","","","","","","","","","","","","","","","","","","","","","","","","","","","","",""
"61328002","LE PIN-AU-HARAS -INRAE",48.735833,0.128167,176,2002082222,0.,1,"","","","","","","","","","","","","","","","","","","","","","","","","","","","","","","","","","",15.4,1,"","","","","","","","","","","","","","","","","","","","","","","","","","","","",75,1,"","","","","","","","","","","","","","","","","","","","","","","","","","","","","","","","","","","","","","","","","","","","","","","","","","","","","","","","","","","","","","","","","","","","","","","","","","","","","","","","","","","","","","","","","","","","","","","","","","",0,1,"","","","","","","","","","","","","","","","","","","","","","","","","","","","","",""
"61328002","LE PIN-AU-HARAS -INRAE",48.735833,0.128167,176,2002082223,0.,1,"","","","","","","","","","","","","","","","","","","","","","","","","","","","","","","","","","",12.7,1,"","","","","","","","","","","","","","","","","","","","","","","","","","","","",85,1,"","","","","","","","","","","","","","","","","","","","","","","","","","","","","","","","","","","","","","","","","","","","","","","","","","","","","","","","","","","","","","","","","","","","","","","","","","","","","","","","","","","","","","","","","","","","","","","","","","",0,1,"","","","","","","","","","","","","","","","","","","","","","","","","","","","","",""
"61328002","LE PIN-AU-HARAS -INRAE",48.735833,0.128167,176,2002082300,0.,1,"","","","","","","","","","","","","","","","","","","","","","","","","","","","","","","","","","",11.1,1,"","","","","","","","","","","","","","","","","","","","","","","","","","","","",94,1,"","","","","","","","","","","","","","","","","","","","","","","","","","","","","","","","","","","","","","","","","","","","","","","","","","","","","","","","","","","","","","","","","","","","","","","","","","","","","","","","","","","","","","","","","","","","","","","","","","",0,1,"","","","","","","","","","","","","","","","","","","","","","","","","","","","","",""
"61328002","LE PIN-AU-HARAS -INRAE",48.735833,0.128167,176,2002082301,0.,1,"","","","","","","","","","","","","","","","","","","","","","","","","","","","","","","","","","",10.,1,"","","","","","","","","","","","","","","","","","","","","","","","","","","","",97,1,"","","","","","","","","","","","","","","","","","","","","","","","","","","","","","","","","","","","","","","","","","","","","","","","","","","","","","","","","","","","","","","","","","","","","","","","","","","","","","","","","","","","","","","","","","","","","","","","","","",0,1,"","","","","","","","","","","","","","","","","","","","","","","","","","","","","",""
"61328002","LE PIN-AU-HARAS -INRAE",48.735833,0.128167,176,2002082302,0.,1,"","","","","","","","","","","","","","","","","","","","","","","","","","","","","","","","","","",9.3,1,"","","","","","","","","","","","","","","","","","","","","","","","","","","","",99,1,"","","","","","","","","","","","","","","","","","","","","","","","","","","","","","","","","","","","","","","","","","","","","","","","","","","","","","","","","","","","","","","","","","","","","","","","","","","","","","","","","","","","","","","","","","","","","","","","","","",0,1,"","","","","","","","","","","","","","","","","","","","","","","","","","","","","",""
"61328002","LE PIN-AU-HARAS -INRAE",48.735833,0.128167,176,2002082303,0.,1,"","","","","","","","","","","","","","","","","","","","","","","","","","","","","","","","","","",8.1,1,"","","","","","","","","","","","","","","","","","","","","","","","","","","","",99,1,"","","","","","","","","","","","","","","","","","","","","","","","","","","","","","","","","","","","","","","","","","","","","","","","","","","","","","","","","","","","","","","","","","","","","","","","","","","","","","","","","","","","","","","","","","","","","","","","","","",0,1,"","","","","","","","","","","","","","","","","","","","","","","","","","","","","",""
"61328002","LE PIN-AU-HARAS -INRAE",48.735833,0.128167,176,2002082304,0.,1,"","","","","","","","","","","","","","","","","","","","","","","","","","","","","","","","","","",7.3,1,"","","","","","","","","","","","","","","","","","","","","","","","","","","","",100,1,"","","","","","","","","","","","","","","","","","","","","","","","","","","","","","","","","","","","","","","","","","","","","","","","","","","","","","","","","","","","","","","","","","","","","","","","","","","","","","","","","","","","","","","","","","","","","","","","","","",0,1,"","","","","","","","","","","","","","","","","","","","","","","","","","","","","",""
"61328002","LE PIN-AU-HARAS -INRAE",48.735833,0.128167,176,2002082305,0.,1,"","","","","","","","","","","","","","","","","","","","","","","","","","","","","","","","","","",7.1,1,"","","","","","","","","","","","","","","","","","","","","","","","","","","","",100,1,"","","","","","","","","","","","","","","","","","","","","","","","","","","","","","","","","","","","","","","","","","","","","","","","","","","","","","","","","","","","","","","","","","","","","","","","","","","","","","","","","","","","","","","","","","","","","","","","","","",0,1,"","","","","","","","","","","","","","","","","","","","","","","","","","","","","",""
"61328002","LE PIN-AU-HARAS -INRAE",48.735833,0.128167,176,2002082306,0.,1,"","","","","","","","","","","","","","","","","","","","","","","","","","","","","","","","","","",8.1,1,"","","","","","","","","","","","","","","","","","","","","","","","","","","","",100,1,"","","","","","","","","","","","","","","","","","","","","","","","","","","","","","","","","","","","","","","","","","","","","","","","","","","","","","","","","","","","","","","","","","","","","","","","","","","","","","","","","","","","","","","","","","","","","","","","","","",12,1,"","","","","","","","","","","","","","","","","","","","","","","","","","","","","",""
"61328002","LE PIN-AU-HARAS -INRAE",48.735833,0.128167,176,2002082307,0.,1,"","","","","","","","","","","","","","","","","","","","","","","","","","","","","","","","","","",13.1,1,"","","","","","","","","","","","","","","","","","","","","","","","","","","","",100,1,"","","","","","","","","","","","","","","","","","","","","","","","","","","","","","","","","","","","","","","","","","","","","","","","","","","","","","","","","","","","","","","","","","","","","","","","","","","","","","","","","","","","","","","","","","","","","","","","","","",60,1,"","","","","","","","","","","","","","","","","","","","","","","","","","","","","",""
"61328002","LE PIN-AU-HARAS -INRAE",48.735833,0.128167,176,2002082308,0.,1,"","","","","","","","","","","","","","","","","","","","","","","","","","","","","","","","","","",15.7,1,"","","","","","","","","","","","","","","","","","","","","","","","","","","","",87,1,"","","","","","","","","","","","","","","","","","","","","","","","","","","","","","","","","","","","","","","","","","","","","","","","","","","","","","","","","","","","","","","","","","","","","","","","","","","","","","","","","","","","","","","","","","","","","","","","","","",120,1,"","","","","","","","","","","","","","","","","","","","","","","","","","","","","",""
"61328002","LE PIN-AU-HARAS -INRAE",48.735833,0.128167,176,2002082309,0.,1,"","","","","","","","","","","","","","","","","","","","","","","","","","","","","","","","","","",18.5,1,"","","","","","","","","","","","","","","","","","","","","","","","","","","","",72,1,"","","","","","","","","","","","","","","","","","","","","","","","","","","","","","","","","","","","","","","","","","","","","","","","","","","","","","","","","","","","","","","","","","","","","","","","","","","","","","","","","","","","","","","","","","","","","","","","","","",180,1,"","","","","","","","","","","","","","","","","","","","","","","","","","","","","",""
"61328002","LE PIN-AU-HARAS -INRAE",48.735833,0.128167,176,2002082310,0.,1,"","","","","","","","","","","","","","","","","","","","","","","","","","","","","","","","","","",20.2,1,"","","","","","","","","","","","","","","","","","","","","","","","","","","","",57,1,"","","","","","","","","","","","","","","","","","","","","","","","","","","","","","","","","","","","","","","","","","","","","","","","","","","","","","","","","","","","","","","","","","","","","","","","","","","","","","","","","","","","","","","","","","","","","","","","","","",228,1,"","","","","","","","","","","","","","","","","","","","","","","","","","","","","",""
"61328002","LE PIN-AU-HARAS -INRAE",48.735833,0.128167,176,2002082311,0.,1,"","","","","","","","","","","","","","","","","","","","","","","","","","","","","","","","","","",20.8,1,"","","","","","","","","","","","","","","","","","","","","","","","","","","","",49,1,"","","","","","","","","","","","","","","","","","","","","","","","","","","","","","","","","","","","","","","","","","","","","","","","","","","","","","","","","","","","","","","","","","","","","","","","","","","","","","","","","","","","","","","","","","","","","","","","","","",270,1,"","","","","","","","","","","","","","","","","","","","","","","","","","","","","",""
"61328002","LE PIN-AU-HARAS -INRAE",48.735833,0.128167,176,2002082312,0.,1,"","","","","","","","","","","","","","","","","","","","","","","","","","","","","","","","","","",22.,1,"","","","","","","","","","","","","","","","","","","","","","","","","","","","",40,1,"","","","","","","","","","","","","","","","","","","","","","","","","","","","","","","","","","","","","","","","","","","","","","","","","","","","","","","","","","","","","","","","","","","","","","","","","","","","","","","","","","","","","","","","","","","","","","","","","","",294,1,"","","","","","","","","","","","","","","","","","","","","","","","","","","","","",""
"61328002","LE PIN-AU-HARAS -INRAE",48.735833,0.128167,176,2002082313,0.,1,"","","","","","","","","","","","","","","","","","","","","","","","","","","","","","","","","","",21.9,1,"","","","","","","","","","","","","","","","","","","","","","","","","","","","",40,1,"","","","","","","","","","","","","","","","","","","","","","","","","","","","","","","","","","","","","","","","","","","","","","","","","","","","","","","","","","","","","","","","","","","","","","","","","","","","","","","","","","","","","","","","","","","","","","","","","","",264,1,"","","","","","","","","","","","","","","","","","","","","","","","","","","","","",""
"61328002","LE PIN-AU-HARAS -INRAE",48.735833,0.128167,176,2002082314,0.,1,"","","","","","","","","","","","","","","","","","","","","","","","","","","","","","","","","","",22.5,1,"","","","","","","","","","","","","","","","","","","","","","","","","","","","",40,1,"","","","","","","","","","","","","","","","","","","","","","","","","","","","","","","","","","","","","","","","","","","","","","","","","","","","","","","","","","","","","","","","","","","","","","","","","","","","","","","","","","","","","","","","","","","","","","","","","","",282,1,"","","","","","","","","","","","","","","","","","","","","","","","","","","","","",""
"61328002","LE PIN-AU-HARAS -INRAE",48.735833,0.128167,176,2002082315,0.,1,"","","","","","","","","","","","","","","","","","","","","","","","","","","","","","","","","","",22.4,1,"","","","","","","","","","","","","","","","","","","","","","","","","","","","",43,1,"","","","","","","","","","","","","","","","","","","","","","","","","","","","","","","","","","","","","","","","","","","","","","","","","","","","","","","","","","","","","","","","","","","","","","","","","","","","","","","","","","","","","","","","","","","","","","","","","","",142,1,"","","","","","","","","","","","","","","","","","","","","","","","","","","","","",""
"61328002","LE PIN-AU-HARAS -INRAE",48.735833,0.128167,176,2002082316,0.,1,"","","","","","","","","","","","","","","","","","","","","","","","","","","","","","","","","","",21.2,1,"","","","","","","","","","","","","","","","","","","","","","","","","","","","",48,1,"","","","","","","","","","","","","","","","","","","","","","","","","","","","","","","","","","","","","","","","","","","","","","","","","","","","","","","","","","","","","","","","","","","","","","","","","","","","","","","","","","","","","","","","","","","","","","","","","","",84,1,"","","","","","","","","","","","","","","","","","","","","","","","","","","","","",""
"61328002","LE PIN-AU-HARAS -INRAE",48.735833,0.128167,176,2002082317,0.,1,"","","","","","","","","","","","","","","","","","","","","","","","","","","","","","","","","","",21.,1,"","","","","","","","","","","","","","","","","","","","","","","","","","","","",57,1,"","","","","","","","","","","","","","","","","","","","","","","","","","","","","","","","","","","","","","","","","","","","","","","","","","","","","","","","","","","","","","","","","","","","","","","","","","","","","","","","","","","","","","","","","","","","","","","","","","",132,1,"","","","","","","","","","","","","","","","","","","","","","","","","","","","","",""
"61328002","LE PIN-AU-HARAS -INRAE",48.735833,0.128167,176,2002082318,0.,1,"","","","","","","","","","","","","","","","","","","","","","","","","","","","","","","","","","",19.5,1,"","","","","","","","","","","","","","","","","","","","","","","","","","","","",59,1,"","","","","","","","","","","","","","","","","","","","","","","","","","","","","","","","","","","","","","","","","","","","","","","","","","","","","","","","","","","","","","","","","","","","","","","","","","","","","","","","","","","","","","","","","","","","","","","","","","",72,1,"","","","","","","","","","","","","","","","","","","","","","","","","","","","","",""
"61328002","LE PIN-AU-HARAS -INRAE",48.735833,0.128167,176,2002082319,0.,1,"","","","","","","","","","","","","","","","","","","","","","","","","","","","","","","","","","",15.8,1,"","","","","","","","","","","","","","","","","","","","","","","","","","","","",80,1,"","","","","","","","","","","","","","","","","","","","","","","","","","","","","","","","","","","","","","","","","","","","","","","","","","","","","","","","","","","","","","","","","","","","","","","","","","","","","","","","","","","","","","","","","","","","","","","","","","",6,1,"","","","","","","","","","","","","","","","","","","","","","","","","","","","","",""
"61328002","LE PIN-AU-HARAS -INRAE",48.735833,0.128167,176,2002082320,0.,1,"","","","","","","","","","","","","","","","","","","","","","","","","","","","","","","","","","",12.7,1,"","","","","","","","","","","","","","","","","","","","","","","","","","","","",92,1,"","","","","","","","","","","","","","","","","","","","","","","","","","","","","","","","","","","","","","","","","","","","","","","","","","","","","","","","","","","","","","","","","","","","","","","","","","","","","","","","","","","","","","","","","","","","","","","","","","",0,1,"","","","","","","","","","","","","","","","","","","","","","","","","","","","","",""
"61328002","LE PIN-AU-HARAS -INRAE",48.735833,0.128167,176,2002082321,0.,1,"","","","","","","","","","","","","","","","","","","","","","","","","","","","","","","","","","",12.1,1,"","","","","","","","","","","","","","","","","","","","","","","","","","","","",92,1,"","","","","","","","","","","","","","","","","","","","","","","","","","","","","","","","","","","","","","","","","","","","","","","","","","","","","","","","","","","","","","","","","","","","","","","","","","","","","","","","","","","","","","","","","","","","","","","","","","",0,1,"","","","","","","","","","","","","","","","","","","","","","","","","","","","","",""
"61328002","LE PIN-AU-HARAS -INRAE",48.735833,0.128167,176,2002082322,0.,1,"","","","","","","","","","","","","","","","","","","","","","","","","","","","","","","","","","",13.5,1,"","","","","","","","","","","","","","","","","","","","","","","","","","","","",91,1,"","","","","","","","","","","","","","","","","","","","","","","","","","","","","","","","","","","","","","","","","","","","","","","","","","","","","","","","","","","","","","","","","","","","","","","","","","","","","","","","","","","","","","","","","","","","","","","","","","",0,1,"","","","","","","","","","","","","","","","","","","","","","","","","","","","","",""
"61328002","LE PIN-AU-HARAS -INRAE",48.735833,0.128167,176,2002082323,0.,1,"","","","","","","","","","","","","","","","","","","","","","","","","","","","","","","","","","",11.2,1,"","","","","","","","","","","","","","","","","","","","","","","","","","","","",95,1,"","","","","","","","","","","","","","","","","","","","","","","","","","","","","","","","","","","","","","","","","","","","","","","","","","","","","","","","","","","","","","","","","","","","","","","","","","","","","","","","","","","","","","","","","","","","","","","","","","",0,1,"","","","","","","","","","","","","","","","","","","","","","","","","","","","","",""
"61328002","LE PIN-AU-HARAS -INRAE",48.735833,0.128167,176,2002082400,0.,1,"","","","","","","","","","","","","","","","","","","","","","","","","","","","","","","","","","",10.4,1,"","","","","","","","","","","","","","","","","","","","","","","","","","","","",97,1,"","","","","","","","","","","","","","","","","","","","","","","","","","","","","","","","","","","","","","","","","","","","","","","","","","","","","","","","","","","","","","","","","","","","","","","","","","","","","","","","","","","","","","","","","","","","","","","","","","",0,1,"","","","","","","","","","","","","","","","","","","","","","","","","","","","","",""
"61328002","LE PIN-AU-HARAS -INRAE",48.735833,0.128167,176,2002082401,0.,1,"","","","","","","","","","","","","","","","","","","","","","","","","","","","","","","","","","",9.6,1,"","","","","","","","","","","","","","","","","","","","","","","","","","","","",99,1,"","","","","","","","","","","","","","","","","","","","","","","","","","","","","","","","","","","","","","","","","","","","","","","","","","","","","","","","","","","","","","","","","","","","","","","","","","","","","","","","","","","","","","","","","","","","","","","","","","",0,1,"","","","","","","","","","","","","","","","","","","","","","","","","","","","","",""
"61328002","LE PIN-AU-HARAS -INRAE",48.735833,0.128167,176,2002082402,0.,1,"","","","","","","","","","","","","","","","","","","","","","","","","","","","","","","","","","",8.9,1,"","","","","","","","","","","","","","","","","","","","","","","","","","","","",100,1,"","","","","","","","","","","","","","","","","","","","","","","","","","","","","","","","","","","","","","","","","","","","","","","","","","","","","","","","","","","","","","","","","","","","","","","","","","","","","","","","","","","","","","","","","","","","","","","","","","",0,1,"","","","","","","","","","","","","","","","","","","","","","","","","","","","","",""
"61328002","LE PIN-AU-HARAS -INRAE",48.735833,0.128167,176,2002082403,0.,1,"","","","","","","","","","","","","","","","","","","","","","","","","","","","","","","","","","",8.6,1,"","","","","","","","","","","","","","","","","","","","","","","","","","","","",100,1,"","","","","","","","","","","","","","","","","","","","","","","","","","","","","","","","","","","","","","","","","","","","","","","","","","","","","","","","","","","","","","","","","","","","","","","","","","","","","","","","","","","","","","","","","","","","","","","","","","",0,1,"","","","","","","","","","","","","","","","","","","","","","","","","","","","","",""
"61328002","LE PIN-AU-HARAS -INRAE",48.735833,0.128167,176,2002082404,0.,1,"","","","","","","","","","","","","","","","","","","","","","","","","","","","","","","","","","",7.4,1,"","","","","","","","","","","","","","","","","","","","","","","","","","","","",100,1,"","","","","","","","","","","","","","","","","","","","","","","","","","","","","","","","","","","","","","","","","","","","","","","","","","","","","","","","","","","","","","","","","","","","","","","","","","","","","","","","","","","","","","","","","","","","","","","","","","",0,1,"","","","","","","","","","","","","","","","","","","","","","","","","","","","","",""
"61328002","LE PIN-AU-HARAS -INRAE",48.735833,0.128167,176,2002082405,0.,1,"","","","","","","","","","","","","","","","","","","","","","","","","","","","","","","","","","",7.1,1,"","","","","","","","","","","","","","","","","","","","","","","","","","","","",100,1,"","","","","","","","","","","","","","","","","","","","","","","","","","","","","","","","","","","","","","","","","","","","","","","","","","","","","","","","","","","","","","","","","","","","","","","","","","","","","","","","","","","","","","","","","","","","","","","","","","",0,1,"","","","","","","","","","","","","","","","","","","","","","","","","","","","","",""
"61328002","LE PIN-AU-HARAS -INRAE",48.735833,0.128167,176,2002082406,0.,1,"","","","","","","","","","","","","","","","","","","","","","","","","","","","","","","","","","",8.1,1,"","","","","","","","","","","","","","","","","","","","","","","","","","","","",100,1,"","","","","","","","","","","","","","","","","","","","","","","","","","","","","","","","","","","","","","","","","","","","","","","","","","","","","","","","","","","","","","","","","","","","","","","","","","","","","","","","","","","","","","","","","","","","","","","","","","",10,1,"","","","","","","","","","","","","","","","","","","","","","","","","","","","","",""
"61328002","LE PIN-AU-HARAS -INRAE",48.735833,0.128167,176,2002082407,0.,1,"","","","","","","","","","","","","","","","","","","","","","","","","","","","","","","","","","",13.,1,"","","","","","","","","","","","","","","","","","","","","","","","","","","","",100,1,"","","","","","","","","","","","","","","","","","","","","","","","","","","","","","","","","","","","","","","","","","","","","","","","","","","","","","","","","","","","","","","","","","","","","","","","","","","","","","","","","","","","","","","","","","","","","","","","","","",50,1,"","","","","","","","","","","","","","","","","","","","","","","","","","","","","",""
"61328002","LE PIN-AU-HARAS -INRAE",48.735833,0.128167,176,2002082408,0.,1,"","","","","","","","","","","","","","","","","","","","","","","","","","","","","","","","","","",16.6,1,"","","","","","","","","","","","","","","","","","","","","","","","","","","","",97,1,"","","","","","","","","","","","","","","","","","","","","","","","","","","","","","","","","","","","","","","","","","","","","","","","","","","","","","","","","","","","","","","","","","","","","","","","","","","","","","","","","","","","","","","","","","","","","","","","","","",108,1,"","","","","","","","","","","","","","","","","","","","","","","","","","","","","",""
"61328002","LE PIN-AU-HARAS -INRAE",48.735833,0.128167,176,2002082409,0.,1,"","","","","","","","","","","","","","","","","","","","","","","","","","","","","","","","","","",18.1,1,"","","","","","","","","","","","","","","","","","","","","","","","","","","","",75,1,"","","","","","","","","","","","","","","","","","","","","","","","","","","","","","","","","","","","","","","","","","","","","","","","","","","","","","","","","","","","","","","","","","","","","","","","","","","","","","","","","","","","","","","","","","","","","","","","","","",174,1,"","","","","","","","","","","","","","","","","","","","","","","","","","","","","",""
"61328002","LE PIN-AU-HARAS -INRAE",48.735833,0.128167,176,2002082410,0.,1,"","","","","","","","","","","","","","","","","","","","","","","","","","","","","","","","","","",19.5,1,"","","","","","","","","","","","","","","","","","","","","","","","","","","","",68,1,"","","","","","","","","","","","","","","","","","","","","","","","","","","","","","","","","","","","","","","","","","","","","","","","","","","","","","","","","","","","","","","","","","","","","","","","","","","","","","","","","","","","","","","","","","","","","","","","","","",228,1,"","","","","","","","","","","","","","","","","","","","","","","","","","","","","",""
"61328002","LE PIN-AU-HARAS -INRAE",48.735833,0.128167,176,2002082411,0.,1,"","","","","","","","","","","","","","","","","","","","","","","","","","","","","","","","","","",21.1,1,"","","","","","","","","","","","","","","","","","","","","","","","","","","","",55,1,"","","","","","","","","","","","","","","","","","","","","","","","","","","","","","","","","","","","","","","","","","","","","","","","","","","","","","","","","","","","","","","","","","","","","","","","","","","","","","","","","","","","","","","","","","","","","","","","","","",266,1,"","","","","","","","","","","","","","","","","","","","","","","","","","","","","",""
"61328002","LE PIN-AU-HARAS -INRAE",48.735833,0.128167,176,2002082412,0.,1,"","","","","","","","","","","","","","","","","","","","","","","","","","","","","","","","","","",21.8,1,"","","","","","","","","","","","","","","","","","","","","","","","","","","","",45,1,"","","","","","","","","","","","","","","","","","","","","","","","","","","","","","","","","","","","","","","","","","","","","","","","","","","","","","","","","","","","","","","","","","","","","","","","","","","","","","","","","","","","","","","","","","","","","","","","","","",288,1,"","","","","","","","","","","","","","","","","","","","","","","","","","","","","",""
"61328002","LE PIN-AU-HARAS -INRAE",48.735833,0.128167,176,2002082413,0.,1,"","","","","","","","","","","","","","","","","","","","","","","","","","","","","","","","","","",22.6,1,"","","","","","","","","","","","","","","","","","","","","","","","","","","","",46,1,"","","","","","","","","","","","","","","","","","","","","","","","","","","","","","","","","","","","","","","","","","","","","","","","","","","","","","","","","","","","","","","","","","","","","","","","","","","","","","","","","","","","","","","","","","","","","","","","","","",266,1,"","","","","","","","","","","","","","","","","","","","","","","","","","","","","",""
"61328002","LE PIN-AU-HARAS -INRAE",48.735833,0.128167,176,2002082414,0.,1,"","","","","","","","","","","","","","","","","","","","","","","","","","","","","","","","","","",21.4,1,"","","","","","","","","","","","","","","","","","","","","","","","","","","","",51,1,"","","","","","","","","","","","","","","","","","","","","","","","","","","","","","","","","","","","","","","","","","","","","","","","","","","","","","","","","","","","","","","","","","","","","","","","","","","","","","","","","","","","","","","","","","","","","","","","","","",152,1,"","","","","","","","","","","","","","","","","","","","","","","","","","","","","",""
"61328002","LE PIN-AU-HARAS -INRAE",48.735833,0.128167,176,2002082415,0.,1,"","","","","","","","","","","","","","","","","","","","","","","","","","","","","","","","","","",22.9,1,"","","","","","","","","","","","","","","","","","","","","","","","","","","","",39,1,"","","","","","","","","","","","","","","","","","","","","","","","","","","","","","","","","","","","","","","","","","","","","","","","","","","","","","","","","","","","","","","","","","","","","","","","","","","","","","","","","","","","","","","","","","","","","","","","","","",224,1,"","","","","","","","","","","","","","","","","","","","","","","","","","","","","",""
"61328002","LE PIN-AU-HARAS -INRAE",48.735833,0.128167,176,2002082416,0.,1,"","","","","","","","","","","","","","","","","","","","","","","","","","","","","","","","","","",22.8,1,"","","","","","","","","","","","","","","","","","","","","","","","","","","","",44,1,"","","","","","","","","","","","","","","","","","","","","","","","","","","","","","","","","","","","","","","","","","","","","","","","","","","","","","","","","","","","","","","","","","","","","","","","","","","","","","","","","","","","","","","","","","","","","","","","","","",188,1,"","","","","","","","","","","","","","","","","","","","","","","","","","","","","",""
"61328002","LE PIN-AU-HARAS -INRAE",48.735833,0.128167,176,2002082417,0.,1,"","","","","","","","","","","","","","","","","","","","","","","","","","","","","","","","","","",22.4,1,"","","","","","","","","","","","","","","","","","","","","","","","","","","","",47,1,"","","","","","","","","","","","","","","","","","","","","","","","","","","","","","","","","","","","","","","","","","","","","","","","","","","","","","","","","","","","","","","","","","","","","","","","","","","","","","","","","","","","","","","","","","","","","","","","","","",126,1,"","","","","","","","","","","","","","","","","","","","","","","","","","","","","",""
"61328002","LE PIN-AU-HARAS -INRAE",48.735833,0.128167,176,2002082418,0.,1,"","","","","","","","","","","","","","","","","","","","","","","","","","","","","","","","","","",19.2,1,"","","","","","","","","","","","","","","","","","","","","","","","","","","","",57,1,"","","","","","","","","","","","","","","","","","","","","","","","","","","","","","","","","","","","","","","","","","","","","","","","","","","","","","","","","","","","","","","","","","","","","","","","","","","","","","","","","","","","","","","","","","","","","","","","","","",58,1,"","","","","","","","","","","","","","","","","","","","","","","","","","","","","",""
"61328002","LE PIN-AU-HARAS -INRAE",48.735833,0.128167,176,2002082419,0.,1,"","","","","","","","","","","","","","","","","","","","","","","","","","","","","","","","","","",17.7,1,"","","","","","","","","","","","","","","","","","","","","","","","","","","","",62,1,"","","","","","","","","","","","","","","","","","","","","","","","","","","","","","","","","","","","","","","","","","","","","","","","","","","","","","","","","","","","","","","","","","","","","","","","","","","","","","","","","","","","","","","","","","","","","","","","","","",6,1,"","","","","","","","","","","","","","","","","","","","","","","","","","","","","",""
"61328002","LE PIN-AU-HARAS -INRAE",48.735833,0.128167,176,2002082420,0.,1,"","","","","","","","","","","","","","","","","","","","","","","","","","","","","","","","","","",14.9,1,"","","","","","","","","","","","","","","","","","","","","","","","","","","","",83,1,"","","","","","","","","","","","","","","","","","","","","","","","","","","","","","","","","","","","","","","","","","","","","","","","","","","","","","","","","","","","","","","","","","","","","","","","","","","","","","","","","","","","","","","","","","","","","","","","","","",0,1,"","","","","","","","","","","","","","","","","","","","","","","","","","","","","",""
"61328002","LE PIN-AU-HARAS -INRAE",48.735833,0.128167,176,2002082421,0.,1,"","","","","","","","","","","","","","","","","","","","","","","","","","","","","","","","","","",12.7,1,"","","","","","","","","","","","","","","","","","","","","","","","","","","","",93,1,"","","","","","","","","","","","","","","","","","","","","","","","","","","","","","","","","","","","","","","","","","","","","","","","","","","","","","","","","","","","","","","","","","","","","","","","","","","","","","","","","","","","","","","","","","","","","","","","","","",0,1,"","","","","","","","","","","","","","","","","","","","","","","","","","","","","",""
"61328002","LE PIN-AU-HARAS -INRAE",48.735833,0.128167,176,2002082422,0.,1,"","","","","","","","","","","","","","","","","","","","","","","","","","","","","","","","","","",11.5,1,"","","","","","","","","","","","","","","","","","","","","","","","","","","","",97,1,"","","","","","","","","","","","","","","","","","","","","","","","","","","","","","","","","","","","","","","","","","","","","","","","","","","","","","","","","","","","","","","","","","","","","","","","","","","","","","","","","","","","","","","","","","","","","","","","","","",0,1,"","","","","","","","","","","","","","","","","","","","","","","","","","","","","",""
"61328002","LE PIN-AU-HARAS -INRAE",48.735833,0.128167,176,2002082423,0.,1,"","","","","","","","","","","","","","","","","","","","","","","","","","","","","","","","","","",9.9,1,"","","","","","","","","","","","","","","","","","","","","","","","","","","","",98,1,"","","","","","","","","","","","","","","","","","","","","","","","","","","","","","","","","","","","","","","","","","","","","","","","","","","","","","","","","","","","","","","","","","","","","","","","","","","","","","","","","","","","","","","","","","","","","","","","","","",0,1,"","","","","","","","","","","","","","","","","","","","","","","","","","","","","",""
"61328002","LE PIN-AU-HARAS -INRAE",48.735833,0.128167,176,2002082500,0.,1,"","","","","","","","","","","","","","","","","","","","","","","","","","","","","","","","","","",13.2,1,"","","","","","","","","","","","","","","","","","","","","","","","","","","","",100,1,"","","","","","","","","","","","","","","","","","","","","","","","","","","","","","","","","","","","","","","","","","","","","","","","","","","","","","","","","","","","","","","","","","","","","","","","","","","","","","","","","","","","","","","","","","","","","","","","","","",0,1,"","","","","","","","","","","","","","","","","","","","","","","","","","","","","",""
"61328002","LE PIN-AU-HARAS -INRAE",48.735833,0.128167,176,2002082501,0.,1,"","","","","","","","","","","","","","","","","","","","","","","","","","","","","","","","","","",13.6,1,"","","","","","","","","","","","","","","","","","","","","","","","","","","","",100,1,"","","","","","","","","","","","","","","","","","","","","","","","","","","","","","","","","","","","","","","","","","","","","","","","","","","","","","","","","","","","","","","","","","","","","","","","","","","","","","","","","","","","","","","","","","","","","","","","","","",0,1,"","","","","","","","","","","","","","","","","","","","","","","","","","","","","",""
"61328002","LE PIN-AU-HARAS -INRAE",48.735833,0.128167,176,2002082502,0.,1,"","","","","","","","","","","","","","","","","","","","","","","","","","","","","","","","","","",13.7,1,"","","","","","","","","","","","","","","","","","","","","","","","","","","","",100,1,"","","","","","","","","","","","","","","","","","","","","","","","","","","","","","","","","","","","","","","","","","","","","","","","","","","","","","","","","","","","","","","","","","","","","","","","","","","","","","","","","","","","","","","","","","","","","","","","","","",0,1,"","","","","","","","","","","","","","","","","","","","","","","","","","","","","",""
"61328002","LE PIN-AU-HARAS -INRAE",48.735833,0.128167,176,2002082503,0.,1,"","","","","","","","","","","","","","","","","","","","","","","","","","","","","","","","","","",13.,1,"","","","","","","","","","","","","","","","","","","","","","","","","","","","",100,1,"","","","","","","","","","","","","","","","","","","","","","","","","","","","","","","","","","","","","","","","","","","","","","","","","","","","","","","","","","","","","","","","","","","","","","","","","","","","","","","","","","","","","","","","","","","","","","","","","","",0,1,"","","","","","","","","","","","","","","","","","","","","","","","","","","","","",""
"61328002","LE PIN-AU-HARAS -INRAE",48.735833,0.128167,176,2002082504,0.,1,"","","","","","","","","","","","","","","","","","","","","","","","","","","","","","","","","","",12.4,1,"","","","","","","","","","","","","","","","","","","","","","","","","","","","",100,1,"","","","","","","","","","","","","","","","","","","","","","","","","","","","","","","","","","","","","","","","","","","","","","","","","","","","","","","","","","","","","","","","","","","","","","","","","","","","","","","","","","","","","","","","","","","","","","","","","","",0,1,"","","","","","","","","","","","","","","","","","","","","","","","","","","","","",""
"61328002","LE PIN-AU-HARAS -INRAE",48.735833,0.128167,176,2002082505,0.,1,"","","","","","","","","","","","","","","","","","","","","","","","","","","","","","","","","","",11.8,1,"","","","","","","","","","","","","","","","","","","","","","","","","","","","",100,1,"","","","","","","","","","","","","","","","","","","","","","","","","","","","","","","","","","","","","","","","","","","","","","","","","","","","","","","","","","","","","","","","","","","","","","","","","","","","","","","","","","","","","","","","","","","","","","","","","","",0,1,"","","","","","","","","","","","","","","","","","","","","","","","","","","","","",""
"61328002","LE PIN-AU-HARAS -INRAE",48.735833,0.128167,176,2002082506,0.,1,"","","","","","","","","","","","","","","","","","","","","","","","","","","","","","","","","","",12.,1,"","","","","","","","","","","","","","","","","","","","","","","","","","","","",100,1,"","","","","","","","","","","","","","","","","","","","","","","","","","","","","","","","","","","","","","","","","","","","","","","","","","","","","","","","","","","","","","","","","","","","","","","","","","","","","","","","","","","","","","","","","","","","","","","","","","",10,1,"","","","","","","","","","","","","","","","","","","","","","","","","","","","","",""
"61328002","LE PIN-AU-HARAS -INRAE",48.735833,0.128167,176,2002082507,0.,1,"","","","","","","","","","","","","","","","","","","","","","","","","","","","","","","","","","",12.6,1,"","","","","","","","","","","","","","","","","","","","","","","","","","","","",100,1,"","","","","","","","","","","","","","","","","","","","","","","","","","","","","","","","","","","","","","","","","","","","","","","","","","","","","","","","","","","","","","","","","","","","","","","","","","","","","","","","","","","","","","","","","","","","","","","","","","",40,1,"","","","","","","","","","","","","","","","","","","","","","","","","","","","","",""
"61328002","LE PIN-AU-HARAS -INRAE",48.735833,0.128167,176,2002082508,0.,1,"","","","","","","","","","","","","","","","","","","","","","","","","","","","","","","","","","",15.7,1,"","","","","","","","","","","","","","","","","","","","","","","","","","","","",100,1,"","","","","","","","","","","","","","","","","","","","","","","","","","","","","","","","","","","","","","","","","","","","","","","","","","","","","","","","","","","","","","","","","","","","","","","","","","","","","","","","","","","","","","","","","","","","","","","","","","",100,1,"","","","","","","","","","","","","","","","","","","","","","","","","","","","","",""
"61328002","LE PIN-AU-HARAS -INRAE",48.735833,0.128167,176,2002082509,0.,1,"","","","","","","","","","","","","","","","","","","","","","","","","","","","","","","","","","",17.8,1,"","","","","","","","","","","","","","","","","","","","","","","","","","","","",98,1,"","","","","","","","","","","","","","","","","","","","","","","","","","","","","","","","","","","","","","","","","","","","","","","","","","","","","","","","","","","","","","","","","","","","","","","","","","","","","","","","","","","","","","","","","","","","","","","","","","",170,1,"","","","","","","","","","","","","","","","","","","","","","","","","","","","","",""
"61328002","LE PIN-AU-HARAS -INRAE",48.735833,0.128167,176,2002082510,0.,1,"","","","","","","","","","","","","","","","","","","","","","","","","","","","","","","","","","",18.8,1,"","","","","","","","","","","","","","","","","","","","","","","","","","","","",81,1,"","","","","","","","","","","","","","","","","","","","","","","","","","","","","","","","","","","","","","","","","","","","","","","","","","","","","","","","","","","","","","","","","","","","","","","","","","","","","","","","","","","","","","","","","","","","","","","","","","",184,1,"","","","","","","","","","","","","","","","","","","","","","","","","","","","","",""
"61328002","LE PIN-AU-HARAS -INRAE",48.735833,0.128167,176,2002082511,0.,1,"","","","","","","","","","","","","","","","","","","","","","","","","","","","","","","","","","",20.1,1,"","","","","","","","","","","","","","","","","","","","","","","","","","","","",71,1,"","","","","","","","","","","","","","","","","","","","","","","","","","","","","","","","","","","","","","","","","","","","","","","","","","","","","","","","","","","","","","","","","","","","","","","","","","","","","","","","","","","","","","","","","","","","","","","","","","",158,1,"","","","","","","","","","","","","","","","","","","","","","","","","","","","","",""
"61328002","LE PIN-AU-HARAS -INRAE",48.735833,0.128167,176,2002082512,0.,1,"","","","","","","","","","","","","","","","","","","","","","","","","","","","","","","","","","",20.7,1,"","","","","","","","","","","","","","","","","","","","","","","","","","","","",60,1,"","","","","","","","","","","","","","","","","","","","","","","","","","","","","","","","","","","","","","","","","","","","","","","","","","","","","","","","","","","","","","","","","","","","","","","","","","","","","","","","","","","","","","","","","","","","","","","","","","",154,1,"","","","","","","","","","","","","","","","","","","","","","","","","","","","","",""
"61328002","LE PIN-AU-HARAS -INRAE",48.735833,0.128167,176,2002082513,0.,1,"","","","","","","","","","","","","","","","","","","","","","","","","","","","","","","","","","",21.2,1,"","","","","","","","","","","","","","","","","","","","","","","","","","","","",55,1,"","","","","","","","","","","","","","","","","","","","","","","","","","","","","","","","","","","","","","","","","","","","","","","","","","","","","","","","","","","","","","","","","","","","","","","","","","","","","","","","","","","","","","","","","","","","","","","","","","",172,1,"","","","","","","","","","","","","","","","","","","","","","","","","","","","","",""
"61328002","LE PIN-AU-HARAS -INRAE",48.735833,0.128167,176,2002082514,0.,1,"","","","","","","","","","","","","","","","","","","","","","","","","","","","","","","","","","",21.6,1,"","","","","","","","","","","","","","","","","","","","","","","","","","","","",53,1,"","","","","","","","","","","","","","","","","","","","","","","","","","","","","","","","","","","","","","","","","","","","","","","","","","","","","","","","","","","","","","","","","","","","","","","","","","","","","","","","","","","","","","","","","","","","","","","","","","",158,1,"","","","","","","","","","","","","","","","","","","","","","","","","","","","","",""
"61328002","LE PIN-AU-HARAS -INRAE",48.735833,0.128167,176,2002082515,0.,1,"","","","","","","","","","","","","","","","","","","","","","","","","","","","","","","","","","",21.3,1,"","","","","","","","","","","","","","","","","","","","","","","","","","","","",55,1,"","","","","","","","","","","","","","","","","","","","","","","","","","","","","","","","","","","","","","","","","","","","","","","","","","","","","","","","","","","","","","","","","","","","","","","","","","","","","","","","","","","","","","","","","","","","","","","","","","",90,1,"","","","","","","","","","","","","","","","","","","","","","","","","","","","","",""
"61328002","LE PIN-AU-HARAS -INRAE",48.735833,0.128167,176,2002082516,0.,1,"","","","","","","","","","","","","","","","","","","","","","","","","","","","","","","","","","",21.1,1,"","","","","","","","","","","","","","","","","","","","","","","","","","","","",55,1,"","","","","","","","","","","","","","","","","","","","","","","","","","","","","","","","","","","","","","","","","","","","","","","","","","","","","","","","","","","","","","","","","","","","","","","","","","","","","","","","","","","","","","","","","","","","","","","","","","",66,1,"","","","","","","","","","","","","","","","","","","","","","","","","","","","","",""
"61328002","LE PIN-AU-HARAS -INRAE",48.735833,0.128167,176,2002082517,0.,1,"","","","","","","","","","","","","","","","","","","","","","","","","","","","","","","","","","",20.6,1,"","","","","","","","","","","","","","","","","","","","","","","","","","","","",58,1,"","","","","","","","","","","","","","","","","","","","","","","","","","","","","","","","","","","","","","","","","","","","","","","","","","","","","","","","","","","","","","","","","","","","","","","","","","","","","","","","","","","","","","","","","","","","","","","","","","",44,1,"","","","","","","","","","","","","","","","","","","","","","","","","","","","","",""
"61328002","LE PIN-AU-HARAS -INRAE",48.735833,0.128167,176,2002082518,0.,1,"","","","","","","","","","","","","","","","","","","","","","","","","","","","","","","","","","",19.4,1,"","","","","","","","","","","","","","","","","","","","","","","","","","","","",74,1,"","","","","","","","","","","","","","","","","","","","","","","","","","","","","","","","","","","","","","","","","","","","","","","","","","","","","","","","","","","","","","","","","","","","","","","","","","","","","","","","","","","","","","","","","","","","","","","","","","",28,1,"","","","","","","","","","","","","","","","","","","","","","","","","","","","","",""
"61328002","LE PIN-AU-HARAS -INRAE",48.735833,0.128167,176,2002082519,0.,1,"","","","","","","","","","","","","","","","","","","","","","","","","","","","","","","","","","",17.7,1,"","","","","","","","","","","","","","","","","","","","","","","","","","","","",86,1,"","","","","","","","","","","","","","","","","","","","","","","","","","","","","","","","","","","","","","","","","","","","","","","","","","","","","","","","","","","","","","","","","","","","","","","","","","","","","","","","","","","","","","","","","","","","","","","","","","",6,1,"","","","","","","","","","","","","","","","","","","","","","","","","","","","","",""
"61328002","LE PIN-AU-HARAS -INRAE",48.735833,0.128167,176,2002082520,0.,1,"","","","","","","","","","","","","","","","","","","","","","","","","","","","","","","","","","",16.3,1,"","","","","","","","","","","","","","","","","","","","","","","","","","","","",91,1,"","","","","","","","","","","","","","","","","","","","","","","","","","","","","","","","","","","","","","","","","","","","","","","","","","","","","","","","","","","","","","","","","","","","","","","","","","","","","","","","","","","","","","","","","","","","","","","","","","",0,1,"","","","","","","","","","","","","","","","","","","","","","","","","","","","","",""
"61328002","LE PIN-AU-HARAS -INRAE",48.735833,0.128167,176,2002082521,0.,1,"","","","","","","","","","","","","","","","","","","","","","","","","","","","","","","","","","",17.2,1,"","","","","","","","","","","","","","","","","","","","","","","","","","","","",81,1,"","","","","","","","","","","","","","","","","","","","","","","","","","","","","","","","","","","","","","","","","","","","","","","","","","","","","","","","","","","","","","","","","","","","","","","","","","","","","","","","","","","","","","","","","","","","","","","","","","",0,1,"","","","","","","","","","","","","","","","","","","","","","","","","","","","","",""
"61328002","LE PIN-AU-HARAS -INRAE",48.735833,0.128167,176,2002082522,0.,1,"","","","","","","","","","","","","","","","","","","","","","","","","","","","","","","","","","",16.8,1,"","","","","","","","","","","","","","","","","","","","","","","","","","","","",85,1,"","","","","","","","","","","","","","","","","","","","","","","","","","","","","","","","","","","","","","","","","","","","","","","","","","","","","","","","","","","","","","","","","","","","","","","","","","","","","","","","","","","","","","","","","","","","","","","","","","",0,1,"","","","","","","","","","","","","","","","","","","","","","","","","","","","","",""
"61328002","LE PIN-AU-HARAS -INRAE",48.735833,0.128167,176,2002082523,0.,1,"","","","","","","","","","","","","","","","","","","","","","","","","","","","","","","","","","",16.9,1,"","","","","","","","","","","","","","","","","","","","","","","","","","","","",83,1,"","","","","","","","","","","","","","","","","","","","","","","","","","","","","","","","","","","","","","","","","","","","","","","","","","","","","","","","","","","","","","","","","","","","","","","","","","","","","","","","","","","","","","","","","","","","","","","","","","",0,1,"","","","","","","","","","","","","","","","","","","","","","","","","","","","","",""
"61328002","LE PIN-AU-HARAS -INRAE",48.735833,0.128167,176,2002082600,0.,1,"","","","","","","","","","","","","","","","","","","","","","","","","","","","","","","","","","",16.7,1,"","","","","","","","","","","","","","","","","","","","","","","","","","","","",85,1,"","","","","","","","","","","","","","","","","","","","","","","","","","","","","","","","","","","","","","","","","","","","","","","","","","","","","","","","","","","","","","","","","","","","","","","","","","","","","","","","","","","","","","","","","","","","","","","","","","",0,1,"","","","","","","","","","","","","","","","","","","","","","","","","","","","","",""
"61328002","LE PIN-AU-HARAS -INRAE",48.735833,0.128167,176,2002082601,0.5,1,"","","","","","","","","","","","","","","","","","","","","","","","","","","","","","","","","","",16.2,1,"","","","","","","","","","","","","","","","","","","","","","","","","","","","",87,1,"","","","","","","","","","","","","","","","","","","","","","","","","","","","","","","","","","","","","","","","","","","","","","","","","","","","","","","","","","","","","","","","","","","","","","","","","","","","","","","","","","","","","","","","","","","","","","","","","","",0,1,"","","","","","","","","","","","","","","","","","","","","","","","","","","","","",""
"61328002","LE PIN-AU-HARAS -INRAE",48.735833,0.128167,176,2002082602,0.,1,"","","","","","","","","","","","","","","","","","","","","","","","","","","","","","","","","","",15.8,1,"","","","","","","","","","","","","","","","","","","","","","","","","","","","",90,1,"","","","","","","","","","","","","","","","","","","","","","","","","","","","","","","","","","","","","","","","","","","","","","","","","","","","","","","","","","","","","","","","","","","","","","","","","","","","","","","","","","","","","","","","","","","","","","","","","","",0,1,"","","","","","","","","","","","","","","","","","","","","","","","","","","","","",""
"61328002","LE PIN-AU-HARAS -INRAE",48.735833,0.128167,176,2002082603,0.5,1,"","","","","","","","","","","","","","","","","","","","","","","","","","","","","","","","","","",15.2,1,"","","","","","","","","","","","","","","","","","","","","","","","","","","","",91,1,"","","","","","","","","","","","","","","","","","","","","","","","","","","","","","","","","","","","","","","","","","","","","","","","","","","","","","","","","","","","","","","","","","","","","","","","","","","","","","","","","","","","","","","","","","","","","","","","","","",0,1,"","","","","","","","","","","","","","","","","","","","","","","","","","","","","",""
"61328002","LE PIN-AU-HARAS -INRAE",48.735833,0.128167,176,2002082604,0.,1,"","","","","","","","","","","","","","","","","","","","","","","","","","","","","","","","","","",14.7,1,"","","","","","","","","","","","","","","","","","","","","","","","","","","","",91,1,"","","","","","","","","","","","","","","","","","","","","","","","","","","","","","","","","","","","","","","","","","","","","","","","","","","","","","","","","","","","","","","","","","","","","","","","","","","","","","","","","","","","","","","","","","","","","","","","","","",0,1,"","","","","","","","","","","","","","","","","","","","","","","","","","","","","",""
"61328002","LE PIN-AU-HARAS -INRAE",48.735833,0.128167,176,2002082605,0.,1,"","","","","","","","","","","","","","","","","","","","","","","","","","","","","","","","","","",14.6,1,"","","","","","","","","","","","","","","","","","","","","","","","","","","","",90,1,"","","","","","","","","","","","","","","","","","","","","","","","","","","","","","","","","","","","","","","","","","","","","","","","","","","","","","","","","","","","","","","","","","","","","","","","","","","","","","","","","","","","","","","","","","","","","","","","","","",0,1,"","","","","","","","","","","","","","","","","","","","","","","","","","","","","",""
"61328002","LE PIN-AU-HARAS -INRAE",48.735833,0.128167,176,2002082606,0.,1,"","","","","","","","","","","","","","","","","","","","","","","","","","","","","","","","","","",14.4,1,"","","","","","","","","","","","","","","","","","","","","","","","","","","","",91,1,"","","","","","","","","","","","","","","","","","","","","","","","","","","","","","","","","","","","","","","","","","","","","","","","","","","","","","","","","","","","","","","","","","","","","","","","","","","","","","","","","","","","","","","","","","","","","","","","","","",2,1,"","","","","","","","","","","","","","","","","","","","","","","","","","","","","",""
"61328002","LE PIN-AU-HARAS -INRAE",48.735833,0.128167,176,2002082607,0.,1,"","","","","","","","","","","","","","","","","","","","","","","","","","","","","","","","","","",14.5,1,"","","","","","","","","","","","","","","","","","","","","","","","","","","","",92,1,"","","","","","","","","","","","","","","","","","","","","","","","","","","","","","","","","","","","","","","","","","","","","","","","","","","","","","","","","","","","","","","","","","","","","","","","","","","","","","","","","","","","","","","","","","","","","","","","","","",10,1,"","","","","","","","","","","","","","","","","","","","","","","","","","","","","",""
"61328002","LE PIN-AU-HARAS -INRAE",48.735833,0.128167,176,2002082608,0.5,1,"","","","","","","","","","","","","","","","","","","","","","","","","","","","","","","","","","",15.1,1,"","","","","","","","","","","","","","","","","","","","","","","","","","","","",91,1,"","","","","","","","","","","","","","","","","","","","","","","","","","","","","","","","","","","","","","","","","","","","","","","","","","","","","","","","","","","","","","","","","","","","","","","","","","","","","","","","","","","","","","","","","","","","","","","","","","",26,1,"","","","","","","","","","","","","","","","","","","","","","","","","","","","","",""
"61328002","LE PIN-AU-HARAS -INRAE",48.735833,0.128167,176,2002082609,0.5,1,"","","","","","","","","","","","","","","","","","","","","","","","","","","","","","","","","","",15.9,1,"","","","","","","","","","","","","","","","","","","","","","","","","","","","",89,1,"","","","","","","","","","","","","","","","","","","","","","","","","","","","","","","","","","","","","","","","","","","","","","","","","","","","","","","","","","","","","","","","","","","","","","","","","","","","","","","","","","","","","","","","","","","","","","","","","","",36,1,"","","","","","","","","","","","","","","","","","","","","","","","","","","","","",""
"61328002","LE PIN-AU-HARAS -INRAE",48.735833,0.128167,176,2002082610,0.,1,"","","","","","","","","","","","","","","","","","","","","","","","","","","","","","","","","","",16.4,1,"","","","","","","","","","","","","","","","","","","","","","","","","","","","",86,1,"","","","","","","","","","","","","","","","","","","","","","","","","","","","","","","","","","","","","","","","","","","","","","","","","","","","","","","","","","","","","","","","","","","","","","","","","","","","","","","","","","","","","","","","","","","","","","","","","","",44,1,"","","","","","","","","","","","","","","","","","","","","","","","","","","","","",""
"61328002","LE PIN-AU-HARAS -INRAE",48.735833,0.128167,176,2002082611,0.5,1,"","","","","","","","","","","","","","","","","","","","","","","","","","","","","","","","","","",16.5,1,"","","","","","","","","","","","","","","","","","","","","","","","","","","","",85,1,"","","","","","","","","","","","","","","","","","","","","","","","","","","","","","","","","","","","","","","","","","","","","","","","","","","","","","","","","","","","","","","","","","","","","","","","","","","","","","","","","","","","","","","","","","","","","","","","","","",50,1,"","","","","","","","","","","","","","","","","","","","","","","","","","","","","",""
"61328002","LE PIN-AU-HARAS -INRAE",48.735833,0.128167,176,2002082612,0.5,1,"","","","","","","","","","","","","","","","","","","","","","","","","","","","","","","","","","",16.2,1,"","","","","","","","","","","","","","","","","","","","","","","","","","","","",86,1,"","","","","","","","","","","","","","","","","","","","","","","","","","","","","","","","","","","","","","","","","","","","","","","","","","","","","","","","","","","","","","","","","","","","","","","","","","","","","","","","","","","","","","","","","","","","","","","","","","",64,1,"","","","","","","","","","","","","","","","","","","","","","","","","","","","","",""
"61328002","LE PIN-AU-HARAS -INRAE",48.735833,0.128167,176,2002082613,8.,1,"","","","","","","","","","","","","","","","","","","","","","","","","","","","","","","","","","",15.3,1,"","","","","","","","","","","","","","","","","","","","","","","","","","","","",96,1,"","","","","","","","","","","","","","","","","","","","","","","","","","","","","","","","","","","","","","","","","","","","","","","","","","","","","","","","","","","","","","","","","","","","","","","","","","","","","","","","","","","","","","","","","","","","","","","","","","",20,1,"","","","","","","","","","","","","","","","","","","","","","","","","","","","","",""
"61328002","LE PIN-AU-HARAS -INRAE",48.735833,0.128167,176,2002082614,9.5,1,"","","","","","","","","","","","","","","","","","","","","","","","","","","","","","","","","","",15.4,1,"","","","","","","","","","","","","","","","","","","","","","","","","","","","",100,1,"","","","","","","","","","","","","","","","","","","","","","","","","","","","","","","","","","","","","","","","","","","","","","","","","","","","","","","","","","","","","","","","","","","","","","","","","","","","","","","","","","","","","","","","","","","","","","","","","","",14,1,"","","","","","","","","","","","","","","","","","","","","","","","","","","","","",""
"61328002","LE PIN-AU-HARAS -INRAE",48.735833,0.128167,176,2002082615,2.,1,"","","","","","","","","","","","","","","","","","","","","","","","","","","","","","","","","","",15.5,1,"","","","","","","","","","","","","","","","","","","","","","","","","","","","",100,1,"","","","","","","","","","","","","","","","","","","","","","","","","","","","","","","","","","","","","","","","","","","","","","","","","","","","","","","","","","","","","","","","","","","","","","","","","","","","","","","","","","","","","","","","","","","","","","","","","","",18,1,"","","","","","","","","","","","","","","","","","","","","","","","","","","","","",""
"61328002","LE PIN-AU-HARAS -INRAE",48.735833,0.128167,176,2002082616,2.,1,"","","","","","","","","","","","","","","","","","","","","","","","","","","","","","","","","","",15.5,1,"","","","","","","","","","","","","","","","","","","","","","","","","","","","",100,1,"","","","","","","","","","","","","","","","","","","","","","","","","","","","","","","","","","","","","","","","","","","","","","","","","","","","","","","","","","","","","","","","","","","","","","","","","","","","","","","","","","","","","","","","","","","","","","","","","","",8,1,"","","","","","","","","","","","","","","","","","","","","","","","","","","","","",""
"61328002","LE PIN-AU-HARAS -INRAE",48.735833,0.128167,176,2002082617,6.,1,"","","","","","","","","","","","","","","","","","","","","","","","","","","","","","","","","","",15.4,1,"","","","","","","","","","","","","","","","","","","","","","","","","","","","",100,1,"","","","","","","","","","","","","","","","","","","","","","","","","","","","","","","","","","","","","","","","","","","","","","","","","","","","","","","","","","","","","","","","","","","","","","","","","","","","","","","","","","","","","","","","","","","","","","","","","","",6,1,"","","","","","","","","","","","","","","","","","","","","","","","","","","","","",""
"61328002","LE PIN-AU-HARAS -INRAE",48.735833,0.128167,176,2002082618,2.,1,"","","","","","","","","","","","","","","","","","","","","","","","","","","","","","","","","","",15.3,1,"","","","","","","","","","","","","","","","","","","","","","","","","","","","",100,1,"","","","","","","","","","","","","","","","","","","","","","","","","","","","","","","","","","","","","","","","","","","","","","","","","","","","","","","","","","","","","","","","","","","","","","","","","","","","","","","","","","","","","","","","","","","","","","","","","","",4,1,"","","","","","","","","","","","","","","","","","","","","","","","","","","","","",""
"61328002","LE PIN-AU-HARAS -INRAE",48.735833,0.128167,176,2002082619,0.,1,"","","","","","","","","","","","","","","","","","","","","","","","","","","","","","","","","","",15.3,1,"","","","","","","","","","","","","","","","","","","","","","","","","","","","",100,1,"","","","","","","","","","","","","","","","","","","","","","","","","","","","","","","","","","","","","","","","","","","","","","","","","","","","","","","","","","","","","","","","","","","","","","","","","","","","","","","","","","","","","","","","","","","","","","","","","","",0,1,"","","","","","","","","","","","","","","","","","","","","","","","","","","","","",""
"61328002","LE PIN-AU-HARAS -INRAE",48.735833,0.128167,176,2002082620,0.,1,"","","","","","","","","","","","","","","","","","","","","","","","","","","","","","","","","","",15.3,1,"","","","","","","","","","","","","","","","","","","","","","","","","","","","",100,1,"","","","","","","","","","","","","","","","","","","","","","","","","","","","","","","","","","","","","","","","","","","","","","","","","","","","","","","","","","","","","","","","","","","","","","","","","","","","","","","","","","","","","","","","","","","","","","","","","","",0,1,"","","","","","","","","","","","","","","","","","","","","","","","","","","","","",""
"61328002","LE PIN-AU-HARAS -INRAE",48.735833,0.128167,176,2002082621,0.5,1,"","","","","","","","","","","","","","","","","","","","","","","","","","","","","","","","","","",15.4,1,"","","","","","","","","","","","","","","","","","","","","","","","","","","","",100,1,"","","","","","","","","","","","","","","","","","","","","","","","","","","","","","","","","","","","","","","","","","","","","","","","","","","","","","","","","","","","","","","","","","","","","","","","","","","","","","","","","","","","","","","","","","","","","","","","","","",0,1,"","","","","","","","","","","","","","","","","","","","","","","","","","","","","",""
"61328002","LE PIN-AU-HARAS -INRAE",48.735833,0.128167,176,2002082622,0.,1,"","","","","","","","","","","","","","","","","","","","","","","","","","","","","","","","","","",15.3,1,"","","","","","","","","","","","","","","","","","","","","","","","","","","","",100,1,"","","","","","","","","","","","","","","","","","","","","","","","","","","","","","","","","","","","","","","","","","","","","","","","","","","","","","","","","","","","","","","","","","","","","","","","","","","","","","","","","","","","","","","","","","","","","","","","","","",0,1,"","","","","","","","","","","","","","","","","","","","","","","","","","","","","",""
"61328002","LE PIN-AU-HARAS -INRAE",48.735833,0.128167,176,2002082623,0.,1,"","","","","","","","","","","","","","","","","","","","","","","","","","","","","","","","","","",15.3,1,"","","","","","","","","","","","","","","","","","","","","","","","","","","","",100,1,"","","","","","","","","","","","","","","","","","","","","","","","","","","","","","","","","","","","","","","","","","","","","","","","","","","","","","","","","","","","","","","","","","","","","","","","","","","","","","","","","","","","","","","","","","","","","","","","","","",0,1,"","","","","","","","","","","","","","","","","","","","","","","","","","","","","",""
"61328002","LE PIN-AU-HARAS -INRAE",48.735833,0.128167,176,2002082700,0.,1,"","","","","","","","","","","","","","","","","","","","","","","","","","","","","","","","","","",15.3,1,"","","","","","","","","","","","","","","","","","","","","","","","","","","","",100,1,"","","","","","","","","","","","","","","","","","","","","","","","","","","","","","","","","","","","","","","","","","","","","","","","","","","","","","","","","","","","","","","","","","","","","","","","","","","","","","","","","","","","","","","","","","","","","","","","","","",0,1,"","","","","","","","","","","","","","","","","","","","","","","","","","","","","",""
"61328002","LE PIN-AU-HARAS -INRAE",48.735833,0.128167,176,2002082701,0.,1,"","","","","","","","","","","","","","","","","","","","","","","","","","","","","","","","","","",15.5,1,"","","","","","","","","","","","","","","","","","","","","","","","","","","","",100,1,"","","","","","","","","","","","","","","","","","","","","","","","","","","","","","","","","","","","","","","","","","","","","","","","","","","","","","","","","","","","","","","","","","","","","","","","","","","","","","","","","","","","","","","","","","","","","","","","","","",0,1,"","","","","","","","","","","","","","","","","","","","","","","","","","","","","",""
"61328002","LE PIN-AU-HARAS -INRAE",48.735833,0.128167,176,2002082702,0.,1,"","","","","","","","","","","","","","","","","","","","","","","","","","","","","","","","","","",15.6,1,"","","","","","","","","","","","","","","","","","","","","","","","","","","","",100,1,"","","","","","","","","","","","","","","","","","","","","","","","","","","","","","","","","","","","","","","","","","","","","","","","","","","","","","","","","","","","","","","","","","","","","","","","","","","","","","","","","","","","","","","","","","","","","","","","","","",0,1,"","","","","","","","","","","","","","","","","","","","","","","","","","","","","",""
"61328002","LE PIN-AU-HARAS -INRAE",48.735833,0.128167,176,2002082703,0.5,1,"","","","","","","","","","","","","","","","","","","","","","","","","","","","","","","","","","",15.6,1,"","","","","","","","","","","","","","","","","","","","","","","","","","","","",100,1,"","","","","","","","","","","","","","","","","","","","","","","","","","","","","","","","","","","","","","","","","","","","","","","","","","","","","","","","","","","","","","","","","","","","","","","","","","","","","","","","","","","","","","","","","","","","","","","","","","",0,1,"","","","","","","","","","","","","","","","","","","","","","","","","","","","","",""
"61328002","LE PIN-AU-HARAS -INRAE",48.735833,0.128167,176,2002082704,0.,1,"","","","","","","","","","","","","","","","","","","","","","","","","","","","","","","","","","",15.7,1,"","","","","","","","","","","","","","","","","","","","","","","","","","","","",100,1,"","","","","","","","","","","","","","","","","","","","","","","","","","","","","","","","","","","","","","","","","","","","","","","","","","","","","","","","","","","","","","","","","","","","","","","","","","","","","","","","","","","","","","","","","","","","","","","","","","",0,1,"","","","","","","","","","","","","","","","","","","","","","","","","","","","","",""
"61328002","LE PIN-AU-HARAS -INRAE",48.735833,0.128167,176,2002082705,0.5,1,"","","","","","","","","","","","","","","","","","","","","","","","","","","","","","","","","","",15.8,1,"","","","","","","","","","","","","","","","","","","","","","","","","","","","",100,1,"","","","","","","","","","","","","","","","","","","","","","","","","","","","","","","","","","","","","","","","","","","","","","","","","","","","","","","","","","","","","","","","","","","","","","","","","","","","","","","","","","","","","","","","","","","","","","","","","","",0,1,"","","","","","","","","","","","","","","","","","","","","","","","","","","","","",""
"61328002","LE PIN-AU-HARAS -INRAE",48.735833,0.128167,176,2002082706,0.5,1,"","","","","","","","","","","","","","","","","","","","","","","","","","","","","","","","","","",15.8,1,"","","","","","","","","","","","","","","","","","","","","","","","","","","","",100,1,"","","","","","","","","","","","","","","","","","","","","","","","","","","","","","","","","","","","","","","","","","","","","","","","","","","","","","","","","","","","","","","","","","","","","","","","","","","","","","","","","","","","","","","","","","","","","","","","","","",0,1,"","","","","","","","","","","","","","","","","","","","","","","","","","","","","",""
"61328002","LE PIN-AU-HARAS -INRAE",48.735833,0.128167,176,2002082707,0.,1,"","","","","","","","","","","","","","","","","","","","","","","","","","","","","","","","","","",15.8,1,"","","","","","","","","","","","","","","","","","","","","","","","","","","","",100,1,"","","","","","","","","","","","","","","","","","","","","","","","","","","","","","","","","","","","","","","","","","","","","","","","","","","","","","","","","","","","","","","","","","","","","","","","","","","","","","","","","","","","","","","","","","","","","","","","","","",4,1,"","","","","","","","","","","","","","","","","","","","","","","","","","","","","",""
"61328002","LE PIN-AU-HARAS -INRAE",48.735833,0.128167,176,2002082708,0.5,1,"","","","","","","","","","","","","","","","","","","","","","","","","","","","","","","","","","",15.7,1,"","","","","","","","","","","","","","","","","","","","","","","","","","","","",100,1,"","","","","","","","","","","","","","","","","","","","","","","","","","","","","","","","","","","","","","","","","","","","","","","","","","","","","","","","","","","","","","","","","","","","","","","","","","","","","","","","","","","","","","","","","","","","","","","","","","",8,1,"","","","","","","","","","","","","","","","","","","","","","","","","","","","","",""
"61328002","LE PIN-AU-HARAS -INRAE",48.735833,0.128167,176,2002082709,0.5,1,"","","","","","","","","","","","","","","","","","","","","","","","","","","","","","","","","","",16.,1,"","","","","","","","","","","","","","","","","","","","","","","","","","","","",100,1,"","","","","","","","","","","","","","","","","","","","","","","","","","","","","","","","","","","","","","","","","","","","","","","","","","","","","","","","","","","","","","","","","","","","","","","","","","","","","","","","","","","","","","","","","","","","","","","","","","",12,1,"","","","","","","","","","","","","","","","","","","","","","","","","","","","","",""
"61328002","LE PIN-AU-HARAS -INRAE",48.735833,0.128167,176,2002082710,1.,1,"","","","","","","","","","","","","","","","","","","","","","","","","","","","","","","","","","",16.4,1,"","","","","","","","","","","","","","","","","","","","","","","","","","","","",100,1,"","","","","","","","","","","","","","","","","","","","","","","","","","","","","","","","","","","","","","","","","","","","","","","","","","","","","","","","","","","","","","","","","","","","","","","","","","","","","","","","","","","","","","","","","","","","","","","","","","",16,1,"","","","","","","","","","","","","","","","","","","","","","","","","","","","","",""
"61328002","LE PIN-AU-HARAS -INRAE",48.735833,0.128167,176,2002082711,0.5,1,"","","","","","","","","","","","","","","","","","","","","","","","","","","","","","","","","","",16.4,1,"","","","","","","","","","","","","","","","","","","","","","","","","","","","",100,1,"","","","","","","","","","","","","","","","","","","","","","","","","","","","","","","","","","","","","","","","","","","","","","","","","","","","","","","","","","","","","","","","","","","","","","","","","","","","","","","","","","","","","","","","","","","","","","","","","","",18,1,"","","","","","","","","","","","","","","","","","","","","","","","","","","","","",""
"61328002","LE PIN-AU-HARAS -INRAE",48.735833,0.128167,176,2002082712,0.5,1,"","","","","","","","","","","","","","","","","","","","","","","","","","","","","","","","","","",16.4,1,"","","","","","","","","","","","","","","","","","","","","","","","","","","","",100,1,"","","","","","","","","","","","","","","","","","","","","","","","","","","","","","","","","","","","","","","","","","","","","","","","","","","","","","","","","","","","","","","","","","","","","","","","","","","","","","","","","","","","","","","","","","","","","","","","","","",26,1,"","","","","","","","","","","","","","","","","","","","","","","","","","","","","",""
"61328002","LE PIN-AU-HARAS -INRAE",48.735833,0.128167,176,2002082713,0.5,1,"","","","","","","","","","","","","","","","","","","","","","","","","","","","","","","","","","",16.3,1,"","","","","","","","","","","","","","","","","","","","","","","","","","","","",100,1,"","","","","","","","","","","","","","","","","","","","","","","","","","","","","","","","","","","","","","","","","","","","","","","","","","","","","","","","","","","","","","","","","","","","","","","","","","","","","","","","","","","","","","","","","","","","","","","","","","",32,1,"","","","","","","","","","","","","","","","","","","","","","","","","","","","","",""
"61328002","LE PIN-AU-HARAS -INRAE",48.735833,0.128167,176,2002082714,0.5,1,"","","","","","","","","","","","","","","","","","","","","","","","","","","","","","","","","","",16.2,1,"","","","","","","","","","","","","","","","","","","","","","","","","","","","",100,1,"","","","","","","","","","","","","","","","","","","","","","","","","","","","","","","","","","","","","","","","","","","","","","","","","","","","","","","","","","","","","","","","","","","","","","","","","","","","","","","","","","","","","","","","","","","","","","","","","","",26,1,"","","","","","","","","","","","","","","","","","","","","","","","","","","","","",""
"61328002","LE PIN-AU-HARAS -INRAE",48.735833,0.128167,176,2002082715,0.,1,"","","","","","","","","","","","","","","","","","","","","","","","","","","","","","","","","","",16.2,1,"","","","","","","","","","","","","","","","","","","","","","","","","","","","",100,1,"","","","","","","","","","","","","","","","","","","","","","","","","","","","","","","","","","","","","","","","","","","","","","","","","","","","","","","","","","","","","","","","","","","","","","","","","","","","","","","","","","","","","","","","","","","","","","","","","","",20,1,"","","","","","","","","","","","","","","","","","","","","","","","","","","","","",""
"61328002","LE PIN-AU-HARAS -INRAE",48.735833,0.128167,176,2002082716,0.,1,"","","","","","","","","","","","","","","","","","","","","","","","","","","","","","","","","","",16.3,1,"","","","","","","","","","","","","","","","","","","","","","","","","","","","",100,1,"","","","","","","","","","","","","","","","","","","","","","","","","","","","","","","","","","","","","","","","","","","","","","","","","","","","","","","","","","","","","","","","","","","","","","","","","","","","","","","","","","","","","","","","","","","","","","","","","","",16,1,"","","","","","","","","","","","","","","","","","","","","","","","","","","","","",""
"61328002","LE PIN-AU-HARAS -INRAE",48.735833,0.128167,176,2002082717,0.,1,"","","","","","","","","","","","","","","","","","","","","","","","","","","","","","","","","","",16.3,1,"","","","","","","","","","","","","","","","","","","","","","","","","","","","",100,1,"","","","","","","","","","","","","","","","","","","","","","","","","","","","","","","","","","","","","","","","","","","","","","","","","","","","","","","","","","","","","","","","","","","","","","","","","","","","","","","","","","","","","","","","","","","","","","","","","","",18,1,"","","","","","","","","","","","","","","","","","","","","","","","","","","","","",""
"61328002","LE PIN-AU-HARAS -INRAE",48.735833,0.128167,176,2002082718,0.,1,"","","","","","","","","","","","","","","","","","","","","","","","","","","","","","","","","","",16.2,1,"","","","","","","","","","","","","","","","","","","","","","","","","","","","",100,1,"","","","","","","","","","","","","","","","","","","","","","","","","","","","","","","","","","","","","","","","","","","","","","","","","","","","","","","","","","","","","","","","","","","","","","","","","","","","","","","","","","","","","","","","","","","","","","","","","","",10,1,"","","","","","","","","","","","","","","","","","","","","","","","","","","","","",""
"61328002","LE PIN-AU-HARAS -INRAE",48.735833,0.128167,176,2002082719,0.,1,"","","","","","","","","","","","","","","","","","","","","","","","","","","","","","","","","","",16.1,1,"","","","","","","","","","","","","","","","","","","","","","","","","","","","",99,1,"","","","","","","","","","","","","","","","","","","","","","","","","","","","","","","","","","","","","","","","","","","","","","","","","","","","","","","","","","","","","","","","","","","","","","","","","","","","","","","","","","","","","","","","","","","","","","","","","","",2,1,"","","","","","","","","","","","","","","","","","","","","","","","","","","","","",""
"61328002","LE PIN-AU-HARAS -INRAE",48.735833,0.128167,176,2002082720,0.,1,"","","","","","","","","","","","","","","","","","","","","","","","","","","","","","","","","","",16.,1,"","","","","","","","","","","","","","","","","","","","","","","","","","","","",99,1,"","","","","","","","","","","","","","","","","","","","","","","","","","","","","","","","","","","","","","","","","","","","","","","","","","","","","","","","","","","","","","","","","","","","","","","","","","","","","","","","","","","","","","","","","","","","","","","","","","",0,1,"","","","","","","","","","","","","","","","","","","","","","","","","","","","","",""
"61328002","LE PIN-AU-HARAS -INRAE",48.735833,0.128167,176,2002082721,0.,1,"","","","","","","","","","","","","","","","","","","","","","","","","","","","","","","","","","",16.,1,"","","","","","","","","","","","","","","","","","","","","","","","","","","","",99,1,"","","","","","","","","","","","","","","","","","","","","","","","","","","","","","","","","","","","","","","","","","","","","","","","","","","","","","","","","","","","","","","","","","","","","","","","","","","","","","","","","","","","","","","","","","","","","","","","","","",0,1,"","","","","","","","","","","","","","","","","","","","","","","","","","","","","",""
"61328002","LE PIN-AU-HARAS -INRAE",48.735833,0.128167,176,2002082722,0.,1,"","","","","","","","","","","","","","","","","","","","","","","","","","","","","","","","","","",15.7,1,"","","","","","","","","","","","","","","","","","","","","","","","","","","","",100,1,"","","","","","","","","","","","","","","","","","","","","","","","","","","","","","","","","","","","","","","","","","","","","","","","","","","","","","","","","","","","","","","","","","","","","","","","","","","","","","","","","","","","","","","","","","","","","","","","","","",0,1,"","","","","","","","","","","","","","","","","","","","","","","","","","","","","",""
"61328002","LE PIN-AU-HARAS -INRAE",48.735833,0.128167,176,2002082723,0.,1,"","","","","","","","","","","","","","","","","","","","","","","","","","","","","","","","","","",15.8,1,"","","","","","","","","","","","","","","","","","","","","","","","","","","","",100,1,"","","","","","","","","","","","","","","","","","","","","","","","","","","","","","","","","","","","","","","","","","","","","","","","","","","","","","","","","","","","","","","","","","","","","","","","","","","","","","","","","","","","","","","","","","","","","","","","","","",0,1,"","","","","","","","","","","","","","","","","","","","","","","","","","","","","",""
"61328002","LE PIN-AU-HARAS -INRAE",48.735833,0.128167,176,2002082800,0.,1,"","","","","","","","","","","","","","","","","","","","","","","","","","","","","","","","","","",15.,1,"","","","","","","","","","","","","","","","","","","","","","","","","","","","",100,1,"","","","","","","","","","","","","","","","","","","","","","","","","","","","","","","","","","","","","","","","","","","","","","","","","","","","","","","","","","","","","","","","","","","","","","","","","","","","","","","","","","","","","","","","","","","","","","","","","","",0,1,"","","","","","","","","","","","","","","","","","","","","","","","","","","","","",""
"61328002","LE PIN-AU-HARAS -INRAE",48.735833,0.128167,176,2002082801,0.,1,"","","","","","","","","","","","","","","","","","","","","","","","","","","","","","","","","","",14.3,1,"","","","","","","","","","","","","","","","","","","","","","","","","","","","",100,1,"","","","","","","","","","","","","","","","","","","","","","","","","","","","","","","","","","","","","","","","","","","","","","","","","","","","","","","","","","","","","","","","","","","","","","","","","","","","","","","","","","","","","","","","","","","","","","","","","","",0,1,"","","","","","","","","","","","","","","","","","","","","","","","","","","","","",""
"61328002","LE PIN-AU-HARAS -INRAE",48.735833,0.128167,176,2002082802,0.,1,"","","","","","","","","","","","","","","","","","","","","","","","","","","","","","","","","","",15.,1,"","","","","","","","","","","","","","","","","","","","","","","","","","","","",100,1,"","","","","","","","","","","","","","","","","","","","","","","","","","","","","","","","","","","","","","","","","","","","","","","","","","","","","","","","","","","","","","","","","","","","","","","","","","","","","","","","","","","","","","","","","","","","","","","","","","",0,1,"","","","","","","","","","","","","","","","","","","","","","","","","","","","","",""
"61328002","LE PIN-AU-HARAS -INRAE",48.735833,0.128167,176,2002082803,0.,1,"","","","","","","","","","","","","","","","","","","","","","","","","","","","","","","","","","",14.6,1,"","","","","","","","","","","","","","","","","","","","","","","","","","","","",100,1,"","","","","","","","","","","","","","","","","","","","","","","","","","","","","","","","","","","","","","","","","","","","","","","","","","","","","","","","","","","","","","","","","","","","","","","","","","","","","","","","","","","","","","","","","","","","","","","","","","",0,1,"","","","","","","","","","","","","","","","","","","","","","","","","","","","","",""
"61328002","LE PIN-AU-HARAS -INRAE",48.735833,0.128167,176,2002082804,0.,1,"","","","","","","","","","","","","","","","","","","","","","","","","","","","","","","","","","",14.7,1,"","","","","","","","","","","","","","","","","","","","","","","","","","","","",100,1,"","","","","","","","","","","","","","","","","","","","","","","","","","","","","","","","","","","","","","","","","","","","","","","","","","","","","","","","","","","","","","","","","","","","","","","","","","","","","","","","","","","","","","","","","","","","","","","","","","",0,1,"","","","","","","","","","","","","","","","","","","","","","","","","","","","","",""
"61328002","LE PIN-AU-HARAS -INRAE",48.735833,0.128167,176,2002082805,0.,1,"","","","","","","","","","","","","","","","","","","","","","","","","","","","","","","","","","",14.7,1,"","","","","","","","","","","","","","","","","","","","","","","","","","","","",100,1,"","","","","","","","","","","","","","","","","","","","","","","","","","","","","","","","","","","","","","","","","","","","","","","","","","","","","","","","","","","","","","","","","","","","","","","","","","","","","","","","","","","","","","","","","","","","","","","","","","",0,1,"","","","","","","","","","","","","","","","","","","","","","","","","","","","","",""
"61328002","LE PIN-AU-HARAS -INRAE",48.735833,0.128167,176,2002082806,0.,1,"","","","","","","","","","","","","","","","","","","","","","","","","","","","","","","","","","",15.2,1,"","","","","","","","","","","","","","","","","","","","","","","","","","","","",100,1,"","","","","","","","","","","","","","","","","","","","","","","","","","","","","","","","","","","","","","","","","","","","","","","","","","","","","","","","","","","","","","","","","","","","","","","","","","","","","","","","","","","","","","","","","","","","","","","","","","",0,1,"","","","","","","","","","","","","","","","","","","","","","","","","","","","","",""
"61328002","LE PIN-AU-HARAS -INRAE",48.735833,0.128167,176,2002082807,0.,1,"","","","","","","","","","","","","","","","","","","","","","","","","","","","","","","","","","",15.5,1,"","","","","","","","","","","","","","","","","","","","","","","","","","","","",100,1,"","","","","","","","","","","","","","","","","","","","","","","","","","","","","","","","","","","","","","","","","","","","","","","","","","","","","","","","","","","","","","","","","","","","","","","","","","","","","","","","","","","","","","","","","","","","","","","","","","",14,1,"","","","","","","","","","","","","","","","","","","","","","","","","","","","","",""
"61328002","LE PIN-AU-HARAS -INRAE",48.735833,0.128167,176,2002082808,0.,1,"","","","","","","","","","","","","","","","","","","","","","","","","","","","","","","","","","",15.6,1,"","","","","","","","","","","","","","","","","","","","","","","","","","","","",100,1,"","","","","","","","","","","","","","","","","","","","","","","","","","","","","","","","","","","","","","","","","","","","","","","","","","","","","","","","","","","","","","","","","","","","","","","","","","","","","","","","","","","","","","","","","","","","","","","","","","",14,1,"","","","","","","","","","","","","","","","","","","","","","","","","","","","","",""
"61328002","LE PIN-AU-HARAS -INRAE",48.735833,0.128167,176,2002082809,0.,1,"","","","","","","","","","","","","","","","","","","","","","","","","","","","","","","","","","",15.8,1,"","","","","","","","","","","","","","","","","","","","","","","","","","","","",99,1,"","","","","","","","","","","","","","","","","","","","","","","","","","","","","","","","","","","","","","","","","","","","","","","","","","","","","","","","","","","","","","","","","","","","","","","","","","","","","","","","","","","","","","","","","","","","","","","","","","",22,1,"","","","","","","","","","","","","","","","","","","","","","","","","","","","","",""
"61328002","LE PIN-AU-HARAS -INRAE",48.735833,0.128167,176,2002082810,0.,1,"","","","","","","","","","","","","","","","","","","","","","","","","","","","","","","","","","",16.2,1,"","","","","","","","","","","","","","","","","","","","","","","","","","","","",98,1,"","","","","","","","","","","","","","","","","","","","","","","","","","","","","","","","","","","","","","","","","","","","","","","","","","","","","","","","","","","","","","","","","","","","","","","","","","","","","","","","","","","","","","","","","","","","","","","","","","",28,1,"","","","","","","","","","","","","","","","","","","","","","","","","","","","","",""
"61328002","LE PIN-AU-HARAS -INRAE",48.735833,0.128167,176,2002082811,0.,1,"","","","","","","","","","","","","","","","","","","","","","","","","","","","","","","","","","",16.4,1,"","","","","","","","","","","","","","","","","","","","","","","","","","","","",98,1,"","","","","","","","","","","","","","","","","","","","","","","","","","","","","","","","","","","","","","","","","","","","","","","","","","","","","","","","","","","","","","","","","","","","","","","","","","","","","","","","","","","","","","","","","","","","","","","","","","",32,1,"","","","","","","","","","","","","","","","","","","","","","","","","","","","","",""
"61328002","LE PIN-AU-HARAS -INRAE",48.735833,0.128167,176,2002082812,0.,1,"","","","","","","","","","","","","","","","","","","","","","","","","","","","","","","","","","",18.8,1,"","","","","","","","","","","","","","","","","","","","","","","","","","","","",93,1,"","","","","","","","","","","","","","","","","","","","","","","","","","","","","","","","","","","","","","","","","","","","","","","","","","","","","","","","","","","","","","","","","","","","","","","","","","","","","","","","","","","","","","","","","","","","","","","","","","",72,1,"","","","","","","","","","","","","","","","","","","","","","","","","","","","","",""
"61328002","LE PIN-AU-HARAS -INRAE",48.735833,0.128167,176,2002082813,0.,1,"","","","","","","","","","","","","","","","","","","","","","","","","","","","","","","","","","",17.9,1,"","","","","","","","","","","","","","","","","","","","","","","","","","","","",91,1,"","","","","","","","","","","","","","","","","","","","","","","","","","","","","","","","","","","","","","","","","","","","","","","","","","","","","","","","","","","","","","","","","","","","","","","","","","","","","","","","","","","","","","","","","","","","","","","","","","",66,1,"","","","","","","","","","","","","","","","","","","","","","","","","","","","","",""
"61328002","LE PIN-AU-HARAS -INRAE",48.735833,0.128167,176,2002082814,0.,1,"","","","","","","","","","","","","","","","","","","","","","","","","","","","","","","","","","",17.1,1,"","","","","","","","","","","","","","","","","","","","","","","","","","","","",95,1,"","","","","","","","","","","","","","","","","","","","","","","","","","","","","","","","","","","","","","","","","","","","","","","","","","","","","","","","","","","","","","","","","","","","","","","","","","","","","","","","","","","","","","","","","","","","","","","","","","",92,1,"","","","","","","","","","","","","","","","","","","","","","","","","","","","","",""
"61328002","LE PIN-AU-HARAS -INRAE",48.735833,0.128167,176,2002082815,0.,1,"","","","","","","","","","","","","","","","","","","","","","","","","","","","","","","","","","",17.,1,"","","","","","","","","","","","","","","","","","","","","","","","","","","","",93,1,"","","","","","","","","","","","","","","","","","","","","","","","","","","","","","","","","","","","","","","","","","","","","","","","","","","","","","","","","","","","","","","","","","","","","","","","","","","","","","","","","","","","","","","","","","","","","","","","","","",84,1,"","","","","","","","","","","","","","","","","","","","","","","","","","","","","",""
"61328002","LE PIN-AU-HARAS -INRAE",48.735833,0.128167,176,2002082816,0.,1,"","","","","","","","","","","","","","","","","","","","","","","","","","","","","","","","","","",16.7,1,"","","","","","","","","","","","","","","","","","","","","","","","","","","","",96,1,"","","","","","","","","","","","","","","","","","","","","","","","","","","","","","","","","","","","","","","","","","","","","","","","","","","","","","","","","","","","","","","","","","","","","","","","","","","","","","","","","","","","","","","","","","","","","","","","","","",34,1,"","","","","","","","","","","","","","","","","","","","","","","","","","","","","",""
"61328002","LE PIN-AU-HARAS -INRAE",48.735833,0.128167,176,2002082817,0.,1,"","","","","","","","","","","","","","","","","","","","","","","","","","","","","","","","","","",17.,1,"","","","","","","","","","","","","","","","","","","","","","","","","","","","",95,1,"","","","","","","","","","","","","","","","","","","","","","","","","","","","","","","","","","","","","","","","","","","","","","","","","","","","","","","","","","","","","","","","","","","","","","","","","","","","","","","","","","","","","","","","","","","","","","","","","","",22,1,"","","","","","","","","","","","","","","","","","","","","","","","","","","","","",""
"61328002","LE PIN-AU-HARAS -INRAE",48.735833,0.128167,176,2002082818,0.,1,"","","","","","","","","","","","","","","","","","","","","","","","","","","","","","","","","","",17.2,1,"","","","","","","","","","","","","","","","","","","","","","","","","","","","",92,1,"","","","","","","","","","","","","","","","","","","","","","","","","","","","","","","","","","","","","","","","","","","","","","","","","","","","","","","","","","","","","","","","","","","","","","","","","","","","","","","","","","","","","","","","","","","","","","","","","","",12,1,"","","","","","","","","","","","","","","","","","","","","","","","","","","","","",""
"61328002","LE PIN-AU-HARAS -INRAE",48.735833,0.128167,176,2002082819,0.,1,"","","","","","","","","","","","","","","","","","","","","","","","","","","","","","","","","","",16.5,1,"","","","","","","","","","","","","","","","","","","","","","","","","","","","",94,1,"","","","","","","","","","","","","","","","","","","","","","","","","","","","","","","","","","","","","","","","","","","","","","","","","","","","","","","","","","","","","","","","","","","","","","","","","","","","","","","","","","","","","","","","","","","","","","","","","","",2,1,"","","","","","","","","","","","","","","","","","","","","","","","","","","","","",""
"61328002","LE PIN-AU-HARAS -INRAE",48.735833,0.128167,176,2002082820,0.,1,"","","","","","","","","","","","","","","","","","","","","","","","","","","","","","","","","","",15.9,1,"","","","","","","","","","","","","","","","","","","","","","","","","","","","",96,1,"","","","","","","","","","","","","","","","","","","","","","","","","","","","","","","","","","","","","","","","","","","","","","","","","","","","","","","","","","","","","","","","","","","","","","","","","","","","","","","","","","","","","","","","","","","","","","","","","","",0,1,"","","","","","","","","","","","","","","","","","","","","","","","","","","","","",""
"61328002","LE PIN-AU-HARAS -INRAE",48.735833,0.128167,176,2002082821,0.,1,"","","","","","","","","","","","","","","","","","","","","","","","","","","","","","","","","","",15.5,1,"","","","","","","","","","","","","","","","","","","","","","","","","","","","",98,1,"","","","","","","","","","","","","","","","","","","","","","","","","","","","","","","","","","","","","","","","","","","","","","","","","","","","","","","","","","","","","","","","","","","","","","","","","","","","","","","","","","","","","","","","","","","","","","","","","","",0,1,"","","","","","","","","","","","","","","","","","","","","","","","","","","","","",""
"61328002","LE PIN-AU-HARAS -INRAE",48.735833,0.128167,176,2002082822,0.,1,"","","","","","","","","","","","","","","","","","","","","","","","","","","","","","","","","","",15.5,1,"","","","","","","","","","","","","","","","","","","","","","","","","","","","",99,1,"","","","","","","","","","","","","","","","","","","","","","","","","","","","","","","","","","","","","","","","","","","","","","","","","","","","","","","","","","","","","","","","","","","","","","","","","","","","","","","","","","","","","","","","","","","","","","","","","","",0,1,"","","","","","","","","","","","","","","","","","","","","","","","","","","","","",""
"61328002","LE PIN-AU-HARAS -INRAE",48.735833,0.128167,176,2002082823,0.,1,"","","","","","","","","","","","","","","","","","","","","","","","","","","","","","","","","","",15.4,1,"","","","","","","","","","","","","","","","","","","","","","","","","","","","",100,1,"","","","","","","","","","","","","","","","","","","","","","","","","","","","","","","","","","","","","","","","","","","","","","","","","","","","","","","","","","","","","","","","","","","","","","","","","","","","","","","","","","","","","","","","","","","","","","","","","","",0,1,"","","","","","","","","","","","","","","","","","","","","","","","","","","","","",""
"61328002","LE PIN-AU-HARAS -INRAE",48.735833,0.128167,176,2002082900,0.,1,"","","","","","","","","","","","","","","","","","","","","","","","","","","","","","","","","","",15.3,1,"","","","","","","","","","","","","","","","","","","","","","","","","","","","",100,1,"","","","","","","","","","","","","","","","","","","","","","","","","","","","","","","","","","","","","","","","","","","","","","","","","","","","","","","","","","","","","","","","","","","","","","","","","","","","","","","","","","","","","","","","","","","","","","","","","","",0,1,"","","","","","","","","","","","","","","","","","","","","","","","","","","","","",""
"61328002","LE PIN-AU-HARAS -INRAE",48.735833,0.128167,176,2002082901,0.,1,"","","","","","","","","","","","","","","","","","","","","","","","","","","","","","","","","","",15.,1,"","","","","","","","","","","","","","","","","","","","","","","","","","","","",100,1,"","","","","","","","","","","","","","","","","","","","","","","","","","","","","","","","","","","","","","","","","","","","","","","","","","","","","","","","","","","","","","","","","","","","","","","","","","","","","","","","","","","","","","","","","","","","","","","","","","",0,1,"","","","","","","","","","","","","","","","","","","","","","","","","","","","","",""
"61328002","LE PIN-AU-HARAS -INRAE",48.735833,0.128167,176,2002082902,0.,1,"","","","","","","","","","","","","","","","","","","","","","","","","","","","","","","","","","",14.9,1,"","","","","","","","","","","","","","","","","","","","","","","","","","","","",100,1,"","","","","","","","","","","","","","","","","","","","","","","","","","","","","","","","","","","","","","","","","","","","","","","","","","","","","","","","","","","","","","","","","","","","","","","","","","","","","","","","","","","","","","","","","","","","","","","","","","",0,1,"","","","","","","","","","","","","","","","","","","","","","","","","","","","","",""
"61328002","LE PIN-AU-HARAS -INRAE",48.735833,0.128167,176,2002082903,0.,1,"","","","","","","","","","","","","","","","","","","","","","","","","","","","","","","","","","",14.6,1,"","","","","","","","","","","","","","","","","","","","","","","","","","","","",100,1,"","","","","","","","","","","","","","","","","","","","","","","","","","","","","","","","","","","","","","","","","","","","","","","","","","","","","","","","","","","","","","","","","","","","","","","","","","","","","","","","","","","","","","","","","","","","","","","","","","",0,1,"","","","","","","","","","","","","","","","","","","","","","","","","","","","","",""
"61328002","LE PIN-AU-HARAS -INRAE",48.735833,0.128167,176,2002082904,0.,1,"","","","","","","","","","","","","","","","","","","","","","","","","","","","","","","","","","",14.3,1,"","","","","","","","","","","","","","","","","","","","","","","","","","","","",100,1,"","","","","","","","","","","","","","","","","","","","","","","","","","","","","","","","","","","","","","","","","","","","","","","","","","","","","","","","","","","","","","","","","","","","","","","","","","","","","","","","","","","","","","","","","","","","","","","","","","",0,1,"","","","","","","","","","","","","","","","","","","","","","","","","","","","","",""
"61328002","LE PIN-AU-HARAS -INRAE",48.735833,0.128167,176,2002082905,0.,1,"","","","","","","","","","","","","","","","","","","","","","","","","","","","","","","","","","",14.2,1,"","","","","","","","","","","","","","","","","","","","","","","","","","","","",100,1,"","","","","","","","","","","","","","","","","","","","","","","","","","","","","","","","","","","","","","","","","","","","","","","","","","","","","","","","","","","","","","","","","","","","","","","","","","","","","","","","","","","","","","","","","","","","","","","","","","",0,1,"","","","","","","","","","","","","","","","","","","","","","","","","","","","","",""
"61328002","LE PIN-AU-HARAS -INRAE",48.735833,0.128167,176,2002082906,0.,1,"","","","","","","","","","","","","","","","","","","","","","","","","","","","","","","","","","",14.,1,"","","","","","","","","","","","","","","","","","","","","","","","","","","","",100,1,"","","","","","","","","","","","","","","","","","","","","","","","","","","","","","","","","","","","","","","","","","","","","","","","","","","","","","","","","","","","","","","","","","","","","","","","","","","","","","","","","","","","","","","","","","","","","","","","","","",2,1,"","","","","","","","","","","","","","","","","","","","","","","","","","","","","",""
"61328002","LE PIN-AU-HARAS -INRAE",48.735833,0.128167,176,2002082907,0.,1,"","","","","","","","","","","","","","","","","","","","","","","","","","","","","","","","","","",13.9,1,"","","","","","","","","","","","","","","","","","","","","","","","","","","","",100,1,"","","","","","","","","","","","","","","","","","","","","","","","","","","","","","","","","","","","","","","","","","","","","","","","","","","","","","","","","","","","","","","","","","","","","","","","","","","","","","","","","","","","","","","","","","","","","","","","","","",18,1,"","","","","","","","","","","","","","","","","","","","","","","","","","","","","",""
"61328002","LE PIN-AU-HARAS -INRAE",48.735833,0.128167,176,2002082908,0.,1,"","","","","","","","","","","","","","","","","","","","","","","","","","","","","","","","","","",14.8,1,"","","","","","","","","","","","","","","","","","","","","","","","","","","","",100,1,"","","","","","","","","","","","","","","","","","","","","","","","","","","","","","","","","","","","","","","","","","","","","","","","","","","","","","","","","","","","","","","","","","","","","","","","","","","","","","","","","","","","","","","","","","","","","","","","","","",54,1,"","","","","","","","","","","","","","","","","","","","","","","","","","","","","",""
"61328002","LE PIN-AU-HARAS -INRAE",48.735833,0.128167,176,2002082909,0.,1,"","","","","","","","","","","","","","","","","","","","","","","","","","","","","","","","","","",17.,1,"","","","","","","","","","","","","","","","","","","","","","","","","","","","",88,1,"","","","","","","","","","","","","","","","","","","","","","","","","","","","","","","","","","","","","","","","","","","","","","","","","","","","","","","","","","","","","","","","","","","","","","","","","","","","","","","","","","","","","","","","","","","","","","","","","","",108,1,"","","","","","","","","","","","","","","","","","","","","","","","","","","","","",""
"61328002","LE PIN-AU-HARAS -INRAE",48.735833,0.128167,176,2002082910,0.,1,"","","","","","","","","","","","","","","","","","","","","","","","","","","","","","","","","","",19.1,1,"","","","","","","","","","","","","","","","","","","","","","","","","","","","",76,1,"","","","","","","","","","","","","","","","","","","","","","","","","","","","","","","","","","","","","","","","","","","","","","","","","","","","","","","","","","","","","","","","","","","","","","","","","","","","","","","","","","","","","","","","","","","","","","","","","","",208,1,"","","","","","","","","","","","","","","","","","","","","","","","","","","","","",""
"61328002","LE PIN-AU-HARAS -INRAE",48.735833,0.128167,176,2002082911,0.,1,"","","","","","","","","","","","","","","","","","","","","","","","","","","","","","","","","","",20.4,1,"","","","","","","","","","","","","","","","","","","","","","","","","","","","",74,1,"","","","","","","","","","","","","","","","","","","","","","","","","","","","","","","","","","","","","","","","","","","","","","","","","","","","","","","","","","","","","","","","","","","","","","","","","","","","","","","","","","","","","","","","","","","","","","","","","","",244,1,"","","","","","","","","","","","","","","","","","","","","","","","","","","","","",""
"61328002","LE PIN-AU-HARAS -INRAE",48.735833,0.128167,176,2002082912,0.,1,"","","","","","","","","","","","","","","","","","","","","","","","","","","","","","","","","","",20.9,1,"","","","","","","","","","","","","","","","","","","","","","","","","","","","",71,1,"","","","","","","","","","","","","","","","","","","","","","","","","","","","","","","","","","","","","","","","","","","","","","","","","","","","","","","","","","","","","","","","","","","","","","","","","","","","","","","","","","","","","","","","","","","","","","","","","","",246,1,"","","","","","","","","","","","","","","","","","","","","","","","","","","","","",""
"61328002","LE PIN-AU-HARAS -INRAE",48.735833,0.128167,176,2002082913,0.,1,"","","","","","","","","","","","","","","","","","","","","","","","","","","","","","","","","","",20.1,1,"","","","","","","","","","","","","","","","","","","","","","","","","","","","",75,1,"","","","","","","","","","","","","","","","","","","","","","","","","","","","","","","","","","","","","","","","","","","","","","","","","","","","","","","","","","","","","","","","","","","","","","","","","","","","","","","","","","","","","","","","","","","","","","","","","","",262,1,"","","","","","","","","","","","","","","","","","","","","","","","","","","","","",""
"61328002","LE PIN-AU-HARAS -INRAE",48.735833,0.128167,176,2002082914,0.,1,"","","","","","","","","","","","","","","","","","","","","","","","","","","","","","","","","","",19.1,1,"","","","","","","","","","","","","","","","","","","","","","","","","","","","",80,1,"","","","","","","","","","","","","","","","","","","","","","","","","","","","","","","","","","","","","","","","","","","","","","","","","","","","","","","","","","","","","","","","","","","","","","","","","","","","","","","","","","","","","","","","","","","","","","","","","","",246,1,"","","","","","","","","","","","","","","","","","","","","","","","","","","","","",""
"61328002","LE PIN-AU-HARAS -INRAE",48.735833,0.128167,176,2002082915,0.,1,"","","","","","","","","","","","","","","","","","","","","","","","","","","","","","","","","","",19.7,1,"","","","","","","","","","","","","","","","","","","","","","","","","","","","",74,1,"","","","","","","","","","","","","","","","","","","","","","","","","","","","","","","","","","","","","","","","","","","","","","","","","","","","","","","","","","","","","","","","","","","","","","","","","","","","","","","","","","","","","","","","","","","","","","","","","","",200,1,"","","","","","","","","","","","","","","","","","","","","","","","","","","","","",""
"61328002","LE PIN-AU-HARAS -INRAE",48.735833,0.128167,176,2002082916,0.,1,"","","","","","","","","","","","","","","","","","","","","","","","","","","","","","","","","","",20.3,1,"","","","","","","","","","","","","","","","","","","","","","","","","","","","",73,1,"","","","","","","","","","","","","","","","","","","","","","","","","","","","","","","","","","","","","","","","","","","","","","","","","","","","","","","","","","","","","","","","","","","","","","","","","","","","","","","","","","","","","","","","","","","","","","","","","","",160,1,"","","","","","","","","","","","","","","","","","","","","","","","","","","","","",""
"61328002","LE PIN-AU-HARAS -INRAE",48.735833,0.128167,176,2002082917,0.,1,"","","","","","","","","","","","","","","","","","","","","","","","","","","","","","","","","","",19.9,1,"","","","","","","","","","","","","","","","","","","","","","","","","","","","",73,1,"","","","","","","","","","","","","","","","","","","","","","","","","","","","","","","","","","","","","","","","","","","","","","","","","","","","","","","","","","","","","","","","","","","","","","","","","","","","","","","","","","","","","","","","","","","","","","","","","","",108,1,"","","","","","","","","","","","","","","","","","","","","","","","","","","","","",""
"61328002","LE PIN-AU-HARAS -INRAE",48.735833,0.128167,176,2002082918,0.,1,"","","","","","","","","","","","","","","","","","","","","","","","","","","","","","","","","","",18.9,1,"","","","","","","","","","","","","","","","","","","","","","","","","","","","",79,1,"","","","","","","","","","","","","","","","","","","","","","","","","","","","","","","","","","","","","","","","","","","","","","","","","","","","","","","","","","","","","","","","","","","","","","","","","","","","","","","","","","","","","","","","","","","","","","","","","","",44,1,"","","","","","","","","","","","","","","","","","","","","","","","","","","","","",""
"61328002","LE PIN-AU-HARAS -INRAE",48.735833,0.128167,176,2002082919,0.,1,"","","","","","","","","","","","","","","","","","","","","","","","","","","","","","","","","","",15.2,1,"","","","","","","","","","","","","","","","","","","","","","","","","","","","",95,1,"","","","","","","","","","","","","","","","","","","","","","","","","","","","","","","","","","","","","","","","","","","","","","","","","","","","","","","","","","","","","","","","","","","","","","","","","","","","","","","","","","","","","","","","","","","","","","","","","","",4,1,"","","","","","","","","","","","","","","","","","","","","","","","","","","","","",""
"61328002","LE PIN-AU-HARAS -INRAE",48.735833,0.128167,176,2002082920,0.,1,"","","","","","","","","","","","","","","","","","","","","","","","","","","","","","","","","","",13.4,1,"","","","","","","","","","","","","","","","","","","","","","","","","","","","",98,1,"","","","","","","","","","","","","","","","","","","","","","","","","","","","","","","","","","","","","","","","","","","","","","","","","","","","","","","","","","","","","","","","","","","","","","","","","","","","","","","","","","","","","","","","","","","","","","","","","","",0,1,"","","","","","","","","","","","","","","","","","","","","","","","","","","","","",""
"61328002","LE PIN-AU-HARAS -INRAE",48.735833,0.128167,176,2002082921,0.,1,"","","","","","","","","","","","","","","","","","","","","","","","","","","","","","","","","","",12.9,1,"","","","","","","","","","","","","","","","","","","","","","","","","","","","",100,1,"","","","","","","","","","","","","","","","","","","","","","","","","","","","","","","","","","","","","","","","","","","","","","","","","","","","","","","","","","","","","","","","","","","","","","","","","","","","","","","","","","","","","","","","","","","","","","","","","","",0,1,"","","","","","","","","","","","","","","","","","","","","","","","","","","","","",""
"61328002","LE PIN-AU-HARAS -INRAE",48.735833,0.128167,176,2002082922,0.,1,"","","","","","","","","","","","","","","","","","","","","","","","","","","","","","","","","","",12.8,1,"","","","","","","","","","","","","","","","","","","","","","","","","","","","",100,1,"","","","","","","","","","","","","","","","","","","","","","","","","","","","","","","","","","","","","","","","","","","","","","","","","","","","","","","","","","","","","","","","","","","","","","","","","","","","","","","","","","","","","","","","","","","","","","","","","","",0,1,"","","","","","","","","","","","","","","","","","","","","","","","","","","","","",""
"61328002","LE PIN-AU-HARAS -INRAE",48.735833,0.128167,176,2002082923,0.,1,"","","","","","","","","","","","","","","","","","","","","","","","","","","","","","","","","","",13.3,1,"","","","","","","","","","","","","","","","","","","","","","","","","","","","",100,1,"","","","","","","","","","","","","","","","","","","","","","","","","","","","","","","","","","","","","","","","","","","","","","","","","","","","","","","","","","","","","","","","","","","","","","","","","","","","","","","","","","","","","","","","","","","","","","","","","","",0,1,"","","","","","","","","","","","","","","","","","","","","","","","","","","","","",""
"61328002","LE PIN-AU-HARAS -INRAE",48.735833,0.128167,176,2002083000,0.,1,"","","","","","","","","","","","","","","","","","","","","","","","","","","","","","","","","","",13.5,1,"","","","","","","","","","","","","","","","","","","","","","","","","","","","",100,1,"","","","","","","","","","","","","","","","","","","","","","","","","","","","","","","","","","","","","","","","","","","","","","","","","","","","","","","","","","","","","","","","","","","","","","","","","","","","","","","","","","","","","","","","","","","","","","","","","","",0,1,"","","","","","","","","","","","","","","","","","","","","","","","","","","","","",""
"61328002","LE PIN-AU-HARAS -INRAE",48.735833,0.128167,176,2002083001,0.,1,"","","","","","","","","","","","","","","","","","","","","","","","","","","","","","","","","","",12.,1,"","","","","","","","","","","","","","","","","","","","","","","","","","","","",100,1,"","","","","","","","","","","","","","","","","","","","","","","","","","","","","","","","","","","","","","","","","","","","","","","","","","","","","","","","","","","","","","","","","","","","","","","","","","","","","","","","","","","","","","","","","","","","","","","","","","",0,1,"","","","","","","","","","","","","","","","","","","","","","","","","","","","","",""
"61328002","LE PIN-AU-HARAS -INRAE",48.735833,0.128167,176,2002083002,0.,1,"","","","","","","","","","","","","","","","","","","","","","","","","","","","","","","","","","",12.1,1,"","","","","","","","","","","","","","","","","","","","","","","","","","","","",100,1,"","","","","","","","","","","","","","","","","","","","","","","","","","","","","","","","","","","","","","","","","","","","","","","","","","","","","","","","","","","","","","","","","","","","","","","","","","","","","","","","","","","","","","","","","","","","","","","","","","",0,1,"","","","","","","","","","","","","","","","","","","","","","","","","","","","","",""
"61328002","LE PIN-AU-HARAS -INRAE",48.735833,0.128167,176,2002083003,0.,1,"","","","","","","","","","","","","","","","","","","","","","","","","","","","","","","","","","",12.8,1,"","","","","","","","","","","","","","","","","","","","","","","","","","","","",100,1,"","","","","","","","","","","","","","","","","","","","","","","","","","","","","","","","","","","","","","","","","","","","","","","","","","","","","","","","","","","","","","","","","","","","","","","","","","","","","","","","","","","","","","","","","","","","","","","","","","",0,1,"","","","","","","","","","","","","","","","","","","","","","","","","","","","","",""
"61328002","LE PIN-AU-HARAS -INRAE",48.735833,0.128167,176,2002083004,0.,1,"","","","","","","","","","","","","","","","","","","","","","","","","","","","","","","","","","",13.5,1,"","","","","","","","","","","","","","","","","","","","","","","","","","","","",100,1,"","","","","","","","","","","","","","","","","","","","","","","","","","","","","","","","","","","","","","","","","","","","","","","","","","","","","","","","","","","","","","","","","","","","","","","","","","","","","","","","","","","","","","","","","","","","","","","","","","",0,1,"","","","","","","","","","","","","","","","","","","","","","","","","","","","","",""
"61328002","LE PIN-AU-HARAS -INRAE",48.735833,0.128167,176,2002083005,0.,1,"","","","","","","","","","","","","","","","","","","","","","","","","","","","","","","","","","",13.9,1,"","","","","","","","","","","","","","","","","","","","","","","","","","","","",100,1,"","","","","","","","","","","","","","","","","","","","","","","","","","","","","","","","","","","","","","","","","","","","","","","","","","","","","","","","","","","","","","","","","","","","","","","","","","","","","","","","","","","","","","","","","","","","","","","","","","",0,1,"","","","","","","","","","","","","","","","","","","","","","","","","","","","","",""
"61328002","LE PIN-AU-HARAS -INRAE",48.735833,0.128167,176,2002083006,0.,1,"","","","","","","","","","","","","","","","","","","","","","","","","","","","","","","","","","",14.2,1,"","","","","","","","","","","","","","","","","","","","","","","","","","","","",100,1,"","","","","","","","","","","","","","","","","","","","","","","","","","","","","","","","","","","","","","","","","","","","","","","","","","","","","","","","","","","","","","","","","","","","","","","","","","","","","","","","","","","","","","","","","","","","","","","","","","",4,1,"","","","","","","","","","","","","","","","","","","","","","","","","","","","","",""
"61328002","LE PIN-AU-HARAS -INRAE",48.735833,0.128167,176,2002083007,0.,1,"","","","","","","","","","","","","","","","","","","","","","","","","","","","","","","","","","",14.4,1,"","","","","","","","","","","","","","","","","","","","","","","","","","","","",100,1,"","","","","","","","","","","","","","","","","","","","","","","","","","","","","","","","","","","","","","","","","","","","","","","","","","","","","","","","","","","","","","","","","","","","","","","","","","","","","","","","","","","","","","","","","","","","","","","","","","",16,1,"","","","","","","","","","","","","","","","","","","","","","","","","","","","","",""
"61328002","LE PIN-AU-HARAS -INRAE",48.735833,0.128167,176,2002083008,0.,1,"","","","","","","","","","","","","","","","","","","","","","","","","","","","","","","","","","",15.3,1,"","","","","","","","","","","","","","","","","","","","","","","","","","","","",100,1,"","","","","","","","","","","","","","","","","","","","","","","","","","","","","","","","","","","","","","","","","","","","","","","","","","","","","","","","","","","","","","","","","","","","","","","","","","","","","","","","","","","","","","","","","","","","","","","","","","",52,1,"","","","","","","","","","","","","","","","","","","","","","","","","","","","","",""
"61328002","LE PIN-AU-HARAS -INRAE",48.735833,0.128167,176,2002083009,0.,1,"","","","","","","","","","","","","","","","","","","","","","","","","","","","","","","","","","",16.7,1,"","","","","","","","","","","","","","","","","","","","","","","","","","","","",94,1,"","","","","","","","","","","","","","","","","","","","","","","","","","","","","","","","","","","","","","","","","","","","","","","","","","","","","","","","","","","","","","","","","","","","","","","","","","","","","","","","","","","","","","","","","","","","","","","","","","",102,1,"","","","","","","","","","","","","","","","","","","","","","","","","","","","","",""
"61328002","LE PIN-AU-HARAS -INRAE",48.735833,0.128167,176,2002083010,0.,1,"","","","","","","","","","","","","","","","","","","","","","","","","","","","","","","","","","",18.4,1,"","","","","","","","","","","","","","","","","","","","","","","","","","","","",83,1,"","","","","","","","","","","","","","","","","","","","","","","","","","","","","","","","","","","","","","","","","","","","","","","","","","","","","","","","","","","","","","","","","","","","","","","","","","","","","","","","","","","","","","","","","","","","","","","","","","",126,1,"","","","","","","","","","","","","","","","","","","","","","","","","","","","","",""
"61328002","LE PIN-AU-HARAS -INRAE",48.735833,0.128167,176,2002083011,0.,1,"","","","","","","","","","","","","","","","","","","","","","","","","","","","","","","","","","",19.2,1,"","","","","","","","","","","","","","","","","","","","","","","","","","","","",74,1,"","","","","","","","","","","","","","","","","","","","","","","","","","","","","","","","","","","","","","","","","","","","","","","","","","","","","","","","","","","","","","","","","","","","","","","","","","","","","","","","","","","","","","","","","","","","","","","","","","",148,1,"","","","","","","","","","","","","","","","","","","","","","","","","","","","","",""
"61328002","LE PIN-AU-HARAS -INRAE",48.735833,0.128167,176,2002083012,0.,1,"","","","","","","","","","","","","","","","","","","","","","","","","","","","","","","","","","",20.8,1,"","","","","","","","","","","","","","","","","","","","","","","","","","","","",68,1,"","","","","","","","","","","","","","","","","","","","","","","","","","","","","","","","","","","","","","","","","","","","","","","","","","","","","","","","","","","","","","","","","","","","","","","","","","","","","","","","","","","","","","","","","","","","","","","","","","",202,1,"","","","","","","","","","","","","","","","","","","","","","","","","","","","","",""
"61328002","LE PIN-AU-HARAS -INRAE",48.735833,0.128167,176,2002083013,0.,1,"","","","","","","","","","","","","","","","","","","","","","","","","","","","","","","","","","",22.,1,"","","","","","","","","","","","","","","","","","","","","","","","","","","","",62,1,"","","","","","","","","","","","","","","","","","","","","","","","","","","","","","","","","","","","","","","","","","","","","","","","","","","","","","","","","","","","","","","","","","","","","","","","","","","","","","","","","","","","","","","","","","","","","","","","","","",218,1,"","","","","","","","","","","","","","","","","","","","","","","","","","","","","",""
"61328002","LE PIN-AU-HARAS -INRAE",48.735833,0.128167,176,2002083014,0.,1,"","","","","","","","","","","","","","","","","","","","","","","","","","","","","","","","","","",24.,1,"","","","","","","","","","","","","","","","","","","","","","","","","","","","",58,1,"","","","","","","","","","","","","","","","","","","","","","","","","","","","","","","","","","","","","","","","","","","","","","","","","","","","","","","","","","","","","","","","","","","","","","","","","","","","","","","","","","","","","","","","","","","","","","","","","","",214,1,"","","","","","","","","","","","","","","","","","","","","","","","","","","","","",""
"61328002","LE PIN-AU-HARAS -INRAE",48.735833,0.128167,176,2002083015,0.,1,"","","","","","","","","","","","","","","","","","","","","","","","","","","","","","","","","","",24.3,1,"","","","","","","","","","","","","","","","","","","","","","","","","","","","",55,1,"","","","","","","","","","","","","","","","","","","","","","","","","","","","","","","","","","","","","","","","","","","","","","","","","","","","","","","","","","","","","","","","","","","","","","","","","","","","","","","","","","","","","","","","","","","","","","","","","","",222,1,"","","","","","","","","","","","","","","","","","","","","","","","","","","","","",""
"61328002","LE PIN-AU-HARAS -INRAE",48.735833,0.128167,176,2002083016,0.,1,"","","","","","","","","","","","","","","","","","","","","","","","","","","","","","","","","","",23.9,1,"","","","","","","","","","","","","","","","","","","","","","","","","","","","",54,1,"","","","","","","","","","","","","","","","","","","","","","","","","","","","","","","","","","","","","","","","","","","","","","","","","","","","","","","","","","","","","","","","","","","","","","","","","","","","","","","","","","","","","","","","","","","","","","","","","","",176,1,"","","","","","","","","","","","","","","","","","","","","","","","","","","","","",""
"61328002","LE PIN-AU-HARAS -INRAE",48.735833,0.128167,176,2002083017,0.,1,"","","","","","","","","","","","","","","","","","","","","","","","","","","","","","","","","","",21.3,1,"","","","","","","","","","","","","","","","","","","","","","","","","","","","",64,1,"","","","","","","","","","","","","","","","","","","","","","","","","","","","","","","","","","","","","","","","","","","","","","","","","","","","","","","","","","","","","","","","","","","","","","","","","","","","","","","","","","","","","","","","","","","","","","","","","","",86,1,"","","","","","","","","","","","","","","","","","","","","","","","","","","","","",""
"61328002","LE PIN-AU-HARAS -INRAE",48.735833,0.128167,176,2002083018,0.,1,"","","","","","","","","","","","","","","","","","","","","","","","","","","","","","","","","","",18.4,1,"","","","","","","","","","","","","","","","","","","","","","","","","","","","",86,1,"","","","","","","","","","","","","","","","","","","","","","","","","","","","","","","","","","","","","","","","","","","","","","","","","","","","","","","","","","","","","","","","","","","","","","","","","","","","","","","","","","","","","","","","","","","","","","","","","","",26,1,"","","","","","","","","","","","","","","","","","","","","","","","","","","","","",""
"61328002","LE PIN-AU-HARAS -INRAE",48.735833,0.128167,176,2002083019,0.,1,"","","","","","","","","","","","","","","","","","","","","","","","","","","","","","","","","","",16.1,1,"","","","","","","","","","","","","","","","","","","","","","","","","","","","",92,1,"","","","","","","","","","","","","","","","","","","","","","","","","","","","","","","","","","","","","","","","","","","","","","","","","","","","","","","","","","","","","","","","","","","","","","","","","","","","","","","","","","","","","","","","","","","","","","","","","","",4,1,"","","","","","","","","","","","","","","","","","","","","","","","","","","","","",""
"61328002","LE PIN-AU-HARAS -INRAE",48.735833,0.128167,176,2002083020,0.,1,"","","","","","","","","","","","","","","","","","","","","","","","","","","","","","","","","","",14.,1,"","","","","","","","","","","","","","","","","","","","","","","","","","","","",96,1,"","","","","","","","","","","","","","","","","","","","","","","","","","","","","","","","","","","","","","","","","","","","","","","","","","","","","","","","","","","","","","","","","","","","","","","","","","","","","","","","","","","","","","","","","","","","","","","","","","",0,1,"","","","","","","","","","","","","","","","","","","","","","","","","","","","","",""
"61328002","LE PIN-AU-HARAS -INRAE",48.735833,0.128167,176,2002083021,0.,1,"","","","","","","","","","","","","","","","","","","","","","","","","","","","","","","","","","",12.9,1,"","","","","","","","","","","","","","","","","","","","","","","","","","","","",99,1,"","","","","","","","","","","","","","","","","","","","","","","","","","","","","","","","","","","","","","","","","","","","","","","","","","","","","","","","","","","","","","","","","","","","","","","","","","","","","","","","","","","","","","","","","","","","","","","","","","",0,1,"","","","","","","","","","","","","","","","","","","","","","","","","","","","","",""
"61328002","LE PIN-AU-HARAS -INRAE",48.735833,0.128167,176,2002083022,0.,1,"","","","","","","","","","","","","","","","","","","","","","","","","","","","","","","","","","",13.9,1,"","","","","","","","","","","","","","","","","","","","","","","","","","","","",100,1,"","","","","","","","","","","","","","","","","","","","","","","","","","","","","","","","","","","","","","","","","","","","","","","","","","","","","","","","","","","","","","","","","","","","","","","","","","","","","","","","","","","","","","","","","","","","","","","","","","",0,1,"","","","","","","","","","","","","","","","","","","","","","","","","","","","","",""
"61328002","LE PIN-AU-HARAS -INRAE",48.735833,0.128167,176,2002083023,0.,1,"","","","","","","","","","","","","","","","","","","","","","","","","","","","","","","","","","",14.8,1,"","","","","","","","","","","","","","","","","","","","","","","","","","","","",100,1,"","","","","","","","","","","","","","","","","","","","","","","","","","","","","","","","","","","","","","","","","","","","","","","","","","","","","","","","","","","","","","","","","","","","","","","","","","","","","","","","","","","","","","","","","","","","","","","","","","",0,1,"","","","","","","","","","","","","","","","","","","","","","","","","","","","","",""
"61328002","LE PIN-AU-HARAS -INRAE",48.735833,0.128167,176,2002083100,0.,1,"","","","","","","","","","","","","","","","","","","","","","","","","","","","","","","","","","",15.4,1,"","","","","","","","","","","","","","","","","","","","","","","","","","","","",100,1,"","","","","","","","","","","","","","","","","","","","","","","","","","","","","","","","","","","","","","","","","","","","","","","","","","","","","","","","","","","","","","","","","","","","","","","","","","","","","","","","","","","","","","","","","","","","","","","","","","",0,1,"","","","","","","","","","","","","","","","","","","","","","","","","","","","","",""
"61328002","LE PIN-AU-HARAS -INRAE",48.735833,0.128167,176,2002083101,0.,1,"","","","","","","","","","","","","","","","","","","","","","","","","","","","","","","","","","",15.9,1,"","","","","","","","","","","","","","","","","","","","","","","","","","","","",100,1,"","","","","","","","","","","","","","","","","","","","","","","","","","","","","","","","","","","","","","","","","","","","","","","","","","","","","","","","","","","","","","","","","","","","","","","","","","","","","","","","","","","","","","","","","","","","","","","","","","",0,1,"","","","","","","","","","","","","","","","","","","","","","","","","","","","","",""
"61328002","LE PIN-AU-HARAS -INRAE",48.735833,0.128167,176,2002083102,0.,1,"","","","","","","","","","","","","","","","","","","","","","","","","","","","","","","","","","",15.7,1,"","","","","","","","","","","","","","","","","","","","","","","","","","","","",100,1,"","","","","","","","","","","","","","","","","","","","","","","","","","","","","","","","","","","","","","","","","","","","","","","","","","","","","","","","","","","","","","","","","","","","","","","","","","","","","","","","","","","","","","","","","","","","","","","","","","",0,1,"","","","","","","","","","","","","","","","","","","","","","","","","","","","","",""
"61328002","LE PIN-AU-HARAS -INRAE",48.735833,0.128167,176,2002083103,0.,1,"","","","","","","","","","","","","","","","","","","","","","","","","","","","","","","","","","",13.6,1,"","","","","","","","","","","","","","","","","","","","","","","","","","","","",100,1,"","","","","","","","","","","","","","","","","","","","","","","","","","","","","","","","","","","","","","","","","","","","","","","","","","","","","","","","","","","","","","","","","","","","","","","","","","","","","","","","","","","","","","","","","","","","","","","","","","",0,1,"","","","","","","","","","","","","","","","","","","","","","","","","","","","","",""
"61328002","LE PIN-AU-HARAS -INRAE",48.735833,0.128167,176,2002083104,0.,1,"","","","","","","","","","","","","","","","","","","","","","","","","","","","","","","","","","",12.8,1,"","","","","","","","","","","","","","","","","","","","","","","","","","","","",100,1,"","","","","","","","","","","","","","","","","","","","","","","","","","","","","","","","","","","","","","","","","","","","","","","","","","","","","","","","","","","","","","","","","","","","","","","","","","","","","","","","","","","","","","","","","","","","","","","","","","",0,1,"","","","","","","","","","","","","","","","","","","","","","","","","","","","","",""
"61328002","LE PIN-AU-HARAS -INRAE",48.735833,0.128167,176,2002083105,0.,1,"","","","","","","","","","","","","","","","","","","","","","","","","","","","","","","","","","",12.8,1,"","","","","","","","","","","","","","","","","","","","","","","","","","","","",100,1,"","","","","","","","","","","","","","","","","","","","","","","","","","","","","","","","","","","","","","","","","","","","","","","","","","","","","","","","","","","","","","","","","","","","","","","","","","","","","","","","","","","","","","","","","","","","","","","","","","",0,1,"","","","","","","","","","","","","","","","","","","","","","","","","","","","","",""
"61328002","LE PIN-AU-HARAS -INRAE",48.735833,0.128167,176,2002083106,0.,1,"","","","","","","","","","","","","","","","","","","","","","","","","","","","","","","","","","",14.5,1,"","","","","","","","","","","","","","","","","","","","","","","","","","","","",100,1,"","","","","","","","","","","","","","","","","","","","","","","","","","","","","","","","","","","","","","","","","","","","","","","","","","","","","","","","","","","","","","","","","","","","","","","","","","","","","","","","","","","","","","","","","","","","","","","","","","",2,1,"","","","","","","","","","","","","","","","","","","","","","","","","","","","","",""
"61328002","LE PIN-AU-HARAS -INRAE",48.735833,0.128167,176,2002083107,0.,1,"","","","","","","","","","","","","","","","","","","","","","","","","","","","","","","","","","",15.7,1,"","","","","","","","","","","","","","","","","","","","","","","","","","","","",100,1,"","","","","","","","","","","","","","","","","","","","","","","","","","","","","","","","","","","","","","","","","","","","","","","","","","","","","","","","","","","","","","","","","","","","","","","","","","","","","","","","","","","","","","","","","","","","","","","","","","",10,1,"","","","","","","","","","","","","","","","","","","","","","","","","","","","","",""
"61328002","LE PIN-AU-HARAS -INRAE",48.735833,0.128167,176,2002083108,0.,1,"","","","","","","","","","","","","","","","","","","","","","","","","","","","","","","","","","",15.8,1,"","","","","","","","","","","","","","","","","","","","","","","","","","","","",98,1,"","","","","","","","","","","","","","","","","","","","","","","","","","","","","","","","","","","","","","","","","","","","","","","","","","","","","","","","","","","","","","","","","","","","","","","","","","","","","","","","","","","","","","","","","","","","","","","","","","",28,1,"","","","","","","","","","","","","","","","","","","","","","","","","","","","","",""
"61328002","LE PIN-AU-HARAS -INRAE",48.735833,0.128167,176,2002083109,0.,1,"","","","","","","","","","","","","","","","","","","","","","","","","","","","","","","","","","",16.8,1,"","","","","","","","","","","","","","","","","","","","","","","","","","","","",89,1,"","","","","","","","","","","","","","","","","","","","","","","","","","","","","","","","","","","","","","","","","","","","","","","","","","","","","","","","","","","","","","","","","","","","","","","","","","","","","","","","","","","","","","","","","","","","","","","","","","",90,1,"","","","","","","","","","","","","","","","","","","","","","","","","","","","","",""
"61328002","LE PIN-AU-HARAS -INRAE",48.735833,0.128167,176,2002083110,0.,1,"","","","","","","","","","","","","","","","","","","","","","","","","","","","","","","","","","",18.4,1,"","","","","","","","","","","","","","","","","","","","","","","","","","","","",78,1,"","","","","","","","","","","","","","","","","","","","","","","","","","","","","","","","","","","","","","","","","","","","","","","","","","","","","","","","","","","","","","","","","","","","","","","","","","","","","","","","","","","","","","","","","","","","","","","","","","",134,1,"","","","","","","","","","","","","","","","","","","","","","","","","","","","","",""
"61328002","LE PIN-AU-HARAS -INRAE",48.735833,0.128167,176,2002083111,0.,1,"","","","","","","","","","","","","","","","","","","","","","","","","","","","","","","","","","",20.,1,"","","","","","","","","","","","","","","","","","","","","","","","","","","","",62,1,"","","","","","","","","","","","","","","","","","","","","","","","","","","","","","","","","","","","","","","","","","","","","","","","","","","","","","","","","","","","","","","","","","","","","","","","","","","","","","","","","","","","","","","","","","","","","","","","","","",210,1,"","","","","","","","","","","","","","","","","","","","","","","","","","","","","",""
"61328002","LE PIN-AU-HARAS -INRAE",48.735833,0.128167,176,2002083112,0.,1,"","","","","","","","","","","","","","","","","","","","","","","","","","","","","","","","","","",20.,1,"","","","","","","","","","","","","","","","","","","","","","","","","","","","",59,1,"","","","","","","","","","","","","","","","","","","","","","","","","","","","","","","","","","","","","","","","","","","","","","","","","","","","","","","","","","","","","","","","","","","","","","","","","","","","","","","","","","","","","","","","","","","","","","","","","","",274,1,"","","","","","","","","","","","","","","","","","","","","","","","","","","","","",""
"61328002","LE PIN-AU-HARAS -INRAE",48.735833,0.128167,176,2002083113,0.,1,"","","","","","","","","","","","","","","","","","","","","","","","","","","","","","","","","","",21.2,1,"","","","","","","","","","","","","","","","","","","","","","","","","","","","",61,1,"","","","","","","","","","","","","","","","","","","","","","","","","","","","","","","","","","","","","","","","","","","","","","","","","","","","","","","","","","","","","","","","","","","","","","","","","","","","","","","","","","","","","","","","","","","","","","","","","","",238,1,"","","","","","","","","","","","","","","","","","","","","","","","","","","","","",""
"61328002","LE PIN-AU-HARAS -INRAE",48.735833,0.128167,176,2002083114,0.,1,"","","","","","","","","","","","","","","","","","","","","","","","","","","","","","","","","","",20.4,1,"","","","","","","","","","","","","","","","","","","","","","","","","","","","",54,1,"","","","","","","","","","","","","","","","","","","","","","","","","","","","","","","","","","","","","","","","","","","","","","","","","","","","","","","","","","","","","","","","","","","","","","","","","","","","","","","","","","","","","","","","","","","","","","","","","","",232,1,"","","","","","","","","","","","","","","","","","","","","","","","","","","","","",""
"61328002","LE PIN-AU-HARAS -INRAE",48.735833,0.128167,176,2002083115,0.,1,"","","","","","","","","","","","","","","","","","","","","","","","","","","","","","","","","","",20.1,1,"","","","","","","","","","","","","","","","","","","","","","","","","","","","",57,1,"","","","","","","","","","","","","","","","","","","","","","","","","","","","","","","","","","","","","","","","","","","","","","","","","","","","","","","","","","","","","","","","","","","","","","","","","","","","","","","","","","","","","","","","","","","","","","","","","","",166,1,"","","","","","","","","","","","","","","","","","","","","","","","","","","","","",""
"61328002","LE PIN-AU-HARAS -INRAE",48.735833,0.128167,176,2002083116,0.,1,"","","","","","","","","","","","","","","","","","","","","","","","","","","","","","","","","","",19.3,1,"","","","","","","","","","","","","","","","","","","","","","","","","","","","",59,1,"","","","","","","","","","","","","","","","","","","","","","","","","","","","","","","","","","","","","","","","","","","","","","","","","","","","","","","","","","","","","","","","","","","","","","","","","","","","","","","","","","","","","","","","","","","","","","","","","","",184,1,"","","","","","","","","","","","","","","","","","","","","","","","","","","","","",""
"61328002","LE PIN-AU-HARAS -INRAE",48.735833,0.128167,176,2002083117,0.,1,"","","","","","","","","","","","","","","","","","","","","","","","","","","","","","","","","","",18.4,1,"","","","","","","","","","","","","","","","","","","","","","","","","","","","",63,1,"","","","","","","","","","","","","","","","","","","","","","","","","","","","","","","","","","","","","","","","","","","","","","","","","","","","","","","","","","","","","","","","","","","","","","","","","","","","","","","","","","","","","","","","","","","","","","","","","","",104,1,"","","","","","","","","","","","","","","","","","","","","","","","","","","","","",""
"61328002","LE PIN-AU-HARAS -INRAE",48.735833,0.128167,176,2002083118,0.,1,"","","","","","","","","","","","","","","","","","","","","","","","","","","","","","","","","","",16.2,1,"","","","","","","","","","","","","","","","","","","","","","","","","","","","",68,1,"","","","","","","","","","","","","","","","","","","","","","","","","","","","","","","","","","","","","","","","","","","","","","","","","","","","","","","","","","","","","","","","","","","","","","","","","","","","","","","","","","","","","","","","","","","","","","","","","","",52,1,"","","","","","","","","","","","","","","","","","","","","","","","","","","","","",""
"61328002","LE PIN-AU-HARAS -INRAE",48.735833,0.128167,176,2002083119,0.,1,"","","","","","","","","","","","","","","","","","","","","","","","","","","","","","","","","","",14.4,1,"","","","","","","","","","","","","","","","","","","","","","","","","","","","",79,1,"","","","","","","","","","","","","","","","","","","","","","","","","","","","","","","","","","","","","","","","","","","","","","","","","","","","","","","","","","","","","","","","","","","","","","","","","","","","","","","","","","","","","","","","","","","","","","","","","","",4,1,"","","","","","","","","","","","","","","","","","","","","","","","","","","","","",""
"61328002","LE PIN-AU-HARAS -INRAE",48.735833,0.128167,176,2002083120,0.,1,"","","","","","","","","","","","","","","","","","","","","","","","","","","","","","","","","","",12.9,1,"","","","","","","","","","","","","","","","","","","","","","","","","","","","",87,1,"","","","","","","","","","","","","","","","","","","","","","","","","","","","","","","","","","","","","","","","","","","","","","","","","","","","","","","","","","","","","","","","","","","","","","","","","","","","","","","","","","","","","","","","","","","","","","","","","","",0,1,"","","","","","","","","","","","","","","","","","","","","","","","","","","","","",""
"61328002","LE PIN-AU-HARAS -INRAE",48.735833,0.128167,176,2002083121,0.,1,"","","","","","","","","","","","","","","","","","","","","","","","","","","","","","","","","","",10.9,1,"","","","","","","","","","","","","","","","","","","","","","","","","","","","",95,1,"","","","","","","","","","","","","","","","","","","","","","","","","","","","","","","","","","","","","","","","","","","","","","","","","","","","","","","","","","","","","","","","","","","","","","","","","","","","","","","","","","","","","","","","","","","","","","","","","","",0,1,"","","","","","","","","","","","","","","","","","","","","","","","","","","","","",""
"61328002","LE PIN-AU-HARAS -INRAE",48.735833,0.128167,176,2002083122,0.,1,"","","","","","","","","","","","","","","","","","","","","","","","","","","","","","","","","","",9.9,1,"","","","","","","","","","","","","","","","","","","","","","","","","","","","",98,1,"","","","","","","","","","","","","","","","","","","","","","","","","","","","","","","","","","","","","","","","","","","","","","","","","","","","","","","","","","","","","","","","","","","","","","","","","","","","","","","","","","","","","","","","","","","","","","","","","","",0,1,"","","","","","","","","","","","","","","","","","","","","","","","","","","","","",""
"61328002","LE PIN-AU-HARAS -INRAE",48.735833,0.128167,176,2002083123,0.,1,"","","","","","","","","","","","","","","","","","","","","","","","","","","","","","","","","","",8.8,1,"","","","","","","","","","","","","","","","","","","","","","","","","","","","",99,1,"","","","","","","","","","","","","","","","","","","","","","","","","","","","","","","","","","","","","","","","","","","","","","","","","","","","","","","","","","","","","","","","","","","","","","","","","","","","","","","","","","","","","","","","","","","","","","","","","","",0,1,"","","","","","","","","","","","","","","","","","","","","","","","","","","","","",""
"61328002","LE PIN-AU-HARAS -INRAE",48.735833,0.128167,176,2002090100,0.,1,"","","","","","","","","","","","","","","","","","","","","","","","","","","","","","","","","","",8.4,1,"","","","","","","","","","","","","","","","","","","","","","","","","","","","",100,1,"","","","","","","","","","","","","","","","","","","","","","","","","","","","","","","","","","","","","","","","","","","","","","","","","","","","","","","","","","","","","","","","","","","","","","","","","","","","","","","","","","","","","","","","","","","","","","","","","","",0,1,"","","","","","","","","","","","","","","","","","","","","","","","","","","","","",""
"61328002","LE PIN-AU-HARAS -INRAE",48.735833,0.128167,176,2002090101,0.,1,"","","","","","","","","","","","","","","","","","","","","","","","","","","","","","","","","","",8.1,1,"","","","","","","","","","","","","","","","","","","","","","","","","","","","",100,1,"","","","","","","","","","","","","","","","","","","","","","","","","","","","","","","","","","","","","","","","","","","","","","","","","","","","","","","","","","","","","","","","","","","","","","","","","","","","","","","","","","","","","","","","","","","","","","","","","","",0,1,"","","","","","","","","","","","","","","","","","","","","","","","","","","","","",""
"61328002","LE PIN-AU-HARAS -INRAE",48.735833,0.128167,176,2002090102,0.,1,"","","","","","","","","","","","","","","","","","","","","","","","","","","","","","","","","","",7.5,1,"","","","","","","","","","","","","","","","","","","","","","","","","","","","",100,1,"","","","","","","","","","","","","","","","","","","","","","","","","","","","","","","","","","","","","","","","","","","","","","","","","","","","","","","","","","","","","","","","","","","","","","","","","","","","","","","","","","","","","","","","","","","","","","","","","","",0,1,"","","","","","","","","","","","","","","","","","","","","","","","","","","","","",""
"61328002","LE PIN-AU-HARAS -INRAE",48.735833,0.128167,176,2002090103,0.,1,"","","","","","","","","","","","","","","","","","","","","","","","","","","","","","","","","","",7.1,1,"","","","","","","","","","","","","","","","","","","","","","","","","","","","",100,1,"","","","","","","","","","","","","","","","","","","","","","","","","","","","","","","","","","","","","","","","","","","","","","","","","","","","","","","","","","","","","","","","","","","","","","","","","","","","","","","","","","","","","","","","","","","","","","","","","","",0,1,"","","","","","","","","","","","","","","","","","","","","","","","","","","","","",""
"61328002","LE PIN-AU-HARAS -INRAE",48.735833,0.128167,176,2002090104,0.,1,"","","","","","","","","","","","","","","","","","","","","","","","","","","","","","","","","","",6.4,1,"","","","","","","","","","","","","","","","","","","","","","","","","","","","",100,1,"","","","","","","","","","","","","","","","","","","","","","","","","","","","","","","","","","","","","","","","","","","","","","","","","","","","","","","","","","","","","","","","","","","","","","","","","","","","","","","","","","","","","","","","","","","","","","","","","","",0,1,"","","","","","","","","","","","","","","","","","","","","","","","","","","","","",""
"61328002","LE PIN-AU-HARAS -INRAE",48.735833,0.128167,176,2002090105,0.,1,"","","","","","","","","","","","","","","","","","","","","","","","","","","","","","","","","","",6.1,1,"","","","","","","","","","","","","","","","","","","","","","","","","","","","",100,1,"","","","","","","","","","","","","","","","","","","","","","","","","","","","","","","","","","","","","","","","","","","","","","","","","","","","","","","","","","","","","","","","","","","","","","","","","","","","","","","","","","","","","","","","","","","","","","","","","","",0,1,"","","","","","","","","","","","","","","","","","","","","","","","","","","","","",""
"61328002","LE PIN-AU-HARAS -INRAE",48.735833,0.128167,176,2002090106,0.,1,"","","","","","","","","","","","","","","","","","","","","","","","","","","","","","","","","","",7.,1,"","","","","","","","","","","","","","","","","","","","","","","","","","","","",100,1,"","","","","","","","","","","","","","","","","","","","","","","","","","","","","","","","","","","","","","","","","","","","","","","","","","","","","","","","","","","","","","","","","","","","","","","","","","","","","","","","","","","","","","","","","","","","","","","","","","",6,1,"","","","","","","","","","","","","","","","","","","","","","","","","","","","","",""
"61328002","LE PIN-AU-HARAS -INRAE",48.735833,0.128167,176,2002090107,0.,1,"","","","","","","","","","","","","","","","","","","","","","","","","","","","","","","","","","",9.2,1,"","","","","","","","","","","","","","","","","","","","","","","","","","","","",100,1,"","","","","","","","","","","","","","","","","","","","","","","","","","","","","","","","","","","","","","","","","","","","","","","","","","","","","","","","","","","","","","","","","","","","","","","","","","","","","","","","","","","","","","","","","","","","","","","","","","",24,1,"","","","","","","","","","","","","","","","","","","","","","","","","","","","","",""
"61328002","LE PIN-AU-HARAS -INRAE",48.735833,0.128167,176,2002090108,0.5,1,"","","","","","","","","","","","","","","","","","","","","","","","","","","","","","","","","","",15.3,1,"","","","","","","","","","","","","","","","","","","","","","","","","","","","",100,1,"","","","","","","","","","","","","","","","","","","","","","","","","","","","","","","","","","","","","","","","","","","","","","","","","","","","","","","","","","","","","","","","","","","","","","","","","","","","","","","","","","","","","","","","","","","","","","","","","","",102,1,"","","","","","","","","","","","","","","","","","","","","","","","","","","","","",""
"61328002","LE PIN-AU-HARAS -INRAE",48.735833,0.128167,176,2002090109,0.,1,"","","","","","","","","","","","","","","","","","","","","","","","","","","","","","","","","","",16.2,1,"","","","","","","","","","","","","","","","","","","","","","","","","","","","",58,1,"","","","","","","","","","","","","","","","","","","","","","","","","","","","","","","","","","","","","","","","","","","","","","","","","","","","","","","","","","","","","","","","","","","","","","","","","","","","","","","","","","","","","","","","","","","","","","","","","","",168,1,"","","","","","","","","","","","","","","","","","","","","","","","","","","","","",""
"61328002","LE PIN-AU-HARAS -INRAE",48.735833,0.128167,176,2002090110,0.,1,"","","","","","","","","","","","","","","","","","","","","","","","","","","","","","","","","","",16.7,1,"","","","","","","","","","","","","","","","","","","","","","","","","","","","",53,1,"","","","","","","","","","","","","","","","","","","","","","","","","","","","","","","","","","","","","","","","","","","","","","","","","","","","","","","","","","","","","","","","","","","","","","","","","","","","","","","","","","","","","","","","","","","","","","","","","","",202,1,"","","","","","","","","","","","","","","","","","","","","","","","","","","","","",""
"61328002","LE PIN-AU-HARAS -INRAE",48.735833,0.128167,176,2002090111,0.,1,"","","","","","","","","","","","","","","","","","","","","","","","","","","","","","","","","","",18.3,1,"","","","","","","","","","","","","","","","","","","","","","","","","","","","",49,1,"","","","","","","","","","","","","","","","","","","","","","","","","","","","","","","","","","","","","","","","","","","","","","","","","","","","","","","","","","","","","","","","","","","","","","","","","","","","","","","","","","","","","","","","","","","","","","","","","","",248,1,"","","","","","","","","","","","","","","","","","","","","","","","","","","","","",""
"61328002","LE PIN-AU-HARAS -INRAE",48.735833,0.128167,176,2002090112,0.,1,"","","","","","","","","","","","","","","","","","","","","","","","","","","","","","","","","","",18.,1,"","","","","","","","","","","","","","","","","","","","","","","","","","","","",48,1,"","","","","","","","","","","","","","","","","","","","","","","","","","","","","","","","","","","","","","","","","","","","","","","","","","","","","","","","","","","","","","","","","","","","","","","","","","","","","","","","","","","","","","","","","","","","","","","","","","",264,1,"","","","","","","","","","","","","","","","","","","","","","","","","","","","","",""
"61328002","LE PIN-AU-HARAS -INRAE",48.735833,0.128167,176,2002090113,0.,1,"","","","","","","","","","","","","","","","","","","","","","","","","","","","","","","","","","",18.,1,"","","","","","","","","","","","","","","","","","","","","","","","","","","","",51,1,"","","","","","","","","","","","","","","","","","","","","","","","","","","","","","","","","","","","","","","","","","","","","","","","","","","","","","","","","","","","","","","","","","","","","","","","","","","","","","","","","","","","","","","","","","","","","","","","","","",232,1,"","","","","","","","","","","","","","","","","","","","","","","","","","","","","",""
"61328002","LE PIN-AU-HARAS -INRAE",48.735833,0.128167,176,2002090114,0.,1,"","","","","","","","","","","","","","","","","","","","","","","","","","","","","","","","","","",17.6,1,"","","","","","","","","","","","","","","","","","","","","","","","","","","","",53,1,"","","","","","","","","","","","","","","","","","","","","","","","","","","","","","","","","","","","","","","","","","","","","","","","","","","","","","","","","","","","","","","","","","","","","","","","","","","","","","","","","","","","","","","","","","","","","","","","","","",108,1,"","","","","","","","","","","","","","","","","","","","","","","","","","","","","",""
"61328002","LE PIN-AU-HARAS -INRAE",48.735833,0.128167,176,2002090115,0.,1,"","","","","","","","","","","","","","","","","","","","","","","","","","","","","","","","","","",18.1,1,"","","","","","","","","","","","","","","","","","","","","","","","","","","","",47,1,"","","","","","","","","","","","","","","","","","","","","","","","","","","","","","","","","","","","","","","","","","","","","","","","","","","","","","","","","","","","","","","","","","","","","","","","","","","","","","","","","","","","","","","","","","","","","","","","","","",156,1,"","","","","","","","","","","","","","","","","","","","","","","","","","","","","",""
"61328002","LE PIN-AU-HARAS -INRAE",48.735833,0.128167,176,2002090116,0.,1,"","","","","","","","","","","","","","","","","","","","","","","","","","","","","","","","","","",17.6,1,"","","","","","","","","","","","","","","","","","","","","","","","","","","","",52,1,"","","","","","","","","","","","","","","","","","","","","","","","","","","","","","","","","","","","","","","","","","","","","","","","","","","","","","","","","","","","","","","","","","","","","","","","","","","","","","","","","","","","","","","","","","","","","","","","","","",112,1,"","","","","","","","","","","","","","","","","","","","","","","","","","","","","",""
"61328002","LE PIN-AU-HARAS -INRAE",48.735833,0.128167,176,2002090117,0.,1,"","","","","","","","","","","","","","","","","","","","","","","","","","","","","","","","","","",17.4,1,"","","","","","","","","","","","","","","","","","","","","","","","","","","","",54,1,"","","","","","","","","","","","","","","","","","","","","","","","","","","","","","","","","","","","","","","","","","","","","","","","","","","","","","","","","","","","","","","","","","","","","","","","","","","","","","","","","","","","","","","","","","","","","","","","","","",68,1,"","","","","","","","","","","","","","","","","","","","","","","","","","","","","",""
"61328002","LE PIN-AU-HARAS -INRAE",48.735833,0.128167,176,2002090118,0.,1,"","","","","","","","","","","","","","","","","","","","","","","","","","","","","","","","","","",15.8,1,"","","","","","","","","","","","","","","","","","","","","","","","","","","","",62,1,"","","","","","","","","","","","","","","","","","","","","","","","","","","","","","","","","","","","","","","","","","","","","","","","","","","","","","","","","","","","","","","","","","","","","","","","","","","","","","","","","","","","","","","","","","","","","","","","","","",28,1,"","","","","","","","","","","","","","","","","","","","","","","","","","","","","",""
"61328002","LE PIN-AU-HARAS -INRAE",48.735833,0.128167,176,2002090119,0.,1,"","","","","","","","","","","","","","","","","","","","","","","","","","","","","","","","","","",11.2,1,"","","","","","","","","","","","","","","","","","","","","","","","","","","","",90,1,"","","","","","","","","","","","","","","","","","","","","","","","","","","","","","","","","","","","","","","","","","","","","","","","","","","","","","","","","","","","","","","","","","","","","","","","","","","","","","","","","","","","","","","","","","","","","","","","","","",4,1,"","","","","","","","","","","","","","","","","","","","","","","","","","","","","",""
"61328002","LE PIN-AU-HARAS -INRAE",48.735833,0.128167,176,2002090120,0.,1,"","","","","","","","","","","","","","","","","","","","","","","","","","","","","","","","","","",9.4,1,"","","","","","","","","","","","","","","","","","","","","","","","","","","","",95,1,"","","","","","","","","","","","","","","","","","","","","","","","","","","","","","","","","","","","","","","","","","","","","","","","","","","","","","","","","","","","","","","","","","","","","","","","","","","","","","","","","","","","","","","","","","","","","","","","","","",0,1,"","","","","","","","","","","","","","","","","","","","","","","","","","","","","",""
"61328002","LE PIN-AU-HARAS -INRAE",48.735833,0.128167,176,2002090121,0.,1,"","","","","","","","","","","","","","","","","","","","","","","","","","","","","","","","","","",8.6,1,"","","","","","","","","","","","","","","","","","","","","","","","","","","","",98,1,"","","","","","","","","","","","","","","","","","","","","","","","","","","","","","","","","","","","","","","","","","","","","","","","","","","","","","","","","","","","","","","","","","","","","","","","","","","","","","","","","","","","","","","","","","","","","","","","","","",0,1,"","","","","","","","","","","","","","","","","","","","","","","","","","","","","",""
"61328002","LE PIN-AU-HARAS -INRAE",48.735833,0.128167,176,2002090122,0.,1,"","","","","","","","","","","","","","","","","","","","","","","","","","","","","","","","","","",7.9,1,"","","","","","","","","","","","","","","","","","","","","","","","","","","","",99,1,"","","","","","","","","","","","","","","","","","","","","","","","","","","","","","","","","","","","","","","","","","","","","","","","","","","","","","","","","","","","","","","","","","","","","","","","","","","","","","","","","","","","","","","","","","","","","","","","","","",0,1,"","","","","","","","","","","","","","","","","","","","","","","","","","","","","",""
"61328002","LE PIN-AU-HARAS -INRAE",48.735833,0.128167,176,2002090123,0.,1,"","","","","","","","","","","","","","","","","","","","","","","","","","","","","","","","","","",8.3,1,"","","","","","","","","","","","","","","","","","","","","","","","","","","","",100,1,"","","","","","","","","","","","","","","","","","","","","","","","","","","","","","","","","","","","","","","","","","","","","","","","","","","","","","","","","","","","","","","","","","","","","","","","","","","","","","","","","","","","","","","","","","","","","","","","","","",0,1,"","","","","","","","","","","","","","","","","","","","","","","","","","","","","",""
"61328002","LE PIN-AU-HARAS -INRAE",48.735833,0.128167,176,2002090200,0.,1,"","","","","","","","","","","","","","","","","","","","","","","","","","","","","","","","","","",7.9,1,"","","","","","","","","","","","","","","","","","","","","","","","","","","","",100,1,"","","","","","","","","","","","","","","","","","","","","","","","","","","","","","","","","","","","","","","","","","","","","","","","","","","","","","","","","","","","","","","","","","","","","","","","","","","","","","","","","","","","","","","","","","","","","","","","","","",0,1,"","","","","","","","","","","","","","","","","","","","","","","","","","","","","",""
"61328002","LE PIN-AU-HARAS -INRAE",48.735833,0.128167,176,2002090201,0.,1,"","","","","","","","","","","","","","","","","","","","","","","","","","","","","","","","","","",7.5,1,"","","","","","","","","","","","","","","","","","","","","","","","","","","","",100,1,"","","","","","","","","","","","","","","","","","","","","","","","","","","","","","","","","","","","","","","","","","","","","","","","","","","","","","","","","","","","","","","","","","","","","","","","","","","","","","","","","","","","","","","","","","","","","","","","","","",0,1,"","","","","","","","","","","","","","","","","","","","","","","","","","","","","",""
"61328002","LE PIN-AU-HARAS -INRAE",48.735833,0.128167,176,2002090202,0.,1,"","","","","","","","","","","","","","","","","","","","","","","","","","","","","","","","","","",7.6,1,"","","","","","","","","","","","","","","","","","","","","","","","","","","","",100,1,"","","","","","","","","","","","","","","","","","","","","","","","","","","","","","","","","","","","","","","","","","","","","","","","","","","","","","","","","","","","","","","","","","","","","","","","","","","","","","","","","","","","","","","","","","","","","","","","","","",0,1,"","","","","","","","","","","","","","","","","","","","","","","","","","","","","",""
"61328002","LE PIN-AU-HARAS -INRAE",48.735833,0.128167,176,2002090203,0.,1,"","","","","","","","","","","","","","","","","","","","","","","","","","","","","","","","","","",9.9,1,"","","","","","","","","","","","","","","","","","","","","","","","","","","","",95,1,"","","","","","","","","","","","","","","","","","","","","","","","","","","","","","","","","","","","","","","","","","","","","","","","","","","","","","","","","","","","","","","","","","","","","","","","","","","","","","","","","","","","","","","","","","","","","","","","","","",0,1,"","","","","","","","","","","","","","","","","","","","","","","","","","","","","",""
"61328002","LE PIN-AU-HARAS -INRAE",48.735833,0.128167,176,2002090204,0.,1,"","","","","","","","","","","","","","","","","","","","","","","","","","","","","","","","","","",10.5,1,"","","","","","","","","","","","","","","","","","","","","","","","","","","","",86,1,"","","","","","","","","","","","","","","","","","","","","","","","","","","","","","","","","","","","","","","","","","","","","","","","","","","","","","","","","","","","","","","","","","","","","","","","","","","","","","","","","","","","","","","","","","","","","","","","","","",0,1,"","","","","","","","","","","","","","","","","","","","","","","","","","","","","",""
"61328002","LE PIN-AU-HARAS -INRAE",48.735833,0.128167,176,2002090205,0.,1,"","","","","","","","","","","","","","","","","","","","","","","","","","","","","","","","","","",7.8,1,"","","","","","","","","","","","","","","","","","","","","","","","","","","","",93,1,"","","","","","","","","","","","","","","","","","","","","","","","","","","","","","","","","","","","","","","","","","","","","","","","","","","","","","","","","","","","","","","","","","","","","","","","","","","","","","","","","","","","","","","","","","","","","","","","","","",0,1,"","","","","","","","","","","","","","","","","","","","","","","","","","","","","",""
"61328002","LE PIN-AU-HARAS -INRAE",48.735833,0.128167,176,2002090206,0.,1,"","","","","","","","","","","","","","","","","","","","","","","","","","","","","","","","","","",8.3,1,"","","","","","","","","","","","","","","","","","","","","","","","","","","","",98,1,"","","","","","","","","","","","","","","","","","","","","","","","","","","","","","","","","","","","","","","","","","","","","","","","","","","","","","","","","","","","","","","","","","","","","","","","","","","","","","","","","","","","","","","","","","","","","","","","","","",4,1,"","","","","","","","","","","","","","","","","","","","","","","","","","","","","",""
"61328002","LE PIN-AU-HARAS -INRAE",48.735833,0.128167,176,2002090207,0.,1,"","","","","","","","","","","","","","","","","","","","","","","","","","","","","","","","","","",12.4,1,"","","","","","","","","","","","","","","","","","","","","","","","","","","","",81,1,"","","","","","","","","","","","","","","","","","","","","","","","","","","","","","","","","","","","","","","","","","","","","","","","","","","","","","","","","","","","","","","","","","","","","","","","","","","","","","","","","","","","","","","","","","","","","","","","","","",28,1,"","","","","","","","","","","","","","","","","","","","","","","","","","","","","",""
"61328002","LE PIN-AU-HARAS -INRAE",48.735833,0.128167,176,2002090208,0.,1,"","","","","","","","","","","","","","","","","","","","","","","","","","","","","","","","","","",15.2,1,"","","","","","","","","","","","","","","","","","","","","","","","","","","","",68,1,"","","","","","","","","","","","","","","","","","","","","","","","","","","","","","","","","","","","","","","","","","","","","","","","","","","","","","","","","","","","","","","","","","","","","","","","","","","","","","","","","","","","","","","","","","","","","","","","","","",104,1,"","","","","","","","","","","","","","","","","","","","","","","","","","","","","",""
"61328002","LE PIN-AU-HARAS -INRAE",48.735833,0.128167,176,2002090209,0.,1,"","","","","","","","","","","","","","","","","","","","","","","","","","","","","","","","","","",17.,1,"","","","","","","","","","","","","","","","","","","","","","","","","","","","",61,1,"","","","","","","","","","","","","","","","","","","","","","","","","","","","","","","","","","","","","","","","","","","","","","","","","","","","","","","","","","","","","","","","","","","","","","","","","","","","","","","","","","","","","","","","","","","","","","","","","","",172,1,"","","","","","","","","","","","","","","","","","","","","","","","","","","","","",""
"61328002","LE PIN-AU-HARAS -INRAE",48.735833,0.128167,176,2002090210,0.,1,"","","","","","","","","","","","","","","","","","","","","","","","","","","","","","","","","","",18.6,1,"","","","","","","","","","","","","","","","","","","","","","","","","","","","",56,1,"","","","","","","","","","","","","","","","","","","","","","","","","","","","","","","","","","","","","","","","","","","","","","","","","","","","","","","","","","","","","","","","","","","","","","","","","","","","","","","","","","","","","","","","","","","","","","","","","","",226,1,"","","","","","","","","","","","","","","","","","","","","","","","","","","","","",""
"61328002","LE PIN-AU-HARAS -INRAE",48.735833,0.128167,176,2002090211,0.,1,"","","","","","","","","","","","","","","","","","","","","","","","","","","","","","","","","","",19.6,1,"","","","","","","","","","","","","","","","","","","","","","","","","","","","",49,1,"","","","","","","","","","","","","","","","","","","","","","","","","","","","","","","","","","","","","","","","","","","","","","","","","","","","","","","","","","","","","","","","","","","","","","","","","","","","","","","","","","","","","","","","","","","","","","","","","","",260,1,"","","","","","","","","","","","","","","","","","","","","","","","","","","","","",""
"61328002","LE PIN-AU-HARAS -INRAE",48.735833,0.128167,176,2002090212,0.,1,"","","","","","","","","","","","","","","","","","","","","","","","","","","","","","","","","","",21.1,1,"","","","","","","","","","","","","","","","","","","","","","","","","","","","",50,1,"","","","","","","","","","","","","","","","","","","","","","","","","","","","","","","","","","","","","","","","","","","","","","","","","","","","","","","","","","","","","","","","","","","","","","","","","","","","","","","","","","","","","","","","","","","","","","","","","","",278,1,"","","","","","","","","","","","","","","","","","","","","","","","","","","","","",""
"61328002","LE PIN-AU-HARAS -INRAE",48.735833,0.128167,176,2002090213,0.,1,"","","","","","","","","","","","","","","","","","","","","","","","","","","","","","","","","","",21.9,1,"","","","","","","","","","","","","","","","","","","","","","","","","","","","",49,1,"","","","","","","","","","","","","","","","","","","","","","","","","","","","","","","","","","","","","","","","","","","","","","","","","","","","","","","","","","","","","","","","","","","","","","","","","","","","","","","","","","","","","","","","","","","","","","","","","","",276,1,"","","","","","","","","","","","","","","","","","","","","","","","","","","","","",""
"61328002","LE PIN-AU-HARAS -INRAE",48.735833,0.128167,176,2002090214,0.,1,"","","","","","","","","","","","","","","","","","","","","","","","","","","","","","","","","","",22.2,1,"","","","","","","","","","","","","","","","","","","","","","","","","","","","",45,1,"","","","","","","","","","","","","","","","","","","","","","","","","","","","","","","","","","","","","","","","","","","","","","","","","","","","","","","","","","","","","","","","","","","","","","","","","","","","","","","","","","","","","","","","","","","","","","","","","","",256,1,"","","","","","","","","","","","","","","","","","","","","","","","","","","","","",""
"61328002","LE PIN-AU-HARAS -INRAE",48.735833,0.128167,176,2002090215,0.,1,"","","","","","","","","","","","","","","","","","","","","","","","","","","","","","","","","","",23.2,1,"","","","","","","","","","","","","","","","","","","","","","","","","","","","",45,1,"","","","","","","","","","","","","","","","","","","","","","","","","","","","","","","","","","","","","","","","","","","","","","","","","","","","","","","","","","","","","","","","","","","","","","","","","","","","","","","","","","","","","","","","","","","","","","","","","","",218,1,"","","","","","","","","","","","","","","","","","","","","","","","","","","","","",""
"61328002","LE PIN-AU-HARAS -INRAE",48.735833,0.128167,176,2002090216,0.,1,"","","","","","","","","","","","","","","","","","","","","","","","","","","","","","","","","","",22.8,1,"","","","","","","","","","","","","","","","","","","","","","","","","","","","",41,1,"","","","","","","","","","","","","","","","","","","","","","","","","","","","","","","","","","","","","","","","","","","","","","","","","","","","","","","","","","","","","","","","","","","","","","","","","","","","","","","","","","","","","","","","","","","","","","","","","","",168,1,"","","","","","","","","","","","","","","","","","","","","","","","","","","","","",""
"61328002","LE PIN-AU-HARAS -INRAE",48.735833,0.128167,176,2002090217,0.,1,"","","","","","","","","","","","","","","","","","","","","","","","","","","","","","","","","","",21.5,1,"","","","","","","","","","","","","","","","","","","","","","","","","","","","",51,1,"","","","","","","","","","","","","","","","","","","","","","","","","","","","","","","","","","","","","","","","","","","","","","","","","","","","","","","","","","","","","","","","","","","","","","","","","","","","","","","","","","","","","","","","","","","","","","","","","","",90,1,"","","","","","","","","","","","","","","","","","","","","","","","","","","","","",""
"61328002","LE PIN-AU-HARAS -INRAE",48.735833,0.128167,176,2002090218,0.,1,"","","","","","","","","","","","","","","","","","","","","","","","","","","","","","","","","","",19.6,1,"","","","","","","","","","","","","","","","","","","","","","","","","","","","",61,1,"","","","","","","","","","","","","","","","","","","","","","","","","","","","","","","","","","","","","","","","","","","","","","","","","","","","","","","","","","","","","","","","","","","","","","","","","","","","","","","","","","","","","","","","","","","","","","","","","","",12,1,"","","","","","","","","","","","","","","","","","","","","","","","","","","","","",""
"61328002","LE PIN-AU-HARAS -INRAE",48.735833,0.128167,176,2002090219,0.,1,"","","","","","","","","","","","","","","","","","","","","","","","","","","","","","","","","","",17.5,1,"","","","","","","","","","","","","","","","","","","","","","","","","","","","",82,1,"","","","","","","","","","","","","","","","","","","","","","","","","","","","","","","","","","","","","","","","","","","","","","","","","","","","","","","","","","","","","","","","","","","","","","","","","","","","","","","","","","","","","","","","","","","","","","","","","","",0,1,"","","","","","","","","","","","","","","","","","","","","","","","","","","","","",""
"61328002","LE PIN-AU-HARAS -INRAE",48.735833,0.128167,176,2002090220,0.,1,"","","","","","","","","","","","","","","","","","","","","","","","","","","","","","","","","","",17.,1,"","","","","","","","","","","","","","","","","","","","","","","","","","","","",89,1,"","","","","","","","","","","","","","","","","","","","","","","","","","","","","","","","","","","","","","","","","","","","","","","","","","","","","","","","","","","","","","","","","","","","","","","","","","","","","","","","","","","","","","","","","","","","","","","","","","",0,1,"","","","","","","","","","","","","","","","","","","","","","","","","","","","","",""
"61328002","LE PIN-AU-HARAS -INRAE",48.735833,0.128167,176,2002090221,0.,1,"","","","","","","","","","","","","","","","","","","","","","","","","","","","","","","","","","",16.7,1,"","","","","","","","","","","","","","","","","","","","","","","","","","","","",91,1,"","","","","","","","","","","","","","","","","","","","","","","","","","","","","","","","","","","","","","","","","","","","","","","","","","","","","","","","","","","","","","","","","","","","","","","","","","","","","","","","","","","","","","","","","","","","","","","","","","",0,1,"","","","","","","","","","","","","","","","","","","","","","","","","","","","","",""
"61328002","LE PIN-AU-HARAS -INRAE",48.735833,0.128167,176,2002090222,0.,1,"","","","","","","","","","","","","","","","","","","","","","","","","","","","","","","","","","",15.9,1,"","","","","","","","","","","","","","","","","","","","","","","","","","","","",93,1,"","","","","","","","","","","","","","","","","","","","","","","","","","","","","","","","","","","","","","","","","","","","","","","","","","","","","","","","","","","","","","","","","","","","","","","","","","","","","","","","","","","","","","","","","","","","","","","","","","",0,1,"","","","","","","","","","","","","","","","","","","","","","","","","","","","","",""
"61328002","LE PIN-AU-HARAS -INRAE",48.735833,0.128167,176,2002090223,0.,1,"","","","","","","","","","","","","","","","","","","","","","","","","","","","","","","","","","",16.2,1,"","","","","","","","","","","","","","","","","","","","","","","","","","","","",92,1,"","","","","","","","","","","","","","","","","","","","","","","","","","","","","","","","","","","","","","","","","","","","","","","","","","","","","","","","","","","","","","","","","","","","","","","","","","","","","","","","","","","","","","","","","","","","","","","","","","",0,1,"","","","","","","","","","","","","","","","","","","","","","","","","","","","","",""
"61328002","LE PIN-AU-HARAS -INRAE",48.735833,0.128167,176,2002090300,0.,1,"","","","","","","","","","","","","","","","","","","","","","","","","","","","","","","","","","",15.9,1,"","","","","","","","","","","","","","","","","","","","","","","","","","","","",94,1,"","","","","","","","","","","","","","","","","","","","","","","","","","","","","","","","","","","","","","","","","","","","","","","","","","","","","","","","","","","","","","","","","","","","","","","","","","","","","","","","","","","","","","","","","","","","","","","","","","",0,1,"","","","","","","","","","","","","","","","","","","","","","","","","","","","","",""
"61328002","LE PIN-AU-HARAS -INRAE",48.735833,0.128167,176,2002090301,0.,1,"","","","","","","","","","","","","","","","","","","","","","","","","","","","","","","","","","",15.1,1,"","","","","","","","","","","","","","","","","","","","","","","","","","","","",96,1,"","","","","","","","","","","","","","","","","","","","","","","","","","","","","","","","","","","","","","","","","","","","","","","","","","","","","","","","","","","","","","","","","","","","","","","","","","","","","","","","","","","","","","","","","","","","","","","","","","",0,1,"","","","","","","","","","","","","","","","","","","","","","","","","","","","","",""
"61328002","LE PIN-AU-HARAS -INRAE",48.735833,0.128167,176,2002090302,0.,1,"","","","","","","","","","","","","","","","","","","","","","","","","","","","","","","","","","",14.,1,"","","","","","","","","","","","","","","","","","","","","","","","","","","","",98,1,"","","","","","","","","","","","","","","","","","","","","","","","","","","","","","","","","","","","","","","","","","","","","","","","","","","","","","","","","","","","","","","","","","","","","","","","","","","","","","","","","","","","","","","","","","","","","","","","","","",0,1,"","","","","","","","","","","","","","","","","","","","","","","","","","","","","",""
"61328002","LE PIN-AU-HARAS -INRAE",48.735833,0.128167,176,2002090303,0.,1,"","","","","","","","","","","","","","","","","","","","","","","","","","","","","","","","","","",13.3,1,"","","","","","","","","","","","","","","","","","","","","","","","","","","","",98,1,"","","","","","","","","","","","","","","","","","","","","","","","","","","","","","","","","","","","","","","","","","","","","","","","","","","","","","","","","","","","","","","","","","","","","","","","","","","","","","","","","","","","","","","","","","","","","","","","","","",0,1,"","","","","","","","","","","","","","","","","","","","","","","","","","","","","",""
"61328002","LE PIN-AU-HARAS -INRAE",48.735833,0.128167,176,2002090304,0.,1,"","","","","","","","","","","","","","","","","","","","","","","","","","","","","","","","","","",11.3,1,"","","","","","","","","","","","","","","","","","","","","","","","","","","","",99,1,"","","","","","","","","","","","","","","","","","","","","","","","","","","","","","","","","","","","","","","","","","","","","","","","","","","","","","","","","","","","","","","","","","","","","","","","","","","","","","","","","","","","","","","","","","","","","","","","","","",0,1,"","","","","","","","","","","","","","","","","","","","","","","","","","","","","",""
"61328002","LE PIN-AU-HARAS -INRAE",48.735833,0.128167,176,2002090305,0.,1,"","","","","","","","","","","","","","","","","","","","","","","","","","","","","","","","","","",10.6,1,"","","","","","","","","","","","","","","","","","","","","","","","","","","","",100,1,"","","","","","","","","","","","","","","","","","","","","","","","","","","","","","","","","","","","","","","","","","","","","","","","","","","","","","","","","","","","","","","","","","","","","","","","","","","","","","","","","","","","","","","","","","","","","","","","","","",0,1,"","","","","","","","","","","","","","","","","","","","","","","","","","","","","",""
"61328002","LE PIN-AU-HARAS -INRAE",48.735833,0.128167,176,2002090306,0.,1,"","","","","","","","","","","","","","","","","","","","","","","","","","","","","","","","","","",10.4,1,"","","","","","","","","","","","","","","","","","","","","","","","","","","","",100,1,"","","","","","","","","","","","","","","","","","","","","","","","","","","","","","","","","","","","","","","","","","","","","","","","","","","","","","","","","","","","","","","","","","","","","","","","","","","","","","","","","","","","","","","","","","","","","","","","","","",4,1,"","","","","","","","","","","","","","","","","","","","","","","","","","","","","",""
"61328002","LE PIN-AU-HARAS -INRAE",48.735833,0.128167,176,2002090307,0.,1,"","","","","","","","","","","","","","","","","","","","","","","","","","","","","","","","","","",13.9,1,"","","","","","","","","","","","","","","","","","","","","","","","","","","","",100,1,"","","","","","","","","","","","","","","","","","","","","","","","","","","","","","","","","","","","","","","","","","","","","","","","","","","","","","","","","","","","","","","","","","","","","","","","","","","","","","","","","","","","","","","","","","","","","","","","","","",28,1,"","","","","","","","","","","","","","","","","","","","","","","","","","","","","",""
"61328002","LE PIN-AU-HARAS -INRAE",48.735833,0.128167,176,2002090308,0.,1,"","","","","","","","","","","","","","","","","","","","","","","","","","","","","","","","","","",17.5,1,"","","","","","","","","","","","","","","","","","","","","","","","","","","","",85,1,"","","","","","","","","","","","","","","","","","","","","","","","","","","","","","","","","","","","","","","","","","","","","","","","","","","","","","","","","","","","","","","","","","","","","","","","","","","","","","","","","","","","","","","","","","","","","","","","","","",90,1,"","","","","","","","","","","","","","","","","","","","","","","","","","","","","",""
"61328002","LE PIN-AU-HARAS -INRAE",48.735833,0.128167,176,2002090309,0.,1,"","","","","","","","","","","","","","","","","","","","","","","","","","","","","","","","","","",18.1,1,"","","","","","","","","","","","","","","","","","","","","","","","","","","","",81,1,"","","","","","","","","","","","","","","","","","","","","","","","","","","","","","","","","","","","","","","","","","","","","","","","","","","","","","","","","","","","","","","","","","","","","","","","","","","","","","","","","","","","","","","","","","","","","","","","","","",98,1,"","","","","","","","","","","","","","","","","","","","","","","","","","","","","",""
"61328002","LE PIN-AU-HARAS -INRAE",48.735833,0.128167,176,2002090310,0.,1,"","","","","","","","","","","","","","","","","","","","","","","","","","","","","","","","","","",21.3,1,"","","","","","","","","","","","","","","","","","","","","","","","","","","","",74,1,"","","","","","","","","","","","","","","","","","","","","","","","","","","","","","","","","","","","","","","","","","","","","","","","","","","","","","","","","","","","","","","","","","","","","","","","","","","","","","","","","","","","","","","","","","","","","","","","","","",184,1,"","","","","","","","","","","","","","","","","","","","","","","","","","","","","",""
"61328002","LE PIN-AU-HARAS -INRAE",48.735833,0.128167,176,2002090311,0.,1,"","","","","","","","","","","","","","","","","","","","","","","","","","","","","","","","","","",21.5,1,"","","","","","","","","","","","","","","","","","","","","","","","","","","","",68,1,"","","","","","","","","","","","","","","","","","","","","","","","","","","","","","","","","","","","","","","","","","","","","","","","","","","","","","","","","","","","","","","","","","","","","","","","","","","","","","","","","","","","","","","","","","","","","","","","","","",164,1,"","","","","","","","","","","","","","","","","","","","","","","","","","","","","",""
"61328002","LE PIN-AU-HARAS -INRAE",48.735833,0.128167,176,2002090312,0.,1,"","","","","","","","","","","","","","","","","","","","","","","","","","","","","","","","","","",22.1,1,"","","","","","","","","","","","","","","","","","","","","","","","","","","","",70,1,"","","","","","","","","","","","","","","","","","","","","","","","","","","","","","","","","","","","","","","","","","","","","","","","","","","","","","","","","","","","","","","","","","","","","","","","","","","","","","","","","","","","","","","","","","","","","","","","","","",134,1,"","","","","","","","","","","","","","","","","","","","","","","","","","","","","",""
"61328002","LE PIN-AU-HARAS -INRAE",48.735833,0.128167,176,2002090313,0.,1,"","","","","","","","","","","","","","","","","","","","","","","","","","","","","","","","","","",21.1,1,"","","","","","","","","","","","","","","","","","","","","","","","","","","","",74,1,"","","","","","","","","","","","","","","","","","","","","","","","","","","","","","","","","","","","","","","","","","","","","","","","","","","","","","","","","","","","","","","","","","","","","","","","","","","","","","","","","","","","","","","","","","","","","","","","","","",110,1,"","","","","","","","","","","","","","","","","","","","","","","","","","","","","",""
"61328002","LE PIN-AU-HARAS -INRAE",48.735833,0.128167,176,2002090314,6.,1,"","","","","","","","","","","","","","","","","","","","","","","","","","","","","","","","","","",18.2,1,"","","","","","","","","","","","","","","","","","","","","","","","","","","","",92,1,"","","","","","","","","","","","","","","","","","","","","","","","","","","","","","","","","","","","","","","","","","","","","","","","","","","","","","","","","","","","","","","","","","","","","","","","","","","","","","","","","","","","","","","","","","","","","","","","","","",56,1,"","","","","","","","","","","","","","","","","","","","","","","","","","","","","",""
"61328002","LE PIN-AU-HARAS -INRAE",48.735833,0.128167,176,2002090315,4.,1,"","","","","","","","","","","","","","","","","","","","","","","","","","","","","","","","","","",18.,1,"","","","","","","","","","","","","","","","","","","","","","","","","","","","",97,1,"","","","","","","","","","","","","","","","","","","","","","","","","","","","","","","","","","","","","","","","","","","","","","","","","","","","","","","","","","","","","","","","","","","","","","","","","","","","","","","","","","","","","","","","","","","","","","","","","","",26,1,"","","","","","","","","","","","","","","","","","","","","","","","","","","","","",""
"61328002","LE PIN-AU-HARAS -INRAE",48.735833,0.128167,176,2002090316,0.,1,"","","","","","","","","","","","","","","","","","","","","","","","","","","","","","","","","","",17.9,1,"","","","","","","","","","","","","","","","","","","","","","","","","","","","",98,1,"","","","","","","","","","","","","","","","","","","","","","","","","","","","","","","","","","","","","","","","","","","","","","","","","","","","","","","","","","","","","","","","","","","","","","","","","","","","","","","","","","","","","","","","","","","","","","","","","","",16,1,"","","","","","","","","","","","","","","","","","","","","","","","","","","","","",""
"61328002","LE PIN-AU-HARAS -INRAE",48.735833,0.128167,176,2002090317,0.,1,"","","","","","","","","","","","","","","","","","","","","","","","","","","","","","","","","","",17.6,1,"","","","","","","","","","","","","","","","","","","","","","","","","","","","",99,1,"","","","","","","","","","","","","","","","","","","","","","","","","","","","","","","","","","","","","","","","","","","","","","","","","","","","","","","","","","","","","","","","","","","","","","","","","","","","","","","","","","","","","","","","","","","","","","","","","","",8,1,"","","","","","","","","","","","","","","","","","","","","","","","","","","","","",""
"61328002","LE PIN-AU-HARAS -INRAE",48.735833,0.128167,176,2002090318,1.,1,"","","","","","","","","","","","","","","","","","","","","","","","","","","","","","","","","","",17.4,1,"","","","","","","","","","","","","","","","","","","","","","","","","","","","",100,1,"","","","","","","","","","","","","","","","","","","","","","","","","","","","","","","","","","","","","","","","","","","","","","","","","","","","","","","","","","","","","","","","","","","","","","","","","","","","","","","","","","","","","","","","","","","","","","","","","","",2,1,"","","","","","","","","","","","","","","","","","","","","","","","","","","","","",""
"61328002","LE PIN-AU-HARAS -INRAE",48.735833,0.128167,176,2002090319,4.5,1,"","","","","","","","","","","","","","","","","","","","","","","","","","","","","","","","","","",16.8,1,"","","","","","","","","","","","","","","","","","","","","","","","","","","","",100,1,"","","","","","","","","","","","","","","","","","","","","","","","","","","","","","","","","","","","","","","","","","","","","","","","","","","","","","","","","","","","","","","","","","","","","","","","","","","","","","","","","","","","","","","","","","","","","","","","","","",0,1,"","","","","","","","","","","","","","","","","","","","","","","","","","","","","",""
"61328002","LE PIN-AU-HARAS -INRAE",48.735833,0.128167,176,2002090320,6.,1,"","","","","","","","","","","","","","","","","","","","","","","","","","","","","","","","","","",16.4,1,"","","","","","","","","","","","","","","","","","","","","","","","","","","","",100,1,"","","","","","","","","","","","","","","","","","","","","","","","","","","","","","","","","","","","","","","","","","","","","","","","","","","","","","","","","","","","","","","","","","","","","","","","","","","","","","","","","","","","","","","","","","","","","","","","","","",0,1,"","","","","","","","","","","","","","","","","","","","","","","","","","","","","",""
"61328002","LE PIN-AU-HARAS -INRAE",48.735833,0.128167,176,2002090321,2.,1,"","","","","","","","","","","","","","","","","","","","","","","","","","","","","","","","","","",16.,1,"","","","","","","","","","","","","","","","","","","","","","","","","","","","",100,1,"","","","","","","","","","","","","","","","","","","","","","","","","","","","","","","","","","","","","","","","","","","","","","","","","","","","","","","","","","","","","","","","","","","","","","","","","","","","","","","","","","","","","","","","","","","","","","","","","","",0,1,"","","","","","","","","","","","","","","","","","","","","","","","","","","","","",""
"61328002","LE PIN-AU-HARAS -INRAE",48.735833,0.128167,176,2002090322,0.5,1,"","","","","","","","","","","","","","","","","","","","","","","","","","","","","","","","","","",15.4,1,"","","","","","","","","","","","","","","","","","","","","","","","","","","","",100,1,"","","","","","","","","","","","","","","","","","","","","","","","","","","","","","","","","","","","","","","","","","","","","","","","","","","","","","","","","","","","","","","","","","","","","","","","","","","","","","","","","","","","","","","","","","","","","","","","","","",0,1,"","","","","","","","","","","","","","","","","","","","","","","","","","","","","",""
"61328002","LE PIN-AU-HARAS -INRAE",48.735833,0.128167,176,2002090323,0.5,1,"","","","","","","","","","","","","","","","","","","","","","","","","","","","","","","","","","",15.1,1,"","","","","","","","","","","","","","","","","","","","","","","","","","","","",100,1,"","","","","","","","","","","","","","","","","","","","","","","","","","","","","","","","","","","","","","","","","","","","","","","","","","","","","","","","","","","","","","","","","","","","","","","","","","","","","","","","","","","","","","","","","","","","","","","","","","",0,1,"","","","","","","","","","","","","","","","","","","","","","","","","","","","","",""
"61328002","LE PIN-AU-HARAS -INRAE",48.735833,0.128167,176,2002090400,0.5,1,"","","","","","","","","","","","","","","","","","","","","","","","","","","","","","","","","","",15.1,1,"","","","","","","","","","","","","","","","","","","","","","","","","","","","",100,1,"","","","","","","","","","","","","","","","","","","","","","","","","","","","","","","","","","","","","","","","","","","","","","","","","","","","","","","","","","","","","","","","","","","","","","","","","","","","","","","","","","","","","","","","","","","","","","","","","","",0,1,"","","","","","","","","","","","","","","","","","","","","","","","","","","","","",""
"61328002","LE PIN-AU-HARAS -INRAE",48.735833,0.128167,176,2002090401,0.5,1,"","","","","","","","","","","","","","","","","","","","","","","","","","","","","","","","","","",15.4,1,"","","","","","","","","","","","","","","","","","","","","","","","","","","","",100,1,"","","","","","","","","","","","","","","","","","","","","","","","","","","","","","","","","","","","","","","","","","","","","","","","","","","","","","","","","","","","","","","","","","","","","","","","","","","","","","","","","","","","","","","","","","","","","","","","","","",0,1,"","","","","","","","","","","","","","","","","","","","","","","","","","","","","",""
"61328002","LE PIN-AU-HARAS -INRAE",48.735833,0.128167,176,2002090402,0.,1,"","","","","","","","","","","","","","","","","","","","","","","","","","","","","","","","","","",16.1,1,"","","","","","","","","","","","","","","","","","","","","","","","","","","","",100,1,"","","","","","","","","","","","","","","","","","","","","","","","","","","","","","","","","","","","","","","","","","","","","","","","","","","","","","","","","","","","","","","","","","","","","","","","","","","","","","","","","","","","","","","","","","","","","","","","","","",0,1,"","","","","","","","","","","","","","","","","","","","","","","","","","","","","",""
"61328002","LE PIN-AU-HARAS -INRAE",48.735833,0.128167,176,2002090403,0.,1,"","","","","","","","","","","","","","","","","","","","","","","","","","","","","","","","","","",15.7,1,"","","","","","","","","","","","","","","","","","","","","","","","","","","","",100,1,"","","","","","","","","","","","","","","","","","","","","","","","","","","","","","","","","","","","","","","","","","","","","","","","","","","","","","","","","","","","","","","","","","","","","","","","","","","","","","","","","","","","","","","","","","","","","","","","","","",0,1,"","","","","","","","","","","","","","","","","","","","","","","","","","","","","",""
"61328002","LE PIN-AU-HARAS -INRAE",48.735833,0.128167,176,2002090404,0.,1,"","","","","","","","","","","","","","","","","","","","","","","","","","","","","","","","","","",15.3,1,"","","","","","","","","","","","","","","","","","","","","","","","","","","","",100,1,"","","","","","","","","","","","","","","","","","","","","","","","","","","","","","","","","","","","","","","","","","","","","","","","","","","","","","","","","","","","","","","","","","","","","","","","","","","","","","","","","","","","","","","","","","","","","","","","","","",0,1,"","","","","","","","","","","","","","","","","","","","","","","","","","","","","",""
"61328002","LE PIN-AU-HARAS -INRAE",48.735833,0.128167,176,2002090405,0.,1,"","","","","","","","","","","","","","","","","","","","","","","","","","","","","","","","","","",15.1,1,"","","","","","","","","","","","","","","","","","","","","","","","","","","","",100,1,"","","","","","","","","","","","","","","","","","","","","","","","","","","","","","","","","","","","","","","","","","","","","","","","","","","","","","","","","","","","","","","","","","","","","","","","","","","","","","","","","","","","","","","","","","","","","","","","","","",0,1,"","","","","","","","","","","","","","","","","","","","","","","","","","","","","",""
"61328002","LE PIN-AU-HARAS -INRAE",48.735833,0.128167,176,2002090406,0.,1,"","","","","","","","","","","","","","","","","","","","","","","","","","","","","","","","","","",15.2,1,"","","","","","","","","","","","","","","","","","","","","","","","","","","","",100,1,"","","","","","","","","","","","","","","","","","","","","","","","","","","","","","","","","","","","","","","","","","","","","","","","","","","","","","","","","","","","","","","","","","","","","","","","","","","","","","","","","","","","","","","","","","","","","","","","","","",2,1,"","","","","","","","","","","","","","","","","","","","","","","","","","","","","",""
"61328002","LE PIN-AU-HARAS -INRAE",48.735833,0.128167,176,2002090407,0.,1,"","","","","","","","","","","","","","","","","","","","","","","","","","","","","","","","","","",15.6,1,"","","","","","","","","","","","","","","","","","","","","","","","","","","","",100,1,"","","","","","","","","","","","","","","","","","","","","","","","","","","","","","","","","","","","","","","","","","","","","","","","","","","","","","","","","","","","","","","","","","","","","","","","","","","","","","","","","","","","","","","","","","","","","","","","","","",8,1,"","","","","","","","","","","","","","","","","","","","","","","","","","","","","",""
"61328002","LE PIN-AU-HARAS -INRAE",48.735833,0.128167,176,2002090408,0.,1,"","","","","","","","","","","","","","","","","","","","","","","","","","","","","","","","","","",16.3,1,"","","","","","","","","","","","","","","","","","","","","","","","","","","","",99,1,"","","","","","","","","","","","","","","","","","","","","","","","","","","","","","","","","","","","","","","","","","","","","","","","","","","","","","","","","","","","","","","","","","","","","","","","","","","","","","","","","","","","","","","","","","","","","","","","","","",32,1,"","","","","","","","","","","","","","","","","","","","","","","","","","","","","",""
"61328002","LE PIN-AU-HARAS -INRAE",48.735833,0.128167,176,2002090409,0.,1,"","","","","","","","","","","","","","","","","","","","","","","","","","","","","","","","","","",16.5,1,"","","","","","","","","","","","","","","","","","","","","","","","","","","","",95,1,"","","","","","","","","","","","","","","","","","","","","","","","","","","","","","","","","","","","","","","","","","","","","","","","","","","","","","","","","","","","","","","","","","","","","","","","","","","","","","","","","","","","","","","","","","","","","","","","","","",60,1,"","","","","","","","","","","","","","","","","","","","","","","","","","","","","",""
"61328002","LE PIN-AU-HARAS -INRAE",48.735833,0.128167,176,2002090410,0.,1,"","","","","","","","","","","","","","","","","","","","","","","","","","","","","","","","","","",18.3,1,"","","","","","","","","","","","","","","","","","","","","","","","","","","","",89,1,"","","","","","","","","","","","","","","","","","","","","","","","","","","","","","","","","","","","","","","","","","","","","","","","","","","","","","","","","","","","","","","","","","","","","","","","","","","","","","","","","","","","","","","","","","","","","","","","","","",100,1,"","","","","","","","","","","","","","","","","","","","","","","","","","","","","",""
"61328002","LE PIN-AU-HARAS -INRAE",48.735833,0.128167,176,2002090411,0.,1,"","","","","","","","","","","","","","","","","","","","","","","","","","","","","","","","","","",18.5,1,"","","","","","","","","","","","","","","","","","","","","","","","","","","","",80,1,"","","","","","","","","","","","","","","","","","","","","","","","","","","","","","","","","","","","","","","","","","","","","","","","","","","","","","","","","","","","","","","","","","","","","","","","","","","","","","","","","","","","","","","","","","","","","","","","","","",122,1,"","","","","","","","","","","","","","","","","","","","","","","","","","","","","",""
"61328002","LE PIN-AU-HARAS -INRAE",48.735833,0.128167,176,2002090412,0.,1,"","","","","","","","","","","","","","","","","","","","","","","","","","","","","","","","","","",18.6,1,"","","","","","","","","","","","","","","","","","","","","","","","","","","","",79,1,"","","","","","","","","","","","","","","","","","","","","","","","","","","","","","","","","","","","","","","","","","","","","","","","","","","","","","","","","","","","","","","","","","","","","","","","","","","","","","","","","","","","","","","","","","","","","","","","","","",104,1,"","","","","","","","","","","","","","","","","","","","","","","","","","","","","",""
"61328002","LE PIN-AU-HARAS -INRAE",48.735833,0.128167,176,2002090413,0.,1,"","","","","","","","","","","","","","","","","","","","","","","","","","","","","","","","","","",19.4,1,"","","","","","","","","","","","","","","","","","","","","","","","","","","","",69,1,"","","","","","","","","","","","","","","","","","","","","","","","","","","","","","","","","","","","","","","","","","","","","","","","","","","","","","","","","","","","","","","","","","","","","","","","","","","","","","","","","","","","","","","","","","","","","","","","","","",172,1,"","","","","","","","","","","","","","","","","","","","","","","","","","","","","",""
"61328002","LE PIN-AU-HARAS -INRAE",48.735833,0.128167,176,2002090414,0.,1,"","","","","","","","","","","","","","","","","","","","","","","","","","","","","","","","","","",19.7,1,"","","","","","","","","","","","","","","","","","","","","","","","","","","","",65,1,"","","","","","","","","","","","","","","","","","","","","","","","","","","","","","","","","","","","","","","","","","","","","","","","","","","","","","","","","","","","","","","","","","","","","","","","","","","","","","","","","","","","","","","","","","","","","","","","","","",166,1,"","","","","","","","","","","","","","","","","","","","","","","","","","","","","",""
"61328002","LE PIN-AU-HARAS -INRAE",48.735833,0.128167,176,2002090415,0.,1,"","","","","","","","","","","","","","","","","","","","","","","","","","","","","","","","","","",22.2,1,"","","","","","","","","","","","","","","","","","","","","","","","","","","","",63,1,"","","","","","","","","","","","","","","","","","","","","","","","","","","","","","","","","","","","","","","","","","","","","","","","","","","","","","","","","","","","","","","","","","","","","","","","","","","","","","","","","","","","","","","","","","","","","","","","","","",156,1,"","","","","","","","","","","","","","","","","","","","","","","","","","","","","",""
"61328002","LE PIN-AU-HARAS -INRAE",48.735833,0.128167,176,2002090416,0.,1,"","","","","","","","","","","","","","","","","","","","","","","","","","","","","","","","","","",20.1,1,"","","","","","","","","","","","","","","","","","","","","","","","","","","","",64,1,"","","","","","","","","","","","","","","","","","","","","","","","","","","","","","","","","","","","","","","","","","","","","","","","","","","","","","","","","","","","","","","","","","","","","","","","","","","","","","","","","","","","","","","","","","","","","","","","","","",126,1,"","","","","","","","","","","","","","","","","","","","","","","","","","","","","",""
"61328002","LE PIN-AU-HARAS -INRAE",48.735833,0.128167,176,2002090417,0.,1,"","","","","","","","","","","","","","","","","","","","","","","","","","","","","","","","","","",19.,1,"","","","","","","","","","","","","","","","","","","","","","","","","","","","",70,1,"","","","","","","","","","","","","","","","","","","","","","","","","","","","","","","","","","","","","","","","","","","","","","","","","","","","","","","","","","","","","","","","","","","","","","","","","","","","","","","","","","","","","","","","","","","","","","","","","","",52,1,"","","","","","","","","","","","","","","","","","","","","","","","","","","","","",""
"61328002","LE PIN-AU-HARAS -INRAE",48.735833,0.128167,176,2002090418,0.,1,"","","","","","","","","","","","","","","","","","","","","","","","","","","","","","","","","","",17.5,1,"","","","","","","","","","","","","","","","","","","","","","","","","","","","",83,1,"","","","","","","","","","","","","","","","","","","","","","","","","","","","","","","","","","","","","","","","","","","","","","","","","","","","","","","","","","","","","","","","","","","","","","","","","","","","","","","","","","","","","","","","","","","","","","","","","","",32,1,"","","","","","","","","","","","","","","","","","","","","","","","","","","","","",""
"61328002","LE PIN-AU-HARAS -INRAE",48.735833,0.128167,176,2002090419,0.,1,"","","","","","","","","","","","","","","","","","","","","","","","","","","","","","","","","","",15.6,1,"","","","","","","","","","","","","","","","","","","","","","","","","","","","",93,1,"","","","","","","","","","","","","","","","","","","","","","","","","","","","","","","","","","","","","","","","","","","","","","","","","","","","","","","","","","","","","","","","","","","","","","","","","","","","","","","","","","","","","","","","","","","","","","","","","","",2,1,"","","","","","","","","","","","","","","","","","","","","","","","","","","","","",""
"61328002","LE PIN-AU-HARAS -INRAE",48.735833,0.128167,176,2002090420,0.,1,"","","","","","","","","","","","","","","","","","","","","","","","","","","","","","","","","","",15.,1,"","","","","","","","","","","","","","","","","","","","","","","","","","","","",96,1,"","","","","","","","","","","","","","","","","","","","","","","","","","","","","","","","","","","","","","","","","","","","","","","","","","","","","","","","","","","","","","","","","","","","","","","","","","","","","","","","","","","","","","","","","","","","","","","","","","",0,1,"","","","","","","","","","","","","","","","","","","","","","","","","","","","","",""
"61328002","LE PIN-AU-HARAS -INRAE",48.735833,0.128167,176,2002090421,0.,1,"","","","","","","","","","","","","","","","","","","","","","","","","","","","","","","","","","",14.1,1,"","","","","","","","","","","","","","","","","","","","","","","","","","","","",97,1,"","","","","","","","","","","","","","","","","","","","","","","","","","","","","","","","","","","","","","","","","","","","","","","","","","","","","","","","","","","","","","","","","","","","","","","","","","","","","","","","","","","","","","","","","","","","","","","","","","",0,1,"","","","","","","","","","","","","","","","","","","","","","","","","","","","","",""
"61328002","LE PIN-AU-HARAS -INRAE",48.735833,0.128167,176,2002090422,0.,1,"","","","","","","","","","","","","","","","","","","","","","","","","","","","","","","","","","",13.7,1,"","","","","","","","","","","","","","","","","","","","","","","","","","","","",99,1,"","","","","","","","","","","","","","","","","","","","","","","","","","","","","","","","","","","","","","","","","","","","","","","","","","","","","","","","","","","","","","","","","","","","","","","","","","","","","","","","","","","","","","","","","","","","","","","","","","",0,1,"","","","","","","","","","","","","","","","","","","","","","","","","","","","","",""
"61328002","LE PIN-AU-HARAS -INRAE",48.735833,0.128167,176,2002090423,0.,1,"","","","","","","","","","","","","","","","","","","","","","","","","","","","","","","","","","",12.5,1,"","","","","","","","","","","","","","","","","","","","","","","","","","","","",99,1,"","","","","","","","","","","","","","","","","","","","","","","","","","","","","","","","","","","","","","","","","","","","","","","","","","","","","","","","","","","","","","","","","","","","","","","","","","","","","","","","","","","","","","","","","","","","","","","","","","",0,1,"","","","","","","","","","","","","","","","","","","","","","","","","","","","","",""
"61328002","LE PIN-AU-HARAS -INRAE",48.735833,0.128167,176,2002090500,0.,1,"","","","","","","","","","","","","","","","","","","","","","","","","","","","","","","","","","",11.1,1,"","","","","","","","","","","","","","","","","","","","","","","","","","","","",100,1,"","","","","","","","","","","","","","","","","","","","","","","","","","","","","","","","","","","","","","","","","","","","","","","","","","","","","","","","","","","","","","","","","","","","","","","","","","","","","","","","","","","","","","","","","","","","","","","","","","",0,1,"","","","","","","","","","","","","","","","","","","","","","","","","","","","","",""
"61328002","LE PIN-AU-HARAS -INRAE",48.735833,0.128167,176,2002090501,0.,1,"","","","","","","","","","","","","","","","","","","","","","","","","","","","","","","","","","",10.,1,"","","","","","","","","","","","","","","","","","","","","","","","","","","","",100,1,"","","","","","","","","","","","","","","","","","","","","","","","","","","","","","","","","","","","","","","","","","","","","","","","","","","","","","","","","","","","","","","","","","","","","","","","","","","","","","","","","","","","","","","","","","","","","","","","","","",0,1,"","","","","","","","","","","","","","","","","","","","","","","","","","","","","",""
"61328002","LE PIN-AU-HARAS -INRAE",48.735833,0.128167,176,2002090502,0.,1,"","","","","","","","","","","","","","","","","","","","","","","","","","","","","","","","","","",9.4,1,"","","","","","","","","","","","","","","","","","","","","","","","","","","","",100,1,"","","","","","","","","","","","","","","","","","","","","","","","","","","","","","","","","","","","","","","","","","","","","","","","","","","","","","","","","","","","","","","","","","","","","","","","","","","","","","","","","","","","","","","","","","","","","","","","","","",0,1,"","","","","","","","","","","","","","","","","","","","","","","","","","","","","",""
"61328002","LE PIN-AU-HARAS -INRAE",48.735833,0.128167,176,2002090503,0.,1,"","","","","","","","","","","","","","","","","","","","","","","","","","","","","","","","","","",9.8,1,"","","","","","","","","","","","","","","","","","","","","","","","","","","","",100,1,"","","","","","","","","","","","","","","","","","","","","","","","","","","","","","","","","","","","","","","","","","","","","","","","","","","","","","","","","","","","","","","","","","","","","","","","","","","","","","","","","","","","","","","","","","","","","","","","","","",0,1,"","","","","","","","","","","","","","","","","","","","","","","","","","","","","",""
"61328002","LE PIN-AU-HARAS -INRAE",48.735833,0.128167,176,2002090504,0.,1,"","","","","","","","","","","","","","","","","","","","","","","","","","","","","","","","","","",10.,1,"","","","","","","","","","","","","","","","","","","","","","","","","","","","",100,1,"","","","","","","","","","","","","","","","","","","","","","","","","","","","","","","","","","","","","","","","","","","","","","","","","","","","","","","","","","","","","","","","","","","","","","","","","","","","","","","","","","","","","","","","","","","","","","","","","","",0,1,"","","","","","","","","","","","","","","","","","","","","","","","","","","","","",""
"61328002","LE PIN-AU-HARAS -INRAE",48.735833,0.128167,176,2002090505,0.,1,"","","","","","","","","","","","","","","","","","","","","","","","","","","","","","","","","","",10.,1,"","","","","","","","","","","","","","","","","","","","","","","","","","","","",100,1,"","","","","","","","","","","","","","","","","","","","","","","","","","","","","","","","","","","","","","","","","","","","","","","","","","","","","","","","","","","","","","","","","","","","","","","","","","","","","","","","","","","","","","","","","","","","","","","","","","",0,1,"","","","","","","","","","","","","","","","","","","","","","","","","","","","","",""
"61328002","LE PIN-AU-HARAS -INRAE",48.735833,0.128167,176,2002090506,0.,1,"","","","","","","","","","","","","","","","","","","","","","","","","","","","","","","","","","",9.3,1,"","","","","","","","","","","","","","","","","","","","","","","","","","","","",100,1,"","","","","","","","","","","","","","","","","","","","","","","","","","","","","","","","","","","","","","","","","","","","","","","","","","","","","","","","","","","","","","","","","","","","","","","","","","","","","","","","","","","","","","","","","","","","","","","","","","",2,1,"","","","","","","","","","","","","","","","","","","","","","","","","","","","","",""
"61328002","LE PIN-AU-HARAS -INRAE",48.735833,0.128167,176,2002090507,0.,1,"","","","","","","","","","","","","","","","","","","","","","","","","","","","","","","","","","",10.4,1,"","","","","","","","","","","","","","","","","","","","","","","","","","","","",100,1,"","","","","","","","","","","","","","","","","","","","","","","","","","","","","","","","","","","","","","","","","","","","","","","","","","","","","","","","","","","","","","","","","","","","","","","","","","","","","","","","","","","","","","","","","","","","","","","","","","",18,1,"","","","","","","","","","","","","","","","","","","","","","","","","","","","","",""
"61328002","LE PIN-AU-HARAS -INRAE",48.735833,0.128167,176,2002090508,0.,1,"","","","","","","","","","","","","","","","","","","","","","","","","","","","","","","","","","",12.2,1,"","","","","","","","","","","","","","","","","","","","","","","","","","","","",100,1,"","","","","","","","","","","","","","","","","","","","","","","","","","","","","","","","","","","","","","","","","","","","","","","","","","","","","","","","","","","","","","","","","","","","","","","","","","","","","","","","","","","","","","","","","","","","","","","","","","",48,1,"","","","","","","","","","","","","","","","","","","","","","","","","","","","","",""
"61328002","LE PIN-AU-HARAS -INRAE",48.735833,0.128167,176,2002090509,0.,1,"","","","","","","","","","","","","","","","","","","","","","","","","","","","","","","","","","",17.6,1,"","","","","","","","","","","","","","","","","","","","","","","","","","","","",100,1,"","","","","","","","","","","","","","","","","","","","","","","","","","","","","","","","","","","","","","","","","","","","","","","","","","","","","","","","","","","","","","","","","","","","","","","","","","","","","","","","","","","","","","","","","","","","","","","","","","",144,1,"","","","","","","","","","","","","","","","","","","","","","","","","","","","","",""
"61328002","LE PIN-AU-HARAS -INRAE",48.735833,0.128167,176,2002090510,0.,1,"","","","","","","","","","","","","","","","","","","","","","","","","","","","","","","","","","",19.2,1,"","","","","","","","","","","","","","","","","","","","","","","","","","","","",73,1,"","","","","","","","","","","","","","","","","","","","","","","","","","","","","","","","","","","","","","","","","","","","","","","","","","","","","","","","","","","","","","","","","","","","","","","","","","","","","","","","","","","","","","","","","","","","","","","","","","",206,1,"","","","","","","","","","","","","","","","","","","","","","","","","","","","","",""
"61328002","LE PIN-AU-HARAS -INRAE",48.735833,0.128167,176,2002090511,0.,1,"","","","","","","","","","","","","","","","","","","","","","","","","","","","","","","","","","",20.7,1,"","","","","","","","","","","","","","","","","","","","","","","","","","","","",61,1,"","","","","","","","","","","","","","","","","","","","","","","","","","","","","","","","","","","","","","","","","","","","","","","","","","","","","","","","","","","","","","","","","","","","","","","","","","","","","","","","","","","","","","","","","","","","","","","","","","",174,1,"","","","","","","","","","","","","","","","","","","","","","","","","","","","","",""
"61328002","LE PIN-AU-HARAS -INRAE",48.735833,0.128167,176,2002090512,0.,1,"","","","","","","","","","","","","","","","","","","","","","","","","","","","","","","","","","",20.2,1,"","","","","","","","","","","","","","","","","","","","","","","","","","","","",61,1,"","","","","","","","","","","","","","","","","","","","","","","","","","","","","","","","","","","","","","","","","","","","","","","","","","","","","","","","","","","","","","","","","","","","","","","","","","","","","","","","","","","","","","","","","","","","","","","","","","",218,1,"","","","","","","","","","","","","","","","","","","","","","","","","","","","","",""
"61328002","LE PIN-AU-HARAS -INRAE",48.735833,0.128167,176,2002090513,0.,1,"","","","","","","","","","","","","","","","","","","","","","","","","","","","","","","","","","",20.1,1,"","","","","","","","","","","","","","","","","","","","","","","","","","","","",62,1,"","","","","","","","","","","","","","","","","","","","","","","","","","","","","","","","","","","","","","","","","","","","","","","","","","","","","","","","","","","","","","","","","","","","","","","","","","","","","","","","","","","","","","","","","","","","","","","","","","",208,1,"","","","","","","","","","","","","","","","","","","","","","","","","","","","","",""
"61328002","LE PIN-AU-HARAS -INRAE",48.735833,0.128167,176,2002090514,0.,1,"","","","","","","","","","","","","","","","","","","","","","","","","","","","","","","","","","",19.8,1,"","","","","","","","","","","","","","","","","","","","","","","","","","","","",71,1,"","","","","","","","","","","","","","","","","","","","","","","","","","","","","","","","","","","","","","","","","","","","","","","","","","","","","","","","","","","","","","","","","","","","","","","","","","","","","","","","","","","","","","","","","","","","","","","","","","",116,1,"","","","","","","","","","","","","","","","","","","","","","","","","","","","","",""
"61328002","LE PIN-AU-HARAS -INRAE",48.735833,0.128167,176,2002090515,0.,1,"","","","","","","","","","","","","","","","","","","","","","","","","","","","","","","","","","",19.4,1,"","","","","","","","","","","","","","","","","","","","","","","","","","","","",71,1,"","","","","","","","","","","","","","","","","","","","","","","","","","","","","","","","","","","","","","","","","","","","","","","","","","","","","","","","","","","","","","","","","","","","","","","","","","","","","","","","","","","","","","","","","","","","","","","","","","",132,1,"","","","","","","","","","","","","","","","","","","","","","","","","","","","","",""
"61328002","LE PIN-AU-HARAS -INRAE",48.735833,0.128167,176,2002090516,0.,1,"","","","","","","","","","","","","","","","","","","","","","","","","","","","","","","","","","",19.5,1,"","","","","","","","","","","","","","","","","","","","","","","","","","","","",67,1,"","","","","","","","","","","","","","","","","","","","","","","","","","","","","","","","","","","","","","","","","","","","","","","","","","","","","","","","","","","","","","","","","","","","","","","","","","","","","","","","","","","","","","","","","","","","","","","","","","",88,1,"","","","","","","","","","","","","","","","","","","","","","","","","","","","","",""
"61328002","LE PIN-AU-HARAS -INRAE",48.735833,0.128167,176,2002090517,0.,1,"","","","","","","","","","","","","","","","","","","","","","","","","","","","","","","","","","",17.3,1,"","","","","","","","","","","","","","","","","","","","","","","","","","","","",76,1,"","","","","","","","","","","","","","","","","","","","","","","","","","","","","","","","","","","","","","","","","","","","","","","","","","","","","","","","","","","","","","","","","","","","","","","","","","","","","","","","","","","","","","","","","","","","","","","","","","",38,1,"","","","","","","","","","","","","","","","","","","","","","","","","","","","","",""
"61328002","LE PIN-AU-HARAS -INRAE",48.735833,0.128167,176,2002090518,0.,1,"","","","","","","","","","","","","","","","","","","","","","","","","","","","","","","","","","",15.7,1,"","","","","","","","","","","","","","","","","","","","","","","","","","","","",85,1,"","","","","","","","","","","","","","","","","","","","","","","","","","","","","","","","","","","","","","","","","","","","","","","","","","","","","","","","","","","","","","","","","","","","","","","","","","","","","","","","","","","","","","","","","","","","","","","","","","",16,1,"","","","","","","","","","","","","","","","","","","","","","","","","","","","","",""
"61328002","LE PIN-AU-HARAS -INRAE",48.735833,0.128167,176,2002090519,0.,1,"","","","","","","","","","","","","","","","","","","","","","","","","","","","","","","","","","",14.,1,"","","","","","","","","","","","","","","","","","","","","","","","","","","","",90,1,"","","","","","","","","","","","","","","","","","","","","","","","","","","","","","","","","","","","","","","","","","","","","","","","","","","","","","","","","","","","","","","","","","","","","","","","","","","","","","","","","","","","","","","","","","","","","","","","","","",2,1,"","","","","","","","","","","","","","","","","","","","","","","","","","","","","",""
"61328002","LE PIN-AU-HARAS -INRAE",48.735833,0.128167,176,2002090520,0.,1,"","","","","","","","","","","","","","","","","","","","","","","","","","","","","","","","","","",11.3,1,"","","","","","","","","","","","","","","","","","","","","","","","","","","","",96,1,"","","","","","","","","","","","","","","","","","","","","","","","","","","","","","","","","","","","","","","","","","","","","","","","","","","","","","","","","","","","","","","","","","","","","","","","","","","","","","","","","","","","","","","","","","","","","","","","","","",0,1,"","","","","","","","","","","","","","","","","","","","","","","","","","","","","",""
"61328002","LE PIN-AU-HARAS -INRAE",48.735833,0.128167,176,2002090521,0.,1,"","","","","","","","","","","","","","","","","","","","","","","","","","","","","","","","","","",10.2,1,"","","","","","","","","","","","","","","","","","","","","","","","","","","","",98,1,"","","","","","","","","","","","","","","","","","","","","","","","","","","","","","","","","","","","","","","","","","","","","","","","","","","","","","","","","","","","","","","","","","","","","","","","","","","","","","","","","","","","","","","","","","","","","","","","","","",0,1,"","","","","","","","","","","","","","","","","","","","","","","","","","","","","",""
"61328002","LE PIN-AU-HARAS -INRAE",48.735833,0.128167,176,2002090522,0.,1,"","","","","","","","","","","","","","","","","","","","","","","","","","","","","","","","","","",8.9,1,"","","","","","","","","","","","","","","","","","","","","","","","","","","","",99,1,"","","","","","","","","","","","","","","","","","","","","","","","","","","","","","","","","","","","","","","","","","","","","","","","","","","","","","","","","","","","","","","","","","","","","","","","","","","","","","","","","","","","","","","","","","","","","","","","","","",0,1,"","","","","","","","","","","","","","","","","","","","","","","","","","","","","",""
"61328002","LE PIN-AU-HARAS -INRAE",48.735833,0.128167,176,2002090523,0.,1,"","","","","","","","","","","","","","","","","","","","","","","","","","","","","","","","","","",7.9,1,"","","","","","","","","","","","","","","","","","","","","","","","","","","","",100,1,"","","","","","","","","","","","","","","","","","","","","","","","","","","","","","","","","","","","","","","","","","","","","","","","","","","","","","","","","","","","","","","","","","","","","","","","","","","","","","","","","","","","","","","","","","","","","","","","","","",0,1,"","","","","","","","","","","","","","","","","","","","","","","","","","","","","",""
"61328002","LE PIN-AU-HARAS -INRAE",48.735833,0.128167,176,2002090600,0.,1,"","","","","","","","","","","","","","","","","","","","","","","","","","","","","","","","","","",7.7,1,"","","","","","","","","","","","","","","","","","","","","","","","","","","","",100,1,"","","","","","","","","","","","","","","","","","","","","","","","","","","","","","","","","","","","","","","","","","","","","","","","","","","","","","","","","","","","","","","","","","","","","","","","","","","","","","","","","","","","","","","","","","","","","","","","","","",0,1,"","","","","","","","","","","","","","","","","","","","","","","","","","","","","",""
"61328002","LE PIN-AU-HARAS -INRAE",48.735833,0.128167,176,2002090601,0.,1,"","","","","","","","","","","","","","","","","","","","","","","","","","","","","","","","","","",7.9,1,"","","","","","","","","","","","","","","","","","","","","","","","","","","","",100,1,"","","","","","","","","","","","","","","","","","","","","","","","","","","","","","","","","","","","","","","","","","","","","","","","","","","","","","","","","","","","","","","","","","","","","","","","","","","","","","","","","","","","","","","","","","","","","","","","","","",0,1,"","","","","","","","","","","","","","","","","","","","","","","","","","","","","",""
"61328002","LE PIN-AU-HARAS -INRAE",48.735833,0.128167,176,2002090602,0.,1,"","","","","","","","","","","","","","","","","","","","","","","","","","","","","","","","","","",7.8,1,"","","","","","","","","","","","","","","","","","","","","","","","","","","","",100,1,"","","","","","","","","","","","","","","","","","","","","","","","","","","","","","","","","","","","","","","","","","","","","","","","","","","","","","","","","","","","","","","","","","","","","","","","","","","","","","","","","","","","","","","","","","","","","","","","","","",0,1,"","","","","","","","","","","","","","","","","","","","","","","","","","","","","",""
"61328002","LE PIN-AU-HARAS -INRAE",48.735833,0.128167,176,2002090603,0.,1,"","","","","","","","","","","","","","","","","","","","","","","","","","","","","","","","","","",8.6,1,"","","","","","","","","","","","","","","","","","","","","","","","","","","","",100,1,"","","","","","","","","","","","","","","","","","","","","","","","","","","","","","","","","","","","","","","","","","","","","","","","","","","","","","","","","","","","","","","","","","","","","","","","","","","","","","","","","","","","","","","","","","","","","","","","","","",0,1,"","","","","","","","","","","","","","","","","","","","","","","","","","","","","",""
"61328002","LE PIN-AU-HARAS -INRAE",48.735833,0.128167,176,2002090604,0.,1,"","","","","","","","","","","","","","","","","","","","","","","","","","","","","","","","","","",9.8,1,"","","","","","","","","","","","","","","","","","","","","","","","","","","","",100,1,"","","","","","","","","","","","","","","","","","","","","","","","","","","","","","","","","","","","","","","","","","","","","","","","","","","","","","","","","","","","","","","","","","","","","","","","","","","","","","","","","","","","","","","","","","","","","","","","","","",0,1,"","","","","","","","","","","","","","","","","","","","","","","","","","","","","",""
"61328002","LE PIN-AU-HARAS -INRAE",48.735833,0.128167,176,2002090605,0.,1,"","","","","","","","","","","","","","","","","","","","","","","","","","","","","","","","","","",10.6,1,"","","","","","","","","","","","","","","","","","","","","","","","","","","","",100,1,"","","","","","","","","","","","","","","","","","","","","","","","","","","","","","","","","","","","","","","","","","","","","","","","","","","","","","","","","","","","","","","","","","","","","","","","","","","","","","","","","","","","","","","","","","","","","","","","","","",0,1,"","","","","","","","","","","","","","","","","","","","","","","","","","","","","",""
"61328002","LE PIN-AU-HARAS -INRAE",48.735833,0.128167,176,2002090606,0.,1,"","","","","","","","","","","","","","","","","","","","","","","","","","","","","","","","","","",11.3,1,"","","","","","","","","","","","","","","","","","","","","","","","","","","","",100,1,"","","","","","","","","","","","","","","","","","","","","","","","","","","","","","","","","","","","","","","","","","","","","","","","","","","","","","","","","","","","","","","","","","","","","","","","","","","","","","","","","","","","","","","","","","","","","","","","","","",2,1,"","","","","","","","","","","","","","","","","","","","","","","","","","","","","",""
"61328002","LE PIN-AU-HARAS -INRAE",48.735833,0.128167,176,2002090607,0.,1,"","","","","","","","","","","","","","","","","","","","","","","","","","","","","","","","","","",13.2,1,"","","","","","","","","","","","","","","","","","","","","","","","","","","","",100,1,"","","","","","","","","","","","","","","","","","","","","","","","","","","","","","","","","","","","","","","","","","","","","","","","","","","","","","","","","","","","","","","","","","","","","","","","","","","","","","","","","","","","","","","","","","","","","","","","","","",14,1,"","","","","","","","","","","","","","","","","","","","","","","","","","","","","",""
"61328002","LE PIN-AU-HARAS -INRAE",48.735833,0.128167,176,2002090608,0.,1,"","","","","","","","","","","","","","","","","","","","","","","","","","","","","","","","","","",14.8,1,"","","","","","","","","","","","","","","","","","","","","","","","","","","","",92,1,"","","","","","","","","","","","","","","","","","","","","","","","","","","","","","","","","","","","","","","","","","","","","","","","","","","","","","","","","","","","","","","","","","","","","","","","","","","","","","","","","","","","","","","","","","","","","","","","","","",56,1,"","","","","","","","","","","","","","","","","","","","","","","","","","","","","",""
"61328002","LE PIN-AU-HARAS -INRAE",48.735833,0.128167,176,2002090609,0.,1,"","","","","","","","","","","","","","","","","","","","","","","","","","","","","","","","","","",17.5,1,"","","","","","","","","","","","","","","","","","","","","","","","","","","","",82,1,"","","","","","","","","","","","","","","","","","","","","","","","","","","","","","","","","","","","","","","","","","","","","","","","","","","","","","","","","","","","","","","","","","","","","","","","","","","","","","","","","","","","","","","","","","","","","","","","","","",132,1,"","","","","","","","","","","","","","","","","","","","","","","","","","","","","",""
"61328002","LE PIN-AU-HARAS -INRAE",48.735833,0.128167,176,2002090610,0.,1,"","","","","","","","","","","","","","","","","","","","","","","","","","","","","","","","","","",17.9,1,"","","","","","","","","","","","","","","","","","","","","","","","","","","","",77,1,"","","","","","","","","","","","","","","","","","","","","","","","","","","","","","","","","","","","","","","","","","","","","","","","","","","","","","","","","","","","","","","","","","","","","","","","","","","","","","","","","","","","","","","","","","","","","","","","","","",148,1,"","","","","","","","","","","","","","","","","","","","","","","","","","","","","",""
"61328002","LE PIN-AU-HARAS -INRAE",48.735833,0.128167,176,2002090611,0.,1,"","","","","","","","","","","","","","","","","","","","","","","","","","","","","","","","","","",20.1,1,"","","","","","","","","","","","","","","","","","","","","","","","","","","","",68,1,"","","","","","","","","","","","","","","","","","","","","","","","","","","","","","","","","","","","","","","","","","","","","","","","","","","","","","","","","","","","","","","","","","","","","","","","","","","","","","","","","","","","","","","","","","","","","","","","","","",212,1,"","","","","","","","","","","","","","","","","","","","","","","","","","","","","",""
"61328002","LE PIN-AU-HARAS -INRAE",48.735833,0.128167,176,2002090612,0.,1,"","","","","","","","","","","","","","","","","","","","","","","","","","","","","","","","","","",19.7,1,"","","","","","","","","","","","","","","","","","","","","","","","","","","","",69,1,"","","","","","","","","","","","","","","","","","","","","","","","","","","","","","","","","","","","","","","","","","","","","","","","","","","","","","","","","","","","","","","","","","","","","","","","","","","","","","","","","","","","","","","","","","","","","","","","","","",202,1,"","","","","","","","","","","","","","","","","","","","","","","","","","","","","",""
"61328002","LE PIN-AU-HARAS -INRAE",48.735833,0.128167,176,2002090613,0.,1,"","","","","","","","","","","","","","","","","","","","","","","","","","","","","","","","","","",18.9,1,"","","","","","","","","","","","","","","","","","","","","","","","","","","","",72,1,"","","","","","","","","","","","","","","","","","","","","","","","","","","","","","","","","","","","","","","","","","","","","","","","","","","","","","","","","","","","","","","","","","","","","","","","","","","","","","","","","","","","","","","","","","","","","","","","","","",104,1,"","","","","","","","","","","","","","","","","","","","","","","","","","","","","",""
"61328002","LE PIN-AU-HARAS -INRAE",48.735833,0.128167,176,2002090614,0.,1,"","","","","","","","","","","","","","","","","","","","","","","","","","","","","","","","","","",19.4,1,"","","","","","","","","","","","","","","","","","","","","","","","","","","","",67,1,"","","","","","","","","","","","","","","","","","","","","","","","","","","","","","","","","","","","","","","","","","","","","","","","","","","","","","","","","","","","","","","","","","","","","","","","","","","","","","","","","","","","","","","","","","","","","","","","","","",176,1,"","","","","","","","","","","","","","","","","","","","","","","","","","","","","",""
"61328002","LE PIN-AU-HARAS -INRAE",48.735833,0.128167,176,2002090615,0.,1,"","","","","","","","","","","","","","","","","","","","","","","","","","","","","","","","","","",18.7,1,"","","","","","","","","","","","","","","","","","","","","","","","","","","","",71,1,"","","","","","","","","","","","","","","","","","","","","","","","","","","","","","","","","","","","","","","","","","","","","","","","","","","","","","","","","","","","","","","","","","","","","","","","","","","","","","","","","","","","","","","","","","","","","","","","","","",50,1,"","","","","","","","","","","","","","","","","","","","","","","","","","","","","",""
"61328002","LE PIN-AU-HARAS -INRAE",48.735833,0.128167,176,2002090616,0.,1,"","","","","","","","","","","","","","","","","","","","","","","","","","","","","","","","","","",17.7,1,"","","","","","","","","","","","","","","","","","","","","","","","","","","","",79,1,"","","","","","","","","","","","","","","","","","","","","","","","","","","","","","","","","","","","","","","","","","","","","","","","","","","","","","","","","","","","","","","","","","","","","","","","","","","","","","","","","","","","","","","","","","","","","","","","","","",20,1,"","","","","","","","","","","","","","","","","","","","","","","","","","","","","",""
"61328002","LE PIN-AU-HARAS -INRAE",48.735833,0.128167,176,2002090617,0.,1,"","","","","","","","","","","","","","","","","","","","","","","","","","","","","","","","","","",17.9,1,"","","","","","","","","","","","","","","","","","","","","","","","","","","","",79,1,"","","","","","","","","","","","","","","","","","","","","","","","","","","","","","","","","","","","","","","","","","","","","","","","","","","","","","","","","","","","","","","","","","","","","","","","","","","","","","","","","","","","","","","","","","","","","","","","","","",28,1,"","","","","","","","","","","","","","","","","","","","","","","","","","","","","",""
"61328002","LE PIN-AU-HARAS -INRAE",48.735833,0.128167,176,2002090618,0.,1,"","","","","","","","","","","","","","","","","","","","","","","","","","","","","","","","","","",17.4,1,"","","","","","","","","","","","","","","","","","","","","","","","","","","","",80,1,"","","","","","","","","","","","","","","","","","","","","","","","","","","","","","","","","","","","","","","","","","","","","","","","","","","","","","","","","","","","","","","","","","","","","","","","","","","","","","","","","","","","","","","","","","","","","","","","","","",14,1,"","","","","","","","","","","","","","","","","","","","","","","","","","","","","",""
"61328002","LE PIN-AU-HARAS -INRAE",48.735833,0.128167,176,2002090619,0.,1,"","","","","","","","","","","","","","","","","","","","","","","","","","","","","","","","","","",15.2,1,"","","","","","","","","","","","","","","","","","","","","","","","","","","","",88,1,"","","","","","","","","","","","","","","","","","","","","","","","","","","","","","","","","","","","","","","","","","","","","","","","","","","","","","","","","","","","","","","","","","","","","","","","","","","","","","","","","","","","","","","","","","","","","","","","","","",2,1,"","","","","","","","","","","","","","","","","","","","","","","","","","","","","",""
"61328002","LE PIN-AU-HARAS -INRAE",48.735833,0.128167,176,2002090620,0.,1,"","","","","","","","","","","","","","","","","","","","","","","","","","","","","","","","","","",13.2,1,"","","","","","","","","","","","","","","","","","","","","","","","","","","","",92,1,"","","","","","","","","","","","","","","","","","","","","","","","","","","","","","","","","","","","","","","","","","","","","","","","","","","","","","","","","","","","","","","","","","","","","","","","","","","","","","","","","","","","","","","","","","","","","","","","","","",0,1,"","","","","","","","","","","","","","","","","","","","","","","","","","","","","",""
"61328002","LE PIN-AU-HARAS -INRAE",48.735833,0.128167,176,2002090621,0.,1,"","","","","","","","","","","","","","","","","","","","","","","","","","","","","","","","","","",12.3,1,"","","","","","","","","","","","","","","","","","","","","","","","","","","","",97,1,"","","","","","","","","","","","","","","","","","","","","","","","","","","","","","","","","","","","","","","","","","","","","","","","","","","","","","","","","","","","","","","","","","","","","","","","","","","","","","","","","","","","","","","","","","","","","","","","","","",0,1,"","","","","","","","","","","","","","","","","","","","","","","","","","","","","",""
"61328002","LE PIN-AU-HARAS -INRAE",48.735833,0.128167,176,2002090622,0.,1,"","","","","","","","","","","","","","","","","","","","","","","","","","","","","","","","","","",13.6,1,"","","","","","","","","","","","","","","","","","","","","","","","","","","","",99,1,"","","","","","","","","","","","","","","","","","","","","","","","","","","","","","","","","","","","","","","","","","","","","","","","","","","","","","","","","","","","","","","","","","","","","","","","","","","","","","","","","","","","","","","","","","","","","","","","","","",0,1,"","","","","","","","","","","","","","","","","","","","","","","","","","","","","",""
"61328002","LE PIN-AU-HARAS -INRAE",48.735833,0.128167,176,2002090623,0.,1,"","","","","","","","","","","","","","","","","","","","","","","","","","","","","","","","","","",12.6,1,"","","","","","","","","","","","","","","","","","","","","","","","","","","","",98,1,"","","","","","","","","","","","","","","","","","","","","","","","","","","","","","","","","","","","","","","","","","","","","","","","","","","","","","","","","","","","","","","","","","","","","","","","","","","","","","","","","","","","","","","","","","","","","","","","","","",0,1,"","","","","","","","","","","","","","","","","","","","","","","","","","","","","",""
"61328002","LE PIN-AU-HARAS -INRAE",48.735833,0.128167,176,2002090700,0.,1,"","","","","","","","","","","","","","","","","","","","","","","","","","","","","","","","","","",15.,1,"","","","","","","","","","","","","","","","","","","","","","","","","","","","",95,1,"","","","","","","","","","","","","","","","","","","","","","","","","","","","","","","","","","","","","","","","","","","","","","","","","","","","","","","","","","","","","","","","","","","","","","","","","","","","","","","","","","","","","","","","","","","","","","","","","","",0,1,"","","","","","","","","","","","","","","","","","","","","","","","","","","","","",""
"61328002","LE PIN-AU-HARAS -INRAE",48.735833,0.128167,176,2002090701,0.,1,"","","","","","","","","","","","","","","","","","","","","","","","","","","","","","","","","","",15.1,1,"","","","","","","","","","","","","","","","","","","","","","","","","","","","",92,1,"","","","","","","","","","","","","","","","","","","","","","","","","","","","","","","","","","","","","","","","","","","","","","","","","","","","","","","","","","","","","","","","","","","","","","","","","","","","","","","","","","","","","","","","","","","","","","","","","","",0,1,"","","","","","","","","","","","","","","","","","","","","","","","","","","","","",""
"61328002","LE PIN-AU-HARAS -INRAE",48.735833,0.128167,176,2002090702,0.,1,"","","","","","","","","","","","","","","","","","","","","","","","","","","","","","","","","","",15.1,1,"","","","","","","","","","","","","","","","","","","","","","","","","","","","",94,1,"","","","","","","","","","","","","","","","","","","","","","","","","","","","","","","","","","","","","","","","","","","","","","","","","","","","","","","","","","","","","","","","","","","","","","","","","","","","","","","","","","","","","","","","","","","","","","","","","","",0,1,"","","","","","","","","","","","","","","","","","","","","","","","","","","","","",""
"61328002","LE PIN-AU-HARAS -INRAE",48.735833,0.128167,176,2002090703,0.,1,"","","","","","","","","","","","","","","","","","","","","","","","","","","","","","","","","","",14.9,1,"","","","","","","","","","","","","","","","","","","","","","","","","","","","",95,1,"","","","","","","","","","","","","","","","","","","","","","","","","","","","","","","","","","","","","","","","","","","","","","","","","","","","","","","","","","","","","","","","","","","","","","","","","","","","","","","","","","","","","","","","","","","","","","","","","","",0,1,"","","","","","","","","","","","","","","","","","","","","","","","","","","","","",""
"61328002","LE PIN-AU-HARAS -INRAE",48.735833,0.128167,176,2002090704,0.,1,"","","","","","","","","","","","","","","","","","","","","","","","","","","","","","","","","","",15.5,1,"","","","","","","","","","","","","","","","","","","","","","","","","","","","",93,1,"","","","","","","","","","","","","","","","","","","","","","","","","","","","","","","","","","","","","","","","","","","","","","","","","","","","","","","","","","","","","","","","","","","","","","","","","","","","","","","","","","","","","","","","","","","","","","","","","","",0,1,"","","","","","","","","","","","","","","","","","","","","","","","","","","","","",""
"61328002","LE PIN-AU-HARAS -INRAE",48.735833,0.128167,176,2002090705,0.,1,"","","","","","","","","","","","","","","","","","","","","","","","","","","","","","","","","","",15.1,1,"","","","","","","","","","","","","","","","","","","","","","","","","","","","",95,1,"","","","","","","","","","","","","","","","","","","","","","","","","","","","","","","","","","","","","","","","","","","","","","","","","","","","","","","","","","","","","","","","","","","","","","","","","","","","","","","","","","","","","","","","","","","","","","","","","","",0,1,"","","","","","","","","","","","","","","","","","","","","","","","","","","","","",""
"61328002","LE PIN-AU-HARAS -INRAE",48.735833,0.128167,176,2002090706,0.,1,"","","","","","","","","","","","","","","","","","","","","","","","","","","","","","","","","","",15.3,1,"","","","","","","","","","","","","","","","","","","","","","","","","","","","",96,1,"","","","","","","","","","","","","","","","","","","","","","","","","","","","","","","","","","","","","","","","","","","","","","","","","","","","","","","","","","","","","","","","","","","","","","","","","","","","","","","","","","","","","","","","","","","","","","","","","","",2,1,"","","","","","","","","","","","","","","","","","","","","","","","","","","","","",""
"61328002","LE PIN-AU-HARAS -INRAE",48.735833,0.128167,176,2002090707,0.,1,"","","","","","","","","","","","","","","","","","","","","","","","","","","","","","","","","","",16.,1,"","","","","","","","","","","","","","","","","","","","","","","","","","","","",92,1,"","","","","","","","","","","","","","","","","","","","","","","","","","","","","","","","","","","","","","","","","","","","","","","","","","","","","","","","","","","","","","","","","","","","","","","","","","","","","","","","","","","","","","","","","","","","","","","","","","",14,1,"","","","","","","","","","","","","","","","","","","","","","","","","","","","","",""
"61328002","LE PIN-AU-HARAS -INRAE",48.735833,0.128167,176,2002090708,0.,1,"","","","","","","","","","","","","","","","","","","","","","","","","","","","","","","","","","",16.5,1,"","","","","","","","","","","","","","","","","","","","","","","","","","","","",88,1,"","","","","","","","","","","","","","","","","","","","","","","","","","","","","","","","","","","","","","","","","","","","","","","","","","","","","","","","","","","","","","","","","","","","","","","","","","","","","","","","","","","","","","","","","","","","","","","","","","",22,1,"","","","","","","","","","","","","","","","","","","","","","","","","","","","","",""
"61328002","LE PIN-AU-HARAS -INRAE",48.735833,0.128167,176,2002090709,0.,1,"","","","","","","","","","","","","","","","","","","","","","","","","","","","","","","","","","",17.8,1,"","","","","","","","","","","","","","","","","","","","","","","","","","","","",87,1,"","","","","","","","","","","","","","","","","","","","","","","","","","","","","","","","","","","","","","","","","","","","","","","","","","","","","","","","","","","","","","","","","","","","","","","","","","","","","","","","","","","","","","","","","","","","","","","","","","",70,1,"","","","","","","","","","","","","","","","","","","","","","","","","","","","","",""
"61328002","LE PIN-AU-HARAS -INRAE",48.735833,0.128167,176,2002090710,0.,1,"","","","","","","","","","","","","","","","","","","","","","","","","","","","","","","","","","",18.,1,"","","","","","","","","","","","","","","","","","","","","","","","","","","","",77,1,"","","","","","","","","","","","","","","","","","","","","","","","","","","","","","","","","","","","","","","","","","","","","","","","","","","","","","","","","","","","","","","","","","","","","","","","","","","","","","","","","","","","","","","","","","","","","","","","","","",106,1,"","","","","","","","","","","","","","","","","","","","","","","","","","","","","",""
"61328002","LE PIN-AU-HARAS -INRAE",48.735833,0.128167,176,2002090711,0.,1,"","","","","","","","","","","","","","","","","","","","","","","","","","","","","","","","","","",18.1,1,"","","","","","","","","","","","","","","","","","","","","","","","","","","","",78,1,"","","","","","","","","","","","","","","","","","","","","","","","","","","","","","","","","","","","","","","","","","","","","","","","","","","","","","","","","","","","","","","","","","","","","","","","","","","","","","","","","","","","","","","","","","","","","","","","","","",104,1,"","","","","","","","","","","","","","","","","","","","","","","","","","","","","",""
"61328002","LE PIN-AU-HARAS -INRAE",48.735833,0.128167,176,2002090712,0.5,1,"","","","","","","","","","","","","","","","","","","","","","","","","","","","","","","","","","",16.8,1,"","","","","","","","","","","","","","","","","","","","","","","","","","","","",88,1,"","","","","","","","","","","","","","","","","","","","","","","","","","","","","","","","","","","","","","","","","","","","","","","","","","","","","","","","","","","","","","","","","","","","","","","","","","","","","","","","","","","","","","","","","","","","","","","","","","",80,1,"","","","","","","","","","","","","","","","","","","","","","","","","","","","","",""
"61328002","LE PIN-AU-HARAS -INRAE",48.735833,0.128167,176,2002090713,4.5,1,"","","","","","","","","","","","","","","","","","","","","","","","","","","","","","","","","","",17.2,1,"","","","","","","","","","","","","","","","","","","","","","","","","","","","",96,1,"","","","","","","","","","","","","","","","","","","","","","","","","","","","","","","","","","","","","","","","","","","","","","","","","","","","","","","","","","","","","","","","","","","","","","","","","","","","","","","","","","","","","","","","","","","","","","","","","","",52,1,"","","","","","","","","","","","","","","","","","","","","","","","","","","","","",""
"61328002","LE PIN-AU-HARAS -INRAE",48.735833,0.128167,176,2002090714,7.,1,"","","","","","","","","","","","","","","","","","","","","","","","","","","","","","","","","","",16.9,1,"","","","","","","","","","","","","","","","","","","","","","","","","","","","",96,1,"","","","","","","","","","","","","","","","","","","","","","","","","","","","","","","","","","","","","","","","","","","","","","","","","","","","","","","","","","","","","","","","","","","","","","","","","","","","","","","","","","","","","","","","","","","","","","","","","","",40,1,"","","","","","","","","","","","","","","","","","","","","","","","","","","","","",""
"61328002","LE PIN-AU-HARAS -INRAE",48.735833,0.128167,176,2002090715,0.,1,"","","","","","","","","","","","","","","","","","","","","","","","","","","","","","","","","","",17.1,1,"","","","","","","","","","","","","","","","","","","","","","","","","","","","",90,1,"","","","","","","","","","","","","","","","","","","","","","","","","","","","","","","","","","","","","","","","","","","","","","","","","","","","","","","","","","","","","","","","","","","","","","","","","","","","","","","","","","","","","","","","","","","","","","","","","","",92,1,"","","","","","","","","","","","","","","","","","","","","","","","","","","","","",""
"61328002","LE PIN-AU-HARAS -INRAE",48.735833,0.128167,176,2002090716,5.5,1,"","","","","","","","","","","","","","","","","","","","","","","","","","","","","","","","","","",16.1,1,"","","","","","","","","","","","","","","","","","","","","","","","","","","","",97,1,"","","","","","","","","","","","","","","","","","","","","","","","","","","","","","","","","","","","","","","","","","","","","","","","","","","","","","","","","","","","","","","","","","","","","","","","","","","","","","","","","","","","","","","","","","","","","","","","","","",30,1,"","","","","","","","","","","","","","","","","","","","","","","","","","","","","",""
"61328002","LE PIN-AU-HARAS -INRAE",48.735833,0.128167,176,2002090717,0.,1,"","","","","","","","","","","","","","","","","","","","","","","","","","","","","","","","","","",16.5,1,"","","","","","","","","","","","","","","","","","","","","","","","","","","","",93,1,"","","","","","","","","","","","","","","","","","","","","","","","","","","","","","","","","","","","","","","","","","","","","","","","","","","","","","","","","","","","","","","","","","","","","","","","","","","","","","","","","","","","","","","","","","","","","","","","","","",48,1,"","","","","","","","","","","","","","","","","","","","","","","","","","","","","",""
"61328002","LE PIN-AU-HARAS -INRAE",48.735833,0.128167,176,2002090718,0.5,1,"","","","","","","","","","","","","","","","","","","","","","","","","","","","","","","","","","",15.6,1,"","","","","","","","","","","","","","","","","","","","","","","","","","","","",97,1,"","","","","","","","","","","","","","","","","","","","","","","","","","","","","","","","","","","","","","","","","","","","","","","","","","","","","","","","","","","","","","","","","","","","","","","","","","","","","","","","","","","","","","","","","","","","","","","","","","",8,1,"","","","","","","","","","","","","","","","","","","","","","","","","","","","","",""
"61328002","LE PIN-AU-HARAS -INRAE",48.735833,0.128167,176,2002090719,0.,1,"","","","","","","","","","","","","","","","","","","","","","","","","","","","","","","","","","",15.3,1,"","","","","","","","","","","","","","","","","","","","","","","","","","","","",99,1,"","","","","","","","","","","","","","","","","","","","","","","","","","","","","","","","","","","","","","","","","","","","","","","","","","","","","","","","","","","","","","","","","","","","","","","","","","","","","","","","","","","","","","","","","","","","","","","","","","",0,1,"","","","","","","","","","","","","","","","","","","","","","","","","","","","","",""
"61328002","LE PIN-AU-HARAS -INRAE",48.735833,0.128167,176,2002090720,0.,1,"","","","","","","","","","","","","","","","","","","","","","","","","","","","","","","","","","",15.,1,"","","","","","","","","","","","","","","","","","","","","","","","","","","","",100,1,"","","","","","","","","","","","","","","","","","","","","","","","","","","","","","","","","","","","","","","","","","","","","","","","","","","","","","","","","","","","","","","","","","","","","","","","","","","","","","","","","","","","","","","","","","","","","","","","","","",0,1,"","","","","","","","","","","","","","","","","","","","","","","","","","","","","",""
"61328002","LE PIN-AU-HARAS -INRAE",48.735833,0.128167,176,2002090721,0.5,1,"","","","","","","","","","","","","","","","","","","","","","","","","","","","","","","","","","",14.9,1,"","","","","","","","","","","","","","","","","","","","","","","","","","","","",100,1,"","","","","","","","","","","","","","","","","","","","","","","","","","","","","","","","","","","","","","","","","","","","","","","","","","","","","","","","","","","","","","","","","","","","","","","","","","","","","","","","","","","","","","","","","","","","","","","","","","",0,1,"","","","","","","","","","","","","","","","","","","","","","","","","","","","","",""
"61328002","LE PIN-AU-HARAS -INRAE",48.735833,0.128167,176,2002090722,3.,1,"","","","","","","","","","","","","","","","","","","","","","","","","","","","","","","","","","",14.8,1,"","","","","","","","","","","","","","","","","","","","","","","","","","","","",100,1,"","","","","","","","","","","","","","","","","","","","","","","","","","","","","","","","","","","","","","","","","","","","","","","","","","","","","","","","","","","","","","","","","","","","","","","","","","","","","","","","","","","","","","","","","","","","","","","","","","",0,1,"","","","","","","","","","","","","","","","","","","","","","","","","","","","","",""
"61328002","LE PIN-AU-HARAS -INRAE",48.735833,0.128167,176,2002090723,1.,1,"","","","","","","","","","","","","","","","","","","","","","","","","","","","","","","","","","",14.6,1,"","","","","","","","","","","","","","","","","","","","","","","","","","","","",100,1,"","","","","","","","","","","","","","","","","","","","","","","","","","","","","","","","","","","","","","","","","","","","","","","","","","","","","","","","","","","","","","","","","","","","","","","","","","","","","","","","","","","","","","","","","","","","","","","","","","",0,1,"","","","","","","","","","","","","","","","","","","","","","","","","","","","","",""
"61328002","LE PIN-AU-HARAS -INRAE",48.735833,0.128167,176,2002090800,0.,1,"","","","","","","","","","","","","","","","","","","","","","","","","","","","","","","","","","",14.5,1,"","","","","","","","","","","","","","","","","","","","","","","","","","","","",100,1,"","","","","","","","","","","","","","","","","","","","","","","","","","","","","","","","","","","","","","","","","","","","","","","","","","","","","","","","","","","","","","","","","","","","","","","","","","","","","","","","","","","","","","","","","","","","","","","","","","",0,1,"","","","","","","","","","","","","","","","","","","","","","","","","","","","","",""
"61328002","LE PIN-AU-HARAS -INRAE",48.735833,0.128167,176,2002090801,0.5,1,"","","","","","","","","","","","","","","","","","","","","","","","","","","","","","","","","","",14.7,1,"","","","","","","","","","","","","","","","","","","","","","","","","","","","",100,1,"","","","","","","","","","","","","","","","","","","","","","","","","","","","","","","","","","","","","","","","","","","","","","","","","","","","","","","","","","","","","","","","","","","","","","","","","","","","","","","","","","","","","","","","","","","","","","","","","","",0,1,"","","","","","","","","","","","","","","","","","","","","","","","","","","","","",""
"61328002","LE PIN-AU-HARAS -INRAE",48.735833,0.128167,176,2002090802,0.,1,"","","","","","","","","","","","","","","","","","","","","","","","","","","","","","","","","","",14.8,1,"","","","","","","","","","","","","","","","","","","","","","","","","","","","",100,1,"","","","","","","","","","","","","","","","","","","","","","","","","","","","","","","","","","","","","","","","","","","","","","","","","","","","","","","","","","","","","","","","","","","","","","","","","","","","","","","","","","","","","","","","","","","","","","","","","","",0,1,"","","","","","","","","","","","","","","","","","","","","","","","","","","","","",""
"61328002","LE PIN-AU-HARAS -INRAE",48.735833,0.128167,176,2002090803,6.5,1,"","","","","","","","","","","","","","","","","","","","","","","","","","","","","","","","","","",14.7,1,"","","","","","","","","","","","","","","","","","","","","","","","","","","","",100,1,"","","","","","","","","","","","","","","","","","","","","","","","","","","","","","","","","","","","","","","","","","","","","","","","","","","","","","","","","","","","","","","","","","","","","","","","","","","","","","","","","","","","","","","","","","","","","","","","","","",0,1,"","","","","","","","","","","","","","","","","","","","","","","","","","","","","",""
"61328002","LE PIN-AU-HARAS -INRAE",48.735833,0.128167,176,2002090804,1.,1,"","","","","","","","","","","","","","","","","","","","","","","","","","","","","","","","","","",11.6,1,"","","","","","","","","","","","","","","","","","","","","","","","","","","","",100,1,"","","","","","","","","","","","","","","","","","","","","","","","","","","","","","","","","","","","","","","","","","","","","","","","","","","","","","","","","","","","","","","","","","","","","","","","","","","","","","","","","","","","","","","","","","","","","","","","","","",0,1,"","","","","","","","","","","","","","","","","","","","","","","","","","","","","",""
"61328002","LE PIN-AU-HARAS -INRAE",48.735833,0.128167,176,2002090805,0.5,1,"","","","","","","","","","","","","","","","","","","","","","","","","","","","","","","","","","",11.3,1,"","","","","","","","","","","","","","","","","","","","","","","","","","","","",100,1,"","","","","","","","","","","","","","","","","","","","","","","","","","","","","","","","","","","","","","","","","","","","","","","","","","","","","","","","","","","","","","","","","","","","","","","","","","","","","","","","","","","","","","","","","","","","","","","","","","",0,1,"","","","","","","","","","","","","","","","","","","","","","","","","","","","","",""
"61328002","LE PIN-AU-HARAS -INRAE",48.735833,0.128167,176,2002090806,0.,1,"","","","","","","","","","","","","","","","","","","","","","","","","","","","","","","","","","",11.3,1,"","","","","","","","","","","","","","","","","","","","","","","","","","","","",100,1,"","","","","","","","","","","","","","","","","","","","","","","","","","","","","","","","","","","","","","","","","","","","","","","","","","","","","","","","","","","","","","","","","","","","","","","","","","","","","","","","","","","","","","","","","","","","","","","","","","",0,1,"","","","","","","","","","","","","","","","","","","","","","","","","","","","","",""
"61328002","LE PIN-AU-HARAS -INRAE",48.735833,0.128167,176,2002090807,0.,1,"","","","","","","","","","","","","","","","","","","","","","","","","","","","","","","","","","",11.9,1,"","","","","","","","","","","","","","","","","","","","","","","","","","","","",100,1,"","","","","","","","","","","","","","","","","","","","","","","","","","","","","","","","","","","","","","","","","","","","","","","","","","","","","","","","","","","","","","","","","","","","","","","","","","","","","","","","","","","","","","","","","","","","","","","","","","",20,1,"","","","","","","","","","","","","","","","","","","","","","","","","","","","","",""
"61328002","LE PIN-AU-HARAS -INRAE",48.735833,0.128167,176,2002090808,0.,1,"","","","","","","","","","","","","","","","","","","","","","","","","","","","","","","","","","",13.,1,"","","","","","","","","","","","","","","","","","","","","","","","","","","","",100,1,"","","","","","","","","","","","","","","","","","","","","","","","","","","","","","","","","","","","","","","","","","","","","","","","","","","","","","","","","","","","","","","","","","","","","","","","","","","","","","","","","","","","","","","","","","","","","","","","","","",42,1,"","","","","","","","","","","","","","","","","","","","","","","","","","","","","",""
"61328002","LE PIN-AU-HARAS -INRAE",48.735833,0.128167,176,2002090809,0.,1,"","","","","","","","","","","","","","","","","","","","","","","","","","","","","","","","","","",15.3,1,"","","","","","","","","","","","","","","","","","","","","","","","","","","","",93,1,"","","","","","","","","","","","","","","","","","","","","","","","","","","","","","","","","","","","","","","","","","","","","","","","","","","","","","","","","","","","","","","","","","","","","","","","","","","","","","","","","","","","","","","","","","","","","","","","","","",100,1,"","","","","","","","","","","","","","","","","","","","","","","","","","","","","",""
"61328002","LE PIN-AU-HARAS -INRAE",48.735833,0.128167,176,2002090810,0.,1,"","","","","","","","","","","","","","","","","","","","","","","","","","","","","","","","","","",16.3,1,"","","","","","","","","","","","","","","","","","","","","","","","","","","","",84,1,"","","","","","","","","","","","","","","","","","","","","","","","","","","","","","","","","","","","","","","","","","","","","","","","","","","","","","","","","","","","","","","","","","","","","","","","","","","","","","","","","","","","","","","","","","","","","","","","","","",160,1,"","","","","","","","","","","","","","","","","","","","","","","","","","","","","",""
"61328002","LE PIN-AU-HARAS -INRAE",48.735833,0.128167,176,2002090811,0.,1,"","","","","","","","","","","","","","","","","","","","","","","","","","","","","","","","","","",17.5,1,"","","","","","","","","","","","","","","","","","","","","","","","","","","","",71,1,"","","","","","","","","","","","","","","","","","","","","","","","","","","","","","","","","","","","","","","","","","","","","","","","","","","","","","","","","","","","","","","","","","","","","","","","","","","","","","","","","","","","","","","","","","","","","","","","","","",164,1,"","","","","","","","","","","","","","","","","","","","","","","","","","","","","",""
"61328002","LE PIN-AU-HARAS -INRAE",48.735833,0.128167,176,2002090812,0.,1,"","","","","","","","","","","","","","","","","","","","","","","","","","","","","","","","","","",18.2,1,"","","","","","","","","","","","","","","","","","","","","","","","","","","","",61,1,"","","","","","","","","","","","","","","","","","","","","","","","","","","","","","","","","","","","","","","","","","","","","","","","","","","","","","","","","","","","","","","","","","","","","","","","","","","","","","","","","","","","","","","","","","","","","","","","","","",204,1,"","","","","","","","","","","","","","","","","","","","","","","","","","","","","",""
"61328002","LE PIN-AU-HARAS -INRAE",48.735833,0.128167,176,2002090813,0.,1,"","","","","","","","","","","","","","","","","","","","","","","","","","","","","","","","","","",17.7,1,"","","","","","","","","","","","","","","","","","","","","","","","","","","","",61,1,"","","","","","","","","","","","","","","","","","","","","","","","","","","","","","","","","","","","","","","","","","","","","","","","","","","","","","","","","","","","","","","","","","","","","","","","","","","","","","","","","","","","","","","","","","","","","","","","","","",210,1,"","","","","","","","","","","","","","","","","","","","","","","","","","","","","",""
"61328002","LE PIN-AU-HARAS -INRAE",48.735833,0.128167,176,2002090814,0.,1,"","","","","","","","","","","","","","","","","","","","","","","","","","","","","","","","","","",17.5,1,"","","","","","","","","","","","","","","","","","","","","","","","","","","","",60,1,"","","","","","","","","","","","","","","","","","","","","","","","","","","","","","","","","","","","","","","","","","","","","","","","","","","","","","","","","","","","","","","","","","","","","","","","","","","","","","","","","","","","","","","","","","","","","","","","","","",178,1,"","","","","","","","","","","","","","","","","","","","","","","","","","","","","",""
"61328002","LE PIN-AU-HARAS -INRAE",48.735833,0.128167,176,2002090815,0.,1,"","","","","","","","","","","","","","","","","","","","","","","","","","","","","","","","","","",17.4,1,"","","","","","","","","","","","","","","","","","","","","","","","","","","","",65,1,"","","","","","","","","","","","","","","","","","","","","","","","","","","","","","","","","","","","","","","","","","","","","","","","","","","","","","","","","","","","","","","","","","","","","","","","","","","","","","","","","","","","","","","","","","","","","","","","","","",66,1,"","","","","","","","","","","","","","","","","","","","","","","","","","","","","",""
"61328002","LE PIN-AU-HARAS -INRAE",48.735833,0.128167,176,2002090816,0.,1,"","","","","","","","","","","","","","","","","","","","","","","","","","","","","","","","","","",17.1,1,"","","","","","","","","","","","","","","","","","","","","","","","","","","","",63,1,"","","","","","","","","","","","","","","","","","","","","","","","","","","","","","","","","","","","","","","","","","","","","","","","","","","","","","","","","","","","","","","","","","","","","","","","","","","","","","","","","","","","","","","","","","","","","","","","","","",100,1,"","","","","","","","","","","","","","","","","","","","","","","","","","","","","",""
"61328002","LE PIN-AU-HARAS -INRAE",48.735833,0.128167,176,2002090817,0.,1,"","","","","","","","","","","","","","","","","","","","","","","","","","","","","","","","","","",16.8,1,"","","","","","","","","","","","","","","","","","","","","","","","","","","","",68,1,"","","","","","","","","","","","","","","","","","","","","","","","","","","","","","","","","","","","","","","","","","","","","","","","","","","","","","","","","","","","","","","","","","","","","","","","","","","","","","","","","","","","","","","","","","","","","","","","","","",54,1,"","","","","","","","","","","","","","","","","","","","","","","","","","","","","",""
"61328002","LE PIN-AU-HARAS -INRAE",48.735833,0.128167,176,2002090818,0.,1,"","","","","","","","","","","","","","","","","","","","","","","","","","","","","","","","","","",14.,1,"","","","","","","","","","","","","","","","","","","","","","","","","","","","",86,1,"","","","","","","","","","","","","","","","","","","","","","","","","","","","","","","","","","","","","","","","","","","","","","","","","","","","","","","","","","","","","","","","","","","","","","","","","","","","","","","","","","","","","","","","","","","","","","","","","","",18,1,"","","","","","","","","","","","","","","","","","","","","","","","","","","","","",""
"61328002","LE PIN-AU-HARAS -INRAE",48.735833,0.128167,176,2002090819,0.,1,"","","","","","","","","","","","","","","","","","","","","","","","","","","","","","","","","","",12.8,1,"","","","","","","","","","","","","","","","","","","","","","","","","","","","",96,1,"","","","","","","","","","","","","","","","","","","","","","","","","","","","","","","","","","","","","","","","","","","","","","","","","","","","","","","","","","","","","","","","","","","","","","","","","","","","","","","","","","","","","","","","","","","","","","","","","","",2,1,"","","","","","","","","","","","","","","","","","","","","","","","","","","","","",""
"61328002","LE PIN-AU-HARAS -INRAE",48.735833,0.128167,176,2002090820,0.,1,"","","","","","","","","","","","","","","","","","","","","","","","","","","","","","","","","","",12.6,1,"","","","","","","","","","","","","","","","","","","","","","","","","","","","",98,1,"","","","","","","","","","","","","","","","","","","","","","","","","","","","","","","","","","","","","","","","","","","","","","","","","","","","","","","","","","","","","","","","","","","","","","","","","","","","","","","","","","","","","","","","","","","","","","","","","","",0,1,"","","","","","","","","","","","","","","","","","","","","","","","","","","","","",""
"61328002","LE PIN-AU-HARAS -INRAE",48.735833,0.128167,176,2002090821,0.,1,"","","","","","","","","","","","","","","","","","","","","","","","","","","","","","","","","","",12.6,1,"","","","","","","","","","","","","","","","","","","","","","","","","","","","",99,1,"","","","","","","","","","","","","","","","","","","","","","","","","","","","","","","","","","","","","","","","","","","","","","","","","","","","","","","","","","","","","","","","","","","","","","","","","","","","","","","","","","","","","","","","","","","","","","","","","","",0,1,"","","","","","","","","","","","","","","","","","","","","","","","","","","","","",""
"61328002","LE PIN-AU-HARAS -INRAE",48.735833,0.128167,176,2002090822,0.,1,"","","","","","","","","","","","","","","","","","","","","","","","","","","","","","","","","","",13.,1,"","","","","","","","","","","","","","","","","","","","","","","","","","","","",99,1,"","","","","","","","","","","","","","","","","","","","","","","","","","","","","","","","","","","","","","","","","","","","","","","","","","","","","","","","","","","","","","","","","","","","","","","","","","","","","","","","","","","","","","","","","","","","","","","","","","",0,1,"","","","","","","","","","","","","","","","","","","","","","","","","","","","","",""
"61328002","LE PIN-AU-HARAS -INRAE",48.735833,0.128167,176,2002090823,0.,1,"","","","","","","","","","","","","","","","","","","","","","","","","","","","","","","","","","",13.,1,"","","","","","","","","","","","","","","","","","","","","","","","","","","","",96,1,"","","","","","","","","","","","","","","","","","","","","","","","","","","","","","","","","","","","","","","","","","","","","","","","","","","","","","","","","","","","","","","","","","","","","","","","","","","","","","","","","","","","","","","","","","","","","","","","","","",0,1,"","","","","","","","","","","","","","","","","","","","","","","","","","","","","",""
"61328002","LE PIN-AU-HARAS -INRAE",48.735833,0.128167,176,2002090900,0.,1,"","","","","","","","","","","","","","","","","","","","","","","","","","","","","","","","","","",13.1,1,"","","","","","","","","","","","","","","","","","","","","","","","","","","","",96,1,"","","","","","","","","","","","","","","","","","","","","","","","","","","","","","","","","","","","","","","","","","","","","","","","","","","","","","","","","","","","","","","","","","","","","","","","","","","","","","","","","","","","","","","","","","","","","","","","","","",0,1,"","","","","","","","","","","","","","","","","","","","","","","","","","","","","",""
"61328002","LE PIN-AU-HARAS -INRAE",48.735833,0.128167,176,2002090901,0.,1,"","","","","","","","","","","","","","","","","","","","","","","","","","","","","","","","","","",13.1,1,"","","","","","","","","","","","","","","","","","","","","","","","","","","","",97,1,"","","","","","","","","","","","","","","","","","","","","","","","","","","","","","","","","","","","","","","","","","","","","","","","","","","","","","","","","","","","","","","","","","","","","","","","","","","","","","","","","","","","","","","","","","","","","","","","","","",0,1,"","","","","","","","","","","","","","","","","","","","","","","","","","","","","",""
"61328002","LE PIN-AU-HARAS -INRAE",48.735833,0.128167,176,2002090902,0.,1,"","","","","","","","","","","","","","","","","","","","","","","","","","","","","","","","","","",14.2,1,"","","","","","","","","","","","","","","","","","","","","","","","","","","","",98,1,"","","","","","","","","","","","","","","","","","","","","","","","","","","","","","","","","","","","","","","","","","","","","","","","","","","","","","","","","","","","","","","","","","","","","","","","","","","","","","","","","","","","","","","","","","","","","","","","","","",0,1,"","","","","","","","","","","","","","","","","","","","","","","","","","","","","",""
"61328002","LE PIN-AU-HARAS -INRAE",48.735833,0.128167,176,2002090903,0.,1,"","","","","","","","","","","","","","","","","","","","","","","","","","","","","","","","","","",14.2,1,"","","","","","","","","","","","","","","","","","","","","","","","","","","","",98,1,"","","","","","","","","","","","","","","","","","","","","","","","","","","","","","","","","","","","","","","","","","","","","","","","","","","","","","","","","","","","","","","","","","","","","","","","","","","","","","","","","","","","","","","","","","","","","","","","","","",0,1,"","","","","","","","","","","","","","","","","","","","","","","","","","","","","",""
"61328002","LE PIN-AU-HARAS -INRAE",48.735833,0.128167,176,2002090904,0.,1,"","","","","","","","","","","","","","","","","","","","","","","","","","","","","","","","","","",13.9,1,"","","","","","","","","","","","","","","","","","","","","","","","","","","","",99,1,"","","","","","","","","","","","","","","","","","","","","","","","","","","","","","","","","","","","","","","","","","","","","","","","","","","","","","","","","","","","","","","","","","","","","","","","","","","","","","","","","","","","","","","","","","","","","","","","","","",0,1,"","","","","","","","","","","","","","","","","","","","","","","","","","","","","",""
"61328002","LE PIN-AU-HARAS -INRAE",48.735833,0.128167,176,2002090905,0.,1,"","","","","","","","","","","","","","","","","","","","","","","","","","","","","","","","","","",14.4,1,"","","","","","","","","","","","","","","","","","","","","","","","","","","","",98,1,"","","","","","","","","","","","","","","","","","","","","","","","","","","","","","","","","","","","","","","","","","","","","","","","","","","","","","","","","","","","","","","","","","","","","","","","","","","","","","","","","","","","","","","","","","","","","","","","","","",0,1,"","","","","","","","","","","","","","","","","","","","","","","","","","","","","",""
"61328002","LE PIN-AU-HARAS -INRAE",48.735833,0.128167,176,2002090906,0.,1,"","","","","","","","","","","","","","","","","","","","","","","","","","","","","","","","","","",14.8,1,"","","","","","","","","","","","","","","","","","","","","","","","","","","","",95,1,"","","","","","","","","","","","","","","","","","","","","","","","","","","","","","","","","","","","","","","","","","","","","","","","","","","","","","","","","","","","","","","","","","","","","","","","","","","","","","","","","","","","","","","","","","","","","","","","","","",2,1,"","","","","","","","","","","","","","","","","","","","","","","","","","","","","",""
"61328002","LE PIN-AU-HARAS -INRAE",48.735833,0.128167,176,2002090907,0.,1,"","","","","","","","","","","","","","","","","","","","","","","","","","","","","","","","","","",15.4,1,"","","","","","","","","","","","","","","","","","","","","","","","","","","","",95,1,"","","","","","","","","","","","","","","","","","","","","","","","","","","","","","","","","","","","","","","","","","","","","","","","","","","","","","","","","","","","","","","","","","","","","","","","","","","","","","","","","","","","","","","","","","","","","","","","","","",12,1,"","","","","","","","","","","","","","","","","","","","","","","","","","","","","",""
"61328002","LE PIN-AU-HARAS -INRAE",48.735833,0.128167,176,2002090908,5.5,1,"","","","","","","","","","","","","","","","","","","","","","","","","","","","","","","","","","",15.,1,"","","","","","","","","","","","","","","","","","","","","","","","","","","","",98,1,"","","","","","","","","","","","","","","","","","","","","","","","","","","","","","","","","","","","","","","","","","","","","","","","","","","","","","","","","","","","","","","","","","","","","","","","","","","","","","","","","","","","","","","","","","","","","","","","","","",12,1,"","","","","","","","","","","","","","","","","","","","","","","","","","","","","",""
"61328002","LE PIN-AU-HARAS -INRAE",48.735833,0.128167,176,2002090909,2.,1,"","","","","","","","","","","","","","","","","","","","","","","","","","","","","","","","","","",15.6,1,"","","","","","","","","","","","","","","","","","","","","","","","","","","","",100,1,"","","","","","","","","","","","","","","","","","","","","","","","","","","","","","","","","","","","","","","","","","","","","","","","","","","","","","","","","","","","","","","","","","","","","","","","","","","","","","","","","","","","","","","","","","","","","","","","","","",18,1,"","","","","","","","","","","","","","","","","","","","","","","","","","","","","",""
"61328002","LE PIN-AU-HARAS -INRAE",48.735833,0.128167,176,2002090910,0.,1,"","","","","","","","","","","","","","","","","","","","","","","","","","","","","","","","","","",15.8,1,"","","","","","","","","","","","","","","","","","","","","","","","","","","","",98,1,"","","","","","","","","","","","","","","","","","","","","","","","","","","","","","","","","","","","","","","","","","","","","","","","","","","","","","","","","","","","","","","","","","","","","","","","","","","","","","","","","","","","","","","","","","","","","","","","","","",46,1,"","","","","","","","","","","","","","","","","","","","","","","","","","","","","",""
"61328002","LE PIN-AU-HARAS -INRAE",48.735833,0.128167,176,2002090911,3.5,1,"","","","","","","","","","","","","","","","","","","","","","","","","","","","","","","","","","",12.4,1,"","","","","","","","","","","","","","","","","","","","","","","","","","","","",98,1,"","","","","","","","","","","","","","","","","","","","","","","","","","","","","","","","","","","","","","","","","","","","","","","","","","","","","","","","","","","","","","","","","","","","","","","","","","","","","","","","","","","","","","","","","","","","","","","","","","",20,1,"","","","","","","","","","","","","","","","","","","","","","","","","","","","","",""
"61328002","LE PIN-AU-HARAS -INRAE",48.735833,0.128167,176,2002090912,1.,1,"","","","","","","","","","","","","","","","","","","","","","","","","","","","","","","","","","",13.4,1,"","","","","","","","","","","","","","","","","","","","","","","","","","","","",93,1,"","","","","","","","","","","","","","","","","","","","","","","","","","","","","","","","","","","","","","","","","","","","","","","","","","","","","","","","","","","","","","","","","","","","","","","","","","","","","","","","","","","","","","","","","","","","","","","","","","",58,1,"","","","","","","","","","","","","","","","","","","","","","","","","","","","","",""
"61328002","LE PIN-AU-HARAS -INRAE",48.735833,0.128167,176,2002090913,0.,1,"","","","","","","","","","","","","","","","","","","","","","","","","","","","","","","","","","",15.4,1,"","","","","","","","","","","","","","","","","","","","","","","","","","","","",87,1,"","","","","","","","","","","","","","","","","","","","","","","","","","","","","","","","","","","","","","","","","","","","","","","","","","","","","","","","","","","","","","","","","","","","","","","","","","","","","","","","","","","","","","","","","","","","","","","","","","",128,1,"","","","","","","","","","","","","","","","","","","","","","","","","","","","","",""
"61328002","LE PIN-AU-HARAS -INRAE",48.735833,0.128167,176,2002090914,0.,1,"","","","","","","","","","","","","","","","","","","","","","","","","","","","","","","","","","",16.8,1,"","","","","","","","","","","","","","","","","","","","","","","","","","","","",76,1,"","","","","","","","","","","","","","","","","","","","","","","","","","","","","","","","","","","","","","","","","","","","","","","","","","","","","","","","","","","","","","","","","","","","","","","","","","","","","","","","","","","","","","","","","","","","","","","","","","",172,1,"","","","","","","","","","","","","","","","","","","","","","","","","","","","","",""
"61328002","LE PIN-AU-HARAS -INRAE",48.735833,0.128167,176,2002090915,0.,1,"","","","","","","","","","","","","","","","","","","","","","","","","","","","","","","","","","",18.,1,"","","","","","","","","","","","","","","","","","","","","","","","","","","","",63,1,"","","","","","","","","","","","","","","","","","","","","","","","","","","","","","","","","","","","","","","","","","","","","","","","","","","","","","","","","","","","","","","","","","","","","","","","","","","","","","","","","","","","","","","","","","","","","","","","","","",194,1,"","","","","","","","","","","","","","","","","","","","","","","","","","","","","",""
"61328002","LE PIN-AU-HARAS -INRAE",48.735833,0.128167,176,2002090916,0.,1,"","","","","","","","","","","","","","","","","","","","","","","","","","","","","","","","","","",17.1,1,"","","","","","","","","","","","","","","","","","","","","","","","","","","","",66,1,"","","","","","","","","","","","","","","","","","","","","","","","","","","","","","","","","","","","","","","","","","","","","","","","","","","","","","","","","","","","","","","","","","","","","","","","","","","","","","","","","","","","","","","","","","","","","","","","","","",94,1,"","","","","","","","","","","","","","","","","","","","","","","","","","","","","",""
"61328002","LE PIN-AU-HARAS -INRAE",48.735833,0.128167,176,2002090917,0.,1,"","","","","","","","","","","","","","","","","","","","","","","","","","","","","","","","","","",16.6,1,"","","","","","","","","","","","","","","","","","","","","","","","","","","","",64,1,"","","","","","","","","","","","","","","","","","","","","","","","","","","","","","","","","","","","","","","","","","","","","","","","","","","","","","","","","","","","","","","","","","","","","","","","","","","","","","","","","","","","","","","","","","","","","","","","","","",88,1,"","","","","","","","","","","","","","","","","","","","","","","","","","","","","",""
"61328002","LE PIN-AU-HARAS -INRAE",48.735833,0.128167,176,2002090918,0.,1,"","","","","","","","","","","","","","","","","","","","","","","","","","","","","","","","","","",14.3,1,"","","","","","","","","","","","","","","","","","","","","","","","","","","","",80,1,"","","","","","","","","","","","","","","","","","","","","","","","","","","","","","","","","","","","","","","","","","","","","","","","","","","","","","","","","","","","","","","","","","","","","","","","","","","","","","","","","","","","","","","","","","","","","","","","","","",26,1,"","","","","","","","","","","","","","","","","","","","","","","","","","","","","",""
"61328002","LE PIN-AU-HARAS -INRAE",48.735833,0.128167,176,2002090919,0.,1,"","","","","","","","","","","","","","","","","","","","","","","","","","","","","","","","","","",12.3,1,"","","","","","","","","","","","","","","","","","","","","","","","","","","","",87,1,"","","","","","","","","","","","","","","","","","","","","","","","","","","","","","","","","","","","","","","","","","","","","","","","","","","","","","","","","","","","","","","","","","","","","","","","","","","","","","","","","","","","","","","","","","","","","","","","","","",2,1,"","","","","","","","","","","","","","","","","","","","","","","","","","","","","",""
"61328002","LE PIN-AU-HARAS -INRAE",48.735833,0.128167,176,2002090920,0.,1,"","","","","","","","","","","","","","","","","","","","","","","","","","","","","","","","","","",11.4,1,"","","","","","","","","","","","","","","","","","","","","","","","","","","","",94,1,"","","","","","","","","","","","","","","","","","","","","","","","","","","","","","","","","","","","","","","","","","","","","","","","","","","","","","","","","","","","","","","","","","","","","","","","","","","","","","","","","","","","","","","","","","","","","","","","","","",0,1,"","","","","","","","","","","","","","","","","","","","","","","","","","","","","",""
"61328002","LE PIN-AU-HARAS -INRAE",48.735833,0.128167,176,2002090921,0.5,1,"","","","","","","","","","","","","","","","","","","","","","","","","","","","","","","","","","",11.5,1,"","","","","","","","","","","","","","","","","","","","","","","","","","","","",96,1,"","","","","","","","","","","","","","","","","","","","","","","","","","","","","","","","","","","","","","","","","","","","","","","","","","","","","","","","","","","","","","","","","","","","","","","","","","","","","","","","","","","","","","","","","","","","","","","","","","",0,1,"","","","","","","","","","","","","","","","","","","","","","","","","","","","","",""
"61328002","LE PIN-AU-HARAS -INRAE",48.735833,0.128167,176,2002090922,0.,1,"","","","","","","","","","","","","","","","","","","","","","","","","","","","","","","","","","",11.3,1,"","","","","","","","","","","","","","","","","","","","","","","","","","","","",98,1,"","","","","","","","","","","","","","","","","","","","","","","","","","","","","","","","","","","","","","","","","","","","","","","","","","","","","","","","","","","","","","","","","","","","","","","","","","","","","","","","","","","","","","","","","","","","","","","","","","",0,1,"","","","","","","","","","","","","","","","","","","","","","","","","","","","","",""
"61328002","LE PIN-AU-HARAS -INRAE",48.735833,0.128167,176,2002090923,0.,1,"","","","","","","","","","","","","","","","","","","","","","","","","","","","","","","","","","",10.9,1,"","","","","","","","","","","","","","","","","","","","","","","","","","","","",99,1,"","","","","","","","","","","","","","","","","","","","","","","","","","","","","","","","","","","","","","","","","","","","","","","","","","","","","","","","","","","","","","","","","","","","","","","","","","","","","","","","","","","","","","","","","","","","","","","","","","",0,1,"","","","","","","","","","","","","","","","","","","","","","","","","","","","","",""
"61328002","LE PIN-AU-HARAS -INRAE",48.735833,0.128167,176,2002091000,0.,1,"","","","","","","","","","","","","","","","","","","","","","","","","","","","","","","","","","",11.,1,"","","","","","","","","","","","","","","","","","","","","","","","","","","","",100,1,"","","","","","","","","","","","","","","","","","","","","","","","","","","","","","","","","","","","","","","","","","","","","","","","","","","","","","","","","","","","","","","","","","","","","","","","","","","","","","","","","","","","","","","","","","","","","","","","","","",0,1,"","","","","","","","","","","","","","","","","","","","","","","","","","","","","",""
"61328002","LE PIN-AU-HARAS -INRAE",48.735833,0.128167,176,2002091001,0.,1,"","","","","","","","","","","","","","","","","","","","","","","","","","","","","","","","","","",12.2,1,"","","","","","","","","","","","","","","","","","","","","","","","","","","","",100,1,"","","","","","","","","","","","","","","","","","","","","","","","","","","","","","","","","","","","","","","","","","","","","","","","","","","","","","","","","","","","","","","","","","","","","","","","","","","","","","","","","","","","","","","","","","","","","","","","","","",0,1,"","","","","","","","","","","","","","","","","","","","","","","","","","","","","",""
"61328002","LE PIN-AU-HARAS -INRAE",48.735833,0.128167,176,2002091002,0.,1,"","","","","","","","","","","","","","","","","","","","","","","","","","","","","","","","","","",10.6,1,"","","","","","","","","","","","","","","","","","","","","","","","","","","","",95,1,"","","","","","","","","","","","","","","","","","","","","","","","","","","","","","","","","","","","","","","","","","","","","","","","","","","","","","","","","","","","","","","","","","","","","","","","","","","","","","","","","","","","","","","","","","","","","","","","","","",0,1,"","","","","","","","","","","","","","","","","","","","","","","","","","","","","",""
"61328002","LE PIN-AU-HARAS -INRAE",48.735833,0.128167,176,2002091003,0.,1,"","","","","","","","","","","","","","","","","","","","","","","","","","","","","","","","","","",8.1,1,"","","","","","","","","","","","","","","","","","","","","","","","","","","","",97,1,"","","","","","","","","","","","","","","","","","","","","","","","","","","","","","","","","","","","","","","","","","","","","","","","","","","","","","","","","","","","","","","","","","","","","","","","","","","","","","","","","","","","","","","","","","","","","","","","","","",0,1,"","","","","","","","","","","","","","","","","","","","","","","","","","","","","",""
"61328002","LE PIN-AU-HARAS -INRAE",48.735833,0.128167,176,2002091004,0.,1,"","","","","","","","","","","","","","","","","","","","","","","","","","","","","","","","","","",6.7,1,"","","","","","","","","","","","","","","","","","","","","","","","","","","","",99,1,"","","","","","","","","","","","","","","","","","","","","","","","","","","","","","","","","","","","","","","","","","","","","","","","","","","","","","","","","","","","","","","","","","","","","","","","","","","","","","","","","","","","","","","","","","","","","","","","","","",0,1,"","","","","","","","","","","","","","","","","","","","","","","","","","","","","",""
"61328002","LE PIN-AU-HARAS -INRAE",48.735833,0.128167,176,2002091005,0.,1,"","","","","","","","","","","","","","","","","","","","","","","","","","","","","","","","","","",6.1,1,"","","","","","","","","","","","","","","","","","","","","","","","","","","","",100,1,"","","","","","","","","","","","","","","","","","","","","","","","","","","","","","","","","","","","","","","","","","","","","","","","","","","","","","","","","","","","","","","","","","","","","","","","","","","","","","","","","","","","","","","","","","","","","","","","","","",0,1,"","","","","","","","","","","","","","","","","","","","","","","","","","","","","",""
"61328002","LE PIN-AU-HARAS -INRAE",48.735833,0.128167,176,2002091006,0.,1,"","","","","","","","","","","","","","","","","","","","","","","","","","","","","","","","","","",6.1,1,"","","","","","","","","","","","","","","","","","","","","","","","","","","","",100,1,"","","","","","","","","","","","","","","","","","","","","","","","","","","","","","","","","","","","","","","","","","","","","","","","","","","","","","","","","","","","","","","","","","","","","","","","","","","","","","","","","","","","","","","","","","","","","","","","","","",2,1,"","","","","","","","","","","","","","","","","","","","","","","","","","","","","",""
"61328002","LE PIN-AU-HARAS -INRAE",48.735833,0.128167,176,2002091007,0.,1,"","","","","","","","","","","","","","","","","","","","","","","","","","","","","","","","","","",9.7,1,"","","","","","","","","","","","","","","","","","","","","","","","","","","","",100,1,"","","","","","","","","","","","","","","","","","","","","","","","","","","","","","","","","","","","","","","","","","","","","","","","","","","","","","","","","","","","","","","","","","","","","","","","","","","","","","","","","","","","","","","","","","","","","","","","","","",14,1,"","","","","","","","","","","","","","","","","","","","","","","","","","","","","",""
"61328002","LE PIN-AU-HARAS -INRAE",48.735833,0.128167,176,2002091008,0.,1,"","","","","","","","","","","","","","","","","","","","","","","","","","","","","","","","","","",14.6,1,"","","","","","","","","","","","","","","","","","","","","","","","","","","","",100,1,"","","","","","","","","","","","","","","","","","","","","","","","","","","","","","","","","","","","","","","","","","","","","","","","","","","","","","","","","","","","","","","","","","","","","","","","","","","","","","","","","","","","","","","","","","","","","","","","","","",98,1,"","","","","","","","","","","","","","","","","","","","","","","","","","","","","",""
"61328002","LE PIN-AU-HARAS -INRAE",48.735833,0.128167,176,2002091009,0.,1,"","","","","","","","","","","","","","","","","","","","","","","","","","","","","","","","","","",16.,1,"","","","","","","","","","","","","","","","","","","","","","","","","","","","",73,1,"","","","","","","","","","","","","","","","","","","","","","","","","","","","","","","","","","","","","","","","","","","","","","","","","","","","","","","","","","","","","","","","","","","","","","","","","","","","","","","","","","","","","","","","","","","","","","","","","","",160,1,"","","","","","","","","","","","","","","","","","","","","","","","","","","","","",""
"61328002","LE PIN-AU-HARAS -INRAE",48.735833,0.128167,176,2002091010,0.,1,"","","","","","","","","","","","","","","","","","","","","","","","","","","","","","","","","","",16.8,1,"","","","","","","","","","","","","","","","","","","","","","","","","","","","",62,1,"","","","","","","","","","","","","","","","","","","","","","","","","","","","","","","","","","","","","","","","","","","","","","","","","","","","","","","","","","","","","","","","","","","","","","","","","","","","","","","","","","","","","","","","","","","","","","","","","","",214,1,"","","","","","","","","","","","","","","","","","","","","","","","","","","","","",""
"61328002","LE PIN-AU-HARAS -INRAE",48.735833,0.128167,176,2002091011,0.,1,"","","","","","","","","","","","","","","","","","","","","","","","","","","","","","","","","","",17.5,1,"","","","","","","","","","","","","","","","","","","","","","","","","","","","",54,1,"","","","","","","","","","","","","","","","","","","","","","","","","","","","","","","","","","","","","","","","","","","","","","","","","","","","","","","","","","","","","","","","","","","","","","","","","","","","","","","","","","","","","","","","","","","","","","","","","","",232,1,"","","","","","","","","","","","","","","","","","","","","","","","","","","","","",""
"61328002","LE PIN-AU-HARAS -INRAE",48.735833,0.128167,176,2002091012,0.,1,"","","","","","","","","","","","","","","","","","","","","","","","","","","","","","","","","","",17.8,1,"","","","","","","","","","","","","","","","","","","","","","","","","","","","",58,1,"","","","","","","","","","","","","","","","","","","","","","","","","","","","","","","","","","","","","","","","","","","","","","","","","","","","","","","","","","","","","","","","","","","","","","","","","","","","","","","","","","","","","","","","","","","","","","","","","","",222,1,"","","","","","","","","","","","","","","","","","","","","","","","","","","","","",""
"61328002","LE PIN-AU-HARAS -INRAE",48.735833,0.128167,176,2002091013,0.,1,"","","","","","","","","","","","","","","","","","","","","","","","","","","","","","","","","","",18.8,1,"","","","","","","","","","","","","","","","","","","","","","","","","","","","",53,1,"","","","","","","","","","","","","","","","","","","","","","","","","","","","","","","","","","","","","","","","","","","","","","","","","","","","","","","","","","","","","","","","","","","","","","","","","","","","","","","","","","","","","","","","","","","","","","","","","","",246,1,"","","","","","","","","","","","","","","","","","","","","","","","","","","","","",""
"61328002","LE PIN-AU-HARAS -INRAE",48.735833,0.128167,176,2002091014,0.,1,"","","","","","","","","","","","","","","","","","","","","","","","","","","","","","","","","","",20.1,1,"","","","","","","","","","","","","","","","","","","","","","","","","","","","",45,1,"","","","","","","","","","","","","","","","","","","","","","","","","","","","","","","","","","","","","","","","","","","","","","","","","","","","","","","","","","","","","","","","","","","","","","","","","","","","","","","","","","","","","","","","","","","","","","","","","","",204,1,"","","","","","","","","","","","","","","","","","","","","","","","","","","","","",""
"61328002","LE PIN-AU-HARAS -INRAE",48.735833,0.128167,176,2002091015,0.,1,"","","","","","","","","","","","","","","","","","","","","","","","","","","","","","","","","","",18.9,1,"","","","","","","","","","","","","","","","","","","","","","","","","","","","",48,1,"","","","","","","","","","","","","","","","","","","","","","","","","","","","","","","","","","","","","","","","","","","","","","","","","","","","","","","","","","","","","","","","","","","","","","","","","","","","","","","","","","","","","","","","","","","","","","","","","","",218,1,"","","","","","","","","","","","","","","","","","","","","","","","","","","","","",""
"61328002","LE PIN-AU-HARAS -INRAE",48.735833,0.128167,176,2002091016,0.,1,"","","","","","","","","","","","","","","","","","","","","","","","","","","","","","","","","","",20.7,1,"","","","","","","","","","","","","","","","","","","","","","","","","","","","",41,1,"","","","","","","","","","","","","","","","","","","","","","","","","","","","","","","","","","","","","","","","","","","","","","","","","","","","","","","","","","","","","","","","","","","","","","","","","","","","","","","","","","","","","","","","","","","","","","","","","","",120,1,"","","","","","","","","","","","","","","","","","","","","","","","","","","","","",""
"61328002","LE PIN-AU-HARAS -INRAE",48.735833,0.128167,176,2002091017,0.,1,"","","","","","","","","","","","","","","","","","","","","","","","","","","","","","","","","","",16.7,1,"","","","","","","","","","","","","","","","","","","","","","","","","","","","",73,1,"","","","","","","","","","","","","","","","","","","","","","","","","","","","","","","","","","","","","","","","","","","","","","","","","","","","","","","","","","","","","","","","","","","","","","","","","","","","","","","","","","","","","","","","","","","","","","","","","","",60,1,"","","","","","","","","","","","","","","","","","","","","","","","","","","","","",""
"61328002","LE PIN-AU-HARAS -INRAE",48.735833,0.128167,176,2002091018,0.,1,"","","","","","","","","","","","","","","","","","","","","","","","","","","","","","","","","","",13.,1,"","","","","","","","","","","","","","","","","","","","","","","","","","","","",89,1,"","","","","","","","","","","","","","","","","","","","","","","","","","","","","","","","","","","","","","","","","","","","","","","","","","","","","","","","","","","","","","","","","","","","","","","","","","","","","","","","","","","","","","","","","","","","","","","","","","",24,1,"","","","","","","","","","","","","","","","","","","","","","","","","","","","","",""
"61328002","LE PIN-AU-HARAS -INRAE",48.735833,0.128167,176,2002091019,0.,1,"","","","","","","","","","","","","","","","","","","","","","","","","","","","","","","","","","",10.6,1,"","","","","","","","","","","","","","","","","","","","","","","","","","","","",94,1,"","","","","","","","","","","","","","","","","","","","","","","","","","","","","","","","","","","","","","","","","","","","","","","","","","","","","","","","","","","","","","","","","","","","","","","","","","","","","","","","","","","","","","","","","","","","","","","","","","",0,1,"","","","","","","","","","","","","","","","","","","","","","","","","","","","","",""
"61328002","LE PIN-AU-HARAS -INRAE",48.735833,0.128167,176,2002091020,0.,1,"","","","","","","","","","","","","","","","","","","","","","","","","","","","","","","","","","",8.9,1,"","","","","","","","","","","","","","","","","","","","","","","","","","","","",96,1,"","","","","","","","","","","","","","","","","","","","","","","","","","","","","","","","","","","","","","","","","","","","","","","","","","","","","","","","","","","","","","","","","","","","","","","","","","","","","","","","","","","","","","","","","","","","","","","","","","",0,1,"","","","","","","","","","","","","","","","","","","","","","","","","","","","","",""
"61328002","LE PIN-AU-HARAS -INRAE",48.735833,0.128167,176,2002091021,0.,1,"","","","","","","","","","","","","","","","","","","","","","","","","","","","","","","","","","",8.6,1,"","","","","","","","","","","","","","","","","","","","","","","","","","","","",98,1,"","","","","","","","","","","","","","","","","","","","","","","","","","","","","","","","","","","","","","","","","","","","","","","","","","","","","","","","","","","","","","","","","","","","","","","","","","","","","","","","","","","","","","","","","","","","","","","","","","",0,1,"","","","","","","","","","","","","","","","","","","","","","","","","","","","","",""
"61328002","LE PIN-AU-HARAS -INRAE",48.735833,0.128167,176,2002091022,0.,1,"","","","","","","","","","","","","","","","","","","","","","","","","","","","","","","","","","",8.3,1,"","","","","","","","","","","","","","","","","","","","","","","","","","","","",100,1,"","","","","","","","","","","","","","","","","","","","","","","","","","","","","","","","","","","","","","","","","","","","","","","","","","","","","","","","","","","","","","","","","","","","","","","","","","","","","","","","","","","","","","","","","","","","","","","","","","",0,1,"","","","","","","","","","","","","","","","","","","","","","","","","","","","","",""
"61328002","LE PIN-AU-HARAS -INRAE",48.735833,0.128167,176,2002091023,0.,1,"","","","","","","","","","","","","","","","","","","","","","","","","","","","","","","","","","",8.3,1,"","","","","","","","","","","","","","","","","","","","","","","","","","","","",100,1,"","","","","","","","","","","","","","","","","","","","","","","","","","","","","","","","","","","","","","","","","","","","","","","","","","","","","","","","","","","","","","","","","","","","","","","","","","","","","","","","","","","","","","","","","","","","","","","","","","",0,1,"","","","","","","","","","","","","","","","","","","","","","","","","","","","","",""
"61328002","LE PIN-AU-HARAS -INRAE",48.735833,0.128167,176,2002091100,0.,1,"","","","","","","","","","","","","","","","","","","","","","","","","","","","","","","","","","",7.6,1,"","","","","","","","","","","","","","","","","","","","","","","","","","","","",100,1,"","","","","","","","","","","","","","","","","","","","","","","","","","","","","","","","","","","","","","","","","","","","","","","","","","","","","","","","","","","","","","","","","","","","","","","","","","","","","","","","","","","","","","","","","","","","","","","","","","",0,1,"","","","","","","","","","","","","","","","","","","","","","","","","","","","","",""
"61328002","LE PIN-AU-HARAS -INRAE",48.735833,0.128167,176,2002091101,0.,1,"","","","","","","","","","","","","","","","","","","","","","","","","","","","","","","","","","",6.7,1,"","","","","","","","","","","","","","","","","","","","","","","","","","","","",100,1,"","","","","","","","","","","","","","","","","","","","","","","","","","","","","","","","","","","","","","","","","","","","","","","","","","","","","","","","","","","","","","","","","","","","","","","","","","","","","","","","","","","","","","","","","","","","","","","","","","",0,1,"","","","","","","","","","","","","","","","","","","","","","","","","","","","","",""
"61328002","LE PIN-AU-HARAS -INRAE",48.735833,0.128167,176,2002091102,0.,1,"","","","","","","","","","","","","","","","","","","","","","","","","","","","","","","","","","",6.2,1,"","","","","","","","","","","","","","","","","","","","","","","","","","","","",100,1,"","","","","","","","","","","","","","","","","","","","","","","","","","","","","","","","","","","","","","","","","","","","","","","","","","","","","","","","","","","","","","","","","","","","","","","","","","","","","","","","","","","","","","","","","","","","","","","","","","",0,1,"","","","","","","","","","","","","","","","","","","","","","","","","","","","","",""
"61328002","LE PIN-AU-HARAS -INRAE",48.735833,0.128167,176,2002091103,0.,1,"","","","","","","","","","","","","","","","","","","","","","","","","","","","","","","","","","",5.7,1,"","","","","","","","","","","","","","","","","","","","","","","","","","","","",100,1,"","","","","","","","","","","","","","","","","","","","","","","","","","","","","","","","","","","","","","","","","","","","","","","","","","","","","","","","","","","","","","","","","","","","","","","","","","","","","","","","","","","","","","","","","","","","","","","","","","",0,1,"","","","","","","","","","","","","","","","","","","","","","","","","","","","","",""
"61328002","LE PIN-AU-HARAS -INRAE",48.735833,0.128167,176,2002091104,0.,1,"","","","","","","","","","","","","","","","","","","","","","","","","","","","","","","","","","",5.8,1,"","","","","","","","","","","","","","","","","","","","","","","","","","","","",100,1,"","","","","","","","","","","","","","","","","","","","","","","","","","","","","","","","","","","","","","","","","","","","","","","","","","","","","","","","","","","","","","","","","","","","","","","","","","","","","","","","","","","","","","","","","","","","","","","","","","",0,1,"","","","","","","","","","","","","","","","","","","","","","","","","","","","","",""
"61328002","LE PIN-AU-HARAS -INRAE",48.735833,0.128167,176,2002091105,0.,1,"","","","","","","","","","","","","","","","","","","","","","","","","","","","","","","","","","",5.4,1,"","","","","","","","","","","","","","","","","","","","","","","","","","","","",100,1,"","","","","","","","","","","","","","","","","","","","","","","","","","","","","","","","","","","","","","","","","","","","","","","","","","","","","","","","","","","","","","","","","","","","","","","","","","","","","","","","","","","","","","","","","","","","","","","","","","",0,1,"","","","","","","","","","","","","","","","","","","","","","","","","","","","","",""
"61328002","LE PIN-AU-HARAS -INRAE",48.735833,0.128167,176,2002091106,0.,1,"","","","","","","","","","","","","","","","","","","","","","","","","","","","","","","","","","",5.1,1,"","","","","","","","","","","","","","","","","","","","","","","","","","","","",100,1,"","","","","","","","","","","","","","","","","","","","","","","","","","","","","","","","","","","","","","","","","","","","","","","","","","","","","","","","","","","","","","","","","","","","","","","","","","","","","","","","","","","","","","","","","","","","","","","","","","",2,1,"","","","","","","","","","","","","","","","","","","","","","","","","","","","","",""
"61328002","LE PIN-AU-HARAS -INRAE",48.735833,0.128167,176,2002091107,0.,1,"","","","","","","","","","","","","","","","","","","","","","","","","","","","","","","","","","",7.9,1,"","","","","","","","","","","","","","","","","","","","","","","","","","","","",100,1,"","","","","","","","","","","","","","","","","","","","","","","","","","","","","","","","","","","","","","","","","","","","","","","","","","","","","","","","","","","","","","","","","","","","","","","","","","","","","","","","","","","","","","","","","","","","","","","","","","",16,1,"","","","","","","","","","","","","","","","","","","","","","","","","","","","","",""
"61328002","LE PIN-AU-HARAS -INRAE",48.735833,0.128167,176,2002091108,0.,1,"","","","","","","","","","","","","","","","","","","","","","","","","","","","","","","","","","",14.5,1,"","","","","","","","","","","","","","","","","","","","","","","","","","","","",100,1,"","","","","","","","","","","","","","","","","","","","","","","","","","","","","","","","","","","","","","","","","","","","","","","","","","","","","","","","","","","","","","","","","","","","","","","","","","","","","","","","","","","","","","","","","","","","","","","","","","",90,1,"","","","","","","","","","","","","","","","","","","","","","","","","","","","","",""
"61328002","LE PIN-AU-HARAS -INRAE",48.735833,0.128167,176,2002091109,0.,1,"","","","","","","","","","","","","","","","","","","","","","","","","","","","","","","","","","",16.6,1,"","","","","","","","","","","","","","","","","","","","","","","","","","","","",75,1,"","","","","","","","","","","","","","","","","","","","","","","","","","","","","","","","","","","","","","","","","","","","","","","","","","","","","","","","","","","","","","","","","","","","","","","","","","","","","","","","","","","","","","","","","","","","","","","","","","",154,1,"","","","","","","","","","","","","","","","","","","","","","","","","","","","","",""
"61328002","LE PIN-AU-HARAS -INRAE",48.735833,0.128167,176,2002091110,0.,1,"","","","","","","","","","","","","","","","","","","","","","","","","","","","","","","","","","",17.6,1,"","","","","","","","","","","","","","","","","","","","","","","","","","","","",68,1,"","","","","","","","","","","","","","","","","","","","","","","","","","","","","","","","","","","","","","","","","","","","","","","","","","","","","","","","","","","","","","","","","","","","","","","","","","","","","","","","","","","","","","","","","","","","","","","","","","",204,1,"","","","","","","","","","","","","","","","","","","","","","","","","","","","","",""
"61328002","LE PIN-AU-HARAS -INRAE",48.735833,0.128167,176,2002091111,0.,1,"","","","","","","","","","","","","","","","","","","","","","","","","","","","","","","","","","",18.5,1,"","","","","","","","","","","","","","","","","","","","","","","","","","","","",57,1,"","","","","","","","","","","","","","","","","","","","","","","","","","","","","","","","","","","","","","","","","","","","","","","","","","","","","","","","","","","","","","","","","","","","","","","","","","","","","","","","","","","","","","","","","","","","","","","","","","",232,1,"","","","","","","","","","","","","","","","","","","","","","","","","","","","","",""
"61328002","LE PIN-AU-HARAS -INRAE",48.735833,0.128167,176,2002091112,0.,1,"","","","","","","","","","","","","","","","","","","","","","","","","","","","","","","","","","",17.9,1,"","","","","","","","","","","","","","","","","","","","","","","","","","","","",52,1,"","","","","","","","","","","","","","","","","","","","","","","","","","","","","","","","","","","","","","","","","","","","","","","","","","","","","","","","","","","","","","","","","","","","","","","","","","","","","","","","","","","","","","","","","","","","","","","","","","",220,1,"","","","","","","","","","","","","","","","","","","","","","","","","","","","","",""
"61328002","LE PIN-AU-HARAS -INRAE",48.735833,0.128167,176,2002091113,0.,1,"","","","","","","","","","","","","","","","","","","","","","","","","","","","","","","","","","",18.,1,"","","","","","","","","","","","","","","","","","","","","","","","","","","","",51,1,"","","","","","","","","","","","","","","","","","","","","","","","","","","","","","","","","","","","","","","","","","","","","","","","","","","","","","","","","","","","","","","","","","","","","","","","","","","","","","","","","","","","","","","","","","","","","","","","","","",236,1,"","","","","","","","","","","","","","","","","","","","","","","","","","","","","",""
"61328002","LE PIN-AU-HARAS -INRAE",48.735833,0.128167,176,2002091114,0.,1,"","","","","","","","","","","","","","","","","","","","","","","","","","","","","","","","","","",20.,1,"","","","","","","","","","","","","","","","","","","","","","","","","","","","",52,1,"","","","","","","","","","","","","","","","","","","","","","","","","","","","","","","","","","","","","","","","","","","","","","","","","","","","","","","","","","","","","","","","","","","","","","","","","","","","","","","","","","","","","","","","","","","","","","","","","","",244,1,"","","","","","","","","","","","","","","","","","","","","","","","","","","","","",""
"61328002","LE PIN-AU-HARAS -INRAE",48.735833,0.128167,176,2002091115,0.,1,"","","","","","","","","","","","","","","","","","","","","","","","","","","","","","","","","","",20.5,1,"","","","","","","","","","","","","","","","","","","","","","","","","","","","",48,1,"","","","","","","","","","","","","","","","","","","","","","","","","","","","","","","","","","","","","","","","","","","","","","","","","","","","","","","","","","","","","","","","","","","","","","","","","","","","","","","","","","","","","","","","","","","","","","","","","","",210,1,"","","","","","","","","","","","","","","","","","","","","","","","","","","","","",""
"61328002","LE PIN-AU-HARAS -INRAE",48.735833,0.128167,176,2002091116,0.,1,"","","","","","","","","","","","","","","","","","","","","","","","","","","","","","","","","","",18.8,1,"","","","","","","","","","","","","","","","","","","","","","","","","","","","",59,1,"","","","","","","","","","","","","","","","","","","","","","","","","","","","","","","","","","","","","","","","","","","","","","","","","","","","","","","","","","","","","","","","","","","","","","","","","","","","","","","","","","","","","","","","","","","","","","","","","","",158,1,"","","","","","","","","","","","","","","","","","","","","","","","","","","","","",""
"61328002","LE PIN-AU-HARAS -INRAE",48.735833,0.128167,176,2002091117,0.,1,"","","","","","","","","","","","","","","","","","","","","","","","","","","","","","","","","","",16.7,1,"","","","","","","","","","","","","","","","","","","","","","","","","","","","",73,1,"","","","","","","","","","","","","","","","","","","","","","","","","","","","","","","","","","","","","","","","","","","","","","","","","","","","","","","","","","","","","","","","","","","","","","","","","","","","","","","","","","","","","","","","","","","","","","","","","","",66,1,"","","","","","","","","","","","","","","","","","","","","","","","","","","","","",""
"61328002","LE PIN-AU-HARAS -INRAE",48.735833,0.128167,176,2002091118,0.,1,"","","","","","","","","","","","","","","","","","","","","","","","","","","","","","","","","","",16.,1,"","","","","","","","","","","","","","","","","","","","","","","","","","","","",79,1,"","","","","","","","","","","","","","","","","","","","","","","","","","","","","","","","","","","","","","","","","","","","","","","","","","","","","","","","","","","","","","","","","","","","","","","","","","","","","","","","","","","","","","","","","","","","","","","","","","",12,1,"","","","","","","","","","","","","","","","","","","","","","","","","","","","","",""
"61328002","LE PIN-AU-HARAS -INRAE",48.735833,0.128167,176,2002091119,0.,1,"","","","","","","","","","","","","","","","","","","","","","","","","","","","","","","","","","",15.8,1,"","","","","","","","","","","","","","","","","","","","","","","","","","","","",79,1,"","","","","","","","","","","","","","","","","","","","","","","","","","","","","","","","","","","","","","","","","","","","","","","","","","","","","","","","","","","","","","","","","","","","","","","","","","","","","","","","","","","","","","","","","","","","","","","","","","",0,1,"","","","","","","","","","","","","","","","","","","","","","","","","","","","","",""
"61328002","LE PIN-AU-HARAS -INRAE",48.735833,0.128167,176,2002091120,0.,1,"","","","","","","","","","","","","","","","","","","","","","","","","","","","","","","","","","",15.4,1,"","","","","","","","","","","","","","","","","","","","","","","","","","","","",77,1,"","","","","","","","","","","","","","","","","","","","","","","","","","","","","","","","","","","","","","","","","","","","","","","","","","","","","","","","","","","","","","","","","","","","","","","","","","","","","","","","","","","","","","","","","","","","","","","","","","",0,1,"","","","","","","","","","","","","","","","","","","","","","","","","","","","","",""
"61328002","LE PIN-AU-HARAS -INRAE",48.735833,0.128167,176,2002091121,0.,1,"","","","","","","","","","","","","","","","","","","","","","","","","","","","","","","","","","",14.,1,"","","","","","","","","","","","","","","","","","","","","","","","","","","","",86,1,"","","","","","","","","","","","","","","","","","","","","","","","","","","","","","","","","","","","","","","","","","","","","","","","","","","","","","","","","","","","","","","","","","","","","","","","","","","","","","","","","","","","","","","","","","","","","","","","","","",0,1,"","","","","","","","","","","","","","","","","","","","","","","","","","","","","",""
"61328002","LE PIN-AU-HARAS -INRAE",48.735833,0.128167,176,2002091122,0.,1,"","","","","","","","","","","","","","","","","","","","","","","","","","","","","","","","","","",13.6,1,"","","","","","","","","","","","","","","","","","","","","","","","","","","","",90,1,"","","","","","","","","","","","","","","","","","","","","","","","","","","","","","","","","","","","","","","","","","","","","","","","","","","","","","","","","","","","","","","","","","","","","","","","","","","","","","","","","","","","","","","","","","","","","","","","","","",0,1,"","","","","","","","","","","","","","","","","","","","","","","","","","","","","",""
"61328002","LE PIN-AU-HARAS -INRAE",48.735833,0.128167,176,2002091123,0.,1,"","","","","","","","","","","","","","","","","","","","","","","","","","","","","","","","","","",12.1,1,"","","","","","","","","","","","","","","","","","","","","","","","","","","","",95,1,"","","","","","","","","","","","","","","","","","","","","","","","","","","","","","","","","","","","","","","","","","","","","","","","","","","","","","","","","","","","","","","","","","","","","","","","","","","","","","","","","","","","","","","","","","","","","","","","","","",0,1,"","","","","","","","","","","","","","","","","","","","","","","","","","","","","",""
"61328002","LE PIN-AU-HARAS -INRAE",48.735833,0.128167,176,2002091200,0.,1,"","","","","","","","","","","","","","","","","","","","","","","","","","","","","","","","","","",11.2,1,"","","","","","","","","","","","","","","","","","","","","","","","","","","","",97,1,"","","","","","","","","","","","","","","","","","","","","","","","","","","","","","","","","","","","","","","","","","","","","","","","","","","","","","","","","","","","","","","","","","","","","","","","","","","","","","","","","","","","","","","","","","","","","","","","","","",0,1,"","","","","","","","","","","","","","","","","","","","","","","","","","","","","",""
"61328002","LE PIN-AU-HARAS -INRAE",48.735833,0.128167,176,2002091201,0.,1,"","","","","","","","","","","","","","","","","","","","","","","","","","","","","","","","","","",9.9,1,"","","","","","","","","","","","","","","","","","","","","","","","","","","","",98,1,"","","","","","","","","","","","","","","","","","","","","","","","","","","","","","","","","","","","","","","","","","","","","","","","","","","","","","","","","","","","","","","","","","","","","","","","","","","","","","","","","","","","","","","","","","","","","","","","","","",0,1,"","","","","","","","","","","","","","","","","","","","","","","","","","","","","",""
"61328002","LE PIN-AU-HARAS -INRAE",48.735833,0.128167,176,2002091202,0.,1,"","","","","","","","","","","","","","","","","","","","","","","","","","","","","","","","","","",9.,1,"","","","","","","","","","","","","","","","","","","","","","","","","","","","",100,1,"","","","","","","","","","","","","","","","","","","","","","","","","","","","","","","","","","","","","","","","","","","","","","","","","","","","","","","","","","","","","","","","","","","","","","","","","","","","","","","","","","","","","","","","","","","","","","","","","","",0,1,"","","","","","","","","","","","","","","","","","","","","","","","","","","","","",""
"61328002","LE PIN-AU-HARAS -INRAE",48.735833,0.128167,176,2002091203,0.,1,"","","","","","","","","","","","","","","","","","","","","","","","","","","","","","","","","","",9.4,1,"","","","","","","","","","","","","","","","","","","","","","","","","","","","",100,1,"","","","","","","","","","","","","","","","","","","","","","","","","","","","","","","","","","","","","","","","","","","","","","","","","","","","","","","","","","","","","","","","","","","","","","","","","","","","","","","","","","","","","","","","","","","","","","","","","","",0,1,"","","","","","","","","","","","","","","","","","","","","","","","","","","","","",""
"61328002","LE PIN-AU-HARAS -INRAE",48.735833,0.128167,176,2002091204,0.,1,"","","","","","","","","","","","","","","","","","","","","","","","","","","","","","","","","","",8.8,1,"","","","","","","","","","","","","","","","","","","","","","","","","","","","",100,1,"","","","","","","","","","","","","","","","","","","","","","","","","","","","","","","","","","","","","","","","","","","","","","","","","","","","","","","","","","","","","","","","","","","","","","","","","","","","","","","","","","","","","","","","","","","","","","","","","","",0,1,"","","","","","","","","","","","","","","","","","","","","","","","","","","","","",""
"61328002","LE PIN-AU-HARAS -INRAE",48.735833,0.128167,176,2002091205,0.,1,"","","","","","","","","","","","","","","","","","","","","","","","","","","","","","","","","","",8.1,1,"","","","","","","","","","","","","","","","","","","","","","","","","","","","",100,1,"","","","","","","","","","","","","","","","","","","","","","","","","","","","","","","","","","","","","","","","","","","","","","","","","","","","","","","","","","","","","","","","","","","","","","","","","","","","","","","","","","","","","","","","","","","","","","","","","","",0,1,"","","","","","","","","","","","","","","","","","","","","","","","","","","","","",""
"61328002","LE PIN-AU-HARAS -INRAE",48.735833,0.128167,176,2002091206,0.,1,"","","","","","","","","","","","","","","","","","","","","","","","","","","","","","","","","","",8.9,1,"","","","","","","","","","","","","","","","","","","","","","","","","","","","",100,1,"","","","","","","","","","","","","","","","","","","","","","","","","","","","","","","","","","","","","","","","","","","","","","","","","","","","","","","","","","","","","","","","","","","","","","","","","","","","","","","","","","","","","","","","","","","","","","","","","","",2,1,"","","","","","","","","","","","","","","","","","","","","","","","","","","","","",""
"61328002","LE PIN-AU-HARAS -INRAE",48.735833,0.128167,176,2002091207,0.,1,"","","","","","","","","","","","","","","","","","","","","","","","","","","","","","","","","","",11.7,1,"","","","","","","","","","","","","","","","","","","","","","","","","","","","",100,1,"","","","","","","","","","","","","","","","","","","","","","","","","","","","","","","","","","","","","","","","","","","","","","","","","","","","","","","","","","","","","","","","","","","","","","","","","","","","","","","","","","","","","","","","","","","","","","","","","","",20,1,"","","","","","","","","","","","","","","","","","","","","","","","","","","","","",""
"61328002","LE PIN-AU-HARAS -INRAE",48.735833,0.128167,176,2002091208,0.,1,"","","","","","","","","","","","","","","","","","","","","","","","","","","","","","","","","","",12.8,1,"","","","","","","","","","","","","","","","","","","","","","","","","","","","",100,1,"","","","","","","","","","","","","","","","","","","","","","","","","","","","","","","","","","","","","","","","","","","","","","","","","","","","","","","","","","","","","","","","","","","","","","","","","","","","","","","","","","","","","","","","","","","","","","","","","","",50,1,"","","","","","","","","","","","","","","","","","","","","","","","","","","","","",""
"61328002","LE PIN-AU-HARAS -INRAE",48.735833,0.128167,176,2002091209,0.,1,"","","","","","","","","","","","","","","","","","","","","","","","","","","","","","","","","","",14.7,1,"","","","","","","","","","","","","","","","","","","","","","","","","","","","",100,1,"","","","","","","","","","","","","","","","","","","","","","","","","","","","","","","","","","","","","","","","","","","","","","","","","","","","","","","","","","","","","","","","","","","","","","","","","","","","","","","","","","","","","","","","","","","","","","","","","","",108,1,"","","","","","","","","","","","","","","","","","","","","","","","","","","","","",""
"61328002","LE PIN-AU-HARAS -INRAE",48.735833,0.128167,176,2002091210,0.,1,"","","","","","","","","","","","","","","","","","","","","","","","","","","","","","","","","","",14.9,1,"","","","","","","","","","","","","","","","","","","","","","","","","","","","",86,1,"","","","","","","","","","","","","","","","","","","","","","","","","","","","","","","","","","","","","","","","","","","","","","","","","","","","","","","","","","","","","","","","","","","","","","","","","","","","","","","","","","","","","","","","","","","","","","","","","","",188,1,"","","","","","","","","","","","","","","","","","","","","","","","","","","","","",""
"61328002","LE PIN-AU-HARAS -INRAE",48.735833,0.128167,176,2002091211,0.,1,"","","","","","","","","","","","","","","","","","","","","","","","","","","","","","","","","","",15.4,1,"","","","","","","","","","","","","","","","","","","","","","","","","","","","",82,1,"","","","","","","","","","","","","","","","","","","","","","","","","","","","","","","","","","","","","","","","","","","","","","","","","","","","","","","","","","","","","","","","","","","","","","","","","","","","","","","","","","","","","","","","","","","","","","","","","","",132,1,"","","","","","","","","","","","","","","","","","","","","","","","","","","","","",""
"61328002","LE PIN-AU-HARAS -INRAE",48.735833,0.128167,176,2002091212,0.,1,"","","","","","","","","","","","","","","","","","","","","","","","","","","","","","","","","","",15.7,1,"","","","","","","","","","","","","","","","","","","","","","","","","","","","",84,1,"","","","","","","","","","","","","","","","","","","","","","","","","","","","","","","","","","","","","","","","","","","","","","","","","","","","","","","","","","","","","","","","","","","","","","","","","","","","","","","","","","","","","","","","","","","","","","","","","","",52,1,"","","","","","","","","","","","","","","","","","","","","","","","","","","","","",""
"61328002","LE PIN-AU-HARAS -INRAE",48.735833,0.128167,176,2002091213,0.,1,"","","","","","","","","","","","","","","","","","","","","","","","","","","","","","","","","","",16.7,1,"","","","","","","","","","","","","","","","","","","","","","","","","","","","",82,1,"","","","","","","","","","","","","","","","","","","","","","","","","","","","","","","","","","","","","","","","","","","","","","","","","","","","","","","","","","","","","","","","","","","","","","","","","","","","","","","","","","","","","","","","","","","","","","","","","","",46,1,"","","","","","","","","","","","","","","","","","","","","","","","","","","","","",""
"61328002","LE PIN-AU-HARAS -INRAE",48.735833,0.128167,176,2002091214,0.,1,"","","","","","","","","","","","","","","","","","","","","","","","","","","","","","","","","","",17.8,1,"","","","","","","","","","","","","","","","","","","","","","","","","","","","",78,1,"","","","","","","","","","","","","","","","","","","","","","","","","","","","","","","","","","","","","","","","","","","","","","","","","","","","","","","","","","","","","","","","","","","","","","","","","","","","","","","","","","","","","","","","","","","","","","","","","","",88,1,"","","","","","","","","","","","","","","","","","","","","","","","","","","","","",""
"61328002","LE PIN-AU-HARAS -INRAE",48.735833,0.128167,176,2002091215,0.,1,"","","","","","","","","","","","","","","","","","","","","","","","","","","","","","","","","","",18.8,1,"","","","","","","","","","","","","","","","","","","","","","","","","","","","",72,1,"","","","","","","","","","","","","","","","","","","","","","","","","","","","","","","","","","","","","","","","","","","","","","","","","","","","","","","","","","","","","","","","","","","","","","","","","","","","","","","","","","","","","","","","","","","","","","","","","","",104,1,"","","","","","","","","","","","","","","","","","","","","","","","","","","","","",""
"61328002","LE PIN-AU-HARAS -INRAE",48.735833,0.128167,176,2002091216,0.,1,"","","","","","","","","","","","","","","","","","","","","","","","","","","","","","","","","","",18.4,1,"","","","","","","","","","","","","","","","","","","","","","","","","","","","",70,1,"","","","","","","","","","","","","","","","","","","","","","","","","","","","","","","","","","","","","","","","","","","","","","","","","","","","","","","","","","","","","","","","","","","","","","","","","","","","","","","","","","","","","","","","","","","","","","","","","","",62,1,"","","","","","","","","","","","","","","","","","","","","","","","","","","","","",""
"61328002","LE PIN-AU-HARAS -INRAE",48.735833,0.128167,176,2002091217,0.,1,"","","","","","","","","","","","","","","","","","","","","","","","","","","","","","","","","","",18.1,1,"","","","","","","","","","","","","","","","","","","","","","","","","","","","",75,1,"","","","","","","","","","","","","","","","","","","","","","","","","","","","","","","","","","","","","","","","","","","","","","","","","","","","","","","","","","","","","","","","","","","","","","","","","","","","","","","","","","","","","","","","","","","","","","","","","","",56,1,"","","","","","","","","","","","","","","","","","","","","","","","","","","","","",""
"61328002","LE PIN-AU-HARAS -INRAE",48.735833,0.128167,176,2002091218,0.,1,"","","","","","","","","","","","","","","","","","","","","","","","","","","","","","","","","","",15.2,1,"","","","","","","","","","","","","","","","","","","","","","","","","","","","",88,1,"","","","","","","","","","","","","","","","","","","","","","","","","","","","","","","","","","","","","","","","","","","","","","","","","","","","","","","","","","","","","","","","","","","","","","","","","","","","","","","","","","","","","","","","","","","","","","","","","","",20,1,"","","","","","","","","","","","","","","","","","","","","","","","","","","","","",""
"61328002","LE PIN-AU-HARAS -INRAE",48.735833,0.128167,176,2002091219,0.,1,"","","","","","","","","","","","","","","","","","","","","","","","","","","","","","","","","","",12.5,1,"","","","","","","","","","","","","","","","","","","","","","","","","","","","",96,1,"","","","","","","","","","","","","","","","","","","","","","","","","","","","","","","","","","","","","","","","","","","","","","","","","","","","","","","","","","","","","","","","","","","","","","","","","","","","","","","","","","","","","","","","","","","","","","","","","","",0,1,"","","","","","","","","","","","","","","","","","","","","","","","","","","","","",""
"61328002","LE PIN-AU-HARAS -INRAE",48.735833,0.128167,176,2002091220,0.,1,"","","","","","","","","","","","","","","","","","","","","","","","","","","","","","","","","","",12.2,1,"","","","","","","","","","","","","","","","","","","","","","","","","","","","",98,1,"","","","","","","","","","","","","","","","","","","","","","","","","","","","","","","","","","","","","","","","","","","","","","","","","","","","","","","","","","","","","","","","","","","","","","","","","","","","","","","","","","","","","","","","","","","","","","","","","","",0,1,"","","","","","","","","","","","","","","","","","","","","","","","","","","","","",""
"61328002","LE PIN-AU-HARAS -INRAE",48.735833,0.128167,176,2002091221,0.,1,"","","","","","","","","","","","","","","","","","","","","","","","","","","","","","","","","","",11.9,1,"","","","","","","","","","","","","","","","","","","","","","","","","","","","",100,1,"","","","","","","","","","","","","","","","","","","","","","","","","","","","","","","","","","","","","","","","","","","","","","","","","","","","","","","","","","","","","","","","","","","","","","","","","","","","","","","","","","","","","","","","","","","","","","","","","","",0,1,"","","","","","","","","","","","","","","","","","","","","","","","","","","","","",""
"61328002","LE PIN-AU-HARAS -INRAE",48.735833,0.128167,176,2002091222,0.,1,"","","","","","","","","","","","","","","","","","","","","","","","","","","","","","","","","","",11.3,1,"","","","","","","","","","","","","","","","","","","","","","","","","","","","",100,1,"","","","","","","","","","","","","","","","","","","","","","","","","","","","","","","","","","","","","","","","","","","","","","","","","","","","","","","","","","","","","","","","","","","","","","","","","","","","","","","","","","","","","","","","","","","","","","","","","","",0,1,"","","","","","","","","","","","","","","","","","","","","","","","","","","","","",""
"61328002","LE PIN-AU-HARAS -INRAE",48.735833,0.128167,176,2002091223,0.,1,"","","","","","","","","","","","","","","","","","","","","","","","","","","","","","","","","","",11.1,1,"","","","","","","","","","","","","","","","","","","","","","","","","","","","",100,1,"","","","","","","","","","","","","","","","","","","","","","","","","","","","","","","","","","","","","","","","","","","","","","","","","","","","","","","","","","","","","","","","","","","","","","","","","","","","","","","","","","","","","","","","","","","","","","","","","","",0,1,"","","","","","","","","","","","","","","","","","","","","","","","","","","","","",""
"61328002","LE PIN-AU-HARAS -INRAE",48.735833,0.128167,176,2002091300,0.,1,"","","","","","","","","","","","","","","","","","","","","","","","","","","","","","","","","","",10.7,1,"","","","","","","","","","","","","","","","","","","","","","","","","","","","",100,1,"","","","","","","","","","","","","","","","","","","","","","","","","","","","","","","","","","","","","","","","","","","","","","","","","","","","","","","","","","","","","","","","","","","","","","","","","","","","","","","","","","","","","","","","","","","","","","","","","","",0,1,"","","","","","","","","","","","","","","","","","","","","","","","","","","","","",""
"61328002","LE PIN-AU-HARAS -INRAE",48.735833,0.128167,176,2002091301,0.,1,"","","","","","","","","","","","","","","","","","","","","","","","","","","","","","","","","","",13.4,1,"","","","","","","","","","","","","","","","","","","","","","","","","","","","",100,1,"","","","","","","","","","","","","","","","","","","","","","","","","","","","","","","","","","","","","","","","","","","","","","","","","","","","","","","","","","","","","","","","","","","","","","","","","","","","","","","","","","","","","","","","","","","","","","","","","","",0,1,"","","","","","","","","","","","","","","","","","","","","","","","","","","","","",""
"61328002","LE PIN-AU-HARAS -INRAE",48.735833,0.128167,176,2002091302,0.,1,"","","","","","","","","","","","","","","","","","","","","","","","","","","","","","","","","","",12.3,1,"","","","","","","","","","","","","","","","","","","","","","","","","","","","",100,1,"","","","","","","","","","","","","","","","","","","","","","","","","","","","","","","","","","","","","","","","","","","","","","","","","","","","","","","","","","","","","","","","","","","","","","","","","","","","","","","","","","","","","","","","","","","","","","","","","","",0,1,"","","","","","","","","","","","","","","","","","","","","","","","","","","","","",""
"61328002","LE PIN-AU-HARAS -INRAE",48.735833,0.128167,176,2002091303,0.,1,"","","","","","","","","","","","","","","","","","","","","","","","","","","","","","","","","","",12.5,1,"","","","","","","","","","","","","","","","","","","","","","","","","","","","",100,1,"","","","","","","","","","","","","","","","","","","","","","","","","","","","","","","","","","","","","","","","","","","","","","","","","","","","","","","","","","","","","","","","","","","","","","","","","","","","","","","","","","","","","","","","","","","","","","","","","","",0,1,"","","","","","","","","","","","","","","","","","","","","","","","","","","","","",""
"61328002","LE PIN-AU-HARAS -INRAE",48.735833,0.128167,176,2002091304,0.,1,"","","","","","","","","","","","","","","","","","","","","","","","","","","","","","","","","","",9.6,1,"","","","","","","","","","","","","","","","","","","","","","","","","","","","",98,1,"","","","","","","","","","","","","","","","","","","","","","","","","","","","","","","","","","","","","","","","","","","","","","","","","","","","","","","","","","","","","","","","","","","","","","","","","","","","","","","","","","","","","","","","","","","","","","","","","","",0,1,"","","","","","","","","","","","","","","","","","","","","","","","","","","","","",""
"61328002","LE PIN-AU-HARAS -INRAE",48.735833,0.128167,176,2002091305,0.,1,"","","","","","","","","","","","","","","","","","","","","","","","","","","","","","","","","","",9.3,1,"","","","","","","","","","","","","","","","","","","","","","","","","","","","",100,1,"","","","","","","","","","","","","","","","","","","","","","","","","","","","","","","","","","","","","","","","","","","","","","","","","","","","","","","","","","","","","","","","","","","","","","","","","","","","","","","","","","","","","","","","","","","","","","","","","","",0,1,"","","","","","","","","","","","","","","","","","","","","","","","","","","","","",""
"61328002","LE PIN-AU-HARAS -INRAE",48.735833,0.128167,176,2002091306,0.,1,"","","","","","","","","","","","","","","","","","","","","","","","","","","","","","","","","","",8.6,1,"","","","","","","","","","","","","","","","","","","","","","","","","","","","",100,1,"","","","","","","","","","","","","","","","","","","","","","","","","","","","","","","","","","","","","","","","","","","","","","","","","","","","","","","","","","","","","","","","","","","","","","","","","","","","","","","","","","","","","","","","","","","","","","","","","","",2,1,"","","","","","","","","","","","","","","","","","","","","","","","","","","","","",""
"61328002","LE PIN-AU-HARAS -INRAE",48.735833,0.128167,176,2002091307,0.,1,"","","","","","","","","","","","","","","","","","","","","","","","","","","","","","","","","","",12.7,1,"","","","","","","","","","","","","","","","","","","","","","","","","","","","",100,1,"","","","","","","","","","","","","","","","","","","","","","","","","","","","","","","","","","","","","","","","","","","","","","","","","","","","","","","","","","","","","","","","","","","","","","","","","","","","","","","","","","","","","","","","","","","","","","","","","","",14,1,"","","","","","","","","","","","","","","","","","","","","","","","","","","","","",""
"61328002","LE PIN-AU-HARAS -INRAE",48.735833,0.128167,176,2002091308,0.,1,"","","","","","","","","","","","","","","","","","","","","","","","","","","","","","","","","","",15.6,1,"","","","","","","","","","","","","","","","","","","","","","","","","","","","",75,1,"","","","","","","","","","","","","","","","","","","","","","","","","","","","","","","","","","","","","","","","","","","","","","","","","","","","","","","","","","","","","","","","","","","","","","","","","","","","","","","","","","","","","","","","","","","","","","","","","","",90,1,"","","","","","","","","","","","","","","","","","","","","","","","","","","","","",""
"61328002","LE PIN-AU-HARAS -INRAE",48.735833,0.128167,176,2002091309,0.,1,"","","","","","","","","","","","","","","","","","","","","","","","","","","","","","","","","","",17.1,1,"","","","","","","","","","","","","","","","","","","","","","","","","","","","",66,1,"","","","","","","","","","","","","","","","","","","","","","","","","","","","","","","","","","","","","","","","","","","","","","","","","","","","","","","","","","","","","","","","","","","","","","","","","","","","","","","","","","","","","","","","","","","","","","","","","","",152,1,"","","","","","","","","","","","","","","","","","","","","","","","","","","","","",""
"61328002","LE PIN-AU-HARAS -INRAE",48.735833,0.128167,176,2002091310,0.,1,"","","","","","","","","","","","","","","","","","","","","","","","","","","","","","","","","","",18.4,1,"","","","","","","","","","","","","","","","","","","","","","","","","","","","",65,1,"","","","","","","","","","","","","","","","","","","","","","","","","","","","","","","","","","","","","","","","","","","","","","","","","","","","","","","","","","","","","","","","","","","","","","","","","","","","","","","","","","","","","","","","","","","","","","","","","","",206,1,"","","","","","","","","","","","","","","","","","","","","","","","","","","","","",""
"61328002","LE PIN-AU-HARAS -INRAE",48.735833,0.128167,176,2002091311,0.,1,"","","","","","","","","","","","","","","","","","","","","","","","","","","","","","","","","","",19.9,1,"","","","","","","","","","","","","","","","","","","","","","","","","","","","",55,1,"","","","","","","","","","","","","","","","","","","","","","","","","","","","","","","","","","","","","","","","","","","","","","","","","","","","","","","","","","","","","","","","","","","","","","","","","","","","","","","","","","","","","","","","","","","","","","","","","","",242,1,"","","","","","","","","","","","","","","","","","","","","","","","","","","","","",""
"61328002","LE PIN-AU-HARAS -INRAE",48.735833,0.128167,176,2002091312,0.,1,"","","","","","","","","","","","","","","","","","","","","","","","","","","","","","","","","","",20.6,1,"","","","","","","","","","","","","","","","","","","","","","","","","","","","",49,1,"","","","","","","","","","","","","","","","","","","","","","","","","","","","","","","","","","","","","","","","","","","","","","","","","","","","","","","","","","","","","","","","","","","","","","","","","","","","","","","","","","","","","","","","","","","","","","","","","","",262,1,"","","","","","","","","","","","","","","","","","","","","","","","","","","","","",""
"61328002","LE PIN-AU-HARAS -INRAE",48.735833,0.128167,176,2002091313,0.,1,"","","","","","","","","","","","","","","","","","","","","","","","","","","","","","","","","","",21.8,1,"","","","","","","","","","","","","","","","","","","","","","","","","","","","",46,1,"","","","","","","","","","","","","","","","","","","","","","","","","","","","","","","","","","","","","","","","","","","","","","","","","","","","","","","","","","","","","","","","","","","","","","","","","","","","","","","","","","","","","","","","","","","","","","","","","","",260,1,"","","","","","","","","","","","","","","","","","","","","","","","","","","","","",""
"61328002","LE PIN-AU-HARAS -INRAE",48.735833,0.128167,176,2002091314,0.,1,"","","","","","","","","","","","","","","","","","","","","","","","","","","","","","","","","","",22.9,1,"","","","","","","","","","","","","","","","","","","","","","","","","","","","",41,1,"","","","","","","","","","","","","","","","","","","","","","","","","","","","","","","","","","","","","","","","","","","","","","","","","","","","","","","","","","","","","","","","","","","","","","","","","","","","","","","","","","","","","","","","","","","","","","","","","","",240,1,"","","","","","","","","","","","","","","","","","","","","","","","","","","","","",""
"61328002","LE PIN-AU-HARAS -INRAE",48.735833,0.128167,176,2002091315,0.,1,"","","","","","","","","","","","","","","","","","","","","","","","","","","","","","","","","","",23.4,1,"","","","","","","","","","","","","","","","","","","","","","","","","","","","",32,1,"","","","","","","","","","","","","","","","","","","","","","","","","","","","","","","","","","","","","","","","","","","","","","","","","","","","","","","","","","","","","","","","","","","","","","","","","","","","","","","","","","","","","","","","","","","","","","","","","","",204,1,"","","","","","","","","","","","","","","","","","","","","","","","","","","","","",""
"61328002","LE PIN-AU-HARAS -INRAE",48.735833,0.128167,176,2002091316,0.,1,"","","","","","","","","","","","","","","","","","","","","","","","","","","","","","","","","","",22.8,1,"","","","","","","","","","","","","","","","","","","","","","","","","","","","",36,1,"","","","","","","","","","","","","","","","","","","","","","","","","","","","","","","","","","","","","","","","","","","","","","","","","","","","","","","","","","","","","","","","","","","","","","","","","","","","","","","","","","","","","","","","","","","","","","","","","","",152,1,"","","","","","","","","","","","","","","","","","","","","","","","","","","","","",""
"61328002","LE PIN-AU-HARAS -INRAE",48.735833,0.128167,176,2002091317,0.,1,"","","","","","","","","","","","","","","","","","","","","","","","","","","","","","","","","","",22.,1,"","","","","","","","","","","","","","","","","","","","","","","","","","","","",37,1,"","","","","","","","","","","","","","","","","","","","","","","","","","","","","","","","","","","","","","","","","","","","","","","","","","","","","","","","","","","","","","","","","","","","","","","","","","","","","","","","","","","","","","","","","","","","","","","","","","",86,1,"","","","","","","","","","","","","","","","","","","","","","","","","","","","","",""
"61328002","LE PIN-AU-HARAS -INRAE",48.735833,0.128167,176,2002091318,0.,1,"","","","","","","","","","","","","","","","","","","","","","","","","","","","","","","","","","",15.8,1,"","","","","","","","","","","","","","","","","","","","","","","","","","","","",69,1,"","","","","","","","","","","","","","","","","","","","","","","","","","","","","","","","","","","","","","","","","","","","","","","","","","","","","","","","","","","","","","","","","","","","","","","","","","","","","","","","","","","","","","","","","","","","","","","","","","",16,1,"","","","","","","","","","","","","","","","","","","","","","","","","","","","","",""
"61328002","LE PIN-AU-HARAS -INRAE",48.735833,0.128167,176,2002091319,0.,1,"","","","","","","","","","","","","","","","","","","","","","","","","","","","","","","","","","",16.2,1,"","","","","","","","","","","","","","","","","","","","","","","","","","","","",60,1,"","","","","","","","","","","","","","","","","","","","","","","","","","","","","","","","","","","","","","","","","","","","","","","","","","","","","","","","","","","","","","","","","","","","","","","","","","","","","","","","","","","","","","","","","","","","","","","","","","",2,1,"","","","","","","","","","","","","","","","","","","","","","","","","","","","","",""
"61328002","LE PIN-AU-HARAS -INRAE",48.735833,0.128167,176,2002091320,0.,1,"","","","","","","","","","","","","","","","","","","","","","","","","","","","","","","","","","",13.5,1,"","","","","","","","","","","","","","","","","","","","","","","","","","","","",75,1,"","","","","","","","","","","","","","","","","","","","","","","","","","","","","","","","","","","","","","","","","","","","","","","","","","","","","","","","","","","","","","","","","","","","","","","","","","","","","","","","","","","","","","","","","","","","","","","","","","",0,1,"","","","","","","","","","","","","","","","","","","","","","","","","","","","","",""
"61328002","LE PIN-AU-HARAS -INRAE",48.735833,0.128167,176,2002091321,0.,1,"","","","","","","","","","","","","","","","","","","","","","","","","","","","","","","","","","",13.5,1,"","","","","","","","","","","","","","","","","","","","","","","","","","","","",76,1,"","","","","","","","","","","","","","","","","","","","","","","","","","","","","","","","","","","","","","","","","","","","","","","","","","","","","","","","","","","","","","","","","","","","","","","","","","","","","","","","","","","","","","","","","","","","","","","","","","",0,1,"","","","","","","","","","","","","","","","","","","","","","","","","","","","","",""
"61328002","LE PIN-AU-HARAS -INRAE",48.735833,0.128167,176,2002091322,0.,1,"","","","","","","","","","","","","","","","","","","","","","","","","","","","","","","","","","",13.7,1,"","","","","","","","","","","","","","","","","","","","","","","","","","","","",74,1,"","","","","","","","","","","","","","","","","","","","","","","","","","","","","","","","","","","","","","","","","","","","","","","","","","","","","","","","","","","","","","","","","","","","","","","","","","","","","","","","","","","","","","","","","","","","","","","","","","",0,1,"","","","","","","","","","","","","","","","","","","","","","","","","","","","","",""
"61328002","LE PIN-AU-HARAS -INRAE",48.735833,0.128167,176,2002091323,0.,1,"","","","","","","","","","","","","","","","","","","","","","","","","","","","","","","","","","",14.9,1,"","","","","","","","","","","","","","","","","","","","","","","","","","","","",65,1,"","","","","","","","","","","","","","","","","","","","","","","","","","","","","","","","","","","","","","","","","","","","","","","","","","","","","","","","","","","","","","","","","","","","","","","","","","","","","","","","","","","","","","","","","","","","","","","","","","",0,1,"","","","","","","","","","","","","","","","","","","","","","","","","","","","","",""
"61328002","LE PIN-AU-HARAS -INRAE",48.735833,0.128167,176,2002091400,0.,1,"","","","","","","","","","","","","","","","","","","","","","","","","","","","","","","","","","",12.,1,"","","","","","","","","","","","","","","","","","","","","","","","","","","","",73,1,"","","","","","","","","","","","","","","","","","","","","","","","","","","","","","","","","","","","","","","","","","","","","","","","","","","","","","","","","","","","","","","","","","","","","","","","","","","","","","","","","","","","","","","","","","","","","","","","","","",0,1,"","","","","","","","","","","","","","","","","","","","","","","","","","","","","",""
"61328002","LE PIN-AU-HARAS -INRAE",48.735833,0.128167,176,2002091401,0.,1,"","","","","","","","","","","","","","","","","","","","","","","","","","","","","","","","","","",12.7,1,"","","","","","","","","","","","","","","","","","","","","","","","","","","","",79,1,"","","","","","","","","","","","","","","","","","","","","","","","","","","","","","","","","","","","","","","","","","","","","","","","","","","","","","","","","","","","","","","","","","","","","","","","","","","","","","","","","","","","","","","","","","","","","","","","","","",0,1,"","","","","","","","","","","","","","","","","","","","","","","","","","","","","",""
"61328002","LE PIN-AU-HARAS -INRAE",48.735833,0.128167,176,2002091402,0.,1,"","","","","","","","","","","","","","","","","","","","","","","","","","","","","","","","","","",11.2,1,"","","","","","","","","","","","","","","","","","","","","","","","","","","","",80,1,"","","","","","","","","","","","","","","","","","","","","","","","","","","","","","","","","","","","","","","","","","","","","","","","","","","","","","","","","","","","","","","","","","","","","","","","","","","","","","","","","","","","","","","","","","","","","","","","","","",0,1,"","","","","","","","","","","","","","","","","","","","","","","","","","","","","",""
"61328002","LE PIN-AU-HARAS -INRAE",48.735833,0.128167,176,2002091403,0.,1,"","","","","","","","","","","","","","","","","","","","","","","","","","","","","","","","","","",9.1,1,"","","","","","","","","","","","","","","","","","","","","","","","","","","","",94,1,"","","","","","","","","","","","","","","","","","","","","","","","","","","","","","","","","","","","","","","","","","","","","","","","","","","","","","","","","","","","","","","","","","","","","","","","","","","","","","","","","","","","","","","","","","","","","","","","","","",0,1,"","","","","","","","","","","","","","","","","","","","","","","","","","","","","",""
"61328002","LE PIN-AU-HARAS -INRAE",48.735833,0.128167,176,2002091404,0.,1,"","","","","","","","","","","","","","","","","","","","","","","","","","","","","","","","","","",8.7,1,"","","","","","","","","","","","","","","","","","","","","","","","","","","","",97,1,"","","","","","","","","","","","","","","","","","","","","","","","","","","","","","","","","","","","","","","","","","","","","","","","","","","","","","","","","","","","","","","","","","","","","","","","","","","","","","","","","","","","","","","","","","","","","","","","","","",0,1,"","","","","","","","","","","","","","","","","","","","","","","","","","","","","",""
"61328002","LE PIN-AU-HARAS -INRAE",48.735833,0.128167,176,2002091405,0.,1,"","","","","","","","","","","","","","","","","","","","","","","","","","","","","","","","","","",8.3,1,"","","","","","","","","","","","","","","","","","","","","","","","","","","","",99,1,"","","","","","","","","","","","","","","","","","","","","","","","","","","","","","","","","","","","","","","","","","","","","","","","","","","","","","","","","","","","","","","","","","","","","","","","","","","","","","","","","","","","","","","","","","","","","","","","","","",0,1,"","","","","","","","","","","","","","","","","","","","","","","","","","","","","",""
"61328002","LE PIN-AU-HARAS -INRAE",48.735833,0.128167,176,2002091406,0.,1,"","","","","","","","","","","","","","","","","","","","","","","","","","","","","","","","","","",8.7,1,"","","","","","","","","","","","","","","","","","","","","","","","","","","","",100,1,"","","","","","","","","","","","","","","","","","","","","","","","","","","","","","","","","","","","","","","","","","","","","","","","","","","","","","","","","","","","","","","","","","","","","","","","","","","","","","","","","","","","","","","","","","","","","","","","","","",0,1,"","","","","","","","","","","","","","","","","","","","","","","","","","","","","",""
"61328002","LE PIN-AU-HARAS -INRAE",48.735833,0.128167,176,2002091407,0.,1,"","","","","","","","","","","","","","","","","","","","","","","","","","","","","","","","","","",11.1,1,"","","","","","","","","","","","","","","","","","","","","","","","","","","","",100,1,"","","","","","","","","","","","","","","","","","","","","","","","","","","","","","","","","","","","","","","","","","","","","","","","","","","","","","","","","","","","","","","","","","","","","","","","","","","","","","","","","","","","","","","","","","","","","","","","","","",16,1,"","","","","","","","","","","","","","","","","","","","","","","","","","","","","",""
"61328002","LE PIN-AU-HARAS -INRAE",48.735833,0.128167,176,2002091408,0.,1,"","","","","","","","","","","","","","","","","","","","","","","","","","","","","","","","","","",13.9,1,"","","","","","","","","","","","","","","","","","","","","","","","","","","","",92,1,"","","","","","","","","","","","","","","","","","","","","","","","","","","","","","","","","","","","","","","","","","","","","","","","","","","","","","","","","","","","","","","","","","","","","","","","","","","","","","","","","","","","","","","","","","","","","","","","","","",80,1,"","","","","","","","","","","","","","","","","","","","","","","","","","","","","",""
"61328002","LE PIN-AU-HARAS -INRAE",48.735833,0.128167,176,2002091409,0.,1,"","","","","","","","","","","","","","","","","","","","","","","","","","","","","","","","","","",16.2,1,"","","","","","","","","","","","","","","","","","","","","","","","","","","","",81,1,"","","","","","","","","","","","","","","","","","","","","","","","","","","","","","","","","","","","","","","","","","","","","","","","","","","","","","","","","","","","","","","","","","","","","","","","","","","","","","","","","","","","","","","","","","","","","","","","","","",148,1,"","","","","","","","","","","","","","","","","","","","","","","","","","","","","",""
"61328002","LE PIN-AU-HARAS -INRAE",48.735833,0.128167,176,2002091410,0.,1,"","","","","","","","","","","","","","","","","","","","","","","","","","","","","","","","","","",18.9,1,"","","","","","","","","","","","","","","","","","","","","","","","","","","","",72,1,"","","","","","","","","","","","","","","","","","","","","","","","","","","","","","","","","","","","","","","","","","","","","","","","","","","","","","","","","","","","","","","","","","","","","","","","","","","","","","","","","","","","","","","","","","","","","","","","","","",194,1,"","","","","","","","","","","","","","","","","","","","","","","","","","","","","",""
"61328002","LE PIN-AU-HARAS -INRAE",48.735833,0.128167,176,2002091411,0.,1,"","","","","","","","","","","","","","","","","","","","","","","","","","","","","","","","","","",19.7,1,"","","","","","","","","","","","","","","","","","","","","","","","","","","","",62,1,"","","","","","","","","","","","","","","","","","","","","","","","","","","","","","","","","","","","","","","","","","","","","","","","","","","","","","","","","","","","","","","","","","","","","","","","","","","","","","","","","","","","","","","","","","","","","","","","","","",226,1,"","","","","","","","","","","","","","","","","","","","","","","","","","","","","",""
"61328002","LE PIN-AU-HARAS -INRAE",48.735833,0.128167,176,2002091412,0.,1,"","","","","","","","","","","","","","","","","","","","","","","","","","","","","","","","","","",20.7,1,"","","","","","","","","","","","","","","","","","","","","","","","","","","","",55,1,"","","","","","","","","","","","","","","","","","","","","","","","","","","","","","","","","","","","","","","","","","","","","","","","","","","","","","","","","","","","","","","","","","","","","","","","","","","","","","","","","","","","","","","","","","","","","","","","","","",248,1,"","","","","","","","","","","","","","","","","","","","","","","","","","","","","",""
"61328002","LE PIN-AU-HARAS -INRAE",48.735833,0.128167,176,2002091413,0.,1,"","","","","","","","","","","","","","","","","","","","","","","","","","","","","","","","","","",21.4,1,"","","","","","","","","","","","","","","","","","","","","","","","","","","","",49,1,"","","","","","","","","","","","","","","","","","","","","","","","","","","","","","","","","","","","","","","","","","","","","","","","","","","","","","","","","","","","","","","","","","","","","","","","","","","","","","","","","","","","","","","","","","","","","","","","","","",256,1,"","","","","","","","","","","","","","","","","","","","","","","","","","","","","",""
"61328002","LE PIN-AU-HARAS -INRAE",48.735833,0.128167,176,2002091414,0.,1,"","","","","","","","","","","","","","","","","","","","","","","","","","","","","","","","","","",21.5,1,"","","","","","","","","","","","","","","","","","","","","","","","","","","","",52,1,"","","","","","","","","","","","","","","","","","","","","","","","","","","","","","","","","","","","","","","","","","","","","","","","","","","","","","","","","","","","","","","","","","","","","","","","","","","","","","","","","","","","","","","","","","","","","","","","","","",232,1,"","","","","","","","","","","","","","","","","","","","","","","","","","","","","",""
"61328002","LE PIN-AU-HARAS -INRAE",48.735833,0.128167,176,2002091415,0.,1,"","","","","","","","","","","","","","","","","","","","","","","","","","","","","","","","","","",21.6,1,"","","","","","","","","","","","","","","","","","","","","","","","","","","","",57,1,"","","","","","","","","","","","","","","","","","","","","","","","","","","","","","","","","","","","","","","","","","","","","","","","","","","","","","","","","","","","","","","","","","","","","","","","","","","","","","","","","","","","","","","","","","","","","","","","","","",196,1,"","","","","","","","","","","","","","","","","","","","","","","","","","","","","",""
"61328002","LE PIN-AU-HARAS -INRAE",48.735833,0.128167,176,2002091416,0.,1,"","","","","","","","","","","","","","","","","","","","","","","","","","","","","","","","","","",20.2,1,"","","","","","","","","","","","","","","","","","","","","","","","","","","","",60,1,"","","","","","","","","","","","","","","","","","","","","","","","","","","","","","","","","","","","","","","","","","","","","","","","","","","","","","","","","","","","","","","","","","","","","","","","","","","","","","","","","","","","","","","","","","","","","","","","","","",138,1,"","","","","","","","","","","","","","","","","","","","","","","","","","","","","",""
"61328002","LE PIN-AU-HARAS -INRAE",48.735833,0.128167,176,2002091417,0.,1,"","","","","","","","","","","","","","","","","","","","","","","","","","","","","","","","","","",19.3,1,"","","","","","","","","","","","","","","","","","","","","","","","","","","","",64,1,"","","","","","","","","","","","","","","","","","","","","","","","","","","","","","","","","","","","","","","","","","","","","","","","","","","","","","","","","","","","","","","","","","","","","","","","","","","","","","","","","","","","","","","","","","","","","","","","","","",78,1,"","","","","","","","","","","","","","","","","","","","","","","","","","","","","",""
"61328002","LE PIN-AU-HARAS -INRAE",48.735833,0.128167,176,2002091418,0.,1,"","","","","","","","","","","","","","","","","","","","","","","","","","","","","","","","","","",16.9,1,"","","","","","","","","","","","","","","","","","","","","","","","","","","","",73,1,"","","","","","","","","","","","","","","","","","","","","","","","","","","","","","","","","","","","","","","","","","","","","","","","","","","","","","","","","","","","","","","","","","","","","","","","","","","","","","","","","","","","","","","","","","","","","","","","","","",16,1,"","","","","","","","","","","","","","","","","","","","","","","","","","","","","",""
"61328002","LE PIN-AU-HARAS -INRAE",48.735833,0.128167,176,2002091419,0.,1,"","","","","","","","","","","","","","","","","","","","","","","","","","","","","","","","","","",16.4,1,"","","","","","","","","","","","","","","","","","","","","","","","","","","","",81,1,"","","","","","","","","","","","","","","","","","","","","","","","","","","","","","","","","","","","","","","","","","","","","","","","","","","","","","","","","","","","","","","","","","","","","","","","","","","","","","","","","","","","","","","","","","","","","","","","","","",0,1,"","","","","","","","","","","","","","","","","","","","","","","","","","","","","",""
"61328002","LE PIN-AU-HARAS -INRAE",48.735833,0.128167,176,2002091420,0.,1,"","","","","","","","","","","","","","","","","","","","","","","","","","","","","","","","","","",15.2,1,"","","","","","","","","","","","","","","","","","","","","","","","","","","","",88,1,"","","","","","","","","","","","","","","","","","","","","","","","","","","","","","","","","","","","","","","","","","","","","","","","","","","","","","","","","","","","","","","","","","","","","","","","","","","","","","","","","","","","","","","","","","","","","","","","","","",0,1,"","","","","","","","","","","","","","","","","","","","","","","","","","","","","",""
"61328002","LE PIN-AU-HARAS -INRAE",48.735833,0.128167,176,2002091421,0.,1,"","","","","","","","","","","","","","","","","","","","","","","","","","","","","","","","","","",15.3,1,"","","","","","","","","","","","","","","","","","","","","","","","","","","","",88,1,"","","","","","","","","","","","","","","","","","","","","","","","","","","","","","","","","","","","","","","","","","","","","","","","","","","","","","","","","","","","","","","","","","","","","","","","","","","","","","","","","","","","","","","","","","","","","","","","","","",0,1,"","","","","","","","","","","","","","","","","","","","","","","","","","","","","",""
"61328002","LE PIN-AU-HARAS -INRAE",48.735833,0.128167,176,2002091422,0.,1,"","","","","","","","","","","","","","","","","","","","","","","","","","","","","","","","","","",15.6,1,"","","","","","","","","","","","","","","","","","","","","","","","","","","","",78,1,"","","","","","","","","","","","","","","","","","","","","","","","","","","","","","","","","","","","","","","","","","","","","","","","","","","","","","","","","","","","","","","","","","","","","","","","","","","","","","","","","","","","","","","","","","","","","","","","","","",0,1,"","","","","","","","","","","","","","","","","","","","","","","","","","","","","",""
"61328002","LE PIN-AU-HARAS -INRAE",48.735833,0.128167,176,2002091423,0.,1,"","","","","","","","","","","","","","","","","","","","","","","","","","","","","","","","","","",15.1,1,"","","","","","","","","","","","","","","","","","","","","","","","","","","","",71,1,"","","","","","","","","","","","","","","","","","","","","","","","","","","","","","","","","","","","","","","","","","","","","","","","","","","","","","","","","","","","","","","","","","","","","","","","","","","","","","","","","","","","","","","","","","","","","","","","","","",0,1,"","","","","","","","","","","","","","","","","","","","","","","","","","","","","",""
"61328002","LE PIN-AU-HARAS -INRAE",48.735833,0.128167,176,2002091500,0.,1,"","","","","","","","","","","","","","","","","","","","","","","","","","","","","","","","","","",15.1,1,"","","","","","","","","","","","","","","","","","","","","","","","","","","","",69,1,"","","","","","","","","","","","","","","","","","","","","","","","","","","","","","","","","","","","","","","","","","","","","","","","","","","","","","","","","","","","","","","","","","","","","","","","","","","","","","","","","","","","","","","","","","","","","","","","","","",0,1,"","","","","","","","","","","","","","","","","","","","","","","","","","","","","",""
"61328002","LE PIN-AU-HARAS -INRAE",48.735833,0.128167,176,2002091501,0.,1,"","","","","","","","","","","","","","","","","","","","","","","","","","","","","","","","","","",14.7,1,"","","","","","","","","","","","","","","","","","","","","","","","","","","","",76,1,"","","","","","","","","","","","","","","","","","","","","","","","","","","","","","","","","","","","","","","","","","","","","","","","","","","","","","","","","","","","","","","","","","","","","","","","","","","","","","","","","","","","","","","","","","","","","","","","","","",0,1,"","","","","","","","","","","","","","","","","","","","","","","","","","","","","",""
"61328002","LE PIN-AU-HARAS -INRAE",48.735833,0.128167,176,2002091502,0.,1,"","","","","","","","","","","","","","","","","","","","","","","","","","","","","","","","","","",14.8,1,"","","","","","","","","","","","","","","","","","","","","","","","","","","","",81,1,"","","","","","","","","","","","","","","","","","","","","","","","","","","","","","","","","","","","","","","","","","","","","","","","","","","","","","","","","","","","","","","","","","","","","","","","","","","","","","","","","","","","","","","","","","","","","","","","","","",0,1,"","","","","","","","","","","","","","","","","","","","","","","","","","","","","",""
"61328002","LE PIN-AU-HARAS -INRAE",48.735833,0.128167,176,2002091503,0.,1,"","","","","","","","","","","","","","","","","","","","","","","","","","","","","","","","","","",14.5,1,"","","","","","","","","","","","","","","","","","","","","","","","","","","","",85,1,"","","","","","","","","","","","","","","","","","","","","","","","","","","","","","","","","","","","","","","","","","","","","","","","","","","","","","","","","","","","","","","","","","","","","","","","","","","","","","","","","","","","","","","","","","","","","","","","","","",0,1,"","","","","","","","","","","","","","","","","","","","","","","","","","","","","",""
"61328002","LE PIN-AU-HARAS -INRAE",48.735833,0.128167,176,2002091504,0.,1,"","","","","","","","","","","","","","","","","","","","","","","","","","","","","","","","","","",14.2,1,"","","","","","","","","","","","","","","","","","","","","","","","","","","","",91,1,"","","","","","","","","","","","","","","","","","","","","","","","","","","","","","","","","","","","","","","","","","","","","","","","","","","","","","","","","","","","","","","","","","","","","","","","","","","","","","","","","","","","","","","","","","","","","","","","","","",0,1,"","","","","","","","","","","","","","","","","","","","","","","","","","","","","",""
"61328002","LE PIN-AU-HARAS -INRAE",48.735833,0.128167,176,2002091505,0.,1,"","","","","","","","","","","","","","","","","","","","","","","","","","","","","","","","","","",14.4,1,"","","","","","","","","","","","","","","","","","","","","","","","","","","","",83,1,"","","","","","","","","","","","","","","","","","","","","","","","","","","","","","","","","","","","","","","","","","","","","","","","","","","","","","","","","","","","","","","","","","","","","","","","","","","","","","","","","","","","","","","","","","","","","","","","","","",0,1,"","","","","","","","","","","","","","","","","","","","","","","","","","","","","",""
"61328002","LE PIN-AU-HARAS -INRAE",48.735833,0.128167,176,2002091506,0.,1,"","","","","","","","","","","","","","","","","","","","","","","","","","","","","","","","","","",14.2,1,"","","","","","","","","","","","","","","","","","","","","","","","","","","","",76,1,"","","","","","","","","","","","","","","","","","","","","","","","","","","","","","","","","","","","","","","","","","","","","","","","","","","","","","","","","","","","","","","","","","","","","","","","","","","","","","","","","","","","","","","","","","","","","","","","","","",2,1,"","","","","","","","","","","","","","","","","","","","","","","","","","","","","",""
"61328002","LE PIN-AU-HARAS -INRAE",48.735833,0.128167,176,2002091507,0.,1,"","","","","","","","","","","","","","","","","","","","","","","","","","","","","","","","","","",14.4,1,"","","","","","","","","","","","","","","","","","","","","","","","","","","","",78,1,"","","","","","","","","","","","","","","","","","","","","","","","","","","","","","","","","","","","","","","","","","","","","","","","","","","","","","","","","","","","","","","","","","","","","","","","","","","","","","","","","","","","","","","","","","","","","","","","","","",10,1,"","","","","","","","","","","","","","","","","","","","","","","","","","","","","",""
"61328002","LE PIN-AU-HARAS -INRAE",48.735833,0.128167,176,2002091508,0.,1,"","","","","","","","","","","","","","","","","","","","","","","","","","","","","","","","","","",15.2,1,"","","","","","","","","","","","","","","","","","","","","","","","","","","","",77,1,"","","","","","","","","","","","","","","","","","","","","","","","","","","","","","","","","","","","","","","","","","","","","","","","","","","","","","","","","","","","","","","","","","","","","","","","","","","","","","","","","","","","","","","","","","","","","","","","","","",36,1,"","","","","","","","","","","","","","","","","","","","","","","","","","","","","",""
"61328002","LE PIN-AU-HARAS -INRAE",48.735833,0.128167,176,2002091509,0.,1,"","","","","","","","","","","","","","","","","","","","","","","","","","","","","","","","","","",15.7,1,"","","","","","","","","","","","","","","","","","","","","","","","","","","","",72,1,"","","","","","","","","","","","","","","","","","","","","","","","","","","","","","","","","","","","","","","","","","","","","","","","","","","","","","","","","","","","","","","","","","","","","","","","","","","","","","","","","","","","","","","","","","","","","","","","","","",80,1,"","","","","","","","","","","","","","","","","","","","","","","","","","","","","",""
"61328002","LE PIN-AU-HARAS -INRAE",48.735833,0.128167,176,2002091510,0.,1,"","","","","","","","","","","","","","","","","","","","","","","","","","","","","","","","","","",16.5,1,"","","","","","","","","","","","","","","","","","","","","","","","","","","","",60,1,"","","","","","","","","","","","","","","","","","","","","","","","","","","","","","","","","","","","","","","","","","","","","","","","","","","","","","","","","","","","","","","","","","","","","","","","","","","","","","","","","","","","","","","","","","","","","","","","","","",108,1,"","","","","","","","","","","","","","","","","","","","","","","","","","","","","",""
"61328002","LE PIN-AU-HARAS -INRAE",48.735833,0.128167,176,2002091511,0.,1,"","","","","","","","","","","","","","","","","","","","","","","","","","","","","","","","","","",17.5,1,"","","","","","","","","","","","","","","","","","","","","","","","","","","","",55,1,"","","","","","","","","","","","","","","","","","","","","","","","","","","","","","","","","","","","","","","","","","","","","","","","","","","","","","","","","","","","","","","","","","","","","","","","","","","","","","","","","","","","","","","","","","","","","","","","","","",154,1,"","","","","","","","","","","","","","","","","","","","","","","","","","","","","",""
"61328002","LE PIN-AU-HARAS -INRAE",48.735833,0.128167,176,2002091512,0.,1,"","","","","","","","","","","","","","","","","","","","","","","","","","","","","","","","","","",18.6,1,"","","","","","","","","","","","","","","","","","","","","","","","","","","","",51,1,"","","","","","","","","","","","","","","","","","","","","","","","","","","","","","","","","","","","","","","","","","","","","","","","","","","","","","","","","","","","","","","","","","","","","","","","","","","","","","","","","","","","","","","","","","","","","","","","","","",200,1,"","","","","","","","","","","","","","","","","","","","","","","","","","","","","",""
"61328002","LE PIN-AU-HARAS -INRAE",48.735833,0.128167,176,2002091513,0.,1,"","","","","","","","","","","","","","","","","","","","","","","","","","","","","","","","","","",19.3,1,"","","","","","","","","","","","","","","","","","","","","","","","","","","","",48,1,"","","","","","","","","","","","","","","","","","","","","","","","","","","","","","","","","","","","","","","","","","","","","","","","","","","","","","","","","","","","","","","","","","","","","","","","","","","","","","","","","","","","","","","","","","","","","","","","","","",228,1,"","","","","","","","","","","","","","","","","","","","","","","","","","","","","",""
"61328002","LE PIN-AU-HARAS -INRAE",48.735833,0.128167,176,2002091514,0.,1,"","","","","","","","","","","","","","","","","","","","","","","","","","","","","","","","","","",18.1,1,"","","","","","","","","","","","","","","","","","","","","","","","","","","","",56,1,"","","","","","","","","","","","","","","","","","","","","","","","","","","","","","","","","","","","","","","","","","","","","","","","","","","","","","","","","","","","","","","","","","","","","","","","","","","","","","","","","","","","","","","","","","","","","","","","","","",148,1,"","","","","","","","","","","","","","","","","","","","","","","","","","","","","",""
"61328002","LE PIN-AU-HARAS -INRAE",48.735833,0.128167,176,2002091515,0.,1,"","","","","","","","","","","","","","","","","","","","","","","","","","","","","","","","","","",17.4,1,"","","","","","","","","","","","","","","","","","","","","","","","","","","","",61,1,"","","","","","","","","","","","","","","","","","","","","","","","","","","","","","","","","","","","","","","","","","","","","","","","","","","","","","","","","","","","","","","","","","","","","","","","","","","","","","","","","","","","","","","","","","","","","","","","","","",54,1,"","","","","","","","","","","","","","","","","","","","","","","","","","","","","",""
"61328002","LE PIN-AU-HARAS -INRAE",48.735833,0.128167,176,2002091516,0.,1,"","","","","","","","","","","","","","","","","","","","","","","","","","","","","","","","","","",17.7,1,"","","","","","","","","","","","","","","","","","","","","","","","","","","","",60,1,"","","","","","","","","","","","","","","","","","","","","","","","","","","","","","","","","","","","","","","","","","","","","","","","","","","","","","","","","","","","","","","","","","","","","","","","","","","","","","","","","","","","","","","","","","","","","","","","","","",96,1,"","","","","","","","","","","","","","","","","","","","","","","","","","","","","",""
"61328002","LE PIN-AU-HARAS -INRAE",48.735833,0.128167,176,2002091517,0.,1,"","","","","","","","","","","","","","","","","","","","","","","","","","","","","","","","","","",17.3,1,"","","","","","","","","","","","","","","","","","","","","","","","","","","","",68,1,"","","","","","","","","","","","","","","","","","","","","","","","","","","","","","","","","","","","","","","","","","","","","","","","","","","","","","","","","","","","","","","","","","","","","","","","","","","","","","","","","","","","","","","","","","","","","","","","","","",40,1,"","","","","","","","","","","","","","","","","","","","","","","","","","","","","",""
"61328002","LE PIN-AU-HARAS -INRAE",48.735833,0.128167,176,2002091518,0.,1,"","","","","","","","","","","","","","","","","","","","","","","","","","","","","","","","","","",15.6,1,"","","","","","","","","","","","","","","","","","","","","","","","","","","","",81,1,"","","","","","","","","","","","","","","","","","","","","","","","","","","","","","","","","","","","","","","","","","","","","","","","","","","","","","","","","","","","","","","","","","","","","","","","","","","","","","","","","","","","","","","","","","","","","","","","","","",14,1,"","","","","","","","","","","","","","","","","","","","","","","","","","","","","",""
"61328002","LE PIN-AU-HARAS -INRAE",48.735833,0.128167,176,2002091519,0.,1,"","","","","","","","","","","","","","","","","","","","","","","","","","","","","","","","","","",15.2,1,"","","","","","","","","","","","","","","","","","","","","","","","","","","","",85,1,"","","","","","","","","","","","","","","","","","","","","","","","","","","","","","","","","","","","","","","","","","","","","","","","","","","","","","","","","","","","","","","","","","","","","","","","","","","","","","","","","","","","","","","","","","","","","","","","","","",0,1,"","","","","","","","","","","","","","","","","","","","","","","","","","","","","",""
"61328002","LE PIN-AU-HARAS -INRAE",48.735833,0.128167,176,2002091520,0.,1,"","","","","","","","","","","","","","","","","","","","","","","","","","","","","","","","","","",15.,1,"","","","","","","","","","","","","","","","","","","","","","","","","","","","",84,1,"","","","","","","","","","","","","","","","","","","","","","","","","","","","","","","","","","","","","","","","","","","","","","","","","","","","","","","","","","","","","","","","","","","","","","","","","","","","","","","","","","","","","","","","","","","","","","","","","","",0,1,"","","","","","","","","","","","","","","","","","","","","","","","","","","","","",""
"61328002","LE PIN-AU-HARAS -INRAE",48.735833,0.128167,176,2002091521,0.,1,"","","","","","","","","","","","","","","","","","","","","","","","","","","","","","","","","","",13.4,1,"","","","","","","","","","","","","","","","","","","","","","","","","","","","",90,1,"","","","","","","","","","","","","","","","","","","","","","","","","","","","","","","","","","","","","","","","","","","","","","","","","","","","","","","","","","","","","","","","","","","","","","","","","","","","","","","","","","","","","","","","","","","","","","","","","","",0,1,"","","","","","","","","","","","","","","","","","","","","","","","","","","","","",""
"61328002","LE PIN-AU-HARAS -INRAE",48.735833,0.128167,176,2002091522,0.,1,"","","","","","","","","","","","","","","","","","","","","","","","","","","","","","","","","","",12.3,1,"","","","","","","","","","","","","","","","","","","","","","","","","","","","",96,1,"","","","","","","","","","","","","","","","","","","","","","","","","","","","","","","","","","","","","","","","","","","","","","","","","","","","","","","","","","","","","","","","","","","","","","","","","","","","","","","","","","","","","","","","","","","","","","","","","","",0,1,"","","","","","","","","","","","","","","","","","","","","","","","","","","","","",""
"61328002","LE PIN-AU-HARAS -INRAE",48.735833,0.128167,176,2002091523,0.,1,"","","","","","","","","","","","","","","","","","","","","","","","","","","","","","","","","","",12.3,1,"","","","","","","","","","","","","","","","","","","","","","","","","","","","",98,1,"","","","","","","","","","","","","","","","","","","","","","","","","","","","","","","","","","","","","","","","","","","","","","","","","","","","","","","","","","","","","","","","","","","","","","","","","","","","","","","","","","","","","","","","","","","","","","","","","","",0,1,"","","","","","","","","","","","","","","","","","","","","","","","","","","","","",""
"61328002","LE PIN-AU-HARAS -INRAE",48.735833,0.128167,176,2002091600,0.,1,"","","","","","","","","","","","","","","","","","","","","","","","","","","","","","","","","","",12.4,1,"","","","","","","","","","","","","","","","","","","","","","","","","","","","",94,1,"","","","","","","","","","","","","","","","","","","","","","","","","","","","","","","","","","","","","","","","","","","","","","","","","","","","","","","","","","","","","","","","","","","","","","","","","","","","","","","","","","","","","","","","","","","","","","","","","","",0,1,"","","","","","","","","","","","","","","","","","","","","","","","","","","","","",""
"61328002","LE PIN-AU-HARAS -INRAE",48.735833,0.128167,176,2002091601,0.,1,"","","","","","","","","","","","","","","","","","","","","","","","","","","","","","","","","","",11.1,1,"","","","","","","","","","","","","","","","","","","","","","","","","","","","",97,1,"","","","","","","","","","","","","","","","","","","","","","","","","","","","","","","","","","","","","","","","","","","","","","","","","","","","","","","","","","","","","","","","","","","","","","","","","","","","","","","","","","","","","","","","","","","","","","","","","","",0,1,"","","","","","","","","","","","","","","","","","","","","","","","","","","","","",""
"61328002","LE PIN-AU-HARAS -INRAE",48.735833,0.128167,176,2002091602,0.,1,"","","","","","","","","","","","","","","","","","","","","","","","","","","","","","","","","","",10.5,1,"","","","","","","","","","","","","","","","","","","","","","","","","","","","",97,1,"","","","","","","","","","","","","","","","","","","","","","","","","","","","","","","","","","","","","","","","","","","","","","","","","","","","","","","","","","","","","","","","","","","","","","","","","","","","","","","","","","","","","","","","","","","","","","","","","","",0,1,"","","","","","","","","","","","","","","","","","","","","","","","","","","","","",""
"61328002","LE PIN-AU-HARAS -INRAE",48.735833,0.128167,176,2002091603,0.,1,"","","","","","","","","","","","","","","","","","","","","","","","","","","","","","","","","","",9.7,1,"","","","","","","","","","","","","","","","","","","","","","","","","","","","",97,1,"","","","","","","","","","","","","","","","","","","","","","","","","","","","","","","","","","","","","","","","","","","","","","","","","","","","","","","","","","","","","","","","","","","","","","","","","","","","","","","","","","","","","","","","","","","","","","","","","","",0,1,"","","","","","","","","","","","","","","","","","","","","","","","","","","","","",""
"61328002","LE PIN-AU-HARAS -INRAE",48.735833,0.128167,176,2002091604,0.,1,"","","","","","","","","","","","","","","","","","","","","","","","","","","","","","","","","","",7.9,1,"","","","","","","","","","","","","","","","","","","","","","","","","","","","",97,1,"","","","","","","","","","","","","","","","","","","","","","","","","","","","","","","","","","","","","","","","","","","","","","","","","","","","","","","","","","","","","","","","","","","","","","","","","","","","","","","","","","","","","","","","","","","","","","","","","","",0,1,"","","","","","","","","","","","","","","","","","","","","","","","","","","","","",""
"61328002","LE PIN-AU-HARAS -INRAE",48.735833,0.128167,176,2002091605,0.,1,"","","","","","","","","","","","","","","","","","","","","","","","","","","","","","","","","","",7.7,1,"","","","","","","","","","","","","","","","","","","","","","","","","","","","",99,1,"","","","","","","","","","","","","","","","","","","","","","","","","","","","","","","","","","","","","","","","","","","","","","","","","","","","","","","","","","","","","","","","","","","","","","","","","","","","","","","","","","","","","","","","","","","","","","","","","","",0,1,"","","","","","","","","","","","","","","","","","","","","","","","","","","","","",""
"61328002","LE PIN-AU-HARAS -INRAE",48.735833,0.128167,176,2002091606,0.,1,"","","","","","","","","","","","","","","","","","","","","","","","","","","","","","","","","","",7.,1,"","","","","","","","","","","","","","","","","","","","","","","","","","","","",100,1,"","","","","","","","","","","","","","","","","","","","","","","","","","","","","","","","","","","","","","","","","","","","","","","","","","","","","","","","","","","","","","","","","","","","","","","","","","","","","","","","","","","","","","","","","","","","","","","","","","",2,1,"","","","","","","","","","","","","","","","","","","","","","","","","","","","","",""
"61328002","LE PIN-AU-HARAS -INRAE",48.735833,0.128167,176,2002091607,0.,1,"","","","","","","","","","","","","","","","","","","","","","","","","","","","","","","","","","",9.8,1,"","","","","","","","","","","","","","","","","","","","","","","","","","","","",100,1,"","","","","","","","","","","","","","","","","","","","","","","","","","","","","","","","","","","","","","","","","","","","","","","","","","","","","","","","","","","","","","","","","","","","","","","","","","","","","","","","","","","","","","","","","","","","","","","","","","",12,1,"","","","","","","","","","","","","","","","","","","","","","","","","","","","","",""
"61328002","LE PIN-AU-HARAS -INRAE",48.735833,0.128167,176,2002091608,0.,1,"","","","","","","","","","","","","","","","","","","","","","","","","","","","","","","","","","",14.2,1,"","","","","","","","","","","","","","","","","","","","","","","","","","","","",70,1,"","","","","","","","","","","","","","","","","","","","","","","","","","","","","","","","","","","","","","","","","","","","","","","","","","","","","","","","","","","","","","","","","","","","","","","","","","","","","","","","","","","","","","","","","","","","","","","","","","",86,1,"","","","","","","","","","","","","","","","","","","","","","","","","","","","","",""
"61328002","LE PIN-AU-HARAS -INRAE",48.735833,0.128167,176,2002091609,0.,1,"","","","","","","","","","","","","","","","","","","","","","","","","","","","","","","","","","",15.7,1,"","","","","","","","","","","","","","","","","","","","","","","","","","","","",61,1,"","","","","","","","","","","","","","","","","","","","","","","","","","","","","","","","","","","","","","","","","","","","","","","","","","","","","","","","","","","","","","","","","","","","","","","","","","","","","","","","","","","","","","","","","","","","","","","","","","",150,1,"","","","","","","","","","","","","","","","","","","","","","","","","","","","","",""
"61328002","LE PIN-AU-HARAS -INRAE",48.735833,0.128167,176,2002091610,0.,1,"","","","","","","","","","","","","","","","","","","","","","","","","","","","","","","","","","",17.9,1,"","","","","","","","","","","","","","","","","","","","","","","","","","","","",57,1,"","","","","","","","","","","","","","","","","","","","","","","","","","","","","","","","","","","","","","","","","","","","","","","","","","","","","","","","","","","","","","","","","","","","","","","","","","","","","","","","","","","","","","","","","","","","","","","","","","",204,1,"","","","","","","","","","","","","","","","","","","","","","","","","","","","","",""
"61328002","LE PIN-AU-HARAS -INRAE",48.735833,0.128167,176,2002091611,0.,1,"","","","","","","","","","","","","","","","","","","","","","","","","","","","","","","","","","",18.6,1,"","","","","","","","","","","","","","","","","","","","","","","","","","","","",49,1,"","","","","","","","","","","","","","","","","","","","","","","","","","","","","","","","","","","","","","","","","","","","","","","","","","","","","","","","","","","","","","","","","","","","","","","","","","","","","","","","","","","","","","","","","","","","","","","","","","",242,1,"","","","","","","","","","","","","","","","","","","","","","","","","","","","","",""
"61328002","LE PIN-AU-HARAS -INRAE",48.735833,0.128167,176,2002091612,0.,1,"","","","","","","","","","","","","","","","","","","","","","","","","","","","","","","","","","",19.3,1,"","","","","","","","","","","","","","","","","","","","","","","","","","","","",48,1,"","","","","","","","","","","","","","","","","","","","","","","","","","","","","","","","","","","","","","","","","","","","","","","","","","","","","","","","","","","","","","","","","","","","","","","","","","","","","","","","","","","","","","","","","","","","","","","","","","",258,1,"","","","","","","","","","","","","","","","","","","","","","","","","","","","","",""
"61328002","LE PIN-AU-HARAS -INRAE",48.735833,0.128167,176,2002091613,0.,1,"","","","","","","","","","","","","","","","","","","","","","","","","","","","","","","","","","",20.,1,"","","","","","","","","","","","","","","","","","","","","","","","","","","","",42,1,"","","","","","","","","","","","","","","","","","","","","","","","","","","","","","","","","","","","","","","","","","","","","","","","","","","","","","","","","","","","","","","","","","","","","","","","","","","","","","","","","","","","","","","","","","","","","","","","","","",256,1,"","","","","","","","","","","","","","","","","","","","","","","","","","","","","",""
"61328002","LE PIN-AU-HARAS -INRAE",48.735833,0.128167,176,2002091614,0.,1,"","","","","","","","","","","","","","","","","","","","","","","","","","","","","","","","","","",20.6,1,"","","","","","","","","","","","","","","","","","","","","","","","","","","","",41,1,"","","","","","","","","","","","","","","","","","","","","","","","","","","","","","","","","","","","","","","","","","","","","","","","","","","","","","","","","","","","","","","","","","","","","","","","","","","","","","","","","","","","","","","","","","","","","","","","","","",236,1,"","","","","","","","","","","","","","","","","","","","","","","","","","","","","",""
"61328002","LE PIN-AU-HARAS -INRAE",48.735833,0.128167,176,2002091615,0.,1,"","","","","","","","","","","","","","","","","","","","","","","","","","","","","","","","","","",20.4,1,"","","","","","","","","","","","","","","","","","","","","","","","","","","","",38,1,"","","","","","","","","","","","","","","","","","","","","","","","","","","","","","","","","","","","","","","","","","","","","","","","","","","","","","","","","","","","","","","","","","","","","","","","","","","","","","","","","","","","","","","","","","","","","","","","","","",192,1,"","","","","","","","","","","","","","","","","","","","","","","","","","","","","",""
"61328002","LE PIN-AU-HARAS -INRAE",48.735833,0.128167,176,2002091616,0.,1,"","","","","","","","","","","","","","","","","","","","","","","","","","","","","","","","","","",20.5,1,"","","","","","","","","","","","","","","","","","","","","","","","","","","","",43,1,"","","","","","","","","","","","","","","","","","","","","","","","","","","","","","","","","","","","","","","","","","","","","","","","","","","","","","","","","","","","","","","","","","","","","","","","","","","","","","","","","","","","","","","","","","","","","","","","","","",142,1,"","","","","","","","","","","","","","","","","","","","","","","","","","","","","",""
"61328002","LE PIN-AU-HARAS -INRAE",48.735833,0.128167,176,2002091617,0.,1,"","","","","","","","","","","","","","","","","","","","","","","","","","","","","","","","","","",19.5,1,"","","","","","","","","","","","","","","","","","","","","","","","","","","","",46,1,"","","","","","","","","","","","","","","","","","","","","","","","","","","","","","","","","","","","","","","","","","","","","","","","","","","","","","","","","","","","","","","","","","","","","","","","","","","","","","","","","","","","","","","","","","","","","","","","","","",68,1,"","","","","","","","","","","","","","","","","","","","","","","","","","","","","",""
"61328002","LE PIN-AU-HARAS -INRAE",48.735833,0.128167,176,2002091618,0.,1,"","","","","","","","","","","","","","","","","","","","","","","","","","","","","","","","","","",17.3,1,"","","","","","","","","","","","","","","","","","","","","","","","","","","","",52,1,"","","","","","","","","","","","","","","","","","","","","","","","","","","","","","","","","","","","","","","","","","","","","","","","","","","","","","","","","","","","","","","","","","","","","","","","","","","","","","","","","","","","","","","","","","","","","","","","","","",14,1,"","","","","","","","","","","","","","","","","","","","","","","","","","","","","",""
"61328002","LE PIN-AU-HARAS -INRAE",48.735833,0.128167,176,2002091619,0.,1,"","","","","","","","","","","","","","","","","","","","","","","","","","","","","","","","","","",16.1,1,"","","","","","","","","","","","","","","","","","","","","","","","","","","","",54,1,"","","","","","","","","","","","","","","","","","","","","","","","","","","","","","","","","","","","","","","","","","","","","","","","","","","","","","","","","","","","","","","","","","","","","","","","","","","","","","","","","","","","","","","","","","","","","","","","","","",0,1,"","","","","","","","","","","","","","","","","","","","","","","","","","","","","",""
"61328002","LE PIN-AU-HARAS -INRAE",48.735833,0.128167,176,2002091620,0.,1,"","","","","","","","","","","","","","","","","","","","","","","","","","","","","","","","","","",15.6,1,"","","","","","","","","","","","","","","","","","","","","","","","","","","","",57,1,"","","","","","","","","","","","","","","","","","","","","","","","","","","","","","","","","","","","","","","","","","","","","","","","","","","","","","","","","","","","","","","","","","","","","","","","","","","","","","","","","","","","","","","","","","","","","","","","","","",0,1,"","","","","","","","","","","","","","","","","","","","","","","","","","","","","",""
"61328002","LE PIN-AU-HARAS -INRAE",48.735833,0.128167,176,2002091621,0.,1,"","","","","","","","","","","","","","","","","","","","","","","","","","","","","","","","","","",13.,1,"","","","","","","","","","","","","","","","","","","","","","","","","","","","",69,1,"","","","","","","","","","","","","","","","","","","","","","","","","","","","","","","","","","","","","","","","","","","","","","","","","","","","","","","","","","","","","","","","","","","","","","","","","","","","","","","","","","","","","","","","","","","","","","","","","","",0,1,"","","","","","","","","","","","","","","","","","","","","","","","","","","","","",""
"61328002","LE PIN-AU-HARAS -INRAE",48.735833,0.128167,176,2002091622,0.,1,"","","","","","","","","","","","","","","","","","","","","","","","","","","","","","","","","","",13.4,1,"","","","","","","","","","","","","","","","","","","","","","","","","","","","",72,1,"","","","","","","","","","","","","","","","","","","","","","","","","","","","","","","","","","","","","","","","","","","","","","","","","","","","","","","","","","","","","","","","","","","","","","","","","","","","","","","","","","","","","","","","","","","","","","","","","","",0,1,"","","","","","","","","","","","","","","","","","","","","","","","","","","","","",""
"61328002","LE PIN-AU-HARAS -INRAE",48.735833,0.128167,176,2002091623,0.,1,"","","","","","","","","","","","","","","","","","","","","","","","","","","","","","","","","","",13.,1,"","","","","","","","","","","","","","","","","","","","","","","","","","","","",77,1,"","","","","","","","","","","","","","","","","","","","","","","","","","","","","","","","","","","","","","","","","","","","","","","","","","","","","","","","","","","","","","","","","","","","","","","","","","","","","","","","","","","","","","","","","","","","","","","","","","",0,1,"","","","","","","","","","","","","","","","","","","","","","","","","","","","","",""
"61328002","LE PIN-AU-HARAS -INRAE",48.735833,0.128167,176,2002091700,0.,1,"","","","","","","","","","","","","","","","","","","","","","","","","","","","","","","","","","",12.,1,"","","","","","","","","","","","","","","","","","","","","","","","","","","","",80,1,"","","","","","","","","","","","","","","","","","","","","","","","","","","","","","","","","","","","","","","","","","","","","","","","","","","","","","","","","","","","","","","","","","","","","","","","","","","","","","","","","","","","","","","","","","","","","","","","","","",0,1,"","","","","","","","","","","","","","","","","","","","","","","","","","","","","",""
"61328002","LE PIN-AU-HARAS -INRAE",48.735833,0.128167,176,2002091701,0.,1,"","","","","","","","","","","","","","","","","","","","","","","","","","","","","","","","","","",12.3,1,"","","","","","","","","","","","","","","","","","","","","","","","","","","","",82,1,"","","","","","","","","","","","","","","","","","","","","","","","","","","","","","","","","","","","","","","","","","","","","","","","","","","","","","","","","","","","","","","","","","","","","","","","","","","","","","","","","","","","","","","","","","","","","","","","","","",0,1,"","","","","","","","","","","","","","","","","","","","","","","","","","","","","",""
"61328002","LE PIN-AU-HARAS -INRAE",48.735833,0.128167,176,2002091702,0.,1,"","","","","","","","","","","","","","","","","","","","","","","","","","","","","","","","","","",11.7,1,"","","","","","","","","","","","","","","","","","","","","","","","","","","","",87,1,"","","","","","","","","","","","","","","","","","","","","","","","","","","","","","","","","","","","","","","","","","","","","","","","","","","","","","","","","","","","","","","","","","","","","","","","","","","","","","","","","","","","","","","","","","","","","","","","","","",0,1,"","","","","","","","","","","","","","","","","","","","","","","","","","","","","",""
"61328002","LE PIN-AU-HARAS -INRAE",48.735833,0.128167,176,2002091703,0.,1,"","","","","","","","","","","","","","","","","","","","","","","","","","","","","","","","","","",11.4,1,"","","","","","","","","","","","","","","","","","","","","","","","","","","","",88,1,"","","","","","","","","","","","","","","","","","","","","","","","","","","","","","","","","","","","","","","","","","","","","","","","","","","","","","","","","","","","","","","","","","","","","","","","","","","","","","","","","","","","","","","","","","","","","","","","","","",0,1,"","","","","","","","","","","","","","","","","","","","","","","","","","","","","",""
"61328002","LE PIN-AU-HARAS -INRAE",48.735833,0.128167,176,2002091704,0.,1,"","","","","","","","","","","","","","","","","","","","","","","","","","","","","","","","","","",11.,1,"","","","","","","","","","","","","","","","","","","","","","","","","","","","",91,1,"","","","","","","","","","","","","","","","","","","","","","","","","","","","","","","","","","","","","","","","","","","","","","","","","","","","","","","","","","","","","","","","","","","","","","","","","","","","","","","","","","","","","","","","","","","","","","","","","","",0,1,"","","","","","","","","","","","","","","","","","","","","","","","","","","","","",""
"61328002","LE PIN-AU-HARAS -INRAE",48.735833,0.128167,176,2002091705,0.,1,"","","","","","","","","","","","","","","","","","","","","","","","","","","","","","","","","","",10.2,1,"","","","","","","","","","","","","","","","","","","","","","","","","","","","",91,1,"","","","","","","","","","","","","","","","","","","","","","","","","","","","","","","","","","","","","","","","","","","","","","","","","","","","","","","","","","","","","","","","","","","","","","","","","","","","","","","","","","","","","","","","","","","","","","","","","","",0,1,"","","","","","","","","","","","","","","","","","","","","","","","","","","","","",""
"61328002","LE PIN-AU-HARAS -INRAE",48.735833,0.128167,176,2002091706,0.,1,"","","","","","","","","","","","","","","","","","","","","","","","","","","","","","","","","","",10.3,1,"","","","","","","","","","","","","","","","","","","","","","","","","","","","",92,1,"","","","","","","","","","","","","","","","","","","","","","","","","","","","","","","","","","","","","","","","","","","","","","","","","","","","","","","","","","","","","","","","","","","","","","","","","","","","","","","","","","","","","","","","","","","","","","","","","","",2,1,"","","","","","","","","","","","","","","","","","","","","","","","","","","","","",""
"61328002","LE PIN-AU-HARAS -INRAE",48.735833,0.128167,176,2002091707,0.,1,"","","","","","","","","","","","","","","","","","","","","","","","","","","","","","","","","","",11.4,1,"","","","","","","","","","","","","","","","","","","","","","","","","","","","",87,1,"","","","","","","","","","","","","","","","","","","","","","","","","","","","","","","","","","","","","","","","","","","","","","","","","","","","","","","","","","","","","","","","","","","","","","","","","","","","","","","","","","","","","","","","","","","","","","","","","","",14,1,"","","","","","","","","","","","","","","","","","","","","","","","","","","","","",""
"61328002","LE PIN-AU-HARAS -INRAE",48.735833,0.128167,176,2002091708,0.,1,"","","","","","","","","","","","","","","","","","","","","","","","","","","","","","","","","","",13.1,1,"","","","","","","","","","","","","","","","","","","","","","","","","","","","",79,1,"","","","","","","","","","","","","","","","","","","","","","","","","","","","","","","","","","","","","","","","","","","","","","","","","","","","","","","","","","","","","","","","","","","","","","","","","","","","","","","","","","","","","","","","","","","","","","","","","","",68,1,"","","","","","","","","","","","","","","","","","","","","","","","","","","","","",""
"61328002","LE PIN-AU-HARAS -INRAE",48.735833,0.128167,176,2002091709,0.,1,"","","","","","","","","","","","","","","","","","","","","","","","","","","","","","","","","","",16.3,1,"","","","","","","","","","","","","","","","","","","","","","","","","","","","",68,1,"","","","","","","","","","","","","","","","","","","","","","","","","","","","","","","","","","","","","","","","","","","","","","","","","","","","","","","","","","","","","","","","","","","","","","","","","","","","","","","","","","","","","","","","","","","","","","","","","","",138,1,"","","","","","","","","","","","","","","","","","","","","","","","","","","","","",""
"61328002","LE PIN-AU-HARAS -INRAE",48.735833,0.128167,176,2002091710,0.,1,"","","","","","","","","","","","","","","","","","","","","","","","","","","","","","","","","","",18.,1,"","","","","","","","","","","","","","","","","","","","","","","","","","","","",58,1,"","","","","","","","","","","","","","","","","","","","","","","","","","","","","","","","","","","","","","","","","","","","","","","","","","","","","","","","","","","","","","","","","","","","","","","","","","","","","","","","","","","","","","","","","","","","","","","","","","",190,1,"","","","","","","","","","","","","","","","","","","","","","","","","","","","","",""
"61328002","LE PIN-AU-HARAS -INRAE",48.735833,0.128167,176,2002091711,0.,1,"","","","","","","","","","","","","","","","","","","","","","","","","","","","","","","","","","",18.8,1,"","","","","","","","","","","","","","","","","","","","","","","","","","","","",57,1,"","","","","","","","","","","","","","","","","","","","","","","","","","","","","","","","","","","","","","","","","","","","","","","","","","","","","","","","","","","","","","","","","","","","","","","","","","","","","","","","","","","","","","","","","","","","","","","","","","",222,1,"","","","","","","","","","","","","","","","","","","","","","","","","","","","","",""
"61328002","LE PIN-AU-HARAS -INRAE",48.735833,0.128167,176,2002091712,0.,1,"","","","","","","","","","","","","","","","","","","","","","","","","","","","","","","","","","",19.6,1,"","","","","","","","","","","","","","","","","","","","","","","","","","","","",52,1,"","","","","","","","","","","","","","","","","","","","","","","","","","","","","","","","","","","","","","","","","","","","","","","","","","","","","","","","","","","","","","","","","","","","","","","","","","","","","","","","","","","","","","","","","","","","","","","","","","",228,1,"","","","","","","","","","","","","","","","","","","","","","","","","","","","","",""
"61328002","LE PIN-AU-HARAS -INRAE",48.735833,0.128167,176,2002091713,0.,1,"","","","","","","","","","","","","","","","","","","","","","","","","","","","","","","","","","",20.1,1,"","","","","","","","","","","","","","","","","","","","","","","","","","","","",49,1,"","","","","","","","","","","","","","","","","","","","","","","","","","","","","","","","","","","","","","","","","","","","","","","","","","","","","","","","","","","","","","","","","","","","","","","","","","","","","","","","","","","","","","","","","","","","","","","","","","",222,1,"","","","","","","","","","","","","","","","","","","","","","","","","","","","","",""
"61328002","LE PIN-AU-HARAS -INRAE",48.735833,0.128167,176,2002091714,0.,1,"","","","","","","","","","","","","","","","","","","","","","","","","","","","","","","","","","",20.7,1,"","","","","","","","","","","","","","","","","","","","","","","","","","","","",51,1,"","","","","","","","","","","","","","","","","","","","","","","","","","","","","","","","","","","","","","","","","","","","","","","","","","","","","","","","","","","","","","","","","","","","","","","","","","","","","","","","","","","","","","","","","","","","","","","","","","",196,1,"","","","","","","","","","","","","","","","","","","","","","","","","","","","","",""
"61328002","LE PIN-AU-HARAS -INRAE",48.735833,0.128167,176,2002091715,0.,1,"","","","","","","","","","","","","","","","","","","","","","","","","","","","","","","","","","",20.2,1,"","","","","","","","","","","","","","","","","","","","","","","","","","","","",49,1,"","","","","","","","","","","","","","","","","","","","","","","","","","","","","","","","","","","","","","","","","","","","","","","","","","","","","","","","","","","","","","","","","","","","","","","","","","","","","","","","","","","","","","","","","","","","","","","","","","",152,1,"","","","","","","","","","","","","","","","","","","","","","","","","","","","","",""
"61328002","LE PIN-AU-HARAS -INRAE",48.735833,0.128167,176,2002091716,0.,1,"","","","","","","","","","","","","","","","","","","","","","","","","","","","","","","","","","",19.9,1,"","","","","","","","","","","","","","","","","","","","","","","","","","","","",51,1,"","","","","","","","","","","","","","","","","","","","","","","","","","","","","","","","","","","","","","","","","","","","","","","","","","","","","","","","","","","","","","","","","","","","","","","","","","","","","","","","","","","","","","","","","","","","","","","","","","",106,1,"","","","","","","","","","","","","","","","","","","","","","","","","","","","","",""
"61328002","LE PIN-AU-HARAS -INRAE",48.735833,0.128167,176,2002091717,0.,1,"","","","","","","","","","","","","","","","","","","","","","","","","","","","","","","","","","",19.,1,"","","","","","","","","","","","","","","","","","","","","","","","","","","","",55,1,"","","","","","","","","","","","","","","","","","","","","","","","","","","","","","","","","","","","","","","","","","","","","","","","","","","","","","","","","","","","","","","","","","","","","","","","","","","","","","","","","","","","","","","","","","","","","","","","","","",46,1,"","","","","","","","","","","","","","","","","","","","","","","","","","","","","",""
"61328002","LE PIN-AU-HARAS -INRAE",48.735833,0.128167,176,2002091718,0.,1,"","","","","","","","","","","","","","","","","","","","","","","","","","","","","","","","","","",16.5,1,"","","","","","","","","","","","","","","","","","","","","","","","","","","","",63,1,"","","","","","","","","","","","","","","","","","","","","","","","","","","","","","","","","","","","","","","","","","","","","","","","","","","","","","","","","","","","","","","","","","","","","","","","","","","","","","","","","","","","","","","","","","","","","","","","","","",6,1,"","","","","","","","","","","","","","","","","","","","","","","","","","","","","",""
"61328002","LE PIN-AU-HARAS -INRAE",48.735833,0.128167,176,2002091719,0.,1,"","","","","","","","","","","","","","","","","","","","","","","","","","","","","","","","","","",12.3,1,"","","","","","","","","","","","","","","","","","","","","","","","","","","","",81,1,"","","","","","","","","","","","","","","","","","","","","","","","","","","","","","","","","","","","","","","","","","","","","","","","","","","","","","","","","","","","","","","","","","","","","","","","","","","","","","","","","","","","","","","","","","","","","","","","","","",0,1,"","","","","","","","","","","","","","","","","","","","","","","","","","","","","",""
"61328002","LE PIN-AU-HARAS -INRAE",48.735833,0.128167,176,2002091720,0.,1,"","","","","","","","","","","","","","","","","","","","","","","","","","","","","","","","","","",13.2,1,"","","","","","","","","","","","","","","","","","","","","","","","","","","","",89,1,"","","","","","","","","","","","","","","","","","","","","","","","","","","","","","","","","","","","","","","","","","","","","","","","","","","","","","","","","","","","","","","","","","","","","","","","","","","","","","","","","","","","","","","","","","","","","","","","","","",0,1,"","","","","","","","","","","","","","","","","","","","","","","","","","","","","",""
"61328002","LE PIN-AU-HARAS -INRAE",48.735833,0.128167,176,2002091721,0.,1,"","","","","","","","","","","","","","","","","","","","","","","","","","","","","","","","","","",12.8,1,"","","","","","","","","","","","","","","","","","","","","","","","","","","","",78,1,"","","","","","","","","","","","","","","","","","","","","","","","","","","","","","","","","","","","","","","","","","","","","","","","","","","","","","","","","","","","","","","","","","","","","","","","","","","","","","","","","","","","","","","","","","","","","","","","","","",0,1,"","","","","","","","","","","","","","","","","","","","","","","","","","","","","",""
"61328002","LE PIN-AU-HARAS -INRAE",48.735833,0.128167,176,2002091722,0.,1,"","","","","","","","","","","","","","","","","","","","","","","","","","","","","","","","","","",12.8,1,"","","","","","","","","","","","","","","","","","","","","","","","","","","","",79,1,"","","","","","","","","","","","","","","","","","","","","","","","","","","","","","","","","","","","","","","","","","","","","","","","","","","","","","","","","","","","","","","","","","","","","","","","","","","","","","","","","","","","","","","","","","","","","","","","","","",0,1,"","","","","","","","","","","","","","","","","","","","","","","","","","","","","",""
"61328002","LE PIN-AU-HARAS -INRAE",48.735833,0.128167,176,2002091723,0.,1,"","","","","","","","","","","","","","","","","","","","","","","","","","","","","","","","","","",13.3,1,"","","","","","","","","","","","","","","","","","","","","","","","","","","","",75,1,"","","","","","","","","","","","","","","","","","","","","","","","","","","","","","","","","","","","","","","","","","","","","","","","","","","","","","","","","","","","","","","","","","","","","","","","","","","","","","","","","","","","","","","","","","","","","","","","","","",0,1,"","","","","","","","","","","","","","","","","","","","","","","","","","","","","",""
"61328002","LE PIN-AU-HARAS -INRAE",48.735833,0.128167,176,2002091800,0.,1,"","","","","","","","","","","","","","","","","","","","","","","","","","","","","","","","","","",12.3,1,"","","","","","","","","","","","","","","","","","","","","","","","","","","","",79,1,"","","","","","","","","","","","","","","","","","","","","","","","","","","","","","","","","","","","","","","","","","","","","","","","","","","","","","","","","","","","","","","","","","","","","","","","","","","","","","","","","","","","","","","","","","","","","","","","","","",0,1,"","","","","","","","","","","","","","","","","","","","","","","","","","","","","",""
"61328002","LE PIN-AU-HARAS -INRAE",48.735833,0.128167,176,2002091801,0.,1,"","","","","","","","","","","","","","","","","","","","","","","","","","","","","","","","","","",12.4,1,"","","","","","","","","","","","","","","","","","","","","","","","","","","","",79,1,"","","","","","","","","","","","","","","","","","","","","","","","","","","","","","","","","","","","","","","","","","","","","","","","","","","","","","","","","","","","","","","","","","","","","","","","","","","","","","","","","","","","","","","","","","","","","","","","","","",0,1,"","","","","","","","","","","","","","","","","","","","","","","","","","","","","",""
"61328002","LE PIN-AU-HARAS -INRAE",48.735833,0.128167,176,2002091802,0.,1,"","","","","","","","","","","","","","","","","","","","","","","","","","","","","","","","","","",11.6,1,"","","","","","","","","","","","","","","","","","","","","","","","","","","","",82,1,"","","","","","","","","","","","","","","","","","","","","","","","","","","","","","","","","","","","","","","","","","","","","","","","","","","","","","","","","","","","","","","","","","","","","","","","","","","","","","","","","","","","","","","","","","","","","","","","","","",0,1,"","","","","","","","","","","","","","","","","","","","","","","","","","","","","",""
"61328002","LE PIN-AU-HARAS -INRAE",48.735833,0.128167,176,2002091803,0.,1,"","","","","","","","","","","","","","","","","","","","","","","","","","","","","","","","","","",11.6,1,"","","","","","","","","","","","","","","","","","","","","","","","","","","","",81,1,"","","","","","","","","","","","","","","","","","","","","","","","","","","","","","","","","","","","","","","","","","","","","","","","","","","","","","","","","","","","","","","","","","","","","","","","","","","","","","","","","","","","","","","","","","","","","","","","","","",0,1,"","","","","","","","","","","","","","","","","","","","","","","","","","","","","",""
"61328002","LE PIN-AU-HARAS -INRAE",48.735833,0.128167,176,2002091804,0.,1,"","","","","","","","","","","","","","","","","","","","","","","","","","","","","","","","","","",10.5,1,"","","","","","","","","","","","","","","","","","","","","","","","","","","","",82,1,"","","","","","","","","","","","","","","","","","","","","","","","","","","","","","","","","","","","","","","","","","","","","","","","","","","","","","","","","","","","","","","","","","","","","","","","","","","","","","","","","","","","","","","","","","","","","","","","","","",0,1,"","","","","","","","","","","","","","","","","","","","","","","","","","","","","",""
"61328002","LE PIN-AU-HARAS -INRAE",48.735833,0.128167,176,2002091805,0.,1,"","","","","","","","","","","","","","","","","","","","","","","","","","","","","","","","","","",10.6,1,"","","","","","","","","","","","","","","","","","","","","","","","","","","","",83,1,"","","","","","","","","","","","","","","","","","","","","","","","","","","","","","","","","","","","","","","","","","","","","","","","","","","","","","","","","","","","","","","","","","","","","","","","","","","","","","","","","","","","","","","","","","","","","","","","","","",0,1,"","","","","","","","","","","","","","","","","","","","","","","","","","","","","",""
"61328002","LE PIN-AU-HARAS -INRAE",48.735833,0.128167,176,2002091806,0.,1,"","","","","","","","","","","","","","","","","","","","","","","","","","","","","","","","","","",8.7,1,"","","","","","","","","","","","","","","","","","","","","","","","","","","","",87,1,"","","","","","","","","","","","","","","","","","","","","","","","","","","","","","","","","","","","","","","","","","","","","","","","","","","","","","","","","","","","","","","","","","","","","","","","","","","","","","","","","","","","","","","","","","","","","","","","","","",2,1,"","","","","","","","","","","","","","","","","","","","","","","","","","","","","",""
"61328002","LE PIN-AU-HARAS -INRAE",48.735833,0.128167,176,2002091807,0.,1,"","","","","","","","","","","","","","","","","","","","","","","","","","","","","","","","","","",10.4,1,"","","","","","","","","","","","","","","","","","","","","","","","","","","","",95,1,"","","","","","","","","","","","","","","","","","","","","","","","","","","","","","","","","","","","","","","","","","","","","","","","","","","","","","","","","","","","","","","","","","","","","","","","","","","","","","","","","","","","","","","","","","","","","","","","","","",14,1,"","","","","","","","","","","","","","","","","","","","","","","","","","","","","",""
"61328002","LE PIN-AU-HARAS -INRAE",48.735833,0.128167,176,2002091808,0.,1,"","","","","","","","","","","","","","","","","","","","","","","","","","","","","","","","","","",15.3,1,"","","","","","","","","","","","","","","","","","","","","","","","","","","","",72,1,"","","","","","","","","","","","","","","","","","","","","","","","","","","","","","","","","","","","","","","","","","","","","","","","","","","","","","","","","","","","","","","","","","","","","","","","","","","","","","","","","","","","","","","","","","","","","","","","","","",88,1,"","","","","","","","","","","","","","","","","","","","","","","","","","","","","",""
"61328002","LE PIN-AU-HARAS -INRAE",48.735833,0.128167,176,2002091809,0.,1,"","","","","","","","","","","","","","","","","","","","","","","","","","","","","","","","","","",16.9,1,"","","","","","","","","","","","","","","","","","","","","","","","","","","","",63,1,"","","","","","","","","","","","","","","","","","","","","","","","","","","","","","","","","","","","","","","","","","","","","","","","","","","","","","","","","","","","","","","","","","","","","","","","","","","","","","","","","","","","","","","","","","","","","","","","","","",140,1,"","","","","","","","","","","","","","","","","","","","","","","","","","","","","",""
"61328002","LE PIN-AU-HARAS -INRAE",48.735833,0.128167,176,2002091810,0.,1,"","","","","","","","","","","","","","","","","","","","","","","","","","","","","","","","","","",18.7,1,"","","","","","","","","","","","","","","","","","","","","","","","","","","","",60,1,"","","","","","","","","","","","","","","","","","","","","","","","","","","","","","","","","","","","","","","","","","","","","","","","","","","","","","","","","","","","","","","","","","","","","","","","","","","","","","","","","","","","","","","","","","","","","","","","","","",184,1,"","","","","","","","","","","","","","","","","","","","","","","","","","","","","",""
"61328002","LE PIN-AU-HARAS -INRAE",48.735833,0.128167,176,2002091811,0.,1,"","","","","","","","","","","","","","","","","","","","","","","","","","","","","","","","","","",20.8,1,"","","","","","","","","","","","","","","","","","","","","","","","","","","","",57,1,"","","","","","","","","","","","","","","","","","","","","","","","","","","","","","","","","","","","","","","","","","","","","","","","","","","","","","","","","","","","","","","","","","","","","","","","","","","","","","","","","","","","","","","","","","","","","","","","","","",214,1,"","","","","","","","","","","","","","","","","","","","","","","","","","","","","",""
"61328002","LE PIN-AU-HARAS -INRAE",48.735833,0.128167,176,2002091812,0.,1,"","","","","","","","","","","","","","","","","","","","","","","","","","","","","","","","","","",22.,1,"","","","","","","","","","","","","","","","","","","","","","","","","","","","",54,1,"","","","","","","","","","","","","","","","","","","","","","","","","","","","","","","","","","","","","","","","","","","","","","","","","","","","","","","","","","","","","","","","","","","","","","","","","","","","","","","","","","","","","","","","","","","","","","","","","","",240,1,"","","","","","","","","","","","","","","","","","","","","","","","","","","","","",""
"61328002","LE PIN-AU-HARAS -INRAE",48.735833,0.128167,176,2002091813,0.,1,"","","","","","","","","","","","","","","","","","","","","","","","","","","","","","","","","","",21.7,1,"","","","","","","","","","","","","","","","","","","","","","","","","","","","",53,1,"","","","","","","","","","","","","","","","","","","","","","","","","","","","","","","","","","","","","","","","","","","","","","","","","","","","","","","","","","","","","","","","","","","","","","","","","","","","","","","","","","","","","","","","","","","","","","","","","","",230,1,"","","","","","","","","","","","","","","","","","","","","","","","","","","","","",""
"61328002","LE PIN-AU-HARAS -INRAE",48.735833,0.128167,176,2002091814,0.,1,"","","","","","","","","","","","","","","","","","","","","","","","","","","","","","","","","","",22.8,1,"","","","","","","","","","","","","","","","","","","","","","","","","","","","",54,1,"","","","","","","","","","","","","","","","","","","","","","","","","","","","","","","","","","","","","","","","","","","","","","","","","","","","","","","","","","","","","","","","","","","","","","","","","","","","","","","","","","","","","","","","","","","","","","","","","","",212,1,"","","","","","","","","","","","","","","","","","","","","","","","","","","","","",""
"61328002","LE PIN-AU-HARAS -INRAE",48.735833,0.128167,176,2002091815,0.,1,"","","","","","","","","","","","","","","","","","","","","","","","","","","","","","","","","","",22.9,1,"","","","","","","","","","","","","","","","","","","","","","","","","","","","",51,1,"","","","","","","","","","","","","","","","","","","","","","","","","","","","","","","","","","","","","","","","","","","","","","","","","","","","","","","","","","","","","","","","","","","","","","","","","","","","","","","","","","","","","","","","","","","","","","","","","","",172,1,"","","","","","","","","","","","","","","","","","","","","","","","","","","","","",""
"61328002","LE PIN-AU-HARAS -INRAE",48.735833,0.128167,176,2002091816,0.,1,"","","","","","","","","","","","","","","","","","","","","","","","","","","","","","","","","","",23.1,1,"","","","","","","","","","","","","","","","","","","","","","","","","","","","",50,1,"","","","","","","","","","","","","","","","","","","","","","","","","","","","","","","","","","","","","","","","","","","","","","","","","","","","","","","","","","","","","","","","","","","","","","","","","","","","","","","","","","","","","","","","","","","","","","","","","","",124,1,"","","","","","","","","","","","","","","","","","","","","","","","","","","","","",""
"61328002","LE PIN-AU-HARAS -INRAE",48.735833,0.128167,176,2002091817,0.,1,"","","","","","","","","","","","","","","","","","","","","","","","","","","","","","","","","","",21.1,1,"","","","","","","","","","","","","","","","","","","","","","","","","","","","",59,1,"","","","","","","","","","","","","","","","","","","","","","","","","","","","","","","","","","","","","","","","","","","","","","","","","","","","","","","","","","","","","","","","","","","","","","","","","","","","","","","","","","","","","","","","","","","","","","","","","","",44,1,"","","","","","","","","","","","","","","","","","","","","","","","","","","","","",""
"61328002","LE PIN-AU-HARAS -INRAE",48.735833,0.128167,176,2002091818,0.,1,"","","","","","","","","","","","","","","","","","","","","","","","","","","","","","","","","","",16.6,1,"","","","","","","","","","","","","","","","","","","","","","","","","","","","",83,1,"","","","","","","","","","","","","","","","","","","","","","","","","","","","","","","","","","","","","","","","","","","","","","","","","","","","","","","","","","","","","","","","","","","","","","","","","","","","","","","","","","","","","","","","","","","","","","","","","","",10,1,"","","","","","","","","","","","","","","","","","","","","","","","","","","","","",""
"61328002","LE PIN-AU-HARAS -INRAE",48.735833,0.128167,176,2002091819,0.,1,"","","","","","","","","","","","","","","","","","","","","","","","","","","","","","","","","","",18.5,1,"","","","","","","","","","","","","","","","","","","","","","","","","","","","",64,1,"","","","","","","","","","","","","","","","","","","","","","","","","","","","","","","","","","","","","","","","","","","","","","","","","","","","","","","","","","","","","","","","","","","","","","","","","","","","","","","","","","","","","","","","","","","","","","","","","","",0,1,"","","","","","","","","","","","","","","","","","","","","","","","","","","","","",""
"61328002","LE PIN-AU-HARAS -INRAE",48.735833,0.128167,176,2002091820,0.,1,"","","","","","","","","","","","","","","","","","","","","","","","","","","","","","","","","","",18.,1,"","","","","","","","","","","","","","","","","","","","","","","","","","","","",63,1,"","","","","","","","","","","","","","","","","","","","","","","","","","","","","","","","","","","","","","","","","","","","","","","","","","","","","","","","","","","","","","","","","","","","","","","","","","","","","","","","","","","","","","","","","","","","","","","","","","",0,1,"","","","","","","","","","","","","","","","","","","","","","","","","","","","","",""
"61328002","LE PIN-AU-HARAS -INRAE",48.735833,0.128167,176,2002091821,0.,1,"","","","","","","","","","","","","","","","","","","","","","","","","","","","","","","","","","",17.5,1,"","","","","","","","","","","","","","","","","","","","","","","","","","","","",62,1,"","","","","","","","","","","","","","","","","","","","","","","","","","","","","","","","","","","","","","","","","","","","","","","","","","","","","","","","","","","","","","","","","","","","","","","","","","","","","","","","","","","","","","","","","","","","","","","","","","",0,1,"","","","","","","","","","","","","","","","","","","","","","","","","","","","","",""
"61328002","LE PIN-AU-HARAS -INRAE",48.735833,0.128167,176,2002091822,0.5,1,"","","","","","","","","","","","","","","","","","","","","","","","","","","","","","","","","","",16.1,1,"","","","","","","","","","","","","","","","","","","","","","","","","","","","",72,1,"","","","","","","","","","","","","","","","","","","","","","","","","","","","","","","","","","","","","","","","","","","","","","","","","","","","","","","","","","","","","","","","","","","","","","","","","","","","","","","","","","","","","","","","","","","","","","","","","","",0,1,"","","","","","","","","","","","","","","","","","","","","","","","","","","","","",""
"61328002","LE PIN-AU-HARAS -INRAE",48.735833,0.128167,176,2002091823,1.5,1,"","","","","","","","","","","","","","","","","","","","","","","","","","","","","","","","","","",14.3,1,"","","","","","","","","","","","","","","","","","","","","","","","","","","","",91,1,"","","","","","","","","","","","","","","","","","","","","","","","","","","","","","","","","","","","","","","","","","","","","","","","","","","","","","","","","","","","","","","","","","","","","","","","","","","","","","","","","","","","","","","","","","","","","","","","","","",0,1,"","","","","","","","","","","","","","","","","","","","","","","","","","","","","",""
"61328002","LE PIN-AU-HARAS -INRAE",48.735833,0.128167,176,2002091900,2.,1,"","","","","","","","","","","","","","","","","","","","","","","","","","","","","","","","","","",13.8,1,"","","","","","","","","","","","","","","","","","","","","","","","","","","","",96,1,"","","","","","","","","","","","","","","","","","","","","","","","","","","","","","","","","","","","","","","","","","","","","","","","","","","","","","","","","","","","","","","","","","","","","","","","","","","","","","","","","","","","","","","","","","","","","","","","","","",0,1,"","","","","","","","","","","","","","","","","","","","","","","","","","","","","",""
"61328002","LE PIN-AU-HARAS -INRAE",48.735833,0.128167,176,2002091901,2.5,1,"","","","","","","","","","","","","","","","","","","","","","","","","","","","","","","","","","",13.8,1,"","","","","","","","","","","","","","","","","","","","","","","","","","","","",97,1,"","","","","","","","","","","","","","","","","","","","","","","","","","","","","","","","","","","","","","","","","","","","","","","","","","","","","","","","","","","","","","","","","","","","","","","","","","","","","","","","","","","","","","","","","","","","","","","","","","",0,1,"","","","","","","","","","","","","","","","","","","","","","","","","","","","","",""
"61328002","LE PIN-AU-HARAS -INRAE",48.735833,0.128167,176,2002091902,2.5,1,"","","","","","","","","","","","","","","","","","","","","","","","","","","","","","","","","","",13.6,1,"","","","","","","","","","","","","","","","","","","","","","","","","","","","",99,1,"","","","","","","","","","","","","","","","","","","","","","","","","","","","","","","","","","","","","","","","","","","","","","","","","","","","","","","","","","","","","","","","","","","","","","","","","","","","","","","","","","","","","","","","","","","","","","","","","","",0,1,"","","","","","","","","","","","","","","","","","","","","","","","","","","","","",""
"61328002","LE PIN-AU-HARAS -INRAE",48.735833,0.128167,176,2002091903,0.,1,"","","","","","","","","","","","","","","","","","","","","","","","","","","","","","","","","","",13.5,1,"","","","","","","","","","","","","","","","","","","","","","","","","","","","",100,1,"","","","","","","","","","","","","","","","","","","","","","","","","","","","","","","","","","","","","","","","","","","","","","","","","","","","","","","","","","","","","","","","","","","","","","","","","","","","","","","","","","","","","","","","","","","","","","","","","","",0,1,"","","","","","","","","","","","","","","","","","","","","","","","","","","","","",""
"61328002","LE PIN-AU-HARAS -INRAE",48.735833,0.128167,176,2002091904,0.,1,"","","","","","","","","","","","","","","","","","","","","","","","","","","","","","","","","","",13.2,1,"","","","","","","","","","","","","","","","","","","","","","","","","","","","",99,1,"","","","","","","","","","","","","","","","","","","","","","","","","","","","","","","","","","","","","","","","","","","","","","","","","","","","","","","","","","","","","","","","","","","","","","","","","","","","","","","","","","","","","","","","","","","","","","","","","","",0,1,"","","","","","","","","","","","","","","","","","","","","","","","","","","","","",""
"61328002","LE PIN-AU-HARAS -INRAE",48.735833,0.128167,176,2002091905,0.,1,"","","","","","","","","","","","","","","","","","","","","","","","","","","","","","","","","","",13.1,1,"","","","","","","","","","","","","","","","","","","","","","","","","","","","",99,1,"","","","","","","","","","","","","","","","","","","","","","","","","","","","","","","","","","","","","","","","","","","","","","","","","","","","","","","","","","","","","","","","","","","","","","","","","","","","","","","","","","","","","","","","","","","","","","","","","","",0,1,"","","","","","","","","","","","","","","","","","","","","","","","","","","","","",""
"61328002","LE PIN-AU-HARAS -INRAE",48.735833,0.128167,176,2002091906,0.,1,"","","","","","","","","","","","","","","","","","","","","","","","","","","","","","","","","","",13.,1,"","","","","","","","","","","","","","","","","","","","","","","","","","","","",98,1,"","","","","","","","","","","","","","","","","","","","","","","","","","","","","","","","","","","","","","","","","","","","","","","","","","","","","","","","","","","","","","","","","","","","","","","","","","","","","","","","","","","","","","","","","","","","","","","","","","",0,1,"","","","","","","","","","","","","","","","","","","","","","","","","","","","","",""
"61328002","LE PIN-AU-HARAS -INRAE",48.735833,0.128167,176,2002091907,0.5,1,"","","","","","","","","","","","","","","","","","","","","","","","","","","","","","","","","","",13.5,1,"","","","","","","","","","","","","","","","","","","","","","","","","","","","",96,1,"","","","","","","","","","","","","","","","","","","","","","","","","","","","","","","","","","","","","","","","","","","","","","","","","","","","","","","","","","","","","","","","","","","","","","","","","","","","","","","","","","","","","","","","","","","","","","","","","","",16,1,"","","","","","","","","","","","","","","","","","","","","","","","","","","","","",""
"61328002","LE PIN-AU-HARAS -INRAE",48.735833,0.128167,176,2002091908,0.,1,"","","","","","","","","","","","","","","","","","","","","","","","","","","","","","","","","","",15.5,1,"","","","","","","","","","","","","","","","","","","","","","","","","","","","",92,1,"","","","","","","","","","","","","","","","","","","","","","","","","","","","","","","","","","","","","","","","","","","","","","","","","","","","","","","","","","","","","","","","","","","","","","","","","","","","","","","","","","","","","","","","","","","","","","","","","","",40,1,"","","","","","","","","","","","","","","","","","","","","","","","","","","","","",""
"61328002","LE PIN-AU-HARAS -INRAE",48.735833,0.128167,176,2002091909,0.,1,"","","","","","","","","","","","","","","","","","","","","","","","","","","","","","","","","","",17.3,1,"","","","","","","","","","","","","","","","","","","","","","","","","","","","",83,1,"","","","","","","","","","","","","","","","","","","","","","","","","","","","","","","","","","","","","","","","","","","","","","","","","","","","","","","","","","","","","","","","","","","","","","","","","","","","","","","","","","","","","","","","","","","","","","","","","","",78,1,"","","","","","","","","","","","","","","","","","","","","","","","","","","","","",""
"61328002","LE PIN-AU-HARAS -INRAE",48.735833,0.128167,176,2002091910,0.,1,"","","","","","","","","","","","","","","","","","","","","","","","","","","","","","","","","","",17.1,1,"","","","","","","","","","","","","","","","","","","","","","","","","","","","",82,1,"","","","","","","","","","","","","","","","","","","","","","","","","","","","","","","","","","","","","","","","","","","","","","","","","","","","","","","","","","","","","","","","","","","","","","","","","","","","","","","","","","","","","","","","","","","","","","","","","","",78,1,"","","","","","","","","","","","","","","","","","","","","","","","","","","","","",""
"61328002","LE PIN-AU-HARAS -INRAE",48.735833,0.128167,176,2002091911,0.,1,"","","","","","","","","","","","","","","","","","","","","","","","","","","","","","","","","","",19.4,1,"","","","","","","","","","","","","","","","","","","","","","","","","","","","",80,1,"","","","","","","","","","","","","","","","","","","","","","","","","","","","","","","","","","","","","","","","","","","","","","","","","","","","","","","","","","","","","","","","","","","","","","","","","","","","","","","","","","","","","","","","","","","","","","","","","","",138,1,"","","","","","","","","","","","","","","","","","","","","","","","","","","","","",""
"61328002","LE PIN-AU-HARAS -INRAE",48.735833,0.128167,176,2002091912,0.,1,"","","","","","","","","","","","","","","","","","","","","","","","","","","","","","","","","","",19.1,1,"","","","","","","","","","","","","","","","","","","","","","","","","","","","",75,1,"","","","","","","","","","","","","","","","","","","","","","","","","","","","","","","","","","","","","","","","","","","","","","","","","","","","","","","","","","","","","","","","","","","","","","","","","","","","","","","","","","","","","","","","","","","","","","","","","","",122,1,"","","","","","","","","","","","","","","","","","","","","","","","","","","","","",""
"61328002","LE PIN-AU-HARAS -INRAE",48.735833,0.128167,176,2002091913,0.,1,"","","","","","","","","","","","","","","","","","","","","","","","","","","","","","","","","","",19.7,1,"","","","","","","","","","","","","","","","","","","","","","","","","","","","",70,1,"","","","","","","","","","","","","","","","","","","","","","","","","","","","","","","","","","","","","","","","","","","","","","","","","","","","","","","","","","","","","","","","","","","","","","","","","","","","","","","","","","","","","","","","","","","","","","","","","","",158,1,"","","","","","","","","","","","","","","","","","","","","","","","","","","","","",""
"61328002","LE PIN-AU-HARAS -INRAE",48.735833,0.128167,176,2002091914,0.,1,"","","","","","","","","","","","","","","","","","","","","","","","","","","","","","","","","","",19.8,1,"","","","","","","","","","","","","","","","","","","","","","","","","","","","",74,1,"","","","","","","","","","","","","","","","","","","","","","","","","","","","","","","","","","","","","","","","","","","","","","","","","","","","","","","","","","","","","","","","","","","","","","","","","","","","","","","","","","","","","","","","","","","","","","","","","","",78,1,"","","","","","","","","","","","","","","","","","","","","","","","","","","","","",""
"61328002","LE PIN-AU-HARAS -INRAE",48.735833,0.128167,176,2002091915,0.,1,"","","","","","","","","","","","","","","","","","","","","","","","","","","","","","","","","","",19.4,1,"","","","","","","","","","","","","","","","","","","","","","","","","","","","",76,1,"","","","","","","","","","","","","","","","","","","","","","","","","","","","","","","","","","","","","","","","","","","","","","","","","","","","","","","","","","","","","","","","","","","","","","","","","","","","","","","","","","","","","","","","","","","","","","","","","","",50,1,"","","","","","","","","","","","","","","","","","","","","","","","","","","","","",""
"61328002","LE PIN-AU-HARAS -INRAE",48.735833,0.128167,176,2002091916,0.,1,"","","","","","","","","","","","","","","","","","","","","","","","","","","","","","","","","","",18.3,1,"","","","","","","","","","","","","","","","","","","","","","","","","","","","",90,1,"","","","","","","","","","","","","","","","","","","","","","","","","","","","","","","","","","","","","","","","","","","","","","","","","","","","","","","","","","","","","","","","","","","","","","","","","","","","","","","","","","","","","","","","","","","","","","","","","","",18,1,"","","","","","","","","","","","","","","","","","","","","","","","","","","","","",""
"61328002","LE PIN-AU-HARAS -INRAE",48.735833,0.128167,176,2002091917,0.5,1,"","","","","","","","","","","","","","","","","","","","","","","","","","","","","","","","","","",17.7,1,"","","","","","","","","","","","","","","","","","","","","","","","","","","","",96,1,"","","","","","","","","","","","","","","","","","","","","","","","","","","","","","","","","","","","","","","","","","","","","","","","","","","","","","","","","","","","","","","","","","","","","","","","","","","","","","","","","","","","","","","","","","","","","","","","","","",10,1,"","","","","","","","","","","","","","","","","","","","","","","","","","","","","",""
"61328002","LE PIN-AU-HARAS -INRAE",48.735833,0.128167,176,2002091918,0.,1,"","","","","","","","","","","","","","","","","","","","","","","","","","","","","","","","","","",17.3,1,"","","","","","","","","","","","","","","","","","","","","","","","","","","","",98,1,"","","","","","","","","","","","","","","","","","","","","","","","","","","","","","","","","","","","","","","","","","","","","","","","","","","","","","","","","","","","","","","","","","","","","","","","","","","","","","","","","","","","","","","","","","","","","","","","","","",2,1,"","","","","","","","","","","","","","","","","","","","","","","","","","","","","",""
"61328002","LE PIN-AU-HARAS -INRAE",48.735833,0.128167,176,2002091919,0.,1,"","","","","","","","","","","","","","","","","","","","","","","","","","","","","","","","","","",17.1,1,"","","","","","","","","","","","","","","","","","","","","","","","","","","","",99,1,"","","","","","","","","","","","","","","","","","","","","","","","","","","","","","","","","","","","","","","","","","","","","","","","","","","","","","","","","","","","","","","","","","","","","","","","","","","","","","","","","","","","","","","","","","","","","","","","","","",0,1,"","","","","","","","","","","","","","","","","","","","","","","","","","","","","",""
"61328002","LE PIN-AU-HARAS -INRAE",48.735833,0.128167,176,2002091920,0.,1,"","","","","","","","","","","","","","","","","","","","","","","","","","","","","","","","","","",16.6,1,"","","","","","","","","","","","","","","","","","","","","","","","","","","","",99,1,"","","","","","","","","","","","","","","","","","","","","","","","","","","","","","","","","","","","","","","","","","","","","","","","","","","","","","","","","","","","","","","","","","","","","","","","","","","","","","","","","","","","","","","","","","","","","","","","","","",0,1,"","","","","","","","","","","","","","","","","","","","","","","","","","","","","",""
"61328002","LE PIN-AU-HARAS -INRAE",48.735833,0.128167,176,2002091921,0.,1,"","","","","","","","","","","","","","","","","","","","","","","","","","","","","","","","","","",16.5,1,"","","","","","","","","","","","","","","","","","","","","","","","","","","","",89,1,"","","","","","","","","","","","","","","","","","","","","","","","","","","","","","","","","","","","","","","","","","","","","","","","","","","","","","","","","","","","","","","","","","","","","","","","","","","","","","","","","","","","","","","","","","","","","","","","","","",0,1,"","","","","","","","","","","","","","","","","","","","","","","","","","","","","",""
"61328002","LE PIN-AU-HARAS -INRAE",48.735833,0.128167,176,2002091922,0.,1,"","","","","","","","","","","","","","","","","","","","","","","","","","","","","","","","","","",15.5,1,"","","","","","","","","","","","","","","","","","","","","","","","","","","","",90,1,"","","","","","","","","","","","","","","","","","","","","","","","","","","","","","","","","","","","","","","","","","","","","","","","","","","","","","","","","","","","","","","","","","","","","","","","","","","","","","","","","","","","","","","","","","","","","","","","","","",0,1,"","","","","","","","","","","","","","","","","","","","","","","","","","","","","",""
"61328002","LE PIN-AU-HARAS -INRAE",48.735833,0.128167,176,2002091923,0.,1,"","","","","","","","","","","","","","","","","","","","","","","","","","","","","","","","","","",15.4,1,"","","","","","","","","","","","","","","","","","","","","","","","","","","","",91,1,"","","","","","","","","","","","","","","","","","","","","","","","","","","","","","","","","","","","","","","","","","","","","","","","","","","","","","","","","","","","","","","","","","","","","","","","","","","","","","","","","","","","","","","","","","","","","","","","","","",0,1,"","","","","","","","","","","","","","","","","","","","","","","","","","","","","",""
"61328002","LE PIN-AU-HARAS -INRAE",48.735833,0.128167,176,2002092000,0.,1,"","","","","","","","","","","","","","","","","","","","","","","","","","","","","","","","","","",15.4,1,"","","","","","","","","","","","","","","","","","","","","","","","","","","","",92,1,"","","","","","","","","","","","","","","","","","","","","","","","","","","","","","","","","","","","","","","","","","","","","","","","","","","","","","","","","","","","","","","","","","","","","","","","","","","","","","","","","","","","","","","","","","","","","","","","","","",0,1,"","","","","","","","","","","","","","","","","","","","","","","","","","","","","",""
"61328002","LE PIN-AU-HARAS -INRAE",48.735833,0.128167,176,2002092001,0.,1,"","","","","","","","","","","","","","","","","","","","","","","","","","","","","","","","","","",14.8,1,"","","","","","","","","","","","","","","","","","","","","","","","","","","","",95,1,"","","","","","","","","","","","","","","","","","","","","","","","","","","","","","","","","","","","","","","","","","","","","","","","","","","","","","","","","","","","","","","","","","","","","","","","","","","","","","","","","","","","","","","","","","","","","","","","","","",0,1,"","","","","","","","","","","","","","","","","","","","","","","","","","","","","",""
"61328002","LE PIN-AU-HARAS -INRAE",48.735833,0.128167,176,2002092002,0.,1,"","","","","","","","","","","","","","","","","","","","","","","","","","","","","","","","","","",14.1,1,"","","","","","","","","","","","","","","","","","","","","","","","","","","","",96,1,"","","","","","","","","","","","","","","","","","","","","","","","","","","","","","","","","","","","","","","","","","","","","","","","","","","","","","","","","","","","","","","","","","","","","","","","","","","","","","","","","","","","","","","","","","","","","","","","","","",0,1,"","","","","","","","","","","","","","","","","","","","","","","","","","","","","",""
"61328002","LE PIN-AU-HARAS -INRAE",48.735833,0.128167,176,2002092003,0.,1,"","","","","","","","","","","","","","","","","","","","","","","","","","","","","","","","","","",14.4,1,"","","","","","","","","","","","","","","","","","","","","","","","","","","","",98,1,"","","","","","","","","","","","","","","","","","","","","","","","","","","","","","","","","","","","","","","","","","","","","","","","","","","","","","","","","","","","","","","","","","","","","","","","","","","","","","","","","","","","","","","","","","","","","","","","","","",0,1,"","","","","","","","","","","","","","","","","","","","","","","","","","","","","",""
"61328002","LE PIN-AU-HARAS -INRAE",48.735833,0.128167,176,2002092004,0.,1,"","","","","","","","","","","","","","","","","","","","","","","","","","","","","","","","","","",14.6,1,"","","","","","","","","","","","","","","","","","","","","","","","","","","","",91,1,"","","","","","","","","","","","","","","","","","","","","","","","","","","","","","","","","","","","","","","","","","","","","","","","","","","","","","","","","","","","","","","","","","","","","","","","","","","","","","","","","","","","","","","","","","","","","","","","","","",0,1,"","","","","","","","","","","","","","","","","","","","","","","","","","","","","",""
"61328002","LE PIN-AU-HARAS -INRAE",48.735833,0.128167,176,2002092005,0.,1,"","","","","","","","","","","","","","","","","","","","","","","","","","","","","","","","","","",14.4,1,"","","","","","","","","","","","","","","","","","","","","","","","","","","","",91,1,"","","","","","","","","","","","","","","","","","","","","","","","","","","","","","","","","","","","","","","","","","","","","","","","","","","","","","","","","","","","","","","","","","","","","","","","","","","","","","","","","","","","","","","","","","","","","","","","","","",0,1,"","","","","","","","","","","","","","","","","","","","","","","","","","","","","",""
"61328002","LE PIN-AU-HARAS -INRAE",48.735833,0.128167,176,2002092006,0.,1,"","","","","","","","","","","","","","","","","","","","","","","","","","","","","","","","","","",14.5,1,"","","","","","","","","","","","","","","","","","","","","","","","","","","","",85,1,"","","","","","","","","","","","","","","","","","","","","","","","","","","","","","","","","","","","","","","","","","","","","","","","","","","","","","","","","","","","","","","","","","","","","","","","","","","","","","","","","","","","","","","","","","","","","","","","","","",0,1,"","","","","","","","","","","","","","","","","","","","","","","","","","","","","",""
"61328002","LE PIN-AU-HARAS -INRAE",48.735833,0.128167,176,2002092007,0.,1,"","","","","","","","","","","","","","","","","","","","","","","","","","","","","","","","","","",14.8,1,"","","","","","","","","","","","","","","","","","","","","","","","","","","","",82,1,"","","","","","","","","","","","","","","","","","","","","","","","","","","","","","","","","","","","","","","","","","","","","","","","","","","","","","","","","","","","","","","","","","","","","","","","","","","","","","","","","","","","","","","","","","","","","","","","","","",6,1,"","","","","","","","","","","","","","","","","","","","","","","","","","","","","",""
"61328002","LE PIN-AU-HARAS -INRAE",48.735833,0.128167,176,2002092008,0.,1,"","","","","","","","","","","","","","","","","","","","","","","","","","","","","","","","","","",14.9,1,"","","","","","","","","","","","","","","","","","","","","","","","","","","","",79,1,"","","","","","","","","","","","","","","","","","","","","","","","","","","","","","","","","","","","","","","","","","","","","","","","","","","","","","","","","","","","","","","","","","","","","","","","","","","","","","","","","","","","","","","","","","","","","","","","","","",18,1,"","","","","","","","","","","","","","","","","","","","","","","","","","","","","",""
"61328002","LE PIN-AU-HARAS -INRAE",48.735833,0.128167,176,2002092009,0.,1,"","","","","","","","","","","","","","","","","","","","","","","","","","","","","","","","","","",16.,1,"","","","","","","","","","","","","","","","","","","","","","","","","","","","",75,1,"","","","","","","","","","","","","","","","","","","","","","","","","","","","","","","","","","","","","","","","","","","","","","","","","","","","","","","","","","","","","","","","","","","","","","","","","","","","","","","","","","","","","","","","","","","","","","","","","","",48,1,"","","","","","","","","","","","","","","","","","","","","","","","","","","","","",""
"61328002","LE PIN-AU-HARAS -INRAE",48.735833,0.128167,176,2002092010,0.,1,"","","","","","","","","","","","","","","","","","","","","","","","","","","","","","","","","","",16.6,1,"","","","","","","","","","","","","","","","","","","","","","","","","","","","",68,1,"","","","","","","","","","","","","","","","","","","","","","","","","","","","","","","","","","","","","","","","","","","","","","","","","","","","","","","","","","","","","","","","","","","","","","","","","","","","","","","","","","","","","","","","","","","","","","","","","","",76,1,"","","","","","","","","","","","","","","","","","","","","","","","","","","","","",""
"61328002","LE PIN-AU-HARAS -INRAE",48.735833,0.128167,176,2002092011,0.,1,"","","","","","","","","","","","","","","","","","","","","","","","","","","","","","","","","","",18.3,1,"","","","","","","","","","","","","","","","","","","","","","","","","","","","",63,1,"","","","","","","","","","","","","","","","","","","","","","","","","","","","","","","","","","","","","","","","","","","","","","","","","","","","","","","","","","","","","","","","","","","","","","","","","","","","","","","","","","","","","","","","","","","","","","","","","","",120,1,"","","","","","","","","","","","","","","","","","","","","","","","","","","","","",""
"61328002","LE PIN-AU-HARAS -INRAE",48.735833,0.128167,176,2002092012,0.,1,"","","","","","","","","","","","","","","","","","","","","","","","","","","","","","","","","","",18.4,1,"","","","","","","","","","","","","","","","","","","","","","","","","","","","",67,1,"","","","","","","","","","","","","","","","","","","","","","","","","","","","","","","","","","","","","","","","","","","","","","","","","","","","","","","","","","","","","","","","","","","","","","","","","","","","","","","","","","","","","","","","","","","","","","","","","","",136,1,"","","","","","","","","","","","","","","","","","","","","","","","","","","","","",""
"61328002","LE PIN-AU-HARAS -INRAE",48.735833,0.128167,176,2002092013,0.,1,"","","","","","","","","","","","","","","","","","","","","","","","","","","","","","","","","","",17.7,1,"","","","","","","","","","","","","","","","","","","","","","","","","","","","",64,1,"","","","","","","","","","","","","","","","","","","","","","","","","","","","","","","","","","","","","","","","","","","","","","","","","","","","","","","","","","","","","","","","","","","","","","","","","","","","","","","","","","","","","","","","","","","","","","","","","","",106,1,"","","","","","","","","","","","","","","","","","","","","","","","","","","","","",""
"61328002","LE PIN-AU-HARAS -INRAE",48.735833,0.128167,176,2002092014,0.,1,"","","","","","","","","","","","","","","","","","","","","","","","","","","","","","","","","","",18.,1,"","","","","","","","","","","","","","","","","","","","","","","","","","","","",64,1,"","","","","","","","","","","","","","","","","","","","","","","","","","","","","","","","","","","","","","","","","","","","","","","","","","","","","","","","","","","","","","","","","","","","","","","","","","","","","","","","","","","","","","","","","","","","","","","","","","",100,1,"","","","","","","","","","","","","","","","","","","","","","","","","","","","","",""
"61328002","LE PIN-AU-HARAS -INRAE",48.735833,0.128167,176,2002092015,0.,1,"","","","","","","","","","","","","","","","","","","","","","","","","","","","","","","","","","",18.2,1,"","","","","","","","","","","","","","","","","","","","","","","","","","","","",68,1,"","","","","","","","","","","","","","","","","","","","","","","","","","","","","","","","","","","","","","","","","","","","","","","","","","","","","","","","","","","","","","","","","","","","","","","","","","","","","","","","","","","","","","","","","","","","","","","","","","",50,1,"","","","","","","","","","","","","","","","","","","","","","","","","","","","","",""
"61328002","LE PIN-AU-HARAS -INRAE",48.735833,0.128167,176,2002092016,0.,1,"","","","","","","","","","","","","","","","","","","","","","","","","","","","","","","","","","",18.2,1,"","","","","","","","","","","","","","","","","","","","","","","","","","","","",61,1,"","","","","","","","","","","","","","","","","","","","","","","","","","","","","","","","","","","","","","","","","","","","","","","","","","","","","","","","","","","","","","","","","","","","","","","","","","","","","","","","","","","","","","","","","","","","","","","","","","",34,1,"","","","","","","","","","","","","","","","","","","","","","","","","","","","","",""
"61328002","LE PIN-AU-HARAS -INRAE",48.735833,0.128167,176,2002092017,0.,1,"","","","","","","","","","","","","","","","","","","","","","","","","","","","","","","","","","",17.4,1,"","","","","","","","","","","","","","","","","","","","","","","","","","","","",68,1,"","","","","","","","","","","","","","","","","","","","","","","","","","","","","","","","","","","","","","","","","","","","","","","","","","","","","","","","","","","","","","","","","","","","","","","","","","","","","","","","","","","","","","","","","","","","","","","","","","",18,1,"","","","","","","","","","","","","","","","","","","","","","","","","","","","","",""
"61328002","LE PIN-AU-HARAS -INRAE",48.735833,0.128167,176,2002092018,0.,1,"","","","","","","","","","","","","","","","","","","","","","","","","","","","","","","","","","",16.,1,"","","","","","","","","","","","","","","","","","","","","","","","","","","","",72,1,"","","","","","","","","","","","","","","","","","","","","","","","","","","","","","","","","","","","","","","","","","","","","","","","","","","","","","","","","","","","","","","","","","","","","","","","","","","","","","","","","","","","","","","","","","","","","","","","","","",4,1,"","","","","","","","","","","","","","","","","","","","","","","","","","","","","",""
"61328002","LE PIN-AU-HARAS -INRAE",48.735833,0.128167,176,2002092019,0.,1,"","","","","","","","","","","","","","","","","","","","","","","","","","","","","","","","","","",14.6,1,"","","","","","","","","","","","","","","","","","","","","","","","","","","","",84,1,"","","","","","","","","","","","","","","","","","","","","","","","","","","","","","","","","","","","","","","","","","","","","","","","","","","","","","","","","","","","","","","","","","","","","","","","","","","","","","","","","","","","","","","","","","","","","","","","","","",0,1,"","","","","","","","","","","","","","","","","","","","","","","","","","","","","",""
"61328002","LE PIN-AU-HARAS -INRAE",48.735833,0.128167,176,2002092020,0.,1,"","","","","","","","","","","","","","","","","","","","","","","","","","","","","","","","","","",15.5,1,"","","","","","","","","","","","","","","","","","","","","","","","","","","","",70,1,"","","","","","","","","","","","","","","","","","","","","","","","","","","","","","","","","","","","","","","","","","","","","","","","","","","","","","","","","","","","","","","","","","","","","","","","","","","","","","","","","","","","","","","","","","","","","","","","","","",0,1,"","","","","","","","","","","","","","","","","","","","","","","","","","","","","",""
"61328002","LE PIN-AU-HARAS -INRAE",48.735833,0.128167,176,2002092021,0.,1,"","","","","","","","","","","","","","","","","","","","","","","","","","","","","","","","","","",13.8,1,"","","","","","","","","","","","","","","","","","","","","","","","","","","","",79,1,"","","","","","","","","","","","","","","","","","","","","","","","","","","","","","","","","","","","","","","","","","","","","","","","","","","","","","","","","","","","","","","","","","","","","","","","","","","","","","","","","","","","","","","","","","","","","","","","","","",0,1,"","","","","","","","","","","","","","","","","","","","","","","","","","","","","",""
"61328002","LE PIN-AU-HARAS -INRAE",48.735833,0.128167,176,2002092022,0.,1,"","","","","","","","","","","","","","","","","","","","","","","","","","","","","","","","","","",14.4,1,"","","","","","","","","","","","","","","","","","","","","","","","","","","","",87,1,"","","","","","","","","","","","","","","","","","","","","","","","","","","","","","","","","","","","","","","","","","","","","","","","","","","","","","","","","","","","","","","","","","","","","","","","","","","","","","","","","","","","","","","","","","","","","","","","","","",0,1,"","","","","","","","","","","","","","","","","","","","","","","","","","","","","",""
"61328002","LE PIN-AU-HARAS -INRAE",48.735833,0.128167,176,2002092023,0.,1,"","","","","","","","","","","","","","","","","","","","","","","","","","","","","","","","","","",14.2,1,"","","","","","","","","","","","","","","","","","","","","","","","","","","","",83,1,"","","","","","","","","","","","","","","","","","","","","","","","","","","","","","","","","","","","","","","","","","","","","","","","","","","","","","","","","","","","","","","","","","","","","","","","","","","","","","","","","","","","","","","","","","","","","","","","","","",0,1,"","","","","","","","","","","","","","","","","","","","","","","","","","","","","",""
"61328002","LE PIN-AU-HARAS -INRAE",48.735833,0.128167,176,2002092100,0.,1,"","","","","","","","","","","","","","","","","","","","","","","","","","","","","","","","","","",11.5,1,"","","","","","","","","","","","","","","","","","","","","","","","","","","","",91,1,"","","","","","","","","","","","","","","","","","","","","","","","","","","","","","","","","","","","","","","","","","","","","","","","","","","","","","","","","","","","","","","","","","","","","","","","","","","","","","","","","","","","","","","","","","","","","","","","","","",0,1,"","","","","","","","","","","","","","","","","","","","","","","","","","","","","",""
"61328002","LE PIN-AU-HARAS -INRAE",48.735833,0.128167,176,2002092101,0.,1,"","","","","","","","","","","","","","","","","","","","","","","","","","","","","","","","","","",11.,1,"","","","","","","","","","","","","","","","","","","","","","","","","","","","",97,1,"","","","","","","","","","","","","","","","","","","","","","","","","","","","","","","","","","","","","","","","","","","","","","","","","","","","","","","","","","","","","","","","","","","","","","","","","","","","","","","","","","","","","","","","","","","","","","","","","","",0,1,"","","","","","","","","","","","","","","","","","","","","","","","","","","","","",""
"61328002","LE PIN-AU-HARAS -INRAE",48.735833,0.128167,176,2002092102,0.,1,"","","","","","","","","","","","","","","","","","","","","","","","","","","","","","","","","","",11.2,1,"","","","","","","","","","","","","","","","","","","","","","","","","","","","",98,1,"","","","","","","","","","","","","","","","","","","","","","","","","","","","","","","","","","","","","","","","","","","","","","","","","","","","","","","","","","","","","","","","","","","","","","","","","","","","","","","","","","","","","","","","","","","","","","","","","","",0,1,"","","","","","","","","","","","","","","","","","","","","","","","","","","","","",""
"61328002","LE PIN-AU-HARAS -INRAE",48.735833,0.128167,176,2002092103,0.,1,"","","","","","","","","","","","","","","","","","","","","","","","","","","","","","","","","","",11.6,1,"","","","","","","","","","","","","","","","","","","","","","","","","","","","",99,1,"","","","","","","","","","","","","","","","","","","","","","","","","","","","","","","","","","","","","","","","","","","","","","","","","","","","","","","","","","","","","","","","","","","","","","","","","","","","","","","","","","","","","","","","","","","","","","","","","","",0,1,"","","","","","","","","","","","","","","","","","","","","","","","","","","","","",""
"61328002","LE PIN-AU-HARAS -INRAE",48.735833,0.128167,176,2002092104,0.,1,"","","","","","","","","","","","","","","","","","","","","","","","","","","","","","","","","","",12.2,1,"","","","","","","","","","","","","","","","","","","","","","","","","","","","",100,1,"","","","","","","","","","","","","","","","","","","","","","","","","","","","","","","","","","","","","","","","","","","","","","","","","","","","","","","","","","","","","","","","","","","","","","","","","","","","","","","","","","","","","","","","","","","","","","","","","","",0,1,"","","","","","","","","","","","","","","","","","","","","","","","","","","","","",""
"61328002","LE PIN-AU-HARAS -INRAE",48.735833,0.128167,176,2002092105,0.,1,"","","","","","","","","","","","","","","","","","","","","","","","","","","","","","","","","","",12.,1,"","","","","","","","","","","","","","","","","","","","","","","","","","","","",97,1,"","","","","","","","","","","","","","","","","","","","","","","","","","","","","","","","","","","","","","","","","","","","","","","","","","","","","","","","","","","","","","","","","","","","","","","","","","","","","","","","","","","","","","","","","","","","","","","","","","",0,1,"","","","","","","","","","","","","","","","","","","","","","","","","","","","","",""
"61328002","LE PIN-AU-HARAS -INRAE",48.735833,0.128167,176,2002092106,0.,1,"","","","","","","","","","","","","","","","","","","","","","","","","","","","","","","","","","",12.4,1,"","","","","","","","","","","","","","","","","","","","","","","","","","","","",95,1,"","","","","","","","","","","","","","","","","","","","","","","","","","","","","","","","","","","","","","","","","","","","","","","","","","","","","","","","","","","","","","","","","","","","","","","","","","","","","","","","","","","","","","","","","","","","","","","","","","",2,1,"","","","","","","","","","","","","","","","","","","","","","","","","","","","","",""
"61328002","LE PIN-AU-HARAS -INRAE",48.735833,0.128167,176,2002092107,0.,1,"","","","","","","","","","","","","","","","","","","","","","","","","","","","","","","","","","",13.2,1,"","","","","","","","","","","","","","","","","","","","","","","","","","","","",91,1,"","","","","","","","","","","","","","","","","","","","","","","","","","","","","","","","","","","","","","","","","","","","","","","","","","","","","","","","","","","","","","","","","","","","","","","","","","","","","","","","","","","","","","","","","","","","","","","","","","",16,1,"","","","","","","","","","","","","","","","","","","","","","","","","","","","","",""
"61328002","LE PIN-AU-HARAS -INRAE",48.735833,0.128167,176,2002092108,0.,1,"","","","","","","","","","","","","","","","","","","","","","","","","","","","","","","","","","",14.4,1,"","","","","","","","","","","","","","","","","","","","","","","","","","","","",84,1,"","","","","","","","","","","","","","","","","","","","","","","","","","","","","","","","","","","","","","","","","","","","","","","","","","","","","","","","","","","","","","","","","","","","","","","","","","","","","","","","","","","","","","","","","","","","","","","","","","",34,1,"","","","","","","","","","","","","","","","","","","","","","","","","","","","","",""
"61328002","LE PIN-AU-HARAS -INRAE",48.735833,0.128167,176,2002092109,0.,1,"","","","","","","","","","","","","","","","","","","","","","","","","","","","","","","","","","",16.6,1,"","","","","","","","","","","","","","","","","","","","","","","","","","","","",71,1,"","","","","","","","","","","","","","","","","","","","","","","","","","","","","","","","","","","","","","","","","","","","","","","","","","","","","","","","","","","","","","","","","","","","","","","","","","","","","","","","","","","","","","","","","","","","","","","","","","",98,1,"","","","","","","","","","","","","","","","","","","","","","","","","","","","","",""
"61328002","LE PIN-AU-HARAS -INRAE",48.735833,0.128167,176,2002092110,0.,1,"","","","","","","","","","","","","","","","","","","","","","","","","","","","","","","","","","",17.3,1,"","","","","","","","","","","","","","","","","","","","","","","","","","","","",67,1,"","","","","","","","","","","","","","","","","","","","","","","","","","","","","","","","","","","","","","","","","","","","","","","","","","","","","","","","","","","","","","","","","","","","","","","","","","","","","","","","","","","","","","","","","","","","","","","","","","",144,1,"","","","","","","","","","","","","","","","","","","","","","","","","","","","","",""
"61328002","LE PIN-AU-HARAS -INRAE",48.735833,0.128167,176,2002092111,0.,1,"","","","","","","","","","","","","","","","","","","","","","","","","","","","","","","","","","",17.8,1,"","","","","","","","","","","","","","","","","","","","","","","","","","","","",57,1,"","","","","","","","","","","","","","","","","","","","","","","","","","","","","","","","","","","","","","","","","","","","","","","","","","","","","","","","","","","","","","","","","","","","","","","","","","","","","","","","","","","","","","","","","","","","","","","","","","",182,1,"","","","","","","","","","","","","","","","","","","","","","","","","","","","","",""
"61328002","LE PIN-AU-HARAS -INRAE",48.735833,0.128167,176,2002092112,0.,1,"","","","","","","","","","","","","","","","","","","","","","","","","","","","","","","","","","",18.8,1,"","","","","","","","","","","","","","","","","","","","","","","","","","","","",57,1,"","","","","","","","","","","","","","","","","","","","","","","","","","","","","","","","","","","","","","","","","","","","","","","","","","","","","","","","","","","","","","","","","","","","","","","","","","","","","","","","","","","","","","","","","","","","","","","","","","",222,1,"","","","","","","","","","","","","","","","","","","","","","","","","","","","","",""
"61328002","LE PIN-AU-HARAS -INRAE",48.735833,0.128167,176,2002092113,0.,1,"","","","","","","","","","","","","","","","","","","","","","","","","","","","","","","","","","",18.8,1,"","","","","","","","","","","","","","","","","","","","","","","","","","","","",56,1,"","","","","","","","","","","","","","","","","","","","","","","","","","","","","","","","","","","","","","","","","","","","","","","","","","","","","","","","","","","","","","","","","","","","","","","","","","","","","","","","","","","","","","","","","","","","","","","","","","",164,1,"","","","","","","","","","","","","","","","","","","","","","","","","","","","","",""
"61328002","LE PIN-AU-HARAS -INRAE",48.735833,0.128167,176,2002092114,0.,1,"","","","","","","","","","","","","","","","","","","","","","","","","","","","","","","","","","",17.9,1,"","","","","","","","","","","","","","","","","","","","","","","","","","","","",59,1,"","","","","","","","","","","","","","","","","","","","","","","","","","","","","","","","","","","","","","","","","","","","","","","","","","","","","","","","","","","","","","","","","","","","","","","","","","","","","","","","","","","","","","","","","","","","","","","","","","",136,1,"","","","","","","","","","","","","","","","","","","","","","","","","","","","","",""
"61328002","LE PIN-AU-HARAS -INRAE",48.735833,0.128167,176,2002092115,0.,1,"","","","","","","","","","","","","","","","","","","","","","","","","","","","","","","","","","",17.6,1,"","","","","","","","","","","","","","","","","","","","","","","","","","","","",63,1,"","","","","","","","","","","","","","","","","","","","","","","","","","","","","","","","","","","","","","","","","","","","","","","","","","","","","","","","","","","","","","","","","","","","","","","","","","","","","","","","","","","","","","","","","","","","","","","","","","",70,1,"","","","","","","","","","","","","","","","","","","","","","","","","","","","","",""
"61328002","LE PIN-AU-HARAS -INRAE",48.735833,0.128167,176,2002092116,0.,1,"","","","","","","","","","","","","","","","","","","","","","","","","","","","","","","","","","",16.8,1,"","","","","","","","","","","","","","","","","","","","","","","","","","","","",62,1,"","","","","","","","","","","","","","","","","","","","","","","","","","","","","","","","","","","","","","","","","","","","","","","","","","","","","","","","","","","","","","","","","","","","","","","","","","","","","","","","","","","","","","","","","","","","","","","","","","",48,1,"","","","","","","","","","","","","","","","","","","","","","","","","","","","","",""
"61328002","LE PIN-AU-HARAS -INRAE",48.735833,0.128167,176,2002092117,0.,1,"","","","","","","","","","","","","","","","","","","","","","","","","","","","","","","","","","",16.2,1,"","","","","","","","","","","","","","","","","","","","","","","","","","","","",68,1,"","","","","","","","","","","","","","","","","","","","","","","","","","","","","","","","","","","","","","","","","","","","","","","","","","","","","","","","","","","","","","","","","","","","","","","","","","","","","","","","","","","","","","","","","","","","","","","","","","",20,1,"","","","","","","","","","","","","","","","","","","","","","","","","","","","","",""
"61328002","LE PIN-AU-HARAS -INRAE",48.735833,0.128167,176,2002092118,0.,1,"","","","","","","","","","","","","","","","","","","","","","","","","","","","","","","","","","",15.2,1,"","","","","","","","","","","","","","","","","","","","","","","","","","","","",69,1,"","","","","","","","","","","","","","","","","","","","","","","","","","","","","","","","","","","","","","","","","","","","","","","","","","","","","","","","","","","","","","","","","","","","","","","","","","","","","","","","","","","","","","","","","","","","","","","","","","",4,1,"","","","","","","","","","","","","","","","","","","","","","","","","","","","","",""
"61328002","LE PIN-AU-HARAS -INRAE",48.735833,0.128167,176,2002092119,0.,1,"","","","","","","","","","","","","","","","","","","","","","","","","","","","","","","","","","",15.,1,"","","","","","","","","","","","","","","","","","","","","","","","","","","","",66,1,"","","","","","","","","","","","","","","","","","","","","","","","","","","","","","","","","","","","","","","","","","","","","","","","","","","","","","","","","","","","","","","","","","","","","","","","","","","","","","","","","","","","","","","","","","","","","","","","","","",0,1,"","","","","","","","","","","","","","","","","","","","","","","","","","","","","",""
"61328002","LE PIN-AU-HARAS -INRAE",48.735833,0.128167,176,2002092120,0.,1,"","","","","","","","","","","","","","","","","","","","","","","","","","","","","","","","","","",14.,1,"","","","","","","","","","","","","","","","","","","","","","","","","","","","",73,1,"","","","","","","","","","","","","","","","","","","","","","","","","","","","","","","","","","","","","","","","","","","","","","","","","","","","","","","","","","","","","","","","","","","","","","","","","","","","","","","","","","","","","","","","","","","","","","","","","","",0,1,"","","","","","","","","","","","","","","","","","","","","","","","","","","","","",""
"61328002","LE PIN-AU-HARAS -INRAE",48.735833,0.128167,176,2002092121,0.,1,"","","","","","","","","","","","","","","","","","","","","","","","","","","","","","","","","","",12.9,1,"","","","","","","","","","","","","","","","","","","","","","","","","","","","",79,1,"","","","","","","","","","","","","","","","","","","","","","","","","","","","","","","","","","","","","","","","","","","","","","","","","","","","","","","","","","","","","","","","","","","","","","","","","","","","","","","","","","","","","","","","","","","","","","","","","","",0,1,"","","","","","","","","","","","","","","","","","","","","","","","","","","","","",""
"61328002","LE PIN-AU-HARAS -INRAE",48.735833,0.128167,176,2002092122,0.,1,"","","","","","","","","","","","","","","","","","","","","","","","","","","","","","","","","","",11.7,1,"","","","","","","","","","","","","","","","","","","","","","","","","","","","",84,1,"","","","","","","","","","","","","","","","","","","","","","","","","","","","","","","","","","","","","","","","","","","","","","","","","","","","","","","","","","","","","","","","","","","","","","","","","","","","","","","","","","","","","","","","","","","","","","","","","","",0,1,"","","","","","","","","","","","","","","","","","","","","","","","","","","","","",""
"61328002","LE PIN-AU-HARAS -INRAE",48.735833,0.128167,176,2002092123,0.,1,"","","","","","","","","","","","","","","","","","","","","","","","","","","","","","","","","","",10.1,1,"","","","","","","","","","","","","","","","","","","","","","","","","","","","",88,1,"","","","","","","","","","","","","","","","","","","","","","","","","","","","","","","","","","","","","","","","","","","","","","","","","","","","","","","","","","","","","","","","","","","","","","","","","","","","","","","","","","","","","","","","","","","","","","","","","","",0,1,"","","","","","","","","","","","","","","","","","","","","","","","","","","","","",""
"61328002","LE PIN-AU-HARAS -INRAE",48.735833,0.128167,176,2002092200,0.,1,"","","","","","","","","","","","","","","","","","","","","","","","","","","","","","","","","","",8.4,1,"","","","","","","","","","","","","","","","","","","","","","","","","","","","",95,1,"","","","","","","","","","","","","","","","","","","","","","","","","","","","","","","","","","","","","","","","","","","","","","","","","","","","","","","","","","","","","","","","","","","","","","","","","","","","","","","","","","","","","","","","","","","","","","","","","","",0,1,"","","","","","","","","","","","","","","","","","","","","","","","","","","","","",""
"61328002","LE PIN-AU-HARAS -INRAE",48.735833,0.128167,176,2002092201,0.,1,"","","","","","","","","","","","","","","","","","","","","","","","","","","","","","","","","","",7.8,1,"","","","","","","","","","","","","","","","","","","","","","","","","","","","",97,1,"","","","","","","","","","","","","","","","","","","","","","","","","","","","","","","","","","","","","","","","","","","","","","","","","","","","","","","","","","","","","","","","","","","","","","","","","","","","","","","","","","","","","","","","","","","","","","","","","","",0,1,"","","","","","","","","","","","","","","","","","","","","","","","","","","","","",""
"61328002","LE PIN-AU-HARAS -INRAE",48.735833,0.128167,176,2002092202,0.,1,"","","","","","","","","","","","","","","","","","","","","","","","","","","","","","","","","","",6.6,1,"","","","","","","","","","","","","","","","","","","","","","","","","","","","",98,1,"","","","","","","","","","","","","","","","","","","","","","","","","","","","","","","","","","","","","","","","","","","","","","","","","","","","","","","","","","","","","","","","","","","","","","","","","","","","","","","","","","","","","","","","","","","","","","","","","","",0,1,"","","","","","","","","","","","","","","","","","","","","","","","","","","","","",""
"61328002","LE PIN-AU-HARAS -INRAE",48.735833,0.128167,176,2002092203,0.,1,"","","","","","","","","","","","","","","","","","","","","","","","","","","","","","","","","","",6.,1,"","","","","","","","","","","","","","","","","","","","","","","","","","","","",99,1,"","","","","","","","","","","","","","","","","","","","","","","","","","","","","","","","","","","","","","","","","","","","","","","","","","","","","","","","","","","","","","","","","","","","","","","","","","","","","","","","","","","","","","","","","","","","","","","","","","",0,1,"","","","","","","","","","","","","","","","","","","","","","","","","","","","","",""
"61328002","LE PIN-AU-HARAS -INRAE",48.735833,0.128167,176,2002092204,0.,1,"","","","","","","","","","","","","","","","","","","","","","","","","","","","","","","","","","",5.7,1,"","","","","","","","","","","","","","","","","","","","","","","","","","","","",99,1,"","","","","","","","","","","","","","","","","","","","","","","","","","","","","","","","","","","","","","","","","","","","","","","","","","","","","","","","","","","","","","","","","","","","","","","","","","","","","","","","","","","","","","","","","","","","","","","","","","",0,1,"","","","","","","","","","","","","","","","","","","","","","","","","","","","","",""
"61328002","LE PIN-AU-HARAS -INRAE",48.735833,0.128167,176,2002092205,0.,1,"","","","","","","","","","","","","","","","","","","","","","","","","","","","","","","","","","",5.3,1,"","","","","","","","","","","","","","","","","","","","","","","","","","","","",100,1,"","","","","","","","","","","","","","","","","","","","","","","","","","","","","","","","","","","","","","","","","","","","","","","","","","","","","","","","","","","","","","","","","","","","","","","","","","","","","","","","","","","","","","","","","","","","","","","","","","",0,1,"","","","","","","","","","","","","","","","","","","","","","","","","","","","","",""
"61328002","LE PIN-AU-HARAS -INRAE",48.735833,0.128167,176,2002092206,0.,1,"","","","","","","","","","","","","","","","","","","","","","","","","","","","","","","","","","",5.,1,"","","","","","","","","","","","","","","","","","","","","","","","","","","","",100,1,"","","","","","","","","","","","","","","","","","","","","","","","","","","","","","","","","","","","","","","","","","","","","","","","","","","","","","","","","","","","","","","","","","","","","","","","","","","","","","","","","","","","","","","","","","","","","","","","","","",0,1,"","","","","","","","","","","","","","","","","","","","","","","","","","","","","",""
"61328002","LE PIN-AU-HARAS -INRAE",48.735833,0.128167,176,2002092207,0.,1,"","","","","","","","","","","","","","","","","","","","","","","","","","","","","","","","","","",6.6,1,"","","","","","","","","","","","","","","","","","","","","","","","","","","","",100,1,"","","","","","","","","","","","","","","","","","","","","","","","","","","","","","","","","","","","","","","","","","","","","","","","","","","","","","","","","","","","","","","","","","","","","","","","","","","","","","","","","","","","","","","","","","","","","","","","","","",14,1,"","","","","","","","","","","","","","","","","","","","","","","","","","","","","",""
"61328002","LE PIN-AU-HARAS -INRAE",48.735833,0.128167,176,2002092208,0.,1,"","","","","","","","","","","","","","","","","","","","","","","","","","","","","","","","","","",10.,1,"","","","","","","","","","","","","","","","","","","","","","","","","","","","",100,1,"","","","","","","","","","","","","","","","","","","","","","","","","","","","","","","","","","","","","","","","","","","","","","","","","","","","","","","","","","","","","","","","","","","","","","","","","","","","","","","","","","","","","","","","","","","","","","","","","","",46,1,"","","","","","","","","","","","","","","","","","","","","","","","","","","","","",""
"61328002","LE PIN-AU-HARAS -INRAE",48.735833,0.128167,176,2002092209,0.,1,"","","","","","","","","","","","","","","","","","","","","","","","","","","","","","","","","","",12.4,1,"","","","","","","","","","","","","","","","","","","","","","","","","","","","",100,1,"","","","","","","","","","","","","","","","","","","","","","","","","","","","","","","","","","","","","","","","","","","","","","","","","","","","","","","","","","","","","","","","","","","","","","","","","","","","","","","","","","","","","","","","","","","","","","","","","","",80,1,"","","","","","","","","","","","","","","","","","","","","","","","","","","","","",""
"61328002","LE PIN-AU-HARAS -INRAE",48.735833,0.128167,176,2002092210,0.,1,"","","","","","","","","","","","","","","","","","","","","","","","","","","","","","","","","","",13.8,1,"","","","","","","","","","","","","","","","","","","","","","","","","","","","",87,1,"","","","","","","","","","","","","","","","","","","","","","","","","","","","","","","","","","","","","","","","","","","","","","","","","","","","","","","","","","","","","","","","","","","","","","","","","","","","","","","","","","","","","","","","","","","","","","","","","","",78,1,"","","","","","","","","","","","","","","","","","","","","","","","","","","","","",""
"61328002","LE PIN-AU-HARAS -INRAE",48.735833,0.128167,176,2002092211,0.,1,"","","","","","","","","","","","","","","","","","","","","","","","","","","","","","","","","","",16.2,1,"","","","","","","","","","","","","","","","","","","","","","","","","","","","",73,1,"","","","","","","","","","","","","","","","","","","","","","","","","","","","","","","","","","","","","","","","","","","","","","","","","","","","","","","","","","","","","","","","","","","","","","","","","","","","","","","","","","","","","","","","","","","","","","","","","","",160,1,"","","","","","","","","","","","","","","","","","","","","","","","","","","","","",""
"61328002","LE PIN-AU-HARAS -INRAE",48.735833,0.128167,176,2002092212,0.,1,"","","","","","","","","","","","","","","","","","","","","","","","","","","","","","","","","","",17.3,1,"","","","","","","","","","","","","","","","","","","","","","","","","","","","",66,1,"","","","","","","","","","","","","","","","","","","","","","","","","","","","","","","","","","","","","","","","","","","","","","","","","","","","","","","","","","","","","","","","","","","","","","","","","","","","","","","","","","","","","","","","","","","","","","","","","","",244,1,"","","","","","","","","","","","","","","","","","","","","","","","","","","","","",""
"61328002","LE PIN-AU-HARAS -INRAE",48.735833,0.128167,176,2002092213,0.,1,"","","","","","","","","","","","","","","","","","","","","","","","","","","","","","","","","","",17.1,1,"","","","","","","","","","","","","","","","","","","","","","","","","","","","",63,1,"","","","","","","","","","","","","","","","","","","","","","","","","","","","","","","","","","","","","","","","","","","","","","","","","","","","","","","","","","","","","","","","","","","","","","","","","","","","","","","","","","","","","","","","","","","","","","","","","","",128,1,"","","","","","","","","","","","","","","","","","","","","","","","","","","","","",""
"61328002","LE PIN-AU-HARAS -INRAE",48.735833,0.128167,176,2002092214,0.,1,"","","","","","","","","","","","","","","","","","","","","","","","","","","","","","","","","","",18.6,1,"","","","","","","","","","","","","","","","","","","","","","","","","","","","",56,1,"","","","","","","","","","","","","","","","","","","","","","","","","","","","","","","","","","","","","","","","","","","","","","","","","","","","","","","","","","","","","","","","","","","","","","","","","","","","","","","","","","","","","","","","","","","","","","","","","","",124,1,"","","","","","","","","","","","","","","","","","","","","","","","","","","","","",""
"61328002","LE PIN-AU-HARAS -INRAE",48.735833,0.128167,176,2002092215,0.,1,"","","","","","","","","","","","","","","","","","","","","","","","","","","","","","","","","","",17.,1,"","","","","","","","","","","","","","","","","","","","","","","","","","","","",65,1,"","","","","","","","","","","","","","","","","","","","","","","","","","","","","","","","","","","","","","","","","","","","","","","","","","","","","","","","","","","","","","","","","","","","","","","","","","","","","","","","","","","","","","","","","","","","","","","","","","",170,1,"","","","","","","","","","","","","","","","","","","","","","","","","","","","","",""
"61328002","LE PIN-AU-HARAS -INRAE",48.735833,0.128167,176,2002092216,0.,1,"","","","","","","","","","","","","","","","","","","","","","","","","","","","","","","","","","",15.5,1,"","","","","","","","","","","","","","","","","","","","","","","","","","","","",67,1,"","","","","","","","","","","","","","","","","","","","","","","","","","","","","","","","","","","","","","","","","","","","","","","","","","","","","","","","","","","","","","","","","","","","","","","","","","","","","","","","","","","","","","","","","","","","","","","","","","",102,1,"","","","","","","","","","","","","","","","","","","","","","","","","","","","","",""
"61328002","LE PIN-AU-HARAS -INRAE",48.735833,0.128167,176,2002092217,0.,1,"","","","","","","","","","","","","","","","","","","","","","","","","","","","","","","","","","",14.7,1,"","","","","","","","","","","","","","","","","","","","","","","","","","","","",68,1,"","","","","","","","","","","","","","","","","","","","","","","","","","","","","","","","","","","","","","","","","","","","","","","","","","","","","","","","","","","","","","","","","","","","","","","","","","","","","","","","","","","","","","","","","","","","","","","","","","",56,1,"","","","","","","","","","","","","","","","","","","","","","","","","","","","","",""
"61328002","LE PIN-AU-HARAS -INRAE",48.735833,0.128167,176,2002092218,0.,1,"","","","","","","","","","","","","","","","","","","","","","","","","","","","","","","","","","",12.7,1,"","","","","","","","","","","","","","","","","","","","","","","","","","","","",80,1,"","","","","","","","","","","","","","","","","","","","","","","","","","","","","","","","","","","","","","","","","","","","","","","","","","","","","","","","","","","","","","","","","","","","","","","","","","","","","","","","","","","","","","","","","","","","","","","","","","",8,1,"","","","","","","","","","","","","","","","","","","","","","","","","","","","","",""
"61328002","LE PIN-AU-HARAS -INRAE",48.735833,0.128167,176,2002092219,0.,1,"","","","","","","","","","","","","","","","","","","","","","","","","","","","","","","","","","",10.6,1,"","","","","","","","","","","","","","","","","","","","","","","","","","","","",88,1,"","","","","","","","","","","","","","","","","","","","","","","","","","","","","","","","","","","","","","","","","","","","","","","","","","","","","","","","","","","","","","","","","","","","","","","","","","","","","","","","","","","","","","","","","","","","","","","","","","",0,1,"","","","","","","","","","","","","","","","","","","","","","","","","","","","","",""
"61328002","LE PIN-AU-HARAS -INRAE",48.735833,0.128167,176,2002092220,0.,1,"","","","","","","","","","","","","","","","","","","","","","","","","","","","","","","","","","",12.1,1,"","","","","","","","","","","","","","","","","","","","","","","","","","","","",86,1,"","","","","","","","","","","","","","","","","","","","","","","","","","","","","","","","","","","","","","","","","","","","","","","","","","","","","","","","","","","","","","","","","","","","","","","","","","","","","","","","","","","","","","","","","","","","","","","","","","",0,1,"","","","","","","","","","","","","","","","","","","","","","","","","","","","","",""
"61328002","LE PIN-AU-HARAS -INRAE",48.735833,0.128167,176,2002092221,0.,1,"","","","","","","","","","","","","","","","","","","","","","","","","","","","","","","","","","",10.4,1,"","","","","","","","","","","","","","","","","","","","","","","","","","","","",95,1,"","","","","","","","","","","","","","","","","","","","","","","","","","","","","","","","","","","","","","","","","","","","","","","","","","","","","","","","","","","","","","","","","","","","","","","","","","","","","","","","","","","","","","","","","","","","","","","","","","",0,1,"","","","","","","","","","","","","","","","","","","","","","","","","","","","","",""
"61328002","LE PIN-AU-HARAS -INRAE",48.735833,0.128167,176,2002092222,0.,1,"","","","","","","","","","","","","","","","","","","","","","","","","","","","","","","","","","",10.1,1,"","","","","","","","","","","","","","","","","","","","","","","","","","","","",92,1,"","","","","","","","","","","","","","","","","","","","","","","","","","","","","","","","","","","","","","","","","","","","","","","","","","","","","","","","","","","","","","","","","","","","","","","","","","","","","","","","","","","","","","","","","","","","","","","","","","",0,1,"","","","","","","","","","","","","","","","","","","","","","","","","","","","","",""
"61328002","LE PIN-AU-HARAS -INRAE",48.735833,0.128167,176,2002092223,0.,1,"","","","","","","","","","","","","","","","","","","","","","","","","","","","","","","","","","",8.4,1,"","","","","","","","","","","","","","","","","","","","","","","","","","","","",96,1,"","","","","","","","","","","","","","","","","","","","","","","","","","","","","","","","","","","","","","","","","","","","","","","","","","","","","","","","","","","","","","","","","","","","","","","","","","","","","","","","","","","","","","","","","","","","","","","","","","",0,1,"","","","","","","","","","","","","","","","","","","","","","","","","","","","","",""
"61328002","LE PIN-AU-HARAS -INRAE",48.735833,0.128167,176,2002092300,0.,1,"","","","","","","","","","","","","","","","","","","","","","","","","","","","","","","","","","",7.1,1,"","","","","","","","","","","","","","","","","","","","","","","","","","","","",97,1,"","","","","","","","","","","","","","","","","","","","","","","","","","","","","","","","","","","","","","","","","","","","","","","","","","","","","","","","","","","","","","","","","","","","","","","","","","","","","","","","","","","","","","","","","","","","","","","","","","",0,1,"","","","","","","","","","","","","","","","","","","","","","","","","","","","","",""
"61328002","LE PIN-AU-HARAS -INRAE",48.735833,0.128167,176,2002092301,0.,1,"","","","","","","","","","","","","","","","","","","","","","","","","","","","","","","","","","",7.,1,"","","","","","","","","","","","","","","","","","","","","","","","","","","","",99,1,"","","","","","","","","","","","","","","","","","","","","","","","","","","","","","","","","","","","","","","","","","","","","","","","","","","","","","","","","","","","","","","","","","","","","","","","","","","","","","","","","","","","","","","","","","","","","","","","","","",0,1,"","","","","","","","","","","","","","","","","","","","","","","","","","","","","",""
"61328002","LE PIN-AU-HARAS -INRAE",48.735833,0.128167,176,2002092302,0.,1,"","","","","","","","","","","","","","","","","","","","","","","","","","","","","","","","","","",6.5,1,"","","","","","","","","","","","","","","","","","","","","","","","","","","","",99,1,"","","","","","","","","","","","","","","","","","","","","","","","","","","","","","","","","","","","","","","","","","","","","","","","","","","","","","","","","","","","","","","","","","","","","","","","","","","","","","","","","","","","","","","","","","","","","","","","","","",0,1,"","","","","","","","","","","","","","","","","","","","","","","","","","","","","",""
"61328002","LE PIN-AU-HARAS -INRAE",48.735833,0.128167,176,2002092303,0.,1,"","","","","","","","","","","","","","","","","","","","","","","","","","","","","","","","","","",6.5,1,"","","","","","","","","","","","","","","","","","","","","","","","","","","","",99,1,"","","","","","","","","","","","","","","","","","","","","","","","","","","","","","","","","","","","","","","","","","","","","","","","","","","","","","","","","","","","","","","","","","","","","","","","","","","","","","","","","","","","","","","","","","","","","","","","","","",0,1,"","","","","","","","","","","","","","","","","","","","","","","","","","","","","",""
"61328002","LE PIN-AU-HARAS -INRAE",48.735833,0.128167,176,2002092304,0.,1,"","","","","","","","","","","","","","","","","","","","","","","","","","","","","","","","","","",9.,1,"","","","","","","","","","","","","","","","","","","","","","","","","","","","",100,1,"","","","","","","","","","","","","","","","","","","","","","","","","","","","","","","","","","","","","","","","","","","","","","","","","","","","","","","","","","","","","","","","","","","","","","","","","","","","","","","","","","","","","","","","","","","","","","","","","","",0,1,"","","","","","","","","","","","","","","","","","","","","","","","","","","","","",""
"61328002","LE PIN-AU-HARAS -INRAE",48.735833,0.128167,176,2002092305,0.,1,"","","","","","","","","","","","","","","","","","","","","","","","","","","","","","","","","","",9.3,1,"","","","","","","","","","","","","","","","","","","","","","","","","","","","",95,1,"","","","","","","","","","","","","","","","","","","","","","","","","","","","","","","","","","","","","","","","","","","","","","","","","","","","","","","","","","","","","","","","","","","","","","","","","","","","","","","","","","","","","","","","","","","","","","","","","","",0,1,"","","","","","","","","","","","","","","","","","","","","","","","","","","","","",""
"61328002","LE PIN-AU-HARAS -INRAE",48.735833,0.128167,176,2002092306,0.,1,"","","","","","","","","","","","","","","","","","","","","","","","","","","","","","","","","","",8.8,1,"","","","","","","","","","","","","","","","","","","","","","","","","","","","",96,1,"","","","","","","","","","","","","","","","","","","","","","","","","","","","","","","","","","","","","","","","","","","","","","","","","","","","","","","","","","","","","","","","","","","","","","","","","","","","","","","","","","","","","","","","","","","","","","","","","","",0,1,"","","","","","","","","","","","","","","","","","","","","","","","","","","","","",""
"61328002","LE PIN-AU-HARAS -INRAE",48.735833,0.128167,176,2002092307,0.,1,"","","","","","","","","","","","","","","","","","","","","","","","","","","","","","","","","","",12.1,1,"","","","","","","","","","","","","","","","","","","","","","","","","","","","",96,1,"","","","","","","","","","","","","","","","","","","","","","","","","","","","","","","","","","","","","","","","","","","","","","","","","","","","","","","","","","","","","","","","","","","","","","","","","","","","","","","","","","","","","","","","","","","","","","","","","","",26,1,"","","","","","","","","","","","","","","","","","","","","","","","","","","","","",""
"61328002","LE PIN-AU-HARAS -INRAE",48.735833,0.128167,176,2002092308,0.,1,"","","","","","","","","","","","","","","","","","","","","","","","","","","","","","","","","","",13.2,1,"","","","","","","","","","","","","","","","","","","","","","","","","","","","",89,1,"","","","","","","","","","","","","","","","","","","","","","","","","","","","","","","","","","","","","","","","","","","","","","","","","","","","","","","","","","","","","","","","","","","","","","","","","","","","","","","","","","","","","","","","","","","","","","","","","","",98,1,"","","","","","","","","","","","","","","","","","","","","","","","","","","","","",""
"61328002","LE PIN-AU-HARAS -INRAE",48.735833,0.128167,176,2002092309,0.,1,"","","","","","","","","","","","","","","","","","","","","","","","","","","","","","","","","","",14.6,1,"","","","","","","","","","","","","","","","","","","","","","","","","","","","",70,1,"","","","","","","","","","","","","","","","","","","","","","","","","","","","","","","","","","","","","","","","","","","","","","","","","","","","","","","","","","","","","","","","","","","","","","","","","","","","","","","","","","","","","","","","","","","","","","","","","","",130,1,"","","","","","","","","","","","","","","","","","","","","","","","","","","","","",""
"61328002","LE PIN-AU-HARAS -INRAE",48.735833,0.128167,176,2002092310,0.,1,"","","","","","","","","","","","","","","","","","","","","","","","","","","","","","","","","","",15.9,1,"","","","","","","","","","","","","","","","","","","","","","","","","","","","",62,1,"","","","","","","","","","","","","","","","","","","","","","","","","","","","","","","","","","","","","","","","","","","","","","","","","","","","","","","","","","","","","","","","","","","","","","","","","","","","","","","","","","","","","","","","","","","","","","","","","","",158,1,"","","","","","","","","","","","","","","","","","","","","","","","","","","","","",""
"61328002","LE PIN-AU-HARAS -INRAE",48.735833,0.128167,176,2002092311,0.,1,"","","","","","","","","","","","","","","","","","","","","","","","","","","","","","","","","","",16.5,1,"","","","","","","","","","","","","","","","","","","","","","","","","","","","",57,1,"","","","","","","","","","","","","","","","","","","","","","","","","","","","","","","","","","","","","","","","","","","","","","","","","","","","","","","","","","","","","","","","","","","","","","","","","","","","","","","","","","","","","","","","","","","","","","","","","","",192,1,"","","","","","","","","","","","","","","","","","","","","","","","","","","","","",""
"61328002","LE PIN-AU-HARAS -INRAE",48.735833,0.128167,176,2002092312,0.,1,"","","","","","","","","","","","","","","","","","","","","","","","","","","","","","","","","","",16.6,1,"","","","","","","","","","","","","","","","","","","","","","","","","","","","",64,1,"","","","","","","","","","","","","","","","","","","","","","","","","","","","","","","","","","","","","","","","","","","","","","","","","","","","","","","","","","","","","","","","","","","","","","","","","","","","","","","","","","","","","","","","","","","","","","","","","","",150,1,"","","","","","","","","","","","","","","","","","","","","","","","","","","","","",""
"61328002","LE PIN-AU-HARAS -INRAE",48.735833,0.128167,176,2002092313,0.,1,"","","","","","","","","","","","","","","","","","","","","","","","","","","","","","","","","","",17.3,1,"","","","","","","","","","","","","","","","","","","","","","","","","","","","",55,1,"","","","","","","","","","","","","","","","","","","","","","","","","","","","","","","","","","","","","","","","","","","","","","","","","","","","","","","","","","","","","","","","","","","","","","","","","","","","","","","","","","","","","","","","","","","","","","","","","","",194,1,"","","","","","","","","","","","","","","","","","","","","","","","","","","","","",""
"61328002","LE PIN-AU-HARAS -INRAE",48.735833,0.128167,176,2002092314,0.,1,"","","","","","","","","","","","","","","","","","","","","","","","","","","","","","","","","","",16.7,1,"","","","","","","","","","","","","","","","","","","","","","","","","","","","",54,1,"","","","","","","","","","","","","","","","","","","","","","","","","","","","","","","","","","","","","","","","","","","","","","","","","","","","","","","","","","","","","","","","","","","","","","","","","","","","","","","","","","","","","","","","","","","","","","","","","","",174,1,"","","","","","","","","","","","","","","","","","","","","","","","","","","","","",""
"61328002","LE PIN-AU-HARAS -INRAE",48.735833,0.128167,176,2002092315,0.,1,"","","","","","","","","","","","","","","","","","","","","","","","","","","","","","","","","","",16.6,1,"","","","","","","","","","","","","","","","","","","","","","","","","","","","",49,1,"","","","","","","","","","","","","","","","","","","","","","","","","","","","","","","","","","","","","","","","","","","","","","","","","","","","","","","","","","","","","","","","","","","","","","","","","","","","","","","","","","","","","","","","","","","","","","","","","","",180,1,"","","","","","","","","","","","","","","","","","","","","","","","","","","","","",""
"61328002","LE PIN-AU-HARAS -INRAE",48.735833,0.128167,176,2002092316,0.,1,"","","","","","","","","","","","","","","","","","","","","","","","","","","","","","","","","","",16.3,1,"","","","","","","","","","","","","","","","","","","","","","","","","","","","",47,1,"","","","","","","","","","","","","","","","","","","","","","","","","","","","","","","","","","","","","","","","","","","","","","","","","","","","","","","","","","","","","","","","","","","","","","","","","","","","","","","","","","","","","","","","","","","","","","","","","","",120,1,"","","","","","","","","","","","","","","","","","","","","","","","","","","","","",""
"61328002","LE PIN-AU-HARAS -INRAE",48.735833,0.128167,176,2002092317,0.,1,"","","","","","","","","","","","","","","","","","","","","","","","","","","","","","","","","","",15.1,1,"","","","","","","","","","","","","","","","","","","","","","","","","","","","",52,1,"","","","","","","","","","","","","","","","","","","","","","","","","","","","","","","","","","","","","","","","","","","","","","","","","","","","","","","","","","","","","","","","","","","","","","","","","","","","","","","","","","","","","","","","","","","","","","","","","","",52,1,"","","","","","","","","","","","","","","","","","","","","","","","","","","","","",""
"61328002","LE PIN-AU-HARAS -INRAE",48.735833,0.128167,176,2002092318,0.,1,"","","","","","","","","","","","","","","","","","","","","","","","","","","","","","","","","","",12.9,1,"","","","","","","","","","","","","","","","","","","","","","","","","","","","",62,1,"","","","","","","","","","","","","","","","","","","","","","","","","","","","","","","","","","","","","","","","","","","","","","","","","","","","","","","","","","","","","","","","","","","","","","","","","","","","","","","","","","","","","","","","","","","","","","","","","","",8,1,"","","","","","","","","","","","","","","","","","","","","","","","","","","","","",""
"61328002","LE PIN-AU-HARAS -INRAE",48.735833,0.128167,176,2002092319,0.,1,"","","","","","","","","","","","","","","","","","","","","","","","","","","","","","","","","","",11.,1,"","","","","","","","","","","","","","","","","","","","","","","","","","","","",68,1,"","","","","","","","","","","","","","","","","","","","","","","","","","","","","","","","","","","","","","","","","","","","","","","","","","","","","","","","","","","","","","","","","","","","","","","","","","","","","","","","","","","","","","","","","","","","","","","","","","",0,1,"","","","","","","","","","","","","","","","","","","","","","","","","","","","","",""
"61328002","LE PIN-AU-HARAS -INRAE",48.735833,0.128167,176,2002092320,0.,1,"","","","","","","","","","","","","","","","","","","","","","","","","","","","","","","","","","",10.6,1,"","","","","","","","","","","","","","","","","","","","","","","","","","","","",69,1,"","","","","","","","","","","","","","","","","","","","","","","","","","","","","","","","","","","","","","","","","","","","","","","","","","","","","","","","","","","","","","","","","","","","","","","","","","","","","","","","","","","","","","","","","","","","","","","","","","",0,1,"","","","","","","","","","","","","","","","","","","","","","","","","","","","","",""
"61328002","LE PIN-AU-HARAS -INRAE",48.735833,0.128167,176,2002092321,0.,1,"","","","","","","","","","","","","","","","","","","","","","","","","","","","","","","","","","",9.4,1,"","","","","","","","","","","","","","","","","","","","","","","","","","","","",73,1,"","","","","","","","","","","","","","","","","","","","","","","","","","","","","","","","","","","","","","","","","","","","","","","","","","","","","","","","","","","","","","","","","","","","","","","","","","","","","","","","","","","","","","","","","","","","","","","","","","",0,1,"","","","","","","","","","","","","","","","","","","","","","","","","","","","","",""
"61328002","LE PIN-AU-HARAS -INRAE",48.735833,0.128167,176,2002092322,0.,1,"","","","","","","","","","","","","","","","","","","","","","","","","","","","","","","","","","",5.7,1,"","","","","","","","","","","","","","","","","","","","","","","","","","","","",90,1,"","","","","","","","","","","","","","","","","","","","","","","","","","","","","","","","","","","","","","","","","","","","","","","","","","","","","","","","","","","","","","","","","","","","","","","","","","","","","","","","","","","","","","","","","","","","","","","","","","",0,1,"","","","","","","","","","","","","","","","","","","","","","","","","","","","","",""
"61328002","LE PIN-AU-HARAS -INRAE",48.735833,0.128167,176,2002092323,0.,1,"","","","","","","","","","","","","","","","","","","","","","","","","","","","","","","","","","",5.5,1,"","","","","","","","","","","","","","","","","","","","","","","","","","","","",91,1,"","","","","","","","","","","","","","","","","","","","","","","","","","","","","","","","","","","","","","","","","","","","","","","","","","","","","","","","","","","","","","","","","","","","","","","","","","","","","","","","","","","","","","","","","","","","","","","","","","",0,1,"","","","","","","","","","","","","","","","","","","","","","","","","","","","","",""
"61328002","LE PIN-AU-HARAS -INRAE",48.735833,0.128167,176,2002092400,0.,1,"","","","","","","","","","","","","","","","","","","","","","","","","","","","","","","","","","",3.8,1,"","","","","","","","","","","","","","","","","","","","","","","","","","","","",94,1,"","","","","","","","","","","","","","","","","","","","","","","","","","","","","","","","","","","","","","","","","","","","","","","","","","","","","","","","","","","","","","","","","","","","","","","","","","","","","","","","","","","","","","","","","","","","","","","","","","",0,1,"","","","","","","","","","","","","","","","","","","","","","","","","","","","","",""
"61328002","LE PIN-AU-HARAS -INRAE",48.735833,0.128167,176,2002092401,0.,1,"","","","","","","","","","","","","","","","","","","","","","","","","","","","","","","","","","",3.6,1,"","","","","","","","","","","","","","","","","","","","","","","","","","","","",97,1,"","","","","","","","","","","","","","","","","","","","","","","","","","","","","","","","","","","","","","","","","","","","","","","","","","","","","","","","","","","","","","","","","","","","","","","","","","","","","","","","","","","","","","","","","","","","","","","","","","",0,1,"","","","","","","","","","","","","","","","","","","","","","","","","","","","","",""
"61328002","LE PIN-AU-HARAS -INRAE",48.735833,0.128167,176,2002092402,0.,1,"","","","","","","","","","","","","","","","","","","","","","","","","","","","","","","","","","",3.5,1,"","","","","","","","","","","","","","","","","","","","","","","","","","","","",98,1,"","","","","","","","","","","","","","","","","","","","","","","","","","","","","","","","","","","","","","","","","","","","","","","","","","","","","","","","","","","","","","","","","","","","","","","","","","","","","","","","","","","","","","","","","","","","","","","","","","",0,1,"","","","","","","","","","","","","","","","","","","","","","","","","","","","","",""
"61328002","LE PIN-AU-HARAS -INRAE",48.735833,0.128167,176,2002092403,0.,1,"","","","","","","","","","","","","","","","","","","","","","","","","","","","","","","","","","",3.6,1,"","","","","","","","","","","","","","","","","","","","","","","","","","","","",99,1,"","","","","","","","","","","","","","","","","","","","","","","","","","","","","","","","","","","","","","","","","","","","","","","","","","","","","","","","","","","","","","","","","","","","","","","","","","","","","","","","","","","","","","","","","","","","","","","","","","",0,1,"","","","","","","","","","","","","","","","","","","","","","","","","","","","","",""
"61328002","LE PIN-AU-HARAS -INRAE",48.735833,0.128167,176,2002092404,0.,1,"","","","","","","","","","","","","","","","","","","","","","","","","","","","","","","","","","",5.9,1,"","","","","","","","","","","","","","","","","","","","","","","","","","","","",100,1,"","","","","","","","","","","","","","","","","","","","","","","","","","","","","","","","","","","","","","","","","","","","","","","","","","","","","","","","","","","","","","","","","","","","","","","","","","","","","","","","","","","","","","","","","","","","","","","","","","",0,1,"","","","","","","","","","","","","","","","","","","","","","","","","","","","","",""
"61328002","LE PIN-AU-HARAS -INRAE",48.735833,0.128167,176,2002092405,0.,1,"","","","","","","","","","","","","","","","","","","","","","","","","","","","","","","","","","",4.,1,"","","","","","","","","","","","","","","","","","","","","","","","","","","","",98,1,"","","","","","","","","","","","","","","","","","","","","","","","","","","","","","","","","","","","","","","","","","","","","","","","","","","","","","","","","","","","","","","","","","","","","","","","","","","","","","","","","","","","","","","","","","","","","","","","","","",0,1,"","","","","","","","","","","","","","","","","","","","","","","","","","","","","",""
"61328002","LE PIN-AU-HARAS -INRAE",48.735833,0.128167,176,2002092406,0.5,1,"","","","","","","","","","","","","","","","","","","","","","","","","","","","","","","","","","",2.8,1,"","","","","","","","","","","","","","","","","","","","","","","","","","","","",98,1,"","","","","","","","","","","","","","","","","","","","","","","","","","","","","","","","","","","","","","","","","","","","","","","","","","","","","","","","","","","","","","","","","","","","","","","","","","","","","","","","","","","","","","","","","","","","","","","","","","",0,1,"","","","","","","","","","","","","","","","","","","","","","","","","","","","","",""
"61328002","LE PIN-AU-HARAS -INRAE",48.735833,0.128167,176,2002092407,0.,1,"","","","","","","","","","","","","","","","","","","","","","","","","","","","","","","","","","",6.1,1,"","","","","","","","","","","","","","","","","","","","","","","","","","","","",100,1,"","","","","","","","","","","","","","","","","","","","","","","","","","","","","","","","","","","","","","","","","","","","","","","","","","","","","","","","","","","","","","","","","","","","","","","","","","","","","","","","","","","","","","","","","","","","","","","","","","",10,1,"","","","","","","","","","","","","","","","","","","","","","","","","","","","","",""
"61328002","LE PIN-AU-HARAS -INRAE",48.735833,0.128167,176,2002092408,0.,1,"","","","","","","","","","","","","","","","","","","","","","","","","","","","","","","","","","",9.2,1,"","","","","","","","","","","","","","","","","","","","","","","","","","","","",79,1,"","","","","","","","","","","","","","","","","","","","","","","","","","","","","","","","","","","","","","","","","","","","","","","","","","","","","","","","","","","","","","","","","","","","","","","","","","","","","","","","","","","","","","","","","","","","","","","","","","",82,1,"","","","","","","","","","","","","","","","","","","","","","","","","","","","","",""
"61328002","LE PIN-AU-HARAS -INRAE",48.735833,0.128167,176,2002092409,0.,1,"","","","","","","","","","","","","","","","","","","","","","","","","","","","","","","","","","",11.2,1,"","","","","","","","","","","","","","","","","","","","","","","","","","","","",63,1,"","","","","","","","","","","","","","","","","","","","","","","","","","","","","","","","","","","","","","","","","","","","","","","","","","","","","","","","","","","","","","","","","","","","","","","","","","","","","","","","","","","","","","","","","","","","","","","","","","",144,1,"","","","","","","","","","","","","","","","","","","","","","","","","","","","","",""
"61328002","LE PIN-AU-HARAS -INRAE",48.735833,0.128167,176,2002092410,0.,1,"","","","","","","","","","","","","","","","","","","","","","","","","","","","","","","","","","",11.5,1,"","","","","","","","","","","","","","","","","","","","","","","","","","","","",55,1,"","","","","","","","","","","","","","","","","","","","","","","","","","","","","","","","","","","","","","","","","","","","","","","","","","","","","","","","","","","","","","","","","","","","","","","","","","","","","","","","","","","","","","","","","","","","","","","","","","",186,1,"","","","","","","","","","","","","","","","","","","","","","","","","","","","","",""
"61328002","LE PIN-AU-HARAS -INRAE",48.735833,0.128167,176,2002092411,0.,1,"","","","","","","","","","","","","","","","","","","","","","","","","","","","","","","","","","",12.3,1,"","","","","","","","","","","","","","","","","","","","","","","","","","","","",55,1,"","","","","","","","","","","","","","","","","","","","","","","","","","","","","","","","","","","","","","","","","","","","","","","","","","","","","","","","","","","","","","","","","","","","","","","","","","","","","","","","","","","","","","","","","","","","","","","","","","",190,1,"","","","","","","","","","","","","","","","","","","","","","","","","","","","","",""
"61328002","LE PIN-AU-HARAS -INRAE",48.735833,0.128167,176,2002092412,0.,1,"","","","","","","","","","","","","","","","","","","","","","","","","","","","","","","","","","",12.4,1,"","","","","","","","","","","","","","","","","","","","","","","","","","","","",56,1,"","","","","","","","","","","","","","","","","","","","","","","","","","","","","","","","","","","","","","","","","","","","","","","","","","","","","","","","","","","","","","","","","","","","","","","","","","","","","","","","","","","","","","","","","","","","","","","","","","",124,1,"","","","","","","","","","","","","","","","","","","","","","","","","","","","","",""
"61328002","LE PIN-AU-HARAS -INRAE",48.735833,0.128167,176,2002092413,0.,1,"","","","","","","","","","","","","","","","","","","","","","","","","","","","","","","","","","",14.6,1,"","","","","","","","","","","","","","","","","","","","","","","","","","","","",56,1,"","","","","","","","","","","","","","","","","","","","","","","","","","","","","","","","","","","","","","","","","","","","","","","","","","","","","","","","","","","","","","","","","","","","","","","","","","","","","","","","","","","","","","","","","","","","","","","","","","",210,1,"","","","","","","","","","","","","","","","","","","","","","","","","","","","","",""
"61328002","LE PIN-AU-HARAS -INRAE",48.735833,0.128167,176,2002092414,0.,1,"","","","","","","","","","","","","","","","","","","","","","","","","","","","","","","","","","",14.2,1,"","","","","","","","","","","","","","","","","","","","","","","","","","","","",54,1,"","","","","","","","","","","","","","","","","","","","","","","","","","","","","","","","","","","","","","","","","","","","","","","","","","","","","","","","","","","","","","","","","","","","","","","","","","","","","","","","","","","","","","","","","","","","","","","","","","",198,1,"","","","","","","","","","","","","","","","","","","","","","","","","","","","","",""
"61328002","LE PIN-AU-HARAS -INRAE",48.735833,0.128167,176,2002092415,0.,1,"","","","","","","","","","","","","","","","","","","","","","","","","","","","","","","","","","",15.,1,"","","","","","","","","","","","","","","","","","","","","","","","","","","","",51,1,"","","","","","","","","","","","","","","","","","","","","","","","","","","","","","","","","","","","","","","","","","","","","","","","","","","","","","","","","","","","","","","","","","","","","","","","","","","","","","","","","","","","","","","","","","","","","","","","","","",162,1,"","","","","","","","","","","","","","","","","","","","","","","","","","","","","",""
"61328002","LE PIN-AU-HARAS -INRAE",48.735833,0.128167,176,2002092416,0.,1,"","","","","","","","","","","","","","","","","","","","","","","","","","","","","","","","","","",15.1,1,"","","","","","","","","","","","","","","","","","","","","","","","","","","","",49,1,"","","","","","","","","","","","","","","","","","","","","","","","","","","","","","","","","","","","","","","","","","","","","","","","","","","","","","","","","","","","","","","","","","","","","","","","","","","","","","","","","","","","","","","","","","","","","","","","","","",118,1,"","","","","","","","","","","","","","","","","","","","","","","","","","","","","",""
"61328002","LE PIN-AU-HARAS -INRAE",48.735833,0.128167,176,2002092417,0.,1,"","","","","","","","","","","","","","","","","","","","","","","","","","","","","","","","","","",13.8,1,"","","","","","","","","","","","","","","","","","","","","","","","","","","","",46,1,"","","","","","","","","","","","","","","","","","","","","","","","","","","","","","","","","","","","","","","","","","","","","","","","","","","","","","","","","","","","","","","","","","","","","","","","","","","","","","","","","","","","","","","","","","","","","","","","","","",46,1,"","","","","","","","","","","","","","","","","","","","","","","","","","","","","",""
"61328002","LE PIN-AU-HARAS -INRAE",48.735833,0.128167,176,2002092418,0.,1,"","","","","","","","","","","","","","","","","","","","","","","","","","","","","","","","","","",10.2,1,"","","","","","","","","","","","","","","","","","","","","","","","","","","","",56,1,"","","","","","","","","","","","","","","","","","","","","","","","","","","","","","","","","","","","","","","","","","","","","","","","","","","","","","","","","","","","","","","","","","","","","","","","","","","","","","","","","","","","","","","","","","","","","","","","","","",4,1,"","","","","","","","","","","","","","","","","","","","","","","","","","","","","",""
"61328002","LE PIN-AU-HARAS -INRAE",48.735833,0.128167,176,2002092419,0.,1,"","","","","","","","","","","","","","","","","","","","","","","","","","","","","","","","","","",7.7,1,"","","","","","","","","","","","","","","","","","","","","","","","","","","","",74,1,"","","","","","","","","","","","","","","","","","","","","","","","","","","","","","","","","","","","","","","","","","","","","","","","","","","","","","","","","","","","","","","","","","","","","","","","","","","","","","","","","","","","","","","","","","","","","","","","","","",0,1,"","","","","","","","","","","","","","","","","","","","","","","","","","","","","",""
"61328002","LE PIN-AU-HARAS -INRAE",48.735833,0.128167,176,2002092420,0.,1,"","","","","","","","","","","","","","","","","","","","","","","","","","","","","","","","","","",5.5,1,"","","","","","","","","","","","","","","","","","","","","","","","","","","","",79,1,"","","","","","","","","","","","","","","","","","","","","","","","","","","","","","","","","","","","","","","","","","","","","","","","","","","","","","","","","","","","","","","","","","","","","","","","","","","","","","","","","","","","","","","","","","","","","","","","","","",0,1,"","","","","","","","","","","","","","","","","","","","","","","","","","","","","",""
"61328002","LE PIN-AU-HARAS -INRAE",48.735833,0.128167,176,2002092421,0.,1,"","","","","","","","","","","","","","","","","","","","","","","","","","","","","","","","","","",5.3,1,"","","","","","","","","","","","","","","","","","","","","","","","","","","","",73,1,"","","","","","","","","","","","","","","","","","","","","","","","","","","","","","","","","","","","","","","","","","","","","","","","","","","","","","","","","","","","","","","","","","","","","","","","","","","","","","","","","","","","","","","","","","","","","","","","","","",0,1,"","","","","","","","","","","","","","","","","","","","","","","","","","","","","",""
"61328002","LE PIN-AU-HARAS -INRAE",48.735833,0.128167,176,2002092422,0.,1,"","","","","","","","","","","","","","","","","","","","","","","","","","","","","","","","","","",4.4,1,"","","","","","","","","","","","","","","","","","","","","","","","","","","","",85,1,"","","","","","","","","","","","","","","","","","","","","","","","","","","","","","","","","","","","","","","","","","","","","","","","","","","","","","","","","","","","","","","","","","","","","","","","","","","","","","","","","","","","","","","","","","","","","","","","","","",0,1,"","","","","","","","","","","","","","","","","","","","","","","","","","","","","",""
"61328002","LE PIN-AU-HARAS -INRAE",48.735833,0.128167,176,2002092423,0.,1,"","","","","","","","","","","","","","","","","","","","","","","","","","","","","","","","","","",3.5,1,"","","","","","","","","","","","","","","","","","","","","","","","","","","","",90,1,"","","","","","","","","","","","","","","","","","","","","","","","","","","","","","","","","","","","","","","","","","","","","","","","","","","","","","","","","","","","","","","","","","","","","","","","","","","","","","","","","","","","","","","","","","","","","","","","","","",0,1,"","","","","","","","","","","","","","","","","","","","","","","","","","","","","",""
"61328002","LE PIN-AU-HARAS -INRAE",48.735833,0.128167,176,2002092500,0.,1,"","","","","","","","","","","","","","","","","","","","","","","","","","","","","","","","","","",3.2,1,"","","","","","","","","","","","","","","","","","","","","","","","","","","","",93,1,"","","","","","","","","","","","","","","","","","","","","","","","","","","","","","","","","","","","","","","","","","","","","","","","","","","","","","","","","","","","","","","","","","","","","","","","","","","","","","","","","","","","","","","","","","","","","","","","","","",0,1,"","","","","","","","","","","","","","","","","","","","","","","","","","","","","",""
"61328002","LE PIN-AU-HARAS -INRAE",48.735833,0.128167,176,2002092501,0.,1,"","","","","","","","","","","","","","","","","","","","","","","","","","","","","","","","","","",3.4,1,"","","","","","","","","","","","","","","","","","","","","","","","","","","","",93,1,"","","","","","","","","","","","","","","","","","","","","","","","","","","","","","","","","","","","","","","","","","","","","","","","","","","","","","","","","","","","","","","","","","","","","","","","","","","","","","","","","","","","","","","","","","","","","","","","","","",0,1,"","","","","","","","","","","","","","","","","","","","","","","","","","","","","",""
"61328002","LE PIN-AU-HARAS -INRAE",48.735833,0.128167,176,2002092502,0.,1,"","","","","","","","","","","","","","","","","","","","","","","","","","","","","","","","","","",3.,1,"","","","","","","","","","","","","","","","","","","","","","","","","","","","",96,1,"","","","","","","","","","","","","","","","","","","","","","","","","","","","","","","","","","","","","","","","","","","","","","","","","","","","","","","","","","","","","","","","","","","","","","","","","","","","","","","","","","","","","","","","","","","","","","","","","","",0,1,"","","","","","","","","","","","","","","","","","","","","","","","","","","","","",""
"61328002","LE PIN-AU-HARAS -INRAE",48.735833,0.128167,176,2002092503,0.,1,"","","","","","","","","","","","","","","","","","","","","","","","","","","","","","","","","","",1.8,1,"","","","","","","","","","","","","","","","","","","","","","","","","","","","",96,1,"","","","","","","","","","","","","","","","","","","","","","","","","","","","","","","","","","","","","","","","","","","","","","","","","","","","","","","","","","","","","","","","","","","","","","","","","","","","","","","","","","","","","","","","","","","","","","","","","","",0,1,"","","","","","","","","","","","","","","","","","","","","","","","","","","","","",""
"61328002","LE PIN-AU-HARAS -INRAE",48.735833,0.128167,176,2002092504,0.,1,"","","","","","","","","","","","","","","","","","","","","","","","","","","","","","","","","","",1.2,1,"","","","","","","","","","","","","","","","","","","","","","","","","","","","",97,1,"","","","","","","","","","","","","","","","","","","","","","","","","","","","","","","","","","","","","","","","","","","","","","","","","","","","","","","","","","","","","","","","","","","","","","","","","","","","","","","","","","","","","","","","","","","","","","","","","","",0,1,"","","","","","","","","","","","","","","","","","","","","","","","","","","","","",""
"61328002","LE PIN-AU-HARAS -INRAE",48.735833,0.128167,176,2002092505,0.,1,"","","","","","","","","","","","","","","","","","","","","","","","","","","","","","","","","","",0.3,1,"","","","","","","","","","","","","","","","","","","","","","","","","","","","",97,1,"","","","","","","","","","","","","","","","","","","","","","","","","","","","","","","","","","","","","","","","","","","","","","","","","","","","","","","","","","","","","","","","","","","","","","","","","","","","","","","","","","","","","","","","","","","","","","","","","","",0,1,"","","","","","","","","","","","","","","","","","","","","","","","","","","","","",""
"61328002","LE PIN-AU-HARAS -INRAE",48.735833,0.128167,176,2002092506,0.,1,"","","","","","","","","","","","","","","","","","","","","","","","","","","","","","","","","","",0.5,1,"","","","","","","","","","","","","","","","","","","","","","","","","","","","",98,1,"","","","","","","","","","","","","","","","","","","","","","","","","","","","","","","","","","","","","","","","","","","","","","","","","","","","","","","","","","","","","","","","","","","","","","","","","","","","","","","","","","","","","","","","","","","","","","","","","","",0,1,"","","","","","","","","","","","","","","","","","","","","","","","","","","","","",""
"61328002","LE PIN-AU-HARAS -INRAE",48.735833,0.128167,176,2002092507,0.,1,"","","","","","","","","","","","","","","","","","","","","","","","","","","","","","","","","","",2.1,1,"","","","","","","","","","","","","","","","","","","","","","","","","","","","",100,1,"","","","","","","","","","","","","","","","","","","","","","","","","","","","","","","","","","","","","","","","","","","","","","","","","","","","","","","","","","","","","","","","","","","","","","","","","","","","","","","","","","","","","","","","","","","","","","","","","","",12,1,"","","","","","","","","","","","","","","","","","","","","","","","","","","","","",""
"61328002","LE PIN-AU-HARAS -INRAE",48.735833,0.128167,176,2002092508,0.,1,"","","","","","","","","","","","","","","","","","","","","","","","","","","","","","","","","","",8.1,1,"","","","","","","","","","","","","","","","","","","","","","","","","","","","",100,1,"","","","","","","","","","","","","","","","","","","","","","","","","","","","","","","","","","","","","","","","","","","","","","","","","","","","","","","","","","","","","","","","","","","","","","","","","","","","","","","","","","","","","","","","","","","","","","","","","","",58,1,"","","","","","","","","","","","","","","","","","","","","","","","","","","","","",""
"61328002","LE PIN-AU-HARAS -INRAE",48.735833,0.128167,176,2002092509,0.,1,"","","","","","","","","","","","","","","","","","","","","","","","","","","","","","","","","","",11.8,1,"","","","","","","","","","","","","","","","","","","","","","","","","","","","",75,1,"","","","","","","","","","","","","","","","","","","","","","","","","","","","","","","","","","","","","","","","","","","","","","","","","","","","","","","","","","","","","","","","","","","","","","","","","","","","","","","","","","","","","","","","","","","","","","","","","","",134,1,"","","","","","","","","","","","","","","","","","","","","","","","","","","","","",""
"61328002","LE PIN-AU-HARAS -INRAE",48.735833,0.128167,176,2002092510,0.,1,"","","","","","","","","","","","","","","","","","","","","","","","","","","","","","","","","","",14.,1,"","","","","","","","","","","","","","","","","","","","","","","","","","","","",63,1,"","","","","","","","","","","","","","","","","","","","","","","","","","","","","","","","","","","","","","","","","","","","","","","","","","","","","","","","","","","","","","","","","","","","","","","","","","","","","","","","","","","","","","","","","","","","","","","","","","",180,1,"","","","","","","","","","","","","","","","","","","","","","","","","","","","","",""
"61328002","LE PIN-AU-HARAS -INRAE",48.735833,0.128167,176,2002092511,0.,1,"","","","","","","","","","","","","","","","","","","","","","","","","","","","","","","","","","",14.3,1,"","","","","","","","","","","","","","","","","","","","","","","","","","","","",63,1,"","","","","","","","","","","","","","","","","","","","","","","","","","","","","","","","","","","","","","","","","","","","","","","","","","","","","","","","","","","","","","","","","","","","","","","","","","","","","","","","","","","","","","","","","","","","","","","","","","",192,1,"","","","","","","","","","","","","","","","","","","","","","","","","","","","","",""
"61328002","LE PIN-AU-HARAS -INRAE",48.735833,0.128167,176,2002092512,0.,1,"","","","","","","","","","","","","","","","","","","","","","","","","","","","","","","","","","",15.2,1,"","","","","","","","","","","","","","","","","","","","","","","","","","","","",64,1,"","","","","","","","","","","","","","","","","","","","","","","","","","","","","","","","","","","","","","","","","","","","","","","","","","","","","","","","","","","","","","","","","","","","","","","","","","","","","","","","","","","","","","","","","","","","","","","","","","",210,1,"","","","","","","","","","","","","","","","","","","","","","","","","","","","","",""
"61328002","LE PIN-AU-HARAS -INRAE",48.735833,0.128167,176,2002092513,0.,1,"","","","","","","","","","","","","","","","","","","","","","","","","","","","","","","","","","",16.5,1,"","","","","","","","","","","","","","","","","","","","","","","","","","","","",65,1,"","","","","","","","","","","","","","","","","","","","","","","","","","","","","","","","","","","","","","","","","","","","","","","","","","","","","","","","","","","","","","","","","","","","","","","","","","","","","","","","","","","","","","","","","","","","","","","","","","",206,1,"","","","","","","","","","","","","","","","","","","","","","","","","","","","","",""
"61328002","LE PIN-AU-HARAS -INRAE",48.735833,0.128167,176,2002092514,0.,1,"","","","","","","","","","","","","","","","","","","","","","","","","","","","","","","","","","",15.3,1,"","","","","","","","","","","","","","","","","","","","","","","","","","","","",70,1,"","","","","","","","","","","","","","","","","","","","","","","","","","","","","","","","","","","","","","","","","","","","","","","","","","","","","","","","","","","","","","","","","","","","","","","","","","","","","","","","","","","","","","","","","","","","","","","","","","",138,1,"","","","","","","","","","","","","","","","","","","","","","","","","","","","","",""
"61328002","LE PIN-AU-HARAS -INRAE",48.735833,0.128167,176,2002092515,0.,1,"","","","","","","","","","","","","","","","","","","","","","","","","","","","","","","","","","",14.8,1,"","","","","","","","","","","","","","","","","","","","","","","","","","","","",69,1,"","","","","","","","","","","","","","","","","","","","","","","","","","","","","","","","","","","","","","","","","","","","","","","","","","","","","","","","","","","","","","","","","","","","","","","","","","","","","","","","","","","","","","","","","","","","","","","","","","",102,1,"","","","","","","","","","","","","","","","","","","","","","","","","","","","","",""
"61328002","LE PIN-AU-HARAS -INRAE",48.735833,0.128167,176,2002092516,0.,1,"","","","","","","","","","","","","","","","","","","","","","","","","","","","","","","","","","",15.5,1,"","","","","","","","","","","","","","","","","","","","","","","","","","","","",66,1,"","","","","","","","","","","","","","","","","","","","","","","","","","","","","","","","","","","","","","","","","","","","","","","","","","","","","","","","","","","","","","","","","","","","","","","","","","","","","","","","","","","","","","","","","","","","","","","","","","",72,1,"","","","","","","","","","","","","","","","","","","","","","","","","","","","","",""
"61328002","LE PIN-AU-HARAS -INRAE",48.735833,0.128167,176,2002092517,0.,1,"","","","","","","","","","","","","","","","","","","","","","","","","","","","","","","","","","",14.2,1,"","","","","","","","","","","","","","","","","","","","","","","","","","","","",68,1,"","","","","","","","","","","","","","","","","","","","","","","","","","","","","","","","","","","","","","","","","","","","","","","","","","","","","","","","","","","","","","","","","","","","","","","","","","","","","","","","","","","","","","","","","","","","","","","","","","",52,1,"","","","","","","","","","","","","","","","","","","","","","","","","","","","","",""
"61328002","LE PIN-AU-HARAS -INRAE",48.735833,0.128167,176,2002092518,0.,1,"","","","","","","","","","","","","","","","","","","","","","","","","","","","","","","","","","",11.8,1,"","","","","","","","","","","","","","","","","","","","","","","","","","","","",79,1,"","","","","","","","","","","","","","","","","","","","","","","","","","","","","","","","","","","","","","","","","","","","","","","","","","","","","","","","","","","","","","","","","","","","","","","","","","","","","","","","","","","","","","","","","","","","","","","","","","",10,1,"","","","","","","","","","","","","","","","","","","","","","","","","","","","","",""
"61328002","LE PIN-AU-HARAS -INRAE",48.735833,0.128167,176,2002092519,0.,1,"","","","","","","","","","","","","","","","","","","","","","","","","","","","","","","","","","",7.5,1,"","","","","","","","","","","","","","","","","","","","","","","","","","","","",91,1,"","","","","","","","","","","","","","","","","","","","","","","","","","","","","","","","","","","","","","","","","","","","","","","","","","","","","","","","","","","","","","","","","","","","","","","","","","","","","","","","","","","","","","","","","","","","","","","","","","",0,1,"","","","","","","","","","","","","","","","","","","","","","","","","","","","","",""
"61328002","LE PIN-AU-HARAS -INRAE",48.735833,0.128167,176,2002092520,0.,1,"","","","","","","","","","","","","","","","","","","","","","","","","","","","","","","","","","",6.4,1,"","","","","","","","","","","","","","","","","","","","","","","","","","","","",95,1,"","","","","","","","","","","","","","","","","","","","","","","","","","","","","","","","","","","","","","","","","","","","","","","","","","","","","","","","","","","","","","","","","","","","","","","","","","","","","","","","","","","","","","","","","","","","","","","","","","",0,1,"","","","","","","","","","","","","","","","","","","","","","","","","","","","","",""
"61328002","LE PIN-AU-HARAS -INRAE",48.735833,0.128167,176,2002092521,0.,1,"","","","","","","","","","","","","","","","","","","","","","","","","","","","","","","","","","",5.2,1,"","","","","","","","","","","","","","","","","","","","","","","","","","","","",97,1,"","","","","","","","","","","","","","","","","","","","","","","","","","","","","","","","","","","","","","","","","","","","","","","","","","","","","","","","","","","","","","","","","","","","","","","","","","","","","","","","","","","","","","","","","","","","","","","","","","",0,1,"","","","","","","","","","","","","","","","","","","","","","","","","","","","","",""
"61328002","LE PIN-AU-HARAS -INRAE",48.735833,0.128167,176,2002092522,0.,1,"","","","","","","","","","","","","","","","","","","","","","","","","","","","","","","","","","",4.4,1,"","","","","","","","","","","","","","","","","","","","","","","","","","","","",98,1,"","","","","","","","","","","","","","","","","","","","","","","","","","","","","","","","","","","","","","","","","","","","","","","","","","","","","","","","","","","","","","","","","","","","","","","","","","","","","","","","","","","","","","","","","","","","","","","","","","",0,1,"","","","","","","","","","","","","","","","","","","","","","","","","","","","","",""
"61328002","LE PIN-AU-HARAS -INRAE",48.735833,0.128167,176,2002092523,0.,1,"","","","","","","","","","","","","","","","","","","","","","","","","","","","","","","","","","",4.1,1,"","","","","","","","","","","","","","","","","","","","","","","","","","","","",99,1,"","","","","","","","","","","","","","","","","","","","","","","","","","","","","","","","","","","","","","","","","","","","","","","","","","","","","","","","","","","","","","","","","","","","","","","","","","","","","","","","","","","","","","","","","","","","","","","","","","",0,1,"","","","","","","","","","","","","","","","","","","","","","","","","","","","","",""
"61328002","LE PIN-AU-HARAS -INRAE",48.735833,0.128167,176,2002092600,0.,1,"","","","","","","","","","","","","","","","","","","","","","","","","","","","","","","","","","",3.8,1,"","","","","","","","","","","","","","","","","","","","","","","","","","","","",99,1,"","","","","","","","","","","","","","","","","","","","","","","","","","","","","","","","","","","","","","","","","","","","","","","","","","","","","","","","","","","","","","","","","","","","","","","","","","","","","","","","","","","","","","","","","","","","","","","","","","",0,1,"","","","","","","","","","","","","","","","","","","","","","","","","","","","","",""
"61328002","LE PIN-AU-HARAS -INRAE",48.735833,0.128167,176,2002092601,0.,1,"","","","","","","","","","","","","","","","","","","","","","","","","","","","","","","","","","",3.7,1,"","","","","","","","","","","","","","","","","","","","","","","","","","","","",100,1,"","","","","","","","","","","","","","","","","","","","","","","","","","","","","","","","","","","","","","","","","","","","","","","","","","","","","","","","","","","","","","","","","","","","","","","","","","","","","","","","","","","","","","","","","","","","","","","","","","",0,1,"","","","","","","","","","","","","","","","","","","","","","","","","","","","","",""
"61328002","LE PIN-AU-HARAS -INRAE",48.735833,0.128167,176,2002092602,0.,1,"","","","","","","","","","","","","","","","","","","","","","","","","","","","","","","","","","",4.,1,"","","","","","","","","","","","","","","","","","","","","","","","","","","","",100,1,"","","","","","","","","","","","","","","","","","","","","","","","","","","","","","","","","","","","","","","","","","","","","","","","","","","","","","","","","","","","","","","","","","","","","","","","","","","","","","","","","","","","","","","","","","","","","","","","","","",0,1,"","","","","","","","","","","","","","","","","","","","","","","","","","","","","",""
"61328002","LE PIN-AU-HARAS -INRAE",48.735833,0.128167,176,2002092603,0.,1,"","","","","","","","","","","","","","","","","","","","","","","","","","","","","","","","","","",4.2,1,"","","","","","","","","","","","","","","","","","","","","","","","","","","","",100,1,"","","","","","","","","","","","","","","","","","","","","","","","","","","","","","","","","","","","","","","","","","","","","","","","","","","","","","","","","","","","","","","","","","","","","","","","","","","","","","","","","","","","","","","","","","","","","","","","","","",0,1,"","","","","","","","","","","","","","","","","","","","","","","","","","","","","",""
"61328002","LE PIN-AU-HARAS -INRAE",48.735833,0.128167,176,2002092604,0.,1,"","","","","","","","","","","","","","","","","","","","","","","","","","","","","","","","","","",3.1,1,"","","","","","","","","","","","","","","","","","","","","","","","","","","","",100,1,"","","","","","","","","","","","","","","","","","","","","","","","","","","","","","","","","","","","","","","","","","","","","","","","","","","","","","","","","","","","","","","","","","","","","","","","","","","","","","","","","","","","","","","","","","","","","","","","","","",0,1,"","","","","","","","","","","","","","","","","","","","","","","","","","","","","",""
"61328002","LE PIN-AU-HARAS -INRAE",48.735833,0.128167,176,2002092605,0.,1,"","","","","","","","","","","","","","","","","","","","","","","","","","","","","","","","","","",4.3,1,"","","","","","","","","","","","","","","","","","","","","","","","","","","","",100,1,"","","","","","","","","","","","","","","","","","","","","","","","","","","","","","","","","","","","","","","","","","","","","","","","","","","","","","","","","","","","","","","","","","","","","","","","","","","","","","","","","","","","","","","","","","","","","","","","","","",0,1,"","","","","","","","","","","","","","","","","","","","","","","","","","","","","",""
"61328002","LE PIN-AU-HARAS -INRAE",48.735833,0.128167,176,2002092606,0.,1,"","","","","","","","","","","","","","","","","","","","","","","","","","","","","","","","","","",5.3,1,"","","","","","","","","","","","","","","","","","","","","","","","","","","","",100,1,"","","","","","","","","","","","","","","","","","","","","","","","","","","","","","","","","","","","","","","","","","","","","","","","","","","","","","","","","","","","","","","","","","","","","","","","","","","","","","","","","","","","","","","","","","","","","","","","","","",0,1,"","","","","","","","","","","","","","","","","","","","","","","","","","","","","",""
"61328002","LE PIN-AU-HARAS -INRAE",48.735833,0.128167,176,2002092607,0.,1,"","","","","","","","","","","","","","","","","","","","","","","","","","","","","","","","","","",9.,1,"","","","","","","","","","","","","","","","","","","","","","","","","","","","",100,1,"","","","","","","","","","","","","","","","","","","","","","","","","","","","","","","","","","","","","","","","","","","","","","","","","","","","","","","","","","","","","","","","","","","","","","","","","","","","","","","","","","","","","","","","","","","","","","","","","","",10,1,"","","","","","","","","","","","","","","","","","","","","","","","","","","","","",""
"61328002","LE PIN-AU-HARAS -INRAE",48.735833,0.128167,176,2002092608,0.,1,"","","","","","","","","","","","","","","","","","","","","","","","","","","","","","","","","","",11.,1,"","","","","","","","","","","","","","","","","","","","","","","","","","","","",100,1,"","","","","","","","","","","","","","","","","","","","","","","","","","","","","","","","","","","","","","","","","","","","","","","","","","","","","","","","","","","","","","","","","","","","","","","","","","","","","","","","","","","","","","","","","","","","","","","","","","",50,1,"","","","","","","","","","","","","","","","","","","","","","","","","","","","","",""
"61328002","LE PIN-AU-HARAS -INRAE",48.735833,0.128167,176,2002092609,0.,1,"","","","","","","","","","","","","","","","","","","","","","","","","","","","","","","","","","",11.4,1,"","","","","","","","","","","","","","","","","","","","","","","","","","","","",98,1,"","","","","","","","","","","","","","","","","","","","","","","","","","","","","","","","","","","","","","","","","","","","","","","","","","","","","","","","","","","","","","","","","","","","","","","","","","","","","","","","","","","","","","","","","","","","","","","","","","",22,1,"","","","","","","","","","","","","","","","","","","","","","","","","","","","","",""
"61328002","LE PIN-AU-HARAS -INRAE",48.735833,0.128167,176,2002092610,0.,1,"","","","","","","","","","","","","","","","","","","","","","","","","","","","","","","","","","",13.,1,"","","","","","","","","","","","","","","","","","","","","","","","","","","","",86,1,"","","","","","","","","","","","","","","","","","","","","","","","","","","","","","","","","","","","","","","","","","","","","","","","","","","","","","","","","","","","","","","","","","","","","","","","","","","","","","","","","","","","","","","","","","","","","","","","","","",66,1,"","","","","","","","","","","","","","","","","","","","","","","","","","","","","",""
"61328002","LE PIN-AU-HARAS -INRAE",48.735833,0.128167,176,2002092611,0.,1,"","","","","","","","","","","","","","","","","","","","","","","","","","","","","","","","","","",12.4,1,"","","","","","","","","","","","","","","","","","","","","","","","","","","","",91,1,"","","","","","","","","","","","","","","","","","","","","","","","","","","","","","","","","","","","","","","","","","","","","","","","","","","","","","","","","","","","","","","","","","","","","","","","","","","","","","","","","","","","","","","","","","","","","","","","","","",32,1,"","","","","","","","","","","","","","","","","","","","","","","","","","","","","",""
"61328002","LE PIN-AU-HARAS -INRAE",48.735833,0.128167,176,2002092612,0.,1,"","","","","","","","","","","","","","","","","","","","","","","","","","","","","","","","","","",12.8,1,"","","","","","","","","","","","","","","","","","","","","","","","","","","","",90,1,"","","","","","","","","","","","","","","","","","","","","","","","","","","","","","","","","","","","","","","","","","","","","","","","","","","","","","","","","","","","","","","","","","","","","","","","","","","","","","","","","","","","","","","","","","","","","","","","","","",34,1,"","","","","","","","","","","","","","","","","","","","","","","","","","","","","",""
"61328002","LE PIN-AU-HARAS -INRAE",48.735833,0.128167,176,2002092613,0.,1,"","","","","","","","","","","","","","","","","","","","","","","","","","","","","","","","","","",15.2,1,"","","","","","","","","","","","","","","","","","","","","","","","","","","","",79,1,"","","","","","","","","","","","","","","","","","","","","","","","","","","","","","","","","","","","","","","","","","","","","","","","","","","","","","","","","","","","","","","","","","","","","","","","","","","","","","","","","","","","","","","","","","","","","","","","","","",102,1,"","","","","","","","","","","","","","","","","","","","","","","","","","","","","",""
"61328002","LE PIN-AU-HARAS -INRAE",48.735833,0.128167,176,2002092614,0.,1,"","","","","","","","","","","","","","","","","","","","","","","","","","","","","","","","","","",14.9,1,"","","","","","","","","","","","","","","","","","","","","","","","","","","","",79,1,"","","","","","","","","","","","","","","","","","","","","","","","","","","","","","","","","","","","","","","","","","","","","","","","","","","","","","","","","","","","","","","","","","","","","","","","","","","","","","","","","","","","","","","","","","","","","","","","","","",74,1,"","","","","","","","","","","","","","","","","","","","","","","","","","","","","",""
"61328002","LE PIN-AU-HARAS -INRAE",48.735833,0.128167,176,2002092615,0.,1,"","","","","","","","","","","","","","","","","","","","","","","","","","","","","","","","","","",14.4,1,"","","","","","","","","","","","","","","","","","","","","","","","","","","","",86,1,"","","","","","","","","","","","","","","","","","","","","","","","","","","","","","","","","","","","","","","","","","","","","","","","","","","","","","","","","","","","","","","","","","","","","","","","","","","","","","","","","","","","","","","","","","","","","","","","","","",30,1,"","","","","","","","","","","","","","","","","","","","","","","","","","","","","",""
"61328002","LE PIN-AU-HARAS -INRAE",48.735833,0.128167,176,2002092616,0.,1,"","","","","","","","","","","","","","","","","","","","","","","","","","","","","","","","","","",14.9,1,"","","","","","","","","","","","","","","","","","","","","","","","","","","","",73,1,"","","","","","","","","","","","","","","","","","","","","","","","","","","","","","","","","","","","","","","","","","","","","","","","","","","","","","","","","","","","","","","","","","","","","","","","","","","","","","","","","","","","","","","","","","","","","","","","","","",40,1,"","","","","","","","","","","","","","","","","","","","","","","","","","","","","",""
"61328002","LE PIN-AU-HARAS -INRAE",48.735833,0.128167,176,2002092617,0.,1,"","","","","","","","","","","","","","","","","","","","","","","","","","","","","","","","","","",14.8,1,"","","","","","","","","","","","","","","","","","","","","","","","","","","","",75,1,"","","","","","","","","","","","","","","","","","","","","","","","","","","","","","","","","","","","","","","","","","","","","","","","","","","","","","","","","","","","","","","","","","","","","","","","","","","","","","","","","","","","","","","","","","","","","","","","","","",36,1,"","","","","","","","","","","","","","","","","","","","","","","","","","","","","",""
"61328002","LE PIN-AU-HARAS -INRAE",48.735833,0.128167,176,2002092618,0.,1,"","","","","","","","","","","","","","","","","","","","","","","","","","","","","","","","","","",13.6,1,"","","","","","","","","","","","","","","","","","","","","","","","","","","","",82,1,"","","","","","","","","","","","","","","","","","","","","","","","","","","","","","","","","","","","","","","","","","","","","","","","","","","","","","","","","","","","","","","","","","","","","","","","","","","","","","","","","","","","","","","","","","","","","","","","","","",6,1,"","","","","","","","","","","","","","","","","","","","","","","","","","","","","",""
"61328002","LE PIN-AU-HARAS -INRAE",48.735833,0.128167,176,2002092619,0.,1,"","","","","","","","","","","","","","","","","","","","","","","","","","","","","","","","","","",11.1,1,"","","","","","","","","","","","","","","","","","","","","","","","","","","","",92,1,"","","","","","","","","","","","","","","","","","","","","","","","","","","","","","","","","","","","","","","","","","","","","","","","","","","","","","","","","","","","","","","","","","","","","","","","","","","","","","","","","","","","","","","","","","","","","","","","","","",0,1,"","","","","","","","","","","","","","","","","","","","","","","","","","","","","",""
"61328002","LE PIN-AU-HARAS -INRAE",48.735833,0.128167,176,2002092620,0.,1,"","","","","","","","","","","","","","","","","","","","","","","","","","","","","","","","","","",7.7,1,"","","","","","","","","","","","","","","","","","","","","","","","","","","","",95,1,"","","","","","","","","","","","","","","","","","","","","","","","","","","","","","","","","","","","","","","","","","","","","","","","","","","","","","","","","","","","","","","","","","","","","","","","","","","","","","","","","","","","","","","","","","","","","","","","","","",0,1,"","","","","","","","","","","","","","","","","","","","","","","","","","","","","",""
"61328002","LE PIN-AU-HARAS -INRAE",48.735833,0.128167,176,2002092621,0.,1,"","","","","","","","","","","","","","","","","","","","","","","","","","","","","","","","","","",5.9,1,"","","","","","","","","","","","","","","","","","","","","","","","","","","","",97,1,"","","","","","","","","","","","","","","","","","","","","","","","","","","","","","","","","","","","","","","","","","","","","","","","","","","","","","","","","","","","","","","","","","","","","","","","","","","","","","","","","","","","","","","","","","","","","","","","","","",0,1,"","","","","","","","","","","","","","","","","","","","","","","","","","","","","",""
"61328002","LE PIN-AU-HARAS -INRAE",48.735833,0.128167,176,2002092622,0.,1,"","","","","","","","","","","","","","","","","","","","","","","","","","","","","","","","","","",4.9,1,"","","","","","","","","","","","","","","","","","","","","","","","","","","","",98,1,"","","","","","","","","","","","","","","","","","","","","","","","","","","","","","","","","","","","","","","","","","","","","","","","","","","","","","","","","","","","","","","","","","","","","","","","","","","","","","","","","","","","","","","","","","","","","","","","","","",0,1,"","","","","","","","","","","","","","","","","","","","","","","","","","","","","",""
"61328002","LE PIN-AU-HARAS -INRAE",48.735833,0.128167,176,2002092623,0.,1,"","","","","","","","","","","","","","","","","","","","","","","","","","","","","","","","","","",4.3,1,"","","","","","","","","","","","","","","","","","","","","","","","","","","","",99,1,"","","","","","","","","","","","","","","","","","","","","","","","","","","","","","","","","","","","","","","","","","","","","","","","","","","","","","","","","","","","","","","","","","","","","","","","","","","","","","","","","","","","","","","","","","","","","","","","","","",0,1,"","","","","","","","","","","","","","","","","","","","","","","","","","","","","",""
"61328002","LE PIN-AU-HARAS -INRAE",48.735833,0.128167,176,2002092700,0.,1,"","","","","","","","","","","","","","","","","","","","","","","","","","","","","","","","","","",3.4,1,"","","","","","","","","","","","","","","","","","","","","","","","","","","","",99,1,"","","","","","","","","","","","","","","","","","","","","","","","","","","","","","","","","","","","","","","","","","","","","","","","","","","","","","","","","","","","","","","","","","","","","","","","","","","","","","","","","","","","","","","","","","","","","","","","","","",0,1,"","","","","","","","","","","","","","","","","","","","","","","","","","","","","",""
"61328002","LE PIN-AU-HARAS -INRAE",48.735833,0.128167,176,2002092701,0.,1,"","","","","","","","","","","","","","","","","","","","","","","","","","","","","","","","","","",2.6,1,"","","","","","","","","","","","","","","","","","","","","","","","","","","","",100,1,"","","","","","","","","","","","","","","","","","","","","","","","","","","","","","","","","","","","","","","","","","","","","","","","","","","","","","","","","","","","","","","","","","","","","","","","","","","","","","","","","","","","","","","","","","","","","","","","","","",0,1,"","","","","","","","","","","","","","","","","","","","","","","","","","","","","",""
"61328002","LE PIN-AU-HARAS -INRAE",48.735833,0.128167,176,2002092702,0.,1,"","","","","","","","","","","","","","","","","","","","","","","","","","","","","","","","","","",2.6,1,"","","","","","","","","","","","","","","","","","","","","","","","","","","","",100,1,"","","","","","","","","","","","","","","","","","","","","","","","","","","","","","","","","","","","","","","","","","","","","","","","","","","","","","","","","","","","","","","","","","","","","","","","","","","","","","","","","","","","","","","","","","","","","","","","","","",0,1,"","","","","","","","","","","","","","","","","","","","","","","","","","","","","",""
"61328002","LE PIN-AU-HARAS -INRAE",48.735833,0.128167,176,2002092703,0.,1,"","","","","","","","","","","","","","","","","","","","","","","","","","","","","","","","","","",2.4,1,"","","","","","","","","","","","","","","","","","","","","","","","","","","","",100,1,"","","","","","","","","","","","","","","","","","","","","","","","","","","","","","","","","","","","","","","","","","","","","","","","","","","","","","","","","","","","","","","","","","","","","","","","","","","","","","","","","","","","","","","","","","","","","","","","","","",0,1,"","","","","","","","","","","","","","","","","","","","","","","","","","","","","",""
"61328002","LE PIN-AU-HARAS -INRAE",48.735833,0.128167,176,2002092704,0.,1,"","","","","","","","","","","","","","","","","","","","","","","","","","","","","","","","","","",2.3,1,"","","","","","","","","","","","","","","","","","","","","","","","","","","","",100,1,"","","","","","","","","","","","","","","","","","","","","","","","","","","","","","","","","","","","","","","","","","","","","","","","","","","","","","","","","","","","","","","","","","","","","","","","","","","","","","","","","","","","","","","","","","","","","","","","","","",0,1,"","","","","","","","","","","","","","","","","","","","","","","","","","","","","",""
"61328002","LE PIN-AU-HARAS -INRAE",48.735833,0.128167,176,2002092705,0.,1,"","","","","","","","","","","","","","","","","","","","","","","","","","","","","","","","","","",2.2,1,"","","","","","","","","","","","","","","","","","","","","","","","","","","","",100,1,"","","","","","","","","","","","","","","","","","","","","","","","","","","","","","","","","","","","","","","","","","","","","","","","","","","","","","","","","","","","","","","","","","","","","","","","","","","","","","","","","","","","","","","","","","","","","","","","","","",0,1,"","","","","","","","","","","","","","","","","","","","","","","","","","","","","",""
"61328002","LE PIN-AU-HARAS -INRAE",48.735833,0.128167,176,2002092706,0.,1,"","","","","","","","","","","","","","","","","","","","","","","","","","","","","","","","","","",2.4,1,"","","","","","","","","","","","","","","","","","","","","","","","","","","","",100,1,"","","","","","","","","","","","","","","","","","","","","","","","","","","","","","","","","","","","","","","","","","","","","","","","","","","","","","","","","","","","","","","","","","","","","","","","","","","","","","","","","","","","","","","","","","","","","","","","","","",0,1,"","","","","","","","","","","","","","","","","","","","","","","","","","","","","",""
"61328002","LE PIN-AU-HARAS -INRAE",48.735833,0.128167,176,2002092707,0.,1,"","","","","","","","","","","","","","","","","","","","","","","","","","","","","","","","","","",3.6,1,"","","","","","","","","","","","","","","","","","","","","","","","","","","","",100,1,"","","","","","","","","","","","","","","","","","","","","","","","","","","","","","","","","","","","","","","","","","","","","","","","","","","","","","","","","","","","","","","","","","","","","","","","","","","","","","","","","","","","","","","","","","","","","","","","","","",10,1,"","","","","","","","","","","","","","","","","","","","","","","","","","","","","",""
"61328002","LE PIN-AU-HARAS -INRAE",48.735833,0.128167,176,2002092708,0.,1,"","","","","","","","","","","","","","","","","","","","","","","","","","","","","","","","","","",7.2,1,"","","","","","","","","","","","","","","","","","","","","","","","","","","","",100,1,"","","","","","","","","","","","","","","","","","","","","","","","","","","","","","","","","","","","","","","","","","","","","","","","","","","","","","","","","","","","","","","","","","","","","","","","","","","","","","","","","","","","","","","","","","","","","","","","","","",48,1,"","","","","","","","","","","","","","","","","","","","","","","","","","","","","",""
"61328002","LE PIN-AU-HARAS -INRAE",48.735833,0.128167,176,2002092709,0.,1,"","","","","","","","","","","","","","","","","","","","","","","","","","","","","","","","","","",11.5,1,"","","","","","","","","","","","","","","","","","","","","","","","","","","","",100,1,"","","","","","","","","","","","","","","","","","","","","","","","","","","","","","","","","","","","","","","","","","","","","","","","","","","","","","","","","","","","","","","","","","","","","","","","","","","","","","","","","","","","","","","","","","","","","","","","","","",104,1,"","","","","","","","","","","","","","","","","","","","","","","","","","","","","",""
"61328002","LE PIN-AU-HARAS -INRAE",48.735833,0.128167,176,2002092710,0.,1,"","","","","","","","","","","","","","","","","","","","","","","","","","","","","","","","","","",14.7,1,"","","","","","","","","","","","","","","","","","","","","","","","","","","","",90,1,"","","","","","","","","","","","","","","","","","","","","","","","","","","","","","","","","","","","","","","","","","","","","","","","","","","","","","","","","","","","","","","","","","","","","","","","","","","","","","","","","","","","","","","","","","","","","","","","","","",140,1,"","","","","","","","","","","","","","","","","","","","","","","","","","","","","",""
"61328002","LE PIN-AU-HARAS -INRAE",48.735833,0.128167,176,2002092711,0.,1,"","","","","","","","","","","","","","","","","","","","","","","","","","","","","","","","","","",14.9,1,"","","","","","","","","","","","","","","","","","","","","","","","","","","","",58,1,"","","","","","","","","","","","","","","","","","","","","","","","","","","","","","","","","","","","","","","","","","","","","","","","","","","","","","","","","","","","","","","","","","","","","","","","","","","","","","","","","","","","","","","","","","","","","","","","","","",108,1,"","","","","","","","","","","","","","","","","","","","","","","","","","","","","",""
"61328002","LE PIN-AU-HARAS -INRAE",48.735833,0.128167,176,2002092712,0.,1,"","","","","","","","","","","","","","","","","","","","","","","","","","","","","","","","","","",16.6,1,"","","","","","","","","","","","","","","","","","","","","","","","","","","","",54,1,"","","","","","","","","","","","","","","","","","","","","","","","","","","","","","","","","","","","","","","","","","","","","","","","","","","","","","","","","","","","","","","","","","","","","","","","","","","","","","","","","","","","","","","","","","","","","","","","","","",214,1,"","","","","","","","","","","","","","","","","","","","","","","","","","","","","",""
"61328002","LE PIN-AU-HARAS -INRAE",48.735833,0.128167,176,2002092713,0.,1,"","","","","","","","","","","","","","","","","","","","","","","","","","","","","","","","","","",17.3,1,"","","","","","","","","","","","","","","","","","","","","","","","","","","","",49,1,"","","","","","","","","","","","","","","","","","","","","","","","","","","","","","","","","","","","","","","","","","","","","","","","","","","","","","","","","","","","","","","","","","","","","","","","","","","","","","","","","","","","","","","","","","","","","","","","","","",166,1,"","","","","","","","","","","","","","","","","","","","","","","","","","","","","",""
"61328002","LE PIN-AU-HARAS -INRAE",48.735833,0.128167,176,2002092714,0.,1,"","","","","","","","","","","","","","","","","","","","","","","","","","","","","","","","","","",16.9,1,"","","","","","","","","","","","","","","","","","","","","","","","","","","","",52,1,"","","","","","","","","","","","","","","","","","","","","","","","","","","","","","","","","","","","","","","","","","","","","","","","","","","","","","","","","","","","","","","","","","","","","","","","","","","","","","","","","","","","","","","","","","","","","","","","","","",156,1,"","","","","","","","","","","","","","","","","","","","","","","","","","","","","",""
"61328002","LE PIN-AU-HARAS -INRAE",48.735833,0.128167,176,2002092715,0.,1,"","","","","","","","","","","","","","","","","","","","","","","","","","","","","","","","","","",17.7,1,"","","","","","","","","","","","","","","","","","","","","","","","","","","","",54,1,"","","","","","","","","","","","","","","","","","","","","","","","","","","","","","","","","","","","","","","","","","","","","","","","","","","","","","","","","","","","","","","","","","","","","","","","","","","","","","","","","","","","","","","","","","","","","","","","","","",116,1,"","","","","","","","","","","","","","","","","","","","","","","","","","","","","",""
"61328002","LE PIN-AU-HARAS -INRAE",48.735833,0.128167,176,2002092716,0.,1,"","","","","","","","","","","","","","","","","","","","","","","","","","","","","","","","","","",16.9,1,"","","","","","","","","","","","","","","","","","","","","","","","","","","","",60,1,"","","","","","","","","","","","","","","","","","","","","","","","","","","","","","","","","","","","","","","","","","","","","","","","","","","","","","","","","","","","","","","","","","","","","","","","","","","","","","","","","","","","","","","","","","","","","","","","","","",54,1,"","","","","","","","","","","","","","","","","","","","","","","","","","","","","",""
"61328002","LE PIN-AU-HARAS -INRAE",48.735833,0.128167,176,2002092717,0.,1,"","","","","","","","","","","","","","","","","","","","","","","","","","","","","","","","","","",15.9,1,"","","","","","","","","","","","","","","","","","","","","","","","","","","","",64,1,"","","","","","","","","","","","","","","","","","","","","","","","","","","","","","","","","","","","","","","","","","","","","","","","","","","","","","","","","","","","","","","","","","","","","","","","","","","","","","","","","","","","","","","","","","","","","","","","","","",46,1,"","","","","","","","","","","","","","","","","","","","","","","","","","","","","",""
"61328002","LE PIN-AU-HARAS -INRAE",48.735833,0.128167,176,2002092718,0.,1,"","","","","","","","","","","","","","","","","","","","","","","","","","","","","","","","","","",11.2,1,"","","","","","","","","","","","","","","","","","","","","","","","","","","","",89,1,"","","","","","","","","","","","","","","","","","","","","","","","","","","","","","","","","","","","","","","","","","","","","","","","","","","","","","","","","","","","","","","","","","","","","","","","","","","","","","","","","","","","","","","","","","","","","","","","","","",8,1,"","","","","","","","","","","","","","","","","","","","","","","","","","","","","",""
"61328002","LE PIN-AU-HARAS -INRAE",48.735833,0.128167,176,2002092719,0.,1,"","","","","","","","","","","","","","","","","","","","","","","","","","","","","","","","","","",8.3,1,"","","","","","","","","","","","","","","","","","","","","","","","","","","","",94,1,"","","","","","","","","","","","","","","","","","","","","","","","","","","","","","","","","","","","","","","","","","","","","","","","","","","","","","","","","","","","","","","","","","","","","","","","","","","","","","","","","","","","","","","","","","","","","","","","","","",0,1,"","","","","","","","","","","","","","","","","","","","","","","","","","","","","",""
"61328002","LE PIN-AU-HARAS -INRAE",48.735833,0.128167,176,2002092720,0.,1,"","","","","","","","","","","","","","","","","","","","","","","","","","","","","","","","","","",7.4,1,"","","","","","","","","","","","","","","","","","","","","","","","","","","","",97,1,"","","","","","","","","","","","","","","","","","","","","","","","","","","","","","","","","","","","","","","","","","","","","","","","","","","","","","","","","","","","","","","","","","","","","","","","","","","","","","","","","","","","","","","","","","","","","","","","","","",0,1,"","","","","","","","","","","","","","","","","","","","","","","","","","","","","",""
"61328002","LE PIN-AU-HARAS -INRAE",48.735833,0.128167,176,2002092721,0.,1,"","","","","","","","","","","","","","","","","","","","","","","","","","","","","","","","","","",6.,1,"","","","","","","","","","","","","","","","","","","","","","","","","","","","",98,1,"","","","","","","","","","","","","","","","","","","","","","","","","","","","","","","","","","","","","","","","","","","","","","","","","","","","","","","","","","","","","","","","","","","","","","","","","","","","","","","","","","","","","","","","","","","","","","","","","","",0,1,"","","","","","","","","","","","","","","","","","","","","","","","","","","","","",""
"61328002","LE PIN-AU-HARAS -INRAE",48.735833,0.128167,176,2002092722,0.,1,"","","","","","","","","","","","","","","","","","","","","","","","","","","","","","","","","","",5.5,1,"","","","","","","","","","","","","","","","","","","","","","","","","","","","",99,1,"","","","","","","","","","","","","","","","","","","","","","","","","","","","","","","","","","","","","","","","","","","","","","","","","","","","","","","","","","","","","","","","","","","","","","","","","","","","","","","","","","","","","","","","","","","","","","","","","","",0,1,"","","","","","","","","","","","","","","","","","","","","","","","","","","","","",""
"61328002","LE PIN-AU-HARAS -INRAE",48.735833,0.128167,176,2002092723,0.,1,"","","","","","","","","","","","","","","","","","","","","","","","","","","","","","","","","","",4.6,1,"","","","","","","","","","","","","","","","","","","","","","","","","","","","",99,1,"","","","","","","","","","","","","","","","","","","","","","","","","","","","","","","","","","","","","","","","","","","","","","","","","","","","","","","","","","","","","","","","","","","","","","","","","","","","","","","","","","","","","","","","","","","","","","","","","","",0,1,"","","","","","","","","","","","","","","","","","","","","","","","","","","","","",""
"61328002","LE PIN-AU-HARAS -INRAE",48.735833,0.128167,176,2002092800,0.,1,"","","","","","","","","","","","","","","","","","","","","","","","","","","","","","","","","","",4.6,1,"","","","","","","","","","","","","","","","","","","","","","","","","","","","",100,1,"","","","","","","","","","","","","","","","","","","","","","","","","","","","","","","","","","","","","","","","","","","","","","","","","","","","","","","","","","","","","","","","","","","","","","","","","","","","","","","","","","","","","","","","","","","","","","","","","","",0,1,"","","","","","","","","","","","","","","","","","","","","","","","","","","","","",""
"61328002","LE PIN-AU-HARAS -INRAE",48.735833,0.128167,176,2002092801,0.,1,"","","","","","","","","","","","","","","","","","","","","","","","","","","","","","","","","","",3.8,1,"","","","","","","","","","","","","","","","","","","","","","","","","","","","",100,1,"","","","","","","","","","","","","","","","","","","","","","","","","","","","","","","","","","","","","","","","","","","","","","","","","","","","","","","","","","","","","","","","","","","","","","","","","","","","","","","","","","","","","","","","","","","","","","","","","","",0,1,"","","","","","","","","","","","","","","","","","","","","","","","","","","","","",""
"61328002","LE PIN-AU-HARAS -INRAE",48.735833,0.128167,176,2002092802,0.,1,"","","","","","","","","","","","","","","","","","","","","","","","","","","","","","","","","","",2.7,1,"","","","","","","","","","","","","","","","","","","","","","","","","","","","",100,1,"","","","","","","","","","","","","","","","","","","","","","","","","","","","","","","","","","","","","","","","","","","","","","","","","","","","","","","","","","","","","","","","","","","","","","","","","","","","","","","","","","","","","","","","","","","","","","","","","","",0,1,"","","","","","","","","","","","","","","","","","","","","","","","","","","","","",""
"61328002","LE PIN-AU-HARAS -INRAE",48.735833,0.128167,176,2002092803,0.,1,"","","","","","","","","","","","","","","","","","","","","","","","","","","","","","","","","","",2.6,1,"","","","","","","","","","","","","","","","","","","","","","","","","","","","",100,1,"","","","","","","","","","","","","","","","","","","","","","","","","","","","","","","","","","","","","","","","","","","","","","","","","","","","","","","","","","","","","","","","","","","","","","","","","","","","","","","","","","","","","","","","","","","","","","","","","","",0,1,"","","","","","","","","","","","","","","","","","","","","","","","","","","","","",""
"61328002","LE PIN-AU-HARAS -INRAE",48.735833,0.128167,176,2002092804,0.,1,"","","","","","","","","","","","","","","","","","","","","","","","","","","","","","","","","","",2.3,1,"","","","","","","","","","","","","","","","","","","","","","","","","","","","",100,1,"","","","","","","","","","","","","","","","","","","","","","","","","","","","","","","","","","","","","","","","","","","","","","","","","","","","","","","","","","","","","","","","","","","","","","","","","","","","","","","","","","","","","","","","","","","","","","","","","","",0,1,"","","","","","","","","","","","","","","","","","","","","","","","","","","","","",""
"61328002","LE PIN-AU-HARAS -INRAE",48.735833,0.128167,176,2002092805,0.,1,"","","","","","","","","","","","","","","","","","","","","","","","","","","","","","","","","","",2.3,1,"","","","","","","","","","","","","","","","","","","","","","","","","","","","",100,1,"","","","","","","","","","","","","","","","","","","","","","","","","","","","","","","","","","","","","","","","","","","","","","","","","","","","","","","","","","","","","","","","","","","","","","","","","","","","","","","","","","","","","","","","","","","","","","","","","","",0,1,"","","","","","","","","","","","","","","","","","","","","","","","","","","","","",""
"61328002","LE PIN-AU-HARAS -INRAE",48.735833,0.128167,176,2002092806,0.,1,"","","","","","","","","","","","","","","","","","","","","","","","","","","","","","","","","","",2.,1,"","","","","","","","","","","","","","","","","","","","","","","","","","","","",100,1,"","","","","","","","","","","","","","","","","","","","","","","","","","","","","","","","","","","","","","","","","","","","","","","","","","","","","","","","","","","","","","","","","","","","","","","","","","","","","","","","","","","","","","","","","","","","","","","","","","",0,1,"","","","","","","","","","","","","","","","","","","","","","","","","","","","","",""
"61328002","LE PIN-AU-HARAS -INRAE",48.735833,0.128167,176,2002092807,0.,1,"","","","","","","","","","","","","","","","","","","","","","","","","","","","","","","","","","",2.9,1,"","","","","","","","","","","","","","","","","","","","","","","","","","","","",100,1,"","","","","","","","","","","","","","","","","","","","","","","","","","","","","","","","","","","","","","","","","","","","","","","","","","","","","","","","","","","","","","","","","","","","","","","","","","","","","","","","","","","","","","","","","","","","","","","","","","",12,1,"","","","","","","","","","","","","","","","","","","","","","","","","","","","","",""
"61328002","LE PIN-AU-HARAS -INRAE",48.735833,0.128167,176,2002092808,0.,1,"","","","","","","","","","","","","","","","","","","","","","","","","","","","","","","","","","",8.7,1,"","","","","","","","","","","","","","","","","","","","","","","","","","","","",100,1,"","","","","","","","","","","","","","","","","","","","","","","","","","","","","","","","","","","","","","","","","","","","","","","","","","","","","","","","","","","","","","","","","","","","","","","","","","","","","","","","","","","","","","","","","","","","","","","","","","",62,1,"","","","","","","","","","","","","","","","","","","","","","","","","","","","","",""
"61328002","LE PIN-AU-HARAS -INRAE",48.735833,0.128167,176,2002092809,0.,1,"","","","","","","","","","","","","","","","","","","","","","","","","","","","","","","","","","",14.9,1,"","","","","","","","","","","","","","","","","","","","","","","","","","","","",100,1,"","","","","","","","","","","","","","","","","","","","","","","","","","","","","","","","","","","","","","","","","","","","","","","","","","","","","","","","","","","","","","","","","","","","","","","","","","","","","","","","","","","","","","","","","","","","","","","","","","",104,1,"","","","","","","","","","","","","","","","","","","","","","","","","","","","","",""
"61328002","LE PIN-AU-HARAS -INRAE",48.735833,0.128167,176,2002092810,0.,1,"","","","","","","","","","","","","","","","","","","","","","","","","","","","","","","","","","",17.1,1,"","","","","","","","","","","","","","","","","","","","","","","","","","","","",66,1,"","","","","","","","","","","","","","","","","","","","","","","","","","","","","","","","","","","","","","","","","","","","","","","","","","","","","","","","","","","","","","","","","","","","","","","","","","","","","","","","","","","","","","","","","","","","","","","","","","",178,1,"","","","","","","","","","","","","","","","","","","","","","","","","","","","","",""
"61328002","LE PIN-AU-HARAS -INRAE",48.735833,0.128167,176,2002092811,0.,1,"","","","","","","","","","","","","","","","","","","","","","","","","","","","","","","","","","",18.,1,"","","","","","","","","","","","","","","","","","","","","","","","","","","","",62,1,"","","","","","","","","","","","","","","","","","","","","","","","","","","","","","","","","","","","","","","","","","","","","","","","","","","","","","","","","","","","","","","","","","","","","","","","","","","","","","","","","","","","","","","","","","","","","","","","","","",200,1,"","","","","","","","","","","","","","","","","","","","","","","","","","","","","",""
"61328002","LE PIN-AU-HARAS -INRAE",48.735833,0.128167,176,2002092812,0.,1,"","","","","","","","","","","","","","","","","","","","","","","","","","","","","","","","","","",19.,1,"","","","","","","","","","","","","","","","","","","","","","","","","","","","",60,1,"","","","","","","","","","","","","","","","","","","","","","","","","","","","","","","","","","","","","","","","","","","","","","","","","","","","","","","","","","","","","","","","","","","","","","","","","","","","","","","","","","","","","","","","","","","","","","","","","","",224,1,"","","","","","","","","","","","","","","","","","","","","","","","","","","","","",""
"61328002","LE PIN-AU-HARAS -INRAE",48.735833,0.128167,176,2002092813,0.,1,"","","","","","","","","","","","","","","","","","","","","","","","","","","","","","","","","","",18.1,1,"","","","","","","","","","","","","","","","","","","","","","","","","","","","",59,1,"","","","","","","","","","","","","","","","","","","","","","","","","","","","","","","","","","","","","","","","","","","","","","","","","","","","","","","","","","","","","","","","","","","","","","","","","","","","","","","","","","","","","","","","","","","","","","","","","","",186,1,"","","","","","","","","","","","","","","","","","","","","","","","","","","","","",""
"61328002","LE PIN-AU-HARAS -INRAE",48.735833,0.128167,176,2002092814,0.,1,"","","","","","","","","","","","","","","","","","","","","","","","","","","","","","","","","","",19.,1,"","","","","","","","","","","","","","","","","","","","","","","","","","","","",52,1,"","","","","","","","","","","","","","","","","","","","","","","","","","","","","","","","","","","","","","","","","","","","","","","","","","","","","","","","","","","","","","","","","","","","","","","","","","","","","","","","","","","","","","","","","","","","","","","","","","",160,1,"","","","","","","","","","","","","","","","","","","","","","","","","","","","","",""
"61328002","LE PIN-AU-HARAS -INRAE",48.735833,0.128167,176,2002092815,0.,1,"","","","","","","","","","","","","","","","","","","","","","","","","","","","","","","","","","",17.9,1,"","","","","","","","","","","","","","","","","","","","","","","","","","","","",57,1,"","","","","","","","","","","","","","","","","","","","","","","","","","","","","","","","","","","","","","","","","","","","","","","","","","","","","","","","","","","","","","","","","","","","","","","","","","","","","","","","","","","","","","","","","","","","","","","","","","",148,1,"","","","","","","","","","","","","","","","","","","","","","","","","","","","","",""
"61328002","LE PIN-AU-HARAS -INRAE",48.735833,0.128167,176,2002092816,0.,1,"","","","","","","","","","","","","","","","","","","","","","","","","","","","","","","","","","",18.2,1,"","","","","","","","","","","","","","","","","","","","","","","","","","","","",57,1,"","","","","","","","","","","","","","","","","","","","","","","","","","","","","","","","","","","","","","","","","","","","","","","","","","","","","","","","","","","","","","","","","","","","","","","","","","","","","","","","","","","","","","","","","","","","","","","","","","",112,1,"","","","","","","","","","","","","","","","","","","","","","","","","","","","","",""
"61328002","LE PIN-AU-HARAS -INRAE",48.735833,0.128167,176,2002092817,0.,1,"","","","","","","","","","","","","","","","","","","","","","","","","","","","","","","","","","",16.4,1,"","","","","","","","","","","","","","","","","","","","","","","","","","","","",66,1,"","","","","","","","","","","","","","","","","","","","","","","","","","","","","","","","","","","","","","","","","","","","","","","","","","","","","","","","","","","","","","","","","","","","","","","","","","","","","","","","","","","","","","","","","","","","","","","","","","",36,1,"","","","","","","","","","","","","","","","","","","","","","","","","","","","","",""
"61328002","LE PIN-AU-HARAS -INRAE",48.735833,0.128167,176,2002092818,0.,1,"","","","","","","","","","","","","","","","","","","","","","","","","","","","","","","","","","",11.9,1,"","","","","","","","","","","","","","","","","","","","","","","","","","","","",80,1,"","","","","","","","","","","","","","","","","","","","","","","","","","","","","","","","","","","","","","","","","","","","","","","","","","","","","","","","","","","","","","","","","","","","","","","","","","","","","","","","","","","","","","","","","","","","","","","","","","",4,1,"","","","","","","","","","","","","","","","","","","","","","","","","","","","","",""
"61328002","LE PIN-AU-HARAS -INRAE",48.735833,0.128167,176,2002092819,0.,1,"","","","","","","","","","","","","","","","","","","","","","","","","","","","","","","","","","",8.6,1,"","","","","","","","","","","","","","","","","","","","","","","","","","","","",93,1,"","","","","","","","","","","","","","","","","","","","","","","","","","","","","","","","","","","","","","","","","","","","","","","","","","","","","","","","","","","","","","","","","","","","","","","","","","","","","","","","","","","","","","","","","","","","","","","","","","",0,1,"","","","","","","","","","","","","","","","","","","","","","","","","","","","","",""
"61328002","LE PIN-AU-HARAS -INRAE",48.735833,0.128167,176,2002092820,0.,1,"","","","","","","","","","","","","","","","","","","","","","","","","","","","","","","","","","",7.1,1,"","","","","","","","","","","","","","","","","","","","","","","","","","","","",96,1,"","","","","","","","","","","","","","","","","","","","","","","","","","","","","","","","","","","","","","","","","","","","","","","","","","","","","","","","","","","","","","","","","","","","","","","","","","","","","","","","","","","","","","","","","","","","","","","","","","",0,1,"","","","","","","","","","","","","","","","","","","","","","","","","","","","","",""
"61328002","LE PIN-AU-HARAS -INRAE",48.735833,0.128167,176,2002092821,0.,1,"","","","","","","","","","","","","","","","","","","","","","","","","","","","","","","","","","",6.4,1,"","","","","","","","","","","","","","","","","","","","","","","","","","","","",98,1,"","","","","","","","","","","","","","","","","","","","","","","","","","","","","","","","","","","","","","","","","","","","","","","","","","","","","","","","","","","","","","","","","","","","","","","","","","","","","","","","","","","","","","","","","","","","","","","","","","",0,1,"","","","","","","","","","","","","","","","","","","","","","","","","","","","","",""
"61328002","LE PIN-AU-HARAS -INRAE",48.735833,0.128167,176,2002092822,0.,1,"","","","","","","","","","","","","","","","","","","","","","","","","","","","","","","","","","",6.4,1,"","","","","","","","","","","","","","","","","","","","","","","","","","","","",100,1,"","","","","","","","","","","","","","","","","","","","","","","","","","","","","","","","","","","","","","","","","","","","","","","","","","","","","","","","","","","","","","","","","","","","","","","","","","","","","","","","","","","","","","","","","","","","","","","","","","",0,1,"","","","","","","","","","","","","","","","","","","","","","","","","","","","","",""
"61328002","LE PIN-AU-HARAS -INRAE",48.735833,0.128167,176,2002092823,0.,1,"","","","","","","","","","","","","","","","","","","","","","","","","","","","","","","","","","",6.3,1,"","","","","","","","","","","","","","","","","","","","","","","","","","","","",100,1,"","","","","","","","","","","","","","","","","","","","","","","","","","","","","","","","","","","","","","","","","","","","","","","","","","","","","","","","","","","","","","","","","","","","","","","","","","","","","","","","","","","","","","","","","","","","","","","","","","",0,1,"","","","","","","","","","","","","","","","","","","","","","","","","","","","","",""
"61328002","LE PIN-AU-HARAS -INRAE",48.735833,0.128167,176,2002092900,0.,1,"","","","","","","","","","","","","","","","","","","","","","","","","","","","","","","","","","",7.4,1,"","","","","","","","","","","","","","","","","","","","","","","","","","","","",100,1,"","","","","","","","","","","","","","","","","","","","","","","","","","","","","","","","","","","","","","","","","","","","","","","","","","","","","","","","","","","","","","","","","","","","","","","","","","","","","","","","","","","","","","","","","","","","","","","","","","",0,1,"","","","","","","","","","","","","","","","","","","","","","","","","","","","","",""
"61328002","LE PIN-AU-HARAS -INRAE",48.735833,0.128167,176,2002092901,0.,1,"","","","","","","","","","","","","","","","","","","","","","","","","","","","","","","","","","",4.9,1,"","","","","","","","","","","","","","","","","","","","","","","","","","","","",99,1,"","","","","","","","","","","","","","","","","","","","","","","","","","","","","","","","","","","","","","","","","","","","","","","","","","","","","","","","","","","","","","","","","","","","","","","","","","","","","","","","","","","","","","","","","","","","","","","","","","",0,1,"","","","","","","","","","","","","","","","","","","","","","","","","","","","","",""
"61328002","LE PIN-AU-HARAS -INRAE",48.735833,0.128167,176,2002092902,0.,1,"","","","","","","","","","","","","","","","","","","","","","","","","","","","","","","","","","",5.3,1,"","","","","","","","","","","","","","","","","","","","","","","","","","","","",100,1,"","","","","","","","","","","","","","","","","","","","","","","","","","","","","","","","","","","","","","","","","","","","","","","","","","","","","","","","","","","","","","","","","","","","","","","","","","","","","","","","","","","","","","","","","","","","","","","","","","",0,1,"","","","","","","","","","","","","","","","","","","","","","","","","","","","","",""
"61328002","LE PIN-AU-HARAS -INRAE",48.735833,0.128167,176,2002092903,0.,1,"","","","","","","","","","","","","","","","","","","","","","","","","","","","","","","","","","",4.1,1,"","","","","","","","","","","","","","","","","","","","","","","","","","","","",100,1,"","","","","","","","","","","","","","","","","","","","","","","","","","","","","","","","","","","","","","","","","","","","","","","","","","","","","","","","","","","","","","","","","","","","","","","","","","","","","","","","","","","","","","","","","","","","","","","","","","",0,1,"","","","","","","","","","","","","","","","","","","","","","","","","","","","","",""
"61328002","LE PIN-AU-HARAS -INRAE",48.735833,0.128167,176,2002092904,0.,1,"","","","","","","","","","","","","","","","","","","","","","","","","","","","","","","","","","",2.4,1,"","","","","","","","","","","","","","","","","","","","","","","","","","","","",100,1,"","","","","","","","","","","","","","","","","","","","","","","","","","","","","","","","","","","","","","","","","","","","","","","","","","","","","","","","","","","","","","","","","","","","","","","","","","","","","","","","","","","","","","","","","","","","","","","","","","",0,1,"","","","","","","","","","","","","","","","","","","","","","","","","","","","","",""
"61328002","LE PIN-AU-HARAS -INRAE",48.735833,0.128167,176,2002092905,0.,1,"","","","","","","","","","","","","","","","","","","","","","","","","","","","","","","","","","",2.7,1,"","","","","","","","","","","","","","","","","","","","","","","","","","","","",100,1,"","","","","","","","","","","","","","","","","","","","","","","","","","","","","","","","","","","","","","","","","","","","","","","","","","","","","","","","","","","","","","","","","","","","","","","","","","","","","","","","","","","","","","","","","","","","","","","","","","",0,1,"","","","","","","","","","","","","","","","","","","","","","","","","","","","","",""
"61328002","LE PIN-AU-HARAS -INRAE",48.735833,0.128167,176,2002092906,0.,1,"","","","","","","","","","","","","","","","","","","","","","","","","","","","","","","","","","",2.5,1,"","","","","","","","","","","","","","","","","","","","","","","","","","","","",100,1,"","","","","","","","","","","","","","","","","","","","","","","","","","","","","","","","","","","","","","","","","","","","","","","","","","","","","","","","","","","","","","","","","","","","","","","","","","","","","","","","","","","","","","","","","","","","","","","","","","",0,1,"","","","","","","","","","","","","","","","","","","","","","","","","","","","","",""
"61328002","LE PIN-AU-HARAS -INRAE",48.735833,0.128167,176,2002092907,0.5,1,"","","","","","","","","","","","","","","","","","","","","","","","","","","","","","","","","","",3.4,1,"","","","","","","","","","","","","","","","","","","","","","","","","","","","",100,1,"","","","","","","","","","","","","","","","","","","","","","","","","","","","","","","","","","","","","","","","","","","","","","","","","","","","","","","","","","","","","","","","","","","","","","","","","","","","","","","","","","","","","","","","","","","","","","","","","","",6,1,"","","","","","","","","","","","","","","","","","","","","","","","","","","","","",""
"61328002","LE PIN-AU-HARAS -INRAE",48.735833,0.128167,176,2002092908,0.,1,"","","","","","","","","","","","","","","","","","","","","","","","","","","","","","","","","","",10.1,1,"","","","","","","","","","","","","","","","","","","","","","","","","","","","",100,1,"","","","","","","","","","","","","","","","","","","","","","","","","","","","","","","","","","","","","","","","","","","","","","","","","","","","","","","","","","","","","","","","","","","","","","","","","","","","","","","","","","","","","","","","","","","","","","","","","","",68,1,"","","","","","","","","","","","","","","","","","","","","","","","","","","","","",""
"61328002","LE PIN-AU-HARAS -INRAE",48.735833,0.128167,176,2002092909,0.,1,"","","","","","","","","","","","","","","","","","","","","","","","","","","","","","","","","","",14.1,1,"","","","","","","","","","","","","","","","","","","","","","","","","","","","",68,1,"","","","","","","","","","","","","","","","","","","","","","","","","","","","","","","","","","","","","","","","","","","","","","","","","","","","","","","","","","","","","","","","","","","","","","","","","","","","","","","","","","","","","","","","","","","","","","","","","","",98,1,"","","","","","","","","","","","","","","","","","","","","","","","","","","","","",""
"61328002","LE PIN-AU-HARAS -INRAE",48.735833,0.128167,176,2002092910,0.,1,"","","","","","","","","","","","","","","","","","","","","","","","","","","","","","","","","","",16.2,1,"","","","","","","","","","","","","","","","","","","","","","","","","","","","",54,1,"","","","","","","","","","","","","","","","","","","","","","","","","","","","","","","","","","","","","","","","","","","","","","","","","","","","","","","","","","","","","","","","","","","","","","","","","","","","","","","","","","","","","","","","","","","","","","","","","","",182,1,"","","","","","","","","","","","","","","","","","","","","","","","","","","","","",""
"61328002","LE PIN-AU-HARAS -INRAE",48.735833,0.128167,176,2002092911,0.,1,"","","","","","","","","","","","","","","","","","","","","","","","","","","","","","","","","","",17.9,1,"","","","","","","","","","","","","","","","","","","","","","","","","","","","",45,1,"","","","","","","","","","","","","","","","","","","","","","","","","","","","","","","","","","","","","","","","","","","","","","","","","","","","","","","","","","","","","","","","","","","","","","","","","","","","","","","","","","","","","","","","","","","","","","","","","","",220,1,"","","","","","","","","","","","","","","","","","","","","","","","","","","","","",""
"61328002","LE PIN-AU-HARAS -INRAE",48.735833,0.128167,176,2002092912,0.,1,"","","","","","","","","","","","","","","","","","","","","","","","","","","","","","","","","","",19.1,1,"","","","","","","","","","","","","","","","","","","","","","","","","","","","",46,1,"","","","","","","","","","","","","","","","","","","","","","","","","","","","","","","","","","","","","","","","","","","","","","","","","","","","","","","","","","","","","","","","","","","","","","","","","","","","","","","","","","","","","","","","","","","","","","","","","","",238,1,"","","","","","","","","","","","","","","","","","","","","","","","","","","","","",""
"61328002","LE PIN-AU-HARAS -INRAE",48.735833,0.128167,176,2002092913,0.,1,"","","","","","","","","","","","","","","","","","","","","","","","","","","","","","","","","","",19.9,1,"","","","","","","","","","","","","","","","","","","","","","","","","","","","",41,1,"","","","","","","","","","","","","","","","","","","","","","","","","","","","","","","","","","","","","","","","","","","","","","","","","","","","","","","","","","","","","","","","","","","","","","","","","","","","","","","","","","","","","","","","","","","","","","","","","","",232,1,"","","","","","","","","","","","","","","","","","","","","","","","","","","","","",""
"61328002","LE PIN-AU-HARAS -INRAE",48.735833,0.128167,176,2002092914,0.,1,"","","","","","","","","","","","","","","","","","","","","","","","","","","","","","","","","","",21.2,1,"","","","","","","","","","","","","","","","","","","","","","","","","","","","",39,1,"","","","","","","","","","","","","","","","","","","","","","","","","","","","","","","","","","","","","","","","","","","","","","","","","","","","","","","","","","","","","","","","","","","","","","","","","","","","","","","","","","","","","","","","","","","","","","","","","","",198,1,"","","","","","","","","","","","","","","","","","","","","","","","","","","","","",""
"61328002","LE PIN-AU-HARAS -INRAE",48.735833,0.128167,176,2002092915,0.,1,"","","","","","","","","","","","","","","","","","","","","","","","","","","","","","","","","","",20.1,1,"","","","","","","","","","","","","","","","","","","","","","","","","","","","",32,1,"","","","","","","","","","","","","","","","","","","","","","","","","","","","","","","","","","","","","","","","","","","","","","","","","","","","","","","","","","","","","","","","","","","","","","","","","","","","","","","","","","","","","","","","","","","","","","","","","","",142,1,"","","","","","","","","","","","","","","","","","","","","","","","","","","","","",""
"61328002","LE PIN-AU-HARAS -INRAE",48.735833,0.128167,176,2002092916,0.,1,"","","","","","","","","","","","","","","","","","","","","","","","","","","","","","","","","","",19.1,1,"","","","","","","","","","","","","","","","","","","","","","","","","","","","",38,1,"","","","","","","","","","","","","","","","","","","","","","","","","","","","","","","","","","","","","","","","","","","","","","","","","","","","","","","","","","","","","","","","","","","","","","","","","","","","","","","","","","","","","","","","","","","","","","","","","","",108,1,"","","","","","","","","","","","","","","","","","","","","","","","","","","","","",""
"61328002","LE PIN-AU-HARAS -INRAE",48.735833,0.128167,176,2002092917,0.,1,"","","","","","","","","","","","","","","","","","","","","","","","","","","","","","","","","","",13.7,1,"","","","","","","","","","","","","","","","","","","","","","","","","","","","",65,1,"","","","","","","","","","","","","","","","","","","","","","","","","","","","","","","","","","","","","","","","","","","","","","","","","","","","","","","","","","","","","","","","","","","","","","","","","","","","","","","","","","","","","","","","","","","","","","","","","","",34,1,"","","","","","","","","","","","","","","","","","","","","","","","","","","","","",""
"61328002","LE PIN-AU-HARAS -INRAE",48.735833,0.128167,176,2002092918,0.,1,"","","","","","","","","","","","","","","","","","","","","","","","","","","","","","","","","","",9.,1,"","","","","","","","","","","","","","","","","","","","","","","","","","","","",86,1,"","","","","","","","","","","","","","","","","","","","","","","","","","","","","","","","","","","","","","","","","","","","","","","","","","","","","","","","","","","","","","","","","","","","","","","","","","","","","","","","","","","","","","","","","","","","","","","","","","",4,1,"","","","","","","","","","","","","","","","","","","","","","","","","","","","","",""
"61328002","LE PIN-AU-HARAS -INRAE",48.735833,0.128167,176,2002092919,0.,1,"","","","","","","","","","","","","","","","","","","","","","","","","","","","","","","","","","",6.,1,"","","","","","","","","","","","","","","","","","","","","","","","","","","","",93,1,"","","","","","","","","","","","","","","","","","","","","","","","","","","","","","","","","","","","","","","","","","","","","","","","","","","","","","","","","","","","","","","","","","","","","","","","","","","","","","","","","","","","","","","","","","","","","","","","","","",0,1,"","","","","","","","","","","","","","","","","","","","","","","","","","","","","",""
"61328002","LE PIN-AU-HARAS -INRAE",48.735833,0.128167,176,2002092920,0.,1,"","","","","","","","","","","","","","","","","","","","","","","","","","","","","","","","","","",4.8,1,"","","","","","","","","","","","","","","","","","","","","","","","","","","","",96,1,"","","","","","","","","","","","","","","","","","","","","","","","","","","","","","","","","","","","","","","","","","","","","","","","","","","","","","","","","","","","","","","","","","","","","","","","","","","","","","","","","","","","","","","","","","","","","","","","","","",0,1,"","","","","","","","","","","","","","","","","","","","","","","","","","","","","",""
"61328002","LE PIN-AU-HARAS -INRAE",48.735833,0.128167,176,2002092921,0.,1,"","","","","","","","","","","","","","","","","","","","","","","","","","","","","","","","","","",4.3,1,"","","","","","","","","","","","","","","","","","","","","","","","","","","","",97,1,"","","","","","","","","","","","","","","","","","","","","","","","","","","","","","","","","","","","","","","","","","","","","","","","","","","","","","","","","","","","","","","","","","","","","","","","","","","","","","","","","","","","","","","","","","","","","","","","","","",0,1,"","","","","","","","","","","","","","","","","","","","","","","","","","","","","",""
"61328002","LE PIN-AU-HARAS -INRAE",48.735833,0.128167,176,2002092922,0.,1,"","","","","","","","","","","","","","","","","","","","","","","","","","","","","","","","","","",5.3,1,"","","","","","","","","","","","","","","","","","","","","","","","","","","","",98,1,"","","","","","","","","","","","","","","","","","","","","","","","","","","","","","","","","","","","","","","","","","","","","","","","","","","","","","","","","","","","","","","","","","","","","","","","","","","","","","","","","","","","","","","","","","","","","","","","","","",0,1,"","","","","","","","","","","","","","","","","","","","","","","","","","","","","",""
"61328002","LE PIN-AU-HARAS -INRAE",48.735833,0.128167,176,2002092923,0.,1,"","","","","","","","","","","","","","","","","","","","","","","","","","","","","","","","","","",4.4,1,"","","","","","","","","","","","","","","","","","","","","","","","","","","","",94,1,"","","","","","","","","","","","","","","","","","","","","","","","","","","","","","","","","","","","","","","","","","","","","","","","","","","","","","","","","","","","","","","","","","","","","","","","","","","","","","","","","","","","","","","","","","","","","","","","","","",0,1,"","","","","","","","","","","","","","","","","","","","","","","","","","","","","",""
"61328002","LE PIN-AU-HARAS -INRAE",48.735833,0.128167,176,2002093000,0.,1,"","","","","","","","","","","","","","","","","","","","","","","","","","","","","","","","","","",3.2,1,"","","","","","","","","","","","","","","","","","","","","","","","","","","","",96,1,"","","","","","","","","","","","","","","","","","","","","","","","","","","","","","","","","","","","","","","","","","","","","","","","","","","","","","","","","","","","","","","","","","","","","","","","","","","","","","","","","","","","","","","","","","","","","","","","","","",0,1,"","","","","","","","","","","","","","","","","","","","","","","","","","","","","",""
"61328002","LE PIN-AU-HARAS -INRAE",48.735833,0.128167,176,2002093001,0.,1,"","","","","","","","","","","","","","","","","","","","","","","","","","","","","","","","","","",3.3,1,"","","","","","","","","","","","","","","","","","","","","","","","","","","","",97,1,"","","","","","","","","","","","","","","","","","","","","","","","","","","","","","","","","","","","","","","","","","","","","","","","","","","","","","","","","","","","","","","","","","","","","","","","","","","","","","","","","","","","","","","","","","","","","","","","","","",0,1,"","","","","","","","","","","","","","","","","","","","","","","","","","","","","",""
"61328002","LE PIN-AU-HARAS -INRAE",48.735833,0.128167,176,2002093002,0.,1,"","","","","","","","","","","","","","","","","","","","","","","","","","","","","","","","","","",3.7,1,"","","","","","","","","","","","","","","","","","","","","","","","","","","","",97,1,"","","","","","","","","","","","","","","","","","","","","","","","","","","","","","","","","","","","","","","","","","","","","","","","","","","","","","","","","","","","","","","","","","","","","","","","","","","","","","","","","","","","","","","","","","","","","","","","","","",0,1,"","","","","","","","","","","","","","","","","","","","","","","","","","","","","",""
"61328002","LE PIN-AU-HARAS -INRAE",48.735833,0.128167,176,2002093003,0.,1,"","","","","","","","","","","","","","","","","","","","","","","","","","","","","","","","","","",5.5,1,"","","","","","","","","","","","","","","","","","","","","","","","","","","","",91,1,"","","","","","","","","","","","","","","","","","","","","","","","","","","","","","","","","","","","","","","","","","","","","","","","","","","","","","","","","","","","","","","","","","","","","","","","","","","","","","","","","","","","","","","","","","","","","","","","","","",0,1,"","","","","","","","","","","","","","","","","","","","","","","","","","","","","",""
"61328002","LE PIN-AU-HARAS -INRAE",48.735833,0.128167,176,2002093004,0.,1,"","","","","","","","","","","","","","","","","","","","","","","","","","","","","","","","","","",4.7,1,"","","","","","","","","","","","","","","","","","","","","","","","","","","","",87,1,"","","","","","","","","","","","","","","","","","","","","","","","","","","","","","","","","","","","","","","","","","","","","","","","","","","","","","","","","","","","","","","","","","","","","","","","","","","","","","","","","","","","","","","","","","","","","","","","","","",0,1,"","","","","","","","","","","","","","","","","","","","","","","","","","","","","",""
"61328002","LE PIN-AU-HARAS -INRAE",48.735833,0.128167,176,2002093005,0.,1,"","","","","","","","","","","","","","","","","","","","","","","","","","","","","","","","","","",6.3,1,"","","","","","","","","","","","","","","","","","","","","","","","","","","","",91,1,"","","","","","","","","","","","","","","","","","","","","","","","","","","","","","","","","","","","","","","","","","","","","","","","","","","","","","","","","","","","","","","","","","","","","","","","","","","","","","","","","","","","","","","","","","","","","","","","","","",0,1,"","","","","","","","","","","","","","","","","","","","","","","","","","","","","",""
"61328002","LE PIN-AU-HARAS -INRAE",48.735833,0.128167,176,2002093006,0.,1,"","","","","","","","","","","","","","","","","","","","","","","","","","","","","","","","","","",5.5,1,"","","","","","","","","","","","","","","","","","","","","","","","","","","","",94,1,"","","","","","","","","","","","","","","","","","","","","","","","","","","","","","","","","","","","","","","","","","","","","","","","","","","","","","","","","","","","","","","","","","","","","","","","","","","","","","","","","","","","","","","","","","","","","","","","","","",0,1,"","","","","","","","","","","","","","","","","","","","","","","","","","","","","",""
"61328002","LE PIN-AU-HARAS -INRAE",48.735833,0.128167,176,2002093007,0.,1,"","","","","","","","","","","","","","","","","","","","","","","","","","","","","","","","","","",7.3,1,"","","","","","","","","","","","","","","","","","","","","","","","","","","","",90,1,"","","","","","","","","","","","","","","","","","","","","","","","","","","","","","","","","","","","","","","","","","","","","","","","","","","","","","","","","","","","","","","","","","","","","","","","","","","","","","","","","","","","","","","","","","","","","","","","","","",8,1,"","","","","","","","","","","","","","","","","","","","","","","","","","","","","",""
"61328002","LE PIN-AU-HARAS -INRAE",48.735833,0.128167,176,2002093008,0.,1,"","","","","","","","","","","","","","","","","","","","","","","","","","","","","","","","","","",10.7,1,"","","","","","","","","","","","","","","","","","","","","","","","","","","","",77,1,"","","","","","","","","","","","","","","","","","","","","","","","","","","","","","","","","","","","","","","","","","","","","","","","","","","","","","","","","","","","","","","","","","","","","","","","","","","","","","","","","","","","","","","","","","","","","","","","","","",54,1,"","","","","","","","","","","","","","","","","","","","","","","","","","","","","",""
"61328002","LE PIN-AU-HARAS -INRAE",48.735833,0.128167,176,2002093009,0.,1,"","","","","","","","","","","","","","","","","","","","","","","","","","","","","","","","","","",13.8,1,"","","","","","","","","","","","","","","","","","","","","","","","","","","","",71,1,"","","","","","","","","","","","","","","","","","","","","","","","","","","","","","","","","","","","","","","","","","","","","","","","","","","","","","","","","","","","","","","","","","","","","","","","","","","","","","","","","","","","","","","","","","","","","","","","","","",80,1,"","","","","","","","","","","","","","","","","","","","","","","","","","","","","",""
"61328002","LE PIN-AU-HARAS -INRAE",48.735833,0.128167,176,2002093010,0.,1,"","","","","","","","","","","","","","","","","","","","","","","","","","","","","","","","","","",15.2,1,"","","","","","","","","","","","","","","","","","","","","","","","","","","","",67,1,"","","","","","","","","","","","","","","","","","","","","","","","","","","","","","","","","","","","","","","","","","","","","","","","","","","","","","","","","","","","","","","","","","","","","","","","","","","","","","","","","","","","","","","","","","","","","","","","","","",148,1,"","","","","","","","","","","","","","","","","","","","","","","","","","","","","",""
"61328002","LE PIN-AU-HARAS -INRAE",48.735833,0.128167,176,2002093011,0.,1,"","","","","","","","","","","","","","","","","","","","","","","","","","","","","","","","","","",18.,1,"","","","","","","","","","","","","","","","","","","","","","","","","","","","",61,1,"","","","","","","","","","","","","","","","","","","","","","","","","","","","","","","","","","","","","","","","","","","","","","","","","","","","","","","","","","","","","","","","","","","","","","","","","","","","","","","","","","","","","","","","","","","","","","","","","","",200,1,"","","","","","","","","","","","","","","","","","","","","","","","","","","","","",""
"61328002","LE PIN-AU-HARAS -INRAE",48.735833,0.128167,176,2002093012,0.,1,"","","","","","","","","","","","","","","","","","","","","","","","","","","","","","","","","","",18.9,1,"","","","","","","","","","","","","","","","","","","","","","","","","","","","",56,1,"","","","","","","","","","","","","","","","","","","","","","","","","","","","","","","","","","","","","","","","","","","","","","","","","","","","","","","","","","","","","","","","","","","","","","","","","","","","","","","","","","","","","","","","","","","","","","","","","","",204,1,"","","","","","","","","","","","","","","","","","","","","","","","","","","","","",""
"61328002","LE PIN-AU-HARAS -INRAE",48.735833,0.128167,176,2002093013,0.,1,"","","","","","","","","","","","","","","","","","","","","","","","","","","","","","","","","","",21.2,1,"","","","","","","","","","","","","","","","","","","","","","","","","","","","",49,1,"","","","","","","","","","","","","","","","","","","","","","","","","","","","","","","","","","","","","","","","","","","","","","","","","","","","","","","","","","","","","","","","","","","","","","","","","","","","","","","","","","","","","","","","","","","","","","","","","","",212,1,"","","","","","","","","","","","","","","","","","","","","","","","","","","","","",""
"61328002","LE PIN-AU-HARAS -INRAE",48.735833,0.128167,176,2002093014,0.,1,"","","","","","","","","","","","","","","","","","","","","","","","","","","","","","","","","","",21.4,1,"","","","","","","","","","","","","","","","","","","","","","","","","","","","",48,1,"","","","","","","","","","","","","","","","","","","","","","","","","","","","","","","","","","","","","","","","","","","","","","","","","","","","","","","","","","","","","","","","","","","","","","","","","","","","","","","","","","","","","","","","","","","","","","","","","","",190,1,"","","","","","","","","","","","","","","","","","","","","","","","","","","","","",""
"61328002","LE PIN-AU-HARAS -INRAE",48.735833,0.128167,176,2002093015,0.,1,"","","","","","","","","","","","","","","","","","","","","","","","","","","","","","","","","","",19.4,1,"","","","","","","","","","","","","","","","","","","","","","","","","","","","",56,1,"","","","","","","","","","","","","","","","","","","","","","","","","","","","","","","","","","","","","","","","","","","","","","","","","","","","","","","","","","","","","","","","","","","","","","","","","","","","","","","","","","","","","","","","","","","","","","","","","","",112,1,"","","","","","","","","","","","","","","","","","","","","","","","","","","","","",""
"61328002","LE PIN-AU-HARAS -INRAE",48.735833,0.128167,176,2002093016,0.,1,"","","","","","","","","","","","","","","","","","","","","","","","","","","","","","","","","","",20.3,1,"","","","","","","","","","","","","","","","","","","","","","","","","","","","",66,1,"","","","","","","","","","","","","","","","","","","","","","","","","","","","","","","","","","","","","","","","","","","","","","","","","","","","","","","","","","","","","","","","","","","","","","","","","","","","","","","","","","","","","","","","","","","","","","","","","","",76,1,"","","","","","","","","","","","","","","","","","","","","","","","","","","","","",""
"61328002","LE PIN-AU-HARAS -INRAE",48.735833,0.128167,176,2002093017,0.,1,"","","","","","","","","","","","","","","","","","","","","","","","","","","","","","","","","","",15.5,1,"","","","","","","","","","","","","","","","","","","","","","","","","","","","",76,1,"","","","","","","","","","","","","","","","","","","","","","","","","","","","","","","","","","","","","","","","","","","","","","","","","","","","","","","","","","","","","","","","","","","","","","","","","","","","","","","","","","","","","","","","","","","","","","","","","","",48,1,"","","","","","","","","","","","","","","","","","","","","","","","","","","","","",""
"61328002","LE PIN-AU-HARAS -INRAE",48.735833,0.128167,176,2002093018,0.,1,"","","","","","","","","","","","","","","","","","","","","","","","","","","","","","","","","","",10.4,1,"","","","","","","","","","","","","","","","","","","","","","","","","","","","",90,1,"","","","","","","","","","","","","","","","","","","","","","","","","","","","","","","","","","","","","","","","","","","","","","","","","","","","","","","","","","","","","","","","","","","","","","","","","","","","","","","","","","","","","","","","","","","","","","","","","","",4,1,"","","","","","","","","","","","","","","","","","","","","","","","","","","","","",""
"61328002","LE PIN-AU-HARAS -INRAE",48.735833,0.128167,176,2002093019,0.,1,"","","","","","","","","","","","","","","","","","","","","","","","","","","","","","","","","","",8.1,1,"","","","","","","","","","","","","","","","","","","","","","","","","","","","",95,1,"","","","","","","","","","","","","","","","","","","","","","","","","","","","","","","","","","","","","","","","","","","","","","","","","","","","","","","","","","","","","","","","","","","","","","","","","","","","","","","","","","","","","","","","","","","","","","","","","","",0,1,"","","","","","","","","","","","","","","","","","","","","","","","","","","","","",""
"61328002","LE PIN-AU-HARAS -INRAE",48.735833,0.128167,176,2002093020,0.,1,"","","","","","","","","","","","","","","","","","","","","","","","","","","","","","","","","","",6.2,1,"","","","","","","","","","","","","","","","","","","","","","","","","","","","",97,1,"","","","","","","","","","","","","","","","","","","","","","","","","","","","","","","","","","","","","","","","","","","","","","","","","","","","","","","","","","","","","","","","","","","","","","","","","","","","","","","","","","","","","","","","","","","","","","","","","","",0,1,"","","","","","","","","","","","","","","","","","","","","","","","","","","","","",""
"61328002","LE PIN-AU-HARAS -INRAE",48.735833,0.128167,176,2002093021,0.,1,"","","","","","","","","","","","","","","","","","","","","","","","","","","","","","","","","","",6.,1,"","","","","","","","","","","","","","","","","","","","","","","","","","","","",98,1,"","","","","","","","","","","","","","","","","","","","","","","","","","","","","","","","","","","","","","","","","","","","","","","","","","","","","","","","","","","","","","","","","","","","","","","","","","","","","","","","","","","","","","","","","","","","","","","","","","",0,1,"","","","","","","","","","","","","","","","","","","","","","","","","","","","","",""
"61328002","LE PIN-AU-HARAS -INRAE",48.735833,0.128167,176,2002093022,0.,1,"","","","","","","","","","","","","","","","","","","","","","","","","","","","","","","","","","",5.4,1,"","","","","","","","","","","","","","","","","","","","","","","","","","","","",99,1,"","","","","","","","","","","","","","","","","","","","","","","","","","","","","","","","","","","","","","","","","","","","","","","","","","","","","","","","","","","","","","","","","","","","","","","","","","","","","","","","","","","","","","","","","","","","","","","","","","",0,1,"","","","","","","","","","","","","","","","","","","","","","","","","","","","","",""
"61328002","LE PIN-AU-HARAS -INRAE",48.735833,0.128167,176,2002093023,0.,1,"","","","","","","","","","","","","","","","","","","","","","","","","","","","","","","","","","",5.1,1,"","","","","","","","","","","","","","","","","","","","","","","","","","","","",100,1,"","","","","","","","","","","","","","","","","","","","","","","","","","","","","","","","","","","","","","","","","","","","","","","","","","","","","","","","","","","","","","","","","","","","","","","","","","","","","","","","","","","","","","","","","","","","","","","","","","",0,1,"","","","","","","","","","","","","","","","","","","","","","","","","","","","","",""
"61328002","LE PIN-AU-HARAS -INRAE",48.735833,0.128167,176,2002100100,0.,1,"","","","","","","","","","","","","","","","","","","","","","","","","","","","","","","","","","",4.5,1,"","","","","","","","","","","","","","","","","","","","","","","","","","","","",100,1,"","","","","","","","","","","","","","","","","","","","","","","","","","","","","","","","","","","","","","","","","","","","","","","","","","","","","","","","","","","","","","","","","","","","","","","","","","","","","","","","","","","","","","","","","","","","","","","","","","",0,1,"","","","","","","","","","","","","","","","","","","","","","","","","","","","","",""
"61328002","LE PIN-AU-HARAS -INRAE",48.735833,0.128167,176,2002100101,0.,1,"","","","","","","","","","","","","","","","","","","","","","","","","","","","","","","","","","",5.2,1,"","","","","","","","","","","","","","","","","","","","","","","","","","","","",100,1,"","","","","","","","","","","","","","","","","","","","","","","","","","","","","","","","","","","","","","","","","","","","","","","","","","","","","","","","","","","","","","","","","","","","","","","","","","","","","","","","","","","","","","","","","","","","","","","","","","",0,1,"","","","","","","","","","","","","","","","","","","","","","","","","","","","","",""
"61328002","LE PIN-AU-HARAS -INRAE",48.735833,0.128167,176,2002100102,0.,1,"","","","","","","","","","","","","","","","","","","","","","","","","","","","","","","","","","",5.5,1,"","","","","","","","","","","","","","","","","","","","","","","","","","","","",100,1,"","","","","","","","","","","","","","","","","","","","","","","","","","","","","","","","","","","","","","","","","","","","","","","","","","","","","","","","","","","","","","","","","","","","","","","","","","","","","","","","","","","","","","","","","","","","","","","","","","",0,1,"","","","","","","","","","","","","","","","","","","","","","","","","","","","","",""
"61328002","LE PIN-AU-HARAS -INRAE",48.735833,0.128167,176,2002100103,0.,1,"","","","","","","","","","","","","","","","","","","","","","","","","","","","","","","","","","",5.9,1,"","","","","","","","","","","","","","","","","","","","","","","","","","","","",100,1,"","","","","","","","","","","","","","","","","","","","","","","","","","","","","","","","","","","","","","","","","","","","","","","","","","","","","","","","","","","","","","","","","","","","","","","","","","","","","","","","","","","","","","","","","","","","","","","","","","",0,1,"","","","","","","","","","","","","","","","","","","","","","","","","","","","","",""
"61328002","LE PIN-AU-HARAS -INRAE",48.735833,0.128167,176,2002100104,0.,1,"","","","","","","","","","","","","","","","","","","","","","","","","","","","","","","","","","",6.2,1,"","","","","","","","","","","","","","","","","","","","","","","","","","","","",100,1,"","","","","","","","","","","","","","","","","","","","","","","","","","","","","","","","","","","","","","","","","","","","","","","","","","","","","","","","","","","","","","","","","","","","","","","","","","","","","","","","","","","","","","","","","","","","","","","","","","",0,1,"","","","","","","","","","","","","","","","","","","","","","","","","","","","","",""
"61328002","LE PIN-AU-HARAS -INRAE",48.735833,0.128167,176,2002100105,0.,1,"","","","","","","","","","","","","","","","","","","","","","","","","","","","","","","","","","",6.5,1,"","","","","","","","","","","","","","","","","","","","","","","","","","","","",100,1,"","","","","","","","","","","","","","","","","","","","","","","","","","","","","","","","","","","","","","","","","","","","","","","","","","","","","","","","","","","","","","","","","","","","","","","","","","","","","","","","","","","","","","","","","","","","","","","","","","",0,1,"","","","","","","","","","","","","","","","","","","","","","","","","","","","","",""
"61328002","LE PIN-AU-HARAS -INRAE",48.735833,0.128167,176,2002100106,0.,1,"","","","","","","","","","","","","","","","","","","","","","","","","","","","","","","","","","",6.5,1,"","","","","","","","","","","","","","","","","","","","","","","","","","","","",100,1,"","","","","","","","","","","","","","","","","","","","","","","","","","","","","","","","","","","","","","","","","","","","","","","","","","","","","","","","","","","","","","","","","","","","","","","","","","","","","","","","","","","","","","","","","","","","","","","","","","",0,1,"","","","","","","","","","","","","","","","","","","","","","","","","","","","","",""
"61328002","LE PIN-AU-HARAS -INRAE",48.735833,0.128167,176,2002100107,0.,1,"","","","","","","","","","","","","","","","","","","","","","","","","","","","","","","","","","",8.2,1,"","","","","","","","","","","","","","","","","","","","","","","","","","","","",100,1,"","","","","","","","","","","","","","","","","","","","","","","","","","","","","","","","","","","","","","","","","","","","","","","","","","","","","","","","","","","","","","","","","","","","","","","","","","","","","","","","","","","","","","","","","","","","","","","","","","",8,1,"","","","","","","","","","","","","","","","","","","","","","","","","","","","","",""
"61328002","LE PIN-AU-HARAS -INRAE",48.735833,0.128167,176,2002100108,0.,1,"","","","","","","","","","","","","","","","","","","","","","","","","","","","","","","","","","",10.9,1,"","","","","","","","","","","","","","","","","","","","","","","","","","","","",100,1,"","","","","","","","","","","","","","","","","","","","","","","","","","","","","","","","","","","","","","","","","","","","","","","","","","","","","","","","","","","","","","","","","","","","","","","","","","","","","","","","","","","","","","","","","","","","","","","","","","",20,1,"","","","","","","","","","","","","","","","","","","","","","","","","","","","","",""
"61328002","LE PIN-AU-HARAS -INRAE",48.735833,0.128167,176,2002100109,0.,1,"","","","","","","","","","","","","","","","","","","","","","","","","","","","","","","","","","",14.4,1,"","","","","","","","","","","","","","","","","","","","","","","","","","","","",95,1,"","","","","","","","","","","","","","","","","","","","","","","","","","","","","","","","","","","","","","","","","","","","","","","","","","","","","","","","","","","","","","","","","","","","","","","","","","","","","","","","","","","","","","","","","","","","","","","","","","",52,1,"","","","","","","","","","","","","","","","","","","","","","","","","","","","","",""
"61328002","LE PIN-AU-HARAS -INRAE",48.735833,0.128167,176,2002100110,0.,1,"","","","","","","","","","","","","","","","","","","","","","","","","","","","","","","","","","",16.7,1,"","","","","","","","","","","","","","","","","","","","","","","","","","","","",80,1,"","","","","","","","","","","","","","","","","","","","","","","","","","","","","","","","","","","","","","","","","","","","","","","","","","","","","","","","","","","","","","","","","","","","","","","","","","","","","","","","","","","","","","","","","","","","","","","","","","",122,1,"","","","","","","","","","","","","","","","","","","","","","","","","","","","","",""
"61328002","LE PIN-AU-HARAS -INRAE",48.735833,0.128167,176,2002100111,0.,1,"","","","","","","","","","","","","","","","","","","","","","","","","","","","","","","","","","",18.2,1,"","","","","","","","","","","","","","","","","","","","","","","","","","","","",69,1,"","","","","","","","","","","","","","","","","","","","","","","","","","","","","","","","","","","","","","","","","","","","","","","","","","","","","","","","","","","","","","","","","","","","","","","","","","","","","","","","","","","","","","","","","","","","","","","","","","",172,1,"","","","","","","","","","","","","","","","","","","","","","","","","","","","","",""
"61328002","LE PIN-AU-HARAS -INRAE",48.735833,0.128167,176,2002100112,0.,1,"","","","","","","","","","","","","","","","","","","","","","","","","","","","","","","","","","",20.7,1,"","","","","","","","","","","","","","","","","","","","","","","","","","","","",61,1,"","","","","","","","","","","","","","","","","","","","","","","","","","","","","","","","","","","","","","","","","","","","","","","","","","","","","","","","","","","","","","","","","","","","","","","","","","","","","","","","","","","","","","","","","","","","","","","","","","",160,1,"","","","","","","","","","","","","","","","","","","","","","","","","","","","","",""
"61328002","LE PIN-AU-HARAS -INRAE",48.735833,0.128167,176,2002100113,0.,1,"","","","","","","","","","","","","","","","","","","","","","","","","","","","","","","","","","",20.7,1,"","","","","","","","","","","","","","","","","","","","","","","","","","","","",60,1,"","","","","","","","","","","","","","","","","","","","","","","","","","","","","","","","","","","","","","","","","","","","","","","","","","","","","","","","","","","","","","","","","","","","","","","","","","","","","","","","","","","","","","","","","","","","","","","","","","",208,1,"","","","","","","","","","","","","","","","","","","","","","","","","","","","","",""
"61328002","LE PIN-AU-HARAS -INRAE",48.735833,0.128167,176,2002100114,0.,1,"","","","","","","","","","","","","","","","","","","","","","","","","","","","","","","","","","",20.3,1,"","","","","","","","","","","","","","","","","","","","","","","","","","","","",63,1,"","","","","","","","","","","","","","","","","","","","","","","","","","","","","","","","","","","","","","","","","","","","","","","","","","","","","","","","","","","","","","","","","","","","","","","","","","","","","","","","","","","","","","","","","","","","","","","","","","",104,1,"","","","","","","","","","","","","","","","","","","","","","","","","","","","","",""
"61328002","LE PIN-AU-HARAS -INRAE",48.735833,0.128167,176,2002100115,0.,1,"","","","","","","","","","","","","","","","","","","","","","","","","","","","","","","","","","",20.7,1,"","","","","","","","","","","","","","","","","","","","","","","","","","","","",63,1,"","","","","","","","","","","","","","","","","","","","","","","","","","","","","","","","","","","","","","","","","","","","","","","","","","","","","","","","","","","","","","","","","","","","","","","","","","","","","","","","","","","","","","","","","","","","","","","","","","",72,1,"","","","","","","","","","","","","","","","","","","","","","","","","","","","","",""
"61328002","LE PIN-AU-HARAS -INRAE",48.735833,0.128167,176,2002100116,0.,1,"","","","","","","","","","","","","","","","","","","","","","","","","","","","","","","","","","",19.5,1,"","","","","","","","","","","","","","","","","","","","","","","","","","","","",64,1,"","","","","","","","","","","","","","","","","","","","","","","","","","","","","","","","","","","","","","","","","","","","","","","","","","","","","","","","","","","","","","","","","","","","","","","","","","","","","","","","","","","","","","","","","","","","","","","","","","",62,1,"","","","","","","","","","","","","","","","","","","","","","","","","","","","","",""
"61328002","LE PIN-AU-HARAS -INRAE",48.735833,0.128167,176,2002100117,0.,1,"","","","","","","","","","","","","","","","","","","","","","","","","","","","","","","","","","",16.9,1,"","","","","","","","","","","","","","","","","","","","","","","","","","","","",81,1,"","","","","","","","","","","","","","","","","","","","","","","","","","","","","","","","","","","","","","","","","","","","","","","","","","","","","","","","","","","","","","","","","","","","","","","","","","","","","","","","","","","","","","","","","","","","","","","","","","",22,1,"","","","","","","","","","","","","","","","","","","","","","","","","","","","","",""
"61328002","LE PIN-AU-HARAS -INRAE",48.735833,0.128167,176,2002100118,0.,1,"","","","","","","","","","","","","","","","","","","","","","","","","","","","","","","","","","",14.5,1,"","","","","","","","","","","","","","","","","","","","","","","","","","","","",91,1,"","","","","","","","","","","","","","","","","","","","","","","","","","","","","","","","","","","","","","","","","","","","","","","","","","","","","","","","","","","","","","","","","","","","","","","","","","","","","","","","","","","","","","","","","","","","","","","","","","",2,1,"","","","","","","","","","","","","","","","","","","","","","","","","","","","","",""
"61328002","LE PIN-AU-HARAS -INRAE",48.735833,0.128167,176,2002100119,0.,1,"","","","","","","","","","","","","","","","","","","","","","","","","","","","","","","","","","",13.2,1,"","","","","","","","","","","","","","","","","","","","","","","","","","","","",94,1,"","","","","","","","","","","","","","","","","","","","","","","","","","","","","","","","","","","","","","","","","","","","","","","","","","","","","","","","","","","","","","","","","","","","","","","","","","","","","","","","","","","","","","","","","","","","","","","","","","",0,1,"","","","","","","","","","","","","","","","","","","","","","","","","","","","","",""
"61328002","LE PIN-AU-HARAS -INRAE",48.735833,0.128167,176,2002100120,0.,1,"","","","","","","","","","","","","","","","","","","","","","","","","","","","","","","","","","",12.6,1,"","","","","","","","","","","","","","","","","","","","","","","","","","","","",96,1,"","","","","","","","","","","","","","","","","","","","","","","","","","","","","","","","","","","","","","","","","","","","","","","","","","","","","","","","","","","","","","","","","","","","","","","","","","","","","","","","","","","","","","","","","","","","","","","","","","",0,1,"","","","","","","","","","","","","","","","","","","","","","","","","","","","","",""
"61328002","LE PIN-AU-HARAS -INRAE",48.735833,0.128167,176,2002100121,0.,1,"","","","","","","","","","","","","","","","","","","","","","","","","","","","","","","","","","",12.3,1,"","","","","","","","","","","","","","","","","","","","","","","","","","","","",97,1,"","","","","","","","","","","","","","","","","","","","","","","","","","","","","","","","","","","","","","","","","","","","","","","","","","","","","","","","","","","","","","","","","","","","","","","","","","","","","","","","","","","","","","","","","","","","","","","","","","",0,1,"","","","","","","","","","","","","","","","","","","","","","","","","","","","","",""
"61328002","LE PIN-AU-HARAS -INRAE",48.735833,0.128167,176,2002100122,0.,1,"","","","","","","","","","","","","","","","","","","","","","","","","","","","","","","","","","",12.7,1,"","","","","","","","","","","","","","","","","","","","","","","","","","","","",98,1,"","","","","","","","","","","","","","","","","","","","","","","","","","","","","","","","","","","","","","","","","","","","","","","","","","","","","","","","","","","","","","","","","","","","","","","","","","","","","","","","","","","","","","","","","","","","","","","","","","",0,1,"","","","","","","","","","","","","","","","","","","","","","","","","","","","","",""
"61328002","LE PIN-AU-HARAS -INRAE",48.735833,0.128167,176,2002100123,0.,1,"","","","","","","","","","","","","","","","","","","","","","","","","","","","","","","","","","",13.5,1,"","","","","","","","","","","","","","","","","","","","","","","","","","","","",97,1,"","","","","","","","","","","","","","","","","","","","","","","","","","","","","","","","","","","","","","","","","","","","","","","","","","","","","","","","","","","","","","","","","","","","","","","","","","","","","","","","","","","","","","","","","","","","","","","","","","",0,1,"","","","","","","","","","","","","","","","","","","","","","","","","","","","","",""
"61328002","LE PIN-AU-HARAS -INRAE",48.735833,0.128167,176,2002100200,0.,1,"","","","","","","","","","","","","","","","","","","","","","","","","","","","","","","","","","",13.6,1,"","","","","","","","","","","","","","","","","","","","","","","","","","","","",95,1,"","","","","","","","","","","","","","","","","","","","","","","","","","","","","","","","","","","","","","","","","","","","","","","","","","","","","","","","","","","","","","","","","","","","","","","","","","","","","","","","","","","","","","","","","","","","","","","","","","",0,1,"","","","","","","","","","","","","","","","","","","","","","","","","","","","","",""
"61328002","LE PIN-AU-HARAS -INRAE",48.735833,0.128167,176,2002100201,0.,1,"","","","","","","","","","","","","","","","","","","","","","","","","","","","","","","","","","",13.4,1,"","","","","","","","","","","","","","","","","","","","","","","","","","","","",97,1,"","","","","","","","","","","","","","","","","","","","","","","","","","","","","","","","","","","","","","","","","","","","","","","","","","","","","","","","","","","","","","","","","","","","","","","","","","","","","","","","","","","","","","","","","","","","","","","","","","",0,1,"","","","","","","","","","","","","","","","","","","","","","","","","","","","","",""
"61328002","LE PIN-AU-HARAS -INRAE",48.735833,0.128167,176,2002100202,0.,1,"","","","","","","","","","","","","","","","","","","","","","","","","","","","","","","","","","",13.5,1,"","","","","","","","","","","","","","","","","","","","","","","","","","","","",99,1,"","","","","","","","","","","","","","","","","","","","","","","","","","","","","","","","","","","","","","","","","","","","","","","","","","","","","","","","","","","","","","","","","","","","","","","","","","","","","","","","","","","","","","","","","","","","","","","","","","",0,1,"","","","","","","","","","","","","","","","","","","","","","","","","","","","","",""
"61328002","LE PIN-AU-HARAS -INRAE",48.735833,0.128167,176,2002100203,0.,1,"","","","","","","","","","","","","","","","","","","","","","","","","","","","","","","","","","",13.2,1,"","","","","","","","","","","","","","","","","","","","","","","","","","","","",100,1,"","","","","","","","","","","","","","","","","","","","","","","","","","","","","","","","","","","","","","","","","","","","","","","","","","","","","","","","","","","","","","","","","","","","","","","","","","","","","","","","","","","","","","","","","","","","","","","","","","",0,1,"","","","","","","","","","","","","","","","","","","","","","","","","","","","","",""
"61328002","LE PIN-AU-HARAS -INRAE",48.735833,0.128167,176,2002100204,0.5,1,"","","","","","","","","","","","","","","","","","","","","","","","","","","","","","","","","","",13.3,1,"","","","","","","","","","","","","","","","","","","","","","","","","","","","",100,1,"","","","","","","","","","","","","","","","","","","","","","","","","","","","","","","","","","","","","","","","","","","","","","","","","","","","","","","","","","","","","","","","","","","","","","","","","","","","","","","","","","","","","","","","","","","","","","","","","","",0,1,"","","","","","","","","","","","","","","","","","","","","","","","","","","","","",""
"61328002","LE PIN-AU-HARAS -INRAE",48.735833,0.128167,176,2002100205,0.,1,"","","","","","","","","","","","","","","","","","","","","","","","","","","","","","","","","","",13.2,1,"","","","","","","","","","","","","","","","","","","","","","","","","","","","",100,1,"","","","","","","","","","","","","","","","","","","","","","","","","","","","","","","","","","","","","","","","","","","","","","","","","","","","","","","","","","","","","","","","","","","","","","","","","","","","","","","","","","","","","","","","","","","","","","","","","","",0,1,"","","","","","","","","","","","","","","","","","","","","","","","","","","","","",""
"61328002","LE PIN-AU-HARAS -INRAE",48.735833,0.128167,176,2002100206,0.,1,"","","","","","","","","","","","","","","","","","","","","","","","","","","","","","","","","","",13.4,1,"","","","","","","","","","","","","","","","","","","","","","","","","","","","",100,1,"","","","","","","","","","","","","","","","","","","","","","","","","","","","","","","","","","","","","","","","","","","","","","","","","","","","","","","","","","","","","","","","","","","","","","","","","","","","","","","","","","","","","","","","","","","","","","","","","","",0,1,"","","","","","","","","","","","","","","","","","","","","","","","","","","","","",""
"61328002","LE PIN-AU-HARAS -INRAE",48.735833,0.128167,176,2002100207,0.,1,"","","","","","","","","","","","","","","","","","","","","","","","","","","","","","","","","","",13.6,1,"","","","","","","","","","","","","","","","","","","","","","","","","","","","",100,1,"","","","","","","","","","","","","","","","","","","","","","","","","","","","","","","","","","","","","","","","","","","","","","","","","","","","","","","","","","","","","","","","","","","","","","","","","","","","","","","","","","","","","","","","","","","","","","","","","","",4,1,"","","","","","","","","","","","","","","","","","","","","","","","","","","","","",""
"61328002","LE PIN-AU-HARAS -INRAE",48.735833,0.128167,176,2002100208,0.,1,"","","","","","","","","","","","","","","","","","","","","","","","","","","","","","","","","","",14.,1,"","","","","","","","","","","","","","","","","","","","","","","","","","","","",100,1,"","","","","","","","","","","","","","","","","","","","","","","","","","","","","","","","","","","","","","","","","","","","","","","","","","","","","","","","","","","","","","","","","","","","","","","","","","","","","","","","","","","","","","","","","","","","","","","","","","",20,1,"","","","","","","","","","","","","","","","","","","","","","","","","","","","","",""
"61328002","LE PIN-AU-HARAS -INRAE",48.735833,0.128167,176,2002100209,0.,1,"","","","","","","","","","","","","","","","","","","","","","","","","","","","","","","","","","",16.7,1,"","","","","","","","","","","","","","","","","","","","","","","","","","","","",91,1,"","","","","","","","","","","","","","","","","","","","","","","","","","","","","","","","","","","","","","","","","","","","","","","","","","","","","","","","","","","","","","","","","","","","","","","","","","","","","","","","","","","","","","","","","","","","","","","","","","",88,1,"","","","","","","","","","","","","","","","","","","","","","","","","","","","","",""
"61328002","LE PIN-AU-HARAS -INRAE",48.735833,0.128167,176,2002100210,0.,1,"","","","","","","","","","","","","","","","","","","","","","","","","","","","","","","","","","",17.9,1,"","","","","","","","","","","","","","","","","","","","","","","","","","","","",86,1,"","","","","","","","","","","","","","","","","","","","","","","","","","","","","","","","","","","","","","","","","","","","","","","","","","","","","","","","","","","","","","","","","","","","","","","","","","","","","","","","","","","","","","","","","","","","","","","","","","",114,1,"","","","","","","","","","","","","","","","","","","","","","","","","","","","","",""
"61328002","LE PIN-AU-HARAS -INRAE",48.735833,0.128167,176,2002100211,0.,1,"","","","","","","","","","","","","","","","","","","","","","","","","","","","","","","","","","",17.7,1,"","","","","","","","","","","","","","","","","","","","","","","","","","","","",82,1,"","","","","","","","","","","","","","","","","","","","","","","","","","","","","","","","","","","","","","","","","","","","","","","","","","","","","","","","","","","","","","","","","","","","","","","","","","","","","","","","","","","","","","","","","","","","","","","","","","",90,1,"","","","","","","","","","","","","","","","","","","","","","","","","","","","","",""
"61328002","LE PIN-AU-HARAS -INRAE",48.735833,0.128167,176,2002100212,0.,1,"","","","","","","","","","","","","","","","","","","","","","","","","","","","","","","","","","",19.3,1,"","","","","","","","","","","","","","","","","","","","","","","","","","","","",71,1,"","","","","","","","","","","","","","","","","","","","","","","","","","","","","","","","","","","","","","","","","","","","","","","","","","","","","","","","","","","","","","","","","","","","","","","","","","","","","","","","","","","","","","","","","","","","","","","","","","",164,1,"","","","","","","","","","","","","","","","","","","","","","","","","","","","","",""
"61328002","LE PIN-AU-HARAS -INRAE",48.735833,0.128167,176,2002100213,0.,1,"","","","","","","","","","","","","","","","","","","","","","","","","","","","","","","","","","",18.4,1,"","","","","","","","","","","","","","","","","","","","","","","","","","","","",77,1,"","","","","","","","","","","","","","","","","","","","","","","","","","","","","","","","","","","","","","","","","","","","","","","","","","","","","","","","","","","","","","","","","","","","","","","","","","","","","","","","","","","","","","","","","","","","","","","","","","",120,1,"","","","","","","","","","","","","","","","","","","","","","","","","","","","","",""
"61328002","LE PIN-AU-HARAS -INRAE",48.735833,0.128167,176,2002100214,0.,1,"","","","","","","","","","","","","","","","","","","","","","","","","","","","","","","","","","",19.1,1,"","","","","","","","","","","","","","","","","","","","","","","","","","","","",73,1,"","","","","","","","","","","","","","","","","","","","","","","","","","","","","","","","","","","","","","","","","","","","","","","","","","","","","","","","","","","","","","","","","","","","","","","","","","","","","","","","","","","","","","","","","","","","","","","","","","",102,1,"","","","","","","","","","","","","","","","","","","","","","","","","","","","","",""
"61328002","LE PIN-AU-HARAS -INRAE",48.735833,0.128167,176,2002100215,0.,1,"","","","","","","","","","","","","","","","","","","","","","","","","","","","","","","","","","",20.5,1,"","","","","","","","","","","","","","","","","","","","","","","","","","","","",66,1,"","","","","","","","","","","","","","","","","","","","","","","","","","","","","","","","","","","","","","","","","","","","","","","","","","","","","","","","","","","","","","","","","","","","","","","","","","","","","","","","","","","","","","","","","","","","","","","","","","",116,1,"","","","","","","","","","","","","","","","","","","","","","","","","","","","","",""
"61328002","LE PIN-AU-HARAS -INRAE",48.735833,0.128167,176,2002100216,0.,1,"","","","","","","","","","","","","","","","","","","","","","","","","","","","","","","","","","",19.,1,"","","","","","","","","","","","","","","","","","","","","","","","","","","","",74,1,"","","","","","","","","","","","","","","","","","","","","","","","","","","","","","","","","","","","","","","","","","","","","","","","","","","","","","","","","","","","","","","","","","","","","","","","","","","","","","","","","","","","","","","","","","","","","","","","","","",88,1,"","","","","","","","","","","","","","","","","","","","","","","","","","","","","",""
"61328002","LE PIN-AU-HARAS -INRAE",48.735833,0.128167,176,2002100217,0.,1,"","","","","","","","","","","","","","","","","","","","","","","","","","","","","","","","","","",16.3,1,"","","","","","","","","","","","","","","","","","","","","","","","","","","","",88,1,"","","","","","","","","","","","","","","","","","","","","","","","","","","","","","","","","","","","","","","","","","","","","","","","","","","","","","","","","","","","","","","","","","","","","","","","","","","","","","","","","","","","","","","","","","","","","","","","","","",30,1,"","","","","","","","","","","","","","","","","","","","","","","","","","","","","",""
"61328002","LE PIN-AU-HARAS -INRAE",48.735833,0.128167,176,2002100218,0.,1,"","","","","","","","","","","","","","","","","","","","","","","","","","","","","","","","","","",12.7,1,"","","","","","","","","","","","","","","","","","","","","","","","","","","","",94,1,"","","","","","","","","","","","","","","","","","","","","","","","","","","","","","","","","","","","","","","","","","","","","","","","","","","","","","","","","","","","","","","","","","","","","","","","","","","","","","","","","","","","","","","","","","","","","","","","","","",4,1,"","","","","","","","","","","","","","","","","","","","","","","","","","","","","",""
"61328002","LE PIN-AU-HARAS -INRAE",48.735833,0.128167,176,2002100219,0.,1,"","","","","","","","","","","","","","","","","","","","","","","","","","","","","","","","","","",11.2,1,"","","","","","","","","","","","","","","","","","","","","","","","","","","","",97,1,"","","","","","","","","","","","","","","","","","","","","","","","","","","","","","","","","","","","","","","","","","","","","","","","","","","","","","","","","","","","","","","","","","","","","","","","","","","","","","","","","","","","","","","","","","","","","","","","","","",0,1,"","","","","","","","","","","","","","","","","","","","","","","","","","","","","",""
"61328002","LE PIN-AU-HARAS -INRAE",48.735833,0.128167,176,2002100220,0.,1,"","","","","","","","","","","","","","","","","","","","","","","","","","","","","","","","","","",10.9,1,"","","","","","","","","","","","","","","","","","","","","","","","","","","","",99,1,"","","","","","","","","","","","","","","","","","","","","","","","","","","","","","","","","","","","","","","","","","","","","","","","","","","","","","","","","","","","","","","","","","","","","","","","","","","","","","","","","","","","","","","","","","","","","","","","","","",0,1,"","","","","","","","","","","","","","","","","","","","","","","","","","","","","",""
"61328002","LE PIN-AU-HARAS -INRAE",48.735833,0.128167,176,2002100221,0.,1,"","","","","","","","","","","","","","","","","","","","","","","","","","","","","","","","","","",10.7,1,"","","","","","","","","","","","","","","","","","","","","","","","","","","","",100,1,"","","","","","","","","","","","","","","","","","","","","","","","","","","","","","","","","","","","","","","","","","","","","","","","","","","","","","","","","","","","","","","","","","","","","","","","","","","","","","","","","","","","","","","","","","","","","","","","","","",0,1,"","","","","","","","","","","","","","","","","","","","","","","","","","","","","",""
"61328002","LE PIN-AU-HARAS -INRAE",48.735833,0.128167,176,2002100222,0.,1,"","","","","","","","","","","","","","","","","","","","","","","","","","","","","","","","","","",12.,1,"","","","","","","","","","","","","","","","","","","","","","","","","","","","",100,1,"","","","","","","","","","","","","","","","","","","","","","","","","","","","","","","","","","","","","","","","","","","","","","","","","","","","","","","","","","","","","","","","","","","","","","","","","","","","","","","","","","","","","","","","","","","","","","","","","","",0,1,"","","","","","","","","","","","","","","","","","","","","","","","","","","","","",""
"61328002","LE PIN-AU-HARAS -INRAE",48.735833,0.128167,176,2002100223,0.,1,"","","","","","","","","","","","","","","","","","","","","","","","","","","","","","","","","","",11.4,1,"","","","","","","","","","","","","","","","","","","","","","","","","","","","",100,1,"","","","","","","","","","","","","","","","","","","","","","","","","","","","","","","","","","","","","","","","","","","","","","","","","","","","","","","","","","","","","","","","","","","","","","","","","","","","","","","","","","","","","","","","","","","","","","","","","","",0,1,"","","","","","","","","","","","","","","","","","","","","","","","","","","","","",""
"61328002","LE PIN-AU-HARAS -INRAE",48.735833,0.128167,176,2002100300,0.,1,"","","","","","","","","","","","","","","","","","","","","","","","","","","","","","","","","","",11.4,1,"","","","","","","","","","","","","","","","","","","","","","","","","","","","",100,1,"","","","","","","","","","","","","","","","","","","","","","","","","","","","","","","","","","","","","","","","","","","","","","","","","","","","","","","","","","","","","","","","","","","","","","","","","","","","","","","","","","","","","","","","","","","","","","","","","","",0,1,"","","","","","","","","","","","","","","","","","","","","","","","","","","","","",""
"61328002","LE PIN-AU-HARAS -INRAE",48.735833,0.128167,176,2002100301,0.,1,"","","","","","","","","","","","","","","","","","","","","","","","","","","","","","","","","","",11.8,1,"","","","","","","","","","","","","","","","","","","","","","","","","","","","",100,1,"","","","","","","","","","","","","","","","","","","","","","","","","","","","","","","","","","","","","","","","","","","","","","","","","","","","","","","","","","","","","","","","","","","","","","","","","","","","","","","","","","","","","","","","","","","","","","","","","","",0,1,"","","","","","","","","","","","","","","","","","","","","","","","","","","","","",""
"61328002","LE PIN-AU-HARAS -INRAE",48.735833,0.128167,176,2002100302,0.,1,"","","","","","","","","","","","","","","","","","","","","","","","","","","","","","","","","","",11.2,1,"","","","","","","","","","","","","","","","","","","","","","","","","","","","",100,1,"","","","","","","","","","","","","","","","","","","","","","","","","","","","","","","","","","","","","","","","","","","","","","","","","","","","","","","","","","","","","","","","","","","","","","","","","","","","","","","","","","","","","","","","","","","","","","","","","","",0,1,"","","","","","","","","","","","","","","","","","","","","","","","","","","","","",""
"61328002","LE PIN-AU-HARAS -INRAE",48.735833,0.128167,176,2002100303,0.,1,"","","","","","","","","","","","","","","","","","","","","","","","","","","","","","","","","","",11.8,1,"","","","","","","","","","","","","","","","","","","","","","","","","","","","",100,1,"","","","","","","","","","","","","","","","","","","","","","","","","","","","","","","","","","","","","","","","","","","","","","","","","","","","","","","","","","","","","","","","","","","","","","","","","","","","","","","","","","","","","","","","","","","","","","","","","","",0,1,"","","","","","","","","","","","","","","","","","","","","","","","","","","","","",""
"61328002","LE PIN-AU-HARAS -INRAE",48.735833,0.128167,176,2002100304,0.,1,"","","","","","","","","","","","","","","","","","","","","","","","","","","","","","","","","","",11.8,1,"","","","","","","","","","","","","","","","","","","","","","","","","","","","",100,1,"","","","","","","","","","","","","","","","","","","","","","","","","","","","","","","","","","","","","","","","","","","","","","","","","","","","","","","","","","","","","","","","","","","","","","","","","","","","","","","","","","","","","","","","","","","","","","","","","","",0,1,"","","","","","","","","","","","","","","","","","","","","","","","","","","","","",""
"61328002","LE PIN-AU-HARAS -INRAE",48.735833,0.128167,176,2002100305,0.,1,"","","","","","","","","","","","","","","","","","","","","","","","","","","","","","","","","","",12.,1,"","","","","","","","","","","","","","","","","","","","","","","","","","","","",100,1,"","","","","","","","","","","","","","","","","","","","","","","","","","","","","","","","","","","","","","","","","","","","","","","","","","","","","","","","","","","","","","","","","","","","","","","","","","","","","","","","","","","","","","","","","","","","","","","","","","",0,1,"","","","","","","","","","","","","","","","","","","","","","","","","","","","","",""
"61328002","LE PIN-AU-HARAS -INRAE",48.735833,0.128167,176,2002100306,0.,1,"","","","","","","","","","","","","","","","","","","","","","","","","","","","","","","","","","",10.9,1,"","","","","","","","","","","","","","","","","","","","","","","","","","","","",100,1,"","","","","","","","","","","","","","","","","","","","","","","","","","","","","","","","","","","","","","","","","","","","","","","","","","","","","","","","","","","","","","","","","","","","","","","","","","","","","","","","","","","","","","","","","","","","","","","","","","",0,1,"","","","","","","","","","","","","","","","","","","","","","","","","","","","","",""
"61328002","LE PIN-AU-HARAS -INRAE",48.735833,0.128167,176,2002100307,0.,1,"","","","","","","","","","","","","","","","","","","","","","","","","","","","","","","","","","",12.1,1,"","","","","","","","","","","","","","","","","","","","","","","","","","","","",100,1,"","","","","","","","","","","","","","","","","","","","","","","","","","","","","","","","","","","","","","","","","","","","","","","","","","","","","","","","","","","","","","","","","","","","","","","","","","","","","","","","","","","","","","","","","","","","","","","","","","",6,1,"","","","","","","","","","","","","","","","","","","","","","","","","","","","","",""
"61328002","LE PIN-AU-HARAS -INRAE",48.735833,0.128167,176,2002100308,0.,1,"","","","","","","","","","","","","","","","","","","","","","","","","","","","","","","","","","",13.7,1,"","","","","","","","","","","","","","","","","","","","","","","","","","","","",100,1,"","","","","","","","","","","","","","","","","","","","","","","","","","","","","","","","","","","","","","","","","","","","","","","","","","","","","","","","","","","","","","","","","","","","","","","","","","","","","","","","","","","","","","","","","","","","","","","","","","",30,1,"","","","","","","","","","","","","","","","","","","","","","","","","","","","","",""
"61328002","LE PIN-AU-HARAS -INRAE",48.735833,0.128167,176,2002100309,0.,1,"","","","","","","","","","","","","","","","","","","","","","","","","","","","","","","","","","",14.3,1,"","","","","","","","","","","","","","","","","","","","","","","","","","","","",100,1,"","","","","","","","","","","","","","","","","","","","","","","","","","","","","","","","","","","","","","","","","","","","","","","","","","","","","","","","","","","","","","","","","","","","","","","","","","","","","","","","","","","","","","","","","","","","","","","","","","",24,1,"","","","","","","","","","","","","","","","","","","","","","","","","","","","","",""
"61328002","LE PIN-AU-HARAS -INRAE",48.735833,0.128167,176,2002100310,0.,1,"","","","","","","","","","","","","","","","","","","","","","","","","","","","","","","","","","",16.3,1,"","","","","","","","","","","","","","","","","","","","","","","","","","","","",100,1,"","","","","","","","","","","","","","","","","","","","","","","","","","","","","","","","","","","","","","","","","","","","","","","","","","","","","","","","","","","","","","","","","","","","","","","","","","","","","","","","","","","","","","","","","","","","","","","","","","",66,1,"","","","","","","","","","","","","","","","","","","","","","","","","","","","","",""
"61328002","LE PIN-AU-HARAS -INRAE",48.735833,0.128167,176,2002100311,0.,1,"","","","","","","","","","","","","","","","","","","","","","","","","","","","","","","","","","",18.4,1,"","","","","","","","","","","","","","","","","","","","","","","","","","","","",93,1,"","","","","","","","","","","","","","","","","","","","","","","","","","","","","","","","","","","","","","","","","","","","","","","","","","","","","","","","","","","","","","","","","","","","","","","","","","","","","","","","","","","","","","","","","","","","","","","","","","",98,1,"","","","","","","","","","","","","","","","","","","","","","","","","","","","","",""
"61328002","LE PIN-AU-HARAS -INRAE",48.735833,0.128167,176,2002100312,0.,1,"","","","","","","","","","","","","","","","","","","","","","","","","","","","","","","","","","",18.5,1,"","","","","","","","","","","","","","","","","","","","","","","","","","","","",84,1,"","","","","","","","","","","","","","","","","","","","","","","","","","","","","","","","","","","","","","","","","","","","","","","","","","","","","","","","","","","","","","","","","","","","","","","","","","","","","","","","","","","","","","","","","","","","","","","","","","",92,1,"","","","","","","","","","","","","","","","","","","","","","","","","","","","","",""
"61328002","LE PIN-AU-HARAS -INRAE",48.735833,0.128167,176,2002100313,0.,1,"","","","","","","","","","","","","","","","","","","","","","","","","","","","","","","","","","",18.9,1,"","","","","","","","","","","","","","","","","","","","","","","","","","","","",79,1,"","","","","","","","","","","","","","","","","","","","","","","","","","","","","","","","","","","","","","","","","","","","","","","","","","","","","","","","","","","","","","","","","","","","","","","","","","","","","","","","","","","","","","","","","","","","","","","","","","",74,1,"","","","","","","","","","","","","","","","","","","","","","","","","","","","","",""
"61328002","LE PIN-AU-HARAS -INRAE",48.735833,0.128167,176,2002100314,0.,1,"","","","","","","","","","","","","","","","","","","","","","","","","","","","","","","","","","",19.6,1,"","","","","","","","","","","","","","","","","","","","","","","","","","","","",78,1,"","","","","","","","","","","","","","","","","","","","","","","","","","","","","","","","","","","","","","","","","","","","","","","","","","","","","","","","","","","","","","","","","","","","","","","","","","","","","","","","","","","","","","","","","","","","","","","","","","",80,1,"","","","","","","","","","","","","","","","","","","","","","","","","","","","","",""
"61328002","LE PIN-AU-HARAS -INRAE",48.735833,0.128167,176,2002100315,0.,1,"","","","","","","","","","","","","","","","","","","","","","","","","","","","","","","","","","",15.3,1,"","","","","","","","","","","","","","","","","","","","","","","","","","","","",87,1,"","","","","","","","","","","","","","","","","","","","","","","","","","","","","","","","","","","","","","","","","","","","","","","","","","","","","","","","","","","","","","","","","","","","","","","","","","","","","","","","","","","","","","","","","","","","","","","","","","",56,1,"","","","","","","","","","","","","","","","","","","","","","","","","","","","","",""
"61328002","LE PIN-AU-HARAS -INRAE",48.735833,0.128167,176,2002100316,0.,1,"","","","","","","","","","","","","","","","","","","","","","","","","","","","","","","","","","",14.7,1,"","","","","","","","","","","","","","","","","","","","","","","","","","","","",94,1,"","","","","","","","","","","","","","","","","","","","","","","","","","","","","","","","","","","","","","","","","","","","","","","","","","","","","","","","","","","","","","","","","","","","","","","","","","","","","","","","","","","","","","","","","","","","","","","","","","",16,1,"","","","","","","","","","","","","","","","","","","","","","","","","","","","","",""
"61328002","LE PIN-AU-HARAS -INRAE",48.735833,0.128167,176,2002100317,0.,1,"","","","","","","","","","","","","","","","","","","","","","","","","","","","","","","","","","",14.3,1,"","","","","","","","","","","","","","","","","","","","","","","","","","","","",91,1,"","","","","","","","","","","","","","","","","","","","","","","","","","","","","","","","","","","","","","","","","","","","","","","","","","","","","","","","","","","","","","","","","","","","","","","","","","","","","","","","","","","","","","","","","","","","","","","","","","",20,1,"","","","","","","","","","","","","","","","","","","","","","","","","","","","","",""
"61328002","LE PIN-AU-HARAS -INRAE",48.735833,0.128167,176,2002100318,0.,1,"","","","","","","","","","","","","","","","","","","","","","","","","","","","","","","","","","",13.3,1,"","","","","","","","","","","","","","","","","","","","","","","","","","","","",95,1,"","","","","","","","","","","","","","","","","","","","","","","","","","","","","","","","","","","","","","","","","","","","","","","","","","","","","","","","","","","","","","","","","","","","","","","","","","","","","","","","","","","","","","","","","","","","","","","","","","",2,1,"","","","","","","","","","","","","","","","","","","","","","","","","","","","","",""
"61328002","LE PIN-AU-HARAS -INRAE",48.735833,0.128167,176,2002100319,0.,1,"","","","","","","","","","","","","","","","","","","","","","","","","","","","","","","","","","",11.9,1,"","","","","","","","","","","","","","","","","","","","","","","","","","","","",98,1,"","","","","","","","","","","","","","","","","","","","","","","","","","","","","","","","","","","","","","","","","","","","","","","","","","","","","","","","","","","","","","","","","","","","","","","","","","","","","","","","","","","","","","","","","","","","","","","","","","",0,1,"","","","","","","","","","","","","","","","","","","","","","","","","","","","","",""
"61328002","LE PIN-AU-HARAS -INRAE",48.735833,0.128167,176,2002100320,0.,1,"","","","","","","","","","","","","","","","","","","","","","","","","","","","","","","","","","",11.8,1,"","","","","","","","","","","","","","","","","","","","","","","","","","","","",100,1,"","","","","","","","","","","","","","","","","","","","","","","","","","","","","","","","","","","","","","","","","","","","","","","","","","","","","","","","","","","","","","","","","","","","","","","","","","","","","","","","","","","","","","","","","","","","","","","","","","",0,1,"","","","","","","","","","","","","","","","","","","","","","","","","","","","","",""
"61328002","LE PIN-AU-HARAS -INRAE",48.735833,0.128167,176,2002100321,0.,1,"","","","","","","","","","","","","","","","","","","","","","","","","","","","","","","","","","",10.4,1,"","","","","","","","","","","","","","","","","","","","","","","","","","","","",100,1,"","","","","","","","","","","","","","","","","","","","","","","","","","","","","","","","","","","","","","","","","","","","","","","","","","","","","","","","","","","","","","","","","","","","","","","","","","","","","","","","","","","","","","","","","","","","","","","","","","",0,1,"","","","","","","","","","","","","","","","","","","","","","","","","","","","","",""
"61328002","LE PIN-AU-HARAS -INRAE",48.735833,0.128167,176,2002100322,0.,1,"","","","","","","","","","","","","","","","","","","","","","","","","","","","","","","","","","",8.2,1,"","","","","","","","","","","","","","","","","","","","","","","","","","","","",100,1,"","","","","","","","","","","","","","","","","","","","","","","","","","","","","","","","","","","","","","","","","","","","","","","","","","","","","","","","","","","","","","","","","","","","","","","","","","","","","","","","","","","","","","","","","","","","","","","","","","",0,1,"","","","","","","","","","","","","","","","","","","","","","","","","","","","","",""
"61328002","LE PIN-AU-HARAS -INRAE",48.735833,0.128167,176,2002100323,0.,1,"","","","","","","","","","","","","","","","","","","","","","","","","","","","","","","","","","",8.2,1,"","","","","","","","","","","","","","","","","","","","","","","","","","","","",100,1,"","","","","","","","","","","","","","","","","","","","","","","","","","","","","","","","","","","","","","","","","","","","","","","","","","","","","","","","","","","","","","","","","","","","","","","","","","","","","","","","","","","","","","","","","","","","","","","","","","",0,1,"","","","","","","","","","","","","","","","","","","","","","","","","","","","","",""
"61328002","LE PIN-AU-HARAS -INRAE",48.735833,0.128167,176,2002100400,0.5,1,"","","","","","","","","","","","","","","","","","","","","","","","","","","","","","","","","","",8.7,1,"","","","","","","","","","","","","","","","","","","","","","","","","","","","",100,1,"","","","","","","","","","","","","","","","","","","","","","","","","","","","","","","","","","","","","","","","","","","","","","","","","","","","","","","","","","","","","","","","","","","","","","","","","","","","","","","","","","","","","","","","","","","","","","","","","","",0,1,"","","","","","","","","","","","","","","","","","","","","","","","","","","","","",""
"61328002","LE PIN-AU-HARAS -INRAE",48.735833,0.128167,176,2002100401,0.,1,"","","","","","","","","","","","","","","","","","","","","","","","","","","","","","","","","","",11.2,1,"","","","","","","","","","","","","","","","","","","","","","","","","","","","",100,1,"","","","","","","","","","","","","","","","","","","","","","","","","","","","","","","","","","","","","","","","","","","","","","","","","","","","","","","","","","","","","","","","","","","","","","","","","","","","","","","","","","","","","","","","","","","","","","","","","","",0,1,"","","","","","","","","","","","","","","","","","","","","","","","","","","","","",""
"61328002","LE PIN-AU-HARAS -INRAE",48.735833,0.128167,176,2002100402,0.,1,"","","","","","","","","","","","","","","","","","","","","","","","","","","","","","","","","","",11.9,1,"","","","","","","","","","","","","","","","","","","","","","","","","","","","",100,1,"","","","","","","","","","","","","","","","","","","","","","","","","","","","","","","","","","","","","","","","","","","","","","","","","","","","","","","","","","","","","","","","","","","","","","","","","","","","","","","","","","","","","","","","","","","","","","","","","","",0,1,"","","","","","","","","","","","","","","","","","","","","","","","","","","","","",""
"61328002","LE PIN-AU-HARAS -INRAE",48.735833,0.128167,176,2002100403,0.,1,"","","","","","","","","","","","","","","","","","","","","","","","","","","","","","","","","","",11.4,1,"","","","","","","","","","","","","","","","","","","","","","","","","","","","",100,1,"","","","","","","","","","","","","","","","","","","","","","","","","","","","","","","","","","","","","","","","","","","","","","","","","","","","","","","","","","","","","","","","","","","","","","","","","","","","","","","","","","","","","","","","","","","","","","","","","","",0,1,"","","","","","","","","","","","","","","","","","","","","","","","","","","","","",""
"61328002","LE PIN-AU-HARAS -INRAE",48.735833,0.128167,176,2002100404,0.,1,"","","","","","","","","","","","","","","","","","","","","","","","","","","","","","","","","","",11.,1,"","","","","","","","","","","","","","","","","","","","","","","","","","","","",100,1,"","","","","","","","","","","","","","","","","","","","","","","","","","","","","","","","","","","","","","","","","","","","","","","","","","","","","","","","","","","","","","","","","","","","","","","","","","","","","","","","","","","","","","","","","","","","","","","","","","",0,1,"","","","","","","","","","","","","","","","","","","","","","","","","","","","","",""
"61328002","LE PIN-AU-HARAS -INRAE",48.735833,0.128167,176,2002100405,0.,1,"","","","","","","","","","","","","","","","","","","","","","","","","","","","","","","","","","",11.2,1,"","","","","","","","","","","","","","","","","","","","","","","","","","","","",100,1,"","","","","","","","","","","","","","","","","","","","","","","","","","","","","","","","","","","","","","","","","","","","","","","","","","","","","","","","","","","","","","","","","","","","","","","","","","","","","","","","","","","","","","","","","","","","","","","","","","",0,1,"","","","","","","","","","","","","","","","","","","","","","","","","","","","","",""
"61328002","LE PIN-AU-HARAS -INRAE",48.735833,0.128167,176,2002100406,0.,1,"","","","","","","","","","","","","","","","","","","","","","","","","","","","","","","","","","",11.4,1,"","","","","","","","","","","","","","","","","","","","","","","","","","","","",100,1,"","","","","","","","","","","","","","","","","","","","","","","","","","","","","","","","","","","","","","","","","","","","","","","","","","","","","","","","","","","","","","","","","","","","","","","","","","","","","","","","","","","","","","","","","","","","","","","","","","",0,1,"","","","","","","","","","","","","","","","","","","","","","","","","","","","","",""
"61328002","LE PIN-AU-HARAS -INRAE",48.735833,0.128167,176,2002100407,0.,1,"","","","","","","","","","","","","","","","","","","","","","","","","","","","","","","","","","",11.2,1,"","","","","","","","","","","","","","","","","","","","","","","","","","","","",100,1,"","","","","","","","","","","","","","","","","","","","","","","","","","","","","","","","","","","","","","","","","","","","","","","","","","","","","","","","","","","","","","","","","","","","","","","","","","","","","","","","","","","","","","","","","","","","","","","","","","",4,1,"","","","","","","","","","","","","","","","","","","","","","","","","","","","","",""
"61328002","LE PIN-AU-HARAS -INRAE",48.735833,0.128167,176,2002100408,0.,1,"","","","","","","","","","","","","","","","","","","","","","","","","","","","","","","","","","",11.4,1,"","","","","","","","","","","","","","","","","","","","","","","","","","","","",100,1,"","","","","","","","","","","","","","","","","","","","","","","","","","","","","","","","","","","","","","","","","","","","","","","","","","","","","","","","","","","","","","","","","","","","","","","","","","","","","","","","","","","","","","","","","","","","","","","","","","",28,1,"","","","","","","","","","","","","","","","","","","","","","","","","","","","","",""
"61328002","LE PIN-AU-HARAS -INRAE",48.735833,0.128167,176,2002100409,0.,1,"","","","","","","","","","","","","","","","","","","","","","","","","","","","","","","","","","",11.6,1,"","","","","","","","","","","","","","","","","","","","","","","","","","","","",100,1,"","","","","","","","","","","","","","","","","","","","","","","","","","","","","","","","","","","","","","","","","","","","","","","","","","","","","","","","","","","","","","","","","","","","","","","","","","","","","","","","","","","","","","","","","","","","","","","","","","",56,1,"","","","","","","","","","","","","","","","","","","","","","","","","","","","","",""
"61328002","LE PIN-AU-HARAS -INRAE",48.735833,0.128167,176,2002100410,0.,1,"","","","","","","","","","","","","","","","","","","","","","","","","","","","","","","","","","",12.3,1,"","","","","","","","","","","","","","","","","","","","","","","","","","","","",100,1,"","","","","","","","","","","","","","","","","","","","","","","","","","","","","","","","","","","","","","","","","","","","","","","","","","","","","","","","","","","","","","","","","","","","","","","","","","","","","","","","","","","","","","","","","","","","","","","","","","",100,1,"","","","","","","","","","","","","","","","","","","","","","","","","","","","","",""
"61328002","LE PIN-AU-HARAS -INRAE",48.735833,0.128167,176,2002100411,0.,1,"","","","","","","","","","","","","","","","","","","","","","","","","","","","","","","","","","",15.7,1,"","","","","","","","","","","","","","","","","","","","","","","","","","","","",100,1,"","","","","","","","","","","","","","","","","","","","","","","","","","","","","","","","","","","","","","","","","","","","","","","","","","","","","","","","","","","","","","","","","","","","","","","","","","","","","","","","","","","","","","","","","","","","","","","","","","",166,1,"","","","","","","","","","","","","","","","","","","","","","","","","","","","","",""
"61328002","LE PIN-AU-HARAS -INRAE",48.735833,0.128167,176,2002100412,0.,1,"","","","","","","","","","","","","","","","","","","","","","","","","","","","","","","","","","",17.4,1,"","","","","","","","","","","","","","","","","","","","","","","","","","","","",76,1,"","","","","","","","","","","","","","","","","","","","","","","","","","","","","","","","","","","","","","","","","","","","","","","","","","","","","","","","","","","","","","","","","","","","","","","","","","","","","","","","","","","","","","","","","","","","","","","","","","",214,1,"","","","","","","","","","","","","","","","","","","","","","","","","","","","","",""
"61328002","LE PIN-AU-HARAS -INRAE",48.735833,0.128167,176,2002100413,0.,1,"","","","","","","","","","","","","","","","","","","","","","","","","","","","","","","","","","",18.4,1,"","","","","","","","","","","","","","","","","","","","","","","","","","","","",57,1,"","","","","","","","","","","","","","","","","","","","","","","","","","","","","","","","","","","","","","","","","","","","","","","","","","","","","","","","","","","","","","","","","","","","","","","","","","","","","","","","","","","","","","","","","","","","","","","","","","",224,1,"","","","","","","","","","","","","","","","","","","","","","","","","","","","","",""
"61328002","LE PIN-AU-HARAS -INRAE",48.735833,0.128167,176,2002100414,0.,1,"","","","","","","","","","","","","","","","","","","","","","","","","","","","","","","","","","",18.7,1,"","","","","","","","","","","","","","","","","","","","","","","","","","","","",61,1,"","","","","","","","","","","","","","","","","","","","","","","","","","","","","","","","","","","","","","","","","","","","","","","","","","","","","","","","","","","","","","","","","","","","","","","","","","","","","","","","","","","","","","","","","","","","","","","","","","",200,1,"","","","","","","","","","","","","","","","","","","","","","","","","","","","","",""
"61328002","LE PIN-AU-HARAS -INRAE",48.735833,0.128167,176,2002100415,0.,1,"","","","","","","","","","","","","","","","","","","","","","","","","","","","","","","","","","",17.2,1,"","","","","","","","","","","","","","","","","","","","","","","","","","","","",57,1,"","","","","","","","","","","","","","","","","","","","","","","","","","","","","","","","","","","","","","","","","","","","","","","","","","","","","","","","","","","","","","","","","","","","","","","","","","","","","","","","","","","","","","","","","","","","","","","","","","",114,1,"","","","","","","","","","","","","","","","","","","","","","","","","","","","","",""
"61328002","LE PIN-AU-HARAS -INRAE",48.735833,0.128167,176,2002100416,0.,1,"","","","","","","","","","","","","","","","","","","","","","","","","","","","","","","","","","",16.4,1,"","","","","","","","","","","","","","","","","","","","","","","","","","","","",62,1,"","","","","","","","","","","","","","","","","","","","","","","","","","","","","","","","","","","","","","","","","","","","","","","","","","","","","","","","","","","","","","","","","","","","","","","","","","","","","","","","","","","","","","","","","","","","","","","","","","",68,1,"","","","","","","","","","","","","","","","","","","","","","","","","","","","","",""
"61328002","LE PIN-AU-HARAS -INRAE",48.735833,0.128167,176,2002100417,0.,1,"","","","","","","","","","","","","","","","","","","","","","","","","","","","","","","","","","",14.2,1,"","","","","","","","","","","","","","","","","","","","","","","","","","","","",71,1,"","","","","","","","","","","","","","","","","","","","","","","","","","","","","","","","","","","","","","","","","","","","","","","","","","","","","","","","","","","","","","","","","","","","","","","","","","","","","","","","","","","","","","","","","","","","","","","","","","",32,1,"","","","","","","","","","","","","","","","","","","","","","","","","","","","","",""
"61328002","LE PIN-AU-HARAS -INRAE",48.735833,0.128167,176,2002100418,0.,1,"","","","","","","","","","","","","","","","","","","","","","","","","","","","","","","","","","",11.9,1,"","","","","","","","","","","","","","","","","","","","","","","","","","","","",83,1,"","","","","","","","","","","","","","","","","","","","","","","","","","","","","","","","","","","","","","","","","","","","","","","","","","","","","","","","","","","","","","","","","","","","","","","","","","","","","","","","","","","","","","","","","","","","","","","","","","",2,1,"","","","","","","","","","","","","","","","","","","","","","","","","","","","","",""
"61328002","LE PIN-AU-HARAS -INRAE",48.735833,0.128167,176,2002100419,0.,1,"","","","","","","","","","","","","","","","","","","","","","","","","","","","","","","","","","",10.2,1,"","","","","","","","","","","","","","","","","","","","","","","","","","","","",90,1,"","","","","","","","","","","","","","","","","","","","","","","","","","","","","","","","","","","","","","","","","","","","","","","","","","","","","","","","","","","","","","","","","","","","","","","","","","","","","","","","","","","","","","","","","","","","","","","","","","",0,1,"","","","","","","","","","","","","","","","","","","","","","","","","","","","","",""
"61328002","LE PIN-AU-HARAS -INRAE",48.735833,0.128167,176,2002100420,0.,1,"","","","","","","","","","","","","","","","","","","","","","","","","","","","","","","","","","",7.7,1,"","","","","","","","","","","","","","","","","","","","","","","","","","","","",94,1,"","","","","","","","","","","","","","","","","","","","","","","","","","","","","","","","","","","","","","","","","","","","","","","","","","","","","","","","","","","","","","","","","","","","","","","","","","","","","","","","","","","","","","","","","","","","","","","","","","",0,1,"","","","","","","","","","","","","","","","","","","","","","","","","","","","","",""
"61328002","LE PIN-AU-HARAS -INRAE",48.735833,0.128167,176,2002100421,0.,1,"","","","","","","","","","","","","","","","","","","","","","","","","","","","","","","","","","",6.5,1,"","","","","","","","","","","","","","","","","","","","","","","","","","","","",97,1,"","","","","","","","","","","","","","","","","","","","","","","","","","","","","","","","","","","","","","","","","","","","","","","","","","","","","","","","","","","","","","","","","","","","","","","","","","","","","","","","","","","","","","","","","","","","","","","","","","",0,1,"","","","","","","","","","","","","","","","","","","","","","","","","","","","","",""
"61328002","LE PIN-AU-HARAS -INRAE",48.735833,0.128167,176,2002100422,0.,1,"","","","","","","","","","","","","","","","","","","","","","","","","","","","","","","","","","",5.2,1,"","","","","","","","","","","","","","","","","","","","","","","","","","","","",98,1,"","","","","","","","","","","","","","","","","","","","","","","","","","","","","","","","","","","","","","","","","","","","","","","","","","","","","","","","","","","","","","","","","","","","","","","","","","","","","","","","","","","","","","","","","","","","","","","","","","",0,1,"","","","","","","","","","","","","","","","","","","","","","","","","","","","","",""
"61328002","LE PIN-AU-HARAS -INRAE",48.735833,0.128167,176,2002100423,0.,1,"","","","","","","","","","","","","","","","","","","","","","","","","","","","","","","","","","",4.2,1,"","","","","","","","","","","","","","","","","","","","","","","","","","","","",99,1,"","","","","","","","","","","","","","","","","","","","","","","","","","","","","","","","","","","","","","","","","","","","","","","","","","","","","","","","","","","","","","","","","","","","","","","","","","","","","","","","","","","","","","","","","","","","","","","","","","",0,1,"","","","","","","","","","","","","","","","","","","","","","","","","","","","","",""
"61328002","LE PIN-AU-HARAS -INRAE",48.735833,0.128167,176,2002100500,0.,1,"","","","","","","","","","","","","","","","","","","","","","","","","","","","","","","","","","",3.8,1,"","","","","","","","","","","","","","","","","","","","","","","","","","","","",99,1,"","","","","","","","","","","","","","","","","","","","","","","","","","","","","","","","","","","","","","","","","","","","","","","","","","","","","","","","","","","","","","","","","","","","","","","","","","","","","","","","","","","","","","","","","","","","","","","","","","",0,1,"","","","","","","","","","","","","","","","","","","","","","","","","","","","","",""
"61328002","LE PIN-AU-HARAS -INRAE",48.735833,0.128167,176,2002100501,0.,1,"","","","","","","","","","","","","","","","","","","","","","","","","","","","","","","","","","",3.4,1,"","","","","","","","","","","","","","","","","","","","","","","","","","","","",100,1,"","","","","","","","","","","","","","","","","","","","","","","","","","","","","","","","","","","","","","","","","","","","","","","","","","","","","","","","","","","","","","","","","","","","","","","","","","","","","","","","","","","","","","","","","","","","","","","","","","",0,1,"","","","","","","","","","","","","","","","","","","","","","","","","","","","","",""
"61328002","LE PIN-AU-HARAS -INRAE",48.735833,0.128167,176,2002100502,0.,1,"","","","","","","","","","","","","","","","","","","","","","","","","","","","","","","","","","",2.8,1,"","","","","","","","","","","","","","","","","","","","","","","","","","","","",100,1,"","","","","","","","","","","","","","","","","","","","","","","","","","","","","","","","","","","","","","","","","","","","","","","","","","","","","","","","","","","","","","","","","","","","","","","","","","","","","","","","","","","","","","","","","","","","","","","","","","",0,1,"","","","","","","","","","","","","","","","","","","","","","","","","","","","","",""
"61328002","LE PIN-AU-HARAS -INRAE",48.735833,0.128167,176,2002100503,0.,1,"","","","","","","","","","","","","","","","","","","","","","","","","","","","","","","","","","",2.8,1,"","","","","","","","","","","","","","","","","","","","","","","","","","","","",100,1,"","","","","","","","","","","","","","","","","","","","","","","","","","","","","","","","","","","","","","","","","","","","","","","","","","","","","","","","","","","","","","","","","","","","","","","","","","","","","","","","","","","","","","","","","","","","","","","","","","",0,1,"","","","","","","","","","","","","","","","","","","","","","","","","","","","","",""
"61328002","LE PIN-AU-HARAS -INRAE",48.735833,0.128167,176,2002100504,0.,1,"","","","","","","","","","","","","","","","","","","","","","","","","","","","","","","","","","",3.1,1,"","","","","","","","","","","","","","","","","","","","","","","","","","","","",100,1,"","","","","","","","","","","","","","","","","","","","","","","","","","","","","","","","","","","","","","","","","","","","","","","","","","","","","","","","","","","","","","","","","","","","","","","","","","","","","","","","","","","","","","","","","","","","","","","","","","",0,1,"","","","","","","","","","","","","","","","","","","","","","","","","","","","","",""
"61328002","LE PIN-AU-HARAS -INRAE",48.735833,0.128167,176,2002100505,0.,1,"","","","","","","","","","","","","","","","","","","","","","","","","","","","","","","","","","",3.5,1,"","","","","","","","","","","","","","","","","","","","","","","","","","","","",100,1,"","","","","","","","","","","","","","","","","","","","","","","","","","","","","","","","","","","","","","","","","","","","","","","","","","","","","","","","","","","","","","","","","","","","","","","","","","","","","","","","","","","","","","","","","","","","","","","","","","",0,1,"","","","","","","","","","","","","","","","","","","","","","","","","","","","","",""
"61328002","LE PIN-AU-HARAS -INRAE",48.735833,0.128167,176,2002100506,0.,1,"","","","","","","","","","","","","","","","","","","","","","","","","","","","","","","","","","",3.8,1,"","","","","","","","","","","","","","","","","","","","","","","","","","","","",100,1,"","","","","","","","","","","","","","","","","","","","","","","","","","","","","","","","","","","","","","","","","","","","","","","","","","","","","","","","","","","","","","","","","","","","","","","","","","","","","","","","","","","","","","","","","","","","","","","","","","",0,1,"","","","","","","","","","","","","","","","","","","","","","","","","","","","","",""
"61328002","LE PIN-AU-HARAS -INRAE",48.735833,0.128167,176,2002100507,0.,1,"","","","","","","","","","","","","","","","","","","","","","","","","","","","","","","","","","",5.,1,"","","","","","","","","","","","","","","","","","","","","","","","","","","","",100,1,"","","","","","","","","","","","","","","","","","","","","","","","","","","","","","","","","","","","","","","","","","","","","","","","","","","","","","","","","","","","","","","","","","","","","","","","","","","","","","","","","","","","","","","","","","","","","","","","","","",6,1,"","","","","","","","","","","","","","","","","","","","","","","","","","","","","",""
"61328002","LE PIN-AU-HARAS -INRAE",48.735833,0.128167,176,2002100508,0.,1,"","","","","","","","","","","","","","","","","","","","","","","","","","","","","","","","","","",6.8,1,"","","","","","","","","","","","","","","","","","","","","","","","","","","","",100,1,"","","","","","","","","","","","","","","","","","","","","","","","","","","","","","","","","","","","","","","","","","","","","","","","","","","","","","","","","","","","","","","","","","","","","","","","","","","","","","","","","","","","","","","","","","","","","","","","","","",38,1,"","","","","","","","","","","","","","","","","","","","","","","","","","","","","",""
"61328002","LE PIN-AU-HARAS -INRAE",48.735833,0.128167,176,2002100509,0.,1,"","","","","","","","","","","","","","","","","","","","","","","","","","","","","","","","","","",9.6,1,"","","","","","","","","","","","","","","","","","","","","","","","","","","","",100,1,"","","","","","","","","","","","","","","","","","","","","","","","","","","","","","","","","","","","","","","","","","","","","","","","","","","","","","","","","","","","","","","","","","","","","","","","","","","","","","","","","","","","","","","","","","","","","","","","","","",70,1,"","","","","","","","","","","","","","","","","","","","","","","","","","","","","",""
"61328002","LE PIN-AU-HARAS -INRAE",48.735833,0.128167,176,2002100510,0.,1,"","","","","","","","","","","","","","","","","","","","","","","","","","","","","","","","","","",12.6,1,"","","","","","","","","","","","","","","","","","","","","","","","","","","","",100,1,"","","","","","","","","","","","","","","","","","","","","","","","","","","","","","","","","","","","","","","","","","","","","","","","","","","","","","","","","","","","","","","","","","","","","","","","","","","","","","","","","","","","","","","","","","","","","","","","","","",132,1,"","","","","","","","","","","","","","","","","","","","","","","","","","","","","",""
"61328002","LE PIN-AU-HARAS -INRAE",48.735833,0.128167,176,2002100511,0.,1,"","","","","","","","","","","","","","","","","","","","","","","","","","","","","","","","","","",15.6,1,"","","","","","","","","","","","","","","","","","","","","","","","","","","","",80,1,"","","","","","","","","","","","","","","","","","","","","","","","","","","","","","","","","","","","","","","","","","","","","","","","","","","","","","","","","","","","","","","","","","","","","","","","","","","","","","","","","","","","","","","","","","","","","","","","","","",206,1,"","","","","","","","","","","","","","","","","","","","","","","","","","","","","",""
"61328002","LE PIN-AU-HARAS -INRAE",48.735833,0.128167,176,2002100512,0.,1,"","","","","","","","","","","","","","","","","","","","","","","","","","","","","","","","","","",16.8,1,"","","","","","","","","","","","","","","","","","","","","","","","","","","","",73,1,"","","","","","","","","","","","","","","","","","","","","","","","","","","","","","","","","","","","","","","","","","","","","","","","","","","","","","","","","","","","","","","","","","","","","","","","","","","","","","","","","","","","","","","","","","","","","","","","","","",150,1,"","","","","","","","","","","","","","","","","","","","","","","","","","","","","",""
"61328002","LE PIN-AU-HARAS -INRAE",48.735833,0.128167,176,2002100513,0.,1,"","","","","","","","","","","","","","","","","","","","","","","","","","","","","","","","","","",16.3,1,"","","","","","","","","","","","","","","","","","","","","","","","","","","","",67,1,"","","","","","","","","","","","","","","","","","","","","","","","","","","","","","","","","","","","","","","","","","","","","","","","","","","","","","","","","","","","","","","","","","","","","","","","","","","","","","","","","","","","","","","","","","","","","","","","","","",148,1,"","","","","","","","","","","","","","","","","","","","","","","","","","","","","",""
"61328002","LE PIN-AU-HARAS -INRAE",48.735833,0.128167,176,2002100514,0.,1,"","","","","","","","","","","","","","","","","","","","","","","","","","","","","","","","","","",17.3,1,"","","","","","","","","","","","","","","","","","","","","","","","","","","","",61,1,"","","","","","","","","","","","","","","","","","","","","","","","","","","","","","","","","","","","","","","","","","","","","","","","","","","","","","","","","","","","","","","","","","","","","","","","","","","","","","","","","","","","","","","","","","","","","","","","","","",156,1,"","","","","","","","","","","","","","","","","","","","","","","","","","","","","",""
"61328002","LE PIN-AU-HARAS -INRAE",48.735833,0.128167,176,2002100515,0.,1,"","","","","","","","","","","","","","","","","","","","","","","","","","","","","","","","","","",16.2,1,"","","","","","","","","","","","","","","","","","","","","","","","","","","","",64,1,"","","","","","","","","","","","","","","","","","","","","","","","","","","","","","","","","","","","","","","","","","","","","","","","","","","","","","","","","","","","","","","","","","","","","","","","","","","","","","","","","","","","","","","","","","","","","","","","","","",126,1,"","","","","","","","","","","","","","","","","","","","","","","","","","","","","",""
"61328002","LE PIN-AU-HARAS -INRAE",48.735833,0.128167,176,2002100516,0.,1,"","","","","","","","","","","","","","","","","","","","","","","","","","","","","","","","","","",15.9,1,"","","","","","","","","","","","","","","","","","","","","","","","","","","","",67,1,"","","","","","","","","","","","","","","","","","","","","","","","","","","","","","","","","","","","","","","","","","","","","","","","","","","","","","","","","","","","","","","","","","","","","","","","","","","","","","","","","","","","","","","","","","","","","","","","","","",80,1,"","","","","","","","","","","","","","","","","","","","","","","","","","","","","",""
"61328002","LE PIN-AU-HARAS -INRAE",48.735833,0.128167,176,2002100517,0.,1,"","","","","","","","","","","","","","","","","","","","","","","","","","","","","","","","","","",14.5,1,"","","","","","","","","","","","","","","","","","","","","","","","","","","","",74,1,"","","","","","","","","","","","","","","","","","","","","","","","","","","","","","","","","","","","","","","","","","","","","","","","","","","","","","","","","","","","","","","","","","","","","","","","","","","","","","","","","","","","","","","","","","","","","","","","","","",32,1,"","","","","","","","","","","","","","","","","","","","","","","","","","","","","",""
"61328002","LE PIN-AU-HARAS -INRAE",48.735833,0.128167,176,2002100518,0.,1,"","","","","","","","","","","","","","","","","","","","","","","","","","","","","","","","","","",10.5,1,"","","","","","","","","","","","","","","","","","","","","","","","","","","","",91,1,"","","","","","","","","","","","","","","","","","","","","","","","","","","","","","","","","","","","","","","","","","","","","","","","","","","","","","","","","","","","","","","","","","","","","","","","","","","","","","","","","","","","","","","","","","","","","","","","","","",4,1,"","","","","","","","","","","","","","","","","","","","","","","","","","","","","",""
"61328002","LE PIN-AU-HARAS -INRAE",48.735833,0.128167,176,2002100519,0.,1,"","","","","","","","","","","","","","","","","","","","","","","","","","","","","","","","","","",9.2,1,"","","","","","","","","","","","","","","","","","","","","","","","","","","","",95,1,"","","","","","","","","","","","","","","","","","","","","","","","","","","","","","","","","","","","","","","","","","","","","","","","","","","","","","","","","","","","","","","","","","","","","","","","","","","","","","","","","","","","","","","","","","","","","","","","","","",0,1,"","","","","","","","","","","","","","","","","","","","","","","","","","","","","",""
"61328002","LE PIN-AU-HARAS -INRAE",48.735833,0.128167,176,2002100520,0.,1,"","","","","","","","","","","","","","","","","","","","","","","","","","","","","","","","","","",9.5,1,"","","","","","","","","","","","","","","","","","","","","","","","","","","","",98,1,"","","","","","","","","","","","","","","","","","","","","","","","","","","","","","","","","","","","","","","","","","","","","","","","","","","","","","","","","","","","","","","","","","","","","","","","","","","","","","","","","","","","","","","","","","","","","","","","","","",0,1,"","","","","","","","","","","","","","","","","","","","","","","","","","","","","",""
"61328002","LE PIN-AU-HARAS -INRAE",48.735833,0.128167,176,2002100521,0.,1,"","","","","","","","","","","","","","","","","","","","","","","","","","","","","","","","","","",9.1,1,"","","","","","","","","","","","","","","","","","","","","","","","","","","","",97,1,"","","","","","","","","","","","","","","","","","","","","","","","","","","","","","","","","","","","","","","","","","","","","","","","","","","","","","","","","","","","","","","","","","","","","","","","","","","","","","","","","","","","","","","","","","","","","","","","","","",0,1,"","","","","","","","","","","","","","","","","","","","","","","","","","","","","",""
"61328002","LE PIN-AU-HARAS -INRAE",48.735833,0.128167,176,2002100522,0.,1,"","","","","","","","","","","","","","","","","","","","","","","","","","","","","","","","","","",10.3,1,"","","","","","","","","","","","","","","","","","","","","","","","","","","","",97,1,"","","","","","","","","","","","","","","","","","","","","","","","","","","","","","","","","","","","","","","","","","","","","","","","","","","","","","","","","","","","","","","","","","","","","","","","","","","","","","","","","","","","","","","","","","","","","","","","","","",0,1,"","","","","","","","","","","","","","","","","","","","","","","","","","","","","",""
"61328002","LE PIN-AU-HARAS -INRAE",48.735833,0.128167,176,2002100523,0.,1,"","","","","","","","","","","","","","","","","","","","","","","","","","","","","","","","","","",8.,1,"","","","","","","","","","","","","","","","","","","","","","","","","","","","",95,1,"","","","","","","","","","","","","","","","","","","","","","","","","","","","","","","","","","","","","","","","","","","","","","","","","","","","","","","","","","","","","","","","","","","","","","","","","","","","","","","","","","","","","","","","","","","","","","","","","","",0,1,"","","","","","","","","","","","","","","","","","","","","","","","","","","","","",""
"61328002","LE PIN-AU-HARAS -INRAE",48.735833,0.128167,176,2002100600,0.,1,"","","","","","","","","","","","","","","","","","","","","","","","","","","","","","","","","","",6.9,1,"","","","","","","","","","","","","","","","","","","","","","","","","","","","",98,1,"","","","","","","","","","","","","","","","","","","","","","","","","","","","","","","","","","","","","","","","","","","","","","","","","","","","","","","","","","","","","","","","","","","","","","","","","","","","","","","","","","","","","","","","","","","","","","","","","","",0,1,"","","","","","","","","","","","","","","","","","","","","","","","","","","","","",""
"61328002","LE PIN-AU-HARAS -INRAE",48.735833,0.128167,176,2002100601,0.,1,"","","","","","","","","","","","","","","","","","","","","","","","","","","","","","","","","","",10.9,1,"","","","","","","","","","","","","","","","","","","","","","","","","","","","",100,1,"","","","","","","","","","","","","","","","","","","","","","","","","","","","","","","","","","","","","","","","","","","","","","","","","","","","","","","","","","","","","","","","","","","","","","","","","","","","","","","","","","","","","","","","","","","","","","","","","","",0,1,"","","","","","","","","","","","","","","","","","","","","","","","","","","","","",""
"61328002","LE PIN-AU-HARAS -INRAE",48.735833,0.128167,176,2002100602,0.,1,"","","","","","","","","","","","","","","","","","","","","","","","","","","","","","","","","","",12.,1,"","","","","","","","","","","","","","","","","","","","","","","","","","","","",100,1,"","","","","","","","","","","","","","","","","","","","","","","","","","","","","","","","","","","","","","","","","","","","","","","","","","","","","","","","","","","","","","","","","","","","","","","","","","","","","","","","","","","","","","","","","","","","","","","","","","",0,1,"","","","","","","","","","","","","","","","","","","","","","","","","","","","","",""
"61328002","LE PIN-AU-HARAS -INRAE",48.735833,0.128167,176,2002100603,0.,1,"","","","","","","","","","","","","","","","","","","","","","","","","","","","","","","","","","",12.2,1,"","","","","","","","","","","","","","","","","","","","","","","","","","","","",100,1,"","","","","","","","","","","","","","","","","","","","","","","","","","","","","","","","","","","","","","","","","","","","","","","","","","","","","","","","","","","","","","","","","","","","","","","","","","","","","","","","","","","","","","","","","","","","","","","","","","",0,1,"","","","","","","","","","","","","","","","","","","","","","","","","","","","","",""
"61328002","LE PIN-AU-HARAS -INRAE",48.735833,0.128167,176,2002100604,0.,1,"","","","","","","","","","","","","","","","","","","","","","","","","","","","","","","","","","",12.7,1,"","","","","","","","","","","","","","","","","","","","","","","","","","","","",100,1,"","","","","","","","","","","","","","","","","","","","","","","","","","","","","","","","","","","","","","","","","","","","","","","","","","","","","","","","","","","","","","","","","","","","","","","","","","","","","","","","","","","","","","","","","","","","","","","","","","",0,1,"","","","","","","","","","","","","","","","","","","","","","","","","","","","","",""
"61328002","LE PIN-AU-HARAS -INRAE",48.735833,0.128167,176,2002100605,0.,1,"","","","","","","","","","","","","","","","","","","","","","","","","","","","","","","","","","",13.3,1,"","","","","","","","","","","","","","","","","","","","","","","","","","","","",100,1,"","","","","","","","","","","","","","","","","","","","","","","","","","","","","","","","","","","","","","","","","","","","","","","","","","","","","","","","","","","","","","","","","","","","","","","","","","","","","","","","","","","","","","","","","","","","","","","","","","",0,1,"","","","","","","","","","","","","","","","","","","","","","","","","","","","","",""
"61328002","LE PIN-AU-HARAS -INRAE",48.735833,0.128167,176,2002100606,0.,1,"","","","","","","","","","","","","","","","","","","","","","","","","","","","","","","","","","",13.8,1,"","","","","","","","","","","","","","","","","","","","","","","","","","","","",98,1,"","","","","","","","","","","","","","","","","","","","","","","","","","","","","","","","","","","","","","","","","","","","","","","","","","","","","","","","","","","","","","","","","","","","","","","","","","","","","","","","","","","","","","","","","","","","","","","","","","",0,1,"","","","","","","","","","","","","","","","","","","","","","","","","","","","","",""
"61328002","LE PIN-AU-HARAS -INRAE",48.735833,0.128167,176,2002100607,0.,1,"","","","","","","","","","","","","","","","","","","","","","","","","","","","","","","","","","",13.8,1,"","","","","","","","","","","","","","","","","","","","","","","","","","","","",97,1,"","","","","","","","","","","","","","","","","","","","","","","","","","","","","","","","","","","","","","","","","","","","","","","","","","","","","","","","","","","","","","","","","","","","","","","","","","","","","","","","","","","","","","","","","","","","","","","","","","",2,1,"","","","","","","","","","","","","","","","","","","","","","","","","","","","","",""
"61328002","LE PIN-AU-HARAS -INRAE",48.735833,0.128167,176,2002100608,0.,1,"","","","","","","","","","","","","","","","","","","","","","","","","","","","","","","","","","",13.9,1,"","","","","","","","","","","","","","","","","","","","","","","","","","","","",98,1,"","","","","","","","","","","","","","","","","","","","","","","","","","","","","","","","","","","","","","","","","","","","","","","","","","","","","","","","","","","","","","","","","","","","","","","","","","","","","","","","","","","","","","","","","","","","","","","","","","",8,1,"","","","","","","","","","","","","","","","","","","","","","","","","","","","","",""
"61328002","LE PIN-AU-HARAS -INRAE",48.735833,0.128167,176,2002100609,0.,1,"","","","","","","","","","","","","","","","","","","","","","","","","","","","","","","","","","",14.,1,"","","","","","","","","","","","","","","","","","","","","","","","","","","","",92,1,"","","","","","","","","","","","","","","","","","","","","","","","","","","","","","","","","","","","","","","","","","","","","","","","","","","","","","","","","","","","","","","","","","","","","","","","","","","","","","","","","","","","","","","","","","","","","","","","","","",20,1,"","","","","","","","","","","","","","","","","","","","","","","","","","","","","",""
"61328002","LE PIN-AU-HARAS -INRAE",48.735833,0.128167,176,2002100610,0.,1,"","","","","","","","","","","","","","","","","","","","","","","","","","","","","","","","","","",15.3,1,"","","","","","","","","","","","","","","","","","","","","","","","","","","","",75,1,"","","","","","","","","","","","","","","","","","","","","","","","","","","","","","","","","","","","","","","","","","","","","","","","","","","","","","","","","","","","","","","","","","","","","","","","","","","","","","","","","","","","","","","","","","","","","","","","","","",84,1,"","","","","","","","","","","","","","","","","","","","","","","","","","","","","",""
"61328002","LE PIN-AU-HARAS -INRAE",48.735833,0.128167,176,2002100611,0.,1,"","","","","","","","","","","","","","","","","","","","","","","","","","","","","","","","","","",15.6,1,"","","","","","","","","","","","","","","","","","","","","","","","","","","","",68,1,"","","","","","","","","","","","","","","","","","","","","","","","","","","","","","","","","","","","","","","","","","","","","","","","","","","","","","","","","","","","","","","","","","","","","","","","","","","","","","","","","","","","","","","","","","","","","","","","","","",138,1,"","","","","","","","","","","","","","","","","","","","","","","","","","","","","",""
"61328002","LE PIN-AU-HARAS -INRAE",48.735833,0.128167,176,2002100612,0.,1,"","","","","","","","","","","","","","","","","","","","","","","","","","","","","","","","","","",16.2,1,"","","","","","","","","","","","","","","","","","","","","","","","","","","","",62,1,"","","","","","","","","","","","","","","","","","","","","","","","","","","","","","","","","","","","","","","","","","","","","","","","","","","","","","","","","","","","","","","","","","","","","","","","","","","","","","","","","","","","","","","","","","","","","","","","","","",174,1,"","","","","","","","","","","","","","","","","","","","","","","","","","","","","",""
"61328002","LE PIN-AU-HARAS -INRAE",48.735833,0.128167,176,2002100613,0.,1,"","","","","","","","","","","","","","","","","","","","","","","","","","","","","","","","","","",16.8,1,"","","","","","","","","","","","","","","","","","","","","","","","","","","","",66,1,"","","","","","","","","","","","","","","","","","","","","","","","","","","","","","","","","","","","","","","","","","","","","","","","","","","","","","","","","","","","","","","","","","","","","","","","","","","","","","","","","","","","","","","","","","","","","","","","","","",176,1,"","","","","","","","","","","","","","","","","","","","","","","","","","","","","",""
"61328002","LE PIN-AU-HARAS -INRAE",48.735833,0.128167,176,2002100614,0.,1,"","","","","","","","","","","","","","","","","","","","","","","","","","","","","","","","","","",15.,1,"","","","","","","","","","","","","","","","","","","","","","","","","","","","",72,1,"","","","","","","","","","","","","","","","","","","","","","","","","","","","","","","","","","","","","","","","","","","","","","","","","","","","","","","","","","","","","","","","","","","","","","","","","","","","","","","","","","","","","","","","","","","","","","","","","","",102,1,"","","","","","","","","","","","","","","","","","","","","","","","","","","","","",""
"61328002","LE PIN-AU-HARAS -INRAE",48.735833,0.128167,176,2002100615,0.,1,"","","","","","","","","","","","","","","","","","","","","","","","","","","","","","","","","","",16.1,1,"","","","","","","","","","","","","","","","","","","","","","","","","","","","",68,1,"","","","","","","","","","","","","","","","","","","","","","","","","","","","","","","","","","","","","","","","","","","","","","","","","","","","","","","","","","","","","","","","","","","","","","","","","","","","","","","","","","","","","","","","","","","","","","","","","","",148,1,"","","","","","","","","","","","","","","","","","","","","","","","","","","","","",""
"61328002","LE PIN-AU-HARAS -INRAE",48.735833,0.128167,176,2002100616,0.,1,"","","","","","","","","","","","","","","","","","","","","","","","","","","","","","","","","","",15.8,1,"","","","","","","","","","","","","","","","","","","","","","","","","","","","",69,1,"","","","","","","","","","","","","","","","","","","","","","","","","","","","","","","","","","","","","","","","","","","","","","","","","","","","","","","","","","","","","","","","","","","","","","","","","","","","","","","","","","","","","","","","","","","","","","","","","","",98,1,"","","","","","","","","","","","","","","","","","","","","","","","","","","","","",""
"61328002","LE PIN-AU-HARAS -INRAE",48.735833,0.128167,176,2002100617,0.,1,"","","","","","","","","","","","","","","","","","","","","","","","","","","","","","","","","","",14.4,1,"","","","","","","","","","","","","","","","","","","","","","","","","","","","",68,1,"","","","","","","","","","","","","","","","","","","","","","","","","","","","","","","","","","","","","","","","","","","","","","","","","","","","","","","","","","","","","","","","","","","","","","","","","","","","","","","","","","","","","","","","","","","","","","","","","","",34,1,"","","","","","","","","","","","","","","","","","","","","","","","","","","","","",""
"61328002","LE PIN-AU-HARAS -INRAE",48.735833,0.128167,176,2002100618,0.,1,"","","","","","","","","","","","","","","","","","","","","","","","","","","","","","","","","","",11.9,1,"","","","","","","","","","","","","","","","","","","","","","","","","","","","",80,1,"","","","","","","","","","","","","","","","","","","","","","","","","","","","","","","","","","","","","","","","","","","","","","","","","","","","","","","","","","","","","","","","","","","","","","","","","","","","","","","","","","","","","","","","","","","","","","","","","","",2,1,"","","","","","","","","","","","","","","","","","","","","","","","","","","","","",""
"61328002","LE PIN-AU-HARAS -INRAE",48.735833,0.128167,176,2002100619,0.,1,"","","","","","","","","","","","","","","","","","","","","","","","","","","","","","","","","","",8.5,1,"","","","","","","","","","","","","","","","","","","","","","","","","","","","",91,1,"","","","","","","","","","","","","","","","","","","","","","","","","","","","","","","","","","","","","","","","","","","","","","","","","","","","","","","","","","","","","","","","","","","","","","","","","","","","","","","","","","","","","","","","","","","","","","","","","","",0,1,"","","","","","","","","","","","","","","","","","","","","","","","","","","","","",""
"61328002","LE PIN-AU-HARAS -INRAE",48.735833,0.128167,176,2002100620,0.,1,"","","","","","","","","","","","","","","","","","","","","","","","","","","","","","","","","","",7.9,1,"","","","","","","","","","","","","","","","","","","","","","","","","","","","",96,1,"","","","","","","","","","","","","","","","","","","","","","","","","","","","","","","","","","","","","","","","","","","","","","","","","","","","","","","","","","","","","","","","","","","","","","","","","","","","","","","","","","","","","","","","","","","","","","","","","","",0,1,"","","","","","","","","","","","","","","","","","","","","","","","","","","","","",""
"61328002","LE PIN-AU-HARAS -INRAE",48.735833,0.128167,176,2002100621,0.,1,"","","","","","","","","","","","","","","","","","","","","","","","","","","","","","","","","","",7.,1,"","","","","","","","","","","","","","","","","","","","","","","","","","","","",97,1,"","","","","","","","","","","","","","","","","","","","","","","","","","","","","","","","","","","","","","","","","","","","","","","","","","","","","","","","","","","","","","","","","","","","","","","","","","","","","","","","","","","","","","","","","","","","","","","","","","",0,1,"","","","","","","","","","","","","","","","","","","","","","","","","","","","","",""
"61328002","LE PIN-AU-HARAS -INRAE",48.735833,0.128167,176,2002100622,0.,1,"","","","","","","","","","","","","","","","","","","","","","","","","","","","","","","","","","",5.4,1,"","","","","","","","","","","","","","","","","","","","","","","","","","","","",98,1,"","","","","","","","","","","","","","","","","","","","","","","","","","","","","","","","","","","","","","","","","","","","","","","","","","","","","","","","","","","","","","","","","","","","","","","","","","","","","","","","","","","","","","","","","","","","","","","","","","",0,1,"","","","","","","","","","","","","","","","","","","","","","","","","","","","","",""
"61328002","LE PIN-AU-HARAS -INRAE",48.735833,0.128167,176,2002100623,0.,1,"","","","","","","","","","","","","","","","","","","","","","","","","","","","","","","","","","",5.6,1,"","","","","","","","","","","","","","","","","","","","","","","","","","","","",99,1,"","","","","","","","","","","","","","","","","","","","","","","","","","","","","","","","","","","","","","","","","","","","","","","","","","","","","","","","","","","","","","","","","","","","","","","","","","","","","","","","","","","","","","","","","","","","","","","","","","",0,1,"","","","","","","","","","","","","","","","","","","","","","","","","","","","","",""
"61328002","LE PIN-AU-HARAS -INRAE",48.735833,0.128167,176,2002100700,0.,1,"","","","","","","","","","","","","","","","","","","","","","","","","","","","","","","","","","",3.6,1,"","","","","","","","","","","","","","","","","","","","","","","","","","","","",99,1,"","","","","","","","","","","","","","","","","","","","","","","","","","","","","","","","","","","","","","","","","","","","","","","","","","","","","","","","","","","","","","","","","","","","","","","","","","","","","","","","","","","","","","","","","","","","","","","","","","",0,1,"","","","","","","","","","","","","","","","","","","","","","","","","","","","","",""
"61328002","LE PIN-AU-HARAS -INRAE",48.735833,0.128167,176,2002100701,0.,1,"","","","","","","","","","","","","","","","","","","","","","","","","","","","","","","","","","",2.3,1,"","","","","","","","","","","","","","","","","","","","","","","","","","","","",99,1,"","","","","","","","","","","","","","","","","","","","","","","","","","","","","","","","","","","","","","","","","","","","","","","","","","","","","","","","","","","","","","","","","","","","","","","","","","","","","","","","","","","","","","","","","","","","","","","","","","",0,1,"","","","","","","","","","","","","","","","","","","","","","","","","","","","","",""
"61328002","LE PIN-AU-HARAS -INRAE",48.735833,0.128167,176,2002100702,0.,1,"","","","","","","","","","","","","","","","","","","","","","","","","","","","","","","","","","",1.6,1,"","","","","","","","","","","","","","","","","","","","","","","","","","","","",99,1,"","","","","","","","","","","","","","","","","","","","","","","","","","","","","","","","","","","","","","","","","","","","","","","","","","","","","","","","","","","","","","","","","","","","","","","","","","","","","","","","","","","","","","","","","","","","","","","","","","",0,1,"","","","","","","","","","","","","","","","","","","","","","","","","","","","","",""
"61328002","LE PIN-AU-HARAS -INRAE",48.735833,0.128167,176,2002100703,0.,1,"","","","","","","","","","","","","","","","","","","","","","","","","","","","","","","","","","",0.8,1,"","","","","","","","","","","","","","","","","","","","","","","","","","","","",100,1,"","","","","","","","","","","","","","","","","","","","","","","","","","","","","","","","","","","","","","","","","","","","","","","","","","","","","","","","","","","","","","","","","","","","","","","","","","","","","","","","","","","","","","","","","","","","","","","","","","",0,1,"","","","","","","","","","","","","","","","","","","","","","","","","","","","","",""
"61328002","LE PIN-AU-HARAS -INRAE",48.735833,0.128167,176,2002100704,0.,1,"","","","","","","","","","","","","","","","","","","","","","","","","","","","","","","","","","",0.1,1,"","","","","","","","","","","","","","","","","","","","","","","","","","","","",100,1,"","","","","","","","","","","","","","","","","","","","","","","","","","","","","","","","","","","","","","","","","","","","","","","","","","","","","","","","","","","","","","","","","","","","","","","","","","","","","","","","","","","","","","","","","","","","","","","","","","",0,1,"","","","","","","","","","","","","","","","","","","","","","","","","","","","","",""
"61328002","LE PIN-AU-HARAS -INRAE",48.735833,0.128167,176,2002100705,0.,1,"","","","","","","","","","","","","","","","","","","","","","","","","","","","","","","","","","",0.1,1,"","","","","","","","","","","","","","","","","","","","","","","","","","","","",100,1,"","","","","","","","","","","","","","","","","","","","","","","","","","","","","","","","","","","","","","","","","","","","","","","","","","","","","","","","","","","","","","","","","","","","","","","","","","","","","","","","","","","","","","","","","","","","","","","","","","",0,1,"","","","","","","","","","","","","","","","","","","","","","","","","","","","","",""
"61328002","LE PIN-AU-HARAS -INRAE",48.735833,0.128167,176,2002100706,0.,1,"","","","","","","","","","","","","","","","","","","","","","","","","","","","","","","","","","",-0.2,1,"","","","","","","","","","","","","","","","","","","","","","","","","","","","",100,1,"","","","","","","","","","","","","","","","","","","","","","","","","","","","","","","","","","","","","","","","","","","","","","","","","","","","","","","","","","","","","","","","","","","","","","","","","","","","","","","","","","","","","","","","","","","","","","","","","","",0,1,"","","","","","","","","","","","","","","","","","","","","","","","","","","","","",""
"61328002","LE PIN-AU-HARAS -INRAE",48.735833,0.128167,176,2002100707,0.,1,"","","","","","","","","","","","","","","","","","","","","","","","","","","","","","","","","","",0.2,1,"","","","","","","","","","","","","","","","","","","","","","","","","","","","",100,1,"","","","","","","","","","","","","","","","","","","","","","","","","","","","","","","","","","","","","","","","","","","","","","","","","","","","","","","","","","","","","","","","","","","","","","","","","","","","","","","","","","","","","","","","","","","","","","","","","","",6,1,"","","","","","","","","","","","","","","","","","","","","","","","","","","","","",""
"61328002","LE PIN-AU-HARAS -INRAE",48.735833,0.128167,176,2002100708,0.,1,"","","","","","","","","","","","","","","","","","","","","","","","","","","","","","","","","","",4.5,1,"","","","","","","","","","","","","","","","","","","","","","","","","","","","",100,1,"","","","","","","","","","","","","","","","","","","","","","","","","","","","","","","","","","","","","","","","","","","","","","","","","","","","","","","","","","","","","","","","","","","","","","","","","","","","","","","","","","","","","","","","","","","","","","","","","","",30,1,"","","","","","","","","","","","","","","","","","","","","","","","","","","","","",""
"61328002","LE PIN-AU-HARAS -INRAE",48.735833,0.128167,176,2002100709,0.,1,"","","","","","","","","","","","","","","","","","","","","","","","","","","","","","","","","","",10.2,1,"","","","","","","","","","","","","","","","","","","","","","","","","","","","",100,1,"","","","","","","","","","","","","","","","","","","","","","","","","","","","","","","","","","","","","","","","","","","","","","","","","","","","","","","","","","","","","","","","","","","","","","","","","","","","","","","","","","","","","","","","","","","","","","","","","","",64,1,"","","","","","","","","","","","","","","","","","","","","","","","","","","","","",""
"61328002","LE PIN-AU-HARAS -INRAE",48.735833,0.128167,176,2002100710,0.,1,"","","","","","","","","","","","","","","","","","","","","","","","","","","","","","","","","","",13.4,1,"","","","","","","","","","","","","","","","","","","","","","","","","","","","",75,1,"","","","","","","","","","","","","","","","","","","","","","","","","","","","","","","","","","","","","","","","","","","","","","","","","","","","","","","","","","","","","","","","","","","","","","","","","","","","","","","","","","","","","","","","","","","","","","","","","","",164,1,"","","","","","","","","","","","","","","","","","","","","","","","","","","","","",""
"61328002","LE PIN-AU-HARAS -INRAE",48.735833,0.128167,176,2002100711,0.,1,"","","","","","","","","","","","","","","","","","","","","","","","","","","","","","","","","","",15.4,1,"","","","","","","","","","","","","","","","","","","","","","","","","","","","",55,1,"","","","","","","","","","","","","","","","","","","","","","","","","","","","","","","","","","","","","","","","","","","","","","","","","","","","","","","","","","","","","","","","","","","","","","","","","","","","","","","","","","","","","","","","","","","","","","","","","","",198,1,"","","","","","","","","","","","","","","","","","","","","","","","","","","","","",""
"61328002","LE PIN-AU-HARAS -INRAE",48.735833,0.128167,176,2002100712,0.,1,"","","","","","","","","","","","","","","","","","","","","","","","","","","","","","","","","","",14.8,1,"","","","","","","","","","","","","","","","","","","","","","","","","","","","",53,1,"","","","","","","","","","","","","","","","","","","","","","","","","","","","","","","","","","","","","","","","","","","","","","","","","","","","","","","","","","","","","","","","","","","","","","","","","","","","","","","","","","","","","","","","","","","","","","","","","","",214,1,"","","","","","","","","","","","","","","","","","","","","","","","","","","","","",""
"61328002","LE PIN-AU-HARAS -INRAE",48.735833,0.128167,176,2002100713,0.,1,"","","","","","","","","","","","","","","","","","","","","","","","","","","","","","","","","","",15.2,1,"","","","","","","","","","","","","","","","","","","","","","","","","","","","",48,1,"","","","","","","","","","","","","","","","","","","","","","","","","","","","","","","","","","","","","","","","","","","","","","","","","","","","","","","","","","","","","","","","","","","","","","","","","","","","","","","","","","","","","","","","","","","","","","","","","","",206,1,"","","","","","","","","","","","","","","","","","","","","","","","","","","","","",""
"61328002","LE PIN-AU-HARAS -INRAE",48.735833,0.128167,176,2002100714,0.,1,"","","","","","","","","","","","","","","","","","","","","","","","","","","","","","","","","","",15.9,1,"","","","","","","","","","","","","","","","","","","","","","","","","","","","",46,1,"","","","","","","","","","","","","","","","","","","","","","","","","","","","","","","","","","","","","","","","","","","","","","","","","","","","","","","","","","","","","","","","","","","","","","","","","","","","","","","","","","","","","","","","","","","","","","","","","","",166,1,"","","","","","","","","","","","","","","","","","","","","","","","","","","","","",""
"61328002","LE PIN-AU-HARAS -INRAE",48.735833,0.128167,176,2002100715,0.,1,"","","","","","","","","","","","","","","","","","","","","","","","","","","","","","","","","","",16.1,1,"","","","","","","","","","","","","","","","","","","","","","","","","","","","",47,1,"","","","","","","","","","","","","","","","","","","","","","","","","","","","","","","","","","","","","","","","","","","","","","","","","","","","","","","","","","","","","","","","","","","","","","","","","","","","","","","","","","","","","","","","","","","","","","","","","","",132,1,"","","","","","","","","","","","","","","","","","","","","","","","","","","","","",""
"61328002","LE PIN-AU-HARAS -INRAE",48.735833,0.128167,176,2002100716,0.,1,"","","","","","","","","","","","","","","","","","","","","","","","","","","","","","","","","","",14.3,1,"","","","","","","","","","","","","","","","","","","","","","","","","","","","",55,1,"","","","","","","","","","","","","","","","","","","","","","","","","","","","","","","","","","","","","","","","","","","","","","","","","","","","","","","","","","","","","","","","","","","","","","","","","","","","","","","","","","","","","","","","","","","","","","","","","","",70,1,"","","","","","","","","","","","","","","","","","","","","","","","","","","","","",""
"61328002","LE PIN-AU-HARAS -INRAE",48.735833,0.128167,176,2002100717,0.,1,"","","","","","","","","","","","","","","","","","","","","","","","","","","","","","","","","","",11.1,1,"","","","","","","","","","","","","","","","","","","","","","","","","","","","",77,1,"","","","","","","","","","","","","","","","","","","","","","","","","","","","","","","","","","","","","","","","","","","","","","","","","","","","","","","","","","","","","","","","","","","","","","","","","","","","","","","","","","","","","","","","","","","","","","","","","","",30,1,"","","","","","","","","","","","","","","","","","","","","","","","","","","","","",""
"61328002","LE PIN-AU-HARAS -INRAE",48.735833,0.128167,176,2002100718,0.,1,"","","","","","","","","","","","","","","","","","","","","","","","","","","","","","","","","","",6.7,1,"","","","","","","","","","","","","","","","","","","","","","","","","","","","",90,1,"","","","","","","","","","","","","","","","","","","","","","","","","","","","","","","","","","","","","","","","","","","","","","","","","","","","","","","","","","","","","","","","","","","","","","","","","","","","","","","","","","","","","","","","","","","","","","","","","","",2,1,"","","","","","","","","","","","","","","","","","","","","","","","","","","","","",""
"61328002","LE PIN-AU-HARAS -INRAE",48.735833,0.128167,176,2002100719,0.,1,"","","","","","","","","","","","","","","","","","","","","","","","","","","","","","","","","","",4.4,1,"","","","","","","","","","","","","","","","","","","","","","","","","","","","",94,1,"","","","","","","","","","","","","","","","","","","","","","","","","","","","","","","","","","","","","","","","","","","","","","","","","","","","","","","","","","","","","","","","","","","","","","","","","","","","","","","","","","","","","","","","","","","","","","","","","","",0,1,"","","","","","","","","","","","","","","","","","","","","","","","","","","","","",""
"61328002","LE PIN-AU-HARAS -INRAE",48.735833,0.128167,176,2002100720,0.,1,"","","","","","","","","","","","","","","","","","","","","","","","","","","","","","","","","","",3.2,1,"","","","","","","","","","","","","","","","","","","","","","","","","","","","",97,1,"","","","","","","","","","","","","","","","","","","","","","","","","","","","","","","","","","","","","","","","","","","","","","","","","","","","","","","","","","","","","","","","","","","","","","","","","","","","","","","","","","","","","","","","","","","","","","","","","","",0,1,"","","","","","","","","","","","","","","","","","","","","","","","","","","","","",""
"61328002","LE PIN-AU-HARAS -INRAE",48.735833,0.128167,176,2002100721,0.,1,"","","","","","","","","","","","","","","","","","","","","","","","","","","","","","","","","","",3.,1,"","","","","","","","","","","","","","","","","","","","","","","","","","","","",98,1,"","","","","","","","","","","","","","","","","","","","","","","","","","","","","","","","","","","","","","","","","","","","","","","","","","","","","","","","","","","","","","","","","","","","","","","","","","","","","","","","","","","","","","","","","","","","","","","","","","",0,1,"","","","","","","","","","","","","","","","","","","","","","","","","","","","","",""
"61328002","LE PIN-AU-HARAS -INRAE",48.735833,0.128167,176,2002100722,0.,1,"","","","","","","","","","","","","","","","","","","","","","","","","","","","","","","","","","",2.7,1,"","","","","","","","","","","","","","","","","","","","","","","","","","","","",99,1,"","","","","","","","","","","","","","","","","","","","","","","","","","","","","","","","","","","","","","","","","","","","","","","","","","","","","","","","","","","","","","","","","","","","","","","","","","","","","","","","","","","","","","","","","","","","","","","","","","",0,1,"","","","","","","","","","","","","","","","","","","","","","","","","","","","","",""
"61328002","LE PIN-AU-HARAS -INRAE",48.735833,0.128167,176,2002100723,0.,1,"","","","","","","","","","","","","","","","","","","","","","","","","","","","","","","","","","",2.3,1,"","","","","","","","","","","","","","","","","","","","","","","","","","","","",99,1,"","","","","","","","","","","","","","","","","","","","","","","","","","","","","","","","","","","","","","","","","","","","","","","","","","","","","","","","","","","","","","","","","","","","","","","","","","","","","","","","","","","","","","","","","","","","","","","","","","",0,1,"","","","","","","","","","","","","","","","","","","","","","","","","","","","","",""
"61328002","LE PIN-AU-HARAS -INRAE",48.735833,0.128167,176,2002100800,0.,1,"","","","","","","","","","","","","","","","","","","","","","","","","","","","","","","","","","",1.8,1,"","","","","","","","","","","","","","","","","","","","","","","","","","","","",99,1,"","","","","","","","","","","","","","","","","","","","","","","","","","","","","","","","","","","","","","","","","","","","","","","","","","","","","","","","","","","","","","","","","","","","","","","","","","","","","","","","","","","","","","","","","","","","","","","","","","",0,1,"","","","","","","","","","","","","","","","","","","","","","","","","","","","","",""
"61328002","LE PIN-AU-HARAS -INRAE",48.735833,0.128167,176,2002100801,0.,1,"","","","","","","","","","","","","","","","","","","","","","","","","","","","","","","","","","",1.5,1,"","","","","","","","","","","","","","","","","","","","","","","","","","","","",100,1,"","","","","","","","","","","","","","","","","","","","","","","","","","","","","","","","","","","","","","","","","","","","","","","","","","","","","","","","","","","","","","","","","","","","","","","","","","","","","","","","","","","","","","","","","","","","","","","","","","",0,1,"","","","","","","","","","","","","","","","","","","","","","","","","","","","","",""
"61328002","LE PIN-AU-HARAS -INRAE",48.735833,0.128167,176,2002100802,0.,1,"","","","","","","","","","","","","","","","","","","","","","","","","","","","","","","","","","",1.4,1,"","","","","","","","","","","","","","","","","","","","","","","","","","","","",100,1,"","","","","","","","","","","","","","","","","","","","","","","","","","","","","","","","","","","","","","","","","","","","","","","","","","","","","","","","","","","","","","","","","","","","","","","","","","","","","","","","","","","","","","","","","","","","","","","","","","",0,1,"","","","","","","","","","","","","","","","","","","","","","","","","","","","","",""
"61328002","LE PIN-AU-HARAS -INRAE",48.735833,0.128167,176,2002100803,0.,1,"","","","","","","","","","","","","","","","","","","","","","","","","","","","","","","","","","",1.6,1,"","","","","","","","","","","","","","","","","","","","","","","","","","","","",100,1,"","","","","","","","","","","","","","","","","","","","","","","","","","","","","","","","","","","","","","","","","","","","","","","","","","","","","","","","","","","","","","","","","","","","","","","","","","","","","","","","","","","","","","","","","","","","","","","","","","",0,1,"","","","","","","","","","","","","","","","","","","","","","","","","","","","","",""
"61328002","LE PIN-AU-HARAS -INRAE",48.735833,0.128167,176,2002100804,0.,1,"","","","","","","","","","","","","","","","","","","","","","","","","","","","","","","","","","",1.3,1,"","","","","","","","","","","","","","","","","","","","","","","","","","","","",100,1,"","","","","","","","","","","","","","","","","","","","","","","","","","","","","","","","","","","","","","","","","","","","","","","","","","","","","","","","","","","","","","","","","","","","","","","","","","","","","","","","","","","","","","","","","","","","","","","","","","",0,1,"","","","","","","","","","","","","","","","","","","","","","","","","","","","","",""
"61328002","LE PIN-AU-HARAS -INRAE",48.735833,0.128167,176,2002100805,0.,1,"","","","","","","","","","","","","","","","","","","","","","","","","","","","","","","","","","",1.3,1,"","","","","","","","","","","","","","","","","","","","","","","","","","","","",100,1,"","","","","","","","","","","","","","","","","","","","","","","","","","","","","","","","","","","","","","","","","","","","","","","","","","","","","","","","","","","","","","","","","","","","","","","","","","","","","","","","","","","","","","","","","","","","","","","","","","",0,1,"","","","","","","","","","","","","","","","","","","","","","","","","","","","","",""
"61328002","LE PIN-AU-HARAS -INRAE",48.735833,0.128167,176,2002100806,0.,1,"","","","","","","","","","","","","","","","","","","","","","","","","","","","","","","","","","",0.8,1,"","","","","","","","","","","","","","","","","","","","","","","","","","","","",100,1,"","","","","","","","","","","","","","","","","","","","","","","","","","","","","","","","","","","","","","","","","","","","","","","","","","","","","","","","","","","","","","","","","","","","","","","","","","","","","","","","","","","","","","","","","","","","","","","","","","",0,1,"","","","","","","","","","","","","","","","","","","","","","","","","","","","","",""
"61328002","LE PIN-AU-HARAS -INRAE",48.735833,0.128167,176,2002100807,0.,1,"","","","","","","","","","","","","","","","","","","","","","","","","","","","","","","","","","",1.2,1,"","","","","","","","","","","","","","","","","","","","","","","","","","","","",100,1,"","","","","","","","","","","","","","","","","","","","","","","","","","","","","","","","","","","","","","","","","","","","","","","","","","","","","","","","","","","","","","","","","","","","","","","","","","","","","","","","","","","","","","","","","","","","","","","","","","",6,1,"","","","","","","","","","","","","","","","","","","","","","","","","","","","","",""
"61328002","LE PIN-AU-HARAS -INRAE",48.735833,0.128167,176,2002100808,0.,1,"","","","","","","","","","","","","","","","","","","","","","","","","","","","","","","","","","",5.6,1,"","","","","","","","","","","","","","","","","","","","","","","","","","","","",100,1,"","","","","","","","","","","","","","","","","","","","","","","","","","","","","","","","","","","","","","","","","","","","","","","","","","","","","","","","","","","","","","","","","","","","","","","","","","","","","","","","","","","","","","","","","","","","","","","","","","",32,1,"","","","","","","","","","","","","","","","","","","","","","","","","","","","","",""
"61328002","LE PIN-AU-HARAS -INRAE",48.735833,0.128167,176,2002100809,0.,1,"","","","","","","","","","","","","","","","","","","","","","","","","","","","","","","","","","",10.,1,"","","","","","","","","","","","","","","","","","","","","","","","","","","","",100,1,"","","","","","","","","","","","","","","","","","","","","","","","","","","","","","","","","","","","","","","","","","","","","","","","","","","","","","","","","","","","","","","","","","","","","","","","","","","","","","","","","","","","","","","","","","","","","","","","","","",70,1,"","","","","","","","","","","","","","","","","","","","","","","","","","","","","",""
"61328002","LE PIN-AU-HARAS -INRAE",48.735833,0.128167,176,2002100810,0.,1,"","","","","","","","","","","","","","","","","","","","","","","","","","","","","","","","","","",12.7,1,"","","","","","","","","","","","","","","","","","","","","","","","","","","","",68,1,"","","","","","","","","","","","","","","","","","","","","","","","","","","","","","","","","","","","","","","","","","","","","","","","","","","","","","","","","","","","","","","","","","","","","","","","","","","","","","","","","","","","","","","","","","","","","","","","","","",148,1,"","","","","","","","","","","","","","","","","","","","","","","","","","","","","",""
"61328002","LE PIN-AU-HARAS -INRAE",48.735833,0.128167,176,2002100811,0.,1,"","","","","","","","","","","","","","","","","","","","","","","","","","","","","","","","","","",14.2,1,"","","","","","","","","","","","","","","","","","","","","","","","","","","","",58,1,"","","","","","","","","","","","","","","","","","","","","","","","","","","","","","","","","","","","","","","","","","","","","","","","","","","","","","","","","","","","","","","","","","","","","","","","","","","","","","","","","","","","","","","","","","","","","","","","","","",186,1,"","","","","","","","","","","","","","","","","","","","","","","","","","","","","",""
"61328002","LE PIN-AU-HARAS -INRAE",48.735833,0.128167,176,2002100812,0.,1,"","","","","","","","","","","","","","","","","","","","","","","","","","","","","","","","","","",14.7,1,"","","","","","","","","","","","","","","","","","","","","","","","","","","","",53,1,"","","","","","","","","","","","","","","","","","","","","","","","","","","","","","","","","","","","","","","","","","","","","","","","","","","","","","","","","","","","","","","","","","","","","","","","","","","","","","","","","","","","","","","","","","","","","","","","","","",212,1,"","","","","","","","","","","","","","","","","","","","","","","","","","","","","",""
"61328002","LE PIN-AU-HARAS -INRAE",48.735833,0.128167,176,2002100813,0.,1,"","","","","","","","","","","","","","","","","","","","","","","","","","","","","","","","","","",15.5,1,"","","","","","","","","","","","","","","","","","","","","","","","","","","","",50,1,"","","","","","","","","","","","","","","","","","","","","","","","","","","","","","","","","","","","","","","","","","","","","","","","","","","","","","","","","","","","","","","","","","","","","","","","","","","","","","","","","","","","","","","","","","","","","","","","","","",198,1,"","","","","","","","","","","","","","","","","","","","","","","","","","","","","",""
"61328002","LE PIN-AU-HARAS -INRAE",48.735833,0.128167,176,2002100814,0.,1,"","","","","","","","","","","","","","","","","","","","","","","","","","","","","","","","","","",16.2,1,"","","","","","","","","","","","","","","","","","","","","","","","","","","","",52,1,"","","","","","","","","","","","","","","","","","","","","","","","","","","","","","","","","","","","","","","","","","","","","","","","","","","","","","","","","","","","","","","","","","","","","","","","","","","","","","","","","","","","","","","","","","","","","","","","","","",186,1,"","","","","","","","","","","","","","","","","","","","","","","","","","","","","",""
"61328002","LE PIN-AU-HARAS -INRAE",48.735833,0.128167,176,2002100815,0.,1,"","","","","","","","","","","","","","","","","","","","","","","","","","","","","","","","","","",16.3,1,"","","","","","","","","","","","","","","","","","","","","","","","","","","","",47,1,"","","","","","","","","","","","","","","","","","","","","","","","","","","","","","","","","","","","","","","","","","","","","","","","","","","","","","","","","","","","","","","","","","","","","","","","","","","","","","","","","","","","","","","","","","","","","","","","","","",146,1,"","","","","","","","","","","","","","","","","","","","","","","","","","","","","",""
"61328002","LE PIN-AU-HARAS -INRAE",48.735833,0.128167,176,2002100816,0.,1,"","","","","","","","","","","","","","","","","","","","","","","","","","","","","","","","","","",14.7,1,"","","","","","","","","","","","","","","","","","","","","","","","","","","","",49,1,"","","","","","","","","","","","","","","","","","","","","","","","","","","","","","","","","","","","","","","","","","","","","","","","","","","","","","","","","","","","","","","","","","","","","","","","","","","","","","","","","","","","","","","","","","","","","","","","","","",82,1,"","","","","","","","","","","","","","","","","","","","","","","","","","","","","",""
"61328002","LE PIN-AU-HARAS -INRAE",48.735833,0.128167,176,2002100817,0.,1,"","","","","","","","","","","","","","","","","","","","","","","","","","","","","","","","","","",11.9,1,"","","","","","","","","","","","","","","","","","","","","","","","","","","","",59,1,"","","","","","","","","","","","","","","","","","","","","","","","","","","","","","","","","","","","","","","","","","","","","","","","","","","","","","","","","","","","","","","","","","","","","","","","","","","","","","","","","","","","","","","","","","","","","","","","","","",22,1,"","","","","","","","","","","","","","","","","","","","","","","","","","","","","",""
"61328002","LE PIN-AU-HARAS -INRAE",48.735833,0.128167,176,2002100818,0.,1,"","","","","","","","","","","","","","","","","","","","","","","","","","","","","","","","","","",7.,1,"","","","","","","","","","","","","","","","","","","","","","","","","","","","",80,1,"","","","","","","","","","","","","","","","","","","","","","","","","","","","","","","","","","","","","","","","","","","","","","","","","","","","","","","","","","","","","","","","","","","","","","","","","","","","","","","","","","","","","","","","","","","","","","","","","","",2,1,"","","","","","","","","","","","","","","","","","","","","","","","","","","","","",""
"61328002","LE PIN-AU-HARAS -INRAE",48.735833,0.128167,176,2002100819,0.,1,"","","","","","","","","","","","","","","","","","","","","","","","","","","","","","","","","","",11.1,1,"","","","","","","","","","","","","","","","","","","","","","","","","","","","",68,1,"","","","","","","","","","","","","","","","","","","","","","","","","","","","","","","","","","","","","","","","","","","","","","","","","","","","","","","","","","","","","","","","","","","","","","","","","","","","","","","","","","","","","","","","","","","","","","","","","","",0,1,"","","","","","","","","","","","","","","","","","","","","","","","","","","","","",""
"61328002","LE PIN-AU-HARAS -INRAE",48.735833,0.128167,176,2002100820,0.,1,"","","","","","","","","","","","","","","","","","","","","","","","","","","","","","","","","","",10.9,1,"","","","","","","","","","","","","","","","","","","","","","","","","","","","",64,1,"","","","","","","","","","","","","","","","","","","","","","","","","","","","","","","","","","","","","","","","","","","","","","","","","","","","","","","","","","","","","","","","","","","","","","","","","","","","","","","","","","","","","","","","","","","","","","","","","","",0,1,"","","","","","","","","","","","","","","","","","","","","","","","","","","","","",""
"61328002","LE PIN-AU-HARAS -INRAE",48.735833,0.128167,176,2002100821,0.,1,"","","","","","","","","","","","","","","","","","","","","","","","","","","","","","","","","","",9.2,1,"","","","","","","","","","","","","","","","","","","","","","","","","","","","",72,1,"","","","","","","","","","","","","","","","","","","","","","","","","","","","","","","","","","","","","","","","","","","","","","","","","","","","","","","","","","","","","","","","","","","","","","","","","","","","","","","","","","","","","","","","","","","","","","","","","","",0,1,"","","","","","","","","","","","","","","","","","","","","","","","","","","","","",""
"61328002","LE PIN-AU-HARAS -INRAE",48.735833,0.128167,176,2002100822,0.,1,"","","","","","","","","","","","","","","","","","","","","","","","","","","","","","","","","","",9.6,1,"","","","","","","","","","","","","","","","","","","","","","","","","","","","",72,1,"","","","","","","","","","","","","","","","","","","","","","","","","","","","","","","","","","","","","","","","","","","","","","","","","","","","","","","","","","","","","","","","","","","","","","","","","","","","","","","","","","","","","","","","","","","","","","","","","","",0,1,"","","","","","","","","","","","","","","","","","","","","","","","","","","","","",""
"61328002","LE PIN-AU-HARAS -INRAE",48.735833,0.128167,176,2002100823,0.,1,"","","","","","","","","","","","","","","","","","","","","","","","","","","","","","","","","","",8.6,1,"","","","","","","","","","","","","","","","","","","","","","","","","","","","",77,1,"","","","","","","","","","","","","","","","","","","","","","","","","","","","","","","","","","","","","","","","","","","","","","","","","","","","","","","","","","","","","","","","","","","","","","","","","","","","","","","","","","","","","","","","","","","","","","","","","","",0,1,"","","","","","","","","","","","","","","","","","","","","","","","","","","","","",""
"61328002","LE PIN-AU-HARAS -INRAE",48.735833,0.128167,176,2002100900,0.,1,"","","","","","","","","","","","","","","","","","","","","","","","","","","","","","","","","","",8.2,1,"","","","","","","","","","","","","","","","","","","","","","","","","","","","",77,1,"","","","","","","","","","","","","","","","","","","","","","","","","","","","","","","","","","","","","","","","","","","","","","","","","","","","","","","","","","","","","","","","","","","","","","","","","","","","","","","","","","","","","","","","","","","","","","","","","","",0,1,"","","","","","","","","","","","","","","","","","","","","","","","","","","","","",""
"61328002","LE PIN-AU-HARAS -INRAE",48.735833,0.128167,176,2002100901,0.,1,"","","","","","","","","","","","","","","","","","","","","","","","","","","","","","","","","","",6.9,1,"","","","","","","","","","","","","","","","","","","","","","","","","","","","",82,1,"","","","","","","","","","","","","","","","","","","","","","","","","","","","","","","","","","","","","","","","","","","","","","","","","","","","","","","","","","","","","","","","","","","","","","","","","","","","","","","","","","","","","","","","","","","","","","","","","","",0,1,"","","","","","","","","","","","","","","","","","","","","","","","","","","","","",""
"61328002","LE PIN-AU-HARAS -INRAE",48.735833,0.128167,176,2002100902,0.,1,"","","","","","","","","","","","","","","","","","","","","","","","","","","","","","","","","","",7.2,1,"","","","","","","","","","","","","","","","","","","","","","","","","","","","",83,1,"","","","","","","","","","","","","","","","","","","","","","","","","","","","","","","","","","","","","","","","","","","","","","","","","","","","","","","","","","","","","","","","","","","","","","","","","","","","","","","","","","","","","","","","","","","","","","","","","","",0,1,"","","","","","","","","","","","","","","","","","","","","","","","","","","","","",""
"61328002","LE PIN-AU-HARAS -INRAE",48.735833,0.128167,176,2002100903,0.,1,"","","","","","","","","","","","","","","","","","","","","","","","","","","","","","","","","","",6.7,1,"","","","","","","","","","","","","","","","","","","","","","","","","","","","",87,1,"","","","","","","","","","","","","","","","","","","","","","","","","","","","","","","","","","","","","","","","","","","","","","","","","","","","","","","","","","","","","","","","","","","","","","","","","","","","","","","","","","","","","","","","","","","","","","","","","","",0,1,"","","","","","","","","","","","","","","","","","","","","","","","","","","","","",""
"61328002","LE PIN-AU-HARAS -INRAE",48.735833,0.128167,176,2002100904,0.,1,"","","","","","","","","","","","","","","","","","","","","","","","","","","","","","","","","","",7.1,1,"","","","","","","","","","","","","","","","","","","","","","","","","","","","",85,1,"","","","","","","","","","","","","","","","","","","","","","","","","","","","","","","","","","","","","","","","","","","","","","","","","","","","","","","","","","","","","","","","","","","","","","","","","","","","","","","","","","","","","","","","","","","","","","","","","","",0,1,"","","","","","","","","","","","","","","","","","","","","","","","","","","","","",""
"61328002","LE PIN-AU-HARAS -INRAE",48.735833,0.128167,176,2002100905,0.,1,"","","","","","","","","","","","","","","","","","","","","","","","","","","","","","","","","","",7.4,1,"","","","","","","","","","","","","","","","","","","","","","","","","","","","",87,1,"","","","","","","","","","","","","","","","","","","","","","","","","","","","","","","","","","","","","","","","","","","","","","","","","","","","","","","","","","","","","","","","","","","","","","","","","","","","","","","","","","","","","","","","","","","","","","","","","","",0,1,"","","","","","","","","","","","","","","","","","","","","","","","","","","","","",""
"61328002","LE PIN-AU-HARAS -INRAE",48.735833,0.128167,176,2002100906,0.,1,"","","","","","","","","","","","","","","","","","","","","","","","","","","","","","","","","","",7.8,1,"","","","","","","","","","","","","","","","","","","","","","","","","","","","",87,1,"","","","","","","","","","","","","","","","","","","","","","","","","","","","","","","","","","","","","","","","","","","","","","","","","","","","","","","","","","","","","","","","","","","","","","","","","","","","","","","","","","","","","","","","","","","","","","","","","","",0,1,"","","","","","","","","","","","","","","","","","","","","","","","","","","","","",""
"61328002","LE PIN-AU-HARAS -INRAE",48.735833,0.128167,176,2002100907,0.,1,"","","","","","","","","","","","","","","","","","","","","","","","","","","","","","","","","","",8.,1,"","","","","","","","","","","","","","","","","","","","","","","","","","","","",85,1,"","","","","","","","","","","","","","","","","","","","","","","","","","","","","","","","","","","","","","","","","","","","","","","","","","","","","","","","","","","","","","","","","","","","","","","","","","","","","","","","","","","","","","","","","","","","","","","","","","",4,1,"","","","","","","","","","","","","","","","","","","","","","","","","","","","","",""
"61328002","LE PIN-AU-HARAS -INRAE",48.735833,0.128167,176,2002100908,0.,1,"","","","","","","","","","","","","","","","","","","","","","","","","","","","","","","","","","",8.8,1,"","","","","","","","","","","","","","","","","","","","","","","","","","","","",83,1,"","","","","","","","","","","","","","","","","","","","","","","","","","","","","","","","","","","","","","","","","","","","","","","","","","","","","","","","","","","","","","","","","","","","","","","","","","","","","","","","","","","","","","","","","","","","","","","","","","",18,1,"","","","","","","","","","","","","","","","","","","","","","","","","","","","","",""
"61328002","LE PIN-AU-HARAS -INRAE",48.735833,0.128167,176,2002100909,0.,1,"","","","","","","","","","","","","","","","","","","","","","","","","","","","","","","","","","",11.2,1,"","","","","","","","","","","","","","","","","","","","","","","","","","","","",78,1,"","","","","","","","","","","","","","","","","","","","","","","","","","","","","","","","","","","","","","","","","","","","","","","","","","","","","","","","","","","","","","","","","","","","","","","","","","","","","","","","","","","","","","","","","","","","","","","","","","",60,1,"","","","","","","","","","","","","","","","","","","","","","","","","","","","","",""
"61328002","LE PIN-AU-HARAS -INRAE",48.735833,0.128167,176,2002100910,0.,1,"","","","","","","","","","","","","","","","","","","","","","","","","","","","","","","","","","",12.,1,"","","","","","","","","","","","","","","","","","","","","","","","","","","","",77,1,"","","","","","","","","","","","","","","","","","","","","","","","","","","","","","","","","","","","","","","","","","","","","","","","","","","","","","","","","","","","","","","","","","","","","","","","","","","","","","","","","","","","","","","","","","","","","","","","","","",64,1,"","","","","","","","","","","","","","","","","","","","","","","","","","","","","",""
"61328002","LE PIN-AU-HARAS -INRAE",48.735833,0.128167,176,2002100911,0.,1,"","","","","","","","","","","","","","","","","","","","","","","","","","","","","","","","","","",13.3,1,"","","","","","","","","","","","","","","","","","","","","","","","","","","","",69,1,"","","","","","","","","","","","","","","","","","","","","","","","","","","","","","","","","","","","","","","","","","","","","","","","","","","","","","","","","","","","","","","","","","","","","","","","","","","","","","","","","","","","","","","","","","","","","","","","","","",170,1,"","","","","","","","","","","","","","","","","","","","","","","","","","","","","",""
"61328002","LE PIN-AU-HARAS -INRAE",48.735833,0.128167,176,2002100912,0.,1,"","","","","","","","","","","","","","","","","","","","","","","","","","","","","","","","","","",13.8,1,"","","","","","","","","","","","","","","","","","","","","","","","","","","","",69,1,"","","","","","","","","","","","","","","","","","","","","","","","","","","","","","","","","","","","","","","","","","","","","","","","","","","","","","","","","","","","","","","","","","","","","","","","","","","","","","","","","","","","","","","","","","","","","","","","","","",86,1,"","","","","","","","","","","","","","","","","","","","","","","","","","","","","",""
"61328002","LE PIN-AU-HARAS -INRAE",48.735833,0.128167,176,2002100913,0.,1,"","","","","","","","","","","","","","","","","","","","","","","","","","","","","","","","","","",14.1,1,"","","","","","","","","","","","","","","","","","","","","","","","","","","","",69,1,"","","","","","","","","","","","","","","","","","","","","","","","","","","","","","","","","","","","","","","","","","","","","","","","","","","","","","","","","","","","","","","","","","","","","","","","","","","","","","","","","","","","","","","","","","","","","","","","","","",74,1,"","","","","","","","","","","","","","","","","","","","","","","","","","","","","",""
"61328002","LE PIN-AU-HARAS -INRAE",48.735833,0.128167,176,2002100914,0.,1,"","","","","","","","","","","","","","","","","","","","","","","","","","","","","","","","","","",14.9,1,"","","","","","","","","","","","","","","","","","","","","","","","","","","","",68,1,"","","","","","","","","","","","","","","","","","","","","","","","","","","","","","","","","","","","","","","","","","","","","","","","","","","","","","","","","","","","","","","","","","","","","","","","","","","","","","","","","","","","","","","","","","","","","","","","","","",68,1,"","","","","","","","","","","","","","","","","","","","","","","","","","","","","",""
"61328002","LE PIN-AU-HARAS -INRAE",48.735833,0.128167,176,2002100915,0.,1,"","","","","","","","","","","","","","","","","","","","","","","","","","","","","","","","","","",16.,1,"","","","","","","","","","","","","","","","","","","","","","","","","","","","",61,1,"","","","","","","","","","","","","","","","","","","","","","","","","","","","","","","","","","","","","","","","","","","","","","","","","","","","","","","","","","","","","","","","","","","","","","","","","","","","","","","","","","","","","","","","","","","","","","","","","","",102,1,"","","","","","","","","","","","","","","","","","","","","","","","","","","","","",""
"61328002","LE PIN-AU-HARAS -INRAE",48.735833,0.128167,176,2002100916,0.,1,"","","","","","","","","","","","","","","","","","","","","","","","","","","","","","","","","","",15.7,1,"","","","","","","","","","","","","","","","","","","","","","","","","","","","",71,1,"","","","","","","","","","","","","","","","","","","","","","","","","","","","","","","","","","","","","","","","","","","","","","","","","","","","","","","","","","","","","","","","","","","","","","","","","","","","","","","","","","","","","","","","","","","","","","","","","","",50,1,"","","","","","","","","","","","","","","","","","","","","","","","","","","","","",""
"61328002","LE PIN-AU-HARAS -INRAE",48.735833,0.128167,176,2002100917,0.,1,"","","","","","","","","","","","","","","","","","","","","","","","","","","","","","","","","","",15.8,1,"","","","","","","","","","","","","","","","","","","","","","","","","","","","",64,1,"","","","","","","","","","","","","","","","","","","","","","","","","","","","","","","","","","","","","","","","","","","","","","","","","","","","","","","","","","","","","","","","","","","","","","","","","","","","","","","","","","","","","","","","","","","","","","","","","","",18,1,"","","","","","","","","","","","","","","","","","","","","","","","","","","","","",""
"61328002","LE PIN-AU-HARAS -INRAE",48.735833,0.128167,176,2002100918,0.,1,"","","","","","","","","","","","","","","","","","","","","","","","","","","","","","","","","","",15.1,1,"","","","","","","","","","","","","","","","","","","","","","","","","","","","",67,1,"","","","","","","","","","","","","","","","","","","","","","","","","","","","","","","","","","","","","","","","","","","","","","","","","","","","","","","","","","","","","","","","","","","","","","","","","","","","","","","","","","","","","","","","","","","","","","","","","","",0,1,"","","","","","","","","","","","","","","","","","","","","","","","","","","","","",""
"61328002","LE PIN-AU-HARAS -INRAE",48.735833,0.128167,176,2002100919,0.,1,"","","","","","","","","","","","","","","","","","","","","","","","","","","","","","","","","","",15.,1,"","","","","","","","","","","","","","","","","","","","","","","","","","","","",68,1,"","","","","","","","","","","","","","","","","","","","","","","","","","","","","","","","","","","","","","","","","","","","","","","","","","","","","","","","","","","","","","","","","","","","","","","","","","","","","","","","","","","","","","","","","","","","","","","","","","",0,1,"","","","","","","","","","","","","","","","","","","","","","","","","","","","","",""
"61328002","LE PIN-AU-HARAS -INRAE",48.735833,0.128167,176,2002100920,0.,1,"","","","","","","","","","","","","","","","","","","","","","","","","","","","","","","","","","",14.8,1,"","","","","","","","","","","","","","","","","","","","","","","","","","","","",70,1,"","","","","","","","","","","","","","","","","","","","","","","","","","","","","","","","","","","","","","","","","","","","","","","","","","","","","","","","","","","","","","","","","","","","","","","","","","","","","","","","","","","","","","","","","","","","","","","","","","",0,1,"","","","","","","","","","","","","","","","","","","","","","","","","","","","","",""
"61328002","LE PIN-AU-HARAS -INRAE",48.735833,0.128167,176,2002100921,0.,1,"","","","","","","","","","","","","","","","","","","","","","","","","","","","","","","","","","",14.2,1,"","","","","","","","","","","","","","","","","","","","","","","","","","","","",79,1,"","","","","","","","","","","","","","","","","","","","","","","","","","","","","","","","","","","","","","","","","","","","","","","","","","","","","","","","","","","","","","","","","","","","","","","","","","","","","","","","","","","","","","","","","","","","","","","","","","",0,1,"","","","","","","","","","","","","","","","","","","","","","","","","","","","","",""
"61328002","LE PIN-AU-HARAS -INRAE",48.735833,0.128167,176,2002100922,0.,1,"","","","","","","","","","","","","","","","","","","","","","","","","","","","","","","","","","",13.7,1,"","","","","","","","","","","","","","","","","","","","","","","","","","","","",92,1,"","","","","","","","","","","","","","","","","","","","","","","","","","","","","","","","","","","","","","","","","","","","","","","","","","","","","","","","","","","","","","","","","","","","","","","","","","","","","","","","","","","","","","","","","","","","","","","","","","",0,1,"","","","","","","","","","","","","","","","","","","","","","","","","","","","","",""
"61328002","LE PIN-AU-HARAS -INRAE",48.735833,0.128167,176,2002100923,0.5,1,"","","","","","","","","","","","","","","","","","","","","","","","","","","","","","","","","","",13.9,1,"","","","","","","","","","","","","","","","","","","","","","","","","","","","",97,1,"","","","","","","","","","","","","","","","","","","","","","","","","","","","","","","","","","","","","","","","","","","","","","","","","","","","","","","","","","","","","","","","","","","","","","","","","","","","","","","","","","","","","","","","","","","","","","","","","","",0,1,"","","","","","","","","","","","","","","","","","","","","","","","","","","","","",""
"61328002","LE PIN-AU-HARAS -INRAE",48.735833,0.128167,176,2002101000,0.,1,"","","","","","","","","","","","","","","","","","","","","","","","","","","","","","","","","","",14.,1,"","","","","","","","","","","","","","","","","","","","","","","","","","","","",97,1,"","","","","","","","","","","","","","","","","","","","","","","","","","","","","","","","","","","","","","","","","","","","","","","","","","","","","","","","","","","","","","","","","","","","","","","","","","","","","","","","","","","","","","","","","","","","","","","","","","",0,1,"","","","","","","","","","","","","","","","","","","","","","","","","","","","","",""
"61328002","LE PIN-AU-HARAS -INRAE",48.735833,0.128167,176,2002101001,0.,1,"","","","","","","","","","","","","","","","","","","","","","","","","","","","","","","","","","",14.1,1,"","","","","","","","","","","","","","","","","","","","","","","","","","","","",94,1,"","","","","","","","","","","","","","","","","","","","","","","","","","","","","","","","","","","","","","","","","","","","","","","","","","","","","","","","","","","","","","","","","","","","","","","","","","","","","","","","","","","","","","","","","","","","","","","","","","",0,1,"","","","","","","","","","","","","","","","","","","","","","","","","","","","","",""
"61328002","LE PIN-AU-HARAS -INRAE",48.735833,0.128167,176,2002101002,0.,1,"","","","","","","","","","","","","","","","","","","","","","","","","","","","","","","","","","",14.2,1,"","","","","","","","","","","","","","","","","","","","","","","","","","","","",93,1,"","","","","","","","","","","","","","","","","","","","","","","","","","","","","","","","","","","","","","","","","","","","","","","","","","","","","","","","","","","","","","","","","","","","","","","","","","","","","","","","","","","","","","","","","","","","","","","","","","",0,1,"","","","","","","","","","","","","","","","","","","","","","","","","","","","","",""
"61328002","LE PIN-AU-HARAS -INRAE",48.735833,0.128167,176,2002101003,0.,1,"","","","","","","","","","","","","","","","","","","","","","","","","","","","","","","","","","",13.9,1,"","","","","","","","","","","","","","","","","","","","","","","","","","","","",93,1,"","","","","","","","","","","","","","","","","","","","","","","","","","","","","","","","","","","","","","","","","","","","","","","","","","","","","","","","","","","","","","","","","","","","","","","","","","","","","","","","","","","","","","","","","","","","","","","","","","",0,1,"","","","","","","","","","","","","","","","","","","","","","","","","","","","","",""
"61328002","LE PIN-AU-HARAS -INRAE",48.735833,0.128167,176,2002101004,0.,1,"","","","","","","","","","","","","","","","","","","","","","","","","","","","","","","","","","",12.9,1,"","","","","","","","","","","","","","","","","","","","","","","","","","","","",96,1,"","","","","","","","","","","","","","","","","","","","","","","","","","","","","","","","","","","","","","","","","","","","","","","","","","","","","","","","","","","","","","","","","","","","","","","","","","","","","","","","","","","","","","","","","","","","","","","","","","",0,1,"","","","","","","","","","","","","","","","","","","","","","","","","","","","","",""
"61328002","LE PIN-AU-HARAS -INRAE",48.735833,0.128167,176,2002101005,0.,1,"","","","","","","","","","","","","","","","","","","","","","","","","","","","","","","","","","",12.6,1,"","","","","","","","","","","","","","","","","","","","","","","","","","","","",97,1,"","","","","","","","","","","","","","","","","","","","","","","","","","","","","","","","","","","","","","","","","","","","","","","","","","","","","","","","","","","","","","","","","","","","","","","","","","","","","","","","","","","","","","","","","","","","","","","","","","",0,1,"","","","","","","","","","","","","","","","","","","","","","","","","","","","","",""
"61328002","LE PIN-AU-HARAS -INRAE",48.735833,0.128167,176,2002101006,0.,1,"","","","","","","","","","","","","","","","","","","","","","","","","","","","","","","","","","",13.3,1,"","","","","","","","","","","","","","","","","","","","","","","","","","","","",92,1,"","","","","","","","","","","","","","","","","","","","","","","","","","","","","","","","","","","","","","","","","","","","","","","","","","","","","","","","","","","","","","","","","","","","","","","","","","","","","","","","","","","","","","","","","","","","","","","","","","",0,1,"","","","","","","","","","","","","","","","","","","","","","","","","","","","","",""
"61328002","LE PIN-AU-HARAS -INRAE",48.735833,0.128167,176,2002101007,0.,1,"","","","","","","","","","","","","","","","","","","","","","","","","","","","","","","","","","",13.6,1,"","","","","","","","","","","","","","","","","","","","","","","","","","","","",79,1,"","","","","","","","","","","","","","","","","","","","","","","","","","","","","","","","","","","","","","","","","","","","","","","","","","","","","","","","","","","","","","","","","","","","","","","","","","","","","","","","","","","","","","","","","","","","","","","","","","",4,1,"","","","","","","","","","","","","","","","","","","","","","","","","","","","","",""
"61328002","LE PIN-AU-HARAS -INRAE",48.735833,0.128167,176,2002101008,0.,1,"","","","","","","","","","","","","","","","","","","","","","","","","","","","","","","","","","",13.8,1,"","","","","","","","","","","","","","","","","","","","","","","","","","","","",77,1,"","","","","","","","","","","","","","","","","","","","","","","","","","","","","","","","","","","","","","","","","","","","","","","","","","","","","","","","","","","","","","","","","","","","","","","","","","","","","","","","","","","","","","","","","","","","","","","","","","",18,1,"","","","","","","","","","","","","","","","","","","","","","","","","","","","","",""
"61328002","LE PIN-AU-HARAS -INRAE",48.735833,0.128167,176,2002101009,0.,1,"","","","","","","","","","","","","","","","","","","","","","","","","","","","","","","","","","",14.7,1,"","","","","","","","","","","","","","","","","","","","","","","","","","","","",71,1,"","","","","","","","","","","","","","","","","","","","","","","","","","","","","","","","","","","","","","","","","","","","","","","","","","","","","","","","","","","","","","","","","","","","","","","","","","","","","","","","","","","","","","","","","","","","","","","","","","",60,1,"","","","","","","","","","","","","","","","","","","","","","","","","","","","","",""
"61328002","LE PIN-AU-HARAS -INRAE",48.735833,0.128167,176,2002101010,0.,1,"","","","","","","","","","","","","","","","","","","","","","","","","","","","","","","","","","",16.4,1,"","","","","","","","","","","","","","","","","","","","","","","","","","","","",69,1,"","","","","","","","","","","","","","","","","","","","","","","","","","","","","","","","","","","","","","","","","","","","","","","","","","","","","","","","","","","","","","","","","","","","","","","","","","","","","","","","","","","","","","","","","","","","","","","","","","",86,1,"","","","","","","","","","","","","","","","","","","","","","","","","","","","","",""
"61328002","LE PIN-AU-HARAS -INRAE",48.735833,0.128167,176,2002101011,0.,1,"","","","","","","","","","","","","","","","","","","","","","","","","","","","","","","","","","",17.1,1,"","","","","","","","","","","","","","","","","","","","","","","","","","","","",64,1,"","","","","","","","","","","","","","","","","","","","","","","","","","","","","","","","","","","","","","","","","","","","","","","","","","","","","","","","","","","","","","","","","","","","","","","","","","","","","","","","","","","","","","","","","","","","","","","","","","",162,1,"","","","","","","","","","","","","","","","","","","","","","","","","","","","","",""
"61328002","LE PIN-AU-HARAS -INRAE",48.735833,0.128167,176,2002101012,0.,1,"","","","","","","","","","","","","","","","","","","","","","","","","","","","","","","","","","",17.8,1,"","","","","","","","","","","","","","","","","","","","","","","","","","","","",60,1,"","","","","","","","","","","","","","","","","","","","","","","","","","","","","","","","","","","","","","","","","","","","","","","","","","","","","","","","","","","","","","","","","","","","","","","","","","","","","","","","","","","","","","","","","","","","","","","","","","",116,1,"","","","","","","","","","","","","","","","","","","","","","","","","","","","","",""
"61328002","LE PIN-AU-HARAS -INRAE",48.735833,0.128167,176,2002101013,0.,1,"","","","","","","","","","","","","","","","","","","","","","","","","","","","","","","","","","",17.,1,"","","","","","","","","","","","","","","","","","","","","","","","","","","","",68,1,"","","","","","","","","","","","","","","","","","","","","","","","","","","","","","","","","","","","","","","","","","","","","","","","","","","","","","","","","","","","","","","","","","","","","","","","","","","","","","","","","","","","","","","","","","","","","","","","","","",84,1,"","","","","","","","","","","","","","","","","","","","","","","","","","","","","",""
"61328002","LE PIN-AU-HARAS -INRAE",48.735833,0.128167,176,2002101014,0.,1,"","","","","","","","","","","","","","","","","","","","","","","","","","","","","","","","","","",18.6,1,"","","","","","","","","","","","","","","","","","","","","","","","","","","","",59,1,"","","","","","","","","","","","","","","","","","","","","","","","","","","","","","","","","","","","","","","","","","","","","","","","","","","","","","","","","","","","","","","","","","","","","","","","","","","","","","","","","","","","","","","","","","","","","","","","","","",106,1,"","","","","","","","","","","","","","","","","","","","","","","","","","","","","",""
"61328002","LE PIN-AU-HARAS -INRAE",48.735833,0.128167,176,2002101015,0.,1,"","","","","","","","","","","","","","","","","","","","","","","","","","","","","","","","","","",18.4,1,"","","","","","","","","","","","","","","","","","","","","","","","","","","","",52,1,"","","","","","","","","","","","","","","","","","","","","","","","","","","","","","","","","","","","","","","","","","","","","","","","","","","","","","","","","","","","","","","","","","","","","","","","","","","","","","","","","","","","","","","","","","","","","","","","","","",128,1,"","","","","","","","","","","","","","","","","","","","","","","","","","","","","",""
"61328002","LE PIN-AU-HARAS -INRAE",48.735833,0.128167,176,2002101016,0.,1,"","","","","","","","","","","","","","","","","","","","","","","","","","","","","","","","","","",17.8,1,"","","","","","","","","","","","","","","","","","","","","","","","","","","","",54,1,"","","","","","","","","","","","","","","","","","","","","","","","","","","","","","","","","","","","","","","","","","","","","","","","","","","","","","","","","","","","","","","","","","","","","","","","","","","","","","","","","","","","","","","","","","","","","","","","","","",80,1,"","","","","","","","","","","","","","","","","","","","","","","","","","","","","",""
"61328002","LE PIN-AU-HARAS -INRAE",48.735833,0.128167,176,2002101017,0.,1,"","","","","","","","","","","","","","","","","","","","","","","","","","","","","","","","","","",13.3,1,"","","","","","","","","","","","","","","","","","","","","","","","","","","","",75,1,"","","","","","","","","","","","","","","","","","","","","","","","","","","","","","","","","","","","","","","","","","","","","","","","","","","","","","","","","","","","","","","","","","","","","","","","","","","","","","","","","","","","","","","","","","","","","","","","","","",16,1,"","","","","","","","","","","","","","","","","","","","","","","","","","","","","",""
"61328002","LE PIN-AU-HARAS -INRAE",48.735833,0.128167,176,2002101018,0.,1,"","","","","","","","","","","","","","","","","","","","","","","","","","","","","","","","","","",10.7,1,"","","","","","","","","","","","","","","","","","","","","","","","","","","","",88,1,"","","","","","","","","","","","","","","","","","","","","","","","","","","","","","","","","","","","","","","","","","","","","","","","","","","","","","","","","","","","","","","","","","","","","","","","","","","","","","","","","","","","","","","","","","","","","","","","","","",2,1,"","","","","","","","","","","","","","","","","","","","","","","","","","","","","",""
"61328002","LE PIN-AU-HARAS -INRAE",48.735833,0.128167,176,2002101019,0.,1,"","","","","","","","","","","","","","","","","","","","","","","","","","","","","","","","","","",8.7,1,"","","","","","","","","","","","","","","","","","","","","","","","","","","","",93,1,"","","","","","","","","","","","","","","","","","","","","","","","","","","","","","","","","","","","","","","","","","","","","","","","","","","","","","","","","","","","","","","","","","","","","","","","","","","","","","","","","","","","","","","","","","","","","","","","","","",0,1,"","","","","","","","","","","","","","","","","","","","","","","","","","","","","",""
"61328002","LE PIN-AU-HARAS -INRAE",48.735833,0.128167,176,2002101020,0.,1,"","","","","","","","","","","","","","","","","","","","","","","","","","","","","","","","","","",8.2,1,"","","","","","","","","","","","","","","","","","","","","","","","","","","","",96,1,"","","","","","","","","","","","","","","","","","","","","","","","","","","","","","","","","","","","","","","","","","","","","","","","","","","","","","","","","","","","","","","","","","","","","","","","","","","","","","","","","","","","","","","","","","","","","","","","","","",0,1,"","","","","","","","","","","","","","","","","","","","","","","","","","","","","",""
"61328002","LE PIN-AU-HARAS -INRAE",48.735833,0.128167,176,2002101021,0.,1,"","","","","","","","","","","","","","","","","","","","","","","","","","","","","","","","","","",8.1,1,"","","","","","","","","","","","","","","","","","","","","","","","","","","","",97,1,"","","","","","","","","","","","","","","","","","","","","","","","","","","","","","","","","","","","","","","","","","","","","","","","","","","","","","","","","","","","","","","","","","","","","","","","","","","","","","","","","","","","","","","","","","","","","","","","","","",0,1,"","","","","","","","","","","","","","","","","","","","","","","","","","","","","",""
"61328002","LE PIN-AU-HARAS -INRAE",48.735833,0.128167,176,2002101022,0.,1,"","","","","","","","","","","","","","","","","","","","","","","","","","","","","","","","","","",7.4,1,"","","","","","","","","","","","","","","","","","","","","","","","","","","","",97,1,"","","","","","","","","","","","","","","","","","","","","","","","","","","","","","","","","","","","","","","","","","","","","","","","","","","","","","","","","","","","","","","","","","","","","","","","","","","","","","","","","","","","","","","","","","","","","","","","","","",0,1,"","","","","","","","","","","","","","","","","","","","","","","","","","","","","",""
"61328002","LE PIN-AU-HARAS -INRAE",48.735833,0.128167,176,2002101023,0.,1,"","","","","","","","","","","","","","","","","","","","","","","","","","","","","","","","","","",5.9,1,"","","","","","","","","","","","","","","","","","","","","","","","","","","","",97,1,"","","","","","","","","","","","","","","","","","","","","","","","","","","","","","","","","","","","","","","","","","","","","","","","","","","","","","","","","","","","","","","","","","","","","","","","","","","","","","","","","","","","","","","","","","","","","","","","","","",0,1,"","","","","","","","","","","","","","","","","","","","","","","","","","","","","",""
"61328002","LE PIN-AU-HARAS -INRAE",48.735833,0.128167,176,2002101100,0.,1,"","","","","","","","","","","","","","","","","","","","","","","","","","","","","","","","","","",5.7,1,"","","","","","","","","","","","","","","","","","","","","","","","","","","","",99,1,"","","","","","","","","","","","","","","","","","","","","","","","","","","","","","","","","","","","","","","","","","","","","","","","","","","","","","","","","","","","","","","","","","","","","","","","","","","","","","","","","","","","","","","","","","","","","","","","","","",0,1,"","","","","","","","","","","","","","","","","","","","","","","","","","","","","",""
"61328002","LE PIN-AU-HARAS -INRAE",48.735833,0.128167,176,2002101101,0.,1,"","","","","","","","","","","","","","","","","","","","","","","","","","","","","","","","","","",4.5,1,"","","","","","","","","","","","","","","","","","","","","","","","","","","","",99,1,"","","","","","","","","","","","","","","","","","","","","","","","","","","","","","","","","","","","","","","","","","","","","","","","","","","","","","","","","","","","","","","","","","","","","","","","","","","","","","","","","","","","","","","","","","","","","","","","","","",0,1,"","","","","","","","","","","","","","","","","","","","","","","","","","","","","",""
"61328002","LE PIN-AU-HARAS -INRAE",48.735833,0.128167,176,2002101102,0.,1,"","","","","","","","","","","","","","","","","","","","","","","","","","","","","","","","","","",3.5,1,"","","","","","","","","","","","","","","","","","","","","","","","","","","","",99,1,"","","","","","","","","","","","","","","","","","","","","","","","","","","","","","","","","","","","","","","","","","","","","","","","","","","","","","","","","","","","","","","","","","","","","","","","","","","","","","","","","","","","","","","","","","","","","","","","","","",0,1,"","","","","","","","","","","","","","","","","","","","","","","","","","","","","",""
"61328002","LE PIN-AU-HARAS -INRAE",48.735833,0.128167,176,2002101103,0.,1,"","","","","","","","","","","","","","","","","","","","","","","","","","","","","","","","","","",3.1,1,"","","","","","","","","","","","","","","","","","","","","","","","","","","","",100,1,"","","","","","","","","","","","","","","","","","","","","","","","","","","","","","","","","","","","","","","","","","","","","","","","","","","","","","","","","","","","","","","","","","","","","","","","","","","","","","","","","","","","","","","","","","","","","","","","","","",0,1,"","","","","","","","","","","","","","","","","","","","","","","","","","","","","",""
"61328002","LE PIN-AU-HARAS -INRAE",48.735833,0.128167,176,2002101104,0.,1,"","","","","","","","","","","","","","","","","","","","","","","","","","","","","","","","","","",2.8,1,"","","","","","","","","","","","","","","","","","","","","","","","","","","","",100,1,"","","","","","","","","","","","","","","","","","","","","","","","","","","","","","","","","","","","","","","","","","","","","","","","","","","","","","","","","","","","","","","","","","","","","","","","","","","","","","","","","","","","","","","","","","","","","","","","","","",0,1,"","","","","","","","","","","","","","","","","","","","","","","","","","","","","",""
"61328002","LE PIN-AU-HARAS -INRAE",48.735833,0.128167,176,2002101105,0.,1,"","","","","","","","","","","","","","","","","","","","","","","","","","","","","","","","","","",3.,1,"","","","","","","","","","","","","","","","","","","","","","","","","","","","",100,1,"","","","","","","","","","","","","","","","","","","","","","","","","","","","","","","","","","","","","","","","","","","","","","","","","","","","","","","","","","","","","","","","","","","","","","","","","","","","","","","","","","","","","","","","","","","","","","","","","","",0,1,"","","","","","","","","","","","","","","","","","","","","","","","","","","","","",""
"61328002","LE PIN-AU-HARAS -INRAE",48.735833,0.128167,176,2002101106,0.,1,"","","","","","","","","","","","","","","","","","","","","","","","","","","","","","","","","","",2.3,1,"","","","","","","","","","","","","","","","","","","","","","","","","","","","",100,1,"","","","","","","","","","","","","","","","","","","","","","","","","","","","","","","","","","","","","","","","","","","","","","","","","","","","","","","","","","","","","","","","","","","","","","","","","","","","","","","","","","","","","","","","","","","","","","","","","","",0,1,"","","","","","","","","","","","","","","","","","","","","","","","","","","","","",""
"61328002","LE PIN-AU-HARAS -INRAE",48.735833,0.128167,176,2002101107,0.,1,"","","","","","","","","","","","","","","","","","","","","","","","","","","","","","","","","","",2.4,1,"","","","","","","","","","","","","","","","","","","","","","","","","","","","",100,1,"","","","","","","","","","","","","","","","","","","","","","","","","","","","","","","","","","","","","","","","","","","","","","","","","","","","","","","","","","","","","","","","","","","","","","","","","","","","","","","","","","","","","","","","","","","","","","","","","","",4,1,"","","","","","","","","","","","","","","","","","","","","","","","","","","","","",""
"61328002","LE PIN-AU-HARAS -INRAE",48.735833,0.128167,176,2002101108,0.,1,"","","","","","","","","","","","","","","","","","","","","","","","","","","","","","","","","","",5.6,1,"","","","","","","","","","","","","","","","","","","","","","","","","","","","",100,1,"","","","","","","","","","","","","","","","","","","","","","","","","","","","","","","","","","","","","","","","","","","","","","","","","","","","","","","","","","","","","","","","","","","","","","","","","","","","","","","","","","","","","","","","","","","","","","","","","","",32,1,"","","","","","","","","","","","","","","","","","","","","","","","","","","","","",""
"61328002","LE PIN-AU-HARAS -INRAE",48.735833,0.128167,176,2002101109,0.,1,"","","","","","","","","","","","","","","","","","","","","","","","","","","","","","","","","","",9.9,1,"","","","","","","","","","","","","","","","","","","","","","","","","","","","",100,1,"","","","","","","","","","","","","","","","","","","","","","","","","","","","","","","","","","","","","","","","","","","","","","","","","","","","","","","","","","","","","","","","","","","","","","","","","","","","","","","","","","","","","","","","","","","","","","","","","","",60,1,"","","","","","","","","","","","","","","","","","","","","","","","","","","","","",""
"61328002","LE PIN-AU-HARAS -INRAE",48.735833,0.128167,176,2002101110,0.,1,"","","","","","","","","","","","","","","","","","","","","","","","","","","","","","","","","","",14.1,1,"","","","","","","","","","","","","","","","","","","","","","","","","","","","",78,1,"","","","","","","","","","","","","","","","","","","","","","","","","","","","","","","","","","","","","","","","","","","","","","","","","","","","","","","","","","","","","","","","","","","","","","","","","","","","","","","","","","","","","","","","","","","","","","","","","","",144,1,"","","","","","","","","","","","","","","","","","","","","","","","","","","","","",""
"61328002","LE PIN-AU-HARAS -INRAE",48.735833,0.128167,176,2002101111,0.,1,"","","","","","","","","","","","","","","","","","","","","","","","","","","","","","","","","","",16.3,1,"","","","","","","","","","","","","","","","","","","","","","","","","","","","",66,1,"","","","","","","","","","","","","","","","","","","","","","","","","","","","","","","","","","","","","","","","","","","","","","","","","","","","","","","","","","","","","","","","","","","","","","","","","","","","","","","","","","","","","","","","","","","","","","","","","","",176,1,"","","","","","","","","","","","","","","","","","","","","","","","","","","","","",""
"61328002","LE PIN-AU-HARAS -INRAE",48.735833,0.128167,176,2002101112,0.,1,"","","","","","","","","","","","","","","","","","","","","","","","","","","","","","","","","","",17.,1,"","","","","","","","","","","","","","","","","","","","","","","","","","","","",57,1,"","","","","","","","","","","","","","","","","","","","","","","","","","","","","","","","","","","","","","","","","","","","","","","","","","","","","","","","","","","","","","","","","","","","","","","","","","","","","","","","","","","","","","","","","","","","","","","","","","",190,1,"","","","","","","","","","","","","","","","","","","","","","","","","","","","","",""
"61328002","LE PIN-AU-HARAS -INRAE",48.735833,0.128167,176,2002101113,0.,1,"","","","","","","","","","","","","","","","","","","","","","","","","","","","","","","","","","",17.8,1,"","","","","","","","","","","","","","","","","","","","","","","","","","","","",58,1,"","","","","","","","","","","","","","","","","","","","","","","","","","","","","","","","","","","","","","","","","","","","","","","","","","","","","","","","","","","","","","","","","","","","","","","","","","","","","","","","","","","","","","","","","","","","","","","","","","",188,1,"","","","","","","","","","","","","","","","","","","","","","","","","","","","","",""
"61328002","LE PIN-AU-HARAS -INRAE",48.735833,0.128167,176,2002101114,0.,1,"","","","","","","","","","","","","","","","","","","","","","","","","","","","","","","","","","",18.2,1,"","","","","","","","","","","","","","","","","","","","","","","","","","","","",59,1,"","","","","","","","","","","","","","","","","","","","","","","","","","","","","","","","","","","","","","","","","","","","","","","","","","","","","","","","","","","","","","","","","","","","","","","","","","","","","","","","","","","","","","","","","","","","","","","","","","",164,1,"","","","","","","","","","","","","","","","","","","","","","","","","","","","","",""
"61328002","LE PIN-AU-HARAS -INRAE",48.735833,0.128167,176,2002101115,0.,1,"","","","","","","","","","","","","","","","","","","","","","","","","","","","","","","","","","",18.4,1,"","","","","","","","","","","","","","","","","","","","","","","","","","","","",55,1,"","","","","","","","","","","","","","","","","","","","","","","","","","","","","","","","","","","","","","","","","","","","","","","","","","","","","","","","","","","","","","","","","","","","","","","","","","","","","","","","","","","","","","","","","","","","","","","","","","",124,1,"","","","","","","","","","","","","","","","","","","","","","","","","","","","","",""
"61328002","LE PIN-AU-HARAS -INRAE",48.735833,0.128167,176,2002101116,0.,1,"","","","","","","","","","","","","","","","","","","","","","","","","","","","","","","","","","",15.2,1,"","","","","","","","","","","","","","","","","","","","","","","","","","","","",74,1,"","","","","","","","","","","","","","","","","","","","","","","","","","","","","","","","","","","","","","","","","","","","","","","","","","","","","","","","","","","","","","","","","","","","","","","","","","","","","","","","","","","","","","","","","","","","","","","","","","",68,1,"","","","","","","","","","","","","","","","","","","","","","","","","","","","","",""
"61328002","LE PIN-AU-HARAS -INRAE",48.735833,0.128167,176,2002101117,0.,1,"","","","","","","","","","","","","","","","","","","","","","","","","","","","","","","","","","",11.,1,"","","","","","","","","","","","","","","","","","","","","","","","","","","","",89,1,"","","","","","","","","","","","","","","","","","","","","","","","","","","","","","","","","","","","","","","","","","","","","","","","","","","","","","","","","","","","","","","","","","","","","","","","","","","","","","","","","","","","","","","","","","","","","","","","","","",14,1,"","","","","","","","","","","","","","","","","","","","","","","","","","","","","",""
"61328002","LE PIN-AU-HARAS -INRAE",48.735833,0.128167,176,2002101118,0.,1,"","","","","","","","","","","","","","","","","","","","","","","","","","","","","","","","","","",8.4,1,"","","","","","","","","","","","","","","","","","","","","","","","","","","","",95,1,"","","","","","","","","","","","","","","","","","","","","","","","","","","","","","","","","","","","","","","","","","","","","","","","","","","","","","","","","","","","","","","","","","","","","","","","","","","","","","","","","","","","","","","","","","","","","","","","","","",0,1,"","","","","","","","","","","","","","","","","","","","","","","","","","","","","",""
"61328002","LE PIN-AU-HARAS -INRAE",48.735833,0.128167,176,2002101119,0.,1,"","","","","","","","","","","","","","","","","","","","","","","","","","","","","","","","","","",8.8,1,"","","","","","","","","","","","","","","","","","","","","","","","","","","","",98,1,"","","","","","","","","","","","","","","","","","","","","","","","","","","","","","","","","","","","","","","","","","","","","","","","","","","","","","","","","","","","","","","","","","","","","","","","","","","","","","","","","","","","","","","","","","","","","","","","","","",0,1,"","","","","","","","","","","","","","","","","","","","","","","","","","","","","",""
"61328002","LE PIN-AU-HARAS -INRAE",48.735833,0.128167,176,2002101120,0.,1,"","","","","","","","","","","","","","","","","","","","","","","","","","","","","","","","","","",9.,1,"","","","","","","","","","","","","","","","","","","","","","","","","","","","",98,1,"","","","","","","","","","","","","","","","","","","","","","","","","","","","","","","","","","","","","","","","","","","","","","","","","","","","","","","","","","","","","","","","","","","","","","","","","","","","","","","","","","","","","","","","","","","","","","","","","","",0,1,"","","","","","","","","","","","","","","","","","","","","","","","","","","","","",""
"61328002","LE PIN-AU-HARAS -INRAE",48.735833,0.128167,176,2002101121,0.,1,"","","","","","","","","","","","","","","","","","","","","","","","","","","","","","","","","","",9.2,1,"","","","","","","","","","","","","","","","","","","","","","","","","","","","",99,1,"","","","","","","","","","","","","","","","","","","","","","","","","","","","","","","","","","","","","","","","","","","","","","","","","","","","","","","","","","","","","","","","","","","","","","","","","","","","","","","","","","","","","","","","","","","","","","","","","","",0,1,"","","","","","","","","","","","","","","","","","","","","","","","","","","","","",""
"61328002","LE PIN-AU-HARAS -INRAE",48.735833,0.128167,176,2002101122,0.,1,"","","","","","","","","","","","","","","","","","","","","","","","","","","","","","","","","","",10.1,1,"","","","","","","","","","","","","","","","","","","","","","","","","","","","",99,1,"","","","","","","","","","","","","","","","","","","","","","","","","","","","","","","","","","","","","","","","","","","","","","","","","","","","","","","","","","","","","","","","","","","","","","","","","","","","","","","","","","","","","","","","","","","","","","","","","","",0,1,"","","","","","","","","","","","","","","","","","","","","","","","","","","","","",""
"61328002","LE PIN-AU-HARAS -INRAE",48.735833,0.128167,176,2002101123,0.,1,"","","","","","","","","","","","","","","","","","","","","","","","","","","","","","","","","","",10.9,1,"","","","","","","","","","","","","","","","","","","","","","","","","","","","",99,1,"","","","","","","","","","","","","","","","","","","","","","","","","","","","","","","","","","","","","","","","","","","","","","","","","","","","","","","","","","","","","","","","","","","","","","","","","","","","","","","","","","","","","","","","","","","","","","","","","","",0,1,"","","","","","","","","","","","","","","","","","","","","","","","","","","","","",""
"61328002","LE PIN-AU-HARAS -INRAE",48.735833,0.128167,176,2002101200,0.,1,"","","","","","","","","","","","","","","","","","","","","","","","","","","","","","","","","","",11.8,1,"","","","","","","","","","","","","","","","","","","","","","","","","","","","",98,1,"","","","","","","","","","","","","","","","","","","","","","","","","","","","","","","","","","","","","","","","","","","","","","","","","","","","","","","","","","","","","","","","","","","","","","","","","","","","","","","","","","","","","","","","","","","","","","","","","","",0,1,"","","","","","","","","","","","","","","","","","","","","","","","","","","","","",""
"61328002","LE PIN-AU-HARAS -INRAE",48.735833,0.128167,176,2002101201,0.,1,"","","","","","","","","","","","","","","","","","","","","","","","","","","","","","","","","","",12.9,1,"","","","","","","","","","","","","","","","","","","","","","","","","","","","",97,1,"","","","","","","","","","","","","","","","","","","","","","","","","","","","","","","","","","","","","","","","","","","","","","","","","","","","","","","","","","","","","","","","","","","","","","","","","","","","","","","","","","","","","","","","","","","","","","","","","","",0,1,"","","","","","","","","","","","","","","","","","","","","","","","","","","","","",""
"61328002","LE PIN-AU-HARAS -INRAE",48.735833,0.128167,176,2002101202,0.,1,"","","","","","","","","","","","","","","","","","","","","","","","","","","","","","","","","","",13.1,1,"","","","","","","","","","","","","","","","","","","","","","","","","","","","",96,1,"","","","","","","","","","","","","","","","","","","","","","","","","","","","","","","","","","","","","","","","","","","","","","","","","","","","","","","","","","","","","","","","","","","","","","","","","","","","","","","","","","","","","","","","","","","","","","","","","","",0,1,"","","","","","","","","","","","","","","","","","","","","","","","","","","","","",""
"61328002","LE PIN-AU-HARAS -INRAE",48.735833,0.128167,176,2002101203,0.,1,"","","","","","","","","","","","","","","","","","","","","","","","","","","","","","","","","","",13.1,1,"","","","","","","","","","","","","","","","","","","","","","","","","","","","",96,1,"","","","","","","","","","","","","","","","","","","","","","","","","","","","","","","","","","","","","","","","","","","","","","","","","","","","","","","","","","","","","","","","","","","","","","","","","","","","","","","","","","","","","","","","","","","","","","","","","","",0,1,"","","","","","","","","","","","","","","","","","","","","","","","","","","","","",""
"61328002","LE PIN-AU-HARAS -INRAE",48.735833,0.128167,176,2002101204,0.,1,"","","","","","","","","","","","","","","","","","","","","","","","","","","","","","","","","","",12.8,1,"","","","","","","","","","","","","","","","","","","","","","","","","","","","",97,1,"","","","","","","","","","","","","","","","","","","","","","","","","","","","","","","","","","","","","","","","","","","","","","","","","","","","","","","","","","","","","","","","","","","","","","","","","","","","","","","","","","","","","","","","","","","","","","","","","","",0,1,"","","","","","","","","","","","","","","","","","","","","","","","","","","","","",""
"61328002","LE PIN-AU-HARAS -INRAE",48.735833,0.128167,176,2002101205,0.,1,"","","","","","","","","","","","","","","","","","","","","","","","","","","","","","","","","","",12.7,1,"","","","","","","","","","","","","","","","","","","","","","","","","","","","",96,1,"","","","","","","","","","","","","","","","","","","","","","","","","","","","","","","","","","","","","","","","","","","","","","","","","","","","","","","","","","","","","","","","","","","","","","","","","","","","","","","","","","","","","","","","","","","","","","","","","","",0,1,"","","","","","","","","","","","","","","","","","","","","","","","","","","","","",""
"61328002","LE PIN-AU-HARAS -INRAE",48.735833,0.128167,176,2002101206,0.5,1,"","","","","","","","","","","","","","","","","","","","","","","","","","","","","","","","","","",13.,1,"","","","","","","","","","","","","","","","","","","","","","","","","","","","",95,1,"","","","","","","","","","","","","","","","","","","","","","","","","","","","","","","","","","","","","","","","","","","","","","","","","","","","","","","","","","","","","","","","","","","","","","","","","","","","","","","","","","","","","","","","","","","","","","","","","","",0,1,"","","","","","","","","","","","","","","","","","","","","","","","","","","","","",""
"61328002","LE PIN-AU-HARAS -INRAE",48.735833,0.128167,176,2002101207,0.,1,"","","","","","","","","","","","","","","","","","","","","","","","","","","","","","","","","","",12.6,1,"","","","","","","","","","","","","","","","","","","","","","","","","","","","",91,1,"","","","","","","","","","","","","","","","","","","","","","","","","","","","","","","","","","","","","","","","","","","","","","","","","","","","","","","","","","","","","","","","","","","","","","","","","","","","","","","","","","","","","","","","","","","","","","","","","","",4,1,"","","","","","","","","","","","","","","","","","","","","","","","","","","","","",""
"61328002","LE PIN-AU-HARAS -INRAE",48.735833,0.128167,176,2002101208,0.,1,"","","","","","","","","","","","","","","","","","","","","","","","","","","","","","","","","","",12.4,1,"","","","","","","","","","","","","","","","","","","","","","","","","","","","",87,1,"","","","","","","","","","","","","","","","","","","","","","","","","","","","","","","","","","","","","","","","","","","","","","","","","","","","","","","","","","","","","","","","","","","","","","","","","","","","","","","","","","","","","","","","","","","","","","","","","","",30,1,"","","","","","","","","","","","","","","","","","","","","","","","","","","","","",""
"61328002","LE PIN-AU-HARAS -INRAE",48.735833,0.128167,176,2002101209,0.,1,"","","","","","","","","","","","","","","","","","","","","","","","","","","","","","","","","","",12.7,1,"","","","","","","","","","","","","","","","","","","","","","","","","","","","",75,1,"","","","","","","","","","","","","","","","","","","","","","","","","","","","","","","","","","","","","","","","","","","","","","","","","","","","","","","","","","","","","","","","","","","","","","","","","","","","","","","","","","","","","","","","","","","","","","","","","","",56,1,"","","","","","","","","","","","","","","","","","","","","","","","","","","","","",""
"61328002","LE PIN-AU-HARAS -INRAE",48.735833,0.128167,176,2002101210,0.,1,"","","","","","","","","","","","","","","","","","","","","","","","","","","","","","","","","","",13.5,1,"","","","","","","","","","","","","","","","","","","","","","","","","","","","",63,1,"","","","","","","","","","","","","","","","","","","","","","","","","","","","","","","","","","","","","","","","","","","","","","","","","","","","","","","","","","","","","","","","","","","","","","","","","","","","","","","","","","","","","","","","","","","","","","","","","","",122,1,"","","","","","","","","","","","","","","","","","","","","","","","","","","","","",""
"61328002","LE PIN-AU-HARAS -INRAE",48.735833,0.128167,176,2002101211,0.,1,"","","","","","","","","","","","","","","","","","","","","","","","","","","","","","","","","","",14.3,1,"","","","","","","","","","","","","","","","","","","","","","","","","","","","",59,1,"","","","","","","","","","","","","","","","","","","","","","","","","","","","","","","","","","","","","","","","","","","","","","","","","","","","","","","","","","","","","","","","","","","","","","","","","","","","","","","","","","","","","","","","","","","","","","","","","","",166,1,"","","","","","","","","","","","","","","","","","","","","","","","","","","","","",""
"61328002","LE PIN-AU-HARAS -INRAE",48.735833,0.128167,176,2002101212,0.,1,"","","","","","","","","","","","","","","","","","","","","","","","","","","","","","","","","","",14.6,1,"","","","","","","","","","","","","","","","","","","","","","","","","","","","",53,1,"","","","","","","","","","","","","","","","","","","","","","","","","","","","","","","","","","","","","","","","","","","","","","","","","","","","","","","","","","","","","","","","","","","","","","","","","","","","","","","","","","","","","","","","","","","","","","","","","","",208,1,"","","","","","","","","","","","","","","","","","","","","","","","","","","","","",""
"61328002","LE PIN-AU-HARAS -INRAE",48.735833,0.128167,176,2002101213,0.,1,"","","","","","","","","","","","","","","","","","","","","","","","","","","","","","","","","","",15.3,1,"","","","","","","","","","","","","","","","","","","","","","","","","","","","",46,1,"","","","","","","","","","","","","","","","","","","","","","","","","","","","","","","","","","","","","","","","","","","","","","","","","","","","","","","","","","","","","","","","","","","","","","","","","","","","","","","","","","","","","","","","","","","","","","","","","","",134,1,"","","","","","","","","","","","","","","","","","","","","","","","","","","","","",""
"61328002","LE PIN-AU-HARAS -INRAE",48.735833,0.128167,176,2002101214,0.,1,"","","","","","","","","","","","","","","","","","","","","","","","","","","","","","","","","","",15.2,1,"","","","","","","","","","","","","","","","","","","","","","","","","","","","",51,1,"","","","","","","","","","","","","","","","","","","","","","","","","","","","","","","","","","","","","","","","","","","","","","","","","","","","","","","","","","","","","","","","","","","","","","","","","","","","","","","","","","","","","","","","","","","","","","","","","","",156,1,"","","","","","","","","","","","","","","","","","","","","","","","","","","","","",""
"61328002","LE PIN-AU-HARAS -INRAE",48.735833,0.128167,176,2002101215,0.,1,"","","","","","","","","","","","","","","","","","","","","","","","","","","","","","","","","","",15.3,1,"","","","","","","","","","","","","","","","","","","","","","","","","","","","",47,1,"","","","","","","","","","","","","","","","","","","","","","","","","","","","","","","","","","","","","","","","","","","","","","","","","","","","","","","","","","","","","","","","","","","","","","","","","","","","","","","","","","","","","","","","","","","","","","","","","","",136,1,"","","","","","","","","","","","","","","","","","","","","","","","","","","","","",""
"61328002","LE PIN-AU-HARAS -INRAE",48.735833,0.128167,176,2002101216,0.,1,"","","","","","","","","","","","","","","","","","","","","","","","","","","","","","","","","","",13.4,1,"","","","","","","","","","","","","","","","","","","","","","","","","","","","",54,1,"","","","","","","","","","","","","","","","","","","","","","","","","","","","","","","","","","","","","","","","","","","","","","","","","","","","","","","","","","","","","","","","","","","","","","","","","","","","","","","","","","","","","","","","","","","","","","","","","","",64,1,"","","","","","","","","","","","","","","","","","","","","","","","","","","","","",""
"61328002","LE PIN-AU-HARAS -INRAE",48.735833,0.128167,176,2002101217,0.,1,"","","","","","","","","","","","","","","","","","","","","","","","","","","","","","","","","","",12.3,1,"","","","","","","","","","","","","","","","","","","","","","","","","","","","",59,1,"","","","","","","","","","","","","","","","","","","","","","","","","","","","","","","","","","","","","","","","","","","","","","","","","","","","","","","","","","","","","","","","","","","","","","","","","","","","","","","","","","","","","","","","","","","","","","","","","","",20,1,"","","","","","","","","","","","","","","","","","","","","","","","","","","","","",""
"61328002","LE PIN-AU-HARAS -INRAE",48.735833,0.128167,176,2002101218,0.,1,"","","","","","","","","","","","","","","","","","","","","","","","","","","","","","","","","","",9.4,1,"","","","","","","","","","","","","","","","","","","","","","","","","","","","",71,1,"","","","","","","","","","","","","","","","","","","","","","","","","","","","","","","","","","","","","","","","","","","","","","","","","","","","","","","","","","","","","","","","","","","","","","","","","","","","","","","","","","","","","","","","","","","","","","","","","","",2,1,"","","","","","","","","","","","","","","","","","","","","","","","","","","","","",""
"61328002","LE PIN-AU-HARAS -INRAE",48.735833,0.128167,176,2002101219,0.,1,"","","","","","","","","","","","","","","","","","","","","","","","","","","","","","","","","","",8.,1,"","","","","","","","","","","","","","","","","","","","","","","","","","","","",83,1,"","","","","","","","","","","","","","","","","","","","","","","","","","","","","","","","","","","","","","","","","","","","","","","","","","","","","","","","","","","","","","","","","","","","","","","","","","","","","","","","","","","","","","","","","","","","","","","","","","",0,1,"","","","","","","","","","","","","","","","","","","","","","","","","","","","","",""
"61328002","LE PIN-AU-HARAS -INRAE",48.735833,0.128167,176,2002101220,0.,1,"","","","","","","","","","","","","","","","","","","","","","","","","","","","","","","","","","",9.2,1,"","","","","","","","","","","","","","","","","","","","","","","","","","","","",80,1,"","","","","","","","","","","","","","","","","","","","","","","","","","","","","","","","","","","","","","","","","","","","","","","","","","","","","","","","","","","","","","","","","","","","","","","","","","","","","","","","","","","","","","","","","","","","","","","","","","",0,1,"","","","","","","","","","","","","","","","","","","","","","","","","","","","","",""
"61328002","LE PIN-AU-HARAS -INRAE",48.735833,0.128167,176,2002101221,0.,1,"","","","","","","","","","","","","","","","","","","","","","","","","","","","","","","","","","",8.3,1,"","","","","","","","","","","","","","","","","","","","","","","","","","","","",85,1,"","","","","","","","","","","","","","","","","","","","","","","","","","","","","","","","","","","","","","","","","","","","","","","","","","","","","","","","","","","","","","","","","","","","","","","","","","","","","","","","","","","","","","","","","","","","","","","","","","",0,1,"","","","","","","","","","","","","","","","","","","","","","","","","","","","","",""
"61328002","LE PIN-AU-HARAS -INRAE",48.735833,0.128167,176,2002101222,0.,1,"","","","","","","","","","","","","","","","","","","","","","","","","","","","","","","","","","",8.4,1,"","","","","","","","","","","","","","","","","","","","","","","","","","","","",87,1,"","","","","","","","","","","","","","","","","","","","","","","","","","","","","","","","","","","","","","","","","","","","","","","","","","","","","","","","","","","","","","","","","","","","","","","","","","","","","","","","","","","","","","","","","","","","","","","","","","",0,1,"","","","","","","","","","","","","","","","","","","","","","","","","","","","","",""
"61328002","LE PIN-AU-HARAS -INRAE",48.735833,0.128167,176,2002101223,0.,1,"","","","","","","","","","","","","","","","","","","","","","","","","","","","","","","","","","",7.7,1,"","","","","","","","","","","","","","","","","","","","","","","","","","","","",91,1,"","","","","","","","","","","","","","","","","","","","","","","","","","","","","","","","","","","","","","","","","","","","","","","","","","","","","","","","","","","","","","","","","","","","","","","","","","","","","","","","","","","","","","","","","","","","","","","","","","",0,1,"","","","","","","","","","","","","","","","","","","","","","","","","","","","","",""
"61328002","LE PIN-AU-HARAS -INRAE",48.735833,0.128167,176,2002101300,0.,1,"","","","","","","","","","","","","","","","","","","","","","","","","","","","","","","","","","",5.8,1,"","","","","","","","","","","","","","","","","","","","","","","","","","","","",92,1,"","","","","","","","","","","","","","","","","","","","","","","","","","","","","","","","","","","","","","","","","","","","","","","","","","","","","","","","","","","","","","","","","","","","","","","","","","","","","","","","","","","","","","","","","","","","","","","","","","",0,1,"","","","","","","","","","","","","","","","","","","","","","","","","","","","","",""
"61328002","LE PIN-AU-HARAS -INRAE",48.735833,0.128167,176,2002101301,0.,1,"","","","","","","","","","","","","","","","","","","","","","","","","","","","","","","","","","",3.9,1,"","","","","","","","","","","","","","","","","","","","","","","","","","","","",95,1,"","","","","","","","","","","","","","","","","","","","","","","","","","","","","","","","","","","","","","","","","","","","","","","","","","","","","","","","","","","","","","","","","","","","","","","","","","","","","","","","","","","","","","","","","","","","","","","","","","",0,1,"","","","","","","","","","","","","","","","","","","","","","","","","","","","","",""
"61328002","LE PIN-AU-HARAS -INRAE",48.735833,0.128167,176,2002101302,0.,1,"","","","","","","","","","","","","","","","","","","","","","","","","","","","","","","","","","",3.9,1,"","","","","","","","","","","","","","","","","","","","","","","","","","","","",97,1,"","","","","","","","","","","","","","","","","","","","","","","","","","","","","","","","","","","","","","","","","","","","","","","","","","","","","","","","","","","","","","","","","","","","","","","","","","","","","","","","","","","","","","","","","","","","","","","","","","",0,1,"","","","","","","","","","","","","","","","","","","","","","","","","","","","","",""
"61328002","LE PIN-AU-HARAS -INRAE",48.735833,0.128167,176,2002101303,0.,1,"","","","","","","","","","","","","","","","","","","","","","","","","","","","","","","","","","",4.,1,"","","","","","","","","","","","","","","","","","","","","","","","","","","","",98,1,"","","","","","","","","","","","","","","","","","","","","","","","","","","","","","","","","","","","","","","","","","","","","","","","","","","","","","","","","","","","","","","","","","","","","","","","","","","","","","","","","","","","","","","","","","","","","","","","","","",0,1,"","","","","","","","","","","","","","","","","","","","","","","","","","","","","",""
"61328002","LE PIN-AU-HARAS -INRAE",48.735833,0.128167,176,2002101304,0.,1,"","","","","","","","","","","","","","","","","","","","","","","","","","","","","","","","","","",5.6,1,"","","","","","","","","","","","","","","","","","","","","","","","","","","","",100,1,"","","","","","","","","","","","","","","","","","","","","","","","","","","","","","","","","","","","","","","","","","","","","","","","","","","","","","","","","","","","","","","","","","","","","","","","","","","","","","","","","","","","","","","","","","","","","","","","","","",0,1,"","","","","","","","","","","","","","","","","","","","","","","","","","","","","",""
"61328002","LE PIN-AU-HARAS -INRAE",48.735833,0.128167,176,2002101305,0.,1,"","","","","","","","","","","","","","","","","","","","","","","","","","","","","","","","","","",6.8,1,"","","","","","","","","","","","","","","","","","","","","","","","","","","","",100,1,"","","","","","","","","","","","","","","","","","","","","","","","","","","","","","","","","","","","","","","","","","","","","","","","","","","","","","","","","","","","","","","","","","","","","","","","","","","","","","","","","","","","","","","","","","","","","","","","","","",0,1,"","","","","","","","","","","","","","","","","","","","","","","","","","","","","",""
"61328002","LE PIN-AU-HARAS -INRAE",48.735833,0.128167,176,2002101306,0.,1,"","","","","","","","","","","","","","","","","","","","","","","","","","","","","","","","","","",7.2,1,"","","","","","","","","","","","","","","","","","","","","","","","","","","","",100,1,"","","","","","","","","","","","","","","","","","","","","","","","","","","","","","","","","","","","","","","","","","","","","","","","","","","","","","","","","","","","","","","","","","","","","","","","","","","","","","","","","","","","","","","","","","","","","","","","","","",0,1,"","","","","","","","","","","","","","","","","","","","","","","","","","","","","",""
"61328002","LE PIN-AU-HARAS -INRAE",48.735833,0.128167,176,2002101307,0.5,1,"","","","","","","","","","","","","","","","","","","","","","","","","","","","","","","","","","",7.6,1,"","","","","","","","","","","","","","","","","","","","","","","","","","","","",100,1,"","","","","","","","","","","","","","","","","","","","","","","","","","","","","","","","","","","","","","","","","","","","","","","","","","","","","","","","","","","","","","","","","","","","","","","","","","","","","","","","","","","","","","","","","","","","","","","","","","",0,1,"","","","","","","","","","","","","","","","","","","","","","","","","","","","","",""
"61328002","LE PIN-AU-HARAS -INRAE",48.735833,0.128167,176,2002101308,2.,1,"","","","","","","","","","","","","","","","","","","","","","","","","","","","","","","","","","",8.1,1,"","","","","","","","","","","","","","","","","","","","","","","","","","","","",100,1,"","","","","","","","","","","","","","","","","","","","","","","","","","","","","","","","","","","","","","","","","","","","","","","","","","","","","","","","","","","","","","","","","","","","","","","","","","","","","","","","","","","","","","","","","","","","","","","","","","",6,1,"","","","","","","","","","","","","","","","","","","","","","","","","","","","","",""
"61328002","LE PIN-AU-HARAS -INRAE",48.735833,0.128167,176,2002101309,0.5,1,"","","","","","","","","","","","","","","","","","","","","","","","","","","","","","","","","","",8.9,1,"","","","","","","","","","","","","","","","","","","","","","","","","","","","",98,1,"","","","","","","","","","","","","","","","","","","","","","","","","","","","","","","","","","","","","","","","","","","","","","","","","","","","","","","","","","","","","","","","","","","","","","","","","","","","","","","","","","","","","","","","","","","","","","","","","","",22,1,"","","","","","","","","","","","","","","","","","","","","","","","","","","","","",""
"61328002","LE PIN-AU-HARAS -INRAE",48.735833,0.128167,176,2002101310,0.,1,"","","","","","","","","","","","","","","","","","","","","","","","","","","","","","","","","","",10.1,1,"","","","","","","","","","","","","","","","","","","","","","","","","","","","",92,1,"","","","","","","","","","","","","","","","","","","","","","","","","","","","","","","","","","","","","","","","","","","","","","","","","","","","","","","","","","","","","","","","","","","","","","","","","","","","","","","","","","","","","","","","","","","","","","","","","","",50,1,"","","","","","","","","","","","","","","","","","","","","","","","","","","","","",""
"61328002","LE PIN-AU-HARAS -INRAE",48.735833,0.128167,176,2002101311,0.5,1,"","","","","","","","","","","","","","","","","","","","","","","","","","","","","","","","","","",10.7,1,"","","","","","","","","","","","","","","","","","","","","","","","","","","","",92,1,"","","","","","","","","","","","","","","","","","","","","","","","","","","","","","","","","","","","","","","","","","","","","","","","","","","","","","","","","","","","","","","","","","","","","","","","","","","","","","","","","","","","","","","","","","","","","","","","","","",54,1,"","","","","","","","","","","","","","","","","","","","","","","","","","","","","",""
"61328002","LE PIN-AU-HARAS -INRAE",48.735833,0.128167,176,2002101312,0.,1,"","","","","","","","","","","","","","","","","","","","","","","","","","","","","","","","","","",11.2,1,"","","","","","","","","","","","","","","","","","","","","","","","","","","","",91,1,"","","","","","","","","","","","","","","","","","","","","","","","","","","","","","","","","","","","","","","","","","","","","","","","","","","","","","","","","","","","","","","","","","","","","","","","","","","","","","","","","","","","","","","","","","","","","","","","","","",46,1,"","","","","","","","","","","","","","","","","","","","","","","","","","","","","",""
"61328002","LE PIN-AU-HARAS -INRAE",48.735833,0.128167,176,2002101313,0.,1,"","","","","","","","","","","","","","","","","","","","","","","","","","","","","","","","","","",11.3,1,"","","","","","","","","","","","","","","","","","","","","","","","","","","","",83,1,"","","","","","","","","","","","","","","","","","","","","","","","","","","","","","","","","","","","","","","","","","","","","","","","","","","","","","","","","","","","","","","","","","","","","","","","","","","","","","","","","","","","","","","","","","","","","","","","","","",32,1,"","","","","","","","","","","","","","","","","","","","","","","","","","","","","",""
"61328002","LE PIN-AU-HARAS -INRAE",48.735833,0.128167,176,2002101314,0.,1,"","","","","","","","","","","","","","","","","","","","","","","","","","","","","","","","","","",10.9,1,"","","","","","","","","","","","","","","","","","","","","","","","","","","","",87,1,"","","","","","","","","","","","","","","","","","","","","","","","","","","","","","","","","","","","","","","","","","","","","","","","","","","","","","","","","","","","","","","","","","","","","","","","","","","","","","","","","","","","","","","","","","","","","","","","","","",16,1,"","","","","","","","","","","","","","","","","","","","","","","","","","","","","",""
"61328002","LE PIN-AU-HARAS -INRAE",48.735833,0.128167,176,2002101315,0.,1,"","","","","","","","","","","","","","","","","","","","","","","","","","","","","","","","","","",11.1,1,"","","","","","","","","","","","","","","","","","","","","","","","","","","","",89,1,"","","","","","","","","","","","","","","","","","","","","","","","","","","","","","","","","","","","","","","","","","","","","","","","","","","","","","","","","","","","","","","","","","","","","","","","","","","","","","","","","","","","","","","","","","","","","","","","","","",10,1,"","","","","","","","","","","","","","","","","","","","","","","","","","","","","",""
"61328002","LE PIN-AU-HARAS -INRAE",48.735833,0.128167,176,2002101316,0.,1,"","","","","","","","","","","","","","","","","","","","","","","","","","","","","","","","","","",11.3,1,"","","","","","","","","","","","","","","","","","","","","","","","","","","","",91,1,"","","","","","","","","","","","","","","","","","","","","","","","","","","","","","","","","","","","","","","","","","","","","","","","","","","","","","","","","","","","","","","","","","","","","","","","","","","","","","","","","","","","","","","","","","","","","","","","","","",8,1,"","","","","","","","","","","","","","","","","","","","","","","","","","","","","",""
"61328002","LE PIN-AU-HARAS -INRAE",48.735833,0.128167,176,2002101317,0.,1,"","","","","","","","","","","","","","","","","","","","","","","","","","","","","","","","","","",12.2,1,"","","","","","","","","","","","","","","","","","","","","","","","","","","","",91,1,"","","","","","","","","","","","","","","","","","","","","","","","","","","","","","","","","","","","","","","","","","","","","","","","","","","","","","","","","","","","","","","","","","","","","","","","","","","","","","","","","","","","","","","","","","","","","","","","","","",6,1,"","","","","","","","","","","","","","","","","","","","","","","","","","","","","",""
"61328002","LE PIN-AU-HARAS -INRAE",48.735833,0.128167,176,2002101318,0.,1,"","","","","","","","","","","","","","","","","","","","","","","","","","","","","","","","","","",13.3,1,"","","","","","","","","","","","","","","","","","","","","","","","","","","","",87,1,"","","","","","","","","","","","","","","","","","","","","","","","","","","","","","","","","","","","","","","","","","","","","","","","","","","","","","","","","","","","","","","","","","","","","","","","","","","","","","","","","","","","","","","","","","","","","","","","","","",0,1,"","","","","","","","","","","","","","","","","","","","","","","","","","","","","",""
"61328002","LE PIN-AU-HARAS -INRAE",48.735833,0.128167,176,2002101319,0.,1,"","","","","","","","","","","","","","","","","","","","","","","","","","","","","","","","","","",13.,1,"","","","","","","","","","","","","","","","","","","","","","","","","","","","",72,1,"","","","","","","","","","","","","","","","","","","","","","","","","","","","","","","","","","","","","","","","","","","","","","","","","","","","","","","","","","","","","","","","","","","","","","","","","","","","","","","","","","","","","","","","","","","","","","","","","","",0,1,"","","","","","","","","","","","","","","","","","","","","","","","","","","","","",""
"61328002","LE PIN-AU-HARAS -INRAE",48.735833,0.128167,176,2002101320,0.,1,"","","","","","","","","","","","","","","","","","","","","","","","","","","","","","","","","","",12.8,1,"","","","","","","","","","","","","","","","","","","","","","","","","","","","",73,1,"","","","","","","","","","","","","","","","","","","","","","","","","","","","","","","","","","","","","","","","","","","","","","","","","","","","","","","","","","","","","","","","","","","","","","","","","","","","","","","","","","","","","","","","","","","","","","","","","","",0,1,"","","","","","","","","","","","","","","","","","","","","","","","","","","","","",""
"61328002","LE PIN-AU-HARAS -INRAE",48.735833,0.128167,176,2002101321,0.,1,"","","","","","","","","","","","","","","","","","","","","","","","","","","","","","","","","","",12.4,1,"","","","","","","","","","","","","","","","","","","","","","","","","","","","",73,1,"","","","","","","","","","","","","","","","","","","","","","","","","","","","","","","","","","","","","","","","","","","","","","","","","","","","","","","","","","","","","","","","","","","","","","","","","","","","","","","","","","","","","","","","","","","","","","","","","","",0,1,"","","","","","","","","","","","","","","","","","","","","","","","","","","","","",""
"61328002","LE PIN-AU-HARAS -INRAE",48.735833,0.128167,176,2002101322,0.,1,"","","","","","","","","","","","","","","","","","","","","","","","","","","","","","","","","","",12.,1,"","","","","","","","","","","","","","","","","","","","","","","","","","","","",74,1,"","","","","","","","","","","","","","","","","","","","","","","","","","","","","","","","","","","","","","","","","","","","","","","","","","","","","","","","","","","","","","","","","","","","","","","","","","","","","","","","","","","","","","","","","","","","","","","","","","",0,1,"","","","","","","","","","","","","","","","","","","","","","","","","","","","","",""
"61328002","LE PIN-AU-HARAS -INRAE",48.735833,0.128167,176,2002101323,0.,1,"","","","","","","","","","","","","","","","","","","","","","","","","","","","","","","","","","",11.7,1,"","","","","","","","","","","","","","","","","","","","","","","","","","","","",73,1,"","","","","","","","","","","","","","","","","","","","","","","","","","","","","","","","","","","","","","","","","","","","","","","","","","","","","","","","","","","","","","","","","","","","","","","","","","","","","","","","","","","","","","","","","","","","","","","","","","",0,1,"","","","","","","","","","","","","","","","","","","","","","","","","","","","","",""
"61328002","LE PIN-AU-HARAS -INRAE",48.735833,0.128167,176,2002101400,0.,1,"","","","","","","","","","","","","","","","","","","","","","","","","","","","","","","","","","",11.2,1,"","","","","","","","","","","","","","","","","","","","","","","","","","","","",74,1,"","","","","","","","","","","","","","","","","","","","","","","","","","","","","","","","","","","","","","","","","","","","","","","","","","","","","","","","","","","","","","","","","","","","","","","","","","","","","","","","","","","","","","","","","","","","","","","","","","",0,1,"","","","","","","","","","","","","","","","","","","","","","","","","","","","","",""
"61328002","LE PIN-AU-HARAS -INRAE",48.735833,0.128167,176,2002101401,0.,1,"","","","","","","","","","","","","","","","","","","","","","","","","","","","","","","","","","",10.4,1,"","","","","","","","","","","","","","","","","","","","","","","","","","","","",75,1,"","","","","","","","","","","","","","","","","","","","","","","","","","","","","","","","","","","","","","","","","","","","","","","","","","","","","","","","","","","","","","","","","","","","","","","","","","","","","","","","","","","","","","","","","","","","","","","","","","",0,1,"","","","","","","","","","","","","","","","","","","","","","","","","","","","","",""
"61328002","LE PIN-AU-HARAS -INRAE",48.735833,0.128167,176,2002101402,0.,1,"","","","","","","","","","","","","","","","","","","","","","","","","","","","","","","","","","",9.8,1,"","","","","","","","","","","","","","","","","","","","","","","","","","","","",78,1,"","","","","","","","","","","","","","","","","","","","","","","","","","","","","","","","","","","","","","","","","","","","","","","","","","","","","","","","","","","","","","","","","","","","","","","","","","","","","","","","","","","","","","","","","","","","","","","","","","",0,1,"","","","","","","","","","","","","","","","","","","","","","","","","","","","","",""
"61328002","LE PIN-AU-HARAS -INRAE",48.735833,0.128167,176,2002101403,0.,1,"","","","","","","","","","","","","","","","","","","","","","","","","","","","","","","","","","",9.5,1,"","","","","","","","","","","","","","","","","","","","","","","","","","","","",79,1,"","","","","","","","","","","","","","","","","","","","","","","","","","","","","","","","","","","","","","","","","","","","","","","","","","","","","","","","","","","","","","","","","","","","","","","","","","","","","","","","","","","","","","","","","","","","","","","","","","",0,1,"","","","","","","","","","","","","","","","","","","","","","","","","","","","","",""
"61328002","LE PIN-AU-HARAS -INRAE",48.735833,0.128167,176,2002101404,0.,1,"","","","","","","","","","","","","","","","","","","","","","","","","","","","","","","","","","",9.3,1,"","","","","","","","","","","","","","","","","","","","","","","","","","","","",83,1,"","","","","","","","","","","","","","","","","","","","","","","","","","","","","","","","","","","","","","","","","","","","","","","","","","","","","","","","","","","","","","","","","","","","","","","","","","","","","","","","","","","","","","","","","","","","","","","","","","",0,1,"","","","","","","","","","","","","","","","","","","","","","","","","","","","","",""
"61328002","LE PIN-AU-HARAS -INRAE",48.735833,0.128167,176,2002101405,0.,1,"","","","","","","","","","","","","","","","","","","","","","","","","","","","","","","","","","",8.9,1,"","","","","","","","","","","","","","","","","","","","","","","","","","","","",85,1,"","","","","","","","","","","","","","","","","","","","","","","","","","","","","","","","","","","","","","","","","","","","","","","","","","","","","","","","","","","","","","","","","","","","","","","","","","","","","","","","","","","","","","","","","","","","","","","","","","",0,1,"","","","","","","","","","","","","","","","","","","","","","","","","","","","","",""
"61328002","LE PIN-AU-HARAS -INRAE",48.735833,0.128167,176,2002101406,0.,1,"","","","","","","","","","","","","","","","","","","","","","","","","","","","","","","","","","",8.6,1,"","","","","","","","","","","","","","","","","","","","","","","","","","","","",84,1,"","","","","","","","","","","","","","","","","","","","","","","","","","","","","","","","","","","","","","","","","","","","","","","","","","","","","","","","","","","","","","","","","","","","","","","","","","","","","","","","","","","","","","","","","","","","","","","","","","",0,1,"","","","","","","","","","","","","","","","","","","","","","","","","","","","","",""
"61328002","LE PIN-AU-HARAS -INRAE",48.735833,0.128167,176,2002101407,0.,1,"","","","","","","","","","","","","","","","","","","","","","","","","","","","","","","","","","",7.9,1,"","","","","","","","","","","","","","","","","","","","","","","","","","","","",90,1,"","","","","","","","","","","","","","","","","","","","","","","","","","","","","","","","","","","","","","","","","","","","","","","","","","","","","","","","","","","","","","","","","","","","","","","","","","","","","","","","","","","","","","","","","","","","","","","","","","",4,1,"","","","","","","","","","","","","","","","","","","","","","","","","","","","","",""
"61328002","LE PIN-AU-HARAS -INRAE",48.735833,0.128167,176,2002101408,0.,1,"","","","","","","","","","","","","","","","","","","","","","","","","","","","","","","","","","",9.8,1,"","","","","","","","","","","","","","","","","","","","","","","","","","","","",85,1,"","","","","","","","","","","","","","","","","","","","","","","","","","","","","","","","","","","","","","","","","","","","","","","","","","","","","","","","","","","","","","","","","","","","","","","","","","","","","","","","","","","","","","","","","","","","","","","","","","",26,1,"","","","","","","","","","","","","","","","","","","","","","","","","","","","","",""
"61328002","LE PIN-AU-HARAS -INRAE",48.735833,0.128167,176,2002101409,0.,1,"","","","","","","","","","","","","","","","","","","","","","","","","","","","","","","","","","",12.2,1,"","","","","","","","","","","","","","","","","","","","","","","","","","","","",76,1,"","","","","","","","","","","","","","","","","","","","","","","","","","","","","","","","","","","","","","","","","","","","","","","","","","","","","","","","","","","","","","","","","","","","","","","","","","","","","","","","","","","","","","","","","","","","","","","","","","",56,1,"","","","","","","","","","","","","","","","","","","","","","","","","","","","","",""
"61328002","LE PIN-AU-HARAS -INRAE",48.735833,0.128167,176,2002101410,0.,1,"","","","","","","","","","","","","","","","","","","","","","","","","","","","","","","","","","",12.4,1,"","","","","","","","","","","","","","","","","","","","","","","","","","","","",72,1,"","","","","","","","","","","","","","","","","","","","","","","","","","","","","","","","","","","","","","","","","","","","","","","","","","","","","","","","","","","","","","","","","","","","","","","","","","","","","","","","","","","","","","","","","","","","","","","","","","",102,1,"","","","","","","","","","","","","","","","","","","","","","","","","","","","","",""
"61328002","LE PIN-AU-HARAS -INRAE",48.735833,0.128167,176,2002101411,0.,1,"","","","","","","","","","","","","","","","","","","","","","","","","","","","","","","","","","",12.6,1,"","","","","","","","","","","","","","","","","","","","","","","","","","","","",71,1,"","","","","","","","","","","","","","","","","","","","","","","","","","","","","","","","","","","","","","","","","","","","","","","","","","","","","","","","","","","","","","","","","","","","","","","","","","","","","","","","","","","","","","","","","","","","","","","","","","",96,1,"","","","","","","","","","","","","","","","","","","","","","","","","","","","","",""
"61328002","LE PIN-AU-HARAS -INRAE",48.735833,0.128167,176,2002101412,0.,1,"","","","","","","","","","","","","","","","","","","","","","","","","","","","","","","","","","",12.2,1,"","","","","","","","","","","","","","","","","","","","","","","","","","","","",72,1,"","","","","","","","","","","","","","","","","","","","","","","","","","","","","","","","","","","","","","","","","","","","","","","","","","","","","","","","","","","","","","","","","","","","","","","","","","","","","","","","","","","","","","","","","","","","","","","","","","",72,1,"","","","","","","","","","","","","","","","","","","","","","","","","","","","","",""
"61328002","LE PIN-AU-HARAS -INRAE",48.735833,0.128167,176,2002101413,0.,1,"","","","","","","","","","","","","","","","","","","","","","","","","","","","","","","","","","",12.2,1,"","","","","","","","","","","","","","","","","","","","","","","","","","","","",77,1,"","","","","","","","","","","","","","","","","","","","","","","","","","","","","","","","","","","","","","","","","","","","","","","","","","","","","","","","","","","","","","","","","","","","","","","","","","","","","","","","","","","","","","","","","","","","","","","","","","",64,1,"","","","","","","","","","","","","","","","","","","","","","","","","","","","","",""
"61328002","LE PIN-AU-HARAS -INRAE",48.735833,0.128167,176,2002101414,0.,1,"","","","","","","","","","","","","","","","","","","","","","","","","","","","","","","","","","",12.2,1,"","","","","","","","","","","","","","","","","","","","","","","","","","","","",77,1,"","","","","","","","","","","","","","","","","","","","","","","","","","","","","","","","","","","","","","","","","","","","","","","","","","","","","","","","","","","","","","","","","","","","","","","","","","","","","","","","","","","","","","","","","","","","","","","","","","",52,1,"","","","","","","","","","","","","","","","","","","","","","","","","","","","","",""
"61328002","LE PIN-AU-HARAS -INRAE",48.735833,0.128167,176,2002101415,0.,1,"","","","","","","","","","","","","","","","","","","","","","","","","","","","","","","","","","",12.,1,"","","","","","","","","","","","","","","","","","","","","","","","","","","","",79,1,"","","","","","","","","","","","","","","","","","","","","","","","","","","","","","","","","","","","","","","","","","","","","","","","","","","","","","","","","","","","","","","","","","","","","","","","","","","","","","","","","","","","","","","","","","","","","","","","","","",42,1,"","","","","","","","","","","","","","","","","","","","","","","","","","","","","",""
"61328002","LE PIN-AU-HARAS -INRAE",48.735833,0.128167,176,2002101416,0.,1,"","","","","","","","","","","","","","","","","","","","","","","","","","","","","","","","","","",11.7,1,"","","","","","","","","","","","","","","","","","","","","","","","","","","","",80,1,"","","","","","","","","","","","","","","","","","","","","","","","","","","","","","","","","","","","","","","","","","","","","","","","","","","","","","","","","","","","","","","","","","","","","","","","","","","","","","","","","","","","","","","","","","","","","","","","","","",48,1,"","","","","","","","","","","","","","","","","","","","","","","","","","","","","",""
"61328002","LE PIN-AU-HARAS -INRAE",48.735833,0.128167,176,2002101417,0.,1,"","","","","","","","","","","","","","","","","","","","","","","","","","","","","","","","","","",7.8,1,"","","","","","","","","","","","","","","","","","","","","","","","","","","","",89,1,"","","","","","","","","","","","","","","","","","","","","","","","","","","","","","","","","","","","","","","","","","","","","","","","","","","","","","","","","","","","","","","","","","","","","","","","","","","","","","","","","","","","","","","","","","","","","","","","","","",14,1,"","","","","","","","","","","","","","","","","","","","","","","","","","","","","",""
"61328002","LE PIN-AU-HARAS -INRAE",48.735833,0.128167,176,2002101418,0.,1,"","","","","","","","","","","","","","","","","","","","","","","","","","","","","","","","","","",6.1,1,"","","","","","","","","","","","","","","","","","","","","","","","","","","","",95,1,"","","","","","","","","","","","","","","","","","","","","","","","","","","","","","","","","","","","","","","","","","","","","","","","","","","","","","","","","","","","","","","","","","","","","","","","","","","","","","","","","","","","","","","","","","","","","","","","","","",2,1,"","","","","","","","","","","","","","","","","","","","","","","","","","","","","",""
"61328002","LE PIN-AU-HARAS -INRAE",48.735833,0.128167,176,2002101419,0.,1,"","","","","","","","","","","","","","","","","","","","","","","","","","","","","","","","","","",3.9,1,"","","","","","","","","","","","","","","","","","","","","","","","","","","","",97,1,"","","","","","","","","","","","","","","","","","","","","","","","","","","","","","","","","","","","","","","","","","","","","","","","","","","","","","","","","","","","","","","","","","","","","","","","","","","","","","","","","","","","","","","","","","","","","","","","","","",0,1,"","","","","","","","","","","","","","","","","","","","","","","","","","","","","",""
"61328002","LE PIN-AU-HARAS -INRAE",48.735833,0.128167,176,2002101420,0.,1,"","","","","","","","","","","","","","","","","","","","","","","","","","","","","","","","","","",5.5,1,"","","","","","","","","","","","","","","","","","","","","","","","","","","","",99,1,"","","","","","","","","","","","","","","","","","","","","","","","","","","","","","","","","","","","","","","","","","","","","","","","","","","","","","","","","","","","","","","","","","","","","","","","","","","","","","","","","","","","","","","","","","","","","","","","","","",0,1,"","","","","","","","","","","","","","","","","","","","","","","","","","","","","",""
"61328002","LE PIN-AU-HARAS -INRAE",48.735833,0.128167,176,2002101421,0.,1,"","","","","","","","","","","","","","","","","","","","","","","","","","","","","","","","","","",6.6,1,"","","","","","","","","","","","","","","","","","","","","","","","","","","","",100,1,"","","","","","","","","","","","","","","","","","","","","","","","","","","","","","","","","","","","","","","","","","","","","","","","","","","","","","","","","","","","","","","","","","","","","","","","","","","","","","","","","","","","","","","","","","","","","","","","","","",0,1,"","","","","","","","","","","","","","","","","","","","","","","","","","","","","",""
"61328002","LE PIN-AU-HARAS -INRAE",48.735833,0.128167,176,2002101422,0.,1,"","","","","","","","","","","","","","","","","","","","","","","","","","","","","","","","","","",8.1,1,"","","","","","","","","","","","","","","","","","","","","","","","","","","","",100,1,"","","","","","","","","","","","","","","","","","","","","","","","","","","","","","","","","","","","","","","","","","","","","","","","","","","","","","","","","","","","","","","","","","","","","","","","","","","","","","","","","","","","","","","","","","","","","","","","","","",0,1,"","","","","","","","","","","","","","","","","","","","","","","","","","","","","",""
"61328002","LE PIN-AU-HARAS -INRAE",48.735833,0.128167,176,2002101423,0.,1,"","","","","","","","","","","","","","","","","","","","","","","","","","","","","","","","","","",9.,1,"","","","","","","","","","","","","","","","","","","","","","","","","","","","",100,1,"","","","","","","","","","","","","","","","","","","","","","","","","","","","","","","","","","","","","","","","","","","","","","","","","","","","","","","","","","","","","","","","","","","","","","","","","","","","","","","","","","","","","","","","","","","","","","","","","","",0,1,"","","","","","","","","","","","","","","","","","","","","","","","","","","","","",""
"61328002","LE PIN-AU-HARAS -INRAE",48.735833,0.128167,176,2002101500,0.5,1,"","","","","","","","","","","","","","","","","","","","","","","","","","","","","","","","","","",9.4,1,"","","","","","","","","","","","","","","","","","","","","","","","","","","","",97,1,"","","","","","","","","","","","","","","","","","","","","","","","","","","","","","","","","","","","","","","","","","","","","","","","","","","","","","","","","","","","","","","","","","","","","","","","","","","","","","","","","","","","","","","","","","","","","","","","","","",0,1,"","","","","","","","","","","","","","","","","","","","","","","","","","","","","",""
"61328002","LE PIN-AU-HARAS -INRAE",48.735833,0.128167,176,2002101501,0.,1,"","","","","","","","","","","","","","","","","","","","","","","","","","","","","","","","","","",9.4,1,"","","","","","","","","","","","","","","","","","","","","","","","","","","","",91,1,"","","","","","","","","","","","","","","","","","","","","","","","","","","","","","","","","","","","","","","","","","","","","","","","","","","","","","","","","","","","","","","","","","","","","","","","","","","","","","","","","","","","","","","","","","","","","","","","","","",0,1,"","","","","","","","","","","","","","","","","","","","","","","","","","","","","",""
"61328002","LE PIN-AU-HARAS -INRAE",48.735833,0.128167,176,2002101502,0.,1,"","","","","","","","","","","","","","","","","","","","","","","","","","","","","","","","","","",9.4,1,"","","","","","","","","","","","","","","","","","","","","","","","","","","","",90,1,"","","","","","","","","","","","","","","","","","","","","","","","","","","","","","","","","","","","","","","","","","","","","","","","","","","","","","","","","","","","","","","","","","","","","","","","","","","","","","","","","","","","","","","","","","","","","","","","","","",0,1,"","","","","","","","","","","","","","","","","","","","","","","","","","","","","",""
"61328002","LE PIN-AU-HARAS -INRAE",48.735833,0.128167,176,2002101503,0.,1,"","","","","","","","","","","","","","","","","","","","","","","","","","","","","","","","","","",9.1,1,"","","","","","","","","","","","","","","","","","","","","","","","","","","","",95,1,"","","","","","","","","","","","","","","","","","","","","","","","","","","","","","","","","","","","","","","","","","","","","","","","","","","","","","","","","","","","","","","","","","","","","","","","","","","","","","","","","","","","","","","","","","","","","","","","","","",0,1,"","","","","","","","","","","","","","","","","","","","","","","","","","","","","",""
"61328002","LE PIN-AU-HARAS -INRAE",48.735833,0.128167,176,2002101504,0.,1,"","","","","","","","","","","","","","","","","","","","","","","","","","","","","","","","","","",9.7,1,"","","","","","","","","","","","","","","","","","","","","","","","","","","","",95,1,"","","","","","","","","","","","","","","","","","","","","","","","","","","","","","","","","","","","","","","","","","","","","","","","","","","","","","","","","","","","","","","","","","","","","","","","","","","","","","","","","","","","","","","","","","","","","","","","","","",0,1,"","","","","","","","","","","","","","","","","","","","","","","","","","","","","",""
"61328002","LE PIN-AU-HARAS -INRAE",48.735833,0.128167,176,2002101505,0.,1,"","","","","","","","","","","","","","","","","","","","","","","","","","","","","","","","","","",10.1,1,"","","","","","","","","","","","","","","","","","","","","","","","","","","","",95,1,"","","","","","","","","","","","","","","","","","","","","","","","","","","","","","","","","","","","","","","","","","","","","","","","","","","","","","","","","","","","","","","","","","","","","","","","","","","","","","","","","","","","","","","","","","","","","","","","","","",0,1,"","","","","","","","","","","","","","","","","","","","","","","","","","","","","",""
"61328002","LE PIN-AU-HARAS -INRAE",48.735833,0.128167,176,2002101506,0.,1,"","","","","","","","","","","","","","","","","","","","","","","","","","","","","","","","","","",10.8,1,"","","","","","","","","","","","","","","","","","","","","","","","","","","","",95,1,"","","","","","","","","","","","","","","","","","","","","","","","","","","","","","","","","","","","","","","","","","","","","","","","","","","","","","","","","","","","","","","","","","","","","","","","","","","","","","","","","","","","","","","","","","","","","","","","","","",0,1,"","","","","","","","","","","","","","","","","","","","","","","","","","","","","",""
"61328002","LE PIN-AU-HARAS -INRAE",48.735833,0.128167,176,2002101507,0.,1,"","","","","","","","","","","","","","","","","","","","","","","","","","","","","","","","","","",11.4,1,"","","","","","","","","","","","","","","","","","","","","","","","","","","","",96,1,"","","","","","","","","","","","","","","","","","","","","","","","","","","","","","","","","","","","","","","","","","","","","","","","","","","","","","","","","","","","","","","","","","","","","","","","","","","","","","","","","","","","","","","","","","","","","","","","","","",0,1,"","","","","","","","","","","","","","","","","","","","","","","","","","","","","",""
"61328002","LE PIN-AU-HARAS -INRAE",48.735833,0.128167,176,2002101508,0.,1,"","","","","","","","","","","","","","","","","","","","","","","","","","","","","","","","","","",12.6,1,"","","","","","","","","","","","","","","","","","","","","","","","","","","","",95,1,"","","","","","","","","","","","","","","","","","","","","","","","","","","","","","","","","","","","","","","","","","","","","","","","","","","","","","","","","","","","","","","","","","","","","","","","","","","","","","","","","","","","","","","","","","","","","","","","","","",22,1,"","","","","","","","","","","","","","","","","","","","","","","","","","","","","",""
"61328002","LE PIN-AU-HARAS -INRAE",48.735833,0.128167,176,2002101509,0.,1,"","","","","","","","","","","","","","","","","","","","","","","","","","","","","","","","","","",14.6,1,"","","","","","","","","","","","","","","","","","","","","","","","","","","","",89,1,"","","","","","","","","","","","","","","","","","","","","","","","","","","","","","","","","","","","","","","","","","","","","","","","","","","","","","","","","","","","","","","","","","","","","","","","","","","","","","","","","","","","","","","","","","","","","","","","","","",98,1,"","","","","","","","","","","","","","","","","","","","","","","","","","","","","",""
"61328002","LE PIN-AU-HARAS -INRAE",48.735833,0.128167,176,2002101510,0.,1,"","","","","","","","","","","","","","","","","","","","","","","","","","","","","","","","","","",15.8,1,"","","","","","","","","","","","","","","","","","","","","","","","","","","","",76,1,"","","","","","","","","","","","","","","","","","","","","","","","","","","","","","","","","","","","","","","","","","","","","","","","","","","","","","","","","","","","","","","","","","","","","","","","","","","","","","","","","","","","","","","","","","","","","","","","","","",68,1,"","","","","","","","","","","","","","","","","","","","","","","","","","","","","",""
"61328002","LE PIN-AU-HARAS -INRAE",48.735833,0.128167,176,2002101511,0.,1,"","","","","","","","","","","","","","","","","","","","","","","","","","","","","","","","","","",16.6,1,"","","","","","","","","","","","","","","","","","","","","","","","","","","","",68,1,"","","","","","","","","","","","","","","","","","","","","","","","","","","","","","","","","","","","","","","","","","","","","","","","","","","","","","","","","","","","","","","","","","","","","","","","","","","","","","","","","","","","","","","","","","","","","","","","","","",96,1,"","","","","","","","","","","","","","","","","","","","","","","","","","","","","",""
"61328002","LE PIN-AU-HARAS -INRAE",48.735833,0.128167,176,2002101512,0.,1,"","","","","","","","","","","","","","","","","","","","","","","","","","","","","","","","","","",16.5,1,"","","","","","","","","","","","","","","","","","","","","","","","","","","","",65,1,"","","","","","","","","","","","","","","","","","","","","","","","","","","","","","","","","","","","","","","","","","","","","","","","","","","","","","","","","","","","","","","","","","","","","","","","","","","","","","","","","","","","","","","","","","","","","","","","","","",84,1,"","","","","","","","","","","","","","","","","","","","","","","","","","","","","",""
"61328002","LE PIN-AU-HARAS -INRAE",48.735833,0.128167,176,2002101513,0.,1,"","","","","","","","","","","","","","","","","","","","","","","","","","","","","","","","","","",17.2,1,"","","","","","","","","","","","","","","","","","","","","","","","","","","","",62,1,"","","","","","","","","","","","","","","","","","","","","","","","","","","","","","","","","","","","","","","","","","","","","","","","","","","","","","","","","","","","","","","","","","","","","","","","","","","","","","","","","","","","","","","","","","","","","","","","","","",82,1,"","","","","","","","","","","","","","","","","","","","","","","","","","","","","",""
"61328002","LE PIN-AU-HARAS -INRAE",48.735833,0.128167,176,2002101514,0.,1,"","","","","","","","","","","","","","","","","","","","","","","","","","","","","","","","","","",16.,1,"","","","","","","","","","","","","","","","","","","","","","","","","","","","",58,1,"","","","","","","","","","","","","","","","","","","","","","","","","","","","","","","","","","","","","","","","","","","","","","","","","","","","","","","","","","","","","","","","","","","","","","","","","","","","","","","","","","","","","","","","","","","","","","","","","","",100,1,"","","","","","","","","","","","","","","","","","","","","","","","","","","","","",""
"61328002","LE PIN-AU-HARAS -INRAE",48.735833,0.128167,176,2002101515,0.,1,"","","","","","","","","","","","","","","","","","","","","","","","","","","","","","","","","","",15.9,1,"","","","","","","","","","","","","","","","","","","","","","","","","","","","",60,1,"","","","","","","","","","","","","","","","","","","","","","","","","","","","","","","","","","","","","","","","","","","","","","","","","","","","","","","","","","","","","","","","","","","","","","","","","","","","","","","","","","","","","","","","","","","","","","","","","","",82,1,"","","","","","","","","","","","","","","","","","","","","","","","","","","","","",""
"61328002","LE PIN-AU-HARAS -INRAE",48.735833,0.128167,176,2002101516,0.,1,"","","","","","","","","","","","","","","","","","","","","","","","","","","","","","","","","","",15.4,1,"","","","","","","","","","","","","","","","","","","","","","","","","","","","",61,1,"","","","","","","","","","","","","","","","","","","","","","","","","","","","","","","","","","","","","","","","","","","","","","","","","","","","","","","","","","","","","","","","","","","","","","","","","","","","","","","","","","","","","","","","","","","","","","","","","","",64,1,"","","","","","","","","","","","","","","","","","","","","","","","","","","","","",""
"61328002","LE PIN-AU-HARAS -INRAE",48.735833,0.128167,176,2002101517,0.,1,"","","","","","","","","","","","","","","","","","","","","","","","","","","","","","","","","","",14.2,1,"","","","","","","","","","","","","","","","","","","","","","","","","","","","",65,1,"","","","","","","","","","","","","","","","","","","","","","","","","","","","","","","","","","","","","","","","","","","","","","","","","","","","","","","","","","","","","","","","","","","","","","","","","","","","","","","","","","","","","","","","","","","","","","","","","","",20,1,"","","","","","","","","","","","","","","","","","","","","","","","","","","","","",""
"61328002","LE PIN-AU-HARAS -INRAE",48.735833,0.128167,176,2002101518,0.,1,"","","","","","","","","","","","","","","","","","","","","","","","","","","","","","","","","","",13.7,1,"","","","","","","","","","","","","","","","","","","","","","","","","","","","",69,1,"","","","","","","","","","","","","","","","","","","","","","","","","","","","","","","","","","","","","","","","","","","","","","","","","","","","","","","","","","","","","","","","","","","","","","","","","","","","","","","","","","","","","","","","","","","","","","","","","","",0,1,"","","","","","","","","","","","","","","","","","","","","","","","","","","","","",""
"61328002","LE PIN-AU-HARAS -INRAE",48.735833,0.128167,176,2002101519,0.,1,"","","","","","","","","","","","","","","","","","","","","","","","","","","","","","","","","","",13.3,1,"","","","","","","","","","","","","","","","","","","","","","","","","","","","",72,1,"","","","","","","","","","","","","","","","","","","","","","","","","","","","","","","","","","","","","","","","","","","","","","","","","","","","","","","","","","","","","","","","","","","","","","","","","","","","","","","","","","","","","","","","","","","","","","","","","","",0,1,"","","","","","","","","","","","","","","","","","","","","","","","","","","","","",""
"61328002","LE PIN-AU-HARAS -INRAE",48.735833,0.128167,176,2002101520,0.,1,"","","","","","","","","","","","","","","","","","","","","","","","","","","","","","","","","","",12.7,1,"","","","","","","","","","","","","","","","","","","","","","","","","","","","",74,1,"","","","","","","","","","","","","","","","","","","","","","","","","","","","","","","","","","","","","","","","","","","","","","","","","","","","","","","","","","","","","","","","","","","","","","","","","","","","","","","","","","","","","","","","","","","","","","","","","","",0,1,"","","","","","","","","","","","","","","","","","","","","","","","","","","","","",""
"61328002","LE PIN-AU-HARAS -INRAE",48.735833,0.128167,176,2002101521,0.,1,"","","","","","","","","","","","","","","","","","","","","","","","","","","","","","","","","","",12.2,1,"","","","","","","","","","","","","","","","","","","","","","","","","","","","",78,1,"","","","","","","","","","","","","","","","","","","","","","","","","","","","","","","","","","","","","","","","","","","","","","","","","","","","","","","","","","","","","","","","","","","","","","","","","","","","","","","","","","","","","","","","","","","","","","","","","","",0,1,"","","","","","","","","","","","","","","","","","","","","","","","","","","","","",""
"61328002","LE PIN-AU-HARAS -INRAE",48.735833,0.128167,176,2002101522,0.,1,"","","","","","","","","","","","","","","","","","","","","","","","","","","","","","","","","","",11.7,1,"","","","","","","","","","","","","","","","","","","","","","","","","","","","",81,1,"","","","","","","","","","","","","","","","","","","","","","","","","","","","","","","","","","","","","","","","","","","","","","","","","","","","","","","","","","","","","","","","","","","","","","","","","","","","","","","","","","","","","","","","","","","","","","","","","","",0,1,"","","","","","","","","","","","","","","","","","","","","","","","","","","","","",""
"61328002","LE PIN-AU-HARAS -INRAE",48.735833,0.128167,176,2002101523,0.,1,"","","","","","","","","","","","","","","","","","","","","","","","","","","","","","","","","","",11.7,1,"","","","","","","","","","","","","","","","","","","","","","","","","","","","",84,1,"","","","","","","","","","","","","","","","","","","","","","","","","","","","","","","","","","","","","","","","","","","","","","","","","","","","","","","","","","","","","","","","","","","","","","","","","","","","","","","","","","","","","","","","","","","","","","","","","","",0,1,"","","","","","","","","","","","","","","","","","","","","","","","","","","","","",""
"61328002","LE PIN-AU-HARAS -INRAE",48.735833,0.128167,176,2002101600,0.,1,"","","","","","","","","","","","","","","","","","","","","","","","","","","","","","","","","","",11.7,1,"","","","","","","","","","","","","","","","","","","","","","","","","","","","",83,1,"","","","","","","","","","","","","","","","","","","","","","","","","","","","","","","","","","","","","","","","","","","","","","","","","","","","","","","","","","","","","","","","","","","","","","","","","","","","","","","","","","","","","","","","","","","","","","","","","","",0,1,"","","","","","","","","","","","","","","","","","","","","","","","","","","","","",""
"61328002","LE PIN-AU-HARAS -INRAE",48.735833,0.128167,176,2002101601,0.,1,"","","","","","","","","","","","","","","","","","","","","","","","","","","","","","","","","","",11.3,1,"","","","","","","","","","","","","","","","","","","","","","","","","","","","",86,1,"","","","","","","","","","","","","","","","","","","","","","","","","","","","","","","","","","","","","","","","","","","","","","","","","","","","","","","","","","","","","","","","","","","","","","","","","","","","","","","","","","","","","","","","","","","","","","","","","","",0,1,"","","","","","","","","","","","","","","","","","","","","","","","","","","","","",""
"61328002","LE PIN-AU-HARAS -INRAE",48.735833,0.128167,176,2002101602,0.,1,"","","","","","","","","","","","","","","","","","","","","","","","","","","","","","","","","","",11.6,1,"","","","","","","","","","","","","","","","","","","","","","","","","","","","",88,1,"","","","","","","","","","","","","","","","","","","","","","","","","","","","","","","","","","","","","","","","","","","","","","","","","","","","","","","","","","","","","","","","","","","","","","","","","","","","","","","","","","","","","","","","","","","","","","","","","","",0,1,"","","","","","","","","","","","","","","","","","","","","","","","","","","","","",""
"61328002","LE PIN-AU-HARAS -INRAE",48.735833,0.128167,176,2002101603,0.,1,"","","","","","","","","","","","","","","","","","","","","","","","","","","","","","","","","","",10.6,1,"","","","","","","","","","","","","","","","","","","","","","","","","","","","",91,1,"","","","","","","","","","","","","","","","","","","","","","","","","","","","","","","","","","","","","","","","","","","","","","","","","","","","","","","","","","","","","","","","","","","","","","","","","","","","","","","","","","","","","","","","","","","","","","","","","","",0,1,"","","","","","","","","","","","","","","","","","","","","","","","","","","","","",""
"61328002","LE PIN-AU-HARAS -INRAE",48.735833,0.128167,176,2002101604,0.,1,"","","","","","","","","","","","","","","","","","","","","","","","","","","","","","","","","","",10.7,1,"","","","","","","","","","","","","","","","","","","","","","","","","","","","",95,1,"","","","","","","","","","","","","","","","","","","","","","","","","","","","","","","","","","","","","","","","","","","","","","","","","","","","","","","","","","","","","","","","","","","","","","","","","","","","","","","","","","","","","","","","","","","","","","","","","","",0,1,"","","","","","","","","","","","","","","","","","","","","","","","","","","","","",""
"61328002","LE PIN-AU-HARAS -INRAE",48.735833,0.128167,176,2002101605,2.5,1,"","","","","","","","","","","","","","","","","","","","","","","","","","","","","","","","","","",10.7,1,"","","","","","","","","","","","","","","","","","","","","","","","","","","","",98,1,"","","","","","","","","","","","","","","","","","","","","","","","","","","","","","","","","","","","","","","","","","","","","","","","","","","","","","","","","","","","","","","","","","","","","","","","","","","","","","","","","","","","","","","","","","","","","","","","","","",0,1,"","","","","","","","","","","","","","","","","","","","","","","","","","","","","",""
"61328002","LE PIN-AU-HARAS -INRAE",48.735833,0.128167,176,2002101606,5.,1,"","","","","","","","","","","","","","","","","","","","","","","","","","","","","","","","","","",10.6,1,"","","","","","","","","","","","","","","","","","","","","","","","","","","","",99,1,"","","","","","","","","","","","","","","","","","","","","","","","","","","","","","","","","","","","","","","","","","","","","","","","","","","","","","","","","","","","","","","","","","","","","","","","","","","","","","","","","","","","","","","","","","","","","","","","","","",0,1,"","","","","","","","","","","","","","","","","","","","","","","","","","","","","",""
"61328002","LE PIN-AU-HARAS -INRAE",48.735833,0.128167,176,2002101607,1.,1,"","","","","","","","","","","","","","","","","","","","","","","","","","","","","","","","","","",10.2,1,"","","","","","","","","","","","","","","","","","","","","","","","","","","","",100,1,"","","","","","","","","","","","","","","","","","","","","","","","","","","","","","","","","","","","","","","","","","","","","","","","","","","","","","","","","","","","","","","","","","","","","","","","","","","","","","","","","","","","","","","","","","","","","","","","","","",0,1,"","","","","","","","","","","","","","","","","","","","","","","","","","","","","",""
"61328002","LE PIN-AU-HARAS -INRAE",48.735833,0.128167,176,2002101608,2.,1,"","","","","","","","","","","","","","","","","","","","","","","","","","","","","","","","","","",10.5,1,"","","","","","","","","","","","","","","","","","","","","","","","","","","","",100,1,"","","","","","","","","","","","","","","","","","","","","","","","","","","","","","","","","","","","","","","","","","","","","","","","","","","","","","","","","","","","","","","","","","","","","","","","","","","","","","","","","","","","","","","","","","","","","","","","","","",2,1,"","","","","","","","","","","","","","","","","","","","","","","","","","","","","",""
"61328002","LE PIN-AU-HARAS -INRAE",48.735833,0.128167,176,2002101609,10.,1,"","","","","","","","","","","","","","","","","","","","","","","","","","","","","","","","","","",10.6,1,"","","","","","","","","","","","","","","","","","","","","","","","","","","","",100,1,"","","","","","","","","","","","","","","","","","","","","","","","","","","","","","","","","","","","","","","","","","","","","","","","","","","","","","","","","","","","","","","","","","","","","","","","","","","","","","","","","","","","","","","","","","","","","","","","","","",6,1,"","","","","","","","","","","","","","","","","","","","","","","","","","","","","",""
"61328002","LE PIN-AU-HARAS -INRAE",48.735833,0.128167,176,2002101610,3.5,1,"","","","","","","","","","","","","","","","","","","","","","","","","","","","","","","","","","",9.9,1,"","","","","","","","","","","","","","","","","","","","","","","","","","","","",100,1,"","","","","","","","","","","","","","","","","","","","","","","","","","","","","","","","","","","","","","","","","","","","","","","","","","","","","","","","","","","","","","","","","","","","","","","","","","","","","","","","","","","","","","","","","","","","","","","","","","",22,1,"","","","","","","","","","","","","","","","","","","","","","","","","","","","","",""
"61328002","LE PIN-AU-HARAS -INRAE",48.735833,0.128167,176,2002101611,0.5,1,"","","","","","","","","","","","","","","","","","","","","","","","","","","","","","","","","","",11.4,1,"","","","","","","","","","","","","","","","","","","","","","","","","","","","",99,1,"","","","","","","","","","","","","","","","","","","","","","","","","","","","","","","","","","","","","","","","","","","","","","","","","","","","","","","","","","","","","","","","","","","","","","","","","","","","","","","","","","","","","","","","","","","","","","","","","","",72,1,"","","","","","","","","","","","","","","","","","","","","","","","","","","","","",""
"61328002","LE PIN-AU-HARAS -INRAE",48.735833,0.128167,176,2002101612,0.,1,"","","","","","","","","","","","","","","","","","","","","","","","","","","","","","","","","","",11.5,1,"","","","","","","","","","","","","","","","","","","","","","","","","","","","",92,1,"","","","","","","","","","","","","","","","","","","","","","","","","","","","","","","","","","","","","","","","","","","","","","","","","","","","","","","","","","","","","","","","","","","","","","","","","","","","","","","","","","","","","","","","","","","","","","","","","","",80,1,"","","","","","","","","","","","","","","","","","","","","","","","","","","","","",""
"61328002","LE PIN-AU-HARAS -INRAE",48.735833,0.128167,176,2002101613,0.,1,"","","","","","","","","","","","","","","","","","","","","","","","","","","","","","","","","","",13.1,1,"","","","","","","","","","","","","","","","","","","","","","","","","","","","",85,1,"","","","","","","","","","","","","","","","","","","","","","","","","","","","","","","","","","","","","","","","","","","","","","","","","","","","","","","","","","","","","","","","","","","","","","","","","","","","","","","","","","","","","","","","","","","","","","","","","","",90,1,"","","","","","","","","","","","","","","","","","","","","","","","","","","","","",""
"61328002","LE PIN-AU-HARAS -INRAE",48.735833,0.128167,176,2002101614,0.,1,"","","","","","","","","","","","","","","","","","","","","","","","","","","","","","","","","","",14.2,1,"","","","","","","","","","","","","","","","","","","","","","","","","","","","",84,1,"","","","","","","","","","","","","","","","","","","","","","","","","","","","","","","","","","","","","","","","","","","","","","","","","","","","","","","","","","","","","","","","","","","","","","","","","","","","","","","","","","","","","","","","","","","","","","","","","","",90,1,"","","","","","","","","","","","","","","","","","","","","","","","","","","","","",""
"61328002","LE PIN-AU-HARAS -INRAE",48.735833,0.128167,176,2002101615,0.,1,"","","","","","","","","","","","","","","","","","","","","","","","","","","","","","","","","","",14.1,1,"","","","","","","","","","","","","","","","","","","","","","","","","","","","",79,1,"","","","","","","","","","","","","","","","","","","","","","","","","","","","","","","","","","","","","","","","","","","","","","","","","","","","","","","","","","","","","","","","","","","","","","","","","","","","","","","","","","","","","","","","","","","","","","","","","","",60,1,"","","","","","","","","","","","","","","","","","","","","","","","","","","","","",""
"61328002","LE PIN-AU-HARAS -INRAE",48.735833,0.128167,176,2002101616,0.,1,"","","","","","","","","","","","","","","","","","","","","","","","","","","","","","","","","","",13.6,1,"","","","","","","","","","","","","","","","","","","","","","","","","","","","",81,1,"","","","","","","","","","","","","","","","","","","","","","","","","","","","","","","","","","","","","","","","","","","","","","","","","","","","","","","","","","","","","","","","","","","","","","","","","","","","","","","","","","","","","","","","","","","","","","","","","","",16,1,"","","","","","","","","","","","","","","","","","","","","","","","","","","","","",""
"61328002","LE PIN-AU-HARAS -INRAE",48.735833,0.128167,176,2002101617,1.5,1,"","","","","","","","","","","","","","","","","","","","","","","","","","","","","","","","","","",11.9,1,"","","","","","","","","","","","","","","","","","","","","","","","","","","","",90,1,"","","","","","","","","","","","","","","","","","","","","","","","","","","","","","","","","","","","","","","","","","","","","","","","","","","","","","","","","","","","","","","","","","","","","","","","","","","","","","","","","","","","","","","","","","","","","","","","","","",4,1,"","","","","","","","","","","","","","","","","","","","","","","","","","","","","",""
"61328002","LE PIN-AU-HARAS -INRAE",48.735833,0.128167,176,2002101618,1.5,1,"","","","","","","","","","","","","","","","","","","","","","","","","","","","","","","","","","",11.5,1,"","","","","","","","","","","","","","","","","","","","","","","","","","","","",95,1,"","","","","","","","","","","","","","","","","","","","","","","","","","","","","","","","","","","","","","","","","","","","","","","","","","","","","","","","","","","","","","","","","","","","","","","","","","","","","","","","","","","","","","","","","","","","","","","","","","",0,1,"","","","","","","","","","","","","","","","","","","","","","","","","","","","","",""
"61328002","LE PIN-AU-HARAS -INRAE",48.735833,0.128167,176,2002101619,4.,1,"","","","","","","","","","","","","","","","","","","","","","","","","","","","","","","","","","",10.6,1,"","","","","","","","","","","","","","","","","","","","","","","","","","","","",93,1,"","","","","","","","","","","","","","","","","","","","","","","","","","","","","","","","","","","","","","","","","","","","","","","","","","","","","","","","","","","","","","","","","","","","","","","","","","","","","","","","","","","","","","","","","","","","","","","","","","",0,1,"","","","","","","","","","","","","","","","","","","","","","","","","","","","","",""
"61328002","LE PIN-AU-HARAS -INRAE",48.735833,0.128167,176,2002101620,6.5,1,"","","","","","","","","","","","","","","","","","","","","","","","","","","","","","","","","","",9.8,1,"","","","","","","","","","","","","","","","","","","","","","","","","","","","",97,1,"","","","","","","","","","","","","","","","","","","","","","","","","","","","","","","","","","","","","","","","","","","","","","","","","","","","","","","","","","","","","","","","","","","","","","","","","","","","","","","","","","","","","","","","","","","","","","","","","","",0,1,"","","","","","","","","","","","","","","","","","","","","","","","","","","","","",""
"61328002","LE PIN-AU-HARAS -INRAE",48.735833,0.128167,176,2002101621,3.,1,"","","","","","","","","","","","","","","","","","","","","","","","","","","","","","","","","","",9.5,1,"","","","","","","","","","","","","","","","","","","","","","","","","","","","",99,1,"","","","","","","","","","","","","","","","","","","","","","","","","","","","","","","","","","","","","","","","","","","","","","","","","","","","","","","","","","","","","","","","","","","","","","","","","","","","","","","","","","","","","","","","","","","","","","","","","","",0,1,"","","","","","","","","","","","","","","","","","","","","","","","","","","","","",""
"61328002","LE PIN-AU-HARAS -INRAE",48.735833,0.128167,176,2002101622,0.5,1,"","","","","","","","","","","","","","","","","","","","","","","","","","","","","","","","","","",9.2,1,"","","","","","","","","","","","","","","","","","","","","","","","","","","","",100,1,"","","","","","","","","","","","","","","","","","","","","","","","","","","","","","","","","","","","","","","","","","","","","","","","","","","","","","","","","","","","","","","","","","","","","","","","","","","","","","","","","","","","","","","","","","","","","","","","","","",0,1,"","","","","","","","","","","","","","","","","","","","","","","","","","","","","",""
"61328002","LE PIN-AU-HARAS -INRAE",48.735833,0.128167,176,2002101623,0.,1,"","","","","","","","","","","","","","","","","","","","","","","","","","","","","","","","","","",8.9,1,"","","","","","","","","","","","","","","","","","","","","","","","","","","","",100,1,"","","","","","","","","","","","","","","","","","","","","","","","","","","","","","","","","","","","","","","","","","","","","","","","","","","","","","","","","","","","","","","","","","","","","","","","","","","","","","","","","","","","","","","","","","","","","","","","","","",0,1,"","","","","","","","","","","","","","","","","","","","","","","","","","","","","",""
"61328002","LE PIN-AU-HARAS -INRAE",48.735833,0.128167,176,2002101700,0.,1,"","","","","","","","","","","","","","","","","","","","","","","","","","","","","","","","","","",9.7,1,"","","","","","","","","","","","","","","","","","","","","","","","","","","","",100,1,"","","","","","","","","","","","","","","","","","","","","","","","","","","","","","","","","","","","","","","","","","","","","","","","","","","","","","","","","","","","","","","","","","","","","","","","","","","","","","","","","","","","","","","","","","","","","","","","","","",0,1,"","","","","","","","","","","","","","","","","","","","","","","","","","","","","",""
"61328002","LE PIN-AU-HARAS -INRAE",48.735833,0.128167,176,2002101701,0.,1,"","","","","","","","","","","","","","","","","","","","","","","","","","","","","","","","","","",9.5,1,"","","","","","","","","","","","","","","","","","","","","","","","","","","","",100,1,"","","","","","","","","","","","","","","","","","","","","","","","","","","","","","","","","","","","","","","","","","","","","","","","","","","","","","","","","","","","","","","","","","","","","","","","","","","","","","","","","","","","","","","","","","","","","","","","","","",0,1,"","","","","","","","","","","","","","","","","","","","","","","","","","","","","",""
"61328002","LE PIN-AU-HARAS -INRAE",48.735833,0.128167,176,2002101702,0.,1,"","","","","","","","","","","","","","","","","","","","","","","","","","","","","","","","","","",9.3,1,"","","","","","","","","","","","","","","","","","","","","","","","","","","","",100,1,"","","","","","","","","","","","","","","","","","","","","","","","","","","","","","","","","","","","","","","","","","","","","","","","","","","","","","","","","","","","","","","","","","","","","","","","","","","","","","","","","","","","","","","","","","","","","","","","","","",0,1,"","","","","","","","","","","","","","","","","","","","","","","","","","","","","",""
"61328002","LE PIN-AU-HARAS -INRAE",48.735833,0.128167,176,2002101703,0.,1,"","","","","","","","","","","","","","","","","","","","","","","","","","","","","","","","","","",9.4,1,"","","","","","","","","","","","","","","","","","","","","","","","","","","","",100,1,"","","","","","","","","","","","","","","","","","","","","","","","","","","","","","","","","","","","","","","","","","","","","","","","","","","","","","","","","","","","","","","","","","","","","","","","","","","","","","","","","","","","","","","","","","","","","","","","","","",0,1,"","","","","","","","","","","","","","","","","","","","","","","","","","","","","",""
"61328002","LE PIN-AU-HARAS -INRAE",48.735833,0.128167,176,2002101704,0.5,1,"","","","","","","","","","","","","","","","","","","","","","","","","","","","","","","","","","",9.2,1,"","","","","","","","","","","","","","","","","","","","","","","","","","","","",100,1,"","","","","","","","","","","","","","","","","","","","","","","","","","","","","","","","","","","","","","","","","","","","","","","","","","","","","","","","","","","","","","","","","","","","","","","","","","","","","","","","","","","","","","","","","","","","","","","","","","",0,1,"","","","","","","","","","","","","","","","","","","","","","","","","","","","","",""
"61328002","LE PIN-AU-HARAS -INRAE",48.735833,0.128167,176,2002101705,0.,1,"","","","","","","","","","","","","","","","","","","","","","","","","","","","","","","","","","",9.2,1,"","","","","","","","","","","","","","","","","","","","","","","","","","","","",100,1,"","","","","","","","","","","","","","","","","","","","","","","","","","","","","","","","","","","","","","","","","","","","","","","","","","","","","","","","","","","","","","","","","","","","","","","","","","","","","","","","","","","","","","","","","","","","","","","","","","",0,1,"","","","","","","","","","","","","","","","","","","","","","","","","","","","","",""
"61328002","LE PIN-AU-HARAS -INRAE",48.735833,0.128167,176,2002101706,0.,1,"","","","","","","","","","","","","","","","","","","","","","","","","","","","","","","","","","",9.2,1,"","","","","","","","","","","","","","","","","","","","","","","","","","","","",100,1,"","","","","","","","","","","","","","","","","","","","","","","","","","","","","","","","","","","","","","","","","","","","","","","","","","","","","","","","","","","","","","","","","","","","","","","","","","","","","","","","","","","","","","","","","","","","","","","","","","",0,1,"","","","","","","","","","","","","","","","","","","","","","","","","","","","","",""
"61328002","LE PIN-AU-HARAS -INRAE",48.735833,0.128167,176,2002101707,3.5,1,"","","","","","","","","","","","","","","","","","","","","","","","","","","","","","","","","","",9.2,1,"","","","","","","","","","","","","","","","","","","","","","","","","","","","",100,1,"","","","","","","","","","","","","","","","","","","","","","","","","","","","","","","","","","","","","","","","","","","","","","","","","","","","","","","","","","","","","","","","","","","","","","","","","","","","","","","","","","","","","","","","","","","","","","","","","","",0,1,"","","","","","","","","","","","","","","","","","","","","","","","","","","","","",""
"61328002","LE PIN-AU-HARAS -INRAE",48.735833,0.128167,176,2002101708,1.,1,"","","","","","","","","","","","","","","","","","","","","","","","","","","","","","","","","","",9.2,1,"","","","","","","","","","","","","","","","","","","","","","","","","","","","",100,1,"","","","","","","","","","","","","","","","","","","","","","","","","","","","","","","","","","","","","","","","","","","","","","","","","","","","","","","","","","","","","","","","","","","","","","","","","","","","","","","","","","","","","","","","","","","","","","","","","","",6,1,"","","","","","","","","","","","","","","","","","","","","","","","","","","","","",""
"61328002","LE PIN-AU-HARAS -INRAE",48.735833,0.128167,176,2002101709,1.5,1,"","","","","","","","","","","","","","","","","","","","","","","","","","","","","","","","","","",9.,1,"","","","","","","","","","","","","","","","","","","","","","","","","","","","",100,1,"","","","","","","","","","","","","","","","","","","","","","","","","","","","","","","","","","","","","","","","","","","","","","","","","","","","","","","","","","","","","","","","","","","","","","","","","","","","","","","","","","","","","","","","","","","","","","","","","","",22,1,"","","","","","","","","","","","","","","","","","","","","","","","","","","","","",""
"61328002","LE PIN-AU-HARAS -INRAE",48.735833,0.128167,176,2002101710,1.,1,"","","","","","","","","","","","","","","","","","","","","","","","","","","","","","","","","","",9.4,1,"","","","","","","","","","","","","","","","","","","","","","","","","","","","",100,1,"","","","","","","","","","","","","","","","","","","","","","","","","","","","","","","","","","","","","","","","","","","","","","","","","","","","","","","","","","","","","","","","","","","","","","","","","","","","","","","","","","","","","","","","","","","","","","","","","","",38,1,"","","","","","","","","","","","","","","","","","","","","","","","","","","","","",""
"61328002","LE PIN-AU-HARAS -INRAE",48.735833,0.128167,176,2002101711,0.5,1,"","","","","","","","","","","","","","","","","","","","","","","","","","","","","","","","","","",9.1,1,"","","","","","","","","","","","","","","","","","","","","","","","","","","","",98,1,"","","","","","","","","","","","","","","","","","","","","","","","","","","","","","","","","","","","","","","","","","","","","","","","","","","","","","","","","","","","","","","","","","","","","","","","","","","","","","","","","","","","","","","","","","","","","","","","","","",30,1,"","","","","","","","","","","","","","","","","","","","","","","","","","","","","",""
"61328002","LE PIN-AU-HARAS -INRAE",48.735833,0.128167,176,2002101712,0.5,1,"","","","","","","","","","","","","","","","","","","","","","","","","","","","","","","","","","",9.,1,"","","","","","","","","","","","","","","","","","","","","","","","","","","","",96,1,"","","","","","","","","","","","","","","","","","","","","","","","","","","","","","","","","","","","","","","","","","","","","","","","","","","","","","","","","","","","","","","","","","","","","","","","","","","","","","","","","","","","","","","","","","","","","","","","","","",38,1,"","","","","","","","","","","","","","","","","","","","","","","","","","","","","",""
"61328002","LE PIN-AU-HARAS -INRAE",48.735833,0.128167,176,2002101713,3.,1,"","","","","","","","","","","","","","","","","","","","","","","","","","","","","","","","","","",8.7,1,"","","","","","","","","","","","","","","","","","","","","","","","","","","","",97,1,"","","","","","","","","","","","","","","","","","","","","","","","","","","","","","","","","","","","","","","","","","","","","","","","","","","","","","","","","","","","","","","","","","","","","","","","","","","","","","","","","","","","","","","","","","","","","","","","","","",26,1,"","","","","","","","","","","","","","","","","","","","","","","","","","","","","",""
"61328002","LE PIN-AU-HARAS -INRAE",48.735833,0.128167,176,2002101714,1.5,1,"","","","","","","","","","","","","","","","","","","","","","","","","","","","","","","","","","",8.4,1,"","","","","","","","","","","","","","","","","","","","","","","","","","","","",96,1,"","","","","","","","","","","","","","","","","","","","","","","","","","","","","","","","","","","","","","","","","","","","","","","","","","","","","","","","","","","","","","","","","","","","","","","","","","","","","","","","","","","","","","","","","","","","","","","","","","",22,1,"","","","","","","","","","","","","","","","","","","","","","","","","","","","","",""
"61328002","LE PIN-AU-HARAS -INRAE",48.735833,0.128167,176,2002101715,1.,1,"","","","","","","","","","","","","","","","","","","","","","","","","","","","","","","","","","",7.8,1,"","","","","","","","","","","","","","","","","","","","","","","","","","","","",94,1,"","","","","","","","","","","","","","","","","","","","","","","","","","","","","","","","","","","","","","","","","","","","","","","","","","","","","","","","","","","","","","","","","","","","","","","","","","","","","","","","","","","","","","","","","","","","","","","","","","",40,1,"","","","","","","","","","","","","","","","","","","","","","","","","","","","","",""
"61328002","LE PIN-AU-HARAS -INRAE",48.735833,0.128167,176,2002101716,0.5,1,"","","","","","","","","","","","","","","","","","","","","","","","","","","","","","","","","","",8.,1,"","","","","","","","","","","","","","","","","","","","","","","","","","","","",95,1,"","","","","","","","","","","","","","","","","","","","","","","","","","","","","","","","","","","","","","","","","","","","","","","","","","","","","","","","","","","","","","","","","","","","","","","","","","","","","","","","","","","","","","","","","","","","","","","","","","",22,1,"","","","","","","","","","","","","","","","","","","","","","","","","","","","","",""
"61328002","LE PIN-AU-HARAS -INRAE",48.735833,0.128167,176,2002101717,0.,1,"","","","","","","","","","","","","","","","","","","","","","","","","","","","","","","","","","",7.4,1,"","","","","","","","","","","","","","","","","","","","","","","","","","","","",95,1,"","","","","","","","","","","","","","","","","","","","","","","","","","","","","","","","","","","","","","","","","","","","","","","","","","","","","","","","","","","","","","","","","","","","","","","","","","","","","","","","","","","","","","","","","","","","","","","","","","",6,1,"","","","","","","","","","","","","","","","","","","","","","","","","","","","","",""
"61328002","LE PIN-AU-HARAS -INRAE",48.735833,0.128167,176,2002101718,0.,1,"","","","","","","","","","","","","","","","","","","","","","","","","","","","","","","","","","",7.,1,"","","","","","","","","","","","","","","","","","","","","","","","","","","","",97,1,"","","","","","","","","","","","","","","","","","","","","","","","","","","","","","","","","","","","","","","","","","","","","","","","","","","","","","","","","","","","","","","","","","","","","","","","","","","","","","","","","","","","","","","","","","","","","","","","","","",0,1,"","","","","","","","","","","","","","","","","","","","","","","","","","","","","",""
"61328002","LE PIN-AU-HARAS -INRAE",48.735833,0.128167,176,2002101719,0.,1,"","","","","","","","","","","","","","","","","","","","","","","","","","","","","","","","","","",5.7,1,"","","","","","","","","","","","","","","","","","","","","","","","","","","","",97,1,"","","","","","","","","","","","","","","","","","","","","","","","","","","","","","","","","","","","","","","","","","","","","","","","","","","","","","","","","","","","","","","","","","","","","","","","","","","","","","","","","","","","","","","","","","","","","","","","","","",0,1,"","","","","","","","","","","","","","","","","","","","","","","","","","","","","",""
"61328002","LE PIN-AU-HARAS -INRAE",48.735833,0.128167,176,2002101720,0.,1,"","","","","","","","","","","","","","","","","","","","","","","","","","","","","","","","","","",6.5,1,"","","","","","","","","","","","","","","","","","","","","","","","","","","","",99,1,"","","","","","","","","","","","","","","","","","","","","","","","","","","","","","","","","","","","","","","","","","","","","","","","","","","","","","","","","","","","","","","","","","","","","","","","","","","","","","","","","","","","","","","","","","","","","","","","","","",0,1,"","","","","","","","","","","","","","","","","","","","","","","","","","","","","",""
"61328002","LE PIN-AU-HARAS -INRAE",48.735833,0.128167,176,2002101721,0.,1,"","","","","","","","","","","","","","","","","","","","","","","","","","","","","","","","","","",5.9,1,"","","","","","","","","","","","","","","","","","","","","","","","","","","","",99,1,"","","","","","","","","","","","","","","","","","","","","","","","","","","","","","","","","","","","","","","","","","","","","","","","","","","","","","","","","","","","","","","","","","","","","","","","","","","","","","","","","","","","","","","","","","","","","","","","","","",0,1,"","","","","","","","","","","","","","","","","","","","","","","","","","","","","",""
"61328002","LE PIN-AU-HARAS -INRAE",48.735833,0.128167,176,2002101722,0.,1,"","","","","","","","","","","","","","","","","","","","","","","","","","","","","","","","","","",6.1,1,"","","","","","","","","","","","","","","","","","","","","","","","","","","","",96,1,"","","","","","","","","","","","","","","","","","","","","","","","","","","","","","","","","","","","","","","","","","","","","","","","","","","","","","","","","","","","","","","","","","","","","","","","","","","","","","","","","","","","","","","","","","","","","","","","","","",0,1,"","","","","","","","","","","","","","","","","","","","","","","","","","","","","",""
"61328002","LE PIN-AU-HARAS -INRAE",48.735833,0.128167,176,2002101723,0.,1,"","","","","","","","","","","","","","","","","","","","","","","","","","","","","","","","","","",5.3,1,"","","","","","","","","","","","","","","","","","","","","","","","","","","","",96,1,"","","","","","","","","","","","","","","","","","","","","","","","","","","","","","","","","","","","","","","","","","","","","","","","","","","","","","","","","","","","","","","","","","","","","","","","","","","","","","","","","","","","","","","","","","","","","","","","","","",0,1,"","","","","","","","","","","","","","","","","","","","","","","","","","","","","",""
"61328002","LE PIN-AU-HARAS -INRAE",48.735833,0.128167,176,2002101800,0.,1,"","","","","","","","","","","","","","","","","","","","","","","","","","","","","","","","","","",6.2,1,"","","","","","","","","","","","","","","","","","","","","","","","","","","","",98,1,"","","","","","","","","","","","","","","","","","","","","","","","","","","","","","","","","","","","","","","","","","","","","","","","","","","","","","","","","","","","","","","","","","","","","","","","","","","","","","","","","","","","","","","","","","","","","","","","","","",0,1,"","","","","","","","","","","","","","","","","","","","","","","","","","","","","",""
"61328002","LE PIN-AU-HARAS -INRAE",48.735833,0.128167,176,2002101801,0.,1,"","","","","","","","","","","","","","","","","","","","","","","","","","","","","","","","","","",5.9,1,"","","","","","","","","","","","","","","","","","","","","","","","","","","","",95,1,"","","","","","","","","","","","","","","","","","","","","","","","","","","","","","","","","","","","","","","","","","","","","","","","","","","","","","","","","","","","","","","","","","","","","","","","","","","","","","","","","","","","","","","","","","","","","","","","","","",0,1,"","","","","","","","","","","","","","","","","","","","","","","","","","","","","",""
"61328002","LE PIN-AU-HARAS -INRAE",48.735833,0.128167,176,2002101802,0.,1,"","","","","","","","","","","","","","","","","","","","","","","","","","","","","","","","","","",4.8,1,"","","","","","","","","","","","","","","","","","","","","","","","","","","","",96,1,"","","","","","","","","","","","","","","","","","","","","","","","","","","","","","","","","","","","","","","","","","","","","","","","","","","","","","","","","","","","","","","","","","","","","","","","","","","","","","","","","","","","","","","","","","","","","","","","","","",0,1,"","","","","","","","","","","","","","","","","","","","","","","","","","","","","",""
"61328002","LE PIN-AU-HARAS -INRAE",48.735833,0.128167,176,2002101803,0.5,1,"","","","","","","","","","","","","","","","","","","","","","","","","","","","","","","","","","",3.3,1,"","","","","","","","","","","","","","","","","","","","","","","","","","","","",97,1,"","","","","","","","","","","","","","","","","","","","","","","","","","","","","","","","","","","","","","","","","","","","","","","","","","","","","","","","","","","","","","","","","","","","","","","","","","","","","","","","","","","","","","","","","","","","","","","","","","",0,1,"","","","","","","","","","","","","","","","","","","","","","","","","","","","","",""
"61328002","LE PIN-AU-HARAS -INRAE",48.735833,0.128167,176,2002101804,0.,1,"","","","","","","","","","","","","","","","","","","","","","","","","","","","","","","","","","",2.5,1,"","","","","","","","","","","","","","","","","","","","","","","","","","","","",99,1,"","","","","","","","","","","","","","","","","","","","","","","","","","","","","","","","","","","","","","","","","","","","","","","","","","","","","","","","","","","","","","","","","","","","","","","","","","","","","","","","","","","","","","","","","","","","","","","","","","",0,1,"","","","","","","","","","","","","","","","","","","","","","","","","","","","","",""
"61328002","LE PIN-AU-HARAS -INRAE",48.735833,0.128167,176,2002101805,0.,1,"","","","","","","","","","","","","","","","","","","","","","","","","","","","","","","","","","",2.7,1,"","","","","","","","","","","","","","","","","","","","","","","","","","","","",100,1,"","","","","","","","","","","","","","","","","","","","","","","","","","","","","","","","","","","","","","","","","","","","","","","","","","","","","","","","","","","","","","","","","","","","","","","","","","","","","","","","","","","","","","","","","","","","","","","","","","",0,1,"","","","","","","","","","","","","","","","","","","","","","","","","","","","","",""
"61328002","LE PIN-AU-HARAS -INRAE",48.735833,0.128167,176,2002101806,0.,1,"","","","","","","","","","","","","","","","","","","","","","","","","","","","","","","","","","",2.3,1,"","","","","","","","","","","","","","","","","","","","","","","","","","","","",100,1,"","","","","","","","","","","","","","","","","","","","","","","","","","","","","","","","","","","","","","","","","","","","","","","","","","","","","","","","","","","","","","","","","","","","","","","","","","","","","","","","","","","","","","","","","","","","","","","","","","",0,1,"","","","","","","","","","","","","","","","","","","","","","","","","","","","","",""
"61328002","LE PIN-AU-HARAS -INRAE",48.735833,0.128167,176,2002101807,0.,1,"","","","","","","","","","","","","","","","","","","","","","","","","","","","","","","","","","",2.,1,"","","","","","","","","","","","","","","","","","","","","","","","","","","","",100,1,"","","","","","","","","","","","","","","","","","","","","","","","","","","","","","","","","","","","","","","","","","","","","","","","","","","","","","","","","","","","","","","","","","","","","","","","","","","","","","","","","","","","","","","","","","","","","","","","","","",2,1,"","","","","","","","","","","","","","","","","","","","","","","","","","","","","",""
"61328002","LE PIN-AU-HARAS -INRAE",48.735833,0.128167,176,2002101808,0.,1,"","","","","","","","","","","","","","","","","","","","","","","","","","","","","","","","","","",3.6,1,"","","","","","","","","","","","","","","","","","","","","","","","","","","","",100,1,"","","","","","","","","","","","","","","","","","","","","","","","","","","","","","","","","","","","","","","","","","","","","","","","","","","","","","","","","","","","","","","","","","","","","","","","","","","","","","","","","","","","","","","","","","","","","","","","","","",26,1,"","","","","","","","","","","","","","","","","","","","","","","","","","","","","",""
"61328002","LE PIN-AU-HARAS -INRAE",48.735833,0.128167,176,2002101809,0.,1,"","","","","","","","","","","","","","","","","","","","","","","","","","","","","","","","","","",7.8,1,"","","","","","","","","","","","","","","","","","","","","","","","","","","","",100,1,"","","","","","","","","","","","","","","","","","","","","","","","","","","","","","","","","","","","","","","","","","","","","","","","","","","","","","","","","","","","","","","","","","","","","","","","","","","","","","","","","","","","","","","","","","","","","","","","","","",58,1,"","","","","","","","","","","","","","","","","","","","","","","","","","","","","",""
"61328002","LE PIN-AU-HARAS -INRAE",48.735833,0.128167,176,2002101810,0.,1,"","","","","","","","","","","","","","","","","","","","","","","","","","","","","","","","","","",9.6,1,"","","","","","","","","","","","","","","","","","","","","","","","","","","","",96,1,"","","","","","","","","","","","","","","","","","","","","","","","","","","","","","","","","","","","","","","","","","","","","","","","","","","","","","","","","","","","","","","","","","","","","","","","","","","","","","","","","","","","","","","","","","","","","","","","","","",140,1,"","","","","","","","","","","","","","","","","","","","","","","","","","","","","",""
"61328002","LE PIN-AU-HARAS -INRAE",48.735833,0.128167,176,2002101811,0.,1,"","","","","","","","","","","","","","","","","","","","","","","","","","","","","","","","","","",11.3,1,"","","","","","","","","","","","","","","","","","","","","","","","","","","","",81,1,"","","","","","","","","","","","","","","","","","","","","","","","","","","","","","","","","","","","","","","","","","","","","","","","","","","","","","","","","","","","","","","","","","","","","","","","","","","","","","","","","","","","","","","","","","","","","","","","","","",178,1,"","","","","","","","","","","","","","","","","","","","","","","","","","","","","",""
"61328002","LE PIN-AU-HARAS -INRAE",48.735833,0.128167,176,2002101812,0.,1,"","","","","","","","","","","","","","","","","","","","","","","","","","","","","","","","","","",12.8,1,"","","","","","","","","","","","","","","","","","","","","","","","","","","","",75,1,"","","","","","","","","","","","","","","","","","","","","","","","","","","","","","","","","","","","","","","","","","","","","","","","","","","","","","","","","","","","","","","","","","","","","","","","","","","","","","","","","","","","","","","","","","","","","","","","","","",182,1,"","","","","","","","","","","","","","","","","","","","","","","","","","","","","",""
"61328002","LE PIN-AU-HARAS -INRAE",48.735833,0.128167,176,2002101813,0.5,1,"","","","","","","","","","","","","","","","","","","","","","","","","","","","","","","","","","",7.9,1,"","","","","","","","","","","","","","","","","","","","","","","","","","","","",87,1,"","","","","","","","","","","","","","","","","","","","","","","","","","","","","","","","","","","","","","","","","","","","","","","","","","","","","","","","","","","","","","","","","","","","","","","","","","","","","","","","","","","","","","","","","","","","","","","","","","",54,1,"","","","","","","","","","","","","","","","","","","","","","","","","","","","","",""
"61328002","LE PIN-AU-HARAS -INRAE",48.735833,0.128167,176,2002101814,1.5,1,"","","","","","","","","","","","","","","","","","","","","","","","","","","","","","","","","","",9.1,1,"","","","","","","","","","","","","","","","","","","","","","","","","","","","",93,1,"","","","","","","","","","","","","","","","","","","","","","","","","","","","","","","","","","","","","","","","","","","","","","","","","","","","","","","","","","","","","","","","","","","","","","","","","","","","","","","","","","","","","","","","","","","","","","","","","","",46,1,"","","","","","","","","","","","","","","","","","","","","","","","","","","","","",""
"61328002","LE PIN-AU-HARAS -INRAE",48.735833,0.128167,176,2002101815,0.5,1,"","","","","","","","","","","","","","","","","","","","","","","","","","","","","","","","","","",9.3,1,"","","","","","","","","","","","","","","","","","","","","","","","","","","","",87,1,"","","","","","","","","","","","","","","","","","","","","","","","","","","","","","","","","","","","","","","","","","","","","","","","","","","","","","","","","","","","","","","","","","","","","","","","","","","","","","","","","","","","","","","","","","","","","","","","","","",68,1,"","","","","","","","","","","","","","","","","","","","","","","","","","","","","",""
"61328002","LE PIN-AU-HARAS -INRAE",48.735833,0.128167,176,2002101816,1.,1,"","","","","","","","","","","","","","","","","","","","","","","","","","","","","","","","","","",7.9,1,"","","","","","","","","","","","","","","","","","","","","","","","","","","","",88,1,"","","","","","","","","","","","","","","","","","","","","","","","","","","","","","","","","","","","","","","","","","","","","","","","","","","","","","","","","","","","","","","","","","","","","","","","","","","","","","","","","","","","","","","","","","","","","","","","","","",24,1,"","","","","","","","","","","","","","","","","","","","","","","","","","","","","",""
"61328002","LE PIN-AU-HARAS -INRAE",48.735833,0.128167,176,2002101817,0.,1,"","","","","","","","","","","","","","","","","","","","","","","","","","","","","","","","","","",8.,1,"","","","","","","","","","","","","","","","","","","","","","","","","","","","",92,1,"","","","","","","","","","","","","","","","","","","","","","","","","","","","","","","","","","","","","","","","","","","","","","","","","","","","","","","","","","","","","","","","","","","","","","","","","","","","","","","","","","","","","","","","","","","","","","","","","","",10,1,"","","","","","","","","","","","","","","","","","","","","","","","","","","","","",""
"61328002","LE PIN-AU-HARAS -INRAE",48.735833,0.128167,176,2002101818,0.5,1,"","","","","","","","","","","","","","","","","","","","","","","","","","","","","","","","","","",6.7,1,"","","","","","","","","","","","","","","","","","","","","","","","","","","","",94,1,"","","","","","","","","","","","","","","","","","","","","","","","","","","","","","","","","","","","","","","","","","","","","","","","","","","","","","","","","","","","","","","","","","","","","","","","","","","","","","","","","","","","","","","","","","","","","","","","","","",0,1,"","","","","","","","","","","","","","","","","","","","","","","","","","","","","",""
"61328002","LE PIN-AU-HARAS -INRAE",48.735833,0.128167,176,2002101819,0.,1,"","","","","","","","","","","","","","","","","","","","","","","","","","","","","","","","","","",5.2,1,"","","","","","","","","","","","","","","","","","","","","","","","","","","","",95,1,"","","","","","","","","","","","","","","","","","","","","","","","","","","","","","","","","","","","","","","","","","","","","","","","","","","","","","","","","","","","","","","","","","","","","","","","","","","","","","","","","","","","","","","","","","","","","","","","","","",0,1,"","","","","","","","","","","","","","","","","","","","","","","","","","","","","",""
"61328002","LE PIN-AU-HARAS -INRAE",48.735833,0.128167,176,2002101820,0.,1,"","","","","","","","","","","","","","","","","","","","","","","","","","","","","","","","","","",7.3,1,"","","","","","","","","","","","","","","","","","","","","","","","","","","","",97,1,"","","","","","","","","","","","","","","","","","","","","","","","","","","","","","","","","","","","","","","","","","","","","","","","","","","","","","","","","","","","","","","","","","","","","","","","","","","","","","","","","","","","","","","","","","","","","","","","","","",0,1,"","","","","","","","","","","","","","","","","","","","","","","","","","","","","",""
"61328002","LE PIN-AU-HARAS -INRAE",48.735833,0.128167,176,2002101821,0.,1,"","","","","","","","","","","","","","","","","","","","","","","","","","","","","","","","","","",5.9,1,"","","","","","","","","","","","","","","","","","","","","","","","","","","","",96,1,"","","","","","","","","","","","","","","","","","","","","","","","","","","","","","","","","","","","","","","","","","","","","","","","","","","","","","","","","","","","","","","","","","","","","","","","","","","","","","","","","","","","","","","","","","","","","","","","","","",0,1,"","","","","","","","","","","","","","","","","","","","","","","","","","","","","",""
"61328002","LE PIN-AU-HARAS -INRAE",48.735833,0.128167,176,2002101822,0.,1,"","","","","","","","","","","","","","","","","","","","","","","","","","","","","","","","","","",5.8,1,"","","","","","","","","","","","","","","","","","","","","","","","","","","","",97,1,"","","","","","","","","","","","","","","","","","","","","","","","","","","","","","","","","","","","","","","","","","","","","","","","","","","","","","","","","","","","","","","","","","","","","","","","","","","","","","","","","","","","","","","","","","","","","","","","","","",0,1,"","","","","","","","","","","","","","","","","","","","","","","","","","","","","",""
"61328002","LE PIN-AU-HARAS -INRAE",48.735833,0.128167,176,2002101823,0.,1,"","","","","","","","","","","","","","","","","","","","","","","","","","","","","","","","","","",4.8,1,"","","","","","","","","","","","","","","","","","","","","","","","","","","","",97,1,"","","","","","","","","","","","","","","","","","","","","","","","","","","","","","","","","","","","","","","","","","","","","","","","","","","","","","","","","","","","","","","","","","","","","","","","","","","","","","","","","","","","","","","","","","","","","","","","","","",0,1,"","","","","","","","","","","","","","","","","","","","","","","","","","","","","",""
"61328002","LE PIN-AU-HARAS -INRAE",48.735833,0.128167,176,2002101900,0.,1,"","","","","","","","","","","","","","","","","","","","","","","","","","","","","","","","","","",5.4,1,"","","","","","","","","","","","","","","","","","","","","","","","","","","","",99,1,"","","","","","","","","","","","","","","","","","","","","","","","","","","","","","","","","","","","","","","","","","","","","","","","","","","","","","","","","","","","","","","","","","","","","","","","","","","","","","","","","","","","","","","","","","","","","","","","","","",0,1,"","","","","","","","","","","","","","","","","","","","","","","","","","","","","",""
"61328002","LE PIN-AU-HARAS -INRAE",48.735833,0.128167,176,2002101901,0.,1,"","","","","","","","","","","","","","","","","","","","","","","","","","","","","","","","","","",4.3,1,"","","","","","","","","","","","","","","","","","","","","","","","","","","","",99,1,"","","","","","","","","","","","","","","","","","","","","","","","","","","","","","","","","","","","","","","","","","","","","","","","","","","","","","","","","","","","","","","","","","","","","","","","","","","","","","","","","","","","","","","","","","","","","","","","","","",0,1,"","","","","","","","","","","","","","","","","","","","","","","","","","","","","",""
"61328002","LE PIN-AU-HARAS -INRAE",48.735833,0.128167,176,2002101902,0.,1,"","","","","","","","","","","","","","","","","","","","","","","","","","","","","","","","","","",2.2,1,"","","","","","","","","","","","","","","","","","","","","","","","","","","","",98,1,"","","","","","","","","","","","","","","","","","","","","","","","","","","","","","","","","","","","","","","","","","","","","","","","","","","","","","","","","","","","","","","","","","","","","","","","","","","","","","","","","","","","","","","","","","","","","","","","","","",0,1,"","","","","","","","","","","","","","","","","","","","","","","","","","","","","",""
"61328002","LE PIN-AU-HARAS -INRAE",48.735833,0.128167,176,2002101903,0.,1,"","","","","","","","","","","","","","","","","","","","","","","","","","","","","","","","","","",0.7,1,"","","","","","","","","","","","","","","","","","","","","","","","","","","","",99,1,"","","","","","","","","","","","","","","","","","","","","","","","","","","","","","","","","","","","","","","","","","","","","","","","","","","","","","","","","","","","","","","","","","","","","","","","","","","","","","","","","","","","","","","","","","","","","","","","","","",0,1,"","","","","","","","","","","","","","","","","","","","","","","","","","","","","",""
"61328002","LE PIN-AU-HARAS -INRAE",48.735833,0.128167,176,2002101904,0.,1,"","","","","","","","","","","","","","","","","","","","","","","","","","","","","","","","","","",0.5,1,"","","","","","","","","","","","","","","","","","","","","","","","","","","","",99,1,"","","","","","","","","","","","","","","","","","","","","","","","","","","","","","","","","","","","","","","","","","","","","","","","","","","","","","","","","","","","","","","","","","","","","","","","","","","","","","","","","","","","","","","","","","","","","","","","","","",0,1,"","","","","","","","","","","","","","","","","","","","","","","","","","","","","",""
"61328002","LE PIN-AU-HARAS -INRAE",48.735833,0.128167,176,2002101905,0.,1,"","","","","","","","","","","","","","","","","","","","","","","","","","","","","","","","","","",-0.1,1,"","","","","","","","","","","","","","","","","","","","","","","","","","","","",100,1,"","","","","","","","","","","","","","","","","","","","","","","","","","","","","","","","","","","","","","","","","","","","","","","","","","","","","","","","","","","","","","","","","","","","","","","","","","","","","","","","","","","","","","","","","","","","","","","","","","",0,1,"","","","","","","","","","","","","","","","","","","","","","","","","","","","","",""
"61328002","LE PIN-AU-HARAS -INRAE",48.735833,0.128167,176,2002101906,0.,1,"","","","","","","","","","","","","","","","","","","","","","","","","","","","","","","","","","",-0.6,1,"","","","","","","","","","","","","","","","","","","","","","","","","","","","",100,1,"","","","","","","","","","","","","","","","","","","","","","","","","","","","","","","","","","","","","","","","","","","","","","","","","","","","","","","","","","","","","","","","","","","","","","","","","","","","","","","","","","","","","","","","","","","","","","","","","","",0,1,"","","","","","","","","","","","","","","","","","","","","","","","","","","","","",""
"61328002","LE PIN-AU-HARAS -INRAE",48.735833,0.128167,176,2002101907,0.,1,"","","","","","","","","","","","","","","","","","","","","","","","","","","","","","","","","","",-0.6,1,"","","","","","","","","","","","","","","","","","","","","","","","","","","","",100,1,"","","","","","","","","","","","","","","","","","","","","","","","","","","","","","","","","","","","","","","","","","","","","","","","","","","","","","","","","","","","","","","","","","","","","","","","","","","","","","","","","","","","","","","","","","","","","","","","","","",4,1,"","","","","","","","","","","","","","","","","","","","","","","","","","","","","",""
"61328002","LE PIN-AU-HARAS -INRAE",48.735833,0.128167,176,2002101908,0.,1,"","","","","","","","","","","","","","","","","","","","","","","","","","","","","","","","","","",1.2,1,"","","","","","","","","","","","","","","","","","","","","","","","","","","","",100,1,"","","","","","","","","","","","","","","","","","","","","","","","","","","","","","","","","","","","","","","","","","","","","","","","","","","","","","","","","","","","","","","","","","","","","","","","","","","","","","","","","","","","","","","","","","","","","","","","","","",26,1,"","","","","","","","","","","","","","","","","","","","","","","","","","","","","",""
"61328002","LE PIN-AU-HARAS -INRAE",48.735833,0.128167,176,2002101909,0.5,1,"","","","","","","","","","","","","","","","","","","","","","","","","","","","","","","","","","",6.6,1,"","","","","","","","","","","","","","","","","","","","","","","","","","","","",100,1,"","","","","","","","","","","","","","","","","","","","","","","","","","","","","","","","","","","","","","","","","","","","","","","","","","","","","","","","","","","","","","","","","","","","","","","","","","","","","","","","","","","","","","","","","","","","","","","","","","",56,1,"","","","","","","","","","","","","","","","","","","","","","","","","","","","","",""
"61328002","LE PIN-AU-HARAS -INRAE",48.735833,0.128167,176,2002101910,0.,1,"","","","","","","","","","","","","","","","","","","","","","","","","","","","","","","","","","",10.7,1,"","","","","","","","","","","","","","","","","","","","","","","","","","","","",100,1,"","","","","","","","","","","","","","","","","","","","","","","","","","","","","","","","","","","","","","","","","","","","","","","","","","","","","","","","","","","","","","","","","","","","","","","","","","","","","","","","","","","","","","","","","","","","","","","","","","",130,1,"","","","","","","","","","","","","","","","","","","","","","","","","","","","","",""
"61328002","LE PIN-AU-HARAS -INRAE",48.735833,0.128167,176,2002101911,0.,1,"","","","","","","","","","","","","","","","","","","","","","","","","","","","","","","","","","",11.3,1,"","","","","","","","","","","","","","","","","","","","","","","","","","","","",56,1,"","","","","","","","","","","","","","","","","","","","","","","","","","","","","","","","","","","","","","","","","","","","","","","","","","","","","","","","","","","","","","","","","","","","","","","","","","","","","","","","","","","","","","","","","","","","","","","","","","",174,1,"","","","","","","","","","","","","","","","","","","","","","","","","","","","","",""
"61328002","LE PIN-AU-HARAS -INRAE",48.735833,0.128167,176,2002101912,0.,1,"","","","","","","","","","","","","","","","","","","","","","","","","","","","","","","","","","",11.7,1,"","","","","","","","","","","","","","","","","","","","","","","","","","","","",44,1,"","","","","","","","","","","","","","","","","","","","","","","","","","","","","","","","","","","","","","","","","","","","","","","","","","","","","","","","","","","","","","","","","","","","","","","","","","","","","","","","","","","","","","","","","","","","","","","","","","",164,1,"","","","","","","","","","","","","","","","","","","","","","","","","","","","","",""
"61328002","LE PIN-AU-HARAS -INRAE",48.735833,0.128167,176,2002101913,0.,1,"","","","","","","","","","","","","","","","","","","","","","","","","","","","","","","","","","",11.7,1,"","","","","","","","","","","","","","","","","","","","","","","","","","","","",52,1,"","","","","","","","","","","","","","","","","","","","","","","","","","","","","","","","","","","","","","","","","","","","","","","","","","","","","","","","","","","","","","","","","","","","","","","","","","","","","","","","","","","","","","","","","","","","","","","","","","",166,1,"","","","","","","","","","","","","","","","","","","","","","","","","","","","","",""
"61328002","LE PIN-AU-HARAS -INRAE",48.735833,0.128167,176,2002101914,0.,1,"","","","","","","","","","","","","","","","","","","","","","","","","","","","","","","","","","",11.2,1,"","","","","","","","","","","","","","","","","","","","","","","","","","","","",52,1,"","","","","","","","","","","","","","","","","","","","","","","","","","","","","","","","","","","","","","","","","","","","","","","","","","","","","","","","","","","","","","","","","","","","","","","","","","","","","","","","","","","","","","","","","","","","","","","","","","",118,1,"","","","","","","","","","","","","","","","","","","","","","","","","","","","","",""
"61328002","LE PIN-AU-HARAS -INRAE",48.735833,0.128167,176,2002101915,0.,1,"","","","","","","","","","","","","","","","","","","","","","","","","","","","","","","","","","",11.2,1,"","","","","","","","","","","","","","","","","","","","","","","","","","","","",56,1,"","","","","","","","","","","","","","","","","","","","","","","","","","","","","","","","","","","","","","","","","","","","","","","","","","","","","","","","","","","","","","","","","","","","","","","","","","","","","","","","","","","","","","","","","","","","","","","","","","",82,1,"","","","","","","","","","","","","","","","","","","","","","","","","","","","","",""
"61328002","LE PIN-AU-HARAS -INRAE",48.735833,0.128167,176,2002101916,0.,1,"","","","","","","","","","","","","","","","","","","","","","","","","","","","","","","","","","",10.5,1,"","","","","","","","","","","","","","","","","","","","","","","","","","","","",60,1,"","","","","","","","","","","","","","","","","","","","","","","","","","","","","","","","","","","","","","","","","","","","","","","","","","","","","","","","","","","","","","","","","","","","","","","","","","","","","","","","","","","","","","","","","","","","","","","","","","",44,1,"","","","","","","","","","","","","","","","","","","","","","","","","","","","","",""
"61328002","LE PIN-AU-HARAS -INRAE",48.735833,0.128167,176,2002101917,0.,1,"","","","","","","","","","","","","","","","","","","","","","","","","","","","","","","","","","",6.1,1,"","","","","","","","","","","","","","","","","","","","","","","","","","","","",88,1,"","","","","","","","","","","","","","","","","","","","","","","","","","","","","","","","","","","","","","","","","","","","","","","","","","","","","","","","","","","","","","","","","","","","","","","","","","","","","","","","","","","","","","","","","","","","","","","","","","",10,1,"","","","","","","","","","","","","","","","","","","","","","","","","","","","","",""
"61328002","LE PIN-AU-HARAS -INRAE",48.735833,0.128167,176,2002101918,0.,1,"","","","","","","","","","","","","","","","","","","","","","","","","","","","","","","","","","",4.4,1,"","","","","","","","","","","","","","","","","","","","","","","","","","","","",93,1,"","","","","","","","","","","","","","","","","","","","","","","","","","","","","","","","","","","","","","","","","","","","","","","","","","","","","","","","","","","","","","","","","","","","","","","","","","","","","","","","","","","","","","","","","","","","","","","","","","",0,1,"","","","","","","","","","","","","","","","","","","","","","","","","","","","","",""
"61328002","LE PIN-AU-HARAS -INRAE",48.735833,0.128167,176,2002101919,0.,1,"","","","","","","","","","","","","","","","","","","","","","","","","","","","","","","","","","",3.2,1,"","","","","","","","","","","","","","","","","","","","","","","","","","","","",95,1,"","","","","","","","","","","","","","","","","","","","","","","","","","","","","","","","","","","","","","","","","","","","","","","","","","","","","","","","","","","","","","","","","","","","","","","","","","","","","","","","","","","","","","","","","","","","","","","","","","",0,1,"","","","","","","","","","","","","","","","","","","","","","","","","","","","","",""
"61328002","LE PIN-AU-HARAS -INRAE",48.735833,0.128167,176,2002101920,0.,1,"","","","","","","","","","","","","","","","","","","","","","","","","","","","","","","","","","",4.2,1,"","","","","","","","","","","","","","","","","","","","","","","","","","","","",98,1,"","","","","","","","","","","","","","","","","","","","","","","","","","","","","","","","","","","","","","","","","","","","","","","","","","","","","","","","","","","","","","","","","","","","","","","","","","","","","","","","","","","","","","","","","","","","","","","","","","",0,1,"","","","","","","","","","","","","","","","","","","","","","","","","","","","","",""
"61328002","LE PIN-AU-HARAS -INRAE",48.735833,0.128167,176,2002101921,0.,1,"","","","","","","","","","","","","","","","","","","","","","","","","","","","","","","","","","",4.9,1,"","","","","","","","","","","","","","","","","","","","","","","","","","","","",99,1,"","","","","","","","","","","","","","","","","","","","","","","","","","","","","","","","","","","","","","","","","","","","","","","","","","","","","","","","","","","","","","","","","","","","","","","","","","","","","","","","","","","","","","","","","","","","","","","","","","",0,1,"","","","","","","","","","","","","","","","","","","","","","","","","","","","","",""
"61328002","LE PIN-AU-HARAS -INRAE",48.735833,0.128167,176,2002101922,0.,1,"","","","","","","","","","","","","","","","","","","","","","","","","","","","","","","","","","",4.9,1,"","","","","","","","","","","","","","","","","","","","","","","","","","","","",98,1,"","","","","","","","","","","","","","","","","","","","","","","","","","","","","","","","","","","","","","","","","","","","","","","","","","","","","","","","","","","","","","","","","","","","","","","","","","","","","","","","","","","","","","","","","","","","","","","","","","",0,1,"","","","","","","","","","","","","","","","","","","","","","","","","","","","","",""
"61328002","LE PIN-AU-HARAS -INRAE",48.735833,0.128167,176,2002101923,0.,1,"","","","","","","","","","","","","","","","","","","","","","","","","","","","","","","","","","",5.2,1,"","","","","","","","","","","","","","","","","","","","","","","","","","","","",98,1,"","","","","","","","","","","","","","","","","","","","","","","","","","","","","","","","","","","","","","","","","","","","","","","","","","","","","","","","","","","","","","","","","","","","","","","","","","","","","","","","","","","","","","","","","","","","","","","","","","",0,1,"","","","","","","","","","","","","","","","","","","","","","","","","","","","","",""
"61328002","LE PIN-AU-HARAS -INRAE",48.735833,0.128167,176,2002102000,0.,1,"","","","","","","","","","","","","","","","","","","","","","","","","","","","","","","","","","",5.8,1,"","","","","","","","","","","","","","","","","","","","","","","","","","","","",99,1,"","","","","","","","","","","","","","","","","","","","","","","","","","","","","","","","","","","","","","","","","","","","","","","","","","","","","","","","","","","","","","","","","","","","","","","","","","","","","","","","","","","","","","","","","","","","","","","","","","",0,1,"","","","","","","","","","","","","","","","","","","","","","","","","","","","","",""
"61328002","LE PIN-AU-HARAS -INRAE",48.735833,0.128167,176,2002102001,0.,1,"","","","","","","","","","","","","","","","","","","","","","","","","","","","","","","","","","",6.7,1,"","","","","","","","","","","","","","","","","","","","","","","","","","","","",94,1,"","","","","","","","","","","","","","","","","","","","","","","","","","","","","","","","","","","","","","","","","","","","","","","","","","","","","","","","","","","","","","","","","","","","","","","","","","","","","","","","","","","","","","","","","","","","","","","","","","",0,1,"","","","","","","","","","","","","","","","","","","","","","","","","","","","","",""
"61328002","LE PIN-AU-HARAS -INRAE",48.735833,0.128167,176,2002102002,0.,1,"","","","","","","","","","","","","","","","","","","","","","","","","","","","","","","","","","",7.,1,"","","","","","","","","","","","","","","","","","","","","","","","","","","","",94,1,"","","","","","","","","","","","","","","","","","","","","","","","","","","","","","","","","","","","","","","","","","","","","","","","","","","","","","","","","","","","","","","","","","","","","","","","","","","","","","","","","","","","","","","","","","","","","","","","","","",0,1,"","","","","","","","","","","","","","","","","","","","","","","","","","","","","",""
"61328002","LE PIN-AU-HARAS -INRAE",48.735833,0.128167,176,2002102003,0.,1,"","","","","","","","","","","","","","","","","","","","","","","","","","","","","","","","","","",7.2,1,"","","","","","","","","","","","","","","","","","","","","","","","","","","","",90,1,"","","","","","","","","","","","","","","","","","","","","","","","","","","","","","","","","","","","","","","","","","","","","","","","","","","","","","","","","","","","","","","","","","","","","","","","","","","","","","","","","","","","","","","","","","","","","","","","","","",0,1,"","","","","","","","","","","","","","","","","","","","","","","","","","","","","",""
"61328002","LE PIN-AU-HARAS -INRAE",48.735833,0.128167,176,2002102004,0.,1,"","","","","","","","","","","","","","","","","","","","","","","","","","","","","","","","","","",7.4,1,"","","","","","","","","","","","","","","","","","","","","","","","","","","","",87,1,"","","","","","","","","","","","","","","","","","","","","","","","","","","","","","","","","","","","","","","","","","","","","","","","","","","","","","","","","","","","","","","","","","","","","","","","","","","","","","","","","","","","","","","","","","","","","","","","","","",0,1,"","","","","","","","","","","","","","","","","","","","","","","","","","","","","",""
"61328002","LE PIN-AU-HARAS -INRAE",48.735833,0.128167,176,2002102005,0.,1,"","","","","","","","","","","","","","","","","","","","","","","","","","","","","","","","","","",7.4,1,"","","","","","","","","","","","","","","","","","","","","","","","","","","","",86,1,"","","","","","","","","","","","","","","","","","","","","","","","","","","","","","","","","","","","","","","","","","","","","","","","","","","","","","","","","","","","","","","","","","","","","","","","","","","","","","","","","","","","","","","","","","","","","","","","","","",0,1,"","","","","","","","","","","","","","","","","","","","","","","","","","","","","",""
"61328002","LE PIN-AU-HARAS -INRAE",48.735833,0.128167,176,2002102006,0.,1,"","","","","","","","","","","","","","","","","","","","","","","","","","","","","","","","","","",7.4,1,"","","","","","","","","","","","","","","","","","","","","","","","","","","","",84,1,"","","","","","","","","","","","","","","","","","","","","","","","","","","","","","","","","","","","","","","","","","","","","","","","","","","","","","","","","","","","","","","","","","","","","","","","","","","","","","","","","","","","","","","","","","","","","","","","","","",0,1,"","","","","","","","","","","","","","","","","","","","","","","","","","","","","",""
"61328002","LE PIN-AU-HARAS -INRAE",48.735833,0.128167,176,2002102007,0.,1,"","","","","","","","","","","","","","","","","","","","","","","","","","","","","","","","","","",7.4,1,"","","","","","","","","","","","","","","","","","","","","","","","","","","","",81,1,"","","","","","","","","","","","","","","","","","","","","","","","","","","","","","","","","","","","","","","","","","","","","","","","","","","","","","","","","","","","","","","","","","","","","","","","","","","","","","","","","","","","","","","","","","","","","","","","","","",4,1,"","","","","","","","","","","","","","","","","","","","","","","","","","","","","",""
"61328002","LE PIN-AU-HARAS -INRAE",48.735833,0.128167,176,2002102008,0.,1,"","","","","","","","","","","","","","","","","","","","","","","","","","","","","","","","","","",8.5,1,"","","","","","","","","","","","","","","","","","","","","","","","","","","","",78,1,"","","","","","","","","","","","","","","","","","","","","","","","","","","","","","","","","","","","","","","","","","","","","","","","","","","","","","","","","","","","","","","","","","","","","","","","","","","","","","","","","","","","","","","","","","","","","","","","","","",24,1,"","","","","","","","","","","","","","","","","","","","","","","","","","","","","",""
"61328002","LE PIN-AU-HARAS -INRAE",48.735833,0.128167,176,2002102009,0.,1,"","","","","","","","","","","","","","","","","","","","","","","","","","","","","","","","","","",10.4,1,"","","","","","","","","","","","","","","","","","","","","","","","","","","","",72,1,"","","","","","","","","","","","","","","","","","","","","","","","","","","","","","","","","","","","","","","","","","","","","","","","","","","","","","","","","","","","","","","","","","","","","","","","","","","","","","","","","","","","","","","","","","","","","","","","","","",66,1,"","","","","","","","","","","","","","","","","","","","","","","","","","","","","",""
"61328002","LE PIN-AU-HARAS -INRAE",48.735833,0.128167,176,2002102010,0.,1,"","","","","","","","","","","","","","","","","","","","","","","","","","","","","","","","","","",12.,1,"","","","","","","","","","","","","","","","","","","","","","","","","","","","",66,1,"","","","","","","","","","","","","","","","","","","","","","","","","","","","","","","","","","","","","","","","","","","","","","","","","","","","","","","","","","","","","","","","","","","","","","","","","","","","","","","","","","","","","","","","","","","","","","","","","","",136,1,"","","","","","","","","","","","","","","","","","","","","","","","","","","","","",""
"61328002","LE PIN-AU-HARAS -INRAE",48.735833,0.128167,176,2002102011,0.,1,"","","","","","","","","","","","","","","","","","","","","","","","","","","","","","","","","","",12.5,1,"","","","","","","","","","","","","","","","","","","","","","","","","","","","",63,1,"","","","","","","","","","","","","","","","","","","","","","","","","","","","","","","","","","","","","","","","","","","","","","","","","","","","","","","","","","","","","","","","","","","","","","","","","","","","","","","","","","","","","","","","","","","","","","","","","","",124,1,"","","","","","","","","","","","","","","","","","","","","","","","","","","","","",""
"61328002","LE PIN-AU-HARAS -INRAE",48.735833,0.128167,176,2002102012,0.,1,"","","","","","","","","","","","","","","","","","","","","","","","","","","","","","","","","","",14.1,1,"","","","","","","","","","","","","","","","","","","","","","","","","","","","",54,1,"","","","","","","","","","","","","","","","","","","","","","","","","","","","","","","","","","","","","","","","","","","","","","","","","","","","","","","","","","","","","","","","","","","","","","","","","","","","","","","","","","","","","","","","","","","","","","","","","","",128,1,"","","","","","","","","","","","","","","","","","","","","","","","","","","","","",""
"61328002","LE PIN-AU-HARAS -INRAE",48.735833,0.128167,176,2002102013,0.,1,"","","","","","","","","","","","","","","","","","","","","","","","","","","","","","","","","","",14.,1,"","","","","","","","","","","","","","","","","","","","","","","","","","","","",58,1,"","","","","","","","","","","","","","","","","","","","","","","","","","","","","","","","","","","","","","","","","","","","","","","","","","","","","","","","","","","","","","","","","","","","","","","","","","","","","","","","","","","","","","","","","","","","","","","","","","",108,1,"","","","","","","","","","","","","","","","","","","","","","","","","","","","","",""
"61328002","LE PIN-AU-HARAS -INRAE",48.735833,0.128167,176,2002102014,0.,1,"","","","","","","","","","","","","","","","","","","","","","","","","","","","","","","","","","",14.6,1,"","","","","","","","","","","","","","","","","","","","","","","","","","","","",57,1,"","","","","","","","","","","","","","","","","","","","","","","","","","","","","","","","","","","","","","","","","","","","","","","","","","","","","","","","","","","","","","","","","","","","","","","","","","","","","","","","","","","","","","","","","","","","","","","","","","",88,1,"","","","","","","","","","","","","","","","","","","","","","","","","","","","","",""
"61328002","LE PIN-AU-HARAS -INRAE",48.735833,0.128167,176,2002102015,0.,1,"","","","","","","","","","","","","","","","","","","","","","","","","","","","","","","","","","",13.6,1,"","","","","","","","","","","","","","","","","","","","","","","","","","","","",61,1,"","","","","","","","","","","","","","","","","","","","","","","","","","","","","","","","","","","","","","","","","","","","","","","","","","","","","","","","","","","","","","","","","","","","","","","","","","","","","","","","","","","","","","","","","","","","","","","","","","",34,1,"","","","","","","","","","","","","","","","","","","","","","","","","","","","","",""
"61328002","LE PIN-AU-HARAS -INRAE",48.735833,0.128167,176,2002102016,0.,1,"","","","","","","","","","","","","","","","","","","","","","","","","","","","","","","","","","",13.,1,"","","","","","","","","","","","","","","","","","","","","","","","","","","","",67,1,"","","","","","","","","","","","","","","","","","","","","","","","","","","","","","","","","","","","","","","","","","","","","","","","","","","","","","","","","","","","","","","","","","","","","","","","","","","","","","","","","","","","","","","","","","","","","","","","","","",16,1,"","","","","","","","","","","","","","","","","","","","","","","","","","","","","",""
"61328002","LE PIN-AU-HARAS -INRAE",48.735833,0.128167,176,2002102017,0.,1,"","","","","","","","","","","","","","","","","","","","","","","","","","","","","","","","","","",12.4,1,"","","","","","","","","","","","","","","","","","","","","","","","","","","","",72,1,"","","","","","","","","","","","","","","","","","","","","","","","","","","","","","","","","","","","","","","","","","","","","","","","","","","","","","","","","","","","","","","","","","","","","","","","","","","","","","","","","","","","","","","","","","","","","","","","","","",4,1,"","","","","","","","","","","","","","","","","","","","","","","","","","","","","",""
"61328002","LE PIN-AU-HARAS -INRAE",48.735833,0.128167,176,2002102018,0.,1,"","","","","","","","","","","","","","","","","","","","","","","","","","","","","","","","","","",11.7,1,"","","","","","","","","","","","","","","","","","","","","","","","","","","","",75,1,"","","","","","","","","","","","","","","","","","","","","","","","","","","","","","","","","","","","","","","","","","","","","","","","","","","","","","","","","","","","","","","","","","","","","","","","","","","","","","","","","","","","","","","","","","","","","","","","","","",0,1,"","","","","","","","","","","","","","","","","","","","","","","","","","","","","",""
"61328002","LE PIN-AU-HARAS -INRAE",48.735833,0.128167,176,2002102019,0.,1,"","","","","","","","","","","","","","","","","","","","","","","","","","","","","","","","","","",12.,1,"","","","","","","","","","","","","","","","","","","","","","","","","","","","",75,1,"","","","","","","","","","","","","","","","","","","","","","","","","","","","","","","","","","","","","","","","","","","","","","","","","","","","","","","","","","","","","","","","","","","","","","","","","","","","","","","","","","","","","","","","","","","","","","","","","","",0,1,"","","","","","","","","","","","","","","","","","","","","","","","","","","","","",""
"61328002","LE PIN-AU-HARAS -INRAE",48.735833,0.128167,176,2002102020,0.,1,"","","","","","","","","","","","","","","","","","","","","","","","","","","","","","","","","","",12.2,1,"","","","","","","","","","","","","","","","","","","","","","","","","","","","",75,1,"","","","","","","","","","","","","","","","","","","","","","","","","","","","","","","","","","","","","","","","","","","","","","","","","","","","","","","","","","","","","","","","","","","","","","","","","","","","","","","","","","","","","","","","","","","","","","","","","","",0,1,"","","","","","","","","","","","","","","","","","","","","","","","","","","","","",""
"61328002","LE PIN-AU-HARAS -INRAE",48.735833,0.128167,176,2002102021,0.,1,"","","","","","","","","","","","","","","","","","","","","","","","","","","","","","","","","","",11.8,1,"","","","","","","","","","","","","","","","","","","","","","","","","","","","",77,1,"","","","","","","","","","","","","","","","","","","","","","","","","","","","","","","","","","","","","","","","","","","","","","","","","","","","","","","","","","","","","","","","","","","","","","","","","","","","","","","","","","","","","","","","","","","","","","","","","","",0,1,"","","","","","","","","","","","","","","","","","","","","","","","","","","","","",""
"61328002","LE PIN-AU-HARAS -INRAE",48.735833,0.128167,176,2002102022,0.,1,"","","","","","","","","","","","","","","","","","","","","","","","","","","","","","","","","","",12.,1,"","","","","","","","","","","","","","","","","","","","","","","","","","","","",81,1,"","","","","","","","","","","","","","","","","","","","","","","","","","","","","","","","","","","","","","","","","","","","","","","","","","","","","","","","","","","","","","","","","","","","","","","","","","","","","","","","","","","","","","","","","","","","","","","","","","",0,1,"","","","","","","","","","","","","","","","","","","","","","","","","","","","","",""
"61328002","LE PIN-AU-HARAS -INRAE",48.735833,0.128167,176,2002102023,0.,1,"","","","","","","","","","","","","","","","","","","","","","","","","","","","","","","","","","",12.,1,"","","","","","","","","","","","","","","","","","","","","","","","","","","","",85,1,"","","","","","","","","","","","","","","","","","","","","","","","","","","","","","","","","","","","","","","","","","","","","","","","","","","","","","","","","","","","","","","","","","","","","","","","","","","","","","","","","","","","","","","","","","","","","","","","","","",0,1,"","","","","","","","","","","","","","","","","","","","","","","","","","","","","",""
"61328002","LE PIN-AU-HARAS -INRAE",48.735833,0.128167,176,2002102100,0.,1,"","","","","","","","","","","","","","","","","","","","","","","","","","","","","","","","","","",12.,1,"","","","","","","","","","","","","","","","","","","","","","","","","","","","",92,1,"","","","","","","","","","","","","","","","","","","","","","","","","","","","","","","","","","","","","","","","","","","","","","","","","","","","","","","","","","","","","","","","","","","","","","","","","","","","","","","","","","","","","","","","","","","","","","","","","","",0,1,"","","","","","","","","","","","","","","","","","","","","","","","","","","","","",""
"61328002","LE PIN-AU-HARAS -INRAE",48.735833,0.128167,176,2002102101,0.,1,"","","","","","","","","","","","","","","","","","","","","","","","","","","","","","","","","","",12.3,1,"","","","","","","","","","","","","","","","","","","","","","","","","","","","",94,1,"","","","","","","","","","","","","","","","","","","","","","","","","","","","","","","","","","","","","","","","","","","","","","","","","","","","","","","","","","","","","","","","","","","","","","","","","","","","","","","","","","","","","","","","","","","","","","","","","","",0,1,"","","","","","","","","","","","","","","","","","","","","","","","","","","","","",""
"61328002","LE PIN-AU-HARAS -INRAE",48.735833,0.128167,176,2002102102,0.,1,"","","","","","","","","","","","","","","","","","","","","","","","","","","","","","","","","","",12.6,1,"","","","","","","","","","","","","","","","","","","","","","","","","","","","",97,1,"","","","","","","","","","","","","","","","","","","","","","","","","","","","","","","","","","","","","","","","","","","","","","","","","","","","","","","","","","","","","","","","","","","","","","","","","","","","","","","","","","","","","","","","","","","","","","","","","","",0,1,"","","","","","","","","","","","","","","","","","","","","","","","","","","","","",""
"61328002","LE PIN-AU-HARAS -INRAE",48.735833,0.128167,176,2002102103,0.,1,"","","","","","","","","","","","","","","","","","","","","","","","","","","","","","","","","","",13.3,1,"","","","","","","","","","","","","","","","","","","","","","","","","","","","",96,1,"","","","","","","","","","","","","","","","","","","","","","","","","","","","","","","","","","","","","","","","","","","","","","","","","","","","","","","","","","","","","","","","","","","","","","","","","","","","","","","","","","","","","","","","","","","","","","","","","","",0,1,"","","","","","","","","","","","","","","","","","","","","","","","","","","","","",""
"61328002","LE PIN-AU-HARAS -INRAE",48.735833,0.128167,176,2002102104,2.5,1,"","","","","","","","","","","","","","","","","","","","","","","","","","","","","","","","","","",13.3,1,"","","","","","","","","","","","","","","","","","","","","","","","","","","","",98,1,"","","","","","","","","","","","","","","","","","","","","","","","","","","","","","","","","","","","","","","","","","","","","","","","","","","","","","","","","","","","","","","","","","","","","","","","","","","","","","","","","","","","","","","","","","","","","","","","","","",0,1,"","","","","","","","","","","","","","","","","","","","","","","","","","","","","",""
"61328002","LE PIN-AU-HARAS -INRAE",48.735833,0.128167,176,2002102105,4.5,1,"","","","","","","","","","","","","","","","","","","","","","","","","","","","","","","","","","",13.6,1,"","","","","","","","","","","","","","","","","","","","","","","","","","","","",100,1,"","","","","","","","","","","","","","","","","","","","","","","","","","","","","","","","","","","","","","","","","","","","","","","","","","","","","","","","","","","","","","","","","","","","","","","","","","","","","","","","","","","","","","","","","","","","","","","","","","",0,1,"","","","","","","","","","","","","","","","","","","","","","","","","","","","","",""
"61328002","LE PIN-AU-HARAS -INRAE",48.735833,0.128167,176,2002102106,3.,1,"","","","","","","","","","","","","","","","","","","","","","","","","","","","","","","","","","",13.2,1,"","","","","","","","","","","","","","","","","","","","","","","","","","","","",100,1,"","","","","","","","","","","","","","","","","","","","","","","","","","","","","","","","","","","","","","","","","","","","","","","","","","","","","","","","","","","","","","","","","","","","","","","","","","","","","","","","","","","","","","","","","","","","","","","","","","",0,1,"","","","","","","","","","","","","","","","","","","","","","","","","","","","","",""
"61328002","LE PIN-AU-HARAS -INRAE",48.735833,0.128167,176,2002102107,4.,1,"","","","","","","","","","","","","","","","","","","","","","","","","","","","","","","","","","",13.,1,"","","","","","","","","","","","","","","","","","","","","","","","","","","","",100,1,"","","","","","","","","","","","","","","","","","","","","","","","","","","","","","","","","","","","","","","","","","","","","","","","","","","","","","","","","","","","","","","","","","","","","","","","","","","","","","","","","","","","","","","","","","","","","","","","","","",0,1,"","","","","","","","","","","","","","","","","","","","","","","","","","","","","",""
"61328002","LE PIN-AU-HARAS -INRAE",48.735833,0.128167,176,2002102108,0.5,1,"","","","","","","","","","","","","","","","","","","","","","","","","","","","","","","","","","",12.8,1,"","","","","","","","","","","","","","","","","","","","","","","","","","","","",100,1,"","","","","","","","","","","","","","","","","","","","","","","","","","","","","","","","","","","","","","","","","","","","","","","","","","","","","","","","","","","","","","","","","","","","","","","","","","","","","","","","","","","","","","","","","","","","","","","","","","",8,1,"","","","","","","","","","","","","","","","","","","","","","","","","","","","","",""
"61328002","LE PIN-AU-HARAS -INRAE",48.735833,0.128167,176,2002102109,1.,1,"","","","","","","","","","","","","","","","","","","","","","","","","","","","","","","","","","",13.1,1,"","","","","","","","","","","","","","","","","","","","","","","","","","","","",100,1,"","","","","","","","","","","","","","","","","","","","","","","","","","","","","","","","","","","","","","","","","","","","","","","","","","","","","","","","","","","","","","","","","","","","","","","","","","","","","","","","","","","","","","","","","","","","","","","","","","",18,1,"","","","","","","","","","","","","","","","","","","","","","","","","","","","","",""
"61328002","LE PIN-AU-HARAS -INRAE",48.735833,0.128167,176,2002102110,0.,1,"","","","","","","","","","","","","","","","","","","","","","","","","","","","","","","","","","",14.2,1,"","","","","","","","","","","","","","","","","","","","","","","","","","","","",100,1,"","","","","","","","","","","","","","","","","","","","","","","","","","","","","","","","","","","","","","","","","","","","","","","","","","","","","","","","","","","","","","","","","","","","","","","","","","","","","","","","","","","","","","","","","","","","","","","","","","",58,1,"","","","","","","","","","","","","","","","","","","","","","","","","","","","","",""
"61328002","LE PIN-AU-HARAS -INRAE",48.735833,0.128167,176,2002102111,0.,1,"","","","","","","","","","","","","","","","","","","","","","","","","","","","","","","","","","",15.7,1,"","","","","","","","","","","","","","","","","","","","","","","","","","","","",87,1,"","","","","","","","","","","","","","","","","","","","","","","","","","","","","","","","","","","","","","","","","","","","","","","","","","","","","","","","","","","","","","","","","","","","","","","","","","","","","","","","","","","","","","","","","","","","","","","","","","",150,1,"","","","","","","","","","","","","","","","","","","","","","","","","","","","","",""
"61328002","LE PIN-AU-HARAS -INRAE",48.735833,0.128167,176,2002102112,0.,1,"","","","","","","","","","","","","","","","","","","","","","","","","","","","","","","","","","",16.8,1,"","","","","","","","","","","","","","","","","","","","","","","","","","","","",78,1,"","","","","","","","","","","","","","","","","","","","","","","","","","","","","","","","","","","","","","","","","","","","","","","","","","","","","","","","","","","","","","","","","","","","","","","","","","","","","","","","","","","","","","","","","","","","","","","","","","",168,1,"","","","","","","","","","","","","","","","","","","","","","","","","","","","","",""
"61328002","LE PIN-AU-HARAS -INRAE",48.735833,0.128167,176,2002102113,0.,1,"","","","","","","","","","","","","","","","","","","","","","","","","","","","","","","","","","",16.5,1,"","","","","","","","","","","","","","","","","","","","","","","","","","","","",77,1,"","","","","","","","","","","","","","","","","","","","","","","","","","","","","","","","","","","","","","","","","","","","","","","","","","","","","","","","","","","","","","","","","","","","","","","","","","","","","","","","","","","","","","","","","","","","","","","","","","",122,1,"","","","","","","","","","","","","","","","","","","","","","","","","","","","","",""
"61328002","LE PIN-AU-HARAS -INRAE",48.735833,0.128167,176,2002102114,0.,1,"","","","","","","","","","","","","","","","","","","","","","","","","","","","","","","","","","",16.9,1,"","","","","","","","","","","","","","","","","","","","","","","","","","","","",78,1,"","","","","","","","","","","","","","","","","","","","","","","","","","","","","","","","","","","","","","","","","","","","","","","","","","","","","","","","","","","","","","","","","","","","","","","","","","","","","","","","","","","","","","","","","","","","","","","","","","",82,1,"","","","","","","","","","","","","","","","","","","","","","","","","","","","","",""
"61328002","LE PIN-AU-HARAS -INRAE",48.735833,0.128167,176,2002102115,0.,1,"","","","","","","","","","","","","","","","","","","","","","","","","","","","","","","","","","",16.8,1,"","","","","","","","","","","","","","","","","","","","","","","","","","","","",74,1,"","","","","","","","","","","","","","","","","","","","","","","","","","","","","","","","","","","","","","","","","","","","","","","","","","","","","","","","","","","","","","","","","","","","","","","","","","","","","","","","","","","","","","","","","","","","","","","","","","",58,1,"","","","","","","","","","","","","","","","","","","","","","","","","","","","","",""
"61328002","LE PIN-AU-HARAS -INRAE",48.735833,0.128167,176,2002102116,0.,1,"","","","","","","","","","","","","","","","","","","","","","","","","","","","","","","","","","",16.1,1,"","","","","","","","","","","","","","","","","","","","","","","","","","","","",79,1,"","","","","","","","","","","","","","","","","","","","","","","","","","","","","","","","","","","","","","","","","","","","","","","","","","","","","","","","","","","","","","","","","","","","","","","","","","","","","","","","","","","","","","","","","","","","","","","","","","",36,1,"","","","","","","","","","","","","","","","","","","","","","","","","","","","","",""
"61328002","LE PIN-AU-HARAS -INRAE",48.735833,0.128167,176,2002102117,0.,1,"","","","","","","","","","","","","","","","","","","","","","","","","","","","","","","","","","",15.2,1,"","","","","","","","","","","","","","","","","","","","","","","","","","","","",86,1,"","","","","","","","","","","","","","","","","","","","","","","","","","","","","","","","","","","","","","","","","","","","","","","","","","","","","","","","","","","","","","","","","","","","","","","","","","","","","","","","","","","","","","","","","","","","","","","","","","",6,1,"","","","","","","","","","","","","","","","","","","","","","","","","","","","","",""
"61328002","LE PIN-AU-HARAS -INRAE",48.735833,0.128167,176,2002102118,0.,1,"","","","","","","","","","","","","","","","","","","","","","","","","","","","","","","","","","",14.8,1,"","","","","","","","","","","","","","","","","","","","","","","","","","","","",90,1,"","","","","","","","","","","","","","","","","","","","","","","","","","","","","","","","","","","","","","","","","","","","","","","","","","","","","","","","","","","","","","","","","","","","","","","","","","","","","","","","","","","","","","","","","","","","","","","","","","",0,1,"","","","","","","","","","","","","","","","","","","","","","","","","","","","","",""
"61328002","LE PIN-AU-HARAS -INRAE",48.735833,0.128167,176,2002102119,0.,1,"","","","","","","","","","","","","","","","","","","","","","","","","","","","","","","","","","",14.4,1,"","","","","","","","","","","","","","","","","","","","","","","","","","","","",93,1,"","","","","","","","","","","","","","","","","","","","","","","","","","","","","","","","","","","","","","","","","","","","","","","","","","","","","","","","","","","","","","","","","","","","","","","","","","","","","","","","","","","","","","","","","","","","","","","","","","",0,1,"","","","","","","","","","","","","","","","","","","","","","","","","","","","","",""
"61328002","LE PIN-AU-HARAS -INRAE",48.735833,0.128167,176,2002102120,0.,1,"","","","","","","","","","","","","","","","","","","","","","","","","","","","","","","","","","",14.,1,"","","","","","","","","","","","","","","","","","","","","","","","","","","","",93,1,"","","","","","","","","","","","","","","","","","","","","","","","","","","","","","","","","","","","","","","","","","","","","","","","","","","","","","","","","","","","","","","","","","","","","","","","","","","","","","","","","","","","","","","","","","","","","","","","","","",0,1,"","","","","","","","","","","","","","","","","","","","","","","","","","","","","",""
"61328002","LE PIN-AU-HARAS -INRAE",48.735833,0.128167,176,2002102121,0.,1,"","","","","","","","","","","","","","","","","","","","","","","","","","","","","","","","","","",12.5,1,"","","","","","","","","","","","","","","","","","","","","","","","","","","","",93,1,"","","","","","","","","","","","","","","","","","","","","","","","","","","","","","","","","","","","","","","","","","","","","","","","","","","","","","","","","","","","","","","","","","","","","","","","","","","","","","","","","","","","","","","","","","","","","","","","","","",0,1,"","","","","","","","","","","","","","","","","","","","","","","","","","","","","",""
"61328002","LE PIN-AU-HARAS -INRAE",48.735833,0.128167,176,2002102122,0.,1,"","","","","","","","","","","","","","","","","","","","","","","","","","","","","","","","","","",13.,1,"","","","","","","","","","","","","","","","","","","","","","","","","","","","",91,1,"","","","","","","","","","","","","","","","","","","","","","","","","","","","","","","","","","","","","","","","","","","","","","","","","","","","","","","","","","","","","","","","","","","","","","","","","","","","","","","","","","","","","","","","","","","","","","","","","","",0,1,"","","","","","","","","","","","","","","","","","","","","","","","","","","","","",""
"61328002","LE PIN-AU-HARAS -INRAE",48.735833,0.128167,176,2002102123,0.,1,"","","","","","","","","","","","","","","","","","","","","","","","","","","","","","","","","","",12.4,1,"","","","","","","","","","","","","","","","","","","","","","","","","","","","",92,1,"","","","","","","","","","","","","","","","","","","","","","","","","","","","","","","","","","","","","","","","","","","","","","","","","","","","","","","","","","","","","","","","","","","","","","","","","","","","","","","","","","","","","","","","","","","","","","","","","","",0,1,"","","","","","","","","","","","","","","","","","","","","","","","","","","","","",""
"61328002","LE PIN-AU-HARAS -INRAE",48.735833,0.128167,176,2002102200,0.,1,"","","","","","","","","","","","","","","","","","","","","","","","","","","","","","","","","","",12.2,1,"","","","","","","","","","","","","","","","","","","","","","","","","","","","",93,1,"","","","","","","","","","","","","","","","","","","","","","","","","","","","","","","","","","","","","","","","","","","","","","","","","","","","","","","","","","","","","","","","","","","","","","","","","","","","","","","","","","","","","","","","","","","","","","","","","","",0,1,"","","","","","","","","","","","","","","","","","","","","","","","","","","","","",""
"61328002","LE PIN-AU-HARAS -INRAE",48.735833,0.128167,176,2002102201,0.5,1,"","","","","","","","","","","","","","","","","","","","","","","","","","","","","","","","","","",12.3,1,"","","","","","","","","","","","","","","","","","","","","","","","","","","","",93,1,"","","","","","","","","","","","","","","","","","","","","","","","","","","","","","","","","","","","","","","","","","","","","","","","","","","","","","","","","","","","","","","","","","","","","","","","","","","","","","","","","","","","","","","","","","","","","","","","","","",0,1,"","","","","","","","","","","","","","","","","","","","","","","","","","","","","",""
"61328002","LE PIN-AU-HARAS -INRAE",48.735833,0.128167,176,2002102202,0.,1,"","","","","","","","","","","","","","","","","","","","","","","","","","","","","","","","","","",12.5,1,"","","","","","","","","","","","","","","","","","","","","","","","","","","","",92,1,"","","","","","","","","","","","","","","","","","","","","","","","","","","","","","","","","","","","","","","","","","","","","","","","","","","","","","","","","","","","","","","","","","","","","","","","","","","","","","","","","","","","","","","","","","","","","","","","","","",0,1,"","","","","","","","","","","","","","","","","","","","","","","","","","","","","",""
"61328002","LE PIN-AU-HARAS -INRAE",48.735833,0.128167,176,2002102203,0.,1,"","","","","","","","","","","","","","","","","","","","","","","","","","","","","","","","","","",12.9,1,"","","","","","","","","","","","","","","","","","","","","","","","","","","","",90,1,"","","","","","","","","","","","","","","","","","","","","","","","","","","","","","","","","","","","","","","","","","","","","","","","","","","","","","","","","","","","","","","","","","","","","","","","","","","","","","","","","","","","","","","","","","","","","","","","","","",0,1,"","","","","","","","","","","","","","","","","","","","","","","","","","","","","",""
"61328002","LE PIN-AU-HARAS -INRAE",48.735833,0.128167,176,2002102204,0.,1,"","","","","","","","","","","","","","","","","","","","","","","","","","","","","","","","","","",12.8,1,"","","","","","","","","","","","","","","","","","","","","","","","","","","","",92,1,"","","","","","","","","","","","","","","","","","","","","","","","","","","","","","","","","","","","","","","","","","","","","","","","","","","","","","","","","","","","","","","","","","","","","","","","","","","","","","","","","","","","","","","","","","","","","","","","","","",0,1,"","","","","","","","","","","","","","","","","","","","","","","","","","","","","",""
"61328002","LE PIN-AU-HARAS -INRAE",48.735833,0.128167,176,2002102205,0.5,1,"","","","","","","","","","","","","","","","","","","","","","","","","","","","","","","","","","",12.7,1,"","","","","","","","","","","","","","","","","","","","","","","","","","","","",92,1,"","","","","","","","","","","","","","","","","","","","","","","","","","","","","","","","","","","","","","","","","","","","","","","","","","","","","","","","","","","","","","","","","","","","","","","","","","","","","","","","","","","","","","","","","","","","","","","","","","",0,1,"","","","","","","","","","","","","","","","","","","","","","","","","","","","","",""
"61328002","LE PIN-AU-HARAS -INRAE",48.735833,0.128167,176,2002102206,2.5,1,"","","","","","","","","","","","","","","","","","","","","","","","","","","","","","","","","","",12.9,1,"","","","","","","","","","","","","","","","","","","","","","","","","","","","",97,1,"","","","","","","","","","","","","","","","","","","","","","","","","","","","","","","","","","","","","","","","","","","","","","","","","","","","","","","","","","","","","","","","","","","","","","","","","","","","","","","","","","","","","","","","","","","","","","","","","","",0,1,"","","","","","","","","","","","","","","","","","","","","","","","","","","","","",""
"61328002","LE PIN-AU-HARAS -INRAE",48.735833,0.128167,176,2002102207,0.5,1,"","","","","","","","","","","","","","","","","","","","","","","","","","","","","","","","","","",13.6,1,"","","","","","","","","","","","","","","","","","","","","","","","","","","","",94,1,"","","","","","","","","","","","","","","","","","","","","","","","","","","","","","","","","","","","","","","","","","","","","","","","","","","","","","","","","","","","","","","","","","","","","","","","","","","","","","","","","","","","","","","","","","","","","","","","","","",0,1,"","","","","","","","","","","","","","","","","","","","","","","","","","","","","",""
"61328002","LE PIN-AU-HARAS -INRAE",48.735833,0.128167,176,2002102208,0.,1,"","","","","","","","","","","","","","","","","","","","","","","","","","","","","","","","","","",13.6,1,"","","","","","","","","","","","","","","","","","","","","","","","","","","","",94,1,"","","","","","","","","","","","","","","","","","","","","","","","","","","","","","","","","","","","","","","","","","","","","","","","","","","","","","","","","","","","","","","","","","","","","","","","","","","","","","","","","","","","","","","","","","","","","","","","","","",12,1,"","","","","","","","","","","","","","","","","","","","","","","","","","","","","",""
"61328002","LE PIN-AU-HARAS -INRAE",48.735833,0.128167,176,2002102209,0.5,1,"","","","","","","","","","","","","","","","","","","","","","","","","","","","","","","","","","",14.5,1,"","","","","","","","","","","","","","","","","","","","","","","","","","","","",89,1,"","","","","","","","","","","","","","","","","","","","","","","","","","","","","","","","","","","","","","","","","","","","","","","","","","","","","","","","","","","","","","","","","","","","","","","","","","","","","","","","","","","","","","","","","","","","","","","","","","",40,1,"","","","","","","","","","","","","","","","","","","","","","","","","","","","","",""
"61328002","LE PIN-AU-HARAS -INRAE",48.735833,0.128167,176,2002102210,0.5,1,"","","","","","","","","","","","","","","","","","","","","","","","","","","","","","","","","","",15.,1,"","","","","","","","","","","","","","","","","","","","","","","","","","","","",86,1,"","","","","","","","","","","","","","","","","","","","","","","","","","","","","","","","","","","","","","","","","","","","","","","","","","","","","","","","","","","","","","","","","","","","","","","","","","","","","","","","","","","","","","","","","","","","","","","","","","",38,1,"","","","","","","","","","","","","","","","","","","","","","","","","","","","","",""
"61328002","LE PIN-AU-HARAS -INRAE",48.735833,0.128167,176,2002102211,0.,1,"","","","","","","","","","","","","","","","","","","","","","","","","","","","","","","","","","",16.6,1,"","","","","","","","","","","","","","","","","","","","","","","","","","","","",80,1,"","","","","","","","","","","","","","","","","","","","","","","","","","","","","","","","","","","","","","","","","","","","","","","","","","","","","","","","","","","","","","","","","","","","","","","","","","","","","","","","","","","","","","","","","","","","","","","","","","",82,1,"","","","","","","","","","","","","","","","","","","","","","","","","","","","","",""
"61328002","LE PIN-AU-HARAS -INRAE",48.735833,0.128167,176,2002102212,0.5,1,"","","","","","","","","","","","","","","","","","","","","","","","","","","","","","","","","","",14.4,1,"","","","","","","","","","","","","","","","","","","","","","","","","","","","",93,1,"","","","","","","","","","","","","","","","","","","","","","","","","","","","","","","","","","","","","","","","","","","","","","","","","","","","","","","","","","","","","","","","","","","","","","","","","","","","","","","","","","","","","","","","","","","","","","","","","","",66,1,"","","","","","","","","","","","","","","","","","","","","","","","","","","","","",""
"61328002","LE PIN-AU-HARAS -INRAE",48.735833,0.128167,176,2002102213,2.,1,"","","","","","","","","","","","","","","","","","","","","","","","","","","","","","","","","","",14.2,1,"","","","","","","","","","","","","","","","","","","","","","","","","","","","",93,1,"","","","","","","","","","","","","","","","","","","","","","","","","","","","","","","","","","","","","","","","","","","","","","","","","","","","","","","","","","","","","","","","","","","","","","","","","","","","","","","","","","","","","","","","","","","","","","","","","","",20,1,"","","","","","","","","","","","","","","","","","","","","","","","","","","","","",""
"61328002","LE PIN-AU-HARAS -INRAE",48.735833,0.128167,176,2002102214,0.5,1,"","","","","","","","","","","","","","","","","","","","","","","","","","","","","","","","","","",14.6,1,"","","","","","","","","","","","","","","","","","","","","","","","","","","","",94,1,"","","","","","","","","","","","","","","","","","","","","","","","","","","","","","","","","","","","","","","","","","","","","","","","","","","","","","","","","","","","","","","","","","","","","","","","","","","","","","","","","","","","","","","","","","","","","","","","","","",40,1,"","","","","","","","","","","","","","","","","","","","","","","","","","","","","",""
"61328002","LE PIN-AU-HARAS -INRAE",48.735833,0.128167,176,2002102215,0.,1,"","","","","","","","","","","","","","","","","","","","","","","","","","","","","","","","","","",14.6,1,"","","","","","","","","","","","","","","","","","","","","","","","","","","","",93,1,"","","","","","","","","","","","","","","","","","","","","","","","","","","","","","","","","","","","","","","","","","","","","","","","","","","","","","","","","","","","","","","","","","","","","","","","","","","","","","","","","","","","","","","","","","","","","","","","","","",38,1,"","","","","","","","","","","","","","","","","","","","","","","","","","","","","",""
"61328002","LE PIN-AU-HARAS -INRAE",48.735833,0.128167,176,2002102216,0.,1,"","","","","","","","","","","","","","","","","","","","","","","","","","","","","","","","","","",14.3,1,"","","","","","","","","","","","","","","","","","","","","","","","","","","","",94,1,"","","","","","","","","","","","","","","","","","","","","","","","","","","","","","","","","","","","","","","","","","","","","","","","","","","","","","","","","","","","","","","","","","","","","","","","","","","","","","","","","","","","","","","","","","","","","","","","","","",12,1,"","","","","","","","","","","","","","","","","","","","","","","","","","","","","",""
"61328002","LE PIN-AU-HARAS -INRAE",48.735833,0.128167,176,2002102217,2.,1,"","","","","","","","","","","","","","","","","","","","","","","","","","","","","","","","","","",14.1,1,"","","","","","","","","","","","","","","","","","","","","","","","","","","","",96,1,"","","","","","","","","","","","","","","","","","","","","","","","","","","","","","","","","","","","","","","","","","","","","","","","","","","","","","","","","","","","","","","","","","","","","","","","","","","","","","","","","","","","","","","","","","","","","","","","","","",2,1,"","","","","","","","","","","","","","","","","","","","","","","","","","","","","",""
"61328002","LE PIN-AU-HARAS -INRAE",48.735833,0.128167,176,2002102218,0.5,1,"","","","","","","","","","","","","","","","","","","","","","","","","","","","","","","","","","",13.9,1,"","","","","","","","","","","","","","","","","","","","","","","","","","","","",95,1,"","","","","","","","","","","","","","","","","","","","","","","","","","","","","","","","","","","","","","","","","","","","","","","","","","","","","","","","","","","","","","","","","","","","","","","","","","","","","","","","","","","","","","","","","","","","","","","","","","",0,1,"","","","","","","","","","","","","","","","","","","","","","","","","","","","","",""
"61328002","LE PIN-AU-HARAS -INRAE",48.735833,0.128167,176,2002102219,0.5,1,"","","","","","","","","","","","","","","","","","","","","","","","","","","","","","","","","","",13.4,1,"","","","","","","","","","","","","","","","","","","","","","","","","","","","",96,1,"","","","","","","","","","","","","","","","","","","","","","","","","","","","","","","","","","","","","","","","","","","","","","","","","","","","","","","","","","","","","","","","","","","","","","","","","","","","","","","","","","","","","","","","","","","","","","","","","","",0,1,"","","","","","","","","","","","","","","","","","","","","","","","","","","","","",""
"61328002","LE PIN-AU-HARAS -INRAE",48.735833,0.128167,176,2002102220,1.,1,"","","","","","","","","","","","","","","","","","","","","","","","","","","","","","","","","","",13.1,1,"","","","","","","","","","","","","","","","","","","","","","","","","","","","",94,1,"","","","","","","","","","","","","","","","","","","","","","","","","","","","","","","","","","","","","","","","","","","","","","","","","","","","","","","","","","","","","","","","","","","","","","","","","","","","","","","","","","","","","","","","","","","","","","","","","","",0,1,"","","","","","","","","","","","","","","","","","","","","","","","","","","","","",""
"61328002","LE PIN-AU-HARAS -INRAE",48.735833,0.128167,176,2002102221,0.,1,"","","","","","","","","","","","","","","","","","","","","","","","","","","","","","","","","","",12.8,1,"","","","","","","","","","","","","","","","","","","","","","","","","","","","",91,1,"","","","","","","","","","","","","","","","","","","","","","","","","","","","","","","","","","","","","","","","","","","","","","","","","","","","","","","","","","","","","","","","","","","","","","","","","","","","","","","","","","","","","","","","","","","","","","","","","","",0,1,"","","","","","","","","","","","","","","","","","","","","","","","","","","","","",""
"61328002","LE PIN-AU-HARAS -INRAE",48.735833,0.128167,176,2002102222,0.,1,"","","","","","","","","","","","","","","","","","","","","","","","","","","","","","","","","","",13.3,1,"","","","","","","","","","","","","","","","","","","","","","","","","","","","",92,1,"","","","","","","","","","","","","","","","","","","","","","","","","","","","","","","","","","","","","","","","","","","","","","","","","","","","","","","","","","","","","","","","","","","","","","","","","","","","","","","","","","","","","","","","","","","","","","","","","","",0,1,"","","","","","","","","","","","","","","","","","","","","","","","","","","","","",""
"61328002","LE PIN-AU-HARAS -INRAE",48.735833,0.128167,176,2002102223,0.,1,"","","","","","","","","","","","","","","","","","","","","","","","","","","","","","","","","","",13.1,1,"","","","","","","","","","","","","","","","","","","","","","","","","","","","",89,1,"","","","","","","","","","","","","","","","","","","","","","","","","","","","","","","","","","","","","","","","","","","","","","","","","","","","","","","","","","","","","","","","","","","","","","","","","","","","","","","","","","","","","","","","","","","","","","","","","","",0,1,"","","","","","","","","","","","","","","","","","","","","","","","","","","","","",""
"61328002","LE PIN-AU-HARAS -INRAE",48.735833,0.128167,176,2002102300,0.,1,"","","","","","","","","","","","","","","","","","","","","","","","","","","","","","","","","","",12.3,1,"","","","","","","","","","","","","","","","","","","","","","","","","","","","",92,1,"","","","","","","","","","","","","","","","","","","","","","","","","","","","","","","","","","","","","","","","","","","","","","","","","","","","","","","","","","","","","","","","","","","","","","","","","","","","","","","","","","","","","","","","","","","","","","","","","","",0,1,"","","","","","","","","","","","","","","","","","","","","","","","","","","","","",""
"61328002","LE PIN-AU-HARAS -INRAE",48.735833,0.128167,176,2002102301,0.5,1,"","","","","","","","","","","","","","","","","","","","","","","","","","","","","","","","","","",11.4,1,"","","","","","","","","","","","","","","","","","","","","","","","","","","","",92,1,"","","","","","","","","","","","","","","","","","","","","","","","","","","","","","","","","","","","","","","","","","","","","","","","","","","","","","","","","","","","","","","","","","","","","","","","","","","","","","","","","","","","","","","","","","","","","","","","","","",0,1,"","","","","","","","","","","","","","","","","","","","","","","","","","","","","",""
"61328002","LE PIN-AU-HARAS -INRAE",48.735833,0.128167,176,2002102302,1.5,1,"","","","","","","","","","","","","","","","","","","","","","","","","","","","","","","","","","",10.2,1,"","","","","","","","","","","","","","","","","","","","","","","","","","","","",91,1,"","","","","","","","","","","","","","","","","","","","","","","","","","","","","","","","","","","","","","","","","","","","","","","","","","","","","","","","","","","","","","","","","","","","","","","","","","","","","","","","","","","","","","","","","","","","","","","","","","",0,1,"","","","","","","","","","","","","","","","","","","","","","","","","","","","","",""
"61328002","LE PIN-AU-HARAS -INRAE",48.735833,0.128167,176,2002102303,0.,1,"","","","","","","","","","","","","","","","","","","","","","","","","","","","","","","","","","",9.9,1,"","","","","","","","","","","","","","","","","","","","","","","","","","","","",93,1,"","","","","","","","","","","","","","","","","","","","","","","","","","","","","","","","","","","","","","","","","","","","","","","","","","","","","","","","","","","","","","","","","","","","","","","","","","","","","","","","","","","","","","","","","","","","","","","","","","",0,1,"","","","","","","","","","","","","","","","","","","","","","","","","","","","","",""
"61328002","LE PIN-AU-HARAS -INRAE",48.735833,0.128167,176,2002102304,0.,1,"","","","","","","","","","","","","","","","","","","","","","","","","","","","","","","","","","",9.1,1,"","","","","","","","","","","","","","","","","","","","","","","","","","","","",91,1,"","","","","","","","","","","","","","","","","","","","","","","","","","","","","","","","","","","","","","","","","","","","","","","","","","","","","","","","","","","","","","","","","","","","","","","","","","","","","","","","","","","","","","","","","","","","","","","","","","",0,1,"","","","","","","","","","","","","","","","","","","","","","","","","","","","","",""
"61328002","LE PIN-AU-HARAS -INRAE",48.735833,0.128167,176,2002102305,0.,1,"","","","","","","","","","","","","","","","","","","","","","","","","","","","","","","","","","",8.9,1,"","","","","","","","","","","","","","","","","","","","","","","","","","","","",89,1,"","","","","","","","","","","","","","","","","","","","","","","","","","","","","","","","","","","","","","","","","","","","","","","","","","","","","","","","","","","","","","","","","","","","","","","","","","","","","","","","","","","","","","","","","","","","","","","","","","",0,1,"","","","","","","","","","","","","","","","","","","","","","","","","","","","","",""
"61328002","LE PIN-AU-HARAS -INRAE",48.735833,0.128167,176,2002102306,0.5,1,"","","","","","","","","","","","","","","","","","","","","","","","","","","","","","","","","","",8.,1,"","","","","","","","","","","","","","","","","","","","","","","","","","","","",91,1,"","","","","","","","","","","","","","","","","","","","","","","","","","","","","","","","","","","","","","","","","","","","","","","","","","","","","","","","","","","","","","","","","","","","","","","","","","","","","","","","","","","","","","","","","","","","","","","","","","",0,1,"","","","","","","","","","","","","","","","","","","","","","","","","","","","","",""
"61328002","LE PIN-AU-HARAS -INRAE",48.735833,0.128167,176,2002102307,0.,1,"","","","","","","","","","","","","","","","","","","","","","","","","","","","","","","","","","",8.4,1,"","","","","","","","","","","","","","","","","","","","","","","","","","","","",93,1,"","","","","","","","","","","","","","","","","","","","","","","","","","","","","","","","","","","","","","","","","","","","","","","","","","","","","","","","","","","","","","","","","","","","","","","","","","","","","","","","","","","","","","","","","","","","","","","","","","",2,1,"","","","","","","","","","","","","","","","","","","","","","","","","","","","","",""
"61328002","LE PIN-AU-HARAS -INRAE",48.735833,0.128167,176,2002102308,0.,1,"","","","","","","","","","","","","","","","","","","","","","","","","","","","","","","","","","",8.7,1,"","","","","","","","","","","","","","","","","","","","","","","","","","","","",83,1,"","","","","","","","","","","","","","","","","","","","","","","","","","","","","","","","","","","","","","","","","","","","","","","","","","","","","","","","","","","","","","","","","","","","","","","","","","","","","","","","","","","","","","","","","","","","","","","","","","",12,1,"","","","","","","","","","","","","","","","","","","","","","","","","","","","","",""
"61328002","LE PIN-AU-HARAS -INRAE",48.735833,0.128167,176,2002102309,0.,1,"","","","","","","","","","","","","","","","","","","","","","","","","","","","","","","","","","",10.2,1,"","","","","","","","","","","","","","","","","","","","","","","","","","","","",80,1,"","","","","","","","","","","","","","","","","","","","","","","","","","","","","","","","","","","","","","","","","","","","","","","","","","","","","","","","","","","","","","","","","","","","","","","","","","","","","","","","","","","","","","","","","","","","","","","","","","",52,1,"","","","","","","","","","","","","","","","","","","","","","","","","","","","","",""
"61328002","LE PIN-AU-HARAS -INRAE",48.735833,0.128167,176,2002102310,0.,1,"","","","","","","","","","","","","","","","","","","","","","","","","","","","","","","","","","",10.9,1,"","","","","","","","","","","","","","","","","","","","","","","","","","","","",69,1,"","","","","","","","","","","","","","","","","","","","","","","","","","","","","","","","","","","","","","","","","","","","","","","","","","","","","","","","","","","","","","","","","","","","","","","","","","","","","","","","","","","","","","","","","","","","","","","","","","",126,1,"","","","","","","","","","","","","","","","","","","","","","","","","","","","","",""
"61328002","LE PIN-AU-HARAS -INRAE",48.735833,0.128167,176,2002102311,0.,1,"","","","","","","","","","","","","","","","","","","","","","","","","","","","","","","","","","",11.5,1,"","","","","","","","","","","","","","","","","","","","","","","","","","","","",60,1,"","","","","","","","","","","","","","","","","","","","","","","","","","","","","","","","","","","","","","","","","","","","","","","","","","","","","","","","","","","","","","","","","","","","","","","","","","","","","","","","","","","","","","","","","","","","","","","","","","",166,1,"","","","","","","","","","","","","","","","","","","","","","","","","","","","","",""
"61328002","LE PIN-AU-HARAS -INRAE",48.735833,0.128167,176,2002102312,0.,1,"","","","","","","","","","","","","","","","","","","","","","","","","","","","","","","","","","",12.2,1,"","","","","","","","","","","","","","","","","","","","","","","","","","","","",58,1,"","","","","","","","","","","","","","","","","","","","","","","","","","","","","","","","","","","","","","","","","","","","","","","","","","","","","","","","","","","","","","","","","","","","","","","","","","","","","","","","","","","","","","","","","","","","","","","","","","",160,1,"","","","","","","","","","","","","","","","","","","","","","","","","","","","","",""
"61328002","LE PIN-AU-HARAS -INRAE",48.735833,0.128167,176,2002102313,0.,1,"","","","","","","","","","","","","","","","","","","","","","","","","","","","","","","","","","",11.,1,"","","","","","","","","","","","","","","","","","","","","","","","","","","","",57,1,"","","","","","","","","","","","","","","","","","","","","","","","","","","","","","","","","","","","","","","","","","","","","","","","","","","","","","","","","","","","","","","","","","","","","","","","","","","","","","","","","","","","","","","","","","","","","","","","","","",132,1,"","","","","","","","","","","","","","","","","","","","","","","","","","","","","",""
"61328002","LE PIN-AU-HARAS -INRAE",48.735833,0.128167,176,2002102314,0.,1,"","","","","","","","","","","","","","","","","","","","","","","","","","","","","","","","","","",9.1,1,"","","","","","","","","","","","","","","","","","","","","","","","","","","","",75,1,"","","","","","","","","","","","","","","","","","","","","","","","","","","","","","","","","","","","","","","","","","","","","","","","","","","","","","","","","","","","","","","","","","","","","","","","","","","","","","","","","","","","","","","","","","","","","","","","","","",56,1,"","","","","","","","","","","","","","","","","","","","","","","","","","","","","",""
"61328002","LE PIN-AU-HARAS -INRAE",48.735833,0.128167,176,2002102315,0.,1,"","","","","","","","","","","","","","","","","","","","","","","","","","","","","","","","","","",10.2,1,"","","","","","","","","","","","","","","","","","","","","","","","","","","","",74,1,"","","","","","","","","","","","","","","","","","","","","","","","","","","","","","","","","","","","","","","","","","","","","","","","","","","","","","","","","","","","","","","","","","","","","","","","","","","","","","","","","","","","","","","","","","","","","","","","","","",104,1,"","","","","","","","","","","","","","","","","","","","","","","","","","","","","",""
"61328002","LE PIN-AU-HARAS -INRAE",48.735833,0.128167,176,2002102316,0.5,1,"","","","","","","","","","","","","","","","","","","","","","","","","","","","","","","","","","",9.1,1,"","","","","","","","","","","","","","","","","","","","","","","","","","","","",76,1,"","","","","","","","","","","","","","","","","","","","","","","","","","","","","","","","","","","","","","","","","","","","","","","","","","","","","","","","","","","","","","","","","","","","","","","","","","","","","","","","","","","","","","","","","","","","","","","","","","",48,1,"","","","","","","","","","","","","","","","","","","","","","","","","","","","","",""
"61328002","LE PIN-AU-HARAS -INRAE",48.735833,0.128167,176,2002102317,0.,1,"","","","","","","","","","","","","","","","","","","","","","","","","","","","","","","","","","",8.,1,"","","","","","","","","","","","","","","","","","","","","","","","","","","","",82,1,"","","","","","","","","","","","","","","","","","","","","","","","","","","","","","","","","","","","","","","","","","","","","","","","","","","","","","","","","","","","","","","","","","","","","","","","","","","","","","","","","","","","","","","","","","","","","","","","","","",8,1,"","","","","","","","","","","","","","","","","","","","","","","","","","","","","",""
"61328002","LE PIN-AU-HARAS -INRAE",48.735833,0.128167,176,2002102318,0.,1,"","","","","","","","","","","","","","","","","","","","","","","","","","","","","","","","","","",7.8,1,"","","","","","","","","","","","","","","","","","","","","","","","","","","","",87,1,"","","","","","","","","","","","","","","","","","","","","","","","","","","","","","","","","","","","","","","","","","","","","","","","","","","","","","","","","","","","","","","","","","","","","","","","","","","","","","","","","","","","","","","","","","","","","","","","","","",0,1,"","","","","","","","","","","","","","","","","","","","","","","","","","","","","",""
"61328002","LE PIN-AU-HARAS -INRAE",48.735833,0.128167,176,2002102319,0.,1,"","","","","","","","","","","","","","","","","","","","","","","","","","","","","","","","","","",7.,1,"","","","","","","","","","","","","","","","","","","","","","","","","","","","",88,1,"","","","","","","","","","","","","","","","","","","","","","","","","","","","","","","","","","","","","","","","","","","","","","","","","","","","","","","","","","","","","","","","","","","","","","","","","","","","","","","","","","","","","","","","","","","","","","","","","","",0,1,"","","","","","","","","","","","","","","","","","","","","","","","","","","","","",""
"61328002","LE PIN-AU-HARAS -INRAE",48.735833,0.128167,176,2002102320,0.,1,"","","","","","","","","","","","","","","","","","","","","","","","","","","","","","","","","","",7.2,1,"","","","","","","","","","","","","","","","","","","","","","","","","","","","",86,1,"","","","","","","","","","","","","","","","","","","","","","","","","","","","","","","","","","","","","","","","","","","","","","","","","","","","","","","","","","","","","","","","","","","","","","","","","","","","","","","","","","","","","","","","","","","","","","","","","","",0,1,"","","","","","","","","","","","","","","","","","","","","","","","","","","","","",""
"61328002","LE PIN-AU-HARAS -INRAE",48.735833,0.128167,176,2002102321,0.,1,"","","","","","","","","","","","","","","","","","","","","","","","","","","","","","","","","","",7.4,1,"","","","","","","","","","","","","","","","","","","","","","","","","","","","",82,1,"","","","","","","","","","","","","","","","","","","","","","","","","","","","","","","","","","","","","","","","","","","","","","","","","","","","","","","","","","","","","","","","","","","","","","","","","","","","","","","","","","","","","","","","","","","","","","","","","","",0,1,"","","","","","","","","","","","","","","","","","","","","","","","","","","","","",""
"61328002","LE PIN-AU-HARAS -INRAE",48.735833,0.128167,176,2002102322,0.,1,"","","","","","","","","","","","","","","","","","","","","","","","","","","","","","","","","","",6.5,1,"","","","","","","","","","","","","","","","","","","","","","","","","","","","",85,1,"","","","","","","","","","","","","","","","","","","","","","","","","","","","","","","","","","","","","","","","","","","","","","","","","","","","","","","","","","","","","","","","","","","","","","","","","","","","","","","","","","","","","","","","","","","","","","","","","","",0,1,"","","","","","","","","","","","","","","","","","","","","","","","","","","","","",""
"61328002","LE PIN-AU-HARAS -INRAE",48.735833,0.128167,176,2002102323,0.,1,"","","","","","","","","","","","","","","","","","","","","","","","","","","","","","","","","","",6.4,1,"","","","","","","","","","","","","","","","","","","","","","","","","","","","",84,1,"","","","","","","","","","","","","","","","","","","","","","","","","","","","","","","","","","","","","","","","","","","","","","","","","","","","","","","","","","","","","","","","","","","","","","","","","","","","","","","","","","","","","","","","","","","","","","","","","","",0,1,"","","","","","","","","","","","","","","","","","","","","","","","","","","","","",""
"61328002","LE PIN-AU-HARAS -INRAE",48.735833,0.128167,176,2002102400,0.,1,"","","","","","","","","","","","","","","","","","","","","","","","","","","","","","","","","","",5.9,1,"","","","","","","","","","","","","","","","","","","","","","","","","","","","",89,1,"","","","","","","","","","","","","","","","","","","","","","","","","","","","","","","","","","","","","","","","","","","","","","","","","","","","","","","","","","","","","","","","","","","","","","","","","","","","","","","","","","","","","","","","","","","","","","","","","","",0,1,"","","","","","","","","","","","","","","","","","","","","","","","","","","","","",""
"61328002","LE PIN-AU-HARAS -INRAE",48.735833,0.128167,176,2002102401,0.,1,"","","","","","","","","","","","","","","","","","","","","","","","","","","","","","","","","","",6.5,1,"","","","","","","","","","","","","","","","","","","","","","","","","","","","",89,1,"","","","","","","","","","","","","","","","","","","","","","","","","","","","","","","","","","","","","","","","","","","","","","","","","","","","","","","","","","","","","","","","","","","","","","","","","","","","","","","","","","","","","","","","","","","","","","","","","","",0,1,"","","","","","","","","","","","","","","","","","","","","","","","","","","","","",""
"61328002","LE PIN-AU-HARAS -INRAE",48.735833,0.128167,176,2002102402,0.,1,"","","","","","","","","","","","","","","","","","","","","","","","","","","","","","","","","","",5.6,1,"","","","","","","","","","","","","","","","","","","","","","","","","","","","",92,1,"","","","","","","","","","","","","","","","","","","","","","","","","","","","","","","","","","","","","","","","","","","","","","","","","","","","","","","","","","","","","","","","","","","","","","","","","","","","","","","","","","","","","","","","","","","","","","","","","","",0,1,"","","","","","","","","","","","","","","","","","","","","","","","","","","","","",""
"61328002","LE PIN-AU-HARAS -INRAE",48.735833,0.128167,176,2002102403,0.,1,"","","","","","","","","","","","","","","","","","","","","","","","","","","","","","","","","","",6.,1,"","","","","","","","","","","","","","","","","","","","","","","","","","","","",94,1,"","","","","","","","","","","","","","","","","","","","","","","","","","","","","","","","","","","","","","","","","","","","","","","","","","","","","","","","","","","","","","","","","","","","","","","","","","","","","","","","","","","","","","","","","","","","","","","","","","",0,1,"","","","","","","","","","","","","","","","","","","","","","","","","","","","","",""
"61328002","LE PIN-AU-HARAS -INRAE",48.735833,0.128167,176,2002102404,0.,1,"","","","","","","","","","","","","","","","","","","","","","","","","","","","","","","","","","",6.4,1,"","","","","","","","","","","","","","","","","","","","","","","","","","","","",95,1,"","","","","","","","","","","","","","","","","","","","","","","","","","","","","","","","","","","","","","","","","","","","","","","","","","","","","","","","","","","","","","","","","","","","","","","","","","","","","","","","","","","","","","","","","","","","","","","","","","",0,1,"","","","","","","","","","","","","","","","","","","","","","","","","","","","","",""
"61328002","LE PIN-AU-HARAS -INRAE",48.735833,0.128167,176,2002102405,0.,1,"","","","","","","","","","","","","","","","","","","","","","","","","","","","","","","","","","",6.6,1,"","","","","","","","","","","","","","","","","","","","","","","","","","","","",96,1,"","","","","","","","","","","","","","","","","","","","","","","","","","","","","","","","","","","","","","","","","","","","","","","","","","","","","","","","","","","","","","","","","","","","","","","","","","","","","","","","","","","","","","","","","","","","","","","","","","",0,1,"","","","","","","","","","","","","","","","","","","","","","","","","","","","","",""
"61328002","LE PIN-AU-HARAS -INRAE",48.735833,0.128167,176,2002102406,1.5,1,"","","","","","","","","","","","","","","","","","","","","","","","","","","","","","","","","","",6.8,1,"","","","","","","","","","","","","","","","","","","","","","","","","","","","",97,1,"","","","","","","","","","","","","","","","","","","","","","","","","","","","","","","","","","","","","","","","","","","","","","","","","","","","","","","","","","","","","","","","","","","","","","","","","","","","","","","","","","","","","","","","","","","","","","","","","","",0,1,"","","","","","","","","","","","","","","","","","","","","","","","","","","","","",""
"61328002","LE PIN-AU-HARAS -INRAE",48.735833,0.128167,176,2002102407,2.,1,"","","","","","","","","","","","","","","","","","","","","","","","","","","","","","","","","","",6.9,1,"","","","","","","","","","","","","","","","","","","","","","","","","","","","",98,1,"","","","","","","","","","","","","","","","","","","","","","","","","","","","","","","","","","","","","","","","","","","","","","","","","","","","","","","","","","","","","","","","","","","","","","","","","","","","","","","","","","","","","","","","","","","","","","","","","","",0,1,"","","","","","","","","","","","","","","","","","","","","","","","","","","","","",""
"61328002","LE PIN-AU-HARAS -INRAE",48.735833,0.128167,176,2002102408,1.5,1,"","","","","","","","","","","","","","","","","","","","","","","","","","","","","","","","","","",7.2,1,"","","","","","","","","","","","","","","","","","","","","","","","","","","","",99,1,"","","","","","","","","","","","","","","","","","","","","","","","","","","","","","","","","","","","","","","","","","","","","","","","","","","","","","","","","","","","","","","","","","","","","","","","","","","","","","","","","","","","","","","","","","","","","","","","","","",4,1,"","","","","","","","","","","","","","","","","","","","","","","","","","","","","",""
"61328002","LE PIN-AU-HARAS -INRAE",48.735833,0.128167,176,2002102409,1.5,1,"","","","","","","","","","","","","","","","","","","","","","","","","","","","","","","","","","",7.8,1,"","","","","","","","","","","","","","","","","","","","","","","","","","","","",100,1,"","","","","","","","","","","","","","","","","","","","","","","","","","","","","","","","","","","","","","","","","","","","","","","","","","","","","","","","","","","","","","","","","","","","","","","","","","","","","","","","","","","","","","","","","","","","","","","","","","",12,1,"","","","","","","","","","","","","","","","","","","","","","","","","","","","","",""
"61328002","LE PIN-AU-HARAS -INRAE",48.735833,0.128167,176,2002102410,2.,1,"","","","","","","","","","","","","","","","","","","","","","","","","","","","","","","","","","",8.4,1,"","","","","","","","","","","","","","","","","","","","","","","","","","","","",100,1,"","","","","","","","","","","","","","","","","","","","","","","","","","","","","","","","","","","","","","","","","","","","","","","","","","","","","","","","","","","","","","","","","","","","","","","","","","","","","","","","","","","","","","","","","","","","","","","","","","",16,1,"","","","","","","","","","","","","","","","","","","","","","","","","","","","","",""
"61328002","LE PIN-AU-HARAS -INRAE",48.735833,0.128167,176,2002102411,1.5,1,"","","","","","","","","","","","","","","","","","","","","","","","","","","","","","","","","","",9.4,1,"","","","","","","","","","","","","","","","","","","","","","","","","","","","",100,1,"","","","","","","","","","","","","","","","","","","","","","","","","","","","","","","","","","","","","","","","","","","","","","","","","","","","","","","","","","","","","","","","","","","","","","","","","","","","","","","","","","","","","","","","","","","","","","","","","","",38,1,"","","","","","","","","","","","","","","","","","","","","","","","","","","","","",""
"61328002","LE PIN-AU-HARAS -INRAE",48.735833,0.128167,176,2002102412,0.,1,"","","","","","","","","","","","","","","","","","","","","","","","","","","","","","","","","","",9.7,1,"","","","","","","","","","","","","","","","","","","","","","","","","","","","",99,1,"","","","","","","","","","","","","","","","","","","","","","","","","","","","","","","","","","","","","","","","","","","","","","","","","","","","","","","","","","","","","","","","","","","","","","","","","","","","","","","","","","","","","","","","","","","","","","","","","","",42,1,"","","","","","","","","","","","","","","","","","","","","","","","","","","","","",""
"61328002","LE PIN-AU-HARAS -INRAE",48.735833,0.128167,176,2002102413,0.,1,"","","","","","","","","","","","","","","","","","","","","","","","","","","","","","","","","","",10.,1,"","","","","","","","","","","","","","","","","","","","","","","","","","","","",98,1,"","","","","","","","","","","","","","","","","","","","","","","","","","","","","","","","","","","","","","","","","","","","","","","","","","","","","","","","","","","","","","","","","","","","","","","","","","","","","","","","","","","","","","","","","","","","","","","","","","",22,1,"","","","","","","","","","","","","","","","","","","","","","","","","","","","","",""
"61328002","LE PIN-AU-HARAS -INRAE",48.735833,0.128167,176,2002102414,0.5,1,"","","","","","","","","","","","","","","","","","","","","","","","","","","","","","","","","","",11.,1,"","","","","","","","","","","","","","","","","","","","","","","","","","","","",99,1,"","","","","","","","","","","","","","","","","","","","","","","","","","","","","","","","","","","","","","","","","","","","","","","","","","","","","","","","","","","","","","","","","","","","","","","","","","","","","","","","","","","","","","","","","","","","","","","","","","",32,1,"","","","","","","","","","","","","","","","","","","","","","","","","","","","","",""
"61328002","LE PIN-AU-HARAS -INRAE",48.735833,0.128167,176,2002102415,0.,1,"","","","","","","","","","","","","","","","","","","","","","","","","","","","","","","","","","",12.2,1,"","","","","","","","","","","","","","","","","","","","","","","","","","","","",98,1,"","","","","","","","","","","","","","","","","","","","","","","","","","","","","","","","","","","","","","","","","","","","","","","","","","","","","","","","","","","","","","","","","","","","","","","","","","","","","","","","","","","","","","","","","","","","","","","","","","",40,1,"","","","","","","","","","","","","","","","","","","","","","","","","","","","","",""
"61328002","LE PIN-AU-HARAS -INRAE",48.735833,0.128167,176,2002102416,0.,1,"","","","","","","","","","","","","","","","","","","","","","","","","","","","","","","","","","",12.1,1,"","","","","","","","","","","","","","","","","","","","","","","","","","","","",97,1,"","","","","","","","","","","","","","","","","","","","","","","","","","","","","","","","","","","","","","","","","","","","","","","","","","","","","","","","","","","","","","","","","","","","","","","","","","","","","","","","","","","","","","","","","","","","","","","","","","",14,1,"","","","","","","","","","","","","","","","","","","","","","","","","","","","","",""
"61328002","LE PIN-AU-HARAS -INRAE",48.735833,0.128167,176,2002102417,0.,1,"","","","","","","","","","","","","","","","","","","","","","","","","","","","","","","","","","",12.5,1,"","","","","","","","","","","","","","","","","","","","","","","","","","","","",98,1,"","","","","","","","","","","","","","","","","","","","","","","","","","","","","","","","","","","","","","","","","","","","","","","","","","","","","","","","","","","","","","","","","","","","","","","","","","","","","","","","","","","","","","","","","","","","","","","","","","",2,1,"","","","","","","","","","","","","","","","","","","","","","","","","","","","","",""
"61328002","LE PIN-AU-HARAS -INRAE",48.735833,0.128167,176,2002102418,0.,1,"","","","","","","","","","","","","","","","","","","","","","","","","","","","","","","","","","",13.1,1,"","","","","","","","","","","","","","","","","","","","","","","","","","","","",94,1,"","","","","","","","","","","","","","","","","","","","","","","","","","","","","","","","","","","","","","","","","","","","","","","","","","","","","","","","","","","","","","","","","","","","","","","","","","","","","","","","","","","","","","","","","","","","","","","","","","",0,1,"","","","","","","","","","","","","","","","","","","","","","","","","","","","","",""
"61328002","LE PIN-AU-HARAS -INRAE",48.735833,0.128167,176,2002102419,0.,1,"","","","","","","","","","","","","","","","","","","","","","","","","","","","","","","","","","",13.2,1,"","","","","","","","","","","","","","","","","","","","","","","","","","","","",91,1,"","","","","","","","","","","","","","","","","","","","","","","","","","","","","","","","","","","","","","","","","","","","","","","","","","","","","","","","","","","","","","","","","","","","","","","","","","","","","","","","","","","","","","","","","","","","","","","","","","",0,1,"","","","","","","","","","","","","","","","","","","","","","","","","","","","","",""
"61328002","LE PIN-AU-HARAS -INRAE",48.735833,0.128167,176,2002102420,0.,1,"","","","","","","","","","","","","","","","","","","","","","","","","","","","","","","","","","",13.,1,"","","","","","","","","","","","","","","","","","","","","","","","","","","","",91,1,"","","","","","","","","","","","","","","","","","","","","","","","","","","","","","","","","","","","","","","","","","","","","","","","","","","","","","","","","","","","","","","","","","","","","","","","","","","","","","","","","","","","","","","","","","","","","","","","","","",0,1,"","","","","","","","","","","","","","","","","","","","","","","","","","","","","",""
"61328002","LE PIN-AU-HARAS -INRAE",48.735833,0.128167,176,2002102421,0.,1,"","","","","","","","","","","","","","","","","","","","","","","","","","","","","","","","","","",13.,1,"","","","","","","","","","","","","","","","","","","","","","","","","","","","",91,1,"","","","","","","","","","","","","","","","","","","","","","","","","","","","","","","","","","","","","","","","","","","","","","","","","","","","","","","","","","","","","","","","","","","","","","","","","","","","","","","","","","","","","","","","","","","","","","","","","","",0,1,"","","","","","","","","","","","","","","","","","","","","","","","","","","","","",""
"61328002","LE PIN-AU-HARAS -INRAE",48.735833,0.128167,176,2002102422,0.,1,"","","","","","","","","","","","","","","","","","","","","","","","","","","","","","","","","","",13.,1,"","","","","","","","","","","","","","","","","","","","","","","","","","","","",89,1,"","","","","","","","","","","","","","","","","","","","","","","","","","","","","","","","","","","","","","","","","","","","","","","","","","","","","","","","","","","","","","","","","","","","","","","","","","","","","","","","","","","","","","","","","","","","","","","","","","",0,1,"","","","","","","","","","","","","","","","","","","","","","","","","","","","","",""
"61328002","LE PIN-AU-HARAS -INRAE",48.735833,0.128167,176,2002102423,0.,1,"","","","","","","","","","","","","","","","","","","","","","","","","","","","","","","","","","",12.7,1,"","","","","","","","","","","","","","","","","","","","","","","","","","","","",90,1,"","","","","","","","","","","","","","","","","","","","","","","","","","","","","","","","","","","","","","","","","","","","","","","","","","","","","","","","","","","","","","","","","","","","","","","","","","","","","","","","","","","","","","","","","","","","","","","","","","",0,1,"","","","","","","","","","","","","","","","","","","","","","","","","","","","","",""
"61328002","LE PIN-AU-HARAS -INRAE",48.735833,0.128167,176,2002102500,0.,1,"","","","","","","","","","","","","","","","","","","","","","","","","","","","","","","","","","",12.5,1,"","","","","","","","","","","","","","","","","","","","","","","","","","","","",88,1,"","","","","","","","","","","","","","","","","","","","","","","","","","","","","","","","","","","","","","","","","","","","","","","","","","","","","","","","","","","","","","","","","","","","","","","","","","","","","","","","","","","","","","","","","","","","","","","","","","",0,1,"","","","","","","","","","","","","","","","","","","","","","","","","","","","","",""
"61328002","LE PIN-AU-HARAS -INRAE",48.735833,0.128167,176,2002102501,0.,1,"","","","","","","","","","","","","","","","","","","","","","","","","","","","","","","","","","",12.7,1,"","","","","","","","","","","","","","","","","","","","","","","","","","","","",88,1,"","","","","","","","","","","","","","","","","","","","","","","","","","","","","","","","","","","","","","","","","","","","","","","","","","","","","","","","","","","","","","","","","","","","","","","","","","","","","","","","","","","","","","","","","","","","","","","","","","",0,1,"","","","","","","","","","","","","","","","","","","","","","","","","","","","","",""
"61328002","LE PIN-AU-HARAS -INRAE",48.735833,0.128167,176,2002102502,0.,1,"","","","","","","","","","","","","","","","","","","","","","","","","","","","","","","","","","",12.4,1,"","","","","","","","","","","","","","","","","","","","","","","","","","","","",88,1,"","","","","","","","","","","","","","","","","","","","","","","","","","","","","","","","","","","","","","","","","","","","","","","","","","","","","","","","","","","","","","","","","","","","","","","","","","","","","","","","","","","","","","","","","","","","","","","","","","",0,1,"","","","","","","","","","","","","","","","","","","","","","","","","","","","","",""
"61328002","LE PIN-AU-HARAS -INRAE",48.735833,0.128167,176,2002102503,0.,1,"","","","","","","","","","","","","","","","","","","","","","","","","","","","","","","","","","",12.5,1,"","","","","","","","","","","","","","","","","","","","","","","","","","","","",87,1,"","","","","","","","","","","","","","","","","","","","","","","","","","","","","","","","","","","","","","","","","","","","","","","","","","","","","","","","","","","","","","","","","","","","","","","","","","","","","","","","","","","","","","","","","","","","","","","","","","",0,1,"","","","","","","","","","","","","","","","","","","","","","","","","","","","","",""
"61328002","LE PIN-AU-HARAS -INRAE",48.735833,0.128167,176,2002102504,0.,1,"","","","","","","","","","","","","","","","","","","","","","","","","","","","","","","","","","",12.1,1,"","","","","","","","","","","","","","","","","","","","","","","","","","","","",90,1,"","","","","","","","","","","","","","","","","","","","","","","","","","","","","","","","","","","","","","","","","","","","","","","","","","","","","","","","","","","","","","","","","","","","","","","","","","","","","","","","","","","","","","","","","","","","","","","","","","",0,1,"","","","","","","","","","","","","","","","","","","","","","","","","","","","","",""
"61328002","LE PIN-AU-HARAS -INRAE",48.735833,0.128167,176,2002102505,1.,1,"","","","","","","","","","","","","","","","","","","","","","","","","","","","","","","","","","",11.8,1,"","","","","","","","","","","","","","","","","","","","","","","","","","","","",96,1,"","","","","","","","","","","","","","","","","","","","","","","","","","","","","","","","","","","","","","","","","","","","","","","","","","","","","","","","","","","","","","","","","","","","","","","","","","","","","","","","","","","","","","","","","","","","","","","","","","",0,1,"","","","","","","","","","","","","","","","","","","","","","","","","","","","","",""
"61328002","LE PIN-AU-HARAS -INRAE",48.735833,0.128167,176,2002102506,1.5,1,"","","","","","","","","","","","","","","","","","","","","","","","","","","","","","","","","","",12.,1,"","","","","","","","","","","","","","","","","","","","","","","","","","","","",98,1,"","","","","","","","","","","","","","","","","","","","","","","","","","","","","","","","","","","","","","","","","","","","","","","","","","","","","","","","","","","","","","","","","","","","","","","","","","","","","","","","","","","","","","","","","","","","","","","","","","",0,1,"","","","","","","","","","","","","","","","","","","","","","","","","","","","","",""
"61328002","LE PIN-AU-HARAS -INRAE",48.735833,0.128167,176,2002102507,2.5,1,"","","","","","","","","","","","","","","","","","","","","","","","","","","","","","","","","","",12.1,1,"","","","","","","","","","","","","","","","","","","","","","","","","","","","",100,1,"","","","","","","","","","","","","","","","","","","","","","","","","","","","","","","","","","","","","","","","","","","","","","","","","","","","","","","","","","","","","","","","","","","","","","","","","","","","","","","","","","","","","","","","","","","","","","","","","","",0,1,"","","","","","","","","","","","","","","","","","","","","","","","","","","","","",""
"61328002","LE PIN-AU-HARAS -INRAE",48.735833,0.128167,176,2002102508,1.5,1,"","","","","","","","","","","","","","","","","","","","","","","","","","","","","","","","","","",12.4,1,"","","","","","","","","","","","","","","","","","","","","","","","","","","","",100,1,"","","","","","","","","","","","","","","","","","","","","","","","","","","","","","","","","","","","","","","","","","","","","","","","","","","","","","","","","","","","","","","","","","","","","","","","","","","","","","","","","","","","","","","","","","","","","","","","","","",4,1,"","","","","","","","","","","","","","","","","","","","","","","","","","","","","",""
"61328002","LE PIN-AU-HARAS -INRAE",48.735833,0.128167,176,2002102509,3.,1,"","","","","","","","","","","","","","","","","","","","","","","","","","","","","","","","","","",12.5,1,"","","","","","","","","","","","","","","","","","","","","","","","","","","","",100,1,"","","","","","","","","","","","","","","","","","","","","","","","","","","","","","","","","","","","","","","","","","","","","","","","","","","","","","","","","","","","","","","","","","","","","","","","","","","","","","","","","","","","","","","","","","","","","","","","","","",8,1,"","","","","","","","","","","","","","","","","","","","","","","","","","","","","",""
"61328002","LE PIN-AU-HARAS -INRAE",48.735833,0.128167,176,2002102510,3.5,1,"","","","","","","","","","","","","","","","","","","","","","","","","","","","","","","","","","",12.3,1,"","","","","","","","","","","","","","","","","","","","","","","","","","","","",100,1,"","","","","","","","","","","","","","","","","","","","","","","","","","","","","","","","","","","","","","","","","","","","","","","","","","","","","","","","","","","","","","","","","","","","","","","","","","","","","","","","","","","","","","","","","","","","","","","","","","",14,1,"","","","","","","","","","","","","","","","","","","","","","","","","","","","","",""
"61328002","LE PIN-AU-HARAS -INRAE",48.735833,0.128167,176,2002102511,4.5,1,"","","","","","","","","","","","","","","","","","","","","","","","","","","","","","","","","","",12.8,1,"","","","","","","","","","","","","","","","","","","","","","","","","","","","",100,1,"","","","","","","","","","","","","","","","","","","","","","","","","","","","","","","","","","","","","","","","","","","","","","","","","","","","","","","","","","","","","","","","","","","","","","","","","","","","","","","","","","","","","","","","","","","","","","","","","","",22,1,"","","","","","","","","","","","","","","","","","","","","","","","","","","","","",""
"61328002","LE PIN-AU-HARAS -INRAE",48.735833,0.128167,176,2002102512,0.,1,"","","","","","","","","","","","","","","","","","","","","","","","","","","","","","","","","","",13.9,1,"","","","","","","","","","","","","","","","","","","","","","","","","","","","",100,1,"","","","","","","","","","","","","","","","","","","","","","","","","","","","","","","","","","","","","","","","","","","","","","","","","","","","","","","","","","","","","","","","","","","","","","","","","","","","","","","","","","","","","","","","","","","","","","","","","","",36,1,"","","","","","","","","","","","","","","","","","","","","","","","","","","","","",""
"61328002","LE PIN-AU-HARAS -INRAE",48.735833,0.128167,176,2002102513,0.,1,"","","","","","","","","","","","","","","","","","","","","","","","","","","","","","","","","","",15.,1,"","","","","","","","","","","","","","","","","","","","","","","","","","","","",87,1,"","","","","","","","","","","","","","","","","","","","","","","","","","","","","","","","","","","","","","","","","","","","","","","","","","","","","","","","","","","","","","","","","","","","","","","","","","","","","","","","","","","","","","","","","","","","","","","","","","",98,1,"","","","","","","","","","","","","","","","","","","","","","","","","","","","","",""
"61328002","LE PIN-AU-HARAS -INRAE",48.735833,0.128167,176,2002102514,0.,1,"","","","","","","","","","","","","","","","","","","","","","","","","","","","","","","","","","",15.3,1,"","","","","","","","","","","","","","","","","","","","","","","","","","","","",83,1,"","","","","","","","","","","","","","","","","","","","","","","","","","","","","","","","","","","","","","","","","","","","","","","","","","","","","","","","","","","","","","","","","","","","","","","","","","","","","","","","","","","","","","","","","","","","","","","","","","",60,1,"","","","","","","","","","","","","","","","","","","","","","","","","","","","","",""
"61328002","LE PIN-AU-HARAS -INRAE",48.735833,0.128167,176,2002102515,0.,1,"","","","","","","","","","","","","","","","","","","","","","","","","","","","","","","","","","",15.5,1,"","","","","","","","","","","","","","","","","","","","","","","","","","","","",80,1,"","","","","","","","","","","","","","","","","","","","","","","","","","","","","","","","","","","","","","","","","","","","","","","","","","","","","","","","","","","","","","","","","","","","","","","","","","","","","","","","","","","","","","","","","","","","","","","","","","",50,1,"","","","","","","","","","","","","","","","","","","","","","","","","","","","","",""
"61328002","LE PIN-AU-HARAS -INRAE",48.735833,0.128167,176,2002102516,0.,1,"","","","","","","","","","","","","","","","","","","","","","","","","","","","","","","","","","",15.6,1,"","","","","","","","","","","","","","","","","","","","","","","","","","","","",76,1,"","","","","","","","","","","","","","","","","","","","","","","","","","","","","","","","","","","","","","","","","","","","","","","","","","","","","","","","","","","","","","","","","","","","","","","","","","","","","","","","","","","","","","","","","","","","","","","","","","",38,1,"","","","","","","","","","","","","","","","","","","","","","","","","","","","","",""
"61328002","LE PIN-AU-HARAS -INRAE",48.735833,0.128167,176,2002102517,0.,1,"","","","","","","","","","","","","","","","","","","","","","","","","","","","","","","","","","",14.8,1,"","","","","","","","","","","","","","","","","","","","","","","","","","","","",73,1,"","","","","","","","","","","","","","","","","","","","","","","","","","","","","","","","","","","","","","","","","","","","","","","","","","","","","","","","","","","","","","","","","","","","","","","","","","","","","","","","","","","","","","","","","","","","","","","","","","",6,1,"","","","","","","","","","","","","","","","","","","","","","","","","","","","","",""
"61328002","LE PIN-AU-HARAS -INRAE",48.735833,0.128167,176,2002102518,0.,1,"","","","","","","","","","","","","","","","","","","","","","","","","","","","","","","","","","",14.3,1,"","","","","","","","","","","","","","","","","","","","","","","","","","","","",73,1,"","","","","","","","","","","","","","","","","","","","","","","","","","","","","","","","","","","","","","","","","","","","","","","","","","","","","","","","","","","","","","","","","","","","","","","","","","","","","","","","","","","","","","","","","","","","","","","","","","",0,1,"","","","","","","","","","","","","","","","","","","","","","","","","","","","","",""
"61328002","LE PIN-AU-HARAS -INRAE",48.735833,0.128167,176,2002102519,0.,1,"","","","","","","","","","","","","","","","","","","","","","","","","","","","","","","","","","",13.6,1,"","","","","","","","","","","","","","","","","","","","","","","","","","","","",76,1,"","","","","","","","","","","","","","","","","","","","","","","","","","","","","","","","","","","","","","","","","","","","","","","","","","","","","","","","","","","","","","","","","","","","","","","","","","","","","","","","","","","","","","","","","","","","","","","","","","",0,1,"","","","","","","","","","","","","","","","","","","","","","","","","","","","","",""
"61328002","LE PIN-AU-HARAS -INRAE",48.735833,0.128167,176,2002102520,0.,1,"","","","","","","","","","","","","","","","","","","","","","","","","","","","","","","","","","",13.4,1,"","","","","","","","","","","","","","","","","","","","","","","","","","","","",72,1,"","","","","","","","","","","","","","","","","","","","","","","","","","","","","","","","","","","","","","","","","","","","","","","","","","","","","","","","","","","","","","","","","","","","","","","","","","","","","","","","","","","","","","","","","","","","","","","","","","",0,1,"","","","","","","","","","","","","","","","","","","","","","","","","","","","","",""
"61328002","LE PIN-AU-HARAS -INRAE",48.735833,0.128167,176,2002102521,0.,1,"","","","","","","","","","","","","","","","","","","","","","","","","","","","","","","","","","",13.5,1,"","","","","","","","","","","","","","","","","","","","","","","","","","","","",70,1,"","","","","","","","","","","","","","","","","","","","","","","","","","","","","","","","","","","","","","","","","","","","","","","","","","","","","","","","","","","","","","","","","","","","","","","","","","","","","","","","","","","","","","","","","","","","","","","","","","",0,1,"","","","","","","","","","","","","","","","","","","","","","","","","","","","","",""
"61328002","LE PIN-AU-HARAS -INRAE",48.735833,0.128167,176,2002102522,0.,1,"","","","","","","","","","","","","","","","","","","","","","","","","","","","","","","","","","",13.,1,"","","","","","","","","","","","","","","","","","","","","","","","","","","","",70,1,"","","","","","","","","","","","","","","","","","","","","","","","","","","","","","","","","","","","","","","","","","","","","","","","","","","","","","","","","","","","","","","","","","","","","","","","","","","","","","","","","","","","","","","","","","","","","","","","","","",0,1,"","","","","","","","","","","","","","","","","","","","","","","","","","","","","",""
"61328002","LE PIN-AU-HARAS -INRAE",48.735833,0.128167,176,2002102523,0.,1,"","","","","","","","","","","","","","","","","","","","","","","","","","","","","","","","","","",12.6,1,"","","","","","","","","","","","","","","","","","","","","","","","","","","","",72,1,"","","","","","","","","","","","","","","","","","","","","","","","","","","","","","","","","","","","","","","","","","","","","","","","","","","","","","","","","","","","","","","","","","","","","","","","","","","","","","","","","","","","","","","","","","","","","","","","","","",0,1,"","","","","","","","","","","","","","","","","","","","","","","","","","","","","",""
"61328002","LE PIN-AU-HARAS -INRAE",48.735833,0.128167,176,2002102600,0.,1,"","","","","","","","","","","","","","","","","","","","","","","","","","","","","","","","","","",12.4,1,"","","","","","","","","","","","","","","","","","","","","","","","","","","","",70,1,"","","","","","","","","","","","","","","","","","","","","","","","","","","","","","","","","","","","","","","","","","","","","","","","","","","","","","","","","","","","","","","","","","","","","","","","","","","","","","","","","","","","","","","","","","","","","","","","","","",0,1,"","","","","","","","","","","","","","","","","","","","","","","","","","","","","",""
"61328002","LE PIN-AU-HARAS -INRAE",48.735833,0.128167,176,2002102601,0.,1,"","","","","","","","","","","","","","","","","","","","","","","","","","","","","","","","","","",12.2,1,"","","","","","","","","","","","","","","","","","","","","","","","","","","","",67,1,"","","","","","","","","","","","","","","","","","","","","","","","","","","","","","","","","","","","","","","","","","","","","","","","","","","","","","","","","","","","","","","","","","","","","","","","","","","","","","","","","","","","","","","","","","","","","","","","","","",0,1,"","","","","","","","","","","","","","","","","","","","","","","","","","","","","",""
"61328002","LE PIN-AU-HARAS -INRAE",48.735833,0.128167,176,2002102602,0.,1,"","","","","","","","","","","","","","","","","","","","","","","","","","","","","","","","","","",11.4,1,"","","","","","","","","","","","","","","","","","","","","","","","","","","","",72,1,"","","","","","","","","","","","","","","","","","","","","","","","","","","","","","","","","","","","","","","","","","","","","","","","","","","","","","","","","","","","","","","","","","","","","","","","","","","","","","","","","","","","","","","","","","","","","","","","","","",0,1,"","","","","","","","","","","","","","","","","","","","","","","","","","","","","",""
"61328002","LE PIN-AU-HARAS -INRAE",48.735833,0.128167,176,2002102603,0.,1,"","","","","","","","","","","","","","","","","","","","","","","","","","","","","","","","","","",11.1,1,"","","","","","","","","","","","","","","","","","","","","","","","","","","","",77,1,"","","","","","","","","","","","","","","","","","","","","","","","","","","","","","","","","","","","","","","","","","","","","","","","","","","","","","","","","","","","","","","","","","","","","","","","","","","","","","","","","","","","","","","","","","","","","","","","","","",0,1,"","","","","","","","","","","","","","","","","","","","","","","","","","","","","",""
"61328002","LE PIN-AU-HARAS -INRAE",48.735833,0.128167,176,2002102604,0.,1,"","","","","","","","","","","","","","","","","","","","","","","","","","","","","","","","","","",11.6,1,"","","","","","","","","","","","","","","","","","","","","","","","","","","","",78,1,"","","","","","","","","","","","","","","","","","","","","","","","","","","","","","","","","","","","","","","","","","","","","","","","","","","","","","","","","","","","","","","","","","","","","","","","","","","","","","","","","","","","","","","","","","","","","","","","","","",0,1,"","","","","","","","","","","","","","","","","","","","","","","","","","","","","",""
"61328002","LE PIN-AU-HARAS -INRAE",48.735833,0.128167,176,2002102605,0.,1,"","","","","","","","","","","","","","","","","","","","","","","","","","","","","","","","","","",11.6,1,"","","","","","","","","","","","","","","","","","","","","","","","","","","","",75,1,"","","","","","","","","","","","","","","","","","","","","","","","","","","","","","","","","","","","","","","","","","","","","","","","","","","","","","","","","","","","","","","","","","","","","","","","","","","","","","","","","","","","","","","","","","","","","","","","","","",0,1,"","","","","","","","","","","","","","","","","","","","","","","","","","","","","",""
"61328002","LE PIN-AU-HARAS -INRAE",48.735833,0.128167,176,2002102606,0.,1,"","","","","","","","","","","","","","","","","","","","","","","","","","","","","","","","","","",10.7,1,"","","","","","","","","","","","","","","","","","","","","","","","","","","","",79,1,"","","","","","","","","","","","","","","","","","","","","","","","","","","","","","","","","","","","","","","","","","","","","","","","","","","","","","","","","","","","","","","","","","","","","","","","","","","","","","","","","","","","","","","","","","","","","","","","","","",0,1,"","","","","","","","","","","","","","","","","","","","","","","","","","","","","",""
"61328002","LE PIN-AU-HARAS -INRAE",48.735833,0.128167,176,2002102607,0.,1,"","","","","","","","","","","","","","","","","","","","","","","","","","","","","","","","","","",10.7,1,"","","","","","","","","","","","","","","","","","","","","","","","","","","","",82,1,"","","","","","","","","","","","","","","","","","","","","","","","","","","","","","","","","","","","","","","","","","","","","","","","","","","","","","","","","","","","","","","","","","","","","","","","","","","","","","","","","","","","","","","","","","","","","","","","","","",0,1,"","","","","","","","","","","","","","","","","","","","","","","","","","","","","",""
"61328002","LE PIN-AU-HARAS -INRAE",48.735833,0.128167,176,2002102608,0.,1,"","","","","","","","","","","","","","","","","","","","","","","","","","","","","","","","","","",11.6,1,"","","","","","","","","","","","","","","","","","","","","","","","","","","","",79,1,"","","","","","","","","","","","","","","","","","","","","","","","","","","","","","","","","","","","","","","","","","","","","","","","","","","","","","","","","","","","","","","","","","","","","","","","","","","","","","","","","","","","","","","","","","","","","","","","","","",22,1,"","","","","","","","","","","","","","","","","","","","","","","","","","","","","",""
"61328002","LE PIN-AU-HARAS -INRAE",48.735833,0.128167,176,2002102609,0.,1,"","","","","","","","","","","","","","","","","","","","","","","","","","","","","","","","","","",12.9,1,"","","","","","","","","","","","","","","","","","","","","","","","","","","","",75,1,"","","","","","","","","","","","","","","","","","","","","","","","","","","","","","","","","","","","","","","","","","","","","","","","","","","","","","","","","","","","","","","","","","","","","","","","","","","","","","","","","","","","","","","","","","","","","","","","","","",64,1,"","","","","","","","","","","","","","","","","","","","","","","","","","","","","",""
"61328002","LE PIN-AU-HARAS -INRAE",48.735833,0.128167,176,2002102610,0.,1,"","","","","","","","","","","","","","","","","","","","","","","","","","","","","","","","","","",13.8,1,"","","","","","","","","","","","","","","","","","","","","","","","","","","","",70,1,"","","","","","","","","","","","","","","","","","","","","","","","","","","","","","","","","","","","","","","","","","","","","","","","","","","","","","","","","","","","","","","","","","","","","","","","","","","","","","","","","","","","","","","","","","","","","","","","","","",120,1,"","","","","","","","","","","","","","","","","","","","","","","","","","","","","",""
"61328002","LE PIN-AU-HARAS -INRAE",48.735833,0.128167,176,2002102611,0.,1,"","","","","","","","","","","","","","","","","","","","","","","","","","","","","","","","","","",15.,1,"","","","","","","","","","","","","","","","","","","","","","","","","","","","",64,1,"","","","","","","","","","","","","","","","","","","","","","","","","","","","","","","","","","","","","","","","","","","","","","","","","","","","","","","","","","","","","","","","","","","","","","","","","","","","","","","","","","","","","","","","","","","","","","","","","","",148,1,"","","","","","","","","","","","","","","","","","","","","","","","","","","","","",""
"61328002","LE PIN-AU-HARAS -INRAE",48.735833,0.128167,176,2002102612,0.,1,"","","","","","","","","","","","","","","","","","","","","","","","","","","","","","","","","","",14.8,1,"","","","","","","","","","","","","","","","","","","","","","","","","","","","",63,1,"","","","","","","","","","","","","","","","","","","","","","","","","","","","","","","","","","","","","","","","","","","","","","","","","","","","","","","","","","","","","","","","","","","","","","","","","","","","","","","","","","","","","","","","","","","","","","","","","","",144,1,"","","","","","","","","","","","","","","","","","","","","","","","","","","","","",""
"61328002","LE PIN-AU-HARAS -INRAE",48.735833,0.128167,176,2002102613,0.,1,"","","","","","","","","","","","","","","","","","","","","","","","","","","","","","","","","","",15.4,1,"","","","","","","","","","","","","","","","","","","","","","","","","","","","",64,1,"","","","","","","","","","","","","","","","","","","","","","","","","","","","","","","","","","","","","","","","","","","","","","","","","","","","","","","","","","","","","","","","","","","","","","","","","","","","","","","","","","","","","","","","","","","","","","","","","","",86,1,"","","","","","","","","","","","","","","","","","","","","","","","","","","","","",""
"61328002","LE PIN-AU-HARAS -INRAE",48.735833,0.128167,176,2002102614,0.,1,"","","","","","","","","","","","","","","","","","","","","","","","","","","","","","","","","","",15.7,1,"","","","","","","","","","","","","","","","","","","","","","","","","","","","",57,1,"","","","","","","","","","","","","","","","","","","","","","","","","","","","","","","","","","","","","","","","","","","","","","","","","","","","","","","","","","","","","","","","","","","","","","","","","","","","","","","","","","","","","","","","","","","","","","","","","","",150,1,"","","","","","","","","","","","","","","","","","","","","","","","","","","","","",""
"61328002","LE PIN-AU-HARAS -INRAE",48.735833,0.128167,176,2002102615,0.,1,"","","","","","","","","","","","","","","","","","","","","","","","","","","","","","","","","","",15.4,1,"","","","","","","","","","","","","","","","","","","","","","","","","","","","",53,1,"","","","","","","","","","","","","","","","","","","","","","","","","","","","","","","","","","","","","","","","","","","","","","","","","","","","","","","","","","","","","","","","","","","","","","","","","","","","","","","","","","","","","","","","","","","","","","","","","","",102,1,"","","","","","","","","","","","","","","","","","","","","","","","","","","","","",""
"61328002","LE PIN-AU-HARAS -INRAE",48.735833,0.128167,176,2002102616,0.,1,"","","","","","","","","","","","","","","","","","","","","","","","","","","","","","","","","","",14.3,1,"","","","","","","","","","","","","","","","","","","","","","","","","","","","",60,1,"","","","","","","","","","","","","","","","","","","","","","","","","","","","","","","","","","","","","","","","","","","","","","","","","","","","","","","","","","","","","","","","","","","","","","","","","","","","","","","","","","","","","","","","","","","","","","","","","","",48,1,"","","","","","","","","","","","","","","","","","","","","","","","","","","","","",""
"61328002","LE PIN-AU-HARAS -INRAE",48.735833,0.128167,176,2002102617,0.,1,"","","","","","","","","","","","","","","","","","","","","","","","","","","","","","","","","","",10.2,1,"","","","","","","","","","","","","","","","","","","","","","","","","","","","",73,1,"","","","","","","","","","","","","","","","","","","","","","","","","","","","","","","","","","","","","","","","","","","","","","","","","","","","","","","","","","","","","","","","","","","","","","","","","","","","","","","","","","","","","","","","","","","","","","","","","","",4,1,"","","","","","","","","","","","","","","","","","","","","","","","","","","","","",""
"61328002","LE PIN-AU-HARAS -INRAE",48.735833,0.128167,176,2002102618,0.,1,"","","","","","","","","","","","","","","","","","","","","","","","","","","","","","","","","","",10.4,1,"","","","","","","","","","","","","","","","","","","","","","","","","","","","",87,1,"","","","","","","","","","","","","","","","","","","","","","","","","","","","","","","","","","","","","","","","","","","","","","","","","","","","","","","","","","","","","","","","","","","","","","","","","","","","","","","","","","","","","","","","","","","","","","","","","","",0,1,"","","","","","","","","","","","","","","","","","","","","","","","","","","","","",""
"61328002","LE PIN-AU-HARAS -INRAE",48.735833,0.128167,176,2002102619,0.,1,"","","","","","","","","","","","","","","","","","","","","","","","","","","","","","","","","","",11.6,1,"","","","","","","","","","","","","","","","","","","","","","","","","","","","",81,1,"","","","","","","","","","","","","","","","","","","","","","","","","","","","","","","","","","","","","","","","","","","","","","","","","","","","","","","","","","","","","","","","","","","","","","","","","","","","","","","","","","","","","","","","","","","","","","","","","","",0,1,"","","","","","","","","","","","","","","","","","","","","","","","","","","","","",""
"61328002","LE PIN-AU-HARAS -INRAE",48.735833,0.128167,176,2002102620,0.,1,"","","","","","","","","","","","","","","","","","","","","","","","","","","","","","","","","","",12.2,1,"","","","","","","","","","","","","","","","","","","","","","","","","","","","",80,1,"","","","","","","","","","","","","","","","","","","","","","","","","","","","","","","","","","","","","","","","","","","","","","","","","","","","","","","","","","","","","","","","","","","","","","","","","","","","","","","","","","","","","","","","","","","","","","","","","","",0,1,"","","","","","","","","","","","","","","","","","","","","","","","","","","","","",""
"61328002","LE PIN-AU-HARAS -INRAE",48.735833,0.128167,176,2002102621,0.,1,"","","","","","","","","","","","","","","","","","","","","","","","","","","","","","","","","","",12.8,1,"","","","","","","","","","","","","","","","","","","","","","","","","","","","",81,1,"","","","","","","","","","","","","","","","","","","","","","","","","","","","","","","","","","","","","","","","","","","","","","","","","","","","","","","","","","","","","","","","","","","","","","","","","","","","","","","","","","","","","","","","","","","","","","","","","","",0,1,"","","","","","","","","","","","","","","","","","","","","","","","","","","","","",""
"61328002","LE PIN-AU-HARAS -INRAE",48.735833,0.128167,176,2002102622,0.,1,"","","","","","","","","","","","","","","","","","","","","","","","","","","","","","","","","","",12.6,1,"","","","","","","","","","","","","","","","","","","","","","","","","","","","",84,1,"","","","","","","","","","","","","","","","","","","","","","","","","","","","","","","","","","","","","","","","","","","","","","","","","","","","","","","","","","","","","","","","","","","","","","","","","","","","","","","","","","","","","","","","","","","","","","","","","","",0,1,"","","","","","","","","","","","","","","","","","","","","","","","","","","","","",""
"61328002","LE PIN-AU-HARAS -INRAE",48.735833,0.128167,176,2002102623,0.,1,"","","","","","","","","","","","","","","","","","","","","","","","","","","","","","","","","","",13.,1,"","","","","","","","","","","","","","","","","","","","","","","","","","","","",92,1,"","","","","","","","","","","","","","","","","","","","","","","","","","","","","","","","","","","","","","","","","","","","","","","","","","","","","","","","","","","","","","","","","","","","","","","","","","","","","","","","","","","","","","","","","","","","","","","","","","",0,1,"","","","","","","","","","","","","","","","","","","","","","","","","","","","","",""
"61328002","LE PIN-AU-HARAS -INRAE",48.735833,0.128167,176,2002102700,0.,1,"","","","","","","","","","","","","","","","","","","","","","","","","","","","","","","","","","",14.2,1,"","","","","","","","","","","","","","","","","","","","","","","","","","","","",96,1,"","","","","","","","","","","","","","","","","","","","","","","","","","","","","","","","","","","","","","","","","","","","","","","","","","","","","","","","","","","","","","","","","","","","","","","","","","","","","","","","","","","","","","","","","","","","","","","","","","",0,1,"","","","","","","","","","","","","","","","","","","","","","","","","","","","","",""
"61328002","LE PIN-AU-HARAS -INRAE",48.735833,0.128167,176,2002102701,0.5,1,"","","","","","","","","","","","","","","","","","","","","","","","","","","","","","","","","","",15.4,1,"","","","","","","","","","","","","","","","","","","","","","","","","","","","",92,1,"","","","","","","","","","","","","","","","","","","","","","","","","","","","","","","","","","","","","","","","","","","","","","","","","","","","","","","","","","","","","","","","","","","","","","","","","","","","","","","","","","","","","","","","","","","","","","","","","","",0,1,"","","","","","","","","","","","","","","","","","","","","","","","","","","","","",""
"61328002","LE PIN-AU-HARAS -INRAE",48.735833,0.128167,176,2002102702,1.5,1,"","","","","","","","","","","","","","","","","","","","","","","","","","","","","","","","","","",15.3,1,"","","","","","","","","","","","","","","","","","","","","","","","","","","","",91,1,"","","","","","","","","","","","","","","","","","","","","","","","","","","","","","","","","","","","","","","","","","","","","","","","","","","","","","","","","","","","","","","","","","","","","","","","","","","","","","","","","","","","","","","","","","","","","","","","","","",0,1,"","","","","","","","","","","","","","","","","","","","","","","","","","","","","",""
"61328002","LE PIN-AU-HARAS -INRAE",48.735833,0.128167,176,2002102703,3.5,1,"","","","","","","","","","","","","","","","","","","","","","","","","","","","","","","","","","",14.9,1,"","","","","","","","","","","","","","","","","","","","","","","","","","","","",93,1,"","","","","","","","","","","","","","","","","","","","","","","","","","","","","","","","","","","","","","","","","","","","","","","","","","","","","","","","","","","","","","","","","","","","","","","","","","","","","","","","","","","","","","","","","","","","","","","","","","",0,1,"","","","","","","","","","","","","","","","","","","","","","","","","","","","","",""
"61328002","LE PIN-AU-HARAS -INRAE",48.735833,0.128167,176,2002102704,1.5,1,"","","","","","","","","","","","","","","","","","","","","","","","","","","","","","","","","","",14.9,1,"","","","","","","","","","","","","","","","","","","","","","","","","","","","",94,1,"","","","","","","","","","","","","","","","","","","","","","","","","","","","","","","","","","","","","","","","","","","","","","","","","","","","","","","","","","","","","","","","","","","","","","","","","","","","","","","","","","","","","","","","","","","","","","","","","","",0,1,"","","","","","","","","","","","","","","","","","","","","","","","","","","","","",""
"61328002","LE PIN-AU-HARAS -INRAE",48.735833,0.128167,176,2002102705,0.5,1,"","","","","","","","","","","","","","","","","","","","","","","","","","","","","","","","","","",15.2,1,"","","","","","","","","","","","","","","","","","","","","","","","","","","","",93,1,"","","","","","","","","","","","","","","","","","","","","","","","","","","","","","","","","","","","","","","","","","","","","","","","","","","","","","","","","","","","","","","","","","","","","","","","","","","","","","","","","","","","","","","","","","","","","","","","","","",0,1,"","","","","","","","","","","","","","","","","","","","","","","","","","","","","",""
"61328002","LE PIN-AU-HARAS -INRAE",48.735833,0.128167,176,2002102706,0.,1,"","","","","","","","","","","","","","","","","","","","","","","","","","","","","","","","","","",15.7,1,"","","","","","","","","","","","","","","","","","","","","","","","","","","","",87,1,"","","","","","","","","","","","","","","","","","","","","","","","","","","","","","","","","","","","","","","","","","","","","","","","","","","","","","","","","","","","","","","","","","","","","","","","","","","","","","","","","","","","","","","","","","","","","","","","","","",0,1,"","","","","","","","","","","","","","","","","","","","","","","","","","","","","",""
"61328002","LE PIN-AU-HARAS -INRAE",48.735833,0.128167,176,2002102707,0.,1,"","","","","","","","","","","","","","","","","","","","","","","","","","","","","","","","","","",14.,1,"","","","","","","","","","","","","","","","","","","","","","","","","","","","",74,1,"","","","","","","","","","","","","","","","","","","","","","","","","","","","","","","","","","","","","","","","","","","","","","","","","","","","","","","","","","","","","","","","","","","","","","","","","","","","","","","","","","","","","","","","","","","","","","","","","","",2,1,"","","","","","","","","","","","","","","","","","","","","","","","","","","","","",""
"61328002","LE PIN-AU-HARAS -INRAE",48.735833,0.128167,176,2002102708,0.,1,"","","","","","","","","","","","","","","","","","","","","","","","","","","","","","","","","","",14.,1,"","","","","","","","","","","","","","","","","","","","","","","","","","","","",74,1,"","","","","","","","","","","","","","","","","","","","","","","","","","","","","","","","","","","","","","","","","","","","","","","","","","","","","","","","","","","","","","","","","","","","","","","","","","","","","","","","","","","","","","","","","","","","","","","","","","",12,1,"","","","","","","","","","","","","","","","","","","","","","","","","","","","","",""
"61328002","LE PIN-AU-HARAS -INRAE",48.735833,0.128167,176,2002102709,0.,1,"","","","","","","","","","","","","","","","","","","","","","","","","","","","","","","","","","",13.9,1,"","","","","","","","","","","","","","","","","","","","","","","","","","","","",64,1,"","","","","","","","","","","","","","","","","","","","","","","","","","","","","","","","","","","","","","","","","","","","","","","","","","","","","","","","","","","","","","","","","","","","","","","","","","","","","","","","","","","","","","","","","","","","","","","","","","",46,1,"","","","","","","","","","","","","","","","","","","","","","","","","","","","","",""
"61328002","LE PIN-AU-HARAS -INRAE",48.735833,0.128167,176,2002102710,0.,1,"","","","","","","","","","","","","","","","","","","","","","","","","","","","","","","","","","",14.2,1,"","","","","","","","","","","","","","","","","","","","","","","","","","","","",63,1,"","","","","","","","","","","","","","","","","","","","","","","","","","","","","","","","","","","","","","","","","","","","","","","","","","","","","","","","","","","","","","","","","","","","","","","","","","","","","","","","","","","","","","","","","","","","","","","","","","",86,1,"","","","","","","","","","","","","","","","","","","","","","","","","","","","","",""
"61328002","LE PIN-AU-HARAS -INRAE",48.735833,0.128167,176,2002102711,0.,1,"","","","","","","","","","","","","","","","","","","","","","","","","","","","","","","","","","",14.5,1,"","","","","","","","","","","","","","","","","","","","","","","","","","","","",55,1,"","","","","","","","","","","","","","","","","","","","","","","","","","","","","","","","","","","","","","","","","","","","","","","","","","","","","","","","","","","","","","","","","","","","","","","","","","","","","","","","","","","","","","","","","","","","","","","","","","",124,1,"","","","","","","","","","","","","","","","","","","","","","","","","","","","","",""
"61328002","LE PIN-AU-HARAS -INRAE",48.735833,0.128167,176,2002102712,0.,1,"","","","","","","","","","","","","","","","","","","","","","","","","","","","","","","","","","",14.6,1,"","","","","","","","","","","","","","","","","","","","","","","","","","","","",55,1,"","","","","","","","","","","","","","","","","","","","","","","","","","","","","","","","","","","","","","","","","","","","","","","","","","","","","","","","","","","","","","","","","","","","","","","","","","","","","","","","","","","","","","","","","","","","","","","","","","",158,1,"","","","","","","","","","","","","","","","","","","","","","","","","","","","","",""
"61328002","LE PIN-AU-HARAS -INRAE",48.735833,0.128167,176,2002102713,0.,1,"","","","","","","","","","","","","","","","","","","","","","","","","","","","","","","","","","",13.3,1,"","","","","","","","","","","","","","","","","","","","","","","","","","","","",67,1,"","","","","","","","","","","","","","","","","","","","","","","","","","","","","","","","","","","","","","","","","","","","","","","","","","","","","","","","","","","","","","","","","","","","","","","","","","","","","","","","","","","","","","","","","","","","","","","","","","",128,1,"","","","","","","","","","","","","","","","","","","","","","","","","","","","","",""
"61328002","LE PIN-AU-HARAS -INRAE",48.735833,0.128167,176,2002102714,0.,1,"","","","","","","","","","","","","","","","","","","","","","","","","","","","","","","","","","",13.8,1,"","","","","","","","","","","","","","","","","","","","","","","","","","","","",55,1,"","","","","","","","","","","","","","","","","","","","","","","","","","","","","","","","","","","","","","","","","","","","","","","","","","","","","","","","","","","","","","","","","","","","","","","","","","","","","","","","","","","","","","","","","","","","","","","","","","",146,1,"","","","","","","","","","","","","","","","","","","","","","","","","","","","","",""
"61328002","LE PIN-AU-HARAS -INRAE",48.735833,0.128167,176,2002102715,0.,1,"","","","","","","","","","","","","","","","","","","","","","","","","","","","","","","","","","",13.1,1,"","","","","","","","","","","","","","","","","","","","","","","","","","","","",58,1,"","","","","","","","","","","","","","","","","","","","","","","","","","","","","","","","","","","","","","","","","","","","","","","","","","","","","","","","","","","","","","","","","","","","","","","","","","","","","","","","","","","","","","","","","","","","","","","","","","",58,1,"","","","","","","","","","","","","","","","","","","","","","","","","","","","","",""
"61328002","LE PIN-AU-HARAS -INRAE",48.735833,0.128167,176,2002102716,0.,1,"","","","","","","","","","","","","","","","","","","","","","","","","","","","","","","","","","",12.1,1,"","","","","","","","","","","","","","","","","","","","","","","","","","","","",66,1,"","","","","","","","","","","","","","","","","","","","","","","","","","","","","","","","","","","","","","","","","","","","","","","","","","","","","","","","","","","","","","","","","","","","","","","","","","","","","","","","","","","","","","","","","","","","","","","","","","",42,1,"","","","","","","","","","","","","","","","","","","","","","","","","","","","","",""
"61328002","LE PIN-AU-HARAS -INRAE",48.735833,0.128167,176,2002102717,0.,1,"","","","","","","","","","","","","","","","","","","","","","","","","","","","","","","","","","",11.2,1,"","","","","","","","","","","","","","","","","","","","","","","","","","","","",66,1,"","","","","","","","","","","","","","","","","","","","","","","","","","","","","","","","","","","","","","","","","","","","","","","","","","","","","","","","","","","","","","","","","","","","","","","","","","","","","","","","","","","","","","","","","","","","","","","","","","",8,1,"","","","","","","","","","","","","","","","","","","","","","","","","","","","","",""
"61328002","LE PIN-AU-HARAS -INRAE",48.735833,0.128167,176,2002102718,0.,1,"","","","","","","","","","","","","","","","","","","","","","","","","","","","","","","","","","",10.4,1,"","","","","","","","","","","","","","","","","","","","","","","","","","","","",69,1,"","","","","","","","","","","","","","","","","","","","","","","","","","","","","","","","","","","","","","","","","","","","","","","","","","","","","","","","","","","","","","","","","","","","","","","","","","","","","","","","","","","","","","","","","","","","","","","","","","",0,1,"","","","","","","","","","","","","","","","","","","","","","","","","","","","","",""
"61328002","LE PIN-AU-HARAS -INRAE",48.735833,0.128167,176,2002102719,0.,1,"","","","","","","","","","","","","","","","","","","","","","","","","","","","","","","","","","",9.7,1,"","","","","","","","","","","","","","","","","","","","","","","","","","","","",74,1,"","","","","","","","","","","","","","","","","","","","","","","","","","","","","","","","","","","","","","","","","","","","","","","","","","","","","","","","","","","","","","","","","","","","","","","","","","","","","","","","","","","","","","","","","","","","","","","","","","",0,1,"","","","","","","","","","","","","","","","","","","","","","","","","","","","","",""
"61328002","LE PIN-AU-HARAS -INRAE",48.735833,0.128167,176,2002102720,0.,1,"","","","","","","","","","","","","","","","","","","","","","","","","","","","","","","","","","",9.2,1,"","","","","","","","","","","","","","","","","","","","","","","","","","","","",77,1,"","","","","","","","","","","","","","","","","","","","","","","","","","","","","","","","","","","","","","","","","","","","","","","","","","","","","","","","","","","","","","","","","","","","","","","","","","","","","","","","","","","","","","","","","","","","","","","","","","",0,1,"","","","","","","","","","","","","","","","","","","","","","","","","","","","","",""
"61328002","LE PIN-AU-HARAS -INRAE",48.735833,0.128167,176,2002102721,0.,1,"","","","","","","","","","","","","","","","","","","","","","","","","","","","","","","","","","",8.5,1,"","","","","","","","","","","","","","","","","","","","","","","","","","","","",80,1,"","","","","","","","","","","","","","","","","","","","","","","","","","","","","","","","","","","","","","","","","","","","","","","","","","","","","","","","","","","","","","","","","","","","","","","","","","","","","","","","","","","","","","","","","","","","","","","","","","",0,1,"","","","","","","","","","","","","","","","","","","","","","","","","","","","","",""
"61328002","LE PIN-AU-HARAS -INRAE",48.735833,0.128167,176,2002102722,0.,1,"","","","","","","","","","","","","","","","","","","","","","","","","","","","","","","","","","",8.2,1,"","","","","","","","","","","","","","","","","","","","","","","","","","","","",82,1,"","","","","","","","","","","","","","","","","","","","","","","","","","","","","","","","","","","","","","","","","","","","","","","","","","","","","","","","","","","","","","","","","","","","","","","","","","","","","","","","","","","","","","","","","","","","","","","","","","",0,1,"","","","","","","","","","","","","","","","","","","","","","","","","","","","","",""
"61328002","LE PIN-AU-HARAS -INRAE",48.735833,0.128167,176,2002102723,0.,1,"","","","","","","","","","","","","","","","","","","","","","","","","","","","","","","","","","",7.8,1,"","","","","","","","","","","","","","","","","","","","","","","","","","","","",85,1,"","","","","","","","","","","","","","","","","","","","","","","","","","","","","","","","","","","","","","","","","","","","","","","","","","","","","","","","","","","","","","","","","","","","","","","","","","","","","","","","","","","","","","","","","","","","","","","","","","",0,1,"","","","","","","","","","","","","","","","","","","","","","","","","","","","","",""
"61328002","LE PIN-AU-HARAS -INRAE",48.735833,0.128167,176,2002102800,0.,1,"","","","","","","","","","","","","","","","","","","","","","","","","","","","","","","","","","",7.7,1,"","","","","","","","","","","","","","","","","","","","","","","","","","","","",87,1,"","","","","","","","","","","","","","","","","","","","","","","","","","","","","","","","","","","","","","","","","","","","","","","","","","","","","","","","","","","","","","","","","","","","","","","","","","","","","","","","","","","","","","","","","","","","","","","","","","",0,1,"","","","","","","","","","","","","","","","","","","","","","","","","","","","","",""
"61328002","LE PIN-AU-HARAS -INRAE",48.735833,0.128167,176,2002102801,0.,1,"","","","","","","","","","","","","","","","","","","","","","","","","","","","","","","","","","",7.1,1,"","","","","","","","","","","","","","","","","","","","","","","","","","","","",88,1,"","","","","","","","","","","","","","","","","","","","","","","","","","","","","","","","","","","","","","","","","","","","","","","","","","","","","","","","","","","","","","","","","","","","","","","","","","","","","","","","","","","","","","","","","","","","","","","","","","",0,1,"","","","","","","","","","","","","","","","","","","","","","","","","","","","","",""
"61328002","LE PIN-AU-HARAS -INRAE",48.735833,0.128167,176,2002102802,0.,1,"","","","","","","","","","","","","","","","","","","","","","","","","","","","","","","","","","",6.5,1,"","","","","","","","","","","","","","","","","","","","","","","","","","","","",91,1,"","","","","","","","","","","","","","","","","","","","","","","","","","","","","","","","","","","","","","","","","","","","","","","","","","","","","","","","","","","","","","","","","","","","","","","","","","","","","","","","","","","","","","","","","","","","","","","","","","",0,1,"","","","","","","","","","","","","","","","","","","","","","","","","","","","","",""
"61328002","LE PIN-AU-HARAS -INRAE",48.735833,0.128167,176,2002102803,0.,1,"","","","","","","","","","","","","","","","","","","","","","","","","","","","","","","","","","",5.8,1,"","","","","","","","","","","","","","","","","","","","","","","","","","","","",93,1,"","","","","","","","","","","","","","","","","","","","","","","","","","","","","","","","","","","","","","","","","","","","","","","","","","","","","","","","","","","","","","","","","","","","","","","","","","","","","","","","","","","","","","","","","","","","","","","","","","",0,1,"","","","","","","","","","","","","","","","","","","","","","","","","","","","","",""
"61328002","LE PIN-AU-HARAS -INRAE",48.735833,0.128167,176,2002102804,0.,1,"","","","","","","","","","","","","","","","","","","","","","","","","","","","","","","","","","",4.4,1,"","","","","","","","","","","","","","","","","","","","","","","","","","","","",92,1,"","","","","","","","","","","","","","","","","","","","","","","","","","","","","","","","","","","","","","","","","","","","","","","","","","","","","","","","","","","","","","","","","","","","","","","","","","","","","","","","","","","","","","","","","","","","","","","","","","",0,1,"","","","","","","","","","","","","","","","","","","","","","","","","","","","","",""
"61328002","LE PIN-AU-HARAS -INRAE",48.735833,0.128167,176,2002102805,0.,1,"","","","","","","","","","","","","","","","","","","","","","","","","","","","","","","","","","",3.8,1,"","","","","","","","","","","","","","","","","","","","","","","","","","","","",96,1,"","","","","","","","","","","","","","","","","","","","","","","","","","","","","","","","","","","","","","","","","","","","","","","","","","","","","","","","","","","","","","","","","","","","","","","","","","","","","","","","","","","","","","","","","","","","","","","","","","",0,1,"","","","","","","","","","","","","","","","","","","","","","","","","","","","","",""
"61328002","LE PIN-AU-HARAS -INRAE",48.735833,0.128167,176,2002102806,0.,1,"","","","","","","","","","","","","","","","","","","","","","","","","","","","","","","","","","",5.3,1,"","","","","","","","","","","","","","","","","","","","","","","","","","","","",98,1,"","","","","","","","","","","","","","","","","","","","","","","","","","","","","","","","","","","","","","","","","","","","","","","","","","","","","","","","","","","","","","","","","","","","","","","","","","","","","","","","","","","","","","","","","","","","","","","","","","",0,1,"","","","","","","","","","","","","","","","","","","","","","","","","","","","","",""
"61328002","LE PIN-AU-HARAS -INRAE",48.735833,0.128167,176,2002102807,0.5,1,"","","","","","","","","","","","","","","","","","","","","","","","","","","","","","","","","","",4.7,1,"","","","","","","","","","","","","","","","","","","","","","","","","","","","",97,1,"","","","","","","","","","","","","","","","","","","","","","","","","","","","","","","","","","","","","","","","","","","","","","","","","","","","","","","","","","","","","","","","","","","","","","","","","","","","","","","","","","","","","","","","","","","","","","","","","","",0,1,"","","","","","","","","","","","","","","","","","","","","","","","","","","","","",""
"61328002","LE PIN-AU-HARAS -INRAE",48.735833,0.128167,176,2002102808,0.,1,"","","","","","","","","","","","","","","","","","","","","","","","","","","","","","","","","","",6.6,1,"","","","","","","","","","","","","","","","","","","","","","","","","","","","",99,1,"","","","","","","","","","","","","","","","","","","","","","","","","","","","","","","","","","","","","","","","","","","","","","","","","","","","","","","","","","","","","","","","","","","","","","","","","","","","","","","","","","","","","","","","","","","","","","","","","","",20,1,"","","","","","","","","","","","","","","","","","","","","","","","","","","","","",""
"61328002","LE PIN-AU-HARAS -INRAE",48.735833,0.128167,176,2002102809,0.,1,"","","","","","","","","","","","","","","","","","","","","","","","","","","","","","","","","","",10.,1,"","","","","","","","","","","","","","","","","","","","","","","","","","","","",82,1,"","","","","","","","","","","","","","","","","","","","","","","","","","","","","","","","","","","","","","","","","","","","","","","","","","","","","","","","","","","","","","","","","","","","","","","","","","","","","","","","","","","","","","","","","","","","","","","","","","",62,1,"","","","","","","","","","","","","","","","","","","","","","","","","","","","","",""
"61328002","LE PIN-AU-HARAS -INRAE",48.735833,0.128167,176,2002102810,0.,1,"","","","","","","","","","","","","","","","","","","","","","","","","","","","","","","","","","",11.3,1,"","","","","","","","","","","","","","","","","","","","","","","","","","","","",77,1,"","","","","","","","","","","","","","","","","","","","","","","","","","","","","","","","","","","","","","","","","","","","","","","","","","","","","","","","","","","","","","","","","","","","","","","","","","","","","","","","","","","","","","","","","","","","","","","","","","",106,1,"","","","","","","","","","","","","","","","","","","","","","","","","","","","","",""
"61328002","LE PIN-AU-HARAS -INRAE",48.735833,0.128167,176,2002102811,0.,1,"","","","","","","","","","","","","","","","","","","","","","","","","","","","","","","","","","",12.7,1,"","","","","","","","","","","","","","","","","","","","","","","","","","","","",65,1,"","","","","","","","","","","","","","","","","","","","","","","","","","","","","","","","","","","","","","","","","","","","","","","","","","","","","","","","","","","","","","","","","","","","","","","","","","","","","","","","","","","","","","","","","","","","","","","","","","",148,1,"","","","","","","","","","","","","","","","","","","","","","","","","","","","","",""
"61328002","LE PIN-AU-HARAS -INRAE",48.735833,0.128167,176,2002102812,0.,1,"","","","","","","","","","","","","","","","","","","","","","","","","","","","","","","","","","",14.7,1,"","","","","","","","","","","","","","","","","","","","","","","","","","","","",50,1,"","","","","","","","","","","","","","","","","","","","","","","","","","","","","","","","","","","","","","","","","","","","","","","","","","","","","","","","","","","","","","","","","","","","","","","","","","","","","","","","","","","","","","","","","","","","","","","","","","",176,1,"","","","","","","","","","","","","","","","","","","","","","","","","","","","","",""
"61328002","LE PIN-AU-HARAS -INRAE",48.735833,0.128167,176,2002102813,0.,1,"","","","","","","","","","","","","","","","","","","","","","","","","","","","","","","","","","",14.6,1,"","","","","","","","","","","","","","","","","","","","","","","","","","","","",51,1,"","","","","","","","","","","","","","","","","","","","","","","","","","","","","","","","","","","","","","","","","","","","","","","","","","","","","","","","","","","","","","","","","","","","","","","","","","","","","","","","","","","","","","","","","","","","","","","","","","",148,1,"","","","","","","","","","","","","","","","","","","","","","","","","","","","","",""
"61328002","LE PIN-AU-HARAS -INRAE",48.735833,0.128167,176,2002102814,0.,1,"","","","","","","","","","","","","","","","","","","","","","","","","","","","","","","","","","",13.8,1,"","","","","","","","","","","","","","","","","","","","","","","","","","","","",51,1,"","","","","","","","","","","","","","","","","","","","","","","","","","","","","","","","","","","","","","","","","","","","","","","","","","","","","","","","","","","","","","","","","","","","","","","","","","","","","","","","","","","","","","","","","","","","","","","","","","",144,1,"","","","","","","","","","","","","","","","","","","","","","","","","","","","","",""
"61328002","LE PIN-AU-HARAS -INRAE",48.735833,0.128167,176,2002102815,0.,1,"","","","","","","","","","","","","","","","","","","","","","","","","","","","","","","","","","",13.6,1,"","","","","","","","","","","","","","","","","","","","","","","","","","","","",56,1,"","","","","","","","","","","","","","","","","","","","","","","","","","","","","","","","","","","","","","","","","","","","","","","","","","","","","","","","","","","","","","","","","","","","","","","","","","","","","","","","","","","","","","","","","","","","","","","","","","",88,1,"","","","","","","","","","","","","","","","","","","","","","","","","","","","","",""
"61328002","LE PIN-AU-HARAS -INRAE",48.735833,0.128167,176,2002102816,0.,1,"","","","","","","","","","","","","","","","","","","","","","","","","","","","","","","","","","",11.5,1,"","","","","","","","","","","","","","","","","","","","","","","","","","","","",62,1,"","","","","","","","","","","","","","","","","","","","","","","","","","","","","","","","","","","","","","","","","","","","","","","","","","","","","","","","","","","","","","","","","","","","","","","","","","","","","","","","","","","","","","","","","","","","","","","","","","",36,1,"","","","","","","","","","","","","","","","","","","","","","","","","","","","","",""
"61328002","LE PIN-AU-HARAS -INRAE",48.735833,0.128167,176,2002102817,0.,1,"","","","","","","","","","","","","","","","","","","","","","","","","","","","","","","","","","",6.7,1,"","","","","","","","","","","","","","","","","","","","","","","","","","","","",86,1,"","","","","","","","","","","","","","","","","","","","","","","","","","","","","","","","","","","","","","","","","","","","","","","","","","","","","","","","","","","","","","","","","","","","","","","","","","","","","","","","","","","","","","","","","","","","","","","","","","",6,1,"","","","","","","","","","","","","","","","","","","","","","","","","","","","","",""
"61328002","LE PIN-AU-HARAS -INRAE",48.735833,0.128167,176,2002102818,0.,1,"","","","","","","","","","","","","","","","","","","","","","","","","","","","","","","","","","",4.5,1,"","","","","","","","","","","","","","","","","","","","","","","","","","","","",92,1,"","","","","","","","","","","","","","","","","","","","","","","","","","","","","","","","","","","","","","","","","","","","","","","","","","","","","","","","","","","","","","","","","","","","","","","","","","","","","","","","","","","","","","","","","","","","","","","","","","",0,1,"","","","","","","","","","","","","","","","","","","","","","","","","","","","","",""
"61328002","LE PIN-AU-HARAS -INRAE",48.735833,0.128167,176,2002102819,0.,1,"","","","","","","","","","","","","","","","","","","","","","","","","","","","","","","","","","",4.6,1,"","","","","","","","","","","","","","","","","","","","","","","","","","","","",95,1,"","","","","","","","","","","","","","","","","","","","","","","","","","","","","","","","","","","","","","","","","","","","","","","","","","","","","","","","","","","","","","","","","","","","","","","","","","","","","","","","","","","","","","","","","","","","","","","","","","",0,1,"","","","","","","","","","","","","","","","","","","","","","","","","","","","","",""
"61328002","LE PIN-AU-HARAS -INRAE",48.735833,0.128167,176,2002102820,0.,1,"","","","","","","","","","","","","","","","","","","","","","","","","","","","","","","","","","",4.4,1,"","","","","","","","","","","","","","","","","","","","","","","","","","","","",95,1,"","","","","","","","","","","","","","","","","","","","","","","","","","","","","","","","","","","","","","","","","","","","","","","","","","","","","","","","","","","","","","","","","","","","","","","","","","","","","","","","","","","","","","","","","","","","","","","","","","",0,1,"","","","","","","","","","","","","","","","","","","","","","","","","","","","","",""
"61328002","LE PIN-AU-HARAS -INRAE",48.735833,0.128167,176,2002102821,0.,1,"","","","","","","","","","","","","","","","","","","","","","","","","","","","","","","","","","",6.9,1,"","","","","","","","","","","","","","","","","","","","","","","","","","","","",92,1,"","","","","","","","","","","","","","","","","","","","","","","","","","","","","","","","","","","","","","","","","","","","","","","","","","","","","","","","","","","","","","","","","","","","","","","","","","","","","","","","","","","","","","","","","","","","","","","","","","",0,1,"","","","","","","","","","","","","","","","","","","","","","","","","","","","","",""
"61328002","LE PIN-AU-HARAS -INRAE",48.735833,0.128167,176,2002102822,0.,1,"","","","","","","","","","","","","","","","","","","","","","","","","","","","","","","","","","",6.3,1,"","","","","","","","","","","","","","","","","","","","","","","","","","","","",88,1,"","","","","","","","","","","","","","","","","","","","","","","","","","","","","","","","","","","","","","","","","","","","","","","","","","","","","","","","","","","","","","","","","","","","","","","","","","","","","","","","","","","","","","","","","","","","","","","","","","",0,1,"","","","","","","","","","","","","","","","","","","","","","","","","","","","","",""
"61328002","LE PIN-AU-HARAS -INRAE",48.735833,0.128167,176,2002102823,0.,1,"","","","","","","","","","","","","","","","","","","","","","","","","","","","","","","","","","",5.9,1,"","","","","","","","","","","","","","","","","","","","","","","","","","","","",84,1,"","","","","","","","","","","","","","","","","","","","","","","","","","","","","","","","","","","","","","","","","","","","","","","","","","","","","","","","","","","","","","","","","","","","","","","","","","","","","","","","","","","","","","","","","","","","","","","","","","",0,1,"","","","","","","","","","","","","","","","","","","","","","","","","","","","","",""
"61328002","LE PIN-AU-HARAS -INRAE",48.735833,0.128167,176,2002102900,0.,1,"","","","","","","","","","","","","","","","","","","","","","","","","","","","","","","","","","",5.7,1,"","","","","","","","","","","","","","","","","","","","","","","","","","","","",84,1,"","","","","","","","","","","","","","","","","","","","","","","","","","","","","","","","","","","","","","","","","","","","","","","","","","","","","","","","","","","","","","","","","","","","","","","","","","","","","","","","","","","","","","","","","","","","","","","","","","",0,1,"","","","","","","","","","","","","","","","","","","","","","","","","","","","","",""
"61328002","LE PIN-AU-HARAS -INRAE",48.735833,0.128167,176,2002102901,0.,1,"","","","","","","","","","","","","","","","","","","","","","","","","","","","","","","","","","",5.6,1,"","","","","","","","","","","","","","","","","","","","","","","","","","","","",81,1,"","","","","","","","","","","","","","","","","","","","","","","","","","","","","","","","","","","","","","","","","","","","","","","","","","","","","","","","","","","","","","","","","","","","","","","","","","","","","","","","","","","","","","","","","","","","","","","","","","",0,1,"","","","","","","","","","","","","","","","","","","","","","","","","","","","","",""
"61328002","LE PIN-AU-HARAS -INRAE",48.735833,0.128167,176,2002102902,0.,1,"","","","","","","","","","","","","","","","","","","","","","","","","","","","","","","","","","",5.,1,"","","","","","","","","","","","","","","","","","","","","","","","","","","","",85,1,"","","","","","","","","","","","","","","","","","","","","","","","","","","","","","","","","","","","","","","","","","","","","","","","","","","","","","","","","","","","","","","","","","","","","","","","","","","","","","","","","","","","","","","","","","","","","","","","","","",0,1,"","","","","","","","","","","","","","","","","","","","","","","","","","","","","",""
"61328002","LE PIN-AU-HARAS -INRAE",48.735833,0.128167,176,2002102903,0.,1,"","","","","","","","","","","","","","","","","","","","","","","","","","","","","","","","","","",5.8,1,"","","","","","","","","","","","","","","","","","","","","","","","","","","","",86,1,"","","","","","","","","","","","","","","","","","","","","","","","","","","","","","","","","","","","","","","","","","","","","","","","","","","","","","","","","","","","","","","","","","","","","","","","","","","","","","","","","","","","","","","","","","","","","","","","","","",0,1,"","","","","","","","","","","","","","","","","","","","","","","","","","","","","",""
"61328002","LE PIN-AU-HARAS -INRAE",48.735833,0.128167,176,2002102904,0.,1,"","","","","","","","","","","","","","","","","","","","","","","","","","","","","","","","","","",5.7,1,"","","","","","","","","","","","","","","","","","","","","","","","","","","","",83,1,"","","","","","","","","","","","","","","","","","","","","","","","","","","","","","","","","","","","","","","","","","","","","","","","","","","","","","","","","","","","","","","","","","","","","","","","","","","","","","","","","","","","","","","","","","","","","","","","","","",0,1,"","","","","","","","","","","","","","","","","","","","","","","","","","","","","",""
"61328002","LE PIN-AU-HARAS -INRAE",48.735833,0.128167,176,2002102905,0.,1,"","","","","","","","","","","","","","","","","","","","","","","","","","","","","","","","","","",5.5,1,"","","","","","","","","","","","","","","","","","","","","","","","","","","","",82,1,"","","","","","","","","","","","","","","","","","","","","","","","","","","","","","","","","","","","","","","","","","","","","","","","","","","","","","","","","","","","","","","","","","","","","","","","","","","","","","","","","","","","","","","","","","","","","","","","","","",0,1,"","","","","","","","","","","","","","","","","","","","","","","","","","","","","",""
"61328002","LE PIN-AU-HARAS -INRAE",48.735833,0.128167,176,2002102906,0.,1,"","","","","","","","","","","","","","","","","","","","","","","","","","","","","","","","","","",5.5,1,"","","","","","","","","","","","","","","","","","","","","","","","","","","","",81,1,"","","","","","","","","","","","","","","","","","","","","","","","","","","","","","","","","","","","","","","","","","","","","","","","","","","","","","","","","","","","","","","","","","","","","","","","","","","","","","","","","","","","","","","","","","","","","","","","","","",0,1,"","","","","","","","","","","","","","","","","","","","","","","","","","","","","",""
"61328002","LE PIN-AU-HARAS -INRAE",48.735833,0.128167,176,2002102907,0.,1,"","","","","","","","","","","","","","","","","","","","","","","","","","","","","","","","","","",4.9,1,"","","","","","","","","","","","","","","","","","","","","","","","","","","","",83,1,"","","","","","","","","","","","","","","","","","","","","","","","","","","","","","","","","","","","","","","","","","","","","","","","","","","","","","","","","","","","","","","","","","","","","","","","","","","","","","","","","","","","","","","","","","","","","","","","","","",2,1,"","","","","","","","","","","","","","","","","","","","","","","","","","","","","",""
"61328002","LE PIN-AU-HARAS -INRAE",48.735833,0.128167,176,2002102908,0.,1,"","","","","","","","","","","","","","","","","","","","","","","","","","","","","","","","","","",6.4,1,"","","","","","","","","","","","","","","","","","","","","","","","","","","","",79,1,"","","","","","","","","","","","","","","","","","","","","","","","","","","","","","","","","","","","","","","","","","","","","","","","","","","","","","","","","","","","","","","","","","","","","","","","","","","","","","","","","","","","","","","","","","","","","","","","","","",16,1,"","","","","","","","","","","","","","","","","","","","","","","","","","","","","",""
"61328002","LE PIN-AU-HARAS -INRAE",48.735833,0.128167,176,2002102909,0.,1,"","","","","","","","","","","","","","","","","","","","","","","","","","","","","","","","","","",7.8,1,"","","","","","","","","","","","","","","","","","","","","","","","","","","","",72,1,"","","","","","","","","","","","","","","","","","","","","","","","","","","","","","","","","","","","","","","","","","","","","","","","","","","","","","","","","","","","","","","","","","","","","","","","","","","","","","","","","","","","","","","","","","","","","","","","","","",52,1,"","","","","","","","","","","","","","","","","","","","","","","","","","","","","",""
"61328002","LE PIN-AU-HARAS -INRAE",48.735833,0.128167,176,2002102910,0.,1,"","","","","","","","","","","","","","","","","","","","","","","","","","","","","","","","","","",9.1,1,"","","","","","","","","","","","","","","","","","","","","","","","","","","","",69,1,"","","","","","","","","","","","","","","","","","","","","","","","","","","","","","","","","","","","","","","","","","","","","","","","","","","","","","","","","","","","","","","","","","","","","","","","","","","","","","","","","","","","","","","","","","","","","","","","","","",116,1,"","","","","","","","","","","","","","","","","","","","","","","","","","","","","",""
"61328002","LE PIN-AU-HARAS -INRAE",48.735833,0.128167,176,2002102911,0.,1,"","","","","","","","","","","","","","","","","","","","","","","","","","","","","","","","","","",10.7,1,"","","","","","","","","","","","","","","","","","","","","","","","","","","","",68,1,"","","","","","","","","","","","","","","","","","","","","","","","","","","","","","","","","","","","","","","","","","","","","","","","","","","","","","","","","","","","","","","","","","","","","","","","","","","","","","","","","","","","","","","","","","","","","","","","","","",134,1,"","","","","","","","","","","","","","","","","","","","","","","","","","","","","",""
"61328002","LE PIN-AU-HARAS -INRAE",48.735833,0.128167,176,2002102912,0.,1,"","","","","","","","","","","","","","","","","","","","","","","","","","","","","","","","","","",12.1,1,"","","","","","","","","","","","","","","","","","","","","","","","","","","","",64,1,"","","","","","","","","","","","","","","","","","","","","","","","","","","","","","","","","","","","","","","","","","","","","","","","","","","","","","","","","","","","","","","","","","","","","","","","","","","","","","","","","","","","","","","","","","","","","","","","","","",148,1,"","","","","","","","","","","","","","","","","","","","","","","","","","","","","",""
"61328002","LE PIN-AU-HARAS -INRAE",48.735833,0.128167,176,2002102913,0.,1,"","","","","","","","","","","","","","","","","","","","","","","","","","","","","","","","","","",13.7,1,"","","","","","","","","","","","","","","","","","","","","","","","","","","","",66,1,"","","","","","","","","","","","","","","","","","","","","","","","","","","","","","","","","","","","","","","","","","","","","","","","","","","","","","","","","","","","","","","","","","","","","","","","","","","","","","","","","","","","","","","","","","","","","","","","","","",154,1,"","","","","","","","","","","","","","","","","","","","","","","","","","","","","",""
"61328002","LE PIN-AU-HARAS -INRAE",48.735833,0.128167,176,2002102914,0.,1,"","","","","","","","","","","","","","","","","","","","","","","","","","","","","","","","","","",12.9,1,"","","","","","","","","","","","","","","","","","","","","","","","","","","","",68,1,"","","","","","","","","","","","","","","","","","","","","","","","","","","","","","","","","","","","","","","","","","","","","","","","","","","","","","","","","","","","","","","","","","","","","","","","","","","","","","","","","","","","","","","","","","","","","","","","","","",82,1,"","","","","","","","","","","","","","","","","","","","","","","","","","","","","",""
"61328002","LE PIN-AU-HARAS -INRAE",48.735833,0.128167,176,2002102915,0.,1,"","","","","","","","","","","","","","","","","","","","","","","","","","","","","","","","","","",12.4,1,"","","","","","","","","","","","","","","","","","","","","","","","","","","","",75,1,"","","","","","","","","","","","","","","","","","","","","","","","","","","","","","","","","","","","","","","","","","","","","","","","","","","","","","","","","","","","","","","","","","","","","","","","","","","","","","","","","","","","","","","","","","","","","","","","","","",48,1,"","","","","","","","","","","","","","","","","","","","","","","","","","","","","",""
"61328002","LE PIN-AU-HARAS -INRAE",48.735833,0.128167,176,2002102916,0.,1,"","","","","","","","","","","","","","","","","","","","","","","","","","","","","","","","","","",11.7,1,"","","","","","","","","","","","","","","","","","","","","","","","","","","","",78,1,"","","","","","","","","","","","","","","","","","","","","","","","","","","","","","","","","","","","","","","","","","","","","","","","","","","","","","","","","","","","","","","","","","","","","","","","","","","","","","","","","","","","","","","","","","","","","","","","","","",26,1,"","","","","","","","","","","","","","","","","","","","","","","","","","","","","",""
"61328002","LE PIN-AU-HARAS -INRAE",48.735833,0.128167,176,2002102917,0.,1,"","","","","","","","","","","","","","","","","","","","","","","","","","","","","","","","","","",10.9,1,"","","","","","","","","","","","","","","","","","","","","","","","","","","","",82,1,"","","","","","","","","","","","","","","","","","","","","","","","","","","","","","","","","","","","","","","","","","","","","","","","","","","","","","","","","","","","","","","","","","","","","","","","","","","","","","","","","","","","","","","","","","","","","","","","","","",4,1,"","","","","","","","","","","","","","","","","","","","","","","","","","","","","",""
"61328002","LE PIN-AU-HARAS -INRAE",48.735833,0.128167,176,2002102918,0.,1,"","","","","","","","","","","","","","","","","","","","","","","","","","","","","","","","","","",10.6,1,"","","","","","","","","","","","","","","","","","","","","","","","","","","","",85,1,"","","","","","","","","","","","","","","","","","","","","","","","","","","","","","","","","","","","","","","","","","","","","","","","","","","","","","","","","","","","","","","","","","","","","","","","","","","","","","","","","","","","","","","","","","","","","","","","","","",0,1,"","","","","","","","","","","","","","","","","","","","","","","","","","","","","",""
"61328002","LE PIN-AU-HARAS -INRAE",48.735833,0.128167,176,2002102919,0.,1,"","","","","","","","","","","","","","","","","","","","","","","","","","","","","","","","","","",9.7,1,"","","","","","","","","","","","","","","","","","","","","","","","","","","","",89,1,"","","","","","","","","","","","","","","","","","","","","","","","","","","","","","","","","","","","","","","","","","","","","","","","","","","","","","","","","","","","","","","","","","","","","","","","","","","","","","","","","","","","","","","","","","","","","","","","","","",0,1,"","","","","","","","","","","","","","","","","","","","","","","","","","","","","",""
"61328002","LE PIN-AU-HARAS -INRAE",48.735833,0.128167,176,2002102920,0.,1,"","","","","","","","","","","","","","","","","","","","","","","","","","","","","","","","","","",9.,1,"","","","","","","","","","","","","","","","","","","","","","","","","","","","",91,1,"","","","","","","","","","","","","","","","","","","","","","","","","","","","","","","","","","","","","","","","","","","","","","","","","","","","","","","","","","","","","","","","","","","","","","","","","","","","","","","","","","","","","","","","","","","","","","","","","","",0,1,"","","","","","","","","","","","","","","","","","","","","","","","","","","","","",""
"61328002","LE PIN-AU-HARAS -INRAE",48.735833,0.128167,176,2002102921,0.,1,"","","","","","","","","","","","","","","","","","","","","","","","","","","","","","","","","","",8.3,1,"","","","","","","","","","","","","","","","","","","","","","","","","","","","",94,1,"","","","","","","","","","","","","","","","","","","","","","","","","","","","","","","","","","","","","","","","","","","","","","","","","","","","","","","","","","","","","","","","","","","","","","","","","","","","","","","","","","","","","","","","","","","","","","","","","","",0,1,"","","","","","","","","","","","","","","","","","","","","","","","","","","","","",""
"61328002","LE PIN-AU-HARAS -INRAE",48.735833,0.128167,176,2002102922,0.,1,"","","","","","","","","","","","","","","","","","","","","","","","","","","","","","","","","","",6.9,1,"","","","","","","","","","","","","","","","","","","","","","","","","","","","",95,1,"","","","","","","","","","","","","","","","","","","","","","","","","","","","","","","","","","","","","","","","","","","","","","","","","","","","","","","","","","","","","","","","","","","","","","","","","","","","","","","","","","","","","","","","","","","","","","","","","","",0,1,"","","","","","","","","","","","","","","","","","","","","","","","","","","","","",""
"61328002","LE PIN-AU-HARAS -INRAE",48.735833,0.128167,176,2002102923,0.,1,"","","","","","","","","","","","","","","","","","","","","","","","","","","","","","","","","","",7.2,1,"","","","","","","","","","","","","","","","","","","","","","","","","","","","",97,1,"","","","","","","","","","","","","","","","","","","","","","","","","","","","","","","","","","","","","","","","","","","","","","","","","","","","","","","","","","","","","","","","","","","","","","","","","","","","","","","","","","","","","","","","","","","","","","","","","","",0,1,"","","","","","","","","","","","","","","","","","","","","","","","","","","","","",""
"61328002","LE PIN-AU-HARAS -INRAE",48.735833,0.128167,176,2002103000,0.,1,"","","","","","","","","","","","","","","","","","","","","","","","","","","","","","","","","","",6.9,1,"","","","","","","","","","","","","","","","","","","","","","","","","","","","",99,1,"","","","","","","","","","","","","","","","","","","","","","","","","","","","","","","","","","","","","","","","","","","","","","","","","","","","","","","","","","","","","","","","","","","","","","","","","","","","","","","","","","","","","","","","","","","","","","","","","","",0,1,"","","","","","","","","","","","","","","","","","","","","","","","","","","","","",""
"61328002","LE PIN-AU-HARAS -INRAE",48.735833,0.128167,176,2002103001,0.,1,"","","","","","","","","","","","","","","","","","","","","","","","","","","","","","","","","","",6.1,1,"","","","","","","","","","","","","","","","","","","","","","","","","","","","",99,1,"","","","","","","","","","","","","","","","","","","","","","","","","","","","","","","","","","","","","","","","","","","","","","","","","","","","","","","","","","","","","","","","","","","","","","","","","","","","","","","","","","","","","","","","","","","","","","","","","","",0,1,"","","","","","","","","","","","","","","","","","","","","","","","","","","","","",""
"61328002","LE PIN-AU-HARAS -INRAE",48.735833,0.128167,176,2002103002,0.,1,"","","","","","","","","","","","","","","","","","","","","","","","","","","","","","","","","","",6.3,1,"","","","","","","","","","","","","","","","","","","","","","","","","","","","",100,1,"","","","","","","","","","","","","","","","","","","","","","","","","","","","","","","","","","","","","","","","","","","","","","","","","","","","","","","","","","","","","","","","","","","","","","","","","","","","","","","","","","","","","","","","","","","","","","","","","","",0,1,"","","","","","","","","","","","","","","","","","","","","","","","","","","","","",""
"61328002","LE PIN-AU-HARAS -INRAE",48.735833,0.128167,176,2002103003,0.,1,"","","","","","","","","","","","","","","","","","","","","","","","","","","","","","","","","","",6.1,1,"","","","","","","","","","","","","","","","","","","","","","","","","","","","",100,1,"","","","","","","","","","","","","","","","","","","","","","","","","","","","","","","","","","","","","","","","","","","","","","","","","","","","","","","","","","","","","","","","","","","","","","","","","","","","","","","","","","","","","","","","","","","","","","","","","","",0,1,"","","","","","","","","","","","","","","","","","","","","","","","","","","","","",""
"61328002","LE PIN-AU-HARAS -INRAE",48.735833,0.128167,176,2002103004,0.,1,"","","","","","","","","","","","","","","","","","","","","","","","","","","","","","","","","","",6.7,1,"","","","","","","","","","","","","","","","","","","","","","","","","","","","",100,1,"","","","","","","","","","","","","","","","","","","","","","","","","","","","","","","","","","","","","","","","","","","","","","","","","","","","","","","","","","","","","","","","","","","","","","","","","","","","","","","","","","","","","","","","","","","","","","","","","","",0,1,"","","","","","","","","","","","","","","","","","","","","","","","","","","","","",""
"61328002","LE PIN-AU-HARAS -INRAE",48.735833,0.128167,176,2002103005,0.,1,"","","","","","","","","","","","","","","","","","","","","","","","","","","","","","","","","","",7.3,1,"","","","","","","","","","","","","","","","","","","","","","","","","","","","",100,1,"","","","","","","","","","","","","","","","","","","","","","","","","","","","","","","","","","","","","","","","","","","","","","","","","","","","","","","","","","","","","","","","","","","","","","","","","","","","","","","","","","","","","","","","","","","","","","","","","","",0,1,"","","","","","","","","","","","","","","","","","","","","","","","","","","","","",""
"61328002","LE PIN-AU-HARAS -INRAE",48.735833,0.128167,176,2002103006,0.,1,"","","","","","","","","","","","","","","","","","","","","","","","","","","","","","","","","","",8.2,1,"","","","","","","","","","","","","","","","","","","","","","","","","","","","",100,1,"","","","","","","","","","","","","","","","","","","","","","","","","","","","","","","","","","","","","","","","","","","","","","","","","","","","","","","","","","","","","","","","","","","","","","","","","","","","","","","","","","","","","","","","","","","","","","","","","","",0,1,"","","","","","","","","","","","","","","","","","","","","","","","","","","","","",""
"61328002","LE PIN-AU-HARAS -INRAE",48.735833,0.128167,176,2002103007,0.,1,"","","","","","","","","","","","","","","","","","","","","","","","","","","","","","","","","","",9.4,1,"","","","","","","","","","","","","","","","","","","","","","","","","","","","",100,1,"","","","","","","","","","","","","","","","","","","","","","","","","","","","","","","","","","","","","","","","","","","","","","","","","","","","","","","","","","","","","","","","","","","","","","","","","","","","","","","","","","","","","","","","","","","","","","","","","","",2,1,"","","","","","","","","","","","","","","","","","","","","","","","","","","","","",""
"61328002","LE PIN-AU-HARAS -INRAE",48.735833,0.128167,176,2002103008,0.,1,"","","","","","","","","","","","","","","","","","","","","","","","","","","","","","","","","","",10.,1,"","","","","","","","","","","","","","","","","","","","","","","","","","","","",100,1,"","","","","","","","","","","","","","","","","","","","","","","","","","","","","","","","","","","","","","","","","","","","","","","","","","","","","","","","","","","","","","","","","","","","","","","","","","","","","","","","","","","","","","","","","","","","","","","","","","",12,1,"","","","","","","","","","","","","","","","","","","","","","","","","","","","","",""
"61328002","LE PIN-AU-HARAS -INRAE",48.735833,0.128167,176,2002103009,0.,1,"","","","","","","","","","","","","","","","","","","","","","","","","","","","","","","","","","",10.5,1,"","","","","","","","","","","","","","","","","","","","","","","","","","","","",100,1,"","","","","","","","","","","","","","","","","","","","","","","","","","","","","","","","","","","","","","","","","","","","","","","","","","","","","","","","","","","","","","","","","","","","","","","","","","","","","","","","","","","","","","","","","","","","","","","","","","",24,1,"","","","","","","","","","","","","","","","","","","","","","","","","","","","","",""
"61328002","LE PIN-AU-HARAS -INRAE",48.735833,0.128167,176,2002103010,0.,1,"","","","","","","","","","","","","","","","","","","","","","","","","","","","","","","","","","",11.5,1,"","","","","","","","","","","","","","","","","","","","","","","","","","","","",100,1,"","","","","","","","","","","","","","","","","","","","","","","","","","","","","","","","","","","","","","","","","","","","","","","","","","","","","","","","","","","","","","","","","","","","","","","","","","","","","","","","","","","","","","","","","","","","","","","","","","",52,1,"","","","","","","","","","","","","","","","","","","","","","","","","","","","","",""
"61328002","LE PIN-AU-HARAS -INRAE",48.735833,0.128167,176,2002103011,0.,1,"","","","","","","","","","","","","","","","","","","","","","","","","","","","","","","","","","",14.1,1,"","","","","","","","","","","","","","","","","","","","","","","","","","","","",100,1,"","","","","","","","","","","","","","","","","","","","","","","","","","","","","","","","","","","","","","","","","","","","","","","","","","","","","","","","","","","","","","","","","","","","","","","","","","","","","","","","","","","","","","","","","","","","","","","","","","",98,1,"","","","","","","","","","","","","","","","","","","","","","","","","","","","","",""
"61328002","LE PIN-AU-HARAS -INRAE",48.735833,0.128167,176,2002103012,0.,1,"","","","","","","","","","","","","","","","","","","","","","","","","","","","","","","","","","",15.3,1,"","","","","","","","","","","","","","","","","","","","","","","","","","","","",85,1,"","","","","","","","","","","","","","","","","","","","","","","","","","","","","","","","","","","","","","","","","","","","","","","","","","","","","","","","","","","","","","","","","","","","","","","","","","","","","","","","","","","","","","","","","","","","","","","","","","",112,1,"","","","","","","","","","","","","","","","","","","","","","","","","","","","","",""
"61328002","LE PIN-AU-HARAS -INRAE",48.735833,0.128167,176,2002103013,0.,1,"","","","","","","","","","","","","","","","","","","","","","","","","","","","","","","","","","",17.2,1,"","","","","","","","","","","","","","","","","","","","","","","","","","","","",77,1,"","","","","","","","","","","","","","","","","","","","","","","","","","","","","","","","","","","","","","","","","","","","","","","","","","","","","","","","","","","","","","","","","","","","","","","","","","","","","","","","","","","","","","","","","","","","","","","","","","",120,1,"","","","","","","","","","","","","","","","","","","","","","","","","","","","","",""
"61328002","LE PIN-AU-HARAS -INRAE",48.735833,0.128167,176,2002103014,0.,1,"","","","","","","","","","","","","","","","","","","","","","","","","","","","","","","","","","",16.1,1,"","","","","","","","","","","","","","","","","","","","","","","","","","","","",73,1,"","","","","","","","","","","","","","","","","","","","","","","","","","","","","","","","","","","","","","","","","","","","","","","","","","","","","","","","","","","","","","","","","","","","","","","","","","","","","","","","","","","","","","","","","","","","","","","","","","",98,1,"","","","","","","","","","","","","","","","","","","","","","","","","","","","","",""
"61328002","LE PIN-AU-HARAS -INRAE",48.735833,0.128167,176,2002103015,0.,1,"","","","","","","","","","","","","","","","","","","","","","","","","","","","","","","","","","",15.8,1,"","","","","","","","","","","","","","","","","","","","","","","","","","","","",77,1,"","","","","","","","","","","","","","","","","","","","","","","","","","","","","","","","","","","","","","","","","","","","","","","","","","","","","","","","","","","","","","","","","","","","","","","","","","","","","","","","","","","","","","","","","","","","","","","","","","",82,1,"","","","","","","","","","","","","","","","","","","","","","","","","","","","","",""
"61328002","LE PIN-AU-HARAS -INRAE",48.735833,0.128167,176,2002103016,0.,1,"","","","","","","","","","","","","","","","","","","","","","","","","","","","","","","","","","",14.5,1,"","","","","","","","","","","","","","","","","","","","","","","","","","","","",88,1,"","","","","","","","","","","","","","","","","","","","","","","","","","","","","","","","","","","","","","","","","","","","","","","","","","","","","","","","","","","","","","","","","","","","","","","","","","","","","","","","","","","","","","","","","","","","","","","","","","",24,1,"","","","","","","","","","","","","","","","","","","","","","","","","","","","","",""
"61328002","LE PIN-AU-HARAS -INRAE",48.735833,0.128167,176,2002103017,0.,1,"","","","","","","","","","","","","","","","","","","","","","","","","","","","","","","","","","",11.7,1,"","","","","","","","","","","","","","","","","","","","","","","","","","","","",93,1,"","","","","","","","","","","","","","","","","","","","","","","","","","","","","","","","","","","","","","","","","","","","","","","","","","","","","","","","","","","","","","","","","","","","","","","","","","","","","","","","","","","","","","","","","","","","","","","","","","",2,1,"","","","","","","","","","","","","","","","","","","","","","","","","","","","","",""
"61328002","LE PIN-AU-HARAS -INRAE",48.735833,0.128167,176,2002103018,0.,1,"","","","","","","","","","","","","","","","","","","","","","","","","","","","","","","","","","",10.4,1,"","","","","","","","","","","","","","","","","","","","","","","","","","","","",96,1,"","","","","","","","","","","","","","","","","","","","","","","","","","","","","","","","","","","","","","","","","","","","","","","","","","","","","","","","","","","","","","","","","","","","","","","","","","","","","","","","","","","","","","","","","","","","","","","","","","",0,1,"","","","","","","","","","","","","","","","","","","","","","","","","","","","","",""
"61328002","LE PIN-AU-HARAS -INRAE",48.735833,0.128167,176,2002103019,0.,1,"","","","","","","","","","","","","","","","","","","","","","","","","","","","","","","","","","",8.6,1,"","","","","","","","","","","","","","","","","","","","","","","","","","","","",97,1,"","","","","","","","","","","","","","","","","","","","","","","","","","","","","","","","","","","","","","","","","","","","","","","","","","","","","","","","","","","","","","","","","","","","","","","","","","","","","","","","","","","","","","","","","","","","","","","","","","",0,1,"","","","","","","","","","","","","","","","","","","","","","","","","","","","","",""
"61328002","LE PIN-AU-HARAS -INRAE",48.735833,0.128167,176,2002103020,0.,1,"","","","","","","","","","","","","","","","","","","","","","","","","","","","","","","","","","",9.9,1,"","","","","","","","","","","","","","","","","","","","","","","","","","","","",99,1,"","","","","","","","","","","","","","","","","","","","","","","","","","","","","","","","","","","","","","","","","","","","","","","","","","","","","","","","","","","","","","","","","","","","","","","","","","","","","","","","","","","","","","","","","","","","","","","","","","",0,1,"","","","","","","","","","","","","","","","","","","","","","","","","","","","","",""
"61328002","LE PIN-AU-HARAS -INRAE",48.735833,0.128167,176,2002103021,0.,1,"","","","","","","","","","","","","","","","","","","","","","","","","","","","","","","","","","",9.1,1,"","","","","","","","","","","","","","","","","","","","","","","","","","","","",100,1,"","","","","","","","","","","","","","","","","","","","","","","","","","","","","","","","","","","","","","","","","","","","","","","","","","","","","","","","","","","","","","","","","","","","","","","","","","","","","","","","","","","","","","","","","","","","","","","","","","",0,1,"","","","","","","","","","","","","","","","","","","","","","","","","","","","","",""
"61328002","LE PIN-AU-HARAS -INRAE",48.735833,0.128167,176,2002103022,0.,1,"","","","","","","","","","","","","","","","","","","","","","","","","","","","","","","","","","",7.5,1,"","","","","","","","","","","","","","","","","","","","","","","","","","","","",100,1,"","","","","","","","","","","","","","","","","","","","","","","","","","","","","","","","","","","","","","","","","","","","","","","","","","","","","","","","","","","","","","","","","","","","","","","","","","","","","","","","","","","","","","","","","","","","","","","","","","",0,1,"","","","","","","","","","","","","","","","","","","","","","","","","","","","","",""
"61328002","LE PIN-AU-HARAS -INRAE",48.735833,0.128167,176,2002103023,0.,1,"","","","","","","","","","","","","","","","","","","","","","","","","","","","","","","","","","",7.5,1,"","","","","","","","","","","","","","","","","","","","","","","","","","","","",100,1,"","","","","","","","","","","","","","","","","","","","","","","","","","","","","","","","","","","","","","","","","","","","","","","","","","","","","","","","","","","","","","","","","","","","","","","","","","","","","","","","","","","","","","","","","","","","","","","","","","",0,1,"","","","","","","","","","","","","","","","","","","","","","","","","","","","","",""
"61328002","LE PIN-AU-HARAS -INRAE",48.735833,0.128167,176,2002103100,0.,1,"","","","","","","","","","","","","","","","","","","","","","","","","","","","","","","","","","",7.2,1,"","","","","","","","","","","","","","","","","","","","","","","","","","","","",100,1,"","","","","","","","","","","","","","","","","","","","","","","","","","","","","","","","","","","","","","","","","","","","","","","","","","","","","","","","","","","","","","","","","","","","","","","","","","","","","","","","","","","","","","","","","","","","","","","","","","",0,1,"","","","","","","","","","","","","","","","","","","","","","","","","","","","","",""
"61328002","LE PIN-AU-HARAS -INRAE",48.735833,0.128167,176,2002103101,0.,1,"","","","","","","","","","","","","","","","","","","","","","","","","","","","","","","","","","",5.6,1,"","","","","","","","","","","","","","","","","","","","","","","","","","","","",100,1,"","","","","","","","","","","","","","","","","","","","","","","","","","","","","","","","","","","","","","","","","","","","","","","","","","","","","","","","","","","","","","","","","","","","","","","","","","","","","","","","","","","","","","","","","","","","","","","","","","",0,1,"","","","","","","","","","","","","","","","","","","","","","","","","","","","","",""
"61328002","LE PIN-AU-HARAS -INRAE",48.735833,0.128167,176,2002103102,0.,1,"","","","","","","","","","","","","","","","","","","","","","","","","","","","","","","","","","",5.5,1,"","","","","","","","","","","","","","","","","","","","","","","","","","","","",100,1,"","","","","","","","","","","","","","","","","","","","","","","","","","","","","","","","","","","","","","","","","","","","","","","","","","","","","","","","","","","","","","","","","","","","","","","","","","","","","","","","","","","","","","","","","","","","","","","","","","",0,1,"","","","","","","","","","","","","","","","","","","","","","","","","","","","","",""
"61328002","LE PIN-AU-HARAS -INRAE",48.735833,0.128167,176,2002103103,0.,1,"","","","","","","","","","","","","","","","","","","","","","","","","","","","","","","","","","",6.8,1,"","","","","","","","","","","","","","","","","","","","","","","","","","","","",100,1,"","","","","","","","","","","","","","","","","","","","","","","","","","","","","","","","","","","","","","","","","","","","","","","","","","","","","","","","","","","","","","","","","","","","","","","","","","","","","","","","","","","","","","","","","","","","","","","","","","",0,1,"","","","","","","","","","","","","","","","","","","","","","","","","","","","","",""
"61328002","LE PIN-AU-HARAS -INRAE",48.735833,0.128167,176,2002103104,0.,1,"","","","","","","","","","","","","","","","","","","","","","","","","","","","","","","","","","",8.3,1,"","","","","","","","","","","","","","","","","","","","","","","","","","","","",100,1,"","","","","","","","","","","","","","","","","","","","","","","","","","","","","","","","","","","","","","","","","","","","","","","","","","","","","","","","","","","","","","","","","","","","","","","","","","","","","","","","","","","","","","","","","","","","","","","","","","",0,1,"","","","","","","","","","","","","","","","","","","","","","","","","","","","","",""
"61328002","LE PIN-AU-HARAS -INRAE",48.735833,0.128167,176,2002103105,0.,1,"","","","","","","","","","","","","","","","","","","","","","","","","","","","","","","","","","",9.6,1,"","","","","","","","","","","","","","","","","","","","","","","","","","","","",100,1,"","","","","","","","","","","","","","","","","","","","","","","","","","","","","","","","","","","","","","","","","","","","","","","","","","","","","","","","","","","","","","","","","","","","","","","","","","","","","","","","","","","","","","","","","","","","","","","","","","",0,1,"","","","","","","","","","","","","","","","","","","","","","","","","","","","","",""
"61328002","LE PIN-AU-HARAS -INRAE",48.735833,0.128167,176,2002103106,0.,1,"","","","","","","","","","","","","","","","","","","","","","","","","","","","","","","","","","",8.4,1,"","","","","","","","","","","","","","","","","","","","","","","","","","","","",100,1,"","","","","","","","","","","","","","","","","","","","","","","","","","","","","","","","","","","","","","","","","","","","","","","","","","","","","","","","","","","","","","","","","","","","","","","","","","","","","","","","","","","","","","","","","","","","","","","","","","",0,1,"","","","","","","","","","","","","","","","","","","","","","","","","","","","","",""
"61328002","LE PIN-AU-HARAS -INRAE",48.735833,0.128167,176,2002103107,0.,1,"","","","","","","","","","","","","","","","","","","","","","","","","","","","","","","","","","",9.5,1,"","","","","","","","","","","","","","","","","","","","","","","","","","","","",100,1,"","","","","","","","","","","","","","","","","","","","","","","","","","","","","","","","","","","","","","","","","","","","","","","","","","","","","","","","","","","","","","","","","","","","","","","","","","","","","","","","","","","","","","","","","","","","","","","","","","",0,1,"","","","","","","","","","","","","","","","","","","","","","","","","","","","","",""
"61328002","LE PIN-AU-HARAS -INRAE",48.735833,0.128167,176,2002103108,0.,1,"","","","","","","","","","","","","","","","","","","","","","","","","","","","","","","","","","",10.5,1,"","","","","","","","","","","","","","","","","","","","","","","","","","","","",100,1,"","","","","","","","","","","","","","","","","","","","","","","","","","","","","","","","","","","","","","","","","","","","","","","","","","","","","","","","","","","","","","","","","","","","","","","","","","","","","","","","","","","","","","","","","","","","","","","","","","",12,1,"","","","","","","","","","","","","","","","","","","","","","","","","","","","","",""
"61328002","LE PIN-AU-HARAS -INRAE",48.735833,0.128167,176,2002103109,0.,1,"","","","","","","","","","","","","","","","","","","","","","","","","","","","","","","","","","",12.3,1,"","","","","","","","","","","","","","","","","","","","","","","","","","","","",100,1,"","","","","","","","","","","","","","","","","","","","","","","","","","","","","","","","","","","","","","","","","","","","","","","","","","","","","","","","","","","","","","","","","","","","","","","","","","","","","","","","","","","","","","","","","","","","","","","","","","",30,1,"","","","","","","","","","","","","","","","","","","","","","","","","","","","","",""
"61328002","LE PIN-AU-HARAS -INRAE",48.735833,0.128167,176,2002103110,0.,1,"","","","","","","","","","","","","","","","","","","","","","","","","","","","","","","","","","",13.2,1,"","","","","","","","","","","","","","","","","","","","","","","","","","","","",100,1,"","","","","","","","","","","","","","","","","","","","","","","","","","","","","","","","","","","","","","","","","","","","","","","","","","","","","","","","","","","","","","","","","","","","","","","","","","","","","","","","","","","","","","","","","","","","","","","","","","",54,1,"","","","","","","","","","","","","","","","","","","","","","","","","","","","","",""
"61328002","LE PIN-AU-HARAS -INRAE",48.735833,0.128167,176,2002103111,0.,1,"","","","","","","","","","","","","","","","","","","","","","","","","","","","","","","","","","",13.6,1,"","","","","","","","","","","","","","","","","","","","","","","","","","","","",91,1,"","","","","","","","","","","","","","","","","","","","","","","","","","","","","","","","","","","","","","","","","","","","","","","","","","","","","","","","","","","","","","","","","","","","","","","","","","","","","","","","","","","","","","","","","","","","","","","","","","",30,1,"","","","","","","","","","","","","","","","","","","","","","","","","","","","","",""
"61328002","LE PIN-AU-HARAS -INRAE",48.735833,0.128167,176,2002103112,0.,1,"","","","","","","","","","","","","","","","","","","","","","","","","","","","","","","","","","",14.,1,"","","","","","","","","","","","","","","","","","","","","","","","","","","","",87,1,"","","","","","","","","","","","","","","","","","","","","","","","","","","","","","","","","","","","","","","","","","","","","","","","","","","","","","","","","","","","","","","","","","","","","","","","","","","","","","","","","","","","","","","","","","","","","","","","","","",34,1,"","","","","","","","","","","","","","","","","","","","","","","","","","","","","",""
"61328002","LE PIN-AU-HARAS -INRAE",48.735833,0.128167,176,2002103113,0.,1,"","","","","","","","","","","","","","","","","","","","","","","","","","","","","","","","","","",13.7,1,"","","","","","","","","","","","","","","","","","","","","","","","","","","","",84,1,"","","","","","","","","","","","","","","","","","","","","","","","","","","","","","","","","","","","","","","","","","","","","","","","","","","","","","","","","","","","","","","","","","","","","","","","","","","","","","","","","","","","","","","","","","","","","","","","","","",18,1,"","","","","","","","","","","","","","","","","","","","","","","","","","","","","",""
"61328002","LE PIN-AU-HARAS -INRAE",48.735833,0.128167,176,2002103114,0.,1,"","","","","","","","","","","","","","","","","","","","","","","","","","","","","","","","","","",14.6,1,"","","","","","","","","","","","","","","","","","","","","","","","","","","","",81,1,"","","","","","","","","","","","","","","","","","","","","","","","","","","","","","","","","","","","","","","","","","","","","","","","","","","","","","","","","","","","","","","","","","","","","","","","","","","","","","","","","","","","","","","","","","","","","","","","","","",26,1,"","","","","","","","","","","","","","","","","","","","","","","","","","","","","",""
"61328002","LE PIN-AU-HARAS -INRAE",48.735833,0.128167,176,2002103115,0.,1,"","","","","","","","","","","","","","","","","","","","","","","","","","","","","","","","","","",14.5,1,"","","","","","","","","","","","","","","","","","","","","","","","","","","","",80,1,"","","","","","","","","","","","","","","","","","","","","","","","","","","","","","","","","","","","","","","","","","","","","","","","","","","","","","","","","","","","","","","","","","","","","","","","","","","","","","","","","","","","","","","","","","","","","","","","","","",34,1,"","","","","","","","","","","","","","","","","","","","","","","","","","","","","",""
"61328002","LE PIN-AU-HARAS -INRAE",48.735833,0.128167,176,2002103116,0.,1,"","","","","","","","","","","","","","","","","","","","","","","","","","","","","","","","","","",13.7,1,"","","","","","","","","","","","","","","","","","","","","","","","","","","","",87,1,"","","","","","","","","","","","","","","","","","","","","","","","","","","","","","","","","","","","","","","","","","","","","","","","","","","","","","","","","","","","","","","","","","","","","","","","","","","","","","","","","","","","","","","","","","","","","","","","","","",10,1,"","","","","","","","","","","","","","","","","","","","","","","","","","","","","",""
"61328002","LE PIN-AU-HARAS -INRAE",48.735833,0.128167,176,2002103117,0.,1,"","","","","","","","","","","","","","","","","","","","","","","","","","","","","","","","","","",13.2,1,"","","","","","","","","","","","","","","","","","","","","","","","","","","","",90,1,"","","","","","","","","","","","","","","","","","","","","","","","","","","","","","","","","","","","","","","","","","","","","","","","","","","","","","","","","","","","","","","","","","","","","","","","","","","","","","","","","","","","","","","","","","","","","","","","","","",0,1,"","","","","","","","","","","","","","","","","","","","","","","","","","","","","",""
"61328002","LE PIN-AU-HARAS -INRAE",48.735833,0.128167,176,2002103118,0.,1,"","","","","","","","","","","","","","","","","","","","","","","","","","","","","","","","","","",13.1,1,"","","","","","","","","","","","","","","","","","","","","","","","","","","","",94,1,"","","","","","","","","","","","","","","","","","","","","","","","","","","","","","","","","","","","","","","","","","","","","","","","","","","","","","","","","","","","","","","","","","","","","","","","","","","","","","","","","","","","","","","","","","","","","","","","","","",0,1,"","","","","","","","","","","","","","","","","","","","","","","","","","","","","",""
"61328002","LE PIN-AU-HARAS -INRAE",48.735833,0.128167,176,2002103119,0.,1,"","","","","","","","","","","","","","","","","","","","","","","","","","","","","","","","","","",12.9,1,"","","","","","","","","","","","","","","","","","","","","","","","","","","","",96,1,"","","","","","","","","","","","","","","","","","","","","","","","","","","","","","","","","","","","","","","","","","","","","","","","","","","","","","","","","","","","","","","","","","","","","","","","","","","","","","","","","","","","","","","","","","","","","","","","","","",0,1,"","","","","","","","","","","","","","","","","","","","","","","","","","","","","",""
"61328002","LE PIN-AU-HARAS -INRAE",48.735833,0.128167,176,2002103120,0.,1,"","","","","","","","","","","","","","","","","","","","","","","","","","","","","","","","","","",12.9,1,"","","","","","","","","","","","","","","","","","","","","","","","","","","","",96,1,"","","","","","","","","","","","","","","","","","","","","","","","","","","","","","","","","","","","","","","","","","","","","","","","","","","","","","","","","","","","","","","","","","","","","","","","","","","","","","","","","","","","","","","","","","","","","","","","","","",0,1,"","","","","","","","","","","","","","","","","","","","","","","","","","","","","",""
"61328002","LE PIN-AU-HARAS -INRAE",48.735833,0.128167,176,2002103121,0.,1,"","","","","","","","","","","","","","","","","","","","","","","","","","","","","","","","","","",12.8,1,"","","","","","","","","","","","","","","","","","","","","","","","","","","","",97,1,"","","","","","","","","","","","","","","","","","","","","","","","","","","","","","","","","","","","","","","","","","","","","","","","","","","","","","","","","","","","","","","","","","","","","","","","","","","","","","","","","","","","","","","","","","","","","","","","","","",0,1,"","","","","","","","","","","","","","","","","","","","","","","","","","","","","",""
"61328002","LE PIN-AU-HARAS -INRAE",48.735833,0.128167,176,2002103122,0.,1,"","","","","","","","","","","","","","","","","","","","","","","","","","","","","","","","","","",13.,1,"","","","","","","","","","","","","","","","","","","","","","","","","","","","",98,1,"","","","","","","","","","","","","","","","","","","","","","","","","","","","","","","","","","","","","","","","","","","","","","","","","","","","","","","","","","","","","","","","","","","","","","","","","","","","","","","","","","","","","","","","","","","","","","","","","","",0,1,"","","","","","","","","","","","","","","","","","","","","","","","","","","","","",""
"61328002","LE PIN-AU-HARAS -INRAE",48.735833,0.128167,176,2002103123,0.,1,"","","","","","","","","","","","","","","","","","","","","","","","","","","","","","","","","","",12.8,1,"","","","","","","","","","","","","","","","","","","","","","","","","","","","",99,1,"","","","","","","","","","","","","","","","","","","","","","","","","","","","","","","","","","","","","","","","","","","","","","","","","","","","","","","","","","","","","","","","","","","","","","","","","","","","","","","","","","","","","","","","","","","","","","","","","","",0,1,"","","","","","","","","","","","","","","","","","","","","","","","","","","","","",""
"61328002","LE PIN-AU-HARAS -INRAE",48.735833,0.128167,176,2002110100,0.,1,"","","","","","","","","","","","","","","","","","","","","","","","","","","","","","","","","","",12.6,1,"","","","","","","","","","","","","","","","","","","","","","","","","","","","",100,1,"","","","","","","","","","","","","","","","","","","","","","","","","","","","","","","","","","","","","","","","","","","","","","","","","","","","","","","","","","","","","","","","","","","","","","","","","","","","","","","","","","","","","","","","","","","","","","","","","","",0,1,"","","","","","","","","","","","","","","","","","","","","","","","","","","","","",""
"61328002","LE PIN-AU-HARAS -INRAE",48.735833,0.128167,176,2002110101,0.,1,"","","","","","","","","","","","","","","","","","","","","","","","","","","","","","","","","","",13.,1,"","","","","","","","","","","","","","","","","","","","","","","","","","","","",99,1,"","","","","","","","","","","","","","","","","","","","","","","","","","","","","","","","","","","","","","","","","","","","","","","","","","","","","","","","","","","","","","","","","","","","","","","","","","","","","","","","","","","","","","","","","","","","","","","","","","",0,1,"","","","","","","","","","","","","","","","","","","","","","","","","","","","","",""
"61328002","LE PIN-AU-HARAS -INRAE",48.735833,0.128167,176,2002110102,0.,1,"","","","","","","","","","","","","","","","","","","","","","","","","","","","","","","","","","",12.5,1,"","","","","","","","","","","","","","","","","","","","","","","","","","","","",93,1,"","","","","","","","","","","","","","","","","","","","","","","","","","","","","","","","","","","","","","","","","","","","","","","","","","","","","","","","","","","","","","","","","","","","","","","","","","","","","","","","","","","","","","","","","","","","","","","","","","",0,1,"","","","","","","","","","","","","","","","","","","","","","","","","","","","","",""
"61328002","LE PIN-AU-HARAS -INRAE",48.735833,0.128167,176,2002110103,0.,1,"","","","","","","","","","","","","","","","","","","","","","","","","","","","","","","","","","",12.1,1,"","","","","","","","","","","","","","","","","","","","","","","","","","","","",91,1,"","","","","","","","","","","","","","","","","","","","","","","","","","","","","","","","","","","","","","","","","","","","","","","","","","","","","","","","","","","","","","","","","","","","","","","","","","","","","","","","","","","","","","","","","","","","","","","","","","",0,1,"","","","","","","","","","","","","","","","","","","","","","","","","","","","","",""
"61328002","LE PIN-AU-HARAS -INRAE",48.735833,0.128167,176,2002110104,0.,1,"","","","","","","","","","","","","","","","","","","","","","","","","","","","","","","","","","",11.1,1,"","","","","","","","","","","","","","","","","","","","","","","","","","","","",93,1,"","","","","","","","","","","","","","","","","","","","","","","","","","","","","","","","","","","","","","","","","","","","","","","","","","","","","","","","","","","","","","","","","","","","","","","","","","","","","","","","","","","","","","","","","","","","","","","","","","",0,1,"","","","","","","","","","","","","","","","","","","","","","","","","","","","","",""
"61328002","LE PIN-AU-HARAS -INRAE",48.735833,0.128167,176,2002110105,0.,1,"","","","","","","","","","","","","","","","","","","","","","","","","","","","","","","","","","",10.7,1,"","","","","","","","","","","","","","","","","","","","","","","","","","","","",95,1,"","","","","","","","","","","","","","","","","","","","","","","","","","","","","","","","","","","","","","","","","","","","","","","","","","","","","","","","","","","","","","","","","","","","","","","","","","","","","","","","","","","","","","","","","","","","","","","","","","",0,1,"","","","","","","","","","","","","","","","","","","","","","","","","","","","","",""
"61328002","LE PIN-AU-HARAS -INRAE",48.735833,0.128167,176,2002110106,0.,1,"","","","","","","","","","","","","","","","","","","","","","","","","","","","","","","","","","",10.7,1,"","","","","","","","","","","","","","","","","","","","","","","","","","","","",96,1,"","","","","","","","","","","","","","","","","","","","","","","","","","","","","","","","","","","","","","","","","","","","","","","","","","","","","","","","","","","","","","","","","","","","","","","","","","","","","","","","","","","","","","","","","","","","","","","","","","",0,1,"","","","","","","","","","","","","","","","","","","","","","","","","","","","","",""
"61328002","LE PIN-AU-HARAS -INRAE",48.735833,0.128167,176,2002110107,0.,1,"","","","","","","","","","","","","","","","","","","","","","","","","","","","","","","","","","",11.1,1,"","","","","","","","","","","","","","","","","","","","","","","","","","","","",98,1,"","","","","","","","","","","","","","","","","","","","","","","","","","","","","","","","","","","","","","","","","","","","","","","","","","","","","","","","","","","","","","","","","","","","","","","","","","","","","","","","","","","","","","","","","","","","","","","","","","",0,1,"","","","","","","","","","","","","","","","","","","","","","","","","","","","","",""
"61328002","LE PIN-AU-HARAS -INRAE",48.735833,0.128167,176,2002110108,0.,1,"","","","","","","","","","","","","","","","","","","","","","","","","","","","","","","","","","",11.3,1,"","","","","","","","","","","","","","","","","","","","","","","","","","","","",98,1,"","","","","","","","","","","","","","","","","","","","","","","","","","","","","","","","","","","","","","","","","","","","","","","","","","","","","","","","","","","","","","","","","","","","","","","","","","","","","","","","","","","","","","","","","","","","","","","","","","",4,1,"","","","","","","","","","","","","","","","","","","","","","","","","","","","","",""
"61328002","LE PIN-AU-HARAS -INRAE",48.735833,0.128167,176,2002110109,0.,1,"","","","","","","","","","","","","","","","","","","","","","","","","","","","","","","","","","",11.8,1,"","","","","","","","","","","","","","","","","","","","","","","","","","","","",98,1,"","","","","","","","","","","","","","","","","","","","","","","","","","","","","","","","","","","","","","","","","","","","","","","","","","","","","","","","","","","","","","","","","","","","","","","","","","","","","","","","","","","","","","","","","","","","","","","","","","",12,1,"","","","","","","","","","","","","","","","","","","","","","","","","","","","","",""
"61328002","LE PIN-AU-HARAS -INRAE",48.735833,0.128167,176,2002110110,0.,1,"","","","","","","","","","","","","","","","","","","","","","","","","","","","","","","","","","",12.,1,"","","","","","","","","","","","","","","","","","","","","","","","","","","","",97,1,"","","","","","","","","","","","","","","","","","","","","","","","","","","","","","","","","","","","","","","","","","","","","","","","","","","","","","","","","","","","","","","","","","","","","","","","","","","","","","","","","","","","","","","","","","","","","","","","","","",14,1,"","","","","","","","","","","","","","","","","","","","","","","","","","","","","",""
"61328002","LE PIN-AU-HARAS -INRAE",48.735833,0.128167,176,2002110111,0.,1,"","","","","","","","","","","","","","","","","","","","","","","","","","","","","","","","","","",12.5,1,"","","","","","","","","","","","","","","","","","","","","","","","","","","","",97,1,"","","","","","","","","","","","","","","","","","","","","","","","","","","","","","","","","","","","","","","","","","","","","","","","","","","","","","","","","","","","","","","","","","","","","","","","","","","","","","","","","","","","","","","","","","","","","","","","","","",32,1,"","","","","","","","","","","","","","","","","","","","","","","","","","","","","",""
"61328002","LE PIN-AU-HARAS -INRAE",48.735833,0.128167,176,2002110112,0.,1,"","","","","","","","","","","","","","","","","","","","","","","","","","","","","","","","","","",13.1,1,"","","","","","","","","","","","","","","","","","","","","","","","","","","","",91,1,"","","","","","","","","","","","","","","","","","","","","","","","","","","","","","","","","","","","","","","","","","","","","","","","","","","","","","","","","","","","","","","","","","","","","","","","","","","","","","","","","","","","","","","","","","","","","","","","","","",30,1,"","","","","","","","","","","","","","","","","","","","","","","","","","","","","",""
"61328002","LE PIN-AU-HARAS -INRAE",48.735833,0.128167,176,2002110113,0.,1,"","","","","","","","","","","","","","","","","","","","","","","","","","","","","","","","","","",13.3,1,"","","","","","","","","","","","","","","","","","","","","","","","","","","","",88,1,"","","","","","","","","","","","","","","","","","","","","","","","","","","","","","","","","","","","","","","","","","","","","","","","","","","","","","","","","","","","","","","","","","","","","","","","","","","","","","","","","","","","","","","","","","","","","","","","","","",34,1,"","","","","","","","","","","","","","","","","","","","","","","","","","","","","",""
"61328002","LE PIN-AU-HARAS -INRAE",48.735833,0.128167,176,2002110114,0.,1,"","","","","","","","","","","","","","","","","","","","","","","","","","","","","","","","","","",13.2,1,"","","","","","","","","","","","","","","","","","","","","","","","","","","","",91,1,"","","","","","","","","","","","","","","","","","","","","","","","","","","","","","","","","","","","","","","","","","","","","","","","","","","","","","","","","","","","","","","","","","","","","","","","","","","","","","","","","","","","","","","","","","","","","","","","","","",24,1,"","","","","","","","","","","","","","","","","","","","","","","","","","","","","",""
"61328002","LE PIN-AU-HARAS -INRAE",48.735833,0.128167,176,2002110115,0.,1,"","","","","","","","","","","","","","","","","","","","","","","","","","","","","","","","","","",13.2,1,"","","","","","","","","","","","","","","","","","","","","","","","","","","","",94,1,"","","","","","","","","","","","","","","","","","","","","","","","","","","","","","","","","","","","","","","","","","","","","","","","","","","","","","","","","","","","","","","","","","","","","","","","","","","","","","","","","","","","","","","","","","","","","","","","","","",12,1,"","","","","","","","","","","","","","","","","","","","","","","","","","","","","",""
"61328002","LE PIN-AU-HARAS -INRAE",48.735833,0.128167,176,2002110116,0.,1,"","","","","","","","","","","","","","","","","","","","","","","","","","","","","","","","","","",13.2,1,"","","","","","","","","","","","","","","","","","","","","","","","","","","","",95,1,"","","","","","","","","","","","","","","","","","","","","","","","","","","","","","","","","","","","","","","","","","","","","","","","","","","","","","","","","","","","","","","","","","","","","","","","","","","","","","","","","","","","","","","","","","","","","","","","","","",6,1,"","","","","","","","","","","","","","","","","","","","","","","","","","","","","",""
"61328002","LE PIN-AU-HARAS -INRAE",48.735833,0.128167,176,2002110117,0.,1,"","","","","","","","","","","","","","","","","","","","","","","","","","","","","","","","","","",13.7,1,"","","","","","","","","","","","","","","","","","","","","","","","","","","","",95,1,"","","","","","","","","","","","","","","","","","","","","","","","","","","","","","","","","","","","","","","","","","","","","","","","","","","","","","","","","","","","","","","","","","","","","","","","","","","","","","","","","","","","","","","","","","","","","","","","","","",2,1,"","","","","","","","","","","","","","","","","","","","","","","","","","","","","",""
"61328002","LE PIN-AU-HARAS -INRAE",48.735833,0.128167,176,2002110118,0.,1,"","","","","","","","","","","","","","","","","","","","","","","","","","","","","","","","","","",14.4,1,"","","","","","","","","","","","","","","","","","","","","","","","","","","","",93,1,"","","","","","","","","","","","","","","","","","","","","","","","","","","","","","","","","","","","","","","","","","","","","","","","","","","","","","","","","","","","","","","","","","","","","","","","","","","","","","","","","","","","","","","","","","","","","","","","","","",0,1,"","","","","","","","","","","","","","","","","","","","","","","","","","","","","",""
"61328002","LE PIN-AU-HARAS -INRAE",48.735833,0.128167,176,2002110119,0.,1,"","","","","","","","","","","","","","","","","","","","","","","","","","","","","","","","","","",14.6,1,"","","","","","","","","","","","","","","","","","","","","","","","","","","","",92,1,"","","","","","","","","","","","","","","","","","","","","","","","","","","","","","","","","","","","","","","","","","","","","","","","","","","","","","","","","","","","","","","","","","","","","","","","","","","","","","","","","","","","","","","","","","","","","","","","","","",0,1,"","","","","","","","","","","","","","","","","","","","","","","","","","","","","",""
"61328002","LE PIN-AU-HARAS -INRAE",48.735833,0.128167,176,2002110120,0.,1,"","","","","","","","","","","","","","","","","","","","","","","","","","","","","","","","","","",14.2,1,"","","","","","","","","","","","","","","","","","","","","","","","","","","","",93,1,"","","","","","","","","","","","","","","","","","","","","","","","","","","","","","","","","","","","","","","","","","","","","","","","","","","","","","","","","","","","","","","","","","","","","","","","","","","","","","","","","","","","","","","","","","","","","","","","","","",0,1,"","","","","","","","","","","","","","","","","","","","","","","","","","","","","",""
"61328002","LE PIN-AU-HARAS -INRAE",48.735833,0.128167,176,2002110121,0.5,1,"","","","","","","","","","","","","","","","","","","","","","","","","","","","","","","","","","",14.,1,"","","","","","","","","","","","","","","","","","","","","","","","","","","","",94,1,"","","","","","","","","","","","","","","","","","","","","","","","","","","","","","","","","","","","","","","","","","","","","","","","","","","","","","","","","","","","","","","","","","","","","","","","","","","","","","","","","","","","","","","","","","","","","","","","","","",0,1,"","","","","","","","","","","","","","","","","","","","","","","","","","","","","",""
"61328002","LE PIN-AU-HARAS -INRAE",48.735833,0.128167,176,2002110122,0.,1,"","","","","","","","","","","","","","","","","","","","","","","","","","","","","","","","","","",13.7,1,"","","","","","","","","","","","","","","","","","","","","","","","","","","","",94,1,"","","","","","","","","","","","","","","","","","","","","","","","","","","","","","","","","","","","","","","","","","","","","","","","","","","","","","","","","","","","","","","","","","","","","","","","","","","","","","","","","","","","","","","","","","","","","","","","","","",0,1,"","","","","","","","","","","","","","","","","","","","","","","","","","","","","",""
"61328002","LE PIN-AU-HARAS -INRAE",48.735833,0.128167,176,2002110123,0.,1,"","","","","","","","","","","","","","","","","","","","","","","","","","","","","","","","","","",14.,1,"","","","","","","","","","","","","","","","","","","","","","","","","","","","",94,1,"","","","","","","","","","","","","","","","","","","","","","","","","","","","","","","","","","","","","","","","","","","","","","","","","","","","","","","","","","","","","","","","","","","","","","","","","","","","","","","","","","","","","","","","","","","","","","","","","","",0,1,"","","","","","","","","","","","","","","","","","","","","","","","","","","","","",""
"61328002","LE PIN-AU-HARAS -INRAE",48.735833,0.128167,176,2002110200,0.,1,"","","","","","","","","","","","","","","","","","","","","","","","","","","","","","","","","","",14.1,1,"","","","","","","","","","","","","","","","","","","","","","","","","","","","",94,1,"","","","","","","","","","","","","","","","","","","","","","","","","","","","","","","","","","","","","","","","","","","","","","","","","","","","","","","","","","","","","","","","","","","","","","","","","","","","","","","","","","","","","","","","","","","","","","","","","","",0,1,"","","","","","","","","","","","","","","","","","","","","","","","","","","","","",""
"61328002","LE PIN-AU-HARAS -INRAE",48.735833,0.128167,176,2002110201,1.5,1,"","","","","","","","","","","","","","","","","","","","","","","","","","","","","","","","","","",13.7,1,"","","","","","","","","","","","","","","","","","","","","","","","","","","","",98,1,"","","","","","","","","","","","","","","","","","","","","","","","","","","","","","","","","","","","","","","","","","","","","","","","","","","","","","","","","","","","","","","","","","","","","","","","","","","","","","","","","","","","","","","","","","","","","","","","","","",0,1,"","","","","","","","","","","","","","","","","","","","","","","","","","","","","",""
"61328002","LE PIN-AU-HARAS -INRAE",48.735833,0.128167,176,2002110202,0.5,1,"","","","","","","","","","","","","","","","","","","","","","","","","","","","","","","","","","",14.3,1,"","","","","","","","","","","","","","","","","","","","","","","","","","","","",100,1,"","","","","","","","","","","","","","","","","","","","","","","","","","","","","","","","","","","","","","","","","","","","","","","","","","","","","","","","","","","","","","","","","","","","","","","","","","","","","","","","","","","","","","","","","","","","","","","","","","",0,1,"","","","","","","","","","","","","","","","","","","","","","","","","","","","","",""
"61328002","LE PIN-AU-HARAS -INRAE",48.735833,0.128167,176,2002110203,0.,1,"","","","","","","","","","","","","","","","","","","","","","","","","","","","","","","","","","",14.5,1,"","","","","","","","","","","","","","","","","","","","","","","","","","","","",99,1,"","","","","","","","","","","","","","","","","","","","","","","","","","","","","","","","","","","","","","","","","","","","","","","","","","","","","","","","","","","","","","","","","","","","","","","","","","","","","","","","","","","","","","","","","","","","","","","","","","",0,1,"","","","","","","","","","","","","","","","","","","","","","","","","","","","","",""
"61328002","LE PIN-AU-HARAS -INRAE",48.735833,0.128167,176,2002110204,2.5,1,"","","","","","","","","","","","","","","","","","","","","","","","","","","","","","","","","","",14.4,1,"","","","","","","","","","","","","","","","","","","","","","","","","","","","",99,1,"","","","","","","","","","","","","","","","","","","","","","","","","","","","","","","","","","","","","","","","","","","","","","","","","","","","","","","","","","","","","","","","","","","","","","","","","","","","","","","","","","","","","","","","","","","","","","","","","","",0,1,"","","","","","","","","","","","","","","","","","","","","","","","","","","","","",""
"61328002","LE PIN-AU-HARAS -INRAE",48.735833,0.128167,176,2002110205,2.,1,"","","","","","","","","","","","","","","","","","","","","","","","","","","","","","","","","","",14.4,1,"","","","","","","","","","","","","","","","","","","","","","","","","","","","",100,1,"","","","","","","","","","","","","","","","","","","","","","","","","","","","","","","","","","","","","","","","","","","","","","","","","","","","","","","","","","","","","","","","","","","","","","","","","","","","","","","","","","","","","","","","","","","","","","","","","","",0,1,"","","","","","","","","","","","","","","","","","","","","","","","","","","","","",""
"61328002","LE PIN-AU-HARAS -INRAE",48.735833,0.128167,176,2002110206,1.5,1,"","","","","","","","","","","","","","","","","","","","","","","","","","","","","","","","","","",14.5,1,"","","","","","","","","","","","","","","","","","","","","","","","","","","","",100,1,"","","","","","","","","","","","","","","","","","","","","","","","","","","","","","","","","","","","","","","","","","","","","","","","","","","","","","","","","","","","","","","","","","","","","","","","","","","","","","","","","","","","","","","","","","","","","","","","","","",0,1,"","","","","","","","","","","","","","","","","","","","","","","","","","","","","",""
"61328002","LE PIN-AU-HARAS -INRAE",48.735833,0.128167,176,2002110207,0.,1,"","","","","","","","","","","","","","","","","","","","","","","","","","","","","","","","","","",14.5,1,"","","","","","","","","","","","","","","","","","","","","","","","","","","","",100,1,"","","","","","","","","","","","","","","","","","","","","","","","","","","","","","","","","","","","","","","","","","","","","","","","","","","","","","","","","","","","","","","","","","","","","","","","","","","","","","","","","","","","","","","","","","","","","","","","","","",0,1,"","","","","","","","","","","","","","","","","","","","","","","","","","","","","",""
"61328002","LE PIN-AU-HARAS -INRAE",48.735833,0.128167,176,2002110208,1.,1,"","","","","","","","","","","","","","","","","","","","","","","","","","","","","","","","","","",14.7,1,"","","","","","","","","","","","","","","","","","","","","","","","","","","","",100,1,"","","","","","","","","","","","","","","","","","","","","","","","","","","","","","","","","","","","","","","","","","","","","","","","","","","","","","","","","","","","","","","","","","","","","","","","","","","","","","","","","","","","","","","","","","","","","","","","","","",4,1,"","","","","","","","","","","","","","","","","","","","","","","","","","","","","",""
"61328002","LE PIN-AU-HARAS -INRAE",48.735833,0.128167,176,2002110209,0.5,1,"","","","","","","","","","","","","","","","","","","","","","","","","","","","","","","","","","",15.,1,"","","","","","","","","","","","","","","","","","","","","","","","","","","","",100,1,"","","","","","","","","","","","","","","","","","","","","","","","","","","","","","","","","","","","","","","","","","","","","","","","","","","","","","","","","","","","","","","","","","","","","","","","","","","","","","","","","","","","","","","","","","","","","","","","","","",12,1,"","","","","","","","","","","","","","","","","","","","","","","","","","","","","",""
"61328002","LE PIN-AU-HARAS -INRAE",48.735833,0.128167,176,2002110210,0.5,1,"","","","","","","","","","","","","","","","","","","","","","","","","","","","","","","","","","",15.3,1,"","","","","","","","","","","","","","","","","","","","","","","","","","","","",99,1,"","","","","","","","","","","","","","","","","","","","","","","","","","","","","","","","","","","","","","","","","","","","","","","","","","","","","","","","","","","","","","","","","","","","","","","","","","","","","","","","","","","","","","","","","","","","","","","","","","",16,1,"","","","","","","","","","","","","","","","","","","","","","","","","","","","","",""
"61328002","LE PIN-AU-HARAS -INRAE",48.735833,0.128167,176,2002110211,0.5,1,"","","","","","","","","","","","","","","","","","","","","","","","","","","","","","","","","","",15.7,1,"","","","","","","","","","","","","","","","","","","","","","","","","","","","",97,1,"","","","","","","","","","","","","","","","","","","","","","","","","","","","","","","","","","","","","","","","","","","","","","","","","","","","","","","","","","","","","","","","","","","","","","","","","","","","","","","","","","","","","","","","","","","","","","","","","","",22,1,"","","","","","","","","","","","","","","","","","","","","","","","","","","","","",""
"61328002","LE PIN-AU-HARAS -INRAE",48.735833,0.128167,176,2002110212,0.,1,"","","","","","","","","","","","","","","","","","","","","","","","","","","","","","","","","","",16.1,1,"","","","","","","","","","","","","","","","","","","","","","","","","","","","",93,1,"","","","","","","","","","","","","","","","","","","","","","","","","","","","","","","","","","","","","","","","","","","","","","","","","","","","","","","","","","","","","","","","","","","","","","","","","","","","","","","","","","","","","","","","","","","","","","","","","","",40,1,"","","","","","","","","","","","","","","","","","","","","","","","","","","","","",""
"61328002","LE PIN-AU-HARAS -INRAE",48.735833,0.128167,176,2002110213,0.,1,"","","","","","","","","","","","","","","","","","","","","","","","","","","","","","","","","","",16.5,1,"","","","","","","","","","","","","","","","","","","","","","","","","","","","",91,1,"","","","","","","","","","","","","","","","","","","","","","","","","","","","","","","","","","","","","","","","","","","","","","","","","","","","","","","","","","","","","","","","","","","","","","","","","","","","","","","","","","","","","","","","","","","","","","","","","","",38,1,"","","","","","","","","","","","","","","","","","","","","","","","","","","","","",""
"61328002","LE PIN-AU-HARAS -INRAE",48.735833,0.128167,176,2002110214,0.,1,"","","","","","","","","","","","","","","","","","","","","","","","","","","","","","","","","","",16.6,1,"","","","","","","","","","","","","","","","","","","","","","","","","","","","",90,1,"","","","","","","","","","","","","","","","","","","","","","","","","","","","","","","","","","","","","","","","","","","","","","","","","","","","","","","","","","","","","","","","","","","","","","","","","","","","","","","","","","","","","","","","","","","","","","","","","","",28,1,"","","","","","","","","","","","","","","","","","","","","","","","","","","","","",""
"61328002","LE PIN-AU-HARAS -INRAE",48.735833,0.128167,176,2002110215,1.,1,"","","","","","","","","","","","","","","","","","","","","","","","","","","","","","","","","","",15.9,1,"","","","","","","","","","","","","","","","","","","","","","","","","","","","",97,1,"","","","","","","","","","","","","","","","","","","","","","","","","","","","","","","","","","","","","","","","","","","","","","","","","","","","","","","","","","","","","","","","","","","","","","","","","","","","","","","","","","","","","","","","","","","","","","","","","","",6,1,"","","","","","","","","","","","","","","","","","","","","","","","","","","","","",""
"61328002","LE PIN-AU-HARAS -INRAE",48.735833,0.128167,176,2002110216,0.5,1,"","","","","","","","","","","","","","","","","","","","","","","","","","","","","","","","","","",16.1,1,"","","","","","","","","","","","","","","","","","","","","","","","","","","","",100,1,"","","","","","","","","","","","","","","","","","","","","","","","","","","","","","","","","","","","","","","","","","","","","","","","","","","","","","","","","","","","","","","","","","","","","","","","","","","","","","","","","","","","","","","","","","","","","","","","","","",6,1,"","","","","","","","","","","","","","","","","","","","","","","","","","","","","",""
"61328002","LE PIN-AU-HARAS -INRAE",48.735833,0.128167,176,2002110217,0.,1,"","","","","","","","","","","","","","","","","","","","","","","","","","","","","","","","","","",16.,1,"","","","","","","","","","","","","","","","","","","","","","","","","","","","",97,1,"","","","","","","","","","","","","","","","","","","","","","","","","","","","","","","","","","","","","","","","","","","","","","","","","","","","","","","","","","","","","","","","","","","","","","","","","","","","","","","","","","","","","","","","","","","","","","","","","","",2,1,"","","","","","","","","","","","","","","","","","","","","","","","","","","","","",""
"61328002","LE PIN-AU-HARAS -INRAE",48.735833,0.128167,176,2002110218,2.,1,"","","","","","","","","","","","","","","","","","","","","","","","","","","","","","","","","","",16.,1,"","","","","","","","","","","","","","","","","","","","","","","","","","","","",98,1,"","","","","","","","","","","","","","","","","","","","","","","","","","","","","","","","","","","","","","","","","","","","","","","","","","","","","","","","","","","","","","","","","","","","","","","","","","","","","","","","","","","","","","","","","","","","","","","","","","",0,1,"","","","","","","","","","","","","","","","","","","","","","","","","","","","","",""
"61328002","LE PIN-AU-HARAS -INRAE",48.735833,0.128167,176,2002110219,0.5,1,"","","","","","","","","","","","","","","","","","","","","","","","","","","","","","","","","","",15.8,1,"","","","","","","","","","","","","","","","","","","","","","","","","","","","",97,1,"","","","","","","","","","","","","","","","","","","","","","","","","","","","","","","","","","","","","","","","","","","","","","","","","","","","","","","","","","","","","","","","","","","","","","","","","","","","","","","","","","","","","","","","","","","","","","","","","","",0,1,"","","","","","","","","","","","","","","","","","","","","","","","","","","","","",""
"61328002","LE PIN-AU-HARAS -INRAE",48.735833,0.128167,176,2002110220,0.,1,"","","","","","","","","","","","","","","","","","","","","","","","","","","","","","","","","","",15.9,1,"","","","","","","","","","","","","","","","","","","","","","","","","","","","",97,1,"","","","","","","","","","","","","","","","","","","","","","","","","","","","","","","","","","","","","","","","","","","","","","","","","","","","","","","","","","","","","","","","","","","","","","","","","","","","","","","","","","","","","","","","","","","","","","","","","","",0,1,"","","","","","","","","","","","","","","","","","","","","","","","","","","","","",""
"61328002","LE PIN-AU-HARAS -INRAE",48.735833,0.128167,176,2002110221,1.,1,"","","","","","","","","","","","","","","","","","","","","","","","","","","","","","","","","","",15.9,1,"","","","","","","","","","","","","","","","","","","","","","","","","","","","",98,1,"","","","","","","","","","","","","","","","","","","","","","","","","","","","","","","","","","","","","","","","","","","","","","","","","","","","","","","","","","","","","","","","","","","","","","","","","","","","","","","","","","","","","","","","","","","","","","","","","","",0,1,"","","","","","","","","","","","","","","","","","","","","","","","","","","","","",""
"61328002","LE PIN-AU-HARAS -INRAE",48.735833,0.128167,176,2002110222,0.,1,"","","","","","","","","","","","","","","","","","","","","","","","","","","","","","","","","","",16.1,1,"","","","","","","","","","","","","","","","","","","","","","","","","","","","",97,1,"","","","","","","","","","","","","","","","","","","","","","","","","","","","","","","","","","","","","","","","","","","","","","","","","","","","","","","","","","","","","","","","","","","","","","","","","","","","","","","","","","","","","","","","","","","","","","","","","","",0,1,"","","","","","","","","","","","","","","","","","","","","","","","","","","","","",""
"61328002","LE PIN-AU-HARAS -INRAE",48.735833,0.128167,176,2002110223,0.,1,"","","","","","","","","","","","","","","","","","","","","","","","","","","","","","","","","","",16.1,1,"","","","","","","","","","","","","","","","","","","","","","","","","","","","",98,1,"","","","","","","","","","","","","","","","","","","","","","","","","","","","","","","","","","","","","","","","","","","","","","","","","","","","","","","","","","","","","","","","","","","","","","","","","","","","","","","","","","","","","","","","","","","","","","","","","","",0,1,"","","","","","","","","","","","","","","","","","","","","","","","","","","","","",""
"61328002","LE PIN-AU-HARAS -INRAE",48.735833,0.128167,176,2002110300,0.,1,"","","","","","","","","","","","","","","","","","","","","","","","","","","","","","","","","","",15.6,1,"","","","","","","","","","","","","","","","","","","","","","","","","","","","",97,1,"","","","","","","","","","","","","","","","","","","","","","","","","","","","","","","","","","","","","","","","","","","","","","","","","","","","","","","","","","","","","","","","","","","","","","","","","","","","","","","","","","","","","","","","","","","","","","","","","","",0,1,"","","","","","","","","","","","","","","","","","","","","","","","","","","","","",""
"61328002","LE PIN-AU-HARAS -INRAE",48.735833,0.128167,176,2002110301,0.,1,"","","","","","","","","","","","","","","","","","","","","","","","","","","","","","","","","","",13.9,1,"","","","","","","","","","","","","","","","","","","","","","","","","","","","",91,1,"","","","","","","","","","","","","","","","","","","","","","","","","","","","","","","","","","","","","","","","","","","","","","","","","","","","","","","","","","","","","","","","","","","","","","","","","","","","","","","","","","","","","","","","","","","","","","","","","","",0,1,"","","","","","","","","","","","","","","","","","","","","","","","","","","","","",""
"61328002","LE PIN-AU-HARAS -INRAE",48.735833,0.128167,176,2002110302,0.,1,"","","","","","","","","","","","","","","","","","","","","","","","","","","","","","","","","","",12.7,1,"","","","","","","","","","","","","","","","","","","","","","","","","","","","",87,1,"","","","","","","","","","","","","","","","","","","","","","","","","","","","","","","","","","","","","","","","","","","","","","","","","","","","","","","","","","","","","","","","","","","","","","","","","","","","","","","","","","","","","","","","","","","","","","","","","","",0,1,"","","","","","","","","","","","","","","","","","","","","","","","","","","","","",""
"61328002","LE PIN-AU-HARAS -INRAE",48.735833,0.128167,176,2002110303,0.,1,"","","","","","","","","","","","","","","","","","","","","","","","","","","","","","","","","","",12.7,1,"","","","","","","","","","","","","","","","","","","","","","","","","","","","",85,1,"","","","","","","","","","","","","","","","","","","","","","","","","","","","","","","","","","","","","","","","","","","","","","","","","","","","","","","","","","","","","","","","","","","","","","","","","","","","","","","","","","","","","","","","","","","","","","","","","","",0,1,"","","","","","","","","","","","","","","","","","","","","","","","","","","","","",""
"61328002","LE PIN-AU-HARAS -INRAE",48.735833,0.128167,176,2002110304,0.,1,"","","","","","","","","","","","","","","","","","","","","","","","","","","","","","","","","","",11.5,1,"","","","","","","","","","","","","","","","","","","","","","","","","","","","",92,1,"","","","","","","","","","","","","","","","","","","","","","","","","","","","","","","","","","","","","","","","","","","","","","","","","","","","","","","","","","","","","","","","","","","","","","","","","","","","","","","","","","","","","","","","","","","","","","","","","","",0,1,"","","","","","","","","","","","","","","","","","","","","","","","","","","","","",""
"61328002","LE PIN-AU-HARAS -INRAE",48.735833,0.128167,176,2002110305,0.,1,"","","","","","","","","","","","","","","","","","","","","","","","","","","","","","","","","","",11.2,1,"","","","","","","","","","","","","","","","","","","","","","","","","","","","",92,1,"","","","","","","","","","","","","","","","","","","","","","","","","","","","","","","","","","","","","","","","","","","","","","","","","","","","","","","","","","","","","","","","","","","","","","","","","","","","","","","","","","","","","","","","","","","","","","","","","","",0,1,"","","","","","","","","","","","","","","","","","","","","","","","","","","","","",""
"61328002","LE PIN-AU-HARAS -INRAE",48.735833,0.128167,176,2002110306,0.,1,"","","","","","","","","","","","","","","","","","","","","","","","","","","","","","","","","","",11.9,1,"","","","","","","","","","","","","","","","","","","","","","","","","","","","",90,1,"","","","","","","","","","","","","","","","","","","","","","","","","","","","","","","","","","","","","","","","","","","","","","","","","","","","","","","","","","","","","","","","","","","","","","","","","","","","","","","","","","","","","","","","","","","","","","","","","","",0,1,"","","","","","","","","","","","","","","","","","","","","","","","","","","","","",""
"61328002","LE PIN-AU-HARAS -INRAE",48.735833,0.128167,176,2002110307,0.,1,"","","","","","","","","","","","","","","","","","","","","","","","","","","","","","","","","","",10.7,1,"","","","","","","","","","","","","","","","","","","","","","","","","","","","",91,1,"","","","","","","","","","","","","","","","","","","","","","","","","","","","","","","","","","","","","","","","","","","","","","","","","","","","","","","","","","","","","","","","","","","","","","","","","","","","","","","","","","","","","","","","","","","","","","","","","","",0,1,"","","","","","","","","","","","","","","","","","","","","","","","","","","","","",""
"61328002","LE PIN-AU-HARAS -INRAE",48.735833,0.128167,176,2002110308,0.,1,"","","","","","","","","","","","","","","","","","","","","","","","","","","","","","","","","","",11.2,1,"","","","","","","","","","","","","","","","","","","","","","","","","","","","",90,1,"","","","","","","","","","","","","","","","","","","","","","","","","","","","","","","","","","","","","","","","","","","","","","","","","","","","","","","","","","","","","","","","","","","","","","","","","","","","","","","","","","","","","","","","","","","","","","","","","","",14,1,"","","","","","","","","","","","","","","","","","","","","","","","","","","","","",""
"61328002","LE PIN-AU-HARAS -INRAE",48.735833,0.128167,176,2002110309,0.,1,"","","","","","","","","","","","","","","","","","","","","","","","","","","","","","","","","","",11.9,1,"","","","","","","","","","","","","","","","","","","","","","","","","","","","",82,1,"","","","","","","","","","","","","","","","","","","","","","","","","","","","","","","","","","","","","","","","","","","","","","","","","","","","","","","","","","","","","","","","","","","","","","","","","","","","","","","","","","","","","","","","","","","","","","","","","","",48,1,"","","","","","","","","","","","","","","","","","","","","","","","","","","","","",""
"61328002","LE PIN-AU-HARAS -INRAE",48.735833,0.128167,176,2002110310,0.,1,"","","","","","","","","","","","","","","","","","","","","","","","","","","","","","","","","","",12.2,1,"","","","","","","","","","","","","","","","","","","","","","","","","","","","",82,1,"","","","","","","","","","","","","","","","","","","","","","","","","","","","","","","","","","","","","","","","","","","","","","","","","","","","","","","","","","","","","","","","","","","","","","","","","","","","","","","","","","","","","","","","","","","","","","","","","","",68,1,"","","","","","","","","","","","","","","","","","","","","","","","","","","","","",""
"61328002","LE PIN-AU-HARAS -INRAE",48.735833,0.128167,176,2002110311,0.,1,"","","","","","","","","","","","","","","","","","","","","","","","","","","","","","","","","","",11.9,1,"","","","","","","","","","","","","","","","","","","","","","","","","","","","",77,1,"","","","","","","","","","","","","","","","","","","","","","","","","","","","","","","","","","","","","","","","","","","","","","","","","","","","","","","","","","","","","","","","","","","","","","","","","","","","","","","","","","","","","","","","","","","","","","","","","","",60,1,"","","","","","","","","","","","","","","","","","","","","","","","","","","","","",""
"61328002","LE PIN-AU-HARAS -INRAE",48.735833,0.128167,176,2002110312,0.,1,"","","","","","","","","","","","","","","","","","","","","","","","","","","","","","","","","","",13.1,1,"","","","","","","","","","","","","","","","","","","","","","","","","","","","",71,1,"","","","","","","","","","","","","","","","","","","","","","","","","","","","","","","","","","","","","","","","","","","","","","","","","","","","","","","","","","","","","","","","","","","","","","","","","","","","","","","","","","","","","","","","","","","","","","","","","","",94,1,"","","","","","","","","","","","","","","","","","","","","","","","","","","","","",""
"61328002","LE PIN-AU-HARAS -INRAE",48.735833,0.128167,176,2002110313,0.,1,"","","","","","","","","","","","","","","","","","","","","","","","","","","","","","","","","","",12.8,1,"","","","","","","","","","","","","","","","","","","","","","","","","","","","",71,1,"","","","","","","","","","","","","","","","","","","","","","","","","","","","","","","","","","","","","","","","","","","","","","","","","","","","","","","","","","","","","","","","","","","","","","","","","","","","","","","","","","","","","","","","","","","","","","","","","","",110,1,"","","","","","","","","","","","","","","","","","","","","","","","","","","","","",""
"61328002","LE PIN-AU-HARAS -INRAE",48.735833,0.128167,176,2002110314,0.,1,"","","","","","","","","","","","","","","","","","","","","","","","","","","","","","","","","","",12.6,1,"","","","","","","","","","","","","","","","","","","","","","","","","","","","",75,1,"","","","","","","","","","","","","","","","","","","","","","","","","","","","","","","","","","","","","","","","","","","","","","","","","","","","","","","","","","","","","","","","","","","","","","","","","","","","","","","","","","","","","","","","","","","","","","","","","","",86,1,"","","","","","","","","","","","","","","","","","","","","","","","","","","","","",""
"61328002","LE PIN-AU-HARAS -INRAE",48.735833,0.128167,176,2002110315,0.,1,"","","","","","","","","","","","","","","","","","","","","","","","","","","","","","","","","","",12.4,1,"","","","","","","","","","","","","","","","","","","","","","","","","","","","",70,1,"","","","","","","","","","","","","","","","","","","","","","","","","","","","","","","","","","","","","","","","","","","","","","","","","","","","","","","","","","","","","","","","","","","","","","","","","","","","","","","","","","","","","","","","","","","","","","","","","","",78,1,"","","","","","","","","","","","","","","","","","","","","","","","","","","","","",""
"61328002","LE PIN-AU-HARAS -INRAE",48.735833,0.128167,176,2002110316,0.5,1,"","","","","","","","","","","","","","","","","","","","","","","","","","","","","","","","","","",9.7,1,"","","","","","","","","","","","","","","","","","","","","","","","","","","","",84,1,"","","","","","","","","","","","","","","","","","","","","","","","","","","","","","","","","","","","","","","","","","","","","","","","","","","","","","","","","","","","","","","","","","","","","","","","","","","","","","","","","","","","","","","","","","","","","","","","","","",22,1,"","","","","","","","","","","","","","","","","","","","","","","","","","","","","",""
"61328002","LE PIN-AU-HARAS -INRAE",48.735833,0.128167,176,2002110317,0.,1,"","","","","","","","","","","","","","","","","","","","","","","","","","","","","","","","","","",9.8,1,"","","","","","","","","","","","","","","","","","","","","","","","","","","","",87,1,"","","","","","","","","","","","","","","","","","","","","","","","","","","","","","","","","","","","","","","","","","","","","","","","","","","","","","","","","","","","","","","","","","","","","","","","","","","","","","","","","","","","","","","","","","","","","","","","","","",4,1,"","","","","","","","","","","","","","","","","","","","","","","","","","","","","",""
"61328002","LE PIN-AU-HARAS -INRAE",48.735833,0.128167,176,2002110318,0.,1,"","","","","","","","","","","","","","","","","","","","","","","","","","","","","","","","","","",9.4,1,"","","","","","","","","","","","","","","","","","","","","","","","","","","","",85,1,"","","","","","","","","","","","","","","","","","","","","","","","","","","","","","","","","","","","","","","","","","","","","","","","","","","","","","","","","","","","","","","","","","","","","","","","","","","","","","","","","","","","","","","","","","","","","","","","","","",0,1,"","","","","","","","","","","","","","","","","","","","","","","","","","","","","",""
"61328002","LE PIN-AU-HARAS -INRAE",48.735833,0.128167,176,2002110319,0.,1,"","","","","","","","","","","","","","","","","","","","","","","","","","","","","","","","","","",9.2,1,"","","","","","","","","","","","","","","","","","","","","","","","","","","","",83,1,"","","","","","","","","","","","","","","","","","","","","","","","","","","","","","","","","","","","","","","","","","","","","","","","","","","","","","","","","","","","","","","","","","","","","","","","","","","","","","","","","","","","","","","","","","","","","","","","","","",0,1,"","","","","","","","","","","","","","","","","","","","","","","","","","","","","",""
"61328002","LE PIN-AU-HARAS -INRAE",48.735833,0.128167,176,2002110320,0.,1,"","","","","","","","","","","","","","","","","","","","","","","","","","","","","","","","","","",9.2,1,"","","","","","","","","","","","","","","","","","","","","","","","","","","","",88,1,"","","","","","","","","","","","","","","","","","","","","","","","","","","","","","","","","","","","","","","","","","","","","","","","","","","","","","","","","","","","","","","","","","","","","","","","","","","","","","","","","","","","","","","","","","","","","","","","","","",0,1,"","","","","","","","","","","","","","","","","","","","","","","","","","","","","",""
"61328002","LE PIN-AU-HARAS -INRAE",48.735833,0.128167,176,2002110321,0.,1,"","","","","","","","","","","","","","","","","","","","","","","","","","","","","","","","","","",9.,1,"","","","","","","","","","","","","","","","","","","","","","","","","","","","",87,1,"","","","","","","","","","","","","","","","","","","","","","","","","","","","","","","","","","","","","","","","","","","","","","","","","","","","","","","","","","","","","","","","","","","","","","","","","","","","","","","","","","","","","","","","","","","","","","","","","","",0,1,"","","","","","","","","","","","","","","","","","","","","","","","","","","","","",""
"61328002","LE PIN-AU-HARAS -INRAE",48.735833,0.128167,176,2002110322,0.,1,"","","","","","","","","","","","","","","","","","","","","","","","","","","","","","","","","","",9.,1,"","","","","","","","","","","","","","","","","","","","","","","","","","","","",88,1,"","","","","","","","","","","","","","","","","","","","","","","","","","","","","","","","","","","","","","","","","","","","","","","","","","","","","","","","","","","","","","","","","","","","","","","","","","","","","","","","","","","","","","","","","","","","","","","","","","",0,1,"","","","","","","","","","","","","","","","","","","","","","","","","","","","","",""
"61328002","LE PIN-AU-HARAS -INRAE",48.735833,0.128167,176,2002110323,3.,1,"","","","","","","","","","","","","","","","","","","","","","","","","","","","","","","","","","",8.6,1,"","","","","","","","","","","","","","","","","","","","","","","","","","","","",93,1,"","","","","","","","","","","","","","","","","","","","","","","","","","","","","","","","","","","","","","","","","","","","","","","","","","","","","","","","","","","","","","","","","","","","","","","","","","","","","","","","","","","","","","","","","","","","","","","","","","",0,1,"","","","","","","","","","","","","","","","","","","","","","","","","","","","","",""
"61328002","LE PIN-AU-HARAS -INRAE",48.735833,0.128167,176,2002110400,0.,1,"","","","","","","","","","","","","","","","","","","","","","","","","","","","","","","","","","",8.7,1,"","","","","","","","","","","","","","","","","","","","","","","","","","","","",94,1,"","","","","","","","","","","","","","","","","","","","","","","","","","","","","","","","","","","","","","","","","","","","","","","","","","","","","","","","","","","","","","","","","","","","","","","","","","","","","","","","","","","","","","","","","","","","","","","","","","",0,1,"","","","","","","","","","","","","","","","","","","","","","","","","","","","","",""
"61328002","LE PIN-AU-HARAS -INRAE",48.735833,0.128167,176,2002110401,0.,1,"","","","","","","","","","","","","","","","","","","","","","","","","","","","","","","","","","",8.3,1,"","","","","","","","","","","","","","","","","","","","","","","","","","","","",95,1,"","","","","","","","","","","","","","","","","","","","","","","","","","","","","","","","","","","","","","","","","","","","","","","","","","","","","","","","","","","","","","","","","","","","","","","","","","","","","","","","","","","","","","","","","","","","","","","","","","",0,1,"","","","","","","","","","","","","","","","","","","","","","","","","","","","","",""
"61328002","LE PIN-AU-HARAS -INRAE",48.735833,0.128167,176,2002110402,2.5,1,"","","","","","","","","","","","","","","","","","","","","","","","","","","","","","","","","","",8.6,1,"","","","","","","","","","","","","","","","","","","","","","","","","","","","",96,1,"","","","","","","","","","","","","","","","","","","","","","","","","","","","","","","","","","","","","","","","","","","","","","","","","","","","","","","","","","","","","","","","","","","","","","","","","","","","","","","","","","","","","","","","","","","","","","","","","","",0,1,"","","","","","","","","","","","","","","","","","","","","","","","","","","","","",""
"61328002","LE PIN-AU-HARAS -INRAE",48.735833,0.128167,176,2002110403,0.,1,"","","","","","","","","","","","","","","","","","","","","","","","","","","","","","","","","","",8.3,1,"","","","","","","","","","","","","","","","","","","","","","","","","","","","",97,1,"","","","","","","","","","","","","","","","","","","","","","","","","","","","","","","","","","","","","","","","","","","","","","","","","","","","","","","","","","","","","","","","","","","","","","","","","","","","","","","","","","","","","","","","","","","","","","","","","","",0,1,"","","","","","","","","","","","","","","","","","","","","","","","","","","","","",""
"61328002","LE PIN-AU-HARAS -INRAE",48.735833,0.128167,176,2002110404,0.,1,"","","","","","","","","","","","","","","","","","","","","","","","","","","","","","","","","","",8.2,1,"","","","","","","","","","","","","","","","","","","","","","","","","","","","",95,1,"","","","","","","","","","","","","","","","","","","","","","","","","","","","","","","","","","","","","","","","","","","","","","","","","","","","","","","","","","","","","","","","","","","","","","","","","","","","","","","","","","","","","","","","","","","","","","","","","","",0,1,"","","","","","","","","","","","","","","","","","","","","","","","","","","","","",""
"61328002","LE PIN-AU-HARAS -INRAE",48.735833,0.128167,176,2002110405,0.,1,"","","","","","","","","","","","","","","","","","","","","","","","","","","","","","","","","","",7.7,1,"","","","","","","","","","","","","","","","","","","","","","","","","","","","",96,1,"","","","","","","","","","","","","","","","","","","","","","","","","","","","","","","","","","","","","","","","","","","","","","","","","","","","","","","","","","","","","","","","","","","","","","","","","","","","","","","","","","","","","","","","","","","","","","","","","","",0,1,"","","","","","","","","","","","","","","","","","","","","","","","","","","","","",""
"61328002","LE PIN-AU-HARAS -INRAE",48.735833,0.128167,176,2002110406,0.,1,"","","","","","","","","","","","","","","","","","","","","","","","","","","","","","","","","","",8.,1,"","","","","","","","","","","","","","","","","","","","","","","","","","","","",97,1,"","","","","","","","","","","","","","","","","","","","","","","","","","","","","","","","","","","","","","","","","","","","","","","","","","","","","","","","","","","","","","","","","","","","","","","","","","","","","","","","","","","","","","","","","","","","","","","","","","",0,1,"","","","","","","","","","","","","","","","","","","","","","","","","","","","","",""
"61328002","LE PIN-AU-HARAS -INRAE",48.735833,0.128167,176,2002110407,0.,1,"","","","","","","","","","","","","","","","","","","","","","","","","","","","","","","","","","",8.,1,"","","","","","","","","","","","","","","","","","","","","","","","","","","","",98,1,"","","","","","","","","","","","","","","","","","","","","","","","","","","","","","","","","","","","","","","","","","","","","","","","","","","","","","","","","","","","","","","","","","","","","","","","","","","","","","","","","","","","","","","","","","","","","","","","","","",0,1,"","","","","","","","","","","","","","","","","","","","","","","","","","","","","",""
"61328002","LE PIN-AU-HARAS -INRAE",48.735833,0.128167,176,2002110408,0.,1,"","","","","","","","","","","","","","","","","","","","","","","","","","","","","","","","","","",9.1,1,"","","","","","","","","","","","","","","","","","","","","","","","","","","","",97,1,"","","","","","","","","","","","","","","","","","","","","","","","","","","","","","","","","","","","","","","","","","","","","","","","","","","","","","","","","","","","","","","","","","","","","","","","","","","","","","","","","","","","","","","","","","","","","","","","","","",16,1,"","","","","","","","","","","","","","","","","","","","","","","","","","","","","",""
"61328002","LE PIN-AU-HARAS -INRAE",48.735833,0.128167,176,2002110409,0.,1,"","","","","","","","","","","","","","","","","","","","","","","","","","","","","","","","","","",10.,1,"","","","","","","","","","","","","","","","","","","","","","","","","","","","",95,1,"","","","","","","","","","","","","","","","","","","","","","","","","","","","","","","","","","","","","","","","","","","","","","","","","","","","","","","","","","","","","","","","","","","","","","","","","","","","","","","","","","","","","","","","","","","","","","","","","","",38,1,"","","","","","","","","","","","","","","","","","","","","","","","","","","","","",""
"61328002","LE PIN-AU-HARAS -INRAE",48.735833,0.128167,176,2002110410,0.,1,"","","","","","","","","","","","","","","","","","","","","","","","","","","","","","","","","","",10.8,1,"","","","","","","","","","","","","","","","","","","","","","","","","","","","",88,1,"","","","","","","","","","","","","","","","","","","","","","","","","","","","","","","","","","","","","","","","","","","","","","","","","","","","","","","","","","","","","","","","","","","","","","","","","","","","","","","","","","","","","","","","","","","","","","","","","","",62,1,"","","","","","","","","","","","","","","","","","","","","","","","","","","","","",""
"61328002","LE PIN-AU-HARAS -INRAE",48.735833,0.128167,176,2002110411,0.,1,"","","","","","","","","","","","","","","","","","","","","","","","","","","","","","","","","","",12.5,1,"","","","","","","","","","","","","","","","","","","","","","","","","","","","",75,1,"","","","","","","","","","","","","","","","","","","","","","","","","","","","","","","","","","","","","","","","","","","","","","","","","","","","","","","","","","","","","","","","","","","","","","","","","","","","","","","","","","","","","","","","","","","","","","","","","","",100,1,"","","","","","","","","","","","","","","","","","","","","","","","","","","","","",""
"61328002","LE PIN-AU-HARAS -INRAE",48.735833,0.128167,176,2002110412,0.,1,"","","","","","","","","","","","","","","","","","","","","","","","","","","","","","","","","","",12.5,1,"","","","","","","","","","","","","","","","","","","","","","","","","","","","",70,1,"","","","","","","","","","","","","","","","","","","","","","","","","","","","","","","","","","","","","","","","","","","","","","","","","","","","","","","","","","","","","","","","","","","","","","","","","","","","","","","","","","","","","","","","","","","","","","","","","","",102,1,"","","","","","","","","","","","","","","","","","","","","","","","","","","","","",""
"61328002","LE PIN-AU-HARAS -INRAE",48.735833,0.128167,176,2002110413,0.5,1,"","","","","","","","","","","","","","","","","","","","","","","","","","","","","","","","","","",12.7,1,"","","","","","","","","","","","","","","","","","","","","","","","","","","","",68,1,"","","","","","","","","","","","","","","","","","","","","","","","","","","","","","","","","","","","","","","","","","","","","","","","","","","","","","","","","","","","","","","","","","","","","","","","","","","","","","","","","","","","","","","","","","","","","","","","","","",102,1,"","","","","","","","","","","","","","","","","","","","","","","","","","","","","",""
"61328002","LE PIN-AU-HARAS -INRAE",48.735833,0.128167,176,2002110414,0.,1,"","","","","","","","","","","","","","","","","","","","","","","","","","","","","","","","","","",12.6,1,"","","","","","","","","","","","","","","","","","","","","","","","","","","","",68,1,"","","","","","","","","","","","","","","","","","","","","","","","","","","","","","","","","","","","","","","","","","","","","","","","","","","","","","","","","","","","","","","","","","","","","","","","","","","","","","","","","","","","","","","","","","","","","","","","","","",56,1,"","","","","","","","","","","","","","","","","","","","","","","","","","","","","",""
"61328002","LE PIN-AU-HARAS -INRAE",48.735833,0.128167,176,2002110415,0.,1,"","","","","","","","","","","","","","","","","","","","","","","","","","","","","","","","","","",11.6,1,"","","","","","","","","","","","","","","","","","","","","","","","","","","","",77,1,"","","","","","","","","","","","","","","","","","","","","","","","","","","","","","","","","","","","","","","","","","","","","","","","","","","","","","","","","","","","","","","","","","","","","","","","","","","","","","","","","","","","","","","","","","","","","","","","","","",32,1,"","","","","","","","","","","","","","","","","","","","","","","","","","","","","",""
"61328002","LE PIN-AU-HARAS -INRAE",48.735833,0.128167,176,2002110416,0.,1,"","","","","","","","","","","","","","","","","","","","","","","","","","","","","","","","","","",10.7,1,"","","","","","","","","","","","","","","","","","","","","","","","","","","","",81,1,"","","","","","","","","","","","","","","","","","","","","","","","","","","","","","","","","","","","","","","","","","","","","","","","","","","","","","","","","","","","","","","","","","","","","","","","","","","","","","","","","","","","","","","","","","","","","","","","","","",20,1,"","","","","","","","","","","","","","","","","","","","","","","","","","","","","",""
"61328002","LE PIN-AU-HARAS -INRAE",48.735833,0.128167,176,2002110417,0.,1,"","","","","","","","","","","","","","","","","","","","","","","","","","","","","","","","","","",7.6,1,"","","","","","","","","","","","","","","","","","","","","","","","","","","","",92,1,"","","","","","","","","","","","","","","","","","","","","","","","","","","","","","","","","","","","","","","","","","","","","","","","","","","","","","","","","","","","","","","","","","","","","","","","","","","","","","","","","","","","","","","","","","","","","","","","","","",4,1,"","","","","","","","","","","","","","","","","","","","","","","","","","","","","",""
"61328002","LE PIN-AU-HARAS -INRAE",48.735833,0.128167,176,2002110418,0.,1,"","","","","","","","","","","","","","","","","","","","","","","","","","","","","","","","","","",6.6,1,"","","","","","","","","","","","","","","","","","","","","","","","","","","","",96,1,"","","","","","","","","","","","","","","","","","","","","","","","","","","","","","","","","","","","","","","","","","","","","","","","","","","","","","","","","","","","","","","","","","","","","","","","","","","","","","","","","","","","","","","","","","","","","","","","","","",0,1,"","","","","","","","","","","","","","","","","","","","","","","","","","","","","",""
"61328002","LE PIN-AU-HARAS -INRAE",48.735833,0.128167,176,2002110419,0.,1,"","","","","","","","","","","","","","","","","","","","","","","","","","","","","","","","","","",7.3,1,"","","","","","","","","","","","","","","","","","","","","","","","","","","","",97,1,"","","","","","","","","","","","","","","","","","","","","","","","","","","","","","","","","","","","","","","","","","","","","","","","","","","","","","","","","","","","","","","","","","","","","","","","","","","","","","","","","","","","","","","","","","","","","","","","","","",0,1,"","","","","","","","","","","","","","","","","","","","","","","","","","","","","",""
"61328002","LE PIN-AU-HARAS -INRAE",48.735833,0.128167,176,2002110420,0.,1,"","","","","","","","","","","","","","","","","","","","","","","","","","","","","","","","","","",5.2,1,"","","","","","","","","","","","","","","","","","","","","","","","","","","","",97,1,"","","","","","","","","","","","","","","","","","","","","","","","","","","","","","","","","","","","","","","","","","","","","","","","","","","","","","","","","","","","","","","","","","","","","","","","","","","","","","","","","","","","","","","","","","","","","","","","","","",0,1,"","","","","","","","","","","","","","","","","","","","","","","","","","","","","",""
"61328002","LE PIN-AU-HARAS -INRAE",48.735833,0.128167,176,2002110421,0.,1,"","","","","","","","","","","","","","","","","","","","","","","","","","","","","","","","","","",4.4,1,"","","","","","","","","","","","","","","","","","","","","","","","","","","","",98,1,"","","","","","","","","","","","","","","","","","","","","","","","","","","","","","","","","","","","","","","","","","","","","","","","","","","","","","","","","","","","","","","","","","","","","","","","","","","","","","","","","","","","","","","","","","","","","","","","","","",0,1,"","","","","","","","","","","","","","","","","","","","","","","","","","","","","",""
"61328002","LE PIN-AU-HARAS -INRAE",48.735833,0.128167,176,2002110422,0.,1,"","","","","","","","","","","","","","","","","","","","","","","","","","","","","","","","","","",3.2,1,"","","","","","","","","","","","","","","","","","","","","","","","","","","","",98,1,"","","","","","","","","","","","","","","","","","","","","","","","","","","","","","","","","","","","","","","","","","","","","","","","","","","","","","","","","","","","","","","","","","","","","","","","","","","","","","","","","","","","","","","","","","","","","","","","","","",0,1,"","","","","","","","","","","","","","","","","","","","","","","","","","","","","",""
"61328002","LE PIN-AU-HARAS -INRAE",48.735833,0.128167,176,2002110423,0.,1,"","","","","","","","","","","","","","","","","","","","","","","","","","","","","","","","","","",2.3,1,"","","","","","","","","","","","","","","","","","","","","","","","","","","","",98,1,"","","","","","","","","","","","","","","","","","","","","","","","","","","","","","","","","","","","","","","","","","","","","","","","","","","","","","","","","","","","","","","","","","","","","","","","","","","","","","","","","","","","","","","","","","","","","","","","","","",0,1,"","","","","","","","","","","","","","","","","","","","","","","","","","","","","",""
"61328002","LE PIN-AU-HARAS -INRAE",48.735833,0.128167,176,2002110500,0.,1,"","","","","","","","","","","","","","","","","","","","","","","","","","","","","","","","","","",2.3,1,"","","","","","","","","","","","","","","","","","","","","","","","","","","","",99,1,"","","","","","","","","","","","","","","","","","","","","","","","","","","","","","","","","","","","","","","","","","","","","","","","","","","","","","","","","","","","","","","","","","","","","","","","","","","","","","","","","","","","","","","","","","","","","","","","","","",0,1,"","","","","","","","","","","","","","","","","","","","","","","","","","","","","",""
"61328002","LE PIN-AU-HARAS -INRAE",48.735833,0.128167,176,2002110501,0.,1,"","","","","","","","","","","","","","","","","","","","","","","","","","","","","","","","","","",2.,1,"","","","","","","","","","","","","","","","","","","","","","","","","","","","",99,1,"","","","","","","","","","","","","","","","","","","","","","","","","","","","","","","","","","","","","","","","","","","","","","","","","","","","","","","","","","","","","","","","","","","","","","","","","","","","","","","","","","","","","","","","","","","","","","","","","","",0,1,"","","","","","","","","","","","","","","","","","","","","","","","","","","","","",""
"61328002","LE PIN-AU-HARAS -INRAE",48.735833,0.128167,176,2002110502,0.,1,"","","","","","","","","","","","","","","","","","","","","","","","","","","","","","","","","","",2.,1,"","","","","","","","","","","","","","","","","","","","","","","","","","","","",100,1,"","","","","","","","","","","","","","","","","","","","","","","","","","","","","","","","","","","","","","","","","","","","","","","","","","","","","","","","","","","","","","","","","","","","","","","","","","","","","","","","","","","","","","","","","","","","","","","","","","",0,1,"","","","","","","","","","","","","","","","","","","","","","","","","","","","","",""
"61328002","LE PIN-AU-HARAS -INRAE",48.735833,0.128167,176,2002110503,0.,1,"","","","","","","","","","","","","","","","","","","","","","","","","","","","","","","","","","",1.5,1,"","","","","","","","","","","","","","","","","","","","","","","","","","","","",100,1,"","","","","","","","","","","","","","","","","","","","","","","","","","","","","","","","","","","","","","","","","","","","","","","","","","","","","","","","","","","","","","","","","","","","","","","","","","","","","","","","","","","","","","","","","","","","","","","","","","",0,1,"","","","","","","","","","","","","","","","","","","","","","","","","","","","","",""
"61328002","LE PIN-AU-HARAS -INRAE",48.735833,0.128167,176,2002110504,0.,1,"","","","","","","","","","","","","","","","","","","","","","","","","","","","","","","","","","",1.3,1,"","","","","","","","","","","","","","","","","","","","","","","","","","","","",100,1,"","","","","","","","","","","","","","","","","","","","","","","","","","","","","","","","","","","","","","","","","","","","","","","","","","","","","","","","","","","","","","","","","","","","","","","","","","","","","","","","","","","","","","","","","","","","","","","","","","",0,1,"","","","","","","","","","","","","","","","","","","","","","","","","","","","","",""
"61328002","LE PIN-AU-HARAS -INRAE",48.735833,0.128167,176,2002110505,0.,1,"","","","","","","","","","","","","","","","","","","","","","","","","","","","","","","","","","",2.8,1,"","","","","","","","","","","","","","","","","","","","","","","","","","","","",100,1,"","","","","","","","","","","","","","","","","","","","","","","","","","","","","","","","","","","","","","","","","","","","","","","","","","","","","","","","","","","","","","","","","","","","","","","","","","","","","","","","","","","","","","","","","","","","","","","","","","",0,1,"","","","","","","","","","","","","","","","","","","","","","","","","","","","","",""
"61328002","LE PIN-AU-HARAS -INRAE",48.735833,0.128167,176,2002110506,0.,1,"","","","","","","","","","","","","","","","","","","","","","","","","","","","","","","","","","",4.,1,"","","","","","","","","","","","","","","","","","","","","","","","","","","","",100,1,"","","","","","","","","","","","","","","","","","","","","","","","","","","","","","","","","","","","","","","","","","","","","","","","","","","","","","","","","","","","","","","","","","","","","","","","","","","","","","","","","","","","","","","","","","","","","","","","","","",0,1,"","","","","","","","","","","","","","","","","","","","","","","","","","","","","",""
"61328002","LE PIN-AU-HARAS -INRAE",48.735833,0.128167,176,2002110507,0.,1,"","","","","","","","","","","","","","","","","","","","","","","","","","","","","","","","","","",5.1,1,"","","","","","","","","","","","","","","","","","","","","","","","","","","","",100,1,"","","","","","","","","","","","","","","","","","","","","","","","","","","","","","","","","","","","","","","","","","","","","","","","","","","","","","","","","","","","","","","","","","","","","","","","","","","","","","","","","","","","","","","","","","","","","","","","","","",0,1,"","","","","","","","","","","","","","","","","","","","","","","","","","","","","",""
"61328002","LE PIN-AU-HARAS -INRAE",48.735833,0.128167,176,2002110508,0.,1,"","","","","","","","","","","","","","","","","","","","","","","","","","","","","","","","","","",6.8,1,"","","","","","","","","","","","","","","","","","","","","","","","","","","","",100,1,"","","","","","","","","","","","","","","","","","","","","","","","","","","","","","","","","","","","","","","","","","","","","","","","","","","","","","","","","","","","","","","","","","","","","","","","","","","","","","","","","","","","","","","","","","","","","","","","","","",10,1,"","","","","","","","","","","","","","","","","","","","","","","","","","","","","",""
"61328002","LE PIN-AU-HARAS -INRAE",48.735833,0.128167,176,2002110509,0.,1,"","","","","","","","","","","","","","","","","","","","","","","","","","","","","","","","","","",7.5,1,"","","","","","","","","","","","","","","","","","","","","","","","","","","","",100,1,"","","","","","","","","","","","","","","","","","","","","","","","","","","","","","","","","","","","","","","","","","","","","","","","","","","","","","","","","","","","","","","","","","","","","","","","","","","","","","","","","","","","","","","","","","","","","","","","","","",26,1,"","","","","","","","","","","","","","","","","","","","","","","","","","","","","",""
"61328002","LE PIN-AU-HARAS -INRAE",48.735833,0.128167,176,2002110510,0.,1,"","","","","","","","","","","","","","","","","","","","","","","","","","","","","","","","","","",8.5,1,"","","","","","","","","","","","","","","","","","","","","","","","","","","","",100,1,"","","","","","","","","","","","","","","","","","","","","","","","","","","","","","","","","","","","","","","","","","","","","","","","","","","","","","","","","","","","","","","","","","","","","","","","","","","","","","","","","","","","","","","","","","","","","","","","","","",32,1,"","","","","","","","","","","","","","","","","","","","","","","","","","","","","",""
"61328002","LE PIN-AU-HARAS -INRAE",48.735833,0.128167,176,2002110511,0.,1,"","","","","","","","","","","","","","","","","","","","","","","","","","","","","","","","","","",11.,1,"","","","","","","","","","","","","","","","","","","","","","","","","","","","",100,1,"","","","","","","","","","","","","","","","","","","","","","","","","","","","","","","","","","","","","","","","","","","","","","","","","","","","","","","","","","","","","","","","","","","","","","","","","","","","","","","","","","","","","","","","","","","","","","","","","","",74,1,"","","","","","","","","","","","","","","","","","","","","","","","","","","","","",""
"61328002","LE PIN-AU-HARAS -INRAE",48.735833,0.128167,176,2002110512,0.,1,"","","","","","","","","","","","","","","","","","","","","","","","","","","","","","","","","","",12.5,1,"","","","","","","","","","","","","","","","","","","","","","","","","","","","",90,1,"","","","","","","","","","","","","","","","","","","","","","","","","","","","","","","","","","","","","","","","","","","","","","","","","","","","","","","","","","","","","","","","","","","","","","","","","","","","","","","","","","","","","","","","","","","","","","","","","","",94,1,"","","","","","","","","","","","","","","","","","","","","","","","","","","","","",""
"61328002","LE PIN-AU-HARAS -INRAE",48.735833,0.128167,176,2002110513,0.,1,"","","","","","","","","","","","","","","","","","","","","","","","","","","","","","","","","","",13.6,1,"","","","","","","","","","","","","","","","","","","","","","","","","","","","",85,1,"","","","","","","","","","","","","","","","","","","","","","","","","","","","","","","","","","","","","","","","","","","","","","","","","","","","","","","","","","","","","","","","","","","","","","","","","","","","","","","","","","","","","","","","","","","","","","","","","","",78,1,"","","","","","","","","","","","","","","","","","","","","","","","","","","","","",""
"61328002","LE PIN-AU-HARAS -INRAE",48.735833,0.128167,176,2002110514,0.,1,"","","","","","","","","","","","","","","","","","","","","","","","","","","","","","","","","","",14.1,1,"","","","","","","","","","","","","","","","","","","","","","","","","","","","",85,1,"","","","","","","","","","","","","","","","","","","","","","","","","","","","","","","","","","","","","","","","","","","","","","","","","","","","","","","","","","","","","","","","","","","","","","","","","","","","","","","","","","","","","","","","","","","","","","","","","","",82,1,"","","","","","","","","","","","","","","","","","","","","","","","","","","","","",""
"61328002","LE PIN-AU-HARAS -INRAE",48.735833,0.128167,176,2002110515,0.,1,"","","","","","","","","","","","","","","","","","","","","","","","","","","","","","","","","","",12.9,1,"","","","","","","","","","","","","","","","","","","","","","","","","","","","",82,1,"","","","","","","","","","","","","","","","","","","","","","","","","","","","","","","","","","","","","","","","","","","","","","","","","","","","","","","","","","","","","","","","","","","","","","","","","","","","","","","","","","","","","","","","","","","","","","","","","","",74,1,"","","","","","","","","","","","","","","","","","","","","","","","","","","","","",""
"61328002","LE PIN-AU-HARAS -INRAE",48.735833,0.128167,176,2002110516,0.,1,"","","","","","","","","","","","","","","","","","","","","","","","","","","","","","","","","","",11.5,1,"","","","","","","","","","","","","","","","","","","","","","","","","","","","",89,1,"","","","","","","","","","","","","","","","","","","","","","","","","","","","","","","","","","","","","","","","","","","","","","","","","","","","","","","","","","","","","","","","","","","","","","","","","","","","","","","","","","","","","","","","","","","","","","","","","","",26,1,"","","","","","","","","","","","","","","","","","","","","","","","","","","","","",""
"61328002","LE PIN-AU-HARAS -INRAE",48.735833,0.128167,176,2002110517,0.,1,"","","","","","","","","","","","","","","","","","","","","","","","","","","","","","","","","","",10.3,1,"","","","","","","","","","","","","","","","","","","","","","","","","","","","",93,1,"","","","","","","","","","","","","","","","","","","","","","","","","","","","","","","","","","","","","","","","","","","","","","","","","","","","","","","","","","","","","","","","","","","","","","","","","","","","","","","","","","","","","","","","","","","","","","","","","","",2,1,"","","","","","","","","","","","","","","","","","","","","","","","","","","","","",""
"61328002","LE PIN-AU-HARAS -INRAE",48.735833,0.128167,176,2002110518,0.,1,"","","","","","","","","","","","","","","","","","","","","","","","","","","","","","","","","","",9.5,1,"","","","","","","","","","","","","","","","","","","","","","","","","","","","",94,1,"","","","","","","","","","","","","","","","","","","","","","","","","","","","","","","","","","","","","","","","","","","","","","","","","","","","","","","","","","","","","","","","","","","","","","","","","","","","","","","","","","","","","","","","","","","","","","","","","","",0,1,"","","","","","","","","","","","","","","","","","","","","","","","","","","","","",""
"61328002","LE PIN-AU-HARAS -INRAE",48.735833,0.128167,176,2002110519,0.,1,"","","","","","","","","","","","","","","","","","","","","","","","","","","","","","","","","","",8.1,1,"","","","","","","","","","","","","","","","","","","","","","","","","","","","",97,1,"","","","","","","","","","","","","","","","","","","","","","","","","","","","","","","","","","","","","","","","","","","","","","","","","","","","","","","","","","","","","","","","","","","","","","","","","","","","","","","","","","","","","","","","","","","","","","","","","","",0,1,"","","","","","","","","","","","","","","","","","","","","","","","","","","","","",""
"61328002","LE PIN-AU-HARAS -INRAE",48.735833,0.128167,176,2002110520,0.,1,"","","","","","","","","","","","","","","","","","","","","","","","","","","","","","","","","","",7.9,1,"","","","","","","","","","","","","","","","","","","","","","","","","","","","",99,1,"","","","","","","","","","","","","","","","","","","","","","","","","","","","","","","","","","","","","","","","","","","","","","","","","","","","","","","","","","","","","","","","","","","","","","","","","","","","","","","","","","","","","","","","","","","","","","","","","","",0,1,"","","","","","","","","","","","","","","","","","","","","","","","","","","","","",""
"61328002","LE PIN-AU-HARAS -INRAE",48.735833,0.128167,176,2002110521,0.,1,"","","","","","","","","","","","","","","","","","","","","","","","","","","","","","","","","","",8.,1,"","","","","","","","","","","","","","","","","","","","","","","","","","","","",100,1,"","","","","","","","","","","","","","","","","","","","","","","","","","","","","","","","","","","","","","","","","","","","","","","","","","","","","","","","","","","","","","","","","","","","","","","","","","","","","","","","","","","","","","","","","","","","","","","","","","",0,1,"","","","","","","","","","","","","","","","","","","","","","","","","","","","","",""
"61328002","LE PIN-AU-HARAS -INRAE",48.735833,0.128167,176,2002110522,0.,1,"","","","","","","","","","","","","","","","","","","","","","","","","","","","","","","","","","",8.3,1,"","","","","","","","","","","","","","","","","","","","","","","","","","","","",100,1,"","","","","","","","","","","","","","","","","","","","","","","","","","","","","","","","","","","","","","","","","","","","","","","","","","","","","","","","","","","","","","","","","","","","","","","","","","","","","","","","","","","","","","","","","","","","","","","","","","",0,1,"","","","","","","","","","","","","","","","","","","","","","","","","","","","","",""
"61328002","LE PIN-AU-HARAS -INRAE",48.735833,0.128167,176,2002110523,0.,1,"","","","","","","","","","","","","","","","","","","","","","","","","","","","","","","","","","",8.7,1,"","","","","","","","","","","","","","","","","","","","","","","","","","","","",100,1,"","","","","","","","","","","","","","","","","","","","","","","","","","","","","","","","","","","","","","","","","","","","","","","","","","","","","","","","","","","","","","","","","","","","","","","","","","","","","","","","","","","","","","","","","","","","","","","","","","",0,1,"","","","","","","","","","","","","","","","","","","","","","","","","","","","","",""
"61328002","LE PIN-AU-HARAS -INRAE",48.735833,0.128167,176,2002110600,0.,1,"","","","","","","","","","","","","","","","","","","","","","","","","","","","","","","","","","",8.3,1,"","","","","","","","","","","","","","","","","","","","","","","","","","","","",100,1,"","","","","","","","","","","","","","","","","","","","","","","","","","","","","","","","","","","","","","","","","","","","","","","","","","","","","","","","","","","","","","","","","","","","","","","","","","","","","","","","","","","","","","","","","","","","","","","","","","",0,1,"","","","","","","","","","","","","","","","","","","","","","","","","","","","","",""
"61328002","LE PIN-AU-HARAS -INRAE",48.735833,0.128167,176,2002110601,0.,1,"","","","","","","","","","","","","","","","","","","","","","","","","","","","","","","","","","",8.3,1,"","","","","","","","","","","","","","","","","","","","","","","","","","","","",100,1,"","","","","","","","","","","","","","","","","","","","","","","","","","","","","","","","","","","","","","","","","","","","","","","","","","","","","","","","","","","","","","","","","","","","","","","","","","","","","","","","","","","","","","","","","","","","","","","","","","",0,1,"","","","","","","","","","","","","","","","","","","","","","","","","","","","","",""
"61328002","LE PIN-AU-HARAS -INRAE",48.735833,0.128167,176,2002110602,0.,1,"","","","","","","","","","","","","","","","","","","","","","","","","","","","","","","","","","",7.9,1,"","","","","","","","","","","","","","","","","","","","","","","","","","","","",100,1,"","","","","","","","","","","","","","","","","","","","","","","","","","","","","","","","","","","","","","","","","","","","","","","","","","","","","","","","","","","","","","","","","","","","","","","","","","","","","","","","","","","","","","","","","","","","","","","","","","",0,1,"","","","","","","","","","","","","","","","","","","","","","","","","","","","","",""
"61328002","LE PIN-AU-HARAS -INRAE",48.735833,0.128167,176,2002110603,0.5,1,"","","","","","","","","","","","","","","","","","","","","","","","","","","","","","","","","","",8.3,1,"","","","","","","","","","","","","","","","","","","","","","","","","","","","",100,1,"","","","","","","","","","","","","","","","","","","","","","","","","","","","","","","","","","","","","","","","","","","","","","","","","","","","","","","","","","","","","","","","","","","","","","","","","","","","","","","","","","","","","","","","","","","","","","","","","","",0,1,"","","","","","","","","","","","","","","","","","","","","","","","","","","","","",""
"61328002","LE PIN-AU-HARAS -INRAE",48.735833,0.128167,176,2002110604,0.,1,"","","","","","","","","","","","","","","","","","","","","","","","","","","","","","","","","","",8.7,1,"","","","","","","","","","","","","","","","","","","","","","","","","","","","",100,1,"","","","","","","","","","","","","","","","","","","","","","","","","","","","","","","","","","","","","","","","","","","","","","","","","","","","","","","","","","","","","","","","","","","","","","","","","","","","","","","","","","","","","","","","","","","","","","","","","","",0,1,"","","","","","","","","","","","","","","","","","","","","","","","","","","","","",""
"61328002","LE PIN-AU-HARAS -INRAE",48.735833,0.128167,176,2002110605,0.,1,"","","","","","","","","","","","","","","","","","","","","","","","","","","","","","","","","","",8.6,1,"","","","","","","","","","","","","","","","","","","","","","","","","","","","",100,1,"","","","","","","","","","","","","","","","","","","","","","","","","","","","","","","","","","","","","","","","","","","","","","","","","","","","","","","","","","","","","","","","","","","","","","","","","","","","","","","","","","","","","","","","","","","","","","","","","","",0,1,"","","","","","","","","","","","","","","","","","","","","","","","","","","","","",""
"61328002","LE PIN-AU-HARAS -INRAE",48.735833,0.128167,176,2002110606,0.,1,"","","","","","","","","","","","","","","","","","","","","","","","","","","","","","","","","","",9.,1,"","","","","","","","","","","","","","","","","","","","","","","","","","","","",100,1,"","","","","","","","","","","","","","","","","","","","","","","","","","","","","","","","","","","","","","","","","","","","","","","","","","","","","","","","","","","","","","","","","","","","","","","","","","","","","","","","","","","","","","","","","","","","","","","","","","",0,1,"","","","","","","","","","","","","","","","","","","","","","","","","","","","","",""
"61328002","LE PIN-AU-HARAS -INRAE",48.735833,0.128167,176,2002110607,0.,1,"","","","","","","","","","","","","","","","","","","","","","","","","","","","","","","","","","",9.3,1,"","","","","","","","","","","","","","","","","","","","","","","","","","","","",100,1,"","","","","","","","","","","","","","","","","","","","","","","","","","","","","","","","","","","","","","","","","","","","","","","","","","","","","","","","","","","","","","","","","","","","","","","","","","","","","","","","","","","","","","","","","","","","","","","","","","",0,1,"","","","","","","","","","","","","","","","","","","","","","","","","","","","","",""
"61328002","LE PIN-AU-HARAS -INRAE",48.735833,0.128167,176,2002110608,0.,1,"","","","","","","","","","","","","","","","","","","","","","","","","","","","","","","","","","",9.5,1,"","","","","","","","","","","","","","","","","","","","","","","","","","","","",100,1,"","","","","","","","","","","","","","","","","","","","","","","","","","","","","","","","","","","","","","","","","","","","","","","","","","","","","","","","","","","","","","","","","","","","","","","","","","","","","","","","","","","","","","","","","","","","","","","","","","",4,1,"","","","","","","","","","","","","","","","","","","","","","","","","","","","","",""
"61328002","LE PIN-AU-HARAS -INRAE",48.735833,0.128167,176,2002110609,1.,1,"","","","","","","","","","","","","","","","","","","","","","","","","","","","","","","","","","",9.5,1,"","","","","","","","","","","","","","","","","","","","","","","","","","","","",100,1,"","","","","","","","","","","","","","","","","","","","","","","","","","","","","","","","","","","","","","","","","","","","","","","","","","","","","","","","","","","","","","","","","","","","","","","","","","","","","","","","","","","","","","","","","","","","","","","","","","",8,1,"","","","","","","","","","","","","","","","","","","","","","","","","","","","","",""
"61328002","LE PIN-AU-HARAS -INRAE",48.735833,0.128167,176,2002110610,3.,1,"","","","","","","","","","","","","","","","","","","","","","","","","","","","","","","","","","",9.4,1,"","","","","","","","","","","","","","","","","","","","","","","","","","","","",100,1,"","","","","","","","","","","","","","","","","","","","","","","","","","","","","","","","","","","","","","","","","","","","","","","","","","","","","","","","","","","","","","","","","","","","","","","","","","","","","","","","","","","","","","","","","","","","","","","","","","",16,1,"","","","","","","","","","","","","","","","","","","","","","","","","","","","","",""
"61328002","LE PIN-AU-HARAS -INRAE",48.735833,0.128167,176,2002110611,2.,1,"","","","","","","","","","","","","","","","","","","","","","","","","","","","","","","","","","",9.4,1,"","","","","","","","","","","","","","","","","","","","","","","","","","","","",100,1,"","","","","","","","","","","","","","","","","","","","","","","","","","","","","","","","","","","","","","","","","","","","","","","","","","","","","","","","","","","","","","","","","","","","","","","","","","","","","","","","","","","","","","","","","","","","","","","","","","",28,1,"","","","","","","","","","","","","","","","","","","","","","","","","","","","","",""
"61328002","LE PIN-AU-HARAS -INRAE",48.735833,0.128167,176,2002110612,0.5,1,"","","","","","","","","","","","","","","","","","","","","","","","","","","","","","","","","","",9.1,1,"","","","","","","","","","","","","","","","","","","","","","","","","","","","",100,1,"","","","","","","","","","","","","","","","","","","","","","","","","","","","","","","","","","","","","","","","","","","","","","","","","","","","","","","","","","","","","","","","","","","","","","","","","","","","","","","","","","","","","","","","","","","","","","","","","","",18,1,"","","","","","","","","","","","","","","","","","","","","","","","","","","","","",""
"61328002","LE PIN-AU-HARAS -INRAE",48.735833,0.128167,176,2002110613,0.,1,"","","","","","","","","","","","","","","","","","","","","","","","","","","","","","","","","","",9.2,1,"","","","","","","","","","","","","","","","","","","","","","","","","","","","",100,1,"","","","","","","","","","","","","","","","","","","","","","","","","","","","","","","","","","","","","","","","","","","","","","","","","","","","","","","","","","","","","","","","","","","","","","","","","","","","","","","","","","","","","","","","","","","","","","","","","","",10,1,"","","","","","","","","","","","","","","","","","","","","","","","","","","","","",""
"61328002","LE PIN-AU-HARAS -INRAE",48.735833,0.128167,176,2002110614,2.,1,"","","","","","","","","","","","","","","","","","","","","","","","","","","","","","","","","","",9.5,1,"","","","","","","","","","","","","","","","","","","","","","","","","","","","",100,1,"","","","","","","","","","","","","","","","","","","","","","","","","","","","","","","","","","","","","","","","","","","","","","","","","","","","","","","","","","","","","","","","","","","","","","","","","","","","","","","","","","","","","","","","","","","","","","","","","","",18,1,"","","","","","","","","","","","","","","","","","","","","","","","","","","","","",""
"61328002","LE PIN-AU-HARAS -INRAE",48.735833,0.128167,176,2002110615,2.5,1,"","","","","","","","","","","","","","","","","","","","","","","","","","","","","","","","","","",9.7,1,"","","","","","","","","","","","","","","","","","","","","","","","","","","","",100,1,"","","","","","","","","","","","","","","","","","","","","","","","","","","","","","","","","","","","","","","","","","","","","","","","","","","","","","","","","","","","","","","","","","","","","","","","","","","","","","","","","","","","","","","","","","","","","","","","","","",8,1,"","","","","","","","","","","","","","","","","","","","","","","","","","","","","",""
"61328002","LE PIN-AU-HARAS -INRAE",48.735833,0.128167,176,2002110616,2.,1,"","","","","","","","","","","","","","","","","","","","","","","","","","","","","","","","","","",10.2,1,"","","","","","","","","","","","","","","","","","","","","","","","","","","","",100,1,"","","","","","","","","","","","","","","","","","","","","","","","","","","","","","","","","","","","","","","","","","","","","","","","","","","","","","","","","","","","","","","","","","","","","","","","","","","","","","","","","","","","","","","","","","","","","","","","","","",2,1,"","","","","","","","","","","","","","","","","","","","","","","","","","","","","",""
"61328002","LE PIN-AU-HARAS -INRAE",48.735833,0.128167,176,2002110617,3.5,1,"","","","","","","","","","","","","","","","","","","","","","","","","","","","","","","","","","",10.2,1,"","","","","","","","","","","","","","","","","","","","","","","","","","","","",100,1,"","","","","","","","","","","","","","","","","","","","","","","","","","","","","","","","","","","","","","","","","","","","","","","","","","","","","","","","","","","","","","","","","","","","","","","","","","","","","","","","","","","","","","","","","","","","","","","","","","",0,1,"","","","","","","","","","","","","","","","","","","","","","","","","","","","","",""
"61328002","LE PIN-AU-HARAS -INRAE",48.735833,0.128167,176,2002110618,0.5,1,"","","","","","","","","","","","","","","","","","","","","","","","","","","","","","","","","","",10.1,1,"","","","","","","","","","","","","","","","","","","","","","","","","","","","",100,1,"","","","","","","","","","","","","","","","","","","","","","","","","","","","","","","","","","","","","","","","","","","","","","","","","","","","","","","","","","","","","","","","","","","","","","","","","","","","","","","","","","","","","","","","","","","","","","","","","","",0,1,"","","","","","","","","","","","","","","","","","","","","","","","","","","","","",""
"61328002","LE PIN-AU-HARAS -INRAE",48.735833,0.128167,176,2002110619,3.,1,"","","","","","","","","","","","","","","","","","","","","","","","","","","","","","","","","","",9.9,1,"","","","","","","","","","","","","","","","","","","","","","","","","","","","",100,1,"","","","","","","","","","","","","","","","","","","","","","","","","","","","","","","","","","","","","","","","","","","","","","","","","","","","","","","","","","","","","","","","","","","","","","","","","","","","","","","","","","","","","","","","","","","","","","","","","","",0,1,"","","","","","","","","","","","","","","","","","","","","","","","","","","","","",""
"61328002","LE PIN-AU-HARAS -INRAE",48.735833,0.128167,176,2002110620,1.5,1,"","","","","","","","","","","","","","","","","","","","","","","","","","","","","","","","","","",9.5,1,"","","","","","","","","","","","","","","","","","","","","","","","","","","","",100,1,"","","","","","","","","","","","","","","","","","","","","","","","","","","","","","","","","","","","","","","","","","","","","","","","","","","","","","","","","","","","","","","","","","","","","","","","","","","","","","","","","","","","","","","","","","","","","","","","","","",0,1,"","","","","","","","","","","","","","","","","","","","","","","","","","","","","",""
"61328002","LE PIN-AU-HARAS -INRAE",48.735833,0.128167,176,2002110621,0.5,1,"","","","","","","","","","","","","","","","","","","","","","","","","","","","","","","","","","",9.1,1,"","","","","","","","","","","","","","","","","","","","","","","","","","","","",97,1,"","","","","","","","","","","","","","","","","","","","","","","","","","","","","","","","","","","","","","","","","","","","","","","","","","","","","","","","","","","","","","","","","","","","","","","","","","","","","","","","","","","","","","","","","","","","","","","","","","",0,1,"","","","","","","","","","","","","","","","","","","","","","","","","","","","","",""
"61328002","LE PIN-AU-HARAS -INRAE",48.735833,0.128167,176,2002110622,0.,1,"","","","","","","","","","","","","","","","","","","","","","","","","","","","","","","","","","",9.4,1,"","","","","","","","","","","","","","","","","","","","","","","","","","","","",91,1,"","","","","","","","","","","","","","","","","","","","","","","","","","","","","","","","","","","","","","","","","","","","","","","","","","","","","","","","","","","","","","","","","","","","","","","","","","","","","","","","","","","","","","","","","","","","","","","","","","",0,1,"","","","","","","","","","","","","","","","","","","","","","","","","","","","","",""
"61328002","LE PIN-AU-HARAS -INRAE",48.735833,0.128167,176,2002110623,0.,1,"","","","","","","","","","","","","","","","","","","","","","","","","","","","","","","","","","",9.,1,"","","","","","","","","","","","","","","","","","","","","","","","","","","","",87,1,"","","","","","","","","","","","","","","","","","","","","","","","","","","","","","","","","","","","","","","","","","","","","","","","","","","","","","","","","","","","","","","","","","","","","","","","","","","","","","","","","","","","","","","","","","","","","","","","","","",0,1,"","","","","","","","","","","","","","","","","","","","","","","","","","","","","",""
"61328002","LE PIN-AU-HARAS -INRAE",48.735833,0.128167,176,2002110700,0.,1,"","","","","","","","","","","","","","","","","","","","","","","","","","","","","","","","","","",8.7,1,"","","","","","","","","","","","","","","","","","","","","","","","","","","","",83,1,"","","","","","","","","","","","","","","","","","","","","","","","","","","","","","","","","","","","","","","","","","","","","","","","","","","","","","","","","","","","","","","","","","","","","","","","","","","","","","","","","","","","","","","","","","","","","","","","","","",0,1,"","","","","","","","","","","","","","","","","","","","","","","","","","","","","",""
"61328002","LE PIN-AU-HARAS -INRAE",48.735833,0.128167,176,2002110701,0.,1,"","","","","","","","","","","","","","","","","","","","","","","","","","","","","","","","","","",8.3,1,"","","","","","","","","","","","","","","","","","","","","","","","","","","","",82,1,"","","","","","","","","","","","","","","","","","","","","","","","","","","","","","","","","","","","","","","","","","","","","","","","","","","","","","","","","","","","","","","","","","","","","","","","","","","","","","","","","","","","","","","","","","","","","","","","","","",0,1,"","","","","","","","","","","","","","","","","","","","","","","","","","","","","",""
"61328002","LE PIN-AU-HARAS -INRAE",48.735833,0.128167,176,2002110702,0.,1,"","","","","","","","","","","","","","","","","","","","","","","","","","","","","","","","","","",8.,1,"","","","","","","","","","","","","","","","","","","","","","","","","","","","",87,1,"","","","","","","","","","","","","","","","","","","","","","","","","","","","","","","","","","","","","","","","","","","","","","","","","","","","","","","","","","","","","","","","","","","","","","","","","","","","","","","","","","","","","","","","","","","","","","","","","","",0,1,"","","","","","","","","","","","","","","","","","","","","","","","","","","","","",""
"61328002","LE PIN-AU-HARAS -INRAE",48.735833,0.128167,176,2002110703,0.,1,"","","","","","","","","","","","","","","","","","","","","","","","","","","","","","","","","","",7.7,1,"","","","","","","","","","","","","","","","","","","","","","","","","","","","",86,1,"","","","","","","","","","","","","","","","","","","","","","","","","","","","","","","","","","","","","","","","","","","","","","","","","","","","","","","","","","","","","","","","","","","","","","","","","","","","","","","","","","","","","","","","","","","","","","","","","","",0,1,"","","","","","","","","","","","","","","","","","","","","","","","","","","","","",""
"61328002","LE PIN-AU-HARAS -INRAE",48.735833,0.128167,176,2002110704,0.,1,"","","","","","","","","","","","","","","","","","","","","","","","","","","","","","","","","","",7.5,1,"","","","","","","","","","","","","","","","","","","","","","","","","","","","",86,1,"","","","","","","","","","","","","","","","","","","","","","","","","","","","","","","","","","","","","","","","","","","","","","","","","","","","","","","","","","","","","","","","","","","","","","","","","","","","","","","","","","","","","","","","","","","","","","","","","","",0,1,"","","","","","","","","","","","","","","","","","","","","","","","","","","","","",""
"61328002","LE PIN-AU-HARAS -INRAE",48.735833,0.128167,176,2002110705,0.,1,"","","","","","","","","","","","","","","","","","","","","","","","","","","","","","","","","","",7.7,1,"","","","","","","","","","","","","","","","","","","","","","","","","","","","",83,1,"","","","","","","","","","","","","","","","","","","","","","","","","","","","","","","","","","","","","","","","","","","","","","","","","","","","","","","","","","","","","","","","","","","","","","","","","","","","","","","","","","","","","","","","","","","","","","","","","","",0,1,"","","","","","","","","","","","","","","","","","","","","","","","","","","","","",""
"61328002","LE PIN-AU-HARAS -INRAE",48.735833,0.128167,176,2002110706,0.,1,"","","","","","","","","","","","","","","","","","","","","","","","","","","","","","","","","","",6.7,1,"","","","","","","","","","","","","","","","","","","","","","","","","","","","",86,1,"","","","","","","","","","","","","","","","","","","","","","","","","","","","","","","","","","","","","","","","","","","","","","","","","","","","","","","","","","","","","","","","","","","","","","","","","","","","","","","","","","","","","","","","","","","","","","","","","","",0,1,"","","","","","","","","","","","","","","","","","","","","","","","","","","","","",""
"61328002","LE PIN-AU-HARAS -INRAE",48.735833,0.128167,176,2002110707,3.5,1,"","","","","","","","","","","","","","","","","","","","","","","","","","","","","","","","","","",6.6,1,"","","","","","","","","","","","","","","","","","","","","","","","","","","","",89,1,"","","","","","","","","","","","","","","","","","","","","","","","","","","","","","","","","","","","","","","","","","","","","","","","","","","","","","","","","","","","","","","","","","","","","","","","","","","","","","","","","","","","","","","","","","","","","","","","","","",2,1,"","","","","","","","","","","","","","","","","","","","","","","","","","","","","",""
"61328002","LE PIN-AU-HARAS -INRAE",48.735833,0.128167,176,2002110708,0.5,1,"","","","","","","","","","","","","","","","","","","","","","","","","","","","","","","","","","",6.1,1,"","","","","","","","","","","","","","","","","","","","","","","","","","","","",89,1,"","","","","","","","","","","","","","","","","","","","","","","","","","","","","","","","","","","","","","","","","","","","","","","","","","","","","","","","","","","","","","","","","","","","","","","","","","","","","","","","","","","","","","","","","","","","","","","","","","",6,1,"","","","","","","","","","","","","","","","","","","","","","","","","","","","","",""
"61328002","LE PIN-AU-HARAS -INRAE",48.735833,0.128167,176,2002110709,0.5,1,"","","","","","","","","","","","","","","","","","","","","","","","","","","","","","","","","","",6.5,1,"","","","","","","","","","","","","","","","","","","","","","","","","","","","",89,1,"","","","","","","","","","","","","","","","","","","","","","","","","","","","","","","","","","","","","","","","","","","","","","","","","","","","","","","","","","","","","","","","","","","","","","","","","","","","","","","","","","","","","","","","","","","","","","","","","","",14,1,"","","","","","","","","","","","","","","","","","","","","","","","","","","","","",""
"61328002","LE PIN-AU-HARAS -INRAE",48.735833,0.128167,176,2002110710,2.,1,"","","","","","","","","","","","","","","","","","","","","","","","","","","","","","","","","","",7.,1,"","","","","","","","","","","","","","","","","","","","","","","","","","","","",88,1,"","","","","","","","","","","","","","","","","","","","","","","","","","","","","","","","","","","","","","","","","","","","","","","","","","","","","","","","","","","","","","","","","","","","","","","","","","","","","","","","","","","","","","","","","","","","","","","","","","",20,1,"","","","","","","","","","","","","","","","","","","","","","","","","","","","","",""
"61328002","LE PIN-AU-HARAS -INRAE",48.735833,0.128167,176,2002110711,0.5,1,"","","","","","","","","","","","","","","","","","","","","","","","","","","","","","","","","","",6.9,1,"","","","","","","","","","","","","","","","","","","","","","","","","","","","",83,1,"","","","","","","","","","","","","","","","","","","","","","","","","","","","","","","","","","","","","","","","","","","","","","","","","","","","","","","","","","","","","","","","","","","","","","","","","","","","","","","","","","","","","","","","","","","","","","","","","","",60,1,"","","","","","","","","","","","","","","","","","","","","","","","","","","","","",""
"61328002","LE PIN-AU-HARAS -INRAE",48.735833,0.128167,176,2002110712,0.5,1,"","","","","","","","","","","","","","","","","","","","","","","","","","","","","","","","","","",6.5,1,"","","","","","","","","","","","","","","","","","","","","","","","","","","","",80,1,"","","","","","","","","","","","","","","","","","","","","","","","","","","","","","","","","","","","","","","","","","","","","","","","","","","","","","","","","","","","","","","","","","","","","","","","","","","","","","","","","","","","","","","","","","","","","","","","","","",94,1,"","","","","","","","","","","","","","","","","","","","","","","","","","","","","",""
"61328002","LE PIN-AU-HARAS -INRAE",48.735833,0.128167,176,2002110713,1.,1,"","","","","","","","","","","","","","","","","","","","","","","","","","","","","","","","","","",6.4,1,"","","","","","","","","","","","","","","","","","","","","","","","","","","","",82,1,"","","","","","","","","","","","","","","","","","","","","","","","","","","","","","","","","","","","","","","","","","","","","","","","","","","","","","","","","","","","","","","","","","","","","","","","","","","","","","","","","","","","","","","","","","","","","","","","","","",30,1,"","","","","","","","","","","","","","","","","","","","","","","","","","","","","",""
"61328002","LE PIN-AU-HARAS -INRAE",48.735833,0.128167,176,2002110714,0.5,1,"","","","","","","","","","","","","","","","","","","","","","","","","","","","","","","","","","",9.3,1,"","","","","","","","","","","","","","","","","","","","","","","","","","","","",78,1,"","","","","","","","","","","","","","","","","","","","","","","","","","","","","","","","","","","","","","","","","","","","","","","","","","","","","","","","","","","","","","","","","","","","","","","","","","","","","","","","","","","","","","","","","","","","","","","","","","",74,1,"","","","","","","","","","","","","","","","","","","","","","","","","","","","","",""
"61328002","LE PIN-AU-HARAS -INRAE",48.735833,0.128167,176,2002110715,0.,1,"","","","","","","","","","","","","","","","","","","","","","","","","","","","","","","","","","",8.9,1,"","","","","","","","","","","","","","","","","","","","","","","","","","","","",68,1,"","","","","","","","","","","","","","","","","","","","","","","","","","","","","","","","","","","","","","","","","","","","","","","","","","","","","","","","","","","","","","","","","","","","","","","","","","","","","","","","","","","","","","","","","","","","","","","","","","",76,1,"","","","","","","","","","","","","","","","","","","","","","","","","","","","","",""
"61328002","LE PIN-AU-HARAS -INRAE",48.735833,0.128167,176,2002110716,0.,1,"","","","","","","","","","","","","","","","","","","","","","","","","","","","","","","","","","",8.5,1,"","","","","","","","","","","","","","","","","","","","","","","","","","","","",72,1,"","","","","","","","","","","","","","","","","","","","","","","","","","","","","","","","","","","","","","","","","","","","","","","","","","","","","","","","","","","","","","","","","","","","","","","","","","","","","","","","","","","","","","","","","","","","","","","","","","",12,1,"","","","","","","","","","","","","","","","","","","","","","","","","","","","","",""
"61328002","LE PIN-AU-HARAS -INRAE",48.735833,0.128167,176,2002110717,0.5,1,"","","","","","","","","","","","","","","","","","","","","","","","","","","","","","","","","","",6.2,1,"","","","","","","","","","","","","","","","","","","","","","","","","","","","",82,1,"","","","","","","","","","","","","","","","","","","","","","","","","","","","","","","","","","","","","","","","","","","","","","","","","","","","","","","","","","","","","","","","","","","","","","","","","","","","","","","","","","","","","","","","","","","","","","","","","","",0,1,"","","","","","","","","","","","","","","","","","","","","","","","","","","","","",""
"61328002","LE PIN-AU-HARAS -INRAE",48.735833,0.128167,176,2002110718,0.5,1,"","","","","","","","","","","","","","","","","","","","","","","","","","","","","","","","","","",5.8,1,"","","","","","","","","","","","","","","","","","","","","","","","","","","","",87,1,"","","","","","","","","","","","","","","","","","","","","","","","","","","","","","","","","","","","","","","","","","","","","","","","","","","","","","","","","","","","","","","","","","","","","","","","","","","","","","","","","","","","","","","","","","","","","","","","","","",0,1,"","","","","","","","","","","","","","","","","","","","","","","","","","","","","",""
"61328002","LE PIN-AU-HARAS -INRAE",48.735833,0.128167,176,2002110719,4.5,1,"","","","","","","","","","","","","","","","","","","","","","","","","","","","","","","","","","",5.8,1,"","","","","","","","","","","","","","","","","","","","","","","","","","","","",92,1,"","","","","","","","","","","","","","","","","","","","","","","","","","","","","","","","","","","","","","","","","","","","","","","","","","","","","","","","","","","","","","","","","","","","","","","","","","","","","","","","","","","","","","","","","","","","","","","","","","",0,1,"","","","","","","","","","","","","","","","","","","","","","","","","","","","","",""
"61328002","LE PIN-AU-HARAS -INRAE",48.735833,0.128167,176,2002110720,1.5,1,"","","","","","","","","","","","","","","","","","","","","","","","","","","","","","","","","","",5.8,1,"","","","","","","","","","","","","","","","","","","","","","","","","","","","",90,1,"","","","","","","","","","","","","","","","","","","","","","","","","","","","","","","","","","","","","","","","","","","","","","","","","","","","","","","","","","","","","","","","","","","","","","","","","","","","","","","","","","","","","","","","","","","","","","","","","","",0,1,"","","","","","","","","","","","","","","","","","","","","","","","","","","","","",""
"61328002","LE PIN-AU-HARAS -INRAE",48.735833,0.128167,176,2002110721,0.,1,"","","","","","","","","","","","","","","","","","","","","","","","","","","","","","","","","","",6.2,1,"","","","","","","","","","","","","","","","","","","","","","","","","","","","",92,1,"","","","","","","","","","","","","","","","","","","","","","","","","","","","","","","","","","","","","","","","","","","","","","","","","","","","","","","","","","","","","","","","","","","","","","","","","","","","","","","","","","","","","","","","","","","","","","","","","","",0,1,"","","","","","","","","","","","","","","","","","","","","","","","","","","","","",""
"61328002","LE PIN-AU-HARAS -INRAE",48.735833,0.128167,176,2002110722,0.,1,"","","","","","","","","","","","","","","","","","","","","","","","","","","","","","","","","","",5.9,1,"","","","","","","","","","","","","","","","","","","","","","","","","","","","",91,1,"","","","","","","","","","","","","","","","","","","","","","","","","","","","","","","","","","","","","","","","","","","","","","","","","","","","","","","","","","","","","","","","","","","","","","","","","","","","","","","","","","","","","","","","","","","","","","","","","","",0,1,"","","","","","","","","","","","","","","","","","","","","","","","","","","","","",""
"61328002","LE PIN-AU-HARAS -INRAE",48.735833,0.128167,176,2002110723,0.,1,"","","","","","","","","","","","","","","","","","","","","","","","","","","","","","","","","","",5.5,1,"","","","","","","","","","","","","","","","","","","","","","","","","","","","",90,1,"","","","","","","","","","","","","","","","","","","","","","","","","","","","","","","","","","","","","","","","","","","","","","","","","","","","","","","","","","","","","","","","","","","","","","","","","","","","","","","","","","","","","","","","","","","","","","","","","","",0,1,"","","","","","","","","","","","","","","","","","","","","","","","","","","","","",""
"61328002","LE PIN-AU-HARAS -INRAE",48.735833,0.128167,176,2002110800,0.,1,"","","","","","","","","","","","","","","","","","","","","","","","","","","","","","","","","","",5.,1,"","","","","","","","","","","","","","","","","","","","","","","","","","","","",94,1,"","","","","","","","","","","","","","","","","","","","","","","","","","","","","","","","","","","","","","","","","","","","","","","","","","","","","","","","","","","","","","","","","","","","","","","","","","","","","","","","","","","","","","","","","","","","","","","","","","",0,1,"","","","","","","","","","","","","","","","","","","","","","","","","","","","","",""
"61328002","LE PIN-AU-HARAS -INRAE",48.735833,0.128167,176,2002110801,0.,1,"","","","","","","","","","","","","","","","","","","","","","","","","","","","","","","","","","",4.8,1,"","","","","","","","","","","","","","","","","","","","","","","","","","","","",96,1,"","","","","","","","","","","","","","","","","","","","","","","","","","","","","","","","","","","","","","","","","","","","","","","","","","","","","","","","","","","","","","","","","","","","","","","","","","","","","","","","","","","","","","","","","","","","","","","","","","",0,1,"","","","","","","","","","","","","","","","","","","","","","","","","","","","","",""
"61328002","LE PIN-AU-HARAS -INRAE",48.735833,0.128167,176,2002110802,0.5,1,"","","","","","","","","","","","","","","","","","","","","","","","","","","","","","","","","","",6.1,1,"","","","","","","","","","","","","","","","","","","","","","","","","","","","",96,1,"","","","","","","","","","","","","","","","","","","","","","","","","","","","","","","","","","","","","","","","","","","","","","","","","","","","","","","","","","","","","","","","","","","","","","","","","","","","","","","","","","","","","","","","","","","","","","","","","","",0,1,"","","","","","","","","","","","","","","","","","","","","","","","","","","","","",""
"61328002","LE PIN-AU-HARAS -INRAE",48.735833,0.128167,176,2002110803,0.,1,"","","","","","","","","","","","","","","","","","","","","","","","","","","","","","","","","","",5.1,1,"","","","","","","","","","","","","","","","","","","","","","","","","","","","",96,1,"","","","","","","","","","","","","","","","","","","","","","","","","","","","","","","","","","","","","","","","","","","","","","","","","","","","","","","","","","","","","","","","","","","","","","","","","","","","","","","","","","","","","","","","","","","","","","","","","","",0,1,"","","","","","","","","","","","","","","","","","","","","","","","","","","","","",""
"61328002","LE PIN-AU-HARAS -INRAE",48.735833,0.128167,176,2002110804,0.5,1,"","","","","","","","","","","","","","","","","","","","","","","","","","","","","","","","","","",5.6,1,"","","","","","","","","","","","","","","","","","","","","","","","","","","","",97,1,"","","","","","","","","","","","","","","","","","","","","","","","","","","","","","","","","","","","","","","","","","","","","","","","","","","","","","","","","","","","","","","","","","","","","","","","","","","","","","","","","","","","","","","","","","","","","","","","","","",0,1,"","","","","","","","","","","","","","","","","","","","","","","","","","","","","",""
"61328002","LE PIN-AU-HARAS -INRAE",48.735833,0.128167,176,2002110805,0.,1,"","","","","","","","","","","","","","","","","","","","","","","","","","","","","","","","","","",6.,1,"","","","","","","","","","","","","","","","","","","","","","","","","","","","",94,1,"","","","","","","","","","","","","","","","","","","","","","","","","","","","","","","","","","","","","","","","","","","","","","","","","","","","","","","","","","","","","","","","","","","","","","","","","","","","","","","","","","","","","","","","","","","","","","","","","","",0,1,"","","","","","","","","","","","","","","","","","","","","","","","","","","","","",""
"61328002","LE PIN-AU-HARAS -INRAE",48.735833,0.128167,176,2002110806,0.,1,"","","","","","","","","","","","","","","","","","","","","","","","","","","","","","","","","","",5.6,1,"","","","","","","","","","","","","","","","","","","","","","","","","","","","",95,1,"","","","","","","","","","","","","","","","","","","","","","","","","","","","","","","","","","","","","","","","","","","","","","","","","","","","","","","","","","","","","","","","","","","","","","","","","","","","","","","","","","","","","","","","","","","","","","","","","","",0,1,"","","","","","","","","","","","","","","","","","","","","","","","","","","","","",""
"61328002","LE PIN-AU-HARAS -INRAE",48.735833,0.128167,176,2002110807,0.,1,"","","","","","","","","","","","","","","","","","","","","","","","","","","","","","","","","","",6.7,1,"","","","","","","","","","","","","","","","","","","","","","","","","","","","",95,1,"","","","","","","","","","","","","","","","","","","","","","","","","","","","","","","","","","","","","","","","","","","","","","","","","","","","","","","","","","","","","","","","","","","","","","","","","","","","","","","","","","","","","","","","","","","","","","","","","","",0,1,"","","","","","","","","","","","","","","","","","","","","","","","","","","","","",""
"61328002","LE PIN-AU-HARAS -INRAE",48.735833,0.128167,176,2002110808,0.,1,"","","","","","","","","","","","","","","","","","","","","","","","","","","","","","","","","","",7.3,1,"","","","","","","","","","","","","","","","","","","","","","","","","","","","",96,1,"","","","","","","","","","","","","","","","","","","","","","","","","","","","","","","","","","","","","","","","","","","","","","","","","","","","","","","","","","","","","","","","","","","","","","","","","","","","","","","","","","","","","","","","","","","","","","","","","","",10,1,"","","","","","","","","","","","","","","","","","","","","","","","","","","","","",""
"61328002","LE PIN-AU-HARAS -INRAE",48.735833,0.128167,176,2002110809,0.5,1,"","","","","","","","","","","","","","","","","","","","","","","","","","","","","","","","","","",7.7,1,"","","","","","","","","","","","","","","","","","","","","","","","","","","","",96,1,"","","","","","","","","","","","","","","","","","","","","","","","","","","","","","","","","","","","","","","","","","","","","","","","","","","","","","","","","","","","","","","","","","","","","","","","","","","","","","","","","","","","","","","","","","","","","","","","","","",22,1,"","","","","","","","","","","","","","","","","","","","","","","","","","","","","",""
"61328002","LE PIN-AU-HARAS -INRAE",48.735833,0.128167,176,2002110810,1.,1,"","","","","","","","","","","","","","","","","","","","","","","","","","","","","","","","","","",8.1,1,"","","","","","","","","","","","","","","","","","","","","","","","","","","","",95,1,"","","","","","","","","","","","","","","","","","","","","","","","","","","","","","","","","","","","","","","","","","","","","","","","","","","","","","","","","","","","","","","","","","","","","","","","","","","","","","","","","","","","","","","","","","","","","","","","","","",34,1,"","","","","","","","","","","","","","","","","","","","","","","","","","","","","",""
"61328002","LE PIN-AU-HARAS -INRAE",48.735833,0.128167,176,2002110811,0.5,1,"","","","","","","","","","","","","","","","","","","","","","","","","","","","","","","","","","",8.2,1,"","","","","","","","","","","","","","","","","","","","","","","","","","","","",93,1,"","","","","","","","","","","","","","","","","","","","","","","","","","","","","","","","","","","","","","","","","","","","","","","","","","","","","","","","","","","","","","","","","","","","","","","","","","","","","","","","","","","","","","","","","","","","","","","","","","",32,1,"","","","","","","","","","","","","","","","","","","","","","","","","","","","","",""
"61328002","LE PIN-AU-HARAS -INRAE",48.735833,0.128167,176,2002110812,0.5,1,"","","","","","","","","","","","","","","","","","","","","","","","","","","","","","","","","","",8.6,1,"","","","","","","","","","","","","","","","","","","","","","","","","","","","",90,1,"","","","","","","","","","","","","","","","","","","","","","","","","","","","","","","","","","","","","","","","","","","","","","","","","","","","","","","","","","","","","","","","","","","","","","","","","","","","","","","","","","","","","","","","","","","","","","","","","","",42,1,"","","","","","","","","","","","","","","","","","","","","","","","","","","","","",""
"61328002","LE PIN-AU-HARAS -INRAE",48.735833,0.128167,176,2002110813,0.,1,"","","","","","","","","","","","","","","","","","","","","","","","","","","","","","","","","","",8.7,1,"","","","","","","","","","","","","","","","","","","","","","","","","","","","",92,1,"","","","","","","","","","","","","","","","","","","","","","","","","","","","","","","","","","","","","","","","","","","","","","","","","","","","","","","","","","","","","","","","","","","","","","","","","","","","","","","","","","","","","","","","","","","","","","","","","","",28,1,"","","","","","","","","","","","","","","","","","","","","","","","","","","","","",""
"61328002","LE PIN-AU-HARAS -INRAE",48.735833,0.128167,176,2002110814,1.,1,"","","","","","","","","","","","","","","","","","","","","","","","","","","","","","","","","","",9.,1,"","","","","","","","","","","","","","","","","","","","","","","","","","","","",95,1,"","","","","","","","","","","","","","","","","","","","","","","","","","","","","","","","","","","","","","","","","","","","","","","","","","","","","","","","","","","","","","","","","","","","","","","","","","","","","","","","","","","","","","","","","","","","","","","","","","",12,1,"","","","","","","","","","","","","","","","","","","","","","","","","","","","","",""
"61328002","LE PIN-AU-HARAS -INRAE",48.735833,0.128167,176,2002110815,1.,1,"","","","","","","","","","","","","","","","","","","","","","","","","","","","","","","","","","",9.7,1,"","","","","","","","","","","","","","","","","","","","","","","","","","","","",95,1,"","","","","","","","","","","","","","","","","","","","","","","","","","","","","","","","","","","","","","","","","","","","","","","","","","","","","","","","","","","","","","","","","","","","","","","","","","","","","","","","","","","","","","","","","","","","","","","","","","",6,1,"","","","","","","","","","","","","","","","","","","","","","","","","","","","","",""
"61328002","LE PIN-AU-HARAS -INRAE",48.735833,0.128167,176,2002110816,0.5,1,"","","","","","","","","","","","","","","","","","","","","","","","","","","","","","","","","","",10.,1,"","","","","","","","","","","","","","","","","","","","","","","","","","","","",94,1,"","","","","","","","","","","","","","","","","","","","","","","","","","","","","","","","","","","","","","","","","","","","","","","","","","","","","","","","","","","","","","","","","","","","","","","","","","","","","","","","","","","","","","","","","","","","","","","","","","",4,1,"","","","","","","","","","","","","","","","","","","","","","","","","","","","","",""
"61328002","LE PIN-AU-HARAS -INRAE",48.735833,0.128167,176,2002110817,0.,1,"","","","","","","","","","","","","","","","","","","","","","","","","","","","","","","","","","",10.3,1,"","","","","","","","","","","","","","","","","","","","","","","","","","","","",94,1,"","","","","","","","","","","","","","","","","","","","","","","","","","","","","","","","","","","","","","","","","","","","","","","","","","","","","","","","","","","","","","","","","","","","","","","","","","","","","","","","","","","","","","","","","","","","","","","","","","",0,1,"","","","","","","","","","","","","","","","","","","","","","","","","","","","","",""
"61328002","LE PIN-AU-HARAS -INRAE",48.735833,0.128167,176,2002110818,0.,1,"","","","","","","","","","","","","","","","","","","","","","","","","","","","","","","","","","",11.,1,"","","","","","","","","","","","","","","","","","","","","","","","","","","","",95,1,"","","","","","","","","","","","","","","","","","","","","","","","","","","","","","","","","","","","","","","","","","","","","","","","","","","","","","","","","","","","","","","","","","","","","","","","","","","","","","","","","","","","","","","","","","","","","","","","","","",0,1,"","","","","","","","","","","","","","","","","","","","","","","","","","","","","",""
"61328002","LE PIN-AU-HARAS -INRAE",48.735833,0.128167,176,2002110819,0.,1,"","","","","","","","","","","","","","","","","","","","","","","","","","","","","","","","","","",11.6,1,"","","","","","","","","","","","","","","","","","","","","","","","","","","","",93,1,"","","","","","","","","","","","","","","","","","","","","","","","","","","","","","","","","","","","","","","","","","","","","","","","","","","","","","","","","","","","","","","","","","","","","","","","","","","","","","","","","","","","","","","","","","","","","","","","","","",0,1,"","","","","","","","","","","","","","","","","","","","","","","","","","","","","",""
"61328002","LE PIN-AU-HARAS -INRAE",48.735833,0.128167,176,2002110820,0.5,1,"","","","","","","","","","","","","","","","","","","","","","","","","","","","","","","","","","",11.8,1,"","","","","","","","","","","","","","","","","","","","","","","","","","","","",93,1,"","","","","","","","","","","","","","","","","","","","","","","","","","","","","","","","","","","","","","","","","","","","","","","","","","","","","","","","","","","","","","","","","","","","","","","","","","","","","","","","","","","","","","","","","","","","","","","","","","",0,1,"","","","","","","","","","","","","","","","","","","","","","","","","","","","","",""
"61328002","LE PIN-AU-HARAS -INRAE",48.735833,0.128167,176,2002110821,0.5,1,"","","","","","","","","","","","","","","","","","","","","","","","","","","","","","","","","","",12.,1,"","","","","","","","","","","","","","","","","","","","","","","","","","","","",95,1,"","","","","","","","","","","","","","","","","","","","","","","","","","","","","","","","","","","","","","","","","","","","","","","","","","","","","","","","","","","","","","","","","","","","","","","","","","","","","","","","","","","","","","","","","","","","","","","","","","",0,1,"","","","","","","","","","","","","","","","","","","","","","","","","","","","","",""
"61328002","LE PIN-AU-HARAS -INRAE",48.735833,0.128167,176,2002110822,0.,1,"","","","","","","","","","","","","","","","","","","","","","","","","","","","","","","","","","",12.7,1,"","","","","","","","","","","","","","","","","","","","","","","","","","","","",95,1,"","","","","","","","","","","","","","","","","","","","","","","","","","","","","","","","","","","","","","","","","","","","","","","","","","","","","","","","","","","","","","","","","","","","","","","","","","","","","","","","","","","","","","","","","","","","","","","","","","",0,1,"","","","","","","","","","","","","","","","","","","","","","","","","","","","","",""
"61328002","LE PIN-AU-HARAS -INRAE",48.735833,0.128167,176,2002110823,0.5,1,"","","","","","","","","","","","","","","","","","","","","","","","","","","","","","","","","","",12.4,1,"","","","","","","","","","","","","","","","","","","","","","","","","","","","",93,1,"","","","","","","","","","","","","","","","","","","","","","","","","","","","","","","","","","","","","","","","","","","","","","","","","","","","","","","","","","","","","","","","","","","","","","","","","","","","","","","","","","","","","","","","","","","","","","","","","","",0,1,"","","","","","","","","","","","","","","","","","","","","","","","","","","","","",""
"61328002","LE PIN-AU-HARAS -INRAE",48.735833,0.128167,176,2002110900,0.,1,"","","","","","","","","","","","","","","","","","","","","","","","","","","","","","","","","","",12.4,1,"","","","","","","","","","","","","","","","","","","","","","","","","","","","",90,1,"","","","","","","","","","","","","","","","","","","","","","","","","","","","","","","","","","","","","","","","","","","","","","","","","","","","","","","","","","","","","","","","","","","","","","","","","","","","","","","","","","","","","","","","","","","","","","","","","","",0,1,"","","","","","","","","","","","","","","","","","","","","","","","","","","","","",""
"61328002","LE PIN-AU-HARAS -INRAE",48.735833,0.128167,176,2002110901,0.,1,"","","","","","","","","","","","","","","","","","","","","","","","","","","","","","","","","","",12.4,1,"","","","","","","","","","","","","","","","","","","","","","","","","","","","",88,1,"","","","","","","","","","","","","","","","","","","","","","","","","","","","","","","","","","","","","","","","","","","","","","","","","","","","","","","","","","","","","","","","","","","","","","","","","","","","","","","","","","","","","","","","","","","","","","","","","","",0,1,"","","","","","","","","","","","","","","","","","","","","","","","","","","","","",""
"61328002","LE PIN-AU-HARAS -INRAE",48.735833,0.128167,176,2002110902,0.,1,"","","","","","","","","","","","","","","","","","","","","","","","","","","","","","","","","","",12.3,1,"","","","","","","","","","","","","","","","","","","","","","","","","","","","",90,1,"","","","","","","","","","","","","","","","","","","","","","","","","","","","","","","","","","","","","","","","","","","","","","","","","","","","","","","","","","","","","","","","","","","","","","","","","","","","","","","","","","","","","","","","","","","","","","","","","","",0,1,"","","","","","","","","","","","","","","","","","","","","","","","","","","","","",""
"61328002","LE PIN-AU-HARAS -INRAE",48.735833,0.128167,176,2002110903,0.,1,"","","","","","","","","","","","","","","","","","","","","","","","","","","","","","","","","","",12.4,1,"","","","","","","","","","","","","","","","","","","","","","","","","","","","",90,1,"","","","","","","","","","","","","","","","","","","","","","","","","","","","","","","","","","","","","","","","","","","","","","","","","","","","","","","","","","","","","","","","","","","","","","","","","","","","","","","","","","","","","","","","","","","","","","","","","","",0,1,"","","","","","","","","","","","","","","","","","","","","","","","","","","","","",""
"61328002","LE PIN-AU-HARAS -INRAE",48.735833,0.128167,176,2002110904,0.,1,"","","","","","","","","","","","","","","","","","","","","","","","","","","","","","","","","","",12.1,1,"","","","","","","","","","","","","","","","","","","","","","","","","","","","",93,1,"","","","","","","","","","","","","","","","","","","","","","","","","","","","","","","","","","","","","","","","","","","","","","","","","","","","","","","","","","","","","","","","","","","","","","","","","","","","","","","","","","","","","","","","","","","","","","","","","","",0,1,"","","","","","","","","","","","","","","","","","","","","","","","","","","","","",""
"61328002","LE PIN-AU-HARAS -INRAE",48.735833,0.128167,176,2002110905,0.,1,"","","","","","","","","","","","","","","","","","","","","","","","","","","","","","","","","","",12.2,1,"","","","","","","","","","","","","","","","","","","","","","","","","","","","",91,1,"","","","","","","","","","","","","","","","","","","","","","","","","","","","","","","","","","","","","","","","","","","","","","","","","","","","","","","","","","","","","","","","","","","","","","","","","","","","","","","","","","","","","","","","","","","","","","","","","","",0,1,"","","","","","","","","","","","","","","","","","","","","","","","","","","","","",""
"61328002","LE PIN-AU-HARAS -INRAE",48.735833,0.128167,176,2002110906,0.,1,"","","","","","","","","","","","","","","","","","","","","","","","","","","","","","","","","","",12.4,1,"","","","","","","","","","","","","","","","","","","","","","","","","","","","",91,1,"","","","","","","","","","","","","","","","","","","","","","","","","","","","","","","","","","","","","","","","","","","","","","","","","","","","","","","","","","","","","","","","","","","","","","","","","","","","","","","","","","","","","","","","","","","","","","","","","","",0,1,"","","","","","","","","","","","","","","","","","","","","","","","","","","","","",""
"61328002","LE PIN-AU-HARAS -INRAE",48.735833,0.128167,176,2002110907,0.,1,"","","","","","","","","","","","","","","","","","","","","","","","","","","","","","","","","","",11.9,1,"","","","","","","","","","","","","","","","","","","","","","","","","","","","",96,1,"","","","","","","","","","","","","","","","","","","","","","","","","","","","","","","","","","","","","","","","","","","","","","","","","","","","","","","","","","","","","","","","","","","","","","","","","","","","","","","","","","","","","","","","","","","","","","","","","","",0,1,"","","","","","","","","","","","","","","","","","","","","","","","","","","","","",""
"61328002","LE PIN-AU-HARAS -INRAE",48.735833,0.128167,176,2002110908,0.,1,"","","","","","","","","","","","","","","","","","","","","","","","","","","","","","","","","","",12.4,1,"","","","","","","","","","","","","","","","","","","","","","","","","","","","",94,1,"","","","","","","","","","","","","","","","","","","","","","","","","","","","","","","","","","","","","","","","","","","","","","","","","","","","","","","","","","","","","","","","","","","","","","","","","","","","","","","","","","","","","","","","","","","","","","","","","","",6,1,"","","","","","","","","","","","","","","","","","","","","","","","","","","","","",""
"61328002","LE PIN-AU-HARAS -INRAE",48.735833,0.128167,176,2002110909,0.,1,"","","","","","","","","","","","","","","","","","","","","","","","","","","","","","","","","","",12.8,1,"","","","","","","","","","","","","","","","","","","","","","","","","","","","",92,1,"","","","","","","","","","","","","","","","","","","","","","","","","","","","","","","","","","","","","","","","","","","","","","","","","","","","","","","","","","","","","","","","","","","","","","","","","","","","","","","","","","","","","","","","","","","","","","","","","","",16,1,"","","","","","","","","","","","","","","","","","","","","","","","","","","","","",""
"61328002","LE PIN-AU-HARAS -INRAE",48.735833,0.128167,176,2002110910,0.,1,"","","","","","","","","","","","","","","","","","","","","","","","","","","","","","","","","","",13.2,1,"","","","","","","","","","","","","","","","","","","","","","","","","","","","",88,1,"","","","","","","","","","","","","","","","","","","","","","","","","","","","","","","","","","","","","","","","","","","","","","","","","","","","","","","","","","","","","","","","","","","","","","","","","","","","","","","","","","","","","","","","","","","","","","","","","","",22,1,"","","","","","","","","","","","","","","","","","","","","","","","","","","","","",""
"61328002","LE PIN-AU-HARAS -INRAE",48.735833,0.128167,176,2002110911,0.,1,"","","","","","","","","","","","","","","","","","","","","","","","","","","","","","","","","","",13.5,1,"","","","","","","","","","","","","","","","","","","","","","","","","","","","",91,1,"","","","","","","","","","","","","","","","","","","","","","","","","","","","","","","","","","","","","","","","","","","","","","","","","","","","","","","","","","","","","","","","","","","","","","","","","","","","","","","","","","","","","","","","","","","","","","","","","","",46,1,"","","","","","","","","","","","","","","","","","","","","","","","","","","","","",""
"61328002","LE PIN-AU-HARAS -INRAE",48.735833,0.128167,176,2002110912,0.,1,"","","","","","","","","","","","","","","","","","","","","","","","","","","","","","","","","","",13.4,1,"","","","","","","","","","","","","","","","","","","","","","","","","","","","",87,1,"","","","","","","","","","","","","","","","","","","","","","","","","","","","","","","","","","","","","","","","","","","","","","","","","","","","","","","","","","","","","","","","","","","","","","","","","","","","","","","","","","","","","","","","","","","","","","","","","","",44,1,"","","","","","","","","","","","","","","","","","","","","","","","","","","","","",""
"61328002","LE PIN-AU-HARAS -INRAE",48.735833,0.128167,176,2002110913,0.,1,"","","","","","","","","","","","","","","","","","","","","","","","","","","","","","","","","","",14.,1,"","","","","","","","","","","","","","","","","","","","","","","","","","","","",86,1,"","","","","","","","","","","","","","","","","","","","","","","","","","","","","","","","","","","","","","","","","","","","","","","","","","","","","","","","","","","","","","","","","","","","","","","","","","","","","","","","","","","","","","","","","","","","","","","","","","",52,1,"","","","","","","","","","","","","","","","","","","","","","","","","","","","","",""
"61328002","LE PIN-AU-HARAS -INRAE",48.735833,0.128167,176,2002110914,0.5,1,"","","","","","","","","","","","","","","","","","","","","","","","","","","","","","","","","","",12.2,1,"","","","","","","","","","","","","","","","","","","","","","","","","","","","",93,1,"","","","","","","","","","","","","","","","","","","","","","","","","","","","","","","","","","","","","","","","","","","","","","","","","","","","","","","","","","","","","","","","","","","","","","","","","","","","","","","","","","","","","","","","","","","","","","","","","","",30,1,"","","","","","","","","","","","","","","","","","","","","","","","","","","","","",""
"61328002","LE PIN-AU-HARAS -INRAE",48.735833,0.128167,176,2002110915,0.5,1,"","","","","","","","","","","","","","","","","","","","","","","","","","","","","","","","","","",11.8,1,"","","","","","","","","","","","","","","","","","","","","","","","","","","","",98,1,"","","","","","","","","","","","","","","","","","","","","","","","","","","","","","","","","","","","","","","","","","","","","","","","","","","","","","","","","","","","","","","","","","","","","","","","","","","","","","","","","","","","","","","","","","","","","","","","","","",8,1,"","","","","","","","","","","","","","","","","","","","","","","","","","","","","",""
"61328002","LE PIN-AU-HARAS -INRAE",48.735833,0.128167,176,2002110916,2.,1,"","","","","","","","","","","","","","","","","","","","","","","","","","","","","","","","","","",11.4,1,"","","","","","","","","","","","","","","","","","","","","","","","","","","","",99,1,"","","","","","","","","","","","","","","","","","","","","","","","","","","","","","","","","","","","","","","","","","","","","","","","","","","","","","","","","","","","","","","","","","","","","","","","","","","","","","","","","","","","","","","","","","","","","","","","","","",6,1,"","","","","","","","","","","","","","","","","","","","","","","","","","","","","",""
"61328002","LE PIN-AU-HARAS -INRAE",48.735833,0.128167,176,2002110917,0.5,1,"","","","","","","","","","","","","","","","","","","","","","","","","","","","","","","","","","",11.,1,"","","","","","","","","","","","","","","","","","","","","","","","","","","","",100,1,"","","","","","","","","","","","","","","","","","","","","","","","","","","","","","","","","","","","","","","","","","","","","","","","","","","","","","","","","","","","","","","","","","","","","","","","","","","","","","","","","","","","","","","","","","","","","","","","","","",0,1,"","","","","","","","","","","","","","","","","","","","","","","","","","","","","",""
"61328002","LE PIN-AU-HARAS -INRAE",48.735833,0.128167,176,2002110918,1.,1,"","","","","","","","","","","","","","","","","","","","","","","","","","","","","","","","","","",10.8,1,"","","","","","","","","","","","","","","","","","","","","","","","","","","","",100,1,"","","","","","","","","","","","","","","","","","","","","","","","","","","","","","","","","","","","","","","","","","","","","","","","","","","","","","","","","","","","","","","","","","","","","","","","","","","","","","","","","","","","","","","","","","","","","","","","","","",0,1,"","","","","","","","","","","","","","","","","","","","","","","","","","","","","",""
"61328002","LE PIN-AU-HARAS -INRAE",48.735833,0.128167,176,2002110919,0.,1,"","","","","","","","","","","","","","","","","","","","","","","","","","","","","","","","","","",10.6,1,"","","","","","","","","","","","","","","","","","","","","","","","","","","","",100,1,"","","","","","","","","","","","","","","","","","","","","","","","","","","","","","","","","","","","","","","","","","","","","","","","","","","","","","","","","","","","","","","","","","","","","","","","","","","","","","","","","","","","","","","","","","","","","","","","","","",0,1,"","","","","","","","","","","","","","","","","","","","","","","","","","","","","",""
"61328002","LE PIN-AU-HARAS -INRAE",48.735833,0.128167,176,2002110920,0.,1,"","","","","","","","","","","","","","","","","","","","","","","","","","","","","","","","","","",10.7,1,"","","","","","","","","","","","","","","","","","","","","","","","","","","","",100,1,"","","","","","","","","","","","","","","","","","","","","","","","","","","","","","","","","","","","","","","","","","","","","","","","","","","","","","","","","","","","","","","","","","","","","","","","","","","","","","","","","","","","","","","","","","","","","","","","","","",0,1,"","","","","","","","","","","","","","","","","","","","","","","","","","","","","",""
"61328002","LE PIN-AU-HARAS -INRAE",48.735833,0.128167,176,2002110921,0.5,1,"","","","","","","","","","","","","","","","","","","","","","","","","","","","","","","","","","",10.7,1,"","","","","","","","","","","","","","","","","","","","","","","","","","","","",100,1,"","","","","","","","","","","","","","","","","","","","","","","","","","","","","","","","","","","","","","","","","","","","","","","","","","","","","","","","","","","","","","","","","","","","","","","","","","","","","","","","","","","","","","","","","","","","","","","","","","",0,1,"","","","","","","","","","","","","","","","","","","","","","","","","","","","","",""
"61328002","LE PIN-AU-HARAS -INRAE",48.735833,0.128167,176,2002110922,0.,1,"","","","","","","","","","","","","","","","","","","","","","","","","","","","","","","","","","",10.7,1,"","","","","","","","","","","","","","","","","","","","","","","","","","","","",100,1,"","","","","","","","","","","","","","","","","","","","","","","","","","","","","","","","","","","","","","","","","","","","","","","","","","","","","","","","","","","","","","","","","","","","","","","","","","","","","","","","","","","","","","","","","","","","","","","","","","",0,1,"","","","","","","","","","","","","","","","","","","","","","","","","","","","","",""
"61328002","LE PIN-AU-HARAS -INRAE",48.735833,0.128167,176,2002110923,0.5,1,"","","","","","","","","","","","","","","","","","","","","","","","","","","","","","","","","","",10.8,1,"","","","","","","","","","","","","","","","","","","","","","","","","","","","",100,1,"","","","","","","","","","","","","","","","","","","","","","","","","","","","","","","","","","","","","","","","","","","","","","","","","","","","","","","","","","","","","","","","","","","","","","","","","","","","","","","","","","","","","","","","","","","","","","","","","","",0,1,"","","","","","","","","","","","","","","","","","","","","","","","","","","","","",""
"61328002","LE PIN-AU-HARAS -INRAE",48.735833,0.128167,176,2002111000,1.,1,"","","","","","","","","","","","","","","","","","","","","","","","","","","","","","","","","","",11.1,1,"","","","","","","","","","","","","","","","","","","","","","","","","","","","",100,1,"","","","","","","","","","","","","","","","","","","","","","","","","","","","","","","","","","","","","","","","","","","","","","","","","","","","","","","","","","","","","","","","","","","","","","","","","","","","","","","","","","","","","","","","","","","","","","","","","","",0,1,"","","","","","","","","","","","","","","","","","","","","","","","","","","","","",""
"61328002","LE PIN-AU-HARAS -INRAE",48.735833,0.128167,176,2002111001,0.5,1,"","","","","","","","","","","","","","","","","","","","","","","","","","","","","","","","","","",11.3,1,"","","","","","","","","","","","","","","","","","","","","","","","","","","","",100,1,"","","","","","","","","","","","","","","","","","","","","","","","","","","","","","","","","","","","","","","","","","","","","","","","","","","","","","","","","","","","","","","","","","","","","","","","","","","","","","","","","","","","","","","","","","","","","","","","","","",0,1,"","","","","","","","","","","","","","","","","","","","","","","","","","","","","",""
"61328002","LE PIN-AU-HARAS -INRAE",48.735833,0.128167,176,2002111002,2.,1,"","","","","","","","","","","","","","","","","","","","","","","","","","","","","","","","","","",11.4,1,"","","","","","","","","","","","","","","","","","","","","","","","","","","","",100,1,"","","","","","","","","","","","","","","","","","","","","","","","","","","","","","","","","","","","","","","","","","","","","","","","","","","","","","","","","","","","","","","","","","","","","","","","","","","","","","","","","","","","","","","","","","","","","","","","","","",0,1,"","","","","","","","","","","","","","","","","","","","","","","","","","","","","",""
"61328002","LE PIN-AU-HARAS -INRAE",48.735833,0.128167,176,2002111003,2.,1,"","","","","","","","","","","","","","","","","","","","","","","","","","","","","","","","","","",11.7,1,"","","","","","","","","","","","","","","","","","","","","","","","","","","","",100,1,"","","","","","","","","","","","","","","","","","","","","","","","","","","","","","","","","","","","","","","","","","","","","","","","","","","","","","","","","","","","","","","","","","","","","","","","","","","","","","","","","","","","","","","","","","","","","","","","","","",0,1,"","","","","","","","","","","","","","","","","","","","","","","","","","","","","",""
"61328002","LE PIN-AU-HARAS -INRAE",48.735833,0.128167,176,2002111004,1.,1,"","","","","","","","","","","","","","","","","","","","","","","","","","","","","","","","","","",12.2,1,"","","","","","","","","","","","","","","","","","","","","","","","","","","","",100,1,"","","","","","","","","","","","","","","","","","","","","","","","","","","","","","","","","","","","","","","","","","","","","","","","","","","","","","","","","","","","","","","","","","","","","","","","","","","","","","","","","","","","","","","","","","","","","","","","","","",0,1,"","","","","","","","","","","","","","","","","","","","","","","","","","","","","",""
"61328002","LE PIN-AU-HARAS -INRAE",48.735833,0.128167,176,2002111005,0.,1,"","","","","","","","","","","","","","","","","","","","","","","","","","","","","","","","","","",12.9,1,"","","","","","","","","","","","","","","","","","","","","","","","","","","","",100,1,"","","","","","","","","","","","","","","","","","","","","","","","","","","","","","","","","","","","","","","","","","","","","","","","","","","","","","","","","","","","","","","","","","","","","","","","","","","","","","","","","","","","","","","","","","","","","","","","","","",0,1,"","","","","","","","","","","","","","","","","","","","","","","","","","","","","",""
"61328002","LE PIN-AU-HARAS -INRAE",48.735833,0.128167,176,2002111006,0.,1,"","","","","","","","","","","","","","","","","","","","","","","","","","","","","","","","","","",13.2,1,"","","","","","","","","","","","","","","","","","","","","","","","","","","","",100,1,"","","","","","","","","","","","","","","","","","","","","","","","","","","","","","","","","","","","","","","","","","","","","","","","","","","","","","","","","","","","","","","","","","","","","","","","","","","","","","","","","","","","","","","","","","","","","","","","","","",0,1,"","","","","","","","","","","","","","","","","","","","","","","","","","","","","",""
"61328002","LE PIN-AU-HARAS -INRAE",48.735833,0.128167,176,2002111007,0.,1,"","","","","","","","","","","","","","","","","","","","","","","","","","","","","","","","","","",13.2,1,"","","","","","","","","","","","","","","","","","","","","","","","","","","","",100,1,"","","","","","","","","","","","","","","","","","","","","","","","","","","","","","","","","","","","","","","","","","","","","","","","","","","","","","","","","","","","","","","","","","","","","","","","","","","","","","","","","","","","","","","","","","","","","","","","","","",0,1,"","","","","","","","","","","","","","","","","","","","","","","","","","","","","",""
"61328002","LE PIN-AU-HARAS -INRAE",48.735833,0.128167,176,2002111008,0.,1,"","","","","","","","","","","","","","","","","","","","","","","","","","","","","","","","","","",13.6,1,"","","","","","","","","","","","","","","","","","","","","","","","","","","","",100,1,"","","","","","","","","","","","","","","","","","","","","","","","","","","","","","","","","","","","","","","","","","","","","","","","","","","","","","","","","","","","","","","","","","","","","","","","","","","","","","","","","","","","","","","","","","","","","","","","","","",4,1,"","","","","","","","","","","","","","","","","","","","","","","","","","","","","",""
"61328002","LE PIN-AU-HARAS -INRAE",48.735833,0.128167,176,2002111009,0.,1,"","","","","","","","","","","","","","","","","","","","","","","","","","","","","","","","","","",14.2,1,"","","","","","","","","","","","","","","","","","","","","","","","","","","","",100,1,"","","","","","","","","","","","","","","","","","","","","","","","","","","","","","","","","","","","","","","","","","","","","","","","","","","","","","","","","","","","","","","","","","","","","","","","","","","","","","","","","","","","","","","","","","","","","","","","","","",32,1,"","","","","","","","","","","","","","","","","","","","","","","","","","","","","",""
"61328002","LE PIN-AU-HARAS -INRAE",48.735833,0.128167,176,2002111010,0.,1,"","","","","","","","","","","","","","","","","","","","","","","","","","","","","","","","","","",14.6,1,"","","","","","","","","","","","","","","","","","","","","","","","","","","","",98,1,"","","","","","","","","","","","","","","","","","","","","","","","","","","","","","","","","","","","","","","","","","","","","","","","","","","","","","","","","","","","","","","","","","","","","","","","","","","","","","","","","","","","","","","","","","","","","","","","","","",42,1,"","","","","","","","","","","","","","","","","","","","","","","","","","","","","",""
"61328002","LE PIN-AU-HARAS -INRAE",48.735833,0.128167,176,2002111011,0.,1,"","","","","","","","","","","","","","","","","","","","","","","","","","","","","","","","","","",14.6,1,"","","","","","","","","","","","","","","","","","","","","","","","","","","","",98,1,"","","","","","","","","","","","","","","","","","","","","","","","","","","","","","","","","","","","","","","","","","","","","","","","","","","","","","","","","","","","","","","","","","","","","","","","","","","","","","","","","","","","","","","","","","","","","","","","","","",26,1,"","","","","","","","","","","","","","","","","","","","","","","","","","","","","",""
"61328002","LE PIN-AU-HARAS -INRAE",48.735833,0.128167,176,2002111012,0.5,1,"","","","","","","","","","","","","","","","","","","","","","","","","","","","","","","","","","",15.1,1,"","","","","","","","","","","","","","","","","","","","","","","","","","","","",97,1,"","","","","","","","","","","","","","","","","","","","","","","","","","","","","","","","","","","","","","","","","","","","","","","","","","","","","","","","","","","","","","","","","","","","","","","","","","","","","","","","","","","","","","","","","","","","","","","","","","",32,1,"","","","","","","","","","","","","","","","","","","","","","","","","","","","","",""
"61328002","LE PIN-AU-HARAS -INRAE",48.735833,0.128167,176,2002111013,0.,1,"","","","","","","","","","","","","","","","","","","","","","","","","","","","","","","","","","",15.5,1,"","","","","","","","","","","","","","","","","","","","","","","","","","","","",91,1,"","","","","","","","","","","","","","","","","","","","","","","","","","","","","","","","","","","","","","","","","","","","","","","","","","","","","","","","","","","","","","","","","","","","","","","","","","","","","","","","","","","","","","","","","","","","","","","","","","",56,1,"","","","","","","","","","","","","","","","","","","","","","","","","","","","","",""
"61328002","LE PIN-AU-HARAS -INRAE",48.735833,0.128167,176,2002111014,0.,1,"","","","","","","","","","","","","","","","","","","","","","","","","","","","","","","","","","",15.9,1,"","","","","","","","","","","","","","","","","","","","","","","","","","","","",88,1,"","","","","","","","","","","","","","","","","","","","","","","","","","","","","","","","","","","","","","","","","","","","","","","","","","","","","","","","","","","","","","","","","","","","","","","","","","","","","","","","","","","","","","","","","","","","","","","","","","",44,1,"","","","","","","","","","","","","","","","","","","","","","","","","","","","","",""
"61328002","LE PIN-AU-HARAS -INRAE",48.735833,0.128167,176,2002111015,0.,1,"","","","","","","","","","","","","","","","","","","","","","","","","","","","","","","","","","",15.7,1,"","","","","","","","","","","","","","","","","","","","","","","","","","","","",88,1,"","","","","","","","","","","","","","","","","","","","","","","","","","","","","","","","","","","","","","","","","","","","","","","","","","","","","","","","","","","","","","","","","","","","","","","","","","","","","","","","","","","","","","","","","","","","","","","","","","",28,1,"","","","","","","","","","","","","","","","","","","","","","","","","","","","","",""
"61328002","LE PIN-AU-HARAS -INRAE",48.735833,0.128167,176,2002111016,0.,1,"","","","","","","","","","","","","","","","","","","","","","","","","","","","","","","","","","",15.2,1,"","","","","","","","","","","","","","","","","","","","","","","","","","","","",91,1,"","","","","","","","","","","","","","","","","","","","","","","","","","","","","","","","","","","","","","","","","","","","","","","","","","","","","","","","","","","","","","","","","","","","","","","","","","","","","","","","","","","","","","","","","","","","","","","","","","",8,1,"","","","","","","","","","","","","","","","","","","","","","","","","","","","","",""
"61328002","LE PIN-AU-HARAS -INRAE",48.735833,0.128167,176,2002111017,0.,1,"","","","","","","","","","","","","","","","","","","","","","","","","","","","","","","","","","",15.1,1,"","","","","","","","","","","","","","","","","","","","","","","","","","","","",94,1,"","","","","","","","","","","","","","","","","","","","","","","","","","","","","","","","","","","","","","","","","","","","","","","","","","","","","","","","","","","","","","","","","","","","","","","","","","","","","","","","","","","","","","","","","","","","","","","","","","",0,1,"","","","","","","","","","","","","","","","","","","","","","","","","","","","","",""
"61328002","LE PIN-AU-HARAS -INRAE",48.735833,0.128167,176,2002111018,0.,1,"","","","","","","","","","","","","","","","","","","","","","","","","","","","","","","","","","",15.1,1,"","","","","","","","","","","","","","","","","","","","","","","","","","","","",91,1,"","","","","","","","","","","","","","","","","","","","","","","","","","","","","","","","","","","","","","","","","","","","","","","","","","","","","","","","","","","","","","","","","","","","","","","","","","","","","","","","","","","","","","","","","","","","","","","","","","",0,1,"","","","","","","","","","","","","","","","","","","","","","","","","","","","","",""
"61328002","LE PIN-AU-HARAS -INRAE",48.735833,0.128167,176,2002111019,0.,1,"","","","","","","","","","","","","","","","","","","","","","","","","","","","","","","","","","",14.5,1,"","","","","","","","","","","","","","","","","","","","","","","","","","","","",92,1,"","","","","","","","","","","","","","","","","","","","","","","","","","","","","","","","","","","","","","","","","","","","","","","","","","","","","","","","","","","","","","","","","","","","","","","","","","","","","","","","","","","","","","","","","","","","","","","","","","",0,1,"","","","","","","","","","","","","","","","","","","","","","","","","","","","","",""
"61328002","LE PIN-AU-HARAS -INRAE",48.735833,0.128167,176,2002111020,0.,1,"","","","","","","","","","","","","","","","","","","","","","","","","","","","","","","","","","",14.3,1,"","","","","","","","","","","","","","","","","","","","","","","","","","","","",92,1,"","","","","","","","","","","","","","","","","","","","","","","","","","","","","","","","","","","","","","","","","","","","","","","","","","","","","","","","","","","","","","","","","","","","","","","","","","","","","","","","","","","","","","","","","","","","","","","","","","",0,1,"","","","","","","","","","","","","","","","","","","","","","","","","","","","","",""
"61328002","LE PIN-AU-HARAS -INRAE",48.735833,0.128167,176,2002111021,2.5,1,"","","","","","","","","","","","","","","","","","","","","","","","","","","","","","","","","","",13.9,1,"","","","","","","","","","","","","","","","","","","","","","","","","","","","",96,1,"","","","","","","","","","","","","","","","","","","","","","","","","","","","","","","","","","","","","","","","","","","","","","","","","","","","","","","","","","","","","","","","","","","","","","","","","","","","","","","","","","","","","","","","","","","","","","","","","","",0,1,"","","","","","","","","","","","","","","","","","","","","","","","","","","","","",""
"61328002","LE PIN-AU-HARAS -INRAE",48.735833,0.128167,176,2002111022,4.,1,"","","","","","","","","","","","","","","","","","","","","","","","","","","","","","","","","","",13.7,1,"","","","","","","","","","","","","","","","","","","","","","","","","","","","",99,1,"","","","","","","","","","","","","","","","","","","","","","","","","","","","","","","","","","","","","","","","","","","","","","","","","","","","","","","","","","","","","","","","","","","","","","","","","","","","","","","","","","","","","","","","","","","","","","","","","","",0,1,"","","","","","","","","","","","","","","","","","","","","","","","","","","","","",""
"61328002","LE PIN-AU-HARAS -INRAE",48.735833,0.128167,176,2002111023,2.5,1,"","","","","","","","","","","","","","","","","","","","","","","","","","","","","","","","","","",13.7,1,"","","","","","","","","","","","","","","","","","","","","","","","","","","","",99,1,"","","","","","","","","","","","","","","","","","","","","","","","","","","","","","","","","","","","","","","","","","","","","","","","","","","","","","","","","","","","","","","","","","","","","","","","","","","","","","","","","","","","","","","","","","","","","","","","","","",0,1,"","","","","","","","","","","","","","","","","","","","","","","","","","","","","",""
"61328002","LE PIN-AU-HARAS -INRAE",48.735833,0.128167,176,2002111100,3.,1,"","","","","","","","","","","","","","","","","","","","","","","","","","","","","","","","","","",11.8,1,"","","","","","","","","","","","","","","","","","","","","","","","","","","","",98,1,"","","","","","","","","","","","","","","","","","","","","","","","","","","","","","","","","","","","","","","","","","","","","","","","","","","","","","","","","","","","","","","","","","","","","","","","","","","","","","","","","","","","","","","","","","","","","","","","","","",0,1,"","","","","","","","","","","","","","","","","","","","","","","","","","","","","",""
"61328002","LE PIN-AU-HARAS -INRAE",48.735833,0.128167,176,2002111101,0.,1,"","","","","","","","","","","","","","","","","","","","","","","","","","","","","","","","","","",11.7,1,"","","","","","","","","","","","","","","","","","","","","","","","","","","","",97,1,"","","","","","","","","","","","","","","","","","","","","","","","","","","","","","","","","","","","","","","","","","","","","","","","","","","","","","","","","","","","","","","","","","","","","","","","","","","","","","","","","","","","","","","","","","","","","","","","","","",0,1,"","","","","","","","","","","","","","","","","","","","","","","","","","","","","",""
"61328002","LE PIN-AU-HARAS -INRAE",48.735833,0.128167,176,2002111102,0.,1,"","","","","","","","","","","","","","","","","","","","","","","","","","","","","","","","","","",11.2,1,"","","","","","","","","","","","","","","","","","","","","","","","","","","","",95,1,"","","","","","","","","","","","","","","","","","","","","","","","","","","","","","","","","","","","","","","","","","","","","","","","","","","","","","","","","","","","","","","","","","","","","","","","","","","","","","","","","","","","","","","","","","","","","","","","","","",0,1,"","","","","","","","","","","","","","","","","","","","","","","","","","","","","",""
"61328002","LE PIN-AU-HARAS -INRAE",48.735833,0.128167,176,2002111103,0.,1,"","","","","","","","","","","","","","","","","","","","","","","","","","","","","","","","","","",10.8,1,"","","","","","","","","","","","","","","","","","","","","","","","","","","","",96,1,"","","","","","","","","","","","","","","","","","","","","","","","","","","","","","","","","","","","","","","","","","","","","","","","","","","","","","","","","","","","","","","","","","","","","","","","","","","","","","","","","","","","","","","","","","","","","","","","","","",0,1,"","","","","","","","","","","","","","","","","","","","","","","","","","","","","",""
"61328002","LE PIN-AU-HARAS -INRAE",48.735833,0.128167,176,2002111104,0.,1,"","","","","","","","","","","","","","","","","","","","","","","","","","","","","","","","","","",10.2,1,"","","","","","","","","","","","","","","","","","","","","","","","","","","","",95,1,"","","","","","","","","","","","","","","","","","","","","","","","","","","","","","","","","","","","","","","","","","","","","","","","","","","","","","","","","","","","","","","","","","","","","","","","","","","","","","","","","","","","","","","","","","","","","","","","","","",0,1,"","","","","","","","","","","","","","","","","","","","","","","","","","","","","",""
"61328002","LE PIN-AU-HARAS -INRAE",48.735833,0.128167,176,2002111105,0.,1,"","","","","","","","","","","","","","","","","","","","","","","","","","","","","","","","","","",8.8,1,"","","","","","","","","","","","","","","","","","","","","","","","","","","","",98,1,"","","","","","","","","","","","","","","","","","","","","","","","","","","","","","","","","","","","","","","","","","","","","","","","","","","","","","","","","","","","","","","","","","","","","","","","","","","","","","","","","","","","","","","","","","","","","","","","","","",0,1,"","","","","","","","","","","","","","","","","","","","","","","","","","","","","",""
"61328002","LE PIN-AU-HARAS -INRAE",48.735833,0.128167,176,2002111106,0.,1,"","","","","","","","","","","","","","","","","","","","","","","","","","","","","","","","","","",8.9,1,"","","","","","","","","","","","","","","","","","","","","","","","","","","","",98,1,"","","","","","","","","","","","","","","","","","","","","","","","","","","","","","","","","","","","","","","","","","","","","","","","","","","","","","","","","","","","","","","","","","","","","","","","","","","","","","","","","","","","","","","","","","","","","","","","","","",0,1,"","","","","","","","","","","","","","","","","","","","","","","","","","","","","",""
"61328002","LE PIN-AU-HARAS -INRAE",48.735833,0.128167,176,2002111107,0.5,1,"","","","","","","","","","","","","","","","","","","","","","","","","","","","","","","","","","",8.8,1,"","","","","","","","","","","","","","","","","","","","","","","","","","","","",97,1,"","","","","","","","","","","","","","","","","","","","","","","","","","","","","","","","","","","","","","","","","","","","","","","","","","","","","","","","","","","","","","","","","","","","","","","","","","","","","","","","","","","","","","","","","","","","","","","","","","",0,1,"","","","","","","","","","","","","","","","","","","","","","","","","","","","","",""
"61328002","LE PIN-AU-HARAS -INRAE",48.735833,0.128167,176,2002111108,0.,1,"","","","","","","","","","","","","","","","","","","","","","","","","","","","","","","","","","",9.4,1,"","","","","","","","","","","","","","","","","","","","","","","","","","","","",96,1,"","","","","","","","","","","","","","","","","","","","","","","","","","","","","","","","","","","","","","","","","","","","","","","","","","","","","","","","","","","","","","","","","","","","","","","","","","","","","","","","","","","","","","","","","","","","","","","","","","",8,1,"","","","","","","","","","","","","","","","","","","","","","","","","","","","","",""
"61328002","LE PIN-AU-HARAS -INRAE",48.735833,0.128167,176,2002111109,0.,1,"","","","","","","","","","","","","","","","","","","","","","","","","","","","","","","","","","",10.7,1,"","","","","","","","","","","","","","","","","","","","","","","","","","","","",91,1,"","","","","","","","","","","","","","","","","","","","","","","","","","","","","","","","","","","","","","","","","","","","","","","","","","","","","","","","","","","","","","","","","","","","","","","","","","","","","","","","","","","","","","","","","","","","","","","","","","",36,1,"","","","","","","","","","","","","","","","","","","","","","","","","","","","","",""
"61328002","LE PIN-AU-HARAS -INRAE",48.735833,0.128167,176,2002111110,0.,1,"","","","","","","","","","","","","","","","","","","","","","","","","","","","","","","","","","",11.6,1,"","","","","","","","","","","","","","","","","","","","","","","","","","","","",85,1,"","","","","","","","","","","","","","","","","","","","","","","","","","","","","","","","","","","","","","","","","","","","","","","","","","","","","","","","","","","","","","","","","","","","","","","","","","","","","","","","","","","","","","","","","","","","","","","","","","",80,1,"","","","","","","","","","","","","","","","","","","","","","","","","","","","","",""
"61328002","LE PIN-AU-HARAS -INRAE",48.735833,0.128167,176,2002111111,0.,1,"","","","","","","","","","","","","","","","","","","","","","","","","","","","","","","","","","",11.6,1,"","","","","","","","","","","","","","","","","","","","","","","","","","","","",81,1,"","","","","","","","","","","","","","","","","","","","","","","","","","","","","","","","","","","","","","","","","","","","","","","","","","","","","","","","","","","","","","","","","","","","","","","","","","","","","","","","","","","","","","","","","","","","","","","","","","",92,1,"","","","","","","","","","","","","","","","","","","","","","","","","","","","","",""
"61328002","LE PIN-AU-HARAS -INRAE",48.735833,0.128167,176,2002111112,0.,1,"","","","","","","","","","","","","","","","","","","","","","","","","","","","","","","","","","",12.6,1,"","","","","","","","","","","","","","","","","","","","","","","","","","","","",74,1,"","","","","","","","","","","","","","","","","","","","","","","","","","","","","","","","","","","","","","","","","","","","","","","","","","","","","","","","","","","","","","","","","","","","","","","","","","","","","","","","","","","","","","","","","","","","","","","","","","",110,1,"","","","","","","","","","","","","","","","","","","","","","","","","","","","","",""
"61328002","LE PIN-AU-HARAS -INRAE",48.735833,0.128167,176,2002111113,0.,1,"","","","","","","","","","","","","","","","","","","","","","","","","","","","","","","","","","",13.6,1,"","","","","","","","","","","","","","","","","","","","","","","","","","","","",69,1,"","","","","","","","","","","","","","","","","","","","","","","","","","","","","","","","","","","","","","","","","","","","","","","","","","","","","","","","","","","","","","","","","","","","","","","","","","","","","","","","","","","","","","","","","","","","","","","","","","",114,1,"","","","","","","","","","","","","","","","","","","","","","","","","","","","","",""
"61328002","LE PIN-AU-HARAS -INRAE",48.735833,0.128167,176,2002111114,0.,1,"","","","","","","","","","","","","","","","","","","","","","","","","","","","","","","","","","",12.8,1,"","","","","","","","","","","","","","","","","","","","","","","","","","","","",71,1,"","","","","","","","","","","","","","","","","","","","","","","","","","","","","","","","","","","","","","","","","","","","","","","","","","","","","","","","","","","","","","","","","","","","","","","","","","","","","","","","","","","","","","","","","","","","","","","","","","",64,1,"","","","","","","","","","","","","","","","","","","","","","","","","","","","","",""
"61328002","LE PIN-AU-HARAS -INRAE",48.735833,0.128167,176,2002111115,0.,1,"","","","","","","","","","","","","","","","","","","","","","","","","","","","","","","","","","",12.9,1,"","","","","","","","","","","","","","","","","","","","","","","","","","","","",68,1,"","","","","","","","","","","","","","","","","","","","","","","","","","","","","","","","","","","","","","","","","","","","","","","","","","","","","","","","","","","","","","","","","","","","","","","","","","","","","","","","","","","","","","","","","","","","","","","","","","",68,1,"","","","","","","","","","","","","","","","","","","","","","","","","","","","","",""
"61328002","LE PIN-AU-HARAS -INRAE",48.735833,0.128167,176,2002111116,0.,1,"","","","","","","","","","","","","","","","","","","","","","","","","","","","","","","","","","",12.4,1,"","","","","","","","","","","","","","","","","","","","","","","","","","","","",70,1,"","","","","","","","","","","","","","","","","","","","","","","","","","","","","","","","","","","","","","","","","","","","","","","","","","","","","","","","","","","","","","","","","","","","","","","","","","","","","","","","","","","","","","","","","","","","","","","","","","",32,1,"","","","","","","","","","","","","","","","","","","","","","","","","","","","","",""
"61328002","LE PIN-AU-HARAS -INRAE",48.735833,0.128167,176,2002111117,0.,1,"","","","","","","","","","","","","","","","","","","","","","","","","","","","","","","","","","",9.2,1,"","","","","","","","","","","","","","","","","","","","","","","","","","","","",80,1,"","","","","","","","","","","","","","","","","","","","","","","","","","","","","","","","","","","","","","","","","","","","","","","","","","","","","","","","","","","","","","","","","","","","","","","","","","","","","","","","","","","","","","","","","","","","","","","","","","",0,1,"","","","","","","","","","","","","","","","","","","","","","","","","","","","","",""
"61328002","LE PIN-AU-HARAS -INRAE",48.735833,0.128167,176,2002111118,0.,1,"","","","","","","","","","","","","","","","","","","","","","","","","","","","","","","","","","",7.1,1,"","","","","","","","","","","","","","","","","","","","","","","","","","","","",91,1,"","","","","","","","","","","","","","","","","","","","","","","","","","","","","","","","","","","","","","","","","","","","","","","","","","","","","","","","","","","","","","","","","","","","","","","","","","","","","","","","","","","","","","","","","","","","","","","","","","",0,1,"","","","","","","","","","","","","","","","","","","","","","","","","","","","","",""
"61328002","LE PIN-AU-HARAS -INRAE",48.735833,0.128167,176,2002111119,0.,1,"","","","","","","","","","","","","","","","","","","","","","","","","","","","","","","","","","",7.,1,"","","","","","","","","","","","","","","","","","","","","","","","","","","","",96,1,"","","","","","","","","","","","","","","","","","","","","","","","","","","","","","","","","","","","","","","","","","","","","","","","","","","","","","","","","","","","","","","","","","","","","","","","","","","","","","","","","","","","","","","","","","","","","","","","","","",0,1,"","","","","","","","","","","","","","","","","","","","","","","","","","","","","",""
"61328002","LE PIN-AU-HARAS -INRAE",48.735833,0.128167,176,2002111120,0.,1,"","","","","","","","","","","","","","","","","","","","","","","","","","","","","","","","","","",6.,1,"","","","","","","","","","","","","","","","","","","","","","","","","","","","",97,1,"","","","","","","","","","","","","","","","","","","","","","","","","","","","","","","","","","","","","","","","","","","","","","","","","","","","","","","","","","","","","","","","","","","","","","","","","","","","","","","","","","","","","","","","","","","","","","","","","","",0,1,"","","","","","","","","","","","","","","","","","","","","","","","","","","","","",""
"61328002","LE PIN-AU-HARAS -INRAE",48.735833,0.128167,176,2002111121,0.,1,"","","","","","","","","","","","","","","","","","","","","","","","","","","","","","","","","","",6.2,1,"","","","","","","","","","","","","","","","","","","","","","","","","","","","",98,1,"","","","","","","","","","","","","","","","","","","","","","","","","","","","","","","","","","","","","","","","","","","","","","","","","","","","","","","","","","","","","","","","","","","","","","","","","","","","","","","","","","","","","","","","","","","","","","","","","","",0,1,"","","","","","","","","","","","","","","","","","","","","","","","","","","","","",""
"61328002","LE PIN-AU-HARAS -INRAE",48.735833,0.128167,176,2002111122,0.,1,"","","","","","","","","","","","","","","","","","","","","","","","","","","","","","","","","","",6.3,1,"","","","","","","","","","","","","","","","","","","","","","","","","","","","",99,1,"","","","","","","","","","","","","","","","","","","","","","","","","","","","","","","","","","","","","","","","","","","","","","","","","","","","","","","","","","","","","","","","","","","","","","","","","","","","","","","","","","","","","","","","","","","","","","","","","","",0,1,"","","","","","","","","","","","","","","","","","","","","","","","","","","","","",""
"61328002","LE PIN-AU-HARAS -INRAE",48.735833,0.128167,176,2002111123,0.,1,"","","","","","","","","","","","","","","","","","","","","","","","","","","","","","","","","","",7.8,1,"","","","","","","","","","","","","","","","","","","","","","","","","","","","",100,1,"","","","","","","","","","","","","","","","","","","","","","","","","","","","","","","","","","","","","","","","","","","","","","","","","","","","","","","","","","","","","","","","","","","","","","","","","","","","","","","","","","","","","","","","","","","","","","","","","","",0,1,"","","","","","","","","","","","","","","","","","","","","","","","","","","","","",""
"61328002","LE PIN-AU-HARAS -INRAE",48.735833,0.128167,176,2002111200,0.,1,"","","","","","","","","","","","","","","","","","","","","","","","","","","","","","","","","","",9.2,1,"","","","","","","","","","","","","","","","","","","","","","","","","","","","",100,1,"","","","","","","","","","","","","","","","","","","","","","","","","","","","","","","","","","","","","","","","","","","","","","","","","","","","","","","","","","","","","","","","","","","","","","","","","","","","","","","","","","","","","","","","","","","","","","","","","","",0,1,"","","","","","","","","","","","","","","","","","","","","","","","","","","","","",""
"61328002","LE PIN-AU-HARAS -INRAE",48.735833,0.128167,176,2002111201,0.,1,"","","","","","","","","","","","","","","","","","","","","","","","","","","","","","","","","","",8.5,1,"","","","","","","","","","","","","","","","","","","","","","","","","","","","",97,1,"","","","","","","","","","","","","","","","","","","","","","","","","","","","","","","","","","","","","","","","","","","","","","","","","","","","","","","","","","","","","","","","","","","","","","","","","","","","","","","","","","","","","","","","","","","","","","","","","","",0,1,"","","","","","","","","","","","","","","","","","","","","","","","","","","","","",""
"61328002","LE PIN-AU-HARAS -INRAE",48.735833,0.128167,176,2002111202,0.,1,"","","","","","","","","","","","","","","","","","","","","","","","","","","","","","","","","","",9.,1,"","","","","","","","","","","","","","","","","","","","","","","","","","","","",98,1,"","","","","","","","","","","","","","","","","","","","","","","","","","","","","","","","","","","","","","","","","","","","","","","","","","","","","","","","","","","","","","","","","","","","","","","","","","","","","","","","","","","","","","","","","","","","","","","","","","",0,1,"","","","","","","","","","","","","","","","","","","","","","","","","","","","","",""
"61328002","LE PIN-AU-HARAS -INRAE",48.735833,0.128167,176,2002111203,0.,1,"","","","","","","","","","","","","","","","","","","","","","","","","","","","","","","","","","",8.9,1,"","","","","","","","","","","","","","","","","","","","","","","","","","","","",98,1,"","","","","","","","","","","","","","","","","","","","","","","","","","","","","","","","","","","","","","","","","","","","","","","","","","","","","","","","","","","","","","","","","","","","","","","","","","","","","","","","","","","","","","","","","","","","","","","","","","",0,1,"","","","","","","","","","","","","","","","","","","","","","","","","","","","","",""
"61328002","LE PIN-AU-HARAS -INRAE",48.735833,0.128167,176,2002111204,0.,1,"","","","","","","","","","","","","","","","","","","","","","","","","","","","","","","","","","",9.5,1,"","","","","","","","","","","","","","","","","","","","","","","","","","","","",98,1,"","","","","","","","","","","","","","","","","","","","","","","","","","","","","","","","","","","","","","","","","","","","","","","","","","","","","","","","","","","","","","","","","","","","","","","","","","","","","","","","","","","","","","","","","","","","","","","","","","",0,1,"","","","","","","","","","","","","","","","","","","","","","","","","","","","","",""
"61328002","LE PIN-AU-HARAS -INRAE",48.735833,0.128167,176,2002111205,0.,1,"","","","","","","","","","","","","","","","","","","","","","","","","","","","","","","","","","",9.9,1,"","","","","","","","","","","","","","","","","","","","","","","","","","","","",95,1,"","","","","","","","","","","","","","","","","","","","","","","","","","","","","","","","","","","","","","","","","","","","","","","","","","","","","","","","","","","","","","","","","","","","","","","","","","","","","","","","","","","","","","","","","","","","","","","","","","",0,1,"","","","","","","","","","","","","","","","","","","","","","","","","","","","","",""
"61328002","LE PIN-AU-HARAS -INRAE",48.735833,0.128167,176,2002111206,0.,1,"","","","","","","","","","","","","","","","","","","","","","","","","","","","","","","","","","",10.1,1,"","","","","","","","","","","","","","","","","","","","","","","","","","","","",94,1,"","","","","","","","","","","","","","","","","","","","","","","","","","","","","","","","","","","","","","","","","","","","","","","","","","","","","","","","","","","","","","","","","","","","","","","","","","","","","","","","","","","","","","","","","","","","","","","","","","",0,1,"","","","","","","","","","","","","","","","","","","","","","","","","","","","","",""
"61328002","LE PIN-AU-HARAS -INRAE",48.735833,0.128167,176,2002111207,0.,1,"","","","","","","","","","","","","","","","","","","","","","","","","","","","","","","","","","",9.7,1,"","","","","","","","","","","","","","","","","","","","","","","","","","","","",94,1,"","","","","","","","","","","","","","","","","","","","","","","","","","","","","","","","","","","","","","","","","","","","","","","","","","","","","","","","","","","","","","","","","","","","","","","","","","","","","","","","","","","","","","","","","","","","","","","","","","",0,1,"","","","","","","","","","","","","","","","","","","","","","","","","","","","","",""
"61328002","LE PIN-AU-HARAS -INRAE",48.735833,0.128167,176,2002111208,0.,1,"","","","","","","","","","","","","","","","","","","","","","","","","","","","","","","","","","",10.2,1,"","","","","","","","","","","","","","","","","","","","","","","","","","","","",92,1,"","","","","","","","","","","","","","","","","","","","","","","","","","","","","","","","","","","","","","","","","","","","","","","","","","","","","","","","","","","","","","","","","","","","","","","","","","","","","","","","","","","","","","","","","","","","","","","","","","",10,1,"","","","","","","","","","","","","","","","","","","","","","","","","","","","","",""
"61328002","LE PIN-AU-HARAS -INRAE",48.735833,0.128167,176,2002111209,0.,1,"","","","","","","","","","","","","","","","","","","","","","","","","","","","","","","","","","",10.8,1,"","","","","","","","","","","","","","","","","","","","","","","","","","","","",90,1,"","","","","","","","","","","","","","","","","","","","","","","","","","","","","","","","","","","","","","","","","","","","","","","","","","","","","","","","","","","","","","","","","","","","","","","","","","","","","","","","","","","","","","","","","","","","","","","","","","",26,1,"","","","","","","","","","","","","","","","","","","","","","","","","","","","","",""
"61328002","LE PIN-AU-HARAS -INRAE",48.735833,0.128167,176,2002111210,0.,1,"","","","","","","","","","","","","","","","","","","","","","","","","","","","","","","","","","",11.3,1,"","","","","","","","","","","","","","","","","","","","","","","","","","","","",88,1,"","","","","","","","","","","","","","","","","","","","","","","","","","","","","","","","","","","","","","","","","","","","","","","","","","","","","","","","","","","","","","","","","","","","","","","","","","","","","","","","","","","","","","","","","","","","","","","","","","",38,1,"","","","","","","","","","","","","","","","","","","","","","","","","","","","","",""
"61328002","LE PIN-AU-HARAS -INRAE",48.735833,0.128167,176,2002111211,0.,1,"","","","","","","","","","","","","","","","","","","","","","","","","","","","","","","","","","",11.1,1,"","","","","","","","","","","","","","","","","","","","","","","","","","","","",90,1,"","","","","","","","","","","","","","","","","","","","","","","","","","","","","","","","","","","","","","","","","","","","","","","","","","","","","","","","","","","","","","","","","","","","","","","","","","","","","","","","","","","","","","","","","","","","","","","","","","",30,1,"","","","","","","","","","","","","","","","","","","","","","","","","","","","","",""
"61328002","LE PIN-AU-HARAS -INRAE",48.735833,0.128167,176,2002111212,0.,1,"","","","","","","","","","","","","","","","","","","","","","","","","","","","","","","","","","",11.1,1,"","","","","","","","","","","","","","","","","","","","","","","","","","","","",92,1,"","","","","","","","","","","","","","","","","","","","","","","","","","","","","","","","","","","","","","","","","","","","","","","","","","","","","","","","","","","","","","","","","","","","","","","","","","","","","","","","","","","","","","","","","","","","","","","","","","",22,1,"","","","","","","","","","","","","","","","","","","","","","","","","","","","","",""
"61328002","LE PIN-AU-HARAS -INRAE",48.735833,0.128167,176,2002111213,0.,1,"","","","","","","","","","","","","","","","","","","","","","","","","","","","","","","","","","",11.7,1,"","","","","","","","","","","","","","","","","","","","","","","","","","","","",90,1,"","","","","","","","","","","","","","","","","","","","","","","","","","","","","","","","","","","","","","","","","","","","","","","","","","","","","","","","","","","","","","","","","","","","","","","","","","","","","","","","","","","","","","","","","","","","","","","","","","",34,1,"","","","","","","","","","","","","","","","","","","","","","","","","","","","","",""
"61328002","LE PIN-AU-HARAS -INRAE",48.735833,0.128167,176,2002111214,0.,1,"","","","","","","","","","","","","","","","","","","","","","","","","","","","","","","","","","",11.8,1,"","","","","","","","","","","","","","","","","","","","","","","","","","","","",87,1,"","","","","","","","","","","","","","","","","","","","","","","","","","","","","","","","","","","","","","","","","","","","","","","","","","","","","","","","","","","","","","","","","","","","","","","","","","","","","","","","","","","","","","","","","","","","","","","","","","",26,1,"","","","","","","","","","","","","","","","","","","","","","","","","","","","","",""
"61328002","LE PIN-AU-HARAS -INRAE",48.735833,0.128167,176,2002111215,0.,1,"","","","","","","","","","","","","","","","","","","","","","","","","","","","","","","","","","",12.1,1,"","","","","","","","","","","","","","","","","","","","","","","","","","","","",85,1,"","","","","","","","","","","","","","","","","","","","","","","","","","","","","","","","","","","","","","","","","","","","","","","","","","","","","","","","","","","","","","","","","","","","","","","","","","","","","","","","","","","","","","","","","","","","","","","","","","",10,1,"","","","","","","","","","","","","","","","","","","","","","","","","","","","","",""
"61328002","LE PIN-AU-HARAS -INRAE",48.735833,0.128167,176,2002111216,1.,1,"","","","","","","","","","","","","","","","","","","","","","","","","","","","","","","","","","",10.7,1,"","","","","","","","","","","","","","","","","","","","","","","","","","","","",91,1,"","","","","","","","","","","","","","","","","","","","","","","","","","","","","","","","","","","","","","","","","","","","","","","","","","","","","","","","","","","","","","","","","","","","","","","","","","","","","","","","","","","","","","","","","","","","","","","","","","",2,1,"","","","","","","","","","","","","","","","","","","","","","","","","","","","","",""
"61328002","LE PIN-AU-HARAS -INRAE",48.735833,0.128167,176,2002111217,0.,1,"","","","","","","","","","","","","","","","","","","","","","","","","","","","","","","","","","",9.8,1,"","","","","","","","","","","","","","","","","","","","","","","","","","","","",90,1,"","","","","","","","","","","","","","","","","","","","","","","","","","","","","","","","","","","","","","","","","","","","","","","","","","","","","","","","","","","","","","","","","","","","","","","","","","","","","","","","","","","","","","","","","","","","","","","","","","",2,1,"","","","","","","","","","","","","","","","","","","","","","","","","","","","","",""
"61328002","LE PIN-AU-HARAS -INRAE",48.735833,0.128167,176,2002111218,0.,1,"","","","","","","","","","","","","","","","","","","","","","","","","","","","","","","","","","",7.8,1,"","","","","","","","","","","","","","","","","","","","","","","","","","","","",95,1,"","","","","","","","","","","","","","","","","","","","","","","","","","","","","","","","","","","","","","","","","","","","","","","","","","","","","","","","","","","","","","","","","","","","","","","","","","","","","","","","","","","","","","","","","","","","","","","","","","",0,1,"","","","","","","","","","","","","","","","","","","","","","","","","","","","","",""
"61328002","LE PIN-AU-HARAS -INRAE",48.735833,0.128167,176,2002111219,0.,1,"","","","","","","","","","","","","","","","","","","","","","","","","","","","","","","","","","",6.5,1,"","","","","","","","","","","","","","","","","","","","","","","","","","","","",97,1,"","","","","","","","","","","","","","","","","","","","","","","","","","","","","","","","","","","","","","","","","","","","","","","","","","","","","","","","","","","","","","","","","","","","","","","","","","","","","","","","","","","","","","","","","","","","","","","","","","",0,1,"","","","","","","","","","","","","","","","","","","","","","","","","","","","","",""
"61328002","LE PIN-AU-HARAS -INRAE",48.735833,0.128167,176,2002111220,0.,1,"","","","","","","","","","","","","","","","","","","","","","","","","","","","","","","","","","",8.5,1,"","","","","","","","","","","","","","","","","","","","","","","","","","","","",100,1,"","","","","","","","","","","","","","","","","","","","","","","","","","","","","","","","","","","","","","","","","","","","","","","","","","","","","","","","","","","","","","","","","","","","","","","","","","","","","","","","","","","","","","","","","","","","","","","","","","",0,1,"","","","","","","","","","","","","","","","","","","","","","","","","","","","","",""
"61328002","LE PIN-AU-HARAS -INRAE",48.735833,0.128167,176,2002111221,0.,1,"","","","","","","","","","","","","","","","","","","","","","","","","","","","","","","","","","",9.4,1,"","","","","","","","","","","","","","","","","","","","","","","","","","","","",100,1,"","","","","","","","","","","","","","","","","","","","","","","","","","","","","","","","","","","","","","","","","","","","","","","","","","","","","","","","","","","","","","","","","","","","","","","","","","","","","","","","","","","","","","","","","","","","","","","","","","",0,1,"","","","","","","","","","","","","","","","","","","","","","","","","","","","","",""
"61328002","LE PIN-AU-HARAS -INRAE",48.735833,0.128167,176,2002111222,0.,1,"","","","","","","","","","","","","","","","","","","","","","","","","","","","","","","","","","",10.4,1,"","","","","","","","","","","","","","","","","","","","","","","","","","","","",100,1,"","","","","","","","","","","","","","","","","","","","","","","","","","","","","","","","","","","","","","","","","","","","","","","","","","","","","","","","","","","","","","","","","","","","","","","","","","","","","","","","","","","","","","","","","","","","","","","","","","",0,1,"","","","","","","","","","","","","","","","","","","","","","","","","","","","","",""
"61328002","LE PIN-AU-HARAS -INRAE",48.735833,0.128167,176,2002111223,1.,1,"","","","","","","","","","","","","","","","","","","","","","","","","","","","","","","","","","",10.7,1,"","","","","","","","","","","","","","","","","","","","","","","","","","","","",97,1,"","","","","","","","","","","","","","","","","","","","","","","","","","","","","","","","","","","","","","","","","","","","","","","","","","","","","","","","","","","","","","","","","","","","","","","","","","","","","","","","","","","","","","","","","","","","","","","","","","",0,1,"","","","","","","","","","","","","","","","","","","","","","","","","","","","","",""
"61328002","LE PIN-AU-HARAS -INRAE",48.735833,0.128167,176,2002111300,3.,1,"","","","","","","","","","","","","","","","","","","","","","","","","","","","","","","","","","",9.9,1,"","","","","","","","","","","","","","","","","","","","","","","","","","","","",95,1,"","","","","","","","","","","","","","","","","","","","","","","","","","","","","","","","","","","","","","","","","","","","","","","","","","","","","","","","","","","","","","","","","","","","","","","","","","","","","","","","","","","","","","","","","","","","","","","","","","",0,1,"","","","","","","","","","","","","","","","","","","","","","","","","","","","","",""
"61328002","LE PIN-AU-HARAS -INRAE",48.735833,0.128167,176,2002111301,2.,1,"","","","","","","","","","","","","","","","","","","","","","","","","","","","","","","","","","",9.9,1,"","","","","","","","","","","","","","","","","","","","","","","","","","","","",97,1,"","","","","","","","","","","","","","","","","","","","","","","","","","","","","","","","","","","","","","","","","","","","","","","","","","","","","","","","","","","","","","","","","","","","","","","","","","","","","","","","","","","","","","","","","","","","","","","","","","",0,1,"","","","","","","","","","","","","","","","","","","","","","","","","","","","","",""
"61328002","LE PIN-AU-HARAS -INRAE",48.735833,0.128167,176,2002111302,1.,1,"","","","","","","","","","","","","","","","","","","","","","","","","","","","","","","","","","",9.9,1,"","","","","","","","","","","","","","","","","","","","","","","","","","","","",97,1,"","","","","","","","","","","","","","","","","","","","","","","","","","","","","","","","","","","","","","","","","","","","","","","","","","","","","","","","","","","","","","","","","","","","","","","","","","","","","","","","","","","","","","","","","","","","","","","","","","",0,1,"","","","","","","","","","","","","","","","","","","","","","","","","","","","","",""
"61328002","LE PIN-AU-HARAS -INRAE",48.735833,0.128167,176,2002111303,2.,1,"","","","","","","","","","","","","","","","","","","","","","","","","","","","","","","","","","",9.7,1,"","","","","","","","","","","","","","","","","","","","","","","","","","","","",96,1,"","","","","","","","","","","","","","","","","","","","","","","","","","","","","","","","","","","","","","","","","","","","","","","","","","","","","","","","","","","","","","","","","","","","","","","","","","","","","","","","","","","","","","","","","","","","","","","","","","",0,1,"","","","","","","","","","","","","","","","","","","","","","","","","","","","","",""
"61328002","LE PIN-AU-HARAS -INRAE",48.735833,0.128167,176,2002111304,2.5,1,"","","","","","","","","","","","","","","","","","","","","","","","","","","","","","","","","","",9.6,1,"","","","","","","","","","","","","","","","","","","","","","","","","","","","",91,1,"","","","","","","","","","","","","","","","","","","","","","","","","","","","","","","","","","","","","","","","","","","","","","","","","","","","","","","","","","","","","","","","","","","","","","","","","","","","","","","","","","","","","","","","","","","","","","","","","","",0,1,"","","","","","","","","","","","","","","","","","","","","","","","","","","","","",""
"61328002","LE PIN-AU-HARAS -INRAE",48.735833,0.128167,176,2002111305,0.,1,"","","","","","","","","","","","","","","","","","","","","","","","","","","","","","","","","","",9.1,1,"","","","","","","","","","","","","","","","","","","","","","","","","","","","",92,1,"","","","","","","","","","","","","","","","","","","","","","","","","","","","","","","","","","","","","","","","","","","","","","","","","","","","","","","","","","","","","","","","","","","","","","","","","","","","","","","","","","","","","","","","","","","","","","","","","","",0,1,"","","","","","","","","","","","","","","","","","","","","","","","","","","","","",""
"61328002","LE PIN-AU-HARAS -INRAE",48.735833,0.128167,176,2002111306,0.,1,"","","","","","","","","","","","","","","","","","","","","","","","","","","","","","","","","","",9.8,1,"","","","","","","","","","","","","","","","","","","","","","","","","","","","",87,1,"","","","","","","","","","","","","","","","","","","","","","","","","","","","","","","","","","","","","","","","","","","","","","","","","","","","","","","","","","","","","","","","","","","","","","","","","","","","","","","","","","","","","","","","","","","","","","","","","","",0,1,"","","","","","","","","","","","","","","","","","","","","","","","","","","","","",""
"61328002","LE PIN-AU-HARAS -INRAE",48.735833,0.128167,176,2002111307,0.,1,"","","","","","","","","","","","","","","","","","","","","","","","","","","","","","","","","","",9.5,1,"","","","","","","","","","","","","","","","","","","","","","","","","","","","",86,1,"","","","","","","","","","","","","","","","","","","","","","","","","","","","","","","","","","","","","","","","","","","","","","","","","","","","","","","","","","","","","","","","","","","","","","","","","","","","","","","","","","","","","","","","","","","","","","","","","","",0,1,"","","","","","","","","","","","","","","","","","","","","","","","","","","","","",""
"61328002","LE PIN-AU-HARAS -INRAE",48.735833,0.128167,176,2002111308,0.,1,"","","","","","","","","","","","","","","","","","","","","","","","","","","","","","","","","","",9.4,1,"","","","","","","","","","","","","","","","","","","","","","","","","","","","",83,1,"","","","","","","","","","","","","","","","","","","","","","","","","","","","","","","","","","","","","","","","","","","","","","","","","","","","","","","","","","","","","","","","","","","","","","","","","","","","","","","","","","","","","","","","","","","","","","","","","","",6,1,"","","","","","","","","","","","","","","","","","","","","","","","","","","","","",""
"61328002","LE PIN-AU-HARAS -INRAE",48.735833,0.128167,176,2002111309,0.,1,"","","","","","","","","","","","","","","","","","","","","","","","","","","","","","","","","","",9.3,1,"","","","","","","","","","","","","","","","","","","","","","","","","","","","",80,1,"","","","","","","","","","","","","","","","","","","","","","","","","","","","","","","","","","","","","","","","","","","","","","","","","","","","","","","","","","","","","","","","","","","","","","","","","","","","","","","","","","","","","","","","","","","","","","","","","","",26,1,"","","","","","","","","","","","","","","","","","","","","","","","","","","","","",""
"61328002","LE PIN-AU-HARAS -INRAE",48.735833,0.128167,176,2002111310,0.,1,"","","","","","","","","","","","","","","","","","","","","","","","","","","","","","","","","","",9.9,1,"","","","","","","","","","","","","","","","","","","","","","","","","","","","",77,1,"","","","","","","","","","","","","","","","","","","","","","","","","","","","","","","","","","","","","","","","","","","","","","","","","","","","","","","","","","","","","","","","","","","","","","","","","","","","","","","","","","","","","","","","","","","","","","","","","","",56,1,"","","","","","","","","","","","","","","","","","","","","","","","","","","","","",""
"61328002","LE PIN-AU-HARAS -INRAE",48.735833,0.128167,176,2002111311,0.,1,"","","","","","","","","","","","","","","","","","","","","","","","","","","","","","","","","","",11.6,1,"","","","","","","","","","","","","","","","","","","","","","","","","","","","",72,1,"","","","","","","","","","","","","","","","","","","","","","","","","","","","","","","","","","","","","","","","","","","","","","","","","","","","","","","","","","","","","","","","","","","","","","","","","","","","","","","","","","","","","","","","","","","","","","","","","","",94,1,"","","","","","","","","","","","","","","","","","","","","","","","","","","","","",""
"61328002","LE PIN-AU-HARAS -INRAE",48.735833,0.128167,176,2002111312,0.,1,"","","","","","","","","","","","","","","","","","","","","","","","","","","","","","","","","","",11.9,1,"","","","","","","","","","","","","","","","","","","","","","","","","","","","",75,1,"","","","","","","","","","","","","","","","","","","","","","","","","","","","","","","","","","","","","","","","","","","","","","","","","","","","","","","","","","","","","","","","","","","","","","","","","","","","","","","","","","","","","","","","","","","","","","","","","","",84,1,"","","","","","","","","","","","","","","","","","","","","","","","","","","","","",""
"61328002","LE PIN-AU-HARAS -INRAE",48.735833,0.128167,176,2002111313,0.,1,"","","","","","","","","","","","","","","","","","","","","","","","","","","","","","","","","","",12.,1,"","","","","","","","","","","","","","","","","","","","","","","","","","","","",71,1,"","","","","","","","","","","","","","","","","","","","","","","","","","","","","","","","","","","","","","","","","","","","","","","","","","","","","","","","","","","","","","","","","","","","","","","","","","","","","","","","","","","","","","","","","","","","","","","","","","",120,1,"","","","","","","","","","","","","","","","","","","","","","","","","","","","","",""
"61328002","LE PIN-AU-HARAS -INRAE",48.735833,0.128167,176,2002111314,0.,1,"","","","","","","","","","","","","","","","","","","","","","","","","","","","","","","","","","",12.3,1,"","","","","","","","","","","","","","","","","","","","","","","","","","","","",75,1,"","","","","","","","","","","","","","","","","","","","","","","","","","","","","","","","","","","","","","","","","","","","","","","","","","","","","","","","","","","","","","","","","","","","","","","","","","","","","","","","","","","","","","","","","","","","","","","","","","",88,1,"","","","","","","","","","","","","","","","","","","","","","","","","","","","","",""
"61328002","LE PIN-AU-HARAS -INRAE",48.735833,0.128167,176,2002111315,0.,1,"","","","","","","","","","","","","","","","","","","","","","","","","","","","","","","","","","",12.2,1,"","","","","","","","","","","","","","","","","","","","","","","","","","","","",75,1,"","","","","","","","","","","","","","","","","","","","","","","","","","","","","","","","","","","","","","","","","","","","","","","","","","","","","","","","","","","","","","","","","","","","","","","","","","","","","","","","","","","","","","","","","","","","","","","","","","",60,1,"","","","","","","","","","","","","","","","","","","","","","","","","","","","","",""
"61328002","LE PIN-AU-HARAS -INRAE",48.735833,0.128167,176,2002111316,0.,1,"","","","","","","","","","","","","","","","","","","","","","","","","","","","","","","","","","",11.3,1,"","","","","","","","","","","","","","","","","","","","","","","","","","","","",81,1,"","","","","","","","","","","","","","","","","","","","","","","","","","","","","","","","","","","","","","","","","","","","","","","","","","","","","","","","","","","","","","","","","","","","","","","","","","","","","","","","","","","","","","","","","","","","","","","","","","",12,1,"","","","","","","","","","","","","","","","","","","","","","","","","","","","","",""
"61328002","LE PIN-AU-HARAS -INRAE",48.735833,0.128167,176,2002111317,0.,1,"","","","","","","","","","","","","","","","","","","","","","","","","","","","","","","","","","",10.9,1,"","","","","","","","","","","","","","","","","","","","","","","","","","","","",86,1,"","","","","","","","","","","","","","","","","","","","","","","","","","","","","","","","","","","","","","","","","","","","","","","","","","","","","","","","","","","","","","","","","","","","","","","","","","","","","","","","","","","","","","","","","","","","","","","","","","",0,1,"","","","","","","","","","","","","","","","","","","","","","","","","","","","","",""
"61328002","LE PIN-AU-HARAS -INRAE",48.735833,0.128167,176,2002111318,1.,1,"","","","","","","","","","","","","","","","","","","","","","","","","","","","","","","","","","",10.6,1,"","","","","","","","","","","","","","","","","","","","","","","","","","","","",91,1,"","","","","","","","","","","","","","","","","","","","","","","","","","","","","","","","","","","","","","","","","","","","","","","","","","","","","","","","","","","","","","","","","","","","","","","","","","","","","","","","","","","","","","","","","","","","","","","","","","",0,1,"","","","","","","","","","","","","","","","","","","","","","","","","","","","","",""
"61328002","LE PIN-AU-HARAS -INRAE",48.735833,0.128167,176,2002111319,0.5,1,"","","","","","","","","","","","","","","","","","","","","","","","","","","","","","","","","","",11.,1,"","","","","","","","","","","","","","","","","","","","","","","","","","","","",83,1,"","","","","","","","","","","","","","","","","","","","","","","","","","","","","","","","","","","","","","","","","","","","","","","","","","","","","","","","","","","","","","","","","","","","","","","","","","","","","","","","","","","","","","","","","","","","","","","","","","",0,1,"","","","","","","","","","","","","","","","","","","","","","","","","","","","","",""
"61328002","LE PIN-AU-HARAS -INRAE",48.735833,0.128167,176,2002111320,0.,1,"","","","","","","","","","","","","","","","","","","","","","","","","","","","","","","","","","",11.5,1,"","","","","","","","","","","","","","","","","","","","","","","","","","","","",72,1,"","","","","","","","","","","","","","","","","","","","","","","","","","","","","","","","","","","","","","","","","","","","","","","","","","","","","","","","","","","","","","","","","","","","","","","","","","","","","","","","","","","","","","","","","","","","","","","","","","",0,1,"","","","","","","","","","","","","","","","","","","","","","","","","","","","","",""
"61328002","LE PIN-AU-HARAS -INRAE",48.735833,0.128167,176,2002111321,0.,1,"","","","","","","","","","","","","","","","","","","","","","","","","","","","","","","","","","",11.5,1,"","","","","","","","","","","","","","","","","","","","","","","","","","","","",70,1,"","","","","","","","","","","","","","","","","","","","","","","","","","","","","","","","","","","","","","","","","","","","","","","","","","","","","","","","","","","","","","","","","","","","","","","","","","","","","","","","","","","","","","","","","","","","","","","","","","",0,1,"","","","","","","","","","","","","","","","","","","","","","","","","","","","","",""
"61328002","LE PIN-AU-HARAS -INRAE",48.735833,0.128167,176,2002111322,0.5,1,"","","","","","","","","","","","","","","","","","","","","","","","","","","","","","","","","","",10.,1,"","","","","","","","","","","","","","","","","","","","","","","","","","","","",84,1,"","","","","","","","","","","","","","","","","","","","","","","","","","","","","","","","","","","","","","","","","","","","","","","","","","","","","","","","","","","","","","","","","","","","","","","","","","","","","","","","","","","","","","","","","","","","","","","","","","",0,1,"","","","","","","","","","","","","","","","","","","","","","","","","","","","","",""
"61328002","LE PIN-AU-HARAS -INRAE",48.735833,0.128167,176,2002111323,0.5,1,"","","","","","","","","","","","","","","","","","","","","","","","","","","","","","","","","","",11.9,1,"","","","","","","","","","","","","","","","","","","","","","","","","","","","",73,1,"","","","","","","","","","","","","","","","","","","","","","","","","","","","","","","","","","","","","","","","","","","","","","","","","","","","","","","","","","","","","","","","","","","","","","","","","","","","","","","","","","","","","","","","","","","","","","","","","","",0,1,"","","","","","","","","","","","","","","","","","","","","","","","","","","","","",""
"61328002","LE PIN-AU-HARAS -INRAE",48.735833,0.128167,176,2002111400,0.,1,"","","","","","","","","","","","","","","","","","","","","","","","","","","","","","","","","","",12.9,1,"","","","","","","","","","","","","","","","","","","","","","","","","","","","",68,1,"","","","","","","","","","","","","","","","","","","","","","","","","","","","","","","","","","","","","","","","","","","","","","","","","","","","","","","","","","","","","","","","","","","","","","","","","","","","","","","","","","","","","","","","","","","","","","","","","","",0,1,"","","","","","","","","","","","","","","","","","","","","","","","","","","","","",""
"61328002","LE PIN-AU-HARAS -INRAE",48.735833,0.128167,176,2002111401,0.5,1,"","","","","","","","","","","","","","","","","","","","","","","","","","","","","","","","","","",10.5,1,"","","","","","","","","","","","","","","","","","","","","","","","","","","","",91,1,"","","","","","","","","","","","","","","","","","","","","","","","","","","","","","","","","","","","","","","","","","","","","","","","","","","","","","","","","","","","","","","","","","","","","","","","","","","","","","","","","","","","","","","","","","","","","","","","","","",0,1,"","","","","","","","","","","","","","","","","","","","","","","","","","","","","",""
"61328002","LE PIN-AU-HARAS -INRAE",48.735833,0.128167,176,2002111402,0.5,1,"","","","","","","","","","","","","","","","","","","","","","","","","","","","","","","","","","",9.9,1,"","","","","","","","","","","","","","","","","","","","","","","","","","","","",80,1,"","","","","","","","","","","","","","","","","","","","","","","","","","","","","","","","","","","","","","","","","","","","","","","","","","","","","","","","","","","","","","","","","","","","","","","","","","","","","","","","","","","","","","","","","","","","","","","","","","",0,1,"","","","","","","","","","","","","","","","","","","","","","","","","","","","","",""
"61328002","LE PIN-AU-HARAS -INRAE",48.735833,0.128167,176,2002111403,0.,1,"","","","","","","","","","","","","","","","","","","","","","","","","","","","","","","","","","",9.,1,"","","","","","","","","","","","","","","","","","","","","","","","","","","","",77,1,"","","","","","","","","","","","","","","","","","","","","","","","","","","","","","","","","","","","","","","","","","","","","","","","","","","","","","","","","","","","","","","","","","","","","","","","","","","","","","","","","","","","","","","","","","","","","","","","","","",0,1,"","","","","","","","","","","","","","","","","","","","","","","","","","","","","",""
"61328002","LE PIN-AU-HARAS -INRAE",48.735833,0.128167,176,2002111404,0.,1,"","","","","","","","","","","","","","","","","","","","","","","","","","","","","","","","","","",9.4,1,"","","","","","","","","","","","","","","","","","","","","","","","","","","","",79,1,"","","","","","","","","","","","","","","","","","","","","","","","","","","","","","","","","","","","","","","","","","","","","","","","","","","","","","","","","","","","","","","","","","","","","","","","","","","","","","","","","","","","","","","","","","","","","","","","","","",0,1,"","","","","","","","","","","","","","","","","","","","","","","","","","","","","",""
"61328002","LE PIN-AU-HARAS -INRAE",48.735833,0.128167,176,2002111405,0.,1,"","","","","","","","","","","","","","","","","","","","","","","","","","","","","","","","","","",9.,1,"","","","","","","","","","","","","","","","","","","","","","","","","","","","",80,1,"","","","","","","","","","","","","","","","","","","","","","","","","","","","","","","","","","","","","","","","","","","","","","","","","","","","","","","","","","","","","","","","","","","","","","","","","","","","","","","","","","","","","","","","","","","","","","","","","","",0,1,"","","","","","","","","","","","","","","","","","","","","","","","","","","","","",""
"61328002","LE PIN-AU-HARAS -INRAE",48.735833,0.128167,176,2002111406,0.,1,"","","","","","","","","","","","","","","","","","","","","","","","","","","","","","","","","","",8.8,1,"","","","","","","","","","","","","","","","","","","","","","","","","","","","",85,1,"","","","","","","","","","","","","","","","","","","","","","","","","","","","","","","","","","","","","","","","","","","","","","","","","","","","","","","","","","","","","","","","","","","","","","","","","","","","","","","","","","","","","","","","","","","","","","","","","","",0,1,"","","","","","","","","","","","","","","","","","","","","","","","","","","","","",""
"61328002","LE PIN-AU-HARAS -INRAE",48.735833,0.128167,176,2002111407,0.,1,"","","","","","","","","","","","","","","","","","","","","","","","","","","","","","","","","","",8.2,1,"","","","","","","","","","","","","","","","","","","","","","","","","","","","",85,1,"","","","","","","","","","","","","","","","","","","","","","","","","","","","","","","","","","","","","","","","","","","","","","","","","","","","","","","","","","","","","","","","","","","","","","","","","","","","","","","","","","","","","","","","","","","","","","","","","","",0,1,"","","","","","","","","","","","","","","","","","","","","","","","","","","","","",""
"61328002","LE PIN-AU-HARAS -INRAE",48.735833,0.128167,176,2002111408,0.,1,"","","","","","","","","","","","","","","","","","","","","","","","","","","","","","","","","","",8.7,1,"","","","","","","","","","","","","","","","","","","","","","","","","","","","",83,1,"","","","","","","","","","","","","","","","","","","","","","","","","","","","","","","","","","","","","","","","","","","","","","","","","","","","","","","","","","","","","","","","","","","","","","","","","","","","","","","","","","","","","","","","","","","","","","","","","","",4,1,"","","","","","","","","","","","","","","","","","","","","","","","","","","","","",""
"61328002","LE PIN-AU-HARAS -INRAE",48.735833,0.128167,176,2002111409,0.,1,"","","","","","","","","","","","","","","","","","","","","","","","","","","","","","","","","","",9.9,1,"","","","","","","","","","","","","","","","","","","","","","","","","","","","",78,1,"","","","","","","","","","","","","","","","","","","","","","","","","","","","","","","","","","","","","","","","","","","","","","","","","","","","","","","","","","","","","","","","","","","","","","","","","","","","","","","","","","","","","","","","","","","","","","","","","","",34,1,"","","","","","","","","","","","","","","","","","","","","","","","","","","","","",""
"61328002","LE PIN-AU-HARAS -INRAE",48.735833,0.128167,176,2002111410,0.,1,"","","","","","","","","","","","","","","","","","","","","","","","","","","","","","","","","","",10.8,1,"","","","","","","","","","","","","","","","","","","","","","","","","","","","",74,1,"","","","","","","","","","","","","","","","","","","","","","","","","","","","","","","","","","","","","","","","","","","","","","","","","","","","","","","","","","","","","","","","","","","","","","","","","","","","","","","","","","","","","","","","","","","","","","","","","","",70,1,"","","","","","","","","","","","","","","","","","","","","","","","","","","","","",""
"61328002","LE PIN-AU-HARAS -INRAE",48.735833,0.128167,176,2002111411,0.,1,"","","","","","","","","","","","","","","","","","","","","","","","","","","","","","","","","","",11.2,1,"","","","","","","","","","","","","","","","","","","","","","","","","","","","",70,1,"","","","","","","","","","","","","","","","","","","","","","","","","","","","","","","","","","","","","","","","","","","","","","","","","","","","","","","","","","","","","","","","","","","","","","","","","","","","","","","","","","","","","","","","","","","","","","","","","","",78,1,"","","","","","","","","","","","","","","","","","","","","","","","","","","","","",""
"61328002","LE PIN-AU-HARAS -INRAE",48.735833,0.128167,176,2002111412,0.,1,"","","","","","","","","","","","","","","","","","","","","","","","","","","","","","","","","","",12.4,1,"","","","","","","","","","","","","","","","","","","","","","","","","","","","",68,1,"","","","","","","","","","","","","","","","","","","","","","","","","","","","","","","","","","","","","","","","","","","","","","","","","","","","","","","","","","","","","","","","","","","","","","","","","","","","","","","","","","","","","","","","","","","","","","","","","","",100,1,"","","","","","","","","","","","","","","","","","","","","","","","","","","","","",""
"61328002","LE PIN-AU-HARAS -INRAE",48.735833,0.128167,176,2002111413,0.,1,"","","","","","","","","","","","","","","","","","","","","","","","","","","","","","","","","","",12.2,1,"","","","","","","","","","","","","","","","","","","","","","","","","","","","",68,1,"","","","","","","","","","","","","","","","","","","","","","","","","","","","","","","","","","","","","","","","","","","","","","","","","","","","","","","","","","","","","","","","","","","","","","","","","","","","","","","","","","","","","","","","","","","","","","","","","","",100,1,"","","","","","","","","","","","","","","","","","","","","","","","","","","","","",""
"61328002","LE PIN-AU-HARAS -INRAE",48.735833,0.128167,176,2002111414,0.,1,"","","","","","","","","","","","","","","","","","","","","","","","","","","","","","","","","","",12.,1,"","","","","","","","","","","","","","","","","","","","","","","","","","","","",65,1,"","","","","","","","","","","","","","","","","","","","","","","","","","","","","","","","","","","","","","","","","","","","","","","","","","","","","","","","","","","","","","","","","","","","","","","","","","","","","","","","","","","","","","","","","","","","","","","","","","",72,1,"","","","","","","","","","","","","","","","","","","","","","","","","","","","","",""
"61328002","LE PIN-AU-HARAS -INRAE",48.735833,0.128167,176,2002111415,0.,1,"","","","","","","","","","","","","","","","","","","","","","","","","","","","","","","","","","",11.6,1,"","","","","","","","","","","","","","","","","","","","","","","","","","","","",68,1,"","","","","","","","","","","","","","","","","","","","","","","","","","","","","","","","","","","","","","","","","","","","","","","","","","","","","","","","","","","","","","","","","","","","","","","","","","","","","","","","","","","","","","","","","","","","","","","","","","",74,1,"","","","","","","","","","","","","","","","","","","","","","","","","","","","","",""
"61328002","LE PIN-AU-HARAS -INRAE",48.735833,0.128167,176,2002111416,0.,1,"","","","","","","","","","","","","","","","","","","","","","","","","","","","","","","","","","",10.2,1,"","","","","","","","","","","","","","","","","","","","","","","","","","","","",75,1,"","","","","","","","","","","","","","","","","","","","","","","","","","","","","","","","","","","","","","","","","","","","","","","","","","","","","","","","","","","","","","","","","","","","","","","","","","","","","","","","","","","","","","","","","","","","","","","","","","",20,1,"","","","","","","","","","","","","","","","","","","","","","","","","","","","","",""
"61328002","LE PIN-AU-HARAS -INRAE",48.735833,0.128167,176,2002111417,0.,1,"","","","","","","","","","","","","","","","","","","","","","","","","","","","","","","","","","",9.,1,"","","","","","","","","","","","","","","","","","","","","","","","","","","","",85,1,"","","","","","","","","","","","","","","","","","","","","","","","","","","","","","","","","","","","","","","","","","","","","","","","","","","","","","","","","","","","","","","","","","","","","","","","","","","","","","","","","","","","","","","","","","","","","","","","","","",0,1,"","","","","","","","","","","","","","","","","","","","","","","","","","","","","",""
"61328002","LE PIN-AU-HARAS -INRAE",48.735833,0.128167,176,2002111418,0.,1,"","","","","","","","","","","","","","","","","","","","","","","","","","","","","","","","","","",9.1,1,"","","","","","","","","","","","","","","","","","","","","","","","","","","","",85,1,"","","","","","","","","","","","","","","","","","","","","","","","","","","","","","","","","","","","","","","","","","","","","","","","","","","","","","","","","","","","","","","","","","","","","","","","","","","","","","","","","","","","","","","","","","","","","","","","","","",0,1,"","","","","","","","","","","","","","","","","","","","","","","","","","","","","",""
"61328002","LE PIN-AU-HARAS -INRAE",48.735833,0.128167,176,2002111419,0.,1,"","","","","","","","","","","","","","","","","","","","","","","","","","","","","","","","","","",8.7,1,"","","","","","","","","","","","","","","","","","","","","","","","","","","","",86,1,"","","","","","","","","","","","","","","","","","","","","","","","","","","","","","","","","","","","","","","","","","","","","","","","","","","","","","","","","","","","","","","","","","","","","","","","","","","","","","","","","","","","","","","","","","","","","","","","","","",0,1,"","","","","","","","","","","","","","","","","","","","","","","","","","","","","",""
"61328002","LE PIN-AU-HARAS -INRAE",48.735833,0.128167,176,2002111420,0.,1,"","","","","","","","","","","","","","","","","","","","","","","","","","","","","","","","","","",8.,1,"","","","","","","","","","","","","","","","","","","","","","","","","","","","",91,1,"","","","","","","","","","","","","","","","","","","","","","","","","","","","","","","","","","","","","","","","","","","","","","","","","","","","","","","","","","","","","","","","","","","","","","","","","","","","","","","","","","","","","","","","","","","","","","","","","","",0,1,"","","","","","","","","","","","","","","","","","","","","","","","","","","","","",""
"61328002","LE PIN-AU-HARAS -INRAE",48.735833,0.128167,176,2002111421,0.,1,"","","","","","","","","","","","","","","","","","","","","","","","","","","","","","","","","","",7.6,1,"","","","","","","","","","","","","","","","","","","","","","","","","","","","",93,1,"","","","","","","","","","","","","","","","","","","","","","","","","","","","","","","","","","","","","","","","","","","","","","","","","","","","","","","","","","","","","","","","","","","","","","","","","","","","","","","","","","","","","","","","","","","","","","","","","","",0,1,"","","","","","","","","","","","","","","","","","","","","","","","","","","","","",""
"61328002","LE PIN-AU-HARAS -INRAE",48.735833,0.128167,176,2002111422,0.,1,"","","","","","","","","","","","","","","","","","","","","","","","","","","","","","","","","","",6.5,1,"","","","","","","","","","","","","","","","","","","","","","","","","","","","",95,1,"","","","","","","","","","","","","","","","","","","","","","","","","","","","","","","","","","","","","","","","","","","","","","","","","","","","","","","","","","","","","","","","","","","","","","","","","","","","","","","","","","","","","","","","","","","","","","","","","","",0,1,"","","","","","","","","","","","","","","","","","","","","","","","","","","","","",""
"61328002","LE PIN-AU-HARAS -INRAE",48.735833,0.128167,176,2002111423,0.,1,"","","","","","","","","","","","","","","","","","","","","","","","","","","","","","","","","","",5.9,1,"","","","","","","","","","","","","","","","","","","","","","","","","","","","",96,1,"","","","","","","","","","","","","","","","","","","","","","","","","","","","","","","","","","","","","","","","","","","","","","","","","","","","","","","","","","","","","","","","","","","","","","","","","","","","","","","","","","","","","","","","","","","","","","","","","","",0,1,"","","","","","","","","","","","","","","","","","","","","","","","","","","","","",""
"61328002","LE PIN-AU-HARAS -INRAE",48.735833,0.128167,176,2002111500,0.,1,"","","","","","","","","","","","","","","","","","","","","","","","","","","","","","","","","","",4.1,1,"","","","","","","","","","","","","","","","","","","","","","","","","","","","",96,1,"","","","","","","","","","","","","","","","","","","","","","","","","","","","","","","","","","","","","","","","","","","","","","","","","","","","","","","","","","","","","","","","","","","","","","","","","","","","","","","","","","","","","","","","","","","","","","","","","","",0,1,"","","","","","","","","","","","","","","","","","","","","","","","","","","","","",""
"61328002","LE PIN-AU-HARAS -INRAE",48.735833,0.128167,176,2002111501,0.,1,"","","","","","","","","","","","","","","","","","","","","","","","","","","","","","","","","","",4.8,1,"","","","","","","","","","","","","","","","","","","","","","","","","","","","",98,1,"","","","","","","","","","","","","","","","","","","","","","","","","","","","","","","","","","","","","","","","","","","","","","","","","","","","","","","","","","","","","","","","","","","","","","","","","","","","","","","","","","","","","","","","","","","","","","","","","","",0,1,"","","","","","","","","","","","","","","","","","","","","","","","","","","","","",""
"61328002","LE PIN-AU-HARAS -INRAE",48.735833,0.128167,176,2002111502,0.,1,"","","","","","","","","","","","","","","","","","","","","","","","","","","","","","","","","","",3.7,1,"","","","","","","","","","","","","","","","","","","","","","","","","","","","",99,1,"","","","","","","","","","","","","","","","","","","","","","","","","","","","","","","","","","","","","","","","","","","","","","","","","","","","","","","","","","","","","","","","","","","","","","","","","","","","","","","","","","","","","","","","","","","","","","","","","","",0,1,"","","","","","","","","","","","","","","","","","","","","","","","","","","","","",""
"61328002","LE PIN-AU-HARAS -INRAE",48.735833,0.128167,176,2002111503,0.,1,"","","","","","","","","","","","","","","","","","","","","","","","","","","","","","","","","","",4.4,1,"","","","","","","","","","","","","","","","","","","","","","","","","","","","",100,1,"","","","","","","","","","","","","","","","","","","","","","","","","","","","","","","","","","","","","","","","","","","","","","","","","","","","","","","","","","","","","","","","","","","","","","","","","","","","","","","","","","","","","","","","","","","","","","","","","","",0,1,"","","","","","","","","","","","","","","","","","","","","","","","","","","","","",""
"61328002","LE PIN-AU-HARAS -INRAE",48.735833,0.128167,176,2002111504,0.,1,"","","","","","","","","","","","","","","","","","","","","","","","","","","","","","","","","","",3.5,1,"","","","","","","","","","","","","","","","","","","","","","","","","","","","",100,1,"","","","","","","","","","","","","","","","","","","","","","","","","","","","","","","","","","","","","","","","","","","","","","","","","","","","","","","","","","","","","","","","","","","","","","","","","","","","","","","","","","","","","","","","","","","","","","","","","","",0,1,"","","","","","","","","","","","","","","","","","","","","","","","","","","","","",""
"61328002","LE PIN-AU-HARAS -INRAE",48.735833,0.128167,176,2002111505,0.,1,"","","","","","","","","","","","","","","","","","","","","","","","","","","","","","","","","","",3.2,1,"","","","","","","","","","","","","","","","","","","","","","","","","","","","",100,1,"","","","","","","","","","","","","","","","","","","","","","","","","","","","","","","","","","","","","","","","","","","","","","","","","","","","","","","","","","","","","","","","","","","","","","","","","","","","","","","","","","","","","","","","","","","","","","","","","","",0,1,"","","","","","","","","","","","","","","","","","","","","","","","","","","","","",""
"61328002","LE PIN-AU-HARAS -INRAE",48.735833,0.128167,176,2002111506,0.,1,"","","","","","","","","","","","","","","","","","","","","","","","","","","","","","","","","","",3.9,1,"","","","","","","","","","","","","","","","","","","","","","","","","","","","",100,1,"","","","","","","","","","","","","","","","","","","","","","","","","","","","","","","","","","","","","","","","","","","","","","","","","","","","","","","","","","","","","","","","","","","","","","","","","","","","","","","","","","","","","","","","","","","","","","","","","","",0,1,"","","","","","","","","","","","","","","","","","","","","","","","","","","","","",""
"61328002","LE PIN-AU-HARAS -INRAE",48.735833,0.128167,176,2002111507,0.,1,"","","","","","","","","","","","","","","","","","","","","","","","","","","","","","","","","","",4.,1,"","","","","","","","","","","","","","","","","","","","","","","","","","","","",100,1,"","","","","","","","","","","","","","","","","","","","","","","","","","","","","","","","","","","","","","","","","","","","","","","","","","","","","","","","","","","","","","","","","","","","","","","","","","","","","","","","","","","","","","","","","","","","","","","","","","",0,1,"","","","","","","","","","","","","","","","","","","","","","","","","","","","","",""
"61328002","LE PIN-AU-HARAS -INRAE",48.735833,0.128167,176,2002111508,0.,1,"","","","","","","","","","","","","","","","","","","","","","","","","","","","","","","","","","",4.2,1,"","","","","","","","","","","","","","","","","","","","","","","","","","","","",100,1,"","","","","","","","","","","","","","","","","","","","","","","","","","","","","","","","","","","","","","","","","","","","","","","","","","","","","","","","","","","","","","","","","","","","","","","","","","","","","","","","","","","","","","","","","","","","","","","","","","",8,1,"","","","","","","","","","","","","","","","","","","","","","","","","","","","","",""
"61328002","LE PIN-AU-HARAS -INRAE",48.735833,0.128167,176,2002111509,0.,1,"","","","","","","","","","","","","","","","","","","","","","","","","","","","","","","","","","",7.,1,"","","","","","","","","","","","","","","","","","","","","","","","","","","","",100,1,"","","","","","","","","","","","","","","","","","","","","","","","","","","","","","","","","","","","","","","","","","","","","","","","","","","","","","","","","","","","","","","","","","","","","","","","","","","","","","","","","","","","","","","","","","","","","","","","","","",38,1,"","","","","","","","","","","","","","","","","","","","","","","","","","","","","",""
"61328002","LE PIN-AU-HARAS -INRAE",48.735833,0.128167,176,2002111510,0.,1,"","","","","","","","","","","","","","","","","","","","","","","","","","","","","","","","","","",9.4,1,"","","","","","","","","","","","","","","","","","","","","","","","","","","","",98,1,"","","","","","","","","","","","","","","","","","","","","","","","","","","","","","","","","","","","","","","","","","","","","","","","","","","","","","","","","","","","","","","","","","","","","","","","","","","","","","","","","","","","","","","","","","","","","","","","","","",76,1,"","","","","","","","","","","","","","","","","","","","","","","","","","","","","",""
"61328002","LE PIN-AU-HARAS -INRAE",48.735833,0.128167,176,2002111511,0.,1,"","","","","","","","","","","","","","","","","","","","","","","","","","","","","","","","","","",11.2,1,"","","","","","","","","","","","","","","","","","","","","","","","","","","","",82,1,"","","","","","","","","","","","","","","","","","","","","","","","","","","","","","","","","","","","","","","","","","","","","","","","","","","","","","","","","","","","","","","","","","","","","","","","","","","","","","","","","","","","","","","","","","","","","","","","","","",110,1,"","","","","","","","","","","","","","","","","","","","","","","","","","","","","",""
"61328002","LE PIN-AU-HARAS -INRAE",48.735833,0.128167,176,2002111512,0.,1,"","","","","","","","","","","","","","","","","","","","","","","","","","","","","","","","","","",12.3,1,"","","","","","","","","","","","","","","","","","","","","","","","","","","","",80,1,"","","","","","","","","","","","","","","","","","","","","","","","","","","","","","","","","","","","","","","","","","","","","","","","","","","","","","","","","","","","","","","","","","","","","","","","","","","","","","","","","","","","","","","","","","","","","","","","","","",130,1,"","","","","","","","","","","","","","","","","","","","","","","","","","","","","",""
"61328002","LE PIN-AU-HARAS -INRAE",48.735833,0.128167,176,2002111513,0.,1,"","","","","","","","","","","","","","","","","","","","","","","","","","","","","","","","","","",11.9,1,"","","","","","","","","","","","","","","","","","","","","","","","","","","","",71,1,"","","","","","","","","","","","","","","","","","","","","","","","","","","","","","","","","","","","","","","","","","","","","","","","","","","","","","","","","","","","","","","","","","","","","","","","","","","","","","","","","","","","","","","","","","","","","","","","","","",128,1,"","","","","","","","","","","","","","","","","","","","","","","","","","","","","",""
"61328002","LE PIN-AU-HARAS -INRAE",48.735833,0.128167,176,2002111514,0.,1,"","","","","","","","","","","","","","","","","","","","","","","","","","","","","","","","","","",12.4,1,"","","","","","","","","","","","","","","","","","","","","","","","","","","","",73,1,"","","","","","","","","","","","","","","","","","","","","","","","","","","","","","","","","","","","","","","","","","","","","","","","","","","","","","","","","","","","","","","","","","","","","","","","","","","","","","","","","","","","","","","","","","","","","","","","","","",100,1,"","","","","","","","","","","","","","","","","","","","","","","","","","","","","",""
"61328002","LE PIN-AU-HARAS -INRAE",48.735833,0.128167,176,2002111515,0.,1,"","","","","","","","","","","","","","","","","","","","","","","","","","","","","","","","","","",11.4,1,"","","","","","","","","","","","","","","","","","","","","","","","","","","","",77,1,"","","","","","","","","","","","","","","","","","","","","","","","","","","","","","","","","","","","","","","","","","","","","","","","","","","","","","","","","","","","","","","","","","","","","","","","","","","","","","","","","","","","","","","","","","","","","","","","","","",70,1,"","","","","","","","","","","","","","","","","","","","","","","","","","","","","",""
"61328002","LE PIN-AU-HARAS -INRAE",48.735833,0.128167,176,2002111516,0.,1,"","","","","","","","","","","","","","","","","","","","","","","","","","","","","","","","","","",10.1,1,"","","","","","","","","","","","","","","","","","","","","","","","","","","","",84,1,"","","","","","","","","","","","","","","","","","","","","","","","","","","","","","","","","","","","","","","","","","","","","","","","","","","","","","","","","","","","","","","","","","","","","","","","","","","","","","","","","","","","","","","","","","","","","","","","","","",18,1,"","","","","","","","","","","","","","","","","","","","","","","","","","","","","",""
"61328002","LE PIN-AU-HARAS -INRAE",48.735833,0.128167,176,2002111517,0.,1,"","","","","","","","","","","","","","","","","","","","","","","","","","","","","","","","","","",5.6,1,"","","","","","","","","","","","","","","","","","","","","","","","","","","","",91,1,"","","","","","","","","","","","","","","","","","","","","","","","","","","","","","","","","","","","","","","","","","","","","","","","","","","","","","","","","","","","","","","","","","","","","","","","","","","","","","","","","","","","","","","","","","","","","","","","","","",0,1,"","","","","","","","","","","","","","","","","","","","","","","","","","","","","",""
"61328002","LE PIN-AU-HARAS -INRAE",48.735833,0.128167,176,2002111518,0.,1,"","","","","","","","","","","","","","","","","","","","","","","","","","","","","","","","","","",4.2,1,"","","","","","","","","","","","","","","","","","","","","","","","","","","","",95,1,"","","","","","","","","","","","","","","","","","","","","","","","","","","","","","","","","","","","","","","","","","","","","","","","","","","","","","","","","","","","","","","","","","","","","","","","","","","","","","","","","","","","","","","","","","","","","","","","","","",0,1,"","","","","","","","","","","","","","","","","","","","","","","","","","","","","",""
"61328002","LE PIN-AU-HARAS -INRAE",48.735833,0.128167,176,2002111519,0.,1,"","","","","","","","","","","","","","","","","","","","","","","","","","","","","","","","","","",3.,1,"","","","","","","","","","","","","","","","","","","","","","","","","","","","",96,1,"","","","","","","","","","","","","","","","","","","","","","","","","","","","","","","","","","","","","","","","","","","","","","","","","","","","","","","","","","","","","","","","","","","","","","","","","","","","","","","","","","","","","","","","","","","","","","","","","","",0,1,"","","","","","","","","","","","","","","","","","","","","","","","","","","","","",""
"61328002","LE PIN-AU-HARAS -INRAE",48.735833,0.128167,176,2002111520,0.,1,"","","","","","","","","","","","","","","","","","","","","","","","","","","","","","","","","","",4.6,1,"","","","","","","","","","","","","","","","","","","","","","","","","","","","",98,1,"","","","","","","","","","","","","","","","","","","","","","","","","","","","","","","","","","","","","","","","","","","","","","","","","","","","","","","","","","","","","","","","","","","","","","","","","","","","","","","","","","","","","","","","","","","","","","","","","","",0,1,"","","","","","","","","","","","","","","","","","","","","","","","","","","","","",""
"61328002","LE PIN-AU-HARAS -INRAE",48.735833,0.128167,176,2002111521,0.,1,"","","","","","","","","","","","","","","","","","","","","","","","","","","","","","","","","","",3.5,1,"","","","","","","","","","","","","","","","","","","","","","","","","","","","",98,1,"","","","","","","","","","","","","","","","","","","","","","","","","","","","","","","","","","","","","","","","","","","","","","","","","","","","","","","","","","","","","","","","","","","","","","","","","","","","","","","","","","","","","","","","","","","","","","","","","","",0,1,"","","","","","","","","","","","","","","","","","","","","","","","","","","","","",""
"61328002","LE PIN-AU-HARAS -INRAE",48.735833,0.128167,176,2002111522,0.,1,"","","","","","","","","","","","","","","","","","","","","","","","","","","","","","","","","","",2.4,1,"","","","","","","","","","","","","","","","","","","","","","","","","","","","",99,1,"","","","","","","","","","","","","","","","","","","","","","","","","","","","","","","","","","","","","","","","","","","","","","","","","","","","","","","","","","","","","","","","","","","","","","","","","","","","","","","","","","","","","","","","","","","","","","","","","","",0,1,"","","","","","","","","","","","","","","","","","","","","","","","","","","","","",""
"61328002","LE PIN-AU-HARAS -INRAE",48.735833,0.128167,176,2002111523,0.,1,"","","","","","","","","","","","","","","","","","","","","","","","","","","","","","","","","","",3.3,1,"","","","","","","","","","","","","","","","","","","","","","","","","","","","",100,1,"","","","","","","","","","","","","","","","","","","","","","","","","","","","","","","","","","","","","","","","","","","","","","","","","","","","","","","","","","","","","","","","","","","","","","","","","","","","","","","","","","","","","","","","","","","","","","","","","","",0,1,"","","","","","","","","","","","","","","","","","","","","","","","","","","","","",""
"61328002","LE PIN-AU-HARAS -INRAE",48.735833,0.128167,176,2002111600,0.,1,"","","","","","","","","","","","","","","","","","","","","","","","","","","","","","","","","","",1.8,1,"","","","","","","","","","","","","","","","","","","","","","","","","","","","",99,1,"","","","","","","","","","","","","","","","","","","","","","","","","","","","","","","","","","","","","","","","","","","","","","","","","","","","","","","","","","","","","","","","","","","","","","","","","","","","","","","","","","","","","","","","","","","","","","","","","","",0,1,"","","","","","","","","","","","","","","","","","","","","","","","","","","","","",""
"61328002","LE PIN-AU-HARAS -INRAE",48.735833,0.128167,176,2002111601,0.,1,"","","","","","","","","","","","","","","","","","","","","","","","","","","","","","","","","","",1.5,1,"","","","","","","","","","","","","","","","","","","","","","","","","","","","",100,1,"","","","","","","","","","","","","","","","","","","","","","","","","","","","","","","","","","","","","","","","","","","","","","","","","","","","","","","","","","","","","","","","","","","","","","","","","","","","","","","","","","","","","","","","","","","","","","","","","","",0,1,"","","","","","","","","","","","","","","","","","","","","","","","","","","","","",""
"61328002","LE PIN-AU-HARAS -INRAE",48.735833,0.128167,176,2002111602,0.,1,"","","","","","","","","","","","","","","","","","","","","","","","","","","","","","","","","","",1.7,1,"","","","","","","","","","","","","","","","","","","","","","","","","","","","",100,1,"","","","","","","","","","","","","","","","","","","","","","","","","","","","","","","","","","","","","","","","","","","","","","","","","","","","","","","","","","","","","","","","","","","","","","","","","","","","","","","","","","","","","","","","","","","","","","","","","","",0,1,"","","","","","","","","","","","","","","","","","","","","","","","","","","","","",""
"61328002","LE PIN-AU-HARAS -INRAE",48.735833,0.128167,176,2002111603,0.,1,"","","","","","","","","","","","","","","","","","","","","","","","","","","","","","","","","","",2.4,1,"","","","","","","","","","","","","","","","","","","","","","","","","","","","",100,1,"","","","","","","","","","","","","","","","","","","","","","","","","","","","","","","","","","","","","","","","","","","","","","","","","","","","","","","","","","","","","","","","","","","","","","","","","","","","","","","","","","","","","","","","","","","","","","","","","","",0,1,"","","","","","","","","","","","","","","","","","","","","","","","","","","","","",""
"61328002","LE PIN-AU-HARAS -INRAE",48.735833,0.128167,176,2002111604,0.,1,"","","","","","","","","","","","","","","","","","","","","","","","","","","","","","","","","","",4.3,1,"","","","","","","","","","","","","","","","","","","","","","","","","","","","",100,1,"","","","","","","","","","","","","","","","","","","","","","","","","","","","","","","","","","","","","","","","","","","","","","","","","","","","","","","","","","","","","","","","","","","","","","","","","","","","","","","","","","","","","","","","","","","","","","","","","","",0,1,"","","","","","","","","","","","","","","","","","","","","","","","","","","","","",""
"61328002","LE PIN-AU-HARAS -INRAE",48.735833,0.128167,176,2002111605,0.5,1,"","","","","","","","","","","","","","","","","","","","","","","","","","","","","","","","","","",4.7,1,"","","","","","","","","","","","","","","","","","","","","","","","","","","","",100,1,"","","","","","","","","","","","","","","","","","","","","","","","","","","","","","","","","","","","","","","","","","","","","","","","","","","","","","","","","","","","","","","","","","","","","","","","","","","","","","","","","","","","","","","","","","","","","","","","","","",0,1,"","","","","","","","","","","","","","","","","","","","","","","","","","","","","",""
"61328002","LE PIN-AU-HARAS -INRAE",48.735833,0.128167,176,2002111606,0.,1,"","","","","","","","","","","","","","","","","","","","","","","","","","","","","","","","","","",4.7,1,"","","","","","","","","","","","","","","","","","","","","","","","","","","","",100,1,"","","","","","","","","","","","","","","","","","","","","","","","","","","","","","","","","","","","","","","","","","","","","","","","","","","","","","","","","","","","","","","","","","","","","","","","","","","","","","","","","","","","","","","","","","","","","","","","","","",0,1,"","","","","","","","","","","","","","","","","","","","","","","","","","","","","",""
"61328002","LE PIN-AU-HARAS -INRAE",48.735833,0.128167,176,2002111607,0.,1,"","","","","","","","","","","","","","","","","","","","","","","","","","","","","","","","","","",4.8,1,"","","","","","","","","","","","","","","","","","","","","","","","","","","","",100,1,"","","","","","","","","","","","","","","","","","","","","","","","","","","","","","","","","","","","","","","","","","","","","","","","","","","","","","","","","","","","","","","","","","","","","","","","","","","","","","","","","","","","","","","","","","","","","","","","","","",0,1,"","","","","","","","","","","","","","","","","","","","","","","","","","","","","",""
"61328002","LE PIN-AU-HARAS -INRAE",48.735833,0.128167,176,2002111608,0.,1,"","","","","","","","","","","","","","","","","","","","","","","","","","","","","","","","","","",5.1,1,"","","","","","","","","","","","","","","","","","","","","","","","","","","","",100,1,"","","","","","","","","","","","","","","","","","","","","","","","","","","","","","","","","","","","","","","","","","","","","","","","","","","","","","","","","","","","","","","","","","","","","","","","","","","","","","","","","","","","","","","","","","","","","","","","","","",8,1,"","","","","","","","","","","","","","","","","","","","","","","","","","","","","",""
"61328002","LE PIN-AU-HARAS -INRAE",48.735833,0.128167,176,2002111609,0.,1,"","","","","","","","","","","","","","","","","","","","","","","","","","","","","","","","","","",7.2,1,"","","","","","","","","","","","","","","","","","","","","","","","","","","","",100,1,"","","","","","","","","","","","","","","","","","","","","","","","","","","","","","","","","","","","","","","","","","","","","","","","","","","","","","","","","","","","","","","","","","","","","","","","","","","","","","","","","","","","","","","","","","","","","","","","","","",34,1,"","","","","","","","","","","","","","","","","","","","","","","","","","","","","",""
"61328002","LE PIN-AU-HARAS -INRAE",48.735833,0.128167,176,2002111610,0.,1,"","","","","","","","","","","","","","","","","","","","","","","","","","","","","","","","","","",10.8,1,"","","","","","","","","","","","","","","","","","","","","","","","","","","","",100,1,"","","","","","","","","","","","","","","","","","","","","","","","","","","","","","","","","","","","","","","","","","","","","","","","","","","","","","","","","","","","","","","","","","","","","","","","","","","","","","","","","","","","","","","","","","","","","","","","","","",78,1,"","","","","","","","","","","","","","","","","","","","","","","","","","","","","",""
"61328002","LE PIN-AU-HARAS -INRAE",48.735833,0.128167,176,2002111611,0.,1,"","","","","","","","","","","","","","","","","","","","","","","","","","","","","","","","","","",13.,1,"","","","","","","","","","","","","","","","","","","","","","","","","","","","",79,1,"","","","","","","","","","","","","","","","","","","","","","","","","","","","","","","","","","","","","","","","","","","","","","","","","","","","","","","","","","","","","","","","","","","","","","","","","","","","","","","","","","","","","","","","","","","","","","","","","","",102,1,"","","","","","","","","","","","","","","","","","","","","","","","","","","","","",""
"61328002","LE PIN-AU-HARAS -INRAE",48.735833,0.128167,176,2002111612,0.,1,"","","","","","","","","","","","","","","","","","","","","","","","","","","","","","","","","","",11.7,1,"","","","","","","","","","","","","","","","","","","","","","","","","","","","",78,1,"","","","","","","","","","","","","","","","","","","","","","","","","","","","","","","","","","","","","","","","","","","","","","","","","","","","","","","","","","","","","","","","","","","","","","","","","","","","","","","","","","","","","","","","","","","","","","","","","","",72,1,"","","","","","","","","","","","","","","","","","","","","","","","","","","","","",""
"61328002","LE PIN-AU-HARAS -INRAE",48.735833,0.128167,176,2002111613,0.,1,"","","","","","","","","","","","","","","","","","","","","","","","","","","","","","","","","","",11.8,1,"","","","","","","","","","","","","","","","","","","","","","","","","","","","",78,1,"","","","","","","","","","","","","","","","","","","","","","","","","","","","","","","","","","","","","","","","","","","","","","","","","","","","","","","","","","","","","","","","","","","","","","","","","","","","","","","","","","","","","","","","","","","","","","","","","","",52,1,"","","","","","","","","","","","","","","","","","","","","","","","","","","","","",""
"61328002","LE PIN-AU-HARAS -INRAE",48.735833,0.128167,176,2002111614,0.,1,"","","","","","","","","","","","","","","","","","","","","","","","","","","","","","","","","","",11.7,1,"","","","","","","","","","","","","","","","","","","","","","","","","","","","",78,1,"","","","","","","","","","","","","","","","","","","","","","","","","","","","","","","","","","","","","","","","","","","","","","","","","","","","","","","","","","","","","","","","","","","","","","","","","","","","","","","","","","","","","","","","","","","","","","","","","","",58,1,"","","","","","","","","","","","","","","","","","","","","","","","","","","","","",""
"61328002","LE PIN-AU-HARAS -INRAE",48.735833,0.128167,176,2002111615,0.,1,"","","","","","","","","","","","","","","","","","","","","","","","","","","","","","","","","","",10.9,1,"","","","","","","","","","","","","","","","","","","","","","","","","","","","",81,1,"","","","","","","","","","","","","","","","","","","","","","","","","","","","","","","","","","","","","","","","","","","","","","","","","","","","","","","","","","","","","","","","","","","","","","","","","","","","","","","","","","","","","","","","","","","","","","","","","","",28,1,"","","","","","","","","","","","","","","","","","","","","","","","","","","","","",""
"61328002","LE PIN-AU-HARAS -INRAE",48.735833,0.128167,176,2002111616,0.,1,"","","","","","","","","","","","","","","","","","","","","","","","","","","","","","","","","","",9.6,1,"","","","","","","","","","","","","","","","","","","","","","","","","","","","",86,1,"","","","","","","","","","","","","","","","","","","","","","","","","","","","","","","","","","","","","","","","","","","","","","","","","","","","","","","","","","","","","","","","","","","","","","","","","","","","","","","","","","","","","","","","","","","","","","","","","","",10,1,"","","","","","","","","","","","","","","","","","","","","","","","","","","","","",""
"61328002","LE PIN-AU-HARAS -INRAE",48.735833,0.128167,176,2002111617,0.,1,"","","","","","","","","","","","","","","","","","","","","","","","","","","","","","","","","","",7.5,1,"","","","","","","","","","","","","","","","","","","","","","","","","","","","",91,1,"","","","","","","","","","","","","","","","","","","","","","","","","","","","","","","","","","","","","","","","","","","","","","","","","","","","","","","","","","","","","","","","","","","","","","","","","","","","","","","","","","","","","","","","","","","","","","","","","","",0,1,"","","","","","","","","","","","","","","","","","","","","","","","","","","","","",""
"61328002","LE PIN-AU-HARAS -INRAE",48.735833,0.128167,176,2002111618,0.,1,"","","","","","","","","","","","","","","","","","","","","","","","","","","","","","","","","","",7.3,1,"","","","","","","","","","","","","","","","","","","","","","","","","","","","",95,1,"","","","","","","","","","","","","","","","","","","","","","","","","","","","","","","","","","","","","","","","","","","","","","","","","","","","","","","","","","","","","","","","","","","","","","","","","","","","","","","","","","","","","","","","","","","","","","","","","","",0,1,"","","","","","","","","","","","","","","","","","","","","","","","","","","","","",""
"61328002","LE PIN-AU-HARAS -INRAE",48.735833,0.128167,176,2002111619,0.,1,"","","","","","","","","","","","","","","","","","","","","","","","","","","","","","","","","","",7.4,1,"","","","","","","","","","","","","","","","","","","","","","","","","","","","",96,1,"","","","","","","","","","","","","","","","","","","","","","","","","","","","","","","","","","","","","","","","","","","","","","","","","","","","","","","","","","","","","","","","","","","","","","","","","","","","","","","","","","","","","","","","","","","","","","","","","","",0,1,"","","","","","","","","","","","","","","","","","","","","","","","","","","","","",""
"61328002","LE PIN-AU-HARAS -INRAE",48.735833,0.128167,176,2002111620,0.,1,"","","","","","","","","","","","","","","","","","","","","","","","","","","","","","","","","","",7.,1,"","","","","","","","","","","","","","","","","","","","","","","","","","","","",97,1,"","","","","","","","","","","","","","","","","","","","","","","","","","","","","","","","","","","","","","","","","","","","","","","","","","","","","","","","","","","","","","","","","","","","","","","","","","","","","","","","","","","","","","","","","","","","","","","","","","",0,1,"","","","","","","","","","","","","","","","","","","","","","","","","","","","","",""
"61328002","LE PIN-AU-HARAS -INRAE",48.735833,0.128167,176,2002111621,0.,1,"","","","","","","","","","","","","","","","","","","","","","","","","","","","","","","","","","",7.,1,"","","","","","","","","","","","","","","","","","","","","","","","","","","","",97,1,"","","","","","","","","","","","","","","","","","","","","","","","","","","","","","","","","","","","","","","","","","","","","","","","","","","","","","","","","","","","","","","","","","","","","","","","","","","","","","","","","","","","","","","","","","","","","","","","","","",0,1,"","","","","","","","","","","","","","","","","","","","","","","","","","","","","",""
"61328002","LE PIN-AU-HARAS -INRAE",48.735833,0.128167,176,2002111622,0.,1,"","","","","","","","","","","","","","","","","","","","","","","","","","","","","","","","","","",6.9,1,"","","","","","","","","","","","","","","","","","","","","","","","","","","","",98,1,"","","","","","","","","","","","","","","","","","","","","","","","","","","","","","","","","","","","","","","","","","","","","","","","","","","","","","","","","","","","","","","","","","","","","","","","","","","","","","","","","","","","","","","","","","","","","","","","","","",0,1,"","","","","","","","","","","","","","","","","","","","","","","","","","","","","",""
"61328002","LE PIN-AU-HARAS -INRAE",48.735833,0.128167,176,2002111623,0.,1,"","","","","","","","","","","","","","","","","","","","","","","","","","","","","","","","","","",6.7,1,"","","","","","","","","","","","","","","","","","","","","","","","","","","","",98,1,"","","","","","","","","","","","","","","","","","","","","","","","","","","","","","","","","","","","","","","","","","","","","","","","","","","","","","","","","","","","","","","","","","","","","","","","","","","","","","","","","","","","","","","","","","","","","","","","","","",0,1,"","","","","","","","","","","","","","","","","","","","","","","","","","","","","",""
"61328002","LE PIN-AU-HARAS -INRAE",48.735833,0.128167,176,2002111700,0.,1,"","","","","","","","","","","","","","","","","","","","","","","","","","","","","","","","","","",6.8,1,"","","","","","","","","","","","","","","","","","","","","","","","","","","","",99,1,"","","","","","","","","","","","","","","","","","","","","","","","","","","","","","","","","","","","","","","","","","","","","","","","","","","","","","","","","","","","","","","","","","","","","","","","","","","","","","","","","","","","","","","","","","","","","","","","","","",0,1,"","","","","","","","","","","","","","","","","","","","","","","","","","","","","",""
"61328002","LE PIN-AU-HARAS -INRAE",48.735833,0.128167,176,2002111701,0.,1,"","","","","","","","","","","","","","","","","","","","","","","","","","","","","","","","","","",6.7,1,"","","","","","","","","","","","","","","","","","","","","","","","","","","","",99,1,"","","","","","","","","","","","","","","","","","","","","","","","","","","","","","","","","","","","","","","","","","","","","","","","","","","","","","","","","","","","","","","","","","","","","","","","","","","","","","","","","","","","","","","","","","","","","","","","","","",0,1,"","","","","","","","","","","","","","","","","","","","","","","","","","","","","",""
"61328002","LE PIN-AU-HARAS -INRAE",48.735833,0.128167,176,2002111702,0.,1,"","","","","","","","","","","","","","","","","","","","","","","","","","","","","","","","","","",6.9,1,"","","","","","","","","","","","","","","","","","","","","","","","","","","","",100,1,"","","","","","","","","","","","","","","","","","","","","","","","","","","","","","","","","","","","","","","","","","","","","","","","","","","","","","","","","","","","","","","","","","","","","","","","","","","","","","","","","","","","","","","","","","","","","","","","","","",0,1,"","","","","","","","","","","","","","","","","","","","","","","","","","","","","",""
"61328002","LE PIN-AU-HARAS -INRAE",48.735833,0.128167,176,2002111703,0.,1,"","","","","","","","","","","","","","","","","","","","","","","","","","","","","","","","","","",6.7,1,"","","","","","","","","","","","","","","","","","","","","","","","","","","","",100,1,"","","","","","","","","","","","","","","","","","","","","","","","","","","","","","","","","","","","","","","","","","","","","","","","","","","","","","","","","","","","","","","","","","","","","","","","","","","","","","","","","","","","","","","","","","","","","","","","","","",0,1,"","","","","","","","","","","","","","","","","","","","","","","","","","","","","",""
"61328002","LE PIN-AU-HARAS -INRAE",48.735833,0.128167,176,2002111704,0.,1,"","","","","","","","","","","","","","","","","","","","","","","","","","","","","","","","","","",6.6,1,"","","","","","","","","","","","","","","","","","","","","","","","","","","","",100,1,"","","","","","","","","","","","","","","","","","","","","","","","","","","","","","","","","","","","","","","","","","","","","","","","","","","","","","","","","","","","","","","","","","","","","","","","","","","","","","","","","","","","","","","","","","","","","","","","","","",0,1,"","","","","","","","","","","","","","","","","","","","","","","","","","","","","",""
"61328002","LE PIN-AU-HARAS -INRAE",48.735833,0.128167,176,2002111705,0.,1,"","","","","","","","","","","","","","","","","","","","","","","","","","","","","","","","","","",6.8,1,"","","","","","","","","","","","","","","","","","","","","","","","","","","","",100,1,"","","","","","","","","","","","","","","","","","","","","","","","","","","","","","","","","","","","","","","","","","","","","","","","","","","","","","","","","","","","","","","","","","","","","","","","","","","","","","","","","","","","","","","","","","","","","","","","","","",0,1,"","","","","","","","","","","","","","","","","","","","","","","","","","","","","",""
"61328002","LE PIN-AU-HARAS -INRAE",48.735833,0.128167,176,2002111706,0.,1,"","","","","","","","","","","","","","","","","","","","","","","","","","","","","","","","","","",7.,1,"","","","","","","","","","","","","","","","","","","","","","","","","","","","",100,1,"","","","","","","","","","","","","","","","","","","","","","","","","","","","","","","","","","","","","","","","","","","","","","","","","","","","","","","","","","","","","","","","","","","","","","","","","","","","","","","","","","","","","","","","","","","","","","","","","","",0,1,"","","","","","","","","","","","","","","","","","","","","","","","","","","","","",""
"61328002","LE PIN-AU-HARAS -INRAE",48.735833,0.128167,176,2002111707,0.,1,"","","","","","","","","","","","","","","","","","","","","","","","","","","","","","","","","","",6.9,1,"","","","","","","","","","","","","","","","","","","","","","","","","","","","",100,1,"","","","","","","","","","","","","","","","","","","","","","","","","","","","","","","","","","","","","","","","","","","","","","","","","","","","","","","","","","","","","","","","","","","","","","","","","","","","","","","","","","","","","","","","","","","","","","","","","","",0,1,"","","","","","","","","","","","","","","","","","","","","","","","","","","","","",""
"61328002","LE PIN-AU-HARAS -INRAE",48.735833,0.128167,176,2002111708,0.,1,"","","","","","","","","","","","","","","","","","","","","","","","","","","","","","","","","","",7.4,1,"","","","","","","","","","","","","","","","","","","","","","","","","","","","",100,1,"","","","","","","","","","","","","","","","","","","","","","","","","","","","","","","","","","","","","","","","","","","","","","","","","","","","","","","","","","","","","","","","","","","","","","","","","","","","","","","","","","","","","","","","","","","","","","","","","","",4,1,"","","","","","","","","","","","","","","","","","","","","","","","","","","","","",""
"61328002","LE PIN-AU-HARAS -INRAE",48.735833,0.128167,176,2002111709,0.,1,"","","","","","","","","","","","","","","","","","","","","","","","","","","","","","","","","","",8.4,1,"","","","","","","","","","","","","","","","","","","","","","","","","","","","",100,1,"","","","","","","","","","","","","","","","","","","","","","","","","","","","","","","","","","","","","","","","","","","","","","","","","","","","","","","","","","","","","","","","","","","","","","","","","","","","","","","","","","","","","","","","","","","","","","","","","","",12,1,"","","","","","","","","","","","","","","","","","","","","","","","","","","","","",""
"61328002","LE PIN-AU-HARAS -INRAE",48.735833,0.128167,176,2002111710,0.5,1,"","","","","","","","","","","","","","","","","","","","","","","","","","","","","","","","","","",8.8,1,"","","","","","","","","","","","","","","","","","","","","","","","","","","","",99,1,"","","","","","","","","","","","","","","","","","","","","","","","","","","","","","","","","","","","","","","","","","","","","","","","","","","","","","","","","","","","","","","","","","","","","","","","","","","","","","","","","","","","","","","","","","","","","","","","","","",22,1,"","","","","","","","","","","","","","","","","","","","","","","","","","","","","",""
"61328002","LE PIN-AU-HARAS -INRAE",48.735833,0.128167,176,2002111711,0.,1,"","","","","","","","","","","","","","","","","","","","","","","","","","","","","","","","","","",9.,1,"","","","","","","","","","","","","","","","","","","","","","","","","","","","",99,1,"","","","","","","","","","","","","","","","","","","","","","","","","","","","","","","","","","","","","","","","","","","","","","","","","","","","","","","","","","","","","","","","","","","","","","","","","","","","","","","","","","","","","","","","","","","","","","","","","","",44,1,"","","","","","","","","","","","","","","","","","","","","","","","","","","","","",""
"61328002","LE PIN-AU-HARAS -INRAE",48.735833,0.128167,176,2002111712,0.,1,"","","","","","","","","","","","","","","","","","","","","","","","","","","","","","","","","","",9.7,1,"","","","","","","","","","","","","","","","","","","","","","","","","","","","",98,1,"","","","","","","","","","","","","","","","","","","","","","","","","","","","","","","","","","","","","","","","","","","","","","","","","","","","","","","","","","","","","","","","","","","","","","","","","","","","","","","","","","","","","","","","","","","","","","","","","","",62,1,"","","","","","","","","","","","","","","","","","","","","","","","","","","","","",""
"61328002","LE PIN-AU-HARAS -INRAE",48.735833,0.128167,176,2002111713,0.,1,"","","","","","","","","","","","","","","","","","","","","","","","","","","","","","","","","","",9.3,1,"","","","","","","","","","","","","","","","","","","","","","","","","","","","",97,1,"","","","","","","","","","","","","","","","","","","","","","","","","","","","","","","","","","","","","","","","","","","","","","","","","","","","","","","","","","","","","","","","","","","","","","","","","","","","","","","","","","","","","","","","","","","","","","","","","","",22,1,"","","","","","","","","","","","","","","","","","","","","","","","","","","","","",""
"61328002","LE PIN-AU-HARAS -INRAE",48.735833,0.128167,176,2002111714,1.,1,"","","","","","","","","","","","","","","","","","","","","","","","","","","","","","","","","","",9.9,1,"","","","","","","","","","","","","","","","","","","","","","","","","","","","",98,1,"","","","","","","","","","","","","","","","","","","","","","","","","","","","","","","","","","","","","","","","","","","","","","","","","","","","","","","","","","","","","","","","","","","","","","","","","","","","","","","","","","","","","","","","","","","","","","","","","","",26,1,"","","","","","","","","","","","","","","","","","","","","","","","","","","","","",""
"61328002","LE PIN-AU-HARAS -INRAE",48.735833,0.128167,176,2002111715,0.,1,"","","","","","","","","","","","","","","","","","","","","","","","","","","","","","","","","","",8.8,1,"","","","","","","","","","","","","","","","","","","","","","","","","","","","",96,1,"","","","","","","","","","","","","","","","","","","","","","","","","","","","","","","","","","","","","","","","","","","","","","","","","","","","","","","","","","","","","","","","","","","","","","","","","","","","","","","","","","","","","","","","","","","","","","","","","","",36,1,"","","","","","","","","","","","","","","","","","","","","","","","","","","","","",""
"61328002","LE PIN-AU-HARAS -INRAE",48.735833,0.128167,176,2002111716,0.,1,"","","","","","","","","","","","","","","","","","","","","","","","","","","","","","","","","","",8.3,1,"","","","","","","","","","","","","","","","","","","","","","","","","","","","",97,1,"","","","","","","","","","","","","","","","","","","","","","","","","","","","","","","","","","","","","","","","","","","","","","","","","","","","","","","","","","","","","","","","","","","","","","","","","","","","","","","","","","","","","","","","","","","","","","","","","","",8,1,"","","","","","","","","","","","","","","","","","","","","","","","","","","","","",""
"61328002","LE PIN-AU-HARAS -INRAE",48.735833,0.128167,176,2002111717,0.,1,"","","","","","","","","","","","","","","","","","","","","","","","","","","","","","","","","","",7.6,1,"","","","","","","","","","","","","","","","","","","","","","","","","","","","",98,1,"","","","","","","","","","","","","","","","","","","","","","","","","","","","","","","","","","","","","","","","","","","","","","","","","","","","","","","","","","","","","","","","","","","","","","","","","","","","","","","","","","","","","","","","","","","","","","","","","","",0,1,"","","","","","","","","","","","","","","","","","","","","","","","","","","","","",""
"61328002","LE PIN-AU-HARAS -INRAE",48.735833,0.128167,176,2002111718,0.,1,"","","","","","","","","","","","","","","","","","","","","","","","","","","","","","","","","","",7.7,1,"","","","","","","","","","","","","","","","","","","","","","","","","","","","",99,1,"","","","","","","","","","","","","","","","","","","","","","","","","","","","","","","","","","","","","","","","","","","","","","","","","","","","","","","","","","","","","","","","","","","","","","","","","","","","","","","","","","","","","","","","","","","","","","","","","","",0,1,"","","","","","","","","","","","","","","","","","","","","","","","","","","","","",""
"61328002","LE PIN-AU-HARAS -INRAE",48.735833,0.128167,176,2002111719,0.,1,"","","","","","","","","","","","","","","","","","","","","","","","","","","","","","","","","","",7.9,1,"","","","","","","","","","","","","","","","","","","","","","","","","","","","",100,1,"","","","","","","","","","","","","","","","","","","","","","","","","","","","","","","","","","","","","","","","","","","","","","","","","","","","","","","","","","","","","","","","","","","","","","","","","","","","","","","","","","","","","","","","","","","","","","","","","","",0,1,"","","","","","","","","","","","","","","","","","","","","","","","","","","","","",""
"61328002","LE PIN-AU-HARAS -INRAE",48.735833,0.128167,176,2002111720,0.,1,"","","","","","","","","","","","","","","","","","","","","","","","","","","","","","","","","","",7.9,1,"","","","","","","","","","","","","","","","","","","","","","","","","","","","",100,1,"","","","","","","","","","","","","","","","","","","","","","","","","","","","","","","","","","","","","","","","","","","","","","","","","","","","","","","","","","","","","","","","","","","","","","","","","","","","","","","","","","","","","","","","","","","","","","","","","","",0,1,"","","","","","","","","","","","","","","","","","","","","","","","","","","","","",""
"61328002","LE PIN-AU-HARAS -INRAE",48.735833,0.128167,176,2002111721,0.,1,"","","","","","","","","","","","","","","","","","","","","","","","","","","","","","","","","","",8.,1,"","","","","","","","","","","","","","","","","","","","","","","","","","","","",100,1,"","","","","","","","","","","","","","","","","","","","","","","","","","","","","","","","","","","","","","","","","","","","","","","","","","","","","","","","","","","","","","","","","","","","","","","","","","","","","","","","","","","","","","","","","","","","","","","","","","",0,1,"","","","","","","","","","","","","","","","","","","","","","","","","","","","","",""
"61328002","LE PIN-AU-HARAS -INRAE",48.735833,0.128167,176,2002111722,0.,1,"","","","","","","","","","","","","","","","","","","","","","","","","","","","","","","","","","",6.9,1,"","","","","","","","","","","","","","","","","","","","","","","","","","","","",100,1,"","","","","","","","","","","","","","","","","","","","","","","","","","","","","","","","","","","","","","","","","","","","","","","","","","","","","","","","","","","","","","","","","","","","","","","","","","","","","","","","","","","","","","","","","","","","","","","","","","",0,1,"","","","","","","","","","","","","","","","","","","","","","","","","","","","","",""
"61328002","LE PIN-AU-HARAS -INRAE",48.735833,0.128167,176,2002111723,0.,1,"","","","","","","","","","","","","","","","","","","","","","","","","","","","","","","","","","",6.4,1,"","","","","","","","","","","","","","","","","","","","","","","","","","","","",100,1,"","","","","","","","","","","","","","","","","","","","","","","","","","","","","","","","","","","","","","","","","","","","","","","","","","","","","","","","","","","","","","","","","","","","","","","","","","","","","","","","","","","","","","","","","","","","","","","","","","",0,1,"","","","","","","","","","","","","","","","","","","","","","","","","","","","","",""
"61328002","LE PIN-AU-HARAS -INRAE",48.735833,0.128167,176,2002111800,0.,1,"","","","","","","","","","","","","","","","","","","","","","","","","","","","","","","","","","",4.5,1,"","","","","","","","","","","","","","","","","","","","","","","","","","","","",100,1,"","","","","","","","","","","","","","","","","","","","","","","","","","","","","","","","","","","","","","","","","","","","","","","","","","","","","","","","","","","","","","","","","","","","","","","","","","","","","","","","","","","","","","","","","","","","","","","","","","",0,1,"","","","","","","","","","","","","","","","","","","","","","","","","","","","","",""
"61328002","LE PIN-AU-HARAS -INRAE",48.735833,0.128167,176,2002111801,0.,1,"","","","","","","","","","","","","","","","","","","","","","","","","","","","","","","","","","",6.1,1,"","","","","","","","","","","","","","","","","","","","","","","","","","","","",100,1,"","","","","","","","","","","","","","","","","","","","","","","","","","","","","","","","","","","","","","","","","","","","","","","","","","","","","","","","","","","","","","","","","","","","","","","","","","","","","","","","","","","","","","","","","","","","","","","","","","",0,1,"","","","","","","","","","","","","","","","","","","","","","","","","","","","","",""
"61328002","LE PIN-AU-HARAS -INRAE",48.735833,0.128167,176,2002111802,0.,1,"","","","","","","","","","","","","","","","","","","","","","","","","","","","","","","","","","",5.8,1,"","","","","","","","","","","","","","","","","","","","","","","","","","","","",100,1,"","","","","","","","","","","","","","","","","","","","","","","","","","","","","","","","","","","","","","","","","","","","","","","","","","","","","","","","","","","","","","","","","","","","","","","","","","","","","","","","","","","","","","","","","","","","","","","","","","",0,1,"","","","","","","","","","","","","","","","","","","","","","","","","","","","","",""
"61328002","LE PIN-AU-HARAS -INRAE",48.735833,0.128167,176,2002111803,0.,1,"","","","","","","","","","","","","","","","","","","","","","","","","","","","","","","","","","",4.9,1,"","","","","","","","","","","","","","","","","","","","","","","","","","","","",100,1,"","","","","","","","","","","","","","","","","","","","","","","","","","","","","","","","","","","","","","","","","","","","","","","","","","","","","","","","","","","","","","","","","","","","","","","","","","","","","","","","","","","","","","","","","","","","","","","","","","",0,1,"","","","","","","","","","","","","","","","","","","","","","","","","","","","","",""
"61328002","LE PIN-AU-HARAS -INRAE",48.735833,0.128167,176,2002111804,0.,1,"","","","","","","","","","","","","","","","","","","","","","","","","","","","","","","","","","",4.6,1,"","","","","","","","","","","","","","","","","","","","","","","","","","","","",100,1,"","","","","","","","","","","","","","","","","","","","","","","","","","","","","","","","","","","","","","","","","","","","","","","","","","","","","","","","","","","","","","","","","","","","","","","","","","","","","","","","","","","","","","","","","","","","","","","","","","",0,1,"","","","","","","","","","","","","","","","","","","","","","","","","","","","","",""
"61328002","LE PIN-AU-HARAS -INRAE",48.735833,0.128167,176,2002111805,0.,1,"","","","","","","","","","","","","","","","","","","","","","","","","","","","","","","","","","",4.4,1,"","","","","","","","","","","","","","","","","","","","","","","","","","","","",100,1,"","","","","","","","","","","","","","","","","","","","","","","","","","","","","","","","","","","","","","","","","","","","","","","","","","","","","","","","","","","","","","","","","","","","","","","","","","","","","","","","","","","","","","","","","","","","","","","","","","",0,1,"","","","","","","","","","","","","","","","","","","","","","","","","","","","","",""
"61328002","LE PIN-AU-HARAS -INRAE",48.735833,0.128167,176,2002111806,0.,1,"","","","","","","","","","","","","","","","","","","","","","","","","","","","","","","","","","",4.6,1,"","","","","","","","","","","","","","","","","","","","","","","","","","","","",100,1,"","","","","","","","","","","","","","","","","","","","","","","","","","","","","","","","","","","","","","","","","","","","","","","","","","","","","","","","","","","","","","","","","","","","","","","","","","","","","","","","","","","","","","","","","","","","","","","","","","",0,1,"","","","","","","","","","","","","","","","","","","","","","","","","","","","","",""
"61328002","LE PIN-AU-HARAS -INRAE",48.735833,0.128167,176,2002111807,0.,1,"","","","","","","","","","","","","","","","","","","","","","","","","","","","","","","","","","",5.,1,"","","","","","","","","","","","","","","","","","","","","","","","","","","","",100,1,"","","","","","","","","","","","","","","","","","","","","","","","","","","","","","","","","","","","","","","","","","","","","","","","","","","","","","","","","","","","","","","","","","","","","","","","","","","","","","","","","","","","","","","","","","","","","","","","","","",0,1,"","","","","","","","","","","","","","","","","","","","","","","","","","","","","",""
"61328002","LE PIN-AU-HARAS -INRAE",48.735833,0.128167,176,2002111808,0.,1,"","","","","","","","","","","","","","","","","","","","","","","","","","","","","","","","","","",4.6,1,"","","","","","","","","","","","","","","","","","","","","","","","","","","","",100,1,"","","","","","","","","","","","","","","","","","","","","","","","","","","","","","","","","","","","","","","","","","","","","","","","","","","","","","","","","","","","","","","","","","","","","","","","","","","","","","","","","","","","","","","","","","","","","","","","","","",6,1,"","","","","","","","","","","","","","","","","","","","","","","","","","","","","",""
"61328002","LE PIN-AU-HARAS -INRAE",48.735833,0.128167,176,2002111809,0.,1,"","","","","","","","","","","","","","","","","","","","","","","","","","","","","","","","","","",6.1,1,"","","","","","","","","","","","","","","","","","","","","","","","","","","","",100,1,"","","","","","","","","","","","","","","","","","","","","","","","","","","","","","","","","","","","","","","","","","","","","","","","","","","","","","","","","","","","","","","","","","","","","","","","","","","","","","","","","","","","","","","","","","","","","","","","","","",36,1,"","","","","","","","","","","","","","","","","","","","","","","","","","","","","",""
"61328002","LE PIN-AU-HARAS -INRAE",48.735833,0.128167,176,2002111810,0.,1,"","","","","","","","","","","","","","","","","","","","","","","","","","","","","","","","","","",7.4,1,"","","","","","","","","","","","","","","","","","","","","","","","","","","","",100,1,"","","","","","","","","","","","","","","","","","","","","","","","","","","","","","","","","","","","","","","","","","","","","","","","","","","","","","","","","","","","","","","","","","","","","","","","","","","","","","","","","","","","","","","","","","","","","","","","","","",68,1,"","","","","","","","","","","","","","","","","","","","","","","","","","","","","",""
"61328002","LE PIN-AU-HARAS -INRAE",48.735833,0.128167,176,2002111811,0.,1,"","","","","","","","","","","","","","","","","","","","","","","","","","","","","","","","","","",8.1,1,"","","","","","","","","","","","","","","","","","","","","","","","","","","","",100,1,"","","","","","","","","","","","","","","","","","","","","","","","","","","","","","","","","","","","","","","","","","","","","","","","","","","","","","","","","","","","","","","","","","","","","","","","","","","","","","","","","","","","","","","","","","","","","","","","","","",98,1,"","","","","","","","","","","","","","","","","","","","","","","","","","","","","",""
"61328002","LE PIN-AU-HARAS -INRAE",48.735833,0.128167,176,2002111812,0.,1,"","","","","","","","","","","","","","","","","","","","","","","","","","","","","","","","","","",7.8,1,"","","","","","","","","","","","","","","","","","","","","","","","","","","","",91,1,"","","","","","","","","","","","","","","","","","","","","","","","","","","","","","","","","","","","","","","","","","","","","","","","","","","","","","","","","","","","","","","","","","","","","","","","","","","","","","","","","","","","","","","","","","","","","","","","","","",50,1,"","","","","","","","","","","","","","","","","","","","","","","","","","","","","",""
"61328002","LE PIN-AU-HARAS -INRAE",48.735833,0.128167,176,2002111813,0.,1,"","","","","","","","","","","","","","","","","","","","","","","","","","","","","","","","","","",8.,1,"","","","","","","","","","","","","","","","","","","","","","","","","","","","",86,1,"","","","","","","","","","","","","","","","","","","","","","","","","","","","","","","","","","","","","","","","","","","","","","","","","","","","","","","","","","","","","","","","","","","","","","","","","","","","","","","","","","","","","","","","","","","","","","","","","","",40,1,"","","","","","","","","","","","","","","","","","","","","","","","","","","","","",""
"61328002","LE PIN-AU-HARAS -INRAE",48.735833,0.128167,176,2002111814,0.,1,"","","","","","","","","","","","","","","","","","","","","","","","","","","","","","","","","","",8.2,1,"","","","","","","","","","","","","","","","","","","","","","","","","","","","",85,1,"","","","","","","","","","","","","","","","","","","","","","","","","","","","","","","","","","","","","","","","","","","","","","","","","","","","","","","","","","","","","","","","","","","","","","","","","","","","","","","","","","","","","","","","","","","","","","","","","","",34,1,"","","","","","","","","","","","","","","","","","","","","","","","","","","","","",""
"61328002","LE PIN-AU-HARAS -INRAE",48.735833,0.128167,176,2002111815,0.,1,"","","","","","","","","","","","","","","","","","","","","","","","","","","","","","","","","","",7.9,1,"","","","","","","","","","","","","","","","","","","","","","","","","","","","",84,1,"","","","","","","","","","","","","","","","","","","","","","","","","","","","","","","","","","","","","","","","","","","","","","","","","","","","","","","","","","","","","","","","","","","","","","","","","","","","","","","","","","","","","","","","","","","","","","","","","","",16,1,"","","","","","","","","","","","","","","","","","","","","","","","","","","","","",""
"61328002","LE PIN-AU-HARAS -INRAE",48.735833,0.128167,176,2002111816,0.,1,"","","","","","","","","","","","","","","","","","","","","","","","","","","","","","","","","","",7.5,1,"","","","","","","","","","","","","","","","","","","","","","","","","","","","",86,1,"","","","","","","","","","","","","","","","","","","","","","","","","","","","","","","","","","","","","","","","","","","","","","","","","","","","","","","","","","","","","","","","","","","","","","","","","","","","","","","","","","","","","","","","","","","","","","","","","","",6,1,"","","","","","","","","","","","","","","","","","","","","","","","","","","","","",""
"61328002","LE PIN-AU-HARAS -INRAE",48.735833,0.128167,176,2002111817,0.,1,"","","","","","","","","","","","","","","","","","","","","","","","","","","","","","","","","","",7.1,1,"","","","","","","","","","","","","","","","","","","","","","","","","","","","",87,1,"","","","","","","","","","","","","","","","","","","","","","","","","","","","","","","","","","","","","","","","","","","","","","","","","","","","","","","","","","","","","","","","","","","","","","","","","","","","","","","","","","","","","","","","","","","","","","","","","","",0,1,"","","","","","","","","","","","","","","","","","","","","","","","","","","","","",""
"61328002","LE PIN-AU-HARAS -INRAE",48.735833,0.128167,176,2002111818,0.,1,"","","","","","","","","","","","","","","","","","","","","","","","","","","","","","","","","","",7.,1,"","","","","","","","","","","","","","","","","","","","","","","","","","","","",88,1,"","","","","","","","","","","","","","","","","","","","","","","","","","","","","","","","","","","","","","","","","","","","","","","","","","","","","","","","","","","","","","","","","","","","","","","","","","","","","","","","","","","","","","","","","","","","","","","","","","",0,1,"","","","","","","","","","","","","","","","","","","","","","","","","","","","","",""
"61328002","LE PIN-AU-HARAS -INRAE",48.735833,0.128167,176,2002111819,0.,1,"","","","","","","","","","","","","","","","","","","","","","","","","","","","","","","","","","",4.6,1,"","","","","","","","","","","","","","","","","","","","","","","","","","","","",90,1,"","","","","","","","","","","","","","","","","","","","","","","","","","","","","","","","","","","","","","","","","","","","","","","","","","","","","","","","","","","","","","","","","","","","","","","","","","","","","","","","","","","","","","","","","","","","","","","","","","",0,1,"","","","","","","","","","","","","","","","","","","","","","","","","","","","","",""
"61328002","LE PIN-AU-HARAS -INRAE",48.735833,0.128167,176,2002111820,0.,1,"","","","","","","","","","","","","","","","","","","","","","","","","","","","","","","","","","",2.3,1,"","","","","","","","","","","","","","","","","","","","","","","","","","","","",94,1,"","","","","","","","","","","","","","","","","","","","","","","","","","","","","","","","","","","","","","","","","","","","","","","","","","","","","","","","","","","","","","","","","","","","","","","","","","","","","","","","","","","","","","","","","","","","","","","","","","",0,1,"","","","","","","","","","","","","","","","","","","","","","","","","","","","","",""
"61328002","LE PIN-AU-HARAS -INRAE",48.735833,0.128167,176,2002111821,0.,1,"","","","","","","","","","","","","","","","","","","","","","","","","","","","","","","","","","",5.,1,"","","","","","","","","","","","","","","","","","","","","","","","","","","","",98,1,"","","","","","","","","","","","","","","","","","","","","","","","","","","","","","","","","","","","","","","","","","","","","","","","","","","","","","","","","","","","","","","","","","","","","","","","","","","","","","","","","","","","","","","","","","","","","","","","","","",0,1,"","","","","","","","","","","","","","","","","","","","","","","","","","","","","",""
"61328002","LE PIN-AU-HARAS -INRAE",48.735833,0.128167,176,2002111822,0.,1,"","","","","","","","","","","","","","","","","","","","","","","","","","","","","","","","","","",5.7,1,"","","","","","","","","","","","","","","","","","","","","","","","","","","","",99,1,"","","","","","","","","","","","","","","","","","","","","","","","","","","","","","","","","","","","","","","","","","","","","","","","","","","","","","","","","","","","","","","","","","","","","","","","","","","","","","","","","","","","","","","","","","","","","","","","","","",0,1,"","","","","","","","","","","","","","","","","","","","","","","","","","","","","",""
"61328002","LE PIN-AU-HARAS -INRAE",48.735833,0.128167,176,2002111823,0.,1,"","","","","","","","","","","","","","","","","","","","","","","","","","","","","","","","","","",5.4,1,"","","","","","","","","","","","","","","","","","","","","","","","","","","","",99,1,"","","","","","","","","","","","","","","","","","","","","","","","","","","","","","","","","","","","","","","","","","","","","","","","","","","","","","","","","","","","","","","","","","","","","","","","","","","","","","","","","","","","","","","","","","","","","","","","","","",0,1,"","","","","","","","","","","","","","","","","","","","","","","","","","","","","",""
"61328002","LE PIN-AU-HARAS -INRAE",48.735833,0.128167,176,2002111900,0.,1,"","","","","","","","","","","","","","","","","","","","","","","","","","","","","","","","","","",5.8,1,"","","","","","","","","","","","","","","","","","","","","","","","","","","","",99,1,"","","","","","","","","","","","","","","","","","","","","","","","","","","","","","","","","","","","","","","","","","","","","","","","","","","","","","","","","","","","","","","","","","","","","","","","","","","","","","","","","","","","","","","","","","","","","","","","","","",0,1,"","","","","","","","","","","","","","","","","","","","","","","","","","","","","",""
"61328002","LE PIN-AU-HARAS -INRAE",48.735833,0.128167,176,2002111901,0.,1,"","","","","","","","","","","","","","","","","","","","","","","","","","","","","","","","","","",5.4,1,"","","","","","","","","","","","","","","","","","","","","","","","","","","","",99,1,"","","","","","","","","","","","","","","","","","","","","","","","","","","","","","","","","","","","","","","","","","","","","","","","","","","","","","","","","","","","","","","","","","","","","","","","","","","","","","","","","","","","","","","","","","","","","","","","","","",0,1,"","","","","","","","","","","","","","","","","","","","","","","","","","","","","",""
"61328002","LE PIN-AU-HARAS -INRAE",48.735833,0.128167,176,2002111902,0.,1,"","","","","","","","","","","","","","","","","","","","","","","","","","","","","","","","","","",4.1,1,"","","","","","","","","","","","","","","","","","","","","","","","","","","","",99,1,"","","","","","","","","","","","","","","","","","","","","","","","","","","","","","","","","","","","","","","","","","","","","","","","","","","","","","","","","","","","","","","","","","","","","","","","","","","","","","","","","","","","","","","","","","","","","","","","","","",0,1,"","","","","","","","","","","","","","","","","","","","","","","","","","","","","",""
"61328002","LE PIN-AU-HARAS -INRAE",48.735833,0.128167,176,2002111903,0.,1,"","","","","","","","","","","","","","","","","","","","","","","","","","","","","","","","","","",6.1,1,"","","","","","","","","","","","","","","","","","","","","","","","","","","","",100,1,"","","","","","","","","","","","","","","","","","","","","","","","","","","","","","","","","","","","","","","","","","","","","","","","","","","","","","","","","","","","","","","","","","","","","","","","","","","","","","","","","","","","","","","","","","","","","","","","","","",0,1,"","","","","","","","","","","","","","","","","","","","","","","","","","","","","",""
"61328002","LE PIN-AU-HARAS -INRAE",48.735833,0.128167,176,2002111904,0.,1,"","","","","","","","","","","","","","","","","","","","","","","","","","","","","","","","","","",6.3,1,"","","","","","","","","","","","","","","","","","","","","","","","","","","","",100,1,"","","","","","","","","","","","","","","","","","","","","","","","","","","","","","","","","","","","","","","","","","","","","","","","","","","","","","","","","","","","","","","","","","","","","","","","","","","","","","","","","","","","","","","","","","","","","","","","","","",0,1,"","","","","","","","","","","","","","","","","","","","","","","","","","","","","",""
"61328002","LE PIN-AU-HARAS -INRAE",48.735833,0.128167,176,2002111905,0.,1,"","","","","","","","","","","","","","","","","","","","","","","","","","","","","","","","","","",6.4,1,"","","","","","","","","","","","","","","","","","","","","","","","","","","","",99,1,"","","","","","","","","","","","","","","","","","","","","","","","","","","","","","","","","","","","","","","","","","","","","","","","","","","","","","","","","","","","","","","","","","","","","","","","","","","","","","","","","","","","","","","","","","","","","","","","","","",0,1,"","","","","","","","","","","","","","","","","","","","","","","","","","","","","",""
"61328002","LE PIN-AU-HARAS -INRAE",48.735833,0.128167,176,2002111906,0.,1,"","","","","","","","","","","","","","","","","","","","","","","","","","","","","","","","","","",6.4,1,"","","","","","","","","","","","","","","","","","","","","","","","","","","","",96,1,"","","","","","","","","","","","","","","","","","","","","","","","","","","","","","","","","","","","","","","","","","","","","","","","","","","","","","","","","","","","","","","","","","","","","","","","","","","","","","","","","","","","","","","","","","","","","","","","","","",0,1,"","","","","","","","","","","","","","","","","","","","","","","","","","","","","",""
"61328002","LE PIN-AU-HARAS -INRAE",48.735833,0.128167,176,2002111907,0.,1,"","","","","","","","","","","","","","","","","","","","","","","","","","","","","","","","","","",6.4,1,"","","","","","","","","","","","","","","","","","","","","","","","","","","","",95,1,"","","","","","","","","","","","","","","","","","","","","","","","","","","","","","","","","","","","","","","","","","","","","","","","","","","","","","","","","","","","","","","","","","","","","","","","","","","","","","","","","","","","","","","","","","","","","","","","","","",0,1,"","","","","","","","","","","","","","","","","","","","","","","","","","","","","",""
"61328002","LE PIN-AU-HARAS -INRAE",48.735833,0.128167,176,2002111908,0.,1,"","","","","","","","","","","","","","","","","","","","","","","","","","","","","","","","","","",6.3,1,"","","","","","","","","","","","","","","","","","","","","","","","","","","","",95,1,"","","","","","","","","","","","","","","","","","","","","","","","","","","","","","","","","","","","","","","","","","","","","","","","","","","","","","","","","","","","","","","","","","","","","","","","","","","","","","","","","","","","","","","","","","","","","","","","","","",2,1,"","","","","","","","","","","","","","","","","","","","","","","","","","","","","",""
"61328002","LE PIN-AU-HARAS -INRAE",48.735833,0.128167,176,2002111909,0.,1,"","","","","","","","","","","","","","","","","","","","","","","","","","","","","","","","","","",6.6,1,"","","","","","","","","","","","","","","","","","","","","","","","","","","","",95,1,"","","","","","","","","","","","","","","","","","","","","","","","","","","","","","","","","","","","","","","","","","","","","","","","","","","","","","","","","","","","","","","","","","","","","","","","","","","","","","","","","","","","","","","","","","","","","","","","","","",18,1,"","","","","","","","","","","","","","","","","","","","","","","","","","","","","",""
"61328002","LE PIN-AU-HARAS -INRAE",48.735833,0.128167,176,2002111910,0.,1,"","","","","","","","","","","","","","","","","","","","","","","","","","","","","","","","","","",6.9,1,"","","","","","","","","","","","","","","","","","","","","","","","","","","","",92,1,"","","","","","","","","","","","","","","","","","","","","","","","","","","","","","","","","","","","","","","","","","","","","","","","","","","","","","","","","","","","","","","","","","","","","","","","","","","","","","","","","","","","","","","","","","","","","","","","","","",32,1,"","","","","","","","","","","","","","","","","","","","","","","","","","","","","",""
"61328002","LE PIN-AU-HARAS -INRAE",48.735833,0.128167,176,2002111911,0.,1,"","","","","","","","","","","","","","","","","","","","","","","","","","","","","","","","","","",6.8,1,"","","","","","","","","","","","","","","","","","","","","","","","","","","","",91,1,"","","","","","","","","","","","","","","","","","","","","","","","","","","","","","","","","","","","","","","","","","","","","","","","","","","","","","","","","","","","","","","","","","","","","","","","","","","","","","","","","","","","","","","","","","","","","","","","","","",30,1,"","","","","","","","","","","","","","","","","","","","","","","","","","","","","",""
"61328002","LE PIN-AU-HARAS -INRAE",48.735833,0.128167,176,2002111912,0.,1,"","","","","","","","","","","","","","","","","","","","","","","","","","","","","","","","","","",7.1,1,"","","","","","","","","","","","","","","","","","","","","","","","","","","","",91,1,"","","","","","","","","","","","","","","","","","","","","","","","","","","","","","","","","","","","","","","","","","","","","","","","","","","","","","","","","","","","","","","","","","","","","","","","","","","","","","","","","","","","","","","","","","","","","","","","","","",38,1,"","","","","","","","","","","","","","","","","","","","","","","","","","","","","",""
"61328002","LE PIN-AU-HARAS -INRAE",48.735833,0.128167,176,2002111913,0.,1,"","","","","","","","","","","","","","","","","","","","","","","","","","","","","","","","","","",8.1,1,"","","","","","","","","","","","","","","","","","","","","","","","","","","","",86,1,"","","","","","","","","","","","","","","","","","","","","","","","","","","","","","","","","","","","","","","","","","","","","","","","","","","","","","","","","","","","","","","","","","","","","","","","","","","","","","","","","","","","","","","","","","","","","","","","","","",62,1,"","","","","","","","","","","","","","","","","","","","","","","","","","","","","",""
"61328002","LE PIN-AU-HARAS -INRAE",48.735833,0.128167,176,2002111914,0.,1,"","","","","","","","","","","","","","","","","","","","","","","","","","","","","","","","","","",8.4,1,"","","","","","","","","","","","","","","","","","","","","","","","","","","","",81,1,"","","","","","","","","","","","","","","","","","","","","","","","","","","","","","","","","","","","","","","","","","","","","","","","","","","","","","","","","","","","","","","","","","","","","","","","","","","","","","","","","","","","","","","","","","","","","","","","","","",66,1,"","","","","","","","","","","","","","","","","","","","","","","","","","","","","",""
"61328002","LE PIN-AU-HARAS -INRAE",48.735833,0.128167,176,2002111915,0.,1,"","","","","","","","","","","","","","","","","","","","","","","","","","","","","","","","","","",7.3,1,"","","","","","","","","","","","","","","","","","","","","","","","","","","","",86,1,"","","","","","","","","","","","","","","","","","","","","","","","","","","","","","","","","","","","","","","","","","","","","","","","","","","","","","","","","","","","","","","","","","","","","","","","","","","","","","","","","","","","","","","","","","","","","","","","","","",50,1,"","","","","","","","","","","","","","","","","","","","","","","","","","","","","",""
"61328002","LE PIN-AU-HARAS -INRAE",48.735833,0.128167,176,2002111916,0.,1,"","","","","","","","","","","","","","","","","","","","","","","","","","","","","","","","","","",5.8,1,"","","","","","","","","","","","","","","","","","","","","","","","","","","","",89,1,"","","","","","","","","","","","","","","","","","","","","","","","","","","","","","","","","","","","","","","","","","","","","","","","","","","","","","","","","","","","","","","","","","","","","","","","","","","","","","","","","","","","","","","","","","","","","","","","","","",12,1,"","","","","","","","","","","","","","","","","","","","","","","","","","","","","",""
"61328002","LE PIN-AU-HARAS -INRAE",48.735833,0.128167,176,2002111917,0.,1,"","","","","","","","","","","","","","","","","","","","","","","","","","","","","","","","","","",5.7,1,"","","","","","","","","","","","","","","","","","","","","","","","","","","","",91,1,"","","","","","","","","","","","","","","","","","","","","","","","","","","","","","","","","","","","","","","","","","","","","","","","","","","","","","","","","","","","","","","","","","","","","","","","","","","","","","","","","","","","","","","","","","","","","","","","","","",0,1,"","","","","","","","","","","","","","","","","","","","","","","","","","","","","",""
"61328002","LE PIN-AU-HARAS -INRAE",48.735833,0.128167,176,2002111918,0.,1,"","","","","","","","","","","","","","","","","","","","","","","","","","","","","","","","","","",5.6,1,"","","","","","","","","","","","","","","","","","","","","","","","","","","","",91,1,"","","","","","","","","","","","","","","","","","","","","","","","","","","","","","","","","","","","","","","","","","","","","","","","","","","","","","","","","","","","","","","","","","","","","","","","","","","","","","","","","","","","","","","","","","","","","","","","","","",0,1,"","","","","","","","","","","","","","","","","","","","","","","","","","","","","",""
"61328002","LE PIN-AU-HARAS -INRAE",48.735833,0.128167,176,2002111919,0.,1,"","","","","","","","","","","","","","","","","","","","","","","","","","","","","","","","","","",5.7,1,"","","","","","","","","","","","","","","","","","","","","","","","","","","","",92,1,"","","","","","","","","","","","","","","","","","","","","","","","","","","","","","","","","","","","","","","","","","","","","","","","","","","","","","","","","","","","","","","","","","","","","","","","","","","","","","","","","","","","","","","","","","","","","","","","","","",0,1,"","","","","","","","","","","","","","","","","","","","","","","","","","","","","",""
"61328002","LE PIN-AU-HARAS -INRAE",48.735833,0.128167,176,2002111920,0.,1,"","","","","","","","","","","","","","","","","","","","","","","","","","","","","","","","","","",5.6,1,"","","","","","","","","","","","","","","","","","","","","","","","","","","","",92,1,"","","","","","","","","","","","","","","","","","","","","","","","","","","","","","","","","","","","","","","","","","","","","","","","","","","","","","","","","","","","","","","","","","","","","","","","","","","","","","","","","","","","","","","","","","","","","","","","","","",0,1,"","","","","","","","","","","","","","","","","","","","","","","","","","","","","",""
"61328002","LE PIN-AU-HARAS -INRAE",48.735833,0.128167,176,2002111921,0.,1,"","","","","","","","","","","","","","","","","","","","","","","","","","","","","","","","","","",5.4,1,"","","","","","","","","","","","","","","","","","","","","","","","","","","","",93,1,"","","","","","","","","","","","","","","","","","","","","","","","","","","","","","","","","","","","","","","","","","","","","","","","","","","","","","","","","","","","","","","","","","","","","","","","","","","","","","","","","","","","","","","","","","","","","","","","","","",0,1,"","","","","","","","","","","","","","","","","","","","","","","","","","","","","",""
"61328002","LE PIN-AU-HARAS -INRAE",48.735833,0.128167,176,2002111922,0.,1,"","","","","","","","","","","","","","","","","","","","","","","","","","","","","","","","","","",5.2,1,"","","","","","","","","","","","","","","","","","","","","","","","","","","","",94,1,"","","","","","","","","","","","","","","","","","","","","","","","","","","","","","","","","","","","","","","","","","","","","","","","","","","","","","","","","","","","","","","","","","","","","","","","","","","","","","","","","","","","","","","","","","","","","","","","","","",0,1,"","","","","","","","","","","","","","","","","","","","","","","","","","","","","",""
"61328002","LE PIN-AU-HARAS -INRAE",48.735833,0.128167,176,2002111923,0.,1,"","","","","","","","","","","","","","","","","","","","","","","","","","","","","","","","","","",5.5,1,"","","","","","","","","","","","","","","","","","","","","","","","","","","","",94,1,"","","","","","","","","","","","","","","","","","","","","","","","","","","","","","","","","","","","","","","","","","","","","","","","","","","","","","","","","","","","","","","","","","","","","","","","","","","","","","","","","","","","","","","","","","","","","","","","","","",0,1,"","","","","","","","","","","","","","","","","","","","","","","","","","","","","",""
"61328002","LE PIN-AU-HARAS -INRAE",48.735833,0.128167,176,2002112000,0.,1,"","","","","","","","","","","","","","","","","","","","","","","","","","","","","","","","","","",5.6,1,"","","","","","","","","","","","","","","","","","","","","","","","","","","","",94,1,"","","","","","","","","","","","","","","","","","","","","","","","","","","","","","","","","","","","","","","","","","","","","","","","","","","","","","","","","","","","","","","","","","","","","","","","","","","","","","","","","","","","","","","","","","","","","","","","","","",0,1,"","","","","","","","","","","","","","","","","","","","","","","","","","","","","",""
"61328002","LE PIN-AU-HARAS -INRAE",48.735833,0.128167,176,2002112001,0.,1,"","","","","","","","","","","","","","","","","","","","","","","","","","","","","","","","","","",5.6,1,"","","","","","","","","","","","","","","","","","","","","","","","","","","","",95,1,"","","","","","","","","","","","","","","","","","","","","","","","","","","","","","","","","","","","","","","","","","","","","","","","","","","","","","","","","","","","","","","","","","","","","","","","","","","","","","","","","","","","","","","","","","","","","","","","","","",0,1,"","","","","","","","","","","","","","","","","","","","","","","","","","","","","",""
"61328002","LE PIN-AU-HARAS -INRAE",48.735833,0.128167,176,2002112002,0.,1,"","","","","","","","","","","","","","","","","","","","","","","","","","","","","","","","","","",5.9,1,"","","","","","","","","","","","","","","","","","","","","","","","","","","","",95,1,"","","","","","","","","","","","","","","","","","","","","","","","","","","","","","","","","","","","","","","","","","","","","","","","","","","","","","","","","","","","","","","","","","","","","","","","","","","","","","","","","","","","","","","","","","","","","","","","","","",0,1,"","","","","","","","","","","","","","","","","","","","","","","","","","","","","",""
"61328002","LE PIN-AU-HARAS -INRAE",48.735833,0.128167,176,2002112003,0.,1,"","","","","","","","","","","","","","","","","","","","","","","","","","","","","","","","","","",6.,1,"","","","","","","","","","","","","","","","","","","","","","","","","","","","",95,1,"","","","","","","","","","","","","","","","","","","","","","","","","","","","","","","","","","","","","","","","","","","","","","","","","","","","","","","","","","","","","","","","","","","","","","","","","","","","","","","","","","","","","","","","","","","","","","","","","","",0,1,"","","","","","","","","","","","","","","","","","","","","","","","","","","","","",""
"61328002","LE PIN-AU-HARAS -INRAE",48.735833,0.128167,176,2002112004,0.,1,"","","","","","","","","","","","","","","","","","","","","","","","","","","","","","","","","","",5.6,1,"","","","","","","","","","","","","","","","","","","","","","","","","","","","",96,1,"","","","","","","","","","","","","","","","","","","","","","","","","","","","","","","","","","","","","","","","","","","","","","","","","","","","","","","","","","","","","","","","","","","","","","","","","","","","","","","","","","","","","","","","","","","","","","","","","","",0,1,"","","","","","","","","","","","","","","","","","","","","","","","","","","","","",""
"61328002","LE PIN-AU-HARAS -INRAE",48.735833,0.128167,176,2002112005,0.,1,"","","","","","","","","","","","","","","","","","","","","","","","","","","","","","","","","","",5.7,1,"","","","","","","","","","","","","","","","","","","","","","","","","","","","",96,1,"","","","","","","","","","","","","","","","","","","","","","","","","","","","","","","","","","","","","","","","","","","","","","","","","","","","","","","","","","","","","","","","","","","","","","","","","","","","","","","","","","","","","","","","","","","","","","","","","","",0,1,"","","","","","","","","","","","","","","","","","","","","","","","","","","","","",""
"61328002","LE PIN-AU-HARAS -INRAE",48.735833,0.128167,176,2002112006,0.,1,"","","","","","","","","","","","","","","","","","","","","","","","","","","","","","","","","","",6.,1,"","","","","","","","","","","","","","","","","","","","","","","","","","","","",93,1,"","","","","","","","","","","","","","","","","","","","","","","","","","","","","","","","","","","","","","","","","","","","","","","","","","","","","","","","","","","","","","","","","","","","","","","","","","","","","","","","","","","","","","","","","","","","","","","","","","",0,1,"","","","","","","","","","","","","","","","","","","","","","","","","","","","","",""
"61328002","LE PIN-AU-HARAS -INRAE",48.735833,0.128167,176,2002112007,0.,1,"","","","","","","","","","","","","","","","","","","","","","","","","","","","","","","","","","",5.9,1,"","","","","","","","","","","","","","","","","","","","","","","","","","","","",93,1,"","","","","","","","","","","","","","","","","","","","","","","","","","","","","","","","","","","","","","","","","","","","","","","","","","","","","","","","","","","","","","","","","","","","","","","","","","","","","","","","","","","","","","","","","","","","","","","","","","",0,1,"","","","","","","","","","","","","","","","","","","","","","","","","","","","","",""
"61328002","LE PIN-AU-HARAS -INRAE",48.735833,0.128167,176,2002112008,0.,1,"","","","","","","","","","","","","","","","","","","","","","","","","","","","","","","","","","",6.4,1,"","","","","","","","","","","","","","","","","","","","","","","","","","","","",92,1,"","","","","","","","","","","","","","","","","","","","","","","","","","","","","","","","","","","","","","","","","","","","","","","","","","","","","","","","","","","","","","","","","","","","","","","","","","","","","","","","","","","","","","","","","","","","","","","","","","",4,1,"","","","","","","","","","","","","","","","","","","","","","","","","","","","","",""
"61328002","LE PIN-AU-HARAS -INRAE",48.735833,0.128167,176,2002112009,0.,1,"","","","","","","","","","","","","","","","","","","","","","","","","","","","","","","","","","",7.1,1,"","","","","","","","","","","","","","","","","","","","","","","","","","","","",91,1,"","","","","","","","","","","","","","","","","","","","","","","","","","","","","","","","","","","","","","","","","","","","","","","","","","","","","","","","","","","","","","","","","","","","","","","","","","","","","","","","","","","","","","","","","","","","","","","","","","",12,1,"","","","","","","","","","","","","","","","","","","","","","","","","","","","","",""
"61328002","LE PIN-AU-HARAS -INRAE",48.735833,0.128167,176,2002112010,0.,1,"","","","","","","","","","","","","","","","","","","","","","","","","","","","","","","","","","",8.,1,"","","","","","","","","","","","","","","","","","","","","","","","","","","","",88,1,"","","","","","","","","","","","","","","","","","","","","","","","","","","","","","","","","","","","","","","","","","","","","","","","","","","","","","","","","","","","","","","","","","","","","","","","","","","","","","","","","","","","","","","","","","","","","","","","","","",36,1,"","","","","","","","","","","","","","","","","","","","","","","","","","","","","",""
"61328002","LE PIN-AU-HARAS -INRAE",48.735833,0.128167,176,2002112011,0.,1,"","","","","","","","","","","","","","","","","","","","","","","","","","","","","","","","","","",8.6,1,"","","","","","","","","","","","","","","","","","","","","","","","","","","","",87,1,"","","","","","","","","","","","","","","","","","","","","","","","","","","","","","","","","","","","","","","","","","","","","","","","","","","","","","","","","","","","","","","","","","","","","","","","","","","","","","","","","","","","","","","","","","","","","","","","","","",44,1,"","","","","","","","","","","","","","","","","","","","","","","","","","","","","",""
"61328002","LE PIN-AU-HARAS -INRAE",48.735833,0.128167,176,2002112012,0.,1,"","","","","","","","","","","","","","","","","","","","","","","","","","","","","","","","","","",8.5,1,"","","","","","","","","","","","","","","","","","","","","","","","","","","","",88,1,"","","","","","","","","","","","","","","","","","","","","","","","","","","","","","","","","","","","","","","","","","","","","","","","","","","","","","","","","","","","","","","","","","","","","","","","","","","","","","","","","","","","","","","","","","","","","","","","","","",32,1,"","","","","","","","","","","","","","","","","","","","","","","","","","","","","",""
"61328002","LE PIN-AU-HARAS -INRAE",48.735833,0.128167,176,2002112013,0.,1,"","","","","","","","","","","","","","","","","","","","","","","","","","","","","","","","","","",8.3,1,"","","","","","","","","","","","","","","","","","","","","","","","","","","","",91,1,"","","","","","","","","","","","","","","","","","","","","","","","","","","","","","","","","","","","","","","","","","","","","","","","","","","","","","","","","","","","","","","","","","","","","","","","","","","","","","","","","","","","","","","","","","","","","","","","","","",38,1,"","","","","","","","","","","","","","","","","","","","","","","","","","","","","",""
"61328002","LE PIN-AU-HARAS -INRAE",48.735833,0.128167,176,2002112014,0.,1,"","","","","","","","","","","","","","","","","","","","","","","","","","","","","","","","","","",8.4,1,"","","","","","","","","","","","","","","","","","","","","","","","","","","","",94,1,"","","","","","","","","","","","","","","","","","","","","","","","","","","","","","","","","","","","","","","","","","","","","","","","","","","","","","","","","","","","","","","","","","","","","","","","","","","","","","","","","","","","","","","","","","","","","","","","","","",26,1,"","","","","","","","","","","","","","","","","","","","","","","","","","","","","",""
"61328002","LE PIN-AU-HARAS -INRAE",48.735833,0.128167,176,2002112015,0.,1,"","","","","","","","","","","","","","","","","","","","","","","","","","","","","","","","","","",8.4,1,"","","","","","","","","","","","","","","","","","","","","","","","","","","","",94,1,"","","","","","","","","","","","","","","","","","","","","","","","","","","","","","","","","","","","","","","","","","","","","","","","","","","","","","","","","","","","","","","","","","","","","","","","","","","","","","","","","","","","","","","","","","","","","","","","","","",12,1,"","","","","","","","","","","","","","","","","","","","","","","","","","","","","",""
"61328002","LE PIN-AU-HARAS -INRAE",48.735833,0.128167,176,2002112016,0.,1,"","","","","","","","","","","","","","","","","","","","","","","","","","","","","","","","","","",8.4,1,"","","","","","","","","","","","","","","","","","","","","","","","","","","","",93,1,"","","","","","","","","","","","","","","","","","","","","","","","","","","","","","","","","","","","","","","","","","","","","","","","","","","","","","","","","","","","","","","","","","","","","","","","","","","","","","","","","","","","","","","","","","","","","","","","","","",4,1,"","","","","","","","","","","","","","","","","","","","","","","","","","","","","",""
"61328002","LE PIN-AU-HARAS -INRAE",48.735833,0.128167,176,2002112017,0.,1,"","","","","","","","","","","","","","","","","","","","","","","","","","","","","","","","","","",8.1,1,"","","","","","","","","","","","","","","","","","","","","","","","","","","","",95,1,"","","","","","","","","","","","","","","","","","","","","","","","","","","","","","","","","","","","","","","","","","","","","","","","","","","","","","","","","","","","","","","","","","","","","","","","","","","","","","","","","","","","","","","","","","","","","","","","","","",0,1,"","","","","","","","","","","","","","","","","","","","","","","","","","","","","",""
"61328002","LE PIN-AU-HARAS -INRAE",48.735833,0.128167,176,2002112018,0.,1,"","","","","","","","","","","","","","","","","","","","","","","","","","","","","","","","","","",7.9,1,"","","","","","","","","","","","","","","","","","","","","","","","","","","","",97,1,"","","","","","","","","","","","","","","","","","","","","","","","","","","","","","","","","","","","","","","","","","","","","","","","","","","","","","","","","","","","","","","","","","","","","","","","","","","","","","","","","","","","","","","","","","","","","","","","","","",0,1,"","","","","","","","","","","","","","","","","","","","","","","","","","","","","",""
"61328002","LE PIN-AU-HARAS -INRAE",48.735833,0.128167,176,2002112019,0.,1,"","","","","","","","","","","","","","","","","","","","","","","","","","","","","","","","","","",8.2,1,"","","","","","","","","","","","","","","","","","","","","","","","","","","","",98,1,"","","","","","","","","","","","","","","","","","","","","","","","","","","","","","","","","","","","","","","","","","","","","","","","","","","","","","","","","","","","","","","","","","","","","","","","","","","","","","","","","","","","","","","","","","","","","","","","","","",0,1,"","","","","","","","","","","","","","","","","","","","","","","","","","","","","",""
"61328002","LE PIN-AU-HARAS -INRAE",48.735833,0.128167,176,2002112020,0.,1,"","","","","","","","","","","","","","","","","","","","","","","","","","","","","","","","","","",8.6,1,"","","","","","","","","","","","","","","","","","","","","","","","","","","","",96,1,"","","","","","","","","","","","","","","","","","","","","","","","","","","","","","","","","","","","","","","","","","","","","","","","","","","","","","","","","","","","","","","","","","","","","","","","","","","","","","","","","","","","","","","","","","","","","","","","","","",0,1,"","","","","","","","","","","","","","","","","","","","","","","","","","","","","",""
"61328002","LE PIN-AU-HARAS -INRAE",48.735833,0.128167,176,2002112021,0.,1,"","","","","","","","","","","","","","","","","","","","","","","","","","","","","","","","","","",8.6,1,"","","","","","","","","","","","","","","","","","","","","","","","","","","","",96,1,"","","","","","","","","","","","","","","","","","","","","","","","","","","","","","","","","","","","","","","","","","","","","","","","","","","","","","","","","","","","","","","","","","","","","","","","","","","","","","","","","","","","","","","","","","","","","","","","","","",0,1,"","","","","","","","","","","","","","","","","","","","","","","","","","","","","",""
"61328002","LE PIN-AU-HARAS -INRAE",48.735833,0.128167,176,2002112022,0.,1,"","","","","","","","","","","","","","","","","","","","","","","","","","","","","","","","","","",9.1,1,"","","","","","","","","","","","","","","","","","","","","","","","","","","","",97,1,"","","","","","","","","","","","","","","","","","","","","","","","","","","","","","","","","","","","","","","","","","","","","","","","","","","","","","","","","","","","","","","","","","","","","","","","","","","","","","","","","","","","","","","","","","","","","","","","","","",0,1,"","","","","","","","","","","","","","","","","","","","","","","","","","","","","",""
"61328002","LE PIN-AU-HARAS -INRAE",48.735833,0.128167,176,2002112023,0.,1,"","","","","","","","","","","","","","","","","","","","","","","","","","","","","","","","","","",9.3,1,"","","","","","","","","","","","","","","","","","","","","","","","","","","","",97,1,"","","","","","","","","","","","","","","","","","","","","","","","","","","","","","","","","","","","","","","","","","","","","","","","","","","","","","","","","","","","","","","","","","","","","","","","","","","","","","","","","","","","","","","","","","","","","","","","","","",0,1,"","","","","","","","","","","","","","","","","","","","","","","","","","","","","",""
"61328002","LE PIN-AU-HARAS -INRAE",48.735833,0.128167,176,2002112100,0.,1,"","","","","","","","","","","","","","","","","","","","","","","","","","","","","","","","","","",9.9,1,"","","","","","","","","","","","","","","","","","","","","","","","","","","","",96,1,"","","","","","","","","","","","","","","","","","","","","","","","","","","","","","","","","","","","","","","","","","","","","","","","","","","","","","","","","","","","","","","","","","","","","","","","","","","","","","","","","","","","","","","","","","","","","","","","","","",0,1,"","","","","","","","","","","","","","","","","","","","","","","","","","","","","",""
"61328002","LE PIN-AU-HARAS -INRAE",48.735833,0.128167,176,2002112101,0.,1,"","","","","","","","","","","","","","","","","","","","","","","","","","","","","","","","","","",10.3,1,"","","","","","","","","","","","","","","","","","","","","","","","","","","","",94,1,"","","","","","","","","","","","","","","","","","","","","","","","","","","","","","","","","","","","","","","","","","","","","","","","","","","","","","","","","","","","","","","","","","","","","","","","","","","","","","","","","","","","","","","","","","","","","","","","","","",0,1,"","","","","","","","","","","","","","","","","","","","","","","","","","","","","",""
"61328002","LE PIN-AU-HARAS -INRAE",48.735833,0.128167,176,2002112102,0.,1,"","","","","","","","","","","","","","","","","","","","","","","","","","","","","","","","","","",11.,1,"","","","","","","","","","","","","","","","","","","","","","","","","","","","",91,1,"","","","","","","","","","","","","","","","","","","","","","","","","","","","","","","","","","","","","","","","","","","","","","","","","","","","","","","","","","","","","","","","","","","","","","","","","","","","","","","","","","","","","","","","","","","","","","","","","","",0,1,"","","","","","","","","","","","","","","","","","","","","","","","","","","","","",""
"61328002","LE PIN-AU-HARAS -INRAE",48.735833,0.128167,176,2002112103,0.,1,"","","","","","","","","","","","","","","","","","","","","","","","","","","","","","","","","","",11.3,1,"","","","","","","","","","","","","","","","","","","","","","","","","","","","",87,1,"","","","","","","","","","","","","","","","","","","","","","","","","","","","","","","","","","","","","","","","","","","","","","","","","","","","","","","","","","","","","","","","","","","","","","","","","","","","","","","","","","","","","","","","","","","","","","","","","","",0,1,"","","","","","","","","","","","","","","","","","","","","","","","","","","","","",""
"61328002","LE PIN-AU-HARAS -INRAE",48.735833,0.128167,176,2002112104,0.,1,"","","","","","","","","","","","","","","","","","","","","","","","","","","","","","","","","","",11.,1,"","","","","","","","","","","","","","","","","","","","","","","","","","","","",79,1,"","","","","","","","","","","","","","","","","","","","","","","","","","","","","","","","","","","","","","","","","","","","","","","","","","","","","","","","","","","","","","","","","","","","","","","","","","","","","","","","","","","","","","","","","","","","","","","","","","",0,1,"","","","","","","","","","","","","","","","","","","","","","","","","","","","","",""
"61328002","LE PIN-AU-HARAS -INRAE",48.735833,0.128167,176,2002112105,0.,1,"","","","","","","","","","","","","","","","","","","","","","","","","","","","","","","","","","",9.3,1,"","","","","","","","","","","","","","","","","","","","","","","","","","","","",81,1,"","","","","","","","","","","","","","","","","","","","","","","","","","","","","","","","","","","","","","","","","","","","","","","","","","","","","","","","","","","","","","","","","","","","","","","","","","","","","","","","","","","","","","","","","","","","","","","","","","",0,1,"","","","","","","","","","","","","","","","","","","","","","","","","","","","","",""
"61328002","LE PIN-AU-HARAS -INRAE",48.735833,0.128167,176,2002112106,0.5,1,"","","","","","","","","","","","","","","","","","","","","","","","","","","","","","","","","","",8.,1,"","","","","","","","","","","","","","","","","","","","","","","","","","","","",90,1,"","","","","","","","","","","","","","","","","","","","","","","","","","","","","","","","","","","","","","","","","","","","","","","","","","","","","","","","","","","","","","","","","","","","","","","","","","","","","","","","","","","","","","","","","","","","","","","","","","",0,1,"","","","","","","","","","","","","","","","","","","","","","","","","","","","","",""
"61328002","LE PIN-AU-HARAS -INRAE",48.735833,0.128167,176,2002112107,0.5,1,"","","","","","","","","","","","","","","","","","","","","","","","","","","","","","","","","","",7.9,1,"","","","","","","","","","","","","","","","","","","","","","","","","","","","",94,1,"","","","","","","","","","","","","","","","","","","","","","","","","","","","","","","","","","","","","","","","","","","","","","","","","","","","","","","","","","","","","","","","","","","","","","","","","","","","","","","","","","","","","","","","","","","","","","","","","","",0,1,"","","","","","","","","","","","","","","","","","","","","","","","","","","","","",""
"61328002","LE PIN-AU-HARAS -INRAE",48.735833,0.128167,176,2002112108,0.5,1,"","","","","","","","","","","","","","","","","","","","","","","","","","","","","","","","","","",8.,1,"","","","","","","","","","","","","","","","","","","","","","","","","","","","",96,1,"","","","","","","","","","","","","","","","","","","","","","","","","","","","","","","","","","","","","","","","","","","","","","","","","","","","","","","","","","","","","","","","","","","","","","","","","","","","","","","","","","","","","","","","","","","","","","","","","","",0,1,"","","","","","","","","","","","","","","","","","","","","","","","","","","","","",""
"61328002","LE PIN-AU-HARAS -INRAE",48.735833,0.128167,176,2002112109,0.5,1,"","","","","","","","","","","","","","","","","","","","","","","","","","","","","","","","","","",8.1,1,"","","","","","","","","","","","","","","","","","","","","","","","","","","","",96,1,"","","","","","","","","","","","","","","","","","","","","","","","","","","","","","","","","","","","","","","","","","","","","","","","","","","","","","","","","","","","","","","","","","","","","","","","","","","","","","","","","","","","","","","","","","","","","","","","","","",6,1,"","","","","","","","","","","","","","","","","","","","","","","","","","","","","",""
"61328002","LE PIN-AU-HARAS -INRAE",48.735833,0.128167,176,2002112110,0.,1,"","","","","","","","","","","","","","","","","","","","","","","","","","","","","","","","","","",8.7,1,"","","","","","","","","","","","","","","","","","","","","","","","","","","","",97,1,"","","","","","","","","","","","","","","","","","","","","","","","","","","","","","","","","","","","","","","","","","","","","","","","","","","","","","","","","","","","","","","","","","","","","","","","","","","","","","","","","","","","","","","","","","","","","","","","","","",8,1,"","","","","","","","","","","","","","","","","","","","","","","","","","","","","",""
"61328002","LE PIN-AU-HARAS -INRAE",48.735833,0.128167,176,2002112111,0.,1,"","","","","","","","","","","","","","","","","","","","","","","","","","","","","","","","","","",9.5,1,"","","","","","","","","","","","","","","","","","","","","","","","","","","","",95,1,"","","","","","","","","","","","","","","","","","","","","","","","","","","","","","","","","","","","","","","","","","","","","","","","","","","","","","","","","","","","","","","","","","","","","","","","","","","","","","","","","","","","","","","","","","","","","","","","","","",20,1,"","","","","","","","","","","","","","","","","","","","","","","","","","","","","",""
"61328002","LE PIN-AU-HARAS -INRAE",48.735833,0.128167,176,2002112112,0.5,1,"","","","","","","","","","","","","","","","","","","","","","","","","","","","","","","","","","",9.6,1,"","","","","","","","","","","","","","","","","","","","","","","","","","","","",95,1,"","","","","","","","","","","","","","","","","","","","","","","","","","","","","","","","","","","","","","","","","","","","","","","","","","","","","","","","","","","","","","","","","","","","","","","","","","","","","","","","","","","","","","","","","","","","","","","","","","",14,1,"","","","","","","","","","","","","","","","","","","","","","","","","","","","","",""
"61328002","LE PIN-AU-HARAS -INRAE",48.735833,0.128167,176,2002112113,0.,1,"","","","","","","","","","","","","","","","","","","","","","","","","","","","","","","","","","",9.6,1,"","","","","","","","","","","","","","","","","","","","","","","","","","","","",92,1,"","","","","","","","","","","","","","","","","","","","","","","","","","","","","","","","","","","","","","","","","","","","","","","","","","","","","","","","","","","","","","","","","","","","","","","","","","","","","","","","","","","","","","","","","","","","","","","","","","",26,1,"","","","","","","","","","","","","","","","","","","","","","","","","","","","","",""
"61328002","LE PIN-AU-HARAS -INRAE",48.735833,0.128167,176,2002112114,1.,1,"","","","","","","","","","","","","","","","","","","","","","","","","","","","","","","","","","",10.1,1,"","","","","","","","","","","","","","","","","","","","","","","","","","","","",90,1,"","","","","","","","","","","","","","","","","","","","","","","","","","","","","","","","","","","","","","","","","","","","","","","","","","","","","","","","","","","","","","","","","","","","","","","","","","","","","","","","","","","","","","","","","","","","","","","","","","",50,1,"","","","","","","","","","","","","","","","","","","","","","","","","","","","","",""
"61328002","LE PIN-AU-HARAS -INRAE",48.735833,0.128167,176,2002112115,0.,1,"","","","","","","","","","","","","","","","","","","","","","","","","","","","","","","","","","",10.1,1,"","","","","","","","","","","","","","","","","","","","","","","","","","","","",82,1,"","","","","","","","","","","","","","","","","","","","","","","","","","","","","","","","","","","","","","","","","","","","","","","","","","","","","","","","","","","","","","","","","","","","","","","","","","","","","","","","","","","","","","","","","","","","","","","","","","",52,1,"","","","","","","","","","","","","","","","","","","","","","","","","","","","","",""
"61328002","LE PIN-AU-HARAS -INRAE",48.735833,0.128167,176,2002112116,0.,1,"","","","","","","","","","","","","","","","","","","","","","","","","","","","","","","","","","",8.9,1,"","","","","","","","","","","","","","","","","","","","","","","","","","","","",88,1,"","","","","","","","","","","","","","","","","","","","","","","","","","","","","","","","","","","","","","","","","","","","","","","","","","","","","","","","","","","","","","","","","","","","","","","","","","","","","","","","","","","","","","","","","","","","","","","","","","",6,1,"","","","","","","","","","","","","","","","","","","","","","","","","","","","","",""
"61328002","LE PIN-AU-HARAS -INRAE",48.735833,0.128167,176,2002112117,0.,1,"","","","","","","","","","","","","","","","","","","","","","","","","","","","","","","","","","",8.,1,"","","","","","","","","","","","","","","","","","","","","","","","","","","","",84,1,"","","","","","","","","","","","","","","","","","","","","","","","","","","","","","","","","","","","","","","","","","","","","","","","","","","","","","","","","","","","","","","","","","","","","","","","","","","","","","","","","","","","","","","","","","","","","","","","","","",0,1,"","","","","","","","","","","","","","","","","","","","","","","","","","","","","",""
"61328002","LE PIN-AU-HARAS -INRAE",48.735833,0.128167,176,2002112118,0.,1,"","","","","","","","","","","","","","","","","","","","","","","","","","","","","","","","","","",7.,1,"","","","","","","","","","","","","","","","","","","","","","","","","","","","",89,1,"","","","","","","","","","","","","","","","","","","","","","","","","","","","","","","","","","","","","","","","","","","","","","","","","","","","","","","","","","","","","","","","","","","","","","","","","","","","","","","","","","","","","","","","","","","","","","","","","","",0,1,"","","","","","","","","","","","","","","","","","","","","","","","","","","","","",""
"61328002","LE PIN-AU-HARAS -INRAE",48.735833,0.128167,176,2002112119,0.,1,"","","","","","","","","","","","","","","","","","","","","","","","","","","","","","","","","","",6.9,1,"","","","","","","","","","","","","","","","","","","","","","","","","","","","",93,1,"","","","","","","","","","","","","","","","","","","","","","","","","","","","","","","","","","","","","","","","","","","","","","","","","","","","","","","","","","","","","","","","","","","","","","","","","","","","","","","","","","","","","","","","","","","","","","","","","","",0,1,"","","","","","","","","","","","","","","","","","","","","","","","","","","","","",""
"61328002","LE PIN-AU-HARAS -INRAE",48.735833,0.128167,176,2002112120,0.,1,"","","","","","","","","","","","","","","","","","","","","","","","","","","","","","","","","","",7.2,1,"","","","","","","","","","","","","","","","","","","","","","","","","","","","",92,1,"","","","","","","","","","","","","","","","","","","","","","","","","","","","","","","","","","","","","","","","","","","","","","","","","","","","","","","","","","","","","","","","","","","","","","","","","","","","","","","","","","","","","","","","","","","","","","","","","","",0,1,"","","","","","","","","","","","","","","","","","","","","","","","","","","","","",""
"61328002","LE PIN-AU-HARAS -INRAE",48.735833,0.128167,176,2002112121,0.,1,"","","","","","","","","","","","","","","","","","","","","","","","","","","","","","","","","","",7.1,1,"","","","","","","","","","","","","","","","","","","","","","","","","","","","",92,1,"","","","","","","","","","","","","","","","","","","","","","","","","","","","","","","","","","","","","","","","","","","","","","","","","","","","","","","","","","","","","","","","","","","","","","","","","","","","","","","","","","","","","","","","","","","","","","","","","","",0,1,"","","","","","","","","","","","","","","","","","","","","","","","","","","","","",""
"61328002","LE PIN-AU-HARAS -INRAE",48.735833,0.128167,176,2002112122,0.,1,"","","","","","","","","","","","","","","","","","","","","","","","","","","","","","","","","","",7.5,1,"","","","","","","","","","","","","","","","","","","","","","","","","","","","",92,1,"","","","","","","","","","","","","","","","","","","","","","","","","","","","","","","","","","","","","","","","","","","","","","","","","","","","","","","","","","","","","","","","","","","","","","","","","","","","","","","","","","","","","","","","","","","","","","","","","","",0,1,"","","","","","","","","","","","","","","","","","","","","","","","","","","","","",""
"61328002","LE PIN-AU-HARAS -INRAE",48.735833,0.128167,176,2002112123,0.,1,"","","","","","","","","","","","","","","","","","","","","","","","","","","","","","","","","","",7.4,1,"","","","","","","","","","","","","","","","","","","","","","","","","","","","",93,1,"","","","","","","","","","","","","","","","","","","","","","","","","","","","","","","","","","","","","","","","","","","","","","","","","","","","","","","","","","","","","","","","","","","","","","","","","","","","","","","","","","","","","","","","","","","","","","","","","","",0,1,"","","","","","","","","","","","","","","","","","","","","","","","","","","","","",""
"61328002","LE PIN-AU-HARAS -INRAE",48.735833,0.128167,176,2002112200,0.,1,"","","","","","","","","","","","","","","","","","","","","","","","","","","","","","","","","","",7.6,1,"","","","","","","","","","","","","","","","","","","","","","","","","","","","",95,1,"","","","","","","","","","","","","","","","","","","","","","","","","","","","","","","","","","","","","","","","","","","","","","","","","","","","","","","","","","","","","","","","","","","","","","","","","","","","","","","","","","","","","","","","","","","","","","","","","","",0,1,"","","","","","","","","","","","","","","","","","","","","","","","","","","","","",""
"61328002","LE PIN-AU-HARAS -INRAE",48.735833,0.128167,176,2002112201,0.,1,"","","","","","","","","","","","","","","","","","","","","","","","","","","","","","","","","","",7.7,1,"","","","","","","","","","","","","","","","","","","","","","","","","","","","",97,1,"","","","","","","","","","","","","","","","","","","","","","","","","","","","","","","","","","","","","","","","","","","","","","","","","","","","","","","","","","","","","","","","","","","","","","","","","","","","","","","","","","","","","","","","","","","","","","","","","","",0,1,"","","","","","","","","","","","","","","","","","","","","","","","","","","","","",""
"61328002","LE PIN-AU-HARAS -INRAE",48.735833,0.128167,176,2002112202,0.,1,"","","","","","","","","","","","","","","","","","","","","","","","","","","","","","","","","","",7.7,1,"","","","","","","","","","","","","","","","","","","","","","","","","","","","",93,1,"","","","","","","","","","","","","","","","","","","","","","","","","","","","","","","","","","","","","","","","","","","","","","","","","","","","","","","","","","","","","","","","","","","","","","","","","","","","","","","","","","","","","","","","","","","","","","","","","","",0,1,"","","","","","","","","","","","","","","","","","","","","","","","","","","","","",""
"61328002","LE PIN-AU-HARAS -INRAE",48.735833,0.128167,176,2002112203,0.,1,"","","","","","","","","","","","","","","","","","","","","","","","","","","","","","","","","","",7.8,1,"","","","","","","","","","","","","","","","","","","","","","","","","","","","",94,1,"","","","","","","","","","","","","","","","","","","","","","","","","","","","","","","","","","","","","","","","","","","","","","","","","","","","","","","","","","","","","","","","","","","","","","","","","","","","","","","","","","","","","","","","","","","","","","","","","","",0,1,"","","","","","","","","","","","","","","","","","","","","","","","","","","","","",""
"61328002","LE PIN-AU-HARAS -INRAE",48.735833,0.128167,176,2002112204,0.,1,"","","","","","","","","","","","","","","","","","","","","","","","","","","","","","","","","","",6.9,1,"","","","","","","","","","","","","","","","","","","","","","","","","","","","",93,1,"","","","","","","","","","","","","","","","","","","","","","","","","","","","","","","","","","","","","","","","","","","","","","","","","","","","","","","","","","","","","","","","","","","","","","","","","","","","","","","","","","","","","","","","","","","","","","","","","","",0,1,"","","","","","","","","","","","","","","","","","","","","","","","","","","","","",""
"61328002","LE PIN-AU-HARAS -INRAE",48.735833,0.128167,176,2002112205,0.,1,"","","","","","","","","","","","","","","","","","","","","","","","","","","","","","","","","","",6.1,1,"","","","","","","","","","","","","","","","","","","","","","","","","","","","",93,1,"","","","","","","","","","","","","","","","","","","","","","","","","","","","","","","","","","","","","","","","","","","","","","","","","","","","","","","","","","","","","","","","","","","","","","","","","","","","","","","","","","","","","","","","","","","","","","","","","","",0,1,"","","","","","","","","","","","","","","","","","","","","","","","","","","","","",""
"61328002","LE PIN-AU-HARAS -INRAE",48.735833,0.128167,176,2002112206,0.,1,"","","","","","","","","","","","","","","","","","","","","","","","","","","","","","","","","","",6.2,1,"","","","","","","","","","","","","","","","","","","","","","","","","","","","",93,1,"","","","","","","","","","","","","","","","","","","","","","","","","","","","","","","","","","","","","","","","","","","","","","","","","","","","","","","","","","","","","","","","","","","","","","","","","","","","","","","","","","","","","","","","","","","","","","","","","","",0,1,"","","","","","","","","","","","","","","","","","","","","","","","","","","","","",""
"61328002","LE PIN-AU-HARAS -INRAE",48.735833,0.128167,176,2002112207,0.,1,"","","","","","","","","","","","","","","","","","","","","","","","","","","","","","","","","","",6.5,1,"","","","","","","","","","","","","","","","","","","","","","","","","","","","",93,1,"","","","","","","","","","","","","","","","","","","","","","","","","","","","","","","","","","","","","","","","","","","","","","","","","","","","","","","","","","","","","","","","","","","","","","","","","","","","","","","","","","","","","","","","","","","","","","","","","","",0,1,"","","","","","","","","","","","","","","","","","","","","","","","","","","","","",""
"61328002","LE PIN-AU-HARAS -INRAE",48.735833,0.128167,176,2002112208,0.,1,"","","","","","","","","","","","","","","","","","","","","","","","","","","","","","","","","","",6.7,1,"","","","","","","","","","","","","","","","","","","","","","","","","","","","",90,1,"","","","","","","","","","","","","","","","","","","","","","","","","","","","","","","","","","","","","","","","","","","","","","","","","","","","","","","","","","","","","","","","","","","","","","","","","","","","","","","","","","","","","","","","","","","","","","","","","","",6,1,"","","","","","","","","","","","","","","","","","","","","","","","","","","","","",""
"61328002","LE PIN-AU-HARAS -INRAE",48.735833,0.128167,176,2002112209,0.,1,"","","","","","","","","","","","","","","","","","","","","","","","","","","","","","","","","","",7.4,1,"","","","","","","","","","","","","","","","","","","","","","","","","","","","",88,1,"","","","","","","","","","","","","","","","","","","","","","","","","","","","","","","","","","","","","","","","","","","","","","","","","","","","","","","","","","","","","","","","","","","","","","","","","","","","","","","","","","","","","","","","","","","","","","","","","","",20,1,"","","","","","","","","","","","","","","","","","","","","","","","","","","","","",""
"61328002","LE PIN-AU-HARAS -INRAE",48.735833,0.128167,176,2002112210,0.,1,"","","","","","","","","","","","","","","","","","","","","","","","","","","","","","","","","","",8.5,1,"","","","","","","","","","","","","","","","","","","","","","","","","","","","",82,1,"","","","","","","","","","","","","","","","","","","","","","","","","","","","","","","","","","","","","","","","","","","","","","","","","","","","","","","","","","","","","","","","","","","","","","","","","","","","","","","","","","","","","","","","","","","","","","","","","","",76,1,"","","","","","","","","","","","","","","","","","","","","","","","","","","","","",""
"61328002","LE PIN-AU-HARAS -INRAE",48.735833,0.128167,176,2002112211,0.,1,"","","","","","","","","","","","","","","","","","","","","","","","","","","","","","","","","","",9.7,1,"","","","","","","","","","","","","","","","","","","","","","","","","","","","",79,1,"","","","","","","","","","","","","","","","","","","","","","","","","","","","","","","","","","","","","","","","","","","","","","","","","","","","","","","","","","","","","","","","","","","","","","","","","","","","","","","","","","","","","","","","","","","","","","","","","","",100,1,"","","","","","","","","","","","","","","","","","","","","","","","","","","","","",""
"61328002","LE PIN-AU-HARAS -INRAE",48.735833,0.128167,176,2002112212,0.,1,"","","","","","","","","","","","","","","","","","","","","","","","","","","","","","","","","","",9.6,1,"","","","","","","","","","","","","","","","","","","","","","","","","","","","",81,1,"","","","","","","","","","","","","","","","","","","","","","","","","","","","","","","","","","","","","","","","","","","","","","","","","","","","","","","","","","","","","","","","","","","","","","","","","","","","","","","","","","","","","","","","","","","","","","","","","","",58,1,"","","","","","","","","","","","","","","","","","","","","","","","","","","","","",""
"61328002","LE PIN-AU-HARAS -INRAE",48.735833,0.128167,176,2002112213,0.,1,"","","","","","","","","","","","","","","","","","","","","","","","","","","","","","","","","","",10.2,1,"","","","","","","","","","","","","","","","","","","","","","","","","","","","",75,1,"","","","","","","","","","","","","","","","","","","","","","","","","","","","","","","","","","","","","","","","","","","","","","","","","","","","","","","","","","","","","","","","","","","","","","","","","","","","","","","","","","","","","","","","","","","","","","","","","","",84,1,"","","","","","","","","","","","","","","","","","","","","","","","","","","","","",""
"61328002","LE PIN-AU-HARAS -INRAE",48.735833,0.128167,176,2002112214,0.,1,"","","","","","","","","","","","","","","","","","","","","","","","","","","","","","","","","","",10.,1,"","","","","","","","","","","","","","","","","","","","","","","","","","","","",74,1,"","","","","","","","","","","","","","","","","","","","","","","","","","","","","","","","","","","","","","","","","","","","","","","","","","","","","","","","","","","","","","","","","","","","","","","","","","","","","","","","","","","","","","","","","","","","","","","","","","",70,1,"","","","","","","","","","","","","","","","","","","","","","","","","","","","","",""
"61328002","LE PIN-AU-HARAS -INRAE",48.735833,0.128167,176,2002112215,0.,1,"","","","","","","","","","","","","","","","","","","","","","","","","","","","","","","","","","",9.4,1,"","","","","","","","","","","","","","","","","","","","","","","","","","","","",75,1,"","","","","","","","","","","","","","","","","","","","","","","","","","","","","","","","","","","","","","","","","","","","","","","","","","","","","","","","","","","","","","","","","","","","","","","","","","","","","","","","","","","","","","","","","","","","","","","","","","",52,1,"","","","","","","","","","","","","","","","","","","","","","","","","","","","","",""
"61328002","LE PIN-AU-HARAS -INRAE",48.735833,0.128167,176,2002112216,0.,1,"","","","","","","","","","","","","","","","","","","","","","","","","","","","","","","","","","",8.4,1,"","","","","","","","","","","","","","","","","","","","","","","","","","","","",82,1,"","","","","","","","","","","","","","","","","","","","","","","","","","","","","","","","","","","","","","","","","","","","","","","","","","","","","","","","","","","","","","","","","","","","","","","","","","","","","","","","","","","","","","","","","","","","","","","","","","",14,1,"","","","","","","","","","","","","","","","","","","","","","","","","","","","","",""
"61328002","LE PIN-AU-HARAS -INRAE",48.735833,0.128167,176,2002112217,0.,1,"","","","","","","","","","","","","","","","","","","","","","","","","","","","","","","","","","",7.2,1,"","","","","","","","","","","","","","","","","","","","","","","","","","","","",87,1,"","","","","","","","","","","","","","","","","","","","","","","","","","","","","","","","","","","","","","","","","","","","","","","","","","","","","","","","","","","","","","","","","","","","","","","","","","","","","","","","","","","","","","","","","","","","","","","","","","",0,1,"","","","","","","","","","","","","","","","","","","","","","","","","","","","","",""
"61328002","LE PIN-AU-HARAS -INRAE",48.735833,0.128167,176,2002112218,0.,1,"","","","","","","","","","","","","","","","","","","","","","","","","","","","","","","","","","",7.3,1,"","","","","","","","","","","","","","","","","","","","","","","","","","","","",87,1,"","","","","","","","","","","","","","","","","","","","","","","","","","","","","","","","","","","","","","","","","","","","","","","","","","","","","","","","","","","","","","","","","","","","","","","","","","","","","","","","","","","","","","","","","","","","","","","","","","",0,1,"","","","","","","","","","","","","","","","","","","","","","","","","","","","","",""
"61328002","LE PIN-AU-HARAS -INRAE",48.735833,0.128167,176,2002112219,0.,1,"","","","","","","","","","","","","","","","","","","","","","","","","","","","","","","","","","",6.9,1,"","","","","","","","","","","","","","","","","","","","","","","","","","","","",87,1,"","","","","","","","","","","","","","","","","","","","","","","","","","","","","","","","","","","","","","","","","","","","","","","","","","","","","","","","","","","","","","","","","","","","","","","","","","","","","","","","","","","","","","","","","","","","","","","","","","",0,1,"","","","","","","","","","","","","","","","","","","","","","","","","","","","","",""
"61328002","LE PIN-AU-HARAS -INRAE",48.735833,0.128167,176,2002112220,0.,1,"","","","","","","","","","","","","","","","","","","","","","","","","","","","","","","","","","",5.9,1,"","","","","","","","","","","","","","","","","","","","","","","","","","","","",90,1,"","","","","","","","","","","","","","","","","","","","","","","","","","","","","","","","","","","","","","","","","","","","","","","","","","","","","","","","","","","","","","","","","","","","","","","","","","","","","","","","","","","","","","","","","","","","","","","","","","",0,1,"","","","","","","","","","","","","","","","","","","","","","","","","","","","","",""
"61328002","LE PIN-AU-HARAS -INRAE",48.735833,0.128167,176,2002112221,0.,1,"","","","","","","","","","","","","","","","","","","","","","","","","","","","","","","","","","",5.6,1,"","","","","","","","","","","","","","","","","","","","","","","","","","","","",92,1,"","","","","","","","","","","","","","","","","","","","","","","","","","","","","","","","","","","","","","","","","","","","","","","","","","","","","","","","","","","","","","","","","","","","","","","","","","","","","","","","","","","","","","","","","","","","","","","","","","",0,1,"","","","","","","","","","","","","","","","","","","","","","","","","","","","","",""
"61328002","LE PIN-AU-HARAS -INRAE",48.735833,0.128167,176,2002112222,0.,1,"","","","","","","","","","","","","","","","","","","","","","","","","","","","","","","","","","",5.2,1,"","","","","","","","","","","","","","","","","","","","","","","","","","","","",92,1,"","","","","","","","","","","","","","","","","","","","","","","","","","","","","","","","","","","","","","","","","","","","","","","","","","","","","","","","","","","","","","","","","","","","","","","","","","","","","","","","","","","","","","","","","","","","","","","","","","",0,1,"","","","","","","","","","","","","","","","","","","","","","","","","","","","","",""
"61328002","LE PIN-AU-HARAS -INRAE",48.735833,0.128167,176,2002112223,0.,1,"","","","","","","","","","","","","","","","","","","","","","","","","","","","","","","","","","",4.9,1,"","","","","","","","","","","","","","","","","","","","","","","","","","","","",95,1,"","","","","","","","","","","","","","","","","","","","","","","","","","","","","","","","","","","","","","","","","","","","","","","","","","","","","","","","","","","","","","","","","","","","","","","","","","","","","","","","","","","","","","","","","","","","","","","","","","",0,1,"","","","","","","","","","","","","","","","","","","","","","","","","","","","","",""
"61328002","LE PIN-AU-HARAS -INRAE",48.735833,0.128167,176,2002112300,0.5,1,"","","","","","","","","","","","","","","","","","","","","","","","","","","","","","","","","","",4.3,1,"","","","","","","","","","","","","","","","","","","","","","","","","","","","",95,1,"","","","","","","","","","","","","","","","","","","","","","","","","","","","","","","","","","","","","","","","","","","","","","","","","","","","","","","","","","","","","","","","","","","","","","","","","","","","","","","","","","","","","","","","","","","","","","","","","","",0,1,"","","","","","","","","","","","","","","","","","","","","","","","","","","","","",""
"61328002","LE PIN-AU-HARAS -INRAE",48.735833,0.128167,176,2002112301,0.,1,"","","","","","","","","","","","","","","","","","","","","","","","","","","","","","","","","","",4.9,1,"","","","","","","","","","","","","","","","","","","","","","","","","","","","",97,1,"","","","","","","","","","","","","","","","","","","","","","","","","","","","","","","","","","","","","","","","","","","","","","","","","","","","","","","","","","","","","","","","","","","","","","","","","","","","","","","","","","","","","","","","","","","","","","","","","","",0,1,"","","","","","","","","","","","","","","","","","","","","","","","","","","","","",""
"61328002","LE PIN-AU-HARAS -INRAE",48.735833,0.128167,176,2002112302,0.,1,"","","","","","","","","","","","","","","","","","","","","","","","","","","","","","","","","","",5.9,1,"","","","","","","","","","","","","","","","","","","","","","","","","","","","",97,1,"","","","","","","","","","","","","","","","","","","","","","","","","","","","","","","","","","","","","","","","","","","","","","","","","","","","","","","","","","","","","","","","","","","","","","","","","","","","","","","","","","","","","","","","","","","","","","","","","","",0,1,"","","","","","","","","","","","","","","","","","","","","","","","","","","","","",""
"61328002","LE PIN-AU-HARAS -INRAE",48.735833,0.128167,176,2002112303,0.,1,"","","","","","","","","","","","","","","","","","","","","","","","","","","","","","","","","","",5.9,1,"","","","","","","","","","","","","","","","","","","","","","","","","","","","",96,1,"","","","","","","","","","","","","","","","","","","","","","","","","","","","","","","","","","","","","","","","","","","","","","","","","","","","","","","","","","","","","","","","","","","","","","","","","","","","","","","","","","","","","","","","","","","","","","","","","","",0,1,"","","","","","","","","","","","","","","","","","","","","","","","","","","","","",""
"61328002","LE PIN-AU-HARAS -INRAE",48.735833,0.128167,176,2002112304,0.,1,"","","","","","","","","","","","","","","","","","","","","","","","","","","","","","","","","","",6.9,1,"","","","","","","","","","","","","","","","","","","","","","","","","","","","",96,1,"","","","","","","","","","","","","","","","","","","","","","","","","","","","","","","","","","","","","","","","","","","","","","","","","","","","","","","","","","","","","","","","","","","","","","","","","","","","","","","","","","","","","","","","","","","","","","","","","","",0,1,"","","","","","","","","","","","","","","","","","","","","","","","","","","","","",""
"61328002","LE PIN-AU-HARAS -INRAE",48.735833,0.128167,176,2002112305,0.,1,"","","","","","","","","","","","","","","","","","","","","","","","","","","","","","","","","","",7.4,1,"","","","","","","","","","","","","","","","","","","","","","","","","","","","",94,1,"","","","","","","","","","","","","","","","","","","","","","","","","","","","","","","","","","","","","","","","","","","","","","","","","","","","","","","","","","","","","","","","","","","","","","","","","","","","","","","","","","","","","","","","","","","","","","","","","","",0,1,"","","","","","","","","","","","","","","","","","","","","","","","","","","","","",""
"61328002","LE PIN-AU-HARAS -INRAE",48.735833,0.128167,176,2002112306,0.,1,"","","","","","","","","","","","","","","","","","","","","","","","","","","","","","","","","","",7.6,1,"","","","","","","","","","","","","","","","","","","","","","","","","","","","",95,1,"","","","","","","","","","","","","","","","","","","","","","","","","","","","","","","","","","","","","","","","","","","","","","","","","","","","","","","","","","","","","","","","","","","","","","","","","","","","","","","","","","","","","","","","","","","","","","","","","","",0,1,"","","","","","","","","","","","","","","","","","","","","","","","","","","","","",""
"61328002","LE PIN-AU-HARAS -INRAE",48.735833,0.128167,176,2002112307,0.,1,"","","","","","","","","","","","","","","","","","","","","","","","","","","","","","","","","","",7.6,1,"","","","","","","","","","","","","","","","","","","","","","","","","","","","",95,1,"","","","","","","","","","","","","","","","","","","","","","","","","","","","","","","","","","","","","","","","","","","","","","","","","","","","","","","","","","","","","","","","","","","","","","","","","","","","","","","","","","","","","","","","","","","","","","","","","","",0,1,"","","","","","","","","","","","","","","","","","","","","","","","","","","","","",""
"61328002","LE PIN-AU-HARAS -INRAE",48.735833,0.128167,176,2002112308,1.5,1,"","","","","","","","","","","","","","","","","","","","","","","","","","","","","","","","","","",7.4,1,"","","","","","","","","","","","","","","","","","","","","","","","","","","","",96,1,"","","","","","","","","","","","","","","","","","","","","","","","","","","","","","","","","","","","","","","","","","","","","","","","","","","","","","","","","","","","","","","","","","","","","","","","","","","","","","","","","","","","","","","","","","","","","","","","","","",0,1,"","","","","","","","","","","","","","","","","","","","","","","","","","","","","",""
"61328002","LE PIN-AU-HARAS -INRAE",48.735833,0.128167,176,2002112309,0.5,1,"","","","","","","","","","","","","","","","","","","","","","","","","","","","","","","","","","",7.8,1,"","","","","","","","","","","","","","","","","","","","","","","","","","","","",97,1,"","","","","","","","","","","","","","","","","","","","","","","","","","","","","","","","","","","","","","","","","","","","","","","","","","","","","","","","","","","","","","","","","","","","","","","","","","","","","","","","","","","","","","","","","","","","","","","","","","",10,1,"","","","","","","","","","","","","","","","","","","","","","","","","","","","","",""
"61328002","LE PIN-AU-HARAS -INRAE",48.735833,0.128167,176,2002112310,0.,1,"","","","","","","","","","","","","","","","","","","","","","","","","","","","","","","","","","",7.9,1,"","","","","","","","","","","","","","","","","","","","","","","","","","","","",97,1,"","","","","","","","","","","","","","","","","","","","","","","","","","","","","","","","","","","","","","","","","","","","","","","","","","","","","","","","","","","","","","","","","","","","","","","","","","","","","","","","","","","","","","","","","","","","","","","","","","",30,1,"","","","","","","","","","","","","","","","","","","","","","","","","","","","","",""
"61328002","LE PIN-AU-HARAS -INRAE",48.735833,0.128167,176,2002112311,0.,1,"","","","","","","","","","","","","","","","","","","","","","","","","","","","","","","","","","",8.4,1,"","","","","","","","","","","","","","","","","","","","","","","","","","","","",96,1,"","","","","","","","","","","","","","","","","","","","","","","","","","","","","","","","","","","","","","","","","","","","","","","","","","","","","","","","","","","","","","","","","","","","","","","","","","","","","","","","","","","","","","","","","","","","","","","","","","",34,1,"","","","","","","","","","","","","","","","","","","","","","","","","","","","","",""
"61328002","LE PIN-AU-HARAS -INRAE",48.735833,0.128167,176,2002112312,0.,1,"","","","","","","","","","","","","","","","","","","","","","","","","","","","","","","","","","",8.5,1,"","","","","","","","","","","","","","","","","","","","","","","","","","","","",94,1,"","","","","","","","","","","","","","","","","","","","","","","","","","","","","","","","","","","","","","","","","","","","","","","","","","","","","","","","","","","","","","","","","","","","","","","","","","","","","","","","","","","","","","","","","","","","","","","","","","",32,1,"","","","","","","","","","","","","","","","","","","","","","","","","","","","","",""
"61328002","LE PIN-AU-HARAS -INRAE",48.735833,0.128167,176,2002112313,0.,1,"","","","","","","","","","","","","","","","","","","","","","","","","","","","","","","","","","",8.7,1,"","","","","","","","","","","","","","","","","","","","","","","","","","","","",92,1,"","","","","","","","","","","","","","","","","","","","","","","","","","","","","","","","","","","","","","","","","","","","","","","","","","","","","","","","","","","","","","","","","","","","","","","","","","","","","","","","","","","","","","","","","","","","","","","","","","",34,1,"","","","","","","","","","","","","","","","","","","","","","","","","","","","","",""
"61328002","LE PIN-AU-HARAS -INRAE",48.735833,0.128167,176,2002112314,0.,1,"","","","","","","","","","","","","","","","","","","","","","","","","","","","","","","","","","",8.8,1,"","","","","","","","","","","","","","","","","","","","","","","","","","","","",91,1,"","","","","","","","","","","","","","","","","","","","","","","","","","","","","","","","","","","","","","","","","","","","","","","","","","","","","","","","","","","","","","","","","","","","","","","","","","","","","","","","","","","","","","","","","","","","","","","","","","",24,1,"","","","","","","","","","","","","","","","","","","","","","","","","","","","","",""
"61328002","LE PIN-AU-HARAS -INRAE",48.735833,0.128167,176,2002112315,0.,1,"","","","","","","","","","","","","","","","","","","","","","","","","","","","","","","","","","",9.1,1,"","","","","","","","","","","","","","","","","","","","","","","","","","","","",90,1,"","","","","","","","","","","","","","","","","","","","","","","","","","","","","","","","","","","","","","","","","","","","","","","","","","","","","","","","","","","","","","","","","","","","","","","","","","","","","","","","","","","","","","","","","","","","","","","","","","",30,1,"","","","","","","","","","","","","","","","","","","","","","","","","","","","","",""
"61328002","LE PIN-AU-HARAS -INRAE",48.735833,0.128167,176,2002112316,0.,1,"","","","","","","","","","","","","","","","","","","","","","","","","","","","","","","","","","",8.5,1,"","","","","","","","","","","","","","","","","","","","","","","","","","","","",91,1,"","","","","","","","","","","","","","","","","","","","","","","","","","","","","","","","","","","","","","","","","","","","","","","","","","","","","","","","","","","","","","","","","","","","","","","","","","","","","","","","","","","","","","","","","","","","","","","","","","",14,1,"","","","","","","","","","","","","","","","","","","","","","","","","","","","","",""
"61328002","LE PIN-AU-HARAS -INRAE",48.735833,0.128167,176,2002112317,0.,1,"","","","","","","","","","","","","","","","","","","","","","","","","","","","","","","","","","",8.8,1,"","","","","","","","","","","","","","","","","","","","","","","","","","","","",93,1,"","","","","","","","","","","","","","","","","","","","","","","","","","","","","","","","","","","","","","","","","","","","","","","","","","","","","","","","","","","","","","","","","","","","","","","","","","","","","","","","","","","","","","","","","","","","","","","","","","",0,1,"","","","","","","","","","","","","","","","","","","","","","","","","","","","","",""
"61328002","LE PIN-AU-HARAS -INRAE",48.735833,0.128167,176,2002112318,0.,1,"","","","","","","","","","","","","","","","","","","","","","","","","","","","","","","","","","",8.2,1,"","","","","","","","","","","","","","","","","","","","","","","","","","","","",94,1,"","","","","","","","","","","","","","","","","","","","","","","","","","","","","","","","","","","","","","","","","","","","","","","","","","","","","","","","","","","","","","","","","","","","","","","","","","","","","","","","","","","","","","","","","","","","","","","","","","",0,1,"","","","","","","","","","","","","","","","","","","","","","","","","","","","","",""
"61328002","LE PIN-AU-HARAS -INRAE",48.735833,0.128167,176,2002112319,0.,1,"","","","","","","","","","","","","","","","","","","","","","","","","","","","","","","","","","",8.1,1,"","","","","","","","","","","","","","","","","","","","","","","","","","","","",92,1,"","","","","","","","","","","","","","","","","","","","","","","","","","","","","","","","","","","","","","","","","","","","","","","","","","","","","","","","","","","","","","","","","","","","","","","","","","","","","","","","","","","","","","","","","","","","","","","","","","",0,1,"","","","","","","","","","","","","","","","","","","","","","","","","","","","","",""
"61328002","LE PIN-AU-HARAS -INRAE",48.735833,0.128167,176,2002112320,0.,1,"","","","","","","","","","","","","","","","","","","","","","","","","","","","","","","","","","",7.5,1,"","","","","","","","","","","","","","","","","","","","","","","","","","","","",91,1,"","","","","","","","","","","","","","","","","","","","","","","","","","","","","","","","","","","","","","","","","","","","","","","","","","","","","","","","","","","","","","","","","","","","","","","","","","","","","","","","","","","","","","","","","","","","","","","","","","",0,1,"","","","","","","","","","","","","","","","","","","","","","","","","","","","","",""
"61328002","LE PIN-AU-HARAS -INRAE",48.735833,0.128167,176,2002112321,0.,1,"","","","","","","","","","","","","","","","","","","","","","","","","","","","","","","","","","",6.9,1,"","","","","","","","","","","","","","","","","","","","","","","","","","","","",88,1,"","","","","","","","","","","","","","","","","","","","","","","","","","","","","","","","","","","","","","","","","","","","","","","","","","","","","","","","","","","","","","","","","","","","","","","","","","","","","","","","","","","","","","","","","","","","","","","","","","",0,1,"","","","","","","","","","","","","","","","","","","","","","","","","","","","","",""
"61328002","LE PIN-AU-HARAS -INRAE",48.735833,0.128167,176,2002112322,0.,1,"","","","","","","","","","","","","","","","","","","","","","","","","","","","","","","","","","",6.3,1,"","","","","","","","","","","","","","","","","","","","","","","","","","","","",92,1,"","","","","","","","","","","","","","","","","","","","","","","","","","","","","","","","","","","","","","","","","","","","","","","","","","","","","","","","","","","","","","","","","","","","","","","","","","","","","","","","","","","","","","","","","","","","","","","","","","",0,1,"","","","","","","","","","","","","","","","","","","","","","","","","","","","","",""
"61328002","LE PIN-AU-HARAS -INRAE",48.735833,0.128167,176,2002112323,0.,1,"","","","","","","","","","","","","","","","","","","","","","","","","","","","","","","","","","",5.9,1,"","","","","","","","","","","","","","","","","","","","","","","","","","","","",94,1,"","","","","","","","","","","","","","","","","","","","","","","","","","","","","","","","","","","","","","","","","","","","","","","","","","","","","","","","","","","","","","","","","","","","","","","","","","","","","","","","","","","","","","","","","","","","","","","","","","",0,1,"","","","","","","","","","","","","","","","","","","","","","","","","","","","","",""
"61328002","LE PIN-AU-HARAS -INRAE",48.735833,0.128167,176,2002112400,0.,1,"","","","","","","","","","","","","","","","","","","","","","","","","","","","","","","","","","",5.4,1,"","","","","","","","","","","","","","","","","","","","","","","","","","","","",96,1,"","","","","","","","","","","","","","","","","","","","","","","","","","","","","","","","","","","","","","","","","","","","","","","","","","","","","","","","","","","","","","","","","","","","","","","","","","","","","","","","","","","","","","","","","","","","","","","","","","",0,1,"","","","","","","","","","","","","","","","","","","","","","","","","","","","","",""
"61328002","LE PIN-AU-HARAS -INRAE",48.735833,0.128167,176,2002112401,0.,1,"","","","","","","","","","","","","","","","","","","","","","","","","","","","","","","","","","",5.2,1,"","","","","","","","","","","","","","","","","","","","","","","","","","","","",97,1,"","","","","","","","","","","","","","","","","","","","","","","","","","","","","","","","","","","","","","","","","","","","","","","","","","","","","","","","","","","","","","","","","","","","","","","","","","","","","","","","","","","","","","","","","","","","","","","","","","",0,1,"","","","","","","","","","","","","","","","","","","","","","","","","","","","","",""
"61328002","LE PIN-AU-HARAS -INRAE",48.735833,0.128167,176,2002112402,0.,1,"","","","","","","","","","","","","","","","","","","","","","","","","","","","","","","","","","",4.8,1,"","","","","","","","","","","","","","","","","","","","","","","","","","","","",98,1,"","","","","","","","","","","","","","","","","","","","","","","","","","","","","","","","","","","","","","","","","","","","","","","","","","","","","","","","","","","","","","","","","","","","","","","","","","","","","","","","","","","","","","","","","","","","","","","","","","",0,1,"","","","","","","","","","","","","","","","","","","","","","","","","","","","","",""
"61328002","LE PIN-AU-HARAS -INRAE",48.735833,0.128167,176,2002112403,0.,1,"","","","","","","","","","","","","","","","","","","","","","","","","","","","","","","","","","",5.5,1,"","","","","","","","","","","","","","","","","","","","","","","","","","","","",99,1,"","","","","","","","","","","","","","","","","","","","","","","","","","","","","","","","","","","","","","","","","","","","","","","","","","","","","","","","","","","","","","","","","","","","","","","","","","","","","","","","","","","","","","","","","","","","","","","","","","",0,1,"","","","","","","","","","","","","","","","","","","","","","","","","","","","","",""
"61328002","LE PIN-AU-HARAS -INRAE",48.735833,0.128167,176,2002112404,0.,1,"","","","","","","","","","","","","","","","","","","","","","","","","","","","","","","","","","",4.4,1,"","","","","","","","","","","","","","","","","","","","","","","","","","","","",98,1,"","","","","","","","","","","","","","","","","","","","","","","","","","","","","","","","","","","","","","","","","","","","","","","","","","","","","","","","","","","","","","","","","","","","","","","","","","","","","","","","","","","","","","","","","","","","","","","","","","",0,1,"","","","","","","","","","","","","","","","","","","","","","","","","","","","","",""
"61328002","LE PIN-AU-HARAS -INRAE",48.735833,0.128167,176,2002112405,0.,1,"","","","","","","","","","","","","","","","","","","","","","","","","","","","","","","","","","",4.1,1,"","","","","","","","","","","","","","","","","","","","","","","","","","","","",98,1,"","","","","","","","","","","","","","","","","","","","","","","","","","","","","","","","","","","","","","","","","","","","","","","","","","","","","","","","","","","","","","","","","","","","","","","","","","","","","","","","","","","","","","","","","","","","","","","","","","",0,1,"","","","","","","","","","","","","","","","","","","","","","","","","","","","","",""
"61328002","LE PIN-AU-HARAS -INRAE",48.735833,0.128167,176,2002112406,0.,1,"","","","","","","","","","","","","","","","","","","","","","","","","","","","","","","","","","",4.8,1,"","","","","","","","","","","","","","","","","","","","","","","","","","","","",99,1,"","","","","","","","","","","","","","","","","","","","","","","","","","","","","","","","","","","","","","","","","","","","","","","","","","","","","","","","","","","","","","","","","","","","","","","","","","","","","","","","","","","","","","","","","","","","","","","","","","",0,1,"","","","","","","","","","","","","","","","","","","","","","","","","","","","","",""
"61328002","LE PIN-AU-HARAS -INRAE",48.735833,0.128167,176,2002112407,0.,1,"","","","","","","","","","","","","","","","","","","","","","","","","","","","","","","","","","",4.6,1,"","","","","","","","","","","","","","","","","","","","","","","","","","","","",99,1,"","","","","","","","","","","","","","","","","","","","","","","","","","","","","","","","","","","","","","","","","","","","","","","","","","","","","","","","","","","","","","","","","","","","","","","","","","","","","","","","","","","","","","","","","","","","","","","","","","",0,1,"","","","","","","","","","","","","","","","","","","","","","","","","","","","","",""
"61328002","LE PIN-AU-HARAS -INRAE",48.735833,0.128167,176,2002112408,0.,1,"","","","","","","","","","","","","","","","","","","","","","","","","","","","","","","","","","",3.6,1,"","","","","","","","","","","","","","","","","","","","","","","","","","","","",99,1,"","","","","","","","","","","","","","","","","","","","","","","","","","","","","","","","","","","","","","","","","","","","","","","","","","","","","","","","","","","","","","","","","","","","","","","","","","","","","","","","","","","","","","","","","","","","","","","","","","",4,1,"","","","","","","","","","","","","","","","","","","","","","","","","","","","","",""
"61328002","LE PIN-AU-HARAS -INRAE",48.735833,0.128167,176,2002112409,0.,1,"","","","","","","","","","","","","","","","","","","","","","","","","","","","","","","","","","",6.6,1,"","","","","","","","","","","","","","","","","","","","","","","","","","","","",100,1,"","","","","","","","","","","","","","","","","","","","","","","","","","","","","","","","","","","","","","","","","","","","","","","","","","","","","","","","","","","","","","","","","","","","","","","","","","","","","","","","","","","","","","","","","","","","","","","","","","",24,1,"","","","","","","","","","","","","","","","","","","","","","","","","","","","","",""
"61328002","LE PIN-AU-HARAS -INRAE",48.735833,0.128167,176,2002112410,0.,1,"","","","","","","","","","","","","","","","","","","","","","","","","","","","","","","","","","",7.6,1,"","","","","","","","","","","","","","","","","","","","","","","","","","","","",92,1,"","","","","","","","","","","","","","","","","","","","","","","","","","","","","","","","","","","","","","","","","","","","","","","","","","","","","","","","","","","","","","","","","","","","","","","","","","","","","","","","","","","","","","","","","","","","","","","","","","",64,1,"","","","","","","","","","","","","","","","","","","","","","","","","","","","","",""
"61328002","LE PIN-AU-HARAS -INRAE",48.735833,0.128167,176,2002112411,0.5,1,"","","","","","","","","","","","","","","","","","","","","","","","","","","","","","","","","","",7.,1,"","","","","","","","","","","","","","","","","","","","","","","","","","","","",94,1,"","","","","","","","","","","","","","","","","","","","","","","","","","","","","","","","","","","","","","","","","","","","","","","","","","","","","","","","","","","","","","","","","","","","","","","","","","","","","","","","","","","","","","","","","","","","","","","","","","",32,1,"","","","","","","","","","","","","","","","","","","","","","","","","","","","","",""
"61328002","LE PIN-AU-HARAS -INRAE",48.735833,0.128167,176,2002112412,0.,1,"","","","","","","","","","","","","","","","","","","","","","","","","","","","","","","","","","",10.7,1,"","","","","","","","","","","","","","","","","","","","","","","","","","","","",86,1,"","","","","","","","","","","","","","","","","","","","","","","","","","","","","","","","","","","","","","","","","","","","","","","","","","","","","","","","","","","","","","","","","","","","","","","","","","","","","","","","","","","","","","","","","","","","","","","","","","",110,1,"","","","","","","","","","","","","","","","","","","","","","","","","","","","","",""
"61328002","LE PIN-AU-HARAS -INRAE",48.735833,0.128167,176,2002112413,0.,1,"","","","","","","","","","","","","","","","","","","","","","","","","","","","","","","","","","",9.3,1,"","","","","","","","","","","","","","","","","","","","","","","","","","","","",88,1,"","","","","","","","","","","","","","","","","","","","","","","","","","","","","","","","","","","","","","","","","","","","","","","","","","","","","","","","","","","","","","","","","","","","","","","","","","","","","","","","","","","","","","","","","","","","","","","","","","",80,1,"","","","","","","","","","","","","","","","","","","","","","","","","","","","","",""
"61328002","LE PIN-AU-HARAS -INRAE",48.735833,0.128167,176,2002112414,0.,1,"","","","","","","","","","","","","","","","","","","","","","","","","","","","","","","","","","",10.9,1,"","","","","","","","","","","","","","","","","","","","","","","","","","","","",82,1,"","","","","","","","","","","","","","","","","","","","","","","","","","","","","","","","","","","","","","","","","","","","","","","","","","","","","","","","","","","","","","","","","","","","","","","","","","","","","","","","","","","","","","","","","","","","","","","","","","",76,1,"","","","","","","","","","","","","","","","","","","","","","","","","","","","","",""
"61328002","LE PIN-AU-HARAS -INRAE",48.735833,0.128167,176,2002112415,0.,1,"","","","","","","","","","","","","","","","","","","","","","","","","","","","","","","","","","",10.4,1,"","","","","","","","","","","","","","","","","","","","","","","","","","","","",81,1,"","","","","","","","","","","","","","","","","","","","","","","","","","","","","","","","","","","","","","","","","","","","","","","","","","","","","","","","","","","","","","","","","","","","","","","","","","","","","","","","","","","","","","","","","","","","","","","","","","",58,1,"","","","","","","","","","","","","","","","","","","","","","","","","","","","","",""
"61328002","LE PIN-AU-HARAS -INRAE",48.735833,0.128167,176,2002112416,0.,1,"","","","","","","","","","","","","","","","","","","","","","","","","","","","","","","","","","",7.6,1,"","","","","","","","","","","","","","","","","","","","","","","","","","","","",89,1,"","","","","","","","","","","","","","","","","","","","","","","","","","","","","","","","","","","","","","","","","","","","","","","","","","","","","","","","","","","","","","","","","","","","","","","","","","","","","","","","","","","","","","","","","","","","","","","","","","",12,1,"","","","","","","","","","","","","","","","","","","","","","","","","","","","","",""
"61328002","LE PIN-AU-HARAS -INRAE",48.735833,0.128167,176,2002112417,0.,1,"","","","","","","","","","","","","","","","","","","","","","","","","","","","","","","","","","",3.7,1,"","","","","","","","","","","","","","","","","","","","","","","","","","","","",94,1,"","","","","","","","","","","","","","","","","","","","","","","","","","","","","","","","","","","","","","","","","","","","","","","","","","","","","","","","","","","","","","","","","","","","","","","","","","","","","","","","","","","","","","","","","","","","","","","","","","",0,1,"","","","","","","","","","","","","","","","","","","","","","","","","","","","","",""
"61328002","LE PIN-AU-HARAS -INRAE",48.735833,0.128167,176,2002112418,0.,1,"","","","","","","","","","","","","","","","","","","","","","","","","","","","","","","","","","",2.6,1,"","","","","","","","","","","","","","","","","","","","","","","","","","","","",96,1,"","","","","","","","","","","","","","","","","","","","","","","","","","","","","","","","","","","","","","","","","","","","","","","","","","","","","","","","","","","","","","","","","","","","","","","","","","","","","","","","","","","","","","","","","","","","","","","","","","",0,1,"","","","","","","","","","","","","","","","","","","","","","","","","","","","","",""
"61328002","LE PIN-AU-HARAS -INRAE",48.735833,0.128167,176,2002112419,0.,1,"","","","","","","","","","","","","","","","","","","","","","","","","","","","","","","","","","",1.9,1,"","","","","","","","","","","","","","","","","","","","","","","","","","","","",97,1,"","","","","","","","","","","","","","","","","","","","","","","","","","","","","","","","","","","","","","","","","","","","","","","","","","","","","","","","","","","","","","","","","","","","","","","","","","","","","","","","","","","","","","","","","","","","","","","","","","",0,1,"","","","","","","","","","","","","","","","","","","","","","","","","","","","","",""
"61328002","LE PIN-AU-HARAS -INRAE",48.735833,0.128167,176,2002112420,0.,1,"","","","","","","","","","","","","","","","","","","","","","","","","","","","","","","","","","",1.3,1,"","","","","","","","","","","","","","","","","","","","","","","","","","","","",98,1,"","","","","","","","","","","","","","","","","","","","","","","","","","","","","","","","","","","","","","","","","","","","","","","","","","","","","","","","","","","","","","","","","","","","","","","","","","","","","","","","","","","","","","","","","","","","","","","","","","",0,1,"","","","","","","","","","","","","","","","","","","","","","","","","","","","","",""
"61328002","LE PIN-AU-HARAS -INRAE",48.735833,0.128167,176,2002112421,0.,1,"","","","","","","","","","","","","","","","","","","","","","","","","","","","","","","","","","",0.9,1,"","","","","","","","","","","","","","","","","","","","","","","","","","","","",98,1,"","","","","","","","","","","","","","","","","","","","","","","","","","","","","","","","","","","","","","","","","","","","","","","","","","","","","","","","","","","","","","","","","","","","","","","","","","","","","","","","","","","","","","","","","","","","","","","","","","",0,1,"","","","","","","","","","","","","","","","","","","","","","","","","","","","","",""
"61328002","LE PIN-AU-HARAS -INRAE",48.735833,0.128167,176,2002112422,0.,1,"","","","","","","","","","","","","","","","","","","","","","","","","","","","","","","","","","",2.9,1,"","","","","","","","","","","","","","","","","","","","","","","","","","","","",100,1,"","","","","","","","","","","","","","","","","","","","","","","","","","","","","","","","","","","","","","","","","","","","","","","","","","","","","","","","","","","","","","","","","","","","","","","","","","","","","","","","","","","","","","","","","","","","","","","","","","",0,1,"","","","","","","","","","","","","","","","","","","","","","","","","","","","","",""
"61328002","LE PIN-AU-HARAS -INRAE",48.735833,0.128167,176,2002112423,0.,1,"","","","","","","","","","","","","","","","","","","","","","","","","","","","","","","","","","",4.1,1,"","","","","","","","","","","","","","","","","","","","","","","","","","","","",100,1,"","","","","","","","","","","","","","","","","","","","","","","","","","","","","","","","","","","","","","","","","","","","","","","","","","","","","","","","","","","","","","","","","","","","","","","","","","","","","","","","","","","","","","","","","","","","","","","","","","",0,1,"","","","","","","","","","","","","","","","","","","","","","","","","","","","","",""
"61328002","LE PIN-AU-HARAS -INRAE",48.735833,0.128167,176,2002112500,0.,1,"","","","","","","","","","","","","","","","","","","","","","","","","","","","","","","","","","",5.1,1,"","","","","","","","","","","","","","","","","","","","","","","","","","","","",100,1,"","","","","","","","","","","","","","","","","","","","","","","","","","","","","","","","","","","","","","","","","","","","","","","","","","","","","","","","","","","","","","","","","","","","","","","","","","","","","","","","","","","","","","","","","","","","","","","","","","",0,1,"","","","","","","","","","","","","","","","","","","","","","","","","","","","","",""
"61328002","LE PIN-AU-HARAS -INRAE",48.735833,0.128167,176,2002112501,0.,1,"","","","","","","","","","","","","","","","","","","","","","","","","","","","","","","","","","",5.7,1,"","","","","","","","","","","","","","","","","","","","","","","","","","","","",100,1,"","","","","","","","","","","","","","","","","","","","","","","","","","","","","","","","","","","","","","","","","","","","","","","","","","","","","","","","","","","","","","","","","","","","","","","","","","","","","","","","","","","","","","","","","","","","","","","","","","",0,1,"","","","","","","","","","","","","","","","","","","","","","","","","","","","","",""
"61328002","LE PIN-AU-HARAS -INRAE",48.735833,0.128167,176,2002112502,0.,1,"","","","","","","","","","","","","","","","","","","","","","","","","","","","","","","","","","",4.9,1,"","","","","","","","","","","","","","","","","","","","","","","","","","","","",100,1,"","","","","","","","","","","","","","","","","","","","","","","","","","","","","","","","","","","","","","","","","","","","","","","","","","","","","","","","","","","","","","","","","","","","","","","","","","","","","","","","","","","","","","","","","","","","","","","","","","",0,1,"","","","","","","","","","","","","","","","","","","","","","","","","","","","","",""
"61328002","LE PIN-AU-HARAS -INRAE",48.735833,0.128167,176,2002112503,0.,1,"","","","","","","","","","","","","","","","","","","","","","","","","","","","","","","","","","",4.6,1,"","","","","","","","","","","","","","","","","","","","","","","","","","","","",100,1,"","","","","","","","","","","","","","","","","","","","","","","","","","","","","","","","","","","","","","","","","","","","","","","","","","","","","","","","","","","","","","","","","","","","","","","","","","","","","","","","","","","","","","","","","","","","","","","","","","",0,1,"","","","","","","","","","","","","","","","","","","","","","","","","","","","","",""
"61328002","LE PIN-AU-HARAS -INRAE",48.735833,0.128167,176,2002112504,0.,1,"","","","","","","","","","","","","","","","","","","","","","","","","","","","","","","","","","",4.6,1,"","","","","","","","","","","","","","","","","","","","","","","","","","","","",100,1,"","","","","","","","","","","","","","","","","","","","","","","","","","","","","","","","","","","","","","","","","","","","","","","","","","","","","","","","","","","","","","","","","","","","","","","","","","","","","","","","","","","","","","","","","","","","","","","","","","",0,1,"","","","","","","","","","","","","","","","","","","","","","","","","","","","","",""
"61328002","LE PIN-AU-HARAS -INRAE",48.735833,0.128167,176,2002112505,0.,1,"","","","","","","","","","","","","","","","","","","","","","","","","","","","","","","","","","",4.5,1,"","","","","","","","","","","","","","","","","","","","","","","","","","","","",100,1,"","","","","","","","","","","","","","","","","","","","","","","","","","","","","","","","","","","","","","","","","","","","","","","","","","","","","","","","","","","","","","","","","","","","","","","","","","","","","","","","","","","","","","","","","","","","","","","","","","",0,1,"","","","","","","","","","","","","","","","","","","","","","","","","","","","","",""
"61328002","LE PIN-AU-HARAS -INRAE",48.735833,0.128167,176,2002112506,0.,1,"","","","","","","","","","","","","","","","","","","","","","","","","","","","","","","","","","",4.4,1,"","","","","","","","","","","","","","","","","","","","","","","","","","","","",100,1,"","","","","","","","","","","","","","","","","","","","","","","","","","","","","","","","","","","","","","","","","","","","","","","","","","","","","","","","","","","","","","","","","","","","","","","","","","","","","","","","","","","","","","","","","","","","","","","","","","",0,1,"","","","","","","","","","","","","","","","","","","","","","","","","","","","","",""
"61328002","LE PIN-AU-HARAS -INRAE",48.735833,0.128167,176,2002112507,0.,1,"","","","","","","","","","","","","","","","","","","","","","","","","","","","","","","","","","",4.7,1,"","","","","","","","","","","","","","","","","","","","","","","","","","","","",100,1,"","","","","","","","","","","","","","","","","","","","","","","","","","","","","","","","","","","","","","","","","","","","","","","","","","","","","","","","","","","","","","","","","","","","","","","","","","","","","","","","","","","","","","","","","","","","","","","","","","",0,1,"","","","","","","","","","","","","","","","","","","","","","","","","","","","","",""
"61328002","LE PIN-AU-HARAS -INRAE",48.735833,0.128167,176,2002112508,0.,1,"","","","","","","","","","","","","","","","","","","","","","","","","","","","","","","","","","",5.4,1,"","","","","","","","","","","","","","","","","","","","","","","","","","","","",100,1,"","","","","","","","","","","","","","","","","","","","","","","","","","","","","","","","","","","","","","","","","","","","","","","","","","","","","","","","","","","","","","","","","","","","","","","","","","","","","","","","","","","","","","","","","","","","","","","","","","",2,1,"","","","","","","","","","","","","","","","","","","","","","","","","","","","","",""
"61328002","LE PIN-AU-HARAS -INRAE",48.735833,0.128167,176,2002112509,0.,1,"","","","","","","","","","","","","","","","","","","","","","","","","","","","","","","","","","",5.9,1,"","","","","","","","","","","","","","","","","","","","","","","","","","","","",100,1,"","","","","","","","","","","","","","","","","","","","","","","","","","","","","","","","","","","","","","","","","","","","","","","","","","","","","","","","","","","","","","","","","","","","","","","","","","","","","","","","","","","","","","","","","","","","","","","","","","",8,1,"","","","","","","","","","","","","","","","","","","","","","","","","","","","","",""
"61328002","LE PIN-AU-HARAS -INRAE",48.735833,0.128167,176,2002112510,0.,1,"","","","","","","","","","","","","","","","","","","","","","","","","","","","","","","","","","",6.7,1,"","","","","","","","","","","","","","","","","","","","","","","","","","","","",100,1,"","","","","","","","","","","","","","","","","","","","","","","","","","","","","","","","","","","","","","","","","","","","","","","","","","","","","","","","","","","","","","","","","","","","","","","","","","","","","","","","","","","","","","","","","","","","","","","","","","",18,1,"","","","","","","","","","","","","","","","","","","","","","","","","","","","","",""
"61328002","LE PIN-AU-HARAS -INRAE",48.735833,0.128167,176,2002112511,0.,1,"","","","","","","","","","","","","","","","","","","","","","","","","","","","","","","","","","",7.8,1,"","","","","","","","","","","","","","","","","","","","","","","","","","","","",100,1,"","","","","","","","","","","","","","","","","","","","","","","","","","","","","","","","","","","","","","","","","","","","","","","","","","","","","","","","","","","","","","","","","","","","","","","","","","","","","","","","","","","","","","","","","","","","","","","","","","",46,1,"","","","","","","","","","","","","","","","","","","","","","","","","","","","","",""
"61328002","LE PIN-AU-HARAS -INRAE",48.735833,0.128167,176,2002112512,0.,1,"","","","","","","","","","","","","","","","","","","","","","","","","","","","","","","","","","",9.2,1,"","","","","","","","","","","","","","","","","","","","","","","","","","","","",100,1,"","","","","","","","","","","","","","","","","","","","","","","","","","","","","","","","","","","","","","","","","","","","","","","","","","","","","","","","","","","","","","","","","","","","","","","","","","","","","","","","","","","","","","","","","","","","","","","","","","",78,1,"","","","","","","","","","","","","","","","","","","","","","","","","","","","","",""
"61328002","LE PIN-AU-HARAS -INRAE",48.735833,0.128167,176,2002112513,0.,1,"","","","","","","","","","","","","","","","","","","","","","","","","","","","","","","","","","",10.6,1,"","","","","","","","","","","","","","","","","","","","","","","","","","","","",100,1,"","","","","","","","","","","","","","","","","","","","","","","","","","","","","","","","","","","","","","","","","","","","","","","","","","","","","","","","","","","","","","","","","","","","","","","","","","","","","","","","","","","","","","","","","","","","","","","","","","",114,1,"","","","","","","","","","","","","","","","","","","","","","","","","","","","","",""
"61328002","LE PIN-AU-HARAS -INRAE",48.735833,0.128167,176,2002112514,0.,1,"","","","","","","","","","","","","","","","","","","","","","","","","","","","","","","","","","",10.7,1,"","","","","","","","","","","","","","","","","","","","","","","","","","","","",91,1,"","","","","","","","","","","","","","","","","","","","","","","","","","","","","","","","","","","","","","","","","","","","","","","","","","","","","","","","","","","","","","","","","","","","","","","","","","","","","","","","","","","","","","","","","","","","","","","","","","",92,1,"","","","","","","","","","","","","","","","","","","","","","","","","","","","","",""
"61328002","LE PIN-AU-HARAS -INRAE",48.735833,0.128167,176,2002112515,0.,1,"","","","","","","","","","","","","","","","","","","","","","","","","","","","","","","","","","",9.3,1,"","","","","","","","","","","","","","","","","","","","","","","","","","","","",91,1,"","","","","","","","","","","","","","","","","","","","","","","","","","","","","","","","","","","","","","","","","","","","","","","","","","","","","","","","","","","","","","","","","","","","","","","","","","","","","","","","","","","","","","","","","","","","","","","","","","",44,1,"","","","","","","","","","","","","","","","","","","","","","","","","","","","","",""
"61328002","LE PIN-AU-HARAS -INRAE",48.735833,0.128167,176,2002112516,0.,1,"","","","","","","","","","","","","","","","","","","","","","","","","","","","","","","","","","",7.1,1,"","","","","","","","","","","","","","","","","","","","","","","","","","","","",92,1,"","","","","","","","","","","","","","","","","","","","","","","","","","","","","","","","","","","","","","","","","","","","","","","","","","","","","","","","","","","","","","","","","","","","","","","","","","","","","","","","","","","","","","","","","","","","","","","","","","",6,1,"","","","","","","","","","","","","","","","","","","","","","","","","","","","","",""
"61328002","LE PIN-AU-HARAS -INRAE",48.735833,0.128167,176,2002112517,0.,1,"","","","","","","","","","","","","","","","","","","","","","","","","","","","","","","","","","",7.4,1,"","","","","","","","","","","","","","","","","","","","","","","","","","","","",97,1,"","","","","","","","","","","","","","","","","","","","","","","","","","","","","","","","","","","","","","","","","","","","","","","","","","","","","","","","","","","","","","","","","","","","","","","","","","","","","","","","","","","","","","","","","","","","","","","","","","",0,1,"","","","","","","","","","","","","","","","","","","","","","","","","","","","","",""
"61328002","LE PIN-AU-HARAS -INRAE",48.735833,0.128167,176,2002112518,0.,1,"","","","","","","","","","","","","","","","","","","","","","","","","","","","","","","","","","",7.3,1,"","","","","","","","","","","","","","","","","","","","","","","","","","","","",98,1,"","","","","","","","","","","","","","","","","","","","","","","","","","","","","","","","","","","","","","","","","","","","","","","","","","","","","","","","","","","","","","","","","","","","","","","","","","","","","","","","","","","","","","","","","","","","","","","","","","",0,1,"","","","","","","","","","","","","","","","","","","","","","","","","","","","","",""
"61328002","LE PIN-AU-HARAS -INRAE",48.735833,0.128167,176,2002112519,0.,1,"","","","","","","","","","","","","","","","","","","","","","","","","","","","","","","","","","",3.7,1,"","","","","","","","","","","","","","","","","","","","","","","","","","","","",97,1,"","","","","","","","","","","","","","","","","","","","","","","","","","","","","","","","","","","","","","","","","","","","","","","","","","","","","","","","","","","","","","","","","","","","","","","","","","","","","","","","","","","","","","","","","","","","","","","","","","",0,1,"","","","","","","","","","","","","","","","","","","","","","","","","","","","","",""
"61328002","LE PIN-AU-HARAS -INRAE",48.735833,0.128167,176,2002112520,0.,1,"","","","","","","","","","","","","","","","","","","","","","","","","","","","","","","","","","",3.3,1,"","","","","","","","","","","","","","","","","","","","","","","","","","","","",99,1,"","","","","","","","","","","","","","","","","","","","","","","","","","","","","","","","","","","","","","","","","","","","","","","","","","","","","","","","","","","","","","","","","","","","","","","","","","","","","","","","","","","","","","","","","","","","","","","","","","",0,1,"","","","","","","","","","","","","","","","","","","","","","","","","","","","","",""
"61328002","LE PIN-AU-HARAS -INRAE",48.735833,0.128167,176,2002112521,0.,1,"","","","","","","","","","","","","","","","","","","","","","","","","","","","","","","","","","",2.,1,"","","","","","","","","","","","","","","","","","","","","","","","","","","","",99,1,"","","","","","","","","","","","","","","","","","","","","","","","","","","","","","","","","","","","","","","","","","","","","","","","","","","","","","","","","","","","","","","","","","","","","","","","","","","","","","","","","","","","","","","","","","","","","","","","","","",0,1,"","","","","","","","","","","","","","","","","","","","","","","","","","","","","",""
"61328002","LE PIN-AU-HARAS -INRAE",48.735833,0.128167,176,2002112522,0.,1,"","","","","","","","","","","","","","","","","","","","","","","","","","","","","","","","","","",1.9,1,"","","","","","","","","","","","","","","","","","","","","","","","","","","","",100,1,"","","","","","","","","","","","","","","","","","","","","","","","","","","","","","","","","","","","","","","","","","","","","","","","","","","","","","","","","","","","","","","","","","","","","","","","","","","","","","","","","","","","","","","","","","","","","","","","","","",0,1,"","","","","","","","","","","","","","","","","","","","","","","","","","","","","",""
"61328002","LE PIN-AU-HARAS -INRAE",48.735833,0.128167,176,2002112523,0.,1,"","","","","","","","","","","","","","","","","","","","","","","","","","","","","","","","","","",1.3,1,"","","","","","","","","","","","","","","","","","","","","","","","","","","","",100,1,"","","","","","","","","","","","","","","","","","","","","","","","","","","","","","","","","","","","","","","","","","","","","","","","","","","","","","","","","","","","","","","","","","","","","","","","","","","","","","","","","","","","","","","","","","","","","","","","","","",0,1,"","","","","","","","","","","","","","","","","","","","","","","","","","","","","",""
"61328002","LE PIN-AU-HARAS -INRAE",48.735833,0.128167,176,2002112600,0.,1,"","","","","","","","","","","","","","","","","","","","","","","","","","","","","","","","","","",1.3,1,"","","","","","","","","","","","","","","","","","","","","","","","","","","","",100,1,"","","","","","","","","","","","","","","","","","","","","","","","","","","","","","","","","","","","","","","","","","","","","","","","","","","","","","","","","","","","","","","","","","","","","","","","","","","","","","","","","","","","","","","","","","","","","","","","","","",0,1,"","","","","","","","","","","","","","","","","","","","","","","","","","","","","",""
"61328002","LE PIN-AU-HARAS -INRAE",48.735833,0.128167,176,2002112601,0.,1,"","","","","","","","","","","","","","","","","","","","","","","","","","","","","","","","","","",1.4,1,"","","","","","","","","","","","","","","","","","","","","","","","","","","","",100,1,"","","","","","","","","","","","","","","","","","","","","","","","","","","","","","","","","","","","","","","","","","","","","","","","","","","","","","","","","","","","","","","","","","","","","","","","","","","","","","","","","","","","","","","","","","","","","","","","","","",0,1,"","","","","","","","","","","","","","","","","","","","","","","","","","","","","",""
"61328002","LE PIN-AU-HARAS -INRAE",48.735833,0.128167,176,2002112602,0.,1,"","","","","","","","","","","","","","","","","","","","","","","","","","","","","","","","","","",1.,1,"","","","","","","","","","","","","","","","","","","","","","","","","","","","",100,1,"","","","","","","","","","","","","","","","","","","","","","","","","","","","","","","","","","","","","","","","","","","","","","","","","","","","","","","","","","","","","","","","","","","","","","","","","","","","","","","","","","","","","","","","","","","","","","","","","","",0,1,"","","","","","","","","","","","","","","","","","","","","","","","","","","","","",""
"61328002","LE PIN-AU-HARAS -INRAE",48.735833,0.128167,176,2002112603,0.,1,"","","","","","","","","","","","","","","","","","","","","","","","","","","","","","","","","","",0.3,1,"","","","","","","","","","","","","","","","","","","","","","","","","","","","",100,1,"","","","","","","","","","","","","","","","","","","","","","","","","","","","","","","","","","","","","","","","","","","","","","","","","","","","","","","","","","","","","","","","","","","","","","","","","","","","","","","","","","","","","","","","","","","","","","","","","","",0,1,"","","","","","","","","","","","","","","","","","","","","","","","","","","","","",""
"61328002","LE PIN-AU-HARAS -INRAE",48.735833,0.128167,176,2002112604,0.,1,"","","","","","","","","","","","","","","","","","","","","","","","","","","","","","","","","","",0.1,1,"","","","","","","","","","","","","","","","","","","","","","","","","","","","",100,1,"","","","","","","","","","","","","","","","","","","","","","","","","","","","","","","","","","","","","","","","","","","","","","","","","","","","","","","","","","","","","","","","","","","","","","","","","","","","","","","","","","","","","","","","","","","","","","","","","","",0,1,"","","","","","","","","","","","","","","","","","","","","","","","","","","","","",""
"61328002","LE PIN-AU-HARAS -INRAE",48.735833,0.128167,176,2002112605,0.,1,"","","","","","","","","","","","","","","","","","","","","","","","","","","","","","","","","","",0.2,1,"","","","","","","","","","","","","","","","","","","","","","","","","","","","",100,1,"","","","","","","","","","","","","","","","","","","","","","","","","","","","","","","","","","","","","","","","","","","","","","","","","","","","","","","","","","","","","","","","","","","","","","","","","","","","","","","","","","","","","","","","","","","","","","","","","","",0,1,"","","","","","","","","","","","","","","","","","","","","","","","","","","","","",""
"61328002","LE PIN-AU-HARAS -INRAE",48.735833,0.128167,176,2002112606,0.,1,"","","","","","","","","","","","","","","","","","","","","","","","","","","","","","","","","","",0.3,1,"","","","","","","","","","","","","","","","","","","","","","","","","","","","",100,1,"","","","","","","","","","","","","","","","","","","","","","","","","","","","","","","","","","","","","","","","","","","","","","","","","","","","","","","","","","","","","","","","","","","","","","","","","","","","","","","","","","","","","","","","","","","","","","","","","","",0,1,"","","","","","","","","","","","","","","","","","","","","","","","","","","","","",""
"61328002","LE PIN-AU-HARAS -INRAE",48.735833,0.128167,176,2002112607,0.,1,"","","","","","","","","","","","","","","","","","","","","","","","","","","","","","","","","","",0.7,1,"","","","","","","","","","","","","","","","","","","","","","","","","","","","",100,1,"","","","","","","","","","","","","","","","","","","","","","","","","","","","","","","","","","","","","","","","","","","","","","","","","","","","","","","","","","","","","","","","","","","","","","","","","","","","","","","","","","","","","","","","","","","","","","","","","","",0,1,"","","","","","","","","","","","","","","","","","","","","","","","","","","","","",""
"61328002","LE PIN-AU-HARAS -INRAE",48.735833,0.128167,176,2002112608,0.,1,"","","","","","","","","","","","","","","","","","","","","","","","","","","","","","","","","","",1.,1,"","","","","","","","","","","","","","","","","","","","","","","","","","","","",100,1,"","","","","","","","","","","","","","","","","","","","","","","","","","","","","","","","","","","","","","","","","","","","","","","","","","","","","","","","","","","","","","","","","","","","","","","","","","","","","","","","","","","","","","","","","","","","","","","","","","",2,1,"","","","","","","","","","","","","","","","","","","","","","","","","","","","","",""
"61328002","LE PIN-AU-HARAS -INRAE",48.735833,0.128167,176,2002112609,0.,1,"","","","","","","","","","","","","","","","","","","","","","","","","","","","","","","","","","",2.6,1,"","","","","","","","","","","","","","","","","","","","","","","","","","","","",100,1,"","","","","","","","","","","","","","","","","","","","","","","","","","","","","","","","","","","","","","","","","","","","","","","","","","","","","","","","","","","","","","","","","","","","","","","","","","","","","","","","","","","","","","","","","","","","","","","","","","",18,1,"","","","","","","","","","","","","","","","","","","","","","","","","","","","","",""
"61328002","LE PIN-AU-HARAS -INRAE",48.735833,0.128167,176,2002112610,0.,1,"","","","","","","","","","","","","","","","","","","","","","","","","","","","","","","","","","",3.8,1,"","","","","","","","","","","","","","","","","","","","","","","","","","","","",100,1,"","","","","","","","","","","","","","","","","","","","","","","","","","","","","","","","","","","","","","","","","","","","","","","","","","","","","","","","","","","","","","","","","","","","","","","","","","","","","","","","","","","","","","","","","","","","","","","","","","",42,1,"","","","","","","","","","","","","","","","","","","","","","","","","","","","","",""
"61328002","LE PIN-AU-HARAS -INRAE",48.735833,0.128167,176,2002112611,0.,1,"","","","","","","","","","","","","","","","","","","","","","","","","","","","","","","","","","",4.9,1,"","","","","","","","","","","","","","","","","","","","","","","","","","","","",100,1,"","","","","","","","","","","","","","","","","","","","","","","","","","","","","","","","","","","","","","","","","","","","","","","","","","","","","","","","","","","","","","","","","","","","","","","","","","","","","","","","","","","","","","","","","","","","","","","","","","",68,1,"","","","","","","","","","","","","","","","","","","","","","","","","","","","","",""
"61328002","LE PIN-AU-HARAS -INRAE",48.735833,0.128167,176,2002112612,0.,1,"","","","","","","","","","","","","","","","","","","","","","","","","","","","","","","","","","",5.2,1,"","","","","","","","","","","","","","","","","","","","","","","","","","","","",100,1,"","","","","","","","","","","","","","","","","","","","","","","","","","","","","","","","","","","","","","","","","","","","","","","","","","","","","","","","","","","","","","","","","","","","","","","","","","","","","","","","","","","","","","","","","","","","","","","","","","",64,1,"","","","","","","","","","","","","","","","","","","","","","","","","","","","","",""
"61328002","LE PIN-AU-HARAS -INRAE",48.735833,0.128167,176,2002112613,0.,1,"","","","","","","","","","","","","","","","","","","","","","","","","","","","","","","","","","",5.5,1,"","","","","","","","","","","","","","","","","","","","","","","","","","","","",100,1,"","","","","","","","","","","","","","","","","","","","","","","","","","","","","","","","","","","","","","","","","","","","","","","","","","","","","","","","","","","","","","","","","","","","","","","","","","","","","","","","","","","","","","","","","","","","","","","","","","",76,1,"","","","","","","","","","","","","","","","","","","","","","","","","","","","","",""
"61328002","LE PIN-AU-HARAS -INRAE",48.735833,0.128167,176,2002112614,0.,1,"","","","","","","","","","","","","","","","","","","","","","","","","","","","","","","","","","",5.6,1,"","","","","","","","","","","","","","","","","","","","","","","","","","","","",100,1,"","","","","","","","","","","","","","","","","","","","","","","","","","","","","","","","","","","","","","","","","","","","","","","","","","","","","","","","","","","","","","","","","","","","","","","","","","","","","","","","","","","","","","","","","","","","","","","","","","",42,1,"","","","","","","","","","","","","","","","","","","","","","","","","","","","","",""
"61328002","LE PIN-AU-HARAS -INRAE",48.735833,0.128167,176,2002112615,0.,1,"","","","","","","","","","","","","","","","","","","","","","","","","","","","","","","","","","",5.5,1,"","","","","","","","","","","","","","","","","","","","","","","","","","","","",100,1,"","","","","","","","","","","","","","","","","","","","","","","","","","","","","","","","","","","","","","","","","","","","","","","","","","","","","","","","","","","","","","","","","","","","","","","","","","","","","","","","","","","","","","","","","","","","","","","","","","",26,1,"","","","","","","","","","","","","","","","","","","","","","","","","","","","","",""
"61328002","LE PIN-AU-HARAS -INRAE",48.735833,0.128167,176,2002112616,0.,1,"","","","","","","","","","","","","","","","","","","","","","","","","","","","","","","","","","",5.2,1,"","","","","","","","","","","","","","","","","","","","","","","","","","","","",100,1,"","","","","","","","","","","","","","","","","","","","","","","","","","","","","","","","","","","","","","","","","","","","","","","","","","","","","","","","","","","","","","","","","","","","","","","","","","","","","","","","","","","","","","","","","","","","","","","","","","",8,1,"","","","","","","","","","","","","","","","","","","","","","","","","","","","","",""
"61328002","LE PIN-AU-HARAS -INRAE",48.735833,0.128167,176,2002112617,0.,1,"","","","","","","","","","","","","","","","","","","","","","","","","","","","","","","","","","",5.,1,"","","","","","","","","","","","","","","","","","","","","","","","","","","","",100,1,"","","","","","","","","","","","","","","","","","","","","","","","","","","","","","","","","","","","","","","","","","","","","","","","","","","","","","","","","","","","","","","","","","","","","","","","","","","","","","","","","","","","","","","","","","","","","","","","","","",0,1,"","","","","","","","","","","","","","","","","","","","","","","","","","","","","",""
"61328002","LE PIN-AU-HARAS -INRAE",48.735833,0.128167,176,2002112618,0.,1,"","","","","","","","","","","","","","","","","","","","","","","","","","","","","","","","","","",5.2,1,"","","","","","","","","","","","","","","","","","","","","","","","","","","","",100,1,"","","","","","","","","","","","","","","","","","","","","","","","","","","","","","","","","","","","","","","","","","","","","","","","","","","","","","","","","","","","","","","","","","","","","","","","","","","","","","","","","","","","","","","","","","","","","","","","","","",0,1,"","","","","","","","","","","","","","","","","","","","","","","","","","","","","",""
"61328002","LE PIN-AU-HARAS -INRAE",48.735833,0.128167,176,2002112619,0.,1,"","","","","","","","","","","","","","","","","","","","","","","","","","","","","","","","","","",5.3,1,"","","","","","","","","","","","","","","","","","","","","","","","","","","","",100,1,"","","","","","","","","","","","","","","","","","","","","","","","","","","","","","","","","","","","","","","","","","","","","","","","","","","","","","","","","","","","","","","","","","","","","","","","","","","","","","","","","","","","","","","","","","","","","","","","","","",0,1,"","","","","","","","","","","","","","","","","","","","","","","","","","","","","",""
"61328002","LE PIN-AU-HARAS -INRAE",48.735833,0.128167,176,2002112620,0.,1,"","","","","","","","","","","","","","","","","","","","","","","","","","","","","","","","","","",4.6,1,"","","","","","","","","","","","","","","","","","","","","","","","","","","","",100,1,"","","","","","","","","","","","","","","","","","","","","","","","","","","","","","","","","","","","","","","","","","","","","","","","","","","","","","","","","","","","","","","","","","","","","","","","","","","","","","","","","","","","","","","","","","","","","","","","","","",0,1,"","","","","","","","","","","","","","","","","","","","","","","","","","","","","",""
"61328002","LE PIN-AU-HARAS -INRAE",48.735833,0.128167,176,2002112621,0.,1,"","","","","","","","","","","","","","","","","","","","","","","","","","","","","","","","","","",4.7,1,"","","","","","","","","","","","","","","","","","","","","","","","","","","","",100,1,"","","","","","","","","","","","","","","","","","","","","","","","","","","","","","","","","","","","","","","","","","","","","","","","","","","","","","","","","","","","","","","","","","","","","","","","","","","","","","","","","","","","","","","","","","","","","","","","","","",0,1,"","","","","","","","","","","","","","","","","","","","","","","","","","","","","",""
"61328002","LE PIN-AU-HARAS -INRAE",48.735833,0.128167,176,2002112622,0.,1,"","","","","","","","","","","","","","","","","","","","","","","","","","","","","","","","","","",4.6,1,"","","","","","","","","","","","","","","","","","","","","","","","","","","","",100,1,"","","","","","","","","","","","","","","","","","","","","","","","","","","","","","","","","","","","","","","","","","","","","","","","","","","","","","","","","","","","","","","","","","","","","","","","","","","","","","","","","","","","","","","","","","","","","","","","","","",0,1,"","","","","","","","","","","","","","","","","","","","","","","","","","","","","",""
"61328002","LE PIN-AU-HARAS -INRAE",48.735833,0.128167,176,2002112623,0.,1,"","","","","","","","","","","","","","","","","","","","","","","","","","","","","","","","","","",4.5,1,"","","","","","","","","","","","","","","","","","","","","","","","","","","","",100,1,"","","","","","","","","","","","","","","","","","","","","","","","","","","","","","","","","","","","","","","","","","","","","","","","","","","","","","","","","","","","","","","","","","","","","","","","","","","","","","","","","","","","","","","","","","","","","","","","","","",0,1,"","","","","","","","","","","","","","","","","","","","","","","","","","","","","",""
"61328002","LE PIN-AU-HARAS -INRAE",48.735833,0.128167,176,2002112700,0.,1,"","","","","","","","","","","","","","","","","","","","","","","","","","","","","","","","","","",4.8,1,"","","","","","","","","","","","","","","","","","","","","","","","","","","","",100,1,"","","","","","","","","","","","","","","","","","","","","","","","","","","","","","","","","","","","","","","","","","","","","","","","","","","","","","","","","","","","","","","","","","","","","","","","","","","","","","","","","","","","","","","","","","","","","","","","","","",0,1,"","","","","","","","","","","","","","","","","","","","","","","","","","","","","",""
"61328002","LE PIN-AU-HARAS -INRAE",48.735833,0.128167,176,2002112701,0.,1,"","","","","","","","","","","","","","","","","","","","","","","","","","","","","","","","","","",5.3,1,"","","","","","","","","","","","","","","","","","","","","","","","","","","","",100,1,"","","","","","","","","","","","","","","","","","","","","","","","","","","","","","","","","","","","","","","","","","","","","","","","","","","","","","","","","","","","","","","","","","","","","","","","","","","","","","","","","","","","","","","","","","","","","","","","","","",0,1,"","","","","","","","","","","","","","","","","","","","","","","","","","","","","",""
"61328002","LE PIN-AU-HARAS -INRAE",48.735833,0.128167,176,2002112702,0.,1,"","","","","","","","","","","","","","","","","","","","","","","","","","","","","","","","","","",5.6,1,"","","","","","","","","","","","","","","","","","","","","","","","","","","","",100,1,"","","","","","","","","","","","","","","","","","","","","","","","","","","","","","","","","","","","","","","","","","","","","","","","","","","","","","","","","","","","","","","","","","","","","","","","","","","","","","","","","","","","","","","","","","","","","","","","","","",0,1,"","","","","","","","","","","","","","","","","","","","","","","","","","","","","",""
"61328002","LE PIN-AU-HARAS -INRAE",48.735833,0.128167,176,2002112703,0.,1,"","","","","","","","","","","","","","","","","","","","","","","","","","","","","","","","","","",5.4,1,"","","","","","","","","","","","","","","","","","","","","","","","","","","","",99,1,"","","","","","","","","","","","","","","","","","","","","","","","","","","","","","","","","","","","","","","","","","","","","","","","","","","","","","","","","","","","","","","","","","","","","","","","","","","","","","","","","","","","","","","","","","","","","","","","","","",0,1,"","","","","","","","","","","","","","","","","","","","","","","","","","","","","",""
"61328002","LE PIN-AU-HARAS -INRAE",48.735833,0.128167,176,2002112704,0.,1,"","","","","","","","","","","","","","","","","","","","","","","","","","","","","","","","","","",5.,1,"","","","","","","","","","","","","","","","","","","","","","","","","","","","",97,1,"","","","","","","","","","","","","","","","","","","","","","","","","","","","","","","","","","","","","","","","","","","","","","","","","","","","","","","","","","","","","","","","","","","","","","","","","","","","","","","","","","","","","","","","","","","","","","","","","","",0,1,"","","","","","","","","","","","","","","","","","","","","","","","","","","","","",""
"61328002","LE PIN-AU-HARAS -INRAE",48.735833,0.128167,176,2002112705,0.,1,"","","","","","","","","","","","","","","","","","","","","","","","","","","","","","","","","","",4.3,1,"","","","","","","","","","","","","","","","","","","","","","","","","","","","",98,1,"","","","","","","","","","","","","","","","","","","","","","","","","","","","","","","","","","","","","","","","","","","","","","","","","","","","","","","","","","","","","","","","","","","","","","","","","","","","","","","","","","","","","","","","","","","","","","","","","","",0,1,"","","","","","","","","","","","","","","","","","","","","","","","","","","","","",""
"61328002","LE PIN-AU-HARAS -INRAE",48.735833,0.128167,176,2002112706,0.,1,"","","","","","","","","","","","","","","","","","","","","","","","","","","","","","","","","","",4.2,1,"","","","","","","","","","","","","","","","","","","","","","","","","","","","",98,1,"","","","","","","","","","","","","","","","","","","","","","","","","","","","","","","","","","","","","","","","","","","","","","","","","","","","","","","","","","","","","","","","","","","","","","","","","","","","","","","","","","","","","","","","","","","","","","","","","","",0,1,"","","","","","","","","","","","","","","","","","","","","","","","","","","","","",""
"61328002","LE PIN-AU-HARAS -INRAE",48.735833,0.128167,176,2002112707,0.,1,"","","","","","","","","","","","","","","","","","","","","","","","","","","","","","","","","","",4.,1,"","","","","","","","","","","","","","","","","","","","","","","","","","","","",98,1,"","","","","","","","","","","","","","","","","","","","","","","","","","","","","","","","","","","","","","","","","","","","","","","","","","","","","","","","","","","","","","","","","","","","","","","","","","","","","","","","","","","","","","","","","","","","","","","","","","",0,1,"","","","","","","","","","","","","","","","","","","","","","","","","","","","","",""
"61328002","LE PIN-AU-HARAS -INRAE",48.735833,0.128167,176,2002112708,0.,1,"","","","","","","","","","","","","","","","","","","","","","","","","","","","","","","","","","",3.6,1,"","","","","","","","","","","","","","","","","","","","","","","","","","","","",99,1,"","","","","","","","","","","","","","","","","","","","","","","","","","","","","","","","","","","","","","","","","","","","","","","","","","","","","","","","","","","","","","","","","","","","","","","","","","","","","","","","","","","","","","","","","","","","","","","","","","",2,1,"","","","","","","","","","","","","","","","","","","","","","","","","","","","","",""
"61328002","LE PIN-AU-HARAS -INRAE",48.735833,0.128167,176,2002112709,0.,1,"","","","","","","","","","","","","","","","","","","","","","","","","","","","","","","","","","",4.2,1,"","","","","","","","","","","","","","","","","","","","","","","","","","","","",99,1,"","","","","","","","","","","","","","","","","","","","","","","","","","","","","","","","","","","","","","","","","","","","","","","","","","","","","","","","","","","","","","","","","","","","","","","","","","","","","","","","","","","","","","","","","","","","","","","","","","",26,1,"","","","","","","","","","","","","","","","","","","","","","","","","","","","","",""
"61328002","LE PIN-AU-HARAS -INRAE",48.735833,0.128167,176,2002112710,0.,1,"","","","","","","","","","","","","","","","","","","","","","","","","","","","","","","","","","",6.4,1,"","","","","","","","","","","","","","","","","","","","","","","","","","","","",92,1,"","","","","","","","","","","","","","","","","","","","","","","","","","","","","","","","","","","","","","","","","","","","","","","","","","","","","","","","","","","","","","","","","","","","","","","","","","","","","","","","","","","","","","","","","","","","","","","","","","",70,1,"","","","","","","","","","","","","","","","","","","","","","","","","","","","","",""
"61328002","LE PIN-AU-HARAS -INRAE",48.735833,0.128167,176,2002112711,0.,1,"","","","","","","","","","","","","","","","","","","","","","","","","","","","","","","","","","",8.2,1,"","","","","","","","","","","","","","","","","","","","","","","","","","","","",83,1,"","","","","","","","","","","","","","","","","","","","","","","","","","","","","","","","","","","","","","","","","","","","","","","","","","","","","","","","","","","","","","","","","","","","","","","","","","","","","","","","","","","","","","","","","","","","","","","","","","",104,1,"","","","","","","","","","","","","","","","","","","","","","","","","","","","","",""
"61328002","LE PIN-AU-HARAS -INRAE",48.735833,0.128167,176,2002112712,0.,1,"","","","","","","","","","","","","","","","","","","","","","","","","","","","","","","","","","",8.5,1,"","","","","","","","","","","","","","","","","","","","","","","","","","","","",81,1,"","","","","","","","","","","","","","","","","","","","","","","","","","","","","","","","","","","","","","","","","","","","","","","","","","","","","","","","","","","","","","","","","","","","","","","","","","","","","","","","","","","","","","","","","","","","","","","","","","",112,1,"","","","","","","","","","","","","","","","","","","","","","","","","","","","","",""
"61328002","LE PIN-AU-HARAS -INRAE",48.735833,0.128167,176,2002112713,0.,1,"","","","","","","","","","","","","","","","","","","","","","","","","","","","","","","","","","",9.5,1,"","","","","","","","","","","","","","","","","","","","","","","","","","","","",79,1,"","","","","","","","","","","","","","","","","","","","","","","","","","","","","","","","","","","","","","","","","","","","","","","","","","","","","","","","","","","","","","","","","","","","","","","","","","","","","","","","","","","","","","","","","","","","","","","","","","",118,1,"","","","","","","","","","","","","","","","","","","","","","","","","","","","","",""
"61328002","LE PIN-AU-HARAS -INRAE",48.735833,0.128167,176,2002112714,0.,1,"","","","","","","","","","","","","","","","","","","","","","","","","","","","","","","","","","",9.5,1,"","","","","","","","","","","","","","","","","","","","","","","","","","","","",73,1,"","","","","","","","","","","","","","","","","","","","","","","","","","","","","","","","","","","","","","","","","","","","","","","","","","","","","","","","","","","","","","","","","","","","","","","","","","","","","","","","","","","","","","","","","","","","","","","","","","",94,1,"","","","","","","","","","","","","","","","","","","","","","","","","","","","","",""
"61328002","LE PIN-AU-HARAS -INRAE",48.735833,0.128167,176,2002112715,0.,1,"","","","","","","","","","","","","","","","","","","","","","","","","","","","","","","","","","",8.2,1,"","","","","","","","","","","","","","","","","","","","","","","","","","","","",75,1,"","","","","","","","","","","","","","","","","","","","","","","","","","","","","","","","","","","","","","","","","","","","","","","","","","","","","","","","","","","","","","","","","","","","","","","","","","","","","","","","","","","","","","","","","","","","","","","","","","",44,1,"","","","","","","","","","","","","","","","","","","","","","","","","","","","","",""
"61328002","LE PIN-AU-HARAS -INRAE",48.735833,0.128167,176,2002112716,0.,1,"","","","","","","","","","","","","","","","","","","","","","","","","","","","","","","","","","",7.,1,"","","","","","","","","","","","","","","","","","","","","","","","","","","","",79,1,"","","","","","","","","","","","","","","","","","","","","","","","","","","","","","","","","","","","","","","","","","","","","","","","","","","","","","","","","","","","","","","","","","","","","","","","","","","","","","","","","","","","","","","","","","","","","","","","","","",14,1,"","","","","","","","","","","","","","","","","","","","","","","","","","","","","",""
"61328002","LE PIN-AU-HARAS -INRAE",48.735833,0.128167,176,2002112717,0.,1,"","","","","","","","","","","","","","","","","","","","","","","","","","","","","","","","","","",6.,1,"","","","","","","","","","","","","","","","","","","","","","","","","","","","",85,1,"","","","","","","","","","","","","","","","","","","","","","","","","","","","","","","","","","","","","","","","","","","","","","","","","","","","","","","","","","","","","","","","","","","","","","","","","","","","","","","","","","","","","","","","","","","","","","","","","","",0,1,"","","","","","","","","","","","","","","","","","","","","","","","","","","","","",""
"61328002","LE PIN-AU-HARAS -INRAE",48.735833,0.128167,176,2002112718,0.,1,"","","","","","","","","","","","","","","","","","","","","","","","","","","","","","","","","","",6.3,1,"","","","","","","","","","","","","","","","","","","","","","","","","","","","",86,1,"","","","","","","","","","","","","","","","","","","","","","","","","","","","","","","","","","","","","","","","","","","","","","","","","","","","","","","","","","","","","","","","","","","","","","","","","","","","","","","","","","","","","","","","","","","","","","","","","","",0,1,"","","","","","","","","","","","","","","","","","","","","","","","","","","","","",""
"61328002","LE PIN-AU-HARAS -INRAE",48.735833,0.128167,176,2002112719,0.,1,"","","","","","","","","","","","","","","","","","","","","","","","","","","","","","","","","","",5.5,1,"","","","","","","","","","","","","","","","","","","","","","","","","","","","",91,1,"","","","","","","","","","","","","","","","","","","","","","","","","","","","","","","","","","","","","","","","","","","","","","","","","","","","","","","","","","","","","","","","","","","","","","","","","","","","","","","","","","","","","","","","","","","","","","","","","","",0,1,"","","","","","","","","","","","","","","","","","","","","","","","","","","","","",""
"61328002","LE PIN-AU-HARAS -INRAE",48.735833,0.128167,176,2002112720,0.,1,"","","","","","","","","","","","","","","","","","","","","","","","","","","","","","","","","","",6.,1,"","","","","","","","","","","","","","","","","","","","","","","","","","","","",92,1,"","","","","","","","","","","","","","","","","","","","","","","","","","","","","","","","","","","","","","","","","","","","","","","","","","","","","","","","","","","","","","","","","","","","","","","","","","","","","","","","","","","","","","","","","","","","","","","","","","",0,1,"","","","","","","","","","","","","","","","","","","","","","","","","","","","","",""
"61328002","LE PIN-AU-HARAS -INRAE",48.735833,0.128167,176,2002112721,0.,1,"","","","","","","","","","","","","","","","","","","","","","","","","","","","","","","","","","",7.,1,"","","","","","","","","","","","","","","","","","","","","","","","","","","","",92,1,"","","","","","","","","","","","","","","","","","","","","","","","","","","","","","","","","","","","","","","","","","","","","","","","","","","","","","","","","","","","","","","","","","","","","","","","","","","","","","","","","","","","","","","","","","","","","","","","","","",0,1,"","","","","","","","","","","","","","","","","","","","","","","","","","","","","",""
"61328002","LE PIN-AU-HARAS -INRAE",48.735833,0.128167,176,2002112722,0.,1,"","","","","","","","","","","","","","","","","","","","","","","","","","","","","","","","","","",7.5,1,"","","","","","","","","","","","","","","","","","","","","","","","","","","","",92,1,"","","","","","","","","","","","","","","","","","","","","","","","","","","","","","","","","","","","","","","","","","","","","","","","","","","","","","","","","","","","","","","","","","","","","","","","","","","","","","","","","","","","","","","","","","","","","","","","","","",0,1,"","","","","","","","","","","","","","","","","","","","","","","","","","","","","",""
"61328002","LE PIN-AU-HARAS -INRAE",48.735833,0.128167,176,2002112723,0.,1,"","","","","","","","","","","","","","","","","","","","","","","","","","","","","","","","","","",7.8,1,"","","","","","","","","","","","","","","","","","","","","","","","","","","","",94,1,"","","","","","","","","","","","","","","","","","","","","","","","","","","","","","","","","","","","","","","","","","","","","","","","","","","","","","","","","","","","","","","","","","","","","","","","","","","","","","","","","","","","","","","","","","","","","","","","","","",0,1,"","","","","","","","","","","","","","","","","","","","","","","","","","","","","",""
"61328002","LE PIN-AU-HARAS -INRAE",48.735833,0.128167,176,2002112800,0.5,1,"","","","","","","","","","","","","","","","","","","","","","","","","","","","","","","","","","",8.,1,"","","","","","","","","","","","","","","","","","","","","","","","","","","","",96,1,"","","","","","","","","","","","","","","","","","","","","","","","","","","","","","","","","","","","","","","","","","","","","","","","","","","","","","","","","","","","","","","","","","","","","","","","","","","","","","","","","","","","","","","","","","","","","","","","","","",0,1,"","","","","","","","","","","","","","","","","","","","","","","","","","","","","",""
"61328002","LE PIN-AU-HARAS -INRAE",48.735833,0.128167,176,2002112801,0.5,1,"","","","","","","","","","","","","","","","","","","","","","","","","","","","","","","","","","",7.7,1,"","","","","","","","","","","","","","","","","","","","","","","","","","","","",96,1,"","","","","","","","","","","","","","","","","","","","","","","","","","","","","","","","","","","","","","","","","","","","","","","","","","","","","","","","","","","","","","","","","","","","","","","","","","","","","","","","","","","","","","","","","","","","","","","","","","",0,1,"","","","","","","","","","","","","","","","","","","","","","","","","","","","","",""
"61328002","LE PIN-AU-HARAS -INRAE",48.735833,0.128167,176,2002112802,0.,1,"","","","","","","","","","","","","","","","","","","","","","","","","","","","","","","","","","",8.1,1,"","","","","","","","","","","","","","","","","","","","","","","","","","","","",97,1,"","","","","","","","","","","","","","","","","","","","","","","","","","","","","","","","","","","","","","","","","","","","","","","","","","","","","","","","","","","","","","","","","","","","","","","","","","","","","","","","","","","","","","","","","","","","","","","","","","",0,1,"","","","","","","","","","","","","","","","","","","","","","","","","","","","","",""
"61328002","LE PIN-AU-HARAS -INRAE",48.735833,0.128167,176,2002112803,0.,1,"","","","","","","","","","","","","","","","","","","","","","","","","","","","","","","","","","",8.1,1,"","","","","","","","","","","","","","","","","","","","","","","","","","","","",97,1,"","","","","","","","","","","","","","","","","","","","","","","","","","","","","","","","","","","","","","","","","","","","","","","","","","","","","","","","","","","","","","","","","","","","","","","","","","","","","","","","","","","","","","","","","","","","","","","","","","",0,1,"","","","","","","","","","","","","","","","","","","","","","","","","","","","","",""
"61328002","LE PIN-AU-HARAS -INRAE",48.735833,0.128167,176,2002112804,0.,1,"","","","","","","","","","","","","","","","","","","","","","","","","","","","","","","","","","",8.1,1,"","","","","","","","","","","","","","","","","","","","","","","","","","","","",97,1,"","","","","","","","","","","","","","","","","","","","","","","","","","","","","","","","","","","","","","","","","","","","","","","","","","","","","","","","","","","","","","","","","","","","","","","","","","","","","","","","","","","","","","","","","","","","","","","","","","",0,1,"","","","","","","","","","","","","","","","","","","","","","","","","","","","","",""
"61328002","LE PIN-AU-HARAS -INRAE",48.735833,0.128167,176,2002112805,0.,1,"","","","","","","","","","","","","","","","","","","","","","","","","","","","","","","","","","",8.2,1,"","","","","","","","","","","","","","","","","","","","","","","","","","","","",97,1,"","","","","","","","","","","","","","","","","","","","","","","","","","","","","","","","","","","","","","","","","","","","","","","","","","","","","","","","","","","","","","","","","","","","","","","","","","","","","","","","","","","","","","","","","","","","","","","","","","",0,1,"","","","","","","","","","","","","","","","","","","","","","","","","","","","","",""
"61328002","LE PIN-AU-HARAS -INRAE",48.735833,0.128167,176,2002112806,0.,1,"","","","","","","","","","","","","","","","","","","","","","","","","","","","","","","","","","",8.5,1,"","","","","","","","","","","","","","","","","","","","","","","","","","","","",98,1,"","","","","","","","","","","","","","","","","","","","","","","","","","","","","","","","","","","","","","","","","","","","","","","","","","","","","","","","","","","","","","","","","","","","","","","","","","","","","","","","","","","","","","","","","","","","","","","","","","",0,1,"","","","","","","","","","","","","","","","","","","","","","","","","","","","","",""
"61328002","LE PIN-AU-HARAS -INRAE",48.735833,0.128167,176,2002112807,0.,1,"","","","","","","","","","","","","","","","","","","","","","","","","","","","","","","","","","",8.6,1,"","","","","","","","","","","","","","","","","","","","","","","","","","","","",98,1,"","","","","","","","","","","","","","","","","","","","","","","","","","","","","","","","","","","","","","","","","","","","","","","","","","","","","","","","","","","","","","","","","","","","","","","","","","","","","","","","","","","","","","","","","","","","","","","","","","",0,1,"","","","","","","","","","","","","","","","","","","","","","","","","","","","","",""
"61328002","LE PIN-AU-HARAS -INRAE",48.735833,0.128167,176,2002112808,0.,1,"","","","","","","","","","","","","","","","","","","","","","","","","","","","","","","","","","",8.9,1,"","","","","","","","","","","","","","","","","","","","","","","","","","","","",98,1,"","","","","","","","","","","","","","","","","","","","","","","","","","","","","","","","","","","","","","","","","","","","","","","","","","","","","","","","","","","","","","","","","","","","","","","","","","","","","","","","","","","","","","","","","","","","","","","","","","",2,1,"","","","","","","","","","","","","","","","","","","","","","","","","","","","","",""
"61328002","LE PIN-AU-HARAS -INRAE",48.735833,0.128167,176,2002112809,0.,1,"","","","","","","","","","","","","","","","","","","","","","","","","","","","","","","","","","",9.1,1,"","","","","","","","","","","","","","","","","","","","","","","","","","","","",98,1,"","","","","","","","","","","","","","","","","","","","","","","","","","","","","","","","","","","","","","","","","","","","","","","","","","","","","","","","","","","","","","","","","","","","","","","","","","","","","","","","","","","","","","","","","","","","","","","","","","",8,1,"","","","","","","","","","","","","","","","","","","","","","","","","","","","","",""
"61328002","LE PIN-AU-HARAS -INRAE",48.735833,0.128167,176,2002112810,0.,1,"","","","","","","","","","","","","","","","","","","","","","","","","","","","","","","","","","",9.8,1,"","","","","","","","","","","","","","","","","","","","","","","","","","","","",96,1,"","","","","","","","","","","","","","","","","","","","","","","","","","","","","","","","","","","","","","","","","","","","","","","","","","","","","","","","","","","","","","","","","","","","","","","","","","","","","","","","","","","","","","","","","","","","","","","","","","",24,1,"","","","","","","","","","","","","","","","","","","","","","","","","","","","","",""
"61328002","LE PIN-AU-HARAS -INRAE",48.735833,0.128167,176,2002112811,0.,1,"","","","","","","","","","","","","","","","","","","","","","","","","","","","","","","","","","",10.2,1,"","","","","","","","","","","","","","","","","","","","","","","","","","","","",92,1,"","","","","","","","","","","","","","","","","","","","","","","","","","","","","","","","","","","","","","","","","","","","","","","","","","","","","","","","","","","","","","","","","","","","","","","","","","","","","","","","","","","","","","","","","","","","","","","","","","",44,1,"","","","","","","","","","","","","","","","","","","","","","","","","","","","","",""
"61328002","LE PIN-AU-HARAS -INRAE",48.735833,0.128167,176,2002112812,0.,1,"","","","","","","","","","","","","","","","","","","","","","","","","","","","","","","","","","",9.9,1,"","","","","","","","","","","","","","","","","","","","","","","","","","","","",94,1,"","","","","","","","","","","","","","","","","","","","","","","","","","","","","","","","","","","","","","","","","","","","","","","","","","","","","","","","","","","","","","","","","","","","","","","","","","","","","","","","","","","","","","","","","","","","","","","","","","",34,1,"","","","","","","","","","","","","","","","","","","","","","","","","","","","","",""
"61328002","LE PIN-AU-HARAS -INRAE",48.735833,0.128167,176,2002112813,0.5,1,"","","","","","","","","","","","","","","","","","","","","","","","","","","","","","","","","","",9.6,1,"","","","","","","","","","","","","","","","","","","","","","","","","","","","",91,1,"","","","","","","","","","","","","","","","","","","","","","","","","","","","","","","","","","","","","","","","","","","","","","","","","","","","","","","","","","","","","","","","","","","","","","","","","","","","","","","","","","","","","","","","","","","","","","","","","","",24,1,"","","","","","","","","","","","","","","","","","","","","","","","","","","","","",""
"61328002","LE PIN-AU-HARAS -INRAE",48.735833,0.128167,176,2002112814,0.,1,"","","","","","","","","","","","","","","","","","","","","","","","","","","","","","","","","","",10.1,1,"","","","","","","","","","","","","","","","","","","","","","","","","","","","",88,1,"","","","","","","","","","","","","","","","","","","","","","","","","","","","","","","","","","","","","","","","","","","","","","","","","","","","","","","","","","","","","","","","","","","","","","","","","","","","","","","","","","","","","","","","","","","","","","","","","","",28,1,"","","","","","","","","","","","","","","","","","","","","","","","","","","","","",""
"61328002","LE PIN-AU-HARAS -INRAE",48.735833,0.128167,176,2002112815,0.,1,"","","","","","","","","","","","","","","","","","","","","","","","","","","","","","","","","","",9.9,1,"","","","","","","","","","","","","","","","","","","","","","","","","","","","",87,1,"","","","","","","","","","","","","","","","","","","","","","","","","","","","","","","","","","","","","","","","","","","","","","","","","","","","","","","","","","","","","","","","","","","","","","","","","","","","","","","","","","","","","","","","","","","","","","","","","","",40,1,"","","","","","","","","","","","","","","","","","","","","","","","","","","","","",""
"61328002","LE PIN-AU-HARAS -INRAE",48.735833,0.128167,176,2002112816,0.,1,"","","","","","","","","","","","","","","","","","","","","","","","","","","","","","","","","","",9.5,1,"","","","","","","","","","","","","","","","","","","","","","","","","","","","",90,1,"","","","","","","","","","","","","","","","","","","","","","","","","","","","","","","","","","","","","","","","","","","","","","","","","","","","","","","","","","","","","","","","","","","","","","","","","","","","","","","","","","","","","","","","","","","","","","","","","","",10,1,"","","","","","","","","","","","","","","","","","","","","","","","","","","","","",""
"61328002","LE PIN-AU-HARAS -INRAE",48.735833,0.128167,176,2002112817,0.,1,"","","","","","","","","","","","","","","","","","","","","","","","","","","","","","","","","","",9.,1,"","","","","","","","","","","","","","","","","","","","","","","","","","","","",93,1,"","","","","","","","","","","","","","","","","","","","","","","","","","","","","","","","","","","","","","","","","","","","","","","","","","","","","","","","","","","","","","","","","","","","","","","","","","","","","","","","","","","","","","","","","","","","","","","","","","",0,1,"","","","","","","","","","","","","","","","","","","","","","","","","","","","","",""
"61328002","LE PIN-AU-HARAS -INRAE",48.735833,0.128167,176,2002112818,0.,1,"","","","","","","","","","","","","","","","","","","","","","","","","","","","","","","","","","",6.8,1,"","","","","","","","","","","","","","","","","","","","","","","","","","","","",94,1,"","","","","","","","","","","","","","","","","","","","","","","","","","","","","","","","","","","","","","","","","","","","","","","","","","","","","","","","","","","","","","","","","","","","","","","","","","","","","","","","","","","","","","","","","","","","","","","","","","",0,1,"","","","","","","","","","","","","","","","","","","","","","","","","","","","","",""
"61328002","LE PIN-AU-HARAS -INRAE",48.735833,0.128167,176,2002112819,0.,1,"","","","","","","","","","","","","","","","","","","","","","","","","","","","","","","","","","",8.5,1,"","","","","","","","","","","","","","","","","","","","","","","","","","","","",97,1,"","","","","","","","","","","","","","","","","","","","","","","","","","","","","","","","","","","","","","","","","","","","","","","","","","","","","","","","","","","","","","","","","","","","","","","","","","","","","","","","","","","","","","","","","","","","","","","","","","",0,1,"","","","","","","","","","","","","","","","","","","","","","","","","","","","","",""
"61328002","LE PIN-AU-HARAS -INRAE",48.735833,0.128167,176,2002112820,0.,1,"","","","","","","","","","","","","","","","","","","","","","","","","","","","","","","","","","",8.5,1,"","","","","","","","","","","","","","","","","","","","","","","","","","","","",94,1,"","","","","","","","","","","","","","","","","","","","","","","","","","","","","","","","","","","","","","","","","","","","","","","","","","","","","","","","","","","","","","","","","","","","","","","","","","","","","","","","","","","","","","","","","","","","","","","","","","",0,1,"","","","","","","","","","","","","","","","","","","","","","","","","","","","","",""
"61328002","LE PIN-AU-HARAS -INRAE",48.735833,0.128167,176,2002112821,0.,1,"","","","","","","","","","","","","","","","","","","","","","","","","","","","","","","","","","",9.,1,"","","","","","","","","","","","","","","","","","","","","","","","","","","","",89,1,"","","","","","","","","","","","","","","","","","","","","","","","","","","","","","","","","","","","","","","","","","","","","","","","","","","","","","","","","","","","","","","","","","","","","","","","","","","","","","","","","","","","","","","","","","","","","","","","","","",0,1,"","","","","","","","","","","","","","","","","","","","","","","","","","","","","",""
"61328002","LE PIN-AU-HARAS -INRAE",48.735833,0.128167,176,2002112822,0.,1,"","","","","","","","","","","","","","","","","","","","","","","","","","","","","","","","","","",7.8,1,"","","","","","","","","","","","","","","","","","","","","","","","","","","","",92,1,"","","","","","","","","","","","","","","","","","","","","","","","","","","","","","","","","","","","","","","","","","","","","","","","","","","","","","","","","","","","","","","","","","","","","","","","","","","","","","","","","","","","","","","","","","","","","","","","","","",0,1,"","","","","","","","","","","","","","","","","","","","","","","","","","","","","",""
"61328002","LE PIN-AU-HARAS -INRAE",48.735833,0.128167,176,2002112823,0.,1,"","","","","","","","","","","","","","","","","","","","","","","","","","","","","","","","","","",5.4,1,"","","","","","","","","","","","","","","","","","","","","","","","","","","","",96,1,"","","","","","","","","","","","","","","","","","","","","","","","","","","","","","","","","","","","","","","","","","","","","","","","","","","","","","","","","","","","","","","","","","","","","","","","","","","","","","","","","","","","","","","","","","","","","","","","","","",0,1,"","","","","","","","","","","","","","","","","","","","","","","","","","","","","",""
"61328002","LE PIN-AU-HARAS -INRAE",48.735833,0.128167,176,2002112900,0.,1,"","","","","","","","","","","","","","","","","","","","","","","","","","","","","","","","","","",6.5,1,"","","","","","","","","","","","","","","","","","","","","","","","","","","","",97,1,"","","","","","","","","","","","","","","","","","","","","","","","","","","","","","","","","","","","","","","","","","","","","","","","","","","","","","","","","","","","","","","","","","","","","","","","","","","","","","","","","","","","","","","","","","","","","","","","","","",0,1,"","","","","","","","","","","","","","","","","","","","","","","","","","","","","",""
"61328002","LE PIN-AU-HARAS -INRAE",48.735833,0.128167,176,2002112901,0.,1,"","","","","","","","","","","","","","","","","","","","","","","","","","","","","","","","","","",8.1,1,"","","","","","","","","","","","","","","","","","","","","","","","","","","","",97,1,"","","","","","","","","","","","","","","","","","","","","","","","","","","","","","","","","","","","","","","","","","","","","","","","","","","","","","","","","","","","","","","","","","","","","","","","","","","","","","","","","","","","","","","","","","","","","","","","","","",0,1,"","","","","","","","","","","","","","","","","","","","","","","","","","","","","",""
"61328002","LE PIN-AU-HARAS -INRAE",48.735833,0.128167,176,2002112902,0.,1,"","","","","","","","","","","","","","","","","","","","","","","","","","","","","","","","","","",8.6,1,"","","","","","","","","","","","","","","","","","","","","","","","","","","","",91,1,"","","","","","","","","","","","","","","","","","","","","","","","","","","","","","","","","","","","","","","","","","","","","","","","","","","","","","","","","","","","","","","","","","","","","","","","","","","","","","","","","","","","","","","","","","","","","","","","","","",0,1,"","","","","","","","","","","","","","","","","","","","","","","","","","","","","",""
"61328002","LE PIN-AU-HARAS -INRAE",48.735833,0.128167,176,2002112903,0.,1,"","","","","","","","","","","","","","","","","","","","","","","","","","","","","","","","","","",6.3,1,"","","","","","","","","","","","","","","","","","","","","","","","","","","","",94,1,"","","","","","","","","","","","","","","","","","","","","","","","","","","","","","","","","","","","","","","","","","","","","","","","","","","","","","","","","","","","","","","","","","","","","","","","","","","","","","","","","","","","","","","","","","","","","","","","","","",0,1,"","","","","","","","","","","","","","","","","","","","","","","","","","","","","",""
"61328002","LE PIN-AU-HARAS -INRAE",48.735833,0.128167,176,2002112904,0.,1,"","","","","","","","","","","","","","","","","","","","","","","","","","","","","","","","","","",7.2,1,"","","","","","","","","","","","","","","","","","","","","","","","","","","","",98,1,"","","","","","","","","","","","","","","","","","","","","","","","","","","","","","","","","","","","","","","","","","","","","","","","","","","","","","","","","","","","","","","","","","","","","","","","","","","","","","","","","","","","","","","","","","","","","","","","","","",0,1,"","","","","","","","","","","","","","","","","","","","","","","","","","","","","",""
"61328002","LE PIN-AU-HARAS -INRAE",48.735833,0.128167,176,2002112905,0.,1,"","","","","","","","","","","","","","","","","","","","","","","","","","","","","","","","","","",7.1,1,"","","","","","","","","","","","","","","","","","","","","","","","","","","","",98,1,"","","","","","","","","","","","","","","","","","","","","","","","","","","","","","","","","","","","","","","","","","","","","","","","","","","","","","","","","","","","","","","","","","","","","","","","","","","","","","","","","","","","","","","","","","","","","","","","","","",0,1,"","","","","","","","","","","","","","","","","","","","","","","","","","","","","",""
"61328002","LE PIN-AU-HARAS -INRAE",48.735833,0.128167,176,2002112906,0.,1,"","","","","","","","","","","","","","","","","","","","","","","","","","","","","","","","","","",7.,1,"","","","","","","","","","","","","","","","","","","","","","","","","","","","",99,1,"","","","","","","","","","","","","","","","","","","","","","","","","","","","","","","","","","","","","","","","","","","","","","","","","","","","","","","","","","","","","","","","","","","","","","","","","","","","","","","","","","","","","","","","","","","","","","","","","","",0,1,"","","","","","","","","","","","","","","","","","","","","","","","","","","","","",""
"61328002","LE PIN-AU-HARAS -INRAE",48.735833,0.128167,176,2002112907,0.,1,"","","","","","","","","","","","","","","","","","","","","","","","","","","","","","","","","","",7.5,1,"","","","","","","","","","","","","","","","","","","","","","","","","","","","",99,1,"","","","","","","","","","","","","","","","","","","","","","","","","","","","","","","","","","","","","","","","","","","","","","","","","","","","","","","","","","","","","","","","","","","","","","","","","","","","","","","","","","","","","","","","","","","","","","","","","","",0,1,"","","","","","","","","","","","","","","","","","","","","","","","","","","","","",""
"61328002","LE PIN-AU-HARAS -INRAE",48.735833,0.128167,176,2002112908,0.,1,"","","","","","","","","","","","","","","","","","","","","","","","","","","","","","","","","","",7.4,1,"","","","","","","","","","","","","","","","","","","","","","","","","","","","",99,1,"","","","","","","","","","","","","","","","","","","","","","","","","","","","","","","","","","","","","","","","","","","","","","","","","","","","","","","","","","","","","","","","","","","","","","","","","","","","","","","","","","","","","","","","","","","","","","","","","","",0,1,"","","","","","","","","","","","","","","","","","","","","","","","","","","","","",""
"61328002","LE PIN-AU-HARAS -INRAE",48.735833,0.128167,176,2002112909,0.5,1,"","","","","","","","","","","","","","","","","","","","","","","","","","","","","","","","","","",7.4,1,"","","","","","","","","","","","","","","","","","","","","","","","","","","","",99,1,"","","","","","","","","","","","","","","","","","","","","","","","","","","","","","","","","","","","","","","","","","","","","","","","","","","","","","","","","","","","","","","","","","","","","","","","","","","","","","","","","","","","","","","","","","","","","","","","","","",4,1,"","","","","","","","","","","","","","","","","","","","","","","","","","","","","",""
"61328002","LE PIN-AU-HARAS -INRAE",48.735833,0.128167,176,2002112910,1.,1,"","","","","","","","","","","","","","","","","","","","","","","","","","","","","","","","","","",6.7,1,"","","","","","","","","","","","","","","","","","","","","","","","","","","","",98,1,"","","","","","","","","","","","","","","","","","","","","","","","","","","","","","","","","","","","","","","","","","","","","","","","","","","","","","","","","","","","","","","","","","","","","","","","","","","","","","","","","","","","","","","","","","","","","","","","","","",8,1,"","","","","","","","","","","","","","","","","","","","","","","","","","","","","",""
"61328002","LE PIN-AU-HARAS -INRAE",48.735833,0.128167,176,2002112911,2.5,1,"","","","","","","","","","","","","","","","","","","","","","","","","","","","","","","","","","",6.6,1,"","","","","","","","","","","","","","","","","","","","","","","","","","","","",98,1,"","","","","","","","","","","","","","","","","","","","","","","","","","","","","","","","","","","","","","","","","","","","","","","","","","","","","","","","","","","","","","","","","","","","","","","","","","","","","","","","","","","","","","","","","","","","","","","","","","",14,1,"","","","","","","","","","","","","","","","","","","","","","","","","","","","","",""
"61328002","LE PIN-AU-HARAS -INRAE",48.735833,0.128167,176,2002112912,2.5,1,"","","","","","","","","","","","","","","","","","","","","","","","","","","","","","","","","","",6.8,1,"","","","","","","","","","","","","","","","","","","","","","","","","","","","",98,1,"","","","","","","","","","","","","","","","","","","","","","","","","","","","","","","","","","","","","","","","","","","","","","","","","","","","","","","","","","","","","","","","","","","","","","","","","","","","","","","","","","","","","","","","","","","","","","","","","","",16,1,"","","","","","","","","","","","","","","","","","","","","","","","","","","","","",""
"61328002","LE PIN-AU-HARAS -INRAE",48.735833,0.128167,176,2002112913,2.,1,"","","","","","","","","","","","","","","","","","","","","","","","","","","","","","","","","","",7.,1,"","","","","","","","","","","","","","","","","","","","","","","","","","","","",98,1,"","","","","","","","","","","","","","","","","","","","","","","","","","","","","","","","","","","","","","","","","","","","","","","","","","","","","","","","","","","","","","","","","","","","","","","","","","","","","","","","","","","","","","","","","","","","","","","","","","",18,1,"","","","","","","","","","","","","","","","","","","","","","","","","","","","","",""
"61328002","LE PIN-AU-HARAS -INRAE",48.735833,0.128167,176,2002112914,1.,1,"","","","","","","","","","","","","","","","","","","","","","","","","","","","","","","","","","",7.4,1,"","","","","","","","","","","","","","","","","","","","","","","","","","","","",99,1,"","","","","","","","","","","","","","","","","","","","","","","","","","","","","","","","","","","","","","","","","","","","","","","","","","","","","","","","","","","","","","","","","","","","","","","","","","","","","","","","","","","","","","","","","","","","","","","","","","",16,1,"","","","","","","","","","","","","","","","","","","","","","","","","","","","","",""
"61328002","LE PIN-AU-HARAS -INRAE",48.735833,0.128167,176,2002112915,0.,1,"","","","","","","","","","","","","","","","","","","","","","","","","","","","","","","","","","",7.5,1,"","","","","","","","","","","","","","","","","","","","","","","","","","","","",99,1,"","","","","","","","","","","","","","","","","","","","","","","","","","","","","","","","","","","","","","","","","","","","","","","","","","","","","","","","","","","","","","","","","","","","","","","","","","","","","","","","","","","","","","","","","","","","","","","","","","",14,1,"","","","","","","","","","","","","","","","","","","","","","","","","","","","","",""
"61328002","LE PIN-AU-HARAS -INRAE",48.735833,0.128167,176,2002112916,1.,1,"","","","","","","","","","","","","","","","","","","","","","","","","","","","","","","","","","",7.4,1,"","","","","","","","","","","","","","","","","","","","","","","","","","","","",100,1,"","","","","","","","","","","","","","","","","","","","","","","","","","","","","","","","","","","","","","","","","","","","","","","","","","","","","","","","","","","","","","","","","","","","","","","","","","","","","","","","","","","","","","","","","","","","","","","","","","",2,1,"","","","","","","","","","","","","","","","","","","","","","","","","","","","","",""
"61328002","LE PIN-AU-HARAS -INRAE",48.735833,0.128167,176,2002112917,0.,1,"","","","","","","","","","","","","","","","","","","","","","","","","","","","","","","","","","",7.5,1,"","","","","","","","","","","","","","","","","","","","","","","","","","","","",100,1,"","","","","","","","","","","","","","","","","","","","","","","","","","","","","","","","","","","","","","","","","","","","","","","","","","","","","","","","","","","","","","","","","","","","","","","","","","","","","","","","","","","","","","","","","","","","","","","","","","",0,1,"","","","","","","","","","","","","","","","","","","","","","","","","","","","","",""
"61328002","LE PIN-AU-HARAS -INRAE",48.735833,0.128167,176,2002112918,0.5,1,"","","","","","","","","","","","","","","","","","","","","","","","","","","","","","","","","","",7.8,1,"","","","","","","","","","","","","","","","","","","","","","","","","","","","",100,1,"","","","","","","","","","","","","","","","","","","","","","","","","","","","","","","","","","","","","","","","","","","","","","","","","","","","","","","","","","","","","","","","","","","","","","","","","","","","","","","","","","","","","","","","","","","","","","","","","","",0,1,"","","","","","","","","","","","","","","","","","","","","","","","","","","","","",""
"61328002","LE PIN-AU-HARAS -INRAE",48.735833,0.128167,176,2002112919,0.5,1,"","","","","","","","","","","","","","","","","","","","","","","","","","","","","","","","","","",7.7,1,"","","","","","","","","","","","","","","","","","","","","","","","","","","","",100,1,"","","","","","","","","","","","","","","","","","","","","","","","","","","","","","","","","","","","","","","","","","","","","","","","","","","","","","","","","","","","","","","","","","","","","","","","","","","","","","","","","","","","","","","","","","","","","","","","","","",0,1,"","","","","","","","","","","","","","","","","","","","","","","","","","","","","",""
"61328002","LE PIN-AU-HARAS -INRAE",48.735833,0.128167,176,2002112920,0.,1,"","","","","","","","","","","","","","","","","","","","","","","","","","","","","","","","","","",6.2,1,"","","","","","","","","","","","","","","","","","","","","","","","","","","","",100,1,"","","","","","","","","","","","","","","","","","","","","","","","","","","","","","","","","","","","","","","","","","","","","","","","","","","","","","","","","","","","","","","","","","","","","","","","","","","","","","","","","","","","","","","","","","","","","","","","","","",0,1,"","","","","","","","","","","","","","","","","","","","","","","","","","","","","",""
"61328002","LE PIN-AU-HARAS -INRAE",48.735833,0.128167,176,2002112921,0.,1,"","","","","","","","","","","","","","","","","","","","","","","","","","","","","","","","","","",6.6,1,"","","","","","","","","","","","","","","","","","","","","","","","","","","","",100,1,"","","","","","","","","","","","","","","","","","","","","","","","","","","","","","","","","","","","","","","","","","","","","","","","","","","","","","","","","","","","","","","","","","","","","","","","","","","","","","","","","","","","","","","","","","","","","","","","","","",0,1,"","","","","","","","","","","","","","","","","","","","","","","","","","","","","",""
"61328002","LE PIN-AU-HARAS -INRAE",48.735833,0.128167,176,2002112922,0.,1,"","","","","","","","","","","","","","","","","","","","","","","","","","","","","","","","","","",5.8,1,"","","","","","","","","","","","","","","","","","","","","","","","","","","","",100,1,"","","","","","","","","","","","","","","","","","","","","","","","","","","","","","","","","","","","","","","","","","","","","","","","","","","","","","","","","","","","","","","","","","","","","","","","","","","","","","","","","","","","","","","","","","","","","","","","","","",0,1,"","","","","","","","","","","","","","","","","","","","","","","","","","","","","",""
"61328002","LE PIN-AU-HARAS -INRAE",48.735833,0.128167,176,2002112923,0.,1,"","","","","","","","","","","","","","","","","","","","","","","","","","","","","","","","","","",7.1,1,"","","","","","","","","","","","","","","","","","","","","","","","","","","","",100,1,"","","","","","","","","","","","","","","","","","","","","","","","","","","","","","","","","","","","","","","","","","","","","","","","","","","","","","","","","","","","","","","","","","","","","","","","","","","","","","","","","","","","","","","","","","","","","","","","","","",0,1,"","","","","","","","","","","","","","","","","","","","","","","","","","","","","",""
"61328002","LE PIN-AU-HARAS -INRAE",48.735833,0.128167,176,2002113000,0.,1,"","","","","","","","","","","","","","","","","","","","","","","","","","","","","","","","","","",6.7,1,"","","","","","","","","","","","","","","","","","","","","","","","","","","","",100,1,"","","","","","","","","","","","","","","","","","","","","","","","","","","","","","","","","","","","","","","","","","","","","","","","","","","","","","","","","","","","","","","","","","","","","","","","","","","","","","","","","","","","","","","","","","","","","","","","","","",0,1,"","","","","","","","","","","","","","","","","","","","","","","","","","","","","",""
"61328002","LE PIN-AU-HARAS -INRAE",48.735833,0.128167,176,2002113001,0.,1,"","","","","","","","","","","","","","","","","","","","","","","","","","","","","","","","","","",6.1,1,"","","","","","","","","","","","","","","","","","","","","","","","","","","","",100,1,"","","","","","","","","","","","","","","","","","","","","","","","","","","","","","","","","","","","","","","","","","","","","","","","","","","","","","","","","","","","","","","","","","","","","","","","","","","","","","","","","","","","","","","","","","","","","","","","","","",0,1,"","","","","","","","","","","","","","","","","","","","","","","","","","","","","",""
"61328002","LE PIN-AU-HARAS -INRAE",48.735833,0.128167,176,2002113002,0.,1,"","","","","","","","","","","","","","","","","","","","","","","","","","","","","","","","","","",5.8,1,"","","","","","","","","","","","","","","","","","","","","","","","","","","","",100,1,"","","","","","","","","","","","","","","","","","","","","","","","","","","","","","","","","","","","","","","","","","","","","","","","","","","","","","","","","","","","","","","","","","","","","","","","","","","","","","","","","","","","","","","","","","","","","","","","","","",0,1,"","","","","","","","","","","","","","","","","","","","","","","","","","","","","",""
"61328002","LE PIN-AU-HARAS -INRAE",48.735833,0.128167,176,2002113003,0.,1,"","","","","","","","","","","","","","","","","","","","","","","","","","","","","","","","","","",6.9,1,"","","","","","","","","","","","","","","","","","","","","","","","","","","","",100,1,"","","","","","","","","","","","","","","","","","","","","","","","","","","","","","","","","","","","","","","","","","","","","","","","","","","","","","","","","","","","","","","","","","","","","","","","","","","","","","","","","","","","","","","","","","","","","","","","","","",0,1,"","","","","","","","","","","","","","","","","","","","","","","","","","","","","",""
"61328002","LE PIN-AU-HARAS -INRAE",48.735833,0.128167,176,2002113004,0.,1,"","","","","","","","","","","","","","","","","","","","","","","","","","","","","","","","","","",7.,1,"","","","","","","","","","","","","","","","","","","","","","","","","","","","",100,1,"","","","","","","","","","","","","","","","","","","","","","","","","","","","","","","","","","","","","","","","","","","","","","","","","","","","","","","","","","","","","","","","","","","","","","","","","","","","","","","","","","","","","","","","","","","","","","","","","","",0,1,"","","","","","","","","","","","","","","","","","","","","","","","","","","","","",""
"61328002","LE PIN-AU-HARAS -INRAE",48.735833,0.128167,176,2002113005,0.,1,"","","","","","","","","","","","","","","","","","","","","","","","","","","","","","","","","","",7.5,1,"","","","","","","","","","","","","","","","","","","","","","","","","","","","",100,1,"","","","","","","","","","","","","","","","","","","","","","","","","","","","","","","","","","","","","","","","","","","","","","","","","","","","","","","","","","","","","","","","","","","","","","","","","","","","","","","","","","","","","","","","","","","","","","","","","","",0,1,"","","","","","","","","","","","","","","","","","","","","","","","","","","","","",""
"61328002","LE PIN-AU-HARAS -INRAE",48.735833,0.128167,176,2002113006,0.,1,"","","","","","","","","","","","","","","","","","","","","","","","","","","","","","","","","","",6.7,1,"","","","","","","","","","","","","","","","","","","","","","","","","","","","",100,1,"","","","","","","","","","","","","","","","","","","","","","","","","","","","","","","","","","","","","","","","","","","","","","","","","","","","","","","","","","","","","","","","","","","","","","","","","","","","","","","","","","","","","","","","","","","","","","","","","","",0,1,"","","","","","","","","","","","","","","","","","","","","","","","","","","","","",""
"61328002","LE PIN-AU-HARAS -INRAE",48.735833,0.128167,176,2002113007,0.,1,"","","","","","","","","","","","","","","","","","","","","","","","","","","","","","","","","","",6.6,1,"","","","","","","","","","","","","","","","","","","","","","","","","","","","",100,1,"","","","","","","","","","","","","","","","","","","","","","","","","","","","","","","","","","","","","","","","","","","","","","","","","","","","","","","","","","","","","","","","","","","","","","","","","","","","","","","","","","","","","","","","","","","","","","","","","","",0,1,"","","","","","","","","","","","","","","","","","","","","","","","","","","","","",""
"61328002","LE PIN-AU-HARAS -INRAE",48.735833,0.128167,176,2002113008,0.,1,"","","","","","","","","","","","","","","","","","","","","","","","","","","","","","","","","","",5.5,1,"","","","","","","","","","","","","","","","","","","","","","","","","","","","",100,1,"","","","","","","","","","","","","","","","","","","","","","","","","","","","","","","","","","","","","","","","","","","","","","","","","","","","","","","","","","","","","","","","","","","","","","","","","","","","","","","","","","","","","","","","","","","","","","","","","","",4,1,"","","","","","","","","","","","","","","","","","","","","","","","","","","","","",""
"61328002","LE PIN-AU-HARAS -INRAE",48.735833,0.128167,176,2002113009,0.,1,"","","","","","","","","","","","","","","","","","","","","","","","","","","","","","","","","","",6.8,1,"","","","","","","","","","","","","","","","","","","","","","","","","","","","",100,1,"","","","","","","","","","","","","","","","","","","","","","","","","","","","","","","","","","","","","","","","","","","","","","","","","","","","","","","","","","","","","","","","","","","","","","","","","","","","","","","","","","","","","","","","","","","","","","","","","","",28,1,"","","","","","","","","","","","","","","","","","","","","","","","","","","","","",""
"61328002","LE PIN-AU-HARAS -INRAE",48.735833,0.128167,176,2002113010,0.,1,"","","","","","","","","","","","","","","","","","","","","","","","","","","","","","","","","","",8.1,1,"","","","","","","","","","","","","","","","","","","","","","","","","","","","",100,1,"","","","","","","","","","","","","","","","","","","","","","","","","","","","","","","","","","","","","","","","","","","","","","","","","","","","","","","","","","","","","","","","","","","","","","","","","","","","","","","","","","","","","","","","","","","","","","","","","","",54,1,"","","","","","","","","","","","","","","","","","","","","","","","","","","","","",""
"61328002","LE PIN-AU-HARAS -INRAE",48.735833,0.128167,176,2002113011,0.,1,"","","","","","","","","","","","","","","","","","","","","","","","","","","","","","","","","","",8.9,1,"","","","","","","","","","","","","","","","","","","","","","","","","","","","",100,1,"","","","","","","","","","","","","","","","","","","","","","","","","","","","","","","","","","","","","","","","","","","","","","","","","","","","","","","","","","","","","","","","","","","","","","","","","","","","","","","","","","","","","","","","","","","","","","","","","","",66,1,"","","","","","","","","","","","","","","","","","","","","","","","","","","","","",""
"61328002","LE PIN-AU-HARAS -INRAE",48.735833,0.128167,176,2002113012,0.,1,"","","","","","","","","","","","","","","","","","","","","","","","","","","","","","","","","","",8.6,1,"","","","","","","","","","","","","","","","","","","","","","","","","","","","",96,1,"","","","","","","","","","","","","","","","","","","","","","","","","","","","","","","","","","","","","","","","","","","","","","","","","","","","","","","","","","","","","","","","","","","","","","","","","","","","","","","","","","","","","","","","","","","","","","","","","","",40,1,"","","","","","","","","","","","","","","","","","","","","","","","","","","","","",""
"61328002","LE PIN-AU-HARAS -INRAE",48.735833,0.128167,176,2002113013,0.,1,"","","","","","","","","","","","","","","","","","","","","","","","","","","","","","","","","","",9.1,1,"","","","","","","","","","","","","","","","","","","","","","","","","","","","",93,1,"","","","","","","","","","","","","","","","","","","","","","","","","","","","","","","","","","","","","","","","","","","","","","","","","","","","","","","","","","","","","","","","","","","","","","","","","","","","","","","","","","","","","","","","","","","","","","","","","","",56,1,"","","","","","","","","","","","","","","","","","","","","","","","","","","","","",""
"61328002","LE PIN-AU-HARAS -INRAE",48.735833,0.128167,176,2002113014,0.,1,"","","","","","","","","","","","","","","","","","","","","","","","","","","","","","","","","","",9.4,1,"","","","","","","","","","","","","","","","","","","","","","","","","","","","",93,1,"","","","","","","","","","","","","","","","","","","","","","","","","","","","","","","","","","","","","","","","","","","","","","","","","","","","","","","","","","","","","","","","","","","","","","","","","","","","","","","","","","","","","","","","","","","","","","","","","","",40,1,"","","","","","","","","","","","","","","","","","","","","","","","","","","","","",""
"61328002","LE PIN-AU-HARAS -INRAE",48.735833,0.128167,176,2002113015,0.,1,"","","","","","","","","","","","","","","","","","","","","","","","","","","","","","","","","","",9.,1,"","","","","","","","","","","","","","","","","","","","","","","","","","","","",93,1,"","","","","","","","","","","","","","","","","","","","","","","","","","","","","","","","","","","","","","","","","","","","","","","","","","","","","","","","","","","","","","","","","","","","","","","","","","","","","","","","","","","","","","","","","","","","","","","","","","",14,1,"","","","","","","","","","","","","","","","","","","","","","","","","","","","","",""
"61328002","LE PIN-AU-HARAS -INRAE",48.735833,0.128167,176,2002113016,0.,1,"","","","","","","","","","","","","","","","","","","","","","","","","","","","","","","","","","",8.2,1,"","","","","","","","","","","","","","","","","","","","","","","","","","","","",94,1,"","","","","","","","","","","","","","","","","","","","","","","","","","","","","","","","","","","","","","","","","","","","","","","","","","","","","","","","","","","","","","","","","","","","","","","","","","","","","","","","","","","","","","","","","","","","","","","","","","",10,1,"","","","","","","","","","","","","","","","","","","","","","","","","","","","","",""
"61328002","LE PIN-AU-HARAS -INRAE",48.735833,0.128167,176,2002113017,0.,1,"","","","","","","","","","","","","","","","","","","","","","","","","","","","","","","","","","",7.2,1,"","","","","","","","","","","","","","","","","","","","","","","","","","","","",96,1,"","","","","","","","","","","","","","","","","","","","","","","","","","","","","","","","","","","","","","","","","","","","","","","","","","","","","","","","","","","","","","","","","","","","","","","","","","","","","","","","","","","","","","","","","","","","","","","","","","",0,1,"","","","","","","","","","","","","","","","","","","","","","","","","","","","","",""
"61328002","LE PIN-AU-HARAS -INRAE",48.735833,0.128167,176,2002113018,0.,1,"","","","","","","","","","","","","","","","","","","","","","","","","","","","","","","","","","",8.1,1,"","","","","","","","","","","","","","","","","","","","","","","","","","","","",94,1,"","","","","","","","","","","","","","","","","","","","","","","","","","","","","","","","","","","","","","","","","","","","","","","","","","","","","","","","","","","","","","","","","","","","","","","","","","","","","","","","","","","","","","","","","","","","","","","","","","",0,1,"","","","","","","","","","","","","","","","","","","","","","","","","","","","","",""
"61328002","LE PIN-AU-HARAS -INRAE",48.735833,0.128167,176,2002113019,0.,1,"","","","","","","","","","","","","","","","","","","","","","","","","","","","","","","","","","",8.,1,"","","","","","","","","","","","","","","","","","","","","","","","","","","","",94,1,"","","","","","","","","","","","","","","","","","","","","","","","","","","","","","","","","","","","","","","","","","","","","","","","","","","","","","","","","","","","","","","","","","","","","","","","","","","","","","","","","","","","","","","","","","","","","","","","","","",0,1,"","","","","","","","","","","","","","","","","","","","","","","","","","","","","",""
"61328002","LE PIN-AU-HARAS -INRAE",48.735833,0.128167,176,2002113020,0.,1,"","","","","","","","","","","","","","","","","","","","","","","","","","","","","","","","","","",8.,1,"","","","","","","","","","","","","","","","","","","","","","","","","","","","",97,1,"","","","","","","","","","","","","","","","","","","","","","","","","","","","","","","","","","","","","","","","","","","","","","","","","","","","","","","","","","","","","","","","","","","","","","","","","","","","","","","","","","","","","","","","","","","","","","","","","","",0,1,"","","","","","","","","","","","","","","","","","","","","","","","","","","","","",""
"61328002","LE PIN-AU-HARAS -INRAE",48.735833,0.128167,176,2002113021,0.,1,"","","","","","","","","","","","","","","","","","","","","","","","","","","","","","","","","","",8.,1,"","","","","","","","","","","","","","","","","","","","","","","","","","","","",98,1,"","","","","","","","","","","","","","","","","","","","","","","","","","","","","","","","","","","","","","","","","","","","","","","","","","","","","","","","","","","","","","","","","","","","","","","","","","","","","","","","","","","","","","","","","","","","","","","","","","",0,1,"","","","","","","","","","","","","","","","","","","","","","","","","","","","","",""
"61328002","LE PIN-AU-HARAS -INRAE",48.735833,0.128167,176,2002113022,0.,1,"","","","","","","","","","","","","","","","","","","","","","","","","","","","","","","","","","",8.,1,"","","","","","","","","","","","","","","","","","","","","","","","","","","","",99,1,"","","","","","","","","","","","","","","","","","","","","","","","","","","","","","","","","","","","","","","","","","","","","","","","","","","","","","","","","","","","","","","","","","","","","","","","","","","","","","","","","","","","","","","","","","","","","","","","","","",0,1,"","","","","","","","","","","","","","","","","","","","","","","","","","","","","",""
"61328002","LE PIN-AU-HARAS -INRAE",48.735833,0.128167,176,2002113023,0.,1,"","","","","","","","","","","","","","","","","","","","","","","","","","","","","","","","","","",8.,1,"","","","","","","","","","","","","","","","","","","","","","","","","","","","",100,1,"","","","","","","","","","","","","","","","","","","","","","","","","","","","","","","","","","","","","","","","","","","","","","","","","","","","","","","","","","","","","","","","","","","","","","","","","","","","","","","","","","","","","","","","","","","","","","","","","","",0,1,"","","","","","","","","","","","","","","","","","","","","","","","","","","","","",""
"61328002","LE PIN-AU-HARAS -INRAE",48.735833,0.128167,176,2002120100,0.,1,"","","","","","","","","","","","","","","","","","","","","","","","","","","","","","","","","","",8.2,1,"","","","","","","","","","","","","","","","","","","","","","","","","","","","",100,1,"","","","","","","","","","","","","","","","","","","","","","","","","","","","","","","","","","","","","","","","","","","","","","","","","","","","","","","","","","","","","","","","","","","","","","","","","","","","","","","","","","","","","","","","","","","","","","","","","","",0,1,"","","","","","","","","","","","","","","","","","","","","","","","","","","","","",""
"61328002","LE PIN-AU-HARAS -INRAE",48.735833,0.128167,176,2002120101,0.,1,"","","","","","","","","","","","","","","","","","","","","","","","","","","","","","","","","","",8.4,1,"","","","","","","","","","","","","","","","","","","","","","","","","","","","",100,1,"","","","","","","","","","","","","","","","","","","","","","","","","","","","","","","","","","","","","","","","","","","","","","","","","","","","","","","","","","","","","","","","","","","","","","","","","","","","","","","","","","","","","","","","","","","","","","","","","","",0,1,"","","","","","","","","","","","","","","","","","","","","","","","","","","","","",""
"61328002","LE PIN-AU-HARAS -INRAE",48.735833,0.128167,176,2002120102,0.,1,"","","","","","","","","","","","","","","","","","","","","","","","","","","","","","","","","","",8.6,1,"","","","","","","","","","","","","","","","","","","","","","","","","","","","",100,1,"","","","","","","","","","","","","","","","","","","","","","","","","","","","","","","","","","","","","","","","","","","","","","","","","","","","","","","","","","","","","","","","","","","","","","","","","","","","","","","","","","","","","","","","","","","","","","","","","","",0,1,"","","","","","","","","","","","","","","","","","","","","","","","","","","","","",""
"61328002","LE PIN-AU-HARAS -INRAE",48.735833,0.128167,176,2002120103,0.,1,"","","","","","","","","","","","","","","","","","","","","","","","","","","","","","","","","","",8.7,1,"","","","","","","","","","","","","","","","","","","","","","","","","","","","",100,1,"","","","","","","","","","","","","","","","","","","","","","","","","","","","","","","","","","","","","","","","","","","","","","","","","","","","","","","","","","","","","","","","","","","","","","","","","","","","","","","","","","","","","","","","","","","","","","","","","","",0,1,"","","","","","","","","","","","","","","","","","","","","","","","","","","","","",""
"61328002","LE PIN-AU-HARAS -INRAE",48.735833,0.128167,176,2002120104,0.,1,"","","","","","","","","","","","","","","","","","","","","","","","","","","","","","","","","","",8.7,1,"","","","","","","","","","","","","","","","","","","","","","","","","","","","",100,1,"","","","","","","","","","","","","","","","","","","","","","","","","","","","","","","","","","","","","","","","","","","","","","","","","","","","","","","","","","","","","","","","","","","","","","","","","","","","","","","","","","","","","","","","","","","","","","","","","","",0,1,"","","","","","","","","","","","","","","","","","","","","","","","","","","","","",""
"61328002","LE PIN-AU-HARAS -INRAE",48.735833,0.128167,176,2002120105,0.5,1,"","","","","","","","","","","","","","","","","","","","","","","","","","","","","","","","","","",9.1,1,"","","","","","","","","","","","","","","","","","","","","","","","","","","","",100,1,"","","","","","","","","","","","","","","","","","","","","","","","","","","","","","","","","","","","","","","","","","","","","","","","","","","","","","","","","","","","","","","","","","","","","","","","","","","","","","","","","","","","","","","","","","","","","","","","","","",0,1,"","","","","","","","","","","","","","","","","","","","","","","","","","","","","",""
"61328002","LE PIN-AU-HARAS -INRAE",48.735833,0.128167,176,2002120106,2.,1,"","","","","","","","","","","","","","","","","","","","","","","","","","","","","","","","","","",9.2,1,"","","","","","","","","","","","","","","","","","","","","","","","","","","","",100,1,"","","","","","","","","","","","","","","","","","","","","","","","","","","","","","","","","","","","","","","","","","","","","","","","","","","","","","","","","","","","","","","","","","","","","","","","","","","","","","","","","","","","","","","","","","","","","","","","","","",0,1,"","","","","","","","","","","","","","","","","","","","","","","","","","","","","",""
"61328002","LE PIN-AU-HARAS -INRAE",48.735833,0.128167,176,2002120107,2.5,1,"","","","","","","","","","","","","","","","","","","","","","","","","","","","","","","","","","",9.4,1,"","","","","","","","","","","","","","","","","","","","","","","","","","","","",100,1,"","","","","","","","","","","","","","","","","","","","","","","","","","","","","","","","","","","","","","","","","","","","","","","","","","","","","","","","","","","","","","","","","","","","","","","","","","","","","","","","","","","","","","","","","","","","","","","","","","",0,1,"","","","","","","","","","","","","","","","","","","","","","","","","","","","","",""
"61328002","LE PIN-AU-HARAS -INRAE",48.735833,0.128167,176,2002120108,1.,1,"","","","","","","","","","","","","","","","","","","","","","","","","","","","","","","","","","",9.5,1,"","","","","","","","","","","","","","","","","","","","","","","","","","","","",100,1,"","","","","","","","","","","","","","","","","","","","","","","","","","","","","","","","","","","","","","","","","","","","","","","","","","","","","","","","","","","","","","","","","","","","","","","","","","","","","","","","","","","","","","","","","","","","","","","","","","",0,1,"","","","","","","","","","","","","","","","","","","","","","","","","","","","","",""
"61328002","LE PIN-AU-HARAS -INRAE",48.735833,0.128167,176,2002120109,1.,1,"","","","","","","","","","","","","","","","","","","","","","","","","","","","","","","","","","",9.8,1,"","","","","","","","","","","","","","","","","","","","","","","","","","","","",100,1,"","","","","","","","","","","","","","","","","","","","","","","","","","","","","","","","","","","","","","","","","","","","","","","","","","","","","","","","","","","","","","","","","","","","","","","","","","","","","","","","","","","","","","","","","","","","","","","","","","",4,1,"","","","","","","","","","","","","","","","","","","","","","","","","","","","","",""
"61328002","LE PIN-AU-HARAS -INRAE",48.735833,0.128167,176,2002120110,2.,1,"","","","","","","","","","","","","","","","","","","","","","","","","","","","","","","","","","",10.,1,"","","","","","","","","","","","","","","","","","","","","","","","","","","","",100,1,"","","","","","","","","","","","","","","","","","","","","","","","","","","","","","","","","","","","","","","","","","","","","","","","","","","","","","","","","","","","","","","","","","","","","","","","","","","","","","","","","","","","","","","","","","","","","","","","","","",10,1,"","","","","","","","","","","","","","","","","","","","","","","","","","","","","",""
"61328002","LE PIN-AU-HARAS -INRAE",48.735833,0.128167,176,2002120111,0.5,1,"","","","","","","","","","","","","","","","","","","","","","","","","","","","","","","","","","",10.4,1,"","","","","","","","","","","","","","","","","","","","","","","","","","","","",100,1,"","","","","","","","","","","","","","","","","","","","","","","","","","","","","","","","","","","","","","","","","","","","","","","","","","","","","","","","","","","","","","","","","","","","","","","","","","","","","","","","","","","","","","","","","","","","","","","","","","",22,1,"","","","","","","","","","","","","","","","","","","","","","","","","","","","","",""
"61328002","LE PIN-AU-HARAS -INRAE",48.735833,0.128167,176,2002120112,0.,1,"","","","","","","","","","","","","","","","","","","","","","","","","","","","","","","","","","",11.,1,"","","","","","","","","","","","","","","","","","","","","","","","","","","","",100,1,"","","","","","","","","","","","","","","","","","","","","","","","","","","","","","","","","","","","","","","","","","","","","","","","","","","","","","","","","","","","","","","","","","","","","","","","","","","","","","","","","","","","","","","","","","","","","","","","","","",22,1,"","","","","","","","","","","","","","","","","","","","","","","","","","","","","",""
"61328002","LE PIN-AU-HARAS -INRAE",48.735833,0.128167,176,2002120113,0.,1,"","","","","","","","","","","","","","","","","","","","","","","","","","","","","","","","","","",11.5,1,"","","","","","","","","","","","","","","","","","","","","","","","","","","","",97,1,"","","","","","","","","","","","","","","","","","","","","","","","","","","","","","","","","","","","","","","","","","","","","","","","","","","","","","","","","","","","","","","","","","","","","","","","","","","","","","","","","","","","","","","","","","","","","","","","","","",38,1,"","","","","","","","","","","","","","","","","","","","","","","","","","","","","",""
"61328002","LE PIN-AU-HARAS -INRAE",48.735833,0.128167,176,2002120114,0.5,1,"","","","","","","","","","","","","","","","","","","","","","","","","","","","","","","","","","",11.5,1,"","","","","","","","","","","","","","","","","","","","","","","","","","","","",91,1,"","","","","","","","","","","","","","","","","","","","","","","","","","","","","","","","","","","","","","","","","","","","","","","","","","","","","","","","","","","","","","","","","","","","","","","","","","","","","","","","","","","","","","","","","","","","","","","","","","",24,1,"","","","","","","","","","","","","","","","","","","","","","","","","","","","","",""
"61328002","LE PIN-AU-HARAS -INRAE",48.735833,0.128167,176,2002120115,0.,1,"","","","","","","","","","","","","","","","","","","","","","","","","","","","","","","","","","",10.4,1,"","","","","","","","","","","","","","","","","","","","","","","","","","","","",80,1,"","","","","","","","","","","","","","","","","","","","","","","","","","","","","","","","","","","","","","","","","","","","","","","","","","","","","","","","","","","","","","","","","","","","","","","","","","","","","","","","","","","","","","","","","","","","","","","","","","",22,1,"","","","","","","","","","","","","","","","","","","","","","","","","","","","","",""
"61328002","LE PIN-AU-HARAS -INRAE",48.735833,0.128167,176,2002120116,0.,1,"","","","","","","","","","","","","","","","","","","","","","","","","","","","","","","","","","",9.2,1,"","","","","","","","","","","","","","","","","","","","","","","","","","","","",85,1,"","","","","","","","","","","","","","","","","","","","","","","","","","","","","","","","","","","","","","","","","","","","","","","","","","","","","","","","","","","","","","","","","","","","","","","","","","","","","","","","","","","","","","","","","","","","","","","","","","",4,1,"","","","","","","","","","","","","","","","","","","","","","","","","","","","","",""
"61328002","LE PIN-AU-HARAS -INRAE",48.735833,0.128167,176,2002120117,0.,1,"","","","","","","","","","","","","","","","","","","","","","","","","","","","","","","","","","",8.9,1,"","","","","","","","","","","","","","","","","","","","","","","","","","","","",82,1,"","","","","","","","","","","","","","","","","","","","","","","","","","","","","","","","","","","","","","","","","","","","","","","","","","","","","","","","","","","","","","","","","","","","","","","","","","","","","","","","","","","","","","","","","","","","","","","","","","",0,1,"","","","","","","","","","","","","","","","","","","","","","","","","","","","","",""
"61328002","LE PIN-AU-HARAS -INRAE",48.735833,0.128167,176,2002120118,0.,1,"","","","","","","","","","","","","","","","","","","","","","","","","","","","","","","","","","",8.5,1,"","","","","","","","","","","","","","","","","","","","","","","","","","","","",78,1,"","","","","","","","","","","","","","","","","","","","","","","","","","","","","","","","","","","","","","","","","","","","","","","","","","","","","","","","","","","","","","","","","","","","","","","","","","","","","","","","","","","","","","","","","","","","","","","","","","",0,1,"","","","","","","","","","","","","","","","","","","","","","","","","","","","","",""
"61328002","LE PIN-AU-HARAS -INRAE",48.735833,0.128167,176,2002120119,0.,1,"","","","","","","","","","","","","","","","","","","","","","","","","","","","","","","","","","",7.2,1,"","","","","","","","","","","","","","","","","","","","","","","","","","","","",81,1,"","","","","","","","","","","","","","","","","","","","","","","","","","","","","","","","","","","","","","","","","","","","","","","","","","","","","","","","","","","","","","","","","","","","","","","","","","","","","","","","","","","","","","","","","","","","","","","","","","",0,1,"","","","","","","","","","","","","","","","","","","","","","","","","","","","","",""
"61328002","LE PIN-AU-HARAS -INRAE",48.735833,0.128167,176,2002120120,0.,1,"","","","","","","","","","","","","","","","","","","","","","","","","","","","","","","","","","",7.5,1,"","","","","","","","","","","","","","","","","","","","","","","","","","","","",85,1,"","","","","","","","","","","","","","","","","","","","","","","","","","","","","","","","","","","","","","","","","","","","","","","","","","","","","","","","","","","","","","","","","","","","","","","","","","","","","","","","","","","","","","","","","","","","","","","","","","",0,1,"","","","","","","","","","","","","","","","","","","","","","","","","","","","","",""
"61328002","LE PIN-AU-HARAS -INRAE",48.735833,0.128167,176,2002120121,0.,1,"","","","","","","","","","","","","","","","","","","","","","","","","","","","","","","","","","",6.6,1,"","","","","","","","","","","","","","","","","","","","","","","","","","","","",81,1,"","","","","","","","","","","","","","","","","","","","","","","","","","","","","","","","","","","","","","","","","","","","","","","","","","","","","","","","","","","","","","","","","","","","","","","","","","","","","","","","","","","","","","","","","","","","","","","","","","",0,1,"","","","","","","","","","","","","","","","","","","","","","","","","","","","","",""
"61328002","LE PIN-AU-HARAS -INRAE",48.735833,0.128167,176,2002120122,0.,1,"","","","","","","","","","","","","","","","","","","","","","","","","","","","","","","","","","",6.1,1,"","","","","","","","","","","","","","","","","","","","","","","","","","","","",86,1,"","","","","","","","","","","","","","","","","","","","","","","","","","","","","","","","","","","","","","","","","","","","","","","","","","","","","","","","","","","","","","","","","","","","","","","","","","","","","","","","","","","","","","","","","","","","","","","","","","",0,1,"","","","","","","","","","","","","","","","","","","","","","","","","","","","","",""
"61328002","LE PIN-AU-HARAS -INRAE",48.735833,0.128167,176,2002120123,0.,1,"","","","","","","","","","","","","","","","","","","","","","","","","","","","","","","","","","",6.3,1,"","","","","","","","","","","","","","","","","","","","","","","","","","","","",81,1,"","","","","","","","","","","","","","","","","","","","","","","","","","","","","","","","","","","","","","","","","","","","","","","","","","","","","","","","","","","","","","","","","","","","","","","","","","","","","","","","","","","","","","","","","","","","","","","","","","",0,1,"","","","","","","","","","","","","","","","","","","","","","","","","","","","","",""
"61328002","LE PIN-AU-HARAS -INRAE",48.735833,0.128167,176,2002120200,0.,1,"","","","","","","","","","","","","","","","","","","","","","","","","","","","","","","","","","",6.3,1,"","","","","","","","","","","","","","","","","","","","","","","","","","","","",83,1,"","","","","","","","","","","","","","","","","","","","","","","","","","","","","","","","","","","","","","","","","","","","","","","","","","","","","","","","","","","","","","","","","","","","","","","","","","","","","","","","","","","","","","","","","","","","","","","","","","",0,1,"","","","","","","","","","","","","","","","","","","","","","","","","","","","","",""
"61328002","LE PIN-AU-HARAS -INRAE",48.735833,0.128167,176,2002120201,0.,1,"","","","","","","","","","","","","","","","","","","","","","","","","","","","","","","","","","",6.1,1,"","","","","","","","","","","","","","","","","","","","","","","","","","","","",84,1,"","","","","","","","","","","","","","","","","","","","","","","","","","","","","","","","","","","","","","","","","","","","","","","","","","","","","","","","","","","","","","","","","","","","","","","","","","","","","","","","","","","","","","","","","","","","","","","","","","",0,1,"","","","","","","","","","","","","","","","","","","","","","","","","","","","","",""
"61328002","LE PIN-AU-HARAS -INRAE",48.735833,0.128167,176,2002120202,0.,1,"","","","","","","","","","","","","","","","","","","","","","","","","","","","","","","","","","",6.1,1,"","","","","","","","","","","","","","","","","","","","","","","","","","","","",86,1,"","","","","","","","","","","","","","","","","","","","","","","","","","","","","","","","","","","","","","","","","","","","","","","","","","","","","","","","","","","","","","","","","","","","","","","","","","","","","","","","","","","","","","","","","","","","","","","","","","",0,1,"","","","","","","","","","","","","","","","","","","","","","","","","","","","","",""
"61328002","LE PIN-AU-HARAS -INRAE",48.735833,0.128167,176,2002120203,1.5,1,"","","","","","","","","","","","","","","","","","","","","","","","","","","","","","","","","","",5.7,1,"","","","","","","","","","","","","","","","","","","","","","","","","","","","",91,1,"","","","","","","","","","","","","","","","","","","","","","","","","","","","","","","","","","","","","","","","","","","","","","","","","","","","","","","","","","","","","","","","","","","","","","","","","","","","","","","","","","","","","","","","","","","","","","","","","","",0,1,"","","","","","","","","","","","","","","","","","","","","","","","","","","","","",""
"61328002","LE PIN-AU-HARAS -INRAE",48.735833,0.128167,176,2002120204,0.,1,"","","","","","","","","","","","","","","","","","","","","","","","","","","","","","","","","","",6.,1,"","","","","","","","","","","","","","","","","","","","","","","","","","","","",92,1,"","","","","","","","","","","","","","","","","","","","","","","","","","","","","","","","","","","","","","","","","","","","","","","","","","","","","","","","","","","","","","","","","","","","","","","","","","","","","","","","","","","","","","","","","","","","","","","","","","",0,1,"","","","","","","","","","","","","","","","","","","","","","","","","","","","","",""
"61328002","LE PIN-AU-HARAS -INRAE",48.735833,0.128167,176,2002120205,0.5,1,"","","","","","","","","","","","","","","","","","","","","","","","","","","","","","","","","","",6.1,1,"","","","","","","","","","","","","","","","","","","","","","","","","","","","",92,1,"","","","","","","","","","","","","","","","","","","","","","","","","","","","","","","","","","","","","","","","","","","","","","","","","","","","","","","","","","","","","","","","","","","","","","","","","","","","","","","","","","","","","","","","","","","","","","","","","","",0,1,"","","","","","","","","","","","","","","","","","","","","","","","","","","","","",""
"61328002","LE PIN-AU-HARAS -INRAE",48.735833,0.128167,176,2002120206,1.5,1,"","","","","","","","","","","","","","","","","","","","","","","","","","","","","","","","","","",6.2,1,"","","","","","","","","","","","","","","","","","","","","","","","","","","","",93,1,"","","","","","","","","","","","","","","","","","","","","","","","","","","","","","","","","","","","","","","","","","","","","","","","","","","","","","","","","","","","","","","","","","","","","","","","","","","","","","","","","","","","","","","","","","","","","","","","","","",0,1,"","","","","","","","","","","","","","","","","","","","","","","","","","","","","",""
"61328002","LE PIN-AU-HARAS -INRAE",48.735833,0.128167,176,2002120207,0.,1,"","","","","","","","","","","","","","","","","","","","","","","","","","","","","","","","","","",6.2,1,"","","","","","","","","","","","","","","","","","","","","","","","","","","","",92,1,"","","","","","","","","","","","","","","","","","","","","","","","","","","","","","","","","","","","","","","","","","","","","","","","","","","","","","","","","","","","","","","","","","","","","","","","","","","","","","","","","","","","","","","","","","","","","","","","","","",0,1,"","","","","","","","","","","","","","","","","","","","","","","","","","","","","",""
"61328002","LE PIN-AU-HARAS -INRAE",48.735833,0.128167,176,2002120208,0.,1,"","","","","","","","","","","","","","","","","","","","","","","","","","","","","","","","","","",6.5,1,"","","","","","","","","","","","","","","","","","","","","","","","","","","","",91,1,"","","","","","","","","","","","","","","","","","","","","","","","","","","","","","","","","","","","","","","","","","","","","","","","","","","","","","","","","","","","","","","","","","","","","","","","","","","","","","","","","","","","","","","","","","","","","","","","","","",0,1,"","","","","","","","","","","","","","","","","","","","","","","","","","","","","",""
"61328002","LE PIN-AU-HARAS -INRAE",48.735833,0.128167,176,2002120209,0.,1,"","","","","","","","","","","","","","","","","","","","","","","","","","","","","","","","","","",6.6,1,"","","","","","","","","","","","","","","","","","","","","","","","","","","","",89,1,"","","","","","","","","","","","","","","","","","","","","","","","","","","","","","","","","","","","","","","","","","","","","","","","","","","","","","","","","","","","","","","","","","","","","","","","","","","","","","","","","","","","","","","","","","","","","","","","","","",16,1,"","","","","","","","","","","","","","","","","","","","","","","","","","","","","",""
"61328002","LE PIN-AU-HARAS -INRAE",48.735833,0.128167,176,2002120210,0.,1,"","","","","","","","","","","","","","","","","","","","","","","","","","","","","","","","","","",7.1,1,"","","","","","","","","","","","","","","","","","","","","","","","","","","","",89,1,"","","","","","","","","","","","","","","","","","","","","","","","","","","","","","","","","","","","","","","","","","","","","","","","","","","","","","","","","","","","","","","","","","","","","","","","","","","","","","","","","","","","","","","","","","","","","","","","","","",44,1,"","","","","","","","","","","","","","","","","","","","","","","","","","","","","",""
"61328002","LE PIN-AU-HARAS -INRAE",48.735833,0.128167,176,2002120211,0.5,1,"","","","","","","","","","","","","","","","","","","","","","","","","","","","","","","","","","",6.8,1,"","","","","","","","","","","","","","","","","","","","","","","","","","","","",91,1,"","","","","","","","","","","","","","","","","","","","","","","","","","","","","","","","","","","","","","","","","","","","","","","","","","","","","","","","","","","","","","","","","","","","","","","","","","","","","","","","","","","","","","","","","","","","","","","","","","",24,1,"","","","","","","","","","","","","","","","","","","","","","","","","","","","","",""
"61328002","LE PIN-AU-HARAS -INRAE",48.735833,0.128167,176,2002120212,1.,1,"","","","","","","","","","","","","","","","","","","","","","","","","","","","","","","","","","",6.9,1,"","","","","","","","","","","","","","","","","","","","","","","","","","","","",90,1,"","","","","","","","","","","","","","","","","","","","","","","","","","","","","","","","","","","","","","","","","","","","","","","","","","","","","","","","","","","","","","","","","","","","","","","","","","","","","","","","","","","","","","","","","","","","","","","","","","",18,1,"","","","","","","","","","","","","","","","","","","","","","","","","","","","","",""
"61328002","LE PIN-AU-HARAS -INRAE",48.735833,0.128167,176,2002120213,0.,1,"","","","","","","","","","","","","","","","","","","","","","","","","","","","","","","","","","",7.2,1,"","","","","","","","","","","","","","","","","","","","","","","","","","","","",88,1,"","","","","","","","","","","","","","","","","","","","","","","","","","","","","","","","","","","","","","","","","","","","","","","","","","","","","","","","","","","","","","","","","","","","","","","","","","","","","","","","","","","","","","","","","","","","","","","","","","",36,1,"","","","","","","","","","","","","","","","","","","","","","","","","","","","","",""
"61328002","LE PIN-AU-HARAS -INRAE",48.735833,0.128167,176,2002120214,0.,1,"","","","","","","","","","","","","","","","","","","","","","","","","","","","","","","","","","",7.3,1,"","","","","","","","","","","","","","","","","","","","","","","","","","","","",88,1,"","","","","","","","","","","","","","","","","","","","","","","","","","","","","","","","","","","","","","","","","","","","","","","","","","","","","","","","","","","","","","","","","","","","","","","","","","","","","","","","","","","","","","","","","","","","","","","","","","",44,1,"","","","","","","","","","","","","","","","","","","","","","","","","","","","","",""
"61328002","LE PIN-AU-HARAS -INRAE",48.735833,0.128167,176,2002120215,0.5,1,"","","","","","","","","","","","","","","","","","","","","","","","","","","","","","","","","","",6.8,1,"","","","","","","","","","","","","","","","","","","","","","","","","","","","",89,1,"","","","","","","","","","","","","","","","","","","","","","","","","","","","","","","","","","","","","","","","","","","","","","","","","","","","","","","","","","","","","","","","","","","","","","","","","","","","","","","","","","","","","","","","","","","","","","","","","","",10,1,"","","","","","","","","","","","","","","","","","","","","","","","","","","","","",""
"61328002","LE PIN-AU-HARAS -INRAE",48.735833,0.128167,176,2002120216,1.,1,"","","","","","","","","","","","","","","","","","","","","","","","","","","","","","","","","","",5.8,1,"","","","","","","","","","","","","","","","","","","","","","","","","","","","",92,1,"","","","","","","","","","","","","","","","","","","","","","","","","","","","","","","","","","","","","","","","","","","","","","","","","","","","","","","","","","","","","","","","","","","","","","","","","","","","","","","","","","","","","","","","","","","","","","","","","","",2,1,"","","","","","","","","","","","","","","","","","","","","","","","","","","","","",""
"61328002","LE PIN-AU-HARAS -INRAE",48.735833,0.128167,176,2002120217,0.,1,"","","","","","","","","","","","","","","","","","","","","","","","","","","","","","","","","","",5.6,1,"","","","","","","","","","","","","","","","","","","","","","","","","","","","",94,1,"","","","","","","","","","","","","","","","","","","","","","","","","","","","","","","","","","","","","","","","","","","","","","","","","","","","","","","","","","","","","","","","","","","","","","","","","","","","","","","","","","","","","","","","","","","","","","","","","","",0,1,"","","","","","","","","","","","","","","","","","","","","","","","","","","","","",""
"61328002","LE PIN-AU-HARAS -INRAE",48.735833,0.128167,176,2002120218,0.,1,"","","","","","","","","","","","","","","","","","","","","","","","","","","","","","","","","","",4.1,1,"","","","","","","","","","","","","","","","","","","","","","","","","","","","",92,1,"","","","","","","","","","","","","","","","","","","","","","","","","","","","","","","","","","","","","","","","","","","","","","","","","","","","","","","","","","","","","","","","","","","","","","","","","","","","","","","","","","","","","","","","","","","","","","","","","","",0,1,"","","","","","","","","","","","","","","","","","","","","","","","","","","","","",""
"61328002","LE PIN-AU-HARAS -INRAE",48.735833,0.128167,176,2002120219,0.,1,"","","","","","","","","","","","","","","","","","","","","","","","","","","","","","","","","","",5.7,1,"","","","","","","","","","","","","","","","","","","","","","","","","","","","",91,1,"","","","","","","","","","","","","","","","","","","","","","","","","","","","","","","","","","","","","","","","","","","","","","","","","","","","","","","","","","","","","","","","","","","","","","","","","","","","","","","","","","","","","","","","","","","","","","","","","","",0,1,"","","","","","","","","","","","","","","","","","","","","","","","","","","","","",""
"61328002","LE PIN-AU-HARAS -INRAE",48.735833,0.128167,176,2002120220,0.,1,"","","","","","","","","","","","","","","","","","","","","","","","","","","","","","","","","","",6.,1,"","","","","","","","","","","","","","","","","","","","","","","","","","","","",90,1,"","","","","","","","","","","","","","","","","","","","","","","","","","","","","","","","","","","","","","","","","","","","","","","","","","","","","","","","","","","","","","","","","","","","","","","","","","","","","","","","","","","","","","","","","","","","","","","","","","",0,1,"","","","","","","","","","","","","","","","","","","","","","","","","","","","","",""
"61328002","LE PIN-AU-HARAS -INRAE",48.735833,0.128167,176,2002120221,0.,1,"","","","","","","","","","","","","","","","","","","","","","","","","","","","","","","","","","",5.7,1,"","","","","","","","","","","","","","","","","","","","","","","","","","","","",89,1,"","","","","","","","","","","","","","","","","","","","","","","","","","","","","","","","","","","","","","","","","","","","","","","","","","","","","","","","","","","","","","","","","","","","","","","","","","","","","","","","","","","","","","","","","","","","","","","","","","",0,1,"","","","","","","","","","","","","","","","","","","","","","","","","","","","","",""
"61328002","LE PIN-AU-HARAS -INRAE",48.735833,0.128167,176,2002120222,0.,1,"","","","","","","","","","","","","","","","","","","","","","","","","","","","","","","","","","",5.2,1,"","","","","","","","","","","","","","","","","","","","","","","","","","","","",90,1,"","","","","","","","","","","","","","","","","","","","","","","","","","","","","","","","","","","","","","","","","","","","","","","","","","","","","","","","","","","","","","","","","","","","","","","","","","","","","","","","","","","","","","","","","","","","","","","","","","",0,1,"","","","","","","","","","","","","","","","","","","","","","","","","","","","","",""
"61328002","LE PIN-AU-HARAS -INRAE",48.735833,0.128167,176,2002120223,0.,1,"","","","","","","","","","","","","","","","","","","","","","","","","","","","","","","","","","",5.1,1,"","","","","","","","","","","","","","","","","","","","","","","","","","","","",90,1,"","","","","","","","","","","","","","","","","","","","","","","","","","","","","","","","","","","","","","","","","","","","","","","","","","","","","","","","","","","","","","","","","","","","","","","","","","","","","","","","","","","","","","","","","","","","","","","","","","",0,1,"","","","","","","","","","","","","","","","","","","","","","","","","","","","","",""
"61328002","LE PIN-AU-HARAS -INRAE",48.735833,0.128167,176,2002120300,0.,1,"","","","","","","","","","","","","","","","","","","","","","","","","","","","","","","","","","",5.8,1,"","","","","","","","","","","","","","","","","","","","","","","","","","","","",92,1,"","","","","","","","","","","","","","","","","","","","","","","","","","","","","","","","","","","","","","","","","","","","","","","","","","","","","","","","","","","","","","","","","","","","","","","","","","","","","","","","","","","","","","","","","","","","","","","","","","",0,1,"","","","","","","","","","","","","","","","","","","","","","","","","","","","","",""
"61328002","LE PIN-AU-HARAS -INRAE",48.735833,0.128167,176,2002120301,0.,1,"","","","","","","","","","","","","","","","","","","","","","","","","","","","","","","","","","",5.5,1,"","","","","","","","","","","","","","","","","","","","","","","","","","","","",91,1,"","","","","","","","","","","","","","","","","","","","","","","","","","","","","","","","","","","","","","","","","","","","","","","","","","","","","","","","","","","","","","","","","","","","","","","","","","","","","","","","","","","","","","","","","","","","","","","","","","",0,1,"","","","","","","","","","","","","","","","","","","","","","","","","","","","","",""
"61328002","LE PIN-AU-HARAS -INRAE",48.735833,0.128167,176,2002120302,0.,1,"","","","","","","","","","","","","","","","","","","","","","","","","","","","","","","","","","",5.7,1,"","","","","","","","","","","","","","","","","","","","","","","","","","","","",90,1,"","","","","","","","","","","","","","","","","","","","","","","","","","","","","","","","","","","","","","","","","","","","","","","","","","","","","","","","","","","","","","","","","","","","","","","","","","","","","","","","","","","","","","","","","","","","","","","","","","",0,1,"","","","","","","","","","","","","","","","","","","","","","","","","","","","","",""
"61328002","LE PIN-AU-HARAS -INRAE",48.735833,0.128167,176,2002120303,0.,1,"","","","","","","","","","","","","","","","","","","","","","","","","","","","","","","","","","",5.4,1,"","","","","","","","","","","","","","","","","","","","","","","","","","","","",89,1,"","","","","","","","","","","","","","","","","","","","","","","","","","","","","","","","","","","","","","","","","","","","","","","","","","","","","","","","","","","","","","","","","","","","","","","","","","","","","","","","","","","","","","","","","","","","","","","","","","",0,1,"","","","","","","","","","","","","","","","","","","","","","","","","","","","","",""
"61328002","LE PIN-AU-HARAS -INRAE",48.735833,0.128167,176,2002120304,0.,1,"","","","","","","","","","","","","","","","","","","","","","","","","","","","","","","","","","",4.9,1,"","","","","","","","","","","","","","","","","","","","","","","","","","","","",90,1,"","","","","","","","","","","","","","","","","","","","","","","","","","","","","","","","","","","","","","","","","","","","","","","","","","","","","","","","","","","","","","","","","","","","","","","","","","","","","","","","","","","","","","","","","","","","","","","","","","",0,1,"","","","","","","","","","","","","","","","","","","","","","","","","","","","","",""
"61328002","LE PIN-AU-HARAS -INRAE",48.735833,0.128167,176,2002120305,0.,1,"","","","","","","","","","","","","","","","","","","","","","","","","","","","","","","","","","",4.5,1,"","","","","","","","","","","","","","","","","","","","","","","","","","","","",93,1,"","","","","","","","","","","","","","","","","","","","","","","","","","","","","","","","","","","","","","","","","","","","","","","","","","","","","","","","","","","","","","","","","","","","","","","","","","","","","","","","","","","","","","","","","","","","","","","","","","",0,1,"","","","","","","","","","","","","","","","","","","","","","","","","","","","","",""
"61328002","LE PIN-AU-HARAS -INRAE",48.735833,0.128167,176,2002120306,0.,1,"","","","","","","","","","","","","","","","","","","","","","","","","","","","","","","","","","",4.5,1,"","","","","","","","","","","","","","","","","","","","","","","","","","","","",96,1,"","","","","","","","","","","","","","","","","","","","","","","","","","","","","","","","","","","","","","","","","","","","","","","","","","","","","","","","","","","","","","","","","","","","","","","","","","","","","","","","","","","","","","","","","","","","","","","","","","",0,1,"","","","","","","","","","","","","","","","","","","","","","","","","","","","","",""
"61328002","LE PIN-AU-HARAS -INRAE",48.735833,0.128167,176,2002120307,0.,1,"","","","","","","","","","","","","","","","","","","","","","","","","","","","","","","","","","",3.5,1,"","","","","","","","","","","","","","","","","","","","","","","","","","","","",96,1,"","","","","","","","","","","","","","","","","","","","","","","","","","","","","","","","","","","","","","","","","","","","","","","","","","","","","","","","","","","","","","","","","","","","","","","","","","","","","","","","","","","","","","","","","","","","","","","","","","",0,1,"","","","","","","","","","","","","","","","","","","","","","","","","","","","","",""
"61328002","LE PIN-AU-HARAS -INRAE",48.735833,0.128167,176,2002120308,0.,1,"","","","","","","","","","","","","","","","","","","","","","","","","","","","","","","","","","",3.9,1,"","","","","","","","","","","","","","","","","","","","","","","","","","","","",97,1,"","","","","","","","","","","","","","","","","","","","","","","","","","","","","","","","","","","","","","","","","","","","","","","","","","","","","","","","","","","","","","","","","","","","","","","","","","","","","","","","","","","","","","","","","","","","","","","","","","",2,1,"","","","","","","","","","","","","","","","","","","","","","","","","","","","","",""
"61328002","LE PIN-AU-HARAS -INRAE",48.735833,0.128167,176,2002120309,0.,1,"","","","","","","","","","","","","","","","","","","","","","","","","","","","","","","","","","",5.4,1,"","","","","","","","","","","","","","","","","","","","","","","","","","","","",98,1,"","","","","","","","","","","","","","","","","","","","","","","","","","","","","","","","","","","","","","","","","","","","","","","","","","","","","","","","","","","","","","","","","","","","","","","","","","","","","","","","","","","","","","","","","","","","","","","","","","",26,1,"","","","","","","","","","","","","","","","","","","","","","","","","","","","","",""
"61328002","LE PIN-AU-HARAS -INRAE",48.735833,0.128167,176,2002120310,0.,1,"","","","","","","","","","","","","","","","","","","","","","","","","","","","","","","","","","",7.6,1,"","","","","","","","","","","","","","","","","","","","","","","","","","","","",87,1,"","","","","","","","","","","","","","","","","","","","","","","","","","","","","","","","","","","","","","","","","","","","","","","","","","","","","","","","","","","","","","","","","","","","","","","","","","","","","","","","","","","","","","","","","","","","","","","","","","",62,1,"","","","","","","","","","","","","","","","","","","","","","","","","","","","","",""
"61328002","LE PIN-AU-HARAS -INRAE",48.735833,0.128167,176,2002120311,0.,1,"","","","","","","","","","","","","","","","","","","","","","","","","","","","","","","","","","",8.8,1,"","","","","","","","","","","","","","","","","","","","","","","","","","","","",86,1,"","","","","","","","","","","","","","","","","","","","","","","","","","","","","","","","","","","","","","","","","","","","","","","","","","","","","","","","","","","","","","","","","","","","","","","","","","","","","","","","","","","","","","","","","","","","","","","","","","",76,1,"","","","","","","","","","","","","","","","","","","","","","","","","","","","","",""
"61328002","LE PIN-AU-HARAS -INRAE",48.735833,0.128167,176,2002120312,0.,1,"","","","","","","","","","","","","","","","","","","","","","","","","","","","","","","","","","",10.2,1,"","","","","","","","","","","","","","","","","","","","","","","","","","","","",78,1,"","","","","","","","","","","","","","","","","","","","","","","","","","","","","","","","","","","","","","","","","","","","","","","","","","","","","","","","","","","","","","","","","","","","","","","","","","","","","","","","","","","","","","","","","","","","","","","","","","",100,1,"","","","","","","","","","","","","","","","","","","","","","","","","","","","","",""
"61328002","LE PIN-AU-HARAS -INRAE",48.735833,0.128167,176,2002120313,0.,1,"","","","","","","","","","","","","","","","","","","","","","","","","","","","","","","","","","",9.5,1,"","","","","","","","","","","","","","","","","","","","","","","","","","","","",75,1,"","","","","","","","","","","","","","","","","","","","","","","","","","","","","","","","","","","","","","","","","","","","","","","","","","","","","","","","","","","","","","","","","","","","","","","","","","","","","","","","","","","","","","","","","","","","","","","","","","",92,1,"","","","","","","","","","","","","","","","","","","","","","","","","","","","","",""
"61328002","LE PIN-AU-HARAS -INRAE",48.735833,0.128167,176,2002120314,0.,1,"","","","","","","","","","","","","","","","","","","","","","","","","","","","","","","","","","",9.9,1,"","","","","","","","","","","","","","","","","","","","","","","","","","","","",73,1,"","","","","","","","","","","","","","","","","","","","","","","","","","","","","","","","","","","","","","","","","","","","","","","","","","","","","","","","","","","","","","","","","","","","","","","","","","","","","","","","","","","","","","","","","","","","","","","","","","",54,1,"","","","","","","","","","","","","","","","","","","","","","","","","","","","","",""
"61328002","LE PIN-AU-HARAS -INRAE",48.735833,0.128167,176,2002120315,0.,1,"","","","","","","","","","","","","","","","","","","","","","","","","","","","","","","","","","",8.8,1,"","","","","","","","","","","","","","","","","","","","","","","","","","","","",75,1,"","","","","","","","","","","","","","","","","","","","","","","","","","","","","","","","","","","","","","","","","","","","","","","","","","","","","","","","","","","","","","","","","","","","","","","","","","","","","","","","","","","","","","","","","","","","","","","","","","",46,1,"","","","","","","","","","","","","","","","","","","","","","","","","","","","","",""
"61328002","LE PIN-AU-HARAS -INRAE",48.735833,0.128167,176,2002120316,0.,1,"","","","","","","","","","","","","","","","","","","","","","","","","","","","","","","","","","",7.9,1,"","","","","","","","","","","","","","","","","","","","","","","","","","","","",83,1,"","","","","","","","","","","","","","","","","","","","","","","","","","","","","","","","","","","","","","","","","","","","","","","","","","","","","","","","","","","","","","","","","","","","","","","","","","","","","","","","","","","","","","","","","","","","","","","","","","",12,1,"","","","","","","","","","","","","","","","","","","","","","","","","","","","","",""
"61328002","LE PIN-AU-HARAS -INRAE",48.735833,0.128167,176,2002120317,0.,1,"","","","","","","","","","","","","","","","","","","","","","","","","","","","","","","","","","",5.6,1,"","","","","","","","","","","","","","","","","","","","","","","","","","","","",89,1,"","","","","","","","","","","","","","","","","","","","","","","","","","","","","","","","","","","","","","","","","","","","","","","","","","","","","","","","","","","","","","","","","","","","","","","","","","","","","","","","","","","","","","","","","","","","","","","","","","",0,1,"","","","","","","","","","","","","","","","","","","","","","","","","","","","","",""
"61328002","LE PIN-AU-HARAS -INRAE",48.735833,0.128167,176,2002120318,0.,1,"","","","","","","","","","","","","","","","","","","","","","","","","","","","","","","","","","",5.5,1,"","","","","","","","","","","","","","","","","","","","","","","","","","","","",93,1,"","","","","","","","","","","","","","","","","","","","","","","","","","","","","","","","","","","","","","","","","","","","","","","","","","","","","","","","","","","","","","","","","","","","","","","","","","","","","","","","","","","","","","","","","","","","","","","","","","",0,1,"","","","","","","","","","","","","","","","","","","","","","","","","","","","","",""
"61328002","LE PIN-AU-HARAS -INRAE",48.735833,0.128167,176,2002120319,0.,1,"","","","","","","","","","","","","","","","","","","","","","","","","","","","","","","","","","",3.3,1,"","","","","","","","","","","","","","","","","","","","","","","","","","","","",93,1,"","","","","","","","","","","","","","","","","","","","","","","","","","","","","","","","","","","","","","","","","","","","","","","","","","","","","","","","","","","","","","","","","","","","","","","","","","","","","","","","","","","","","","","","","","","","","","","","","","",0,1,"","","","","","","","","","","","","","","","","","","","","","","","","","","","","",""
"61328002","LE PIN-AU-HARAS -INRAE",48.735833,0.128167,176,2002120320,0.,1,"","","","","","","","","","","","","","","","","","","","","","","","","","","","","","","","","","",4.5,1,"","","","","","","","","","","","","","","","","","","","","","","","","","","","",97,1,"","","","","","","","","","","","","","","","","","","","","","","","","","","","","","","","","","","","","","","","","","","","","","","","","","","","","","","","","","","","","","","","","","","","","","","","","","","","","","","","","","","","","","","","","","","","","","","","","","",0,1,"","","","","","","","","","","","","","","","","","","","","","","","","","","","","",""
"61328002","LE PIN-AU-HARAS -INRAE",48.735833,0.128167,176,2002120321,0.,1,"","","","","","","","","","","","","","","","","","","","","","","","","","","","","","","","","","",4.,1,"","","","","","","","","","","","","","","","","","","","","","","","","","","","",97,1,"","","","","","","","","","","","","","","","","","","","","","","","","","","","","","","","","","","","","","","","","","","","","","","","","","","","","","","","","","","","","","","","","","","","","","","","","","","","","","","","","","","","","","","","","","","","","","","","","","",0,1,"","","","","","","","","","","","","","","","","","","","","","","","","","","","","",""
"61328002","LE PIN-AU-HARAS -INRAE",48.735833,0.128167,176,2002120322,0.,1,"","","","","","","","","","","","","","","","","","","","","","","","","","","","","","","","","","",3.1,1,"","","","","","","","","","","","","","","","","","","","","","","","","","","","",97,1,"","","","","","","","","","","","","","","","","","","","","","","","","","","","","","","","","","","","","","","","","","","","","","","","","","","","","","","","","","","","","","","","","","","","","","","","","","","","","","","","","","","","","","","","","","","","","","","","","","",0,1,"","","","","","","","","","","","","","","","","","","","","","","","","","","","","",""
"61328002","LE PIN-AU-HARAS -INRAE",48.735833,0.128167,176,2002120323,0.,1,"","","","","","","","","","","","","","","","","","","","","","","","","","","","","","","","","","",2.4,1,"","","","","","","","","","","","","","","","","","","","","","","","","","","","",98,1,"","","","","","","","","","","","","","","","","","","","","","","","","","","","","","","","","","","","","","","","","","","","","","","","","","","","","","","","","","","","","","","","","","","","","","","","","","","","","","","","","","","","","","","","","","","","","","","","","","",0,1,"","","","","","","","","","","","","","","","","","","","","","","","","","","","","",""
"61328002","LE PIN-AU-HARAS -INRAE",48.735833,0.128167,176,2002120400,0.,1,"","","","","","","","","","","","","","","","","","","","","","","","","","","","","","","","","","",2.8,1,"","","","","","","","","","","","","","","","","","","","","","","","","","","","",99,1,"","","","","","","","","","","","","","","","","","","","","","","","","","","","","","","","","","","","","","","","","","","","","","","","","","","","","","","","","","","","","","","","","","","","","","","","","","","","","","","","","","","","","","","","","","","","","","","","","","",0,1,"","","","","","","","","","","","","","","","","","","","","","","","","","","","","",""
"61328002","LE PIN-AU-HARAS -INRAE",48.735833,0.128167,176,2002120401,0.,1,"","","","","","","","","","","","","","","","","","","","","","","","","","","","","","","","","","",2.8,1,"","","","","","","","","","","","","","","","","","","","","","","","","","","","",99,1,"","","","","","","","","","","","","","","","","","","","","","","","","","","","","","","","","","","","","","","","","","","","","","","","","","","","","","","","","","","","","","","","","","","","","","","","","","","","","","","","","","","","","","","","","","","","","","","","","","",0,1,"","","","","","","","","","","","","","","","","","","","","","","","","","","","","",""
"61328002","LE PIN-AU-HARAS -INRAE",48.735833,0.128167,176,2002120402,0.,1,"","","","","","","","","","","","","","","","","","","","","","","","","","","","","","","","","","",2.9,1,"","","","","","","","","","","","","","","","","","","","","","","","","","","","",100,1,"","","","","","","","","","","","","","","","","","","","","","","","","","","","","","","","","","","","","","","","","","","","","","","","","","","","","","","","","","","","","","","","","","","","","","","","","","","","","","","","","","","","","","","","","","","","","","","","","","",0,1,"","","","","","","","","","","","","","","","","","","","","","","","","","","","","",""
"61328002","LE PIN-AU-HARAS -INRAE",48.735833,0.128167,176,2002120403,0.,1,"","","","","","","","","","","","","","","","","","","","","","","","","","","","","","","","","","",3.3,1,"","","","","","","","","","","","","","","","","","","","","","","","","","","","",100,1,"","","","","","","","","","","","","","","","","","","","","","","","","","","","","","","","","","","","","","","","","","","","","","","","","","","","","","","","","","","","","","","","","","","","","","","","","","","","","","","","","","","","","","","","","","","","","","","","","","",0,1,"","","","","","","","","","","","","","","","","","","","","","","","","","","","","",""
"61328002","LE PIN-AU-HARAS -INRAE",48.735833,0.128167,176,2002120404,0.,1,"","","","","","","","","","","","","","","","","","","","","","","","","","","","","","","","","","",3.7,1,"","","","","","","","","","","","","","","","","","","","","","","","","","","","",100,1,"","","","","","","","","","","","","","","","","","","","","","","","","","","","","","","","","","","","","","","","","","","","","","","","","","","","","","","","","","","","","","","","","","","","","","","","","","","","","","","","","","","","","","","","","","","","","","","","","","",0,1,"","","","","","","","","","","","","","","","","","","","","","","","","","","","","",""
"61328002","LE PIN-AU-HARAS -INRAE",48.735833,0.128167,176,2002120405,0.,1,"","","","","","","","","","","","","","","","","","","","","","","","","","","","","","","","","","",4.1,1,"","","","","","","","","","","","","","","","","","","","","","","","","","","","",100,1,"","","","","","","","","","","","","","","","","","","","","","","","","","","","","","","","","","","","","","","","","","","","","","","","","","","","","","","","","","","","","","","","","","","","","","","","","","","","","","","","","","","","","","","","","","","","","","","","","","",0,1,"","","","","","","","","","","","","","","","","","","","","","","","","","","","","",""
"61328002","LE PIN-AU-HARAS -INRAE",48.735833,0.128167,176,2002120406,0.,1,"","","","","","","","","","","","","","","","","","","","","","","","","","","","","","","","","","",4.,1,"","","","","","","","","","","","","","","","","","","","","","","","","","","","",100,1,"","","","","","","","","","","","","","","","","","","","","","","","","","","","","","","","","","","","","","","","","","","","","","","","","","","","","","","","","","","","","","","","","","","","","","","","","","","","","","","","","","","","","","","","","","","","","","","","","","",0,1,"","","","","","","","","","","","","","","","","","","","","","","","","","","","","",""
"61328002","LE PIN-AU-HARAS -INRAE",48.735833,0.128167,176,2002120407,0.,1,"","","","","","","","","","","","","","","","","","","","","","","","","","","","","","","","","","",4.5,1,"","","","","","","","","","","","","","","","","","","","","","","","","","","","",100,1,"","","","","","","","","","","","","","","","","","","","","","","","","","","","","","","","","","","","","","","","","","","","","","","","","","","","","","","","","","","","","","","","","","","","","","","","","","","","","","","","","","","","","","","","","","","","","","","","","","",0,1,"","","","","","","","","","","","","","","","","","","","","","","","","","","","","",""
"61328002","LE PIN-AU-HARAS -INRAE",48.735833,0.128167,176,2002120408,0.,1,"","","","","","","","","","","","","","","","","","","","","","","","","","","","","","","","","","",4.8,1,"","","","","","","","","","","","","","","","","","","","","","","","","","","","",100,1,"","","","","","","","","","","","","","","","","","","","","","","","","","","","","","","","","","","","","","","","","","","","","","","","","","","","","","","","","","","","","","","","","","","","","","","","","","","","","","","","","","","","","","","","","","","","","","","","","","",0,1,"","","","","","","","","","","","","","","","","","","","","","","","","","","","","",""
"61328002","LE PIN-AU-HARAS -INRAE",48.735833,0.128167,176,2002120409,0.,1,"","","","","","","","","","","","","","","","","","","","","","","","","","","","","","","","","","",5.6,1,"","","","","","","","","","","","","","","","","","","","","","","","","","","","",100,1,"","","","","","","","","","","","","","","","","","","","","","","","","","","","","","","","","","","","","","","","","","","","","","","","","","","","","","","","","","","","","","","","","","","","","","","","","","","","","","","","","","","","","","","","","","","","","","","","","","",10,1,"","","","","","","","","","","","","","","","","","","","","","","","","","","","","",""
"61328002","LE PIN-AU-HARAS -INRAE",48.735833,0.128167,176,2002120410,0.5,1,"","","","","","","","","","","","","","","","","","","","","","","","","","","","","","","","","","",6.8,1,"","","","","","","","","","","","","","","","","","","","","","","","","","","","",100,1,"","","","","","","","","","","","","","","","","","","","","","","","","","","","","","","","","","","","","","","","","","","","","","","","","","","","","","","","","","","","","","","","","","","","","","","","","","","","","","","","","","","","","","","","","","","","","","","","","","",22,1,"","","","","","","","","","","","","","","","","","","","","","","","","","","","","",""
"61328002","LE PIN-AU-HARAS -INRAE",48.735833,0.128167,176,2002120411,0.,1,"","","","","","","","","","","","","","","","","","","","","","","","","","","","","","","","","","",7.4,1,"","","","","","","","","","","","","","","","","","","","","","","","","","","","",100,1,"","","","","","","","","","","","","","","","","","","","","","","","","","","","","","","","","","","","","","","","","","","","","","","","","","","","","","","","","","","","","","","","","","","","","","","","","","","","","","","","","","","","","","","","","","","","","","","","","","",26,1,"","","","","","","","","","","","","","","","","","","","","","","","","","","","","",""
"61328002","LE PIN-AU-HARAS -INRAE",48.735833,0.128167,176,2002120412,0.5,1,"","","","","","","","","","","","","","","","","","","","","","","","","","","","","","","","","","",8.,1,"","","","","","","","","","","","","","","","","","","","","","","","","","","","",99,1,"","","","","","","","","","","","","","","","","","","","","","","","","","","","","","","","","","","","","","","","","","","","","","","","","","","","","","","","","","","","","","","","","","","","","","","","","","","","","","","","","","","","","","","","","","","","","","","","","","",28,1,"","","","","","","","","","","","","","","","","","","","","","","","","","","","","",""
"61328002","LE PIN-AU-HARAS -INRAE",48.735833,0.128167,176,2002120413,1.5,1,"","","","","","","","","","","","","","","","","","","","","","","","","","","","","","","","","","",8.,1,"","","","","","","","","","","","","","","","","","","","","","","","","","","","",98,1,"","","","","","","","","","","","","","","","","","","","","","","","","","","","","","","","","","","","","","","","","","","","","","","","","","","","","","","","","","","","","","","","","","","","","","","","","","","","","","","","","","","","","","","","","","","","","","","","","","",18,1,"","","","","","","","","","","","","","","","","","","","","","","","","","","","","",""
"61328002","LE PIN-AU-HARAS -INRAE",48.735833,0.128167,176,2002120414,0.,1,"","","","","","","","","","","","","","","","","","","","","","","","","","","","","","","","","","",8.,1,"","","","","","","","","","","","","","","","","","","","","","","","","","","","",98,1,"","","","","","","","","","","","","","","","","","","","","","","","","","","","","","","","","","","","","","","","","","","","","","","","","","","","","","","","","","","","","","","","","","","","","","","","","","","","","","","","","","","","","","","","","","","","","","","","","","",14,1,"","","","","","","","","","","","","","","","","","","","","","","","","","","","","",""
"61328002","LE PIN-AU-HARAS -INRAE",48.735833,0.128167,176,2002120415,1.,1,"","","","","","","","","","","","","","","","","","","","","","","","","","","","","","","","","","",8.1,1,"","","","","","","","","","","","","","","","","","","","","","","","","","","","",98,1,"","","","","","","","","","","","","","","","","","","","","","","","","","","","","","","","","","","","","","","","","","","","","","","","","","","","","","","","","","","","","","","","","","","","","","","","","","","","","","","","","","","","","","","","","","","","","","","","","","",4,1,"","","","","","","","","","","","","","","","","","","","","","","","","","","","","",""
"61328002","LE PIN-AU-HARAS -INRAE",48.735833,0.128167,176,2002120416,0.,1,"","","","","","","","","","","","","","","","","","","","","","","","","","","","","","","","","","",7.4,1,"","","","","","","","","","","","","","","","","","","","","","","","","","","","",97,1,"","","","","","","","","","","","","","","","","","","","","","","","","","","","","","","","","","","","","","","","","","","","","","","","","","","","","","","","","","","","","","","","","","","","","","","","","","","","","","","","","","","","","","","","","","","","","","","","","","",6,1,"","","","","","","","","","","","","","","","","","","","","","","","","","","","","",""
"61328002","LE PIN-AU-HARAS -INRAE",48.735833,0.128167,176,2002120417,0.,1,"","","","","","","","","","","","","","","","","","","","","","","","","","","","","","","","","","",5.8,1,"","","","","","","","","","","","","","","","","","","","","","","","","","","","",95,1,"","","","","","","","","","","","","","","","","","","","","","","","","","","","","","","","","","","","","","","","","","","","","","","","","","","","","","","","","","","","","","","","","","","","","","","","","","","","","","","","","","","","","","","","","","","","","","","","","","",0,1,"","","","","","","","","","","","","","","","","","","","","","","","","","","","","",""
"61328002","LE PIN-AU-HARAS -INRAE",48.735833,0.128167,176,2002120418,0.,1,"","","","","","","","","","","","","","","","","","","","","","","","","","","","","","","","","","",5.3,1,"","","","","","","","","","","","","","","","","","","","","","","","","","","","",96,1,"","","","","","","","","","","","","","","","","","","","","","","","","","","","","","","","","","","","","","","","","","","","","","","","","","","","","","","","","","","","","","","","","","","","","","","","","","","","","","","","","","","","","","","","","","","","","","","","","","",0,1,"","","","","","","","","","","","","","","","","","","","","","","","","","","","","",""
"61328002","LE PIN-AU-HARAS -INRAE",48.735833,0.128167,176,2002120419,0.,1,"","","","","","","","","","","","","","","","","","","","","","","","","","","","","","","","","","",6.1,1,"","","","","","","","","","","","","","","","","","","","","","","","","","","","",89,1,"","","","","","","","","","","","","","","","","","","","","","","","","","","","","","","","","","","","","","","","","","","","","","","","","","","","","","","","","","","","","","","","","","","","","","","","","","","","","","","","","","","","","","","","","","","","","","","","","","",0,1,"","","","","","","","","","","","","","","","","","","","","","","","","","","","","",""
"61328002","LE PIN-AU-HARAS -INRAE",48.735833,0.128167,176,2002120420,0.,1,"","","","","","","","","","","","","","","","","","","","","","","","","","","","","","","","","","",5.,1,"","","","","","","","","","","","","","","","","","","","","","","","","","","","",95,1,"","","","","","","","","","","","","","","","","","","","","","","","","","","","","","","","","","","","","","","","","","","","","","","","","","","","","","","","","","","","","","","","","","","","","","","","","","","","","","","","","","","","","","","","","","","","","","","","","","",0,1,"","","","","","","","","","","","","","","","","","","","","","","","","","","","","",""
"61328002","LE PIN-AU-HARAS -INRAE",48.735833,0.128167,176,2002120421,1.,1,"","","","","","","","","","","","","","","","","","","","","","","","","","","","","","","","","","",5.3,1,"","","","","","","","","","","","","","","","","","","","","","","","","","","","",93,1,"","","","","","","","","","","","","","","","","","","","","","","","","","","","","","","","","","","","","","","","","","","","","","","","","","","","","","","","","","","","","","","","","","","","","","","","","","","","","","","","","","","","","","","","","","","","","","","","","","",0,1,"","","","","","","","","","","","","","","","","","","","","","","","","","","","","",""
"61328002","LE PIN-AU-HARAS -INRAE",48.735833,0.128167,176,2002120422,1.,1,"","","","","","","","","","","","","","","","","","","","","","","","","","","","","","","","","","",4.9,1,"","","","","","","","","","","","","","","","","","","","","","","","","","","","",93,1,"","","","","","","","","","","","","","","","","","","","","","","","","","","","","","","","","","","","","","","","","","","","","","","","","","","","","","","","","","","","","","","","","","","","","","","","","","","","","","","","","","","","","","","","","","","","","","","","","","",0,1,"","","","","","","","","","","","","","","","","","","","","","","","","","","","","",""
"61328002","LE PIN-AU-HARAS -INRAE",48.735833,0.128167,176,2002120423,0.,1,"","","","","","","","","","","","","","","","","","","","","","","","","","","","","","","","","","",4.8,1,"","","","","","","","","","","","","","","","","","","","","","","","","","","","",93,1,"","","","","","","","","","","","","","","","","","","","","","","","","","","","","","","","","","","","","","","","","","","","","","","","","","","","","","","","","","","","","","","","","","","","","","","","","","","","","","","","","","","","","","","","","","","","","","","","","","",0,1,"","","","","","","","","","","","","","","","","","","","","","","","","","","","","",""
"61328002","LE PIN-AU-HARAS -INRAE",48.735833,0.128167,176,2002120500,0.,1,"","","","","","","","","","","","","","","","","","","","","","","","","","","","","","","","","","",5.,1,"","","","","","","","","","","","","","","","","","","","","","","","","","","","",94,1,"","","","","","","","","","","","","","","","","","","","","","","","","","","","","","","","","","","","","","","","","","","","","","","","","","","","","","","","","","","","","","","","","","","","","","","","","","","","","","","","","","","","","","","","","","","","","","","","","","",0,1,"","","","","","","","","","","","","","","","","","","","","","","","","","","","","",""
"61328002","LE PIN-AU-HARAS -INRAE",48.735833,0.128167,176,2002120501,1.,1,"","","","","","","","","","","","","","","","","","","","","","","","","","","","","","","","","","",5.,1,"","","","","","","","","","","","","","","","","","","","","","","","","","","","",94,1,"","","","","","","","","","","","","","","","","","","","","","","","","","","","","","","","","","","","","","","","","","","","","","","","","","","","","","","","","","","","","","","","","","","","","","","","","","","","","","","","","","","","","","","","","","","","","","","","","","",0,1,"","","","","","","","","","","","","","","","","","","","","","","","","","","","","",""
"61328002","LE PIN-AU-HARAS -INRAE",48.735833,0.128167,176,2002120502,0.5,1,"","","","","","","","","","","","","","","","","","","","","","","","","","","","","","","","","","",5.5,1,"","","","","","","","","","","","","","","","","","","","","","","","","","","","",94,1,"","","","","","","","","","","","","","","","","","","","","","","","","","","","","","","","","","","","","","","","","","","","","","","","","","","","","","","","","","","","","","","","","","","","","","","","","","","","","","","","","","","","","","","","","","","","","","","","","","",0,1,"","","","","","","","","","","","","","","","","","","","","","","","","","","","","",""
"61328002","LE PIN-AU-HARAS -INRAE",48.735833,0.128167,176,2002120503,0.,1,"","","","","","","","","","","","","","","","","","","","","","","","","","","","","","","","","","",5.6,1,"","","","","","","","","","","","","","","","","","","","","","","","","","","","",94,1,"","","","","","","","","","","","","","","","","","","","","","","","","","","","","","","","","","","","","","","","","","","","","","","","","","","","","","","","","","","","","","","","","","","","","","","","","","","","","","","","","","","","","","","","","","","","","","","","","","",0,1,"","","","","","","","","","","","","","","","","","","","","","","","","","","","","",""
"61328002","LE PIN-AU-HARAS -INRAE",48.735833,0.128167,176,2002120504,0.,1,"","","","","","","","","","","","","","","","","","","","","","","","","","","","","","","","","","",5.3,1,"","","","","","","","","","","","","","","","","","","","","","","","","","","","",93,1,"","","","","","","","","","","","","","","","","","","","","","","","","","","","","","","","","","","","","","","","","","","","","","","","","","","","","","","","","","","","","","","","","","","","","","","","","","","","","","","","","","","","","","","","","","","","","","","","","","",0,1,"","","","","","","","","","","","","","","","","","","","","","","","","","","","","",""
"61328002","LE PIN-AU-HARAS -INRAE",48.735833,0.128167,176,2002120505,0.5,1,"","","","","","","","","","","","","","","","","","","","","","","","","","","","","","","","","","",5.,1,"","","","","","","","","","","","","","","","","","","","","","","","","","","","",91,1,"","","","","","","","","","","","","","","","","","","","","","","","","","","","","","","","","","","","","","","","","","","","","","","","","","","","","","","","","","","","","","","","","","","","","","","","","","","","","","","","","","","","","","","","","","","","","","","","","","",0,1,"","","","","","","","","","","","","","","","","","","","","","","","","","","","","",""
"61328002","LE PIN-AU-HARAS -INRAE",48.735833,0.128167,176,2002120506,0.,1,"","","","","","","","","","","","","","","","","","","","","","","","","","","","","","","","","","",4.7,1,"","","","","","","","","","","","","","","","","","","","","","","","","","","","",90,1,"","","","","","","","","","","","","","","","","","","","","","","","","","","","","","","","","","","","","","","","","","","","","","","","","","","","","","","","","","","","","","","","","","","","","","","","","","","","","","","","","","","","","","","","","","","","","","","","","","",0,1,"","","","","","","","","","","","","","","","","","","","","","","","","","","","","",""
"61328002","LE PIN-AU-HARAS -INRAE",48.735833,0.128167,176,2002120507,0.,1,"","","","","","","","","","","","","","","","","","","","","","","","","","","","","","","","","","",4.7,1,"","","","","","","","","","","","","","","","","","","","","","","","","","","","",90,1,"","","","","","","","","","","","","","","","","","","","","","","","","","","","","","","","","","","","","","","","","","","","","","","","","","","","","","","","","","","","","","","","","","","","","","","","","","","","","","","","","","","","","","","","","","","","","","","","","","",0,1,"","","","","","","","","","","","","","","","","","","","","","","","","","","","","",""
"61328002","LE PIN-AU-HARAS -INRAE",48.735833,0.128167,176,2002120508,0.,1,"","","","","","","","","","","","","","","","","","","","","","","","","","","","","","","","","","",5.4,1,"","","","","","","","","","","","","","","","","","","","","","","","","","","","",90,1,"","","","","","","","","","","","","","","","","","","","","","","","","","","","","","","","","","","","","","","","","","","","","","","","","","","","","","","","","","","","","","","","","","","","","","","","","","","","","","","","","","","","","","","","","","","","","","","","","","",0,1,"","","","","","","","","","","","","","","","","","","","","","","","","","","","","",""
"61328002","LE PIN-AU-HARAS -INRAE",48.735833,0.128167,176,2002120509,0.,1,"","","","","","","","","","","","","","","","","","","","","","","","","","","","","","","","","","",5.9,1,"","","","","","","","","","","","","","","","","","","","","","","","","","","","",89,1,"","","","","","","","","","","","","","","","","","","","","","","","","","","","","","","","","","","","","","","","","","","","","","","","","","","","","","","","","","","","","","","","","","","","","","","","","","","","","","","","","","","","","","","","","","","","","","","","","","",16,1,"","","","","","","","","","","","","","","","","","","","","","","","","","","","","",""
"61328002","LE PIN-AU-HARAS -INRAE",48.735833,0.128167,176,2002120510,0.,1,"","","","","","","","","","","","","","","","","","","","","","","","","","","","","","","","","","",6.2,1,"","","","","","","","","","","","","","","","","","","","","","","","","","","","",88,1,"","","","","","","","","","","","","","","","","","","","","","","","","","","","","","","","","","","","","","","","","","","","","","","","","","","","","","","","","","","","","","","","","","","","","","","","","","","","","","","","","","","","","","","","","","","","","","","","","","",26,1,"","","","","","","","","","","","","","","","","","","","","","","","","","","","","",""
"61328002","LE PIN-AU-HARAS -INRAE",48.735833,0.128167,176,2002120511,0.,1,"","","","","","","","","","","","","","","","","","","","","","","","","","","","","","","","","","",7.1,1,"","","","","","","","","","","","","","","","","","","","","","","","","","","","",84,1,"","","","","","","","","","","","","","","","","","","","","","","","","","","","","","","","","","","","","","","","","","","","","","","","","","","","","","","","","","","","","","","","","","","","","","","","","","","","","","","","","","","","","","","","","","","","","","","","","","",60,1,"","","","","","","","","","","","","","","","","","","","","","","","","","","","","",""
"61328002","LE PIN-AU-HARAS -INRAE",48.735833,0.128167,176,2002120512,0.,1,"","","","","","","","","","","","","","","","","","","","","","","","","","","","","","","","","","",7.7,1,"","","","","","","","","","","","","","","","","","","","","","","","","","","","",80,1,"","","","","","","","","","","","","","","","","","","","","","","","","","","","","","","","","","","","","","","","","","","","","","","","","","","","","","","","","","","","","","","","","","","","","","","","","","","","","","","","","","","","","","","","","","","","","","","","","","",40,1,"","","","","","","","","","","","","","","","","","","","","","","","","","","","","",""
"61328002","LE PIN-AU-HARAS -INRAE",48.735833,0.128167,176,2002120513,0.,1,"","","","","","","","","","","","","","","","","","","","","","","","","","","","","","","","","","",7.7,1,"","","","","","","","","","","","","","","","","","","","","","","","","","","","",81,1,"","","","","","","","","","","","","","","","","","","","","","","","","","","","","","","","","","","","","","","","","","","","","","","","","","","","","","","","","","","","","","","","","","","","","","","","","","","","","","","","","","","","","","","","","","","","","","","","","","",34,1,"","","","","","","","","","","","","","","","","","","","","","","","","","","","","",""
"61328002","LE PIN-AU-HARAS -INRAE",48.735833,0.128167,176,2002120514,0.,1,"","","","","","","","","","","","","","","","","","","","","","","","","","","","","","","","","","",7.6,1,"","","","","","","","","","","","","","","","","","","","","","","","","","","","",82,1,"","","","","","","","","","","","","","","","","","","","","","","","","","","","","","","","","","","","","","","","","","","","","","","","","","","","","","","","","","","","","","","","","","","","","","","","","","","","","","","","","","","","","","","","","","","","","","","","","","",8,1,"","","","","","","","","","","","","","","","","","","","","","","","","","","","","",""
"61328002","LE PIN-AU-HARAS -INRAE",48.735833,0.128167,176,2002120515,0.,1,"","","","","","","","","","","","","","","","","","","","","","","","","","","","","","","","","","",7.6,1,"","","","","","","","","","","","","","","","","","","","","","","","","","","","",85,1,"","","","","","","","","","","","","","","","","","","","","","","","","","","","","","","","","","","","","","","","","","","","","","","","","","","","","","","","","","","","","","","","","","","","","","","","","","","","","","","","","","","","","","","","","","","","","","","","","","",4,1,"","","","","","","","","","","","","","","","","","","","","","","","","","","","","",""
"61328002","LE PIN-AU-HARAS -INRAE",48.735833,0.128167,176,2002120516,0.,1,"","","","","","","","","","","","","","","","","","","","","","","","","","","","","","","","","","",7.4,1,"","","","","","","","","","","","","","","","","","","","","","","","","","","","",88,1,"","","","","","","","","","","","","","","","","","","","","","","","","","","","","","","","","","","","","","","","","","","","","","","","","","","","","","","","","","","","","","","","","","","","","","","","","","","","","","","","","","","","","","","","","","","","","","","","","","",0,1,"","","","","","","","","","","","","","","","","","","","","","","","","","","","","",""
"61328002","LE PIN-AU-HARAS -INRAE",48.735833,0.128167,176,2002120517,0.,1,"","","","","","","","","","","","","","","","","","","","","","","","","","","","","","","","","","",7.4,1,"","","","","","","","","","","","","","","","","","","","","","","","","","","","",85,1,"","","","","","","","","","","","","","","","","","","","","","","","","","","","","","","","","","","","","","","","","","","","","","","","","","","","","","","","","","","","","","","","","","","","","","","","","","","","","","","","","","","","","","","","","","","","","","","","","","",0,1,"","","","","","","","","","","","","","","","","","","","","","","","","","","","","",""
"61328002","LE PIN-AU-HARAS -INRAE",48.735833,0.128167,176,2002120518,0.,1,"","","","","","","","","","","","","","","","","","","","","","","","","","","","","","","","","","",6.7,1,"","","","","","","","","","","","","","","","","","","","","","","","","","","","",84,1,"","","","","","","","","","","","","","","","","","","","","","","","","","","","","","","","","","","","","","","","","","","","","","","","","","","","","","","","","","","","","","","","","","","","","","","","","","","","","","","","","","","","","","","","","","","","","","","","","","",0,1,"","","","","","","","","","","","","","","","","","","","","","","","","","","","","",""
"61328002","LE PIN-AU-HARAS -INRAE",48.735833,0.128167,176,2002120519,0.,1,"","","","","","","","","","","","","","","","","","","","","","","","","","","","","","","","","","",6.,1,"","","","","","","","","","","","","","","","","","","","","","","","","","","","",87,1,"","","","","","","","","","","","","","","","","","","","","","","","","","","","","","","","","","","","","","","","","","","","","","","","","","","","","","","","","","","","","","","","","","","","","","","","","","","","","","","","","","","","","","","","","","","","","","","","","","",0,1,"","","","","","","","","","","","","","","","","","","","","","","","","","","","","",""
"61328002","LE PIN-AU-HARAS -INRAE",48.735833,0.128167,176,2002120520,0.,1,"","","","","","","","","","","","","","","","","","","","","","","","","","","","","","","","","","",6.,1,"","","","","","","","","","","","","","","","","","","","","","","","","","","","",90,1,"","","","","","","","","","","","","","","","","","","","","","","","","","","","","","","","","","","","","","","","","","","","","","","","","","","","","","","","","","","","","","","","","","","","","","","","","","","","","","","","","","","","","","","","","","","","","","","","","","",0,1,"","","","","","","","","","","","","","","","","","","","","","","","","","","","","",""
"61328002","LE PIN-AU-HARAS -INRAE",48.735833,0.128167,176,2002120521,0.,1,"","","","","","","","","","","","","","","","","","","","","","","","","","","","","","","","","","",5.8,1,"","","","","","","","","","","","","","","","","","","","","","","","","","","","",91,1,"","","","","","","","","","","","","","","","","","","","","","","","","","","","","","","","","","","","","","","","","","","","","","","","","","","","","","","","","","","","","","","","","","","","","","","","","","","","","","","","","","","","","","","","","","","","","","","","","","",0,1,"","","","","","","","","","","","","","","","","","","","","","","","","","","","","",""
"61328002","LE PIN-AU-HARAS -INRAE",48.735833,0.128167,176,2002120522,0.,1,"","","","","","","","","","","","","","","","","","","","","","","","","","","","","","","","","","",4.9,1,"","","","","","","","","","","","","","","","","","","","","","","","","","","","",94,1,"","","","","","","","","","","","","","","","","","","","","","","","","","","","","","","","","","","","","","","","","","","","","","","","","","","","","","","","","","","","","","","","","","","","","","","","","","","","","","","","","","","","","","","","","","","","","","","","","","",0,1,"","","","","","","","","","","","","","","","","","","","","","","","","","","","","",""
"61328002","LE PIN-AU-HARAS -INRAE",48.735833,0.128167,176,2002120523,0.,1,"","","","","","","","","","","","","","","","","","","","","","","","","","","","","","","","","","",4.2,1,"","","","","","","","","","","","","","","","","","","","","","","","","","","","",92,1,"","","","","","","","","","","","","","","","","","","","","","","","","","","","","","","","","","","","","","","","","","","","","","","","","","","","","","","","","","","","","","","","","","","","","","","","","","","","","","","","","","","","","","","","","","","","","","","","","","",0,1,"","","","","","","","","","","","","","","","","","","","","","","","","","","","","",""
"61328002","LE PIN-AU-HARAS -INRAE",48.735833,0.128167,176,2002120600,0.,1,"","","","","","","","","","","","","","","","","","","","","","","","","","","","","","","","","","",4.,1,"","","","","","","","","","","","","","","","","","","","","","","","","","","","",92,1,"","","","","","","","","","","","","","","","","","","","","","","","","","","","","","","","","","","","","","","","","","","","","","","","","","","","","","","","","","","","","","","","","","","","","","","","","","","","","","","","","","","","","","","","","","","","","","","","","","",0,1,"","","","","","","","","","","","","","","","","","","","","","","","","","","","","",""
"61328002","LE PIN-AU-HARAS -INRAE",48.735833,0.128167,176,2002120601,0.,1,"","","","","","","","","","","","","","","","","","","","","","","","","","","","","","","","","","",3.9,1,"","","","","","","","","","","","","","","","","","","","","","","","","","","","",89,1,"","","","","","","","","","","","","","","","","","","","","","","","","","","","","","","","","","","","","","","","","","","","","","","","","","","","","","","","","","","","","","","","","","","","","","","","","","","","","","","","","","","","","","","","","","","","","","","","","","",0,1,"","","","","","","","","","","","","","","","","","","","","","","","","","","","","",""
"61328002","LE PIN-AU-HARAS -INRAE",48.735833,0.128167,176,2002120602,0.,1,"","","","","","","","","","","","","","","","","","","","","","","","","","","","","","","","","","",4.2,1,"","","","","","","","","","","","","","","","","","","","","","","","","","","","",91,1,"","","","","","","","","","","","","","","","","","","","","","","","","","","","","","","","","","","","","","","","","","","","","","","","","","","","","","","","","","","","","","","","","","","","","","","","","","","","","","","","","","","","","","","","","","","","","","","","","","",0,1,"","","","","","","","","","","","","","","","","","","","","","","","","","","","","",""
"61328002","LE PIN-AU-HARAS -INRAE",48.735833,0.128167,176,2002120603,0.,1,"","","","","","","","","","","","","","","","","","","","","","","","","","","","","","","","","","",4.1,1,"","","","","","","","","","","","","","","","","","","","","","","","","","","","",92,1,"","","","","","","","","","","","","","","","","","","","","","","","","","","","","","","","","","","","","","","","","","","","","","","","","","","","","","","","","","","","","","","","","","","","","","","","","","","","","","","","","","","","","","","","","","","","","","","","","","",0,1,"","","","","","","","","","","","","","","","","","","","","","","","","","","","","",""
"61328002","LE PIN-AU-HARAS -INRAE",48.735833,0.128167,176,2002120604,0.,1,"","","","","","","","","","","","","","","","","","","","","","","","","","","","","","","","","","",5.4,1,"","","","","","","","","","","","","","","","","","","","","","","","","","","","",91,1,"","","","","","","","","","","","","","","","","","","","","","","","","","","","","","","","","","","","","","","","","","","","","","","","","","","","","","","","","","","","","","","","","","","","","","","","","","","","","","","","","","","","","","","","","","","","","","","","","","",0,1,"","","","","","","","","","","","","","","","","","","","","","","","","","","","","",""
"61328002","LE PIN-AU-HARAS -INRAE",48.735833,0.128167,176,2002120605,0.,1,"","","","","","","","","","","","","","","","","","","","","","","","","","","","","","","","","","",5.9,1,"","","","","","","","","","","","","","","","","","","","","","","","","","","","",92,1,"","","","","","","","","","","","","","","","","","","","","","","","","","","","","","","","","","","","","","","","","","","","","","","","","","","","","","","","","","","","","","","","","","","","","","","","","","","","","","","","","","","","","","","","","","","","","","","","","","",0,1,"","","","","","","","","","","","","","","","","","","","","","","","","","","","","",""
"61328002","LE PIN-AU-HARAS -INRAE",48.735833,0.128167,176,2002120606,0.,1,"","","","","","","","","","","","","","","","","","","","","","","","","","","","","","","","","","",5.7,1,"","","","","","","","","","","","","","","","","","","","","","","","","","","","",93,1,"","","","","","","","","","","","","","","","","","","","","","","","","","","","","","","","","","","","","","","","","","","","","","","","","","","","","","","","","","","","","","","","","","","","","","","","","","","","","","","","","","","","","","","","","","","","","","","","","","",0,1,"","","","","","","","","","","","","","","","","","","","","","","","","","","","","",""
"61328002","LE PIN-AU-HARAS -INRAE",48.735833,0.128167,176,2002120607,0.,1,"","","","","","","","","","","","","","","","","","","","","","","","","","","","","","","","","","",5.6,1,"","","","","","","","","","","","","","","","","","","","","","","","","","","","",94,1,"","","","","","","","","","","","","","","","","","","","","","","","","","","","","","","","","","","","","","","","","","","","","","","","","","","","","","","","","","","","","","","","","","","","","","","","","","","","","","","","","","","","","","","","","","","","","","","","","","",0,1,"","","","","","","","","","","","","","","","","","","","","","","","","","","","","",""
"61328002","LE PIN-AU-HARAS -INRAE",48.735833,0.128167,176,2002120608,0.,1,"","","","","","","","","","","","","","","","","","","","","","","","","","","","","","","","","","",5.1,1,"","","","","","","","","","","","","","","","","","","","","","","","","","","","",93,1,"","","","","","","","","","","","","","","","","","","","","","","","","","","","","","","","","","","","","","","","","","","","","","","","","","","","","","","","","","","","","","","","","","","","","","","","","","","","","","","","","","","","","","","","","","","","","","","","","","",0,1,"","","","","","","","","","","","","","","","","","","","","","","","","","","","","",""
"61328002","LE PIN-AU-HARAS -INRAE",48.735833,0.128167,176,2002120609,0.,1,"","","","","","","","","","","","","","","","","","","","","","","","","","","","","","","","","","",5.,1,"","","","","","","","","","","","","","","","","","","","","","","","","","","","",95,1,"","","","","","","","","","","","","","","","","","","","","","","","","","","","","","","","","","","","","","","","","","","","","","","","","","","","","","","","","","","","","","","","","","","","","","","","","","","","","","","","","","","","","","","","","","","","","","","","","","",2,1,"","","","","","","","","","","","","","","","","","","","","","","","","","","","","",""
"61328002","LE PIN-AU-HARAS -INRAE",48.735833,0.128167,176,2002120610,0.,1,"","","","","","","","","","","","","","","","","","","","","","","","","","","","","","","","","","",4.9,1,"","","","","","","","","","","","","","","","","","","","","","","","","","","","",95,1,"","","","","","","","","","","","","","","","","","","","","","","","","","","","","","","","","","","","","","","","","","","","","","","","","","","","","","","","","","","","","","","","","","","","","","","","","","","","","","","","","","","","","","","","","","","","","","","","","","",6,1,"","","","","","","","","","","","","","","","","","","","","","","","","","","","","",""
"61328002","LE PIN-AU-HARAS -INRAE",48.735833,0.128167,176,2002120611,0.,1,"","","","","","","","","","","","","","","","","","","","","","","","","","","","","","","","","","",4.8,1,"","","","","","","","","","","","","","","","","","","","","","","","","","","","",91,1,"","","","","","","","","","","","","","","","","","","","","","","","","","","","","","","","","","","","","","","","","","","","","","","","","","","","","","","","","","","","","","","","","","","","","","","","","","","","","","","","","","","","","","","","","","","","","","","","","","",14,1,"","","","","","","","","","","","","","","","","","","","","","","","","","","","","",""
"61328002","LE PIN-AU-HARAS -INRAE",48.735833,0.128167,176,2002120612,0.,1,"","","","","","","","","","","","","","","","","","","","","","","","","","","","","","","","","","",4.7,1,"","","","","","","","","","","","","","","","","","","","","","","","","","","","",91,1,"","","","","","","","","","","","","","","","","","","","","","","","","","","","","","","","","","","","","","","","","","","","","","","","","","","","","","","","","","","","","","","","","","","","","","","","","","","","","","","","","","","","","","","","","","","","","","","","","","",14,1,"","","","","","","","","","","","","","","","","","","","","","","","","","","","","",""
"61328002","LE PIN-AU-HARAS -INRAE",48.735833,0.128167,176,2002120613,0.,1,"","","","","","","","","","","","","","","","","","","","","","","","","","","","","","","","","","",4.,1,"","","","","","","","","","","","","","","","","","","","","","","","","","","","",89,1,"","","","","","","","","","","","","","","","","","","","","","","","","","","","","","","","","","","","","","","","","","","","","","","","","","","","","","","","","","","","","","","","","","","","","","","","","","","","","","","","","","","","","","","","","","","","","","","","","","",10,1,"","","","","","","","","","","","","","","","","","","","","","","","","","","","","",""
"61328002","LE PIN-AU-HARAS -INRAE",48.735833,0.128167,176,2002120614,0.,1,"","","","","","","","","","","","","","","","","","","","","","","","","","","","","","","","","","",3.1,1,"","","","","","","","","","","","","","","","","","","","","","","","","","","","",87,1,"","","","","","","","","","","","","","","","","","","","","","","","","","","","","","","","","","","","","","","","","","","","","","","","","","","","","","","","","","","","","","","","","","","","","","","","","","","","","","","","","","","","","","","","","","","","","","","","","","",8,1,"","","","","","","","","","","","","","","","","","","","","","","","","","","","","",""
"61328002","LE PIN-AU-HARAS -INRAE",48.735833,0.128167,176,2002120615,0.,1,"","","","","","","","","","","","","","","","","","","","","","","","","","","","","","","","","","",2.6,1,"","","","","","","","","","","","","","","","","","","","","","","","","","","","",86,1,"","","","","","","","","","","","","","","","","","","","","","","","","","","","","","","","","","","","","","","","","","","","","","","","","","","","","","","","","","","","","","","","","","","","","","","","","","","","","","","","","","","","","","","","","","","","","","","","","","",4,1,"","","","","","","","","","","","","","","","","","","","","","","","","","","","","",""
"61328002","LE PIN-AU-HARAS -INRAE",48.735833,0.128167,176,2002120616,0.,1,"","","","","","","","","","","","","","","","","","","","","","","","","","","","","","","","","","",2.4,1,"","","","","","","","","","","","","","","","","","","","","","","","","","","","",87,1,"","","","","","","","","","","","","","","","","","","","","","","","","","","","","","","","","","","","","","","","","","","","","","","","","","","","","","","","","","","","","","","","","","","","","","","","","","","","","","","","","","","","","","","","","","","","","","","","","","",0,1,"","","","","","","","","","","","","","","","","","","","","","","","","","","","","",""
"61328002","LE PIN-AU-HARAS -INRAE",48.735833,0.128167,176,2002120617,0.,1,"","","","","","","","","","","","","","","","","","","","","","","","","","","","","","","","","","",2.4,1,"","","","","","","","","","","","","","","","","","","","","","","","","","","","",82,1,"","","","","","","","","","","","","","","","","","","","","","","","","","","","","","","","","","","","","","","","","","","","","","","","","","","","","","","","","","","","","","","","","","","","","","","","","","","","","","","","","","","","","","","","","","","","","","","","","","",0,1,"","","","","","","","","","","","","","","","","","","","","","","","","","","","","",""
"61328002","LE PIN-AU-HARAS -INRAE",48.735833,0.128167,176,2002120618,0.,1,"","","","","","","","","","","","","","","","","","","","","","","","","","","","","","","","","","",2.5,1,"","","","","","","","","","","","","","","","","","","","","","","","","","","","",83,1,"","","","","","","","","","","","","","","","","","","","","","","","","","","","","","","","","","","","","","","","","","","","","","","","","","","","","","","","","","","","","","","","","","","","","","","","","","","","","","","","","","","","","","","","","","","","","","","","","","",0,1,"","","","","","","","","","","","","","","","","","","","","","","","","","","","","",""
"61328002","LE PIN-AU-HARAS -INRAE",48.735833,0.128167,176,2002120619,0.,1,"","","","","","","","","","","","","","","","","","","","","","","","","","","","","","","","","","",2.5,1,"","","","","","","","","","","","","","","","","","","","","","","","","","","","",84,1,"","","","","","","","","","","","","","","","","","","","","","","","","","","","","","","","","","","","","","","","","","","","","","","","","","","","","","","","","","","","","","","","","","","","","","","","","","","","","","","","","","","","","","","","","","","","","","","","","","",0,1,"","","","","","","","","","","","","","","","","","","","","","","","","","","","","",""
"61328002","LE PIN-AU-HARAS -INRAE",48.735833,0.128167,176,2002120620,0.,1,"","","","","","","","","","","","","","","","","","","","","","","","","","","","","","","","","","",2.6,1,"","","","","","","","","","","","","","","","","","","","","","","","","","","","",86,1,"","","","","","","","","","","","","","","","","","","","","","","","","","","","","","","","","","","","","","","","","","","","","","","","","","","","","","","","","","","","","","","","","","","","","","","","","","","","","","","","","","","","","","","","","","","","","","","","","","",0,1,"","","","","","","","","","","","","","","","","","","","","","","","","","","","","",""
"61328002","LE PIN-AU-HARAS -INRAE",48.735833,0.128167,176,2002120621,0.,1,"","","","","","","","","","","","","","","","","","","","","","","","","","","","","","","","","","",2.6,1,"","","","","","","","","","","","","","","","","","","","","","","","","","","","",87,1,"","","","","","","","","","","","","","","","","","","","","","","","","","","","","","","","","","","","","","","","","","","","","","","","","","","","","","","","","","","","","","","","","","","","","","","","","","","","","","","","","","","","","","","","","","","","","","","","","","",0,1,"","","","","","","","","","","","","","","","","","","","","","","","","","","","","",""
"61328002","LE PIN-AU-HARAS -INRAE",48.735833,0.128167,176,2002120622,0.,1,"","","","","","","","","","","","","","","","","","","","","","","","","","","","","","","","","","",2.7,1,"","","","","","","","","","","","","","","","","","","","","","","","","","","","",88,1,"","","","","","","","","","","","","","","","","","","","","","","","","","","","","","","","","","","","","","","","","","","","","","","","","","","","","","","","","","","","","","","","","","","","","","","","","","","","","","","","","","","","","","","","","","","","","","","","","","",0,1,"","","","","","","","","","","","","","","","","","","","","","","","","","","","","",""
"61328002","LE PIN-AU-HARAS -INRAE",48.735833,0.128167,176,2002120623,0.,1,"","","","","","","","","","","","","","","","","","","","","","","","","","","","","","","","","","",2.7,1,"","","","","","","","","","","","","","","","","","","","","","","","","","","","",87,1,"","","","","","","","","","","","","","","","","","","","","","","","","","","","","","","","","","","","","","","","","","","","","","","","","","","","","","","","","","","","","","","","","","","","","","","","","","","","","","","","","","","","","","","","","","","","","","","","","","",0,1,"","","","","","","","","","","","","","","","","","","","","","","","","","","","","",""
"61328002","LE PIN-AU-HARAS -INRAE",48.735833,0.128167,176,2002120700,0.,1,"","","","","","","","","","","","","","","","","","","","","","","","","","","","","","","","","","",2.5,1,"","","","","","","","","","","","","","","","","","","","","","","","","","","","",85,1,"","","","","","","","","","","","","","","","","","","","","","","","","","","","","","","","","","","","","","","","","","","","","","","","","","","","","","","","","","","","","","","","","","","","","","","","","","","","","","","","","","","","","","","","","","","","","","","","","","",0,1,"","","","","","","","","","","","","","","","","","","","","","","","","","","","","",""
"61328002","LE PIN-AU-HARAS -INRAE",48.735833,0.128167,176,2002120701,0.,1,"","","","","","","","","","","","","","","","","","","","","","","","","","","","","","","","","","",2.2,1,"","","","","","","","","","","","","","","","","","","","","","","","","","","","",83,1,"","","","","","","","","","","","","","","","","","","","","","","","","","","","","","","","","","","","","","","","","","","","","","","","","","","","","","","","","","","","","","","","","","","","","","","","","","","","","","","","","","","","","","","","","","","","","","","","","","",0,1,"","","","","","","","","","","","","","","","","","","","","","","","","","","","","",""
"61328002","LE PIN-AU-HARAS -INRAE",48.735833,0.128167,176,2002120702,0.,1,"","","","","","","","","","","","","","","","","","","","","","","","","","","","","","","","","","",1.7,1,"","","","","","","","","","","","","","","","","","","","","","","","","","","","",87,1,"","","","","","","","","","","","","","","","","","","","","","","","","","","","","","","","","","","","","","","","","","","","","","","","","","","","","","","","","","","","","","","","","","","","","","","","","","","","","","","","","","","","","","","","","","","","","","","","","","",0,1,"","","","","","","","","","","","","","","","","","","","","","","","","","","","","",""
"61328002","LE PIN-AU-HARAS -INRAE",48.735833,0.128167,176,2002120703,0.,1,"","","","","","","","","","","","","","","","","","","","","","","","","","","","","","","","","","",1.4,1,"","","","","","","","","","","","","","","","","","","","","","","","","","","","",87,1,"","","","","","","","","","","","","","","","","","","","","","","","","","","","","","","","","","","","","","","","","","","","","","","","","","","","","","","","","","","","","","","","","","","","","","","","","","","","","","","","","","","","","","","","","","","","","","","","","","",0,1,"","","","","","","","","","","","","","","","","","","","","","","","","","","","","",""
"61328002","LE PIN-AU-HARAS -INRAE",48.735833,0.128167,176,2002120704,0.,1,"","","","","","","","","","","","","","","","","","","","","","","","","","","","","","","","","","",1.,1,"","","","","","","","","","","","","","","","","","","","","","","","","","","","",89,1,"","","","","","","","","","","","","","","","","","","","","","","","","","","","","","","","","","","","","","","","","","","","","","","","","","","","","","","","","","","","","","","","","","","","","","","","","","","","","","","","","","","","","","","","","","","","","","","","","","",0,1,"","","","","","","","","","","","","","","","","","","","","","","","","","","","","",""
"61328002","LE PIN-AU-HARAS -INRAE",48.735833,0.128167,176,2002120705,0.,1,"","","","","","","","","","","","","","","","","","","","","","","","","","","","","","","","","","",0.7,1,"","","","","","","","","","","","","","","","","","","","","","","","","","","","",90,1,"","","","","","","","","","","","","","","","","","","","","","","","","","","","","","","","","","","","","","","","","","","","","","","","","","","","","","","","","","","","","","","","","","","","","","","","","","","","","","","","","","","","","","","","","","","","","","","","","","",0,1,"","","","","","","","","","","","","","","","","","","","","","","","","","","","","",""
"61328002","LE PIN-AU-HARAS -INRAE",48.735833,0.128167,176,2002120706,0.,1,"","","","","","","","","","","","","","","","","","","","","","","","","","","","","","","","","","",0.7,1,"","","","","","","","","","","","","","","","","","","","","","","","","","","","",91,1,"","","","","","","","","","","","","","","","","","","","","","","","","","","","","","","","","","","","","","","","","","","","","","","","","","","","","","","","","","","","","","","","","","","","","","","","","","","","","","","","","","","","","","","","","","","","","","","","","","",0,1,"","","","","","","","","","","","","","","","","","","","","","","","","","","","","",""
"61328002","LE PIN-AU-HARAS -INRAE",48.735833,0.128167,176,2002120707,0.,1,"","","","","","","","","","","","","","","","","","","","","","","","","","","","","","","","","","",0.7,1,"","","","","","","","","","","","","","","","","","","","","","","","","","","","",92,1,"","","","","","","","","","","","","","","","","","","","","","","","","","","","","","","","","","","","","","","","","","","","","","","","","","","","","","","","","","","","","","","","","","","","","","","","","","","","","","","","","","","","","","","","","","","","","","","","","","",0,1,"","","","","","","","","","","","","","","","","","","","","","","","","","","","","",""
"61328002","LE PIN-AU-HARAS -INRAE",48.735833,0.128167,176,2002120708,0.,1,"","","","","","","","","","","","","","","","","","","","","","","","","","","","","","","","","","",0.5,1,"","","","","","","","","","","","","","","","","","","","","","","","","","","","",95,1,"","","","","","","","","","","","","","","","","","","","","","","","","","","","","","","","","","","","","","","","","","","","","","","","","","","","","","","","","","","","","","","","","","","","","","","","","","","","","","","","","","","","","","","","","","","","","","","","","","",0,1,"","","","","","","","","","","","","","","","","","","","","","","","","","","","","",""
"61328002","LE PIN-AU-HARAS -INRAE",48.735833,0.128167,176,2002120709,0.,1,"","","","","","","","","","","","","","","","","","","","","","","","","","","","","","","","","","",0.7,1,"","","","","","","","","","","","","","","","","","","","","","","","","","","","",96,1,"","","","","","","","","","","","","","","","","","","","","","","","","","","","","","","","","","","","","","","","","","","","","","","","","","","","","","","","","","","","","","","","","","","","","","","","","","","","","","","","","","","","","","","","","","","","","","","","","","",4,1,"","","","","","","","","","","","","","","","","","","","","","","","","","","","","",""
"61328002","LE PIN-AU-HARAS -INRAE",48.735833,0.128167,176,2002120710,0.,1,"","","","","","","","","","","","","","","","","","","","","","","","","","","","","","","","","","",0.8,1,"","","","","","","","","","","","","","","","","","","","","","","","","","","","",95,1,"","","","","","","","","","","","","","","","","","","","","","","","","","","","","","","","","","","","","","","","","","","","","","","","","","","","","","","","","","","","","","","","","","","","","","","","","","","","","","","","","","","","","","","","","","","","","","","","","","",12,1,"","","","","","","","","","","","","","","","","","","","","","","","","","","","","",""
"61328002","LE PIN-AU-HARAS -INRAE",48.735833,0.128167,176,2002120711,0.,1,"","","","","","","","","","","","","","","","","","","","","","","","","","","","","","","","","","",0.9,1,"","","","","","","","","","","","","","","","","","","","","","","","","","","","",94,1,"","","","","","","","","","","","","","","","","","","","","","","","","","","","","","","","","","","","","","","","","","","","","","","","","","","","","","","","","","","","","","","","","","","","","","","","","","","","","","","","","","","","","","","","","","","","","","","","","","",12,1,"","","","","","","","","","","","","","","","","","","","","","","","","","","","","",""
"61328002","LE PIN-AU-HARAS -INRAE",48.735833,0.128167,176,2002120712,0.,1,"","","","","","","","","","","","","","","","","","","","","","","","","","","","","","","","","","",0.8,1,"","","","","","","","","","","","","","","","","","","","","","","","","","","","",94,1,"","","","","","","","","","","","","","","","","","","","","","","","","","","","","","","","","","","","","","","","","","","","","","","","","","","","","","","","","","","","","","","","","","","","","","","","","","","","","","","","","","","","","","","","","","","","","","","","","","",14,1,"","","","","","","","","","","","","","","","","","","","","","","","","","","","","",""
"61328002","LE PIN-AU-HARAS -INRAE",48.735833,0.128167,176,2002120713,0.,1,"","","","","","","","","","","","","","","","","","","","","","","","","","","","","","","","","","",0.6,1,"","","","","","","","","","","","","","","","","","","","","","","","","","","","",95,1,"","","","","","","","","","","","","","","","","","","","","","","","","","","","","","","","","","","","","","","","","","","","","","","","","","","","","","","","","","","","","","","","","","","","","","","","","","","","","","","","","","","","","","","","","","","","","","","","","","",12,1,"","","","","","","","","","","","","","","","","","","","","","","","","","","","","",""
"61328002","LE PIN-AU-HARAS -INRAE",48.735833,0.128167,176,2002120714,0.,1,"","","","","","","","","","","","","","","","","","","","","","","","","","","","","","","","","","",0.7,1,"","","","","","","","","","","","","","","","","","","","","","","","","","","","",94,1,"","","","","","","","","","","","","","","","","","","","","","","","","","","","","","","","","","","","","","","","","","","","","","","","","","","","","","","","","","","","","","","","","","","","","","","","","","","","","","","","","","","","","","","","","","","","","","","","","","",12,1,"","","","","","","","","","","","","","","","","","","","","","","","","","","","","",""
"61328002","LE PIN-AU-HARAS -INRAE",48.735833,0.128167,176,2002120715,0.,1,"","","","","","","","","","","","","","","","","","","","","","","","","","","","","","","","","","",0.4,1,"","","","","","","","","","","","","","","","","","","","","","","","","","","","",92,1,"","","","","","","","","","","","","","","","","","","","","","","","","","","","","","","","","","","","","","","","","","","","","","","","","","","","","","","","","","","","","","","","","","","","","","","","","","","","","","","","","","","","","","","","","","","","","","","","","","",6,1,"","","","","","","","","","","","","","","","","","","","","","","","","","","","","",""
"61328002","LE PIN-AU-HARAS -INRAE",48.735833,0.128167,176,2002120716,0.,1,"","","","","","","","","","","","","","","","","","","","","","","","","","","","","","","","","","",0.2,1,"","","","","","","","","","","","","","","","","","","","","","","","","","","","",95,1,"","","","","","","","","","","","","","","","","","","","","","","","","","","","","","","","","","","","","","","","","","","","","","","","","","","","","","","","","","","","","","","","","","","","","","","","","","","","","","","","","","","","","","","","","","","","","","","","","","",0,1,"","","","","","","","","","","","","","","","","","","","","","","","","","","","","",""
"61328002","LE PIN-AU-HARAS -INRAE",48.735833,0.128167,176,2002120717,0.,1,"","","","","","","","","","","","","","","","","","","","","","","","","","","","","","","","","","",0.1,1,"","","","","","","","","","","","","","","","","","","","","","","","","","","","",95,1,"","","","","","","","","","","","","","","","","","","","","","","","","","","","","","","","","","","","","","","","","","","","","","","","","","","","","","","","","","","","","","","","","","","","","","","","","","","","","","","","","","","","","","","","","","","","","","","","","","",0,1,"","","","","","","","","","","","","","","","","","","","","","","","","","","","","",""
"61328002","LE PIN-AU-HARAS -INRAE",48.735833,0.128167,176,2002120718,0.,1,"","","","","","","","","","","","","","","","","","","","","","","","","","","","","","","","","","",0.1,1,"","","","","","","","","","","","","","","","","","","","","","","","","","","","",96,1,"","","","","","","","","","","","","","","","","","","","","","","","","","","","","","","","","","","","","","","","","","","","","","","","","","","","","","","","","","","","","","","","","","","","","","","","","","","","","","","","","","","","","","","","","","","","","","","","","","",0,1,"","","","","","","","","","","","","","","","","","","","","","","","","","","","","",""
"61328002","LE PIN-AU-HARAS -INRAE",48.735833,0.128167,176,2002120719,0.,1,"","","","","","","","","","","","","","","","","","","","","","","","","","","","","","","","","","",0.5,1,"","","","","","","","","","","","","","","","","","","","","","","","","","","","",96,1,"","","","","","","","","","","","","","","","","","","","","","","","","","","","","","","","","","","","","","","","","","","","","","","","","","","","","","","","","","","","","","","","","","","","","","","","","","","","","","","","","","","","","","","","","","","","","","","","","","",0,1,"","","","","","","","","","","","","","","","","","","","","","","","","","","","","",""
"61328002","LE PIN-AU-HARAS -INRAE",48.735833,0.128167,176,2002120720,0.,1,"","","","","","","","","","","","","","","","","","","","","","","","","","","","","","","","","","",0.7,1,"","","","","","","","","","","","","","","","","","","","","","","","","","","","",95,1,"","","","","","","","","","","","","","","","","","","","","","","","","","","","","","","","","","","","","","","","","","","","","","","","","","","","","","","","","","","","","","","","","","","","","","","","","","","","","","","","","","","","","","","","","","","","","","","","","","",0,1,"","","","","","","","","","","","","","","","","","","","","","","","","","","","","",""
"61328002","LE PIN-AU-HARAS -INRAE",48.735833,0.128167,176,2002120721,0.,1,"","","","","","","","","","","","","","","","","","","","","","","","","","","","","","","","","","",1.,1,"","","","","","","","","","","","","","","","","","","","","","","","","","","","",95,1,"","","","","","","","","","","","","","","","","","","","","","","","","","","","","","","","","","","","","","","","","","","","","","","","","","","","","","","","","","","","","","","","","","","","","","","","","","","","","","","","","","","","","","","","","","","","","","","","","","",0,1,"","","","","","","","","","","","","","","","","","","","","","","","","","","","","",""
"61328002","LE PIN-AU-HARAS -INRAE",48.735833,0.128167,176,2002120722,0.,1,"","","","","","","","","","","","","","","","","","","","","","","","","","","","","","","","","","",1.,1,"","","","","","","","","","","","","","","","","","","","","","","","","","","","",96,1,"","","","","","","","","","","","","","","","","","","","","","","","","","","","","","","","","","","","","","","","","","","","","","","","","","","","","","","","","","","","","","","","","","","","","","","","","","","","","","","","","","","","","","","","","","","","","","","","","","",0,1,"","","","","","","","","","","","","","","","","","","","","","","","","","","","","",""
"61328002","LE PIN-AU-HARAS -INRAE",48.735833,0.128167,176,2002120723,0.,1,"","","","","","","","","","","","","","","","","","","","","","","","","","","","","","","","","","",1.1,1,"","","","","","","","","","","","","","","","","","","","","","","","","","","","",97,1,"","","","","","","","","","","","","","","","","","","","","","","","","","","","","","","","","","","","","","","","","","","","","","","","","","","","","","","","","","","","","","","","","","","","","","","","","","","","","","","","","","","","","","","","","","","","","","","","","","",0,1,"","","","","","","","","","","","","","","","","","","","","","","","","","","","","",""
"61328002","LE PIN-AU-HARAS -INRAE",48.735833,0.128167,176,2002120800,0.,1,"","","","","","","","","","","","","","","","","","","","","","","","","","","","","","","","","","",1.2,1,"","","","","","","","","","","","","","","","","","","","","","","","","","","","",98,1,"","","","","","","","","","","","","","","","","","","","","","","","","","","","","","","","","","","","","","","","","","","","","","","","","","","","","","","","","","","","","","","","","","","","","","","","","","","","","","","","","","","","","","","","","","","","","","","","","","",0,1,"","","","","","","","","","","","","","","","","","","","","","","","","","","","","",""
"61328002","LE PIN-AU-HARAS -INRAE",48.735833,0.128167,176,2002120801,0.,1,"","","","","","","","","","","","","","","","","","","","","","","","","","","","","","","","","","",1.3,1,"","","","","","","","","","","","","","","","","","","","","","","","","","","","",99,1,"","","","","","","","","","","","","","","","","","","","","","","","","","","","","","","","","","","","","","","","","","","","","","","","","","","","","","","","","","","","","","","","","","","","","","","","","","","","","","","","","","","","","","","","","","","","","","","","","","",0,1,"","","","","","","","","","","","","","","","","","","","","","","","","","","","","",""
"61328002","LE PIN-AU-HARAS -INRAE",48.735833,0.128167,176,2002120802,0.,1,"","","","","","","","","","","","","","","","","","","","","","","","","","","","","","","","","","",1.6,1,"","","","","","","","","","","","","","","","","","","","","","","","","","","","",99,1,"","","","","","","","","","","","","","","","","","","","","","","","","","","","","","","","","","","","","","","","","","","","","","","","","","","","","","","","","","","","","","","","","","","","","","","","","","","","","","","","","","","","","","","","","","","","","","","","","","",0,1,"","","","","","","","","","","","","","","","","","","","","","","","","","","","","",""
"61328002","LE PIN-AU-HARAS -INRAE",48.735833,0.128167,176,2002120803,0.,1,"","","","","","","","","","","","","","","","","","","","","","","","","","","","","","","","","","",1.7,1,"","","","","","","","","","","","","","","","","","","","","","","","","","","","",99,1,"","","","","","","","","","","","","","","","","","","","","","","","","","","","","","","","","","","","","","","","","","","","","","","","","","","","","","","","","","","","","","","","","","","","","","","","","","","","","","","","","","","","","","","","","","","","","","","","","","",0,1,"","","","","","","","","","","","","","","","","","","","","","","","","","","","","",""
"61328002","LE PIN-AU-HARAS -INRAE",48.735833,0.128167,176,2002120804,0.,1,"","","","","","","","","","","","","","","","","","","","","","","","","","","","","","","","","","",1.9,1,"","","","","","","","","","","","","","","","","","","","","","","","","","","","",99,1,"","","","","","","","","","","","","","","","","","","","","","","","","","","","","","","","","","","","","","","","","","","","","","","","","","","","","","","","","","","","","","","","","","","","","","","","","","","","","","","","","","","","","","","","","","","","","","","","","","",0,1,"","","","","","","","","","","","","","","","","","","","","","","","","","","","","",""
"61328002","LE PIN-AU-HARAS -INRAE",48.735833,0.128167,176,2002120805,0.,1,"","","","","","","","","","","","","","","","","","","","","","","","","","","","","","","","","","",1.8,1,"","","","","","","","","","","","","","","","","","","","","","","","","","","","",98,1,"","","","","","","","","","","","","","","","","","","","","","","","","","","","","","","","","","","","","","","","","","","","","","","","","","","","","","","","","","","","","","","","","","","","","","","","","","","","","","","","","","","","","","","","","","","","","","","","","","",0,1,"","","","","","","","","","","","","","","","","","","","","","","","","","","","","",""
"61328002","LE PIN-AU-HARAS -INRAE",48.735833,0.128167,176,2002120806,0.,1,"","","","","","","","","","","","","","","","","","","","","","","","","","","","","","","","","","",1.8,1,"","","","","","","","","","","","","","","","","","","","","","","","","","","","",97,1,"","","","","","","","","","","","","","","","","","","","","","","","","","","","","","","","","","","","","","","","","","","","","","","","","","","","","","","","","","","","","","","","","","","","","","","","","","","","","","","","","","","","","","","","","","","","","","","","","","",0,1,"","","","","","","","","","","","","","","","","","","","","","","","","","","","","",""
"61328002","LE PIN-AU-HARAS -INRAE",48.735833,0.128167,176,2002120807,0.,1,"","","","","","","","","","","","","","","","","","","","","","","","","","","","","","","","","","",2.,1,"","","","","","","","","","","","","","","","","","","","","","","","","","","","",96,1,"","","","","","","","","","","","","","","","","","","","","","","","","","","","","","","","","","","","","","","","","","","","","","","","","","","","","","","","","","","","","","","","","","","","","","","","","","","","","","","","","","","","","","","","","","","","","","","","","","",0,1,"","","","","","","","","","","","","","","","","","","","","","","","","","","","","",""
"61328002","LE PIN-AU-HARAS -INRAE",48.735833,0.128167,176,2002120808,0.,1,"","","","","","","","","","","","","","","","","","","","","","","","","","","","","","","","","","",2.,1,"","","","","","","","","","","","","","","","","","","","","","","","","","","","",91,1,"","","","","","","","","","","","","","","","","","","","","","","","","","","","","","","","","","","","","","","","","","","","","","","","","","","","","","","","","","","","","","","","","","","","","","","","","","","","","","","","","","","","","","","","","","","","","","","","","","",0,1,"","","","","","","","","","","","","","","","","","","","","","","","","","","","","",""
"61328002","LE PIN-AU-HARAS -INRAE",48.735833,0.128167,176,2002120809,0.,1,"","","","","","","","","","","","","","","","","","","","","","","","","","","","","","","","","","",2.,1,"","","","","","","","","","","","","","","","","","","","","","","","","","","","",92,1,"","","","","","","","","","","","","","","","","","","","","","","","","","","","","","","","","","","","","","","","","","","","","","","","","","","","","","","","","","","","","","","","","","","","","","","","","","","","","","","","","","","","","","","","","","","","","","","","","","",2,1,"","","","","","","","","","","","","","","","","","","","","","","","","","","","","",""
"61328002","LE PIN-AU-HARAS -INRAE",48.735833,0.128167,176,2002120810,0.,1,"","","","","","","","","","","","","","","","","","","","","","","","","","","","","","","","","","",1.9,1,"","","","","","","","","","","","","","","","","","","","","","","","","","","","",93,1,"","","","","","","","","","","","","","","","","","","","","","","","","","","","","","","","","","","","","","","","","","","","","","","","","","","","","","","","","","","","","","","","","","","","","","","","","","","","","","","","","","","","","","","","","","","","","","","","","","",4,1,"","","","","","","","","","","","","","","","","","","","","","","","","","","","","",""
"61328002","LE PIN-AU-HARAS -INRAE",48.735833,0.128167,176,2002120811,0.,1,"","","","","","","","","","","","","","","","","","","","","","","","","","","","","","","","","","",2.,1,"","","","","","","","","","","","","","","","","","","","","","","","","","","","",94,1,"","","","","","","","","","","","","","","","","","","","","","","","","","","","","","","","","","","","","","","","","","","","","","","","","","","","","","","","","","","","","","","","","","","","","","","","","","","","","","","","","","","","","","","","","","","","","","","","","","",6,1,"","","","","","","","","","","","","","","","","","","","","","","","","","","","","",""
"61328002","LE PIN-AU-HARAS -INRAE",48.735833,0.128167,176,2002120812,0.,1,"","","","","","","","","","","","","","","","","","","","","","","","","","","","","","","","","","",2.2,1,"","","","","","","","","","","","","","","","","","","","","","","","","","","","",92,1,"","","","","","","","","","","","","","","","","","","","","","","","","","","","","","","","","","","","","","","","","","","","","","","","","","","","","","","","","","","","","","","","","","","","","","","","","","","","","","","","","","","","","","","","","","","","","","","","","","",8,1,"","","","","","","","","","","","","","","","","","","","","","","","","","","","","",""
"61328002","LE PIN-AU-HARAS -INRAE",48.735833,0.128167,176,2002120813,0.,1,"","","","","","","","","","","","","","","","","","","","","","","","","","","","","","","","","","",2.4,1,"","","","","","","","","","","","","","","","","","","","","","","","","","","","",90,1,"","","","","","","","","","","","","","","","","","","","","","","","","","","","","","","","","","","","","","","","","","","","","","","","","","","","","","","","","","","","","","","","","","","","","","","","","","","","","","","","","","","","","","","","","","","","","","","","","","",10,1,"","","","","","","","","","","","","","","","","","","","","","","","","","","","","",""
"61328002","LE PIN-AU-HARAS -INRAE",48.735833,0.128167,176,2002120814,0.,1,"","","","","","","","","","","","","","","","","","","","","","","","","","","","","","","","","","",2.4,1,"","","","","","","","","","","","","","","","","","","","","","","","","","","","",88,1,"","","","","","","","","","","","","","","","","","","","","","","","","","","","","","","","","","","","","","","","","","","","","","","","","","","","","","","","","","","","","","","","","","","","","","","","","","","","","","","","","","","","","","","","","","","","","","","","","","",8,1,"","","","","","","","","","","","","","","","","","","","","","","","","","","","","",""
"61328002","LE PIN-AU-HARAS -INRAE",48.735833,0.128167,176,2002120815,0.,1,"","","","","","","","","","","","","","","","","","","","","","","","","","","","","","","","","","",2.3,1,"","","","","","","","","","","","","","","","","","","","","","","","","","","","",89,1,"","","","","","","","","","","","","","","","","","","","","","","","","","","","","","","","","","","","","","","","","","","","","","","","","","","","","","","","","","","","","","","","","","","","","","","","","","","","","","","","","","","","","","","","","","","","","","","","","","",4,1,"","","","","","","","","","","","","","","","","","","","","","","","","","","","","",""
"61328002","LE PIN-AU-HARAS -INRAE",48.735833,0.128167,176,2002120816,0.,1,"","","","","","","","","","","","","","","","","","","","","","","","","","","","","","","","","","",2.2,1,"","","","","","","","","","","","","","","","","","","","","","","","","","","","",89,1,"","","","","","","","","","","","","","","","","","","","","","","","","","","","","","","","","","","","","","","","","","","","","","","","","","","","","","","","","","","","","","","","","","","","","","","","","","","","","","","","","","","","","","","","","","","","","","","","","","",2,1,"","","","","","","","","","","","","","","","","","","","","","","","","","","","","",""
"61328002","LE PIN-AU-HARAS -INRAE",48.735833,0.128167,176,2002120817,0.,1,"","","","","","","","","","","","","","","","","","","","","","","","","","","","","","","","","","",2.1,1,"","","","","","","","","","","","","","","","","","","","","","","","","","","","",90,1,"","","","","","","","","","","","","","","","","","","","","","","","","","","","","","","","","","","","","","","","","","","","","","","","","","","","","","","","","","","","","","","","","","","","","","","","","","","","","","","","","","","","","","","","","","","","","","","","","","",0,1,"","","","","","","","","","","","","","","","","","","","","","","","","","","","","",""
"61328002","LE PIN-AU-HARAS -INRAE",48.735833,0.128167,176,2002120818,0.,1,"","","","","","","","","","","","","","","","","","","","","","","","","","","","","","","","","","",2.1,1,"","","","","","","","","","","","","","","","","","","","","","","","","","","","",90,1,"","","","","","","","","","","","","","","","","","","","","","","","","","","","","","","","","","","","","","","","","","","","","","","","","","","","","","","","","","","","","","","","","","","","","","","","","","","","","","","","","","","","","","","","","","","","","","","","","","",0,1,"","","","","","","","","","","","","","","","","","","","","","","","","","","","","",""
"61328002","LE PIN-AU-HARAS -INRAE",48.735833,0.128167,176,2002120819,0.,1,"","","","","","","","","","","","","","","","","","","","","","","","","","","","","","","","","","",2.,1,"","","","","","","","","","","","","","","","","","","","","","","","","","","","",91,1,"","","","","","","","","","","","","","","","","","","","","","","","","","","","","","","","","","","","","","","","","","","","","","","","","","","","","","","","","","","","","","","","","","","","","","","","","","","","","","","","","","","","","","","","","","","","","","","","","","",0,1,"","","","","","","","","","","","","","","","","","","","","","","","","","","","","",""
"61328002","LE PIN-AU-HARAS -INRAE",48.735833,0.128167,176,2002120820,0.,1,"","","","","","","","","","","","","","","","","","","","","","","","","","","","","","","","","","",2.,1,"","","","","","","","","","","","","","","","","","","","","","","","","","","","",90,1,"","","","","","","","","","","","","","","","","","","","","","","","","","","","","","","","","","","","","","","","","","","","","","","","","","","","","","","","","","","","","","","","","","","","","","","","","","","","","","","","","","","","","","","","","","","","","","","","","","",0,1,"","","","","","","","","","","","","","","","","","","","","","","","","","","","","",""
"61328002","LE PIN-AU-HARAS -INRAE",48.735833,0.128167,176,2002120821,0.,1,"","","","","","","","","","","","","","","","","","","","","","","","","","","","","","","","","","",1.9,1,"","","","","","","","","","","","","","","","","","","","","","","","","","","","",89,1,"","","","","","","","","","","","","","","","","","","","","","","","","","","","","","","","","","","","","","","","","","","","","","","","","","","","","","","","","","","","","","","","","","","","","","","","","","","","","","","","","","","","","","","","","","","","","","","","","","",0,1,"","","","","","","","","","","","","","","","","","","","","","","","","","","","","",""
"61328002","LE PIN-AU-HARAS -INRAE",48.735833,0.128167,176,2002120822,0.,1,"","","","","","","","","","","","","","","","","","","","","","","","","","","","","","","","","","",1.7,1,"","","","","","","","","","","","","","","","","","","","","","","","","","","","",89,1,"","","","","","","","","","","","","","","","","","","","","","","","","","","","","","","","","","","","","","","","","","","","","","","","","","","","","","","","","","","","","","","","","","","","","","","","","","","","","","","","","","","","","","","","","","","","","","","","","","",0,1,"","","","","","","","","","","","","","","","","","","","","","","","","","","","","",""
"61328002","LE PIN-AU-HARAS -INRAE",48.735833,0.128167,176,2002120823,0.,1,"","","","","","","","","","","","","","","","","","","","","","","","","","","","","","","","","","",1.5,1,"","","","","","","","","","","","","","","","","","","","","","","","","","","","",91,1,"","","","","","","","","","","","","","","","","","","","","","","","","","","","","","","","","","","","","","","","","","","","","","","","","","","","","","","","","","","","","","","","","","","","","","","","","","","","","","","","","","","","","","","","","","","","","","","","","","",0,1,"","","","","","","","","","","","","","","","","","","","","","","","","","","","","",""
"61328002","LE PIN-AU-HARAS -INRAE",48.735833,0.128167,176,2002120900,0.,1,"","","","","","","","","","","","","","","","","","","","","","","","","","","","","","","","","","",1.5,1,"","","","","","","","","","","","","","","","","","","","","","","","","","","","",94,1,"","","","","","","","","","","","","","","","","","","","","","","","","","","","","","","","","","","","","","","","","","","","","","","","","","","","","","","","","","","","","","","","","","","","","","","","","","","","","","","","","","","","","","","","","","","","","","","","","","",0,1,"","","","","","","","","","","","","","","","","","","","","","","","","","","","","",""
"61328002","LE PIN-AU-HARAS -INRAE",48.735833,0.128167,176,2002120901,0.,1,"","","","","","","","","","","","","","","","","","","","","","","","","","","","","","","","","","",1.6,1,"","","","","","","","","","","","","","","","","","","","","","","","","","","","",94,1,"","","","","","","","","","","","","","","","","","","","","","","","","","","","","","","","","","","","","","","","","","","","","","","","","","","","","","","","","","","","","","","","","","","","","","","","","","","","","","","","","","","","","","","","","","","","","","","","","","",0,1,"","","","","","","","","","","","","","","","","","","","","","","","","","","","","",""
"61328002","LE PIN-AU-HARAS -INRAE",48.735833,0.128167,176,2002120902,0.,1,"","","","","","","","","","","","","","","","","","","","","","","","","","","","","","","","","","",1.7,1,"","","","","","","","","","","","","","","","","","","","","","","","","","","","",93,1,"","","","","","","","","","","","","","","","","","","","","","","","","","","","","","","","","","","","","","","","","","","","","","","","","","","","","","","","","","","","","","","","","","","","","","","","","","","","","","","","","","","","","","","","","","","","","","","","","","",0,1,"","","","","","","","","","","","","","","","","","","","","","","","","","","","","",""
"61328002","LE PIN-AU-HARAS -INRAE",48.735833,0.128167,176,2002120903,0.,1,"","","","","","","","","","","","","","","","","","","","","","","","","","","","","","","","","","",1.6,1,"","","","","","","","","","","","","","","","","","","","","","","","","","","","",93,1,"","","","","","","","","","","","","","","","","","","","","","","","","","","","","","","","","","","","","","","","","","","","","","","","","","","","","","","","","","","","","","","","","","","","","","","","","","","","","","","","","","","","","","","","","","","","","","","","","","",0,1,"","","","","","","","","","","","","","","","","","","","","","","","","","","","","",""
"61328002","LE PIN-AU-HARAS -INRAE",48.735833,0.128167,176,2002120904,0.,1,"","","","","","","","","","","","","","","","","","","","","","","","","","","","","","","","","","",1.4,1,"","","","","","","","","","","","","","","","","","","","","","","","","","","","",94,1,"","","","","","","","","","","","","","","","","","","","","","","","","","","","","","","","","","","","","","","","","","","","","","","","","","","","","","","","","","","","","","","","","","","","","","","","","","","","","","","","","","","","","","","","","","","","","","","","","","",0,1,"","","","","","","","","","","","","","","","","","","","","","","","","","","","","",""
"61328002","LE PIN-AU-HARAS -INRAE",48.735833,0.128167,176,2002120905,0.,1,"","","","","","","","","","","","","","","","","","","","","","","","","","","","","","","","","","",1.5,1,"","","","","","","","","","","","","","","","","","","","","","","","","","","","",95,1,"","","","","","","","","","","","","","","","","","","","","","","","","","","","","","","","","","","","","","","","","","","","","","","","","","","","","","","","","","","","","","","","","","","","","","","","","","","","","","","","","","","","","","","","","","","","","","","","","","",0,1,"","","","","","","","","","","","","","","","","","","","","","","","","","","","","",""
"61328002","LE PIN-AU-HARAS -INRAE",48.735833,0.128167,176,2002120906,0.,1,"","","","","","","","","","","","","","","","","","","","","","","","","","","","","","","","","","",1.5,1,"","","","","","","","","","","","","","","","","","","","","","","","","","","","",93,1,"","","","","","","","","","","","","","","","","","","","","","","","","","","","","","","","","","","","","","","","","","","","","","","","","","","","","","","","","","","","","","","","","","","","","","","","","","","","","","","","","","","","","","","","","","","","","","","","","","",0,1,"","","","","","","","","","","","","","","","","","","","","","","","","","","","","",""
"61328002","LE PIN-AU-HARAS -INRAE",48.735833,0.128167,176,2002120907,0.,1,"","","","","","","","","","","","","","","","","","","","","","","","","","","","","","","","","","",1.4,1,"","","","","","","","","","","","","","","","","","","","","","","","","","","","",92,1,"","","","","","","","","","","","","","","","","","","","","","","","","","","","","","","","","","","","","","","","","","","","","","","","","","","","","","","","","","","","","","","","","","","","","","","","","","","","","","","","","","","","","","","","","","","","","","","","","","",0,1,"","","","","","","","","","","","","","","","","","","","","","","","","","","","","",""
"61328002","LE PIN-AU-HARAS -INRAE",48.735833,0.128167,176,2002120908,0.,1,"","","","","","","","","","","","","","","","","","","","","","","","","","","","","","","","","","",1.3,1,"","","","","","","","","","","","","","","","","","","","","","","","","","","","",90,1,"","","","","","","","","","","","","","","","","","","","","","","","","","","","","","","","","","","","","","","","","","","","","","","","","","","","","","","","","","","","","","","","","","","","","","","","","","","","","","","","","","","","","","","","","","","","","","","","","","",0,1,"","","","","","","","","","","","","","","","","","","","","","","","","","","","","",""
"61328002","LE PIN-AU-HARAS -INRAE",48.735833,0.128167,176,2002120909,0.,1,"","","","","","","","","","","","","","","","","","","","","","","","","","","","","","","","","","",1.5,1,"","","","","","","","","","","","","","","","","","","","","","","","","","","","",88,1,"","","","","","","","","","","","","","","","","","","","","","","","","","","","","","","","","","","","","","","","","","","","","","","","","","","","","","","","","","","","","","","","","","","","","","","","","","","","","","","","","","","","","","","","","","","","","","","","","","",2,1,"","","","","","","","","","","","","","","","","","","","","","","","","","","","","",""
"61328002","LE PIN-AU-HARAS -INRAE",48.735833,0.128167,176,2002120910,0.,1,"","","","","","","","","","","","","","","","","","","","","","","","","","","","","","","","","","",1.6,1,"","","","","","","","","","","","","","","","","","","","","","","","","","","","",84,1,"","","","","","","","","","","","","","","","","","","","","","","","","","","","","","","","","","","","","","","","","","","","","","","","","","","","","","","","","","","","","","","","","","","","","","","","","","","","","","","","","","","","","","","","","","","","","","","","","","",4,1,"","","","","","","","","","","","","","","","","","","","","","","","","","","","","",""
"61328002","LE PIN-AU-HARAS -INRAE",48.735833,0.128167,176,2002120911,0.,1,"","","","","","","","","","","","","","","","","","","","","","","","","","","","","","","","","","",1.3,1,"","","","","","","","","","","","","","","","","","","","","","","","","","","","",85,1,"","","","","","","","","","","","","","","","","","","","","","","","","","","","","","","","","","","","","","","","","","","","","","","","","","","","","","","","","","","","","","","","","","","","","","","","","","","","","","","","","","","","","","","","","","","","","","","","","","",6,1,"","","","","","","","","","","","","","","","","","","","","","","","","","","","","",""
"61328002","LE PIN-AU-HARAS -INRAE",48.735833,0.128167,176,2002120912,0.,1,"","","","","","","","","","","","","","","","","","","","","","","","","","","","","","","","","","",1.,1,"","","","","","","","","","","","","","","","","","","","","","","","","","","","",86,1,"","","","","","","","","","","","","","","","","","","","","","","","","","","","","","","","","","","","","","","","","","","","","","","","","","","","","","","","","","","","","","","","","","","","","","","","","","","","","","","","","","","","","","","","","","","","","","","","","","",8,1,"","","","","","","","","","","","","","","","","","","","","","","","","","","","","",""
"61328002","LE PIN-AU-HARAS -INRAE",48.735833,0.128167,176,2002120913,0.,1,"","","","","","","","","","","","","","","","","","","","","","","","","","","","","","","","","","",0.8,1,"","","","","","","","","","","","","","","","","","","","","","","","","","","","",84,1,"","","","","","","","","","","","","","","","","","","","","","","","","","","","","","","","","","","","","","","","","","","","","","","","","","","","","","","","","","","","","","","","","","","","","","","","","","","","","","","","","","","","","","","","","","","","","","","","","","",8,1,"","","","","","","","","","","","","","","","","","","","","","","","","","","","","",""
"61328002","LE PIN-AU-HARAS -INRAE",48.735833,0.128167,176,2002120914,0.,1,"","","","","","","","","","","","","","","","","","","","","","","","","","","","","","","","","","",0.5,1,"","","","","","","","","","","","","","","","","","","","","","","","","","","","",83,1,"","","","","","","","","","","","","","","","","","","","","","","","","","","","","","","","","","","","","","","","","","","","","","","","","","","","","","","","","","","","","","","","","","","","","","","","","","","","","","","","","","","","","","","","","","","","","","","","","","",8,1,"","","","","","","","","","","","","","","","","","","","","","","","","","","","","",""
"61328002","LE PIN-AU-HARAS -INRAE",48.735833,0.128167,176,2002120915,0.,1,"","","","","","","","","","","","","","","","","","","","","","","","","","","","","","","","","","",0.3,1,"","","","","","","","","","","","","","","","","","","","","","","","","","","","",81,1,"","","","","","","","","","","","","","","","","","","","","","","","","","","","","","","","","","","","","","","","","","","","","","","","","","","","","","","","","","","","","","","","","","","","","","","","","","","","","","","","","","","","","","","","","","","","","","","","","","",4,1,"","","","","","","","","","","","","","","","","","","","","","","","","","","","","",""
"61328002","LE PIN-AU-HARAS -INRAE",48.735833,0.128167,176,2002120916,0.,1,"","","","","","","","","","","","","","","","","","","","","","","","","","","","","","","","","","",0.1,1,"","","","","","","","","","","","","","","","","","","","","","","","","","","","",80,1,"","","","","","","","","","","","","","","","","","","","","","","","","","","","","","","","","","","","","","","","","","","","","","","","","","","","","","","","","","","","","","","","","","","","","","","","","","","","","","","","","","","","","","","","","","","","","","","","","","",0,1,"","","","","","","","","","","","","","","","","","","","","","","","","","","","","",""
"61328002","LE PIN-AU-HARAS -INRAE",48.735833,0.128167,176,2002120917,0.,1,"","","","","","","","","","","","","","","","","","","","","","","","","","","","","","","","","","",-0.1,1,"","","","","","","","","","","","","","","","","","","","","","","","","","","","",77,1,"","","","","","","","","","","","","","","","","","","","","","","","","","","","","","","","","","","","","","","","","","","","","","","","","","","","","","","","","","","","","","","","","","","","","","","","","","","","","","","","","","","","","","","","","","","","","","","","","","",0,1,"","","","","","","","","","","","","","","","","","","","","","","","","","","","","",""
"61328002","LE PIN-AU-HARAS -INRAE",48.735833,0.128167,176,2002120918,0.,1,"","","","","","","","","","","","","","","","","","","","","","","","","","","","","","","","","","",-0.4,1,"","","","","","","","","","","","","","","","","","","","","","","","","","","","",74,1,"","","","","","","","","","","","","","","","","","","","","","","","","","","","","","","","","","","","","","","","","","","","","","","","","","","","","","","","","","","","","","","","","","","","","","","","","","","","","","","","","","","","","","","","","","","","","","","","","","",0,1,"","","","","","","","","","","","","","","","","","","","","","","","","","","","","",""
"61328002","LE PIN-AU-HARAS -INRAE",48.735833,0.128167,176,2002120919,0.,1,"","","","","","","","","","","","","","","","","","","","","","","","","","","","","","","","","","",-0.4,1,"","","","","","","","","","","","","","","","","","","","","","","","","","","","",73,1,"","","","","","","","","","","","","","","","","","","","","","","","","","","","","","","","","","","","","","","","","","","","","","","","","","","","","","","","","","","","","","","","","","","","","","","","","","","","","","","","","","","","","","","","","","","","","","","","","","",0,1,"","","","","","","","","","","","","","","","","","","","","","","","","","","","","",""
"61328002","LE PIN-AU-HARAS -INRAE",48.735833,0.128167,176,2002120920,0.,1,"","","","","","","","","","","","","","","","","","","","","","","","","","","","","","","","","","",-0.7,1,"","","","","","","","","","","","","","","","","","","","","","","","","","","","",71,1,"","","","","","","","","","","","","","","","","","","","","","","","","","","","","","","","","","","","","","","","","","","","","","","","","","","","","","","","","","","","","","","","","","","","","","","","","","","","","","","","","","","","","","","","","","","","","","","","","","",0,1,"","","","","","","","","","","","","","","","","","","","","","","","","","","","","",""
"61328002","LE PIN-AU-HARAS -INRAE",48.735833,0.128167,176,2002120921,0.,1,"","","","","","","","","","","","","","","","","","","","","","","","","","","","","","","","","","",-0.9,1,"","","","","","","","","","","","","","","","","","","","","","","","","","","","",71,1,"","","","","","","","","","","","","","","","","","","","","","","","","","","","","","","","","","","","","","","","","","","","","","","","","","","","","","","","","","","","","","","","","","","","","","","","","","","","","","","","","","","","","","","","","","","","","","","","","","",0,1,"","","","","","","","","","","","","","","","","","","","","","","","","","","","","",""
"61328002","LE PIN-AU-HARAS -INRAE",48.735833,0.128167,176,2002120922,0.,1,"","","","","","","","","","","","","","","","","","","","","","","","","","","","","","","","","","",-1.3,1,"","","","","","","","","","","","","","","","","","","","","","","","","","","","",72,1,"","","","","","","","","","","","","","","","","","","","","","","","","","","","","","","","","","","","","","","","","","","","","","","","","","","","","","","","","","","","","","","","","","","","","","","","","","","","","","","","","","","","","","","","","","","","","","","","","","",0,1,"","","","","","","","","","","","","","","","","","","","","","","","","","","","","",""
"61328002","LE PIN-AU-HARAS -INRAE",48.735833,0.128167,176,2002120923,0.,1,"","","","","","","","","","","","","","","","","","","","","","","","","","","","","","","","","","",-1.6,1,"","","","","","","","","","","","","","","","","","","","","","","","","","","","",72,1,"","","","","","","","","","","","","","","","","","","","","","","","","","","","","","","","","","","","","","","","","","","","","","","","","","","","","","","","","","","","","","","","","","","","","","","","","","","","","","","","","","","","","","","","","","","","","","","","","","",0,1,"","","","","","","","","","","","","","","","","","","","","","","","","","","","","",""
"61328002","LE PIN-AU-HARAS -INRAE",48.735833,0.128167,176,2002121000,0.,1,"","","","","","","","","","","","","","","","","","","","","","","","","","","","","","","","","","",-1.7,1,"","","","","","","","","","","","","","","","","","","","","","","","","","","","",74,1,"","","","","","","","","","","","","","","","","","","","","","","","","","","","","","","","","","","","","","","","","","","","","","","","","","","","","","","","","","","","","","","","","","","","","","","","","","","","","","","","","","","","","","","","","","","","","","","","","","",0,1,"","","","","","","","","","","","","","","","","","","","","","","","","","","","","",""
"61328002","LE PIN-AU-HARAS -INRAE",48.735833,0.128167,176,2002121001,0.,1,"","","","","","","","","","","","","","","","","","","","","","","","","","","","","","","","","","",-2.1,1,"","","","","","","","","","","","","","","","","","","","","","","","","","","","",74,1,"","","","","","","","","","","","","","","","","","","","","","","","","","","","","","","","","","","","","","","","","","","","","","","","","","","","","","","","","","","","","","","","","","","","","","","","","","","","","","","","","","","","","","","","","","","","","","","","","","",0,1,"","","","","","","","","","","","","","","","","","","","","","","","","","","","","",""
"61328002","LE PIN-AU-HARAS -INRAE",48.735833,0.128167,176,2002121002,0.,1,"","","","","","","","","","","","","","","","","","","","","","","","","","","","","","","","","","",-2.1,1,"","","","","","","","","","","","","","","","","","","","","","","","","","","","",76,1,"","","","","","","","","","","","","","","","","","","","","","","","","","","","","","","","","","","","","","","","","","","","","","","","","","","","","","","","","","","","","","","","","","","","","","","","","","","","","","","","","","","","","","","","","","","","","","","","","","",0,1,"","","","","","","","","","","","","","","","","","","","","","","","","","","","","",""
"61328002","LE PIN-AU-HARAS -INRAE",48.735833,0.128167,176,2002121003,0.,1,"","","","","","","","","","","","","","","","","","","","","","","","","","","","","","","","","","",-2.3,1,"","","","","","","","","","","","","","","","","","","","","","","","","","","","",80,1,"","","","","","","","","","","","","","","","","","","","","","","","","","","","","","","","","","","","","","","","","","","","","","","","","","","","","","","","","","","","","","","","","","","","","","","","","","","","","","","","","","","","","","","","","","","","","","","","","","",0,1,"","","","","","","","","","","","","","","","","","","","","","","","","","","","","",""
"61328002","LE PIN-AU-HARAS -INRAE",48.735833,0.128167,176,2002121004,0.,1,"","","","","","","","","","","","","","","","","","","","","","","","","","","","","","","","","","",-2.2,1,"","","","","","","","","","","","","","","","","","","","","","","","","","","","",81,1,"","","","","","","","","","","","","","","","","","","","","","","","","","","","","","","","","","","","","","","","","","","","","","","","","","","","","","","","","","","","","","","","","","","","","","","","","","","","","","","","","","","","","","","","","","","","","","","","","","",0,1,"","","","","","","","","","","","","","","","","","","","","","","","","","","","","",""
"61328002","LE PIN-AU-HARAS -INRAE",48.735833,0.128167,176,2002121005,0.,1,"","","","","","","","","","","","","","","","","","","","","","","","","","","","","","","","","","",-2.5,1,"","","","","","","","","","","","","","","","","","","","","","","","","","","","",87,1,"","","","","","","","","","","","","","","","","","","","","","","","","","","","","","","","","","","","","","","","","","","","","","","","","","","","","","","","","","","","","","","","","","","","","","","","","","","","","","","","","","","","","","","","","","","","","","","","","","",0,1,"","","","","","","","","","","","","","","","","","","","","","","","","","","","","",""
"61328002","LE PIN-AU-HARAS -INRAE",48.735833,0.128167,176,2002121006,0.,1,"","","","","","","","","","","","","","","","","","","","","","","","","","","","","","","","","","",-2.2,1,"","","","","","","","","","","","","","","","","","","","","","","","","","","","",84,1,"","","","","","","","","","","","","","","","","","","","","","","","","","","","","","","","","","","","","","","","","","","","","","","","","","","","","","","","","","","","","","","","","","","","","","","","","","","","","","","","","","","","","","","","","","","","","","","","","","",0,1,"","","","","","","","","","","","","","","","","","","","","","","","","","","","","",""
"61328002","LE PIN-AU-HARAS -INRAE",48.735833,0.128167,176,2002121007,0.,1,"","","","","","","","","","","","","","","","","","","","","","","","","","","","","","","","","","",-1.8,1,"","","","","","","","","","","","","","","","","","","","","","","","","","","","",84,1,"","","","","","","","","","","","","","","","","","","","","","","","","","","","","","","","","","","","","","","","","","","","","","","","","","","","","","","","","","","","","","","","","","","","","","","","","","","","","","","","","","","","","","","","","","","","","","","","","","",0,1,"","","","","","","","","","","","","","","","","","","","","","","","","","","","","",""
"61328002","LE PIN-AU-HARAS -INRAE",48.735833,0.128167,176,2002121008,0.,1,"","","","","","","","","","","","","","","","","","","","","","","","","","","","","","","","","","",-1.3,1,"","","","","","","","","","","","","","","","","","","","","","","","","","","","",86,1,"","","","","","","","","","","","","","","","","","","","","","","","","","","","","","","","","","","","","","","","","","","","","","","","","","","","","","","","","","","","","","","","","","","","","","","","","","","","","","","","","","","","","","","","","","","","","","","","","","",0,1,"","","","","","","","","","","","","","","","","","","","","","","","","","","","","",""
"61328002","LE PIN-AU-HARAS -INRAE",48.735833,0.128167,176,2002121009,0.,1,"","","","","","","","","","","","","","","","","","","","","","","","","","","","","","","","","","",-0.6,1,"","","","","","","","","","","","","","","","","","","","","","","","","","","","",88,1,"","","","","","","","","","","","","","","","","","","","","","","","","","","","","","","","","","","","","","","","","","","","","","","","","","","","","","","","","","","","","","","","","","","","","","","","","","","","","","","","","","","","","","","","","","","","","","","","","","",4,1,"","","","","","","","","","","","","","","","","","","","","","","","","","","","","",""
"61328002","LE PIN-AU-HARAS -INRAE",48.735833,0.128167,176,2002121010,0.,1,"","","","","","","","","","","","","","","","","","","","","","","","","","","","","","","","","","",0.3,1,"","","","","","","","","","","","","","","","","","","","","","","","","","","","",89,1,"","","","","","","","","","","","","","","","","","","","","","","","","","","","","","","","","","","","","","","","","","","","","","","","","","","","","","","","","","","","","","","","","","","","","","","","","","","","","","","","","","","","","","","","","","","","","","","","","","",12,1,"","","","","","","","","","","","","","","","","","","","","","","","","","","","","",""
"61328002","LE PIN-AU-HARAS -INRAE",48.735833,0.128167,176,2002121011,0.5,1,"","","","","","","","","","","","","","","","","","","","","","","","","","","","","","","","","","",1.4,1,"","","","","","","","","","","","","","","","","","","","","","","","","","","","",88,1,"","","","","","","","","","","","","","","","","","","","","","","","","","","","","","","","","","","","","","","","","","","","","","","","","","","","","","","","","","","","","","","","","","","","","","","","","","","","","","","","","","","","","","","","","","","","","","","","","","",38,1,"","","","","","","","","","","","","","","","","","","","","","","","","","","","","",""
"61328002","LE PIN-AU-HARAS -INRAE",48.735833,0.128167,176,2002121012,0.,1,"","","","","","","","","","","","","","","","","","","","","","","","","","","","","","","","","","",2.2,1,"","","","","","","","","","","","","","","","","","","","","","","","","","","","",87,1,"","","","","","","","","","","","","","","","","","","","","","","","","","","","","","","","","","","","","","","","","","","","","","","","","","","","","","","","","","","","","","","","","","","","","","","","","","","","","","","","","","","","","","","","","","","","","","","","","","",42,1,"","","","","","","","","","","","","","","","","","","","","","","","","","","","","",""
"61328002","LE PIN-AU-HARAS -INRAE",48.735833,0.128167,176,2002121013,0.,1,"","","","","","","","","","","","","","","","","","","","","","","","","","","","","","","","","","",3.2,1,"","","","","","","","","","","","","","","","","","","","","","","","","","","","",86,1,"","","","","","","","","","","","","","","","","","","","","","","","","","","","","","","","","","","","","","","","","","","","","","","","","","","","","","","","","","","","","","","","","","","","","","","","","","","","","","","","","","","","","","","","","","","","","","","","","","",50,1,"","","","","","","","","","","","","","","","","","","","","","","","","","","","","",""
"61328002","LE PIN-AU-HARAS -INRAE",48.735833,0.128167,176,2002121014,0.,1,"","","","","","","","","","","","","","","","","","","","","","","","","","","","","","","","","","",3.2,1,"","","","","","","","","","","","","","","","","","","","","","","","","","","","",86,1,"","","","","","","","","","","","","","","","","","","","","","","","","","","","","","","","","","","","","","","","","","","","","","","","","","","","","","","","","","","","","","","","","","","","","","","","","","","","","","","","","","","","","","","","","","","","","","","","","","",20,1,"","","","","","","","","","","","","","","","","","","","","","","","","","","","","",""
"61328002","LE PIN-AU-HARAS -INRAE",48.735833,0.128167,176,2002121015,0.,1,"","","","","","","","","","","","","","","","","","","","","","","","","","","","","","","","","","",3.6,1,"","","","","","","","","","","","","","","","","","","","","","","","","","","","",86,1,"","","","","","","","","","","","","","","","","","","","","","","","","","","","","","","","","","","","","","","","","","","","","","","","","","","","","","","","","","","","","","","","","","","","","","","","","","","","","","","","","","","","","","","","","","","","","","","","","","",10,1,"","","","","","","","","","","","","","","","","","","","","","","","","","","","","",""
"61328002","LE PIN-AU-HARAS -INRAE",48.735833,0.128167,176,2002121016,0.,1,"","","","","","","","","","","","","","","","","","","","","","","","","","","","","","","","","","",3.9,1,"","","","","","","","","","","","","","","","","","","","","","","","","","","","",85,1,"","","","","","","","","","","","","","","","","","","","","","","","","","","","","","","","","","","","","","","","","","","","","","","","","","","","","","","","","","","","","","","","","","","","","","","","","","","","","","","","","","","","","","","","","","","","","","","","","","",0,1,"","","","","","","","","","","","","","","","","","","","","","","","","","","","","",""
"61328002","LE PIN-AU-HARAS -INRAE",48.735833,0.128167,176,2002121017,0.,1,"","","","","","","","","","","","","","","","","","","","","","","","","","","","","","","","","","",4.,1,"","","","","","","","","","","","","","","","","","","","","","","","","","","","",86,1,"","","","","","","","","","","","","","","","","","","","","","","","","","","","","","","","","","","","","","","","","","","","","","","","","","","","","","","","","","","","","","","","","","","","","","","","","","","","","","","","","","","","","","","","","","","","","","","","","","",0,1,"","","","","","","","","","","","","","","","","","","","","","","","","","","","","",""
"61328002","LE PIN-AU-HARAS -INRAE",48.735833,0.128167,176,2002121018,0.,1,"","","","","","","","","","","","","","","","","","","","","","","","","","","","","","","","","","",3.9,1,"","","","","","","","","","","","","","","","","","","","","","","","","","","","",86,1,"","","","","","","","","","","","","","","","","","","","","","","","","","","","","","","","","","","","","","","","","","","","","","","","","","","","","","","","","","","","","","","","","","","","","","","","","","","","","","","","","","","","","","","","","","","","","","","","","","",0,1,"","","","","","","","","","","","","","","","","","","","","","","","","","","","","",""
"61328002","LE PIN-AU-HARAS -INRAE",48.735833,0.128167,176,2002121019,0.,1,"","","","","","","","","","","","","","","","","","","","","","","","","","","","","","","","","","",3.7,1,"","","","","","","","","","","","","","","","","","","","","","","","","","","","",85,1,"","","","","","","","","","","","","","","","","","","","","","","","","","","","","","","","","","","","","","","","","","","","","","","","","","","","","","","","","","","","","","","","","","","","","","","","","","","","","","","","","","","","","","","","","","","","","","","","","","",0,1,"","","","","","","","","","","","","","","","","","","","","","","","","","","","","",""
"61328002","LE PIN-AU-HARAS -INRAE",48.735833,0.128167,176,2002121020,0.,1,"","","","","","","","","","","","","","","","","","","","","","","","","","","","","","","","","","",3.2,1,"","","","","","","","","","","","","","","","","","","","","","","","","","","","",86,1,"","","","","","","","","","","","","","","","","","","","","","","","","","","","","","","","","","","","","","","","","","","","","","","","","","","","","","","","","","","","","","","","","","","","","","","","","","","","","","","","","","","","","","","","","","","","","","","","","","",0,1,"","","","","","","","","","","","","","","","","","","","","","","","","","","","","",""
"61328002","LE PIN-AU-HARAS -INRAE",48.735833,0.128167,176,2002121021,0.,1,"","","","","","","","","","","","","","","","","","","","","","","","","","","","","","","","","","",3.5,1,"","","","","","","","","","","","","","","","","","","","","","","","","","","","",84,1,"","","","","","","","","","","","","","","","","","","","","","","","","","","","","","","","","","","","","","","","","","","","","","","","","","","","","","","","","","","","","","","","","","","","","","","","","","","","","","","","","","","","","","","","","","","","","","","","","","",0,1,"","","","","","","","","","","","","","","","","","","","","","","","","","","","","",""
"61328002","LE PIN-AU-HARAS -INRAE",48.735833,0.128167,176,2002121022,0.,1,"","","","","","","","","","","","","","","","","","","","","","","","","","","","","","","","","","",3.2,1,"","","","","","","","","","","","","","","","","","","","","","","","","","","","",84,1,"","","","","","","","","","","","","","","","","","","","","","","","","","","","","","","","","","","","","","","","","","","","","","","","","","","","","","","","","","","","","","","","","","","","","","","","","","","","","","","","","","","","","","","","","","","","","","","","","","",0,1,"","","","","","","","","","","","","","","","","","","","","","","","","","","","","",""
"61328002","LE PIN-AU-HARAS -INRAE",48.735833,0.128167,176,2002121023,0.,1,"","","","","","","","","","","","","","","","","","","","","","","","","","","","","","","","","","",3.3,1,"","","","","","","","","","","","","","","","","","","","","","","","","","","","",83,1,"","","","","","","","","","","","","","","","","","","","","","","","","","","","","","","","","","","","","","","","","","","","","","","","","","","","","","","","","","","","","","","","","","","","","","","","","","","","","","","","","","","","","","","","","","","","","","","","","","",0,1,"","","","","","","","","","","","","","","","","","","","","","","","","","","","","",""
"61328002","LE PIN-AU-HARAS -INRAE",48.735833,0.128167,176,2002121100,0.,1,"","","","","","","","","","","","","","","","","","","","","","","","","","","","","","","","","","",2.7,1,"","","","","","","","","","","","","","","","","","","","","","","","","","","","",83,1,"","","","","","","","","","","","","","","","","","","","","","","","","","","","","","","","","","","","","","","","","","","","","","","","","","","","","","","","","","","","","","","","","","","","","","","","","","","","","","","","","","","","","","","","","","","","","","","","","","",0,1,"","","","","","","","","","","","","","","","","","","","","","","","","","","","","",""
"61328002","LE PIN-AU-HARAS -INRAE",48.735833,0.128167,176,2002121101,0.,1,"","","","","","","","","","","","","","","","","","","","","","","","","","","","","","","","","","",2.5,1,"","","","","","","","","","","","","","","","","","","","","","","","","","","","",84,1,"","","","","","","","","","","","","","","","","","","","","","","","","","","","","","","","","","","","","","","","","","","","","","","","","","","","","","","","","","","","","","","","","","","","","","","","","","","","","","","","","","","","","","","","","","","","","","","","","","",0,1,"","","","","","","","","","","","","","","","","","","","","","","","","","","","","",""
"61328002","LE PIN-AU-HARAS -INRAE",48.735833,0.128167,176,2002121102,0.,1,"","","","","","","","","","","","","","","","","","","","","","","","","","","","","","","","","","",2.4,1,"","","","","","","","","","","","","","","","","","","","","","","","","","","","",84,1,"","","","","","","","","","","","","","","","","","","","","","","","","","","","","","","","","","","","","","","","","","","","","","","","","","","","","","","","","","","","","","","","","","","","","","","","","","","","","","","","","","","","","","","","","","","","","","","","","","",0,1,"","","","","","","","","","","","","","","","","","","","","","","","","","","","","",""
"61328002","LE PIN-AU-HARAS -INRAE",48.735833,0.128167,176,2002121103,0.,1,"","","","","","","","","","","","","","","","","","","","","","","","","","","","","","","","","","",2.3,1,"","","","","","","","","","","","","","","","","","","","","","","","","","","","",84,1,"","","","","","","","","","","","","","","","","","","","","","","","","","","","","","","","","","","","","","","","","","","","","","","","","","","","","","","","","","","","","","","","","","","","","","","","","","","","","","","","","","","","","","","","","","","","","","","","","","",0,1,"","","","","","","","","","","","","","","","","","","","","","","","","","","","","",""
"61328002","LE PIN-AU-HARAS -INRAE",48.735833,0.128167,176,2002121104,0.,1,"","","","","","","","","","","","","","","","","","","","","","","","","","","","","","","","","","",2.5,1,"","","","","","","","","","","","","","","","","","","","","","","","","","","","",90,1,"","","","","","","","","","","","","","","","","","","","","","","","","","","","","","","","","","","","","","","","","","","","","","","","","","","","","","","","","","","","","","","","","","","","","","","","","","","","","","","","","","","","","","","","","","","","","","","","","","",0,1,"","","","","","","","","","","","","","","","","","","","","","","","","","","","","",""
"61328002","LE PIN-AU-HARAS -INRAE",48.735833,0.128167,176,2002121105,0.5,1,"","","","","","","","","","","","","","","","","","","","","","","","","","","","","","","","","","",2.7,1,"","","","","","","","","","","","","","","","","","","","","","","","","","","","",92,1,"","","","","","","","","","","","","","","","","","","","","","","","","","","","","","","","","","","","","","","","","","","","","","","","","","","","","","","","","","","","","","","","","","","","","","","","","","","","","","","","","","","","","","","","","","","","","","","","","","",0,1,"","","","","","","","","","","","","","","","","","","","","","","","","","","","","",""
"61328002","LE PIN-AU-HARAS -INRAE",48.735833,0.128167,176,2002121106,0.,1,"","","","","","","","","","","","","","","","","","","","","","","","","","","","","","","","","","",1.6,1,"","","","","","","","","","","","","","","","","","","","","","","","","","","","",91,1,"","","","","","","","","","","","","","","","","","","","","","","","","","","","","","","","","","","","","","","","","","","","","","","","","","","","","","","","","","","","","","","","","","","","","","","","","","","","","","","","","","","","","","","","","","","","","","","","","","",0,1,"","","","","","","","","","","","","","","","","","","","","","","","","","","","","",""
"61328002","LE PIN-AU-HARAS -INRAE",48.735833,0.128167,176,2002121107,0.,1,"","","","","","","","","","","","","","","","","","","","","","","","","","","","","","","","","","",1.7,1,"","","","","","","","","","","","","","","","","","","","","","","","","","","","",93,1,"","","","","","","","","","","","","","","","","","","","","","","","","","","","","","","","","","","","","","","","","","","","","","","","","","","","","","","","","","","","","","","","","","","","","","","","","","","","","","","","","","","","","","","","","","","","","","","","","","",0,1,"","","","","","","","","","","","","","","","","","","","","","","","","","","","","",""
"61328002","LE PIN-AU-HARAS -INRAE",48.735833,0.128167,176,2002121108,0.,1,"","","","","","","","","","","","","","","","","","","","","","","","","","","","","","","","","","",1.5,1,"","","","","","","","","","","","","","","","","","","","","","","","","","","","",92,1,"","","","","","","","","","","","","","","","","","","","","","","","","","","","","","","","","","","","","","","","","","","","","","","","","","","","","","","","","","","","","","","","","","","","","","","","","","","","","","","","","","","","","","","","","","","","","","","","","","",2,1,"","","","","","","","","","","","","","","","","","","","","","","","","","","","","",""
"61328002","LE PIN-AU-HARAS -INRAE",48.735833,0.128167,176,2002121109,0.,1,"","","","","","","","","","","","","","","","","","","","","","","","","","","","","","","","","","",2.,1,"","","","","","","","","","","","","","","","","","","","","","","","","","","","",91,1,"","","","","","","","","","","","","","","","","","","","","","","","","","","","","","","","","","","","","","","","","","","","","","","","","","","","","","","","","","","","","","","","","","","","","","","","","","","","","","","","","","","","","","","","","","","","","","","","","","",10,1,"","","","","","","","","","","","","","","","","","","","","","","","","","","","","",""
"61328002","LE PIN-AU-HARAS -INRAE",48.735833,0.128167,176,2002121110,0.,1,"","","","","","","","","","","","","","","","","","","","","","","","","","","","","","","","","","",2.9,1,"","","","","","","","","","","","","","","","","","","","","","","","","","","","",88,1,"","","","","","","","","","","","","","","","","","","","","","","","","","","","","","","","","","","","","","","","","","","","","","","","","","","","","","","","","","","","","","","","","","","","","","","","","","","","","","","","","","","","","","","","","","","","","","","","","","",36,1,"","","","","","","","","","","","","","","","","","","","","","","","","","","","","",""
"61328002","LE PIN-AU-HARAS -INRAE",48.735833,0.128167,176,2002121111,0.,1,"","","","","","","","","","","","","","","","","","","","","","","","","","","","","","","","","","",3.8,1,"","","","","","","","","","","","","","","","","","","","","","","","","","","","",85,1,"","","","","","","","","","","","","","","","","","","","","","","","","","","","","","","","","","","","","","","","","","","","","","","","","","","","","","","","","","","","","","","","","","","","","","","","","","","","","","","","","","","","","","","","","","","","","","","","","","",46,1,"","","","","","","","","","","","","","","","","","","","","","","","","","","","","",""
"61328002","LE PIN-AU-HARAS -INRAE",48.735833,0.128167,176,2002121112,0.,1,"","","","","","","","","","","","","","","","","","","","","","","","","","","","","","","","","","",4.2,1,"","","","","","","","","","","","","","","","","","","","","","","","","","","","",84,1,"","","","","","","","","","","","","","","","","","","","","","","","","","","","","","","","","","","","","","","","","","","","","","","","","","","","","","","","","","","","","","","","","","","","","","","","","","","","","","","","","","","","","","","","","","","","","","","","","","",52,1,"","","","","","","","","","","","","","","","","","","","","","","","","","","","","",""
"61328002","LE PIN-AU-HARAS -INRAE",48.735833,0.128167,176,2002121113,0.,1,"","","","","","","","","","","","","","","","","","","","","","","","","","","","","","","","","","",5.4,1,"","","","","","","","","","","","","","","","","","","","","","","","","","","","",82,1,"","","","","","","","","","","","","","","","","","","","","","","","","","","","","","","","","","","","","","","","","","","","","","","","","","","","","","","","","","","","","","","","","","","","","","","","","","","","","","","","","","","","","","","","","","","","","","","","","","",62,1,"","","","","","","","","","","","","","","","","","","","","","","","","","","","","",""
"61328002","LE PIN-AU-HARAS -INRAE",48.735833,0.128167,176,2002121114,0.,1,"","","","","","","","","","","","","","","","","","","","","","","","","","","","","","","","","","",5.5,1,"","","","","","","","","","","","","","","","","","","","","","","","","","","","",81,1,"","","","","","","","","","","","","","","","","","","","","","","","","","","","","","","","","","","","","","","","","","","","","","","","","","","","","","","","","","","","","","","","","","","","","","","","","","","","","","","","","","","","","","","","","","","","","","","","","","",50,1,"","","","","","","","","","","","","","","","","","","","","","","","","","","","","",""
"61328002","LE PIN-AU-HARAS -INRAE",48.735833,0.128167,176,2002121115,0.,1,"","","","","","","","","","","","","","","","","","","","","","","","","","","","","","","","","","",5.2,1,"","","","","","","","","","","","","","","","","","","","","","","","","","","","",82,1,"","","","","","","","","","","","","","","","","","","","","","","","","","","","","","","","","","","","","","","","","","","","","","","","","","","","","","","","","","","","","","","","","","","","","","","","","","","","","","","","","","","","","","","","","","","","","","","","","","",28,1,"","","","","","","","","","","","","","","","","","","","","","","","","","","","","",""
"61328002","LE PIN-AU-HARAS -INRAE",48.735833,0.128167,176,2002121116,0.,1,"","","","","","","","","","","","","","","","","","","","","","","","","","","","","","","","","","",4.6,1,"","","","","","","","","","","","","","","","","","","","","","","","","","","","",84,1,"","","","","","","","","","","","","","","","","","","","","","","","","","","","","","","","","","","","","","","","","","","","","","","","","","","","","","","","","","","","","","","","","","","","","","","","","","","","","","","","","","","","","","","","","","","","","","","","","","",6,1,"","","","","","","","","","","","","","","","","","","","","","","","","","","","","",""
"61328002","LE PIN-AU-HARAS -INRAE",48.735833,0.128167,176,2002121117,0.,1,"","","","","","","","","","","","","","","","","","","","","","","","","","","","","","","","","","",4.6,1,"","","","","","","","","","","","","","","","","","","","","","","","","","","","",85,1,"","","","","","","","","","","","","","","","","","","","","","","","","","","","","","","","","","","","","","","","","","","","","","","","","","","","","","","","","","","","","","","","","","","","","","","","","","","","","","","","","","","","","","","","","","","","","","","","","","",0,1,"","","","","","","","","","","","","","","","","","","","","","","","","","","","","",""
"61328002","LE PIN-AU-HARAS -INRAE",48.735833,0.128167,176,2002121118,0.,1,"","","","","","","","","","","","","","","","","","","","","","","","","","","","","","","","","","",4.3,1,"","","","","","","","","","","","","","","","","","","","","","","","","","","","",87,1,"","","","","","","","","","","","","","","","","","","","","","","","","","","","","","","","","","","","","","","","","","","","","","","","","","","","","","","","","","","","","","","","","","","","","","","","","","","","","","","","","","","","","","","","","","","","","","","","","","",0,1,"","","","","","","","","","","","","","","","","","","","","","","","","","","","","",""
"61328002","LE PIN-AU-HARAS -INRAE",48.735833,0.128167,176,2002121119,0.,1,"","","","","","","","","","","","","","","","","","","","","","","","","","","","","","","","","","",4.6,1,"","","","","","","","","","","","","","","","","","","","","","","","","","","","",86,1,"","","","","","","","","","","","","","","","","","","","","","","","","","","","","","","","","","","","","","","","","","","","","","","","","","","","","","","","","","","","","","","","","","","","","","","","","","","","","","","","","","","","","","","","","","","","","","","","","","",0,1,"","","","","","","","","","","","","","","","","","","","","","","","","","","","","",""
"61328002","LE PIN-AU-HARAS -INRAE",48.735833,0.128167,176,2002121120,0.,1,"","","","","","","","","","","","","","","","","","","","","","","","","","","","","","","","","","",4.1,1,"","","","","","","","","","","","","","","","","","","","","","","","","","","","",86,1,"","","","","","","","","","","","","","","","","","","","","","","","","","","","","","","","","","","","","","","","","","","","","","","","","","","","","","","","","","","","","","","","","","","","","","","","","","","","","","","","","","","","","","","","","","","","","","","","","","",0,1,"","","","","","","","","","","","","","","","","","","","","","","","","","","","","",""
"61328002","LE PIN-AU-HARAS -INRAE",48.735833,0.128167,176,2002121121,0.,1,"","","","","","","","","","","","","","","","","","","","","","","","","","","","","","","","","","",4.2,1,"","","","","","","","","","","","","","","","","","","","","","","","","","","","",87,1,"","","","","","","","","","","","","","","","","","","","","","","","","","","","","","","","","","","","","","","","","","","","","","","","","","","","","","","","","","","","","","","","","","","","","","","","","","","","","","","","","","","","","","","","","","","","","","","","","","",0,1,"","","","","","","","","","","","","","","","","","","","","","","","","","","","","",""
"61328002","LE PIN-AU-HARAS -INRAE",48.735833,0.128167,176,2002121122,0.,1,"","","","","","","","","","","","","","","","","","","","","","","","","","","","","","","","","","",4.2,1,"","","","","","","","","","","","","","","","","","","","","","","","","","","","",87,1,"","","","","","","","","","","","","","","","","","","","","","","","","","","","","","","","","","","","","","","","","","","","","","","","","","","","","","","","","","","","","","","","","","","","","","","","","","","","","","","","","","","","","","","","","","","","","","","","","","",0,1,"","","","","","","","","","","","","","","","","","","","","","","","","","","","","",""
"61328002","LE PIN-AU-HARAS -INRAE",48.735833,0.128167,176,2002121123,0.,1,"","","","","","","","","","","","","","","","","","","","","","","","","","","","","","","","","","",3.8,1,"","","","","","","","","","","","","","","","","","","","","","","","","","","","",92,1,"","","","","","","","","","","","","","","","","","","","","","","","","","","","","","","","","","","","","","","","","","","","","","","","","","","","","","","","","","","","","","","","","","","","","","","","","","","","","","","","","","","","","","","","","","","","","","","","","","",0,1,"","","","","","","","","","","","","","","","","","","","","","","","","","","","","",""
"61328002","LE PIN-AU-HARAS -INRAE",48.735833,0.128167,176,2002121200,1.5,1,"","","","","","","","","","","","","","","","","","","","","","","","","","","","","","","","","","",3.5,1,"","","","","","","","","","","","","","","","","","","","","","","","","","","","",95,1,"","","","","","","","","","","","","","","","","","","","","","","","","","","","","","","","","","","","","","","","","","","","","","","","","","","","","","","","","","","","","","","","","","","","","","","","","","","","","","","","","","","","","","","","","","","","","","","","","","",0,1,"","","","","","","","","","","","","","","","","","","","","","","","","","","","","",""
"61328002","LE PIN-AU-HARAS -INRAE",48.735833,0.128167,176,2002121201,0.,1,"","","","","","","","","","","","","","","","","","","","","","","","","","","","","","","","","","",3.7,1,"","","","","","","","","","","","","","","","","","","","","","","","","","","","",96,1,"","","","","","","","","","","","","","","","","","","","","","","","","","","","","","","","","","","","","","","","","","","","","","","","","","","","","","","","","","","","","","","","","","","","","","","","","","","","","","","","","","","","","","","","","","","","","","","","","","",0,1,"","","","","","","","","","","","","","","","","","","","","","","","","","","","","",""
"61328002","LE PIN-AU-HARAS -INRAE",48.735833,0.128167,176,2002121202,0.,1,"","","","","","","","","","","","","","","","","","","","","","","","","","","","","","","","","","",3.9,1,"","","","","","","","","","","","","","","","","","","","","","","","","","","","",97,1,"","","","","","","","","","","","","","","","","","","","","","","","","","","","","","","","","","","","","","","","","","","","","","","","","","","","","","","","","","","","","","","","","","","","","","","","","","","","","","","","","","","","","","","","","","","","","","","","","","",0,1,"","","","","","","","","","","","","","","","","","","","","","","","","","","","","",""
"61328002","LE PIN-AU-HARAS -INRAE",48.735833,0.128167,176,2002121203,0.,1,"","","","","","","","","","","","","","","","","","","","","","","","","","","","","","","","","","",4.,1,"","","","","","","","","","","","","","","","","","","","","","","","","","","","",98,1,"","","","","","","","","","","","","","","","","","","","","","","","","","","","","","","","","","","","","","","","","","","","","","","","","","","","","","","","","","","","","","","","","","","","","","","","","","","","","","","","","","","","","","","","","","","","","","","","","","",0,1,"","","","","","","","","","","","","","","","","","","","","","","","","","","","","",""
"61328002","LE PIN-AU-HARAS -INRAE",48.735833,0.128167,176,2002121204,0.,1,"","","","","","","","","","","","","","","","","","","","","","","","","","","","","","","","","","",4.2,1,"","","","","","","","","","","","","","","","","","","","","","","","","","","","",98,1,"","","","","","","","","","","","","","","","","","","","","","","","","","","","","","","","","","","","","","","","","","","","","","","","","","","","","","","","","","","","","","","","","","","","","","","","","","","","","","","","","","","","","","","","","","","","","","","","","","",0,1,"","","","","","","","","","","","","","","","","","","","","","","","","","","","","",""
"61328002","LE PIN-AU-HARAS -INRAE",48.735833,0.128167,176,2002121205,0.,1,"","","","","","","","","","","","","","","","","","","","","","","","","","","","","","","","","","",4.9,1,"","","","","","","","","","","","","","","","","","","","","","","","","","","","",99,1,"","","","","","","","","","","","","","","","","","","","","","","","","","","","","","","","","","","","","","","","","","","","","","","","","","","","","","","","","","","","","","","","","","","","","","","","","","","","","","","","","","","","","","","","","","","","","","","","","","",0,1,"","","","","","","","","","","","","","","","","","","","","","","","","","","","","",""
"61328002","LE PIN-AU-HARAS -INRAE",48.735833,0.128167,176,2002121206,0.,1,"","","","","","","","","","","","","","","","","","","","","","","","","","","","","","","","","","",4.7,1,"","","","","","","","","","","","","","","","","","","","","","","","","","","","",99,1,"","","","","","","","","","","","","","","","","","","","","","","","","","","","","","","","","","","","","","","","","","","","","","","","","","","","","","","","","","","","","","","","","","","","","","","","","","","","","","","","","","","","","","","","","","","","","","","","","","",0,1,"","","","","","","","","","","","","","","","","","","","","","","","","","","","","",""
"61328002","LE PIN-AU-HARAS -INRAE",48.735833,0.128167,176,2002121207,0.,1,"","","","","","","","","","","","","","","","","","","","","","","","","","","","","","","","","","",4.8,1,"","","","","","","","","","","","","","","","","","","","","","","","","","","","",100,1,"","","","","","","","","","","","","","","","","","","","","","","","","","","","","","","","","","","","","","","","","","","","","","","","","","","","","","","","","","","","","","","","","","","","","","","","","","","","","","","","","","","","","","","","","","","","","","","","","","",0,1,"","","","","","","","","","","","","","","","","","","","","","","","","","","","","",""
"61328002","LE PIN-AU-HARAS -INRAE",48.735833,0.128167,176,2002121208,0.,1,"","","","","","","","","","","","","","","","","","","","","","","","","","","","","","","","","","",4.6,1,"","","","","","","","","","","","","","","","","","","","","","","","","","","","",100,1,"","","","","","","","","","","","","","","","","","","","","","","","","","","","","","","","","","","","","","","","","","","","","","","","","","","","","","","","","","","","","","","","","","","","","","","","","","","","","","","","","","","","","","","","","","","","","","","","","","",0,1,"","","","","","","","","","","","","","","","","","","","","","","","","","","","","",""
"61328002","LE PIN-AU-HARAS -INRAE",48.735833,0.128167,176,2002121209,0.,1,"","","","","","","","","","","","","","","","","","","","","","","","","","","","","","","","","","",4.2,1,"","","","","","","","","","","","","","","","","","","","","","","","","","","","",100,1,"","","","","","","","","","","","","","","","","","","","","","","","","","","","","","","","","","","","","","","","","","","","","","","","","","","","","","","","","","","","","","","","","","","","","","","","","","","","","","","","","","","","","","","","","","","","","","","","","","",8,1,"","","","","","","","","","","","","","","","","","","","","","","","","","","","","",""
"61328002","LE PIN-AU-HARAS -INRAE",48.735833,0.128167,176,2002121210,0.,1,"","","","","","","","","","","","","","","","","","","","","","","","","","","","","","","","","","",4.4,1,"","","","","","","","","","","","","","","","","","","","","","","","","","","","",100,1,"","","","","","","","","","","","","","","","","","","","","","","","","","","","","","","","","","","","","","","","","","","","","","","","","","","","","","","","","","","","","","","","","","","","","","","","","","","","","","","","","","","","","","","","","","","","","","","","","","",20,1,"","","","","","","","","","","","","","","","","","","","","","","","","","","","","",""
"61328002","LE PIN-AU-HARAS -INRAE",48.735833,0.128167,176,2002121211,0.,1,"","","","","","","","","","","","","","","","","","","","","","","","","","","","","","","","","","",4.8,1,"","","","","","","","","","","","","","","","","","","","","","","","","","","","",100,1,"","","","","","","","","","","","","","","","","","","","","","","","","","","","","","","","","","","","","","","","","","","","","","","","","","","","","","","","","","","","","","","","","","","","","","","","","","","","","","","","","","","","","","","","","","","","","","","","","","",34,1,"","","","","","","","","","","","","","","","","","","","","","","","","","","","","",""
"61328002","LE PIN-AU-HARAS -INRAE",48.735833,0.128167,176,2002121212,0.,1,"","","","","","","","","","","","","","","","","","","","","","","","","","","","","","","","","","",6.8,1,"","","","","","","","","","","","","","","","","","","","","","","","","","","","",100,1,"","","","","","","","","","","","","","","","","","","","","","","","","","","","","","","","","","","","","","","","","","","","","","","","","","","","","","","","","","","","","","","","","","","","","","","","","","","","","","","","","","","","","","","","","","","","","","","","","","",42,1,"","","","","","","","","","","","","","","","","","","","","","","","","","","","","",""
"61328002","LE PIN-AU-HARAS -INRAE",48.735833,0.128167,176,2002121213,0.,1,"","","","","","","","","","","","","","","","","","","","","","","","","","","","","","","","","","",8.7,1,"","","","","","","","","","","","","","","","","","","","","","","","","","","","",100,1,"","","","","","","","","","","","","","","","","","","","","","","","","","","","","","","","","","","","","","","","","","","","","","","","","","","","","","","","","","","","","","","","","","","","","","","","","","","","","","","","","","","","","","","","","","","","","","","","","","",60,1,"","","","","","","","","","","","","","","","","","","","","","","","","","","","","",""
"61328002","LE PIN-AU-HARAS -INRAE",48.735833,0.128167,176,2002121214,0.,1,"","","","","","","","","","","","","","","","","","","","","","","","","","","","","","","","","","",8.1,1,"","","","","","","","","","","","","","","","","","","","","","","","","","","","",89,1,"","","","","","","","","","","","","","","","","","","","","","","","","","","","","","","","","","","","","","","","","","","","","","","","","","","","","","","","","","","","","","","","","","","","","","","","","","","","","","","","","","","","","","","","","","","","","","","","","","",56,1,"","","","","","","","","","","","","","","","","","","","","","","","","","","","","",""
"61328002","LE PIN-AU-HARAS -INRAE",48.735833,0.128167,176,2002121215,0.,1,"","","","","","","","","","","","","","","","","","","","","","","","","","","","","","","","","","",7.5,1,"","","","","","","","","","","","","","","","","","","","","","","","","","","","",90,1,"","","","","","","","","","","","","","","","","","","","","","","","","","","","","","","","","","","","","","","","","","","","","","","","","","","","","","","","","","","","","","","","","","","","","","","","","","","","","","","","","","","","","","","","","","","","","","","","","","",38,1,"","","","","","","","","","","","","","","","","","","","","","","","","","","","","",""
"61328002","LE PIN-AU-HARAS -INRAE",48.735833,0.128167,176,2002121216,0.,1,"","","","","","","","","","","","","","","","","","","","","","","","","","","","","","","","","","",6.,1,"","","","","","","","","","","","","","","","","","","","","","","","","","","","",92,1,"","","","","","","","","","","","","","","","","","","","","","","","","","","","","","","","","","","","","","","","","","","","","","","","","","","","","","","","","","","","","","","","","","","","","","","","","","","","","","","","","","","","","","","","","","","","","","","","","","",14,1,"","","","","","","","","","","","","","","","","","","","","","","","","","","","","",""
"61328002","LE PIN-AU-HARAS -INRAE",48.735833,0.128167,176,2002121217,0.,1,"","","","","","","","","","","","","","","","","","","","","","","","","","","","","","","","","","",4.4,1,"","","","","","","","","","","","","","","","","","","","","","","","","","","","",95,1,"","","","","","","","","","","","","","","","","","","","","","","","","","","","","","","","","","","","","","","","","","","","","","","","","","","","","","","","","","","","","","","","","","","","","","","","","","","","","","","","","","","","","","","","","","","","","","","","","","",0,1,"","","","","","","","","","","","","","","","","","","","","","","","","","","","","",""
"61328002","LE PIN-AU-HARAS -INRAE",48.735833,0.128167,176,2002121218,0.,1,"","","","","","","","","","","","","","","","","","","","","","","","","","","","","","","","","","",4.7,1,"","","","","","","","","","","","","","","","","","","","","","","","","","","","",98,1,"","","","","","","","","","","","","","","","","","","","","","","","","","","","","","","","","","","","","","","","","","","","","","","","","","","","","","","","","","","","","","","","","","","","","","","","","","","","","","","","","","","","","","","","","","","","","","","","","","",0,1,"","","","","","","","","","","","","","","","","","","","","","","","","","","","","",""
"61328002","LE PIN-AU-HARAS -INRAE",48.735833,0.128167,176,2002121219,0.,1,"","","","","","","","","","","","","","","","","","","","","","","","","","","","","","","","","","",4.5,1,"","","","","","","","","","","","","","","","","","","","","","","","","","","","",97,1,"","","","","","","","","","","","","","","","","","","","","","","","","","","","","","","","","","","","","","","","","","","","","","","","","","","","","","","","","","","","","","","","","","","","","","","","","","","","","","","","","","","","","","","","","","","","","","","","","","",0,1,"","","","","","","","","","","","","","","","","","","","","","","","","","","","","",""
"61328002","LE PIN-AU-HARAS -INRAE",48.735833,0.128167,176,2002121220,0.,1,"","","","","","","","","","","","","","","","","","","","","","","","","","","","","","","","","","",5.3,1,"","","","","","","","","","","","","","","","","","","","","","","","","","","","",99,1,"","","","","","","","","","","","","","","","","","","","","","","","","","","","","","","","","","","","","","","","","","","","","","","","","","","","","","","","","","","","","","","","","","","","","","","","","","","","","","","","","","","","","","","","","","","","","","","","","","",0,1,"","","","","","","","","","","","","","","","","","","","","","","","","","","","","",""
"61328002","LE PIN-AU-HARAS -INRAE",48.735833,0.128167,176,2002121221,0.,1,"","","","","","","","","","","","","","","","","","","","","","","","","","","","","","","","","","",5.6,1,"","","","","","","","","","","","","","","","","","","","","","","","","","","","",98,1,"","","","","","","","","","","","","","","","","","","","","","","","","","","","","","","","","","","","","","","","","","","","","","","","","","","","","","","","","","","","","","","","","","","","","","","","","","","","","","","","","","","","","","","","","","","","","","","","","","",0,1,"","","","","","","","","","","","","","","","","","","","","","","","","","","","","",""
"61328002","LE PIN-AU-HARAS -INRAE",48.735833,0.128167,176,2002121222,0.,1,"","","","","","","","","","","","","","","","","","","","","","","","","","","","","","","","","","",7.3,1,"","","","","","","","","","","","","","","","","","","","","","","","","","","","",96,1,"","","","","","","","","","","","","","","","","","","","","","","","","","","","","","","","","","","","","","","","","","","","","","","","","","","","","","","","","","","","","","","","","","","","","","","","","","","","","","","","","","","","","","","","","","","","","","","","","","",0,1,"","","","","","","","","","","","","","","","","","","","","","","","","","","","","",""
"61328002","LE PIN-AU-HARAS -INRAE",48.735833,0.128167,176,2002121223,0.,1,"","","","","","","","","","","","","","","","","","","","","","","","","","","","","","","","","","",6.6,1,"","","","","","","","","","","","","","","","","","","","","","","","","","","","",94,1,"","","","","","","","","","","","","","","","","","","","","","","","","","","","","","","","","","","","","","","","","","","","","","","","","","","","","","","","","","","","","","","","","","","","","","","","","","","","","","","","","","","","","","","","","","","","","","","","","","",0,1,"","","","","","","","","","","","","","","","","","","","","","","","","","","","","",""
"61328002","LE PIN-AU-HARAS -INRAE",48.735833,0.128167,176,2002121300,0.,1,"","","","","","","","","","","","","","","","","","","","","","","","","","","","","","","","","","",7.2,1,"","","","","","","","","","","","","","","","","","","","","","","","","","","","",95,1,"","","","","","","","","","","","","","","","","","","","","","","","","","","","","","","","","","","","","","","","","","","","","","","","","","","","","","","","","","","","","","","","","","","","","","","","","","","","","","","","","","","","","","","","","","","","","","","","","","",0,1,"","","","","","","","","","","","","","","","","","","","","","","","","","","","","",""
"61328002","LE PIN-AU-HARAS -INRAE",48.735833,0.128167,176,2002121301,0.,1,"","","","","","","","","","","","","","","","","","","","","","","","","","","","","","","","","","",7.2,1,"","","","","","","","","","","","","","","","","","","","","","","","","","","","",94,1,"","","","","","","","","","","","","","","","","","","","","","","","","","","","","","","","","","","","","","","","","","","","","","","","","","","","","","","","","","","","","","","","","","","","","","","","","","","","","","","","","","","","","","","","","","","","","","","","","","",0,1,"","","","","","","","","","","","","","","","","","","","","","","","","","","","","",""
"61328002","LE PIN-AU-HARAS -INRAE",48.735833,0.128167,176,2002121302,0.,1,"","","","","","","","","","","","","","","","","","","","","","","","","","","","","","","","","","",7.1,1,"","","","","","","","","","","","","","","","","","","","","","","","","","","","",95,1,"","","","","","","","","","","","","","","","","","","","","","","","","","","","","","","","","","","","","","","","","","","","","","","","","","","","","","","","","","","","","","","","","","","","","","","","","","","","","","","","","","","","","","","","","","","","","","","","","","",0,1,"","","","","","","","","","","","","","","","","","","","","","","","","","","","","",""
"61328002","LE PIN-AU-HARAS -INRAE",48.735833,0.128167,176,2002121303,0.,1,"","","","","","","","","","","","","","","","","","","","","","","","","","","","","","","","","","",7.,1,"","","","","","","","","","","","","","","","","","","","","","","","","","","","",96,1,"","","","","","","","","","","","","","","","","","","","","","","","","","","","","","","","","","","","","","","","","","","","","","","","","","","","","","","","","","","","","","","","","","","","","","","","","","","","","","","","","","","","","","","","","","","","","","","","","","",0,1,"","","","","","","","","","","","","","","","","","","","","","","","","","","","","",""
"61328002","LE PIN-AU-HARAS -INRAE",48.735833,0.128167,176,2002121304,0.,1,"","","","","","","","","","","","","","","","","","","","","","","","","","","","","","","","","","",6.8,1,"","","","","","","","","","","","","","","","","","","","","","","","","","","","",96,1,"","","","","","","","","","","","","","","","","","","","","","","","","","","","","","","","","","","","","","","","","","","","","","","","","","","","","","","","","","","","","","","","","","","","","","","","","","","","","","","","","","","","","","","","","","","","","","","","","","",0,1,"","","","","","","","","","","","","","","","","","","","","","","","","","","","","",""
"61328002","LE PIN-AU-HARAS -INRAE",48.735833,0.128167,176,2002121305,0.,1,"","","","","","","","","","","","","","","","","","","","","","","","","","","","","","","","","","",6.9,1,"","","","","","","","","","","","","","","","","","","","","","","","","","","","",97,1,"","","","","","","","","","","","","","","","","","","","","","","","","","","","","","","","","","","","","","","","","","","","","","","","","","","","","","","","","","","","","","","","","","","","","","","","","","","","","","","","","","","","","","","","","","","","","","","","","","",0,1,"","","","","","","","","","","","","","","","","","","","","","","","","","","","","",""
"61328002","LE PIN-AU-HARAS -INRAE",48.735833,0.128167,176,2002121306,0.,1,"","","","","","","","","","","","","","","","","","","","","","","","","","","","","","","","","","",6.8,1,"","","","","","","","","","","","","","","","","","","","","","","","","","","","",98,1,"","","","","","","","","","","","","","","","","","","","","","","","","","","","","","","","","","","","","","","","","","","","","","","","","","","","","","","","","","","","","","","","","","","","","","","","","","","","","","","","","","","","","","","","","","","","","","","","","","",0,1,"","","","","","","","","","","","","","","","","","","","","","","","","","","","","",""
"61328002","LE PIN-AU-HARAS -INRAE",48.735833,0.128167,176,2002121307,0.,1,"","","","","","","","","","","","","","","","","","","","","","","","","","","","","","","","","","",5.7,1,"","","","","","","","","","","","","","","","","","","","","","","","","","","","",98,1,"","","","","","","","","","","","","","","","","","","","","","","","","","","","","","","","","","","","","","","","","","","","","","","","","","","","","","","","","","","","","","","","","","","","","","","","","","","","","","","","","","","","","","","","","","","","","","","","","","",0,1,"","","","","","","","","","","","","","","","","","","","","","","","","","","","","",""
"61328002","LE PIN-AU-HARAS -INRAE",48.735833,0.128167,176,2002121308,0.,1,"","","","","","","","","","","","","","","","","","","","","","","","","","","","","","","","","","",6.4,1,"","","","","","","","","","","","","","","","","","","","","","","","","","","","",99,1,"","","","","","","","","","","","","","","","","","","","","","","","","","","","","","","","","","","","","","","","","","","","","","","","","","","","","","","","","","","","","","","","","","","","","","","","","","","","","","","","","","","","","","","","","","","","","","","","","","",0,1,"","","","","","","","","","","","","","","","","","","","","","","","","","","","","",""
"61328002","LE PIN-AU-HARAS -INRAE",48.735833,0.128167,176,2002121309,0.5,1,"","","","","","","","","","","","","","","","","","","","","","","","","","","","","","","","","","",6.5,1,"","","","","","","","","","","","","","","","","","","","","","","","","","","","",100,1,"","","","","","","","","","","","","","","","","","","","","","","","","","","","","","","","","","","","","","","","","","","","","","","","","","","","","","","","","","","","","","","","","","","","","","","","","","","","","","","","","","","","","","","","","","","","","","","","","","",4,1,"","","","","","","","","","","","","","","","","","","","","","","","","","","","","",""
"61328002","LE PIN-AU-HARAS -INRAE",48.735833,0.128167,176,2002121310,0.,1,"","","","","","","","","","","","","","","","","","","","","","","","","","","","","","","","","","",7.4,1,"","","","","","","","","","","","","","","","","","","","","","","","","","","","",100,1,"","","","","","","","","","","","","","","","","","","","","","","","","","","","","","","","","","","","","","","","","","","","","","","","","","","","","","","","","","","","","","","","","","","","","","","","","","","","","","","","","","","","","","","","","","","","","","","","","","",14,1,"","","","","","","","","","","","","","","","","","","","","","","","","","","","","",""
"61328002","LE PIN-AU-HARAS -INRAE",48.735833,0.128167,176,2002121311,0.,1,"","","","","","","","","","","","","","","","","","","","","","","","","","","","","","","","","","",7.9,1,"","","","","","","","","","","","","","","","","","","","","","","","","","","","",100,1,"","","","","","","","","","","","","","","","","","","","","","","","","","","","","","","","","","","","","","","","","","","","","","","","","","","","","","","","","","","","","","","","","","","","","","","","","","","","","","","","","","","","","","","","","","","","","","","","","","",28,1,"","","","","","","","","","","","","","","","","","","","","","","","","","","","","",""
"61328002","LE PIN-AU-HARAS -INRAE",48.735833,0.128167,176,2002121312,0.,1,"","","","","","","","","","","","","","","","","","","","","","","","","","","","","","","","","","",8.5,1,"","","","","","","","","","","","","","","","","","","","","","","","","","","","",98,1,"","","","","","","","","","","","","","","","","","","","","","","","","","","","","","","","","","","","","","","","","","","","","","","","","","","","","","","","","","","","","","","","","","","","","","","","","","","","","","","","","","","","","","","","","","","","","","","","","","",32,1,"","","","","","","","","","","","","","","","","","","","","","","","","","","","","",""
"61328002","LE PIN-AU-HARAS -INRAE",48.735833,0.128167,176,2002121313,0.,1,"","","","","","","","","","","","","","","","","","","","","","","","","","","","","","","","","","",8.5,1,"","","","","","","","","","","","","","","","","","","","","","","","","","","","",97,1,"","","","","","","","","","","","","","","","","","","","","","","","","","","","","","","","","","","","","","","","","","","","","","","","","","","","","","","","","","","","","","","","","","","","","","","","","","","","","","","","","","","","","","","","","","","","","","","","","","",28,1,"","","","","","","","","","","","","","","","","","","","","","","","","","","","","",""
"61328002","LE PIN-AU-HARAS -INRAE",48.735833,0.128167,176,2002121314,0.,1,"","","","","","","","","","","","","","","","","","","","","","","","","","","","","","","","","","",8.2,1,"","","","","","","","","","","","","","","","","","","","","","","","","","","","",95,1,"","","","","","","","","","","","","","","","","","","","","","","","","","","","","","","","","","","","","","","","","","","","","","","","","","","","","","","","","","","","","","","","","","","","","","","","","","","","","","","","","","","","","","","","","","","","","","","","","","",32,1,"","","","","","","","","","","","","","","","","","","","","","","","","","","","","",""
"61328002","LE PIN-AU-HARAS -INRAE",48.735833,0.128167,176,2002121315,0.,1,"","","","","","","","","","","","","","","","","","","","","","","","","","","","","","","","","","",8.2,1,"","","","","","","","","","","","","","","","","","","","","","","","","","","","",96,1,"","","","","","","","","","","","","","","","","","","","","","","","","","","","","","","","","","","","","","","","","","","","","","","","","","","","","","","","","","","","","","","","","","","","","","","","","","","","","","","","","","","","","","","","","","","","","","","","","","",26,1,"","","","","","","","","","","","","","","","","","","","","","","","","","","","","",""
"61328002","LE PIN-AU-HARAS -INRAE",48.735833,0.128167,176,2002121316,0.,1,"","","","","","","","","","","","","","","","","","","","","","","","","","","","","","","","","","",7.9,1,"","","","","","","","","","","","","","","","","","","","","","","","","","","","",98,1,"","","","","","","","","","","","","","","","","","","","","","","","","","","","","","","","","","","","","","","","","","","","","","","","","","","","","","","","","","","","","","","","","","","","","","","","","","","","","","","","","","","","","","","","","","","","","","","","","","",4,1,"","","","","","","","","","","","","","","","","","","","","","","","","","","","","",""
"61328002","LE PIN-AU-HARAS -INRAE",48.735833,0.128167,176,2002121317,0.,1,"","","","","","","","","","","","","","","","","","","","","","","","","","","","","","","","","","",7.8,1,"","","","","","","","","","","","","","","","","","","","","","","","","","","","",98,1,"","","","","","","","","","","","","","","","","","","","","","","","","","","","","","","","","","","","","","","","","","","","","","","","","","","","","","","","","","","","","","","","","","","","","","","","","","","","","","","","","","","","","","","","","","","","","","","","","","",0,1,"","","","","","","","","","","","","","","","","","","","","","","","","","","","","",""
"61328002","LE PIN-AU-HARAS -INRAE",48.735833,0.128167,176,2002121318,0.,1,"","","","","","","","","","","","","","","","","","","","","","","","","","","","","","","","","","",7.3,1,"","","","","","","","","","","","","","","","","","","","","","","","","","","","",99,1,"","","","","","","","","","","","","","","","","","","","","","","","","","","","","","","","","","","","","","","","","","","","","","","","","","","","","","","","","","","","","","","","","","","","","","","","","","","","","","","","","","","","","","","","","","","","","","","","","","",0,1,"","","","","","","","","","","","","","","","","","","","","","","","","","","","","",""
"61328002","LE PIN-AU-HARAS -INRAE",48.735833,0.128167,176,2002121319,0.,1,"","","","","","","","","","","","","","","","","","","","","","","","","","","","","","","","","","",8.2,1,"","","","","","","","","","","","","","","","","","","","","","","","","","","","",100,1,"","","","","","","","","","","","","","","","","","","","","","","","","","","","","","","","","","","","","","","","","","","","","","","","","","","","","","","","","","","","","","","","","","","","","","","","","","","","","","","","","","","","","","","","","","","","","","","","","","",0,1,"","","","","","","","","","","","","","","","","","","","","","","","","","","","","",""
"61328002","LE PIN-AU-HARAS -INRAE",48.735833,0.128167,176,2002121320,0.,1,"","","","","","","","","","","","","","","","","","","","","","","","","","","","","","","","","","",8.3,1,"","","","","","","","","","","","","","","","","","","","","","","","","","","","",100,1,"","","","","","","","","","","","","","","","","","","","","","","","","","","","","","","","","","","","","","","","","","","","","","","","","","","","","","","","","","","","","","","","","","","","","","","","","","","","","","","","","","","","","","","","","","","","","","","","","","",0,1,"","","","","","","","","","","","","","","","","","","","","","","","","","","","","",""
"61328002","LE PIN-AU-HARAS -INRAE",48.735833,0.128167,176,2002121321,0.,1,"","","","","","","","","","","","","","","","","","","","","","","","","","","","","","","","","","",8.4,1,"","","","","","","","","","","","","","","","","","","","","","","","","","","","",100,1,"","","","","","","","","","","","","","","","","","","","","","","","","","","","","","","","","","","","","","","","","","","","","","","","","","","","","","","","","","","","","","","","","","","","","","","","","","","","","","","","","","","","","","","","","","","","","","","","","","",0,1,"","","","","","","","","","","","","","","","","","","","","","","","","","","","","",""
"61328002","LE PIN-AU-HARAS -INRAE",48.735833,0.128167,176,2002121322,0.,1,"","","","","","","","","","","","","","","","","","","","","","","","","","","","","","","","","","",8.1,1,"","","","","","","","","","","","","","","","","","","","","","","","","","","","",100,1,"","","","","","","","","","","","","","","","","","","","","","","","","","","","","","","","","","","","","","","","","","","","","","","","","","","","","","","","","","","","","","","","","","","","","","","","","","","","","","","","","","","","","","","","","","","","","","","","","","",0,1,"","","","","","","","","","","","","","","","","","","","","","","","","","","","","",""
"61328002","LE PIN-AU-HARAS -INRAE",48.735833,0.128167,176,2002121323,0.,1,"","","","","","","","","","","","","","","","","","","","","","","","","","","","","","","","","","",8.1,1,"","","","","","","","","","","","","","","","","","","","","","","","","","","","",100,1,"","","","","","","","","","","","","","","","","","","","","","","","","","","","","","","","","","","","","","","","","","","","","","","","","","","","","","","","","","","","","","","","","","","","","","","","","","","","","","","","","","","","","","","","","","","","","","","","","","",0,1,"","","","","","","","","","","","","","","","","","","","","","","","","","","","","",""
"61328002","LE PIN-AU-HARAS -INRAE",48.735833,0.128167,176,2002121400,0.,1,"","","","","","","","","","","","","","","","","","","","","","","","","","","","","","","","","","",7.8,1,"","","","","","","","","","","","","","","","","","","","","","","","","","","","",100,1,"","","","","","","","","","","","","","","","","","","","","","","","","","","","","","","","","","","","","","","","","","","","","","","","","","","","","","","","","","","","","","","","","","","","","","","","","","","","","","","","","","","","","","","","","","","","","","","","","","",0,1,"","","","","","","","","","","","","","","","","","","","","","","","","","","","","",""
"61328002","LE PIN-AU-HARAS -INRAE",48.735833,0.128167,176,2002121401,0.,1,"","","","","","","","","","","","","","","","","","","","","","","","","","","","","","","","","","",7.7,1,"","","","","","","","","","","","","","","","","","","","","","","","","","","","",100,1,"","","","","","","","","","","","","","","","","","","","","","","","","","","","","","","","","","","","","","","","","","","","","","","","","","","","","","","","","","","","","","","","","","","","","","","","","","","","","","","","","","","","","","","","","","","","","","","","","","",0,1,"","","","","","","","","","","","","","","","","","","","","","","","","","","","","",""
"61328002","LE PIN-AU-HARAS -INRAE",48.735833,0.128167,176,2002121402,0.,1,"","","","","","","","","","","","","","","","","","","","","","","","","","","","","","","","","","",7.4,1,"","","","","","","","","","","","","","","","","","","","","","","","","","","","",100,1,"","","","","","","","","","","","","","","","","","","","","","","","","","","","","","","","","","","","","","","","","","","","","","","","","","","","","","","","","","","","","","","","","","","","","","","","","","","","","","","","","","","","","","","","","","","","","","","","","","",0,1,"","","","","","","","","","","","","","","","","","","","","","","","","","","","","",""
"61328002","LE PIN-AU-HARAS -INRAE",48.735833,0.128167,176,2002121403,0.,1,"","","","","","","","","","","","","","","","","","","","","","","","","","","","","","","","","","",7.3,1,"","","","","","","","","","","","","","","","","","","","","","","","","","","","",100,1,"","","","","","","","","","","","","","","","","","","","","","","","","","","","","","","","","","","","","","","","","","","","","","","","","","","","","","","","","","","","","","","","","","","","","","","","","","","","","","","","","","","","","","","","","","","","","","","","","","",0,1,"","","","","","","","","","","","","","","","","","","","","","","","","","","","","",""
"61328002","LE PIN-AU-HARAS -INRAE",48.735833,0.128167,176,2002121404,0.,1,"","","","","","","","","","","","","","","","","","","","","","","","","","","","","","","","","","",6.9,1,"","","","","","","","","","","","","","","","","","","","","","","","","","","","",100,1,"","","","","","","","","","","","","","","","","","","","","","","","","","","","","","","","","","","","","","","","","","","","","","","","","","","","","","","","","","","","","","","","","","","","","","","","","","","","","","","","","","","","","","","","","","","","","","","","","","",0,1,"","","","","","","","","","","","","","","","","","","","","","","","","","","","","",""
"61328002","LE PIN-AU-HARAS -INRAE",48.735833,0.128167,176,2002121405,0.,1,"","","","","","","","","","","","","","","","","","","","","","","","","","","","","","","","","","",6.7,1,"","","","","","","","","","","","","","","","","","","","","","","","","","","","",100,1,"","","","","","","","","","","","","","","","","","","","","","","","","","","","","","","","","","","","","","","","","","","","","","","","","","","","","","","","","","","","","","","","","","","","","","","","","","","","","","","","","","","","","","","","","","","","","","","","","","",0,1,"","","","","","","","","","","","","","","","","","","","","","","","","","","","","",""
"61328002","LE PIN-AU-HARAS -INRAE",48.735833,0.128167,176,2002121406,0.,1,"","","","","","","","","","","","","","","","","","","","","","","","","","","","","","","","","","",6.5,1,"","","","","","","","","","","","","","","","","","","","","","","","","","","","",100,1,"","","","","","","","","","","","","","","","","","","","","","","","","","","","","","","","","","","","","","","","","","","","","","","","","","","","","","","","","","","","","","","","","","","","","","","","","","","","","","","","","","","","","","","","","","","","","","","","","","",0,1,"","","","","","","","","","","","","","","","","","","","","","","","","","","","","",""
"61328002","LE PIN-AU-HARAS -INRAE",48.735833,0.128167,176,2002121407,0.,1,"","","","","","","","","","","","","","","","","","","","","","","","","","","","","","","","","","",6.8,1,"","","","","","","","","","","","","","","","","","","","","","","","","","","","",100,1,"","","","","","","","","","","","","","","","","","","","","","","","","","","","","","","","","","","","","","","","","","","","","","","","","","","","","","","","","","","","","","","","","","","","","","","","","","","","","","","","","","","","","","","","","","","","","","","","","","",0,1,"","","","","","","","","","","","","","","","","","","","","","","","","","","","","",""
"61328002","LE PIN-AU-HARAS -INRAE",48.735833,0.128167,176,2002121408,0.,1,"","","","","","","","","","","","","","","","","","","","","","","","","","","","","","","","","","",6.8,1,"","","","","","","","","","","","","","","","","","","","","","","","","","","","",99,1,"","","","","","","","","","","","","","","","","","","","","","","","","","","","","","","","","","","","","","","","","","","","","","","","","","","","","","","","","","","","","","","","","","","","","","","","","","","","","","","","","","","","","","","","","","","","","","","","","","",0,1,"","","","","","","","","","","","","","","","","","","","","","","","","","","","","",""
"61328002","LE PIN-AU-HARAS -INRAE",48.735833,0.128167,176,2002121409,0.,1,"","","","","","","","","","","","","","","","","","","","","","","","","","","","","","","","","","",6.9,1,"","","","","","","","","","","","","","","","","","","","","","","","","","","","",96,1,"","","","","","","","","","","","","","","","","","","","","","","","","","","","","","","","","","","","","","","","","","","","","","","","","","","","","","","","","","","","","","","","","","","","","","","","","","","","","","","","","","","","","","","","","","","","","","","","","","",8,1,"","","","","","","","","","","","","","","","","","","","","","","","","","","","","",""
"61328002","LE PIN-AU-HARAS -INRAE",48.735833,0.128167,176,2002121410,0.,1,"","","","","","","","","","","","","","","","","","","","","","","","","","","","","","","","","","",6.7,1,"","","","","","","","","","","","","","","","","","","","","","","","","","","","",90,1,"","","","","","","","","","","","","","","","","","","","","","","","","","","","","","","","","","","","","","","","","","","","","","","","","","","","","","","","","","","","","","","","","","","","","","","","","","","","","","","","","","","","","","","","","","","","","","","","","","",18,1,"","","","","","","","","","","","","","","","","","","","","","","","","","","","","",""
"61328002","LE PIN-AU-HARAS -INRAE",48.735833,0.128167,176,2002121411,0.,1,"","","","","","","","","","","","","","","","","","","","","","","","","","","","","","","","","","",7.2,1,"","","","","","","","","","","","","","","","","","","","","","","","","","","","",88,1,"","","","","","","","","","","","","","","","","","","","","","","","","","","","","","","","","","","","","","","","","","","","","","","","","","","","","","","","","","","","","","","","","","","","","","","","","","","","","","","","","","","","","","","","","","","","","","","","","","",18,1,"","","","","","","","","","","","","","","","","","","","","","","","","","","","","",""
"61328002","LE PIN-AU-HARAS -INRAE",48.735833,0.128167,176,2002121412,0.,1,"","","","","","","","","","","","","","","","","","","","","","","","","","","","","","","","","","",7.4,1,"","","","","","","","","","","","","","","","","","","","","","","","","","","","",86,1,"","","","","","","","","","","","","","","","","","","","","","","","","","","","","","","","","","","","","","","","","","","","","","","","","","","","","","","","","","","","","","","","","","","","","","","","","","","","","","","","","","","","","","","","","","","","","","","","","","",14,1,"","","","","","","","","","","","","","","","","","","","","","","","","","","","","",""
"61328002","LE PIN-AU-HARAS -INRAE",48.735833,0.128167,176,2002121413,0.,1,"","","","","","","","","","","","","","","","","","","","","","","","","","","","","","","","","","",7.3,1,"","","","","","","","","","","","","","","","","","","","","","","","","","","","",84,1,"","","","","","","","","","","","","","","","","","","","","","","","","","","","","","","","","","","","","","","","","","","","","","","","","","","","","","","","","","","","","","","","","","","","","","","","","","","","","","","","","","","","","","","","","","","","","","","","","","",16,1,"","","","","","","","","","","","","","","","","","","","","","","","","","","","","",""
"61328002","LE PIN-AU-HARAS -INRAE",48.735833,0.128167,176,2002121414,0.,1,"","","","","","","","","","","","","","","","","","","","","","","","","","","","","","","","","","",7.1,1,"","","","","","","","","","","","","","","","","","","","","","","","","","","","",85,1,"","","","","","","","","","","","","","","","","","","","","","","","","","","","","","","","","","","","","","","","","","","","","","","","","","","","","","","","","","","","","","","","","","","","","","","","","","","","","","","","","","","","","","","","","","","","","","","","","","",20,1,"","","","","","","","","","","","","","","","","","","","","","","","","","","","","",""
"61328002","LE PIN-AU-HARAS -INRAE",48.735833,0.128167,176,2002121415,0.,1,"","","","","","","","","","","","","","","","","","","","","","","","","","","","","","","","","","",7.3,1,"","","","","","","","","","","","","","","","","","","","","","","","","","","","",83,1,"","","","","","","","","","","","","","","","","","","","","","","","","","","","","","","","","","","","","","","","","","","","","","","","","","","","","","","","","","","","","","","","","","","","","","","","","","","","","","","","","","","","","","","","","","","","","","","","","","",22,1,"","","","","","","","","","","","","","","","","","","","","","","","","","","","","",""
"61328002","LE PIN-AU-HARAS -INRAE",48.735833,0.128167,176,2002121416,0.5,1,"","","","","","","","","","","","","","","","","","","","","","","","","","","","","","","","","","",6.5,1,"","","","","","","","","","","","","","","","","","","","","","","","","","","","",88,1,"","","","","","","","","","","","","","","","","","","","","","","","","","","","","","","","","","","","","","","","","","","","","","","","","","","","","","","","","","","","","","","","","","","","","","","","","","","","","","","","","","","","","","","","","","","","","","","","","","",8,1,"","","","","","","","","","","","","","","","","","","","","","","","","","","","","",""
"61328002","LE PIN-AU-HARAS -INRAE",48.735833,0.128167,176,2002121417,0.,1,"","","","","","","","","","","","","","","","","","","","","","","","","","","","","","","","","","",6.1,1,"","","","","","","","","","","","","","","","","","","","","","","","","","","","",92,1,"","","","","","","","","","","","","","","","","","","","","","","","","","","","","","","","","","","","","","","","","","","","","","","","","","","","","","","","","","","","","","","","","","","","","","","","","","","","","","","","","","","","","","","","","","","","","","","","","","",0,1,"","","","","","","","","","","","","","","","","","","","","","","","","","","","","",""
"61328002","LE PIN-AU-HARAS -INRAE",48.735833,0.128167,176,2002121418,0.5,1,"","","","","","","","","","","","","","","","","","","","","","","","","","","","","","","","","","",6.3,1,"","","","","","","","","","","","","","","","","","","","","","","","","","","","",95,1,"","","","","","","","","","","","","","","","","","","","","","","","","","","","","","","","","","","","","","","","","","","","","","","","","","","","","","","","","","","","","","","","","","","","","","","","","","","","","","","","","","","","","","","","","","","","","","","","","","",0,1,"","","","","","","","","","","","","","","","","","","","","","","","","","","","","",""
"61328002","LE PIN-AU-HARAS -INRAE",48.735833,0.128167,176,2002121419,0.5,1,"","","","","","","","","","","","","","","","","","","","","","","","","","","","","","","","","","",6.4,1,"","","","","","","","","","","","","","","","","","","","","","","","","","","","",97,1,"","","","","","","","","","","","","","","","","","","","","","","","","","","","","","","","","","","","","","","","","","","","","","","","","","","","","","","","","","","","","","","","","","","","","","","","","","","","","","","","","","","","","","","","","","","","","","","","","","",0,1,"","","","","","","","","","","","","","","","","","","","","","","","","","","","","",""
"61328002","LE PIN-AU-HARAS -INRAE",48.735833,0.128167,176,2002121420,0.,1,"","","","","","","","","","","","","","","","","","","","","","","","","","","","","","","","","","",7.,1,"","","","","","","","","","","","","","","","","","","","","","","","","","","","",98,1,"","","","","","","","","","","","","","","","","","","","","","","","","","","","","","","","","","","","","","","","","","","","","","","","","","","","","","","","","","","","","","","","","","","","","","","","","","","","","","","","","","","","","","","","","","","","","","","","","","",0,1,"","","","","","","","","","","","","","","","","","","","","","","","","","","","","",""
"61328002","LE PIN-AU-HARAS -INRAE",48.735833,0.128167,176,2002121421,0.5,1,"","","","","","","","","","","","","","","","","","","","","","","","","","","","","","","","","","",8.5,1,"","","","","","","","","","","","","","","","","","","","","","","","","","","","",99,1,"","","","","","","","","","","","","","","","","","","","","","","","","","","","","","","","","","","","","","","","","","","","","","","","","","","","","","","","","","","","","","","","","","","","","","","","","","","","","","","","","","","","","","","","","","","","","","","","","","",0,1,"","","","","","","","","","","","","","","","","","","","","","","","","","","","","",""
"61328002","LE PIN-AU-HARAS -INRAE",48.735833,0.128167,176,2002121422,0.,1,"","","","","","","","","","","","","","","","","","","","","","","","","","","","","","","","","","",8.3,1,"","","","","","","","","","","","","","","","","","","","","","","","","","","","",95,1,"","","","","","","","","","","","","","","","","","","","","","","","","","","","","","","","","","","","","","","","","","","","","","","","","","","","","","","","","","","","","","","","","","","","","","","","","","","","","","","","","","","","","","","","","","","","","","","","","","",0,1,"","","","","","","","","","","","","","","","","","","","","","","","","","","","","",""
"61328002","LE PIN-AU-HARAS -INRAE",48.735833,0.128167,176,2002121423,0.,1,"","","","","","","","","","","","","","","","","","","","","","","","","","","","","","","","","","",9.3,1,"","","","","","","","","","","","","","","","","","","","","","","","","","","","",92,1,"","","","","","","","","","","","","","","","","","","","","","","","","","","","","","","","","","","","","","","","","","","","","","","","","","","","","","","","","","","","","","","","","","","","","","","","","","","","","","","","","","","","","","","","","","","","","","","","","","",0,1,"","","","","","","","","","","","","","","","","","","","","","","","","","","","","",""
"61328002","LE PIN-AU-HARAS -INRAE",48.735833,0.128167,176,2002121500,0.,1,"","","","","","","","","","","","","","","","","","","","","","","","","","","","","","","","","","",9.5,1,"","","","","","","","","","","","","","","","","","","","","","","","","","","","",91,1,"","","","","","","","","","","","","","","","","","","","","","","","","","","","","","","","","","","","","","","","","","","","","","","","","","","","","","","","","","","","","","","","","","","","","","","","","","","","","","","","","","","","","","","","","","","","","","","","","","",0,1,"","","","","","","","","","","","","","","","","","","","","","","","","","","","","",""
"61328002","LE PIN-AU-HARAS -INRAE",48.735833,0.128167,176,2002121501,1.,1,"","","","","","","","","","","","","","","","","","","","","","","","","","","","","","","","","","",9.3,1,"","","","","","","","","","","","","","","","","","","","","","","","","","","","",93,1,"","","","","","","","","","","","","","","","","","","","","","","","","","","","","","","","","","","","","","","","","","","","","","","","","","","","","","","","","","","","","","","","","","","","","","","","","","","","","","","","","","","","","","","","","","","","","","","","","","",0,1,"","","","","","","","","","","","","","","","","","","","","","","","","","","","","",""
"61328002","LE PIN-AU-HARAS -INRAE",48.735833,0.128167,176,2002121502,1.,1,"","","","","","","","","","","","","","","","","","","","","","","","","","","","","","","","","","",9.3,1,"","","","","","","","","","","","","","","","","","","","","","","","","","","","",94,1,"","","","","","","","","","","","","","","","","","","","","","","","","","","","","","","","","","","","","","","","","","","","","","","","","","","","","","","","","","","","","","","","","","","","","","","","","","","","","","","","","","","","","","","","","","","","","","","","","","",0,1,"","","","","","","","","","","","","","","","","","","","","","","","","","","","","",""
"61328002","LE PIN-AU-HARAS -INRAE",48.735833,0.128167,176,2002121503,1.,1,"","","","","","","","","","","","","","","","","","","","","","","","","","","","","","","","","","",9.,1,"","","","","","","","","","","","","","","","","","","","","","","","","","","","",94,1,"","","","","","","","","","","","","","","","","","","","","","","","","","","","","","","","","","","","","","","","","","","","","","","","","","","","","","","","","","","","","","","","","","","","","","","","","","","","","","","","","","","","","","","","","","","","","","","","","","",0,1,"","","","","","","","","","","","","","","","","","","","","","","","","","","","","",""
"61328002","LE PIN-AU-HARAS -INRAE",48.735833,0.128167,176,2002121504,0.5,1,"","","","","","","","","","","","","","","","","","","","","","","","","","","","","","","","","","",9.,1,"","","","","","","","","","","","","","","","","","","","","","","","","","","","",96,1,"","","","","","","","","","","","","","","","","","","","","","","","","","","","","","","","","","","","","","","","","","","","","","","","","","","","","","","","","","","","","","","","","","","","","","","","","","","","","","","","","","","","","","","","","","","","","","","","","","",0,1,"","","","","","","","","","","","","","","","","","","","","","","","","","","","","",""
"61328002","LE PIN-AU-HARAS -INRAE",48.735833,0.128167,176,2002121505,2.,1,"","","","","","","","","","","","","","","","","","","","","","","","","","","","","","","","","","",9.,1,"","","","","","","","","","","","","","","","","","","","","","","","","","","","",97,1,"","","","","","","","","","","","","","","","","","","","","","","","","","","","","","","","","","","","","","","","","","","","","","","","","","","","","","","","","","","","","","","","","","","","","","","","","","","","","","","","","","","","","","","","","","","","","","","","","","",0,1,"","","","","","","","","","","","","","","","","","","","","","","","","","","","","",""
"61328002","LE PIN-AU-HARAS -INRAE",48.735833,0.128167,176,2002121506,1.,1,"","","","","","","","","","","","","","","","","","","","","","","","","","","","","","","","","","",9.7,1,"","","","","","","","","","","","","","","","","","","","","","","","","","","","",96,1,"","","","","","","","","","","","","","","","","","","","","","","","","","","","","","","","","","","","","","","","","","","","","","","","","","","","","","","","","","","","","","","","","","","","","","","","","","","","","","","","","","","","","","","","","","","","","","","","","","",0,1,"","","","","","","","","","","","","","","","","","","","","","","","","","","","","",""
"61328002","LE PIN-AU-HARAS -INRAE",48.735833,0.128167,176,2002121507,0.5,1,"","","","","","","","","","","","","","","","","","","","","","","","","","","","","","","","","","",9.5,1,"","","","","","","","","","","","","","","","","","","","","","","","","","","","",93,1,"","","","","","","","","","","","","","","","","","","","","","","","","","","","","","","","","","","","","","","","","","","","","","","","","","","","","","","","","","","","","","","","","","","","","","","","","","","","","","","","","","","","","","","","","","","","","","","","","","",0,1,"","","","","","","","","","","","","","","","","","","","","","","","","","","","","",""
"61328002","LE PIN-AU-HARAS -INRAE",48.735833,0.128167,176,2002121508,1.,1,"","","","","","","","","","","","","","","","","","","","","","","","","","","","","","","","","","",9.5,1,"","","","","","","","","","","","","","","","","","","","","","","","","","","","",94,1,"","","","","","","","","","","","","","","","","","","","","","","","","","","","","","","","","","","","","","","","","","","","","","","","","","","","","","","","","","","","","","","","","","","","","","","","","","","","","","","","","","","","","","","","","","","","","","","","","","",0,1,"","","","","","","","","","","","","","","","","","","","","","","","","","","","","",""
"61328002","LE PIN-AU-HARAS -INRAE",48.735833,0.128167,176,2002121509,0.5,1,"","","","","","","","","","","","","","","","","","","","","","","","","","","","","","","","","","",9.6,1,"","","","","","","","","","","","","","","","","","","","","","","","","","","","",92,1,"","","","","","","","","","","","","","","","","","","","","","","","","","","","","","","","","","","","","","","","","","","","","","","","","","","","","","","","","","","","","","","","","","","","","","","","","","","","","","","","","","","","","","","","","","","","","","","","","","",4,1,"","","","","","","","","","","","","","","","","","","","","","","","","","","","","",""
"61328002","LE PIN-AU-HARAS -INRAE",48.735833,0.128167,176,2002121510,0.,1,"","","","","","","","","","","","","","","","","","","","","","","","","","","","","","","","","","",10.,1,"","","","","","","","","","","","","","","","","","","","","","","","","","","","",85,1,"","","","","","","","","","","","","","","","","","","","","","","","","","","","","","","","","","","","","","","","","","","","","","","","","","","","","","","","","","","","","","","","","","","","","","","","","","","","","","","","","","","","","","","","","","","","","","","","","","",24,1,"","","","","","","","","","","","","","","","","","","","","","","","","","","","","",""
"61328002","LE PIN-AU-HARAS -INRAE",48.735833,0.128167,176,2002121511,0.,1,"","","","","","","","","","","","","","","","","","","","","","","","","","","","","","","","","","",9.6,1,"","","","","","","","","","","","","","","","","","","","","","","","","","","","",84,1,"","","","","","","","","","","","","","","","","","","","","","","","","","","","","","","","","","","","","","","","","","","","","","","","","","","","","","","","","","","","","","","","","","","","","","","","","","","","","","","","","","","","","","","","","","","","","","","","","","",26,1,"","","","","","","","","","","","","","","","","","","","","","","","","","","","","",""
"61328002","LE PIN-AU-HARAS -INRAE",48.735833,0.128167,176,2002121512,0.,1,"","","","","","","","","","","","","","","","","","","","","","","","","","","","","","","","","","",9.3,1,"","","","","","","","","","","","","","","","","","","","","","","","","","","","",86,1,"","","","","","","","","","","","","","","","","","","","","","","","","","","","","","","","","","","","","","","","","","","","","","","","","","","","","","","","","","","","","","","","","","","","","","","","","","","","","","","","","","","","","","","","","","","","","","","","","","",10,1,"","","","","","","","","","","","","","","","","","","","","","","","","","","","","",""
"61328002","LE PIN-AU-HARAS -INRAE",48.735833,0.128167,176,2002121513,0.,1,"","","","","","","","","","","","","","","","","","","","","","","","","","","","","","","","","","",8.4,1,"","","","","","","","","","","","","","","","","","","","","","","","","","","","",92,1,"","","","","","","","","","","","","","","","","","","","","","","","","","","","","","","","","","","","","","","","","","","","","","","","","","","","","","","","","","","","","","","","","","","","","","","","","","","","","","","","","","","","","","","","","","","","","","","","","","",4,1,"","","","","","","","","","","","","","","","","","","","","","","","","","","","","",""
"61328002","LE PIN-AU-HARAS -INRAE",48.735833,0.128167,176,2002121514,0.,1,"","","","","","","","","","","","","","","","","","","","","","","","","","","","","","","","","","",7.9,1,"","","","","","","","","","","","","","","","","","","","","","","","","","","","",91,1,"","","","","","","","","","","","","","","","","","","","","","","","","","","","","","","","","","","","","","","","","","","","","","","","","","","","","","","","","","","","","","","","","","","","","","","","","","","","","","","","","","","","","","","","","","","","","","","","","","",6,1,"","","","","","","","","","","","","","","","","","","","","","","","","","","","","",""
"61328002","LE PIN-AU-HARAS -INRAE",48.735833,0.128167,176,2002121515,0.,1,"","","","","","","","","","","","","","","","","","","","","","","","","","","","","","","","","","",8.2,1,"","","","","","","","","","","","","","","","","","","","","","","","","","","","",82,1,"","","","","","","","","","","","","","","","","","","","","","","","","","","","","","","","","","","","","","","","","","","","","","","","","","","","","","","","","","","","","","","","","","","","","","","","","","","","","","","","","","","","","","","","","","","","","","","","","","",8,1,"","","","","","","","","","","","","","","","","","","","","","","","","","","","","",""
"61328002","LE PIN-AU-HARAS -INRAE",48.735833,0.128167,176,2002121516,0.,1,"","","","","","","","","","","","","","","","","","","","","","","","","","","","","","","","","","",7.8,1,"","","","","","","","","","","","","","","","","","","","","","","","","","","","",84,1,"","","","","","","","","","","","","","","","","","","","","","","","","","","","","","","","","","","","","","","","","","","","","","","","","","","","","","","","","","","","","","","","","","","","","","","","","","","","","","","","","","","","","","","","","","","","","","","","","","",4,1,"","","","","","","","","","","","","","","","","","","","","","","","","","","","","",""
"61328002","LE PIN-AU-HARAS -INRAE",48.735833,0.128167,176,2002121517,0.,1,"","","","","","","","","","","","","","","","","","","","","","","","","","","","","","","","","","",7.5,1,"","","","","","","","","","","","","","","","","","","","","","","","","","","","",89,1,"","","","","","","","","","","","","","","","","","","","","","","","","","","","","","","","","","","","","","","","","","","","","","","","","","","","","","","","","","","","","","","","","","","","","","","","","","","","","","","","","","","","","","","","","","","","","","","","","","",0,1,"","","","","","","","","","","","","","","","","","","","","","","","","","","","","",""
"61328002","LE PIN-AU-HARAS -INRAE",48.735833,0.128167,176,2002121518,0.,1,"","","","","","","","","","","","","","","","","","","","","","","","","","","","","","","","","","",7.5,1,"","","","","","","","","","","","","","","","","","","","","","","","","","","","",89,1,"","","","","","","","","","","","","","","","","","","","","","","","","","","","","","","","","","","","","","","","","","","","","","","","","","","","","","","","","","","","","","","","","","","","","","","","","","","","","","","","","","","","","","","","","","","","","","","","","","",0,1,"","","","","","","","","","","","","","","","","","","","","","","","","","","","","",""
"61328002","LE PIN-AU-HARAS -INRAE",48.735833,0.128167,176,2002121519,0.,1,"","","","","","","","","","","","","","","","","","","","","","","","","","","","","","","","","","",7.2,1,"","","","","","","","","","","","","","","","","","","","","","","","","","","","",92,1,"","","","","","","","","","","","","","","","","","","","","","","","","","","","","","","","","","","","","","","","","","","","","","","","","","","","","","","","","","","","","","","","","","","","","","","","","","","","","","","","","","","","","","","","","","","","","","","","","","",0,1,"","","","","","","","","","","","","","","","","","","","","","","","","","","","","",""
"61328002","LE PIN-AU-HARAS -INRAE",48.735833,0.128167,176,2002121520,0.,1,"","","","","","","","","","","","","","","","","","","","","","","","","","","","","","","","","","",7.1,1,"","","","","","","","","","","","","","","","","","","","","","","","","","","","",90,1,"","","","","","","","","","","","","","","","","","","","","","","","","","","","","","","","","","","","","","","","","","","","","","","","","","","","","","","","","","","","","","","","","","","","","","","","","","","","","","","","","","","","","","","","","","","","","","","","","","",0,1,"","","","","","","","","","","","","","","","","","","","","","","","","","","","","",""
"61328002","LE PIN-AU-HARAS -INRAE",48.735833,0.128167,176,2002121521,0.,1,"","","","","","","","","","","","","","","","","","","","","","","","","","","","","","","","","","",7.2,1,"","","","","","","","","","","","","","","","","","","","","","","","","","","","",90,1,"","","","","","","","","","","","","","","","","","","","","","","","","","","","","","","","","","","","","","","","","","","","","","","","","","","","","","","","","","","","","","","","","","","","","","","","","","","","","","","","","","","","","","","","","","","","","","","","","","",0,1,"","","","","","","","","","","","","","","","","","","","","","","","","","","","","",""
"61328002","LE PIN-AU-HARAS -INRAE",48.735833,0.128167,176,2002121522,0.,1,"","","","","","","","","","","","","","","","","","","","","","","","","","","","","","","","","","",6.9,1,"","","","","","","","","","","","","","","","","","","","","","","","","","","","",90,1,"","","","","","","","","","","","","","","","","","","","","","","","","","","","","","","","","","","","","","","","","","","","","","","","","","","","","","","","","","","","","","","","","","","","","","","","","","","","","","","","","","","","","","","","","","","","","","","","","","",0,1,"","","","","","","","","","","","","","","","","","","","","","","","","","","","","",""
"61328002","LE PIN-AU-HARAS -INRAE",48.735833,0.128167,176,2002121523,0.,1,"","","","","","","","","","","","","","","","","","","","","","","","","","","","","","","","","","",6.6,1,"","","","","","","","","","","","","","","","","","","","","","","","","","","","",90,1,"","","","","","","","","","","","","","","","","","","","","","","","","","","","","","","","","","","","","","","","","","","","","","","","","","","","","","","","","","","","","","","","","","","","","","","","","","","","","","","","","","","","","","","","","","","","","","","","","","",0,1,"","","","","","","","","","","","","","","","","","","","","","","","","","","","","",""
"61328002","LE PIN-AU-HARAS -INRAE",48.735833,0.128167,176,2002121600,0.,1,"","","","","","","","","","","","","","","","","","","","","","","","","","","","","","","","","","",6.3,1,"","","","","","","","","","","","","","","","","","","","","","","","","","","","",93,1,"","","","","","","","","","","","","","","","","","","","","","","","","","","","","","","","","","","","","","","","","","","","","","","","","","","","","","","","","","","","","","","","","","","","","","","","","","","","","","","","","","","","","","","","","","","","","","","","","","",0,1,"","","","","","","","","","","","","","","","","","","","","","","","","","","","","",""
"61328002","LE PIN-AU-HARAS -INRAE",48.735833,0.128167,176,2002121601,0.,1,"","","","","","","","","","","","","","","","","","","","","","","","","","","","","","","","","","",5.7,1,"","","","","","","","","","","","","","","","","","","","","","","","","","","","",93,1,"","","","","","","","","","","","","","","","","","","","","","","","","","","","","","","","","","","","","","","","","","","","","","","","","","","","","","","","","","","","","","","","","","","","","","","","","","","","","","","","","","","","","","","","","","","","","","","","","","",0,1,"","","","","","","","","","","","","","","","","","","","","","","","","","","","","",""
"61328002","LE PIN-AU-HARAS -INRAE",48.735833,0.128167,176,2002121602,0.,1,"","","","","","","","","","","","","","","","","","","","","","","","","","","","","","","","","","",6.,1,"","","","","","","","","","","","","","","","","","","","","","","","","","","","",94,1,"","","","","","","","","","","","","","","","","","","","","","","","","","","","","","","","","","","","","","","","","","","","","","","","","","","","","","","","","","","","","","","","","","","","","","","","","","","","","","","","","","","","","","","","","","","","","","","","","","",0,1,"","","","","","","","","","","","","","","","","","","","","","","","","","","","","",""
"61328002","LE PIN-AU-HARAS -INRAE",48.735833,0.128167,176,2002121603,0.,1,"","","","","","","","","","","","","","","","","","","","","","","","","","","","","","","","","","",5.9,1,"","","","","","","","","","","","","","","","","","","","","","","","","","","","",92,1,"","","","","","","","","","","","","","","","","","","","","","","","","","","","","","","","","","","","","","","","","","","","","","","","","","","","","","","","","","","","","","","","","","","","","","","","","","","","","","","","","","","","","","","","","","","","","","","","","","",0,1,"","","","","","","","","","","","","","","","","","","","","","","","","","","","","",""
"61328002","LE PIN-AU-HARAS -INRAE",48.735833,0.128167,176,2002121604,0.,1,"","","","","","","","","","","","","","","","","","","","","","","","","","","","","","","","","","",5.1,1,"","","","","","","","","","","","","","","","","","","","","","","","","","","","",94,1,"","","","","","","","","","","","","","","","","","","","","","","","","","","","","","","","","","","","","","","","","","","","","","","","","","","","","","","","","","","","","","","","","","","","","","","","","","","","","","","","","","","","","","","","","","","","","","","","","","",0,1,"","","","","","","","","","","","","","","","","","","","","","","","","","","","","",""
"61328002","LE PIN-AU-HARAS -INRAE",48.735833,0.128167,176,2002121605,0.,1,"","","","","","","","","","","","","","","","","","","","","","","","","","","","","","","","","","",3.8,1,"","","","","","","","","","","","","","","","","","","","","","","","","","","","",96,1,"","","","","","","","","","","","","","","","","","","","","","","","","","","","","","","","","","","","","","","","","","","","","","","","","","","","","","","","","","","","","","","","","","","","","","","","","","","","","","","","","","","","","","","","","","","","","","","","","","",0,1,"","","","","","","","","","","","","","","","","","","","","","","","","","","","","",""
"61328002","LE PIN-AU-HARAS -INRAE",48.735833,0.128167,176,2002121606,0.,1,"","","","","","","","","","","","","","","","","","","","","","","","","","","","","","","","","","",4.4,1,"","","","","","","","","","","","","","","","","","","","","","","","","","","","",98,1,"","","","","","","","","","","","","","","","","","","","","","","","","","","","","","","","","","","","","","","","","","","","","","","","","","","","","","","","","","","","","","","","","","","","","","","","","","","","","","","","","","","","","","","","","","","","","","","","","","",0,1,"","","","","","","","","","","","","","","","","","","","","","","","","","","","","",""
"61328002","LE PIN-AU-HARAS -INRAE",48.735833,0.128167,176,2002121607,0.,1,"","","","","","","","","","","","","","","","","","","","","","","","","","","","","","","","","","",4.5,1,"","","","","","","","","","","","","","","","","","","","","","","","","","","","",98,1,"","","","","","","","","","","","","","","","","","","","","","","","","","","","","","","","","","","","","","","","","","","","","","","","","","","","","","","","","","","","","","","","","","","","","","","","","","","","","","","","","","","","","","","","","","","","","","","","","","",0,1,"","","","","","","","","","","","","","","","","","","","","","","","","","","","","",""
"61328002","LE PIN-AU-HARAS -INRAE",48.735833,0.128167,176,2002121608,0.,1,"","","","","","","","","","","","","","","","","","","","","","","","","","","","","","","","","","",4.7,1,"","","","","","","","","","","","","","","","","","","","","","","","","","","","",99,1,"","","","","","","","","","","","","","","","","","","","","","","","","","","","","","","","","","","","","","","","","","","","","","","","","","","","","","","","","","","","","","","","","","","","","","","","","","","","","","","","","","","","","","","","","","","","","","","","","","",0,1,"","","","","","","","","","","","","","","","","","","","","","","","","","","","","",""
"61328002","LE PIN-AU-HARAS -INRAE",48.735833,0.128167,176,2002121609,0.5,1,"","","","","","","","","","","","","","","","","","","","","","","","","","","","","","","","","","",5.4,1,"","","","","","","","","","","","","","","","","","","","","","","","","","","","",99,1,"","","","","","","","","","","","","","","","","","","","","","","","","","","","","","","","","","","","","","","","","","","","","","","","","","","","","","","","","","","","","","","","","","","","","","","","","","","","","","","","","","","","","","","","","","","","","","","","","","",4,1,"","","","","","","","","","","","","","","","","","","","","","","","","","","","","",""
"61328002","LE PIN-AU-HARAS -INRAE",48.735833,0.128167,176,2002121610,0.,1,"","","","","","","","","","","","","","","","","","","","","","","","","","","","","","","","","","",6.2,1,"","","","","","","","","","","","","","","","","","","","","","","","","","","","",100,1,"","","","","","","","","","","","","","","","","","","","","","","","","","","","","","","","","","","","","","","","","","","","","","","","","","","","","","","","","","","","","","","","","","","","","","","","","","","","","","","","","","","","","","","","","","","","","","","","","","",12,1,"","","","","","","","","","","","","","","","","","","","","","","","","","","","","",""
"61328002","LE PIN-AU-HARAS -INRAE",48.735833,0.128167,176,2002121611,0.,1,"","","","","","","","","","","","","","","","","","","","","","","","","","","","","","","","","","",7.2,1,"","","","","","","","","","","","","","","","","","","","","","","","","","","","",100,1,"","","","","","","","","","","","","","","","","","","","","","","","","","","","","","","","","","","","","","","","","","","","","","","","","","","","","","","","","","","","","","","","","","","","","","","","","","","","","","","","","","","","","","","","","","","","","","","","","","",28,1,"","","","","","","","","","","","","","","","","","","","","","","","","","","","","",""
"61328002","LE PIN-AU-HARAS -INRAE",48.735833,0.128167,176,2002121612,0.,1,"","","","","","","","","","","","","","","","","","","","","","","","","","","","","","","","","","",7.9,1,"","","","","","","","","","","","","","","","","","","","","","","","","","","","",100,1,"","","","","","","","","","","","","","","","","","","","","","","","","","","","","","","","","","","","","","","","","","","","","","","","","","","","","","","","","","","","","","","","","","","","","","","","","","","","","","","","","","","","","","","","","","","","","","","","","","",30,1,"","","","","","","","","","","","","","","","","","","","","","","","","","","","","",""
"61328002","LE PIN-AU-HARAS -INRAE",48.735833,0.128167,176,2002121613,0.,1,"","","","","","","","","","","","","","","","","","","","","","","","","","","","","","","","","","",8.3,1,"","","","","","","","","","","","","","","","","","","","","","","","","","","","",99,1,"","","","","","","","","","","","","","","","","","","","","","","","","","","","","","","","","","","","","","","","","","","","","","","","","","","","","","","","","","","","","","","","","","","","","","","","","","","","","","","","","","","","","","","","","","","","","","","","","","",30,1,"","","","","","","","","","","","","","","","","","","","","","","","","","","","","",""
"61328002","LE PIN-AU-HARAS -INRAE",48.735833,0.128167,176,2002121614,0.,1,"","","","","","","","","","","","","","","","","","","","","","","","","","","","","","","","","","",8.2,1,"","","","","","","","","","","","","","","","","","","","","","","","","","","","",98,1,"","","","","","","","","","","","","","","","","","","","","","","","","","","","","","","","","","","","","","","","","","","","","","","","","","","","","","","","","","","","","","","","","","","","","","","","","","","","","","","","","","","","","","","","","","","","","","","","","","",10,1,"","","","","","","","","","","","","","","","","","","","","","","","","","","","","",""
"61328002","LE PIN-AU-HARAS -INRAE",48.735833,0.128167,176,2002121615,0.,1,"","","","","","","","","","","","","","","","","","","","","","","","","","","","","","","","","","",8.2,1,"","","","","","","","","","","","","","","","","","","","","","","","","","","","",98,1,"","","","","","","","","","","","","","","","","","","","","","","","","","","","","","","","","","","","","","","","","","","","","","","","","","","","","","","","","","","","","","","","","","","","","","","","","","","","","","","","","","","","","","","","","","","","","","","","","","",10,1,"","","","","","","","","","","","","","","","","","","","","","","","","","","","","",""
"61328002","LE PIN-AU-HARAS -INRAE",48.735833,0.128167,176,2002121616,0.5,1,"","","","","","","","","","","","","","","","","","","","","","","","","","","","","","","","","","",7.4,1,"","","","","","","","","","","","","","","","","","","","","","","","","","","","",98,1,"","","","","","","","","","","","","","","","","","","","","","","","","","","","","","","","","","","","","","","","","","","","","","","","","","","","","","","","","","","","","","","","","","","","","","","","","","","","","","","","","","","","","","","","","","","","","","","","","","",2,1,"","","","","","","","","","","","","","","","","","","","","","","","","","","","","",""
"61328002","LE PIN-AU-HARAS -INRAE",48.735833,0.128167,176,2002121617,0.5,1,"","","","","","","","","","","","","","","","","","","","","","","","","","","","","","","","","","",7.,1,"","","","","","","","","","","","","","","","","","","","","","","","","","","","",99,1,"","","","","","","","","","","","","","","","","","","","","","","","","","","","","","","","","","","","","","","","","","","","","","","","","","","","","","","","","","","","","","","","","","","","","","","","","","","","","","","","","","","","","","","","","","","","","","","","","","",0,1,"","","","","","","","","","","","","","","","","","","","","","","","","","","","","",""
"61328002","LE PIN-AU-HARAS -INRAE",48.735833,0.128167,176,2002121618,0.,1,"","","","","","","","","","","","","","","","","","","","","","","","","","","","","","","","","","",6.7,1,"","","","","","","","","","","","","","","","","","","","","","","","","","","","",100,1,"","","","","","","","","","","","","","","","","","","","","","","","","","","","","","","","","","","","","","","","","","","","","","","","","","","","","","","","","","","","","","","","","","","","","","","","","","","","","","","","","","","","","","","","","","","","","","","","","","",0,1,"","","","","","","","","","","","","","","","","","","","","","","","","","","","","",""
"61328002","LE PIN-AU-HARAS -INRAE",48.735833,0.128167,176,2002121619,1.,1,"","","","","","","","","","","","","","","","","","","","","","","","","","","","","","","","","","",6.5,1,"","","","","","","","","","","","","","","","","","","","","","","","","","","","",100,1,"","","","","","","","","","","","","","","","","","","","","","","","","","","","","","","","","","","","","","","","","","","","","","","","","","","","","","","","","","","","","","","","","","","","","","","","","","","","","","","","","","","","","","","","","","","","","","","","","","",0,1,"","","","","","","","","","","","","","","","","","","","","","","","","","","","","",""
"61328002","LE PIN-AU-HARAS -INRAE",48.735833,0.128167,176,2002121620,0.5,1,"","","","","","","","","","","","","","","","","","","","","","","","","","","","","","","","","","",6.2,1,"","","","","","","","","","","","","","","","","","","","","","","","","","","","",100,1,"","","","","","","","","","","","","","","","","","","","","","","","","","","","","","","","","","","","","","","","","","","","","","","","","","","","","","","","","","","","","","","","","","","","","","","","","","","","","","","","","","","","","","","","","","","","","","","","","","",0,1,"","","","","","","","","","","","","","","","","","","","","","","","","","","","","",""
"61328002","LE PIN-AU-HARAS -INRAE",48.735833,0.128167,176,2002121621,0.,1,"","","","","","","","","","","","","","","","","","","","","","","","","","","","","","","","","","",6.3,1,"","","","","","","","","","","","","","","","","","","","","","","","","","","","",100,1,"","","","","","","","","","","","","","","","","","","","","","","","","","","","","","","","","","","","","","","","","","","","","","","","","","","","","","","","","","","","","","","","","","","","","","","","","","","","","","","","","","","","","","","","","","","","","","","","","","",0,1,"","","","","","","","","","","","","","","","","","","","","","","","","","","","","",""
"61328002","LE PIN-AU-HARAS -INRAE",48.735833,0.128167,176,2002121622,0.,1,"","","","","","","","","","","","","","","","","","","","","","","","","","","","","","","","","","",6.1,1,"","","","","","","","","","","","","","","","","","","","","","","","","","","","",100,1,"","","","","","","","","","","","","","","","","","","","","","","","","","","","","","","","","","","","","","","","","","","","","","","","","","","","","","","","","","","","","","","","","","","","","","","","","","","","","","","","","","","","","","","","","","","","","","","","","","",0,1,"","","","","","","","","","","","","","","","","","","","","","","","","","","","","",""
"61328002","LE PIN-AU-HARAS -INRAE",48.735833,0.128167,176,2002121623,0.,1,"","","","","","","","","","","","","","","","","","","","","","","","","","","","","","","","","","",6.1,1,"","","","","","","","","","","","","","","","","","","","","","","","","","","","",100,1,"","","","","","","","","","","","","","","","","","","","","","","","","","","","","","","","","","","","","","","","","","","","","","","","","","","","","","","","","","","","","","","","","","","","","","","","","","","","","","","","","","","","","","","","","","","","","","","","","","",0,1,"","","","","","","","","","","","","","","","","","","","","","","","","","","","","",""
"61328002","LE PIN-AU-HARAS -INRAE",48.735833,0.128167,176,2002121700,0.,1,"","","","","","","","","","","","","","","","","","","","","","","","","","","","","","","","","","",6.2,1,"","","","","","","","","","","","","","","","","","","","","","","","","","","","",100,1,"","","","","","","","","","","","","","","","","","","","","","","","","","","","","","","","","","","","","","","","","","","","","","","","","","","","","","","","","","","","","","","","","","","","","","","","","","","","","","","","","","","","","","","","","","","","","","","","","","",0,1,"","","","","","","","","","","","","","","","","","","","","","","","","","","","","",""
"61328002","LE PIN-AU-HARAS -INRAE",48.735833,0.128167,176,2002121701,0.,1,"","","","","","","","","","","","","","","","","","","","","","","","","","","","","","","","","","",6.3,1,"","","","","","","","","","","","","","","","","","","","","","","","","","","","",100,1,"","","","","","","","","","","","","","","","","","","","","","","","","","","","","","","","","","","","","","","","","","","","","","","","","","","","","","","","","","","","","","","","","","","","","","","","","","","","","","","","","","","","","","","","","","","","","","","","","","",0,1,"","","","","","","","","","","","","","","","","","","","","","","","","","","","","",""
"61328002","LE PIN-AU-HARAS -INRAE",48.735833,0.128167,176,2002121702,0.,1,"","","","","","","","","","","","","","","","","","","","","","","","","","","","","","","","","","",6.2,1,"","","","","","","","","","","","","","","","","","","","","","","","","","","","",100,1,"","","","","","","","","","","","","","","","","","","","","","","","","","","","","","","","","","","","","","","","","","","","","","","","","","","","","","","","","","","","","","","","","","","","","","","","","","","","","","","","","","","","","","","","","","","","","","","","","","",0,1,"","","","","","","","","","","","","","","","","","","","","","","","","","","","","",""
"61328002","LE PIN-AU-HARAS -INRAE",48.735833,0.128167,176,2002121703,0.,1,"","","","","","","","","","","","","","","","","","","","","","","","","","","","","","","","","","",5.9,1,"","","","","","","","","","","","","","","","","","","","","","","","","","","","",100,1,"","","","","","","","","","","","","","","","","","","","","","","","","","","","","","","","","","","","","","","","","","","","","","","","","","","","","","","","","","","","","","","","","","","","","","","","","","","","","","","","","","","","","","","","","","","","","","","","","","",0,1,"","","","","","","","","","","","","","","","","","","","","","","","","","","","","",""
"61328002","LE PIN-AU-HARAS -INRAE",48.735833,0.128167,176,2002121704,0.,1,"","","","","","","","","","","","","","","","","","","","","","","","","","","","","","","","","","",5.9,1,"","","","","","","","","","","","","","","","","","","","","","","","","","","","",100,1,"","","","","","","","","","","","","","","","","","","","","","","","","","","","","","","","","","","","","","","","","","","","","","","","","","","","","","","","","","","","","","","","","","","","","","","","","","","","","","","","","","","","","","","","","","","","","","","","","","",0,1,"","","","","","","","","","","","","","","","","","","","","","","","","","","","","",""
"61328002","LE PIN-AU-HARAS -INRAE",48.735833,0.128167,176,2002121705,0.,1,"","","","","","","","","","","","","","","","","","","","","","","","","","","","","","","","","","",5.9,1,"","","","","","","","","","","","","","","","","","","","","","","","","","","","",99,1,"","","","","","","","","","","","","","","","","","","","","","","","","","","","","","","","","","","","","","","","","","","","","","","","","","","","","","","","","","","","","","","","","","","","","","","","","","","","","","","","","","","","","","","","","","","","","","","","","","",0,1,"","","","","","","","","","","","","","","","","","","","","","","","","","","","","",""
"61328002","LE PIN-AU-HARAS -INRAE",48.735833,0.128167,176,2002121706,0.,1,"","","","","","","","","","","","","","","","","","","","","","","","","","","","","","","","","","",5.7,1,"","","","","","","","","","","","","","","","","","","","","","","","","","","","",96,1,"","","","","","","","","","","","","","","","","","","","","","","","","","","","","","","","","","","","","","","","","","","","","","","","","","","","","","","","","","","","","","","","","","","","","","","","","","","","","","","","","","","","","","","","","","","","","","","","","","",0,1,"","","","","","","","","","","","","","","","","","","","","","","","","","","","","",""
"61328002","LE PIN-AU-HARAS -INRAE",48.735833,0.128167,176,2002121707,0.,1,"","","","","","","","","","","","","","","","","","","","","","","","","","","","","","","","","","",5.4,1,"","","","","","","","","","","","","","","","","","","","","","","","","","","","",97,1,"","","","","","","","","","","","","","","","","","","","","","","","","","","","","","","","","","","","","","","","","","","","","","","","","","","","","","","","","","","","","","","","","","","","","","","","","","","","","","","","","","","","","","","","","","","","","","","","","","",0,1,"","","","","","","","","","","","","","","","","","","","","","","","","","","","","",""
"61328002","LE PIN-AU-HARAS -INRAE",48.735833,0.128167,176,2002121708,0.,1,"","","","","","","","","","","","","","","","","","","","","","","","","","","","","","","","","","",5.4,1,"","","","","","","","","","","","","","","","","","","","","","","","","","","","",98,1,"","","","","","","","","","","","","","","","","","","","","","","","","","","","","","","","","","","","","","","","","","","","","","","","","","","","","","","","","","","","","","","","","","","","","","","","","","","","","","","","","","","","","","","","","","","","","","","","","","",0,1,"","","","","","","","","","","","","","","","","","","","","","","","","","","","","",""
"61328002","LE PIN-AU-HARAS -INRAE",48.735833,0.128167,176,2002121709,0.,1,"","","","","","","","","","","","","","","","","","","","","","","","","","","","","","","","","","",5.8,1,"","","","","","","","","","","","","","","","","","","","","","","","","","","","",97,1,"","","","","","","","","","","","","","","","","","","","","","","","","","","","","","","","","","","","","","","","","","","","","","","","","","","","","","","","","","","","","","","","","","","","","","","","","","","","","","","","","","","","","","","","","","","","","","","","","","",6,1,"","","","","","","","","","","","","","","","","","","","","","","","","","","","","",""
"61328002","LE PIN-AU-HARAS -INRAE",48.735833,0.128167,176,2002121710,0.,1,"","","","","","","","","","","","","","","","","","","","","","","","","","","","","","","","","","",6.1,1,"","","","","","","","","","","","","","","","","","","","","","","","","","","","",91,1,"","","","","","","","","","","","","","","","","","","","","","","","","","","","","","","","","","","","","","","","","","","","","","","","","","","","","","","","","","","","","","","","","","","","","","","","","","","","","","","","","","","","","","","","","","","","","","","","","","",8,1,"","","","","","","","","","","","","","","","","","","","","","","","","","","","","",""
"61328002","LE PIN-AU-HARAS -INRAE",48.735833,0.128167,176,2002121711,0.,1,"","","","","","","","","","","","","","","","","","","","","","","","","","","","","","","","","","",6.1,1,"","","","","","","","","","","","","","","","","","","","","","","","","","","","",93,1,"","","","","","","","","","","","","","","","","","","","","","","","","","","","","","","","","","","","","","","","","","","","","","","","","","","","","","","","","","","","","","","","","","","","","","","","","","","","","","","","","","","","","","","","","","","","","","","","","","",14,1,"","","","","","","","","","","","","","","","","","","","","","","","","","","","","",""
"61328002","LE PIN-AU-HARAS -INRAE",48.735833,0.128167,176,2002121712,0.,1,"","","","","","","","","","","","","","","","","","","","","","","","","","","","","","","","","","",6.5,1,"","","","","","","","","","","","","","","","","","","","","","","","","","","","",91,1,"","","","","","","","","","","","","","","","","","","","","","","","","","","","","","","","","","","","","","","","","","","","","","","","","","","","","","","","","","","","","","","","","","","","","","","","","","","","","","","","","","","","","","","","","","","","","","","","","","",28,1,"","","","","","","","","","","","","","","","","","","","","","","","","","","","","",""
"61328002","LE PIN-AU-HARAS -INRAE",48.735833,0.128167,176,2002121713,0.,1,"","","","","","","","","","","","","","","","","","","","","","","","","","","","","","","","","","",6.3,1,"","","","","","","","","","","","","","","","","","","","","","","","","","","","",89,1,"","","","","","","","","","","","","","","","","","","","","","","","","","","","","","","","","","","","","","","","","","","","","","","","","","","","","","","","","","","","","","","","","","","","","","","","","","","","","","","","","","","","","","","","","","","","","","","","","","",24,1,"","","","","","","","","","","","","","","","","","","","","","","","","","","","","",""
"61328002","LE PIN-AU-HARAS -INRAE",48.735833,0.128167,176,2002121714,0.,1,"","","","","","","","","","","","","","","","","","","","","","","","","","","","","","","","","","",6.,1,"","","","","","","","","","","","","","","","","","","","","","","","","","","","",86,1,"","","","","","","","","","","","","","","","","","","","","","","","","","","","","","","","","","","","","","","","","","","","","","","","","","","","","","","","","","","","","","","","","","","","","","","","","","","","","","","","","","","","","","","","","","","","","","","","","","",12,1,"","","","","","","","","","","","","","","","","","","","","","","","","","","","","",""
"61328002","LE PIN-AU-HARAS -INRAE",48.735833,0.128167,176,2002121715,0.,1,"","","","","","","","","","","","","","","","","","","","","","","","","","","","","","","","","","",5.7,1,"","","","","","","","","","","","","","","","","","","","","","","","","","","","",84,1,"","","","","","","","","","","","","","","","","","","","","","","","","","","","","","","","","","","","","","","","","","","","","","","","","","","","","","","","","","","","","","","","","","","","","","","","","","","","","","","","","","","","","","","","","","","","","","","","","","",14,1,"","","","","","","","","","","","","","","","","","","","","","","","","","","","","",""
"61328002","LE PIN-AU-HARAS -INRAE",48.735833,0.128167,176,2002121716,0.,1,"","","","","","","","","","","","","","","","","","","","","","","","","","","","","","","","","","",5.4,1,"","","","","","","","","","","","","","","","","","","","","","","","","","","","",85,1,"","","","","","","","","","","","","","","","","","","","","","","","","","","","","","","","","","","","","","","","","","","","","","","","","","","","","","","","","","","","","","","","","","","","","","","","","","","","","","","","","","","","","","","","","","","","","","","","","","",4,1,"","","","","","","","","","","","","","","","","","","","","","","","","","","","","",""
"61328002","LE PIN-AU-HARAS -INRAE",48.735833,0.128167,176,2002121717,0.,1,"","","","","","","","","","","","","","","","","","","","","","","","","","","","","","","","","","",4.9,1,"","","","","","","","","","","","","","","","","","","","","","","","","","","","",84,1,"","","","","","","","","","","","","","","","","","","","","","","","","","","","","","","","","","","","","","","","","","","","","","","","","","","","","","","","","","","","","","","","","","","","","","","","","","","","","","","","","","","","","","","","","","","","","","","","","","",0,1,"","","","","","","","","","","","","","","","","","","","","","","","","","","","","",""
"61328002","LE PIN-AU-HARAS -INRAE",48.735833,0.128167,176,2002121718,0.,1,"","","","","","","","","","","","","","","","","","","","","","","","","","","","","","","","","","",4.2,1,"","","","","","","","","","","","","","","","","","","","","","","","","","","","",84,1,"","","","","","","","","","","","","","","","","","","","","","","","","","","","","","","","","","","","","","","","","","","","","","","","","","","","","","","","","","","","","","","","","","","","","","","","","","","","","","","","","","","","","","","","","","","","","","","","","","",0,1,"","","","","","","","","","","","","","","","","","","","","","","","","","","","","",""
"61328002","LE PIN-AU-HARAS -INRAE",48.735833,0.128167,176,2002121719,0.,1,"","","","","","","","","","","","","","","","","","","","","","","","","","","","","","","","","","",3.3,1,"","","","","","","","","","","","","","","","","","","","","","","","","","","","",87,1,"","","","","","","","","","","","","","","","","","","","","","","","","","","","","","","","","","","","","","","","","","","","","","","","","","","","","","","","","","","","","","","","","","","","","","","","","","","","","","","","","","","","","","","","","","","","","","","","","","",0,1,"","","","","","","","","","","","","","","","","","","","","","","","","","","","","",""
"61328002","LE PIN-AU-HARAS -INRAE",48.735833,0.128167,176,2002121720,0.,1,"","","","","","","","","","","","","","","","","","","","","","","","","","","","","","","","","","",2.8,1,"","","","","","","","","","","","","","","","","","","","","","","","","","","","",90,1,"","","","","","","","","","","","","","","","","","","","","","","","","","","","","","","","","","","","","","","","","","","","","","","","","","","","","","","","","","","","","","","","","","","","","","","","","","","","","","","","","","","","","","","","","","","","","","","","","","",0,1,"","","","","","","","","","","","","","","","","","","","","","","","","","","","","",""
"61328002","LE PIN-AU-HARAS -INRAE",48.735833,0.128167,176,2002121721,0.,1,"","","","","","","","","","","","","","","","","","","","","","","","","","","","","","","","","","",2.9,1,"","","","","","","","","","","","","","","","","","","","","","","","","","","","",82,1,"","","","","","","","","","","","","","","","","","","","","","","","","","","","","","","","","","","","","","","","","","","","","","","","","","","","","","","","","","","","","","","","","","","","","","","","","","","","","","","","","","","","","","","","","","","","","","","","","","",0,1,"","","","","","","","","","","","","","","","","","","","","","","","","","","","","",""
"61328002","LE PIN-AU-HARAS -INRAE",48.735833,0.128167,176,2002121722,0.,1,"","","","","","","","","","","","","","","","","","","","","","","","","","","","","","","","","","",2.9,1,"","","","","","","","","","","","","","","","","","","","","","","","","","","","",79,1,"","","","","","","","","","","","","","","","","","","","","","","","","","","","","","","","","","","","","","","","","","","","","","","","","","","","","","","","","","","","","","","","","","","","","","","","","","","","","","","","","","","","","","","","","","","","","","","","","","",0,1,"","","","","","","","","","","","","","","","","","","","","","","","","","","","","",""
"61328002","LE PIN-AU-HARAS -INRAE",48.735833,0.128167,176,2002121723,0.,1,"","","","","","","","","","","","","","","","","","","","","","","","","","","","","","","","","","",2.7,1,"","","","","","","","","","","","","","","","","","","","","","","","","","","","",79,1,"","","","","","","","","","","","","","","","","","","","","","","","","","","","","","","","","","","","","","","","","","","","","","","","","","","","","","","","","","","","","","","","","","","","","","","","","","","","","","","","","","","","","","","","","","","","","","","","","","",0,1,"","","","","","","","","","","","","","","","","","","","","","","","","","","","","",""
"61328002","LE PIN-AU-HARAS -INRAE",48.735833,0.128167,176,2002121800,0.,1,"","","","","","","","","","","","","","","","","","","","","","","","","","","","","","","","","","",2.6,1,"","","","","","","","","","","","","","","","","","","","","","","","","","","","",81,1,"","","","","","","","","","","","","","","","","","","","","","","","","","","","","","","","","","","","","","","","","","","","","","","","","","","","","","","","","","","","","","","","","","","","","","","","","","","","","","","","","","","","","","","","","","","","","","","","","","",0,1,"","","","","","","","","","","","","","","","","","","","","","","","","","","","","",""
"61328002","LE PIN-AU-HARAS -INRAE",48.735833,0.128167,176,2002121801,0.,1,"","","","","","","","","","","","","","","","","","","","","","","","","","","","","","","","","","",2.7,1,"","","","","","","","","","","","","","","","","","","","","","","","","","","","",80,1,"","","","","","","","","","","","","","","","","","","","","","","","","","","","","","","","","","","","","","","","","","","","","","","","","","","","","","","","","","","","","","","","","","","","","","","","","","","","","","","","","","","","","","","","","","","","","","","","","","",0,1,"","","","","","","","","","","","","","","","","","","","","","","","","","","","","",""
"61328002","LE PIN-AU-HARAS -INRAE",48.735833,0.128167,176,2002121802,0.,1,"","","","","","","","","","","","","","","","","","","","","","","","","","","","","","","","","","",1.8,1,"","","","","","","","","","","","","","","","","","","","","","","","","","","","",82,1,"","","","","","","","","","","","","","","","","","","","","","","","","","","","","","","","","","","","","","","","","","","","","","","","","","","","","","","","","","","","","","","","","","","","","","","","","","","","","","","","","","","","","","","","","","","","","","","","","","",0,1,"","","","","","","","","","","","","","","","","","","","","","","","","","","","","",""
"61328002","LE PIN-AU-HARAS -INRAE",48.735833,0.128167,176,2002121803,0.,1,"","","","","","","","","","","","","","","","","","","","","","","","","","","","","","","","","","",1.,1,"","","","","","","","","","","","","","","","","","","","","","","","","","","","",86,1,"","","","","","","","","","","","","","","","","","","","","","","","","","","","","","","","","","","","","","","","","","","","","","","","","","","","","","","","","","","","","","","","","","","","","","","","","","","","","","","","","","","","","","","","","","","","","","","","","","",0,1,"","","","","","","","","","","","","","","","","","","","","","","","","","","","","",""
"61328002","LE PIN-AU-HARAS -INRAE",48.735833,0.128167,176,2002121804,0.,1,"","","","","","","","","","","","","","","","","","","","","","","","","","","","","","","","","","",0.8,1,"","","","","","","","","","","","","","","","","","","","","","","","","","","","",86,1,"","","","","","","","","","","","","","","","","","","","","","","","","","","","","","","","","","","","","","","","","","","","","","","","","","","","","","","","","","","","","","","","","","","","","","","","","","","","","","","","","","","","","","","","","","","","","","","","","","",0,1,"","","","","","","","","","","","","","","","","","","","","","","","","","","","","",""
"61328002","LE PIN-AU-HARAS -INRAE",48.735833,0.128167,176,2002121805,0.,1,"","","","","","","","","","","","","","","","","","","","","","","","","","","","","","","","","","",0.7,1,"","","","","","","","","","","","","","","","","","","","","","","","","","","","",87,1,"","","","","","","","","","","","","","","","","","","","","","","","","","","","","","","","","","","","","","","","","","","","","","","","","","","","","","","","","","","","","","","","","","","","","","","","","","","","","","","","","","","","","","","","","","","","","","","","","","",0,1,"","","","","","","","","","","","","","","","","","","","","","","","","","","","","",""
"61328002","LE PIN-AU-HARAS -INRAE",48.735833,0.128167,176,2002121806,0.,1,"","","","","","","","","","","","","","","","","","","","","","","","","","","","","","","","","","",1.,1,"","","","","","","","","","","","","","","","","","","","","","","","","","","","",87,1,"","","","","","","","","","","","","","","","","","","","","","","","","","","","","","","","","","","","","","","","","","","","","","","","","","","","","","","","","","","","","","","","","","","","","","","","","","","","","","","","","","","","","","","","","","","","","","","","","","",0,1,"","","","","","","","","","","","","","","","","","","","","","","","","","","","","",""
"61328002","LE PIN-AU-HARAS -INRAE",48.735833,0.128167,176,2002121807,0.,1,"","","","","","","","","","","","","","","","","","","","","","","","","","","","","","","","","","",1.3,1,"","","","","","","","","","","","","","","","","","","","","","","","","","","","",85,1,"","","","","","","","","","","","","","","","","","","","","","","","","","","","","","","","","","","","","","","","","","","","","","","","","","","","","","","","","","","","","","","","","","","","","","","","","","","","","","","","","","","","","","","","","","","","","","","","","","",0,1,"","","","","","","","","","","","","","","","","","","","","","","","","","","","","",""
"61328002","LE PIN-AU-HARAS -INRAE",48.735833,0.128167,176,2002121808,0.,1,"","","","","","","","","","","","","","","","","","","","","","","","","","","","","","","","","","",1.5,1,"","","","","","","","","","","","","","","","","","","","","","","","","","","","",85,1,"","","","","","","","","","","","","","","","","","","","","","","","","","","","","","","","","","","","","","","","","","","","","","","","","","","","","","","","","","","","","","","","","","","","","","","","","","","","","","","","","","","","","","","","","","","","","","","","","","",0,1,"","","","","","","","","","","","","","","","","","","","","","","","","","","","","",""
"61328002","LE PIN-AU-HARAS -INRAE",48.735833,0.128167,176,2002121809,0.,1,"","","","","","","","","","","","","","","","","","","","","","","","","","","","","","","","","","",1.7,1,"","","","","","","","","","","","","","","","","","","","","","","","","","","","",86,1,"","","","","","","","","","","","","","","","","","","","","","","","","","","","","","","","","","","","","","","","","","","","","","","","","","","","","","","","","","","","","","","","","","","","","","","","","","","","","","","","","","","","","","","","","","","","","","","","","","",10,1,"","","","","","","","","","","","","","","","","","","","","","","","","","","","","",""
"61328002","LE PIN-AU-HARAS -INRAE",48.735833,0.128167,176,2002121810,0.,1,"","","","","","","","","","","","","","","","","","","","","","","","","","","","","","","","","","",1.8,1,"","","","","","","","","","","","","","","","","","","","","","","","","","","","",85,1,"","","","","","","","","","","","","","","","","","","","","","","","","","","","","","","","","","","","","","","","","","","","","","","","","","","","","","","","","","","","","","","","","","","","","","","","","","","","","","","","","","","","","","","","","","","","","","","","","","",32,1,"","","","","","","","","","","","","","","","","","","","","","","","","","","","","",""
"61328002","LE PIN-AU-HARAS -INRAE",48.735833,0.128167,176,2002121811,0.,1,"","","","","","","","","","","","","","","","","","","","","","","","","","","","","","","","","","",2.5,1,"","","","","","","","","","","","","","","","","","","","","","","","","","","","",83,1,"","","","","","","","","","","","","","","","","","","","","","","","","","","","","","","","","","","","","","","","","","","","","","","","","","","","","","","","","","","","","","","","","","","","","","","","","","","","","","","","","","","","","","","","","","","","","","","","","","",60,1,"","","","","","","","","","","","","","","","","","","","","","","","","","","","","",""
"61328002","LE PIN-AU-HARAS -INRAE",48.735833,0.128167,176,2002121812,0.,1,"","","","","","","","","","","","","","","","","","","","","","","","","","","","","","","","","","",3.7,1,"","","","","","","","","","","","","","","","","","","","","","","","","","","","",79,1,"","","","","","","","","","","","","","","","","","","","","","","","","","","","","","","","","","","","","","","","","","","","","","","","","","","","","","","","","","","","","","","","","","","","","","","","","","","","","","","","","","","","","","","","","","","","","","","","","","",100,1,"","","","","","","","","","","","","","","","","","","","","","","","","","","","","",""
"61328002","LE PIN-AU-HARAS -INRAE",48.735833,0.128167,176,2002121813,0.,1,"","","","","","","","","","","","","","","","","","","","","","","","","","","","","","","","","","",3.5,1,"","","","","","","","","","","","","","","","","","","","","","","","","","","","",78,1,"","","","","","","","","","","","","","","","","","","","","","","","","","","","","","","","","","","","","","","","","","","","","","","","","","","","","","","","","","","","","","","","","","","","","","","","","","","","","","","","","","","","","","","","","","","","","","","","","","",98,1,"","","","","","","","","","","","","","","","","","","","","","","","","","","","","",""
"61328002","LE PIN-AU-HARAS -INRAE",48.735833,0.128167,176,2002121814,0.,1,"","","","","","","","","","","","","","","","","","","","","","","","","","","","","","","","","","",2.7,1,"","","","","","","","","","","","","","","","","","","","","","","","","","","","",82,1,"","","","","","","","","","","","","","","","","","","","","","","","","","","","","","","","","","","","","","","","","","","","","","","","","","","","","","","","","","","","","","","","","","","","","","","","","","","","","","","","","","","","","","","","","","","","","","","","","","",56,1,"","","","","","","","","","","","","","","","","","","","","","","","","","","","","",""
"61328002","LE PIN-AU-HARAS -INRAE",48.735833,0.128167,176,2002121815,0.,1,"","","","","","","","","","","","","","","","","","","","","","","","","","","","","","","","","","",2.2,1,"","","","","","","","","","","","","","","","","","","","","","","","","","","","",84,1,"","","","","","","","","","","","","","","","","","","","","","","","","","","","","","","","","","","","","","","","","","","","","","","","","","","","","","","","","","","","","","","","","","","","","","","","","","","","","","","","","","","","","","","","","","","","","","","","","","",34,1,"","","","","","","","","","","","","","","","","","","","","","","","","","","","","",""
"61328002","LE PIN-AU-HARAS -INRAE",48.735833,0.128167,176,2002121816,0.,1,"","","","","","","","","","","","","","","","","","","","","","","","","","","","","","","","","","",2.6,1,"","","","","","","","","","","","","","","","","","","","","","","","","","","","",84,1,"","","","","","","","","","","","","","","","","","","","","","","","","","","","","","","","","","","","","","","","","","","","","","","","","","","","","","","","","","","","","","","","","","","","","","","","","","","","","","","","","","","","","","","","","","","","","","","","","","",4,1,"","","","","","","","","","","","","","","","","","","","","","","","","","","","","",""
"61328002","LE PIN-AU-HARAS -INRAE",48.735833,0.128167,176,2002121817,0.,1,"","","","","","","","","","","","","","","","","","","","","","","","","","","","","","","","","","",2.5,1,"","","","","","","","","","","","","","","","","","","","","","","","","","","","",83,1,"","","","","","","","","","","","","","","","","","","","","","","","","","","","","","","","","","","","","","","","","","","","","","","","","","","","","","","","","","","","","","","","","","","","","","","","","","","","","","","","","","","","","","","","","","","","","","","","","","",0,1,"","","","","","","","","","","","","","","","","","","","","","","","","","","","","",""
"61328002","LE PIN-AU-HARAS -INRAE",48.735833,0.128167,176,2002121818,0.,1,"","","","","","","","","","","","","","","","","","","","","","","","","","","","","","","","","","",2.5,1,"","","","","","","","","","","","","","","","","","","","","","","","","","","","",84,1,"","","","","","","","","","","","","","","","","","","","","","","","","","","","","","","","","","","","","","","","","","","","","","","","","","","","","","","","","","","","","","","","","","","","","","","","","","","","","","","","","","","","","","","","","","","","","","","","","","",0,1,"","","","","","","","","","","","","","","","","","","","","","","","","","","","","",""
"61328002","LE PIN-AU-HARAS -INRAE",48.735833,0.128167,176,2002121819,0.,1,"","","","","","","","","","","","","","","","","","","","","","","","","","","","","","","","","","",1.9,1,"","","","","","","","","","","","","","","","","","","","","","","","","","","","",84,1,"","","","","","","","","","","","","","","","","","","","","","","","","","","","","","","","","","","","","","","","","","","","","","","","","","","","","","","","","","","","","","","","","","","","","","","","","","","","","","","","","","","","","","","","","","","","","","","","","","",0,1,"","","","","","","","","","","","","","","","","","","","","","","","","","","","","",""
"61328002","LE PIN-AU-HARAS -INRAE",48.735833,0.128167,176,2002121820,0.,1,"","","","","","","","","","","","","","","","","","","","","","","","","","","","","","","","","","",1.7,1,"","","","","","","","","","","","","","","","","","","","","","","","","","","","",85,1,"","","","","","","","","","","","","","","","","","","","","","","","","","","","","","","","","","","","","","","","","","","","","","","","","","","","","","","","","","","","","","","","","","","","","","","","","","","","","","","","","","","","","","","","","","","","","","","","","","",0,1,"","","","","","","","","","","","","","","","","","","","","","","","","","","","","",""
"61328002","LE PIN-AU-HARAS -INRAE",48.735833,0.128167,176,2002121821,0.,1,"","","","","","","","","","","","","","","","","","","","","","","","","","","","","","","","","","",1.7,1,"","","","","","","","","","","","","","","","","","","","","","","","","","","","",85,1,"","","","","","","","","","","","","","","","","","","","","","","","","","","","","","","","","","","","","","","","","","","","","","","","","","","","","","","","","","","","","","","","","","","","","","","","","","","","","","","","","","","","","","","","","","","","","","","","","","",0,1,"","","","","","","","","","","","","","","","","","","","","","","","","","","","","",""
"61328002","LE PIN-AU-HARAS -INRAE",48.735833,0.128167,176,2002121822,0.,1,"","","","","","","","","","","","","","","","","","","","","","","","","","","","","","","","","","",1.5,1,"","","","","","","","","","","","","","","","","","","","","","","","","","","","",85,1,"","","","","","","","","","","","","","","","","","","","","","","","","","","","","","","","","","","","","","","","","","","","","","","","","","","","","","","","","","","","","","","","","","","","","","","","","","","","","","","","","","","","","","","","","","","","","","","","","","",0,1,"","","","","","","","","","","","","","","","","","","","","","","","","","","","","",""
"61328002","LE PIN-AU-HARAS -INRAE",48.735833,0.128167,176,2002121823,0.,1,"","","","","","","","","","","","","","","","","","","","","","","","","","","","","","","","","","",0.7,1,"","","","","","","","","","","","","","","","","","","","","","","","","","","","",87,1,"","","","","","","","","","","","","","","","","","","","","","","","","","","","","","","","","","","","","","","","","","","","","","","","","","","","","","","","","","","","","","","","","","","","","","","","","","","","","","","","","","","","","","","","","","","","","","","","","","",0,1,"","","","","","","","","","","","","","","","","","","","","","","","","","","","","",""
"61328002","LE PIN-AU-HARAS -INRAE",48.735833,0.128167,176,2002121900,0.,1,"","","","","","","","","","","","","","","","","","","","","","","","","","","","","","","","","","",0.2,1,"","","","","","","","","","","","","","","","","","","","","","","","","","","","",87,1,"","","","","","","","","","","","","","","","","","","","","","","","","","","","","","","","","","","","","","","","","","","","","","","","","","","","","","","","","","","","","","","","","","","","","","","","","","","","","","","","","","","","","","","","","","","","","","","","","","",0,1,"","","","","","","","","","","","","","","","","","","","","","","","","","","","","",""
"61328002","LE PIN-AU-HARAS -INRAE",48.735833,0.128167,176,2002121901,0.,1,"","","","","","","","","","","","","","","","","","","","","","","","","","","","","","","","","","",0.2,1,"","","","","","","","","","","","","","","","","","","","","","","","","","","","",87,1,"","","","","","","","","","","","","","","","","","","","","","","","","","","","","","","","","","","","","","","","","","","","","","","","","","","","","","","","","","","","","","","","","","","","","","","","","","","","","","","","","","","","","","","","","","","","","","","","","","",0,1,"","","","","","","","","","","","","","","","","","","","","","","","","","","","","",""
"61328002","LE PIN-AU-HARAS -INRAE",48.735833,0.128167,176,2002121902,0.,1,"","","","","","","","","","","","","","","","","","","","","","","","","","","","","","","","","","",-0.3,1,"","","","","","","","","","","","","","","","","","","","","","","","","","","","",88,1,"","","","","","","","","","","","","","","","","","","","","","","","","","","","","","","","","","","","","","","","","","","","","","","","","","","","","","","","","","","","","","","","","","","","","","","","","","","","","","","","","","","","","","","","","","","","","","","","","","",0,1,"","","","","","","","","","","","","","","","","","","","","","","","","","","","","",""
"61328002","LE PIN-AU-HARAS -INRAE",48.735833,0.128167,176,2002121903,0.,1,"","","","","","","","","","","","","","","","","","","","","","","","","","","","","","","","","","",-0.9,1,"","","","","","","","","","","","","","","","","","","","","","","","","","","","",89,1,"","","","","","","","","","","","","","","","","","","","","","","","","","","","","","","","","","","","","","","","","","","","","","","","","","","","","","","","","","","","","","","","","","","","","","","","","","","","","","","","","","","","","","","","","","","","","","","","","","",0,1,"","","","","","","","","","","","","","","","","","","","","","","","","","","","","",""
"61328002","LE PIN-AU-HARAS -INRAE",48.735833,0.128167,176,2002121904,0.5,1,"","","","","","","","","","","","","","","","","","","","","","","","","","","","","","","","","","",-1.,1,"","","","","","","","","","","","","","","","","","","","","","","","","","","","",91,1,"","","","","","","","","","","","","","","","","","","","","","","","","","","","","","","","","","","","","","","","","","","","","","","","","","","","","","","","","","","","","","","","","","","","","","","","","","","","","","","","","","","","","","","","","","","","","","","","","","",0,1,"","","","","","","","","","","","","","","","","","","","","","","","","","","","","",""
"61328002","LE PIN-AU-HARAS -INRAE",48.735833,0.128167,176,2002121905,0.,1,"","","","","","","","","","","","","","","","","","","","","","","","","","","","","","","","","","",-1.2,1,"","","","","","","","","","","","","","","","","","","","","","","","","","","","",90,1,"","","","","","","","","","","","","","","","","","","","","","","","","","","","","","","","","","","","","","","","","","","","","","","","","","","","","","","","","","","","","","","","","","","","","","","","","","","","","","","","","","","","","","","","","","","","","","","","","","",0,1,"","","","","","","","","","","","","","","","","","","","","","","","","","","","","",""
"61328002","LE PIN-AU-HARAS -INRAE",48.735833,0.128167,176,2002121906,0.,1,"","","","","","","","","","","","","","","","","","","","","","","","","","","","","","","","","","",-1.1,1,"","","","","","","","","","","","","","","","","","","","","","","","","","","","",90,1,"","","","","","","","","","","","","","","","","","","","","","","","","","","","","","","","","","","","","","","","","","","","","","","","","","","","","","","","","","","","","","","","","","","","","","","","","","","","","","","","","","","","","","","","","","","","","","","","","","",0,1,"","","","","","","","","","","","","","","","","","","","","","","","","","","","","",""
"61328002","LE PIN-AU-HARAS -INRAE",48.735833,0.128167,176,2002121907,0.,1,"","","","","","","","","","","","","","","","","","","","","","","","","","","","","","","","","","",-1.,1,"","","","","","","","","","","","","","","","","","","","","","","","","","","","",90,1,"","","","","","","","","","","","","","","","","","","","","","","","","","","","","","","","","","","","","","","","","","","","","","","","","","","","","","","","","","","","","","","","","","","","","","","","","","","","","","","","","","","","","","","","","","","","","","","","","","",0,1,"","","","","","","","","","","","","","","","","","","","","","","","","","","","","",""
"61328002","LE PIN-AU-HARAS -INRAE",48.735833,0.128167,176,2002121908,0.,1,"","","","","","","","","","","","","","","","","","","","","","","","","","","","","","","","","","",-1.2,1,"","","","","","","","","","","","","","","","","","","","","","","","","","","","",90,1,"","","","","","","","","","","","","","","","","","","","","","","","","","","","","","","","","","","","","","","","","","","","","","","","","","","","","","","","","","","","","","","","","","","","","","","","","","","","","","","","","","","","","","","","","","","","","","","","","","",0,1,"","","","","","","","","","","","","","","","","","","","","","","","","","","","","",""
"61328002","LE PIN-AU-HARAS -INRAE",48.735833,0.128167,176,2002121909,0.,1,"","","","","","","","","","","","","","","","","","","","","","","","","","","","","","","","","","",-1.,1,"","","","","","","","","","","","","","","","","","","","","","","","","","","","",89,1,"","","","","","","","","","","","","","","","","","","","","","","","","","","","","","","","","","","","","","","","","","","","","","","","","","","","","","","","","","","","","","","","","","","","","","","","","","","","","","","","","","","","","","","","","","","","","","","","","","",12,1,"","","","","","","","","","","","","","","","","","","","","","","","","","","","","",""
"61328002","LE PIN-AU-HARAS -INRAE",48.735833,0.128167,176,2002121910,0.,1,"","","","","","","","","","","","","","","","","","","","","","","","","","","","","","","","","","",0.4,1,"","","","","","","","","","","","","","","","","","","","","","","","","","","","",85,1,"","","","","","","","","","","","","","","","","","","","","","","","","","","","","","","","","","","","","","","","","","","","","","","","","","","","","","","","","","","","","","","","","","","","","","","","","","","","","","","","","","","","","","","","","","","","","","","","","","",44,1,"","","","","","","","","","","","","","","","","","","","","","","","","","","","","",""
"61328002","LE PIN-AU-HARAS -INRAE",48.735833,0.128167,176,2002121911,0.,1,"","","","","","","","","","","","","","","","","","","","","","","","","","","","","","","","","","",1.4,1,"","","","","","","","","","","","","","","","","","","","","","","","","","","","",83,1,"","","","","","","","","","","","","","","","","","","","","","","","","","","","","","","","","","","","","","","","","","","","","","","","","","","","","","","","","","","","","","","","","","","","","","","","","","","","","","","","","","","","","","","","","","","","","","","","","","",76,1,"","","","","","","","","","","","","","","","","","","","","","","","","","","","","",""
"61328002","LE PIN-AU-HARAS -INRAE",48.735833,0.128167,176,2002121912,0.,1,"","","","","","","","","","","","","","","","","","","","","","","","","","","","","","","","","","",2.9,1,"","","","","","","","","","","","","","","","","","","","","","","","","","","","",80,1,"","","","","","","","","","","","","","","","","","","","","","","","","","","","","","","","","","","","","","","","","","","","","","","","","","","","","","","","","","","","","","","","","","","","","","","","","","","","","","","","","","","","","","","","","","","","","","","","","","",86,1,"","","","","","","","","","","","","","","","","","","","","","","","","","","","","",""
"61328002","LE PIN-AU-HARAS -INRAE",48.735833,0.128167,176,2002121913,0.,1,"","","","","","","","","","","","","","","","","","","","","","","","","","","","","","","","","","",3.8,1,"","","","","","","","","","","","","","","","","","","","","","","","","","","","",78,1,"","","","","","","","","","","","","","","","","","","","","","","","","","","","","","","","","","","","","","","","","","","","","","","","","","","","","","","","","","","","","","","","","","","","","","","","","","","","","","","","","","","","","","","","","","","","","","","","","","",94,1,"","","","","","","","","","","","","","","","","","","","","","","","","","","","","",""
"61328002","LE PIN-AU-HARAS -INRAE",48.735833,0.128167,176,2002121914,0.,1,"","","","","","","","","","","","","","","","","","","","","","","","","","","","","","","","","","",4.3,1,"","","","","","","","","","","","","","","","","","","","","","","","","","","","",77,1,"","","","","","","","","","","","","","","","","","","","","","","","","","","","","","","","","","","","","","","","","","","","","","","","","","","","","","","","","","","","","","","","","","","","","","","","","","","","","","","","","","","","","","","","","","","","","","","","","","",84,1,"","","","","","","","","","","","","","","","","","","","","","","","","","","","","",""
"61328002","LE PIN-AU-HARAS -INRAE",48.735833,0.128167,176,2002121915,0.,1,"","","","","","","","","","","","","","","","","","","","","","","","","","","","","","","","","","",3.3,1,"","","","","","","","","","","","","","","","","","","","","","","","","","","","",79,1,"","","","","","","","","","","","","","","","","","","","","","","","","","","","","","","","","","","","","","","","","","","","","","","","","","","","","","","","","","","","","","","","","","","","","","","","","","","","","","","","","","","","","","","","","","","","","","","","","","",50,1,"","","","","","","","","","","","","","","","","","","","","","","","","","","","","",""
"61328002","LE PIN-AU-HARAS -INRAE",48.735833,0.128167,176,2002121916,0.,1,"","","","","","","","","","","","","","","","","","","","","","","","","","","","","","","","","","",1.5,1,"","","","","","","","","","","","","","","","","","","","","","","","","","","","",86,1,"","","","","","","","","","","","","","","","","","","","","","","","","","","","","","","","","","","","","","","","","","","","","","","","","","","","","","","","","","","","","","","","","","","","","","","","","","","","","","","","","","","","","","","","","","","","","","","","","","",10,1,"","","","","","","","","","","","","","","","","","","","","","","","","","","","","",""
"61328002","LE PIN-AU-HARAS -INRAE",48.735833,0.128167,176,2002121917,0.,1,"","","","","","","","","","","","","","","","","","","","","","","","","","","","","","","","","","",0.1,1,"","","","","","","","","","","","","","","","","","","","","","","","","","","","",90,1,"","","","","","","","","","","","","","","","","","","","","","","","","","","","","","","","","","","","","","","","","","","","","","","","","","","","","","","","","","","","","","","","","","","","","","","","","","","","","","","","","","","","","","","","","","","","","","","","","","",0,1,"","","","","","","","","","","","","","","","","","","","","","","","","","","","","",""
"61328002","LE PIN-AU-HARAS -INRAE",48.735833,0.128167,176,2002121918,0.,1,"","","","","","","","","","","","","","","","","","","","","","","","","","","","","","","","","","",0.,1,"","","","","","","","","","","","","","","","","","","","","","","","","","","","",91,1,"","","","","","","","","","","","","","","","","","","","","","","","","","","","","","","","","","","","","","","","","","","","","","","","","","","","","","","","","","","","","","","","","","","","","","","","","","","","","","","","","","","","","","","","","","","","","","","","","","",0,1,"","","","","","","","","","","","","","","","","","","","","","","","","","","","","",""
"61328002","LE PIN-AU-HARAS -INRAE",48.735833,0.128167,176,2002121919,0.,1,"","","","","","","","","","","","","","","","","","","","","","","","","","","","","","","","","","",-0.2,1,"","","","","","","","","","","","","","","","","","","","","","","","","","","","",92,1,"","","","","","","","","","","","","","","","","","","","","","","","","","","","","","","","","","","","","","","","","","","","","","","","","","","","","","","","","","","","","","","","","","","","","","","","","","","","","","","","","","","","","","","","","","","","","","","","","","",0,1,"","","","","","","","","","","","","","","","","","","","","","","","","","","","","",""
"61328002","LE PIN-AU-HARAS -INRAE",48.735833,0.128167,176,2002121920,0.,1,"","","","","","","","","","","","","","","","","","","","","","","","","","","","","","","","","","",-0.1,1,"","","","","","","","","","","","","","","","","","","","","","","","","","","","",93,1,"","","","","","","","","","","","","","","","","","","","","","","","","","","","","","","","","","","","","","","","","","","","","","","","","","","","","","","","","","","","","","","","","","","","","","","","","","","","","","","","","","","","","","","","","","","","","","","","","","",0,1,"","","","","","","","","","","","","","","","","","","","","","","","","","","","","",""
"61328002","LE PIN-AU-HARAS -INRAE",48.735833,0.128167,176,2002121921,0.,1,"","","","","","","","","","","","","","","","","","","","","","","","","","","","","","","","","","",0.6,1,"","","","","","","","","","","","","","","","","","","","","","","","","","","","",93,1,"","","","","","","","","","","","","","","","","","","","","","","","","","","","","","","","","","","","","","","","","","","","","","","","","","","","","","","","","","","","","","","","","","","","","","","","","","","","","","","","","","","","","","","","","","","","","","","","","","",0,1,"","","","","","","","","","","","","","","","","","","","","","","","","","","","","",""
"61328002","LE PIN-AU-HARAS -INRAE",48.735833,0.128167,176,2002121922,0.,1,"","","","","","","","","","","","","","","","","","","","","","","","","","","","","","","","","","",1.5,1,"","","","","","","","","","","","","","","","","","","","","","","","","","","","",93,1,"","","","","","","","","","","","","","","","","","","","","","","","","","","","","","","","","","","","","","","","","","","","","","","","","","","","","","","","","","","","","","","","","","","","","","","","","","","","","","","","","","","","","","","","","","","","","","","","","","",0,1,"","","","","","","","","","","","","","","","","","","","","","","","","","","","","",""
"61328002","LE PIN-AU-HARAS -INRAE",48.735833,0.128167,176,2002121923,0.,1,"","","","","","","","","","","","","","","","","","","","","","","","","","","","","","","","","","",2.3,1,"","","","","","","","","","","","","","","","","","","","","","","","","","","","",91,1,"","","","","","","","","","","","","","","","","","","","","","","","","","","","","","","","","","","","","","","","","","","","","","","","","","","","","","","","","","","","","","","","","","","","","","","","","","","","","","","","","","","","","","","","","","","","","","","","","","",0,1,"","","","","","","","","","","","","","","","","","","","","","","","","","","","","",""
"61328002","LE PIN-AU-HARAS -INRAE",48.735833,0.128167,176,2002122000,0.,1,"","","","","","","","","","","","","","","","","","","","","","","","","","","","","","","","","","",2.8,1,"","","","","","","","","","","","","","","","","","","","","","","","","","","","",90,1,"","","","","","","","","","","","","","","","","","","","","","","","","","","","","","","","","","","","","","","","","","","","","","","","","","","","","","","","","","","","","","","","","","","","","","","","","","","","","","","","","","","","","","","","","","","","","","","","","","",0,1,"","","","","","","","","","","","","","","","","","","","","","","","","","","","","",""
"61328002","LE PIN-AU-HARAS -INRAE",48.735833,0.128167,176,2002122001,0.,1,"","","","","","","","","","","","","","","","","","","","","","","","","","","","","","","","","","",3.,1,"","","","","","","","","","","","","","","","","","","","","","","","","","","","",89,1,"","","","","","","","","","","","","","","","","","","","","","","","","","","","","","","","","","","","","","","","","","","","","","","","","","","","","","","","","","","","","","","","","","","","","","","","","","","","","","","","","","","","","","","","","","","","","","","","","","",0,1,"","","","","","","","","","","","","","","","","","","","","","","","","","","","","",""
"61328002","LE PIN-AU-HARAS -INRAE",48.735833,0.128167,176,2002122002,0.5,1,"","","","","","","","","","","","","","","","","","","","","","","","","","","","","","","","","","",3.,1,"","","","","","","","","","","","","","","","","","","","","","","","","","","","",91,1,"","","","","","","","","","","","","","","","","","","","","","","","","","","","","","","","","","","","","","","","","","","","","","","","","","","","","","","","","","","","","","","","","","","","","","","","","","","","","","","","","","","","","","","","","","","","","","","","","","",0,1,"","","","","","","","","","","","","","","","","","","","","","","","","","","","","",""
"61328002","LE PIN-AU-HARAS -INRAE",48.735833,0.128167,176,2002122003,0.5,1,"","","","","","","","","","","","","","","","","","","","","","","","","","","","","","","","","","",3.2,1,"","","","","","","","","","","","","","","","","","","","","","","","","","","","",94,1,"","","","","","","","","","","","","","","","","","","","","","","","","","","","","","","","","","","","","","","","","","","","","","","","","","","","","","","","","","","","","","","","","","","","","","","","","","","","","","","","","","","","","","","","","","","","","","","","","","",0,1,"","","","","","","","","","","","","","","","","","","","","","","","","","","","","",""
"61328002","LE PIN-AU-HARAS -INRAE",48.735833,0.128167,176,2002122004,0.,1,"","","","","","","","","","","","","","","","","","","","","","","","","","","","","","","","","","",3.3,1,"","","","","","","","","","","","","","","","","","","","","","","","","","","","",95,1,"","","","","","","","","","","","","","","","","","","","","","","","","","","","","","","","","","","","","","","","","","","","","","","","","","","","","","","","","","","","","","","","","","","","","","","","","","","","","","","","","","","","","","","","","","","","","","","","","","",0,1,"","","","","","","","","","","","","","","","","","","","","","","","","","","","","",""
"61328002","LE PIN-AU-HARAS -INRAE",48.735833,0.128167,176,2002122005,0.,1,"","","","","","","","","","","","","","","","","","","","","","","","","","","","","","","","","","",3.5,1,"","","","","","","","","","","","","","","","","","","","","","","","","","","","",97,1,"","","","","","","","","","","","","","","","","","","","","","","","","","","","","","","","","","","","","","","","","","","","","","","","","","","","","","","","","","","","","","","","","","","","","","","","","","","","","","","","","","","","","","","","","","","","","","","","","","",0,1,"","","","","","","","","","","","","","","","","","","","","","","","","","","","","",""
"61328002","LE PIN-AU-HARAS -INRAE",48.735833,0.128167,176,2002122006,0.,1,"","","","","","","","","","","","","","","","","","","","","","","","","","","","","","","","","","",3.7,1,"","","","","","","","","","","","","","","","","","","","","","","","","","","","",98,1,"","","","","","","","","","","","","","","","","","","","","","","","","","","","","","","","","","","","","","","","","","","","","","","","","","","","","","","","","","","","","","","","","","","","","","","","","","","","","","","","","","","","","","","","","","","","","","","","","","",0,1,"","","","","","","","","","","","","","","","","","","","","","","","","","","","","",""
"61328002","LE PIN-AU-HARAS -INRAE",48.735833,0.128167,176,2002122007,0.,1,"","","","","","","","","","","","","","","","","","","","","","","","","","","","","","","","","","",3.7,1,"","","","","","","","","","","","","","","","","","","","","","","","","","","","",99,1,"","","","","","","","","","","","","","","","","","","","","","","","","","","","","","","","","","","","","","","","","","","","","","","","","","","","","","","","","","","","","","","","","","","","","","","","","","","","","","","","","","","","","","","","","","","","","","","","","","",0,1,"","","","","","","","","","","","","","","","","","","","","","","","","","","","","",""
"61328002","LE PIN-AU-HARAS -INRAE",48.735833,0.128167,176,2002122008,0.,1,"","","","","","","","","","","","","","","","","","","","","","","","","","","","","","","","","","",4.2,1,"","","","","","","","","","","","","","","","","","","","","","","","","","","","",99,1,"","","","","","","","","","","","","","","","","","","","","","","","","","","","","","","","","","","","","","","","","","","","","","","","","","","","","","","","","","","","","","","","","","","","","","","","","","","","","","","","","","","","","","","","","","","","","","","","","","",0,1,"","","","","","","","","","","","","","","","","","","","","","","","","","","","","",""
"61328002","LE PIN-AU-HARAS -INRAE",48.735833,0.128167,176,2002122009,0.,1,"","","","","","","","","","","","","","","","","","","","","","","","","","","","","","","","","","",4.5,1,"","","","","","","","","","","","","","","","","","","","","","","","","","","","",100,1,"","","","","","","","","","","","","","","","","","","","","","","","","","","","","","","","","","","","","","","","","","","","","","","","","","","","","","","","","","","","","","","","","","","","","","","","","","","","","","","","","","","","","","","","","","","","","","","","","","",4,1,"","","","","","","","","","","","","","","","","","","","","","","","","","","","","",""
"61328002","LE PIN-AU-HARAS -INRAE",48.735833,0.128167,176,2002122010,0.,1,"","","","","","","","","","","","","","","","","","","","","","","","","","","","","","","","","","",4.9,1,"","","","","","","","","","","","","","","","","","","","","","","","","","","","",100,1,"","","","","","","","","","","","","","","","","","","","","","","","","","","","","","","","","","","","","","","","","","","","","","","","","","","","","","","","","","","","","","","","","","","","","","","","","","","","","","","","","","","","","","","","","","","","","","","","","","",12,1,"","","","","","","","","","","","","","","","","","","","","","","","","","","","","",""
"61328002","LE PIN-AU-HARAS -INRAE",48.735833,0.128167,176,2002122011,0.,1,"","","","","","","","","","","","","","","","","","","","","","","","","","","","","","","","","","",5.8,1,"","","","","","","","","","","","","","","","","","","","","","","","","","","","",100,1,"","","","","","","","","","","","","","","","","","","","","","","","","","","","","","","","","","","","","","","","","","","","","","","","","","","","","","","","","","","","","","","","","","","","","","","","","","","","","","","","","","","","","","","","","","","","","","","","","","",28,1,"","","","","","","","","","","","","","","","","","","","","","","","","","","","","",""
"61328002","LE PIN-AU-HARAS -INRAE",48.735833,0.128167,176,2002122012,0.,1,"","","","","","","","","","","","","","","","","","","","","","","","","","","","","","","","","","",7.2,1,"","","","","","","","","","","","","","","","","","","","","","","","","","","","",100,1,"","","","","","","","","","","","","","","","","","","","","","","","","","","","","","","","","","","","","","","","","","","","","","","","","","","","","","","","","","","","","","","","","","","","","","","","","","","","","","","","","","","","","","","","","","","","","","","","","","",30,1,"","","","","","","","","","","","","","","","","","","","","","","","","","","","","",""
"61328002","LE PIN-AU-HARAS -INRAE",48.735833,0.128167,176,2002122013,0.,1,"","","","","","","","","","","","","","","","","","","","","","","","","","","","","","","","","","",8.3,1,"","","","","","","","","","","","","","","","","","","","","","","","","","","","",100,1,"","","","","","","","","","","","","","","","","","","","","","","","","","","","","","","","","","","","","","","","","","","","","","","","","","","","","","","","","","","","","","","","","","","","","","","","","","","","","","","","","","","","","","","","","","","","","","","","","","",48,1,"","","","","","","","","","","","","","","","","","","","","","","","","","","","","",""
"61328002","LE PIN-AU-HARAS -INRAE",48.735833,0.128167,176,2002122014,0.,1,"","","","","","","","","","","","","","","","","","","","","","","","","","","","","","","","","","",8.8,1,"","","","","","","","","","","","","","","","","","","","","","","","","","","","",100,1,"","","","","","","","","","","","","","","","","","","","","","","","","","","","","","","","","","","","","","","","","","","","","","","","","","","","","","","","","","","","","","","","","","","","","","","","","","","","","","","","","","","","","","","","","","","","","","","","","","",34,1,"","","","","","","","","","","","","","","","","","","","","","","","","","","","","",""
"61328002","LE PIN-AU-HARAS -INRAE",48.735833,0.128167,176,2002122015,0.,1,"","","","","","","","","","","","","","","","","","","","","","","","","","","","","","","","","","",9.2,1,"","","","","","","","","","","","","","","","","","","","","","","","","","","","",100,1,"","","","","","","","","","","","","","","","","","","","","","","","","","","","","","","","","","","","","","","","","","","","","","","","","","","","","","","","","","","","","","","","","","","","","","","","","","","","","","","","","","","","","","","","","","","","","","","","","","",12,1,"","","","","","","","","","","","","","","","","","","","","","","","","","","","","",""
"61328002","LE PIN-AU-HARAS -INRAE",48.735833,0.128167,176,2002122016,0.,1,"","","","","","","","","","","","","","","","","","","","","","","","","","","","","","","","","","",9.3,1,"","","","","","","","","","","","","","","","","","","","","","","","","","","","",100,1,"","","","","","","","","","","","","","","","","","","","","","","","","","","","","","","","","","","","","","","","","","","","","","","","","","","","","","","","","","","","","","","","","","","","","","","","","","","","","","","","","","","","","","","","","","","","","","","","","","",4,1,"","","","","","","","","","","","","","","","","","","","","","","","","","","","","",""
"61328002","LE PIN-AU-HARAS -INRAE",48.735833,0.128167,176,2002122017,0.,1,"","","","","","","","","","","","","","","","","","","","","","","","","","","","","","","","","","",9.9,1,"","","","","","","","","","","","","","","","","","","","","","","","","","","","",98,1,"","","","","","","","","","","","","","","","","","","","","","","","","","","","","","","","","","","","","","","","","","","","","","","","","","","","","","","","","","","","","","","","","","","","","","","","","","","","","","","","","","","","","","","","","","","","","","","","","","",0,1,"","","","","","","","","","","","","","","","","","","","","","","","","","","","","",""
"61328002","LE PIN-AU-HARAS -INRAE",48.735833,0.128167,176,2002122018,2.,1,"","","","","","","","","","","","","","","","","","","","","","","","","","","","","","","","","","",9.5,1,"","","","","","","","","","","","","","","","","","","","","","","","","","","","",99,1,"","","","","","","","","","","","","","","","","","","","","","","","","","","","","","","","","","","","","","","","","","","","","","","","","","","","","","","","","","","","","","","","","","","","","","","","","","","","","","","","","","","","","","","","","","","","","","","","","","",0,1,"","","","","","","","","","","","","","","","","","","","","","","","","","","","","",""
"61328002","LE PIN-AU-HARAS -INRAE",48.735833,0.128167,176,2002122019,2.5,1,"","","","","","","","","","","","","","","","","","","","","","","","","","","","","","","","","","",9.7,1,"","","","","","","","","","","","","","","","","","","","","","","","","","","","",100,1,"","","","","","","","","","","","","","","","","","","","","","","","","","","","","","","","","","","","","","","","","","","","","","","","","","","","","","","","","","","","","","","","","","","","","","","","","","","","","","","","","","","","","","","","","","","","","","","","","","",0,1,"","","","","","","","","","","","","","","","","","","","","","","","","","","","","",""
"61328002","LE PIN-AU-HARAS -INRAE",48.735833,0.128167,176,2002122020,0.,1,"","","","","","","","","","","","","","","","","","","","","","","","","","","","","","","","","","",11.,1,"","","","","","","","","","","","","","","","","","","","","","","","","","","","",100,1,"","","","","","","","","","","","","","","","","","","","","","","","","","","","","","","","","","","","","","","","","","","","","","","","","","","","","","","","","","","","","","","","","","","","","","","","","","","","","","","","","","","","","","","","","","","","","","","","","","",0,1,"","","","","","","","","","","","","","","","","","","","","","","","","","","","","",""
"61328002","LE PIN-AU-HARAS -INRAE",48.735833,0.128167,176,2002122021,0.,1,"","","","","","","","","","","","","","","","","","","","","","","","","","","","","","","","","","",11.,1,"","","","","","","","","","","","","","","","","","","","","","","","","","","","",100,1,"","","","","","","","","","","","","","","","","","","","","","","","","","","","","","","","","","","","","","","","","","","","","","","","","","","","","","","","","","","","","","","","","","","","","","","","","","","","","","","","","","","","","","","","","","","","","","","","","","",0,1,"","","","","","","","","","","","","","","","","","","","","","","","","","","","","",""
"61328002","LE PIN-AU-HARAS -INRAE",48.735833,0.128167,176,2002122022,0.,1,"","","","","","","","","","","","","","","","","","","","","","","","","","","","","","","","","","",10.9,1,"","","","","","","","","","","","","","","","","","","","","","","","","","","","",100,1,"","","","","","","","","","","","","","","","","","","","","","","","","","","","","","","","","","","","","","","","","","","","","","","","","","","","","","","","","","","","","","","","","","","","","","","","","","","","","","","","","","","","","","","","","","","","","","","","","","",0,1,"","","","","","","","","","","","","","","","","","","","","","","","","","","","","",""
"61328002","LE PIN-AU-HARAS -INRAE",48.735833,0.128167,176,2002122023,0.,1,"","","","","","","","","","","","","","","","","","","","","","","","","","","","","","","","","","",10.8,1,"","","","","","","","","","","","","","","","","","","","","","","","","","","","",99,1,"","","","","","","","","","","","","","","","","","","","","","","","","","","","","","","","","","","","","","","","","","","","","","","","","","","","","","","","","","","","","","","","","","","","","","","","","","","","","","","","","","","","","","","","","","","","","","","","","","",0,1,"","","","","","","","","","","","","","","","","","","","","","","","","","","","","",""
"61328002","LE PIN-AU-HARAS -INRAE",48.735833,0.128167,176,2002122100,0.5,1,"","","","","","","","","","","","","","","","","","","","","","","","","","","","","","","","","","",10.9,1,"","","","","","","","","","","","","","","","","","","","","","","","","","","","",100,1,"","","","","","","","","","","","","","","","","","","","","","","","","","","","","","","","","","","","","","","","","","","","","","","","","","","","","","","","","","","","","","","","","","","","","","","","","","","","","","","","","","","","","","","","","","","","","","","","","","",0,1,"","","","","","","","","","","","","","","","","","","","","","","","","","","","","",""
"61328002","LE PIN-AU-HARAS -INRAE",48.735833,0.128167,176,2002122101,0.,1,"","","","","","","","","","","","","","","","","","","","","","","","","","","","","","","","","","",10.9,1,"","","","","","","","","","","","","","","","","","","","","","","","","","","","",100,1,"","","","","","","","","","","","","","","","","","","","","","","","","","","","","","","","","","","","","","","","","","","","","","","","","","","","","","","","","","","","","","","","","","","","","","","","","","","","","","","","","","","","","","","","","","","","","","","","","","",0,1,"","","","","","","","","","","","","","","","","","","","","","","","","","","","","",""
"61328002","LE PIN-AU-HARAS -INRAE",48.735833,0.128167,176,2002122102,0.,1,"","","","","","","","","","","","","","","","","","","","","","","","","","","","","","","","","","",10.9,1,"","","","","","","","","","","","","","","","","","","","","","","","","","","","",100,1,"","","","","","","","","","","","","","","","","","","","","","","","","","","","","","","","","","","","","","","","","","","","","","","","","","","","","","","","","","","","","","","","","","","","","","","","","","","","","","","","","","","","","","","","","","","","","","","","","","",0,1,"","","","","","","","","","","","","","","","","","","","","","","","","","","","","",""
"61328002","LE PIN-AU-HARAS -INRAE",48.735833,0.128167,176,2002122103,0.,1,"","","","","","","","","","","","","","","","","","","","","","","","","","","","","","","","","","",10.8,1,"","","","","","","","","","","","","","","","","","","","","","","","","","","","",100,1,"","","","","","","","","","","","","","","","","","","","","","","","","","","","","","","","","","","","","","","","","","","","","","","","","","","","","","","","","","","","","","","","","","","","","","","","","","","","","","","","","","","","","","","","","","","","","","","","","","",0,1,"","","","","","","","","","","","","","","","","","","","","","","","","","","","","",""
"61328002","LE PIN-AU-HARAS -INRAE",48.735833,0.128167,176,2002122104,0.,1,"","","","","","","","","","","","","","","","","","","","","","","","","","","","","","","","","","",10.8,1,"","","","","","","","","","","","","","","","","","","","","","","","","","","","",100,1,"","","","","","","","","","","","","","","","","","","","","","","","","","","","","","","","","","","","","","","","","","","","","","","","","","","","","","","","","","","","","","","","","","","","","","","","","","","","","","","","","","","","","","","","","","","","","","","","","","",0,1,"","","","","","","","","","","","","","","","","","","","","","","","","","","","","",""
"61328002","LE PIN-AU-HARAS -INRAE",48.735833,0.128167,176,2002122105,0.,1,"","","","","","","","","","","","","","","","","","","","","","","","","","","","","","","","","","",10.8,1,"","","","","","","","","","","","","","","","","","","","","","","","","","","","",100,1,"","","","","","","","","","","","","","","","","","","","","","","","","","","","","","","","","","","","","","","","","","","","","","","","","","","","","","","","","","","","","","","","","","","","","","","","","","","","","","","","","","","","","","","","","","","","","","","","","","",0,1,"","","","","","","","","","","","","","","","","","","","","","","","","","","","","",""
"61328002","LE PIN-AU-HARAS -INRAE",48.735833,0.128167,176,2002122106,0.5,1,"","","","","","","","","","","","","","","","","","","","","","","","","","","","","","","","","","",10.7,1,"","","","","","","","","","","","","","","","","","","","","","","","","","","","",100,1,"","","","","","","","","","","","","","","","","","","","","","","","","","","","","","","","","","","","","","","","","","","","","","","","","","","","","","","","","","","","","","","","","","","","","","","","","","","","","","","","","","","","","","","","","","","","","","","","","","",0,1,"","","","","","","","","","","","","","","","","","","","","","","","","","","","","",""
"61328002","LE PIN-AU-HARAS -INRAE",48.735833,0.128167,176,2002122107,0.,1,"","","","","","","","","","","","","","","","","","","","","","","","","","","","","","","","","","",10.6,1,"","","","","","","","","","","","","","","","","","","","","","","","","","","","",100,1,"","","","","","","","","","","","","","","","","","","","","","","","","","","","","","","","","","","","","","","","","","","","","","","","","","","","","","","","","","","","","","","","","","","","","","","","","","","","","","","","","","","","","","","","","","","","","","","","","","",0,1,"","","","","","","","","","","","","","","","","","","","","","","","","","","","","",""
"61328002","LE PIN-AU-HARAS -INRAE",48.735833,0.128167,176,2002122108,0.,1,"","","","","","","","","","","","","","","","","","","","","","","","","","","","","","","","","","",10.7,1,"","","","","","","","","","","","","","","","","","","","","","","","","","","","",100,1,"","","","","","","","","","","","","","","","","","","","","","","","","","","","","","","","","","","","","","","","","","","","","","","","","","","","","","","","","","","","","","","","","","","","","","","","","","","","","","","","","","","","","","","","","","","","","","","","","","",0,1,"","","","","","","","","","","","","","","","","","","","","","","","","","","","","",""
"61328002","LE PIN-AU-HARAS -INRAE",48.735833,0.128167,176,2002122109,0.,1,"","","","","","","","","","","","","","","","","","","","","","","","","","","","","","","","","","",10.8,1,"","","","","","","","","","","","","","","","","","","","","","","","","","","","",100,1,"","","","","","","","","","","","","","","","","","","","","","","","","","","","","","","","","","","","","","","","","","","","","","","","","","","","","","","","","","","","","","","","","","","","","","","","","","","","","","","","","","","","","","","","","","","","","","","","","","",6,1,"","","","","","","","","","","","","","","","","","","","","","","","","","","","","",""
"61328002","LE PIN-AU-HARAS -INRAE",48.735833,0.128167,176,2002122110,0.,1,"","","","","","","","","","","","","","","","","","","","","","","","","","","","","","","","","","",10.9,1,"","","","","","","","","","","","","","","","","","","","","","","","","","","","",100,1,"","","","","","","","","","","","","","","","","","","","","","","","","","","","","","","","","","","","","","","","","","","","","","","","","","","","","","","","","","","","","","","","","","","","","","","","","","","","","","","","","","","","","","","","","","","","","","","","","","",10,1,"","","","","","","","","","","","","","","","","","","","","","","","","","","","","",""
"61328002","LE PIN-AU-HARAS -INRAE",48.735833,0.128167,176,2002122111,0.,1,"","","","","","","","","","","","","","","","","","","","","","","","","","","","","","","","","","",11.4,1,"","","","","","","","","","","","","","","","","","","","","","","","","","","","",99,1,"","","","","","","","","","","","","","","","","","","","","","","","","","","","","","","","","","","","","","","","","","","","","","","","","","","","","","","","","","","","","","","","","","","","","","","","","","","","","","","","","","","","","","","","","","","","","","","","","","",26,1,"","","","","","","","","","","","","","","","","","","","","","","","","","","","","",""
"61328002","LE PIN-AU-HARAS -INRAE",48.735833,0.128167,176,2002122112,0.,1,"","","","","","","","","","","","","","","","","","","","","","","","","","","","","","","","","","",11.8,1,"","","","","","","","","","","","","","","","","","","","","","","","","","","","",94,1,"","","","","","","","","","","","","","","","","","","","","","","","","","","","","","","","","","","","","","","","","","","","","","","","","","","","","","","","","","","","","","","","","","","","","","","","","","","","","","","","","","","","","","","","","","","","","","","","","","",50,1,"","","","","","","","","","","","","","","","","","","","","","","","","","","","","",""
"61328002","LE PIN-AU-HARAS -INRAE",48.735833,0.128167,176,2002122113,0.,1,"","","","","","","","","","","","","","","","","","","","","","","","","","","","","","","","","","",12.,1,"","","","","","","","","","","","","","","","","","","","","","","","","","","","",93,1,"","","","","","","","","","","","","","","","","","","","","","","","","","","","","","","","","","","","","","","","","","","","","","","","","","","","","","","","","","","","","","","","","","","","","","","","","","","","","","","","","","","","","","","","","","","","","","","","","","",36,1,"","","","","","","","","","","","","","","","","","","","","","","","","","","","","",""
"61328002","LE PIN-AU-HARAS -INRAE",48.735833,0.128167,176,2002122114,0.,1,"","","","","","","","","","","","","","","","","","","","","","","","","","","","","","","","","","",11.9,1,"","","","","","","","","","","","","","","","","","","","","","","","","","","","",93,1,"","","","","","","","","","","","","","","","","","","","","","","","","","","","","","","","","","","","","","","","","","","","","","","","","","","","","","","","","","","","","","","","","","","","","","","","","","","","","","","","","","","","","","","","","","","","","","","","","","",28,1,"","","","","","","","","","","","","","","","","","","","","","","","","","","","","",""
"61328002","LE PIN-AU-HARAS -INRAE",48.735833,0.128167,176,2002122115,0.5,1,"","","","","","","","","","","","","","","","","","","","","","","","","","","","","","","","","","",11.3,1,"","","","","","","","","","","","","","","","","","","","","","","","","","","","",96,1,"","","","","","","","","","","","","","","","","","","","","","","","","","","","","","","","","","","","","","","","","","","","","","","","","","","","","","","","","","","","","","","","","","","","","","","","","","","","","","","","","","","","","","","","","","","","","","","","","","",6,1,"","","","","","","","","","","","","","","","","","","","","","","","","","","","","",""
"61328002","LE PIN-AU-HARAS -INRAE",48.735833,0.128167,176,2002122116,0.,1,"","","","","","","","","","","","","","","","","","","","","","","","","","","","","","","","","","",11.,1,"","","","","","","","","","","","","","","","","","","","","","","","","","","","",98,1,"","","","","","","","","","","","","","","","","","","","","","","","","","","","","","","","","","","","","","","","","","","","","","","","","","","","","","","","","","","","","","","","","","","","","","","","","","","","","","","","","","","","","","","","","","","","","","","","","","",0,1,"","","","","","","","","","","","","","","","","","","","","","","","","","","","","",""
"61328002","LE PIN-AU-HARAS -INRAE",48.735833,0.128167,176,2002122117,0.,1,"","","","","","","","","","","","","","","","","","","","","","","","","","","","","","","","","","",10.7,1,"","","","","","","","","","","","","","","","","","","","","","","","","","","","",99,1,"","","","","","","","","","","","","","","","","","","","","","","","","","","","","","","","","","","","","","","","","","","","","","","","","","","","","","","","","","","","","","","","","","","","","","","","","","","","","","","","","","","","","","","","","","","","","","","","","","",0,1,"","","","","","","","","","","","","","","","","","","","","","","","","","","","","",""
"61328002","LE PIN-AU-HARAS -INRAE",48.735833,0.128167,176,2002122118,1.,1,"","","","","","","","","","","","","","","","","","","","","","","","","","","","","","","","","","",10.7,1,"","","","","","","","","","","","","","","","","","","","","","","","","","","","",100,1,"","","","","","","","","","","","","","","","","","","","","","","","","","","","","","","","","","","","","","","","","","","","","","","","","","","","","","","","","","","","","","","","","","","","","","","","","","","","","","","","","","","","","","","","","","","","","","","","","","",0,1,"","","","","","","","","","","","","","","","","","","","","","","","","","","","","",""
"61328002","LE PIN-AU-HARAS -INRAE",48.735833,0.128167,176,2002122119,1.5,1,"","","","","","","","","","","","","","","","","","","","","","","","","","","","","","","","","","",10.8,1,"","","","","","","","","","","","","","","","","","","","","","","","","","","","",100,1,"","","","","","","","","","","","","","","","","","","","","","","","","","","","","","","","","","","","","","","","","","","","","","","","","","","","","","","","","","","","","","","","","","","","","","","","","","","","","","","","","","","","","","","","","","","","","","","","","","",0,1,"","","","","","","","","","","","","","","","","","","","","","","","","","","","","",""
"61328002","LE PIN-AU-HARAS -INRAE",48.735833,0.128167,176,2002122120,2.,1,"","","","","","","","","","","","","","","","","","","","","","","","","","","","","","","","","","",10.9,1,"","","","","","","","","","","","","","","","","","","","","","","","","","","","",100,1,"","","","","","","","","","","","","","","","","","","","","","","","","","","","","","","","","","","","","","","","","","","","","","","","","","","","","","","","","","","","","","","","","","","","","","","","","","","","","","","","","","","","","","","","","","","","","","","","","","",0,1,"","","","","","","","","","","","","","","","","","","","","","","","","","","","","",""
"61328002","LE PIN-AU-HARAS -INRAE",48.735833,0.128167,176,2002122121,0.5,1,"","","","","","","","","","","","","","","","","","","","","","","","","","","","","","","","","","",11.,1,"","","","","","","","","","","","","","","","","","","","","","","","","","","","",100,1,"","","","","","","","","","","","","","","","","","","","","","","","","","","","","","","","","","","","","","","","","","","","","","","","","","","","","","","","","","","","","","","","","","","","","","","","","","","","","","","","","","","","","","","","","","","","","","","","","","",0,1,"","","","","","","","","","","","","","","","","","","","","","","","","","","","","",""
"61328002","LE PIN-AU-HARAS -INRAE",48.735833,0.128167,176,2002122122,2.,1,"","","","","","","","","","","","","","","","","","","","","","","","","","","","","","","","","","",10.9,1,"","","","","","","","","","","","","","","","","","","","","","","","","","","","",100,1,"","","","","","","","","","","","","","","","","","","","","","","","","","","","","","","","","","","","","","","","","","","","","","","","","","","","","","","","","","","","","","","","","","","","","","","","","","","","","","","","","","","","","","","","","","","","","","","","","","",0,1,"","","","","","","","","","","","","","","","","","","","","","","","","","","","","",""
"61328002","LE PIN-AU-HARAS -INRAE",48.735833,0.128167,176,2002122123,2.,1,"","","","","","","","","","","","","","","","","","","","","","","","","","","","","","","","","","",10.7,1,"","","","","","","","","","","","","","","","","","","","","","","","","","","","",99,1,"","","","","","","","","","","","","","","","","","","","","","","","","","","","","","","","","","","","","","","","","","","","","","","","","","","","","","","","","","","","","","","","","","","","","","","","","","","","","","","","","","","","","","","","","","","","","","","","","","",0,1,"","","","","","","","","","","","","","","","","","","","","","","","","","","","","",""
"61328002","LE PIN-AU-HARAS -INRAE",48.735833,0.128167,176,2002122200,3.5,1,"","","","","","","","","","","","","","","","","","","","","","","","","","","","","","","","","","",10.7,1,"","","","","","","","","","","","","","","","","","","","","","","","","","","","",99,1,"","","","","","","","","","","","","","","","","","","","","","","","","","","","","","","","","","","","","","","","","","","","","","","","","","","","","","","","","","","","","","","","","","","","","","","","","","","","","","","","","","","","","","","","","","","","","","","","","","",0,1,"","","","","","","","","","","","","","","","","","","","","","","","","","","","","",""
"61328002","LE PIN-AU-HARAS -INRAE",48.735833,0.128167,176,2002122201,3.,1,"","","","","","","","","","","","","","","","","","","","","","","","","","","","","","","","","","",10.5,1,"","","","","","","","","","","","","","","","","","","","","","","","","","","","",100,1,"","","","","","","","","","","","","","","","","","","","","","","","","","","","","","","","","","","","","","","","","","","","","","","","","","","","","","","","","","","","","","","","","","","","","","","","","","","","","","","","","","","","","","","","","","","","","","","","","","",0,1,"","","","","","","","","","","","","","","","","","","","","","","","","","","","","",""
"61328002","LE PIN-AU-HARAS -INRAE",48.735833,0.128167,176,2002122202,1.,1,"","","","","","","","","","","","","","","","","","","","","","","","","","","","","","","","","","",10.8,1,"","","","","","","","","","","","","","","","","","","","","","","","","","","","",99,1,"","","","","","","","","","","","","","","","","","","","","","","","","","","","","","","","","","","","","","","","","","","","","","","","","","","","","","","","","","","","","","","","","","","","","","","","","","","","","","","","","","","","","","","","","","","","","","","","","","",0,1,"","","","","","","","","","","","","","","","","","","","","","","","","","","","","",""
"61328002","LE PIN-AU-HARAS -INRAE",48.735833,0.128167,176,2002122203,0.,1,"","","","","","","","","","","","","","","","","","","","","","","","","","","","","","","","","","",11.1,1,"","","","","","","","","","","","","","","","","","","","","","","","","","","","",98,1,"","","","","","","","","","","","","","","","","","","","","","","","","","","","","","","","","","","","","","","","","","","","","","","","","","","","","","","","","","","","","","","","","","","","","","","","","","","","","","","","","","","","","","","","","","","","","","","","","","",0,1,"","","","","","","","","","","","","","","","","","","","","","","","","","","","","",""
"61328002","LE PIN-AU-HARAS -INRAE",48.735833,0.128167,176,2002122204,0.5,1,"","","","","","","","","","","","","","","","","","","","","","","","","","","","","","","","","","",12.1,1,"","","","","","","","","","","","","","","","","","","","","","","","","","","","",98,1,"","","","","","","","","","","","","","","","","","","","","","","","","","","","","","","","","","","","","","","","","","","","","","","","","","","","","","","","","","","","","","","","","","","","","","","","","","","","","","","","","","","","","","","","","","","","","","","","","","",0,1,"","","","","","","","","","","","","","","","","","","","","","","","","","","","","",""
"61328002","LE PIN-AU-HARAS -INRAE",48.735833,0.128167,176,2002122205,0.,1,"","","","","","","","","","","","","","","","","","","","","","","","","","","","","","","","","","",12.7,1,"","","","","","","","","","","","","","","","","","","","","","","","","","","","",95,1,"","","","","","","","","","","","","","","","","","","","","","","","","","","","","","","","","","","","","","","","","","","","","","","","","","","","","","","","","","","","","","","","","","","","","","","","","","","","","","","","","","","","","","","","","","","","","","","","","","",0,1,"","","","","","","","","","","","","","","","","","","","","","","","","","","","","",""
"61328002","LE PIN-AU-HARAS -INRAE",48.735833,0.128167,176,2002122206,1.,1,"","","","","","","","","","","","","","","","","","","","","","","","","","","","","","","","","","",12.7,1,"","","","","","","","","","","","","","","","","","","","","","","","","","","","",97,1,"","","","","","","","","","","","","","","","","","","","","","","","","","","","","","","","","","","","","","","","","","","","","","","","","","","","","","","","","","","","","","","","","","","","","","","","","","","","","","","","","","","","","","","","","","","","","","","","","","",0,1,"","","","","","","","","","","","","","","","","","","","","","","","","","","","","",""
"61328002","LE PIN-AU-HARAS -INRAE",48.735833,0.128167,176,2002122207,1.,1,"","","","","","","","","","","","","","","","","","","","","","","","","","","","","","","","","","",13.1,1,"","","","","","","","","","","","","","","","","","","","","","","","","","","","",97,1,"","","","","","","","","","","","","","","","","","","","","","","","","","","","","","","","","","","","","","","","","","","","","","","","","","","","","","","","","","","","","","","","","","","","","","","","","","","","","","","","","","","","","","","","","","","","","","","","","","",0,1,"","","","","","","","","","","","","","","","","","","","","","","","","","","","","",""
"61328002","LE PIN-AU-HARAS -INRAE",48.735833,0.128167,176,2002122208,0.,1,"","","","","","","","","","","","","","","","","","","","","","","","","","","","","","","","","","",13.4,1,"","","","","","","","","","","","","","","","","","","","","","","","","","","","",97,1,"","","","","","","","","","","","","","","","","","","","","","","","","","","","","","","","","","","","","","","","","","","","","","","","","","","","","","","","","","","","","","","","","","","","","","","","","","","","","","","","","","","","","","","","","","","","","","","","","","",0,1,"","","","","","","","","","","","","","","","","","","","","","","","","","","","","",""
"61328002","LE PIN-AU-HARAS -INRAE",48.735833,0.128167,176,2002122209,1.,1,"","","","","","","","","","","","","","","","","","","","","","","","","","","","","","","","","","",13.5,1,"","","","","","","","","","","","","","","","","","","","","","","","","","","","",98,1,"","","","","","","","","","","","","","","","","","","","","","","","","","","","","","","","","","","","","","","","","","","","","","","","","","","","","","","","","","","","","","","","","","","","","","","","","","","","","","","","","","","","","","","","","","","","","","","","","","",2,1,"","","","","","","","","","","","","","","","","","","","","","","","","","","","","",""
"61328002","LE PIN-AU-HARAS -INRAE",48.735833,0.128167,176,2002122210,0.5,1,"","","","","","","","","","","","","","","","","","","","","","","","","","","","","","","","","","",13.1,1,"","","","","","","","","","","","","","","","","","","","","","","","","","","","",98,1,"","","","","","","","","","","","","","","","","","","","","","","","","","","","","","","","","","","","","","","","","","","","","","","","","","","","","","","","","","","","","","","","","","","","","","","","","","","","","","","","","","","","","","","","","","","","","","","","","","",10,1,"","","","","","","","","","","","","","","","","","","","","","","","","","","","","",""
"61328002","LE PIN-AU-HARAS -INRAE",48.735833,0.128167,176,2002122211,0.,1,"","","","","","","","","","","","","","","","","","","","","","","","","","","","","","","","","","",12.7,1,"","","","","","","","","","","","","","","","","","","","","","","","","","","","",96,1,"","","","","","","","","","","","","","","","","","","","","","","","","","","","","","","","","","","","","","","","","","","","","","","","","","","","","","","","","","","","","","","","","","","","","","","","","","","","","","","","","","","","","","","","","","","","","","","","","","",24,1,"","","","","","","","","","","","","","","","","","","","","","","","","","","","","",""
"61328002","LE PIN-AU-HARAS -INRAE",48.735833,0.128167,176,2002122212,0.,1,"","","","","","","","","","","","","","","","","","","","","","","","","","","","","","","","","","",12.7,1,"","","","","","","","","","","","","","","","","","","","","","","","","","","","",91,1,"","","","","","","","","","","","","","","","","","","","","","","","","","","","","","","","","","","","","","","","","","","","","","","","","","","","","","","","","","","","","","","","","","","","","","","","","","","","","","","","","","","","","","","","","","","","","","","","","","",42,1,"","","","","","","","","","","","","","","","","","","","","","","","","","","","","",""
"61328002","LE PIN-AU-HARAS -INRAE",48.735833,0.128167,176,2002122213,0.,1,"","","","","","","","","","","","","","","","","","","","","","","","","","","","","","","","","","",12.2,1,"","","","","","","","","","","","","","","","","","","","","","","","","","","","",90,1,"","","","","","","","","","","","","","","","","","","","","","","","","","","","","","","","","","","","","","","","","","","","","","","","","","","","","","","","","","","","","","","","","","","","","","","","","","","","","","","","","","","","","","","","","","","","","","","","","","",36,1,"","","","","","","","","","","","","","","","","","","","","","","","","","","","","",""
"61328002","LE PIN-AU-HARAS -INRAE",48.735833,0.128167,176,2002122214,0.,1,"","","","","","","","","","","","","","","","","","","","","","","","","","","","","","","","","","",11.9,1,"","","","","","","","","","","","","","","","","","","","","","","","","","","","",91,1,"","","","","","","","","","","","","","","","","","","","","","","","","","","","","","","","","","","","","","","","","","","","","","","","","","","","","","","","","","","","","","","","","","","","","","","","","","","","","","","","","","","","","","","","","","","","","","","","","","",18,1,"","","","","","","","","","","","","","","","","","","","","","","","","","","","","",""
"61328002","LE PIN-AU-HARAS -INRAE",48.735833,0.128167,176,2002122215,0.,1,"","","","","","","","","","","","","","","","","","","","","","","","","","","","","","","","","","",12.1,1,"","","","","","","","","","","","","","","","","","","","","","","","","","","","",89,1,"","","","","","","","","","","","","","","","","","","","","","","","","","","","","","","","","","","","","","","","","","","","","","","","","","","","","","","","","","","","","","","","","","","","","","","","","","","","","","","","","","","","","","","","","","","","","","","","","","",14,1,"","","","","","","","","","","","","","","","","","","","","","","","","","","","","",""
"61328002","LE PIN-AU-HARAS -INRAE",48.735833,0.128167,176,2002122216,0.,1,"","","","","","","","","","","","","","","","","","","","","","","","","","","","","","","","","","",11.9,1,"","","","","","","","","","","","","","","","","","","","","","","","","","","","",90,1,"","","","","","","","","","","","","","","","","","","","","","","","","","","","","","","","","","","","","","","","","","","","","","","","","","","","","","","","","","","","","","","","","","","","","","","","","","","","","","","","","","","","","","","","","","","","","","","","","","",4,1,"","","","","","","","","","","","","","","","","","","","","","","","","","","","","",""
"61328002","LE PIN-AU-HARAS -INRAE",48.735833,0.128167,176,2002122217,0.,1,"","","","","","","","","","","","","","","","","","","","","","","","","","","","","","","","","","",11.7,1,"","","","","","","","","","","","","","","","","","","","","","","","","","","","",93,1,"","","","","","","","","","","","","","","","","","","","","","","","","","","","","","","","","","","","","","","","","","","","","","","","","","","","","","","","","","","","","","","","","","","","","","","","","","","","","","","","","","","","","","","","","","","","","","","","","","",0,1,"","","","","","","","","","","","","","","","","","","","","","","","","","","","","",""
"61328002","LE PIN-AU-HARAS -INRAE",48.735833,0.128167,176,2002122218,0.,1,"","","","","","","","","","","","","","","","","","","","","","","","","","","","","","","","","","",11.5,1,"","","","","","","","","","","","","","","","","","","","","","","","","","","","",94,1,"","","","","","","","","","","","","","","","","","","","","","","","","","","","","","","","","","","","","","","","","","","","","","","","","","","","","","","","","","","","","","","","","","","","","","","","","","","","","","","","","","","","","","","","","","","","","","","","","","",0,1,"","","","","","","","","","","","","","","","","","","","","","","","","","","","","",""
"61328002","LE PIN-AU-HARAS -INRAE",48.735833,0.128167,176,2002122219,0.,1,"","","","","","","","","","","","","","","","","","","","","","","","","","","","","","","","","","",10.9,1,"","","","","","","","","","","","","","","","","","","","","","","","","","","","",96,1,"","","","","","","","","","","","","","","","","","","","","","","","","","","","","","","","","","","","","","","","","","","","","","","","","","","","","","","","","","","","","","","","","","","","","","","","","","","","","","","","","","","","","","","","","","","","","","","","","","",0,1,"","","","","","","","","","","","","","","","","","","","","","","","","","","","","",""
"61328002","LE PIN-AU-HARAS -INRAE",48.735833,0.128167,176,2002122220,0.,1,"","","","","","","","","","","","","","","","","","","","","","","","","","","","","","","","","","",11.7,1,"","","","","","","","","","","","","","","","","","","","","","","","","","","","",98,1,"","","","","","","","","","","","","","","","","","","","","","","","","","","","","","","","","","","","","","","","","","","","","","","","","","","","","","","","","","","","","","","","","","","","","","","","","","","","","","","","","","","","","","","","","","","","","","","","","","",0,1,"","","","","","","","","","","","","","","","","","","","","","","","","","","","","",""
"61328002","LE PIN-AU-HARAS -INRAE",48.735833,0.128167,176,2002122221,0.,1,"","","","","","","","","","","","","","","","","","","","","","","","","","","","","","","","","","",10.9,1,"","","","","","","","","","","","","","","","","","","","","","","","","","","","",98,1,"","","","","","","","","","","","","","","","","","","","","","","","","","","","","","","","","","","","","","","","","","","","","","","","","","","","","","","","","","","","","","","","","","","","","","","","","","","","","","","","","","","","","","","","","","","","","","","","","","",0,1,"","","","","","","","","","","","","","","","","","","","","","","","","","","","","",""
"61328002","LE PIN-AU-HARAS -INRAE",48.735833,0.128167,176,2002122222,0.,1,"","","","","","","","","","","","","","","","","","","","","","","","","","","","","","","","","","",11.,1,"","","","","","","","","","","","","","","","","","","","","","","","","","","","",99,1,"","","","","","","","","","","","","","","","","","","","","","","","","","","","","","","","","","","","","","","","","","","","","","","","","","","","","","","","","","","","","","","","","","","","","","","","","","","","","","","","","","","","","","","","","","","","","","","","","","",0,1,"","","","","","","","","","","","","","","","","","","","","","","","","","","","","",""
"61328002","LE PIN-AU-HARAS -INRAE",48.735833,0.128167,176,2002122223,0.,1,"","","","","","","","","","","","","","","","","","","","","","","","","","","","","","","","","","",11.,1,"","","","","","","","","","","","","","","","","","","","","","","","","","","","",99,1,"","","","","","","","","","","","","","","","","","","","","","","","","","","","","","","","","","","","","","","","","","","","","","","","","","","","","","","","","","","","","","","","","","","","","","","","","","","","","","","","","","","","","","","","","","","","","","","","","","",0,1,"","","","","","","","","","","","","","","","","","","","","","","","","","","","","",""
"61328002","LE PIN-AU-HARAS -INRAE",48.735833,0.128167,176,2002122300,0.,1,"","","","","","","","","","","","","","","","","","","","","","","","","","","","","","","","","","",11.6,1,"","","","","","","","","","","","","","","","","","","","","","","","","","","","",100,1,"","","","","","","","","","","","","","","","","","","","","","","","","","","","","","","","","","","","","","","","","","","","","","","","","","","","","","","","","","","","","","","","","","","","","","","","","","","","","","","","","","","","","","","","","","","","","","","","","","",0,1,"","","","","","","","","","","","","","","","","","","","","","","","","","","","","",""
"61328002","LE PIN-AU-HARAS -INRAE",48.735833,0.128167,176,2002122301,0.,1,"","","","","","","","","","","","","","","","","","","","","","","","","","","","","","","","","","",11.8,1,"","","","","","","","","","","","","","","","","","","","","","","","","","","","",100,1,"","","","","","","","","","","","","","","","","","","","","","","","","","","","","","","","","","","","","","","","","","","","","","","","","","","","","","","","","","","","","","","","","","","","","","","","","","","","","","","","","","","","","","","","","","","","","","","","","","",0,1,"","","","","","","","","","","","","","","","","","","","","","","","","","","","","",""
"61328002","LE PIN-AU-HARAS -INRAE",48.735833,0.128167,176,2002122302,0.,1,"","","","","","","","","","","","","","","","","","","","","","","","","","","","","","","","","","",12.1,1,"","","","","","","","","","","","","","","","","","","","","","","","","","","","",100,1,"","","","","","","","","","","","","","","","","","","","","","","","","","","","","","","","","","","","","","","","","","","","","","","","","","","","","","","","","","","","","","","","","","","","","","","","","","","","","","","","","","","","","","","","","","","","","","","","","","",0,1,"","","","","","","","","","","","","","","","","","","","","","","","","","","","","",""
"61328002","LE PIN-AU-HARAS -INRAE",48.735833,0.128167,176,2002122303,0.,1,"","","","","","","","","","","","","","","","","","","","","","","","","","","","","","","","","","",12.3,1,"","","","","","","","","","","","","","","","","","","","","","","","","","","","",100,1,"","","","","","","","","","","","","","","","","","","","","","","","","","","","","","","","","","","","","","","","","","","","","","","","","","","","","","","","","","","","","","","","","","","","","","","","","","","","","","","","","","","","","","","","","","","","","","","","","","",0,1,"","","","","","","","","","","","","","","","","","","","","","","","","","","","","",""
"61328002","LE PIN-AU-HARAS -INRAE",48.735833,0.128167,176,2002122304,0.,1,"","","","","","","","","","","","","","","","","","","","","","","","","","","","","","","","","","",11.9,1,"","","","","","","","","","","","","","","","","","","","","","","","","","","","",99,1,"","","","","","","","","","","","","","","","","","","","","","","","","","","","","","","","","","","","","","","","","","","","","","","","","","","","","","","","","","","","","","","","","","","","","","","","","","","","","","","","","","","","","","","","","","","","","","","","","","",0,1,"","","","","","","","","","","","","","","","","","","","","","","","","","","","","",""
"61328002","LE PIN-AU-HARAS -INRAE",48.735833,0.128167,176,2002122305,0.,1,"","","","","","","","","","","","","","","","","","","","","","","","","","","","","","","","","","",11.7,1,"","","","","","","","","","","","","","","","","","","","","","","","","","","","",99,1,"","","","","","","","","","","","","","","","","","","","","","","","","","","","","","","","","","","","","","","","","","","","","","","","","","","","","","","","","","","","","","","","","","","","","","","","","","","","","","","","","","","","","","","","","","","","","","","","","","",0,1,"","","","","","","","","","","","","","","","","","","","","","","","","","","","","",""
"61328002","LE PIN-AU-HARAS -INRAE",48.735833,0.128167,176,2002122306,0.,1,"","","","","","","","","","","","","","","","","","","","","","","","","","","","","","","","","","",11.5,1,"","","","","","","","","","","","","","","","","","","","","","","","","","","","",99,1,"","","","","","","","","","","","","","","","","","","","","","","","","","","","","","","","","","","","","","","","","","","","","","","","","","","","","","","","","","","","","","","","","","","","","","","","","","","","","","","","","","","","","","","","","","","","","","","","","","",0,1,"","","","","","","","","","","","","","","","","","","","","","","","","","","","","",""
"61328002","LE PIN-AU-HARAS -INRAE",48.735833,0.128167,176,2002122307,0.,1,"","","","","","","","","","","","","","","","","","","","","","","","","","","","","","","","","","",11.4,1,"","","","","","","","","","","","","","","","","","","","","","","","","","","","",100,1,"","","","","","","","","","","","","","","","","","","","","","","","","","","","","","","","","","","","","","","","","","","","","","","","","","","","","","","","","","","","","","","","","","","","","","","","","","","","","","","","","","","","","","","","","","","","","","","","","","",0,1,"","","","","","","","","","","","","","","","","","","","","","","","","","","","","",""
"61328002","LE PIN-AU-HARAS -INRAE",48.735833,0.128167,176,2002122308,0.,1,"","","","","","","","","","","","","","","","","","","","","","","","","","","","","","","","","","",11.5,1,"","","","","","","","","","","","","","","","","","","","","","","","","","","","",100,1,"","","","","","","","","","","","","","","","","","","","","","","","","","","","","","","","","","","","","","","","","","","","","","","","","","","","","","","","","","","","","","","","","","","","","","","","","","","","","","","","","","","","","","","","","","","","","","","","","","",0,1,"","","","","","","","","","","","","","","","","","","","","","","","","","","","","",""
"61328002","LE PIN-AU-HARAS -INRAE",48.735833,0.128167,176,2002122309,0.,1,"","","","","","","","","","","","","","","","","","","","","","","","","","","","","","","","","","",11.4,1,"","","","","","","","","","","","","","","","","","","","","","","","","","","","",100,1,"","","","","","","","","","","","","","","","","","","","","","","","","","","","","","","","","","","","","","","","","","","","","","","","","","","","","","","","","","","","","","","","","","","","","","","","","","","","","","","","","","","","","","","","","","","","","","","","","","",4,1,"","","","","","","","","","","","","","","","","","","","","","","","","","","","","",""
"61328002","LE PIN-AU-HARAS -INRAE",48.735833,0.128167,176,2002122310,0.,1,"","","","","","","","","","","","","","","","","","","","","","","","","","","","","","","","","","",11.5,1,"","","","","","","","","","","","","","","","","","","","","","","","","","","","",99,1,"","","","","","","","","","","","","","","","","","","","","","","","","","","","","","","","","","","","","","","","","","","","","","","","","","","","","","","","","","","","","","","","","","","","","","","","","","","","","","","","","","","","","","","","","","","","","","","","","","",12,1,"","","","","","","","","","","","","","","","","","","","","","","","","","","","","",""
"61328002","LE PIN-AU-HARAS -INRAE",48.735833,0.128167,176,2002122311,0.,1,"","","","","","","","","","","","","","","","","","","","","","","","","","","","","","","","","","",12.,1,"","","","","","","","","","","","","","","","","","","","","","","","","","","","",95,1,"","","","","","","","","","","","","","","","","","","","","","","","","","","","","","","","","","","","","","","","","","","","","","","","","","","","","","","","","","","","","","","","","","","","","","","","","","","","","","","","","","","","","","","","","","","","","","","","","","",32,1,"","","","","","","","","","","","","","","","","","","","","","","","","","","","","",""
"61328002","LE PIN-AU-HARAS -INRAE",48.735833,0.128167,176,2002122312,0.,1,"","","","","","","","","","","","","","","","","","","","","","","","","","","","","","","","","","",12.5,1,"","","","","","","","","","","","","","","","","","","","","","","","","","","","",93,1,"","","","","","","","","","","","","","","","","","","","","","","","","","","","","","","","","","","","","","","","","","","","","","","","","","","","","","","","","","","","","","","","","","","","","","","","","","","","","","","","","","","","","","","","","","","","","","","","","","",40,1,"","","","","","","","","","","","","","","","","","","","","","","","","","","","","",""
"61328002","LE PIN-AU-HARAS -INRAE",48.735833,0.128167,176,2002122313,0.,1,"","","","","","","","","","","","","","","","","","","","","","","","","","","","","","","","","","",13.2,1,"","","","","","","","","","","","","","","","","","","","","","","","","","","","",88,1,"","","","","","","","","","","","","","","","","","","","","","","","","","","","","","","","","","","","","","","","","","","","","","","","","","","","","","","","","","","","","","","","","","","","","","","","","","","","","","","","","","","","","","","","","","","","","","","","","","",58,1,"","","","","","","","","","","","","","","","","","","","","","","","","","","","","",""
"61328002","LE PIN-AU-HARAS -INRAE",48.735833,0.128167,176,2002122314,0.,1,"","","","","","","","","","","","","","","","","","","","","","","","","","","","","","","","","","",14.1,1,"","","","","","","","","","","","","","","","","","","","","","","","","","","","",85,1,"","","","","","","","","","","","","","","","","","","","","","","","","","","","","","","","","","","","","","","","","","","","","","","","","","","","","","","","","","","","","","","","","","","","","","","","","","","","","","","","","","","","","","","","","","","","","","","","","","",48,1,"","","","","","","","","","","","","","","","","","","","","","","","","","","","","",""
"61328002","LE PIN-AU-HARAS -INRAE",48.735833,0.128167,176,2002122315,0.,1,"","","","","","","","","","","","","","","","","","","","","","","","","","","","","","","","","","",13.6,1,"","","","","","","","","","","","","","","","","","","","","","","","","","","","",80,1,"","","","","","","","","","","","","","","","","","","","","","","","","","","","","","","","","","","","","","","","","","","","","","","","","","","","","","","","","","","","","","","","","","","","","","","","","","","","","","","","","","","","","","","","","","","","","","","","","","",44,1,"","","","","","","","","","","","","","","","","","","","","","","","","","","","","",""
"61328002","LE PIN-AU-HARAS -INRAE",48.735833,0.128167,176,2002122316,0.,1,"","","","","","","","","","","","","","","","","","","","","","","","","","","","","","","","","","",12.4,1,"","","","","","","","","","","","","","","","","","","","","","","","","","","","",82,1,"","","","","","","","","","","","","","","","","","","","","","","","","","","","","","","","","","","","","","","","","","","","","","","","","","","","","","","","","","","","","","","","","","","","","","","","","","","","","","","","","","","","","","","","","","","","","","","","","","",8,1,"","","","","","","","","","","","","","","","","","","","","","","","","","","","","",""
"61328002","LE PIN-AU-HARAS -INRAE",48.735833,0.128167,176,2002122317,0.,1,"","","","","","","","","","","","","","","","","","","","","","","","","","","","","","","","","","",11.9,1,"","","","","","","","","","","","","","","","","","","","","","","","","","","","",84,1,"","","","","","","","","","","","","","","","","","","","","","","","","","","","","","","","","","","","","","","","","","","","","","","","","","","","","","","","","","","","","","","","","","","","","","","","","","","","","","","","","","","","","","","","","","","","","","","","","","",0,1,"","","","","","","","","","","","","","","","","","","","","","","","","","","","","",""
"61328002","LE PIN-AU-HARAS -INRAE",48.735833,0.128167,176,2002122318,0.,1,"","","","","","","","","","","","","","","","","","","","","","","","","","","","","","","","","","",11.7,1,"","","","","","","","","","","","","","","","","","","","","","","","","","","","",86,1,"","","","","","","","","","","","","","","","","","","","","","","","","","","","","","","","","","","","","","","","","","","","","","","","","","","","","","","","","","","","","","","","","","","","","","","","","","","","","","","","","","","","","","","","","","","","","","","","","","",0,1,"","","","","","","","","","","","","","","","","","","","","","","","","","","","","",""
"61328002","LE PIN-AU-HARAS -INRAE",48.735833,0.128167,176,2002122319,0.,1,"","","","","","","","","","","","","","","","","","","","","","","","","","","","","","","","","","",11.7,1,"","","","","","","","","","","","","","","","","","","","","","","","","","","","",88,1,"","","","","","","","","","","","","","","","","","","","","","","","","","","","","","","","","","","","","","","","","","","","","","","","","","","","","","","","","","","","","","","","","","","","","","","","","","","","","","","","","","","","","","","","","","","","","","","","","","",0,1,"","","","","","","","","","","","","","","","","","","","","","","","","","","","","",""
"61328002","LE PIN-AU-HARAS -INRAE",48.735833,0.128167,176,2002122320,0.,1,"","","","","","","","","","","","","","","","","","","","","","","","","","","","","","","","","","",12.2,1,"","","","","","","","","","","","","","","","","","","","","","","","","","","","",83,1,"","","","","","","","","","","","","","","","","","","","","","","","","","","","","","","","","","","","","","","","","","","","","","","","","","","","","","","","","","","","","","","","","","","","","","","","","","","","","","","","","","","","","","","","","","","","","","","","","","",0,1,"","","","","","","","","","","","","","","","","","","","","","","","","","","","","",""
"61328002","LE PIN-AU-HARAS -INRAE",48.735833,0.128167,176,2002122321,0.,1,"","","","","","","","","","","","","","","","","","","","","","","","","","","","","","","","","","",12.,1,"","","","","","","","","","","","","","","","","","","","","","","","","","","","",85,1,"","","","","","","","","","","","","","","","","","","","","","","","","","","","","","","","","","","","","","","","","","","","","","","","","","","","","","","","","","","","","","","","","","","","","","","","","","","","","","","","","","","","","","","","","","","","","","","","","","",0,1,"","","","","","","","","","","","","","","","","","","","","","","","","","","","","",""
"61328002","LE PIN-AU-HARAS -INRAE",48.735833,0.128167,176,2002122322,0.,1,"","","","","","","","","","","","","","","","","","","","","","","","","","","","","","","","","","",11.8,1,"","","","","","","","","","","","","","","","","","","","","","","","","","","","",86,1,"","","","","","","","","","","","","","","","","","","","","","","","","","","","","","","","","","","","","","","","","","","","","","","","","","","","","","","","","","","","","","","","","","","","","","","","","","","","","","","","","","","","","","","","","","","","","","","","","","",0,1,"","","","","","","","","","","","","","","","","","","","","","","","","","","","","",""
"61328002","LE PIN-AU-HARAS -INRAE",48.735833,0.128167,176,2002122323,0.,1,"","","","","","","","","","","","","","","","","","","","","","","","","","","","","","","","","","",11.3,1,"","","","","","","","","","","","","","","","","","","","","","","","","","","","",87,1,"","","","","","","","","","","","","","","","","","","","","","","","","","","","","","","","","","","","","","","","","","","","","","","","","","","","","","","","","","","","","","","","","","","","","","","","","","","","","","","","","","","","","","","","","","","","","","","","","","",0,1,"","","","","","","","","","","","","","","","","","","","","","","","","","","","","",""
"61328002","LE PIN-AU-HARAS -INRAE",48.735833,0.128167,176,2002122400,0.,1,"","","","","","","","","","","","","","","","","","","","","","","","","","","","","","","","","","",11.2,1,"","","","","","","","","","","","","","","","","","","","","","","","","","","","",87,1,"","","","","","","","","","","","","","","","","","","","","","","","","","","","","","","","","","","","","","","","","","","","","","","","","","","","","","","","","","","","","","","","","","","","","","","","","","","","","","","","","","","","","","","","","","","","","","","","","","",0,1,"","","","","","","","","","","","","","","","","","","","","","","","","","","","","",""
"61328002","LE PIN-AU-HARAS -INRAE",48.735833,0.128167,176,2002122401,0.,1,"","","","","","","","","","","","","","","","","","","","","","","","","","","","","","","","","","",10.7,1,"","","","","","","","","","","","","","","","","","","","","","","","","","","","",88,1,"","","","","","","","","","","","","","","","","","","","","","","","","","","","","","","","","","","","","","","","","","","","","","","","","","","","","","","","","","","","","","","","","","","","","","","","","","","","","","","","","","","","","","","","","","","","","","","","","","",0,1,"","","","","","","","","","","","","","","","","","","","","","","","","","","","","",""
"61328002","LE PIN-AU-HARAS -INRAE",48.735833,0.128167,176,2002122402,0.,1,"","","","","","","","","","","","","","","","","","","","","","","","","","","","","","","","","","",10.1,1,"","","","","","","","","","","","","","","","","","","","","","","","","","","","",90,1,"","","","","","","","","","","","","","","","","","","","","","","","","","","","","","","","","","","","","","","","","","","","","","","","","","","","","","","","","","","","","","","","","","","","","","","","","","","","","","","","","","","","","","","","","","","","","","","","","","",0,1,"","","","","","","","","","","","","","","","","","","","","","","","","","","","","",""
"61328002","LE PIN-AU-HARAS -INRAE",48.735833,0.128167,176,2002122403,0.,1,"","","","","","","","","","","","","","","","","","","","","","","","","","","","","","","","","","",10.4,1,"","","","","","","","","","","","","","","","","","","","","","","","","","","","",92,1,"","","","","","","","","","","","","","","","","","","","","","","","","","","","","","","","","","","","","","","","","","","","","","","","","","","","","","","","","","","","","","","","","","","","","","","","","","","","","","","","","","","","","","","","","","","","","","","","","","",0,1,"","","","","","","","","","","","","","","","","","","","","","","","","","","","","",""
"61328002","LE PIN-AU-HARAS -INRAE",48.735833,0.128167,176,2002122404,0.,1,"","","","","","","","","","","","","","","","","","","","","","","","","","","","","","","","","","",10.7,1,"","","","","","","","","","","","","","","","","","","","","","","","","","","","",94,1,"","","","","","","","","","","","","","","","","","","","","","","","","","","","","","","","","","","","","","","","","","","","","","","","","","","","","","","","","","","","","","","","","","","","","","","","","","","","","","","","","","","","","","","","","","","","","","","","","","",0,1,"","","","","","","","","","","","","","","","","","","","","","","","","","","","","",""
"61328002","LE PIN-AU-HARAS -INRAE",48.735833,0.128167,176,2002122405,0.,1,"","","","","","","","","","","","","","","","","","","","","","","","","","","","","","","","","","",10.6,1,"","","","","","","","","","","","","","","","","","","","","","","","","","","","",93,1,"","","","","","","","","","","","","","","","","","","","","","","","","","","","","","","","","","","","","","","","","","","","","","","","","","","","","","","","","","","","","","","","","","","","","","","","","","","","","","","","","","","","","","","","","","","","","","","","","","",0,1,"","","","","","","","","","","","","","","","","","","","","","","","","","","","","",""
"61328002","LE PIN-AU-HARAS -INRAE",48.735833,0.128167,176,2002122406,1.,1,"","","","","","","","","","","","","","","","","","","","","","","","","","","","","","","","","","",10.1,1,"","","","","","","","","","","","","","","","","","","","","","","","","","","","",97,1,"","","","","","","","","","","","","","","","","","","","","","","","","","","","","","","","","","","","","","","","","","","","","","","","","","","","","","","","","","","","","","","","","","","","","","","","","","","","","","","","","","","","","","","","","","","","","","","","","","",0,1,"","","","","","","","","","","","","","","","","","","","","","","","","","","","","",""
"61328002","LE PIN-AU-HARAS -INRAE",48.735833,0.128167,176,2002122407,0.,1,"","","","","","","","","","","","","","","","","","","","","","","","","","","","","","","","","","",10.4,1,"","","","","","","","","","","","","","","","","","","","","","","","","","","","",98,1,"","","","","","","","","","","","","","","","","","","","","","","","","","","","","","","","","","","","","","","","","","","","","","","","","","","","","","","","","","","","","","","","","","","","","","","","","","","","","","","","","","","","","","","","","","","","","","","","","","",0,1,"","","","","","","","","","","","","","","","","","","","","","","","","","","","","",""
"61328002","LE PIN-AU-HARAS -INRAE",48.735833,0.128167,176,2002122408,0.5,1,"","","","","","","","","","","","","","","","","","","","","","","","","","","","","","","","","","",11.2,1,"","","","","","","","","","","","","","","","","","","","","","","","","","","","",94,1,"","","","","","","","","","","","","","","","","","","","","","","","","","","","","","","","","","","","","","","","","","","","","","","","","","","","","","","","","","","","","","","","","","","","","","","","","","","","","","","","","","","","","","","","","","","","","","","","","","",0,1,"","","","","","","","","","","","","","","","","","","","","","","","","","","","","",""
"61328002","LE PIN-AU-HARAS -INRAE",48.735833,0.128167,176,2002122409,0.,1,"","","","","","","","","","","","","","","","","","","","","","","","","","","","","","","","","","",11.1,1,"","","","","","","","","","","","","","","","","","","","","","","","","","","","",92,1,"","","","","","","","","","","","","","","","","","","","","","","","","","","","","","","","","","","","","","","","","","","","","","","","","","","","","","","","","","","","","","","","","","","","","","","","","","","","","","","","","","","","","","","","","","","","","","","","","","",6,1,"","","","","","","","","","","","","","","","","","","","","","","","","","","","","",""
"61328002","LE PIN-AU-HARAS -INRAE",48.735833,0.128167,176,2002122410,0.,1,"","","","","","","","","","","","","","","","","","","","","","","","","","","","","","","","","","",11.2,1,"","","","","","","","","","","","","","","","","","","","","","","","","","","","",91,1,"","","","","","","","","","","","","","","","","","","","","","","","","","","","","","","","","","","","","","","","","","","","","","","","","","","","","","","","","","","","","","","","","","","","","","","","","","","","","","","","","","","","","","","","","","","","","","","","","","",24,1,"","","","","","","","","","","","","","","","","","","","","","","","","","","","","",""
"61328002","LE PIN-AU-HARAS -INRAE",48.735833,0.128167,176,2002122411,0.5,1,"","","","","","","","","","","","","","","","","","","","","","","","","","","","","","","","","","",10.7,1,"","","","","","","","","","","","","","","","","","","","","","","","","","","","",94,1,"","","","","","","","","","","","","","","","","","","","","","","","","","","","","","","","","","","","","","","","","","","","","","","","","","","","","","","","","","","","","","","","","","","","","","","","","","","","","","","","","","","","","","","","","","","","","","","","","","",22,1,"","","","","","","","","","","","","","","","","","","","","","","","","","","","","",""
"61328002","LE PIN-AU-HARAS -INRAE",48.735833,0.128167,176,2002122412,0.5,1,"","","","","","","","","","","","","","","","","","","","","","","","","","","","","","","","","","",11.2,1,"","","","","","","","","","","","","","","","","","","","","","","","","","","","",95,1,"","","","","","","","","","","","","","","","","","","","","","","","","","","","","","","","","","","","","","","","","","","","","","","","","","","","","","","","","","","","","","","","","","","","","","","","","","","","","","","","","","","","","","","","","","","","","","","","","","",14,1,"","","","","","","","","","","","","","","","","","","","","","","","","","","","","",""
"61328002","LE PIN-AU-HARAS -INRAE",48.735833,0.128167,176,2002122413,0.,1,"","","","","","","","","","","","","","","","","","","","","","","","","","","","","","","","","","",11.5,1,"","","","","","","","","","","","","","","","","","","","","","","","","","","","",93,1,"","","","","","","","","","","","","","","","","","","","","","","","","","","","","","","","","","","","","","","","","","","","","","","","","","","","","","","","","","","","","","","","","","","","","","","","","","","","","","","","","","","","","","","","","","","","","","","","","","",20,1,"","","","","","","","","","","","","","","","","","","","","","","","","","","","","",""
"61328002","LE PIN-AU-HARAS -INRAE",48.735833,0.128167,176,2002122414,0.,1,"","","","","","","","","","","","","","","","","","","","","","","","","","","","","","","","","","",11.8,1,"","","","","","","","","","","","","","","","","","","","","","","","","","","","",94,1,"","","","","","","","","","","","","","","","","","","","","","","","","","","","","","","","","","","","","","","","","","","","","","","","","","","","","","","","","","","","","","","","","","","","","","","","","","","","","","","","","","","","","","","","","","","","","","","","","","",12,1,"","","","","","","","","","","","","","","","","","","","","","","","","","","","","",""
"61328002","LE PIN-AU-HARAS -INRAE",48.735833,0.128167,176,2002122415,0.,1,"","","","","","","","","","","","","","","","","","","","","","","","","","","","","","","","","","",11.8,1,"","","","","","","","","","","","","","","","","","","","","","","","","","","","",95,1,"","","","","","","","","","","","","","","","","","","","","","","","","","","","","","","","","","","","","","","","","","","","","","","","","","","","","","","","","","","","","","","","","","","","","","","","","","","","","","","","","","","","","","","","","","","","","","","","","","",6,1,"","","","","","","","","","","","","","","","","","","","","","","","","","","","","",""
"61328002","LE PIN-AU-HARAS -INRAE",48.735833,0.128167,176,2002122416,0.,1,"","","","","","","","","","","","","","","","","","","","","","","","","","","","","","","","","","",12.2,1,"","","","","","","","","","","","","","","","","","","","","","","","","","","","",93,1,"","","","","","","","","","","","","","","","","","","","","","","","","","","","","","","","","","","","","","","","","","","","","","","","","","","","","","","","","","","","","","","","","","","","","","","","","","","","","","","","","","","","","","","","","","","","","","","","","","",0,1,"","","","","","","","","","","","","","","","","","","","","","","","","","","","","",""
"61328002","LE PIN-AU-HARAS -INRAE",48.735833,0.128167,176,2002122417,0.,1,"","","","","","","","","","","","","","","","","","","","","","","","","","","","","","","","","","",12.1,1,"","","","","","","","","","","","","","","","","","","","","","","","","","","","",90,1,"","","","","","","","","","","","","","","","","","","","","","","","","","","","","","","","","","","","","","","","","","","","","","","","","","","","","","","","","","","","","","","","","","","","","","","","","","","","","","","","","","","","","","","","","","","","","","","","","","",0,1,"","","","","","","","","","","","","","","","","","","","","","","","","","","","","",""
"61328002","LE PIN-AU-HARAS -INRAE",48.735833,0.128167,176,2002122418,0.,1,"","","","","","","","","","","","","","","","","","","","","","","","","","","","","","","","","","",11.8,1,"","","","","","","","","","","","","","","","","","","","","","","","","","","","",90,1,"","","","","","","","","","","","","","","","","","","","","","","","","","","","","","","","","","","","","","","","","","","","","","","","","","","","","","","","","","","","","","","","","","","","","","","","","","","","","","","","","","","","","","","","","","","","","","","","","","",0,1,"","","","","","","","","","","","","","","","","","","","","","","","","","","","","",""
"61328002","LE PIN-AU-HARAS -INRAE",48.735833,0.128167,176,2002122419,0.,1,"","","","","","","","","","","","","","","","","","","","","","","","","","","","","","","","","","",10.7,1,"","","","","","","","","","","","","","","","","","","","","","","","","","","","",94,1,"","","","","","","","","","","","","","","","","","","","","","","","","","","","","","","","","","","","","","","","","","","","","","","","","","","","","","","","","","","","","","","","","","","","","","","","","","","","","","","","","","","","","","","","","","","","","","","","","","",0,1,"","","","","","","","","","","","","","","","","","","","","","","","","","","","","",""
"61328002","LE PIN-AU-HARAS -INRAE",48.735833,0.128167,176,2002122420,0.,1,"","","","","","","","","","","","","","","","","","","","","","","","","","","","","","","","","","",10.3,1,"","","","","","","","","","","","","","","","","","","","","","","","","","","","",96,1,"","","","","","","","","","","","","","","","","","","","","","","","","","","","","","","","","","","","","","","","","","","","","","","","","","","","","","","","","","","","","","","","","","","","","","","","","","","","","","","","","","","","","","","","","","","","","","","","","","",0,1,"","","","","","","","","","","","","","","","","","","","","","","","","","","","","",""
"61328002","LE PIN-AU-HARAS -INRAE",48.735833,0.128167,176,2002122421,0.,1,"","","","","","","","","","","","","","","","","","","","","","","","","","","","","","","","","","",10.5,1,"","","","","","","","","","","","","","","","","","","","","","","","","","","","",97,1,"","","","","","","","","","","","","","","","","","","","","","","","","","","","","","","","","","","","","","","","","","","","","","","","","","","","","","","","","","","","","","","","","","","","","","","","","","","","","","","","","","","","","","","","","","","","","","","","","","",0,1,"","","","","","","","","","","","","","","","","","","","","","","","","","","","","",""
"61328002","LE PIN-AU-HARAS -INRAE",48.735833,0.128167,176,2002122422,0.,1,"","","","","","","","","","","","","","","","","","","","","","","","","","","","","","","","","","",10.3,1,"","","","","","","","","","","","","","","","","","","","","","","","","","","","",97,1,"","","","","","","","","","","","","","","","","","","","","","","","","","","","","","","","","","","","","","","","","","","","","","","","","","","","","","","","","","","","","","","","","","","","","","","","","","","","","","","","","","","","","","","","","","","","","","","","","","",0,1,"","","","","","","","","","","","","","","","","","","","","","","","","","","","","",""
"61328002","LE PIN-AU-HARAS -INRAE",48.735833,0.128167,176,2002122423,0.,1,"","","","","","","","","","","","","","","","","","","","","","","","","","","","","","","","","","",10.5,1,"","","","","","","","","","","","","","","","","","","","","","","","","","","","",97,1,"","","","","","","","","","","","","","","","","","","","","","","","","","","","","","","","","","","","","","","","","","","","","","","","","","","","","","","","","","","","","","","","","","","","","","","","","","","","","","","","","","","","","","","","","","","","","","","","","","",0,1,"","","","","","","","","","","","","","","","","","","","","","","","","","","","","",""
"61328002","LE PIN-AU-HARAS -INRAE",48.735833,0.128167,176,2002122500,0.,1,"","","","","","","","","","","","","","","","","","","","","","","","","","","","","","","","","","",10.5,1,"","","","","","","","","","","","","","","","","","","","","","","","","","","","",97,1,"","","","","","","","","","","","","","","","","","","","","","","","","","","","","","","","","","","","","","","","","","","","","","","","","","","","","","","","","","","","","","","","","","","","","","","","","","","","","","","","","","","","","","","","","","","","","","","","","","",0,1,"","","","","","","","","","","","","","","","","","","","","","","","","","","","","",""
"61328002","LE PIN-AU-HARAS -INRAE",48.735833,0.128167,176,2002122501,0.,1,"","","","","","","","","","","","","","","","","","","","","","","","","","","","","","","","","","",10.4,1,"","","","","","","","","","","","","","","","","","","","","","","","","","","","",97,1,"","","","","","","","","","","","","","","","","","","","","","","","","","","","","","","","","","","","","","","","","","","","","","","","","","","","","","","","","","","","","","","","","","","","","","","","","","","","","","","","","","","","","","","","","","","","","","","","","","",0,1,"","","","","","","","","","","","","","","","","","","","","","","","","","","","","",""
"61328002","LE PIN-AU-HARAS -INRAE",48.735833,0.128167,176,2002122502,0.,1,"","","","","","","","","","","","","","","","","","","","","","","","","","","","","","","","","","",10.3,1,"","","","","","","","","","","","","","","","","","","","","","","","","","","","",94,1,"","","","","","","","","","","","","","","","","","","","","","","","","","","","","","","","","","","","","","","","","","","","","","","","","","","","","","","","","","","","","","","","","","","","","","","","","","","","","","","","","","","","","","","","","","","","","","","","","","",0,1,"","","","","","","","","","","","","","","","","","","","","","","","","","","","","",""
"61328002","LE PIN-AU-HARAS -INRAE",48.735833,0.128167,176,2002122503,0.,1,"","","","","","","","","","","","","","","","","","","","","","","","","","","","","","","","","","",10.2,1,"","","","","","","","","","","","","","","","","","","","","","","","","","","","",92,1,"","","","","","","","","","","","","","","","","","","","","","","","","","","","","","","","","","","","","","","","","","","","","","","","","","","","","","","","","","","","","","","","","","","","","","","","","","","","","","","","","","","","","","","","","","","","","","","","","","",0,1,"","","","","","","","","","","","","","","","","","","","","","","","","","","","","",""
"61328002","LE PIN-AU-HARAS -INRAE",48.735833,0.128167,176,2002122504,0.,1,"","","","","","","","","","","","","","","","","","","","","","","","","","","","","","","","","","",9.8,1,"","","","","","","","","","","","","","","","","","","","","","","","","","","","",95,1,"","","","","","","","","","","","","","","","","","","","","","","","","","","","","","","","","","","","","","","","","","","","","","","","","","","","","","","","","","","","","","","","","","","","","","","","","","","","","","","","","","","","","","","","","","","","","","","","","","",0,1,"","","","","","","","","","","","","","","","","","","","","","","","","","","","","",""
"61328002","LE PIN-AU-HARAS -INRAE",48.735833,0.128167,176,2002122505,0.,1,"","","","","","","","","","","","","","","","","","","","","","","","","","","","","","","","","","",10.,1,"","","","","","","","","","","","","","","","","","","","","","","","","","","","",93,1,"","","","","","","","","","","","","","","","","","","","","","","","","","","","","","","","","","","","","","","","","","","","","","","","","","","","","","","","","","","","","","","","","","","","","","","","","","","","","","","","","","","","","","","","","","","","","","","","","","",0,1,"","","","","","","","","","","","","","","","","","","","","","","","","","","","","",""
"61328002","LE PIN-AU-HARAS -INRAE",48.735833,0.128167,176,2002122506,0.,1,"","","","","","","","","","","","","","","","","","","","","","","","","","","","","","","","","","",9.6,1,"","","","","","","","","","","","","","","","","","","","","","","","","","","","",96,1,"","","","","","","","","","","","","","","","","","","","","","","","","","","","","","","","","","","","","","","","","","","","","","","","","","","","","","","","","","","","","","","","","","","","","","","","","","","","","","","","","","","","","","","","","","","","","","","","","","",0,1,"","","","","","","","","","","","","","","","","","","","","","","","","","","","","",""
"61328002","LE PIN-AU-HARAS -INRAE",48.735833,0.128167,176,2002122507,0.,1,"","","","","","","","","","","","","","","","","","","","","","","","","","","","","","","","","","",9.5,1,"","","","","","","","","","","","","","","","","","","","","","","","","","","","",97,1,"","","","","","","","","","","","","","","","","","","","","","","","","","","","","","","","","","","","","","","","","","","","","","","","","","","","","","","","","","","","","","","","","","","","","","","","","","","","","","","","","","","","","","","","","","","","","","","","","","",0,1,"","","","","","","","","","","","","","","","","","","","","","","","","","","","","",""
"61328002","LE PIN-AU-HARAS -INRAE",48.735833,0.128167,176,2002122508,0.,1,"","","","","","","","","","","","","","","","","","","","","","","","","","","","","","","","","","",8.1,1,"","","","","","","","","","","","","","","","","","","","","","","","","","","","",97,1,"","","","","","","","","","","","","","","","","","","","","","","","","","","","","","","","","","","","","","","","","","","","","","","","","","","","","","","","","","","","","","","","","","","","","","","","","","","","","","","","","","","","","","","","","","","","","","","","","","",0,1,"","","","","","","","","","","","","","","","","","","","","","","","","","","","","",""
"61328002","LE PIN-AU-HARAS -INRAE",48.735833,0.128167,176,2002122509,0.,1,"","","","","","","","","","","","","","","","","","","","","","","","","","","","","","","","","","",9.1,1,"","","","","","","","","","","","","","","","","","","","","","","","","","","","",97,1,"","","","","","","","","","","","","","","","","","","","","","","","","","","","","","","","","","","","","","","","","","","","","","","","","","","","","","","","","","","","","","","","","","","","","","","","","","","","","","","","","","","","","","","","","","","","","","","","","","",12,1,"","","","","","","","","","","","","","","","","","","","","","","","","","","","","",""
"61328002","LE PIN-AU-HARAS -INRAE",48.735833,0.128167,176,2002122510,0.,1,"","","","","","","","","","","","","","","","","","","","","","","","","","","","","","","","","","",9.8,1,"","","","","","","","","","","","","","","","","","","","","","","","","","","","",93,1,"","","","","","","","","","","","","","","","","","","","","","","","","","","","","","","","","","","","","","","","","","","","","","","","","","","","","","","","","","","","","","","","","","","","","","","","","","","","","","","","","","","","","","","","","","","","","","","","","","",22,1,"","","","","","","","","","","","","","","","","","","","","","","","","","","","","",""
"61328002","LE PIN-AU-HARAS -INRAE",48.735833,0.128167,176,2002122511,0.,1,"","","","","","","","","","","","","","","","","","","","","","","","","","","","","","","","","","",10.3,1,"","","","","","","","","","","","","","","","","","","","","","","","","","","","",90,1,"","","","","","","","","","","","","","","","","","","","","","","","","","","","","","","","","","","","","","","","","","","","","","","","","","","","","","","","","","","","","","","","","","","","","","","","","","","","","","","","","","","","","","","","","","","","","","","","","","",38,1,"","","","","","","","","","","","","","","","","","","","","","","","","","","","","",""
"61328002","LE PIN-AU-HARAS -INRAE",48.735833,0.128167,176,2002122512,0.,1,"","","","","","","","","","","","","","","","","","","","","","","","","","","","","","","","","","",10.5,1,"","","","","","","","","","","","","","","","","","","","","","","","","","","","",87,1,"","","","","","","","","","","","","","","","","","","","","","","","","","","","","","","","","","","","","","","","","","","","","","","","","","","","","","","","","","","","","","","","","","","","","","","","","","","","","","","","","","","","","","","","","","","","","","","","","","",44,1,"","","","","","","","","","","","","","","","","","","","","","","","","","","","","",""
"61328002","LE PIN-AU-HARAS -INRAE",48.735833,0.128167,176,2002122513,0.,1,"","","","","","","","","","","","","","","","","","","","","","","","","","","","","","","","","","",10.6,1,"","","","","","","","","","","","","","","","","","","","","","","","","","","","",89,1,"","","","","","","","","","","","","","","","","","","","","","","","","","","","","","","","","","","","","","","","","","","","","","","","","","","","","","","","","","","","","","","","","","","","","","","","","","","","","","","","","","","","","","","","","","","","","","","","","","",56,1,"","","","","","","","","","","","","","","","","","","","","","","","","","","","","",""
"61328002","LE PIN-AU-HARAS -INRAE",48.735833,0.128167,176,2002122514,0.,1,"","","","","","","","","","","","","","","","","","","","","","","","","","","","","","","","","","",10.5,1,"","","","","","","","","","","","","","","","","","","","","","","","","","","","",87,1,"","","","","","","","","","","","","","","","","","","","","","","","","","","","","","","","","","","","","","","","","","","","","","","","","","","","","","","","","","","","","","","","","","","","","","","","","","","","","","","","","","","","","","","","","","","","","","","","","","",22,1,"","","","","","","","","","","","","","","","","","","","","","","","","","","","","",""
"61328002","LE PIN-AU-HARAS -INRAE",48.735833,0.128167,176,2002122515,0.,1,"","","","","","","","","","","","","","","","","","","","","","","","","","","","","","","","","","",10.1,1,"","","","","","","","","","","","","","","","","","","","","","","","","","","","",89,1,"","","","","","","","","","","","","","","","","","","","","","","","","","","","","","","","","","","","","","","","","","","","","","","","","","","","","","","","","","","","","","","","","","","","","","","","","","","","","","","","","","","","","","","","","","","","","","","","","","",16,1,"","","","","","","","","","","","","","","","","","","","","","","","","","","","","",""
"61328002","LE PIN-AU-HARAS -INRAE",48.735833,0.128167,176,2002122516,0.,1,"","","","","","","","","","","","","","","","","","","","","","","","","","","","","","","","","","",9.9,1,"","","","","","","","","","","","","","","","","","","","","","","","","","","","",91,1,"","","","","","","","","","","","","","","","","","","","","","","","","","","","","","","","","","","","","","","","","","","","","","","","","","","","","","","","","","","","","","","","","","","","","","","","","","","","","","","","","","","","","","","","","","","","","","","","","","",2,1,"","","","","","","","","","","","","","","","","","","","","","","","","","","","","",""
"61328002","LE PIN-AU-HARAS -INRAE",48.735833,0.128167,176,2002122517,0.5,1,"","","","","","","","","","","","","","","","","","","","","","","","","","","","","","","","","","",9.4,1,"","","","","","","","","","","","","","","","","","","","","","","","","","","","",93,1,"","","","","","","","","","","","","","","","","","","","","","","","","","","","","","","","","","","","","","","","","","","","","","","","","","","","","","","","","","","","","","","","","","","","","","","","","","","","","","","","","","","","","","","","","","","","","","","","","","",0,1,"","","","","","","","","","","","","","","","","","","","","","","","","","","","","",""
"61328002","LE PIN-AU-HARAS -INRAE",48.735833,0.128167,176,2002122518,0.5,1,"","","","","","","","","","","","","","","","","","","","","","","","","","","","","","","","","","",9.2,1,"","","","","","","","","","","","","","","","","","","","","","","","","","","","",95,1,"","","","","","","","","","","","","","","","","","","","","","","","","","","","","","","","","","","","","","","","","","","","","","","","","","","","","","","","","","","","","","","","","","","","","","","","","","","","","","","","","","","","","","","","","","","","","","","","","","",0,1,"","","","","","","","","","","","","","","","","","","","","","","","","","","","","",""
"61328002","LE PIN-AU-HARAS -INRAE",48.735833,0.128167,176,2002122519,0.,1,"","","","","","","","","","","","","","","","","","","","","","","","","","","","","","","","","","",9.6,1,"","","","","","","","","","","","","","","","","","","","","","","","","","","","",96,1,"","","","","","","","","","","","","","","","","","","","","","","","","","","","","","","","","","","","","","","","","","","","","","","","","","","","","","","","","","","","","","","","","","","","","","","","","","","","","","","","","","","","","","","","","","","","","","","","","","",0,1,"","","","","","","","","","","","","","","","","","","","","","","","","","","","","",""
"61328002","LE PIN-AU-HARAS -INRAE",48.735833,0.128167,176,2002122520,0.,1,"","","","","","","","","","","","","","","","","","","","","","","","","","","","","","","","","","",9.6,1,"","","","","","","","","","","","","","","","","","","","","","","","","","","","",96,1,"","","","","","","","","","","","","","","","","","","","","","","","","","","","","","","","","","","","","","","","","","","","","","","","","","","","","","","","","","","","","","","","","","","","","","","","","","","","","","","","","","","","","","","","","","","","","","","","","","",0,1,"","","","","","","","","","","","","","","","","","","","","","","","","","","","","",""
"61328002","LE PIN-AU-HARAS -INRAE",48.735833,0.128167,176,2002122521,0.,1,"","","","","","","","","","","","","","","","","","","","","","","","","","","","","","","","","","",10.3,1,"","","","","","","","","","","","","","","","","","","","","","","","","","","","",98,1,"","","","","","","","","","","","","","","","","","","","","","","","","","","","","","","","","","","","","","","","","","","","","","","","","","","","","","","","","","","","","","","","","","","","","","","","","","","","","","","","","","","","","","","","","","","","","","","","","","",0,1,"","","","","","","","","","","","","","","","","","","","","","","","","","","","","",""
"61328002","LE PIN-AU-HARAS -INRAE",48.735833,0.128167,176,2002122522,0.,1,"","","","","","","","","","","","","","","","","","","","","","","","","","","","","","","","","","",10.7,1,"","","","","","","","","","","","","","","","","","","","","","","","","","","","",99,1,"","","","","","","","","","","","","","","","","","","","","","","","","","","","","","","","","","","","","","","","","","","","","","","","","","","","","","","","","","","","","","","","","","","","","","","","","","","","","","","","","","","","","","","","","","","","","","","","","","",0,1,"","","","","","","","","","","","","","","","","","","","","","","","","","","","","",""
"61328002","LE PIN-AU-HARAS -INRAE",48.735833,0.128167,176,2002122523,0.,1,"","","","","","","","","","","","","","","","","","","","","","","","","","","","","","","","","","",10.7,1,"","","","","","","","","","","","","","","","","","","","","","","","","","","","",100,1,"","","","","","","","","","","","","","","","","","","","","","","","","","","","","","","","","","","","","","","","","","","","","","","","","","","","","","","","","","","","","","","","","","","","","","","","","","","","","","","","","","","","","","","","","","","","","","","","","","",0,1,"","","","","","","","","","","","","","","","","","","","","","","","","","","","","",""
"61328002","LE PIN-AU-HARAS -INRAE",48.735833,0.128167,176,2002122600,0.,1,"","","","","","","","","","","","","","","","","","","","","","","","","","","","","","","","","","",10.9,1,"","","","","","","","","","","","","","","","","","","","","","","","","","","","",100,1,"","","","","","","","","","","","","","","","","","","","","","","","","","","","","","","","","","","","","","","","","","","","","","","","","","","","","","","","","","","","","","","","","","","","","","","","","","","","","","","","","","","","","","","","","","","","","","","","","","",0,1,"","","","","","","","","","","","","","","","","","","","","","","","","","","","","",""
"61328002","LE PIN-AU-HARAS -INRAE",48.735833,0.128167,176,2002122601,0.5,1,"","","","","","","","","","","","","","","","","","","","","","","","","","","","","","","","","","",11.3,1,"","","","","","","","","","","","","","","","","","","","","","","","","","","","",100,1,"","","","","","","","","","","","","","","","","","","","","","","","","","","","","","","","","","","","","","","","","","","","","","","","","","","","","","","","","","","","","","","","","","","","","","","","","","","","","","","","","","","","","","","","","","","","","","","","","","",0,1,"","","","","","","","","","","","","","","","","","","","","","","","","","","","","",""
"61328002","LE PIN-AU-HARAS -INRAE",48.735833,0.128167,176,2002122602,1.5,1,"","","","","","","","","","","","","","","","","","","","","","","","","","","","","","","","","","",11.1,1,"","","","","","","","","","","","","","","","","","","","","","","","","","","","",100,1,"","","","","","","","","","","","","","","","","","","","","","","","","","","","","","","","","","","","","","","","","","","","","","","","","","","","","","","","","","","","","","","","","","","","","","","","","","","","","","","","","","","","","","","","","","","","","","","","","","",0,1,"","","","","","","","","","","","","","","","","","","","","","","","","","","","","",""
"61328002","LE PIN-AU-HARAS -INRAE",48.735833,0.128167,176,2002122603,2.,1,"","","","","","","","","","","","","","","","","","","","","","","","","","","","","","","","","","",11.,1,"","","","","","","","","","","","","","","","","","","","","","","","","","","","",100,1,"","","","","","","","","","","","","","","","","","","","","","","","","","","","","","","","","","","","","","","","","","","","","","","","","","","","","","","","","","","","","","","","","","","","","","","","","","","","","","","","","","","","","","","","","","","","","","","","","","",0,1,"","","","","","","","","","","","","","","","","","","","","","","","","","","","","",""
"61328002","LE PIN-AU-HARAS -INRAE",48.735833,0.128167,176,2002122604,0.,1,"","","","","","","","","","","","","","","","","","","","","","","","","","","","","","","","","","",11.6,1,"","","","","","","","","","","","","","","","","","","","","","","","","","","","",99,1,"","","","","","","","","","","","","","","","","","","","","","","","","","","","","","","","","","","","","","","","","","","","","","","","","","","","","","","","","","","","","","","","","","","","","","","","","","","","","","","","","","","","","","","","","","","","","","","","","","",0,1,"","","","","","","","","","","","","","","","","","","","","","","","","","","","","",""
"61328002","LE PIN-AU-HARAS -INRAE",48.735833,0.128167,176,2002122605,0.,1,"","","","","","","","","","","","","","","","","","","","","","","","","","","","","","","","","","",11.8,1,"","","","","","","","","","","","","","","","","","","","","","","","","","","","",97,1,"","","","","","","","","","","","","","","","","","","","","","","","","","","","","","","","","","","","","","","","","","","","","","","","","","","","","","","","","","","","","","","","","","","","","","","","","","","","","","","","","","","","","","","","","","","","","","","","","","",0,1,"","","","","","","","","","","","","","","","","","","","","","","","","","","","","",""
"61328002","LE PIN-AU-HARAS -INRAE",48.735833,0.128167,176,2002122606,1.,1,"","","","","","","","","","","","","","","","","","","","","","","","","","","","","","","","","","",12.,1,"","","","","","","","","","","","","","","","","","","","","","","","","","","","",97,1,"","","","","","","","","","","","","","","","","","","","","","","","","","","","","","","","","","","","","","","","","","","","","","","","","","","","","","","","","","","","","","","","","","","","","","","","","","","","","","","","","","","","","","","","","","","","","","","","","","",0,1,"","","","","","","","","","","","","","","","","","","","","","","","","","","","","",""
"61328002","LE PIN-AU-HARAS -INRAE",48.735833,0.128167,176,2002122607,0.,1,"","","","","","","","","","","","","","","","","","","","","","","","","","","","","","","","","","",12.,1,"","","","","","","","","","","","","","","","","","","","","","","","","","","","",93,1,"","","","","","","","","","","","","","","","","","","","","","","","","","","","","","","","","","","","","","","","","","","","","","","","","","","","","","","","","","","","","","","","","","","","","","","","","","","","","","","","","","","","","","","","","","","","","","","","","","",0,1,"","","","","","","","","","","","","","","","","","","","","","","","","","","","","",""
"61328002","LE PIN-AU-HARAS -INRAE",48.735833,0.128167,176,2002122608,0.,1,"","","","","","","","","","","","","","","","","","","","","","","","","","","","","","","","","","",11.8,1,"","","","","","","","","","","","","","","","","","","","","","","","","","","","",91,1,"","","","","","","","","","","","","","","","","","","","","","","","","","","","","","","","","","","","","","","","","","","","","","","","","","","","","","","","","","","","","","","","","","","","","","","","","","","","","","","","","","","","","","","","","","","","","","","","","","",0,1,"","","","","","","","","","","","","","","","","","","","","","","","","","","","","",""
"61328002","LE PIN-AU-HARAS -INRAE",48.735833,0.128167,176,2002122609,0.,1,"","","","","","","","","","","","","","","","","","","","","","","","","","","","","","","","","","",11.7,1,"","","","","","","","","","","","","","","","","","","","","","","","","","","","",86,1,"","","","","","","","","","","","","","","","","","","","","","","","","","","","","","","","","","","","","","","","","","","","","","","","","","","","","","","","","","","","","","","","","","","","","","","","","","","","","","","","","","","","","","","","","","","","","","","","","","",12,1,"","","","","","","","","","","","","","","","","","","","","","","","","","","","","",""
"61328002","LE PIN-AU-HARAS -INRAE",48.735833,0.128167,176,2002122610,0.,1,"","","","","","","","","","","","","","","","","","","","","","","","","","","","","","","","","","",11.7,1,"","","","","","","","","","","","","","","","","","","","","","","","","","","","",81,1,"","","","","","","","","","","","","","","","","","","","","","","","","","","","","","","","","","","","","","","","","","","","","","","","","","","","","","","","","","","","","","","","","","","","","","","","","","","","","","","","","","","","","","","","","","","","","","","","","","",24,1,"","","","","","","","","","","","","","","","","","","","","","","","","","","","","",""
"61328002","LE PIN-AU-HARAS -INRAE",48.735833,0.128167,176,2002122611,0.,1,"","","","","","","","","","","","","","","","","","","","","","","","","","","","","","","","","","",11.9,1,"","","","","","","","","","","","","","","","","","","","","","","","","","","","",78,1,"","","","","","","","","","","","","","","","","","","","","","","","","","","","","","","","","","","","","","","","","","","","","","","","","","","","","","","","","","","","","","","","","","","","","","","","","","","","","","","","","","","","","","","","","","","","","","","","","","",56,1,"","","","","","","","","","","","","","","","","","","","","","","","","","","","","",""
"61328002","LE PIN-AU-HARAS -INRAE",48.735833,0.128167,176,2002122612,0.,1,"","","","","","","","","","","","","","","","","","","","","","","","","","","","","","","","","","",12.3,1,"","","","","","","","","","","","","","","","","","","","","","","","","","","","",78,1,"","","","","","","","","","","","","","","","","","","","","","","","","","","","","","","","","","","","","","","","","","","","","","","","","","","","","","","","","","","","","","","","","","","","","","","","","","","","","","","","","","","","","","","","","","","","","","","","","","",56,1,"","","","","","","","","","","","","","","","","","","","","","","","","","","","","",""
"61328002","LE PIN-AU-HARAS -INRAE",48.735833,0.128167,176,2002122613,0.,1,"","","","","","","","","","","","","","","","","","","","","","","","","","","","","","","","","","",12.6,1,"","","","","","","","","","","","","","","","","","","","","","","","","","","","",76,1,"","","","","","","","","","","","","","","","","","","","","","","","","","","","","","","","","","","","","","","","","","","","","","","","","","","","","","","","","","","","","","","","","","","","","","","","","","","","","","","","","","","","","","","","","","","","","","","","","","",48,1,"","","","","","","","","","","","","","","","","","","","","","","","","","","","","",""
"61328002","LE PIN-AU-HARAS -INRAE",48.735833,0.128167,176,2002122614,0.,1,"","","","","","","","","","","","","","","","","","","","","","","","","","","","","","","","","","",12.,1,"","","","","","","","","","","","","","","","","","","","","","","","","","","","",75,1,"","","","","","","","","","","","","","","","","","","","","","","","","","","","","","","","","","","","","","","","","","","","","","","","","","","","","","","","","","","","","","","","","","","","","","","","","","","","","","","","","","","","","","","","","","","","","","","","","","",54,1,"","","","","","","","","","","","","","","","","","","","","","","","","","","","","",""
"61328002","LE PIN-AU-HARAS -INRAE",48.735833,0.128167,176,2002122615,0.,1,"","","","","","","","","","","","","","","","","","","","","","","","","","","","","","","","","","",11.4,1,"","","","","","","","","","","","","","","","","","","","","","","","","","","","",77,1,"","","","","","","","","","","","","","","","","","","","","","","","","","","","","","","","","","","","","","","","","","","","","","","","","","","","","","","","","","","","","","","","","","","","","","","","","","","","","","","","","","","","","","","","","","","","","","","","","","",28,1,"","","","","","","","","","","","","","","","","","","","","","","","","","","","","",""
"61328002","LE PIN-AU-HARAS -INRAE",48.735833,0.128167,176,2002122616,0.,1,"","","","","","","","","","","","","","","","","","","","","","","","","","","","","","","","","","",11.2,1,"","","","","","","","","","","","","","","","","","","","","","","","","","","","",81,1,"","","","","","","","","","","","","","","","","","","","","","","","","","","","","","","","","","","","","","","","","","","","","","","","","","","","","","","","","","","","","","","","","","","","","","","","","","","","","","","","","","","","","","","","","","","","","","","","","","",4,1,"","","","","","","","","","","","","","","","","","","","","","","","","","","","","",""
"61328002","LE PIN-AU-HARAS -INRAE",48.735833,0.128167,176,2002122617,0.,1,"","","","","","","","","","","","","","","","","","","","","","","","","","","","","","","","","","",11.,1,"","","","","","","","","","","","","","","","","","","","","","","","","","","","",83,1,"","","","","","","","","","","","","","","","","","","","","","","","","","","","","","","","","","","","","","","","","","","","","","","","","","","","","","","","","","","","","","","","","","","","","","","","","","","","","","","","","","","","","","","","","","","","","","","","","","",0,1,"","","","","","","","","","","","","","","","","","","","","","","","","","","","","",""
"61328002","LE PIN-AU-HARAS -INRAE",48.735833,0.128167,176,2002122618,0.,1,"","","","","","","","","","","","","","","","","","","","","","","","","","","","","","","","","","",11.2,1,"","","","","","","","","","","","","","","","","","","","","","","","","","","","",87,1,"","","","","","","","","","","","","","","","","","","","","","","","","","","","","","","","","","","","","","","","","","","","","","","","","","","","","","","","","","","","","","","","","","","","","","","","","","","","","","","","","","","","","","","","","","","","","","","","","","",0,1,"","","","","","","","","","","","","","","","","","","","","","","","","","","","","",""
"61328002","LE PIN-AU-HARAS -INRAE",48.735833,0.128167,176,2002122619,0.,1,"","","","","","","","","","","","","","","","","","","","","","","","","","","","","","","","","","",11.4,1,"","","","","","","","","","","","","","","","","","","","","","","","","","","","",87,1,"","","","","","","","","","","","","","","","","","","","","","","","","","","","","","","","","","","","","","","","","","","","","","","","","","","","","","","","","","","","","","","","","","","","","","","","","","","","","","","","","","","","","","","","","","","","","","","","","","",0,1,"","","","","","","","","","","","","","","","","","","","","","","","","","","","","",""
"61328002","LE PIN-AU-HARAS -INRAE",48.735833,0.128167,176,2002122620,0.,1,"","","","","","","","","","","","","","","","","","","","","","","","","","","","","","","","","","",11.9,1,"","","","","","","","","","","","","","","","","","","","","","","","","","","","",91,1,"","","","","","","","","","","","","","","","","","","","","","","","","","","","","","","","","","","","","","","","","","","","","","","","","","","","","","","","","","","","","","","","","","","","","","","","","","","","","","","","","","","","","","","","","","","","","","","","","","",0,1,"","","","","","","","","","","","","","","","","","","","","","","","","","","","","",""
"61328002","LE PIN-AU-HARAS -INRAE",48.735833,0.128167,176,2002122621,0.,1,"","","","","","","","","","","","","","","","","","","","","","","","","","","","","","","","","","",12.2,1,"","","","","","","","","","","","","","","","","","","","","","","","","","","","",91,1,"","","","","","","","","","","","","","","","","","","","","","","","","","","","","","","","","","","","","","","","","","","","","","","","","","","","","","","","","","","","","","","","","","","","","","","","","","","","","","","","","","","","","","","","","","","","","","","","","","",0,1,"","","","","","","","","","","","","","","","","","","","","","","","","","","","","",""
"61328002","LE PIN-AU-HARAS -INRAE",48.735833,0.128167,176,2002122622,0.,1,"","","","","","","","","","","","","","","","","","","","","","","","","","","","","","","","","","",12.6,1,"","","","","","","","","","","","","","","","","","","","","","","","","","","","",90,1,"","","","","","","","","","","","","","","","","","","","","","","","","","","","","","","","","","","","","","","","","","","","","","","","","","","","","","","","","","","","","","","","","","","","","","","","","","","","","","","","","","","","","","","","","","","","","","","","","","",0,1,"","","","","","","","","","","","","","","","","","","","","","","","","","","","","",""
"61328002","LE PIN-AU-HARAS -INRAE",48.735833,0.128167,176,2002122623,0.,1,"","","","","","","","","","","","","","","","","","","","","","","","","","","","","","","","","","",12.3,1,"","","","","","","","","","","","","","","","","","","","","","","","","","","","",91,1,"","","","","","","","","","","","","","","","","","","","","","","","","","","","","","","","","","","","","","","","","","","","","","","","","","","","","","","","","","","","","","","","","","","","","","","","","","","","","","","","","","","","","","","","","","","","","","","","","","",0,1,"","","","","","","","","","","","","","","","","","","","","","","","","","","","","",""
"61328002","LE PIN-AU-HARAS -INRAE",48.735833,0.128167,176,2002122700,0.5,1,"","","","","","","","","","","","","","","","","","","","","","","","","","","","","","","","","","",12.1,1,"","","","","","","","","","","","","","","","","","","","","","","","","","","","",92,1,"","","","","","","","","","","","","","","","","","","","","","","","","","","","","","","","","","","","","","","","","","","","","","","","","","","","","","","","","","","","","","","","","","","","","","","","","","","","","","","","","","","","","","","","","","","","","","","","","","",0,1,"","","","","","","","","","","","","","","","","","","","","","","","","","","","","",""
"61328002","LE PIN-AU-HARAS -INRAE",48.735833,0.128167,176,2002122701,0.,1,"","","","","","","","","","","","","","","","","","","","","","","","","","","","","","","","","","",11.6,1,"","","","","","","","","","","","","","","","","","","","","","","","","","","","",95,1,"","","","","","","","","","","","","","","","","","","","","","","","","","","","","","","","","","","","","","","","","","","","","","","","","","","","","","","","","","","","","","","","","","","","","","","","","","","","","","","","","","","","","","","","","","","","","","","","","","",0,1,"","","","","","","","","","","","","","","","","","","","","","","","","","","","","",""
"61328002","LE PIN-AU-HARAS -INRAE",48.735833,0.128167,176,2002122702,1.,1,"","","","","","","","","","","","","","","","","","","","","","","","","","","","","","","","","","",11.6,1,"","","","","","","","","","","","","","","","","","","","","","","","","","","","",96,1,"","","","","","","","","","","","","","","","","","","","","","","","","","","","","","","","","","","","","","","","","","","","","","","","","","","","","","","","","","","","","","","","","","","","","","","","","","","","","","","","","","","","","","","","","","","","","","","","","","",0,1,"","","","","","","","","","","","","","","","","","","","","","","","","","","","","",""
"61328002","LE PIN-AU-HARAS -INRAE",48.735833,0.128167,176,2002122703,1.,1,"","","","","","","","","","","","","","","","","","","","","","","","","","","","","","","","","","",11.5,1,"","","","","","","","","","","","","","","","","","","","","","","","","","","","",96,1,"","","","","","","","","","","","","","","","","","","","","","","","","","","","","","","","","","","","","","","","","","","","","","","","","","","","","","","","","","","","","","","","","","","","","","","","","","","","","","","","","","","","","","","","","","","","","","","","","","",0,1,"","","","","","","","","","","","","","","","","","","","","","","","","","","","","",""
"61328002","LE PIN-AU-HARAS -INRAE",48.735833,0.128167,176,2002122704,0.,1,"","","","","","","","","","","","","","","","","","","","","","","","","","","","","","","","","","",11.4,1,"","","","","","","","","","","","","","","","","","","","","","","","","","","","",95,1,"","","","","","","","","","","","","","","","","","","","","","","","","","","","","","","","","","","","","","","","","","","","","","","","","","","","","","","","","","","","","","","","","","","","","","","","","","","","","","","","","","","","","","","","","","","","","","","","","","",0,1,"","","","","","","","","","","","","","","","","","","","","","","","","","","","","",""
"61328002","LE PIN-AU-HARAS -INRAE",48.735833,0.128167,176,2002122705,0.,1,"","","","","","","","","","","","","","","","","","","","","","","","","","","","","","","","","","",11.2,1,"","","","","","","","","","","","","","","","","","","","","","","","","","","","",96,1,"","","","","","","","","","","","","","","","","","","","","","","","","","","","","","","","","","","","","","","","","","","","","","","","","","","","","","","","","","","","","","","","","","","","","","","","","","","","","","","","","","","","","","","","","","","","","","","","","","",0,1,"","","","","","","","","","","","","","","","","","","","","","","","","","","","","",""
"61328002","LE PIN-AU-HARAS -INRAE",48.735833,0.128167,176,2002122706,1.5,1,"","","","","","","","","","","","","","","","","","","","","","","","","","","","","","","","","","",10.8,1,"","","","","","","","","","","","","","","","","","","","","","","","","","","","",97,1,"","","","","","","","","","","","","","","","","","","","","","","","","","","","","","","","","","","","","","","","","","","","","","","","","","","","","","","","","","","","","","","","","","","","","","","","","","","","","","","","","","","","","","","","","","","","","","","","","","",0,1,"","","","","","","","","","","","","","","","","","","","","","","","","","","","","",""
"61328002","LE PIN-AU-HARAS -INRAE",48.735833,0.128167,176,2002122707,1.,1,"","","","","","","","","","","","","","","","","","","","","","","","","","","","","","","","","","",10.7,1,"","","","","","","","","","","","","","","","","","","","","","","","","","","","",99,1,"","","","","","","","","","","","","","","","","","","","","","","","","","","","","","","","","","","","","","","","","","","","","","","","","","","","","","","","","","","","","","","","","","","","","","","","","","","","","","","","","","","","","","","","","","","","","","","","","","",0,1,"","","","","","","","","","","","","","","","","","","","","","","","","","","","","",""
"61328002","LE PIN-AU-HARAS -INRAE",48.735833,0.128167,176,2002122708,1.,1,"","","","","","","","","","","","","","","","","","","","","","","","","","","","","","","","","","",10.6,1,"","","","","","","","","","","","","","","","","","","","","","","","","","","","",99,1,"","","","","","","","","","","","","","","","","","","","","","","","","","","","","","","","","","","","","","","","","","","","","","","","","","","","","","","","","","","","","","","","","","","","","","","","","","","","","","","","","","","","","","","","","","","","","","","","","","",0,1,"","","","","","","","","","","","","","","","","","","","","","","","","","","","","",""
"61328002","LE PIN-AU-HARAS -INRAE",48.735833,0.128167,176,2002122709,0.5,1,"","","","","","","","","","","","","","","","","","","","","","","","","","","","","","","","","","",10.6,1,"","","","","","","","","","","","","","","","","","","","","","","","","","","","",99,1,"","","","","","","","","","","","","","","","","","","","","","","","","","","","","","","","","","","","","","","","","","","","","","","","","","","","","","","","","","","","","","","","","","","","","","","","","","","","","","","","","","","","","","","","","","","","","","","","","","",2,1,"","","","","","","","","","","","","","","","","","","","","","","","","","","","","",""
"61328002","LE PIN-AU-HARAS -INRAE",48.735833,0.128167,176,2002122710,0.5,1,"","","","","","","","","","","","","","","","","","","","","","","","","","","","","","","","","","",10.8,1,"","","","","","","","","","","","","","","","","","","","","","","","","","","","",99,1,"","","","","","","","","","","","","","","","","","","","","","","","","","","","","","","","","","","","","","","","","","","","","","","","","","","","","","","","","","","","","","","","","","","","","","","","","","","","","","","","","","","","","","","","","","","","","","","","","","",8,1,"","","","","","","","","","","","","","","","","","","","","","","","","","","","","",""
"61328002","LE PIN-AU-HARAS -INRAE",48.735833,0.128167,176,2002122711,1.5,1,"","","","","","","","","","","","","","","","","","","","","","","","","","","","","","","","","","",10.7,1,"","","","","","","","","","","","","","","","","","","","","","","","","","","","",99,1,"","","","","","","","","","","","","","","","","","","","","","","","","","","","","","","","","","","","","","","","","","","","","","","","","","","","","","","","","","","","","","","","","","","","","","","","","","","","","","","","","","","","","","","","","","","","","","","","","","",12,1,"","","","","","","","","","","","","","","","","","","","","","","","","","","","","",""
"61328002","LE PIN-AU-HARAS -INRAE",48.735833,0.128167,176,2002122712,0.5,1,"","","","","","","","","","","","","","","","","","","","","","","","","","","","","","","","","","",11.,1,"","","","","","","","","","","","","","","","","","","","","","","","","","","","",99,1,"","","","","","","","","","","","","","","","","","","","","","","","","","","","","","","","","","","","","","","","","","","","","","","","","","","","","","","","","","","","","","","","","","","","","","","","","","","","","","","","","","","","","","","","","","","","","","","","","","",28,1,"","","","","","","","","","","","","","","","","","","","","","","","","","","","","",""
"61328002","LE PIN-AU-HARAS -INRAE",48.735833,0.128167,176,2002122713,0.,1,"","","","","","","","","","","","","","","","","","","","","","","","","","","","","","","","","","",10.6,1,"","","","","","","","","","","","","","","","","","","","","","","","","","","","",97,1,"","","","","","","","","","","","","","","","","","","","","","","","","","","","","","","","","","","","","","","","","","","","","","","","","","","","","","","","","","","","","","","","","","","","","","","","","","","","","","","","","","","","","","","","","","","","","","","","","","",20,1,"","","","","","","","","","","","","","","","","","","","","","","","","","","","","",""
"61328002","LE PIN-AU-HARAS -INRAE",48.735833,0.128167,176,2002122714,1.,1,"","","","","","","","","","","","","","","","","","","","","","","","","","","","","","","","","","",10.2,1,"","","","","","","","","","","","","","","","","","","","","","","","","","","","",98,1,"","","","","","","","","","","","","","","","","","","","","","","","","","","","","","","","","","","","","","","","","","","","","","","","","","","","","","","","","","","","","","","","","","","","","","","","","","","","","","","","","","","","","","","","","","","","","","","","","","",8,1,"","","","","","","","","","","","","","","","","","","","","","","","","","","","","",""
"61328002","LE PIN-AU-HARAS -INRAE",48.735833,0.128167,176,2002122715,1.5,1,"","","","","","","","","","","","","","","","","","","","","","","","","","","","","","","","","","",9.6,1,"","","","","","","","","","","","","","","","","","","","","","","","","","","","",98,1,"","","","","","","","","","","","","","","","","","","","","","","","","","","","","","","","","","","","","","","","","","","","","","","","","","","","","","","","","","","","","","","","","","","","","","","","","","","","","","","","","","","","","","","","","","","","","","","","","","",4,1,"","","","","","","","","","","","","","","","","","","","","","","","","","","","","",""
"61328002","LE PIN-AU-HARAS -INRAE",48.735833,0.128167,176,2002122716,0.,1,"","","","","","","","","","","","","","","","","","","","","","","","","","","","","","","","","","",9.3,1,"","","","","","","","","","","","","","","","","","","","","","","","","","","","",98,1,"","","","","","","","","","","","","","","","","","","","","","","","","","","","","","","","","","","","","","","","","","","","","","","","","","","","","","","","","","","","","","","","","","","","","","","","","","","","","","","","","","","","","","","","","","","","","","","","","","",4,1,"","","","","","","","","","","","","","","","","","","","","","","","","","","","","",""
"61328002","LE PIN-AU-HARAS -INRAE",48.735833,0.128167,176,2002122717,0.,1,"","","","","","","","","","","","","","","","","","","","","","","","","","","","","","","","","","",8.4,1,"","","","","","","","","","","","","","","","","","","","","","","","","","","","",98,1,"","","","","","","","","","","","","","","","","","","","","","","","","","","","","","","","","","","","","","","","","","","","","","","","","","","","","","","","","","","","","","","","","","","","","","","","","","","","","","","","","","","","","","","","","","","","","","","","","","",0,1,"","","","","","","","","","","","","","","","","","","","","","","","","","","","","",""
"61328002","LE PIN-AU-HARAS -INRAE",48.735833,0.128167,176,2002122718,0.,1,"","","","","","","","","","","","","","","","","","","","","","","","","","","","","","","","","","",7.8,1,"","","","","","","","","","","","","","","","","","","","","","","","","","","","",98,1,"","","","","","","","","","","","","","","","","","","","","","","","","","","","","","","","","","","","","","","","","","","","","","","","","","","","","","","","","","","","","","","","","","","","","","","","","","","","","","","","","","","","","","","","","","","","","","","","","","",0,1,"","","","","","","","","","","","","","","","","","","","","","","","","","","","","",""
"61328002","LE PIN-AU-HARAS -INRAE",48.735833,0.128167,176,2002122719,0.,1,"","","","","","","","","","","","","","","","","","","","","","","","","","","","","","","","","","",6.9,1,"","","","","","","","","","","","","","","","","","","","","","","","","","","","",98,1,"","","","","","","","","","","","","","","","","","","","","","","","","","","","","","","","","","","","","","","","","","","","","","","","","","","","","","","","","","","","","","","","","","","","","","","","","","","","","","","","","","","","","","","","","","","","","","","","","","",0,1,"","","","","","","","","","","","","","","","","","","","","","","","","","","","","",""
"61328002","LE PIN-AU-HARAS -INRAE",48.735833,0.128167,176,2002122720,0.,1,"","","","","","","","","","","","","","","","","","","","","","","","","","","","","","","","","","",6.2,1,"","","","","","","","","","","","","","","","","","","","","","","","","","","","",99,1,"","","","","","","","","","","","","","","","","","","","","","","","","","","","","","","","","","","","","","","","","","","","","","","","","","","","","","","","","","","","","","","","","","","","","","","","","","","","","","","","","","","","","","","","","","","","","","","","","","",0,1,"","","","","","","","","","","","","","","","","","","","","","","","","","","","","",""
"61328002","LE PIN-AU-HARAS -INRAE",48.735833,0.128167,176,2002122721,0.,1,"","","","","","","","","","","","","","","","","","","","","","","","","","","","","","","","","","",6.,1,"","","","","","","","","","","","","","","","","","","","","","","","","","","","",100,1,"","","","","","","","","","","","","","","","","","","","","","","","","","","","","","","","","","","","","","","","","","","","","","","","","","","","","","","","","","","","","","","","","","","","","","","","","","","","","","","","","","","","","","","","","","","","","","","","","","",0,1,"","","","","","","","","","","","","","","","","","","","","","","","","","","","","",""
"61328002","LE PIN-AU-HARAS -INRAE",48.735833,0.128167,176,2002122722,0.,1,"","","","","","","","","","","","","","","","","","","","","","","","","","","","","","","","","","",7.5,1,"","","","","","","","","","","","","","","","","","","","","","","","","","","","",100,1,"","","","","","","","","","","","","","","","","","","","","","","","","","","","","","","","","","","","","","","","","","","","","","","","","","","","","","","","","","","","","","","","","","","","","","","","","","","","","","","","","","","","","","","","","","","","","","","","","","",0,1,"","","","","","","","","","","","","","","","","","","","","","","","","","","","","",""
"61328002","LE PIN-AU-HARAS -INRAE",48.735833,0.128167,176,2002122723,0.,1,"","","","","","","","","","","","","","","","","","","","","","","","","","","","","","","","","","",7.7,1,"","","","","","","","","","","","","","","","","","","","","","","","","","","","",99,1,"","","","","","","","","","","","","","","","","","","","","","","","","","","","","","","","","","","","","","","","","","","","","","","","","","","","","","","","","","","","","","","","","","","","","","","","","","","","","","","","","","","","","","","","","","","","","","","","","","",0,1,"","","","","","","","","","","","","","","","","","","","","","","","","","","","","",""
"61328002","LE PIN-AU-HARAS -INRAE",48.735833,0.128167,176,2002122800,0.,1,"","","","","","","","","","","","","","","","","","","","","","","","","","","","","","","","","","",8.,1,"","","","","","","","","","","","","","","","","","","","","","","","","","","","",99,1,"","","","","","","","","","","","","","","","","","","","","","","","","","","","","","","","","","","","","","","","","","","","","","","","","","","","","","","","","","","","","","","","","","","","","","","","","","","","","","","","","","","","","","","","","","","","","","","","","","",0,1,"","","","","","","","","","","","","","","","","","","","","","","","","","","","","",""
"61328002","LE PIN-AU-HARAS -INRAE",48.735833,0.128167,176,2002122801,0.,1,"","","","","","","","","","","","","","","","","","","","","","","","","","","","","","","","","","",8.,1,"","","","","","","","","","","","","","","","","","","","","","","","","","","","",100,1,"","","","","","","","","","","","","","","","","","","","","","","","","","","","","","","","","","","","","","","","","","","","","","","","","","","","","","","","","","","","","","","","","","","","","","","","","","","","","","","","","","","","","","","","","","","","","","","","","","",0,1,"","","","","","","","","","","","","","","","","","","","","","","","","","","","","",""
"61328002","LE PIN-AU-HARAS -INRAE",48.735833,0.128167,176,2002122802,0.,1,"","","","","","","","","","","","","","","","","","","","","","","","","","","","","","","","","","",8.2,1,"","","","","","","","","","","","","","","","","","","","","","","","","","","","",100,1,"","","","","","","","","","","","","","","","","","","","","","","","","","","","","","","","","","","","","","","","","","","","","","","","","","","","","","","","","","","","","","","","","","","","","","","","","","","","","","","","","","","","","","","","","","","","","","","","","","",0,1,"","","","","","","","","","","","","","","","","","","","","","","","","","","","","",""
"61328002","LE PIN-AU-HARAS -INRAE",48.735833,0.128167,176,2002122803,0.,1,"","","","","","","","","","","","","","","","","","","","","","","","","","","","","","","","","","",8.8,1,"","","","","","","","","","","","","","","","","","","","","","","","","","","","",100,1,"","","","","","","","","","","","","","","","","","","","","","","","","","","","","","","","","","","","","","","","","","","","","","","","","","","","","","","","","","","","","","","","","","","","","","","","","","","","","","","","","","","","","","","","","","","","","","","","","","",0,1,"","","","","","","","","","","","","","","","","","","","","","","","","","","","","",""
"61328002","LE PIN-AU-HARAS -INRAE",48.735833,0.128167,176,2002122804,2.,1,"","","","","","","","","","","","","","","","","","","","","","","","","","","","","","","","","","",9.,1,"","","","","","","","","","","","","","","","","","","","","","","","","","","","",100,1,"","","","","","","","","","","","","","","","","","","","","","","","","","","","","","","","","","","","","","","","","","","","","","","","","","","","","","","","","","","","","","","","","","","","","","","","","","","","","","","","","","","","","","","","","","","","","","","","","","",0,1,"","","","","","","","","","","","","","","","","","","","","","","","","","","","","",""
"61328002","LE PIN-AU-HARAS -INRAE",48.735833,0.128167,176,2002122805,1.,1,"","","","","","","","","","","","","","","","","","","","","","","","","","","","","","","","","","",9.,1,"","","","","","","","","","","","","","","","","","","","","","","","","","","","",100,1,"","","","","","","","","","","","","","","","","","","","","","","","","","","","","","","","","","","","","","","","","","","","","","","","","","","","","","","","","","","","","","","","","","","","","","","","","","","","","","","","","","","","","","","","","","","","","","","","","","",0,1,"","","","","","","","","","","","","","","","","","","","","","","","","","","","","",""
"61328002","LE PIN-AU-HARAS -INRAE",48.735833,0.128167,176,2002122806,0.5,1,"","","","","","","","","","","","","","","","","","","","","","","","","","","","","","","","","","",9.1,1,"","","","","","","","","","","","","","","","","","","","","","","","","","","","",100,1,"","","","","","","","","","","","","","","","","","","","","","","","","","","","","","","","","","","","","","","","","","","","","","","","","","","","","","","","","","","","","","","","","","","","","","","","","","","","","","","","","","","","","","","","","","","","","","","","","","",0,1,"","","","","","","","","","","","","","","","","","","","","","","","","","","","","",""
"61328002","LE PIN-AU-HARAS -INRAE",48.735833,0.128167,176,2002122807,0.,1,"","","","","","","","","","","","","","","","","","","","","","","","","","","","","","","","","","",9.,1,"","","","","","","","","","","","","","","","","","","","","","","","","","","","",100,1,"","","","","","","","","","","","","","","","","","","","","","","","","","","","","","","","","","","","","","","","","","","","","","","","","","","","","","","","","","","","","","","","","","","","","","","","","","","","","","","","","","","","","","","","","","","","","","","","","","",0,1,"","","","","","","","","","","","","","","","","","","","","","","","","","","","","",""
"61328002","LE PIN-AU-HARAS -INRAE",48.735833,0.128167,176,2002122808,0.,1,"","","","","","","","","","","","","","","","","","","","","","","","","","","","","","","","","","",8.9,1,"","","","","","","","","","","","","","","","","","","","","","","","","","","","",99,1,"","","","","","","","","","","","","","","","","","","","","","","","","","","","","","","","","","","","","","","","","","","","","","","","","","","","","","","","","","","","","","","","","","","","","","","","","","","","","","","","","","","","","","","","","","","","","","","","","","",0,1,"","","","","","","","","","","","","","","","","","","","","","","","","","","","","",""
"61328002","LE PIN-AU-HARAS -INRAE",48.735833,0.128167,176,2002122809,0.,1,"","","","","","","","","","","","","","","","","","","","","","","","","","","","","","","","","","",8.8,1,"","","","","","","","","","","","","","","","","","","","","","","","","","","","",97,1,"","","","","","","","","","","","","","","","","","","","","","","","","","","","","","","","","","","","","","","","","","","","","","","","","","","","","","","","","","","","","","","","","","","","","","","","","","","","","","","","","","","","","","","","","","","","","","","","","","",10,1,"","","","","","","","","","","","","","","","","","","","","","","","","","","","","",""
"61328002","LE PIN-AU-HARAS -INRAE",48.735833,0.128167,176,2002122810,0.,1,"","","","","","","","","","","","","","","","","","","","","","","","","","","","","","","","","","",9.6,1,"","","","","","","","","","","","","","","","","","","","","","","","","","","","",96,1,"","","","","","","","","","","","","","","","","","","","","","","","","","","","","","","","","","","","","","","","","","","","","","","","","","","","","","","","","","","","","","","","","","","","","","","","","","","","","","","","","","","","","","","","","","","","","","","","","","",26,1,"","","","","","","","","","","","","","","","","","","","","","","","","","","","","",""
"61328002","LE PIN-AU-HARAS -INRAE",48.735833,0.128167,176,2002122811,0.,1,"","","","","","","","","","","","","","","","","","","","","","","","","","","","","","","","","","",9.6,1,"","","","","","","","","","","","","","","","","","","","","","","","","","","","",92,1,"","","","","","","","","","","","","","","","","","","","","","","","","","","","","","","","","","","","","","","","","","","","","","","","","","","","","","","","","","","","","","","","","","","","","","","","","","","","","","","","","","","","","","","","","","","","","","","","","","",46,1,"","","","","","","","","","","","","","","","","","","","","","","","","","","","","",""
"61328002","LE PIN-AU-HARAS -INRAE",48.735833,0.128167,176,2002122812,0.,1,"","","","","","","","","","","","","","","","","","","","","","","","","","","","","","","","","","",9.9,1,"","","","","","","","","","","","","","","","","","","","","","","","","","","","",90,1,"","","","","","","","","","","","","","","","","","","","","","","","","","","","","","","","","","","","","","","","","","","","","","","","","","","","","","","","","","","","","","","","","","","","","","","","","","","","","","","","","","","","","","","","","","","","","","","","","","",36,1,"","","","","","","","","","","","","","","","","","","","","","","","","","","","","",""
"61328002","LE PIN-AU-HARAS -INRAE",48.735833,0.128167,176,2002122813,0.,1,"","","","","","","","","","","","","","","","","","","","","","","","","","","","","","","","","","",9.3,1,"","","","","","","","","","","","","","","","","","","","","","","","","","","","",91,1,"","","","","","","","","","","","","","","","","","","","","","","","","","","","","","","","","","","","","","","","","","","","","","","","","","","","","","","","","","","","","","","","","","","","","","","","","","","","","","","","","","","","","","","","","","","","","","","","","","",20,1,"","","","","","","","","","","","","","","","","","","","","","","","","","","","","",""
"61328002","LE PIN-AU-HARAS -INRAE",48.735833,0.128167,176,2002122814,0.,1,"","","","","","","","","","","","","","","","","","","","","","","","","","","","","","","","","","",10.2,1,"","","","","","","","","","","","","","","","","","","","","","","","","","","","",85,1,"","","","","","","","","","","","","","","","","","","","","","","","","","","","","","","","","","","","","","","","","","","","","","","","","","","","","","","","","","","","","","","","","","","","","","","","","","","","","","","","","","","","","","","","","","","","","","","","","","",46,1,"","","","","","","","","","","","","","","","","","","","","","","","","","","","","",""
"61328002","LE PIN-AU-HARAS -INRAE",48.735833,0.128167,176,2002122815,0.,1,"","","","","","","","","","","","","","","","","","","","","","","","","","","","","","","","","","",9.9,1,"","","","","","","","","","","","","","","","","","","","","","","","","","","","",78,1,"","","","","","","","","","","","","","","","","","","","","","","","","","","","","","","","","","","","","","","","","","","","","","","","","","","","","","","","","","","","","","","","","","","","","","","","","","","","","","","","","","","","","","","","","","","","","","","","","","",38,1,"","","","","","","","","","","","","","","","","","","","","","","","","","","","","",""
"61328002","LE PIN-AU-HARAS -INRAE",48.735833,0.128167,176,2002122816,0.,1,"","","","","","","","","","","","","","","","","","","","","","","","","","","","","","","","","","",9.2,1,"","","","","","","","","","","","","","","","","","","","","","","","","","","","",83,1,"","","","","","","","","","","","","","","","","","","","","","","","","","","","","","","","","","","","","","","","","","","","","","","","","","","","","","","","","","","","","","","","","","","","","","","","","","","","","","","","","","","","","","","","","","","","","","","","","","",8,1,"","","","","","","","","","","","","","","","","","","","","","","","","","","","","",""
"61328002","LE PIN-AU-HARAS -INRAE",48.735833,0.128167,176,2002122817,0.,1,"","","","","","","","","","","","","","","","","","","","","","","","","","","","","","","","","","",8.6,1,"","","","","","","","","","","","","","","","","","","","","","","","","","","","",84,1,"","","","","","","","","","","","","","","","","","","","","","","","","","","","","","","","","","","","","","","","","","","","","","","","","","","","","","","","","","","","","","","","","","","","","","","","","","","","","","","","","","","","","","","","","","","","","","","","","","",0,1,"","","","","","","","","","","","","","","","","","","","","","","","","","","","","",""
"61328002","LE PIN-AU-HARAS -INRAE",48.735833,0.128167,176,2002122818,0.,1,"","","","","","","","","","","","","","","","","","","","","","","","","","","","","","","","","","",8.3,1,"","","","","","","","","","","","","","","","","","","","","","","","","","","","",89,1,"","","","","","","","","","","","","","","","","","","","","","","","","","","","","","","","","","","","","","","","","","","","","","","","","","","","","","","","","","","","","","","","","","","","","","","","","","","","","","","","","","","","","","","","","","","","","","","","","","",0,1,"","","","","","","","","","","","","","","","","","","","","","","","","","","","","",""
"61328002","LE PIN-AU-HARAS -INRAE",48.735833,0.128167,176,2002122819,0.,1,"","","","","","","","","","","","","","","","","","","","","","","","","","","","","","","","","","",7.3,1,"","","","","","","","","","","","","","","","","","","","","","","","","","","","",90,1,"","","","","","","","","","","","","","","","","","","","","","","","","","","","","","","","","","","","","","","","","","","","","","","","","","","","","","","","","","","","","","","","","","","","","","","","","","","","","","","","","","","","","","","","","","","","","","","","","","",0,1,"","","","","","","","","","","","","","","","","","","","","","","","","","","","","",""
"61328002","LE PIN-AU-HARAS -INRAE",48.735833,0.128167,176,2002122820,0.,1,"","","","","","","","","","","","","","","","","","","","","","","","","","","","","","","","","","",6.7,1,"","","","","","","","","","","","","","","","","","","","","","","","","","","","",93,1,"","","","","","","","","","","","","","","","","","","","","","","","","","","","","","","","","","","","","","","","","","","","","","","","","","","","","","","","","","","","","","","","","","","","","","","","","","","","","","","","","","","","","","","","","","","","","","","","","","",0,1,"","","","","","","","","","","","","","","","","","","","","","","","","","","","","",""
"61328002","LE PIN-AU-HARAS -INRAE",48.735833,0.128167,176,2002122821,0.,1,"","","","","","","","","","","","","","","","","","","","","","","","","","","","","","","","","","",7.8,1,"","","","","","","","","","","","","","","","","","","","","","","","","","","","",93,1,"","","","","","","","","","","","","","","","","","","","","","","","","","","","","","","","","","","","","","","","","","","","","","","","","","","","","","","","","","","","","","","","","","","","","","","","","","","","","","","","","","","","","","","","","","","","","","","","","","",0,1,"","","","","","","","","","","","","","","","","","","","","","","","","","","","","",""
"61328002","LE PIN-AU-HARAS -INRAE",48.735833,0.128167,176,2002122822,0.5,1,"","","","","","","","","","","","","","","","","","","","","","","","","","","","","","","","","","",7.8,1,"","","","","","","","","","","","","","","","","","","","","","","","","","","","",94,1,"","","","","","","","","","","","","","","","","","","","","","","","","","","","","","","","","","","","","","","","","","","","","","","","","","","","","","","","","","","","","","","","","","","","","","","","","","","","","","","","","","","","","","","","","","","","","","","","","","",0,1,"","","","","","","","","","","","","","","","","","","","","","","","","","","","","",""
"61328002","LE PIN-AU-HARAS -INRAE",48.735833,0.128167,176,2002122823,0.,1,"","","","","","","","","","","","","","","","","","","","","","","","","","","","","","","","","","",8.1,1,"","","","","","","","","","","","","","","","","","","","","","","","","","","","",94,1,"","","","","","","","","","","","","","","","","","","","","","","","","","","","","","","","","","","","","","","","","","","","","","","","","","","","","","","","","","","","","","","","","","","","","","","","","","","","","","","","","","","","","","","","","","","","","","","","","","",0,1,"","","","","","","","","","","","","","","","","","","","","","","","","","","","","",""
"61328002","LE PIN-AU-HARAS -INRAE",48.735833,0.128167,176,2002122900,0.,1,"","","","","","","","","","","","","","","","","","","","","","","","","","","","","","","","","","",8.1,1,"","","","","","","","","","","","","","","","","","","","","","","","","","","","",93,1,"","","","","","","","","","","","","","","","","","","","","","","","","","","","","","","","","","","","","","","","","","","","","","","","","","","","","","","","","","","","","","","","","","","","","","","","","","","","","","","","","","","","","","","","","","","","","","","","","","",0,1,"","","","","","","","","","","","","","","","","","","","","","","","","","","","","",""
"61328002","LE PIN-AU-HARAS -INRAE",48.735833,0.128167,176,2002122901,0.,1,"","","","","","","","","","","","","","","","","","","","","","","","","","","","","","","","","","",8.2,1,"","","","","","","","","","","","","","","","","","","","","","","","","","","","",91,1,"","","","","","","","","","","","","","","","","","","","","","","","","","","","","","","","","","","","","","","","","","","","","","","","","","","","","","","","","","","","","","","","","","","","","","","","","","","","","","","","","","","","","","","","","","","","","","","","","","",0,1,"","","","","","","","","","","","","","","","","","","","","","","","","","","","","",""
"61328002","LE PIN-AU-HARAS -INRAE",48.735833,0.128167,176,2002122902,0.5,1,"","","","","","","","","","","","","","","","","","","","","","","","","","","","","","","","","","",7.6,1,"","","","","","","","","","","","","","","","","","","","","","","","","","","","",92,1,"","","","","","","","","","","","","","","","","","","","","","","","","","","","","","","","","","","","","","","","","","","","","","","","","","","","","","","","","","","","","","","","","","","","","","","","","","","","","","","","","","","","","","","","","","","","","","","","","","",0,1,"","","","","","","","","","","","","","","","","","","","","","","","","","","","","",""
"61328002","LE PIN-AU-HARAS -INRAE",48.735833,0.128167,176,2002122903,0.,1,"","","","","","","","","","","","","","","","","","","","","","","","","","","","","","","","","","",7.3,1,"","","","","","","","","","","","","","","","","","","","","","","","","","","","",95,1,"","","","","","","","","","","","","","","","","","","","","","","","","","","","","","","","","","","","","","","","","","","","","","","","","","","","","","","","","","","","","","","","","","","","","","","","","","","","","","","","","","","","","","","","","","","","","","","","","","",0,1,"","","","","","","","","","","","","","","","","","","","","","","","","","","","","",""
"61328002","LE PIN-AU-HARAS -INRAE",48.735833,0.128167,176,2002122904,1.,1,"","","","","","","","","","","","","","","","","","","","","","","","","","","","","","","","","","",7.4,1,"","","","","","","","","","","","","","","","","","","","","","","","","","","","",97,1,"","","","","","","","","","","","","","","","","","","","","","","","","","","","","","","","","","","","","","","","","","","","","","","","","","","","","","","","","","","","","","","","","","","","","","","","","","","","","","","","","","","","","","","","","","","","","","","","","","",0,1,"","","","","","","","","","","","","","","","","","","","","","","","","","","","","",""
"61328002","LE PIN-AU-HARAS -INRAE",48.735833,0.128167,176,2002122905,1.,1,"","","","","","","","","","","","","","","","","","","","","","","","","","","","","","","","","","",7.6,1,"","","","","","","","","","","","","","","","","","","","","","","","","","","","",98,1,"","","","","","","","","","","","","","","","","","","","","","","","","","","","","","","","","","","","","","","","","","","","","","","","","","","","","","","","","","","","","","","","","","","","","","","","","","","","","","","","","","","","","","","","","","","","","","","","","","",0,1,"","","","","","","","","","","","","","","","","","","","","","","","","","","","","",""
"61328002","LE PIN-AU-HARAS -INRAE",48.735833,0.128167,176,2002122906,1.,1,"","","","","","","","","","","","","","","","","","","","","","","","","","","","","","","","","","",8.2,1,"","","","","","","","","","","","","","","","","","","","","","","","","","","","",99,1,"","","","","","","","","","","","","","","","","","","","","","","","","","","","","","","","","","","","","","","","","","","","","","","","","","","","","","","","","","","","","","","","","","","","","","","","","","","","","","","","","","","","","","","","","","","","","","","","","","",0,1,"","","","","","","","","","","","","","","","","","","","","","","","","","","","","",""
"61328002","LE PIN-AU-HARAS -INRAE",48.735833,0.128167,176,2002122907,0.5,1,"","","","","","","","","","","","","","","","","","","","","","","","","","","","","","","","","","",9.9,1,"","","","","","","","","","","","","","","","","","","","","","","","","","","","",100,1,"","","","","","","","","","","","","","","","","","","","","","","","","","","","","","","","","","","","","","","","","","","","","","","","","","","","","","","","","","","","","","","","","","","","","","","","","","","","","","","","","","","","","","","","","","","","","","","","","","",0,1,"","","","","","","","","","","","","","","","","","","","","","","","","","","","","",""
"61328002","LE PIN-AU-HARAS -INRAE",48.735833,0.128167,176,2002122908,0.,1,"","","","","","","","","","","","","","","","","","","","","","","","","","","","","","","","","","",11.,1,"","","","","","","","","","","","","","","","","","","","","","","","","","","","",99,1,"","","","","","","","","","","","","","","","","","","","","","","","","","","","","","","","","","","","","","","","","","","","","","","","","","","","","","","","","","","","","","","","","","","","","","","","","","","","","","","","","","","","","","","","","","","","","","","","","","",0,1,"","","","","","","","","","","","","","","","","","","","","","","","","","","","","",""
"61328002","LE PIN-AU-HARAS -INRAE",48.735833,0.128167,176,2002122909,0.,1,"","","","","","","","","","","","","","","","","","","","","","","","","","","","","","","","","","",11.7,1,"","","","","","","","","","","","","","","","","","","","","","","","","","","","",97,1,"","","","","","","","","","","","","","","","","","","","","","","","","","","","","","","","","","","","","","","","","","","","","","","","","","","","","","","","","","","","","","","","","","","","","","","","","","","","","","","","","","","","","","","","","","","","","","","","","","",2,1,"","","","","","","","","","","","","","","","","","","","","","","","","","","","","",""
"61328002","LE PIN-AU-HARAS -INRAE",48.735833,0.128167,176,2002122910,0.,1,"","","","","","","","","","","","","","","","","","","","","","","","","","","","","","","","","","",12.,1,"","","","","","","","","","","","","","","","","","","","","","","","","","","","",96,1,"","","","","","","","","","","","","","","","","","","","","","","","","","","","","","","","","","","","","","","","","","","","","","","","","","","","","","","","","","","","","","","","","","","","","","","","","","","","","","","","","","","","","","","","","","","","","","","","","","",8,1,"","","","","","","","","","","","","","","","","","","","","","","","","","","","","",""
"61328002","LE PIN-AU-HARAS -INRAE",48.735833,0.128167,176,2002122911,0.,1,"","","","","","","","","","","","","","","","","","","","","","","","","","","","","","","","","","",12.4,1,"","","","","","","","","","","","","","","","","","","","","","","","","","","","",93,1,"","","","","","","","","","","","","","","","","","","","","","","","","","","","","","","","","","","","","","","","","","","","","","","","","","","","","","","","","","","","","","","","","","","","","","","","","","","","","","","","","","","","","","","","","","","","","","","","","","",16,1,"","","","","","","","","","","","","","","","","","","","","","","","","","","","","",""
"61328002","LE PIN-AU-HARAS -INRAE",48.735833,0.128167,176,2002122912,0.,1,"","","","","","","","","","","","","","","","","","","","","","","","","","","","","","","","","","",12.6,1,"","","","","","","","","","","","","","","","","","","","","","","","","","","","",92,1,"","","","","","","","","","","","","","","","","","","","","","","","","","","","","","","","","","","","","","","","","","","","","","","","","","","","","","","","","","","","","","","","","","","","","","","","","","","","","","","","","","","","","","","","","","","","","","","","","","",18,1,"","","","","","","","","","","","","","","","","","","","","","","","","","","","","",""
"61328002","LE PIN-AU-HARAS -INRAE",48.735833,0.128167,176,2002122913,0.,1,"","","","","","","","","","","","","","","","","","","","","","","","","","","","","","","","","","",12.4,1,"","","","","","","","","","","","","","","","","","","","","","","","","","","","",96,1,"","","","","","","","","","","","","","","","","","","","","","","","","","","","","","","","","","","","","","","","","","","","","","","","","","","","","","","","","","","","","","","","","","","","","","","","","","","","","","","","","","","","","","","","","","","","","","","","","","",12,1,"","","","","","","","","","","","","","","","","","","","","","","","","","","","","",""
"61328002","LE PIN-AU-HARAS -INRAE",48.735833,0.128167,176,2002122914,0.5,1,"","","","","","","","","","","","","","","","","","","","","","","","","","","","","","","","","","",12.9,1,"","","","","","","","","","","","","","","","","","","","","","","","","","","","",92,1,"","","","","","","","","","","","","","","","","","","","","","","","","","","","","","","","","","","","","","","","","","","","","","","","","","","","","","","","","","","","","","","","","","","","","","","","","","","","","","","","","","","","","","","","","","","","","","","","","","",20,1,"","","","","","","","","","","","","","","","","","","","","","","","","","","","","",""
"61328002","LE PIN-AU-HARAS -INRAE",48.735833,0.128167,176,2002122915,0.,1,"","","","","","","","","","","","","","","","","","","","","","","","","","","","","","","","","","",12.8,1,"","","","","","","","","","","","","","","","","","","","","","","","","","","","",90,1,"","","","","","","","","","","","","","","","","","","","","","","","","","","","","","","","","","","","","","","","","","","","","","","","","","","","","","","","","","","","","","","","","","","","","","","","","","","","","","","","","","","","","","","","","","","","","","","","","","",20,1,"","","","","","","","","","","","","","","","","","","","","","","","","","","","","",""
"61328002","LE PIN-AU-HARAS -INRAE",48.735833,0.128167,176,2002122916,0.,1,"","","","","","","","","","","","","","","","","","","","","","","","","","","","","","","","","","",12.2,1,"","","","","","","","","","","","","","","","","","","","","","","","","","","","",94,1,"","","","","","","","","","","","","","","","","","","","","","","","","","","","","","","","","","","","","","","","","","","","","","","","","","","","","","","","","","","","","","","","","","","","","","","","","","","","","","","","","","","","","","","","","","","","","","","","","","",10,1,"","","","","","","","","","","","","","","","","","","","","","","","","","","","","",""
"61328002","LE PIN-AU-HARAS -INRAE",48.735833,0.128167,176,2002122917,0.,1,"","","","","","","","","","","","","","","","","","","","","","","","","","","","","","","","","","",12.,1,"","","","","","","","","","","","","","","","","","","","","","","","","","","","",94,1,"","","","","","","","","","","","","","","","","","","","","","","","","","","","","","","","","","","","","","","","","","","","","","","","","","","","","","","","","","","","","","","","","","","","","","","","","","","","","","","","","","","","","","","","","","","","","","","","","","",0,1,"","","","","","","","","","","","","","","","","","","","","","","","","","","","","",""
"61328002","LE PIN-AU-HARAS -INRAE",48.735833,0.128167,176,2002122918,0.,1,"","","","","","","","","","","","","","","","","","","","","","","","","","","","","","","","","","",12.2,1,"","","","","","","","","","","","","","","","","","","","","","","","","","","","",91,1,"","","","","","","","","","","","","","","","","","","","","","","","","","","","","","","","","","","","","","","","","","","","","","","","","","","","","","","","","","","","","","","","","","","","","","","","","","","","","","","","","","","","","","","","","","","","","","","","","","",0,1,"","","","","","","","","","","","","","","","","","","","","","","","","","","","","",""
"61328002","LE PIN-AU-HARAS -INRAE",48.735833,0.128167,176,2002122919,0.,1,"","","","","","","","","","","","","","","","","","","","","","","","","","","","","","","","","","",12.2,1,"","","","","","","","","","","","","","","","","","","","","","","","","","","","",92,1,"","","","","","","","","","","","","","","","","","","","","","","","","","","","","","","","","","","","","","","","","","","","","","","","","","","","","","","","","","","","","","","","","","","","","","","","","","","","","","","","","","","","","","","","","","","","","","","","","","",0,1,"","","","","","","","","","","","","","","","","","","","","","","","","","","","","",""
"61328002","LE PIN-AU-HARAS -INRAE",48.735833,0.128167,176,2002122920,0.5,1,"","","","","","","","","","","","","","","","","","","","","","","","","","","","","","","","","","",12.1,1,"","","","","","","","","","","","","","","","","","","","","","","","","","","","",94,1,"","","","","","","","","","","","","","","","","","","","","","","","","","","","","","","","","","","","","","","","","","","","","","","","","","","","","","","","","","","","","","","","","","","","","","","","","","","","","","","","","","","","","","","","","","","","","","","","","","",0,1,"","","","","","","","","","","","","","","","","","","","","","","","","","","","","",""
"61328002","LE PIN-AU-HARAS -INRAE",48.735833,0.128167,176,2002122921,0.,1,"","","","","","","","","","","","","","","","","","","","","","","","","","","","","","","","","","",12.1,1,"","","","","","","","","","","","","","","","","","","","","","","","","","","","",95,1,"","","","","","","","","","","","","","","","","","","","","","","","","","","","","","","","","","","","","","","","","","","","","","","","","","","","","","","","","","","","","","","","","","","","","","","","","","","","","","","","","","","","","","","","","","","","","","","","","","",0,1,"","","","","","","","","","","","","","","","","","","","","","","","","","","","","",""
"61328002","LE PIN-AU-HARAS -INRAE",48.735833,0.128167,176,2002122922,0.5,1,"","","","","","","","","","","","","","","","","","","","","","","","","","","","","","","","","","",12.3,1,"","","","","","","","","","","","","","","","","","","","","","","","","","","","",96,1,"","","","","","","","","","","","","","","","","","","","","","","","","","","","","","","","","","","","","","","","","","","","","","","","","","","","","","","","","","","","","","","","","","","","","","","","","","","","","","","","","","","","","","","","","","","","","","","","","","",0,1,"","","","","","","","","","","","","","","","","","","","","","","","","","","","","",""
"61328002","LE PIN-AU-HARAS -INRAE",48.735833,0.128167,176,2002122923,0.5,1,"","","","","","","","","","","","","","","","","","","","","","","","","","","","","","","","","","",12.2,1,"","","","","","","","","","","","","","","","","","","","","","","","","","","","",96,1,"","","","","","","","","","","","","","","","","","","","","","","","","","","","","","","","","","","","","","","","","","","","","","","","","","","","","","","","","","","","","","","","","","","","","","","","","","","","","","","","","","","","","","","","","","","","","","","","","","",0,1,"","","","","","","","","","","","","","","","","","","","","","","","","","","","","",""
"61328002","LE PIN-AU-HARAS -INRAE",48.735833,0.128167,176,2002123000,1.,1,"","","","","","","","","","","","","","","","","","","","","","","","","","","","","","","","","","",12.3,1,"","","","","","","","","","","","","","","","","","","","","","","","","","","","",96,1,"","","","","","","","","","","","","","","","","","","","","","","","","","","","","","","","","","","","","","","","","","","","","","","","","","","","","","","","","","","","","","","","","","","","","","","","","","","","","","","","","","","","","","","","","","","","","","","","","","",0,1,"","","","","","","","","","","","","","","","","","","","","","","","","","","","","",""
"61328002","LE PIN-AU-HARAS -INRAE",48.735833,0.128167,176,2002123001,0.5,1,"","","","","","","","","","","","","","","","","","","","","","","","","","","","","","","","","","",12.4,1,"","","","","","","","","","","","","","","","","","","","","","","","","","","","",96,1,"","","","","","","","","","","","","","","","","","","","","","","","","","","","","","","","","","","","","","","","","","","","","","","","","","","","","","","","","","","","","","","","","","","","","","","","","","","","","","","","","","","","","","","","","","","","","","","","","","",0,1,"","","","","","","","","","","","","","","","","","","","","","","","","","","","","",""
"61328002","LE PIN-AU-HARAS -INRAE",48.735833,0.128167,176,2002123002,0.,1,"","","","","","","","","","","","","","","","","","","","","","","","","","","","","","","","","","",12.5,1,"","","","","","","","","","","","","","","","","","","","","","","","","","","","",96,1,"","","","","","","","","","","","","","","","","","","","","","","","","","","","","","","","","","","","","","","","","","","","","","","","","","","","","","","","","","","","","","","","","","","","","","","","","","","","","","","","","","","","","","","","","","","","","","","","","","",0,1,"","","","","","","","","","","","","","","","","","","","","","","","","","","","","",""
"61328002","LE PIN-AU-HARAS -INRAE",48.735833,0.128167,176,2002123003,0.5,1,"","","","","","","","","","","","","","","","","","","","","","","","","","","","","","","","","","",12.3,1,"","","","","","","","","","","","","","","","","","","","","","","","","","","","",94,1,"","","","","","","","","","","","","","","","","","","","","","","","","","","","","","","","","","","","","","","","","","","","","","","","","","","","","","","","","","","","","","","","","","","","","","","","","","","","","","","","","","","","","","","","","","","","","","","","","","",0,1,"","","","","","","","","","","","","","","","","","","","","","","","","","","","","",""
"61328002","LE PIN-AU-HARAS -INRAE",48.735833,0.128167,176,2002123004,0.,1,"","","","","","","","","","","","","","","","","","","","","","","","","","","","","","","","","","",12.4,1,"","","","","","","","","","","","","","","","","","","","","","","","","","","","",90,1,"","","","","","","","","","","","","","","","","","","","","","","","","","","","","","","","","","","","","","","","","","","","","","","","","","","","","","","","","","","","","","","","","","","","","","","","","","","","","","","","","","","","","","","","","","","","","","","","","","",0,1,"","","","","","","","","","","","","","","","","","","","","","","","","","","","","",""
"61328002","LE PIN-AU-HARAS -INRAE",48.735833,0.128167,176,2002123005,0.,1,"","","","","","","","","","","","","","","","","","","","","","","","","","","","","","","","","","",12.2,1,"","","","","","","","","","","","","","","","","","","","","","","","","","","","",89,1,"","","","","","","","","","","","","","","","","","","","","","","","","","","","","","","","","","","","","","","","","","","","","","","","","","","","","","","","","","","","","","","","","","","","","","","","","","","","","","","","","","","","","","","","","","","","","","","","","","",0,1,"","","","","","","","","","","","","","","","","","","","","","","","","","","","","",""
"61328002","LE PIN-AU-HARAS -INRAE",48.735833,0.128167,176,2002123006,0.5,1,"","","","","","","","","","","","","","","","","","","","","","","","","","","","","","","","","","",11.8,1,"","","","","","","","","","","","","","","","","","","","","","","","","","","","",94,1,"","","","","","","","","","","","","","","","","","","","","","","","","","","","","","","","","","","","","","","","","","","","","","","","","","","","","","","","","","","","","","","","","","","","","","","","","","","","","","","","","","","","","","","","","","","","","","","","","","",0,1,"","","","","","","","","","","","","","","","","","","","","","","","","","","","","",""
"61328002","LE PIN-AU-HARAS -INRAE",48.735833,0.128167,176,2002123007,0.,1,"","","","","","","","","","","","","","","","","","","","","","","","","","","","","","","","","","",11.5,1,"","","","","","","","","","","","","","","","","","","","","","","","","","","","",95,1,"","","","","","","","","","","","","","","","","","","","","","","","","","","","","","","","","","","","","","","","","","","","","","","","","","","","","","","","","","","","","","","","","","","","","","","","","","","","","","","","","","","","","","","","","","","","","","","","","","",0,1,"","","","","","","","","","","","","","","","","","","","","","","","","","","","","",""
"61328002","LE PIN-AU-HARAS -INRAE",48.735833,0.128167,176,2002123008,0.5,1,"","","","","","","","","","","","","","","","","","","","","","","","","","","","","","","","","","",11.3,1,"","","","","","","","","","","","","","","","","","","","","","","","","","","","",93,1,"","","","","","","","","","","","","","","","","","","","","","","","","","","","","","","","","","","","","","","","","","","","","","","","","","","","","","","","","","","","","","","","","","","","","","","","","","","","","","","","","","","","","","","","","","","","","","","","","","",0,1,"","","","","","","","","","","","","","","","","","","","","","","","","","","","","",""
"61328002","LE PIN-AU-HARAS -INRAE",48.735833,0.128167,176,2002123009,0.,1,"","","","","","","","","","","","","","","","","","","","","","","","","","","","","","","","","","",11.7,1,"","","","","","","","","","","","","","","","","","","","","","","","","","","","",90,1,"","","","","","","","","","","","","","","","","","","","","","","","","","","","","","","","","","","","","","","","","","","","","","","","","","","","","","","","","","","","","","","","","","","","","","","","","","","","","","","","","","","","","","","","","","","","","","","","","","",2,1,"","","","","","","","","","","","","","","","","","","","","","","","","","","","","",""
"61328002","LE PIN-AU-HARAS -INRAE",48.735833,0.128167,176,2002123010,0.,1,"","","","","","","","","","","","","","","","","","","","","","","","","","","","","","","","","","",11.9,1,"","","","","","","","","","","","","","","","","","","","","","","","","","","","",87,1,"","","","","","","","","","","","","","","","","","","","","","","","","","","","","","","","","","","","","","","","","","","","","","","","","","","","","","","","","","","","","","","","","","","","","","","","","","","","","","","","","","","","","","","","","","","","","","","","","","",16,1,"","","","","","","","","","","","","","","","","","","","","","","","","","","","","",""
"61328002","LE PIN-AU-HARAS -INRAE",48.735833,0.128167,176,2002123011,0.,1,"","","","","","","","","","","","","","","","","","","","","","","","","","","","","","","","","","",12.2,1,"","","","","","","","","","","","","","","","","","","","","","","","","","","","",85,1,"","","","","","","","","","","","","","","","","","","","","","","","","","","","","","","","","","","","","","","","","","","","","","","","","","","","","","","","","","","","","","","","","","","","","","","","","","","","","","","","","","","","","","","","","","","","","","","","","","",24,1,"","","","","","","","","","","","","","","","","","","","","","","","","","","","","",""
"61328002","LE PIN-AU-HARAS -INRAE",48.735833,0.128167,176,2002123012,0.,1,"","","","","","","","","","","","","","","","","","","","","","","","","","","","","","","","","","",12.5,1,"","","","","","","","","","","","","","","","","","","","","","","","","","","","",78,1,"","","","","","","","","","","","","","","","","","","","","","","","","","","","","","","","","","","","","","","","","","","","","","","","","","","","","","","","","","","","","","","","","","","","","","","","","","","","","","","","","","","","","","","","","","","","","","","","","","",46,1,"","","","","","","","","","","","","","","","","","","","","","","","","","","","","",""
"61328002","LE PIN-AU-HARAS -INRAE",48.735833,0.128167,176,2002123013,0.,1,"","","","","","","","","","","","","","","","","","","","","","","","","","","","","","","","","","",13.2,1,"","","","","","","","","","","","","","","","","","","","","","","","","","","","",76,1,"","","","","","","","","","","","","","","","","","","","","","","","","","","","","","","","","","","","","","","","","","","","","","","","","","","","","","","","","","","","","","","","","","","","","","","","","","","","","","","","","","","","","","","","","","","","","","","","","","",78,1,"","","","","","","","","","","","","","","","","","","","","","","","","","","","","",""
"61328002","LE PIN-AU-HARAS -INRAE",48.735833,0.128167,176,2002123014,0.,1,"","","","","","","","","","","","","","","","","","","","","","","","","","","","","","","","","","",12.5,1,"","","","","","","","","","","","","","","","","","","","","","","","","","","","",72,1,"","","","","","","","","","","","","","","","","","","","","","","","","","","","","","","","","","","","","","","","","","","","","","","","","","","","","","","","","","","","","","","","","","","","","","","","","","","","","","","","","","","","","","","","","","","","","","","","","","",40,1,"","","","","","","","","","","","","","","","","","","","","","","","","","","","","",""
"61328002","LE PIN-AU-HARAS -INRAE",48.735833,0.128167,176,2002123015,0.,1,"","","","","","","","","","","","","","","","","","","","","","","","","","","","","","","","","","",12.1,1,"","","","","","","","","","","","","","","","","","","","","","","","","","","","",77,1,"","","","","","","","","","","","","","","","","","","","","","","","","","","","","","","","","","","","","","","","","","","","","","","","","","","","","","","","","","","","","","","","","","","","","","","","","","","","","","","","","","","","","","","","","","","","","","","","","","",22,1,"","","","","","","","","","","","","","","","","","","","","","","","","","","","","",""
"61328002","LE PIN-AU-HARAS -INRAE",48.735833,0.128167,176,2002123016,0.,1,"","","","","","","","","","","","","","","","","","","","","","","","","","","","","","","","","","",11.7,1,"","","","","","","","","","","","","","","","","","","","","","","","","","","","",79,1,"","","","","","","","","","","","","","","","","","","","","","","","","","","","","","","","","","","","","","","","","","","","","","","","","","","","","","","","","","","","","","","","","","","","","","","","","","","","","","","","","","","","","","","","","","","","","","","","","","",8,1,"","","","","","","","","","","","","","","","","","","","","","","","","","","","","",""
"61328002","LE PIN-AU-HARAS -INRAE",48.735833,0.128167,176,2002123017,0.,1,"","","","","","","","","","","","","","","","","","","","","","","","","","","","","","","","","","",11.5,1,"","","","","","","","","","","","","","","","","","","","","","","","","","","","",79,1,"","","","","","","","","","","","","","","","","","","","","","","","","","","","","","","","","","","","","","","","","","","","","","","","","","","","","","","","","","","","","","","","","","","","","","","","","","","","","","","","","","","","","","","","","","","","","","","","","","",0,1,"","","","","","","","","","","","","","","","","","","","","","","","","","","","","",""
"61328002","LE PIN-AU-HARAS -INRAE",48.735833,0.128167,176,2002123018,0.,1,"","","","","","","","","","","","","","","","","","","","","","","","","","","","","","","","","","",11.1,1,"","","","","","","","","","","","","","","","","","","","","","","","","","","","",80,1,"","","","","","","","","","","","","","","","","","","","","","","","","","","","","","","","","","","","","","","","","","","","","","","","","","","","","","","","","","","","","","","","","","","","","","","","","","","","","","","","","","","","","","","","","","","","","","","","","","",0,1,"","","","","","","","","","","","","","","","","","","","","","","","","","","","","",""
"61328002","LE PIN-AU-HARAS -INRAE",48.735833,0.128167,176,2002123019,0.,1,"","","","","","","","","","","","","","","","","","","","","","","","","","","","","","","","","","",10.8,1,"","","","","","","","","","","","","","","","","","","","","","","","","","","","",81,1,"","","","","","","","","","","","","","","","","","","","","","","","","","","","","","","","","","","","","","","","","","","","","","","","","","","","","","","","","","","","","","","","","","","","","","","","","","","","","","","","","","","","","","","","","","","","","","","","","","",0,1,"","","","","","","","","","","","","","","","","","","","","","","","","","","","","",""
"61328002","LE PIN-AU-HARAS -INRAE",48.735833,0.128167,176,2002123020,0.,1,"","","","","","","","","","","","","","","","","","","","","","","","","","","","","","","","","","",10.4,1,"","","","","","","","","","","","","","","","","","","","","","","","","","","","",83,1,"","","","","","","","","","","","","","","","","","","","","","","","","","","","","","","","","","","","","","","","","","","","","","","","","","","","","","","","","","","","","","","","","","","","","","","","","","","","","","","","","","","","","","","","","","","","","","","","","","",0,1,"","","","","","","","","","","","","","","","","","","","","","","","","","","","","",""
"61328002","LE PIN-AU-HARAS -INRAE",48.735833,0.128167,176,2002123021,0.,1,"","","","","","","","","","","","","","","","","","","","","","","","","","","","","","","","","","",10.2,1,"","","","","","","","","","","","","","","","","","","","","","","","","","","","",86,1,"","","","","","","","","","","","","","","","","","","","","","","","","","","","","","","","","","","","","","","","","","","","","","","","","","","","","","","","","","","","","","","","","","","","","","","","","","","","","","","","","","","","","","","","","","","","","","","","","","",0,1,"","","","","","","","","","","","","","","","","","","","","","","","","","","","","",""
"61328002","LE PIN-AU-HARAS -INRAE",48.735833,0.128167,176,2002123022,0.,1,"","","","","","","","","","","","","","","","","","","","","","","","","","","","","","","","","","",9.6,1,"","","","","","","","","","","","","","","","","","","","","","","","","","","","",92,1,"","","","","","","","","","","","","","","","","","","","","","","","","","","","","","","","","","","","","","","","","","","","","","","","","","","","","","","","","","","","","","","","","","","","","","","","","","","","","","","","","","","","","","","","","","","","","","","","","","",0,1,"","","","","","","","","","","","","","","","","","","","","","","","","","","","","",""
"61328002","LE PIN-AU-HARAS -INRAE",48.735833,0.128167,176,2002123023,0.,1,"","","","","","","","","","","","","","","","","","","","","","","","","","","","","","","","","","",9.8,1,"","","","","","","","","","","","","","","","","","","","","","","","","","","","",90,1,"","","","","","","","","","","","","","","","","","","","","","","","","","","","","","","","","","","","","","","","","","","","","","","","","","","","","","","","","","","","","","","","","","","","","","","","","","","","","","","","","","","","","","","","","","","","","","","","","","",0,1,"","","","","","","","","","","","","","","","","","","","","","","","","","","","","",""
"61328002","LE PIN-AU-HARAS -INRAE",48.735833,0.128167,176,2002123100,0.,1,"","","","","","","","","","","","","","","","","","","","","","","","","","","","","","","","","","",9.5,1,"","","","","","","","","","","","","","","","","","","","","","","","","","","","",91,1,"","","","","","","","","","","","","","","","","","","","","","","","","","","","","","","","","","","","","","","","","","","","","","","","","","","","","","","","","","","","","","","","","","","","","","","","","","","","","","","","","","","","","","","","","","","","","","","","","","",0,1,"","","","","","","","","","","","","","","","","","","","","","","","","","","","","",""
"61328002","LE PIN-AU-HARAS -INRAE",48.735833,0.128167,176,2002123101,0.,1,"","","","","","","","","","","","","","","","","","","","","","","","","","","","","","","","","","",9.4,1,"","","","","","","","","","","","","","","","","","","","","","","","","","","","",87,1,"","","","","","","","","","","","","","","","","","","","","","","","","","","","","","","","","","","","","","","","","","","","","","","","","","","","","","","","","","","","","","","","","","","","","","","","","","","","","","","","","","","","","","","","","","","","","","","","","","",0,1,"","","","","","","","","","","","","","","","","","","","","","","","","","","","","",""
"61328002","LE PIN-AU-HARAS -INRAE",48.735833,0.128167,176,2002123102,1.5,1,"","","","","","","","","","","","","","","","","","","","","","","","","","","","","","","","","","",8.9,1,"","","","","","","","","","","","","","","","","","","","","","","","","","","","",93,1,"","","","","","","","","","","","","","","","","","","","","","","","","","","","","","","","","","","","","","","","","","","","","","","","","","","","","","","","","","","","","","","","","","","","","","","","","","","","","","","","","","","","","","","","","","","","","","","","","","",0,1,"","","","","","","","","","","","","","","","","","","","","","","","","","","","","",""
"61328002","LE PIN-AU-HARAS -INRAE",48.735833,0.128167,176,2002123103,2.,1,"","","","","","","","","","","","","","","","","","","","","","","","","","","","","","","","","","",8.2,1,"","","","","","","","","","","","","","","","","","","","","","","","","","","","",94,1,"","","","","","","","","","","","","","","","","","","","","","","","","","","","","","","","","","","","","","","","","","","","","","","","","","","","","","","","","","","","","","","","","","","","","","","","","","","","","","","","","","","","","","","","","","","","","","","","","","",0,1,"","","","","","","","","","","","","","","","","","","","","","","","","","","","","",""
"61328002","LE PIN-AU-HARAS -INRAE",48.735833,0.128167,176,2002123104,0.5,1,"","","","","","","","","","","","","","","","","","","","","","","","","","","","","","","","","","",8.6,1,"","","","","","","","","","","","","","","","","","","","","","","","","","","","",97,1,"","","","","","","","","","","","","","","","","","","","","","","","","","","","","","","","","","","","","","","","","","","","","","","","","","","","","","","","","","","","","","","","","","","","","","","","","","","","","","","","","","","","","","","","","","","","","","","","","","",0,1,"","","","","","","","","","","","","","","","","","","","","","","","","","","","","",""
"61328002","LE PIN-AU-HARAS -INRAE",48.735833,0.128167,176,2002123105,0.5,1,"","","","","","","","","","","","","","","","","","","","","","","","","","","","","","","","","","",8.5,1,"","","","","","","","","","","","","","","","","","","","","","","","","","","","",98,1,"","","","","","","","","","","","","","","","","","","","","","","","","","","","","","","","","","","","","","","","","","","","","","","","","","","","","","","","","","","","","","","","","","","","","","","","","","","","","","","","","","","","","","","","","","","","","","","","","","",0,1,"","","","","","","","","","","","","","","","","","","","","","","","","","","","","",""
"61328002","LE PIN-AU-HARAS -INRAE",48.735833,0.128167,176,2002123106,0.,1,"","","","","","","","","","","","","","","","","","","","","","","","","","","","","","","","","","",8.6,1,"","","","","","","","","","","","","","","","","","","","","","","","","","","","",98,1,"","","","","","","","","","","","","","","","","","","","","","","","","","","","","","","","","","","","","","","","","","","","","","","","","","","","","","","","","","","","","","","","","","","","","","","","","","","","","","","","","","","","","","","","","","","","","","","","","","",0,1,"","","","","","","","","","","","","","","","","","","","","","","","","","","","","",""
"61328002","LE PIN-AU-HARAS -INRAE",48.735833,0.128167,176,2002123107,0.,1,"","","","","","","","","","","","","","","","","","","","","","","","","","","","","","","","","","",9.,1,"","","","","","","","","","","","","","","","","","","","","","","","","","","","",99,1,"","","","","","","","","","","","","","","","","","","","","","","","","","","","","","","","","","","","","","","","","","","","","","","","","","","","","","","","","","","","","","","","","","","","","","","","","","","","","","","","","","","","","","","","","","","","","","","","","","",0,1,"","","","","","","","","","","","","","","","","","","","","","","","","","","","","",""
"61328002","LE PIN-AU-HARAS -INRAE",48.735833,0.128167,176,2002123108,0.,1,"","","","","","","","","","","","","","","","","","","","","","","","","","","","","","","","","","",9.1,1,"","","","","","","","","","","","","","","","","","","","","","","","","","","","",99,1,"","","","","","","","","","","","","","","","","","","","","","","","","","","","","","","","","","","","","","","","","","","","","","","","","","","","","","","","","","","","","","","","","","","","","","","","","","","","","","","","","","","","","","","","","","","","","","","","","","",0,1,"","","","","","","","","","","","","","","","","","","","","","","","","","","","","",""
"61328002","LE PIN-AU-HARAS -INRAE",48.735833,0.128167,176,2002123109,0.,1,"","","","","","","","","","","","","","","","","","","","","","","","","","","","","","","","","","",8.4,1,"","","","","","","","","","","","","","","","","","","","","","","","","","","","",99,1,"","","","","","","","","","","","","","","","","","","","","","","","","","","","","","","","","","","","","","","","","","","","","","","","","","","","","","","","","","","","","","","","","","","","","","","","","","","","","","","","","","","","","","","","","","","","","","","","","","",2,1,"","","","","","","","","","","","","","","","","","","","","","","","","","","","","",""
"61328002","LE PIN-AU-HARAS -INRAE",48.735833,0.128167,176,2002123110,0.,1,"","","","","","","","","","","","","","","","","","","","","","","","","","","","","","","","","","",7.5,1,"","","","","","","","","","","","","","","","","","","","","","","","","","","","",99,1,"","","","","","","","","","","","","","","","","","","","","","","","","","","","","","","","","","","","","","","","","","","","","","","","","","","","","","","","","","","","","","","","","","","","","","","","","","","","","","","","","","","","","","","","","","","","","","","","","","",14,1,"","","","","","","","","","","","","","","","","","","","","","","","","","","","","",""
"61328002","LE PIN-AU-HARAS -INRAE",48.735833,0.128167,176,2002123111,0.,1,"","","","","","","","","","","","","","","","","","","","","","","","","","","","","","","","","","",8.1,1,"","","","","","","","","","","","","","","","","","","","","","","","","","","","",97,1,"","","","","","","","","","","","","","","","","","","","","","","","","","","","","","","","","","","","","","","","","","","","","","","","","","","","","","","","","","","","","","","","","","","","","","","","","","","","","","","","","","","","","","","","","","","","","","","","","","",46,1,"","","","","","","","","","","","","","","","","","","","","","","","","","","","","",""
"61328002","LE PIN-AU-HARAS -INRAE",48.735833,0.128167,176,2002123112,0.,1,"","","","","","","","","","","","","","","","","","","","","","","","","","","","","","","","","","",7.3,1,"","","","","","","","","","","","","","","","","","","","","","","","","","","","",95,1,"","","","","","","","","","","","","","","","","","","","","","","","","","","","","","","","","","","","","","","","","","","","","","","","","","","","","","","","","","","","","","","","","","","","","","","","","","","","","","","","","","","","","","","","","","","","","","","","","","",16,1,"","","","","","","","","","","","","","","","","","","","","","","","","","","","","",""
"61328002","LE PIN-AU-HARAS -INRAE",48.735833,0.128167,176,2002123113,0.,1,"","","","","","","","","","","","","","","","","","","","","","","","","","","","","","","","","","",6.7,1,"","","","","","","","","","","","","","","","","","","","","","","","","","","","",97,1,"","","","","","","","","","","","","","","","","","","","","","","","","","","","","","","","","","","","","","","","","","","","","","","","","","","","","","","","","","","","","","","","","","","","","","","","","","","","","","","","","","","","","","","","","","","","","","","","","","",10,1,"","","","","","","","","","","","","","","","","","","","","","","","","","","","","",""
"61328002","LE PIN-AU-HARAS -INRAE",48.735833,0.128167,176,2002123114,0.,1,"","","","","","","","","","","","","","","","","","","","","","","","","","","","","","","","","","",6.7,1,"","","","","","","","","","","","","","","","","","","","","","","","","","","","",97,1,"","","","","","","","","","","","","","","","","","","","","","","","","","","","","","","","","","","","","","","","","","","","","","","","","","","","","","","","","","","","","","","","","","","","","","","","","","","","","","","","","","","","","","","","","","","","","","","","","","",18,1,"","","","","","","","","","","","","","","","","","","","","","","","","","","","","",""
"61328002","LE PIN-AU-HARAS -INRAE",48.735833,0.128167,176,2002123115,0.,1,"","","","","","","","","","","","","","","","","","","","","","","","","","","","","","","","","","",6.7,1,"","","","","","","","","","","","","","","","","","","","","","","","","","","","",97,1,"","","","","","","","","","","","","","","","","","","","","","","","","","","","","","","","","","","","","","","","","","","","","","","","","","","","","","","","","","","","","","","","","","","","","","","","","","","","","","","","","","","","","","","","","","","","","","","","","","",20,1,"","","","","","","","","","","","","","","","","","","","","","","","","","","","","",""
"61328002","LE PIN-AU-HARAS -INRAE",48.735833,0.128167,176,2002123116,0.,1,"","","","","","","","","","","","","","","","","","","","","","","","","","","","","","","","","","",6.5,1,"","","","","","","","","","","","","","","","","","","","","","","","","","","","",96,1,"","","","","","","","","","","","","","","","","","","","","","","","","","","","","","","","","","","","","","","","","","","","","","","","","","","","","","","","","","","","","","","","","","","","","","","","","","","","","","","","","","","","","","","","","","","","","","","","","","",4,1,"","","","","","","","","","","","","","","","","","","","","","","","","","","","","",""
"61328002","LE PIN-AU-HARAS -INRAE",48.735833,0.128167,176,2002123117,0.,1,"","","","","","","","","","","","","","","","","","","","","","","","","","","","","","","","","","",6.4,1,"","","","","","","","","","","","","","","","","","","","","","","","","","","","",96,1,"","","","","","","","","","","","","","","","","","","","","","","","","","","","","","","","","","","","","","","","","","","","","","","","","","","","","","","","","","","","","","","","","","","","","","","","","","","","","","","","","","","","","","","","","","","","","","","","","","",0,1,"","","","","","","","","","","","","","","","","","","","","","","","","","","","","",""
"61328002","LE PIN-AU-HARAS -INRAE",48.735833,0.128167,176,2002123118,0.,1,"","","","","","","","","","","","","","","","","","","","","","","","","","","","","","","","","","",6.3,1,"","","","","","","","","","","","","","","","","","","","","","","","","","","","",97,1,"","","","","","","","","","","","","","","","","","","","","","","","","","","","","","","","","","","","","","","","","","","","","","","","","","","","","","","","","","","","","","","","","","","","","","","","","","","","","","","","","","","","","","","","","","","","","","","","","","",0,1,"","","","","","","","","","","","","","","","","","","","","","","","","","","","","",""
"61328002","LE PIN-AU-HARAS -INRAE",48.735833,0.128167,176,2002123119,0.,1,"","","","","","","","","","","","","","","","","","","","","","","","","","","","","","","","","","",6.3,1,"","","","","","","","","","","","","","","","","","","","","","","","","","","","",97,1,"","","","","","","","","","","","","","","","","","","","","","","","","","","","","","","","","","","","","","","","","","","","","","","","","","","","","","","","","","","","","","","","","","","","","","","","","","","","","","","","","","","","","","","","","","","","","","","","","","",0,1,"","","","","","","","","","","","","","","","","","","","","","","","","","","","","",""
"61328002","LE PIN-AU-HARAS -INRAE",48.735833,0.128167,176,2002123120,0.,1,"","","","","","","","","","","","","","","","","","","","","","","","","","","","","","","","","","",5.7,1,"","","","","","","","","","","","","","","","","","","","","","","","","","","","",97,1,"","","","","","","","","","","","","","","","","","","","","","","","","","","","","","","","","","","","","","","","","","","","","","","","","","","","","","","","","","","","","","","","","","","","","","","","","","","","","","","","","","","","","","","","","","","","","","","","","","",0,1,"","","","","","","","","","","","","","","","","","","","","","","","","","","","","",""
"61328002","LE PIN-AU-HARAS -INRAE",48.735833,0.128167,176,2002123121,0.,1,"","","","","","","","","","","","","","","","","","","","","","","","","","","","","","","","","","",6.4,1,"","","","","","","","","","","","","","","","","","","","","","","","","","","","",98,1,"","","","","","","","","","","","","","","","","","","","","","","","","","","","","","","","","","","","","","","","","","","","","","","","","","","","","","","","","","","","","","","","","","","","","","","","","","","","","","","","","","","","","","","","","","","","","","","","","","",0,1,"","","","","","","","","","","","","","","","","","","","","","","","","","","","","",""
"61328002","LE PIN-AU-HARAS -INRAE",48.735833,0.128167,176,2002123122,0.,1,"","","","","","","","","","","","","","","","","","","","","","","","","","","","","","","","","","",6.7,1,"","","","","","","","","","","","","","","","","","","","","","","","","","","","",98,1,"","","","","","","","","","","","","","","","","","","","","","","","","","","","","","","","","","","","","","","","","","","","","","","","","","","","","","","","","","","","","","","","","","","","","","","","","","","","","","","","","","","","","","","","","","","","","","","","","","",0,1,"","","","","","","","","","","","","","","","","","","","","","","","","","","","","",""
"61328002","LE PIN-AU-HARAS -INRAE",48.735833,0.128167,176,2002123123,0.,1,"","","","","","","","","","","","","","","","","","","","","","","","","","","","","","","","","","",6.8,1,"","","","","","","","","","","","","","","","","","","","","","","","","","","","",98,1,"","","","","","","","","","","","","","","","","","","","","","","","","","","","","","","","","","","","","","","","","","","","","","","","","","","","","","","","","","","","","","","","","","","","","","","","","","","","","","","","","","","","","","","","","","","","","","","","","","",0,1,"","","","","","","","","","","","","","","","","","","","","","","","","","","","","",""
